Covariants	Count	Max_count	Freq	Coverage_start	Coverage_end
C21618T(S:T19I) (21632,9)(S:DEL25/27)	85137	132228	0.6438651420274072	21616	21652
A23403G(S:D614G)	84066	90811	0.9257248571208334	23401	23403
T21810C(S:V83A)	67559	132440	0.5101102385986107	21809	21810
C23854A(S:N764K)	27769	40504	0.685586608730002	23830	23854
C21618T(S:T19I) (21632,9)(S:DEL25/27) T21810C(S:V83A)	17497	32742	0.5343900800195468	21616	21810
C21618T(S:T19I)	14492	147776	0.09806734517106973	21552	21618
C21618T(S:T19I) (21632,9)(S:DEL25/27) G21718T(S:Q52H)	13367	68073	0.19636272824761652	21616	21720
G21718T(S:Q52H)	12740	137958	0.09234694617202337	21717	21722
G21718T(S:Q52H) T21810C(S:V83A)	12613	82446	0.15298498411081193	21717	21810
T23599G(S:N679K) C23604A(S:P681H)	10935	24997	0.43745249429931593	23598	23605
G21987A(S:G142D) (21990,3)(S:DEL144) C22000A(S:H146Q)	9476	24193	0.39168354482701606	21986	22000
G22317T(S:G252V)	8608	25514	0.33738339735047423	22316	22317
T23599G(S:N679K) C23604A(S:P681H) C23664T(S:A701V)	6775	24695	0.27434703381251263	23598	23673
G22813T(S:K417N) T22882G(S:N440K)	6192	70865	0.08737740774712481	22812	22882
C23664T(S:A701V)	6132	53356	0.114926156383537	23663	23687
C25000T(S:D1146D)	5861	7349	0.7975234725813036	24997	25000
T22882G(S:N440K) G22895C(S:V445P) T22896C(S:V445P) G22898A(S:G446S) T22930A(S:F456L) T22942G(S:N460K)	5851	92105	0.0635253243580696	22881	22942
A22786C(S:R408S) G22813T(S:K417N) T22882G(S:N440K) G22895C(S:V445P) T22896C(S:V445P) G22898A(S:G446S)	5634	37979	0.14834513810263567	22785	22905
A22786C(S:R408S) G22813T(S:K417N)	5430	47376	0.11461499493414387	22785	22835
T22200A(S:V213E)	5020	20510	0.24475865431496832	22199	22200
C23123T(S:P521S)	4972	43386	0.1145991794588116	23122	23193
T22942G(S:N460K) G22992A(S:S477N) C22995A(S:T478K) A23013C(S:E484A) T23018C(S:F486P) T23019C(S:F486P) T23031C(S:F490S)	4688	67539	0.06941174728675284	22941	23031
C23664T(S:A701V) C23854A(S:N764K)	4144	18411	0.22508283091630005	23663	23854
C22109G(S:Q183E) T22200A(S:V213E)	4018	10870	0.36964121435142594	22108	22200
G21987A(S:G142D) (21990,3)(S:DEL144) C22000A(S:H146Q) C22109G(S:Q183E)	3979	12926	0.30782918149466193	21980	22109
T22882G(S:N440K) G22895C(S:V445P) T22896C(S:V445P) G22898A(S:G446S)	3603	109699	0.032844419730353056	22881	22898
G22813T(S:K417N) T22882G(S:N440K) G22895C(S:V445P) T22896C(S:V445P) G22898A(S:G446S)	3582	59252	0.06045365557280767	22812	22899
C22109G(S:Q183E)	3576	24261	0.14739705700506986	22108	22109
T23031C(S:F490S) A23055G(S:Q498R) A23063T(S:N501Y) T23075C(S:Y505H)	3556	29699	0.11973467120105054	23030	23104
A22786C(S:R408S) G22813T(S:K417N) T22882G(S:N440K) G22895C(S:V445P) T22896C(S:V445P) G22898A(S:G446S) T22930A(S:F456L) T22942G(S:N460K)	3537	30001	0.11789607013099564	22785	22942
T22882G(S:N440K) G22895C(S:V445P) T22896C(S:V445P) G22898A(S:G446S) T22942G(S:N460K)	3515	92105	0.03816296617990337	22881	22942
C21618T(S:T19I) (21632,9)(S:DEL25/27) T21644C(S:Y28H)	3482	132228	0.026333303082554375	21614	21658
T22882G(S:N440K) G22895C(S:V445P) T22896C(S:V445P) G22898A(S:G446S) T22930A(S:F456L) T22942G(S:N460K) G22992A(S:S477N) C22995A(S:T478K) A23013C(S:E484A) T23018C(S:F486P) T23019C(S:F486P) T23031C(S:F490S)	3452	38954	0.08861734353339837	22881	23031
T23599G(S:N679K) C23604A(S:P681H) C23854A(S:N764K)	3345	5943	0.5628470469459869	23598	23854
A22320G(S:D253G)	3187	25612	0.1244338591285335	22319	22320
T22882G(S:N440K) G22895C(S:V445P) T22896C(S:V445P) G22898A(S:G446S) T22928C(S:F456L) T22942G(S:N460K)	3135	92105	0.0340372401064003	22881	22942
T22930A(S:F456L) T22942G(S:N460K) G22992A(S:S477N) C22995A(S:T478K)	2903	104276	0.027839579577275692	22929	22995
T22930A(S:F456L) T22942G(S:N460K) G22992A(S:S477N) C22995A(S:T478K) A23013C(S:E484A)	2836	80504	0.03522806320182848	22927	23013
T22942G(S:N460K) G22992A(S:S477N) C22995G(S:T478R) A23013C(S:E484A) T23018C(S:F486P) T23019C(S:F486P) T23031C(S:F490S)	2780	67539	0.04116140304120582	22941	23031
C23123A(S:P521T)	2759	43386	0.06359194210113861	23122	23193
G22895C(S:V445P) T22896C(S:V445P) G22898A(S:G446S) T22930A(S:F456L) T22942G(S:N460K)	2523	102097	0.02471179368639627	22894	22942
A23055G(S:Q498R) A23063T(S:N501Y) T23075C(S:Y505H)	2441	30264	0.08065688606925721	23050	23110
T22882G(S:N440K) G22895C(S:V445P) T22896C(S:V445P) G22898A(S:G446S) T22930A(S:F456L) T22942G(S:N460K) G22992A(S:S477N) C22995A(S:T478K) A23013C(S:E484A) T23018C(S:F486P) T23019C(S:F486P) T23031C(S:F490S) A23055G(S:Q498R) A23063T(S:N501Y)	2397	19659	0.1219288875324279	22881	23063
G21987A(S:G142D) (21990,3)(S:DEL144) C22000A(S:H146Q) T22200A(S:V213E)	2358	4384	0.5378649635036497	21980	22200
C21618T(S:T19I) (21632,9)(S:DEL25/27) G21718T(S:Q52H) T21810C(S:V83A)	2356	32742	0.07195650846008185	21616	21810
A22786C(S:R408S) G22813T(S:K417N) T22882G(S:N440K)	2276	41192	0.055253447271314815	22785	22882
(21632,9)(S:DEL25/27)	2223	133455	0.016657300213555132	21621	21652
T22930A(S:F456L) T22942G(S:N460K) G22992A(S:S477N)	2168	109381	0.019820626982748377	22925	22992
T22930A(S:F456L) T22942G(S:N460K) G22992A(S:S477N) C22995A(S:T478K) A23013C(S:E484A) T23018C(S:F486P) T23019C(S:F486P) T23031C(S:F490S)	2050	56431	0.03632755045985363	22929	23031
G22992A(S:S477N) C22995A(S:T478K) A23013C(S:E484A) T23018C(S:F486P) T23019C(S:F486P) T23031C(S:F490S)	2010	74768	0.026883158570511448	22965	23031
T22930A(S:F456L) T22942G(S:N460K) G22992A(S:S477N) C22995A(S:T478K) A23013C(S:E484A) T23018C(S:F486P) T23019C(S:F486P)	1976	67684	0.029194492051297205	22929	23019
T23599G(S:N679K) C23604A(S:P681H) C23664T(S:A701V) C23854A(S:N764K)	1955	5943	0.3289584384990745	23598	23854
T22882G(S:N440K) G22895C(S:V445P) T22896C(S:V445P) G22898A(S:G446S) T22930A(S:F456L) T22942G(S:N460K) G22992A(S:S477N) C22995A(S:T478K)	1935	64801	0.029860650298606503	22881	22997
A22786C(S:R408S) G22813T(S:K417N) T22882G(S:N440K) G22895C(S:V445P) T22896C(S:V445P) G22898A(S:G446S) T22928C(S:F456L) T22942G(S:N460K)	1873	30001	0.06243125229159028	22784	22942
G22813T(S:K417N) T22882G(S:N440K) G22895C(S:V445P) T22896C(S:V445P) G22898A(S:G446S) T22930A(S:F456L) T22942G(S:N460K)	1791	46574	0.03845493193627346	22812	22942
T22200A(S:V213E) G22317T(S:G252V)	1752	7345	0.23852961198093942	22199	22317
A22786C(S:R408S) G22813T(S:K417N) T22942G(S:N460K) G22992A(S:S477N) C22995A(S:T478K) A23013C(S:E484A) T23018C(S:F486P) T23019C(S:F486P) T23031C(S:F490S)	1703	10664	0.15969617404351089	22784	23031
G22813T(S:K417N) T22882G(S:N440K) G22895C	1677	61730	0.027166693665964685	22811	22895
T22942G(S:N460K) G22992A(S:S477N) C22995A(S:T478K) A23013C(S:E484A) T23018C(S:F486P) T23019C(S:F486P) T23031C(S:F490S) A23055G(S:Q498R) A23063T(S:N501Y) T23075C(S:Y505H)	1635	20028	0.08163571000599161	22941	23103
C21618T(S:T19I) (21632,9)(S:DEL25/27) T21644C(S:Y28H) T21810C(S:V83A)	1552	32742	0.04740089182090282	21614	21810
G21987A(S:G142D) (21990,3)(S:DEL144) C22000A(S:H146Q) C22109G(S:Q183E) (22115,3)(S:DEL186)	1517	11687	0.12980234448532557	21980	22123
C22109G(S:Q183E) (22115,3)(S:DEL186)	1488	22905	0.06496398166339228	22103	22123
G22427A(S:V289I)	1438	23707	0.06065718985953516	22424	22428
T22882G(S:N440K) G22895C(S:V445P) T22896C(S:V445P) G22898A(S:G446S) T22930A(S:F456L) T22942G(S:N460K) G22992A(S:S477N) C22995A(S:T478K) A23013C(S:E484A) T23018C(S:F486P) T23019C(S:F486P)	1434	45529	0.03149640888225087	22881	23023
A22786C(S:R408S) G22813T(S:K417N) G22992A(S:S477N) C22995A(S:T478K) A23013C(S:E484A) T23018C(S:F486P) T23019C(S:F486P) T23031C(S:F490S) A23055G(S:Q498R) A23063T(S:N501Y)	1417	4730	0.2995771670190275	22784	23063
C22109G(S:Q183E) (22115,3)(S:DEL186) T22200A(S:V213E)	1408	10870	0.1295308187672493	22105	22200
T22930A(S:F456L) T22942G(S:N460K) G22992A(S:S477N) C22995A(S:T478K) A23013C(S:E484A) T23018C	1403	70466	0.01991031135583118	22929	23018
G22895C(S:V445P) T22896C(S:V445P) G22898A(S:G446S) T22928C(S:F456L) T22942G(S:N460K)	1373	102097	0.013447995533659168	22888	22943
G22317T(S:G252V) G22427A(S:V289I)	1354	16299	0.08307258113994724	22316	22427
G21987A(S:G142D) C22109G(S:Q183E)	1310	12926	0.10134612409097943	21912	22109
T23019C T23031C(S:F490S) A23055G(S:Q498R) A23063T(S:N501Y) T23075C(S:Y505H)	1285	24788	0.05183959980635792	23018	23113
G22992A(S:S477N) C22995A(S:T478K) A23013C(S:E484A) T23018C(S:F486P) T23019C(S:F486P) T23031C(S:F490S) A23055G(S:Q498R) A23063T(S:N501Y) T23075C(S:Y505H)	1285	22080	0.058197463768115944	22968	23103
A22786C(S:R408S) G22813T(S:K417N) T22930A(S:F456L) T22942G(S:N460K) G22992A(S:S477N) C22995A(S:T478K)	1257	20736	0.060619212962962965	22783	22997
T22882G(S:N440K) G22895C(S:V445P) T22896C(S:V445P) G22898A(S:G446S) T22942G(S:N460K) G22992A(S:S477N) C22995G(S:T478R) A23013C(S:E484A) T23018C(S:F486P) T23019C(S:F486P) T23031C(S:F490S)	1241	38954	0.03185808902808441	22881	23031
A22786C(S:R408S) G22813T(S:K417N) T22882G(S:N440K) G22895C(S:V445P) T22896C(S:V445P) G22898A(S:G446S) T22942G(S:N460K)	1210	30001	0.04033198893370221	22785	22942
T22928C(S:F456L) T22942G(S:N460K) G22992A(S:S477N)	1180	108951	0.010830556855834275	22925	22992
T22882G(S:N440K) G22895C(S:V445P) T22896C(S:V445P) G22898A(S:G446S) T22930A(S:F456L) T22942G(S:N460K) T23031C(S:F490S) A23055G(S:Q498R) A23063T(S:N501Y) T23075C(S:Y505H)	1102	8824	0.12488667271078875	22881	23108
A22786C(S:R408S) G22813T(S:K417N) G22992A(S:S477N) C22995A(S:T478K) A23013C(S:E484A) T23018C(S:F486P) T23019C(S:F486P) T23031C(S:F490S)	1099	10664	0.1030570142535634	22783	23031
T22942G(S:N460K) G22992A(S:S477N) C22995G(S:T478R)	1012	115508	0.008761297918758874	22931	22996
T22882G(S:N440K) G22895C(S:V445P) T22896C(S:V445P) G22898A(S:G446S) T22928C(S:F456L) T22942G(S:N460K) G22992A(S:S477N) C22995G(S:T478R) A23013C(S:E484A) T23018C(S:F486P) T23019C(S:F486P) T23031C(S:F490S)	1003	38954	0.025748318529547672	22881	23031
A22786C(S:R408S) G22813T(S:K417N) G22898A(S:G446S) T22930A(S:F456L) T22942G(S:N460K) G22992A(S:S477N) C22995A(S:T478K)	969	20736	0.04673032407407408	22784	22997
G22992A(S:S477N) C22995G(S:T478R) A23013C(S:E484A) T23018C(S:F486P) T23019C(S:F486P) T23031C(S:F490S)	966	74768	0.012919965760753263	22959	23031
G22813T(S:K417N) T22882G(S:N440K) G22895C(S:V445P) T22896C(S:V445P) G22898A(S:G446S) T22928C(S:F456L) T22942G(S:N460K)	964	46574	0.020698243655258297	22812	22942
T22882G(S:N440K) G22895C(S:V445P) T22896C(S:V445P) G22898A(S:G446S) T22942G(S:N460K) G22992A(S:S477N) C22995G(S:T478R)	962	64801	0.014845449915896359	22881	22997
C23123T(S:P521S) A23403G(S:D614G)	956	7539	0.1268072688685502	23122	23403
T22928C(S:F456L) T22942G(S:N460K) G22992A(S:S477N) C22995G(S:T478R)	934	103846	0.008994087398647998	22927	22996
T22928C(S:F456L) T22942G(S:N460K) G22992A(S:S477N) C22995G(S:T478R) A23013C(S:E484A)	919	80079	0.011476167284806254	22926	23013
G22427A(S:V289I) C22480T(S:F306F)	911	9037	0.10080779019586146	22426	22480
A22786C(S:R408S) G22813T(S:K417N) T22930A(S:F456L) T22942G(S:N460K) G22992A(S:S477N) C22995A(S:T478K) A23013C(S:E484A) T23018C(S:F486P) T23019C(S:F486P)	901	12905	0.06981790003874468	22785	23023
T22942G(S:N460K) G22992A(S:S477N) C22995G(S:T478R) A23013C(S:E484A) T23018C(S:F486P) T23019C(S:F486P) T23031C(S:F490S) A23055G(S:Q498R) A23063T(S:N501Y) T23075C(S:Y505H)	883	20028	0.04408827641302177	22941	23103
A22786C(S:R408S) G22813T(S:K417N) T22942G(S:N460K) G22992A(S:S477N) C22995G(S:T478R) A23013C(S:E484A) T23018C(S:F486P) T23019C(S:F486P) T23031C(S:F490S)	859	10664	0.08055138784696174	22783	23031
G22813T(S:K417N) T22882G(S:N440K) T22942G(S:N460K) G22992A(S:S477N) C22995A(S:T478K) A23013C(S:E484A) T23018C(S:F486P) T23019C(S:F486P) T23031C(S:F490S)	824	17283	0.04767690794422265	22810	23031
T22942G(S:N460K) G22992A(S:S477N) C22995G(S:T478R) A23013C(S:E484A)	823	91731	0.008971885186033075	22935	23013
G22895C(S:V445P) T22896C(S:V445P) G22898A(S:G446S) T22942G(S:N460K)	812	102097	0.00795322095654133	22887	22942
T22882G(S:N440K) G22895C(S:V445P) T22896C(S:V445P) G22898A(S:G446S) T22928C(S:F456L) T22942G(S:N460K) G22992A(S:S477N) C22995A(S:T478K) A23013C(S:E484A) T23018C(S:F486P) T23019C(S:F486P) T23031C(S:F490S)	811	38954	0.02081942804333316	22881	23031
T22200A(S:V213E) G22427A(S:V289I)	810	4076	0.1987242394504416	22199	22428
T22882G(S:N440K) G22895C(S:V445P) T22896C(S:V445P) G22898A(S:G446S) T22928C(S:F456L) T22942G(S:N460K) G22992A(S:S477N) C22995G(S:T478R)	809	64801	0.012484375241122822	22881	22997
T22930A(S:F456L) T22942G(S:N460K) G22992A(S:S477N) C22995A(S:T478K) A23013C(S:E484A) T23018C(S:F486P) T23019C(S:F486P) T23031C(S:F490S) A23055G(S:Q498R) A23063T(S:N501Y)	801	30818	0.025991303783503148	22929	23063
G22898A(S:G446S) T22930A(S:F456L) T22942G(S:N460K) G22992A(S:S477N) C22995A(S:T478K)	781	75784	0.010305605404834793	22897	22997
T22882G(S:N440K) G22895C(S:V445P) T22896C(S:V445P) G22898A(S:G446S) T22942G(S:N460K) G22992A(S:S477N) C22995G(S:T478R) A23013C(S:E484A) T23018C(S:F486P) T23019C(S:F486P) T23031C(S:F490S) A23055G(S:Q498R) A23063T(S:N501Y)	777	19659	0.039523882191362734	22881	23063
A22786C(S:R408S) G22813T(S:K417N) G22992A(S:S477N) C22995G(S:T478R) A23013C(S:E484A) T23018C(S:F486P) T23019C(S:F486P) T23031C(S:F490S) A23055G(S:Q498R) A23063T(S:N501Y)	775	4730	0.1638477801268499	22784	23063
T22882G(S:N440K) G22895C(S:V445P) T22896C(S:V445P) G22898A(S:G446S) T22930A(S:F456L) T22942G(S:N460K) G22992A(S:S477N) C22995A(S:T478K) A23013C(S:E484A)	773	49380	0.015654110976103686	22881	23013
A22786C(S:R408S) G22813T(S:K417N) T22882G(S:N440K) G22895C(S:V445P) T22896C(S:V445P) G22898A(S:G446S) T22930A(S:F456L)	767	31930	0.024021296586282492	22784	22930
C21618T(S:T19I) (21632,9)(S:DEL25/27) T21633C(S:L24S)	764	132228	0.005777898780893608	21537	21652
T22928C(S:F456L) T22942G(S:N460K) G22992A(S:S477N) C22995A(S:T478K)	756	103846	0.007280010785201164	22927	22995
T22200A(S:V213E) A22320G(S:D253G)	746	7289	0.10234600082315819	22199	22320
T22928C(S:F456L) T22942G(S:N460K) G22992A(S:S477N) C22995A(S:T478K) A23013C(S:E484A)	744	80079	0.009290825310006369	22926	23013
(21632,9)(S:DEL25/27) G21718T(S:Q52H)	743	69299	0.010721655435143364	21621	21721
T22882G(S:N440K) G22895C(S:V445P) T22896C(S:V445P) G22898A(S:G446S) T22930A(S:F456L)	734	96157	0.007633349626132263	22881	22930
C22480T(S:F306F)	724	9208	0.078627280625543	22433	22480
A22786C(S:R408S) G22813T(S:K417N) T23031C(S:F490S) A23055G(S:Q498R) A23063T(S:N501Y) T23075C(S:Y505H)	705	1814	0.3886438809261301	22785	23104
T22882G(S:N440K) G22895C(S:V445P) T22896C(S:V445P) G22898A(S:G446S) T22928C(S:F456L) T22942G(S:N460K) G22992A(S:S477N) C22995G(S:T478R) A23013C(S:E484A) T23018C(S:F486P) T23019C(S:F486P) T23031C(S:F490S) A23055G(S:Q498R) A23063T(S:N501Y)	704	19659	0.03581057022229005	22881	23063
G22813T(S:K417N) T22882G(S:N440K) G22895C(S:V445P) T22896C(S:V445P) G22898A(S:G446S) T22942G(S:N460K)	681	46574	0.014621892042770644	22812	22942
A22786C(S:R408S) G22813T(S:K417N) T22882G(S:N440K) G22895C	680	38698	0.017571967543542302	22784	22895
G22895C(S:V445P) T22896C(S:V445P) G22898A(S:G446S) T22930A(S:F456L) T22942G(S:N460K) G22992A(S:S477N) C22995A(S:T478K) A23013C(S:E484A) T23018C(S:F486P) T23019C(S:F486P) T23031C(S:F490S)	678	43100	0.015730858468677493	22887	23031
G22813T(S:K417N) T22882G(S:N440K) G22992A(S:S477N) C22995A(S:T478K) A23013C(S:E484A) T23018C(S:F486P) T23019C(S:F486P) T23031C(S:F490S) A23055G(S:Q498R) A23063T(S:N501Y)	670	7804	0.0858534085084572	22808	23063
G21987A(S:G142D) C22000A(S:H146Q)	668	24193	0.027611292522630514	21906	22075
A22786C(S:R408S) G22813T(S:K417N) T22882G(S:N440K) G22895C(S:V445P) T22896C(S:V445P) G22898A(S:G446S) T22928C(S:F456L)	667	32001	0.020843098653167087	22784	22928
(21632,9)(S:DEL25/27) T21810C(S:V83A)	641	33385	0.019200239628575706	21621	21811
G22992A(S:S477N) C22995A(S:T478K) A23013C(S:E484A) T23018C(S:F486P) T23019C(S:F486P) T23031C(S:F490S) A23055G(S:Q498R)	638	40777	0.015646074993256	22969	23055
T22942G(S:N460K) G22992A(S:S477N)	631	120613	0.005231608533076866	22926	22992
G22895C(S:V445P) T22896C(S:V445P) G22898A(S:G446S) T22930A(S:F456L) T22942G(S:N460K) G22992A(S:S477N) C22995A(S:T478K) A23013C(S:E484A) T23018C(S:F486P) T23019C(S:F486P) T23031C(S:F490S) A23055G(S:Q498R) A23063T(S:N501Y)	629	22325	0.028174692049272115	22887	23063
T22882G(S:N440K) G22895C(S:V445P) T22896C(S:V445P) G22898A(S:G446S) T22928C(S:F456L) T22942G(S:N460K) T23031C(S:F490S) A23055G(S:Q498R) A23063T(S:N501Y) T23075C(S:Y505H)	615	8824	0.06969628286491387	22881	23108
T22882G(S:N440K) G22895C(S:V445P) T22896C(S:V445P) G22898A(S:G446S) T22930A(S:F456L) T22942G(S:N460K) A23055G(S:Q498R) A23063T(S:N501Y) T23075C(S:Y505H)	601	8824	0.06810970081595648	22881	23111
T22928C(S:F456L) T22942G(S:N460K) G22992A(S:S477N) C22995G(S:T478R) A23013C(S:E484A) T23018C(S:F486P) T23019C(S:F486P) T23031C(S:F490S)	599	56137	0.010670324384986728	22927	23031
T22882G(S:N440K) G22895C(S:V445P) T22896C(S:V445P) G22898A(S:G446S) T22930A(S:F456L) T22942G(S:N460K) T23019C T23031C(S:F490S) A23055G(S:Q498R) A23063T(S:N501Y) T23075C(S:Y505H)	594	8824	0.0673164097914778	22881	23115
G22992A(S:S477N) C22995G(S:T478R) A23013C(S:E484A) T23018C(S:F486P) T23019C(S:F486P) T23031C(S:F490S) A23055G(S:Q498R) A23063T(S:N501Y) T23075C(S:Y505H)	593	22080	0.026856884057971014	22967	23103
G22992A(S:S477N) C22995A(S:T478K) A23013C(S:E484A) T23018C(S:F486P) T23019C(S:F486P) T23031C(S:F490S) A23055G(S:Q498R) A23063T(S:N501Y)	591	37193	0.01589008684429866	22987	23063
T22930A(S:F456L) T22942G(S:N460K) G22992A(S:S477N) C22995A(S:T478K) A23013C(S:E484A) T23018C(S:F486P) T23019C(S:F486P) T23031C(S:F490S) A23055G(S:Q498R) A23063T(S:N501Y) T23075C(S:Y505H)	590	17199	0.034304320018605734	22929	23103
G21987A(S:G142D)	584	24565	0.023773661713820476	21909	21987
G21987A(S:G142D) T22200A(S:V213E)	583	4384	0.13298357664233576	21909	22201
A22786C(S:R408S) G22813T(S:K417N) T22930A(S:F456L) T22942G(S:N460K) G22992A(S:S477N) C22995A(S:T478K) A23013C(S:E484A)	567	14249	0.03979226612393852	22784	23013
T22882G(S:N440K) G22895C(S:V445P) T22896C(S:V445P) G22898A(S:G446S) T22928C(S:F456L) T22942G(S:N460K) G22992A(S:S477N) C22995A(S:T478K) A23013C(S:E484A) T23018C(S:F486P) T23019C(S:F486P) T23031C(S:F490S) A23055G(S:Q498R) A23063T(S:N501Y)	552	19659	0.02807874256065924	22881	23064
A22786C(S:R408S) G22813T(S:K417N) G22992A(S:S477N) C22995G(S:T478R) A23013C(S:E484A) T23018C(S:F486P) T23019C(S:F486P) T23031C(S:F490S)	543	10664	0.050918979744936234	22780	23031
T22882G(S:N440K) G22895C(S:V445P) T22896C(S:V445P) G22898A(S:G446S) T22928C(S:F456L) T22942G(S:N460K) G22992A(S:S477N) C22995A(S:T478K)	538	64801	0.008302341013255969	22881	22997
G22317T(S:G252V) G22427A(S:V289I) C22480T(S:F306F)	517	4944	0.10457119741100324	22315	22481
G22317T(S:G252V) C22480T(S:F306F)	512	4944	0.10355987055016182	22315	22480
A22786C(S:R408S) G22813T(S:K417N) T22942G(S:N460K) G22992A(S:S477N) C22995G(S:T478R)	509	20736	0.024546682098765434	22781	22997
T22942G(S:N460K) G22992A(S:S477N) C22995G(S:T478R) A23013C(S:E484A) T23018C(S:F486P) T23019C(S:F486P)	507	78895	0.006426262754293682	22941	23021
A22786C(S:R408S) G22813T(S:K417N) G22898A(S:G446S) T22942G(S:N460K) G22992A(S:S477N) C22995G(S:T478R)	504	20736	0.024305555555555556	22779	22997
G22813T(S:K417N) T22882G(S:N440K) T22930A(S:F456L) T22942G(S:N460K) G22992A(S:S477N) C22995A(S:T478K)	502	33169	0.015134613645271187	22807	22997
G21987A(S:G142D) C22109G(S:Q183E) (22115,3)(S:DEL186)	499	11687	0.04269701377599042	21906	22123
T22928C(S:F456L) T22942G(S:N460K) G22992A(S:S477N) C22995A(S:T478K) A23013C(S:E484A) T23018C(S:F486P) T23019C(S:F486P) T23031C(S:F490S)	498	56137	0.008871154497034042	22927	23031
C23123A(S:P521T) A23403G(S:D614G)	493	7539	0.06539328823451386	23122	23403
A22786C(S:R408S) G22813T(S:K417N) G22898A(S:G446S) T22928C(S:F456L) T22942G(S:N460K) G22992A(S:S477N) C22995G(S:T478R)	492	20736	0.023726851851851853	22782	22997
G22813T(S:K417N) T22882G(S:N440K) G22992A(S:S477N) C22995A(S:T478K) A23013C(S:E484A) T23018C(S:F486P) T23019C(S:F486P) T23031C(S:F490S)	481	17283	0.02783081640918822	22809	23031
A22786C(S:R408S) G22813T(S:K417N) T22928C(S:F456L) T22942G(S:N460K) G22992A(S:S477N) C22995G(S:T478R)	478	20736	0.023051697530864196	22782	22997
T22928C(S:F456L) T22942G(S:N460K) G22992A(S:S477N) C22995G(S:T478R) A23013C(S:E484A) T23018C(S:F486P) T23019C(S:F486P)	476	67261	0.007076909353116962	22927	23023
T22928C(S:F456L) T22942G(S:N460K) G22992A(S:S477N) C22995A(S:T478K) A23013C(S:E484A) T23018C(S:F486P) T23019C(S:F486P)	475	67261	0.007062041896492767	22927	23023
T22930A(S:F456L) T22942G(S:N460K) G22992A(S:S477N) C22995A(S:T478K) A23013C(S:E484A) T23031C(S:F490S) A23055G(S:Q498R) A23063T(S:N501Y) T23075C(S:Y505H)	473	17199	0.02750159893017036	22925	23108
A22786C(S:R408S) G22813T(S:K417N) G22895C(S:V445P) T22896C(S:V445P) G22898A(S:G446S) T22930A(S:F456L) T22942G(S:N460K)	465	30001	0.015499483350554982	22779	22943
(21632,9)(S:DEL25/27) G21718T(S:Q52H) T21810C(S:V83A)	444	33385	0.01329938595177475	21621	21811
T22942G(S:N460K) G22992A(S:S477N) C22995G(S:T478R) A23013C(S:E484A) T23018C	438	81679	0.00536245546590923	22935	23018
G22813T(S:K417N) T22882G(S:N440K) G22898A(S:G446S) T22930A(S:F456L) T22942G(S:N460K) G22992A(S:S477N) C22995A(S:T478K)	436	33169	0.0131448038831439	22806	22997
T22882G(S:N440K) G22895C(S:V445P) T22896C(S:V445P) G22898A(S:G446S) T22942G(S:N460K) G22992A(S:S477N) C22995A(S:T478K) A23013C(S:E484A) T23018C(S:F486P) T23019C(S:F486P) T23031C(S:F490S)	433	38954	0.011115674898598348	22881	23031
T22882G(S:N440K) G22895C(S:V445P) T22896C(S:V445P) G22898A(S:G446S) T22928C(S:F456L)	429	96341	0.0044529328115755495	22881	22928
T22882G(S:N440K) G22895C(S:V445P) T22896C(S:V445P) G22898A(S:G446S) T22942G(S:N460K) G22992A(S:S477N) C22995G(S:T478R) A23013C(S:E484A) T23018C(S:F486P) T23019C(S:F486P)	423	45529	0.009290781699576095	22881	23023
T22882G(S:N440K) G22895C(S:V445P) T22896C(S:V445P) G22898A(S:G446S) T22928C(S:F456L) T22942G(S:N460K) G22992A(S:S477N) C22995G(S:T478R) A23013C(S:E484A) T23018C(S:F486P) T23019C(S:F486P)	404	45529	0.008873465263897736	22881	23023
C22109G(S:Q183E) (22115,3)(S:DEL186) T22118A(S:F186I) T22200A(S:V213E)	403	10870	0.03707451701931923	22103	22214
A23403G(S:D614G) C23525T(S:H655Y)	403	870	0.4632183908045977	23402	23525
T22942G(S:N460K) G22992A(S:S477N) C22995A(S:T478K) A23013C(S:E484A) T23018C(S:F486P) T23019C(S:F486P) T23031C(S:F490S) A23055G(S:Q498R) A23063T(S:N501Y)	393	34166	0.011502663466604227	22941	23063
G22813T(S:K417N) T22882G(S:N440K) G22895C(S:V445P) T22896C(S:V445P) G22898A(S:G446S) T22930A(S:F456L) T22942G(S:N460K) G22992A(S:S477N) C22995A(S:T478K)	392	33169	0.011818264041725708	22812	22997
C23525T(S:H655Y)	391	1347	0.2902746844840386	23507	23525
C22000A(S:H146Q)	389	24628	0.01579503004710086	21998	22082
T22882G(S:N440K) G22895C(S:V445P) T22896C(S:V445P) G22898A(S:G446S) T22942G(S:N460K) T23031C(S:F490S) A23055G(S:Q498R) A23063T(S:N501Y) T23075C(S:Y505H)	380	8824	0.04306436990027199	22881	23108
T22882G(S:N440K) G22895C(S:V445P) T22896C(S:V445P) G22898A(S:G446S) T22930A(S:F456L) T22942G(S:N460K) G22992A(S:S477N) C22995A(S:T478K) A23013C(S:E484A) T23018C(S:F486P) T23019C(S:F486P) T23031C(S:F490S) A23055G(S:Q498R)	377	21484	0.01754794265499907	22881	23055
T22200A(S:V213E) A22253G(S:I231V)	372	8658	0.042966042966042964	22199	22273
A23013C(S:E484A) T23018C(S:F486P) T23019C(S:F486P) T23031C(S:F490S) A23055G(S:Q498R) A23063T(S:N501Y) T23075C(S:Y505H)	371	22469	0.0165116382571543	23008	23096
T22942G(S:N460K) G22992A(S:S477N) C22995G(S:T478R) A23013C(S:E484A) T23018C(S:F486P) T23019C(S:F486P) T23031C(S:F490S) A23055G(S:Q498R) A23063T(S:N501Y)	370	34166	0.010829479599601944	22941	23063
G22813T(S:K417N) T22882G(S:N440K) T23031C(S:F490S) A23055G(S:Q498R) A23063T(S:N501Y) T23075C(S:Y505H)	364	3104	0.1172680412371134	22807	23109
T22930A(S:F456L) T22942G(S:N460K) G22992A(S:S477N) C22995A(S:T478K) T23031C(S:F490S) A23055G(S:Q498R) A23063T(S:N501Y) T23075C(S:Y505H)	363	17199	0.02110587824873539	22924	23109
T22928C(S:F456L) T22942G(S:N460K) G22992A(S:S477N) C22995G(S:T478R) A23013C(S:E484A) T23018C	351	70043	0.005011207401167854	22926	23018
G22813T(S:K417N) T22882G(S:N440K) T22930A(S:F456L) T22942G(S:N460K) G22992A(S:S477N) C22995A(S:T478K) A23013C(S:E484A) T23018C(S:F486P) T23019C(S:F486P)	351	20834	0.0168474608812518	22807	23023
G22813T(S:K417N) T22882G(S:N440K) G22992A(S:S477N) C22995G(S:T478R) A23013C(S:E484A) T23018C(S:F486P) T23019C(S:F486P) T23031C(S:F490S) A23055G(S:Q498R) A23063T(S:N501Y)	349	7804	0.044720656073808304	22806	23064
A22786C(S:R408S) G22813T(S:K417N) T22942G(S:N460K) G22992A(S:S477N) C22995G(S:T478R) A23013C(S:E484A) T23018C(S:F486P) T23019C(S:F486P)	348	12905	0.02696629213483146	22779	23023
G22813T(S:K417N) T22882G(S:N440K) T22942G(S:N460K) G22992A(S:S477N) C22995G(S:T478R) A23013C(S:E484A) T23018C(S:F486P) T23019C(S:F486P) T23031C(S:F490S)	346	17283	0.02001967251055951	22806	23031
G22895C(S:V445P) T22896C(S:V445P) G22898A(S:G446S) T22930A(S:F456L) T22942G(S:N460K) T23031C(S:F490S) A23055G(S:Q498R) A23063T(S:N501Y) T23075C(S:Y505H)	338	10269	0.03291459733177524	22887	23106
A22786C(S:R408S) G22813T(S:K417N) A23055G(S:Q498R) A23063T(S:N501Y) T23075C(S:Y505H)	336	1814	0.185226019845645	22782	23115
G22813T(S:K417N) T22882G(S:N440K) G22895C(S:V445P) T22896C(S:V445P) G22898A(S:G446S) T22930A(S:F456L)	334	49271	0.0067788354204298676	22812	22930
G22813T(S:K417N) T22882G(S:N440K) G22895C(S:V445P) T22896C(S:V445P) G22898A(S:G446S) T22942G(S:N460K) G22992A(S:S477N) C22995A(S:T478K) A23013C(S:E484A) T23018C(S:F486P) T23019C(S:F486P) T23031C(S:F490S)	332	17283	0.019209627958109123	22812	23031
C21618T(S:T19I) T21633C(S:L24S)	327	132592	0.0024662121394955954	21548	21633
T22942G(S:N460K) G22992A(S:S477N) C22995A(S:T478K) A23013C(S:E484A) T23018C(S:F486P) T23019C(S:F486P)	326	78895	0.004132074275936371	22941	23019
A22253G(S:I231V) G22317T(S:G252V)	325	14182	0.022916372867014527	22252	22317
A22786C(S:R408S) G22813T(S:K417N) T23019C T23031C(S:F490S) A23055G(S:Q498R) A23063T(S:N501Y) T23075C(S:Y505H)	319	1814	0.17585446527012127	22783	23115
T22882G(S:N440K) G22895C(S:V445P) T22896C(S:V445P) G22898A(S:G446S) T22928C(S:F456L) T22942G(S:N460K) A23055G(S:Q498R) A23063T(S:N501Y) T23075C(S:Y505H)	317	8824	0.035924750679963736	22881	23111
A22786C(S:R408S) G22813T(S:K417N) T22928C(S:F456L) T22942G(S:N460K) G22992A(S:S477N) C22995A(S:T478K)	316	20736	0.015239197530864198	22782	22997
T22882G(S:N440K) G22895C(S:V445P) T22896C(S:V445P) G22898A(S:G446S) T22928C(S:F456L) T22942G(S:N460K) G22992A(S:S477N) C22995A(S:T478K) A23013C(S:E484A) T23018C(S:F486P) T23019C(S:F486P)	309	45529	0.006786883085505941	22881	23023
G22992A(S:S477N) C22995G(S:T478R) A23013C(S:E484A) T23018C(S:F486P) T23019C(S:F486P) T23031C(S:F490S) A23055G(S:Q498R) A23063T(S:N501Y)	305	37193	0.008200467829968005	22968	23063
T22928C(S:F456L) T22942G(S:N460K) G22992A(S:S477N) C22995A(S:T478K) A23013C(S:E484A) T23018C	301	70043	0.004297360193024285	22927	23018
T22930A(S:F456L) T22942G(S:N460K) G22992A(S:S477N) C22995G(S:T478R) A23013C(S:E484A) T23018C(S:F486P) T23019C(S:F486P)	296	67684	0.004373263991489865	22928	23021
G22898A(S:G446S) T22928C(S:F456L) T22942G(S:N460K) G22992A(S:S477N) C22995G(S:T478R)	296	75784	0.003905837643829832	22897	22997
C21618T(S:T19I) (21632,9)(S:DEL25/27) T21644C(S:Y28H) G21680T(S:D40Y)	296	103051	0.0028723641691977757	21614	21692
T22882G(S:N440K) G22895C(S:V445P) T22896C(S:V445P) G22898A(S:G446S) T22928C(S:F456L) T22942G(S:N460K) T23019C T23031C(S:F490S) A23055G(S:Q498R) A23063T(S:N501Y) T23075C(S:Y505H)	281	8824	0.031844968268359024	22881	23115
G22813T(S:K417N) T22882G(S:N440K) G22895C(S:V445P) T22896C(S:V445P) G22898A(S:G446S) G22992A(S:S477N) C22995A(S:T478K) A23013C(S:E484A) T23018C(S:F486P) T23019C(S:F486P) T23031C(S:F490S) A23055G(S:Q498R) A23063T(S:N501Y)	279	7804	0.03575089697590979	22812	23063
G21987A(S:G142D) (21990,3)(S:DEL144) C22000A(S:H146Q) T22118A(S:F186I) T22200A(S:V213E)	276	4384	0.06295620437956205	21980	22216
T22930A(S:F456L) T22942G(S:N460K)	275	140853	0.0019523900804384712	22915	22980
A22786C(S:R408S) G22813T(S:K417N) G22898A(S:G446S) T22928C(S:F456L) T22942G(S:N460K) G22992A(S:S477N) C22995A(S:T478K)	273	20736	0.013165509259259259	22779	22997
G22813T(S:K417N) T22882G(S:N440K) G22895C(S:V445P) T22896C(S:V445P) G22898A(S:G446S) T22928C(S:F456L)	271	49368	0.00548938583697942	22812	22928
A22786C(S:R408S) G22813T(S:K417N) G22992A(S:S477N) C22995A(S:T478K) A23013C(S:E484A) T23018C(S:F486P) T23019C(S:F486P) T23031C(S:F490S) A23055G(S:Q498R)	271	5270	0.05142314990512334	22780	23055
G21641T(S:A27S)	268	148028	0.001810468289783014	21640	21727
T22930A(S:F456L) T22942G(S:N460K) G22992A(S:S477N) C22995A(S:T478K) A23013C(S:E484A) A23055G(S:Q498R) A23063T(S:N501Y) T23075C(S:Y505H)	267	17199	0.015524158381301239	22925	23111
G22992A(S:S477N) C22995G(S:T478R) A23013C(S:E484A) T23018C(S:F486P) T23019C(S:F486P) T23031C(S:F490S) A23055G(S:Q498R)	266	40777	0.0065232851852760135	22972	23055
C24904T(S:I1114I)	256	7965	0.03214061519146265	24896	24904
A22786C(S:R408S) G22813T(S:K417N) G22895C(S:V445P) T22896C(S:V445P) G22898A(S:G446S) T22928C(S:F456L) T22942G(S:N460K)	255	30001	0.008499716676110797	22783	22943
G21987A(S:G142D) (21990,3)(S:DEL144) C22000A(S:H146Q) C22109G(S:Q183E) T22200A(S:V213E)	253	4384	0.05770985401459854	21980	22200
T22930A(S:F456L) T22942G(S:N460K) G22992A(S:S477N) C22995A(S:T478K) A23013C(S:E484A) T23018C(S:F486P) T23019C(S:F486P) T23031C(S:F490S) A23055G(S:Q498R)	251	33299	0.007537763896813718	22926	23055
G22813T(S:K417N)	242	77073	0.003139880373152725	22810	22858
G22895C(S:V445P) T22896C(S:V445P) G22898A(S:G446S) T22942G(S:N460K) G22992A(S:S477N) C22995G(S:T478R) A23013C(S:E484A) T23018C(S:F486P) T23019C(S:F486P) T23031C(S:F490S)	241	43100	0.005591647331786543	22887	23031
T22882G(S:N440K) G22895C(S:V445P) T22896C(S:V445P) G22898A(S:G446S) T22928C(S:F456L) T22942G(S:N460K) G22992A(S:S477N) C22995G(S:T478R) A23013C(S:E484A)	239	49380	0.004840016200891049	22881	23013
A22786C(S:R408S) G22813T(S:K417N) T22928C(S:F456L) T22942G(S:N460K) G22992A(S:S477N) C22995G(S:T478R) A23013C(S:E484A) T23018C(S:F486P) T23019C(S:F486P)	237	12905	0.018364974815962803	22779	23023
G22813T(S:K417N) T22882G(S:N440K) G22895C(S:V445P) T22896C(S:V445P) G22898A(S:G446S) G22992A(S:S477N) C22995A(S:T478K) A23013C(S:E484A) T23018C(S:F486P) T23019C(S:F486P) T23031C(S:F490S)	235	17283	0.013597176416131458	22812	23031
G22813T(S:K417N) T22882G(S:N440K) T22930A(S:F456L) T22942G(S:N460K) G22992A(S:S477N) C22995A(S:T478K) A23013C(S:E484A)	233	22990	0.010134841235319705	22807	23013
G22813T(S:K417N) T22882G(S:N440K) T22928C(S:F456L) T22942G(S:N460K) G22992A(S:S477N) C22995G(S:T478R)	232	33169	0.0069944828002050105	22807	22997
C23604A(S:P681H)	230	25210	0.009123363744545815	23603	23679
T22882G(S:N440K) G22895C(S:V445P) T22896C(S:V445P) G22898A(S:G446S) T22942G(S:N460K) G22992A(S:S477N) C22995G(S:T478R) A23013C(S:E484A)	229	49380	0.004637505062778453	22881	23013
T22930A(S:F456L) T22942G(S:N460K) G22992A(S:S477N) T23031C(S:F490S) A23055G(S:Q498R) A23063T(S:N501Y) T23075C(S:Y505H)	227	17199	0.013198441769870341	22907	23110
G22577C(S:G339H) G22578A(S:G339H) G22599C(S:R346T) C22664A(S:L368I) C22674T(S:S371F) T22679C(S:S373P) C22686T(S:S375F) A22688G(S:T376A)	221	531	0.416195856873823	22572	22695
G22895C(S:V445P) T22896C(S:V445P) G22898A(S:G446S) T22930A(S:F456L) T22942G(S:N460K) G22992A(S:S477N) C22995A(S:T478K) A23013C(S:E484A) T23018C(S:F486P) T23019C(S:F486P)	220	50088	0.00439226960549433	22887	23023
T22882G(S:N440K) G22895C(S:V445P) T22896C(S:V445P) G22898A(S:G446S) G22992A(S:S477N) C22995A(S:T478K) A23013C(S:E484A) T23018C(S:F486P) T23019C(S:F486P) T23031C(S:F490S) A23055G(S:Q498R) A23063T(S:N501Y)	219	19659	0.011139935907218068	22856	23063
G22895C(S:V445P) T22896C(S:V445P) G22898A(S:G446S) T22930A(S:F456L) T22942G(S:N460K) G22992A(S:S477N) C22995A(S:T478K)	218	70055	0.003111840696595532	22887	22997
G22813T(S:K417N) T22882G(S:N440K) T22942G(S:N460K) G22992A(S:S477N) C22995G(S:T478R)	214	33169	0.006451807410533932	22806	22997
C22664A(S:L368I) C22674T(S:S371F) T22679C(S:S373P) C22686T(S:S375F) A22688G(S:T376A)	212	1195	0.1774058577405858	22660	22699
C25416T(ORF3a:F8F)	212	237	0.8945147679324894	25361	25417
G22813T(S:K417N) T22882G(S:N440K) G22992A(S:S477N) C22995G(S:T478R) A23013C(S:E484A) T23018C(S:F486P) T23019C(S:F486P) T23031C(S:F490S)	207	17283	0.01197708731123069	22804	23039
G22895C(S:V445P) T22896C(S:V445P) G22898A(S:G446S) T22930A(S:F456L) T22942G(S:N460K) A23055G(S:Q498R) A23063T(S:N501Y) T23075C(S:Y505H)	207	10269	0.020157756354075372	22887	23111
G22895C(S:V445P) T22896C(S:V445P) G22898A(S:G446S) T22928C(S:F456L) T22942G(S:N460K) T23031C(S:F490S) A23055G(S:Q498R) A23063T(S:N501Y) T23075C(S:Y505H)	207	10269	0.020157756354075372	22887	23111
T22928C(S:F456L) T22942G(S:N460K) G22992A(S:S477N) C22995G(S:T478R) A23013C(S:E484A) T23018C(S:F486P) T23019C(S:F486P) T23031C(S:F490S) A23055G(S:Q498R) A23063T(S:N501Y)	206	30749	0.006699404858694592	22927	23064
T22930A(S:F456L) T22942G(S:N460K) G22992A(S:S477N) C22995A(S:T478K) A23055G(S:Q498R) A23063T(S:N501Y) T23075C(S:Y505H)	205	17199	0.011919297633583348	22925	23111
T22882G(S:N440K) G22895C(S:V445P) T22896C(S:V445P) G22898A(S:G446S) T22942G(S:N460K) A23055G(S:Q498R) A23063T(S:N501Y) T23075C(S:Y505H)	203	8824	0.023005439709882138	22881	23111
T23032G A23055G(S:Q498R) A23063T(S:N501Y) T23075C(S:Y505H)	203	30130	0.0067374709591769	23031	23115
G22895C(S:V445P) T22896C(S:V445P) G22898A(S:G446S) T22930A(S:F456L) T22942G(S:N460K) T23019C T23031C(S:F490S) A23055G(S:Q498R) A23063T(S:N501Y) T23075C(S:Y505H)	201	10269	0.019573473561203623	22887	23115
T22200A(S:V213E) A22253G(S:I231V) G22317T(S:G252V)	197	7345	0.026820966643975493	22199	22317
G22577C(S:G339H) G22578A(S:G339H) G22599C(S:R346T)	196	858	0.22843822843822845	22563	22599
G22895C(S:V445P) T22896C(S:V445P) G22898A(S:G446S) T22928C(S:F456L) T22942G(S:N460K) G22992A(S:S477N) C22995G(S:T478R) A23013C(S:E484A) T23018C(S:F486P) T23019C(S:F486P) T23031C(S:F490S)	194	43100	0.004501160092807425	22887	23031
G21641T(S:A27S) G21718T(S:Q52H)	191	83872	0.002277279664250286	21640	21727
T22930A(S:F456L) T22942G(S:N460K) G22992A(S:S477N) C22995A(S:T478K) A23013C(S:E484A) T23019C T23031C(S:F490S) A23055G(S:Q498R) A23063T(S:N501Y) T23075C(S:Y505H)	191	17199	0.011105296819582534	22926	23104
A22786C(S:R408S) G22813T(S:K417N) T22930A(S:F456L) T22942G(S:N460K) G22992A(S:S477N)	190	21191	0.00896607050162805	22784	22992
C23525T(S:H655Y) T23599G(S:N679K) C23604A(S:P681H)	190	314	0.6050955414012739	23524	23605
G22895C(S:V445P) T22896C(S:V445P) G22898A(S:G446S) T22942G(S:N460K) G22992A(S:S477N) C22995G(S:T478R) A23013C(S:E484A) T23018C(S:F486P) T23019C(S:F486P) T23031C(S:F490S) A23055G(S:Q498R) A23063T(S:N501Y)	188	22325	0.008421052631578947	22887	23063
G22813T(S:K417N) T22882G(S:N440K) G22898A(S:G446S) T22942G(S:N460K) G22992A(S:S477N) C22995G(S:T478R)	187	33169	0.005637794326027314	22806	22997
G22813T(S:K417N) T22882G(S:N440K) G22895C(S:V445P) T22896C(S:V445P) G22898A(S:G446S) T22930A(S:F456L) T22942G(S:N460K) G22992A(S:S477N) C22995A(S:T478K) A23013C(S:E484A) T23018C(S:F486P) T23019C(S:F486P)	187	20834	0.00897571277719113	22812	23023
A22253G(S:I231V)	185	16024	0.01154518222666001	22251	22289
G22813T(S:K417N) T22882G(S:N440K) G22898A(S:G446S) T22928C(S:F456L) T22942G(S:N460K) G22992A(S:S477N) C22995G(S:T478R)	185	33169	0.005577497060508306	22807	22997
T22930A(S:F456L) T22942G(S:N460K) G22992A(S:S477N) C22995A(S:T478K) A23013C(S:E484A) T23018C T23031C(S:F490S) A23055G(S:Q498R) A23063T(S:N501Y) T23075C(S:Y505H)	181	17199	0.01052386766672481	22926	23103
A22786C(S:R408S) G22813T(S:K417N) T22942G(S:N460K) G22992A(S:S477N) C22995G(S:T478R) A23013C(S:E484A)	179	14249	0.012562285072636676	22783	23013
T22928C(S:F456L) T22942G(S:N460K) G22992A(S:S477N) C22995A(S:T478K) A23013C(S:E484A) T23018C(S:F486P) T23019C(S:F486P) T23031C(S:F490S) A23055G(S:Q498R) A23063T(S:N501Y)	179	30749	0.005821327522846272	22926	23064
T22882G(S:N440K) G22895C(S:V445P) T22896C(S:V445P) G22898A(S:G446S) T22942G(S:N460K) T23019C T23031C(S:F490S) A23055G(S:Q498R) A23063T(S:N501Y) T23075C(S:Y505H)	179	8824	0.02028558476881233	22881	23114
A22786C(S:R408S)	178	47602	0.003739338683248603	22782	22797
T22882G(S:N440K) G22895C(S:V445P) T22896C(S:V445P) G22898A(S:G446S) G22992A(S:S477N) C22995A(S:T478K) A23013C(S:E484A) T23018C(S:F486P) T23019C(S:F486P) T23031C(S:F490S)	177	38954	0.004543820916979001	22844	23031
G22895C(S:V445P) T22896C(S:V445P) G22898A(S:G446S) T22928C(S:F456L) T22942G(S:N460K) G22992A(S:S477N) C22995G(S:T478R) A23013C(S:E484A) T23018C(S:F486P) T23019C(S:F486P) T23031C(S:F490S) A23055G(S:Q498R) A23063T(S:N501Y)	176	22325	0.007883538633818589	22887	23063
T22882G(S:N440K) G22895C(S:V445P) T22896C(S:V445P) G22898A(S:G446S) T22928C(S:F456L) T22942G(S:N460K) G22992A(S:S477N) C22995A(S:T478K) A23013C(S:E484A)	176	49380	0.003564196030781693	22881	23013
G22898A(S:G446S) T22928C(S:F456L) T22942G(S:N460K) G22992A(S:S477N) C22995A(S:T478K)	174	75784	0.0022959991554945634	22897	22997
A22786C(S:R408S) T22882G(S:N440K) G22895C(S:V445P) T22896C(S:V445P) G22898A(S:G446S)	173	37979	0.004555148898075252	22784	22914
G22813T(S:K417N) T22882G(S:N440K) G22895C(S:V445P) T22896C(S:V445P) G22898A(S:G446S) T22928C(S:F456L) T22942G(S:N460K) G22992A(S:S477N) C22995G(S:T478R)	173	33169	0.005215713467394254	22812	22997
G22813T(S:K417N) T22882G(S:N440K) G22895C(S:V445P) T22896C(S:V445P) G22898A(S:G446S) T23031C(S:F490S) A23055G(S:Q498R) A23063T(S:N501Y) T23075C(S:Y505H)	172	3104	0.055412371134020616	22812	23110
G22898A(S:G446S) T22942G(S:N460K) G22992A(S:S477N) C22995G(S:T478R)	170	75784	0.0022432175657130793	22897	22997
G21680T(S:D40Y)	170	150129	0.001132359504159756	21676	21727
G22813T(S:K417N) T22882G(S:N440K) G22895C(S:V445P) T22896C(S:V445P) G22898A(S:G446S) T22942G(S:N460K) G22992A(S:S477N) C22995G(S:T478R)	170	33169	0.005125267569115741	22812	22997
G22813T(S:K417N) T22882G(S:N440K) A23055G(S:Q498R) A23063T(S:N501Y) T23075C(S:Y505H)	169	3104	0.054445876288659795	22806	23111
A22786C(S:R408S) G22813T(S:K417N) T22928C(S:F456L) T22942G(S:N460K) G22992A(S:S477N) C22995A(S:T478K) A23013C(S:E484A) T23018C(S:F486P) T23019C(S:F486P)	169	12905	0.013095699341340566	22780	23023
T22882G(S:N440K) G22895C(S:V445P) T22896C(S:V445P) G22898A(S:G446S) G22992A(S:S477N) C22995G(S:T478R) A23013C(S:E484A) T23018C(S:F486P) T23019C(S:F486P) T23031C(S:F490S) A23055G(S:Q498R) A23063T(S:N501Y)	165	19659	0.00839310239584923	22856	23063
G22813T(S:K417N) T22882G(S:N440K) T22942G(S:N460K) G22992A(S:S477N) C22995G(S:T478R) A23013C(S:E484A) T23018C(S:F486P) T23019C(S:F486P)	165	20834	0.00791974656810982	22806	23023
T22882G(S:N440K) G22895C(S:V445P) T22896C(S:V445P) G22898A(S:G446S) T22930A(S:F456L) T22942G(S:N460K) G22992A(S:S477N)	163	65807	0.0024769401431458658	22881	22992
G22775A(S:D405N) A22786C(S:R408S) G22813T(S:K417N)	159	544	0.2922794117647059	22753	22813
G22895C(S:V445P) T22896C(S:V445P) G22898A(S:G446S) T22928C(S:F456L) T22942G(S:N460K) G22992A(S:S477N) C22995A(S:T478K) A23013C(S:E484A) T23018C(S:F486P) T23019C(S:F486P) T23031C(S:F490S)	159	43100	0.0036890951276102087	22887	23031
A22786C(S:R408S) G22813T(S:K417N) T22882G(S:N440K) G22992A(S:S477N) C22995A(S:T478K) A23013C(S:E484A) T23018C(S:F486P) T23019C(S:F486P) T23031C(S:F490S) A23055G(S:Q498R) A23063T(S:N501Y)	158	4730	0.03340380549682875	22785	23063
A22786C(S:R408S) G22813T(S:K417N) T22882G(S:N440K) T22942G(S:N460K) G22992A(S:S477N) C22995A(S:T478K) A23013C(S:E484A) T23018C(S:F486P) T23019C(S:F486P) T23031C(S:F490S)	158	10664	0.014816204051012753	22785	23031
G22813T(S:K417N) T22882G(S:N440K) G22895C(S:V445P) T22896C(S:V445P) G22898A(S:G446S) T22942G(S:N460K) G22992A(S:S477N) C22995G(S:T478R) A23013C(S:E484A) T23018C(S:F486P) T23019C(S:F486P) T23031C(S:F490S)	157	17283	0.009084071052479315	22812	23031
G22813T(S:K417N) T22882G(S:N440K) T23019C T23031C(S:F490S) A23055G(S:Q498R) A23063T(S:N501Y) T23075C(S:Y505H)	155	3104	0.04993556701030928	22811	23115
G21641T(S:A27S) T21810C(S:V83A)	151	41724	0.0036190202281660435	21640	21811
A22786C(S:R408S) G22813T(S:K417N) T22928C(S:F456L) T22942G(S:N460K) G22992A(S:S477N) C22995G(S:T478R) A23013C(S:E484A)	151	14249	0.01059723489367675	22779	23013
T22882G(S:N440K) G22895C(S:V445P) T22896C(S:V445P) G22898A(S:G446S) T23031C(S:F490S) A23055G(S:Q498R) A23063T(S:N501Y) T23075C(S:Y505H)	150	8824	0.01699909338168631	22856	23106
A22786C(S:R408S) G22813T(S:K417N) G22992A(S:S477N) C22995G(S:T478R) A23013C(S:E484A) T23018C(S:F486P) T23019C(S:F486P) T23031C(S:F490S) A23055G(S:Q498R)	150	5270	0.028462998102466792	22784	23056
T22882G(S:N440K) G22895C(S:V445P) T22896C(S:V445P) G22898A(S:G446S) T22930A(S:F456L) T22942G(S:N460K) G22992A(S:S477N) A23013C(S:E484A) T23018C(S:F486P) T23019C(S:F486P) T23031C(S:F490S)	147	38954	0.003773681778507984	22881	23031
T22882G(S:N440K) G22895C(S:V445P) T22896C(S:V445P) G22898A(S:G446S) T22928C(S:F456L) T22942G(S:N460K) G22992A(S:S477N)	147	65807	0.0022338049143708115	22881	22992
T22882G(S:N440K) G22895C(S:V445P) T22896C(S:V445P) G22898A(S:G446S) T22930A(S:F456L) G22992A(S:S477N) C22995A(S:T478K) A23013C(S:E484A) T23018C(S:F486P) T23019C(S:F486P) T23031C(S:F490S) A23055G(S:Q498R) A23063T(S:N501Y)	144	19659	0.007324889363650237	22881	23063
G21680T(S:D40Y) T21810C(S:V83A)	143	62444	0.002290051886490295	21678	21812
T21810C(S:V83A) A21862C(S:I100I)	143	91932	0.001555497541661228	21792	21862
T22930A(S:F456L) T22942G(S:N460K) G22992A(S:S477N) C22995A(S:T478K) T23019C T23031C(S:F490S) A23055G(S:Q498R) A23063T(S:N501Y) T23075C(S:Y505H)	142	17199	0.008256293970579686	22924	23115
A22786C(S:R408S) G22813T(S:K417N) G22895C(S:V445P) T22896C(S:V445P) G22898A(S:G446S)	140	37979	0.003686247663182285	22778	22907
C23604A(S:P681H) C23664T(S:A701V)	140	24908	0.0056206841175525935	23603	23677
G22895C(S:V445P) T22896C(S:V445P) G22898A(S:G446S) T22928C(S:F456L) T22942G(S:N460K) G22992A(S:S477N) C22995A(S:T478K) A23013C(S:E484A) T23018C(S:F486P) T23019C(S:F486P) T23031C(S:F490S) A23055G(S:Q498R) A23063T(S:N501Y)	140	22325	0.006270996640537514	22887	23063
T22928C(S:F456L) T22942G(S:N460K) G22992A(S:S477N) T23031C(S:F490S) A23055G(S:Q498R) A23063T(S:N501Y) T23075C(S:Y505H)	138	17150	0.0080466472303207	22913	23106
T23599G(S:N679K)	137	25201	0.005436292210626563	23597	23679
T22942G(S:N460K) G22992A(S:S477N) C22995G(S:T478R) A23013C(S:E484A) T23031C(S:F490S) A23055G(S:Q498R) A23063T(S:N501Y) T23075C(S:Y505H)	137	20028	0.006840423407229878	22926	23103
T22942G(S:N460K) G22992A(S:S477N) C22995A(S:T478K) A23013C(S:E484A)	135	91731	0.001471694410831671	22935	23013
C21618T(S:T19I) (21632,9)(S:DEL25/27) T21644C(S:Y28H) G21680T(S:D40Y) T21810C(S:V83A)	134	32742	0.004092602773196506	21613	21812
A22786C(S:R408S) G22813T(S:K417N) G22895C(S:V445P) T22896C(S:V445P) G22898A(S:G446S) T22942G(S:N460K)	132	30001	0.004399853338222059	22779	22943
T22930A(S:F456L) T22942G(S:N460K) G22992A(S:S477N) C22995A(S:T478K) A23013C(S:E484A) T23018C A23055G(S:Q498R) A23063T(S:N501Y) T23075C(S:Y505H)	132	17199	0.0076748648177219604	22929	23111
A22786C(S:R408S) G22813T(S:K417N) T22928C(S:F456L) T22942G(S:N460K) G22992A(S:S477N)	132	21191	0.006229059506394224	22778	22992
T22930A(S:F456L) T22942G(S:N460K) G22992A(S:S477N) A23055G(S:Q498R) A23063T(S:N501Y) T23075C(S:Y505H)	131	17199	0.007616721902436188	22912	23111
G22813T(S:K417N) T22882G(S:N440K) T22928C(S:F456L) T22942G(S:N460K) G22992A(S:S477N) C22995A(S:T478K)	131	33169	0.0039494708914950705	22807	22997
T22882G(S:N440K) G22895C(S:V445P) T22896C(S:V445P) G22898A(S:G446S) T22930A(S:F456L) T22942G(S:N460K) G22992A(S:S477N) C22995G(S:T478R)	130	64801	0.0020061418805265353	22881	22997
T22200A(S:V213E) G22427A(S:V289I) C22480T(S:F306F)	130	802	0.16209476309226933	22199	22482
G22813T(S:K417N) T22882G(S:N440K) G22895C(S:V445P) T22896C(S:V445P) G22898A(S:G446S) G22992A(S:S477N) C22995G(S:T478R) A23013C(S:E484A) T23018C(S:F486P) T23019C(S:F486P) T23031C(S:F490S) A23055G(S:Q498R) A23063T(S:N501Y)	128	7804	0.016401845207585853	22812	23065
T22200A(S:V213E) C22480T(S:F306F)	128	802	0.1596009975062344	22198	22481
T22882G(S:N440K) G22895C(S:V445P) T22896C(S:V445P) G22898A(S:G446S) T22942G(S:N460K) G22992A(S:S477N) C22995G(S:T478R) A23013C(S:E484A) T23018C(S:F486P) T23019C(S:F486P) T23031C(S:F490S) A23055G(S:Q498R)	127	21484	0.005911375907652206	22881	23055
T22930A(S:F456L) T22942G(S:N460K) G22992A(S:S477N) T23019C T23031C(S:F490S) A23055G(S:Q498R) A23063T(S:N501Y) T23075C(S:Y505H)	125	17199	0.007267864410721554	22917	23115
G22895C(S:V445P) T22896C(S:V445P) G22898A(S:G446S) T22942G(S:N460K) T23031C(S:F490S) A23055G(S:Q498R) A23063T(S:N501Y) T23075C(S:Y505H)	124	10269	0.012075177719349498	22887	23108
G22895C(S:V445P) T22896C(S:V445P) G22898A(S:G446S) T22930A(S:F456L) T22942G(S:N460K) G22992A(S:S477N) C22995A(S:T478K) A23013C(S:E484A)	124	54156	0.0022896816603885073	22887	23013
C22664A(S:L368I) C22674T(S:S371F) T22679C(S:S373P) C22686T(S:S375F) A22688G(S:T376A) G22775A(S:D405N) A22786C(S:R408S) G22813T(S:K417N)	123	312	0.3942307692307692	22663	22813
T22928C(S:F456L) T22942G(S:N460K) G22992A(S:S477N) C22995G(S:T478R) A23013C(S:E484A) T23031C(S:F490S) A23055G(S:Q498R) A23063T(S:N501Y) T23075C(S:Y505H)	122	17150	0.007113702623906705	22917	23111
G22813T(S:K417N) T22882G(S:N440K) G22898A(S:G446S) T22928C(S:F456L) T22942G(S:N460K) G22992A(S:S477N) C22995A(S:T478K)	121	33169	0.0036479845639000273	22805	22997
T22930A(S:F456L) T22942G(S:N460K) G22992A(S:S477N) C22995A(S:T478K) A23013C(S:E484A) T23018C(S:F486P) T23019C(S:F486P) A23055G(S:Q498R) A23063T(S:N501Y) T23075C(S:Y505H)	121	17199	0.007035292749578464	22929	23115
G21641T(S:A27S) G21718T(S:Q52H) T21810C(S:V83A)	119	41724	0.0028520755440513855	21640	21811
G22813T(S:K417N) T22882G(S:N440K) G22895C(S:V445P) T22896C(S:V445P) G22898A(S:G446S) G22992A(S:S477N) C22995G(S:T478R) A23013C(S:E484A) T23018C(S:F486P) T23019C(S:F486P) T23031C(S:F490S)	119	17283	0.00688537869582827	22812	23034
A22786C(S:R408S) G22813T(S:K417N) T22882G(S:N440K) G22992A(S:S477N) C22995A(S:T478K) A23013C(S:E484A) T23018C(S:F486P) T23019C(S:F486P) T23031C(S:F490S)	118	10664	0.011065266316579146	22785	23041
A23187G(S:N542S)	117	92864	0.0012599069607167471	23186	23285
T22882G(S:N440K) G22895C(S:V445P) T22896C(S:V445P) G22898A(S:G446S) G22992A(S:S477N) C22995G(S:T478R) A23013C(S:E484A) T23018C(S:F486P) T23019C(S:F486P) T23031C(S:F490S)	117	38954	0.0030035426400369667	22856	23031
T22882G(S:N440K) G22895C(S:V445P) T22896C(S:V445P) G22898A(S:G446S) T22928C(S:F456L) T22942G(S:N460K) G22992A(S:S477N) C22995A(S:T478K) A23013C(S:E484A) T23018C(S:F486P) T23019C(S:F486P) T23031C(S:F490S) A23055G(S:Q498R)	117	21484	0.005445913237758331	22881	23055
T22942G(S:N460K) G22992A(S:S477N) C22995G(S:T478R) T23031C(S:F490S) A23055G(S:Q498R) A23063T(S:N501Y) T23075C(S:Y505H)	116	20028	0.0057918913521070505	22922	23110
T22928C(S:F456L) T22942G(S:N460K)	116	140423	0.0008260755004522051	22909	22978
T22882G(S:N440K) G22895C(S:V445P) T22896C(S:V445P) G22898A(S:G446S) T22930A(S:F456L) T22942G(S:N460K) A23013C(S:E484A) T23018C(S:F486P) T23019C(S:F486P) T23031C(S:F490S) A23055G(S:Q498R) A23063T(S:N501Y) T23075C(S:Y505H)	115	8824	0.013032638259292838	22881	23103
G22813T(S:K417N) T22882G(S:N440K) G22895C(S:V445P) T22896C(S:V445P) G22898A(S:G446S) T22928C(S:F456L) T22942G(S:N460K) G22992A(S:S477N) C22995A(S:T478K)	115	33169	0.003467092767343001	22812	22997
C23525T(S:H655Y) T23599G(S:N679K)	115	518	0.222007722007722	23507	23599
A22786C(S:R408S) G22813T(S:K417N) T22942G(S:N460K) G22992A(S:S477N) C22995A(S:T478K) A23013C(S:E484A) T23018C(S:F486P) T23019C(S:F486P)	114	12905	0.008833785354513754	22782	23023
A22786C(S:R408S) G22813T(S:K417N) T22928C(S:F456L) T22942G(S:N460K) G22992A(S:S477N) C22995A(S:T478K) A23013C(S:E484A)	114	14249	0.008000561442908274	22781	23013
A22786C(S:R408S) T22882G(S:N440K) G22895C(S:V445P) T22896C(S:V445P) G22898A(S:G446S) T22930A(S:F456L) T22942G(S:N460K)	114	30001	0.0037998733375554147	22784	22942
T22928C(S:F456L) T22942G(S:N460K) G22992A(S:S477N) C22995A(S:T478K) A23013C(S:E484A) T23031C(S:F490S) A23055G(S:Q498R) A23063T(S:N501Y) T23075C(S:Y505H)	114	17150	0.006647230320699709	22917	23111
(21632,9)(S:DEL25/27) T21644C(S:Y28H)	114	133455	0.000854220523772058	21619	21692
G22813T(S:K417N) T22882G(S:N440K) G22992A(S:S477N) C22995A(S:T478K) A23013C(S:E484A) T23018C(S:F486P) T23019C(S:F486P) T23031C(S:F490S) A23055G(S:Q498R)	113	8646	0.013069627573444367	22805	23056
A22786C(S:R408S) G22813T(S:K417N) T22882G(S:N440K) T22930A(S:F456L) T22942G(S:N460K) G22992A(S:S477N) C22995A(S:T478K)	111	20736	0.00535300925925926	22785	22997
T22882G(S:N440K) G22895C(S:V445P) T22896C(S:V445P) G22898A(S:G446S) T22930A(S:F456L) T22942G(S:N460K) G22992A(S:S477N) A23013C(S:E484A) T23018C(S:F486P) T23019C(S:F486P) T23031C(S:F490S) A23055G(S:Q498R) A23063T(S:N501Y)	111	19659	0.00564626888448039	22881	23064
T22928C(S:F456L) T22942G(S:N460K) G22992A(S:S477N) C22995G(S:T478R) T23031C(S:F490S) A23055G(S:Q498R) A23063T(S:N501Y) T23075C(S:Y505H)	108	17150	0.006297376093294461	22922	23110
T22930A(S:F456L) T22942G(S:N460K) G22992A(S:S477N) C22995G(S:T478R)	108	104276	0.0010357129157236565	22926	22996
G22895C(S:V445P) T22896C(S:V445P) G22898A(S:G446S) T22942G(S:N460K) G22992A(S:S477N) C22995G(S:T478R)	107	70055	0.0015273713510812932	22887	22997
T22882G(S:N440K)	107	121312	0.0008820232128725929	22811	22888
T22928C(S:F456L) T22942G(S:N460K) G22992A(S:S477N) C22995A(S:T478K) A23013C(S:E484A) T23018C(S:F486P) T23019C(S:F486P) T23031C(S:F490S) A23055G(S:Q498R) A23063T(S:N501Y) T23075C(S:Y505H)	106	17150	0.006180758017492711	22927	23103
T22928C(S:F456L) T22942G(S:N460K) G22992A(S:S477N) C22995G(S:T478R) A23013C(S:E484A) T23018C(S:F486P) T23019C(S:F486P) T23031C(S:F490S) A23055G(S:Q498R) A23063T(S:N501Y) T23075C(S:Y505H)	106	17150	0.006180758017492711	22927	23103
T22942G(S:N460K) G22992A(S:S477N) A23013C(S:E484A) T23018C(S:F486P) T23019C(S:F486P) T23031C(S:F490S)	105	67539	0.001554657309110292	22941	23031
T22942G(S:N460K) G22992A(S:S477N) C22995A(S:T478K)	105	115508	0.0009090279461162863	22935	22997
A22786C(S:R408S) G22813T(S:K417N) T22942G(S:N460K) G22992A(S:S477N)	105	21191	0.0049549336982681325	22782	22992
T22882G(S:N440K) G22895C(S:V445P) T22896C(S:V445P) G22898A(S:G446S) T22942G(S:N460K) G22992A(S:S477N)	104	65807	0.001580378987037853	22881	22992
G22895C(S:V445P) T22896C(S:V445P) G22898A(S:G446S) T22928C(S:F456L) T22942G(S:N460K) G22992A(S:S477N) C22995G(S:T478R)	103	70055	0.0014702733566483478	22887	22997
T22882G(S:N440K) G22895C(S:V445P) T22896C(S:V445P) G22898A(S:G446S) T22928C(S:F456L) T22942G(S:N460K) G22992A(S:S477N) C22995G(S:T478R) A23013C(S:E484A) T23018C(S:F486P) T23019C(S:F486P) T23031C(S:F490S) A23055G(S:Q498R)	103	21484	0.004794265499906907	22881	23056
G22895C(S:V445P) T22896C(S:V445P) G22898A(S:G446S) T22928C(S:F456L) T22942G(S:N460K) A23055G(S:Q498R) A23063T(S:N501Y) T23075C(S:Y505H)	103	10269	0.010030187944298373	22887	23111
G21987A(S:G142D) (21990,3)(S:DEL144) C22000A(S:H146Q) C22109G(S:Q183E) (22115,3)(S:DEL186) T22200A(S:V213E)	103	4384	0.023494525547445255	21979	22200
G22813T(S:K417N) T22882G(S:N440K) T22928C(S:F456L) T22942G(S:N460K) G22992A(S:S477N) C22995G(S:T478R) A23013C(S:E484A) T23018C(S:F486P) T23019C(S:F486P)	102	20834	0.004895843333013344	22805	23023
T22882G(S:N440K) G22895C(S:V445P) T22896C(S:V445P) G22898A(S:G446S) T22930A(S:F456L) T22942G(S:N460K) C22995A(S:T478K) A23013C(S:E484A) T23018C(S:F486P) T23019C(S:F486P) T23031C(S:F490S)	101	38954	0.0025928017661857577	22881	23031
T22942G(S:N460K) G22992A(S:S477N) C22995G(S:T478R) A23013C(S:E484A) T23018C(S:F486P) T23019C(S:F486P) T23031C(S:F490S) A23055G(S:Q498R)	101	36744	0.002748748094927063	22941	23055
A24424T(S:Q954H) T24469A(S:N969K)	100	154	0.6493506493506493	24423	24470
G22813T(S:K417N) T22882G(S:N440K) G22895C(S:V445P) T22896C(S:V445P) G22898A(S:G446S) T22930A(S:F456L) T22942G(S:N460K) G22992A(S:S477N) C22995A(S:T478K) A23013C(S:E484A)	98	22990	0.004262722923010004	22812	23013
A24424T(S:Q954H)	96	252	0.38095238095238093	24375	24426
A22786C(S:R408S) G22813T(S:K417N) T22930A(S:F456L) T22942G(S:N460K) G22992A(S:S477N) C22995G(S:T478R)	96	20736	0.004629629629629629	22783	22997
G21987A(S:G142D) (21990,3)(S:DEL144) C22109G(S:Q183E)	95	12926	0.007349528082933622	21978	22109
T22942G(S:N460K) G22992A(S:S477N) C22995A(S:T478K) A23013C(S:E484A) T23018C(S:F486L) T23031C(S:F490S)	95	67539	0.001406594708242645	22941	23032
A22786C(S:R408S) G22813T(S:K417N) G22898A(S:G446S) T22930A(S:F456L) T22942G(S:N460K) G22992A(S:S477N) C22995G(S:T478R)	94	20736	0.004533179012345679	22779	22997
A22786C(S:R408S) G22813T(S:K417N) T22882G(S:N440K) G22898A(S:G446S) T22930A(S:F456L) T22942G(S:N460K) G22992A(S:S477N) C22995A(S:T478K)	94	20736	0.004533179012345679	22785	22997
C24904T(S:I1114I) C25000T(S:D1146D)	93	3994	0.02328492739108663	24903	25000
T22942G(S:N460K)	92	152085	0.0006049248775355886	22905	22981
T22942G(S:N460K) C22995A(S:T478K) A23013C(S:E484A) T23018C(S:F486P) T23019C(S:F486P) T23031C(S:F490S)	91	67539	0.0013473696678955862	22941	23031
A22786C(S:R408S) G22813T(S:K417N) T22882G(S:N440K) T22942G(S:N460K) G22992A(S:S477N) C22995G(S:T478R) A23013C(S:E484A) T23018C(S:F486P) T23019C(S:F486P) T23031C(S:F490S)	91	10664	0.008533383345836459	22785	23031
G21987A(S:G142D) (21990,3)(S:DEL144)	91	24373	0.003733639683256062	21974	21995
G22577C(S:G339H) G22578A(S:G339H) G22599C(S:R346T) C22664A(S:L368I)	90	650	0.13846153846153847	22576	22664
A23403G(S:D614G) C23525T(S:H655Y) T23599G(S:N679K) C23604A(S:P681H)	90	127	0.7086614173228346	23402	23605
T21810C(S:V83A) T21922C(S:V120V)	89	35918	0.002477866250904839	21808	21922
G22895C(S:V445P) T22896C(S:V445P) G22898A(S:G446S) T22928C(S:F456L) T22942G(S:N460K) T23019C T23031C(S:F490S) A23055G(S:Q498R) A23063T(S:N501Y) T23075C(S:Y505H)	89	10269	0.008666861427597624	22887	23115
A22786C(S:R408S) G22813T(S:K417N) A23013C(S:E484A) T23018C(S:F486P) T23019C(S:F486P) T23031C(S:F490S) A23055G(S:Q498R) A23063T(S:N501Y) T23075C(S:Y505H)	89	1814	0.04906284454244763	22778	23103
T22942G(S:N460K) G22992A(S:S477N) C22995G(S:T478R) A23013C(S:E484A) T23018C T23031C(S:F490S) A23055G(S:Q498R) A23063T(S:N501Y) T23075C(S:Y505H)	89	20028	0.004443778709806271	22941	23111
A22786C(S:R408S) G22813T(S:K417N) G22898A(S:G446S) T22942G(S:N460K) G22992A(S:S477N) C22995A(S:T478K)	89	20736	0.0042920524691358024	22778	22997
T22928C(S:F456L) T22942G(S:N460K) G22992A(S:S477N) C22995G(S:T478R) A23013C(S:E484A) A23055G(S:Q498R) A23063T(S:N501Y) T23075C(S:Y505H)	86	17150	0.005014577259475218	22917	23115
A22320G(S:D253G) C22480T(S:F306F)	85	5002	0.016993202718912435	22315	22481
A22786C(S:R408S) G22813T(S:K417N) T22942G(S:N460K) G22992A(S:S477N) C22995A(S:T478K)	85	20736	0.004099151234567901	22778	22997
G22813T(S:K417N) T22882G(S:N440K) T22928C(S:F456L) T22942G(S:N460K) G22992A(S:S477N) C22995G(S:T478R) A23013C(S:E484A)	85	22990	0.0036972596781209223	22805	23013
G22895C(S:V445P) T22896C(S:V445P) G22898A(S:G446S)	85	119691	0.0007101620004845811	22887	22900
A22786C(S:R408S) G22813T(S:K417N) G22992A(S:S477N) A23013C(S:E484A) T23018C(S:F486P) T23019C(S:F486P) T23031C(S:F490S) A23055G(S:Q498R) A23063T(S:N501Y)	84	4730	0.017758985200845664	22782	23064
C22000A(S:H146Q) C22109G(S:Q183E)	84	13165	0.0063805545005696926	21998	22109
T22942G(S:N460K) G22992A(S:S477N) T23031C(S:F490S) A23055G(S:Q498R) A23063T(S:N501Y) T23075C(S:Y505H)	83	20028	0.004144198122628321	22916	23110
T22882G(S:N440K) G22895C(S:V445P) T22896C(S:V445P) G22898A(S:G446S) A23055G(S:Q498R) A23063T(S:N501Y) T23075C(S:Y505H)	83	8824	0.009406165004533092	22881	23111
(23276,'G')(S:INS573)	82	142386	0.0005758993159439833	23273	23372
C22000A(S:H146Q) T22200A(S:V213E)	82	4500	0.018222222222222223	21998	22210
G22898A(S:G446S) T22930A(S:F456L) T22942G(S:N460K) G22992A(S:S477N) C22995G(S:T478R)	81	75784	0.0010688271930750554	22897	22997
G21987A(S:G142D) C22109G(S:Q183E) T22200A(S:V213E)	81	4384	0.018476277372262775	21906	22200
G22895C(S:V445P) T22896C(S:V445P) G22898A(S:G446S) T22930A(S:F456L) T22942G(S:N460K) G22992A(S:S477N) C22995A(S:T478K) A23013C(S:E484A) T23018C(S:F486P) T23019C(S:F486P) T23031C(S:F490S) A23055G(S:Q498R)	80	24309	0.003290962195071784	22887	23056
T22928C(S:F456L) T22942G(S:N460K) G22992A(S:S477N) A23055G(S:Q498R) A23063T(S:N501Y) T23075C(S:Y505H)	80	17150	0.004664723032069971	22923	23115
T22928C(S:F456L) T22942G(S:N460K) G22992A(S:S477N) C22995G(S:T478R) A23013C(S:E484A) T23018C(S:F486P) T23019C(S:F486P) T23031C(S:F490S) A23055G(S:Q498R)	80	33230	0.0024074631357207344	22927	23055
T22882G(S:N440K) G22895C(S:V445P) T22896C(S:V445P) G22898A(S:G446S) T22930A(S:F456L) G22992A(S:S477N) C22995A(S:T478K) A23013C(S:E484A) T23018C(S:F486P) T23019C(S:F486P) T23031C(S:F490S)	80	38954	0.0020537043692560454	22871	23031
A22786C(S:R408S) G22813T(S:K417N) T22882G(S:N440K) T23031C(S:F490S) A23055G(S:Q498R) A23063T(S:N501Y) T23075C(S:Y505H)	77	1814	0.04244762954796031	22785	23110
G22813T(S:K417N) T22882G(S:N440K) G22895C(S:V445P) T22896C(S:V445P) G22898A(S:G446S) A23055G(S:Q498R) A23063T(S:N501Y) T23075C(S:Y505H)	77	3104	0.024806701030927834	22812	23115
A22786C(S:R408S) G22813T(S:K417N) G22898A(S:G446S) T22930A(S:F456L) T22942G(S:N460K) G22992A(S:S477N)	77	21191	0.003633618045396631	22778	22994
A23403G(S:D614G) G23412A(S:C617Y)	76	72777	0.001044285969468376	23364	23413
T22118A(S:F186I) T22200A(S:V213E)	75	11174	0.006712010023268301	22117	22217
A23403G(S:D614G) C23525T(S:H655Y) T23599G(S:N679K)	75	236	0.3177966101694915	23402	23600
C23260T(S:G566G)	75	127585	0.0005878433985186347	23259	23260
A22786C(S:R408S) G22813T(S:K417N) T22942G(S:N460K) G22992A(S:S477N) A23013C(S:E484A) T23018C(S:F486P) T23019C(S:F486P) T23031C(S:F490S)	74	10664	0.006939234808702175	22778	23031
G22775A(S:D405N) A22786C(S:R408S)	74	770	0.09610389610389611	22730	22786
T22942G(S:N460K) G22992A(S:S477N) C22995G(S:T478R) A23013C(S:E484A) A23055G(S:Q498R) A23063T(S:N501Y) T23075C(S:Y505H)	74	20028	0.003694827241861394	22935	23115
C23243T(S:P561S)	73	125676	0.0005808587160635284	23241	23244
C22664A(S:L368I) C22674T(S:S371F) T22679C(S:S373P) C22686T(S:S375F) A22688G(S:T376A) G22775A(S:D405N) A22786C(S:R408S)	73	452	0.16150442477876106	22663	22786
G22813T(S:K417N) T22882G(S:N440K) T22942G(S:N460K) G22992A(S:S477N) C22995G(S:T478R) A23013C(S:E484A)	73	22990	0.0031752936059156155	22804	23013
T22930A(S:F456L) T22942G(S:N460K) G22992A(S:S477N) C22995G(S:T478R) A23013C(S:E484A) T23018C(S:F486P) T23019C(S:F486P) T23031C(S:F490S) A23055G(S:Q498R) A23063T(S:N501Y) T23075C(S:Y505H)	73	17199	0.004244432815861387	22927	23103
T22930A(S:F456L) T22942G(S:N460K) G22992A(S:S477N) C22995G(S:T478R) A23013C(S:E484A)	72	80504	0.0008943654973665905	22917	23013
T22930A(S:F456L) T22942G(S:N460K) G22992A(S:S477N) C22995G(S:T478R) A23013C(S:E484A) T23018C(S:F486P) T23019C(S:F486P) T23031C(S:F490S)	72	56431	0.001275894455175347	22926	23031
G22895C(S:V445P) T22896C(S:V445P) G22898A(S:G446S) T22942G(S:N460K) G22992A(S:S477N) C22995G(S:T478R) A23013C(S:E484A) T23018C(S:F486P) T23019C(S:F486P)	72	50088	0.0014374700527072352	22887	23023
T22882G(S:N440K) G22895C(S:V445P) T22896C(S:V445P) G22898A(S:G446S) T22942G(S:N460K) G22992A(S:S477N) C22995A(S:T478K)	72	64801	0.0011110939645993117	22881	22997
A22786C(S:R408S) G22813T(S:K417N) T22882G(S:N440K) T22930A(S:F456L) T22942G(S:N460K) G22992A(S:S477N) C22995A(S:T478K) A23013C(S:E484A) T23018C(S:F486P) T23019C(S:F486P)	72	12905	0.0055792328554823715	22785	23023
G22895C(S:V445P) T22896C(S:V445P) G22898A(S:G446S) T22942G(S:N460K) A23055G(S:Q498R) A23063T(S:N501Y) T23075C(S:Y505H)	71	10269	0.006914013048982374	22887	23115
T22942G(S:N460K) G22992A(S:S477N) C22995A(S:T478K) A23013C(S:E484A) T23018C	71	81679	0.000869256479633688	22941	23018
T22882G(S:N440K) G22895C(S:V445P) T22896C(S:V445P)	71	109699	0.00064722559002361	22865	22902
T22942G(S:N460K) G22992A(S:S477N) C22995G(S:T478R) A23013C(S:E484A) T23019C T23031C(S:F490S) A23055G(S:Q498R) A23063T(S:N501Y) T23075C(S:Y505H)	71	20028	0.0035450369482724186	22941	23111
T22930A(S:F456L) T22942G(S:N460K) C22995A(S:T478K) A23013C(S:E484A)	70	80504	0.0008695220113286296	22917	23013
G23205A(S:G548D)	70	109619	0.0006385754294419763	23204	23212
G22813T(S:K417N) T22882G(S:N440K) T22930A(S:F456L) T22942G(S:N460K) G22992A(S:S477N)	69	33890	0.002035998819710829	22807	22992
T22928C(S:F456L) T22942G(S:N460K) G22992A(S:S477N) C22995A(S:T478K) T23031C(S:F490S) A23055G(S:Q498R) A23063T(S:N501Y) T23075C(S:Y505H)	69	17150	0.00402332361516035	22921	23111
T22928C(S:F456L) T22942G(S:N460K) G22992A(S:S477N) T23019C T23031C(S:F490S) A23055G(S:Q498R) A23063T(S:N501Y) T23075C(S:Y505H)	69	17150	0.00402332361516035	22916	23115
A22786C(S:R408S) T22882G(S:N440K) G22895C(S:V445P) T22896C(S:V445P) G22898A(S:G446S) T22928C(S:F456L) T22942G(S:N460K)	69	30001	0.002299923335888804	22784	22942
G22813T(S:K417N) T22882G(S:N440K) T22928C(S:F456L) T22942G(S:N460K) G22992A(S:S477N) C22995A(S:T478K) A23013C(S:E484A) T23018C(S:F486P) T23019C(S:F486P)	68	20834	0.003263895555342229	22805	23023
T22928C(S:F456L) T22942G(S:N460K) G22992A(S:S477N) C22995A(S:T478K) A23013C(S:E484A) A23055G(S:Q498R) A23063T(S:N501Y) T23075C(S:Y505H)	68	17150	0.003965014577259475	22917	23111
C21618T(S:T19I) (21631,9)(S:DEL24/26)	68	132228	0.0005142632422784887	21615	21674
T23599G(S:N679K) C23664T(S:A701V)	67	24695	0.002713099817776878	23598	23677
T22882G(S:N440K) G22895C(S:V445P) T22896C(S:V445P) G22898A(S:G446S) T22942G(S:N460K) G22992A(S:S477N) C22995A(S:T478K) A23013C(S:E484A) T23018C(S:F486P) T23019C(S:F486P) T23031C(S:F490S) A23055G(S:Q498R) A23063T(S:N501Y)	67	19659	0.0034081082455872627	22881	23066
T21810C(S:V83A) G21987A(S:G142D) (21990,3)(S:DEL144) C22000A(S:H146Q)	66	221	0.2986425339366516	21808	22009
T22942G(S:N460K) G22992A(S:S477N) C22995G(S:T478R) A23055G(S:Q498R) A23063T(S:N501Y) T23075C(S:Y505H)	66	20028	0.0032953864589574597	22926	23115
T22942G(S:N460K) G22992A(S:S477N) C22995A(S:T478K) A23013C(S:E484A) T23018C(S:F486P) T23019C(S:F486P) T23031C(S:F490S) A23055G(S:Q498R)	66	36744	0.0017962116263879817	22941	23055
A22786C(S:R408S) G22813T(S:K417N) T22882G(S:N440K) G22992A(S:S477N) C22995G(S:T478R) A23013C(S:E484A) T23018C(S:F486P) T23019C(S:F486P) T23031C(S:F490S) A23055G(S:Q498R) A23063T(S:N501Y)	66	4730	0.013953488372093023	22785	23066
T22882G(S:N440K) G22895C(S:V445P) T22896C(S:V445P) G22898A(S:G446S) T22930A(S:F456L) T22942G(S:N460K) G22992A(S:S477N) A23013C(S:E484A) T23018C(S:F486P) T23019C(S:F486P)	66	45529	0.001449625513409036	22881	23023
T22882G(S:N440K) G22895C(S:V445P) T22896C(S:V445P) G22898A(S:G446S) T23019C T23031C(S:F490S) A23055G(S:Q498R) A23063T(S:N501Y) T23075C(S:Y505H)	65	8824	0.007366273798730735	22845	23115
G22895C(S:V445P) T22896C(S:V445P) G22898A(S:G446S) T22928C(S:F456L) T22942G(S:N460K) G22992A(S:S477N) C22995A(S:T478K)	65	70055	0.000927842409535365	22887	22997
A22786C(S:R408S) G22813T(S:K417N) G22992A(S:S477N) A23013C(S:E484A) T23018C(S:F486P) T23019C(S:F486P) T23031C(S:F490S)	65	10664	0.006095273818454614	22778	23039
T22882G(S:N440K) G22895C(S:V445P) T22896C(S:V445P) T22942G(S:N460K)	65	92105	0.0007057163020465773	22881	22942
G22813T(S:K417N) T22882G(S:N440K) G22895C(S:V445P) T22896C(S:V445P) G22898A(S:G446S) T23019C T23031C(S:F490S) A23055G(S:Q498R) A23063T(S:N501Y) T23075C(S:Y505H)	65	3104	0.020940721649484535	22812	23115
C23604A(S:P681H) C23854A(S:N764K)	63	5997	0.010505252626313157	23602	23854
G22813T(S:K417N) T22882G(S:N440K) G22992A(S:S477N) C22995G(S:T478R) A23013C(S:E484A) T23018C(S:F486P) T23019C(S:F486P) T23031C(S:F490S) A23055G(S:Q498R)	63	8646	0.007286606523247745	22804	23056
T22882G(S:N440K) G22895C(S:V445P) T22896C(S:V445P) T22930A(S:F456L) T22942G(S:N460K)	63	92105	0.000684001954291298	22881	22943
A21768C(S:H69P)	62	152676	0.0004060887107338416	21670	21768
G22898A(S:G446S) T22930A(S:F456L) T22942G(S:N460K) G22992A(S:S477N)	62	80867	0.000766690986434516	22897	22992
G22813T(S:K417N) T22882G(S:N440K) T22928C(S:F456L) T22942G(S:N460K) G22992A(S:S477N)	61	33890	0.0017999409855414576	22807	22992
A22786C(S:R408S) G22813T(S:K417N) T22882G(S:N440K) G22895C G22898A(S:G446S) T22930A(S:F456L) T22942G(S:N460K)	61	30001	0.0020332655578147395	22784	22943
T22930A(S:F456L) T22942G(S:N460K) C22995A(S:T478K)	61	104276	0.0005849859986957689	22926	22997
G22577C(S:G339H) G22578A(S:G339H) C22664A(S:L368I) C22674T(S:S371F) T22679C(S:S373P) C22686T(S:S375F) A22688G(S:T376A)	60	531	0.11299435028248588	22564	22703
T22942G(S:N460K) G22992A(S:S477N) C22995A(S:T478K) T23018C(S:F486P) T23019C(S:F486P) T23031C(S:F490S)	60	67539	0.000888375605205881	22941	23032
G22813T(S:K417N) G22895C(S:V445P) T22896C(S:V445P) G22898A(S:G446S)	60	59252	0.0010126240464456897	22812	22898
G22813T(S:K417N) T22882G(S:N440K) T22928C(S:F456L) T22942G(S:N460K) G22992A(S:S477N) C22995A(S:T478K) A23013C(S:E484A)	60	22990	0.0026098303610265334	22805	23013
T22882G(S:N440K) G22895C(S:V445P) T22896C(S:V445P) G22898A(S:G446S) T22928C(S:F456L) T22942G(S:N460K) A23013C(S:E484A) T23018C(S:F486P) T23019C(S:F486P) T23031C(S:F490S) A23055G(S:Q498R) A23063T(S:N501Y) T23075C(S:Y505H)	58	8824	0.00657298277425204	22881	23103
T22928C(S:F456L) T22942G(S:N460K) G22992A(S:S477N) C22995G(S:T478R) A23013C(S:E484A) T23019C T23031C(S:F490S) A23055G(S:Q498R) A23063T(S:N501Y) T23075C(S:Y505H)	58	17150	0.003381924198250729	22917	23115
G22813T(S:K417N) T22882G(S:N440K) A23013C(S:E484A) T23018C(S:F486P) T23019C(S:F486P) T23031C(S:F490S) A23055G(S:Q498R) A23063T(S:N501Y) T23075C(S:Y505H)	58	3104	0.018685567010309278	22806	23103
A22786C(S:R408S) G22813T(S:K417N) T22930A(S:F456L) T22942G(S:N460K)	58	30001	0.0019332688910369655	22779	22978
G22813T(S:K417N) T22882G(S:N440K) G22895C(S:V445P) T22896C(S:V445P) G22898A(S:G446S) T22942G(S:N460K) G22992A(S:S477N) C22995G(S:T478R) A23013C(S:E484A) T23018C(S:F486P) T23019C(S:F486P)	57	20834	0.0027359124508015745	22812	23023
G22895C(S:V445P) T22896C(S:V445P) G22898A(S:G446S) T22928C(S:F456L) T22942G(S:N460K) G22992A(S:S477N) C22995G(S:T478R) A23013C(S:E484A) T23018C(S:F486P) T23019C(S:F486P)	55	50088	0.0010980674013735825	22887	23023
T22942G(S:N460K) G22992A(S:S477N) C22995G(S:T478R) T23019C T23031C(S:F490S) A23055G(S:Q498R) A23063T(S:N501Y) T23075C(S:Y505H)	55	20028	0.0027461553824645497	22921	23115
A23691G(S:N710S)	55	60347	0.0009113957611811689	23689	23745
T22882G(S:N440K) G22895C G22898A(S:G446S) T22930A(S:F456L) T22942G(S:N460K)	55	92105	0.0005971445632701808	22881	22943
G21987A(S:G142D) T22118A(S:F186I) T22200A(S:V213E)	55	4384	0.012545620437956205	21905	22216
G21987A(S:G142D) (21990,3)(S:DEL144) T22200A(S:V213E)	54	4384	0.012317518248175183	21978	22210
A22786C(S:R408S) G22813T(S:K417N) G22898A(S:G446S) T22930A(S:F456L) T22942G(S:N460K)	54	30001	0.0017999400019999333	22783	22955
T21922C(S:V120V)	54	52561	0.0010273777135138221	21842	21922
T22942G(S:N460K) G22992A(S:S477N) A23055G(S:Q498R) A23063T(S:N501Y) T23075C(S:Y505H)	53	20028	0.002646295186738566	22907	23115
G22895C(S:V445P) T22896C(S:V445P) G22898A(S:G446S) T22942G(S:N460K) T23019C T23031C(S:F490S) A23055G(S:Q498R) A23063T(S:N501Y) T23075C(S:Y505H)	53	10269	0.005161164670367124	22887	23115
T22928C(S:F456L) T22942G(S:N460K) G22992A(S:S477N) C22995G(S:T478R) A23055G(S:Q498R) A23063T(S:N501Y) T23075C(S:Y505H)	53	17150	0.0030903790087463555	22922	23115
T22928C(S:F456L) T22942G(S:N460K) G22992A(S:S477N) C22995A(S:T478K) A23013C(S:E484A) T23018C(S:F486P) T23019C(S:F486P) T23031C(S:F490S) A23055G(S:Q498R)	52	33230	0.0015648510382184773	22926	23057
(22115,3)(S:DEL186) T22200A(S:V213E)	52	10988	0.004732435384055333	22110	22212
A22786C(S:R408S) G22813T(S:K417N) T22882G(S:N440K) T22928C(S:F456L) T22942G(S:N460K) G22992A(S:S477N) C22995G(S:T478R)	52	20736	0.002507716049382716	22784	22998
T24469A(S:N969K)	52	163	0.31901840490797545	24447	24495
G22895C(S:V445P) T22896C(S:V445P) G22898A(S:G446S) T22930A(S:F456L)	52	106149	0.0004898774364336922	22887	22930
T22942G(S:N460K) G22992A(S:S477N) A23013C(S:E484A) T23018C(S:F486P) T23019C(S:F486P) T23031C(S:F490S) A23055G(S:Q498R) A23063T(S:N501Y) T23075C(S:Y505H)	51	20028	0.0025464349910125825	22941	23103
G22813T(S:K417N) T22882G(S:N440K) G22895C(S:V445P) T22896C(S:V445P)	51	59252	0.0008607304394788361	22812	22902
T22882G(S:N440K) T22896C G22898A(S:G446S) T22930A(S:F456L) T22942G(S:N460K)	51	92105	0.0005537158677596222	22881	22943
T23599G(S:N679K) C23854A(S:N764K)	51	5943	0.008581524482584554	23598	23854
G22599C(S:R346T) C22664A(S:L368I) C22674T(S:S371F) T22679C(S:S373P) C22686T(S:S375F) A22688G(S:T376A)	51	658	0.07750759878419453	22598	22692
G22813T(S:K417N) T22882G(S:N440K) G22895C(S:V445P) T22896C(S:V445P) G22898A(S:G446S) T22930A(S:F456L) T22942G(S:N460K) G22992A(S:S477N)	51	33890	0.0015048686928297434	22812	22992
A22786C(S:R408S) T22942G(S:N460K) G22992A(S:S477N) C22995A(S:T478K) A23013C(S:E484A) T23018C(S:F486P) T23019C(S:F486P) T23031C(S:F490S)	51	10664	0.004782445611402851	22778	23031
(21632,9)(S:DEL25/27) T21644C(S:Y28H) T21810C(S:V83A)	50	33385	0.0014976785981728321	21619	21812
G21718T(S:Q52H) A21768C(S:H69P)	50	118313	0.00042260782838741306	21673	21768
C23271T(S:A570V)	49	133861	0.0003660513517753491	23262	23282
G22992A(S:S477N) A23013C(S:E484A) T23018C(S:F486P) T23019C(S:F486P) T23031C(S:F490S)	49	74768	0.0006553605820671945	22961	23034
A22786C(S:R408S) G22813T(S:K417N) T22882G(S:N440K) T22896C G22898A(S:G446S) T22930A(S:F456L) T22942G(S:N460K)	49	30001	0.0016332788907036432	22784	22943
T22928C(S:F456L) T22942G(S:N460K) G22992A(S:S477N) C22995A(S:T478K) A23055G(S:Q498R) A23063T(S:N501Y) T23075C(S:Y505H)	49	17150	0.002857142857142857	22922	23111
A22786C(S:R408S) G22813T(S:K417N) T22928C(S:F456L) T22942G(S:N460K)	49	30001	0.0016332788907036432	22778	22980
G22813T(S:K417N) T22882G(S:N440K) T22896C G22898A(S:G446S)	49	59252	0.0008269763045973132	22812	22905
A22786C(S:R408S) G22813T(S:K417N) T22882G(S:N440K) G22992A(S:S477N) C22995G(S:T478R) A23013C(S:E484A) T23018C(S:F486P) T23019C(S:F486P) T23031C(S:F490S)	49	10664	0.00459489872468117	22785	23042
T22882G(S:N440K) G22895C G22898A(S:G446S)	49	109699	0.00044667681565009707	22856	22912
(21517,'G')(ORF1b:INS2685)	48	53347	0.0008997694340825164	21514	21614
A22786C(S:R408S) G22813T(S:K417N) T22882G(S:N440K) G22898A(S:G446S) T22928C(S:F456L) T22942G(S:N460K) G22992A(S:S477N) C22995G(S:T478R)	48	20736	0.0023148148148148147	22784	22997
A23203G(S:T547T)	48	105422	0.0004553129327844283	23202	23208
(23788,'C')(S:INS743)	48	56653	0.0008472631634688366	23691	23791
G22895C(S:V445P) T22896C(S:V445P) G22898A(S:G446S) T22928C(S:F456L) T22942G(S:N460K) G22992A(S:S477N) C22995A(S:T478K) A23013C(S:E484A) T23018C(S:F486P) T23019C(S:F486P)	48	50088	0.0009583133684714902	22887	23023
G22813T(S:K417N) T22882G(S:N440K) G22895C(S:V445L) G22898A(S:G446S)	47	59252	0.0007932221697157901	22811	22905
T22882G(S:N440K) G22895C(S:V445P) T22896C(S:V445P) G22898A(S:G446S) T22928C(S:F456L) T22942G(S:N460K) G22992A(S:S477N) A23013C(S:E484A) T23018C(S:F486P) T23019C(S:F486P) T23031C(S:F490S)	47	38954	0.0012065513169379268	22881	23031
T22928C(S:F456L) T22942G(S:N460K) G22992A(S:S477N) C22995A(S:T478K) A23013C(S:E484A) T23019C T23031C(S:F490S) A23055G(S:Q498R) A23063T(S:N501Y) T23075C(S:Y505H)	47	17150	0.002740524781341108	22917	23115
G23292A(S:R577H)	47	133465	0.0003521522496534672	23287	23295
A22786C(S:R408S) G22813T(S:K417N) T22942G(S:N460K) G22992A(S:S477N) C22995A(S:T478K) A23013C(S:E484A)	47	14249	0.003298477086111306	22778	23013
T22928C(S:F456L) T22942G(S:N460K) G22992A(S:S477N) C22995G(S:T478R) A23013C(S:E484A) T23018C T23031C(S:F490S) A23055G(S:Q498R) A23063T(S:N501Y) T23075C(S:Y505H)	46	17150	0.0026822157434402334	22926	23111
T22930A(S:F456L) T22942G(S:N460K) T23031C(S:F490S) A23055G(S:Q498R) A23063T(S:N501Y) T23075C(S:Y505H)	46	17199	0.002674574103145532	22912	23110
T22882G(S:N440K) G22895C(S:V445P) T22896C(S:V445P) G22898A(S:G446S) T22930A(S:F456L) T22942G(S:N460K) C22995A(S:T478K)	46	64801	0.0007098655884940047	22881	22997
A22786C(S:R408S) G22813T(S:K417N) T22882G(S:N440K) G22895C G22898A(S:G446S)	46	37979	0.0012111956607598936	22782	22906
T22928C(S:F456L) T22942G(S:N460K) G22992A(S:S477N) C22995A(S:T478K) A23013C(S:E484A) T23018C T23031C(S:F490S) A23055G(S:Q498R) A23063T(S:N501Y) T23075C(S:Y505H)	45	17150	0.0026239067055393588	22925	23111
T22942G(S:N460K) G22992A(S:S477N) A23013C(S:E484A)	45	91731	0.000490564803610557	22917	23013
T22928C(S:F456L) T22942G(S:N460K) G22992A(S:S477N) C22995G(S:T478R) T23019C T23031C(S:F490S) A23055G(S:Q498R) A23063T(S:N501Y) T23075C(S:Y505H)	45	17150	0.0026239067055393588	22921	23115
T21613G C21618T(S:T19I) (21632,9)(S:DEL25/27)	45	129941	0.00034631101807743514	21611	21692
A22786C(S:R408S) G22813T(S:K417N) T22882G(S:N440K) G22898A(S:G446S) T22942G(S:N460K) G22992A(S:S477N) C22995G(S:T478R)	45	20736	0.002170138888888889	22784	22997
A22786C(S:R408S) G22992A(S:S477N) C22995A(S:T478K) A23013C(S:E484A) T23018C(S:F486P) T23019C(S:F486P) T23031C(S:F490S) A23055G(S:Q498R) A23063T(S:N501Y)	45	4730	0.009513742071881607	22778	23066
T22942G(S:N460K) G22992A(S:S477N) C22995A(S:T478K) A23013C(S:E484A) T23019C T23031C(S:F490S)	44	67539	0.0006514754438176461	22941	23031
C23388T(S:A609V) A23403G(S:D614G)	44	90642	0.0004854261821230776	23360	23405
G22813T(S:K417N) T22882G(S:N440K) T22930A(S:F456L) T22942G(S:N460K) G22992A(S:S477N) C22995G(S:T478R)	44	33169	0.0013265398414181917	22803	22998
G23270A(S:A570T)	44	133793	0.000328866233659459	23262	23282
T22882G(S:N440K) G22895C(S:V445P) T22896C(S:V445P) G22898A(S:G446S) (22914,'C')(S:INS452)	44	107417	0.0004096185892363406	22819	22919
G21987A(S:G142D) (21990,3)(S:DEL144) C22000A(S:H146Q) (22115,3)(S:DEL186) T22200A(S:V213E)	44	4384	0.010036496350364963	21978	22201
G22895C G22898A(S:G446S) T22930A(S:F456L) T22942G(S:N460K)	44	102097	0.0004309627119308109	22887	22943
T22882G(S:N440K) G22895C(S:V445P) T22896C(S:V445P) G22898A(S:G446S) T22930A(S:F456L) T22942G(S:N460K) C22995A(S:T478K) A23013C(S:E484A) T23018C(S:F486P) T23019C(S:F486P) T23031C(S:F490S) A23055G(S:Q498R) A23063T(S:N501Y)	44	19659	0.002238160638893128	22881	23064
A23403G(S:D614G) A23419C(S:E619D)	43	67294	0.000638987131096383	23322	23419
G22813T(S:K417N) T22882G(S:N440K) G22898A(S:G446S) T22942G(S:N460K) G22992A(S:S477N) C22995A(S:T478K)	43	33169	0.0012963912086586874	22803	22997
T22882G(S:N440K) G22895C(S:V445P) T22896C(S:V445P) G22898A(S:G446S) T22930A(S:F456L) T23031C(S:F490S) A23055G(S:Q498R) A23063T(S:N501Y) T23075C(S:Y505H)	43	8824	0.004873073436083409	22881	23109
C22995A(S:T478K) A23013C(S:E484A) T23018C(S:F486P) T23019C(S:F486P) T23031C(S:F490S)	43	74768	0.0005751123475283544	22965	23042
A22786C(S:R408S) G22813T(S:K417N) T22882G(S:N440K) T22930A(S:F456L) T22942G(S:N460K) G22992A(S:S477N) C22995A(S:T478K) A23013C(S:E484A)	43	14249	0.0030177556319741735	22785	23013
A22786C(S:R408S) G22813T(S:K417N) T22882G(S:N440K) G22895C(S:V445P) T22896C(S:V445P) T22930A(S:F456L) T22942G(S:N460K)	43	30001	0.001433285557148095	22784	22943
A23063T(S:N501Y) T23075C(S:Y505H)	43	30302	0.0014190482476404197	23061	23115
T22882G(S:N440K) T22896C G22898A(S:G446S) T22942G(S:N460K)	43	92105	0.00046685847673850496	22881	22942
T22942G(S:N460K) G22992A(S:S477N) C22995G(S:T478R) T23018C(S:F486P) T23019C(S:F486P) T23031C(S:F490S)	42	67539	0.0006218629236441167	22941	23033
T22942G(S:N460K) G22992A(S:S477N) C22995G(S:T478R) A23013C(S:E484A) T23018C T23031C(S:F490S)	42	67539	0.0006218629236441167	22941	23031
G22813T(S:K417N) T22882G(S:N440K) T22942G(S:N460K) G22992A(S:S477N)	41	33890	0.001209796400118029	22798	22992
G22813T(S:K417N) T22882G(S:N440K) G22895C(S:V445P) T22896C(S:V445P) G22898A(S:G446S) G22992A(S:S477N) C22995A(S:T478K) A23013C(S:E484A) T23018C(S:F486P) T23019C(S:F486P) T23031C(S:F490S) A23055G(S:Q498R)	41	8646	0.004742077261161231	22812	23057
T22928C(S:F456L) T22942G(S:N460K) G22992A(S:S477N) C22995A(S:T478K) T23019C T23031C(S:F490S) A23055G(S:Q498R) A23063T(S:N501Y) T23075C(S:Y505H)	41	17150	0.00239067055393586	22921	23115
T22928C(S:F456L) T22942G(S:N460K) G22992A(S:S477N) A23013C(S:E484A)	41	80079	0.0005119944055245445	22919	23013
T22882G(S:N440K) G22895C(S:V445P) T22896C(S:V445P) T22930A(S:F456L) T22942G(S:N460K) G22992A(S:S477N) C22995A(S:T478K) A23013C(S:E484A) T23018C(S:F486P) T23019C(S:F486P) T23031C(S:F490S)	41	38954	0.0010525234892437233	22881	23031
G22813T(S:K417N) T22882G(S:N440K) G22992A(S:S477N) A23013C(S:E484A) T23018C(S:F486P) T23019C(S:F486P) T23031C(S:F490S) A23055G(S:Q498R) A23063T(S:N501Y)	40	7804	0.005125576627370579	22798	23063
G22992A(S:S477N) C22995A(S:T478K) A23013C(S:E484A) T23018C T23031C(S:F490S)	40	74768	0.0005349882302589343	22951	23035
T22882G(S:N440K) T22896C G22898A(S:G446S)	40	109699	0.00036463413522456903	22881	22906
T22942G(S:N460K) G22992A(S:S477N) T23019C T23031C(S:F490S) A23055G(S:Q498R) A23063T(S:N501Y) T23075C(S:Y505H)	40	20028	0.0019972039145196726	22926	23115
T21733C(S:P57P)	40	139751	0.0002862233543946018	21705	21733
A22786C(S:R408S) G22813T(S:K417N) T22942G(S:N460K)	40	30001	0.001333288890370321	22778	22978
G22813T(S:K417N) T22882G(S:N440K) G22895C(S:V445P) T22896C(S:V445P) G22898A(S:G446S) T22930A(S:F456L) T22942G(S:N460K) G22992A(S:S477N) C22995G(S:T478R)	40	33169	0.0012059453103801742	22811	22997
G22577C(S:G339H) G22578A(S:G339H) G22599C(S:R346T) G22775A(S:D405N) A22786C(S:R408S) G22813T(S:K417N)	39	84	0.4642857142857143	22562	22814
T22882G(S:N440K) G22895C(S:V445P) T22896C(S:V445P) G22898A(S:G446S) T22928C(S:F456L) T22942G(S:N460K) C22995G(S:T478R)	39	64801	0.0006018425641579605	22881	22997
G23285A(S:A575T)	39	144375	0.00027012987012987015	23275	23285
T21810C(S:V83A) C22109G(S:Q183E)	39	92	0.42391304347826086	21808	22109
T22942G(S:N460K) G22992A(S:S477N) C22995A(S:T478K) A23013C(S:E484A) T23018C T23031C(S:F490S) A23055G(S:Q498R) A23063T(S:N501Y) T23075C(S:Y505H)	39	20028	0.0019472738166566807	22941	23103
G22813T(S:K417N) T22882G(S:N440K) G22895C(S:V445P) T22896C(S:V445P) G22898A(S:G446S) T22928C(S:F456L) T22942G(S:N460K) G22992A(S:S477N) C22995G(S:T478R) A23013C(S:E484A) T23018C(S:F486P) T23019C(S:F486P)	39	20834	0.0018719400979168666	22811	23023
C21618T(S:T19I) (21632,9)(S:DEL25/27) G21663A(S:R34H)	39	126671	0.0003078842039614434	21611	21674
T23031C(S:F490S) A23055G(S:Q498R) T23075C(S:Y505H)	39	29699	0.0013131755277955488	23030	23110
A22786C(S:R408S) T22930A(S:F456L) T22942G(S:N460K) G22992A(S:S477N) C22995A(S:T478K)	38	20736	0.0018325617283950616	22782	22999
A23403G(S:D614G) C23439T(S:A626V)	38	48180	0.00078870900788709	23368	23444
G22992A(S:S477N) C22995A(S:T478K) T23018C(S:F486P) T23019C(S:F486P) T23031C(S:F490S)	38	74768	0.0005082388187459876	22952	23036
A22786C(S:R408S) G22813T(S:K417N) T22882G(S:N440K) T22942G(S:N460K) G22992A(S:S477N) C22995G(S:T478R)	38	20736	0.0018325617283950616	22784	22997
G23292A(S:R577H) A23403G(S:D614G)	38	58110	0.0006539321975563586	23289	23405
G22895C(S:V445P) T22896C(S:V445P) G22898A(S:G446S) T22928C(S:F456L) T22942G(S:N460K) G22992A(S:S477N) C22995G(S:T478R) A23013C(S:E484A)	37	54156	0.0006832114631804417	22887	23013
T22882G(S:N440K) G22895C(S:V445P) T22896C(S:V445P) T22928C(S:F456L) T22942G(S:N460K)	37	92105	0.0004017154334726671	22881	22944
T22930A(S:F456L) T22942G(S:N460K) G22992A(S:S477N) A23013C(S:E484A) T23018C(S:F486P) T23019C(S:F486P) T23031C(S:F490S) A23055G(S:Q498R) A23063T(S:N501Y) T23075C(S:Y505H)	37	17199	0.00215128786557358	22898	23103
G22813T(S:K417N) T22882G(S:N440K) T22942G(S:N460K) G22992A(S:S477N) C22995A(S:T478K) A23013C(S:E484A) T23018C(S:F486P) T23019C(S:F486P)	37	20834	0.0017759431698185658	22805	23023
C23286T(S:A575V)	37	136031	0.0002719968242532952	23276	23286
T22942G(S:N460K) G22992A(S:S477N) C22995G(S:T478R) A23013C(S:E484A) T23018C A23055G(S:Q498R) A23063T(S:N501Y) T23075C(S:Y505H)	37	20028	0.001847413620930697	22917	23103
(21990,3)(S:DEL144) C22000A(S:H146Q)	37	24193	0.0015293679990079775	21973	22006
A22786C(S:R408S) G22813T(S:K417N) T22882G(S:N440K) T22896C G22898A(S:G446S)	36	37979	0.0009478922562468733	22784	22912
G22813T(S:K417N) T22882G(S:N440K) G22895C(S:V445P) T22896C(S:V445P) G22898A(S:G446S) T22928C(S:F456L) T22942G(S:N460K) G22992A(S:S477N) C22995A(S:T478K) A23013C(S:E484A) T23018C(S:F486P) T23019C(S:F486P)	36	20834	0.0017279447057694155	22811	23023
C22664A(S:L368I) C22674T(S:S371F) T22679C(S:S373P) C22686T(S:S375F) A22688G(S:T376A) G22775A(S:D405N)	36	562	0.06405693950177936	22663	22778
A22320G(S:D253G) G22427A(S:V289I)	35	16397	0.0021345368055132037	22315	22427
(21990,3)(S:DEL144) C22000A(S:H146Q) C22109G(S:Q183E)	35	12926	0.0027077208726597555	21980	22109
T22882G(S:N440K) G22895C(S:V445P) T22896C(S:V445P) T22930A(S:F456L) T22942G(S:N460K) G22992A(S:S477N) C22995A(S:T478K)	35	64801	0.000540115121680221	22881	22997
T22882G(S:N440K) G22895C(S:V445P) T22896C(S:V445P) G22898A(S:G446S) T22942G(S:N460K) C22995G(S:T478R) A23013C(S:E484A) T23018C(S:F486P) T23019C(S:F486P) T23031C(S:F490S)	35	38954	0.0008984956615495199	22881	23031
A23055G(S:Q498R) T23075C(S:Y505H)	35	30264	0.0011564895585514142	23041	23115
G22898A(S:G446S) T22930A(S:F456L) T22942G(S:N460K)	35	112321	0.000311606912331621	22897	22955
A23303G(S:T581A) A23403G(S:D614G)	34	62720	0.0005420918367346939	23302	23403
T22928C(S:F456L) T22942G(S:N460K) G22992A(S:S477N) C22995A(S:T478K) A23013C(S:E484A) T23018C(S:F486P) T23019C(S:F486P) A23055G(S:Q498R) A23063T(S:N501Y) T23075C(S:Y505H)	34	17150	0.0019825072886297374	22927	23115
G21987A(S:G142D) (21990,3)(S:DEL144) C22109G(S:Q183E) (22115,3)(S:DEL186)	34	11687	0.002909215367502353	21978	22127
T22882G(S:N440K) G22895C(S:V445P) T22896C(S:V445P) G22898A(S:G446S) T22930A(S:F456L) A23055G(S:Q498R) A23063T(S:N501Y) T23075C(S:Y505H)	34	8824	0.0038531278331822303	22881	23115
T22882G(S:N440K) T22896C G22898A(S:G446S) T22930A(S:F456L) T22942G(S:N460K) G22992A(S:S477N) C22995A(S:T478K) A23013C(S:E484A) T23018C(S:F486P) T23019C(S:F486P) T23031C(S:F490S)	34	38954	0.0008728243569338193	22881	23031
C23604A(S:P681H) C23664T(S:A701V) C23854A(S:N764K)	34	5997	0.005669501417375354	23602	23854
T22882G(S:N440K) G22895C(S:V445P) T22896C(S:V445P) G22898A(S:G446S) T22930A(S:F456L) T22942G(S:N460K) G22992A(S:S477N) C22995A(S:T478K) A23013C(S:E484A) T23018C T23031C(S:F490S)	34	38954	0.0008728243569338193	22881	23031
T22928C(S:F456L) T22942G(S:N460K) G22992A(S:S477N) C22995G(S:T478R) A23013C(S:E484A) T23018C A23055G(S:Q498R) A23063T(S:N501Y) T23075C(S:Y505H)	34	17150	0.0019825072886297374	22919	23115
T22882G(S:N440K) G22895C(S:V445P) T22896C(S:V445P) G22898A(S:G446S) T22942G(S:N460K) A23013C(S:E484A) T23018C(S:F486P) T23019C(S:F486P) T23031C(S:F490S) A23055G(S:Q498R) A23063T(S:N501Y) T23075C(S:Y505H)	34	8824	0.0038531278331822303	22881	23103
G22895C(S:V445P) T22896C(S:V445P) G22898A(S:G446S) T22930A(S:F456L) T22942G(S:N460K) A23013C(S:E484A) T23018C(S:F486P) T23019C(S:F486P) T23031C(S:F490S) A23055G(S:Q498R) A23063T(S:N501Y) T23075C(S:Y505H)	34	10269	0.0033109358262732496	22887	23103
T22942G(S:N460K) G22992A(S:S477N) C22995G(S:T478R) A23013C(S:E484A) T23018C(S:F486P) T23019C(S:F486P) A23055G(S:Q498R) A23063T(S:N501Y) T23075C(S:Y505H)	33	20028	0.0016476932294787298	22941	23111
G22895C(S:V445P) T22896C(S:V445P) G22898A(S:G446S) T22930A(S:F456L) T22942G(S:N460K) G22992A(S:S477N) A23013C(S:E484A) T23018C(S:F486P) T23019C(S:F486P) T23031C(S:F490S)	33	43100	0.0007656612529002321	22887	23031
G23832A(S:G757D) C23854A(S:N764K)	33	40504	0.0008147343472249655	23781	23854
G22895C(S:V445P) T22896C(S:V445P) G22898A(S:G446S) T22928C(S:F456L)	33	106333	0.0003103458004570547	22887	22929
(23143,1)(S:DEL528)	33	62746	0.0005259299397571159	23140	23203
G22992A(S:S477N) C22995A(S:T478K) A23013C(S:E484A) T23019C T23031C(S:F490S)	33	74768	0.0004413652899636208	22968	23040
A22786C(S:R408S) G22813T(S:K417N) T22882G(S:N440K) G22895C G22898A(S:G446S) T22928C(S:F456L) T22942G(S:N460K)	33	30001	0.0010999633345555148	22784	22943
G22813T(S:K417N) G22992A(S:S477N) C22995A(S:T478K) A23013C(S:E484A) T23018C(S:F486P) T23019C(S:F486P) T23031C(S:F490S) A23055G(S:Q498R) A23063T(S:N501Y)	33	7804	0.004228600717580728	22805	23064
A23400G(S:Q613R) A23403G(S:D614G)	32	90769	0.000352543269177803	23358	23409
T22882G(S:N440K) G22895C(S:V445P) T22896C(S:V445P) G22898A(S:G446S) G22992A(S:S477N) C22995A(S:T478K) A23013C(S:E484A) T23018C(S:F486P) T23019C(S:F486P) T23031C(S:F490S) A23055G(S:Q498R)	32	21484	0.0014894805436603984	22856	23056
T22930A(S:F456L) T22942G(S:N460K) G22992A(S:S477N) C22995A(S:T478K) T23018C	32	70466	0.000454119717310476	22926	23018
G22813T(S:K417N) T22882G(S:N440K) G22898A(S:G446S) T22930A(S:F456L) T22942G(S:N460K) G22992A(S:S477N) C22995G(S:T478R)	32	33169	0.0009647562483041394	22798	22997
A22786C(S:R408S) G22813T(S:K417N) G22898A(S:G446S) T22942G(S:N460K) G22992A(S:S477N)	32	21191	0.0015100750318531452	22779	22994
A22786C(S:R408S) G22813T(S:K417N) T22882G(S:N440K) T22928C(S:F456L) T22942G(S:N460K) G22992A(S:S477N) C22995A(S:T478K)	32	20736	0.0015432098765432098	22785	23001
T22882G(S:N440K) G22895C G22898A(S:G446S) T22942G(S:N460K)	31	92105	0.0003365723902068292	22881	22942
G22992A(S:S477N) C22995A(S:T478K) A23013C(S:E484A) T23018C(S:F486P) T23019C(S:F486P)	31	86131	0.0003599168708130638	22960	23024
T22930A(S:F456L) G22992A(S:S477N) C22995A(S:T478K)	31	104276	0.0002972879665503088	22927	22995
T22942G(S:N460K) G22992A(S:S477N) C22995A(S:T478K) T23018C(S:F486P) T23019C(S:F486P) T23031C(S:F490S) A23055G(S:Q498R) A23063T(S:N501Y) T23075C(S:Y505H)	31	20028	0.0015478330337527462	22941	23111
A23209G(S:T549T)	31	116544	0.0002659939593629874	23204	23213
G23285A(S:A575T) A23403G(S:D614G)	31	56523	0.0005484493038232224	23281	23403
T22942G(S:N460K) C22995A(S:T478K) A23013C(S:E484A) T23018C(S:F486P) T23019C(S:F486P) T23031C(S:F490S) A23055G(S:Q498R) A23063T(S:N501Y) T23075C(S:Y505H)	31	20028	0.0015478330337527462	22941	23104
T22882G(S:N440K) T22896C G22898A(S:G446S) T22930A(S:F456L) T22942G(S:N460K) G22992A(S:S477N) C22995A(S:T478K) A23013C(S:E484A) T23018C(S:F486P) T23019C(S:F486P) T23031C(S:F490S) A23055G(S:Q498R) A23063T(S:N501Y)	31	19659	0.0015768859046747037	22881	23064
A22786C(S:R408S) T22882G(S:N440K) G22895C(S:V445P) T22896C(S:V445P) G22898A(S:G446S) T22942G(S:N460K)	30	30001	0.0009999666677777408	22782	22943
T23221C(S:T553T)	30	123064	0.00024377559643762596	23207	23221
G22813T(S:K417N) T22882G(S:N440K) G22895C G22898A(S:G446S) T22930A(S:F456L) T22942G(S:N460K)	30	46574	0.0006441362133379139	22798	22942
C21618T(S:T19I) (21632,9)(S:DEL25/27) T21644C(S:Y28H) T21922C(S:V120V)	30	5876	0.0051055139550714775	21614	21922
T22882G(S:N440K) G22895C(S:V445P) T22896C(S:V445P) G22898A(S:G446S) T22930A(S:F456L) T23019C T23031C(S:F490S) A23055G(S:Q498R) A23063T(S:N501Y) T23075C(S:Y505H)	30	8824	0.003399818676337262	22881	23115
A22786C(S:R408S) G22813T(S:K417N) T22882G(S:N440K) T22928C(S:F456L) T22942G(S:N460K) G22992A(S:S477N) C22995G(S:T478R) A23013C(S:E484A) T23018C(S:F486P) T23019C(S:F486P)	30	12905	0.002324680356450988	22784	23023
A22786C(S:R408S) G22813T(S:K417N) C22995A(S:T478K) A23013C(S:E484A) T23018C(S:F486P) T23019C(S:F486P) T23031C(S:F490S) A23055G(S:Q498R) A23063T(S:N501Y)	30	4730	0.006342494714587738	22782	23066
T22882G(S:N440K) G22895C(S:V445P) T22896C(S:V445P) G22898A(S:G446S) T22928C(S:F456L) T23031C(S:F490S) A23055G(S:Q498R) A23063T(S:N501Y) T23075C(S:Y505H)	30	8824	0.003399818676337262	22881	23110
G22895C(S:V445P) T22896C(S:V445P) G22898A(S:G446S) T22930A(S:F456L) T22942G(S:N460K) G22992A(S:S477N) A23013C(S:E484A) T23018C(S:F486P) T23019C(S:F486P) T23031C(S:F490S) A23055G(S:Q498R) A23063T(S:N501Y)	30	22325	0.0013437849944008958	22887	23063
T22882G(S:N440K) G22895C G22898A(S:G446S) T22930A(S:F456L) T22942G(S:N460K) G22992A(S:S477N) C22995A(S:T478K) A23013C(S:E484A) T23018C(S:F486P) T23019C(S:F486P) T23031C(S:F490S)	30	38954	0.0007701391384710171	22881	23031
A22786C(S:R408S) G22813T(S:K417N) T22882G(S:N440K) G22895C(S:V445P) T22896C(S:V445P)	30	37979	0.0007899102135390611	22782	22909
T22882G(S:N440K) G22895C(S:V445P) T22896C(S:V445P) G22898A(S:G446S) T22928C(S:F456L) G22992A(S:S477N) C22995G(S:T478R) A23013C(S:E484A) T23018C(S:F486P) T23019C(S:F486P) T23031C(S:F490S) A23055G(S:Q498R) A23063T(S:N501Y)	29	19659	0.0014751513301795615	22863	23065
A23261G(S:R567G)	29	125950	0.00023025009924573244	23259	23270
A22786C(S:R408S) G22813T(S:K417N) T22882G(S:N440K) T22942G(S:N460K) G22992A(S:S477N) C22995G(S:T478R) A23013C(S:E484A) T23018C(S:F486P) T23019C(S:F486P)	29	12905	0.0022471910112359553	22784	23023
A22786C(S:R408S) G22813T(S:K417N) T22942G(S:N460K) C22995A(S:T478K) A23013C(S:E484A) T23018C(S:F486P) T23019C(S:F486P) T23031C(S:F490S)	29	10664	0.002719429857464366	22778	23031
T23308C(S:L582L)	29	133738	0.00021684188487939104	23276	23312
A22786C(S:R408S) T22882G(S:N440K) G22895C(S:V445P) T22896C(S:V445P) G22898A(S:G446S) T22930A(S:F456L)	29	31930	0.0009082367679298465	22784	22930
G22813T(S:K417N) T22882G(S:N440K) G22895C(S:V445P) T22896C(S:V445P) G22898A(S:G446S) T22928C(S:F456L) T22942G(S:N460K) G22992A(S:S477N)	29	33890	0.0008557096488639716	22811	22992
A22786C(S:R408S) G22813T(S:K417N) C22995A(S:T478K) A23013C(S:E484A) T23018C(S:F486P) T23019C(S:F486P) T23031C(S:F490S)	29	10664	0.002719429857464366	22778	23044
G22895C(S:V445P) T22896C(S:V445P) G22898A(S:G446S) T22942G(S:N460K) G22992A(S:S477N) C22995G(S:T478R) A23013C(S:E484A)	29	54156	0.0005354900657360219	22887	23013
G22895C(S:V445P) T22896C(S:V445P) G22898A(S:G446S) T22928C(S:F456L) T22942G(S:N460K) G22992A(S:S477N) C22995A(S:T478K) A23013C(S:E484A)	29	54156	0.0005354900657360219	22887	23013
T22930A(S:F456L) T22942G(S:N460K) T23019C T23031C(S:F490S) A23055G(S:Q498R) A23063T(S:N501Y) T23075C(S:Y505H)	28	17199	0.001628001628001628	22900	23115
T22942G(S:N460K) G22992A(S:S477N) C22995A(S:T478K) A23013C(S:E484A) T23018C(S:F486P) T23019C(S:F486P) A23055G(S:Q498R) A23063T(S:N501Y) T23075C(S:Y505H)	28	20028	0.0013980427401637707	22941	23104
G22895C(S:V445P) T22896C(S:V445P) G22898A(S:G446S) T22930A(S:F456L) T22942G(S:N460K) G22992A(S:S477N)	28	71097	0.0003938281502735699	22887	22992
T22882G(S:N440K) G22895C G22898A(S:G446S) T22928C(S:F456L) T22942G(S:N460K)	28	92105	0.0003040008685739102	22881	22942
T22930A(S:F456L) T22942G(S:N460K) G22992A(S:S477N) C22995G(S:T478R) A23013C(S:E484A) T23018C(S:F486P) T23019C(S:F486P) T23031C(S:F490S) A23055G(S:Q498R) A23063T(S:N501Y)	28	30818	0.0009085599325069764	22928	23067
G23387A(S:A609T) A23403G(S:D614G)	28	90642	0.00030890757044195846	23362	23410
G22813T(S:K417N) T22882G(S:N440K) G22895C(S:V445P) T22896C(S:V445P) G22898A(S:G446S) T22942G(S:N460K) G22992A(S:S477N)	28	33890	0.0008262024195928002	22812	22992
T22882G(S:N440K) G22895C(S:V445P) T22896C(S:V445P) G22898A(S:G446S) T22930A(S:F456L) T22942G(S:N460K) G22992A(S:S477N) C22995A(S:T478K) A23013C(S:E484A) T23019C T23031C(S:F490S)	28	38954	0.000718796529239616	22881	23031
T22882G(S:N440K) G22895C(S:V445P) T22896C(S:V445P) G22898A(S:G446S) T22930A(S:F456L) T22942G(S:N460K) G22992A(S:S477N) A23013C(S:E484A)	28	49380	0.0005670311867152693	22881	23013
A22786C(S:R408S) G22813T(S:K417N) G22898A(S:G446S) T22942G(S:N460K)	28	30001	0.0009333022232592247	22778	22989
(23283,2)(S:DEL575)	28	144248	0.0001941101436415063	23187	23289
G21987A(S:G142D) C22109G(S:Q183E) (22115,3)(S:DEL186) T22200A(S:V213E)	28	4384	0.006386861313868613	21901	22200
T22930A(S:F456L) T22942G(S:N460K) C22995A(S:T478K) A23013C(S:E484A) T23018C	28	70466	0.0003973547526466665	22926	23018
A22786C(S:R408S) G22813T(S:K417N) T22930A(S:F456L) T22942G(S:N460K) G22992A(S:S477N) A23013C(S:E484A) T23018C(S:F486P) T23019C(S:F486P)	27	12905	0.002092212320805889	22778	23023
A22786C(S:R408S) G22813T(S:K417N) T22882G(S:N440K) G22895C G22898A(S:G446S) T22942G(S:N460K)	27	30001	0.0008999700009999666	22784	22943
G22813T(S:K417N) T22882G(S:N440K) T22942G(S:N460K) G22992A(S:S477N) C22995A(S:T478K)	27	33169	0.0008140130845066177	22806	22998
T22942G G22992A(S:S477N) C22995A(S:T478K) A23013C(S:E484A) T23018C(S:F486P) T23019C(S:F486P) T23031C(S:F490S) T23042C	27	49125	0.0005496183206106871	22941	23042
T22882G(S:N440K) G22895C(S:V445P) T22896C(S:V445P) G22898A(S:G446S) T22930A(S:F456L) T22942G(S:N460K) C22995A(S:T478K) A23013C(S:E484A) T23018C(S:F486P) T23019C(S:F486P)	27	45529	0.0005930286191218783	22881	23023
T22942G(S:N460K) G22992A(S:S477N) C22995A(S:T478K) A23013C(S:E484A) T23018C(S:F486P) T23019C(S:F486P) T23031C(S:F490S) A23055G(S:Q498R) T23075C(S:Y505H)	27	20028	0.0013481126423007788	22941	23111
A22786C(S:R408S) G22813T(S:K417N) T22882G(S:N440K) A23055G(S:Q498R) A23063T(S:N501Y) T23075C(S:Y505H)	27	1814	0.014884233737596472	22785	23111
C23300T(S:Q580*)	27	132686	0.00020348793391917761	23280	23307
T21615C(S:L18P) C21618T(S:T19I) (21632,9)(S:DEL25/27)	27	130673	0.00020662263818845515	21611	21654
T23241C(S:L560P)	27	125618	0.00021493734974287125	23236	23244
A23403G(S:D614G) T23425C(S:P621P)	26	57759	0.00045014629754670267	23348	23425
C21618T(S:T19I) (21632,9)(S:DEL25/27) T21657C(S:F32S)	26	127851	0.0002033617257588912	21612	21661
G22813T(S:K417N) T22942G(S:N460K) G22992A(S:S477N) C22995A(S:T478K) A23013C(S:E484A) T23018C(S:F486P) T23019C(S:F486P) T23031C(S:F490S)	26	17283	0.0015043684545507146	22799	23031
A22786C(S:R408S) G22813T(S:K417N) T22882G(S:N440K) T22896C(S:V445A) G22898A(S:G446S) T22928C(S:F456L) T22942G(S:N460K)	26	30001	0.0008666377787407086	22784	22943
T22882G(S:N440K) G22895C(S:V445P) T22896C(S:V445P) G22898A(S:G446S) T22928C(S:F456L) T22942G(S:N460K) G22992A(S:S477N) A23013C(S:E484A) T23018C(S:F486P) T23019C(S:F486P) T23031C(S:F490S) A23055G(S:Q498R) A23063T(S:N501Y)	26	19659	0.0013225494684368482	22881	23066
T22882G(S:N440K) G22895C(S:V445P) T22896C(S:V445P) G22898A(S:G446S) T22928C(S:F456L) T22942G(S:N460K) C22995G(S:T478R) A23013C(S:E484A) T23018C(S:F486P) T23019C(S:F486P) T23031C(S:F490S) A23055G(S:Q498R) A23063T(S:N501Y)	26	19659	0.0013225494684368482	22881	23064
G22895C(S:V445P) T22896C(S:V445P) G22898A(S:G446S) T22942G(S:N460K) G22992A(S:S477N) C22995G(S:T478R) A23013C(S:E484A) T23018C(S:F486P) T23019C(S:F486P) T23031C(S:F490S) A23055G(S:Q498R)	26	24309	0.0010695627133983298	22887	23056
C21618T(S:T19I) (21632,9)(S:DEL25/27) T21679C(S:P39P)	26	103054	0.0002522949133464009	21614	21679
C22000A(S:H146Q) C22109G(S:Q183E) (22115,3)(S:DEL186)	26	11918	0.002181574089612351	21997	22133
T23212A T23313C(S:I584T)	26	68782	0.0003780058736297287	23211	23314
T22882G(S:N440K) G22895C(S:V445P) T22896C(S:V445P) G22898A(S:G446S) T22930A(S:F456L) T22942G(S:N460K) G22992A(S:S477N) A23013C(S:E484A) T23018C(S:F486P) T23019C(S:F486P) T23031C(S:F490S) A23055G(S:Q498R)	26	21484	0.0012102029417240738	22881	23057
T22882G(S:N440K) G22895C(S:V445P) T22896C(S:V445P) G22898A(S:G446S) T22928C(S:F456L) G22992A(S:S477N) C22995G(S:T478R) A23013C(S:E484A) T23018C(S:F486P) T23019C(S:F486P) T23031C(S:F490S)	25	38954	0.0006417826153925142	22856	23047
T22942G(S:N460K) G22992A(S:S477N) C22995G(S:T478R) A23013C(S:E484A) T23019C T23031C(S:F490S)	25	67539	0.0003701565021691171	22941	23032
A22786C(S:R408S) T22882G(S:N440K)	25	41192	0.0006069139638764808	22784	22882
T21810C(S:V83A) T21895C(S:D111D)	25	70949	0.0003523657838729228	21808	21895
G22813T(S:K417N) T22882G(S:N440K) G22895C(S:V445P) T22896C(S:V445P) G22898A(S:G446S) T22942G(S:N460K) G22992A(S:S477N) C22995G(S:T478R) A23013C(S:E484A)	25	22990	0.001087429317094389	22811	23013
T21810C(S:V83A) (21875,1)(S:DEL106)	25	78844	0.0003170818324793263	21803	21892
G22992A(S:S477N) A23013C(S:E484A) T23018C(S:F486P) T23019C(S:F486P) T23031C(S:F490S) A23055G(S:Q498R) A23063T(S:N501Y) T23075C(S:Y505H)	25	22080	0.0011322463768115942	22962	23104
T22882G(S:N440K) G22895C(S:V445P) T22896C(S:V445P) G22898A(S:G446S) T22930A(S:F456L) T22942G(S:N460K) G22992A(S:S477N) C22995A(S:T478K) A23013C(S:E484A) T23019C T23031C(S:F490S) A23055G(S:Q498R) A23063T(S:N501Y)	25	19659	0.0012716821811892772	22881	23065
T21810C(S:V83A) T21818C(S:F86L)	25	123073	0.00020313147481575974	21787	21818
T22930A(S:F456L) T22942G(S:N460K) G22992A(S:S477N) C22995A(S:T478K) T23018C(S:F486P) T23019C(S:F486P)	25	67684	0.0003693635127947521	22929	23023
T22930A(S:F456L) T22942G(S:N460K) C22995A(S:T478K) A23013C(S:E484A) T23018C(S:F486P) T23019C(S:F486P)	25	67684	0.0003693635127947521	22929	23023
G22577C(S:G339H) G22578A(S:G339H)	24	882	0.027210884353741496	22515	22582
G22813T(S:K417N) T22930A(S:F456L) T22942G(S:N460K) G22992A(S:S477N) C22995A(S:T478K)	24	33169	0.0007235671862281046	22798	22997
T22882G(S:N440K) T22896C G22898A(S:G446S) T22930A(S:F456L) T22942G(S:N460K) G22992A(S:S477N) C22995A(S:T478K)	24	64801	0.00037036465486643726	22881	22997
T22928C(S:F456L) T22942G(S:N460K) C22995A(S:T478K) A23013C(S:E484A)	24	80079	0.00029970404225826994	22925	23013
G22813T(S:K417N) T22882G(S:N440K) G22898A(S:G446S) T22930A(S:F456L) T22942G(S:N460K) G22992A(S:S477N)	24	33890	0.0007081735025081145	22803	22994
C23286T(S:A575V) A23403G(S:D614G)	24	56538	0.0004244932611694789	23276	23410
A22786C(S:R408S) G22813T(S:K417N) T22882G(S:N440K) T23019C T23031C(S:F490S) A23055G(S:Q498R) A23063T(S:N501Y) T23075C(S:Y505H)	24	1814	0.013230429988974642	22784	23115
T23374C(S:T604T)	24	108800	0.00022058823529411765	23276	23374
C22995A(S:T478K) A23013C(S:E484A) T23018C(S:F486P) T23019C(S:F486P) T23031C(S:F490S) A23055G(S:Q498R) A23063T(S:N501Y) T23075C(S:Y505H)	24	22080	0.0010869565217391304	22968	23115
G22813T(S:K417N) T22882G(S:N440K) G22895C(S:V445P) T22896C(S:V445P) G22898A(S:G446S) G22992A(S:S477N) C22995G(S:T478R) A23013C(S:E484A) T23018C(S:F486P) T23019C(S:F486P) T23031C(S:F490S) A23055G(S:Q498R)	24	8646	0.002775850104094379	22811	23055
A22786C(S:R408S) T23031C(S:F490S) A23055G(S:Q498R) A23063T(S:N501Y) T23075C(S:Y505H)	24	1814	0.013230429988974642	22778	23109
T21667G A21768C	24	86797	0.0002765072525548118	21666	21768
T22882G(S:N440K) G22895C(S:V445P) T22896C(S:V445P) T22930A(S:F456L) T22942G(S:N460K) G22992A(S:S477N) C22995A(S:T478K) A23013C(S:E484A) T23018C(S:F486P) T23019C(S:F486P) T23031C(S:F490S) A23055G(S:Q498R) A23063T(S:N501Y)	24	19659	0.001220814893941706	22881	23064
G22577C(S:G339H) G22578A(S:G339H) G22599C(S:R346T) G22775A(S:D405N) A22786C(S:R408S)	24	126	0.19047619047619047	22561	22786
T23257C(S:F565F)	24	126331	0.0001899771235880346	23226	23257
G23259A(S:G566D)	24	127524	0.00018819986826009222	23226	23266
A22786C(S:R408S) G22813T(S:K417N) T22882G(S:N440K) G22992A(S:S477N) C22995A(S:T478K) A23013C(S:E484A) T23018C(S:F486P) T23019C(S:F486P) T23031C(S:F490S) A23055G(S:Q498R)	23	5270	0.004364326375711575	22785	23057
G23811A(S:S750N) C23854A(S:N764K)	23	40227	0.0005717552887364208	23795	23854
C23243T(S:P561S) A23403G(S:D614G)	23	38015	0.0006050243325003288	23223	23410
T22928C(S:F456L) T22942G(S:N460K) G22992A(S:S477N) C22995A(S:T478K) A23013C(S:E484A) T23018C A23055G(S:Q498R) A23063T(S:N501Y) T23075C(S:Y505H)	23	17150	0.0013411078717201167	22926	23115
T22928C(S:F456L) T22942G(S:N460K) G22992A(S:S477N) A23013C(S:E484A) T23018C(S:F486P) T23019C(S:F486P) T23031C(S:F490S) A23055G(S:Q498R) A23063T(S:N501Y) T23075C(S:Y505H)	23	17150	0.0013411078717201167	22926	23103
T23389C(S:A609A) A23403G(S:D614G)	23	90661	0.0002536923263586327	23368	23410
A23403G(S:D614G) T23448C	23	44822	0.0005131408683235911	23348	23448
A22786C(S:R408S) G22992A(S:S477N) C22995G(S:T478R) A23013C(S:E484A) T23018C(S:F486P) T23019C(S:F486P) T23031C(S:F490S) A23055G(S:Q498R) A23063T(S:N501Y)	23	4730	0.004862579281183933	22779	23065
T23377G(S:S605S) A23403G(S:D614G)	23	90597	0.0002538715410002539	23358	23403
T23346C(S:V595A) A23403G(S:D614G)	23	81494	0.00028222936657913467	23318	23404
T22942G(S:N460K) C22995G(S:T478R) A23013C(S:E484A) T23018C(S:F486P) T23019C(S:F486P) T23031C(S:F490S)	23	67539	0.0003405439819955877	22941	23034
G22813T(S:K417N) T22882G(S:N440K) T22930A(S:F456L) T22942G(S:N460K) G22992A(S:S477N) A23013C(S:E484A) T23018C(S:F486P) T23019C(S:F486P)	23	20834	0.0011039646731304598	22809	23023
A22253G(S:I231V) A22320G(S:D253G)	23	14045	0.0016375934496262014	22248	22321
T22942G(S:N460K) G22992A(S:S477N) A23013C(S:E484A) T23018C(S:F486P) T23019C(S:F486P)	23	78895	0.00029152671271943725	22941	23023
G22813T(S:K417N) T22882G(S:N440K) G22895C(S:V445P) T22896C(S:V445P) G22898A(S:G446S) T22928C(S:F456L) T22942G(S:N460K) G22992A(S:S477N) C22995A(S:T478K) A23013C(S:E484A)	23	22990	0.0010004349717268378	22812	23013
T21810C(S:V83A) T21854C(S:S98P)	23	107973	0.00021301621701721727	21777	21854
T22930A(S:F456L) G22992A(S:S477N) C22995A(S:T478K) A23013C(S:E484A)	23	80504	0.00028570008943654975	22917	23013
G22895C(S:V445P) T22896C(S:V445P) G22898A(S:G446S) T22928C(S:F456L) T22942G(S:N460K) G22992A(S:S477N)	23	71097	0.0003235016948675753	22887	22992
G22813T(S:K417N) T22882G(S:N440K) G22895C(S:V445P) T22896C(S:V445P) G22898A(S:G446S) T22942G(S:N460K) G22992A(S:S477N) C22995A(S:T478K)	23	33169	0.0006934185534686002	22812	22997
A21712G(S:S50S) T21810C(S:V83A)	23	75792	0.0003034621068186616	21711	21811
G22813T(S:K417N) T22882G(S:N440K) T22930A(S:F456L) T22942G(S:N460K)	23	46574	0.0004938377635590673	22804	22986
T22930A(S:F456L) G22992A(S:S477N)	23	109381	0.00021027417924502427	22925	22993
T23352C(S:V597A)	22	122759	0.00017921292939825187	23280	23352
T23317C(S:L585L)	22	129572	0.00016978976939462228	23299	23321
T21810C(S:V83A) T21826G(S:D88E)	22	117433	0.00018734086670697334	21807	21834
T23227C(S:S555S)	22	126119	0.0001744384271997082	23226	23227
T22882G(S:N440K) G22895C(S:V445P) T22896C(S:V445P) G22898A(S:G446S) T22942G(S:N460K) C22995G(S:T478R)	22	64801	0.00033950093362756747	22881	22997
A22786C(S:R408S) G22813T(S:K417N) G22895C(S:V445P) T22896C(S:V445P) G22898A(S:G446S) T22930A(S:F456L)	22	31930	0.0006890072032571249	22778	22930
A23254C(S:Q564H)	22	124706	0.00017641492791044538	23251	23260
T22942G(S:N460K) G22992A(S:S477N) C22995A(S:T478K) A23013C(S:E484A) T23019C T23031C(S:F490S) A23055G(S:Q498R) A23063T(S:N501Y) T23075C(S:Y505H)	22	20028	0.00109846215298582	22941	23111
C21618T(S:T19I) (21632,9)(S:DEL25/27) T21674C(S:Y38H)	22	123334	0.00017837741417613958	21612	21674
T22882G(S:N440K) G22895C(S:V445P) T22896C(S:V445P) G22898A(S:G446S) G22992A(S:S477N) C22995G(S:T478R) A23013C(S:E484A) T23018C(S:F486P) T23019C(S:F486P) T23031C(S:F490S) A23055G(S:Q498R)	22	21484	0.0010240178737665239	22855	23057
A22786C(S:R408S) G22813T(S:K417N) G22992A(S:S477N) A23013C(S:E484A) T23018C(S:F486P) T23019C(S:F486P) T23031C(S:F490S) A23055G(S:Q498R)	22	5270	0.004174573055028463	22778	23057
T23031C(S:F490S) A23063T(S:N501Y) T23075C(S:Y505H)	22	29699	0.000740765682346207	23030	23106
G22813T(S:K417N) T22882G(S:N440K) T22942G(S:N460K) G22992A(S:S477N) C22995A(S:T478K) A23013C(S:E484A)	22	22990	0.0009569377990430622	22798	23013
T22882G(S:N440K) G22895C(S:V445P) T22896C(S:V445P) G22898A(S:G446S) T22928C(S:F456L) G22992A(S:S477N) C22995A(S:T478K) A23013C(S:E484A) T23018C(S:F486P) T23019C(S:F486P) T23031C(S:F490S)	22	38954	0.0005647687015454126	22856	23034
T22882G(S:N440K) G22895C(S:V445P) T22896C(S:V445P) T22930A(S:F456L) T22942G(S:N460K) G22992A(S:S477N) C22995A(S:T478K) A23013C(S:E484A) T23018C(S:F486P) T23019C(S:F486P)	22	45529	0.00048320850446967865	22872	23023
A22786C(S:R408S) G22813T(S:K417N) T22882G(S:N440K) T22896C G22898A(S:G446S) T22942G(S:N460K)	22	30001	0.0007333088897036765	22784	22943
A22786C(S:R408S) T22930A(S:F456L) T22942G(S:N460K) G22992A(S:S477N) C22995A(S:T478K) A23013C(S:E484A) T23018C(S:F486P) T23019C(S:F486P)	22	12905	0.0017047655947307245	22785	23023
T22882G(S:N440K) G22895C(S:V445P) T22896C(S:V445P) T22942G(S:N460K) G22992A(S:S477N) C22995G(S:T478R) A23013C(S:E484A) T23018C(S:F486P) T23019C(S:F486P) T23031C(S:F490S)	22	38954	0.0005647687015454126	22881	23031
G22813T(S:K417N) G22895C	22	61730	0.00035639073384092015	22798	22895
T22930A(S:F456L) T22942G(S:N460K) G22992A(S:S477N) A23013C(S:E484A) T23018C(S:F486P) T23019C(S:F486P)	22	67684	0.00032503989125938184	22928	23023
T22930A(S:F456L) T22942G(S:N460K) A23055G(S:Q498R) A23063T(S:N501Y) T23075C(S:Y505H)	22	17199	0.0012791441362869935	22903	23115
G22813T(S:K417N) T22882G(S:N440K) C22995A(S:T478K) A23013C(S:E484A) T23018C(S:F486P) T23019C(S:F486P) T23031C(S:F490S) A23055G(S:Q498R) A23063T(S:N501Y)	22	7804	0.0028190671450538185	22799	23066
A22786C(S:R408S) G22813T(S:K417N) C22995G(S:T478R) A23013C(S:E484A) T23018C(S:F486P) T23019C(S:F486P) T23031C(S:F490S) A23055G(S:Q498R) A23063T(S:N501Y)	22	4730	0.004651162790697674	22778	23065
G22813T(S:K417N) T22882G(S:N440K) G22895C(S:V445P) T22896C(S:V445P) G22898A(S:G446S) T22942G(S:N460K) G22992A(S:S477N) C22995A(S:T478K) A23013C(S:E484A) T23018C(S:F486P) T23019C(S:F486P)	22	20834	0.0010559662090813093	22811	23023
A22253G(S:I231V) G22317T(S:G252V) G22427A(S:V289I)	22	8048	0.0027335984095427437	22248	22431
G22813T(S:K417N) T22882G(S:N440K) G22895C(S:V445P) T22896C(S:V445P) G22898A(S:G446S) T22928C(S:F456L) T22942G(S:N460K) G22992A(S:S477N) C22995G(S:T478R) A23013C(S:E484A)	22	22990	0.0009569377990430622	22811	23013
A21713G(S:T51A) G21718T(S:Q52H) T21810C(S:V83A)	21	77904	0.00026956253850893405	21712	21811
A23301G(S:Q580R)	21	132235	0.00015880818240254094	23295	23304
G22813T(S:K417N) T22930A(S:F456L) T22942G(S:N460K) G22992A(S:S477N) C22995A(S:T478K) A23013C(S:E484A)	21	22990	0.0009134406263592867	22805	23013
A22786C(S:R408S) G22992A(S:S477N) C22995A(S:T478K) A23013C(S:E484A) T23018C(S:F486P) T23019C(S:F486P) T23031C(S:F490S)	21	10664	0.0019692423105776443	22784	23049
A23365G(S:G601G) A23403G(S:D614G)	21	90274	0.0002326251190819062	23364	23404
T21644C(S:Y28H)	21	149990	0.00014000933395559703	21643	21742
G22992A(S:S477N) C22995G(S:T478R) A23013C(S:E484A) T23018C T23031C(S:F490S)	21	74768	0.00028086882088594053	22957	23032
T23374C(S:T604T) A23403G(S:D614G)	21	90594	0.0002318034306907742	23348	23403
(21990,3)(S:DEL144) C22000A(S:H146Q) T22200A(S:V213E)	21	4384	0.00479014598540146	21979	22211
A23263G(S:R567R)	21	133016	0.00015787574427136584	23262	23271
C21587T(S:P9S)	21	89453	0.00023476015337663353	21513	21595
G23242A(S:L560L)	21	125670	0.000167104320840296	23217	23271
T22942G(S:N460K) G22992A(S:S477N) A23013C(S:E484A) T23018C	21	81679	0.0002571040291874288	22926	23018
C21618T(S:T19I) (21632,9)(S:DEL25/27) A21675G(S:Y38C)	21	118986	0.00017649135192375574	21611	21676
T22882G(S:N440K) G22895C G22898A(S:G446S) T22930A(S:F456L) T22942G(S:N460K) G22992A(S:S477N) C22995A(S:T478K)	21	64801	0.0003240690730081326	22871	22997
A22786C(S:R408S) G22813T(S:K417N) G22898A(S:G446S) T22928C(S:F456L) T22942G(S:N460K) G22992A(S:S477N)	21	21191	0.0009909867396536264	22778	22994
A23359G(S:T599T) A23403G(S:D614G)	21	88565	0.00023711398407948964	23358	23403
G22895C(S:V445P) T22896C(S:V445P) G22898A(S:G446S) T22930A(S:F456L) T22942G(S:N460K) G22992A(S:S477N) C22995G(S:T478R)	21	70055	0.0002997644707729641	22887	22997
C21618T(S:T19I) (21632,9)(S:DEL25/27) T21649C(S:T29T)	21	132228	0.00015881658952718032	21613	21658
A22786C(S:R408S) G22898A(S:G446S) T22930A(S:F456L) T22942G(S:N460K) G22992A(S:S477N) C22995A(S:T478K)	21	20736	0.0010127314814814814	22784	22997
G22895C(S:V445P) T22896C(S:V445P) G22898A(S:G446S) T22930A(S:F456L) G22992A(S:S477N) C22995A(S:T478K) A23013C(S:E484A) T23018C(S:F486P) T23019C(S:F486P) T23031C(S:F490S) A23055G(S:Q498R) A23063T(S:N501Y)	21	22325	0.0009406494960806271	22887	23063
G22992A(S:S477N) C22995A(S:T478K) A23013C(S:E484A) T23019C T23031C(S:F490S) A23055G(S:Q498R) A23063T(S:N501Y) T23075C(S:Y505H)	21	22080	0.0009510869565217392	22962	23111
T22882G(S:N440K) G22895C(S:V445P) T22896C(S:V445P) G22898A(S:G446S) T22942G(S:N460K) C22995G(S:T478R) A23013C(S:E484A) T23018C(S:F486P) T23019C(S:F486P) T23031C(S:F490S) A23055G(S:Q498R) A23063T(S:N501Y)	21	19659	0.0010682130321989928	22881	23063
G22577C(S:G339H) G22578A(S:G339H) G22599C(S:R346T) C22686T(S:S375F) A22688G(S:T376A) G22775A(S:D405N)	21	186	0.11290322580645161	22563	22780
A23366G(S:T602A) A23403G(S:D614G)	20	90336	0.0002213956783563585	23362	23410
A23362G(S:P600P) A23403G(S:D614G)	20	89909	0.00022244714099812032	23357	23410
T23272C(S:A570A)	20	134045	0.00014920362564810325	23262	23283
C21618T(S:T19I) (21632,9)(S:DEL25/27) C21691T(S:F43F)	20	101888	0.00019629396984924624	21611	21692
A23362T(S:P600P)	20	116054	0.00017233356885587743	23280	23362
T22882G(S:N440K) G22895C G22898A(S:G446S) T22930A(S:F456L) T22942G(S:N460K) G22992A(S:S477N) C22995A(S:T478K) A23013C(S:E484A) T23018C(S:F486P) T23019C(S:F486P) T23031C(S:F490S) A23055G(S:Q498R) A23063T(S:N501Y)	20	19659	0.0010173457449514217	22881	23063
G21987A(S:G142D) (21990,3)(S:DEL144) T21994C(S:Y144Y) C22000A(S:H146Q)	20	24193	0.000826685404869177	21909	22014
A23276G(S:T572A)	20	142386	0.00014046324779121543	23275	23294
G23205A(S:G548D) A23403G(S:D614G)	20	26996	0.0007408504963698325	23204	23403
G22813T(S:K417N) T22882G(S:N440K) T22928C(S:F456L) T22942G(S:N460K)	20	46574	0.0004294241422252759	22805	22983
C23347T(S:V595V) A23403G(S:D614G)	20	81530	0.0002453084754078253	23330	23410
T23281C(S:T573T)	20	147711	0.00013539953016363033	23280	23281
T22882G(S:N440K) G22895C(S:V445P) T22896C(S:V445P) G22898A(S:G446S) T22928C(S:F456L) T22942G(S:N460K) C22995G(S:T478R) A23013C(S:E484A) T23018C(S:F486P) T23019C(S:F486P) T23031C(S:F490S)	20	38954	0.0005134260923140113	22881	23031
G22813T(S:K417N) T22942G(S:N460K) G22992A(S:S477N) C22995G(S:T478R) A23013C(S:E484A) T23018C(S:F486P) T23019C(S:F486P) T23031C(S:F490S)	20	17283	0.0011572065035005497	22811	23031
G22813T(S:K417N) T22882G(S:N440K) T22942G(S:N460K) G22992A(S:S477N) A23013C(S:E484A) T23018C(S:F486P) T23019C(S:F486P) T23031C(S:F490S)	20	17283	0.0011572065035005497	22798	23031
C21618T(S:T19I) (21632,9)(S:DEL25/27) T21655C(S:S31S)	20	127959	0.00015630006486452692	21611	21662
T22928C(S:F456L) T22942G(S:N460K) G22992A(S:S477N) C22995G(S:T478R) A23013C(S:E484A) T23018C(S:F486P) T23019C(S:F486P) A23055G(S:Q498R) A23063T(S:N501Y) T23075C(S:Y505H)	20	17150	0.0011661807580174927	22927	23115
T21616C(S:L18L) C21618T(S:T19I) (21632,9)(S:DEL25/27)	20	130694	0.00015302921327681453	21611	21654
C21618T(S:T19I) A21630G(S:Q23R) (21632,9)(S:DEL25/27)	20	132228	0.00015125389478779077	21611	21654
T21810C(S:V83A) G21839A(S:A93T)	20	113103	0.00017682996914317038	21777	21848
T21810C(S:V83A) (21834,1)(S:DEL92)	19	115621	0.0001643300092543742	21803	21858
T22882G(S:N440K) G22992A(S:S477N) C22995A(S:T478K) A23013C(S:E484A) T23018C(S:F486P) T23019C(S:F486P) T23031C(S:F490S) A23055G(S:Q498R) A23063T(S:N501Y)	19	19659	0.0009664784577038506	22799	23066
A22786C(S:R408S) G22813T(S:K417N) T22930A(S:F456L) T22942G(S:N460K) C22995A(S:T478K)	19	20736	0.0009162808641975308	22778	22997
T22200A(S:V213E) A22253G(S:I231V) G22427A(S:V289I)	19	4076	0.004661432777232581	22193	22431
T22928C(S:F456L) T22942G(S:N460K) T23031C(S:F490S) A23055G(S:Q498R) A23063T(S:N501Y) T23075C(S:Y505H)	19	17150	0.001107871720116618	22898	23110
T22942G(S:N460K) G22992A(S:S477N) C22995G(S:T478R) T23018C(S:F486P) T23019C(S:F486P) T23031C(S:F490S) A23055G(S:Q498R) A23063T(S:N501Y) T23075C(S:Y505H)	19	20028	0.0009486718593968444	22941	23111
T23246C(S:F562L)	19	123920	0.00015332472562943836	23226	23260
(23779,'G')(S:INS740) C23854A(S:N764K)	19	37403	0.0005079806432639093	23776	23874
C21618T(S:T19I) (21632,9)(S:DEL25/27) A21650G(S:N30D)	19	132228	0.00014369120004840126	21614	21674
C21618T(S:T19I) (21632,9)(S:DEL25/27) A21692G(S:R44G)	19	101851	0.0001865470147568507	21611	21692
C21618T(S:T19I) (21632,9)(S:DEL25/27) T21671C(S:Y37H)	19	124660	0.0001524145676239371	21611	21671
T22928C(S:F456L) G22992A(S:S477N)	19	108951	0.00017439032225495866	22907	22993
T21808C(S:P82P) T21810C(S:V83A)	19	132083	0.0001438489434673652	21798	21836
G22992A(S:S477N) C22995G(S:T478R)	19	122744	0.00015479371700449716	22917	22998
A23403G(S:D614G) T23411C(S:C617R)	19	73019	0.0002602062476889577	23362	23411
G22898A(S:G446S) T22942G(S:N460K) G22992A(S:S477N) C22995A(S:T478K)	19	75784	0.00025071255146205	22897	22997
G22813T(S:K417N) T22882G(S:N440K) G22992A(S:S477N) A23013C(S:E484A) T23018C(S:F486P) T23019C(S:F486P) T23031C(S:F490S)	19	17283	0.0010993461783255223	22805	23041
T22882G(S:N440K) G22895C(S:V445P) T22896C(S:V445P) G22898A(S:G446S) T22930A(S:F456L) T22942G(S:N460K) G22992A(S:S477N) C22995A(S:T478K) A23013C(S:E484A) T23018C T23031C(S:F490S) A23055G(S:Q498R) A23063T(S:N501Y)	19	19659	0.0009664784577038506	22881	23066
T22882G(S:N440K) G22895C(S:V445P) T22896C(S:V445P) G22898A(S:G446S) T22928C(S:F456L) T22942G(S:N460K) C22995A(S:T478K) A23013C(S:E484A) T23018C(S:F486P) T23019C(S:F486P) T23031C(S:F490S)	19	38954	0.00048775478769831084	22881	23031
T22882G(S:N440K) G22895C(S:V445P) T22896C(S:V445P) G22898A(S:G446S) T22942G(S:N460K) G22992A(S:S477N) C22995A(S:T478K) A23013C(S:E484A) T23018C(S:F486P) T23019C(S:F486P)	19	45529	0.00041731643567835883	22857	23023
A22804G(S:Q414Q) G22813T(S:K417N) T22882G(S:N440K)	19	63327	0.00030003000300030005	22802	22894
T21810C(S:V83A) C21840T(S:A93V)	19	112979	0.00016817284628116728	21799	21854
A22786C(S:R408S) G22813T(S:K417N) G22992A(S:S477N) C22995A(S:T478K) A23013C(S:E484A) T23018C T23031C(S:F490S) A23055G(S:Q498R) A23063T(S:N501Y)	19	4730	0.0040169133192389005	22778	23066
G22895C(S:V445P) T22896C(S:V445P) T22930A(S:F456L) T22942G(S:N460K)	19	102097	0.0001860975346973956	22887	22942
T22928C(S:F456L) T22942G(S:N460K) C22995A(S:T478K)	19	103846	0.00018296323401960596	22921	22996
A23403G(S:D614G) A23419G(S:E619E)	19	67294	0.0002823431509495646	23362	23425
A23403G(S:D614G) C23413T(S:C617C)	19	72263	0.00026292846961792343	23362	23417
A23348G(S:S596G) A23403G(S:D614G)	18	83837	0.00021470233906270501	23347	23403
T21644C(S:Y28H) T21810C(S:V83A)	18	42872	0.00041985445045717487	21643	21812
A22786C(S:R408S) G22813T(S:K417N) T22882G(S:N440K) G22898A(S:G446S) T22928C(S:F456L) T22942G(S:N460K) G22992A(S:S477N) C22995A(S:T478K)	18	20736	0.0008680555555555555	22784	22997
A21712G(S:S50S) G21718T(S:Q52H) T21810C(S:V83A)	18	75792	0.00023749208359721342	21711	21812
T22896C G22898A(S:G446S) T22930A(S:F456L) T22942G(S:N460K)	18	103357	0.00017415366158073475	22887	22942
C21587T(S:P9S) C21618T(S:T19I) (21632,9)(S:DEL25/27)	18	45063	0.0003994407829039345	21568	21653
A21617G(S:T19V) C21618T(S:T19V) (21632,9)(S:DEL25/27)	18	130694	0.0001377262919491331	21611	21676
G22895C(S:V445P) T22896C(S:V445P) G22898A(S:G446S) T22930A(S:F456L) T22942G(S:N460K) C22995A(S:T478K) A23013C(S:E484A) T23018C(S:F486P) T23019C(S:F486P) T23031C(S:F490S) A23055G(S:Q498R) A23063T(S:N501Y)	18	22325	0.0008062709966405376	22887	23066
C23260T(S:G566G) A23403G(S:D614G)	18	38015	0.00047349730369590954	23221	23410
G22895C G22898A(S:G446S) T22928C(S:F456L) T22942G(S:N460K)	18	102097	0.000176302927608059	22887	22944
C23833T(S:G757G) C23854A(S:N764K)	18	40504	0.00044440055303179935	23779	23854
T22942G(S:N460K) G22992A(S:S477N) C22995G(S:T478R) A23013C(S:E484A) T23018C(S:F486P) T23019C(S:F486P) T23031C(S:F490S) A23055G(S:Q498R) T23075C(S:Y505H)	18	20028	0.0008987417615338526	22941	23103
T23371C(S:N603N) A23403G(S:D614G)	18	90511	0.00019887085547612998	23350	23410
A23203T(S:T547T)	18	105422	0.0001707423497941606	23194	23203
T22882G(S:N440K) G22895C(S:V445P) T22896C(S:V445P) G22898A(S:G446S) T22928C(S:F456L) T22942G(S:N460K) C22995G(S:T478R) A23013C(S:E484A) T23018C(S:F486P) T23019C(S:F486P)	18	45529	0.0003953524127479189	22856	23023
A22786C(S:R408S) T22942G(S:N460K) G22992A(S:S477N) C22995G(S:T478R) A23013C(S:E484A) T23018C(S:F486P) T23019C(S:F486P) T23031C(S:F490S)	18	10664	0.0016879219804951237	22782	23031
A23276G(S:T572A) T23377C(S:S605S)	18	63740	0.0002823972387825541	23275	23377
T22930A(S:F456L) T22942G(S:N460K) G22992A(S:S477N) C22995A(S:T478K) A23013C(S:E484A) T23019C	18	67684	0.0002659417292122215	22928	23023
A21764G(S:I68V) T21810C(S:V83A)	18	115813	0.00015542296633365858	21763	21854
T22882G(S:N440K) G22895C(S:V445P) T22896C(S:V445P) G22898A(S:G446S) T22930A(S:F456L) T22942G(S:N460K) C22995A(S:T478K) A23013C(S:E484A)	18	49380	0.00036452004860267317	22864	23013
C23280T(S:T573I)	18	147425	0.00012209598100729186	23262	23282
G22813T(S:K417N) T22942G(S:N460K) G22992A(S:S477N) C22995G(S:T478R)	18	33169	0.0005426753896710784	22799	22997
G22895C(S:V445P) T22896C(S:V445P) G22898A(S:G446S) T22928C(S:F456L) T22942G(S:N460K) G22992A(S:S477N) C22995G(S:T478R) A23013C(S:E484A) T23018C(S:F486P) T23019C(S:F486P) T23031C(S:F490S) A23055G(S:Q498R)	18	24309	0.0007404664938911515	22887	23056
C21618T(S:T19I) (21632,9)(S:DEL25/27) T21664C(S:R34R)	18	126547	0.00014223964218827787	21611	21674
T21810C(S:V83A) T21856C(S:S98S)	18	106826	0.00016849830565592646	21787	21856
A23403G(S:D614G) A23440G(S:A626A)	18	47028	0.0003827507017096198	23353	23448
A23283G(S:D574G)	18	147200	0.00012228260869565218	23279	23283
T22882G(S:N440K) G22895C(S:V445P) T22896C(S:V445P) G22898A(S:G446S) T22928C(S:F456L) T22942G(S:N460K) C22995A(S:T478K)	18	64801	0.00027777349114982793	22881	22997
(23230,1)(S:DEL557)	18	125625	0.00014328358208955225	23227	23276
T22882G(S:N440K) G22895C(S:V445P) T22896C(S:V445P) G22898A(S:G446S) T22928C(S:F456L) A23055G(S:Q498R) A23063T(S:N501Y) T23075C(S:Y505H)	17	8824	0.0019265639165911151	22881	23111
T22882G(S:N440K) G22895C	17	112177	0.0001515462171389857	22824	22895
A22786C(S:R408S) G22895C(S:V445P) T22896C(S:V445P) G22898A(S:G446S) T22930A(S:F456L) T22942G(S:N460K)	17	30001	0.0005666477784073864	22778	22959
A22786C(S:R408S) G22813T(S:K417N) T22942G(S:N460K) C22995G(S:T478R)	17	20736	0.0008198302469135802	22778	22997
A22786C(S:R408S) G22813T(S:K417N) G22992A(S:S477N) C22995A(S:T478K) A23013C(S:E484A) T23019C T23031C(S:F490S) A23055G(S:Q498R) A23063T(S:N501Y)	17	4730	0.003594080338266385	22778	23066
C21618T(S:T19I) (21632,9)(S:DEL25/27) C21678A(S:P39H)	17	110985	0.00015317385232238592	21611	21678
T22882G(S:N440K) G22895C G22898A(S:G446S) T22942G(S:N460K) G22992A(S:S477N) C22995G(S:T478R)	17	64801	0.00026234163053039306	22857	22997
T22930A(S:F456L) T22942G(S:N460K) C22995A(S:T478K) A23013C(S:E484A) T23018C(S:F486P) T23019C(S:F486P) T23031C(S:F490S) A23055G(S:Q498R) A23063T(S:N501Y) T23075C(S:Y505H)	17	17199	0.0009884295598581313	22926	23103
T22882G(S:N440K) G22895C(S:V445P) T22896C(S:V445P) T22928C(S:F456L) T22942G(S:N460K) G22992A(S:S477N) C22995G(S:T478R)	17	64801	0.00026234163053039306	22881	22999
G22895C(S:V445P) T22896C(S:V445P) G22898A(S:G446S) T22942G(S:N460K) G22992A(S:S477N) C22995A(S:T478K) A23013C(S:E484A) T23018C(S:F486P) T23019C(S:F486P) T23031C(S:F490S)	17	43100	0.00039443155452436197	22887	23031
T21810C(S:V83A) T21841C(S:A93A)	17	112851	0.00015064111084527385	21808	21854
G22813T(S:K417N) T22882G(S:N440K) T22896C G22898A(S:G446S) T22930A(S:F456L) T22942G(S:N460K)	17	46574	0.00036501052089148454	22803	22943
T22882G(S:N440K) G22895C(S:V445P) T22896C(S:V445P) G22898A(S:G446S) T22928C(S:F456L) G22992A(S:S477N) C22995A(S:T478K) A23013C(S:E484A) T23018C(S:F486P) T23019C(S:F486P) T23031C(S:F490S) A23055G(S:Q498R) A23063T(S:N501Y)	17	19659	0.0008647438832087085	22881	23067
T21810C(S:V83A) G21870A(S:G103D)	17	80348	0.00021157962861552247	21802	21885
T23184C(S:F541S)	17	87619	0.00019402184457708945	23182	23194
A23250G(S:Q563R)	17	124636	0.00013639718861324177	23240	23270
G22813T(S:K417N) T22882G(S:N440K) G22895C(S:V445P) T22896C(S:V445P) G22898A(S:G446S) A23013C(S:E484A) T23018C(S:F486P) T23019C(S:F486P) T23031C(S:F490S) A23055G(S:Q498R) A23063T(S:N501Y) T23075C(S:Y505H)	17	3104	0.00547680412371134	22812	23103
A22786C(S:R408S) G22813T(S:K417N) T22882G(S:N440K) G22895C(S:V445P) T22896C(S:V445P) T22928C(S:F456L) T22942G(S:N460K)	17	30001	0.0005666477784073864	22782	22943
A22786C(S:R408S) G22813T(S:K417N) G22898A(S:G446S) T22928C(S:F456L) T22942G(S:N460K) C22995G(S:T478R)	17	20736	0.0008198302469135802	22778	22997
T23385G(S:V608G) A23403G(S:D614G)	17	90641	0.0001875530940744255	23358	23410
A22786C(S:R408S) G22992A(S:S477N) C22995G(S:T478R) A23013C(S:E484A) T23018C(S:F486P) T23019C(S:F486P) T23031C(S:F490S)	17	10664	0.0015941485371342835	22783	23042
C21618T(S:T19I) A21625G(S:R21R) (21632,9)(S:DEL25/27)	17	132228	0.00012856581056962216	21611	21661
A22786C(S:R408S) T22882G(S:N440K) G22895C(S:V445P) T22896C(S:V445P) G22898A(S:G446S) T22928C(S:F456L)	17	32001	0.0005312333989562826	22784	22928
G22813T(S:K417N) T23031C(S:F490S) A23055G(S:Q498R) A23063T(S:N501Y) T23075C(S:Y505H)	17	3104	0.00547680412371134	22799	23108
T22882G(S:N440K) G22895C(S:V445P) T22896C(S:V445P) G22898A(S:G446S) T22930A(S:F456L) T22942G(S:N460K) G22992A(S:S477N) C22995A(S:T478K) T23018C(S:F486P) T23019C(S:F486P) T23031C(S:F490S)	17	38954	0.00043641217846690966	22881	23031
A22786C(S:R408S) G22813T(S:K417N) T22942G(S:N460K) G22992A(S:S477N) A23013C(S:E484A) T23018C(S:F486P) T23019C(S:F486P)	17	12905	0.0013173188686555599	22778	23023
G22992A(S:S477N) C22995A(S:T478K) T23018C(S:F486P) T23019C(S:F486P) T23031C(S:F490S) A23055G(S:Q498R) A23063T(S:N501Y) T23075C(S:Y505H)	17	22080	0.0007699275362318841	22964	23111
T23377C(S:S605S) A23403G(S:D614G)	17	90597	0.00018764418247844852	23358	23410
C23206T(S:G548G)	17	109677	0.00015500059264932482	23203	23216
C21618T(S:T19I) (21632,9)(S:DEL25/27) C21676T(S:Y38Y)	17	118681	0.0001432411253696885	21613	21676
C21618T(S:T19I) (21631,9)(S:DEL24/26) G21641C(S:A27P)	17	132228	0.00012856581056962216	21611	21676
C21618T(S:T19I) T21628C(S:T22T) (21632,9)(S:DEL25/27)	17	132228	0.00012856581056962216	21611	21654
T22882G(S:N440K) G22895C(S:V445P) T22896C(S:V445P) G22898A(S:G446S) T22942G(S:N460K) G22992A(S:S477N) A23013C(S:E484A) T23018C(S:F486P) T23019C(S:F486P) T23031C(S:F490S)	17	38954	0.00043641217846690966	22881	23031
T23374G(S:T604T) A23403G(S:D614G)	17	90594	0.0001876503962734839	23364	23409
A21804G(S:N81S) T21810C(S:V83A)	17	130476	0.00013029216101045403	21803	21824
T22882G(S:N440K) G22895C(S:V445P) T22896C(S:V445P) G22898A(S:G446S) T22930A(S:F456L) G22992A(S:S477N) C22995A(S:T478K) A23013C(S:E484A) T23018C(S:F486P) T23019C(S:F486P) T23031C(S:F490S) A23055G(S:Q498R)	17	21484	0.0007912865388195867	22881	23056
T23599G(S:N679K) C23664T(S:A701V) C23854A(S:N764K)	17	5943	0.0028605081608615176	23597	23854
G22895C(S:V445P) T22896C(S:V445P) G22898A(S:G446S) T22930A(S:F456L) T22942G(S:N460K) C22995A(S:T478K) A23013C(S:E484A) T23018C(S:F486P) T23019C(S:F486P) T23031C(S:F490S)	17	43100	0.00039443155452436197	22887	23031
C21618T(S:T19I) (21631,9)(S:DEL24/26) T21810C(S:V83A)	16	32742	0.0004886689878443589	21613	21812
T21810C(S:V83A) T21861C(S:I100T)	16	102863	0.00015554669803525078	21784	21861
T22930A(S:F456L) T22942G(S:N460K) G22992A(S:S477N) C22995G(S:T478R) A23013C(S:E484A) T23018C(S:F486P) T23019C(S:F486P) A23055G(S:Q498R) A23063T(S:N501Y) T23075C(S:Y505H)	16	17199	0.0009302866445723588	22926	23115
T22882G(S:N440K) G22895C(S:V445P) T22896C(S:V445P) G22898A(S:G446S) T22928C(S:F456L) T23019C T23031C(S:F490S) A23055G(S:Q498R) A23063T(S:N501Y) T23075C(S:Y505H)	16	8824	0.001813236627379873	22856	23115
T21810C(S:V83A) T21841G(S:A93A)	16	112851	0.00014177986903084598	21803	21868
C22674T(S:S371F) T22679C(S:S373P) C22686T(S:S375F) A22688G(S:T376A) G22775A(S:D405N) A22786C(S:R408S) G22813T(S:K417N)	16	323	0.04953560371517028	22666	22815
G22992A(S:S477N) C22995A(S:T478K) A23013C(S:E484A) T23018C(S:F486P) T23019C(S:F486P) T23031C(S:F490S) A23055G(S:Q498R) T23075C(S:Y505H)	16	22080	0.0007246376811594203	22959	23104
T21810C(S:V83A) T21872C(S:W104R)	16	79255	0.00020188000757050028	21804	21886
T23350C(S:S596S) A23403G(S:D614G)	16	84466	0.00018942533090237493	23348	23403
A23055G(S:Q498R) A23063T(S:N501Y)	16	45377	0.0003526015382242105	23034	23115
C21618T(S:T19I) (21632,9)(S:DEL25/27) T21644C(S:Y28H) G21718T(S:Q52H)	16	68073	0.0002350417933688834	21614	21732
C23290T(S:V576V)	16	133706	0.00011966553483014973	23280	23295
T22882G(S:N440K) G22895C(S:V445P) T22896C(S:V445P) T22930A(S:F456L) T22942G(S:N460K) T23031C(S:F490S) A23055G(S:Q498R) A23063T(S:N501Y) T23075C(S:Y505H)	16	8824	0.001813236627379873	22881	23111
T21810C(S:V83A) T21835C(S:Y91Y)	16	115621	0.00013838316568789408	21808	21845
A23312G(S:I584V)	16	136311	0.00011737864148894806	23257	23312
G21987A(S:G142D) (21990,3)(S:DEL144) C22000A(S:H146Q) (22115,3)(S:DEL186)	16	11687	0.0013690425258834603	21968	22132
(21990,3)(S:DEL144) C22000A(S:H146Q) C22109G(S:Q183E) (22115,3)(S:DEL186)	16	11687	0.0013690425258834603	21978	22127
T23287C(S:A575A)	16	134968	0.0001185466184577085	23280	23287
T23178C(S:V539A)	16	80322	0.0001991982271357785	23161	23196
A22786C(S:R408S) G22813T(S:K417N) G22895C(S:V445P) T22896C(S:V445P) G22898A(S:G446S) T22928C(S:F456L)	16	32001	0.000499984375488266	22778	22928
T22882G(S:N440K) G22895C(S:V445P) T22896C(S:V445P) G22898A(S:G446S) T22928C(S:F456L) T22942G(S:N460K) G22992A(S:S477N) A23013C(S:E484A) T23018C(S:F486P) T23019C(S:F486P)	16	45529	0.000351424366887039	22856	23023
A22786C(S:R408S) G22813T(S:K417N) T22930A(S:F456L) T22942G(S:N460K) G22992A(S:S477N) A23013C(S:E484A)	16	14249	0.0011228858165485296	22778	23013
G22813T(S:K417N) T22882G(S:N440K) T22942G(S:N460K)	16	46574	0.00034353931378022074	22800	22986
A22786C(S:R408S) G22813T(S:K417N) T22882G(S:N440K) T22942G(S:N460K) G22992A(S:S477N) C22995G(S:T478R) A23013C(S:E484A)	16	14249	0.0011228858165485296	22784	23014
C21618T(S:T19I) (21631,9)(S:DEL24/26) (21632,9)(S:DEL25/27)	16	132228	0.00012100311583023263	21611	21673
C21618T(S:T19I) (21632,9)(S:DEL25/27) T21656C(S:F32L)	16	127925	0.0001250732851280047	21612	21673
G22813T(S:K417N) G22898A(S:G446S) T22930A(S:F456L) T22942G(S:N460K) G22992A(S:S477N) C22995A(S:T478K)	16	33169	0.0004823781241520697	22798	22997
A23382C(S:Q607P) A23403G(S:D614G)	16	90613	0.00017657510511736725	23362	23410
G22992A(S:S477N) A23013C(S:E484A) T23018C(S:F486P) T23019C(S:F486P) T23031C(S:F490S) A23055G(S:Q498R) A23063T(S:N501Y)	16	37193	0.0004301884763261904	22968	23066
C22995A(S:T478K) A23013C(S:E484A) T23018C(S:F486P) T23019C(S:F486P) T23031C(S:F490S) A23055G(S:Q498R)	16	40777	0.00039237805625720384	22968	23056
T23599G(S:N679K) C23604A(S:P681H) C23664T(S:A701V) T23693C(S:S711P)	16	23841	0.0006711127888930833	23593	23693
T23599G(S:N679K) C23604A(S:P681H) T23693C(S:S711P)	16	23841	0.0006711127888930833	23593	23693
G22895C(S:V445P) T22896C(S:V445P) G22898A(S:G446S) T22928C(S:F456L) T22942G(S:N460K) G22992A(S:S477N) C22995A(S:T478K) A23013C(S:E484A) T23018C(S:F486P) T23019C(S:F486P) T23031C(S:F490S) A23055G(S:Q498R)	16	24309	0.0006581924390143568	22887	23057
A23382G(S:Q607R) A23403G(S:D614G)	16	90613	0.00017657510511736725	23349	23410
G23401T(S:Q613H) A23403G(S:D614G)	16	90797	0.00017621727590118617	23348	23410
A22786C(S:R408S) G22813T(S:K417N) T22882G(S:N440K) G22992A(S:S477N) C22995G(S:T478R) A23013C(S:E484A) T23018C(S:F486P) T23019C(S:F486P) T23031C(S:F490S) A23055G(S:Q498R)	16	5270	0.0030360531309297912	22784	23057
T23391C(S:V610A) A23403G(S:D614G)	16	90672	0.0001764602082230457	23362	23410
T22882G(S:N440K) G22895C(S:V445P) T22896C(S:V445P) G22898A(S:G446S) T22930A(S:F456L) T22942G(S:N460K) C22995A(S:T478K) A23013C(S:E484A) T23018C(S:F486P) T23019C(S:F486P) T23031C(S:F490S) A23055G(S:Q498R)	15	21484	0.0006981940048408117	22881	23057
G21604A(S:Q14Q) C21618T(S:T19I) (21632,9)(S:DEL25/27)	15	52275	0.00028694404591104734	21601	21674
A23379C(S:N606T) A23403G(S:D614G)	15	90600	0.00016556291390728477	23363	23410
T23238C(S:F559S)	15	125278	0.00011973371222401379	23212	23285
T23296C(S:D578D)	15	133938	0.00011199211575505084	23276	23296
A23403G(S:D614G) A23416G(S:T618T)	15	70563	0.0002125759959185409	23359	23424
T22882G(S:N440K) G22895C(S:V445P) T22896C(S:V445P) T22942G(S:N460K) G22992A(S:S477N) C22995G(S:T478R)	15	64801	0.00023147790929152327	22881	22999
C21618T(S:T19I) (21632,9)(S:DEL25/27) A21684G(S:K41R)	15	102845	0.00014585055180125431	21611	21692
G22813T(S:K417N) G22992A(S:S477N) C22995A(S:T478K) A23013C(S:E484A) T23018C(S:F486P) T23019C(S:F486P) T23031C(S:F490S)	15	17283	0.0008679048776254123	22806	23047
A22786C(S:R408S) G22813T(S:K417N) T23031C(S:F490S) A23055G(S:Q498R) T23075C(S:Y505H)	15	1814	0.008269018743109152	22778	23111
A23403G(S:D614G) C23430T(S:A623V)	15	52638	0.00028496523424142257	23363	23430
A23403G(S:D614G) T23428C(S:V622V)	15	53623	0.00027973071256736845	23362	23430
A23180G(S:N540D)	15	81158	0.00018482466300303113	23166	23195
T21596C(S:S12P)	15	88158	0.00017014905056829784	21513	21596
A23140G(S:G526G)	15	59894	0.00025044244832537484	23129	23195
T22882G(S:N440K) G22895C(S:V445P) T22896C(S:V445P) G22898A(S:G446S) T22930A(S:F456L) T22942G(S:N460K) A23013C(S:E484A) T23018C(S:F486P) T23019C(S:F486P) T23031C(S:F490S)	15	38954	0.00038506956923550854	22881	23031
T22882G(S:N440K) T22942G(S:N460K) G22992A(S:S477N) C22995A(S:T478K) A23013C(S:E484A) T23018C(S:F486P) T23019C(S:F486P) T23031C(S:F490S)	15	38954	0.00038506956923550854	22806	23031
A23223C	15	122701	0.0001222483924336395	23123	23223
T22882G(S:N440K) T22896C G22898A(S:G446S) T22930A(S:F456L) T22942G(S:N460K) G22992A(S:S477N) C22995A(S:T478K) A23013C(S:E484A) T23018C(S:F486P) T23019C(S:F486P)	15	45529	0.0003294603439565991	22881	23023
T23247C(S:F562S)	15	123933	0.00012103313887342355	23226	23257
C21618T(S:T19I) (21632,9)(S:DEL25/27) T21653C(S:S31P)	15	132157	0.00011350136579976846	21611	21674
G21809A(S:V83T) T21810C(S:V83T)	15	132365	0.00011332300834812829	21804	21849
T22882G(S:N440K) G22895C(S:V445P) T22896C(S:V445P) G22898A(S:G446S) T22942G(S:N460K) G22992A(S:S477N) C22995G(S:T478R) A23013C(S:E484A) T23018C	15	45604	0.00032891851591965616	22881	23018
G22992A(S:S477N) C22995A(S:T478K) A23013C(S:E484A) T23018C T23031C(S:F490S) A23055G(S:Q498R) A23063T(S:N501Y) T23075C(S:Y505H)	15	22080	0.0006793478260869565	22962	23111
G22992A(S:S477N) C22995G(S:T478R) T23018C(S:F486P) T23019C(S:F486P) T23031C(S:F490S)	15	74768	0.00020062058634710036	22952	23036
C23360A(S:P600T) A23403G(S:D614G)	15	88910	0.00016870993139129456	23359	23448
A23403G(S:D614G) G23438A(S:A626T)	15	48342	0.000310289189524637	23358	23448
T23375C(S:S605P) A23403G(S:D614G)	15	90594	0.00016557387906483874	23343	23410
A23370C(S:N603T) A23403G(S:D614G)	15	90510	0.00016572754391779913	23354	23410
T23019C A23055G(S:Q498R) A23063T(S:N501Y) T23075C(S:Y505H)	15	24788	0.0006051315152493142	23018	23104
C22109G(S:Q183E) T22118A(S:F186I) T22200A(S:V213E)	15	10870	0.0013799448022079118	22087	22208
C23271T(S:A570V) A23403G(S:D614G)	15	44982	0.00033346672002134185	23268	23403
G22813T(S:K417N) T22882G(S:N440K) G22895C(S:V445P) T22896C(S:V445P) T22930A(S:F456L) T22942G(S:N460K)	15	46574	0.00032206810666895693	22805	22943
A23356G(S:I598M) A23403G(S:D614G)	15	86930	0.00017255262855170826	23342	23406
T22882G(S:N440K) G22895C(S:V445P) T22896C(S:V445P) G22898A(S:G446S) A23013C(S:E484A) T23018C(S:F486P) T23019C(S:F486P) T23031C(S:F490S) A23055G(S:Q498R) A23063T(S:N501Y) T23075C(S:Y505H)	15	8824	0.001699909338168631	22837	23103
T23344C(S:G594G) A23403G(S:D614G)	15	81337	0.00018441791558577276	23318	23410
G22599C(S:R346T) C22664A(S:L368I) C22674T(S:S371F) T22679C(S:S373P) C22686T(S:S375F) A22688G(S:T376A) G22775A(S:D405N) A22786C(S:R408S)	15	180	0.08333333333333333	22598	22787
G22813T(S:K417N) T22882G(S:N440K) G22898A(S:G446S) T22930A(S:F456L) T22942G(S:N460K)	15	46574	0.00032206810666895693	22799	22943
G22898A(S:G446S) T22928C(S:F456L) T22942G(S:N460K)	15	112321	0.0001335458195706947	22897	22950
(23334,1)(S:DEL592) A23403G(S:D614G)	15	79563	0.00018852984427434862	23319	23403
G22317T(S:G252V) C22341A(S:A260D)	15	23794	0.0006304110279902497	22314	22352
T23386C(S:V608V) A23403G(S:D614G)	15	90642	0.0001654861984510492	23358	23410
(22115,3)(S:DEL186)	15	23026	0.0006514375054286459	22096	22130
A23310G(S:E583G)	15	136755	0.00010968520346605243	23263	23314
C21618T(S:T19I) (21632,9)(S:DEL25/27) T21690C(S:F43S)	14	101889	0.00013740443031141732	21612	21692
T23394C(S:L611P) A23403G(S:D614G)	14	90701	0.00015435331473743398	23356	23410
T21810C(S:V83A) T21837G(S:F92C)	14	114063	0.0001227391879926006	21803	21850
T22930A(S:F456L) T22942G(S:N460K) G22992A(S:S477N) C22995A(S:T478K) A23013C(S:E484A) T23018C T23031C(S:F490S)	14	56431	0.00024809058850631743	22917	23034
A23372G(S:T604A) A23403G(S:D614G)	14	90584	0.00015455268038505696	23356	23403
A22786C(S:R408S) G22992A(S:S477N) C22995A(S:T478K) A23013C(S:E484A) T23018C(S:F486P) T23019C(S:F486P) T23031C(S:F490S) A23055G(S:Q498R)	14	5270	0.0026565464895635673	22778	23057
C22686T(S:S375F) A22688G(S:T376A) G22775A(S:D405N)	14	601	0.02329450915141431	22681	22780
T22928C(S:F456L) T22942G(S:N460K) G22992A(S:S477N) A23013C(S:E484A) T23018C(S:F486P) T23019C(S:F486P)	14	67261	0.0002081443927387342	22927	23023
A21692G(S:R44G)	14	152510	9.179725919611829e-05	21674	21760
T22930A(S:F456L) T22942G(S:N460K) C22995A(S:T478K) A23013C(S:E484A) T23031C(S:F490S) A23055G(S:Q498R) A23063T(S:N501Y) T23075C(S:Y505H)	14	17199	0.000814000814000814	22917	23111
T22882G(S:N440K) G22895C(S:V445P) T22896C(S:V445P) T22928C(S:F456L) T22942G(S:N460K) G22992A(S:S477N) C22995G(S:T478R) A23013C(S:E484A) T23018C(S:F486P) T23019C(S:F486P) T23031C(S:F490S) A23055G(S:Q498R) A23063T(S:N501Y)	14	19659	0.0007121420214659952	22881	23066
T21810C(S:V83A) T21837C(S:F92S)	14	114063	0.0001227391879926006	21795	21837
T23189C(S:F543L)	14	93732	0.00014936201083941451	23184	23211
T22882G(S:N440K) T22896C G22898A(S:G446S) T22930A(S:F456L) T22942G(S:N460K) T23031C(S:F490S) A23055G(S:Q498R) A23063T(S:N501Y) T23075C(S:Y505H)	14	8824	0.001586582048957389	22881	23110
A23403G(S:D614G) C23415T(S:T618I)	14	71720	0.00019520356943669828	23367	23417
T23289C(S:V576A)	14	133493	0.00010487441289056355	23272	23290
T23143C(S:P527P)	14	62746	0.00022312179262423101	23141	23222
T21773C(S:S71P) T21810C(S:V83A)	14	118225	0.0001184182702474096	21763	21823
C23123G(S:P521A)	14	43386	0.00032268473701193933	23122	23220
A23667G(S:E702G)	14	53783	0.00026030530093152114	23652	23723
G23213A(S:V551I)	14	125858	0.00011123647285035516	23210	23213
A21717G T21810C(S:V83A) T21818C	14	71012	0.00019714977750239396	21716	21818
A22786C(S:R408S) G22813T(S:K417N) T22942G(S:N460K) G22992A(S:S477N) C22995A(S:T478K) A23013C(S:E484A) T23018C T23031C(S:F490S)	14	10664	0.001312828207051763	22779	23031
T23278C(S:T572T) A23403G(S:D614G)	14	54900	0.00025500910746812386	23276	23409
A22786C(S:R408S) G22813T(S:K417N) T22882G(S:N440K) G22895C G22898A(S:G446S) T22930A(S:F456L)	14	31930	0.00043845912934544314	22782	22932
G22813T(S:K417N) T22882G(S:N440K) T22942G(S:N460K) C22995A(S:T478K) A23013C(S:E484A) T23018C(S:F486P) T23019C(S:F486P) T23031C(S:F490S)	14	17283	0.0008100445524503848	22805	23031
A22786C(S:R408S) G22813T(S:K417N) T22882G(S:N440K) T22942G(S:N460K) G22992A(S:S477N) C22995A(S:T478K) A23013C(S:E484A) T23018C(S:F486P) T23019C(S:F486P)	14	12905	0.001084850833010461	22784	23024
T21591C(S:L10P)	14	89511	0.00015640535800069265	21514	21591
G22895C(S:V445P) T22896C(S:V445P) G22898A(S:G446S) T22928C(S:F456L) T22942G(S:N460K) A23013C(S:E484A) T23018C(S:F486P) T23019C(S:F486P) T23031C(S:F490S) A23055G(S:Q498R) A23063T(S:N501Y) T23075C(S:Y505H)	14	10269	0.0013633265167007499	22887	23103
A24970G(S:T1136T) C25000T(S:D1146D)	14	6783	0.0020639834881320948	24969	25069
A23192G(S:N544D)	14	94182	0.00014864836168269945	23186	23196
T23332G(S:C590W) A23403G(S:D614G)	14	78805	0.00017765370217625784	23319	23410
G22895C(S:V445P) T22896C(S:V445P) G22898A(S:G446S) T22930A(S:F456L) T23031C(S:F490S) A23055G(S:Q498R) A23063T(S:N501Y) T23075C(S:Y505H)	14	10269	0.0013633265167007499	22887	23111
T22930A(S:F456L) G22992A(S:S477N) C22995A(S:T478K) A23013C(S:E484A) T23018C(S:F486P) T23019C(S:F486P) T23031C(S:F490S) A23055G(S:Q498R) A23063T(S:N501Y)	14	30818	0.0004542799662534882	22926	23064
T21810C(S:V83A) A21851G(S:K97E)	14	111076	0.00012603982858583313	21784	21856
C21618T(S:T19I) (21632,9)(S:DEL25/27) T21689C(S:F43L)	14	101892	0.0001374003847210772	21613	21692
G23259A(S:G566D) A23403G(S:D614G)	14	38015	0.0003682756806523741	23223	23410
A23200G(S:L546L)	14	102230	0.0001369461019270273	23199	23285
C21618T(S:T19I) A21631G(S:Q23Q) (21632,9)(S:DEL25/27)	14	132228	0.00010587772635145356	21611	21673
A22786C(S:R408S) T22930A(S:F456L) T22942G(S:N460K) G22992A(S:S477N) C22995A(S:T478K) A23013C(S:E484A)	14	14249	0.0009825250894799635	22778	23013
A23223G(S:E554G)	14	122701	0.0001140984996047302	23211	23285
T23278C(S:T572T)	14	144656	9.678132949894924e-05	23262	23285
A23366C(S:T602P) A23403G(S:D614G)	14	90336	0.00015497697484945095	23333	23409
A21803G(S:N81D) T21810C(S:V83A)	14	130200	0.00010752688172043011	21802	21861
A23357G(S:T599A) A23403G(S:D614G)	14	87214	0.00016052468640355907	23356	23420
T21810C(S:V83A) T21813C(S:L84P)	14	128306	0.00010911414898757657	21785	21856
T23396C(S:Y612H) A23403G(S:D614G)	14	90714	0.00015433119474392046	23358	23410
T22200A(S:V213E) A22253G(S:I231V) A22320G(S:D253G)	14	7289	0.0019207024283166415	22193	22322
A22786C(S:R408S) G22813T(S:K417N) T22882G(S:N440K) T22930A(S:F456L) T22942G(S:N460K) G22992A(S:S477N)	14	21191	0.000660657826435751	22784	22992
T23217C(S:L552P)	14	124336	0.00011259812121992022	23215	23276
A22320G(S:D253G) G22427A(S:V289I) C22480T(S:F306F)	14	5002	0.0027988804478208716	22317	22482
T22882G(S:N440K) G22895C G22898A(S:G446S) T22930A(S:F456L) T22942G(S:N460K) T23031C(S:F490S) A23055G(S:Q498R) A23063T(S:N501Y) T23075C(S:Y505H)	14	8824	0.001586582048957389	22881	23109
T22882G(S:N440K) G22895C(S:V445P) T22896C(S:V445P) T22930A(S:F456L) T22942G(S:N460K) G22992A(S:S477N) C22995A(S:T478K) A23013C(S:E484A)	14	49380	0.00028351559335763464	22873	23014
T21810C(S:V83A) G21848A(S:E96K)	14	111885	0.00012512848013585378	21808	21854
A23403G(S:D614G) G23429A(S:A623T)	14	53536	0.0002615062761506276	23363	23429
G22895C(S:V445P) T22896C(S:V445P) T22928C(S:F456L) T22942G(S:N460K)	14	102097	0.00013712449925071255	22894	22957
T23392C(S:V610V) A23403G(S:D614G)	13	90678	0.00014336443238712807	23362	23417
A23403G(S:D614G) A23436G(S:H625R)	13	48417	0.0002685007332135407	23362	23440
C21618T(S:T19I) (21632,9)(S:DEL25/27) A21647G(S:T29A)	13	132228	9.831503161206401e-05	21611	21671
G23390A(S:V610I) A23403G(S:D614G)	13	90663	0.00014338815172672425	23339	23405
T23803G C23854A(S:N764K) T23904C	13	11588	0.0011218501898515706	23802	23904
G23402A(S:D614S) A23403G(S:D614S)	13	90810	0.00014315604008369122	23350	23410
T23307C(S:L582P)	13	133829	9.71388861905865e-05	23256	23308
T23245C(S:P561P)	13	123726	0.00010507088243376493	23239	23266
T23183C(S:F541L)	13	82616	0.00015735450760143315	23182	23199
T21610C(S:V16V) C21618T(S:T19I) (21632,9)(S:DEL25/27)	13	52541	0.00024742581983593765	21604	21654
G21718T(S:Q52H) T21733C(S:P57P)	13	133357	9.748269682131422e-05	21641	21733
C21618T(S:T19I) (21632,9)(S:DEL25/27) C21662T(S:R34C)	13	127327	0.0001020993190760797	21611	21668
C21618T(S:T19I) (21632,9)(S:DEL25/27) T21670C(S:V36V)	13	124802	0.0001041649973558116	21611	21672
T23176C(S:C538C)	13	80051	0.0001623964722489413	23172	23216
A23201G(S:T547A)	13	102480	0.00012685402029664325	23189	23220
A23193C(S:N544T)	13	94488	0.00013758360850055034	23190	23220
A23203G(S:T547T) A23403G(S:D614G)	13	24244	0.000536215146015509	23202	23403
A21779G(S:T73A) T21810C(S:V83A)	13	119945	0.00010838300887906957	21778	21812
C23252T(S:Q564*)	13	124953	0.00010403911870863445	23226	23283
T23330C(S:C590R) A23403G(S:D614G)	13	78456	0.00016569797083715714	23329	23410
A23319G(S:D586G) A23403G(S:D614G)	13	74788	0.0001738246777557897	23318	23403
C23220T(S:T553I)	13	124000	0.00010483870967741936	23214	23222
T21613C(S:N17N) C21618T(S:T19I) (21632,9)(S:DEL25/27)	13	129941	0.00010004540522237015	21611	21677
C23320T(S:D586D)	13	134616	9.657098710405895e-05	23292	23335
T21667G G21718T(S:Q52H)	13	106360	0.00012222640090259497	21666	21762
A23368G(S:T602T) A23403G(S:D614G)	13	90510	0.00014363053806209258	23351	23403
A23369G(S:N603D) A23403G(S:D614G)	13	90510	0.00014363053806209258	23348	23410
C23700T(S:A713V)	13	61323	0.00021199223782267666	23693	23757
T21810C(S:V83A) T21847C(S:T95T)	13	111950	0.00011612326931665922	21808	21847
G22577C(S:G339H) G22578A(S:G339H) G22599C(S:R346T) C22664A(S:L368I) C22674T(S:S371F) T22679C(S:S373P)	13	546	0.023809523809523808	22563	22679
G22895C G22898A(S:G446S) T22930A(S:F456L) T22942G(S:N460K) G22992A(S:S477N) C22995A(S:T478K) A23013C(S:E484A) T23018C(S:F486P) T23019C(S:F486P) T23031C(S:F490S)	13	43100	0.0003016241299303944	22887	23031
T22882G(S:N440K) G22895C G22898A(S:G446S) T22930A(S:F456L) T22942G(S:N460K) G22992A(S:S477N) C22995A(S:T478K) A23013C(S:E484A) T23018C(S:F486P) T23019C(S:F486P)	13	45529	0.0002855322980957192	22864	23023
T22930A(S:F456L) T22942G(S:N460K) C22995A(S:T478K) T23031C(S:F490S) A23055G(S:Q498R) A23063T(S:N501Y) T23075C(S:Y505H)	13	17199	0.0007558578987150416	22914	23111
T21810C(S:V83A) C22109G(S:Q183E) (22115,3)(S:DEL186)	13	88	0.14772727272727273	21808	22125
T22928C(S:F456L) T22942G(S:N460K) G22992A(S:S477N) A23013C(S:E484A) T23018C	13	70043	0.00018560027411732792	22917	23018
T22882G(S:N440K) T22896C G22898A(S:G446S) T22928C(S:F456L) T22942G(S:N460K) G22992A(S:S477N) C22995G(S:T478R) A23013C(S:E484A) T23018C(S:F486P) T23019C(S:F486P) T23031C(S:F490S)	13	38954	0.0003337269600041074	22880	23031
A21794G(S:R78G) T21810C(S:V83A)	13	127011	0.0001023533394745337	21776	21822
G22898A(S:G446S) T22930A(S:F456L) T22942G(S:N460K) C22995A(S:T478K)	13	75784	0.0001715401667898237	22897	22997
A22786C(S:R408S) G22813T(S:K417N) G22895C G22898A(S:G446S) T22930A(S:F456L) T22942G(S:N460K)	13	30001	0.0004333188893703543	22778	22943
A22786C(S:R408S) G22813T(S:K417N) G22898A(S:G446S) T22942G(S:N460K) C22995G(S:T478R)	13	20736	0.000626929012345679	22778	22997
A22786C(S:R408S) G22813T(S:K417N) T22942G(S:N460K) C22995G(S:T478R) A23013C(S:E484A) T23018C(S:F486P) T23019C(S:F486P) T23031C(S:F490S)	13	10664	0.0012190547636909228	22778	23031
A22786C(S:R408S) G22813T(S:K417N) G22898A(S:G446S) T22930A(S:F456L) T22942G(S:N460K) C22995A(S:T478K)	13	20736	0.000626929012345679	22778	22997
T22942G(S:N460K) G22992A(S:S477N) C22995A(S:T478K) A23013C(S:E484A) T23031C(S:F490S) A23055G(S:Q498R) A23063T(S:N501Y) T23075C(S:Y505H)	13	20028	0.0006490912722188936	22935	23111
G22813T(S:K417N) T22882G(S:N440K) G22898A(S:G446S) T22928C(S:F456L) T22942G(S:N460K) G22992A(S:S477N)	13	33890	0.00038359398052522866	22799	22993
T22930A(S:F456L) T22942G(S:N460K) G22992A(S:S477N) A23013C(S:E484A)	13	80504	0.0001614826592467455	22916	23014
T21810C(S:V83A) A21892G(S:L110L)	13	73056	0.00017794568550153308	21785	21895
T21810C(S:V83A) A21814G(S:L84L)	13	127535	0.00010193280276002666	21803	21819
G22599C(S:R346T) C22664A(S:L368I) C22674T(S:S371F) T22679C(S:S373P) C22686T(S:S375F) A22688G(S:T376A) G22775A(S:D405N) A22786C(S:R408S) G22813T(S:K417N)	13	118	0.11016949152542373	22598	22813
G22813T(S:K417N) T22882G(S:N440K) G22895C(S:V445P) T22896C(S:V445P) G22898A(S:G446S) T22930A(S:F456L) G22992A(S:S477N) C22995A(S:T478K)	13	33169	0.0003919322258735566	22811	22997
T22882G(S:N440K) G22895C G22898A(S:G446S) T22928C(S:F456L) T22942G(S:N460K) G22992A(S:S477N) C22995G(S:T478R) A23013C(S:E484A) T23018C(S:F486P) T23019C(S:F486P) T23031C(S:F490S)	13	38954	0.0003337269600041074	22881	23031
A22786C(S:R408S) G22813T(S:K417N) G22992A(S:S477N) C22995G(S:T478R)	13	20736	0.000626929012345679	22778	23003
A22786C(S:R408S) G22813T(S:K417N) T22882G(S:N440K) T22928C(S:F456L) T22942G(S:N460K) G22992A(S:S477N) C22995A(S:T478K) A23013C(S:E484A)	13	14249	0.0009123447259456804	22785	23013
T22882G(S:N440K) G22895C(S:V445P) T22896C(S:V445P) G22898A(S:G446S) T22930A(S:F456L) T22942G(S:N460K) G22992A(S:S477N) C22995A(S:T478K) A23013C(S:E484A) T23018C(S:F486P) T23019C(S:F486P) A23055G(S:Q498R) A23063T(S:N501Y)	13	19659	0.0006612747342184241	22881	23066
G22992A(S:S477N) A23013C(S:E484A) T23018C(S:F486P) T23019C(S:F486P) T23031C(S:F490S) A23055G(S:Q498R)	13	40777	0.0003188071707089781	22968	23057
T22882G(S:N440K) G22895C(S:V445P) T22896C(S:V445P) T22928C(S:F456L) T22942G(S:N460K) G22992A(S:S477N) C22995G(S:T478R) A23013C(S:E484A) T23018C(S:F486P) T23019C(S:F486P) T23031C(S:F490S)	13	38954	0.0003337269600041074	22881	23031
A22786C(S:R408S) G22813T(S:K417N) T22882G(S:N440K) T22928C(S:F456L) T22942G(S:N460K) G22992A(S:S477N)	13	21191	0.0006134679816903403	22785	22992
T21810C(S:V83A) A21900G(S:K113R)	13	64104	0.00020279545738175465	21803	21901
T21799C(S:F79F) T21810C(S:V83A)	13	128736	0.00010098185433755903	21787	21836
A21717G(S:Q52R) T21810C(S:V83A)	13	80286	0.00016192113195326706	21716	21817
T22930A(S:F456L) T22942G(S:N460K) G22992A(S:S477N) A23013C(S:E484A) T23018C(S:F486P) T23019C(S:F486P) T23031C(S:F490S)	13	56431	0.00023036983218443764	22915	23031
T22882G(S:N440K) G22895C(S:V445P) T22896C(S:V445P) G22898A(S:G446S) T22928C(S:F456L) T22942G(S:N460K) G22992A(S:S477N) A23013C(S:E484A)	13	49380	0.00026326447954637503	22881	23014
T21810C(S:V83A) A21817G(S:P85P)	13	126275	0.00010294991090873094	21804	21851
C21767T(S:H69Y) T21810C(S:V83A)	12	116513	0.00010299279908679719	21763	21861
C21618T(S:T19M) A21619G(S:T19M) (21632,9)(S:DEL25/27)	12	132228	9.075233687267448e-05	21611	21654
G23273A(S:D571N)	12	134297	8.935419257317736e-05	23250	23281
T22942G G22992A(S:S477N) C22995G(S:T478R) A23013C(S:E484A) T23018C(S:F486P) T23019C(S:F486P) T23031C(S:F490S) T23042C	12	49125	0.00024427480916030533	22941	23042
T21609C(S:V16A) C21618T(S:T19I) (21632,9)(S:DEL25/27)	12	52541	0.00022839306446394245	21599	21674
A22786C(S:R408S) G22813T(S:K417N) C22995G(S:T478R) A23013C(S:E484A) T23018C(S:F486P) T23019C(S:F486P) T23031C(S:F490S)	12	10664	0.0011252813203300824	22778	23040
T21810C(S:V83A) A21858G(S:N99S)	12	105501	0.0001137429976967043	21808	21864
T22882G(S:N440K) T22896C G22898A(S:G446S) T22928C(S:F456L) T22942G(S:N460K)	12	92105	0.0001302860865316758	22867	22943
C21618T(S:T19I) C21629T(S:Q23*) (21632,9)(S:DEL25/27)	12	132228	9.075233687267448e-05	21611	21654
A23403G(S:D614G) A23408G(S:N616D)	12	87507	0.00013713188659192978	23348	23418
C23291T(S:R577C)	12	133349	8.998942624241652e-05	23280	23291
T22882G(S:N440K) G22895C(S:V445P) T22896C(S:V445P) T22942G(S:N460K) G22992A(S:S477N) C22995G(S:T478R) A23013C(S:E484A) T23018C(S:F486P) T23019C(S:F486P)	12	45529	0.0002635682751652793	22856	23023
C22674T(S:S371F) T22679C(S:S373P) C22686T(S:S375F) A22688G(S:T376A)	12	1221	0.009828009828009828	22672	22704
A22253G(S:I231V) G22317T(S:G252V) C22480T(S:F306F)	12	1792	0.006696428571428571	22249	22482
T23332C(S:C590C) A23403G(S:D614G)	12	78805	0.00015227460186536388	23325	23403
T23335C(S:S591S) A23403G(S:D614G)	12	79620	0.00015071590052750564	23326	23403
G22317T(S:G252V) G22349A(S:A263T)	12	23436	0.0005120327700972862	22293	22350
A22786C(S:R408S) G22813T(S:K417N) T22882G(S:N440K) T22928C(S:F456L) T22942G(S:N460K) G22992A(S:S477N) C22995A(S:T478K) A23013C(S:E484A) T23018C(S:F486P) T23019C(S:F486P)	12	12905	0.0009298721425803952	22784	23023
G22577C(S:G339H) G22578A(S:G339H) G22775A(S:D405N) A22786C(S:R408S) G22813T(S:K417N)	12	84	0.14285714285714285	22505	22813
G21987A(S:G142D) (22115,3)(S:DEL186) T22200A(S:V213E)	12	4384	0.002737226277372263	21903	22213
T23330C(S:C590R)	12	127072	9.443465122135482e-05	23274	23351
A23122G(S:A520A)	12	40416	0.0002969121140142518	23121	23196
T22882G(S:N440K) G22895C(S:V445P) T22896C(S:V445P) G22898A(S:G446S) T22942G(S:N460K) G22992A(S:S477N) C22995G(S:T478R) A23013C(S:E484A) T23019C T23031C(S:F490S)	12	38954	0.00030805565538840685	22875	23031
T23313C(S:I584T)	12	130909	9.166673032411828e-05	23258	23313
T23031C(S:F490S) A23055G(S:Q498R) A23063T(S:N501Y)	12	44812	0.00026778541462108365	23030	23111
C23320T(S:D586D) A23403G(S:D614G)	12	75016	0.00015996587394689134	23319	23403
T21810C(S:V83A) G21987A(S:G142D)	12	240	0.05	21798	21987
G22895C(S:V445P) T22896C(S:V445P) G22898A(S:G446S) T22930A(S:F456L) T22942G(S:N460K) G22992A(S:S477N) A23013C(S:E484A) T23018C(S:F486P) T23019C(S:F486P)	12	50088	0.00023957834211787255	22887	23023
T21810C(S:V83A) A21906G(S:Q115R)	12	61659	0.00019461879044421738	21809	21910
T23269C(S:I569I)	12	133612	8.981229230907404e-05	23265	23282
T23019C T23031C(S:F490S) A23055G(S:Q498R) T23075C(S:Y505H)	12	24788	0.00048410521219945134	23018	23115
C21618T(S:T19I) (21631,9)(S:DEL24/26) G21718T(S:Q52H)	12	68073	0.00017628134502666254	21614	21732
G22813T(S:K417N) A23055G(S:Q498R) A23063T(S:N501Y) T23075C(S:Y505H)	12	3104	0.003865979381443299	22798	23115
T22942G(S:N460K) T23031C(S:F490S) A23055G(S:Q498R) A23063T(S:N501Y) T23075C(S:Y505H)	12	20028	0.0005991611743559018	22898	23111
G22813T(S:K417N) T22882G(S:N440K) G22898A(S:G446S) T22942G(S:N460K)	12	46574	0.00025765448533516557	22798	22943
C21618T(S:T19I) (21632,9)(S:DEL25/27) A21645G(S:Y28C)	12	132228	9.075233687267448e-05	21611	21673
A23022G(S:N487S) T23031C(S:F490S) A23055G(S:Q498R) A23063T(S:N501Y) T23075C(S:Y505H)	12	25548	0.0004697040864255519	23021	23115
T23152C(S:S530S)	12	67792	0.00017701203681850367	23150	23218
C22995G(S:T478R) A23013C(S:E484A) T23018C(S:F486P) T23019C(S:F486P) T23031C(S:F490S)	12	74768	0.00016049646907768028	22955	23045
G22813T(S:K417N) G22898A(S:G446S) T22928C(S:F456L) T22942G(S:N460K) G22992A(S:S477N) C22995G(S:T478R)	12	33169	0.0003617835931140523	22799	22997
T23398C(S:Y612Y) A23403G(S:D614G)	12	90717	0.0001322795065974404	23361	23410
C23825T(S:Q755*) C23854A(S:N764K)	12	40464	0.0002965599051008304	23781	23854
T23212C(S:G550G)	12	123253	9.7360713329493e-05	23204	23212
T21787C(S:G75G) T21810C(S:V83A)	12	125826	9.536979638548471e-05	21785	21818
G23126A(S:A522T)	12	44625	0.0002689075630252101	23122	23208
C21618T(S:T19I) (21632,9)(S:DEL25/27) A21692G(S:R44G) T21810C(S:V83A)	12	32742	0.0003665017408832692	21611	21815
T21756C(S:F65S) T21810C(S:V83A)	12	98467	0.00012186824012105579	21753	21814
T23075C(S:Y505H)	12	30321	0.0003957653111704759	23072	23167
G22813T(S:K417N) T22882G(S:N440K) T22930A(S:F456L) T22942G(S:N460K) C22995A(S:T478K)	12	33169	0.0003617835931140523	22798	22997
G22813T(S:K417N) T22882G(S:N440K) G22898A(S:G446S) T22928C(S:F456L) T22942G(S:N460K)	12	46574	0.00025765448533516557	22798	22991
T22896C G22898A(S:G446S) T22928C(S:F456L) T22942G(S:N460K)	12	103357	0.00011610244105382315	22895	22953
G22898A(S:G446S) T22942G(S:N460K)	12	112321	0.00010683665565655576	22897	22986
C23202T(S:T547I)	12	103654	0.00011576977251239701	23195	23260
A23403G(S:D614G) T23431C(S:A623A)	12	50666	0.00023684522164765326	23362	23431
T23256C(S:F565S)	12	125006	9.599539222117338e-05	23248	23271
T22882G(S:N440K) G22895C(S:V445P) T22896C(S:V445P) G22898A(S:G446S) T22930A(S:F456L) T22942G(S:N460K) T23031C(S:F490S) A23055G(S:Q498R) T23075C(S:Y505H)	12	8824	0.0013599274705349048	22881	23111
T21667G(S:G35G)	12	164507	7.294522421538293e-05	21666	21762
T22882G(S:N440K) G22895C G22898A(S:G446S) T22942G(S:N460K) G22992A(S:S477N) C22995G(S:T478R) A23013C(S:E484A) T23018C(S:F486P) T23019C(S:F486P) T23031C(S:F490S)	12	38954	0.00030805565538840685	22881	23031
T22882G(S:N440K) G22895C(S:V445P) T22896C(S:V445P) T22942G(S:N460K) G22992A(S:S477N) C22995A(S:T478K) A23013C(S:E484A) T23018C(S:F486P) T23019C(S:F486P) T23031C(S:F490S)	12	38954	0.00030805565538840685	22856	23031
T23257G(S:F565L)	12	126331	9.49885617940173e-05	23251	23266
A23800G(S:S746S) C23854A(S:N764K)	12	39711	0.0003021832741557755	23774	23854
G22813T(S:K417N) C22858T(S:C432C) T22882G(S:N440K)	11	70865	0.0001552247230649827	22805	22890
T22882G(S:N440K) G22895C(S:V445P) T22896C(S:V445P) G22898A(S:G446S) T22928C(S:F456L) T22942G(S:N460K) G22992A(S:S477N) C22995G(S:T478R) A23013C(S:E484A) T23018C	11	45604	0.00024120691167441453	22881	23018
T22942G(S:N460K) C22995G(S:T478R)	11	115508	9.523149911694428e-05	22909	22997
G22895C(S:V445P) T22896C(S:V445P) G22898A(S:G446S) T22942G(S:N460K) G22992A(S:S477N) C22995A(S:T478K) A23013C(S:E484A) T23018C(S:F486P) T23019C(S:F486P) T23031C(S:F490S) A23055G(S:Q498R) A23063T(S:N501Y)	11	22325	0.0004927211646136618	22887	23067
T22882G(S:N440K) G22895C(S:V445P) T22896C(S:V445P) G22898A(S:G446S) T22930A(S:F456L) T22942G(S:N460K) G22992A(S:S477N) C22995A(S:T478K) T23018C(S:F486P) T23019C(S:F486P) T23031C(S:F490S) A23055G(S:Q498R) A23063T(S:N501Y)	11	19659	0.000559540159723282	22881	23066
A23403G(S:D614G) T23434C(S:I624I)	11	49561	0.0002219487096709106	23358	23439
A23370G(S:N603S) A23403G(S:D614G)	11	90510	0.00012153353220638603	23350	23410
T22896C G22898A(S:G446S) T22942G(S:N460K)	11	103357	0.00010642723763267122	22887	22945
A22786C(S:R408S) G22813T(S:K417N) T22930A(S:F456L) T22942G(S:N460K) G22992A(S:S477N) C22995A(S:T478K) A23013C(S:E484A) T23018C	11	12936	0.0008503401360544217	22778	23018
T23353C(S:V597V) A23403G(S:D614G)	11	86543	0.00012710444518909675	23334	23403
A22786C(S:R408S) G22813T(S:K417N) T22882G(S:N440K) T22896C G22898A(S:G446S) T22930A(S:F456L)	11	31930	0.00034450360162856247	22782	22932
T22930A(S:F456L)	11	144905	7.591180428556641e-05	22898	22980
A21611G(S:N17D) C21618T(S:T19I) (21632,9)(S:DEL25/27)	11	124043	8.867892585635627e-05	21600	21674
A22786C(S:R408S) G22813T(S:K417N) G22898A(S:G446S) T22928C(S:F456L) T22942G(S:N460K)	11	30001	0.00036665444485183826	22779	22991
T23341C(S:G593G) A23403G(S:D614G)	11	80161	0.0001372238370279812	23319	23410
A23403G(S:D614G) T23437C(S:H625H)	11	48378	0.00022737608003638017	23353	23444
C21618T(S:T19I) (21632,9)(S:DEL25/27) C21677A(S:P39T)	11	112215	9.802611059127568e-05	21611	21678
G22898A(S:G446S) T22930A(S:F456L) G22992A(S:S477N) C22995A(S:T478K)	11	75784	0.0001451493718990816	22897	22997
C21618T(S:T19I) (21632,9)(S:DEL25/27) A21675C(S:Y38S)	11	118986	9.244785100768158e-05	21611	21675
T22882G(S:N440K) G22895C(S:V445P) T22896C(S:V445P) G22898A(S:G446S) T22930A(S:F456L) T22942G(S:N460K) G22992A(S:S477N) C22995A(S:T478K) A23013C(S:E484A) T23018C	11	45604	0.00024120691167441453	22881	23018
T22882G(S:N440K) G22895C(S:V445P) T22896C(S:V445P) G22898A(S:G446S) T22930A(S:F456L) T22942G(S:N460K) G22992A(S:S477N) C22995A(S:T478K) A23013C(S:E484A) T23018C(S:F486P) T23019C(S:F486P) T23031C(S:F490S) A23063T(S:N501Y)	11	19659	0.000559540159723282	22881	23067
A23301G(S:Q580R) A23403G(S:D614G)	11	59499	0.00018487705675725643	23291	23403
G22992A(S:S477N) C22995G(S:T478R) A23013C(S:E484A) T23019C T23031C(S:F490S)	11	74768	0.00014712176332120695	22950	23045
G22813T(S:K417N) T22882G(S:N440K) G22895C G22898A(S:G446S) T22928C(S:F456L) T22942G(S:N460K)	11	46574	0.00023618327822390176	22805	22943
T23352C(S:V597A) A23403G(S:D614G)	11	84915	0.00012954130601189424	23342	23403
T23371G(S:N603K) A23403G(S:D614G)	11	90511	0.00012153218945763498	23356	23410
A23354G(S:I598V) A23403G(S:D614G)	11	86627	0.00012698119523935956	23289	23403
T21798C(S:F79S) T21810C(S:V83A)	11	128245	8.577332449608172e-05	21763	21824
T22882G(S:N440K) G22895C(S:V445P) T22896C(S:V445P) G22898A(S:G446S) T22942G(S:N460K) G22992A(S:S477N) A23013C(S:E484A) T23018C(S:F486P) T23019C(S:F486P)	11	45529	0.00024160425223483932	22881	23023
T21790C(S:T76T) T21810C(S:V83A)	11	126037	8.727595864706396e-05	21785	21813
G21761A(S:A67T) T21810C(S:V83A)	11	110115	9.989556372882895e-05	21753	21822
T21810C(S:V83A) A21825G(S:D88G)	11	118794	9.25972692223513e-05	21808	21862
T21810C(S:V83A) A21852C(S:K97T)	11	108982	0.0001009340992090437	21785	21860
A23229G(S:N556S)	11	126178	8.717843047123904e-05	23184	23283
T21810C(S:V83A) A21849G(S:E96G)	11	111703	9.847542143004217e-05	21794	21860
C21781T(S:T73T) T21810C(S:V83A)	11	121314	9.067378868061394e-05	21780	21855
A21788G(S:T76A) T21810C(S:V83A)	11	125967	8.73244579929664e-05	21777	21812
T22942G(S:N460K) G22992A(S:S477N) C22995A(S:T478K) T23031C(S:F490S) A23055G(S:Q498R) A23063T(S:N501Y) T23075C(S:Y505H)	11	20028	0.00054923107649291	22914	23111
T23194G(S:N544K)	11	98777	0.00011136195673081791	23184	23213
C21618T(S:T19I) (21632,9)(S:DEL25/27) T21667C(S:G35G)	11	126219	8.715011210673511e-05	21611	21668
T23268C(S:I569T)	11	133107	8.264028187848874e-05	23259	23270
T22882G(S:N440K) G22895C(S:V445P) T22896C(S:V445P) G22898A(S:G446S) T22942G(S:N460K) G22992A(S:S477N) C22995G(S:T478R) A23013C(S:E484A) T23018C T23031C(S:F490S)	11	38954	0.0002823843507727063	22871	23031
A21603G(S:Q14R) C21618T(S:T19I) (21632,9)(S:DEL25/27)	11	51502	0.00021358393848782572	21599	21654
T23817C(S:L752P) C23854A(S:N764K)	11	40362	0.0002725335711808136	23762	23854
C21807A(S:P82H) T21810C(S:V83A)	11	130716	8.415190183298142e-05	21794	21819
A22786C(S:R408S) G22813T(S:K417N) T22930A(S:F456L) G22992A(S:S477N) C22995A(S:T478K) A23013C(S:E484A) T23018C(S:F486P) T23019C(S:F486P)	11	12905	0.0008523827973653623	22778	23023
T23218C(S:L552L)	11	124382	8.843723368333038e-05	23194	23240
T23215C(S:V551V)	11	125383	8.77311916288492e-05	23195	23216
T21740C(S:S60P)	11	139713	7.873283087472174e-05	21717	21740
T21810C(S:V83A) T21886C(S:T108T)	11	75393	0.00014590213945591765	21798	21886
T21810C(S:V83A) G21898A(S:S112S)	11	64453	0.0001706669976572076	21809	21909
C21618T(S:T19I) (21632,9)(S:DEL25/27) A21659G(S:T33A)	11	127668	8.61609800419839e-05	21611	21668
C21618T(S:T19I) (21632,9)(S:DEL25/27) G21680A(S:D40N)	11	103051	0.00010674326304451194	21611	21685
A23362G(S:P600P)	11	116054	9.478346287073259e-05	23303	23366
T22882G(S:N440K) G22895C(S:V445P) T22896C(S:V445P) G22898A(S:G446S) T22942G(S:N460K) C22995G(S:T478R) A23013C(S:E484A) T23018C(S:F486P) T23019C(S:F486P)	11	45529	0.00024160425223483932	22881	23024
G22813T(S:K417N) T22930A(S:F456L) T22942G(S:N460K) G22992A(S:S477N) C22995A(S:T478K) A23013C(S:E484A) T23018C(S:F486P) T23019C(S:F486P)	11	20834	0.0005279831045406547	22802	23023
C23347T(S:V595V)	11	123772	8.887308922858158e-05	23287	23347
T23341C(S:G593G)	11	124725	8.819402685909e-05	23280	23341
T22942G(S:N460K) T23019C T23031C(S:F490S) A23055G(S:Q498R) A23063T(S:N501Y) T23075C(S:Y505H)	11	20028	0.00054923107649291	22898	23115
C23854A(S:N764K) C23910T	11	11383	0.000966353333919002	23781	23910
A23299T(S:P579P)	11	132618	8.294499992459546e-05	23267	23327
G21987A(S:G142D) (21990,3)(S:DEL144) A21993T C22000A(S:H146Q)	11	24193	0.00045467697267804737	21968	22093
T23214C(S:V551A)	11	125017	8.798803362742667e-05	23213	23214
G23120A(S:A520T)	11	36200	0.00030386740331491714	23118	23203
G21987A(S:G142D) (21990,3)(S:DEL144) (21999,1)(S:DEL147)	11	24193	0.00045467697267804737	21970	22010
A23301T(S:Q580L)	11	132235	8.318523840133097e-05	23274	23304
A21768G(S:H69R) T21810C(S:V83A)	11	116796	9.418130757902667e-05	21767	21824
A23295G(S:D578G)	11	133950	8.212019410227697e-05	23262	23297
C21618T(S:T19I) (21632,9)(S:DEL25/27) A21651T(S:N30I)	11	132228	8.318964213328493e-05	21613	21692
C23230A(S:N556K)	11	126183	8.717497602688159e-05	23215	23232
C21618T(S:T19I) A21620G(S:T20A) (21632,9)(S:DEL25/27)	10	132228	7.562694739389539e-05	21611	21652
A22786C(S:R408S) G22813T(S:K417N) T22930A(S:F456L) T22942G(S:N460K) C22995A(S:T478K) A23013C(S:E484A) T23018C(S:F486P) T23019C(S:F486P)	10	12905	0.0007748934521503294	22778	23023
G22992A(S:S477N) C22995G(S:T478R) A23013C(S:E484A) T23018C(S:F486P) T23019C(S:F486P)	10	86131	0.00011610221639131091	22953	23025
C21588T(S:P9L)	10	89422	0.00011182930375075484	21513	21588
A21514G(ORF1b:N2683D)	10	51280	0.0001950078003120125	21513	21586
G22813T(S:K417N) T22882G(S:N440K) G22895C(S:V445P) T22896C(S:V445P) G22898A(S:G446S) C22995A(S:T478K) A23013C(S:E484A) T23018C(S:F486P) T23019C(S:F486P) T23031C(S:F490S)	10	17283	0.0005786032517502748	22811	23049
A22786C(S:R408S) G22813T(S:K417N) T22882G(S:N440K) T22928C(S:F456L) T22942G(S:N460K) G22992A(S:S477N) C22995G(S:T478R) A23013C(S:E484A)	10	14249	0.0007018036353428311	22785	23013
T23308C(S:L582L) A23403G(S:D614G)	10	64238	0.00015567109810392602	23303	23424
T21596C(S:S12P) C21618T(S:T19I) (21632,9)(S:DEL25/27)	10	45927	0.00021773684325124656	21568	21654
T22882G(S:N440K) G22895C(S:V445P) T22896C(S:V445P) G22898A(S:G446S) G22992A(S:S477N) A23013C(S:E484A) T23018C(S:F486P) T23019C(S:F486P) T23031C(S:F490S)	10	38954	0.0002567130461570057	22819	23044
T21528C(ORF1b:I2687I)	10	59188	0.00016895316618233426	21514	21571
C21618T(S:T19I) (21632,9)(S:DEL25/27) A21643T(S:A27S)	10	132228	7.562694739389539e-05	21613	21668
G21586A(S:L8L) C21618T(S:T19I) (21632,9)(S:DEL25/27)	10	44686	0.00022378373539811127	21573	21660
T23599G(S:N679K) C23604A(S:P681H) A23665G(S:A701A)	10	24695	0.00040494027130998176	23593	23693
T23599G(S:N679K) C23604A(S:P681H) A23667G(S:E702G)	10	24695	0.00040494027130998176	23596	23697
T22928C(S:F456L) T22942G(S:N460K) G22992A(S:S477N) C22995A(S:T478K) T23018C	10	70043	0.0001427694416287138	22922	23018
(23648,'G')(S:INS697)	10	47989	0.0002083810873325137	23645	23745
T22882G(S:N440K) T22896C G22898A(S:G446S) T22928C(S:F456L) T22942G(S:N460K) G22992A(S:S477N) C22995A(S:T478K) A23013C(S:E484A) T23018C(S:F486P) T23019C(S:F486P) T23031C(S:F490S)	10	38954	0.0002567130461570057	22869	23031
G23832A(S:G757D)	10	45481	0.00021987203447593502	23748	23844
G22813T(S:K417N) T22882G(S:N440K) G22895C(S:V445P) T22896C(S:V445P) T22942G(S:N460K) G22992A(S:S477N) C22995A(S:T478K) A23013C(S:E484A) T23018C(S:F486P) T23019C(S:F486P) T23031C(S:F490S)	10	17283	0.0005786032517502748	22812	23031
T22882G(S:N440K) G22895C(S:V445P) T22896C(S:V445P) G22898A(S:G446S) T22930A(S:F456L) T22942G(S:N460K) G22992A(S:S477N) C22995G(S:T478R) A23013C(S:E484A) T23018C(S:F486P) T23019C(S:F486P)	10	45529	0.0002196402293043994	22856	23023
G22813T(S:K417N) T22882G(S:N440K) T22930A(S:F456L) T22942G(S:N460K) G22992A(S:S477N) A23013C(S:E484A)	10	22990	0.00043497172683775554	22803	23013
G22813T(S:K417N) G22992A(S:S477N) C22995G(S:T478R) A23013C(S:E484A) T23018C(S:F486P) T23019C(S:F486P) T23031C(S:F490S)	10	17283	0.0005786032517502748	22804	23044
C21618T(S:T19I) A21626G(S:T22A) (21632,9)(S:DEL25/27)	10	132228	7.562694739389539e-05	21611	21654
A23667G(S:E702G) C23854A(S:N764K)	10	18660	0.0005359056806002144	23651	23854
T23754A(S:M731K) C23854A(S:N764K)	10	31557	0.00031688690306429636	23753	23854
G22992A(S:S477N) C22995A(S:T478K) A23013C(S:E484A) T23019C T23031C(S:F490S) A23055G(S:Q498R)	10	40777	0.0002452362851607524	22960	23056
T23190A(S:F543Y)	10	93987	0.0001063976932980093	23188	23211
T22928C(S:F456L) T22942G(S:N460K) C22995G(S:T478R) A23013C(S:E484A)	10	80079	0.00012487668427427914	22917	23013
T21723C(S:L54S)	10	143317	6.977539300990113e-05	21700	21727
A21759G(S:H66R) T21810C(S:V83A)	10	103496	9.662209167504058e-05	21758	21847
T21726G(S:F55C)	10	143317	6.977539300990113e-05	21685	21752
T21810C(S:V83A) C21844T(S:S94S)	10	112566	8.883677131638328e-05	21785	21851
T21797C(S:F79L) T21810C(S:V83A)	10	127396	7.849540016955007e-05	21792	21854
A23267G(S:I569V)	10	133108	7.51269645701235e-05	23226	23282
A21801G(S:D80G) T21810C(S:V83A)	10	128778	7.765301526658281e-05	21785	21860
C23266T(S:D568D)	10	134153	7.454175456381893e-05	23251	23285
A23235G(S:K558R)	10	125788	7.949883931694597e-05	23226	23244
T21810C(S:V83A) T21838C(S:F92F)	10	113259	8.829320407208257e-05	21808	21861
T23256G(S:F565C)	10	125006	7.999616018431115e-05	23242	23284
T21810C(S:V83A) A21852G(S:K97R)	10	108982	9.175827200822154e-05	21803	21867
T21810C(S:V83A) C21812A(S:L84I)	10	132090	7.570595805889923e-05	21777	21883
T21810C(S:V83A) C21897T(S:S112L)	10	64493	0.00015505558742809298	21808	21909
(21875,1)(S:DEL106)	10	83525	0.00011972463334331038	21836	21914
G22813T(S:K417N) T22882G(S:N440K) T22896C G22898A(S:G446S) T23031C(S:F490S) A23055G(S:Q498R) A23063T(S:N501Y) T23075C(S:Y505H)	10	3104	0.0032216494845360823	22811	23111
T23225C(S:S555P)	10	122481	8.164531641642378e-05	23220	23244
T22928C(S:F456L) T22942G(S:N460K) C22995G(S:T478R)	10	103846	9.629643895768734e-05	22917	23001
T21723C(S:L54S) T21810C(S:V83A)	10	87930	0.00011372682815876265	21720	21822
G23213C	10	125858	7.94546234645394e-05	23202	23213
T21733C(S:P57P) T21810C(S:V83A)	10	88827	0.00011257838269895414	21726	21813
T23190C(S:F543S)	10	93987	0.0001063976932980093	23189	23195
A23203C(S:T547T)	10	105422	9.48568609967559e-05	23194	23203
A23186G(S:N542D)	10	89315	0.0001119632760454571	23174	23211
A22786C(S:R408S) G22813T(S:K417N) A23055G(S:Q498R) T23075C(S:Y505H)	10	1814	0.005512679162072767	22778	23115
T23189G(S:F543V)	10	93732	0.00010668715059958179	23187	23216
T21802C(S:D80D) T21810C(S:V83A)	10	128838	7.761685217094336e-05	21787	21835
A23207G(S:T549A)	10	114248	8.752888453189553e-05	23196	23222
T21755C(S:F65L) T21810C(S:V83A)	10	98443	0.0001015816259155044	21753	21825
T21810C(S:V83A) T21829C(S:G89G)	10	116685	8.570081844281613e-05	21782	21830
A23193G(S:N544S)	10	94488	0.00010583354500042333	23184	23226
A23219G(S:T553A)	10	123990	8.065166545689168e-05	23209	23226
T21667G G21718T(S:Q52H) A21768C	10	86797	0.00011521135523117158	21666	21768
A22786C(S:R408S) T23019C T23031C(S:F490S) A23055G(S:Q498R) A23063T(S:N501Y) T23075C(S:Y505H)	10	1814	0.005512679162072767	22778	23115
T23293C(S:R577R)	10	133515	7.489795154102535e-05	23272	23312
G21987A(S:G142D) (21990,3)(S:DEL144) (21998,'A')(S:INS147) C22000A(S:H146K)	10	24193	0.0004133427024345885	21930	22038
A23310G(S:E583G) A23403G(S:D614G)	10	67744	0.0001476145488899386	23264	23409
T22843A T22882G(S:N440K) G22895C(S:V445P) T22896C(S:V445P) G22898A(S:G446S) T22930A(S:F456L) T22942G(S:N460K)	10	53819	0.00018580798602723945	22842	22943
C21618T(S:T19I) (21632,9)(S:DEL25/27) C21660T(S:T33I)	10	127653	7.833736770777028e-05	21611	21676
G22813T(S:K417N) T22882G(S:N440K) G22895C(S:V445P) T22896C(S:V445P) T22942G(S:N460K)	10	46574	0.00021471207111263795	22798	22944
G22895C(S:V445P) T22896C(S:V445P) G22898A(S:G446S) T22928C(S:F456L) T22942G(S:N460K) G22992A(S:S477N) A23013C(S:E484A) T23018C(S:F486P) T23019C(S:F486P) T23031C(S:F490S) A23055G(S:Q498R) A23063T(S:N501Y)	10	22325	0.0004479283314669653	22886	23067
A23403G(S:D614G) T23404C(S:D614G)	10	88336	0.00011320412968665097	23342	23410
T23323C(S:I587I) A23403G(S:D614G)	10	75811	0.0001319069791982694	23318	23410
A22786C(S:R408S) G22898A(S:G446S) T22928C(S:F456L) T22942G(S:N460K) G22992A(S:S477N) C22995G(S:T478R)	10	20736	0.00048225308641975306	22778	22997
A23324G(S:T588A)	10	134313	7.445295689918325e-05	23276	23327
T22882G(S:N440K) G22895C(S:V445P) T22896C(S:V445P) G22898A(S:G446S) T22930A(S:F456L) T22942G(S:N460K) A23013C(S:E484A) T23018C(S:F486P) T23019C(S:F486P) T23031C(S:F490S) A23055G(S:Q498R) A23063T(S:N501Y)	10	19659	0.0005086728724757109	22881	23064
T22882G(S:N440K) T22896C G22898A(S:G446S) T22942G(S:N460K) G22992A(S:S477N) C22995G(S:T478R)	10	64801	0.00015431860619434886	22881	22997
A22786C(S:R408S) G22813T(S:K417N) T22930A(S:F456L) G22992A(S:S477N) C22995A(S:T478K)	10	20736	0.00048225308641975306	22778	22997
T22930A(S:F456L) T22942G(S:N460K) G22992A(S:S477N) C22995G(S:T478R) A23013C(S:E484A) T23018C(S:F486P) T23019C(S:F486P) T23031C(S:F490S) A23055G(S:Q498R)	10	33299	0.0003003093185981561	22927	23057
A22786C(S:R408S) G22813T(S:K417N) T22882G(S:N440K) T22930A(S:F456L) T22942G(S:N460K) G22992A(S:S477N) C22995G(S:T478R)	10	20736	0.00048225308641975306	22784	22998
A22786C(S:R408S) G22813T(S:K417N) T22882G(S:N440K) T22942G(S:N460K) G22992A(S:S477N) C22995A(S:T478K)	10	20736	0.00048225308641975306	22784	22998
A23326G(S:T588T) A23403G(S:D614G)	10	77297	0.0001293711269518869	23325	23403
A22786C(S:R408S) G22813T(S:K417N) T22882G(S:N440K) G22895C(S:V445P) T22896C(S:V445P) T22930A(S:F456L)	10	31930	0.00031318509238960227	22778	22931
G22895C(S:V445P) T22896C(S:V445P) G22898A(S:G446S) T22942G(S:N460K) A23013C(S:E484A) T23018C(S:F486P) T23019C(S:F486P) T23031C(S:F490S) A23055G(S:Q498R) A23063T(S:N501Y) T23075C(S:Y505H)	10	10269	0.0009738046547862498	22887	23103
A22786C(S:R408S) G22813T(S:K417N) C22858T(S:C432C) T22882G(S:N440K) G22895C(S:V445P) T22896C(S:V445P) G22898A(S:G446S)	10	37979	0.00026330340451302035	22778	22907
G22785A(S:R408N) A22786C(S:R408N) G22813T(S:K417N)	10	47348	0.00021120216271014615	22778	22867
G22577C(S:G339H) G22578A(S:G339H) G22599C(S:R346T) C22664A(S:L368I) G22775A(S:D405N) A22786C(S:R408S) G22813T(S:K417N)	10	84	0.11904761904761904	22572	22815
C23300T(S:Q580*) A23403G(S:D614G)	10	59459	0.00016818311777863737	23293	23403
T23227C(S:S555S) A23403G(S:D614G)	10	38015	0.00026305405760883863	23215	23403
G22577C(S:G339H) G22578A(S:G339H) G22599C(S:R346T) T22679C(S:S373P) C22686T(S:S375F) A22688G(S:T376A) G22775A(S:D405N)	10	186	0.053763440860215055	22561	22778
A21612G(S:N17S) C21618T(S:T19I) (21632,9)(S:DEL25/27)	10	125061	7.996097904222739e-05	21611	21677
C21618T(S:T19I) (21632,9)(S:DEL25/27) T21669G(S:V36G)	10	124851	8.009547380477529e-05	21611	21678
A22320G(S:D253G) T22384C(S:T274T) T22386G(S:F275C)	10	18689	0.0005350741077639254	22288	22389
(22115,3)(S:DEL186) T22118A(S:F186I) T22200A(S:V213E)	10	10988	0.0009100837277029487	22110	22218
T23346C(S:V595A)	10	123770	8.079502302658157e-05	23272	23357
G23351A(S:V597I)	10	125870	7.944704854214666e-05	23291	23351
C23298T(S:P579L)	10	133053	7.515801973649598e-05	23280	23342
T23332C(S:C590C)	10	127235	7.859472629386568e-05	23295	23332
T21566C(S:F2L)	10	84110	0.00011889192723814053	21514	21566
