Covariants	Count	Max_count	Freq	Coverage_start	Coverage_end
C21618T(S:T19I) (21632,9)(S:DEL25/27)	100258	138619	0.7232630447485554	21616	21652
T21810C(S:V83A)	72364	141151	0.5126708276951634	21809	21810
A23403G(S:D614G)	52096	104988	0.496209090562731	23368	23403
A23403G(S:D614G) C23430T(S:A623V)	47162	69140	0.6821232282325715	23400	23430
C23854A(S:N764K)	27296	36525	0.7473237508555783	23830	23854
C21618T(S:T19I) (21632,9)(S:DEL25/27) T21810C(S:V83A)	24334	39008	0.6238207547169812	21616	21810
T23599G(S:N679K) C23604A(S:P681H)	16733	25641	0.6525876525876526	23598	23673
C21618T(S:T19I)	13435	152635	0.08802044092115177	21552	21618
G21718T(S:Q52H) T21810C(S:V83A)	10180	94831	0.10734886271366958	21717	21810
T22882G(S:N440K) G22895C(S:V445P) T22896C(S:V445P) G22898A(S:G446S) T22942G(S:N460K)	7389	56140	0.13161738510865692	22881	22942
T23599G(S:N679K) C23604A(S:P681H) C23854A(S:N764K)	6941	7573	0.9165456226066289	23598	23854
C21618T(S:T19I) (21632,9)(S:DEL25/27) G21718T(S:Q52H)	5896	78090	0.07550262517607888	21615	21722
T22942G(S:N460K) G22992A(S:S477N) C22995A(S:T478K) A23013C(S:E484A) T23018C(S:F486P) T23019C(S:F486P) T23031C(S:F490S)	5006	42419	0.11801315448266107	22941	23031
G21718T(S:Q52H)	4792	151216	0.03168976827848905	21717	21721
G22317T(S:G252V)	3970	7571	0.5243693039228635	22316	22317
G21987A(S:G142D) (21990,3)(S:DEL144) C22000A(S:H146Q)	2857	7567	0.3775604598916347	21983	22006
G22895C(S:V445P) T22896C(S:V445P) G22898A(S:G446S) T22942G(S:N460K)	2565	62947	0.04074856625415032	22887	22943
T22807C(S:T415T) G22813T(S:K417N) T22882G(S:N440K)	2438	42652	0.05716027384413392	22805	22883
(21632,9)(S:DEL25/27)	2368	139636	0.016958377495774727	21621	21653
T22200A(S:V213E)	2051	6811	0.3011305241521069	22199	22207
T22882G(S:N440K) G22895C(S:V445P) T22896C(S:V445P) G22898A(S:G446S) T22942G(S:N460K) G22992A(S:S477N) C22995A(S:T478K) A23013C(S:E484A) T23018C(S:F486P) T23019C(S:F486P) T23031C(S:F490S)	2005	23030	0.08706035605731655	22881	23031
G22813T(S:K417N) T22882G(S:N440K)	2004	44328	0.045208446128857604	22811	22883
T22942G(S:N460K) G22992A(S:S477N)	1969	75683	0.0260164105545499	22926	22992
T22882G(S:N440K) G22895C(S:V445P) T22896C(S:V445P) G22898A(S:G446S)	1924	65188	0.02951463459532429	22881	22901
A22786C(S:R408S) T22807C(S:T415T) G22813T(S:K417N) T22882G(S:N440K) G22895C(S:V445P) T22896C(S:V445P) G22898A(S:G446S) T22942G(S:N460K)	1895	18098	0.10470770250856448	22785	22942
T23031C(S:F490S) A23055G(S:Q498R) A23063T(S:N501Y) T23075C(S:Y505H)	1778	17718	0.10034992662828762	23030	23108
A22786C(S:R408S) T22807C(S:T415T) G22813T(S:K417N)	1758	28478	0.06173186319263993	22785	22858
T22942G(S:N460K) G22992A(S:S477N) C22995A(S:T478K)	1757	72268	0.02431228206121658	22935	22995
C23123T(S:P521S)	1740	41962	0.04146608836566417	23122	23193
T22942G(S:N460K) G22992A(S:S477N) C22995A(S:T478K) A23013C(S:E484A)	1720	57762	0.029777362279699456	22936	23013
T22942G(S:N460K) G22992A(S:S477N) C22995G(S:T478R) A23013C(S:E484A) T23018C(S:F486P) T23019C(S:F486P) T23031C(S:F490S)	1718	42419	0.04050071901742144	22941	23031
A22786C(S:R408S) G22813T(S:K417N) T22882G(S:N440K) G22895C(S:V445P) T22896C(S:V445P) G22898A(S:G446S)	1626	22244	0.0730983636036684	22785	22906
A22786C(S:R408S) T22807C(S:T415T) G22813T(S:K417N) T22882G(S:N440K) G22895C(S:V445P) T22896C(S:V445P) G22898A(S:G446S)	1540	22244	0.06923215249055925	22785	22905
G22992A(S:S477N) C22995A(S:T478K) A23013C(S:E484A) T23018C(S:F486P) T23019C(S:F486P) T23031C(S:F490S)	1539	46827	0.03286565443013646	22960	23031
A22786C(S:R408S) G22813T(S:K417N)	1486	28478	0.05218063066226561	22785	22858
T22942G(S:N460K) G22992A(S:S477N) C22995A(S:T478K) A23013C(S:E484A) T23018C(S:F486P) T23019C(S:F486P) T23031C(S:F490S) A23055G(S:Q498R) A23063T(S:N501Y) T23075C(S:Y505H)	1484	12357	0.12009387391761754	22941	23103
C25000T(S:D1146D)	1439	2447	0.5880670208418471	24997	25000
T22942G(S:N460K) G22992A(S:S477N) C22995A(S:T478K) A23013C(S:E484A) T23018C(S:F486P) T23019C(S:F486P)	1425	50932	0.027978481112070998	22941	23023
C23202T(S:T547I)	1423	101891	0.013965904741341238	23201	23202
A23055G(S:Q498R) A23063T(S:N501Y) T23075C(S:Y505H)	1391	17984	0.07734653024911033	23053	23109
C22109G(S:Q183E) T22200A(S:V213E)	1390	3878	0.35843218153687467	22108	22200
G22813T(S:K417N) T22882G(S:N440K) G22895C(S:V445P) T22896C(S:V445P) G22898A(S:G446S)	1347	36755	0.036648075091824245	22812	22901
T22882G(S:N440K) G22895C(S:V445P) T22896C(S:V445P) G22898A(S:G446S) T22942G(S:N460K) G22992A(S:S477N) C22995A(S:T478K) A23013C(S:E484A) T23018C(S:F486P) T23019C(S:F486P) T23031C(S:F490S) A23055G(S:Q498R) A23063T(S:N501Y)	1308	11518	0.11356138218440702	22881	23063
G21987A(S:G142D) (21990,3)(S:DEL144) C22000A(S:H146Q) C22109G(S:Q183E)	1167	4048	0.28829051383399207	21980	22109
C22109G(S:Q183E)	1144	7666	0.14923036785807461	22105	22109
T22882G(S:N440K) G22895C(S:V445P) T22896C(S:V445P) G22898A(S:G446S) T22942G(S:N460K) G22992A(S:S477N) C22995A(S:T478K)	1080	38375	0.028143322475570033	22881	22997
(21632,9)(S:DEL25/27) T21810C(S:V83A)	1070	39621	0.027005880719820297	21621	21810
C21618T(S:T19I) (21632,9)(S:DEL25/27) G21718T(S:Q52H) T21810C(S:V83A)	1034	39008	0.02650738310090238	21616	21810
T22807C(S:T415T) G22813T(S:K417N) T22882G(S:N440K) G22895C(S:V445P) T22896C(S:V445P) G22898A(S:G446S) T22942G(S:N460K)	1014	29006	0.03495828449286355	22806	22942
T22942G(S:N460K) G22992A(S:S477N) C22995A(S:T478K) A23013C(S:E484A) T23018C	1005	52646	0.019089769403183528	22941	23018
G21987A(S:G142D) (21990,3)(S:DEL144) C22000A(S:H146Q) T22200A(S:V213E)	967	1719	0.5625363583478766	21980	22207
T22882G(S:N440K) G22895C(S:V445P) T22896C(S:V445P) G22898A(S:G446S) T22930A(S:F456L) T22942G(S:N460K)	910	56140	0.016209476309226933	22881	22942
C24904T(S:I1114I)	884	2611	0.33856759862121794	24900	24904
T23019C T23031C(S:F490S) A23055G(S:Q498R) A23063T(S:N501Y) T23075C(S:Y505H)	877	15081	0.05815264239771899	23018	23106
A22786C(S:R408S) T22807C(S:T415T) G22813T(S:K417N) T22942G(S:N460K) G22992A(S:S477N) C22995A(S:T478K) A23013C(S:E484A) T23018C(S:F486P) T23019C(S:F486P) T23031C(S:F490S)	863	6928	0.12456697459584296	22784	23031
T22882G(S:N440K) G22895C(S:V445P) T22896C(S:V445P) G22898A(S:G446S) T22942G(S:N460K) G22992A(S:S477N) C22995G(S:T478R)	859	38375	0.022384364820846905	22881	22997
A22786C(S:R408S) T22807C(S:T415T) G22813T(S:K417N) G22992A(S:S477N) C22995A(S:T478K) A23013C(S:E484A) T23018C(S:F486P) T23019C(S:F486P) T23031C(S:F490S) A23055G(S:Q498R) A23063T(S:N501Y)	824	3085	0.26709886547811995	22784	23063
A22786C(S:R408S) G22813T(S:K417N) T22882G(S:N440K) G22895C(S:V445P) T22896C(S:V445P) G22898A(S:G446S) T22942G(S:N460K)	822	18098	0.04541938335727705	22785	22942
T22200A(S:V213E) G22317T(S:G252V)	779	2260	0.34469026548672566	22199	22317
T22882G(S:N440K) G22895C(S:V445P) T22896C(S:V445P) G22898A(S:G446S) T22942G(S:N460K) T23031C(S:F490S) A23055G(S:Q498R) A23063T(S:N501Y) T23075C(S:Y505H)	760	4885	0.1555783009211873	22881	23108
A22786C(S:R408S) T22807C(S:T415T) G22813T(S:K417N) T22882G(S:N440K)	728	24131	0.030168662716008453	22785	22882
T22942G(S:N460K) G22992A(S:S477N) C22995G(S:T478R)	722	72268	0.009990590579509602	22928	22995
G22992A(S:S477N) C22995A(S:T478K) A23013C(S:E484A) T23018C(S:F486P) T23019C(S:F486P) T23031C(S:F490S) A23055G(S:Q498R) A23063T(S:N501Y) T23075C(S:Y505H)	705	13397	0.05262372172874524	22968	23103
T22882G(S:N440K) G22895C(S:V445P) T22896C(S:V445P) G22898A(S:G446S) T22942G(S:N460K) G22992A(S:S477N) C22995A(S:T478K) A23013C(S:E484A) T23018C(S:F486P) T23019C(S:F486P)	700	26706	0.026211338276042835	22881	23023
G22813T(S:K417N) T22882G(S:N440K) G22895C(S:V445P) T22896C(S:V445P) G22898A(S:G446S) T22942G(S:N460K)	672	30079	0.022341168256923435	22812	22942
T22930A(S:F456L) T22942G(S:N460K) G22992A(S:S477N) C22995A(S:T478K) A23013C(S:E484A) T23018C(S:F486P) T23019C(S:F486P)	671	42840	0.015662931839402428	22929	23023
T22807C(S:T415T) G22813T(S:K417N) T22882G(S:N440K) G22895C(S:V445P) T22896C(S:V445P) G22898A(S:G446S)	668	35102	0.01903025468634266	22806	22903
G22577C(S:G339H) G22578A(S:G339H) G22599C(S:R346T) C22664A(S:L368I) C22674T(S:S371F) T22679C(S:S373P) C22686T(S:S375F) A22688G(S:T376A)	666	1434	0.46443514644351463	22571	22696
A22786C(S:R408S) G22813T(S:K417N) T22882G(S:N440K)	656	24131	0.027184948821018608	22785	22882
T22942G(S:N460K) G22992A(S:S477N) C22995A(S:T478K) A23013C(S:E484A) T23018C(S:F486P) T23019C(S:F486P) T23031C(S:F490S) A23055G(S:Q498R) A23063T(S:N501Y)	644	21190	0.030391694195375178	22941	23063
T22882G(S:N440K) G22895C(S:V445P) T22896C(S:V445P) G22898A(S:G446S) T22942G(S:N460K) G22992A(S:S477N) C22995G(S:T478R) A23013C(S:E484A) T23018C(S:F486P) T23019C(S:F486P) T23031C(S:F490S)	638	23030	0.027702996092053844	22881	23031
C21618T(S:T19I) (21632,9)(S:DEL25/27) T21633C(S:L24S)	601	138619	0.004335624986473716	21536	21652
A22786C(S:R408S) T22807C(S:T415T) G22813T(S:K417N) G22898A(S:G446S) T22942G(S:N460K) G22992A(S:S477N) C22995A(S:T478K)	593	13254	0.04474121020069413	22779	22997
T22942G(S:N460K) G22992A(S:S477N) C22995G(S:T478R) A23013C(S:E484A) T23018C(S:F486P) T23019C(S:F486P) T23031C(S:F490S) A23055G(S:Q498R) A23063T(S:N501Y) T23075C(S:Y505H)	592	12357	0.047908068301367644	22941	23103
A22786C(S:R408S) T22807C(S:T415T) G22813T(S:K417N) T22942G(S:N460K) G22992A(S:S477N) C22995A(S:T478K)	587	13254	0.04428851667421156	22782	22997
G22992A(S:S477N) C22995G(S:T478R) A23013C(S:E484A) T23018C(S:F486P) T23019C(S:F486P) T23031C(S:F490S)	578	46827	0.012343306212227989	22962	23031
A22786C(S:R408S) T22807C(S:T415T) G22813T(S:K417N) T22942G(S:N460K) G22992A(S:S477N) C22995A(S:T478K) A23013C(S:E484A) T23018C(S:F486P) T23019C(S:F486P)	555	8248	0.0672890397672163	22779	23023
A22786C(S:R408S) T22807C(S:T415T) G22813T(S:K417N) G22992A(S:S477N) C22995A(S:T478K) A23013C(S:E484A) T23018C(S:F486P) T23019C(S:F486P) T23031C(S:F490S)	553	6928	0.07982101616628176	22782	23034
T22807C(S:T415T) G22813T(S:K417N) T22882G(S:N440K) G22992A(S:S477N) C22995A(S:T478K) A23013C(S:E484A) T23018C(S:F486P) T23019C(S:F486P) T23031C(S:F490S) A23055G(S:Q498R) A23063T(S:N501Y)	519	5272	0.09844461305007587	22805	23063
T22942G(S:N460K) G22992A(S:S477N) C22995G(S:T478R) A23013C(S:E484A) T23018C(S:F486P) T23019C(S:F486P)	519	50932	0.010190057331343752	22941	23023
G22895C(S:V445P) T22896C(S:V445P) G22898A(S:G446S) T22942G(S:N460K) G22992A(S:S477N) C22995A(S:T478K) A23013C(S:E484A) T23018C(S:F486P) T23019C(S:F486P) T23031C(S:F490S) A23055G(S:Q498R) A23063T(S:N501Y)	506	13406	0.03774429359988065	22887	23063
A22786C(S:R408S) G22813T(S:K417N) T22882G(S:N440K) G22895C(S:V445P) T22896C(S:V445P) G22898A(S:G446S) T22930A(S:F456L) T22942G(S:N460K)	505	18098	0.027903635760857554	22785	22942
G22895C(S:V445P) T22896C(S:V445P) G22898A(S:G446S) T22930A(S:F456L) T22942G(S:N460K)	503	62947	0.007990849444770997	22887	22943
C22664A(S:L368I) C22674T(S:S371F) T22679C(S:S373P) C22686T(S:S375F) A22688G(S:T376A)	500	2858	0.17494751574527642	22663	22700
T22942G(S:N460K) G22992A(S:S477N) C22995G(S:T478R) A23013C(S:E484A)	496	57762	0.00858696028530868	22935	23013
T22807C(S:T415T) G22813T(S:K417N) T22882G(S:N440K) T22942G(S:N460K) G22992A(S:S477N) C22995A(S:T478K) A23013C(S:E484A) T23018C(S:F486P) T23019C(S:F486P) T23031C(S:F490S)	486	11501	0.04225719502651943	22804	23031
T22930A(S:F456L) T22942G(S:N460K) G22992A(S:S477N) C22995G(S:T478R) A23013C(S:E484A) T23018C(S:F486P) T23019C(S:F486P)	480	42840	0.011204481792717087	22929	23023
T22930A(S:F456L) T22942G(S:N460K) G22992A(S:S477N)	478	67587	0.007072365987541983	22916	22992
G22895C(S:V445P) T22896C(S:V445P) G22898A(S:G446S) T22942G(S:N460K) G22992A(S:S477N) C22995A(S:T478K) A23013C(S:E484A) T23018C(S:F486P) T23019C(S:F486P) T23031C(S:F490S)	466	25842	0.018032660010835075	22887	23031
A22101T(S:E180V) C22109G(S:Q183E) T22200A(S:V213E)	462	3820	0.12094240837696335	22100	22200
T22882G(S:N440K) G22895C(S:V445P) T22896C(S:V445P) G22898A(S:G446S) T22942G(S:N460K) G22992A(S:S477N) C22995G(S:T478R) A23013C(S:E484A) T23018C(S:F486P) T23019C(S:F486P) T23031C(S:F490S) A23055G(S:Q498R) A23063T(S:N501Y)	447	11518	0.03880882097586386	22881	23063
A22786C(S:R408S) G22813T(S:K417N) T22942G(S:N460K) G22992A(S:S477N) C22995G(S:T478R) A23013C(S:E484A) T23018C(S:F486P) T23019C(S:F486P) T23031C(S:F490S)	441	6928	0.06365473441108545	22782	23031
T22807C(S:T415T) G22813T(S:K417N) T22882G(S:N440K) G22895C	407	36267	0.011222323324234153	22806	22895
C24904T(S:I1114I) C25000T(S:D1146D)	405	1449	0.2795031055900621	24903	25000
A22786C(S:R408S) G22813T(S:K417N) G22992A(S:S477N) C22995G(S:T478R) A23013C(S:E484A) T23018C(S:F486P) T23019C(S:F486P) T23031C(S:F490S) A23055G(S:Q498R) A23063T(S:N501Y)	404	3085	0.13095623987034036	22782	23064
T22882G(S:N440K) G22895C(S:V445P) T22896C(S:V445P) G22898A(S:G446S) T22928C(S:F456L) T22942G(S:N460K)	402	56140	0.007160669754185963	22881	22942
T23599G(S:N679K) C23604A(S:P681H) C23664T(S:A701V)	400	25591	0.015630495095932163	23598	23683
C23430T(S:A623V)	394	69175	0.005695699313335743	23418	23430
G22992A(S:S477N) C22995A(S:T478K) A23013C(S:E484A) T23018C(S:F486P) T23019C(S:F486P) T23031C(S:F490S) A23055G(S:Q498R)	383	25199	0.015199015833961665	22968	23055
A22786C(S:R408S) G22813T(S:K417N) T22942G(S:N460K) G22992A(S:S477N) C22995G(S:T478R)	376	13254	0.028368794326241134	22782	22997
C23202T(S:T547I) A23403G(S:D614G)	375	30371	0.012347304994896448	23199	23403
T22882G(S:N440K) G22895C(S:V445P) T22896C(S:V445P) G22898A(S:G446S) T22942G(S:N460K) T23019C T23031C(S:F490S) A23055G(S:Q498R) A23063T(S:N501Y) T23075C(S:Y505H)	367	4885	0.0751279426816786	22881	23115
T22882G(S:N440K) G22895C(S:V445P) T22896C(S:V445P) G22898A(S:G446S) T22942G(S:N460K) A23055G(S:Q498R) A23063T(S:N501Y) T23075C(S:Y505H)	366	4885	0.07492323439099284	22881	23111
G21987A(S:G142D) (21990,3)(S:DEL144) C22000A(S:H146Q) A22101T(S:E180V) C22109G(S:Q183E)	366	4048	0.09041501976284586	21980	22109
A22101T(S:E180V) C22109G(S:Q183E)	360	7603	0.04734973036959095	22099	22109
G22992A(S:S477N) C22995A(S:T478K) A23013C(S:E484A) T23018C(S:F486P) T23019C(S:F486P) T23031C(S:F490S) A23055G(S:Q498R) A23063T(S:N501Y)	357	22801	0.01565720801719223	22988	23063
G22577C(S:G339H) G22578A(S:G339H) G22599C(S:R346T)	353	2075	0.17012048192771084	22564	22599
A22786C(S:R408S) G22813T(S:K417N) T22942G(S:N460K) G22992A(S:S477N) C22995A(S:T478K) A23013C(S:E484A) T23018C(S:F486P) T23019C(S:F486P) T23031C(S:F490S)	351	6928	0.050663972286374134	22782	23031
A24424T(S:Q954H) T24469A(S:N969K)	348	528	0.6590909090909091	24422	24469
C23604A(S:P681H)	339	25786	0.013146668734972465	23603	23676
A22786C(S:R408S) G22813T(S:K417N) T22882G(S:N440K) G22895C(S:V445P) T22896C(S:V445P) G22898A(S:G446S) T22930A(S:F456L)	334	19849	0.016827044183586076	22784	22930
A22786C(S:R408S) G22813T(S:K417N) G22898A(S:G446S) T22942G(S:N460K) G22992A(S:S477N) C22995G(S:T478R)	332	13254	0.02504904179870228	22778	22997
T22807C(S:T415T) G22813T(S:K417N) T22882G(S:N440K) T22942G(S:N460K) G22992A(S:S477N) C22995A(S:T478K) A23013C(S:E484A) T23018C(S:F486P) T23019C(S:F486P)	329	13679	0.024051465750420352	22804	23023
G22813T(S:K417N) T22882G(S:N440K) G22895C	323	37925	0.008516809492419248	22812	22895
G22927T(S:L455F) T22928C(S:F456L) T22942G(S:N460K) G22992A(S:S477N) C22995A(S:T478K) A23013C(S:E484A) T23018C(S:F486P) T23019C(S:F486P)	321	42144	0.007616742596810934	22922	23020
A24424T(S:Q954H)	321	857	0.37456242707117854	24364	24424
G22895C(S:V445P) T22896C(S:V445P) G22898A(S:G446S) T22942G(S:N460K) T23031C(S:F490S) A23055G(S:Q498R) A23063T(S:N501Y) T23075C(S:Y505H)	314	5882	0.05338320299217953	22887	23110
T22807C(S:T415T) G22813T(S:K417N) T22882G(S:N440K) G22992A(S:S477N) C22995A(S:T478K) A23013C(S:E484A) T23018C(S:F486P) T23019C(S:F486P) T23031C(S:F490S)	314	11501	0.02730197374141379	22805	23031
T22807C(S:T415T) G22813T(S:K417N) T22882G(S:N440K) T22942G(S:N460K) G22992A(S:S477N) C22995A(S:T478K)	310	21693	0.0142903240676716	22803	22997
T22882G(S:N440K) G22895C(S:V445P) T22896C(S:V445P) G22898A(S:G446S) T22942G(S:N460K) G22992A(S:S477N) C22995A(S:T478K) A23013C(S:E484A) T23018C(S:F486P) T23019C(S:F486P) T23031C(S:F490S) A23055G(S:Q498R)	301	12890	0.02335143522110163	22881	23055
A22786C(S:R408S) G22813T(S:K417N) G22992A(S:S477N) C22995G(S:T478R) A23013C(S:E484A) T23018C(S:F486P) T23019C(S:F486P) T23031C(S:F490S)	297	6928	0.04286951501154734	22784	23031
T22882G(S:N440K) G22895C(S:V445P) T22896C(S:V445P) G22898A(S:G446S) T22942G(S:N460K) G22992A(S:S477N) C22995A(S:T478K) A23013C(S:E484A)	295	28508	0.010347972498947663	22881	23013
T22930A(S:F456L) T22942G(S:N460K) G22992A(S:S477N) C22995A(S:T478K) A23013C(S:E484A)	293	49666	0.00589940804574558	22927	23013
A22786C(S:R408S) G22813T(S:K417N) G22992A(S:S477N) C22995A(S:T478K) A23013C(S:E484A) T23018C(S:F486P) T23019C(S:F486P) T23031C(S:F490S) A23055G(S:Q498R) A23063T(S:N501Y)	292	3085	0.0946515397082658	22784	23065
C23123T(S:P521S) A23403G(S:D614G) C23430T(S:A623V)	287	5965	0.048113998323554064	23122	23433
T22942G(S:N460K) G22992A(S:S477N) C22995G(S:T478R) A23013C(S:E484A) T23018C	287	52646	0.005451506287277286	22928	23018
C23664T(S:A701V)	281	49586	0.0056669221151131365	23662	23711
G21987A(S:G142D) C22109G(S:Q183E)	280	4048	0.0691699604743083	21907	22109
C23202T(S:T547I) A23403G(S:D614G) C23430T(S:A623V)	277	18329	0.01511266299307109	23199	23432
A22786C(S:R408S) T22807C(S:T415T) G22813T(S:K417N) T22942G(S:N460K) G22992A(S:S477N) C22995A(S:T478K) A23013C(S:E484A)	277	8907	0.03109913551139553	22784	23013
G22992A(S:S477N) C22995G(S:T478R) A23013C(S:E484A) T23018C(S:F486P) T23019C(S:F486P) T23031C(S:F490S) A23055G(S:Q498R) A23063T(S:N501Y) T23075C(S:Y505H)	273	13397	0.020377696499216242	22967	23103
A22786C(S:R408S) T22807C(S:T415T) G22813T(S:K417N) T22942G(S:N460K) G22992A(S:S477N) C22995G(S:T478R)	273	13254	0.020597555454956996	22784	22997
T22928C(S:F456L) T22942G(S:N460K) G22992A(S:S477N)	269	67415	0.003990209893940518	22902	22992
T22882G(S:N440K) G22895C(S:V445P) T22896C(S:V445P) G22898A(S:G446S) T22930A(S:F456L) T22942G(S:N460K) G22992A(S:S477N) C22995G(S:T478R) A23013C(S:E484A) T23018C(S:F486P) T23019C(S:F486P) T23031C(S:F490S)	269	23030	0.0116804168475901	22881	23031
T22807C(S:T415T) G22813T(S:K417N) T22882G(S:N440K) G22898A(S:G446S) T22942G(S:N460K) G22992A(S:S477N) C22995A(S:T478K)	268	21693	0.012354215645599962	22804	22997
C23664T(S:A701V) C23854A(S:N764K)	267	19418	0.013750128746523843	23662	23854
T22930A(S:F456L) T22942G(S:N460K) G22992A(S:S477N) C22995G(S:T478R) A23013C(S:E484A)	262	49666	0.005275238593806629	22917	23013
T22942G(S:N460K) G22992A(S:S477N) T23031C(S:F490S) A23055G(S:Q498R) A23063T(S:N501Y) T23075C(S:Y505H)	261	12357	0.02112163146394756	22917	23110
(21632,9)(S:DEL25/27) G21718T(S:Q52H)	258	79104	0.003261529126213592	21621	21723
T22930A(S:F456L) T22942G(S:N460K) G22992A(S:S477N) C22995G(S:T478R)	258	64172	0.004020445053917596	22926	22997
C23123T(S:P521S) A23403G(S:D614G)	257	10371	0.024780638318387813	23122	23403
G22898A(S:G446S) T22942G(S:N460K) G22992A(S:S477N) C22995A(S:T478K)	257	45646	0.005630285238575122	22897	22997
T22942G(S:N460K) G22992A(S:S477N) C22995G(S:T478R) A23013C(S:E484A) T23018C(S:F486P) T23019C(S:F486P) T23031C(S:F490S) A23055G(S:Q498R) A23063T(S:N501Y)	249	21190	0.01175082586125531	22941	23063
G22895C(S:V445P) T22896C(S:V445P) G22898A(S:G446S) T22928C(S:F456L) T22942G(S:N460K)	248	62947	0.003939822390264826	22887	22944
T22930A(S:F456L) T22942G(S:N460K) G22992A(S:S477N) C22995A(S:T478K) A23013C(S:E484A) T23018C(S:F486P) T23019C(S:F486P) T23031C(S:F490S)	241	34374	0.007011113050561471	22927	23031
T22882G(S:N440K) G22895C(S:V445P) T22896C(S:V445P) G22898A(S:G446S) T22930A(S:F456L) T22942G(S:N460K) G22992A(S:S477N) C22995A(S:T478K) A23013C(S:E484A) T23018C(S:F486P) T23019C(S:F486P) T23031C(S:F490S)	238	23030	0.01033434650455927	22881	23031
A22786C(S:R408S) T22807C(S:T415T) G22813T(S:K417N) T23031C(S:F490S) A23055G(S:Q498R) A23063T(S:N501Y) T23075C(S:Y505H)	237	1129	0.20992028343666963	22779	23109
G22813T(S:K417N) T22882G(S:N440K) T22942G(S:N460K) G22992A(S:S477N) C22995A(S:T478K) A23013C(S:E484A) T23018C(S:F486P) T23019C(S:F486P) T23031C(S:F490S)	236	12018	0.01963721085039108	22803	23031
C21618T(S:T19I) T21633C(S:L24S)	232	138866	0.001670675327293938	21548	21633
G22813T(S:K417N) T22882G(S:N440K) G22895C(S:V445P) T22896C(S:V445P) G22898A(S:G446S) T22930A(S:F456L) T22942G(S:N460K)	230	30079	0.007646530802220819	22812	22942
A22786C(S:R408S) G22813T(S:K417N) T23031C(S:F490S) A23055G(S:Q498R) A23063T(S:N501Y) T23075C(S:Y505H)	227	1129	0.20106288751107174	22778	23109
G22895C(S:V445P) T22896C(S:V445P) G22898A(S:G446S) T22942G(S:N460K) A23055G(S:Q498R) A23063T(S:N501Y) T23075C(S:Y505H)	226	5882	0.0384223053383203	22887	23111
A22786C(S:R408S) T22807C(S:T415T) G22813T(S:K417N) G22898A(S:G446S) T22942G(S:N460K) G22992A(S:S477N) C22995G(S:T478R)	224	13254	0.016900558322015997	22779	22997
G22813T(S:K417N) T22882G(S:N440K) G22992A(S:S477N) C22995A(S:T478K) A23013C(S:E484A) T23018C(S:F486P) T23019C(S:F486P) T23031C(S:F490S) A23055G(S:Q498R) A23063T(S:N501Y)	222	5520	0.04021739130434782	22805	23063
T22930A(S:F456L) T22942G(S:N460K) G22992A(S:S477N) C22995G(S:T478R) A23013C(S:E484A) T23018C(S:F486P) T23019C(S:F486P) T23031C(S:F490S)	221	34374	0.006429277942631058	22928	23031
A22786C(S:R408S) T22807C(S:T415T) G22813T(S:K417N) G22895C(S:V445P) T22896C(S:V445P) G22898A(S:G446S) T22942G(S:N460K)	215	18098	0.011879765719969057	22782	22944
A22786C(S:R408S) G22813T(S:K417N) T22882G(S:N440K) G22895C(S:V445P) T22896C(S:V445P) G22898A(S:G446S) T22928C(S:F456L) T22942G(S:N460K)	215	18098	0.011879765719969057	22785	22942
T22882G(S:N440K) G22895C(S:V445P) T22896C(S:V445P) G22898A(S:G446S) G22992A(S:S477N) C22995A(S:T478K) A23013C(S:E484A) T23018C(S:F486P) T23019C(S:F486P) T23031C(S:F490S) A23055G(S:Q498R) A23063T(S:N501Y)	214	11518	0.018579614516409097	22881	23064
T22930A(S:F456L) T22942G(S:N460K) G22992A(S:S477N) C22995A(S:T478K)	214	64172	0.003334787757900642	22927	22997
T22942G(S:N460K) G22992A(S:S477N) C22995A(S:T478K) A23013C(S:E484A) T23031C(S:F490S) A23055G(S:Q498R) A23063T(S:N501Y) T23075C(S:Y505H)	212	12357	0.01715626770251679	22935	23110
C22480T(S:F306F)	211	2825	0.07469026548672567	22433	22482
G22813T(S:K417N) T22882G(S:N440K) G22898A(S:G446S) T22942G(S:N460K) G22992A(S:S477N) C22995A(S:T478K)	211	22559	0.009353251473912852	22803	22997
T22807C(S:T415T) G22813T(S:K417N) T22882G(S:N440K) T22942G(S:N460K) G22992A(S:S477N) C22995G(S:T478R)	207	21693	0.009542248651638777	22804	22997
G22927T(S:L455F) T22928C(S:F456L) T22942G(S:N460K) C22986T(S:A475V) G22992A(S:S477N) C22995A(S:T478K) A23013C(S:E484A) T23018C(S:F486P) T23019C(S:F486P)	201	42144	0.0047693621867881545	22922	23023
T22882G(S:N440K) G22895C(S:V445P) T22896C(S:V445P) G22898A(S:G446S) T22930A(S:F456L) T22942G(S:N460K) G22992A(S:S477N) C22995G(S:T478R) A23013C(S:E484A) T23018C(S:F486P) T23019C(S:F486P) T23031C(S:F490S) A23055G(S:Q498R) A23063T(S:N501Y)	200	11518	0.017364125716270187	22881	23067
G22317T(S:G252V) C22480T(S:F306F)	197	1624	0.12130541871921183	22315	22481
A22786C(S:R408S) T22807C(S:T415T) G22813T(S:K417N) T22882G(S:N440K) G22895C	196	22641	0.008656861446049203	22785	22895
G21987A(S:G142D) (21990,3)(S:DEL144) C22000A(S:H146Q) C22109G(S:Q183E) T22200A(S:V213E)	196	1719	0.1140197789412449	21979	22200
G22813T(S:K417N) T22882G(S:N440K) G22992A(S:S477N) C22995G(S:T478R) A23013C(S:E484A) T23018C(S:F486P) T23019C(S:F486P) T23031C(S:F490S) A23055G(S:Q498R) A23063T(S:N501Y)	195	5520	0.035326086956521736	22803	23063
A22786C(S:R408S) G22813T(S:K417N) G22992A(S:S477N) C22995A(S:T478K) A23013C(S:E484A) T23018C(S:F486P) T23019C(S:F486P) T23031C(S:F490S)	195	6928	0.02814665127020785	22778	23031
T22807C(S:T415T) G22813T(S:K417N) T22882G(S:N440K) T23031C(S:F490S) A23055G(S:Q498R) A23063T(S:N501Y) T23075C(S:Y505H)	192	1964	0.09775967413441955	22806	23106
A22786C(S:R408S) G22813T(S:K417N) T22930A(S:F456L) T22942G(S:N460K) G22992A(S:S477N) C22995G(S:T478R)	191	13254	0.014410743926361854	22779	22997
T22882G(S:N440K) G22895C(S:V445P) T22896C(S:V445P) G22898A(S:G446S) T22928C(S:F456L) T22942G(S:N460K) G22992A(S:S477N) C22995A(S:T478K) A23013C(S:E484A) T23018C(S:F486P) T23019C(S:F486P) T23031C(S:F490S)	190	23030	0.008250108554059922	22881	23031
T22882G(S:N440K) G22895C(S:V445P) T22896C(S:V445P) G22898A(S:G446S) T22942G(S:N460K) G22992A(S:S477N) C22995G(S:T478R) A23013C(S:E484A) T23018C(S:F486P) T23019C(S:F486P)	187	26706	0.007002171796600015	22881	23023
T22807C(S:T415T) G22813T(S:K417N) T22882G(S:N440K) G22898A(S:G446S) T22942G(S:N460K) G22992A(S:S477N) C22995G(S:T478R)	187	21693	0.008620292260176094	22805	22997
A22786C(S:R408S) T22807C(S:T415T) G22813T(S:K417N) G22992A(S:S477N) C22995A(S:T478K) A23013C(S:E484A) T23018C(S:F486P) T23019C(S:F486P) T23031C(S:F490S) A23055G(S:Q498R)	186	3512	0.05296127562642369	22783	23056
G22895C(S:V445P) T22896C(S:V445P) G22898A(S:G446S) T22942G(S:N460K) G22992A(S:S477N) C22995A(S:T478K) A23013C(S:E484A) T23018C(S:F486P) T23019C(S:F486P)	186	29838	0.006233661773577317	22887	23023
T22882G(S:N440K) G22895C(S:V445P) T22896C(S:V445P) G22898A(S:G446S) T22930A(S:F456L) T22942G(S:N460K) G22992A(S:S477N) C22995G(S:T478R)	185	38375	0.004820846905537459	22881	22997
G22813T(S:K417N) T22882G(S:N440K) T22942G(S:N460K) G22992A(S:S477N) C22995G(S:T478R) A23013C(S:E484A) T23018C(S:F486P) T23019C(S:F486P) T23031C(S:F490S)	184	12018	0.015310367781660842	22802	23031
G22775A(S:D405N) A22786C(S:R408S) T22807C(S:T415T) G22813T(S:K417N)	182	988	0.18421052631578946	22753	22813
G22895C(S:V445P) T22896C(S:V445P) G22898A(S:G446S) T22942G(S:N460K) T23019C T23031C(S:F490S) A23055G(S:Q498R) A23063T(S:N501Y) T23075C(S:Y505H)	181	5882	0.030771846310778648	22887	23115
T24469A(S:N969K)	180	553	0.325497287522604	24449	24482
G22813T(S:K417N) T22882G(S:N440K) G22992A(S:S477N) C22995A(S:T478K) A23013C(S:E484A) T23018C(S:F486P) T23019C(S:F486P) T23031C(S:F490S)	179	12018	0.01489432517889832	22805	23031
T22882G(S:N440K) G22895C(S:V445P) T22896C(S:V445P) G22898A(S:G446S) T22930A(S:F456L)	178	59522	0.002990490910923692	22881	22930
A22786C(S:R408S) G22813T(S:K417N) T22942G(S:N460K) G22992A(S:S477N) C22995G(S:T478R) A23013C(S:E484A) T23018C(S:F486P) T23019C(S:F486P)	177	8248	0.021459747817652763	22778	23023
T22930A(S:F456L) T22942G(S:N460K) G22992A(S:S477N) C22995A(S:T478K) A23013C(S:E484A) T23018C(S:F486P) T23019C(S:F486P) T23031C(S:F490S) A23055G(S:Q498R) A23063T(S:N501Y) T23075C(S:Y505H)	177	10478	0.016892536743653368	22929	23103
T22807C(S:T415T) G22813T(S:K417N) T22882G(S:N440K) T22942G(S:N460K) G22992A(S:S477N) C22995A(S:T478K) A23013C(S:E484A)	176	14830	0.011867835468644639	22804	23013
G22577C(S:G339H) G22578A(S:G339H) C22664A(S:L368I) C22674T(S:S371F) T22679C(S:S373P) C22686T(S:S375F) A22688G(S:T376A)	175	1434	0.12203626220362622	22526	22704
A22786C(S:R408S) G22813T(S:K417N) T22882G(S:N440K) G22895C	175	22641	0.007729340576829645	22784	22895
A22786C(S:R408S) G22813T(S:K417N) G22898A(S:G446S) T22930A(S:F456L) T22942G(S:N460K) G22992A(S:S477N) C22995G(S:T478R)	174	13254	0.013128112267994568	22779	22997
T22942G(S:N460K) G22992A(S:S477N) C22995A(S:T478K) T23031C(S:F490S) A23055G(S:Q498R) A23063T(S:N501Y) T23075C(S:Y505H)	172	12357	0.013919236060532492	22928	23109
T23599G(S:N679K) C23604A(S:P681H) C23664T(S:A701V) C23854A(S:N764K)	170	7573	0.022448171134292882	23598	23854
T22882G(S:N440K) G22895C(S:V445P) T22896C(S:V445P) G22898A(S:G446S) T22930A(S:F456L) T22942G(S:N460K) G22992A(S:S477N) C22995A(S:T478K) A23013C(S:E484A) T23018C(S:F486P) T23019C(S:F486P) T23031C(S:F490S) A23055G(S:Q498R) A23063T(S:N501Y)	170	11518	0.014759506858829659	22881	23065
T22942G(S:N460K) G22992A(S:S477N) C22995A(S:T478K) A23013C(S:E484A) T23018C(S:F486P) T23019C(S:F486P) T23031C(S:F490S) A23055G(S:Q498R)	169	23003	0.007346867799852193	22941	23056
T22882G(S:N440K) G22895C(S:V445P) T22896C(S:V445P) G22898A(S:G446S) T22930A(S:F456L) T22942G(S:N460K) T23031C(S:F490S) A23055G(S:Q498R) A23063T(S:N501Y) T23075C(S:Y505H)	167	4885	0.034186284544524055	22881	23109
G22927T(S:L455F) T22930A(S:F456L) T22942G(S:N460K) G22992A(S:S477N) C22995A(S:T478K) A23013C(S:E484A) T23018C(S:F486P) T23019C(S:F486P)	163	42144	0.0038676917236142748	22924	23023
A22786C(S:R408S) G22813T(S:K417N) G22898A(S:G446S) T22942G(S:N460K) G22992A(S:S477N) C22995A(S:T478K)	163	13254	0.012298174136109853	22778	22997
T22928C(S:F456L) T22942G(S:N460K) G22992A(S:S477N) C22995A(S:T478K) A23013C(S:E484A)	162	49494	0.003273124015032125	22917	23013
G22577C(S:G339H) G22578A(S:G339H) G22599C(S:R346T) C22664A(S:L368I)	161	1675	0.09611940298507463	22572	22664
T22942G(S:N460K) G22992A(S:S477N) T23019C T23031C(S:F490S) A23055G(S:Q498R) A23063T(S:N501Y) T23075C(S:Y505H)	161	12357	0.013029052358986808	22914	23115
(21632,9)(S:DEL25/27) G21718T(S:Q52H) T21810C(S:V83A)	160	39621	0.004038262537543222	21621	21810
G22813T(S:K417N) T22882G(S:N440K) T23031C(S:F490S) A23055G(S:Q498R) A23063T(S:N501Y) T23075C(S:Y505H)	160	2066	0.07744433688286544	22805	23109
T22928C(S:F456L) T22942G(S:N460K) G22992A(S:S477N) C22995A(S:T478K)	160	64000	0.0025	22924	22996
C22664A(S:L368I) C22674T(S:S371F) T22679C(S:S373P) C22686T(S:S375F) A22688G(S:T376A) G22775A(S:D405N) A22786C(S:R408S) T22807C(S:T415T) G22813T(S:K417N)	156	551	0.2831215970961887	22663	22813
G22895C(S:V445P) T22896C(S:V445P) G22898A(S:G446S) T22942G(S:N460K) G22992A(S:S477N) C22995A(S:T478K)	154	41910	0.003674540682414698	22887	22997
G22895C(S:V445P) T22896C(S:V445P) G22898A(S:G446S) T22942G(S:N460K) G22992A(S:S477N) C22995G(S:T478R) A23013C(S:E484A) T23018C(S:F486P) T23019C(S:F486P) T23031C(S:F490S)	154	25842	0.005959291076542064	22887	23031
G21987A(S:G142D) T22200A(S:V213E)	154	1719	0.089586969168121	21911	22207
G22895C(S:V445P) T22896C(S:V445P) G22898A(S:G446S) T22942G(S:N460K) G22992A(S:S477N) C22995G(S:T478R) A23013C(S:E484A) T23018C(S:F486P) T23019C(S:F486P) T23031C(S:F490S) A23055G(S:Q498R) A23063T(S:N501Y)	152	13406	0.011338206773086678	22887	23064
T22882G(S:N440K) G22895C(S:V445P) T22896C(S:V445P) G22898A(S:G446S) G22992A(S:S477N) C22995A(S:T478K) A23013C(S:E484A) T23018C(S:F486P) T23019C(S:F486P) T23031C(S:F490S)	151	23030	0.006556665219279201	22881	23041
T22928C(S:F456L) T22942G(S:N460K) G22992A(S:S477N) C22995A(S:T478K) A23013C(S:E484A) T23018C(S:F486P) T23019C(S:F486P)	150	42668	0.0035155151401518705	22927	23023
G22898A(S:G446S) T22942G(S:N460K) G22992A(S:S477N) C22995G(S:T478R)	149	45646	0.0032642509748937476	22897	22997
C22664A(S:L368I) C22674T(S:S371F) T22679C(S:S373P) C22686T(S:S375F) A22688G(S:T376A) G22775A(S:D405N) A22786C(S:R408S)	148	938	0.15778251599147122	22663	22787
T21810C(S:V83A) A21862C(S:I100I)	147	97477	0.0015080480523610698	21763	21862
G22992A(S:S477N) C22995G(S:T478R) A23013C(S:E484A) T23018C(S:F486P) T23019C(S:F486P) T23031C(S:F490S) A23055G(S:Q498R)	146	25199	0.005793880709551966	22968	23055
C22000A(S:H146Q)	146	7706	0.018946275629379703	21997	22074
G21987A(S:G142D) C22000A(S:H146Q)	145	7567	0.019162151447072815	21906	22082
A22786C(S:R408S) T22807C(S:T415T) G22813T(S:K417N) T22882G(S:N440K) G22895C(S:V445P) T22896C(S:V445P) G22898A(S:G446S) T22930A(S:F456L)	141	19849	0.007103632424807295	22784	22932
G22775A(S:D405N) A22786C(S:R408S)	138	1546	0.08926261319534282	22752	22789
T22882G(S:N440K) G22895C(S:V445P) T22896C(S:V445P) G22898A(S:G446S) T22930A(S:F456L) T22942G(S:N460K) G22992A(S:S477N) C22995A(S:T478K)	136	38375	0.0035439739413680783	22881	22997
T22928C(S:F456L) T22942G(S:N460K) G22992A(S:S477N) C22995A(S:T478K) A23013C(S:E484A) T23018C(S:F486P) T23019C(S:F486P) T23031C(S:F490S)	135	34240	0.003942757009345794	22927	23031
T22843C(S:D427D) T22882G(S:N440K) G22895C(S:V445P) T22896C(S:V445P) G22898A(S:G446S)	134	42595	0.0031459091442657587	22842	22914
T22913C(S:Y451H) T22942G(S:N460K) G22992A(S:S477N) C22995A(S:T478K)	133	50934	0.0026112223661993953	22908	22996
G22992A(S:S477N) C22995G(S:T478R) A23013C(S:E484A) T23018C(S:F486P) T23019C(S:F486P) T23031C(S:F490S) A23055G(S:Q498R) A23063T(S:N501Y)	132	22801	0.005789219771062673	22978	23064
G21987A(S:G142D)	131	7646	0.017133141511901647	21909	21987
G22813T(S:K417N) T22882G(S:N440K) G22992A(S:S477N) C22995G(S:T478R) A23013C(S:E484A) T23018C(S:F486P) T23019C(S:F486P) T23031C(S:F490S)	130	12018	0.010817107671825595	22803	23041
T22930A(S:F456L) T22942G(S:N460K) G22992A(S:S477N) C22995G(S:T478R) A23013C(S:E484A) T23018C(S:F486P) T23019C(S:F486P) T23031C(S:F490S) A23055G(S:Q498R) A23063T(S:N501Y) T23075C(S:Y505H)	129	10478	0.012311509830120252	22927	23103
T22942G(S:N460K) G22992A(S:S477N) C22995A(S:T478K) A23013C(S:E484A) T23018C T23031C(S:F490S) A23055G(S:Q498R) A23063T(S:N501Y) T23075C(S:Y505H)	129	12357	0.01043942704539937	22941	23109
G22599C(S:R346T) C22664A(S:L368I) C22674T(S:S371F) T22679C(S:S373P) C22686T(S:S375F) A22688G(S:T376A)	127	1732	0.07332563510392609	22598	22696
A23013C(S:E484A) T23018C(S:F486P) T23019C(S:F486P) T23031C(S:F490S) A23055G(S:Q498R) A23063T(S:N501Y) T23075C(S:Y505H)	126	13542	0.00930438635356668	23008	23103
T22882G(S:N440K) G22895C(S:V445P) T22896C(S:V445P) G22898A(S:G446S) T23031C(S:F490S) A23055G(S:Q498R) A23063T(S:N501Y) T23075C(S:Y505H)	125	4885	0.0255885363357216	22881	23109
T22882G(S:N440K) G22895C(S:V445P) T22896C(S:V445P) G22898A(S:G446S) T22928C(S:F456L) T22942G(S:N460K) G22992A(S:S477N) C22995A(S:T478K) A23013C(S:E484A) T23018C(S:F486P) T23019C(S:F486P) T23031C(S:F490S) A23055G(S:Q498R) A23063T(S:N501Y)	124	11518	0.010765757944087516	22881	23065
G22813T(S:K417N) T22882G(S:N440K) T22942G(S:N460K) G22992A(S:S477N) C22995A(S:T478K)	124	22559	0.005496697548650206	22803	22997
G22813T(S:K417N) T22882G(S:N440K) G22895C(S:V445P) T22896C(S:V445P) G22898A(S:G446S) T22928C(S:F456L) T22942G(S:N460K)	122	30079	0.0040559859037866955	22811	22942
T22942G(S:N460K) G22992A(S:S477N) A23055G(S:Q498R) A23063T(S:N501Y) T23075C(S:Y505H)	122	12357	0.009872946508052117	22924	23115
G22895C(S:V445P) T22896C(S:V445P) G22898A(S:G446S)	121	71995	0.0016806722689075631	22887	22903
T22882G(S:N440K) G22895C(S:V445P) T22896C(S:V445P) G22898A(S:G446S) G22927T(S:L455F) T22930A(S:F456L) T22942G(S:N460K)	120	56140	0.0021375133594584966	22881	22942
T22882G(S:N440K) G22895C(S:V445P) T22896C(S:V445P) G22898A(S:G446S) G22927T(S:L455F) T22928C(S:F456L) T22942G(S:N460K)	120	56140	0.0021375133594584966	22881	22943
A22786C(S:R408S) T22807C(S:T415T) G22813T(S:K417N) A23055G(S:Q498R) A23063T(S:N501Y) T23075C(S:Y505H)	118	1129	0.10451727192205491	22778	23115
T22942G(S:N460K) G22992A(S:S477N) C22995A(S:T478K) A23013C(S:E484A) A23055G(S:Q498R) A23063T(S:N501Y) T23075C(S:Y505H)	117	12357	0.009468317552804079	22916	23111
T22807C(S:T415T) G22813T(S:K417N) T22882G(S:N440K) G22992A(S:S477N) C22995A(S:T478K) A23013C(S:E484A) T23018C(S:F486P) T23019C(S:F486P) T23031C(S:F490S) A23055G(S:Q498R)	116	5954	0.01948270070540813	22803	23056
G22813T(S:K417N) T22882G(S:N440K) G22895C(S:V445P) T22896C(S:V445P) G22898A(S:G446S) T22942G(S:N460K) G22992A(S:S477N) C22995A(S:T478K) A23013C(S:E484A) T23018C(S:F486P) T23019C(S:F486P) T23031C(S:F490S)	116	12018	0.009652188384090531	22811	23031
G22813T(S:K417N) T22882G(S:N440K) T22942G(S:N460K) G22992A(S:S477N) C22995G(S:T478R)	115	22559	0.005097743694312691	22805	22997
C22664A(S:L368I) C22674T(S:S371F) T22679C(S:S373P) C22686T(S:S375F) A22688G(S:T376A) G22775A(S:D405N) A22786C(S:R408S) G22813T(S:K417N)	114	551	0.20689655172413793	22663	22813
T22942G(S:N460K)	114	96486	0.0011815185622784652	22907	22978
A22786C(S:R408S) G22813T(S:K417N) G22898A(S:G446S) T22930A(S:F456L) T22942G(S:N460K) G22992A(S:S477N) C22995A(S:T478K)	113	13254	0.008525728082088426	22778	22997
G22775A(S:D405N) A22786C(S:R408S) G22813T(S:K417N)	110	988	0.11133603238866396	22752	22813
G22813T(S:K417N) T22882G(S:N440K) G22895C(S:V445P) T22896C(S:V445P) G22898A(S:G446S) T22930A(S:F456L)	110	32603	0.0033739226451553537	22811	22930
G21987A(S:G142D) (21990,3)(S:DEL144) C22000A(S:H146Q) A22101T(S:E180V)	110	4498	0.024455313472654512	21979	22101
T22930A(S:F456L) T22942G(S:N460K) G22992A(S:S477N) C22995G(S:T478R) A23013C(S:E484A) T23018C	109	44553	0.002446524364240343	22926	23018
G22813T(S:K417N) T22882G(S:N440K) G22895C(S:V445P) T22896C(S:V445P) G22898A(S:G446S) G22992A(S:S477N) C22995A(S:T478K) A23013C(S:E484A) T23018C(S:F486P) T23019C(S:F486P) T23031C(S:F490S) A23055G(S:Q498R) A23063T(S:N501Y)	108	5520	0.01956521739130435	22812	23065
G22813T(S:K417N)	108	48687	0.00221825127857539	22812	22862
A22786C(S:R408S) T22807C(S:T415T) G22813T(S:K417N) T23019C T23031C(S:F490S) A23055G(S:Q498R) A23063T(S:N501Y) T23075C(S:Y505H)	108	1129	0.09565987599645705	22782	23115
A22786C(S:R408S) G22813T(S:K417N) T23019C T23031C(S:F490S) A23055G(S:Q498R) A23063T(S:N501Y) T23075C(S:Y505H)	108	1129	0.09565987599645705	22778	23115
G22813T(S:K417N) T22882G(S:N440K) G22898A(S:G446S) T22942G(S:N460K) G22992A(S:S477N) C22995G(S:T478R)	107	22559	0.004743118046012678	22803	22997
T22930A(S:F456L) T22942G(S:N460K) G22992A(S:S477N) C22995A(S:T478K) A23013C(S:E484A) T23018C	106	44553	0.0023791888312795994	22927	23018
G22813T(S:K417N) T22882G(S:N440K) G22895C(S:V445P) T22896C(S:V445P) G22898A(S:G446S) T22942G(S:N460K) G22992A(S:S477N) C22995A(S:T478K)	106	22559	0.004698789839975176	22812	22997
T22882G(S:N440K) G22895C(S:V445P) T22896C(S:V445P) G22898A(S:G446S) T22942G(S:N460K) G22992A(S:S477N) C22995G(S:T478R) A23013C(S:E484A)	105	28508	0.0036831766521678126	22881	23013
T22942G(S:N460K) C22986T(S:A475V) G22992A(S:S477N) C22995A(S:T478K) A23013C(S:E484A) T23018C(S:F486P) T23019C(S:F486P)	104	50932	0.002041938270635357	22928	23023
C23243T(S:P561S)	104	127358	0.0008165957379983982	23242	23244
G22895C(S:V445P) T22896C(S:V445P) G22898A(S:G446S) T22942G(S:N460K) G22992A(S:S477N) C22995G(S:T478R)	102	41910	0.00243378668575519	22887	22997
T22882G(S:N440K) G22895C(S:V445P) T22896C(S:V445P) G22898A(S:G446S) T22930A(S:F456L) T22942G(S:N460K) G22992A(S:S477N) C22995G(S:T478R) A23013C(S:E484A) T23018C(S:F486P) T23019C(S:F486P)	102	26706	0.003819366434509099	22881	23023
C23604A(S:P681H) C23854A(S:N764K)	101	7616	0.01326155462184874	23603	23854
T22942G(S:N460K) G22992A(S:S477N) C22995A(S:T478K) A23013C(S:E484A) T23019C T23031C(S:F490S) A23055G(S:Q498R) A23063T(S:N501Y) T23075C(S:Y505H)	101	12357	0.008173504896010358	22941	23110
T22807C(S:T415T) G22813T(S:K417N)	100	47011	0.002127161728106188	22803	22865
T22942G(S:N460K) G22992A(S:S477N) C22995A(S:T478K) A23055G(S:Q498R) A23063T(S:N501Y) T23075C(S:Y505H)	99	12357	0.008011653313911144	22925	23110
G22898A(S:G446S) T22930A(S:F456L) T22942G(S:N460K) G22992A(S:S477N) C22995G(S:T478R)	96	45646	0.002103141567716777	22897	22997
T23032G A23055G(S:Q498R) A23063T(S:N501Y) T23075C(S:Y505H)	95	17890	0.005310229178311906	23031	23115
A21768C(S:H69P)	95	165487	0.0005740632194673902	21686	21768
T22882G(S:N440K) G22895C(S:V445P) T22896C(S:V445P) G22898A(S:G446S) T22928C(S:F456L) T22942G(S:N460K) G22992A(S:S477N) C22995G(S:T478R)	94	38375	0.0024495114006514657	22881	22997
T22930A(S:F456L) T22942G(S:N460K) G22992A(S:S477N) C22995A(S:T478K) A23013C(S:E484A) T23018C(S:F486P) T23019C(S:F486P) T23031C(S:F490S) A23055G(S:Q498R) A23063T(S:N501Y)	94	18914	0.004969863593105636	22929	23064
A22786C(S:R408S) G22813T(S:K417N) T22930A(S:F456L) T22942G(S:N460K) G22992A(S:S477N) C22995G(S:T478R) A23013C(S:E484A) T23018C(S:F486P) T23019C(S:F486P)	94	8248	0.01139670223084384	22778	23023
G22813T(S:K417N) T22882G(S:N440K) T22942G(S:N460K) G22992A(S:S477N) C22995A(S:T478K) A23013C(S:E484A) T23018C(S:F486P) T23019C(S:F486P)	94	14288	0.006578947368421052	22803	23023
A22786C(S:R408S) G22813T(S:K417N) T22930A(S:F456L) T22942G(S:N460K) G22992A(S:S477N) C22995A(S:T478K)	92	13254	0.006941300739399426	22778	22997
G22813T(S:K417N) T22882G(S:N440K) T22942G(S:N460K) G22992A(S:S477N) C22995G(S:T478R) A23013C(S:E484A) T23018C(S:F486P) T23019C(S:F486P)	92	14288	0.006438969764837626	22803	23023
T22942G(S:N460K) G22992A(S:S477N) C22995A(S:T478K) A23013C(S:E484A) T23018C(S:F486P) T23019C(S:F486P) T23031C(S:F490S) T23042C(S:S494P)	91	30949	0.0029403211735435715	22941	23042
G22813T(S:K417N) T22843C(S:D427D) T22882G(S:N440K)	91	44328	0.002052878541779462	22805	22885
A22786C(S:R408S) G22813T(S:K417N) T22942G(S:N460K) G22992A(S:S477N) C22995G(S:T478R) A23013C(S:E484A)	90	8907	0.010104412260020209	22782	23013
G22813T(S:K417N) T22882G(S:N440K) G22895C(S:V445P) T22896C(S:V445P) G22898A(S:G446S) T22942G(S:N460K) G22992A(S:S477N) C22995G(S:T478R)	90	22559	0.0039895385433751495	22811	22997
T22807C(S:T415T) G22813T(S:K417N) T22882G(S:N440K) A23055G(S:Q498R) A23063T(S:N501Y) T23075C(S:Y505H)	89	1964	0.04531568228105906	22805	23111
T22882G(S:N440K) G22895C(S:V445P) T22896C(S:V445P) T22942G(S:N460K)	89	56140	0.0015853224082650517	22881	22943
A22786C(S:R408S) T22807C(S:T415T) G22813T(S:K417N) T22942G(S:N460K) G22992A(S:S477N)	89	13439	0.006622516556291391	22782	22992
A22786C(S:R408S) G22813T(S:K417N) A23055G(S:Q498R) A23063T(S:N501Y) T23075C(S:Y505H)	88	1129	0.07794508414526129	22779	23110
T22882G(S:N440K) G22895C(S:V445P) T22896C(S:V445P) G22898A(S:G446S) G22992A(S:S477N) C22995G(S:T478R) A23013C(S:E484A) T23018C(S:F486P) T23019C(S:F486P) T23031C(S:F490S) A23055G(S:Q498R) A23063T(S:N501Y)	87	11518	0.007553394686577531	22866	23064
T22930A(S:F456L) T22942G(S:N460K) G22992A(S:S477N) C22995G(S:T478R) A23013C(S:E484A) T23018C(S:F486P) T23019C(S:F486P) T23031C(S:F490S) A23055G(S:Q498R) A23063T(S:N501Y)	87	18914	0.004599767368087131	22929	23064
T22882G(S:N440K) G22895C(S:V445P) T22896C(S:V445P) G22898A(S:G446S) T22928C(S:F456L) T22942G(S:N460K) G22992A(S:S477N) C22995A(S:T478K)	87	38375	0.002267100977198697	22881	22997
T22807C(S:T415T) G22813T(S:K417N) T22882G(S:N440K) G22895C(S:V445P) T22896C(S:V445P) G22898A(S:G446S) T22930A(S:F456L)	87	31479	0.0027637472600781474	22805	22932
T22882G(S:N440K) T22896C(S:V445A) G22898A(S:G446S) T22942G(S:N460K)	85	56140	0.0015140719629497684	22881	22942
T22942G(S:N460K) G22992A(S:S477N) C22995A(S:T478K) T23019C T23031C(S:F490S) A23055G(S:Q498R) A23063T(S:N501Y) T23075C(S:Y505H)	85	12357	0.006878692239216638	22937	23115
T22882G(S:N440K) G22895C(S:V445P) T22896C(S:V445P) G22898A(S:G446S) T22930A(S:F456L) T22942G(S:N460K) G22992A(S:S477N) C22995A(S:T478K) A23013C(S:E484A) T23018C(S:F486P) T23019C(S:F486P)	85	26706	0.0031828053620909158	22881	23023
T22882G(S:N440K) G22895C(S:V445P) T22896C(S:V445P) G22898A(S:G446S) T22942G(S:N460K) G22992A(S:S477N)	84	38783	0.0021658974292860273	22881	22992
T22807C(S:T415T) G22813T(S:K417N) T22882G(S:N440K) T22942G(S:N460K) G22992A(S:S477N) C22995G(S:T478R) A23013C(S:E484A) T23018C(S:F486P) T23019C(S:F486P) T23031C(S:F490S)	82	11501	0.0071298147987131555	22803	23031
T22942G(S:N460K) G22992A(S:S477N) C22995A(S:T478K) A23013C(S:E484A) T23018C(S:F486P) T23019C(S:F486P) A23055G(S:Q498R) A23063T(S:N501Y) T23075C(S:Y505H)	82	12357	0.006635914866067816	22941	23115
T22882G(S:N440K) G22895C(S:V445P) T22896C(S:V445P) G22898A(S:G446S) T22928C(S:F456L) T22942G(S:N460K) G22992A(S:S477N) C22995A(S:T478K) A23013C(S:E484A) T23018C(S:F486P) T23019C(S:F486P)	81	26706	0.003033026286227814	22881	23023
A22786C(S:R408S) G22813T(S:K417N) G22992A(S:S477N) C22995G(S:T478R) A23013C(S:E484A) T23018C(S:F486P) T23019C(S:F486P) T23031C(S:F490S) A23055G(S:Q498R)	81	3512	0.02306378132118451	22782	23056
T22807C(S:T415T) G22813T(S:K417N) T22882G(S:N440K) T23019C T23031C(S:F490S) A23055G(S:Q498R) A23063T(S:N501Y) T23075C(S:Y505H)	81	1964	0.04124236252545825	22803	23115
A22786C(S:R408S) G22813T(S:K417N) T22882G(S:N440K) G22895C(S:V445P) T22896C(S:V445P) G22898A(S:G446S) T22928C(S:F456L)	80	19866	0.004026980771166817	22784	22928
A22786C(S:R408S) G22813T(S:K417N) T22942G(S:N460K) G22992A(S:S477N) C22995A(S:T478K)	80	13254	0.006035913686434284	22782	22997
C23286T(S:A575V)	80	137888	0.0005801810164771409	23281	23286
A22786C(S:R408S) T22807C(S:T415T) G22813T(S:K417N) T22882G(S:N440K) G22992A(S:S477N) C22995A(S:T478K) A23013C(S:E484A) T23018C(S:F486P) T23019C(S:F486P) T23031C(S:F490S) A23055G(S:Q498R) A23063T(S:N501Y)	79	3085	0.02560777957860616	22785	23066
G22927T(S:L455F) T22928C(S:F456L) T22942G(S:N460K) G22992A(S:S477N) C22995A(S:T478K) A23013C(S:E484A) T23018C(S:F486P) T23019C(S:F486P) T23031C(S:F490S) A23055G(S:Q498R) A23063T(S:N501Y) T23075C(S:Y505H)	79	10340	0.007640232108317215	22922	23104
A22786C(S:R408S) G22813T(S:K417N) G22895C(S:V445P) T22896C(S:V445P) G22898A(S:G446S) T22942G(S:N460K)	78	18098	0.004309868493756216	22779	22944
C23260T(S:G566G)	78	130028	0.000599870797059095	23257	23260
T22928C(S:F456L) T22942G(S:N460K) G22992A(S:S477N) C22995G(S:T478R)	78	64000	0.00121875	22922	22996
G22577C(S:G339H) G22578A(S:G339H) G22599C(S:R346T) G22775A(S:D405N) A22786C(S:R408S)	78	322	0.2422360248447205	22561	22786
T22807C(S:T415T) G22813T(S:K417N) T22882G(S:N440K) G22895C(S:V445P) T22896C(S:V445P) G22898A(S:G446S) T22930A(S:F456L) T22942G(S:N460K)	78	29006	0.0026890988071433496	22806	22943
T22882G(S:N440K) G22895C(S:V445P) T22896C(S:V445P) G22898A(S:G446S) T22930A(S:F456L) T22942G(S:N460K) T23019C T23031C(S:F490S) A23055G(S:Q498R) A23063T(S:N501Y) T23075C(S:Y505H)	78	4885	0.015967246673490275	22881	23115
A23187G(S:N542S)	77	91941	0.0008374936100325208	23185	23196
T22882G(S:N440K) G22895C(S:V445P) T22896C(S:V445P) G22898A(S:G446S) T22930A(S:F456L) T22942G(S:N460K) A23055G(S:Q498R) A23063T(S:N501Y) T23075C(S:Y505H)	77	4885	0.015762538382804503	22881	23115
T22882G(S:N440K) G22895C(S:V445P) T22896C(S:V445P) G22898A(S:G446S) T22928C(S:F456L) T22942G(S:N460K) T23031C(S:F490S) A23055G(S:Q498R) A23063T(S:N501Y) T23075C(S:Y505H)	76	4885	0.015557830092118731	22881	23110
A22786C(S:R408S) G22813T(S:K417N) T22882G(S:N440K) G22895C(S:V445P) T22896C(S:V445P) G22898A(S:G446S) G22927T(S:L455F) T22930A(S:F456L) T22942G(S:N460K)	76	18098	0.004199359045198365	22784	22943
A22786C(S:R408S) G22813T(S:K417N) G22898A(S:G446S) T22928C(S:F456L) T22942G(S:N460K) G22992A(S:S477N) C22995G(S:T478R)	76	13254	0.0057341180021125695	22778	22997
T22807C(S:T415T) G22813T(S:K417N) T22882G(S:N440K) G22992A(S:S477N) C22995G(S:T478R) A23013C(S:E484A) T23018C(S:F486P) T23019C(S:F486P) T23031C(S:F490S) A23055G(S:Q498R) A23063T(S:N501Y)	75	5272	0.014226100151745068	22803	23063
G22898A(S:G446S) T22930A(S:F456L) T22942G(S:N460K) G22992A(S:S477N) C22995A(S:T478K)	74	45646	0.0016211716251150156	22897	22997
A22786C(S:R408S) G22813T(S:K417N) T22942G(S:N460K) G22992A(S:S477N) C22995A(S:T478K) A23013C(S:E484A) T23018C(S:F486P) T23019C(S:F486P)	74	8248	0.008971871968962172	22779	23023
A22786C(S:R408S) T22807C(S:T415T) G22813T(S:K417N) T22882G(S:N440K) T22942G(S:N460K) G22992A(S:S477N) C22995A(S:T478K) A23013C(S:E484A) T23018C(S:F486P) T23019C(S:F486P) T23031C(S:F490S)	72	6928	0.010392609699769052	22785	23031
G22895C(S:V445P) T22896C(S:V445P) G22898A(S:G446S) T22930A(S:F456L) T22942G(S:N460K) T23031C(S:F490S) A23055G(S:Q498R) A23063T(S:N501Y) T23075C(S:Y505H)	72	5882	0.012240734444066644	22887	23110
C22664A(S:L368I) C22674T(S:S371F) T22679C(S:S373P) C22686T(S:S375F) A22688G(S:T376A) G22775A(S:D405N)	71	1148	0.06184668989547038	22661	22778
A22786C(S:R408S) G22813T(S:K417N) T22882G(S:N440K) G22895C(S:V445P) T22896C(S:V445P) G22898A(S:G446S) G22927T(S:L455F) T22928C(S:F456L) T22942G(S:N460K)	71	18098	0.003923085423803735	22784	22943
A22786C(S:R408S) G22813T(S:K417N) T22930A(S:F456L) T22942G(S:N460K) G22992A(S:S477N) C22995A(S:T478K) A23013C(S:E484A) T23018C(S:F486P) T23019C(S:F486P)	71	8248	0.008608147429679922	22783	23023
G22895C(S:V445P) T22896C(S:V445P) G22898A(S:G446S) T22930A(S:F456L) T22942G(S:N460K) G22992A(S:S477N) C22995G(S:T478R) A23013C(S:E484A) T23018C(S:F486P) T23019C(S:F486P) T23031C(S:F490S) A23055G(S:Q498R) A23063T(S:N501Y)	71	13406	0.005296136058481277	22887	23065
G22813T(S:K417N) T22882G(S:N440K) T22930A(S:F456L) T22942G(S:N460K) G22992A(S:S477N) C22995G(S:T478R)	71	22559	0.003147302628662618	22803	22998
T22882G(S:N440K) G22895C(S:V445P) T22896C(S:V445P) G22898A(S:G446S) T22942G(S:N460K) A23013C(S:E484A) T23018C(S:F486P) T23019C(S:F486P) T23031C(S:F490S) A23055G(S:Q498R) A23063T(S:N501Y) T23075C(S:Y505H)	70	4885	0.014329580348004094	22881	23103
G22927T(S:L455F) T22928C(S:F456L) T22942G(S:N460K) G22992A(S:S477N) C22995A(S:T478K) A23013C(S:E484A) T23018C(S:F486P) T23019C(S:F486P) T23031C(S:F490S)	70	34044	0.0020561626130889436	22922	23031
G22927T(S:L455F) T22930A(S:F456L) T22942G(S:N460K) G22992A(S:S477N)	70	66880	0.0010466507177033493	22898	22993
A23403G(S:D614G) G23412A(S:C617Y) C23430T(S:A623V)	69	69140	0.0009979751229389645	23358	23433
G22813T(S:K417N) T22882G(S:N440K) G22895C(S:V445P) T22896C(S:V445P) G22898A(S:G446S) G22992A(S:S477N) C22995A(S:T478K) A23013C(S:E484A) T23018C(S:F486P) T23019C(S:F486P) T23031C(S:F490S)	69	12018	0.005741387918122816	22811	23043
A22786C(S:R408S) G22813T(S:K417N) G22898A(S:G446S) T22928C(S:F456L) T22942G(S:N460K) G22992A(S:S477N) C22995A(S:T478K)	69	13254	0.00520597555454957	22778	22997
T22942G(S:N460K) G22992A(S:S477N) C22995A(S:T478K) A23013C(S:E484A) T23018C A23055G(S:Q498R) A23063T(S:N501Y) T23075C(S:Y505H)	68	12357	0.00550295379137331	22923	23115
A22786C(S:R408S) G22813T(S:K417N) G22992A(S:S477N) C22995A(S:T478K) A23013C(S:E484A) T23018C(S:F486P) T23019C(S:F486P) T23031C(S:F490S) A23055G(S:Q498R)	68	3512	0.0193621867881549	22778	23056
C22109G(S:Q183E) (22115,3)(S:DEL186)	67	7396	0.00905895078420768	22093	22133
G23292A(S:R577H)	67	135425	0.0004947387853055196	23289	23293
T22882G(S:N440K) G22895C(S:V445P) T22896C(S:V445P) G22898A(S:G446S) T22942G(S:N460K) G22992A(S:S477N) C22995G(S:T478R) A23013C(S:E484A) T23018C(S:F486P) T23019C(S:F486P) T23031C(S:F490S) A23055G(S:Q498R)	67	12890	0.005197827773467805	22881	23055
G21987A(S:G142D) A22101T(S:E180V) C22109G(S:Q183E)	67	4048	0.016551383399209488	21905	22109
C22109G(S:Q183E) T22200A(S:V213E) G22203A(S:R214H)	67	3635	0.01843191196698762	22106	22206
G22813T(S:K417N) T22882G(S:N440K) G22895C(S:V445P) T22896C(S:V445P) G22898A(S:G446S) G22992A(S:S477N) C22995G(S:T478R) A23013C(S:E484A) T23018C(S:F486P) T23019C(S:F486P) T23031C(S:F490S) A23055G(S:Q498R) A23063T(S:N501Y)	67	5520	0.01213768115942029	22812	23067
T21810C(S:V83A) G21987A(S:G142D) (21990,3)(S:DEL144) C22000A(S:H146Q)	66	167	0.39520958083832336	21809	22014
T22807C(S:T415T) G22813T(S:K417N) T22882G(S:N440K) G22895C(S:V445P) T22896C(S:V445P) G22898A(S:G446S) T22942G(S:N460K) G22992A(S:S477N) C22995A(S:T478K)	66	21693	0.0030424560918268567	22806	22997
A22786C(S:R408S) T22807C(S:T415T) G22813T(S:K417N) T22882G(S:N440K) G22898A(S:G446S) T22942G(S:N460K) G22992A(S:S477N) C22995A(S:T478K)	65	13254	0.004904179870227856	22785	22997
G23285A(S:A575T)	65	148268	0.0004383953381714193	23280	23285
G22813T(S:K417N) T22882G(S:N440K) G22895C(S:V445P) T22896C(S:V445P) G22898A(S:G446S) T23031C(S:F490S) A23055G(S:Q498R) A23063T(S:N501Y) T23075C(S:Y505H)	64	2066	0.030977734753146177	22812	23110
G22895C(S:V445P) T22896C(S:V445P) G22898A(S:G446S) T22942G(S:N460K) G22992A(S:S477N) C22995A(S:T478K) A23013C(S:E484A)	64	31749	0.0020158115216227282	22887	23013
T22942G(S:N460K) G22992A(S:S477N) C22995G(S:T478R) A23013C(S:E484A) T23031C(S:F490S) A23055G(S:Q498R) A23063T(S:N501Y) T23075C(S:Y505H)	64	12357	0.00517925062717488	22917	23110
A22786C(S:R408S) G22813T(S:K417N) T22928C(S:F456L) T22942G(S:N460K) G22992A(S:S477N) C22995G(S:T478R)	64	13254	0.004828730949147427	22778	22997
T22882G(S:N440K) G22895C(S:V445P) T22896C(S:V445P) G22898A(S:G446S) G22992A(S:S477N) C22995G(S:T478R) A23013C(S:E484A) T23018C(S:F486P) T23019C(S:F486P) T23031C(S:F490S)	64	23030	0.0027789839339991316	22857	23037
A22786C(S:R408S) T22807C(S:T415T) G22813T(S:K417N) T22882G(S:N440K) G22895C(S:V445P) T22896C(S:V445P) G22898A(S:G446S) T22930A(S:F456L) T22942G(S:N460K)	62	18098	0.0034257929052934027	22784	22943
G22895C(S:V445P) T22896C(S:V445P) G22898A(S:G446S) T22930A(S:F456L) T22942G(S:N460K) G22992A(S:S477N) C22995G(S:T478R) A23013C(S:E484A) T23018C(S:F486P) T23019C(S:F486P) T23031C(S:F490S)	61	25842	0.002360498413435493	22887	23031
G21641T(S:A27S)	61	154620	0.00039451558659940497	21640	21720
C25000T(S:D1146D) A25045G(S:S1161S)	61	1841	0.033134166214014125	24997	25047
T22807C(S:T415T) G22813T(S:K417N) T22882G(S:N440K) T22930A(S:F456L) T22942G(S:N460K) G22992A(S:S477N) C22995G(S:T478R)	61	21693	0.0028119669939611854	22803	22998
G22813T(S:K417N) T22882G(S:N440K) T23019C T23031C(S:F490S) A23055G(S:Q498R) A23063T(S:N501Y) T23075C(S:Y505H)	60	2066	0.02904162633107454	22804	23115
(23276,'G')(S:INS573)	60	144499	0.0004152277870435089	23273	23371
A22786C(S:R408S) T22807C(S:T415T)	60	28572	0.0020999580008399833	22780	22808
C21618T(S:T19I) (21632,9)(S:DEL25/27) G21663A(S:R34H)	60	133754	0.00044858471522346994	21611	21674
G22895C(S:V445P) T22896C(S:V445P) G22898A(S:G446S) T22942G(S:N460K) G22992A(S:S477N) C22995A(S:T478K) A23013C(S:E484A) T23018C(S:F486P) T23019C(S:F486P) T23031C(S:F490S) A23055G(S:Q498R)	60	14887	0.004030362060858467	22887	23055
T22882G(S:N440K) G22895C(S:V445P) T22896C(S:V445P) G22898A(S:G446S) T23019C T23031C(S:F490S) A23055G(S:Q498R) A23063T(S:N501Y) T23075C(S:Y505H)	60	4885	0.012282497441146366	22864	23115
G22813T(S:K417N) T22882G(S:N440K) A23055G(S:Q498R) A23063T(S:N501Y) T23075C(S:Y505H)	59	2066	0.028557599225556632	22804	23115
G22895C(S:V445P) T22896C(S:V445P) G22898A(S:G446S) T22942G(S:N460K) G22992A(S:S477N) C22995G(S:T478R) A23013C(S:E484A) T23018C(S:F486P) T23019C(S:F486P)	58	29838	0.0019438300154165828	22887	23023
G22813T(S:K417N) T22882G(S:N440K) T22942G(S:N460K) G22992A(S:S477N) C22995A(S:T478K) A23013C(S:E484A)	58	15475	0.0037479806138933764	22802	23013
T22942G(S:N460K) G22992A(S:S477N) C22995G(S:T478R) A23013C(S:E484A) T23018C(S:F486P) T23019C(S:F486P) T23031C(S:F490S) A23055G(S:Q498R)	58	23003	0.0025214102508368474	22941	23056
T22930A(S:F456L) T22942G(S:N460K) G22992A(S:S477N) T23031C(S:F490S) A23055G(S:Q498R) A23063T(S:N501Y) T23075C(S:Y505H)	58	10478	0.005535407520519183	22907	23110
T22882G(S:N440K) G22895C(S:V445P) T22896C(S:V445P) G22898A(S:G446S) G22927T(S:L455F) T22930A(S:F456L) T22942G(S:N460K) G22992A(S:S477N) C22995A(S:T478K) A23013C(S:E484A) T23018C(S:F486P) T23019C(S:F486P) T23031C(S:F490S)	57	23030	0.0024750325662179764	22881	23031
G22895C(S:V445P) T22896C(S:V445P) G22898A(S:G446S) G22927T(S:L455F) T22930A(S:F456L) T22942G(S:N460K)	57	62947	0.0009055236945366737	22887	22955
A22786C(S:R408S) G22813T(S:K417N) T22928C(S:F456L) T22942G(S:N460K) G22992A(S:S477N) C22995A(S:T478K)	56	13254	0.004225139580503999	22778	22997
G22992A(S:S477N) C22995A(S:T478K) A23013C(S:E484A) T23018C(S:F486P) T23019C(S:F486P) T23031C(S:F490S) T23042C(S:S494P)	56	35326	0.0015852346713468833	22950	23042
G22813T(S:K417N) T22882G(S:N440K) G22898A(S:G446S) T22930A(S:F456L) T22942G(S:N460K) G22992A(S:S477N) C22995G(S:T478R)	56	22559	0.002482379538100093	22803	22997
T22942G(S:N460K) G22992A(S:S477N) C22995G(S:T478R) T23031C(S:F490S) A23055G(S:Q498R) A23063T(S:N501Y) T23075C(S:Y505H)	56	12357	0.004531844298778021	22921	23109
C23271T(S:A570V)	56	134905	0.00041510692709684595	23265	23271
T22882G(S:N440K) G22895C(S:V445P) T22896C(S:V445P) G22898A(S:G446S) T22928C(S:F456L) T22942G(S:N460K) G22992A(S:S477N) C22995G(S:T478R) A23013C(S:E484A) T23018C(S:F486P) T23019C(S:F486P) T23031C(S:F490S)	55	23030	0.0023881893182805037	22881	23031
T22882G(S:N440K) G22895C G22898A(S:G446S) T22942G(S:N460K)	55	56140	0.0009796936230851443	22881	22942
G22895C(S:V445P) T22896C(S:V445P) G22898A(S:G446S) T22930A(S:F456L) T22942G(S:N460K) G22992A(S:S477N) C22995A(S:T478K) A23013C(S:E484A) T23018C(S:F486P) T23019C(S:F486P) T23031C(S:F490S) A23055G(S:Q498R) A23063T(S:N501Y)	55	13406	0.004102640608682679	22887	23067
T22882G(S:N440K) G22895C(S:V445P) T22896C(S:V445P) G22898A(S:G446S) T22942G(S:N460K) G22992A(S:S477N) C22995A(S:T478K) A23013C(S:E484A) T23018C(S:F486P) T23019C(S:F486P) T23031C(S:F490S) T23042C(S:S494P) A23055G(S:Q498R) A23063T(S:N501Y)	55	11518	0.004775134571974301	22881	23063
G23259A(S:G566D)	54	129993	0.00041540698345295514	23258	23260
A22786C(S:R408S) T22807C(S:T415T) G22813T(S:K417N) T22882G(S:N440K) T22942G(S:N460K) G22992A(S:S477N) C22995A(S:T478K)	54	13254	0.004074241738343142	22785	23001
T22942G(S:N460K) C22986T(S:A475V) G22992A(S:S477N) C22995A(S:T478K) A23013C(S:E484A) T23018C(S:F486P) T23019C(S:F486P) T23031C(S:F490S)	54	42419	0.0012730144510714539	22941	23031
G22813T(S:K417N) T22882G(S:N440K) G22895C(S:V445P) T22896C(S:V445P) G22898A(S:G446S) T22930A(S:F456L) T22942G(S:N460K) G22992A(S:S477N) C22995G(S:T478R)	54	22559	0.0023937231260250896	22812	22997
T22882G(S:N440K) G22895C(S:V445P) T22896C(S:V445P) G22898A(S:G446S) A23055G(S:Q498R) A23063T(S:N501Y) T23075C(S:Y505H)	53	4885	0.010849539406345957	22881	23110
G22895C(S:V445P) T22896C(S:V445P) G22898A(S:G446S) T22930A(S:F456L) T22942G(S:N460K) G22992A(S:S477N) C22995A(S:T478K) A23013C(S:E484A) T23018C(S:F486P) T23019C(S:F486P) T23031C(S:F490S)	53	25842	0.0020509248510177233	22887	23031
G22577C(S:G339H) G22578A(S:G339H) G22599C(S:R346T) C22686T(S:S375F) A22688G(S:T376A) G22775A(S:D405N)	53	426	0.12441314553990611	22561	22780
C23525T(S:H655Y)	53	187	0.28342245989304815	23500	23525
G23205A(S:G548D)	52	108516	0.00047919200855173433	23204	23205
A22786C(S:R408S) G22813T(S:K417N) T22928C(S:F456L) T22942G(S:N460K) G22992A(S:S477N) C22995A(S:T478K) A23013C(S:E484A) T23018C(S:F486P) T23019C(S:F486P)	52	8248	0.006304558680892337	22778	23023
T22942G(S:N460K) G22992A(S:S477N) C22995G(S:T478R) A23013C(S:E484A) T23018C T23031C(S:F490S) A23055G(S:Q498R) A23063T(S:N501Y) T23075C(S:Y505H)	52	12357	0.004208141134579591	22941	23110
T22930A(S:F456L) T22942G(S:N460K) G22992A(S:S477N) C22995A(S:T478K) A23013C(S:E484A) T23018C(S:F486P) T23019C(S:F486P) A23055G(S:Q498R) A23063T(S:N501Y) T23075C(S:Y505H)	52	10478	0.004962779156327543	22928	23115
G22813T(S:K417N) T22882G(S:N440K) G22895C(S:V445P) T22896C(S:V445P) G22898A(S:G446S) T22942G(S:N460K) G22992A(S:S477N) C22995G(S:T478R) A23013C(S:E484A) T23018C(S:F486P) T23019C(S:F486P) T23031C(S:F490S)	51	12018	0.004243634548177734	22811	23031
G22927T(S:L455F) T22930A(S:F456L) T22942G(S:N460K) G22992A(S:S477N) C22995A(S:T478K)	51	63465	0.0008035925313164737	22923	22997
T21613G C21618T(S:T19I) (21632,9)(S:DEL25/27)	50	136640	0.0003659250585480094	21611	21692
T22928C(S:F456L) T22942G(S:N460K) G22992A(S:S477N) C22995A(S:T478K) A23013C(S:E484A) T23018C	50	44381	0.0011266082332529687	22922	23018
A22786C(S:R408S) T22807C(S:T415T) G22813T(S:K417N) T22882G(S:N440K) G22992A(S:S477N) C22995A(S:T478K) A23013C(S:E484A) T23018C(S:F486P) T23019C(S:F486P) T23031C(S:F490S)	50	6928	0.007217090069284064	22785	23047
G22927T(S:L455F) T22928C(S:F456L) T22942G(S:N460K) G22992A(S:S477N) C22995A(S:T478K)	50	63465	0.0007878358150161507	22922	23001
(23788,'C')(S:INS743)	50	50096	0.0009980836793356755	23691	23791
G23270A(S:A570T)	50	134699	0.0003711980044395281	23269	23285
C25000T(S:D1146D) C25006T(S:F1148F)	49	2300	0.021304347826086957	24981	25010
T22928C(S:F456L) T22942G(S:N460K) G22992A(S:S477N) C22995A(S:T478K) A23013C(S:E484A) T23018C(S:F486P) T23019C(S:F486P) T23031C(S:F490S) A23055G(S:Q498R) A23063T(S:N501Y)	49	18900	0.0025925925925925925	22927	23065
T22942G(S:N460K) G22992A(S:S477N) C22995G(S:T478R) A23013C(S:E484A) A23055G(S:Q498R) A23063T(S:N501Y) T23075C(S:Y505H)	49	12357	0.003965363761430768	22916	23115
G22577C(S:G339H) G22578A(S:G339H)	49	2125	0.023058823529411764	22559	22582
T22928C(S:F456L) T22942G(S:N460K) G22992A(S:S477N) C22995G(S:T478R) A23013C(S:E484A)	48	49494	0.0009698145229724816	22917	23013
G22927T(S:L455F) T22928C(S:F456L) T22942G(S:N460K) G22992A(S:S477N) C22995A(S:T478K) A23013C(S:E484A) T23018C(S:F486P) T23019C(S:F486P) A23055G(S:Q498R) A23063T(S:N501Y) T23075C(S:Y505H)	48	10340	0.0046421663442940036	22922	23115
T22928C(S:F456L) T22942G(S:N460K) G22992A(S:S477N) C22995G(S:T478R) A23013C(S:E484A) T23018C(S:F486P) T23019C(S:F486P)	48	42668	0.0011249648448485984	22927	23022
G22927T(S:L455F) T22930A(S:F456L) T22942G(S:N460K) G22992A(S:S477N) C22995A(S:T478K) A23013C(S:E484A) T23018C(S:F486P) T23019C(S:F486P) T23031C(S:F490S)	48	34044	0.0014099400775467042	22924	23031
A23403G(S:D614G) G23412A(S:C617Y)	48	87909	0.0005460191789236597	23358	23412
G22813T(S:K417N) T22882G(S:N440K) G22895C(S:V445P) T22896C(S:V445P) G22898A(S:G446S) T22942G(S:N460K) G22992A(S:S477N) C22995A(S:T478K) A23013C(S:E484A) T23018C(S:F486P) T23019C(S:F486P)	47	14288	0.003289473684210526	22811	23023
A22786C(S:R408S) T22807C(S:T415T) G22813T(S:K417N) G22992A(S:S477N) C22995G(S:T478R) A23013C(S:E484A) T23018C(S:F486P) T23019C(S:F486P) T23031C(S:F490S) A23055G(S:Q498R) A23063T(S:N501Y)	47	3085	0.015235008103727715	22778	23064
G22927T(S:L455F) T22928C(S:F456L) T22942G(S:N460K) G22992A(S:S477N) C22995G(S:T478R) A23013C(S:E484A) T23018C(S:F486P) T23019C(S:F486P)	46	42144	0.0010914958238420654	22922	23023
C23388T(S:A609V) A23403G(S:D614G)	46	104971	0.00043821626925531814	23358	23403
A22786C(S:R408S) G22813T(S:K417N) T22942G(S:N460K) G22992A(S:S477N)	46	13439	0.0034228737257236404	22778	22992
G22895C(S:V445P) T22896C(S:V445P) G22898A(S:G446S) T22930A(S:F456L) T22942G(S:N460K) A23055G(S:Q498R) A23063T(S:N501Y) T23075C(S:Y505H)	46	5882	0.007820469228153689	22887	23111
C22109G(S:Q183E) (22115,3)(S:DEL186) T22200A(S:V213E)	46	3878	0.01186178442496132	22102	22201
T22928C(S:F456L) T22942G(S:N460K) G22992A(S:S477N) C22995G(S:T478R) A23013C(S:E484A) T23018C(S:F486P) T23019C(S:F486P) T23031C(S:F490S)	46	34240	0.0013434579439252337	22926	23031
G22895C(S:V445P) T22896C(S:V445P) G22898A(S:G446S) T22928C(S:F456L) T22942G(S:N460K) G22992A(S:S477N) C22995A(S:T478K) A23013C(S:E484A) T23018C(S:F486P) T23019C(S:F486P) T23031C(S:F490S)	46	25842	0.0017800479839021747	22887	23031
G21987A(S:G142D) (21990,3)(S:DEL144) C22000A(S:H146Q) C22109G(S:Q183E) (22115,3)(S:DEL186)	45	3815	0.011795543905635648	21968	22133
G23832A(S:G757D) C23854A(S:N764K)	45	36525	0.0012320328542094457	23808	23854
A22786C(S:R408S) G22813T(S:K417N) G22895C(S:V445P) T22896C(S:V445P) G22898A(S:G446S) T22930A(S:F456L) T22942G(S:N460K)	45	18098	0.002486462592551663	22778	22957
T22882G(S:N440K) G22895C(S:V445P) T22896C(S:V445P) G22898A(S:G446S) G22992A(S:S477N) C22995A(S:T478K) A23013C(S:E484A) T23018C(S:F486P) T23019C(S:F486P) T23031C(S:F490S) A23055G(S:Q498R)	45	12890	0.0034910783553141972	22857	23056
G21641T(S:A27S) T21810C(S:V83A)	45	48743	0.0009232094864903679	21640	21812
G22992A(S:S477N) C22995A(S:T478K) A23013C(S:E484A) T23018C(S:F486P) T23019C(S:F486P)	45	55346	0.0008130668883026777	22957	23023
A22786C(S:R408S) T22807C(S:T415T) G22813T(S:K417N) T22942G(S:N460K) G22992A(S:S477N) C22995G(S:T478R) A23013C(S:E484A) T23018C(S:F486P) T23019C(S:F486P) T23031C(S:F490S)	45	6928	0.0064953810623556586	22785	23031
T22807C(S:T415T) G22813T(S:K417N) T22882G(S:N440K) G22895C(S:V445P) T22896C(S:V445P) G22898A(S:G446S) G22992A(S:S477N) C22995A(S:T478K) A23013C(S:E484A) T23018C(S:F486P) T23019C(S:F486P) T23031C(S:F490S) A23055G(S:Q498R) A23063T(S:N501Y)	44	5272	0.00834597875569044	22805	23064
T22807C(S:T415T) G22813T(S:K417N) T22882G(S:N440K) G22895C(S:V445P) T22896C(S:V445P) G22898A(S:G446S) T22928C(S:F456L) T22942G(S:N460K)	44	29006	0.00151692753223471	22804	22942
G22927T(S:L455F) T22930A(S:F456L) T22942G(S:N460K) G22992A(S:S477N) C22995A(S:T478K) A23013C(S:E484A) T23018C(S:F486P) T23019C(S:F486P) T23031C(S:F490S) A23055G(S:Q498R) A23063T(S:N501Y) T23075C(S:Y505H)	44	10340	0.00425531914893617	22924	23103
G22927T(S:L455F) T22928C(S:F456L) T22942G(S:N460K) G22992A(S:S477N) C22995A(S:T478K) A23013C(S:E484A) T23018C(S:F486P) T23019C(S:F486P) T23031C(S:F490S) A23055G(S:Q498R) A23063T(S:N501Y)	44	18757	0.002345790904728901	22922	23067
T22882G(S:N440K) G22895C(S:V445P) T22896C(S:V445P) G22898A(S:G446S) T22928C(S:F456L)	44	59569	0.0007386392251003039	22867	22929
T22942G(S:N460K) G22992A(S:S477N) C22995G(S:T478R) A23013C(S:E484A) T23018C(S:F486P) T23019C(S:F486P) A23055G(S:Q498R) A23063T(S:N501Y) T23075C(S:Y505H)	43	12357	0.003479809015133123	22929	23115
A22786C(S:R408S) T22807C(S:T415T) G22813T(S:K417N) T22882G(S:N440K) G22895C(S:V445P) T22896C(S:V445P) G22898A(S:G446S) T22928C(S:F456L) T22942G(S:N460K)	43	18098	0.0023759531439938113	22784	22942
A21712G(S:S50S) T21810C(S:V83A)	43	85015	0.0005057930953361172	21711	21811
G22577C(S:G339H) G22578A(S:G339H) G22599C(S:R346T) G22775A(S:D405N) A22786C(S:R408S) T22807C(S:T415T) G22813T(S:K417N)	43	163	0.26380368098159507	22563	22814
A22786C(S:R408S)	43	29036	0.0014809202369472378	22783	22798
G22577C(S:G339H) G22578A(S:G339H) G22599C(S:R346T) G22775A(S:D405N) A22786C(S:R408S) G22813T(S:K417N)	43	163	0.26380368098159507	22561	22813
T22930A(S:F456L) T22942G(S:N460K) G22992A(S:S477N) C22995G(S:T478R) A23013C(S:E484A) T23031C(S:F490S) A23055G(S:Q498R) A23063T(S:N501Y) T23075C(S:Y505H)	43	10478	0.004103836610040084	22918	23110
G22813T(S:K417N) T22882G(S:N440K) G22898A(S:G446S) T22930A(S:F456L) T22942G(S:N460K) G22992A(S:S477N) C22995A(S:T478K)	43	22559	0.0019061128596125714	22799	22997
T22882G(S:N440K) G22895C(S:V445P) T22896C(S:V445P) G22898A(S:G446S) T22942G(S:N460K) G22992A(S:S477N) C22995A(S:T478K) A23013C(S:E484A) T23018C(S:F486P) T23019C(S:F486P) T23031C(S:F490S) T23042C(S:S494P)	43	17278	0.002488713971524482	22881	23042
T22942G(S:N460K) C22986T(S:A475V) G22992A(S:S477N) C22995A(S:T478K) A23013C(S:E484A) T23018C(S:F486P) T23019C(S:F486P) T23031C(S:F490S) A23055G(S:Q498R) A23063T(S:N501Y) T23075C(S:Y505H)	42	12357	0.0033988832240835153	22941	23104
T21733C(S:P57P)	42	153575	0.0002734820120462315	21705	21733
G22813T(S:K417N) T22882G(S:N440K) T22930A(S:F456L) T22942G(S:N460K) G22992A(S:S477N) C22995A(S:T478K)	42	22559	0.0018617846535750697	22802	22997
A21713G(S:T51A) G21718T(S:Q52H) T21810C(S:V83A)	42	90098	0.0004661590712335457	21712	21810
G22813T(S:K417N) T22882G(S:N440K) T22942G(S:N460K) G22992A(S:S477N)	41	22867	0.001792976778764158	22803	22992
T22882G(S:N440K) G22895C(S:V445P) T22896C(S:V445P) G22898A(S:G446S) T22928C(S:F456L) T22942G(S:N460K) G22992A(S:S477N) C22995G(S:T478R) A23013C(S:E484A) T23018C(S:F486P) T23019C(S:F486P) T23031C(S:F490S) A23055G(S:Q498R) A23063T(S:N501Y)	41	11518	0.003559645771835388	22881	23067
C21618T(S:T19I) (21632,9)(S:DEL25/27) C21691T(S:F43F)	41	110523	0.0003709635098576767	21611	21692
T22882G(S:N440K) G22895C(S:V445P) T22896C(S:V445P) G22898A(S:G446S) G22927T(S:L455F) T22930A(S:F456L) T22942G(S:N460K) G22992A(S:S477N) C22995A(S:T478K) A23013C(S:E484A) T23018C(S:F486P) T23019C(S:F486P) T23031C(S:F490S) A23055G(S:Q498R) A23063T(S:N501Y)	41	11518	0.003559645771835388	22881	23065
T22807C(S:T415T) G22813T(S:K417N) T22882G(S:N440K) T22942G(S:N460K) G22992A(S:S477N)	41	21996	0.0018639752682305874	22802	22992
T22882G(S:N440K) G22895C(S:V445P) T22896C(S:V445P) G22898A(S:G446S) T22942G(S:N460K) G22992A(S:S477N) A23013C(S:E484A) T23018C(S:F486P) T23019C(S:F486P) T23031C(S:F490S)	40	23030	0.0017368649587494573	22881	23031
C21618T(S:T19I) (21632,9)(S:DEL25/27) A21692G(S:R44G)	40	110499	0.0003619942261920922	21613	21692
A22786C(S:R408S) T22807C(S:T415T) G22813T(S:K417N) G22992A(S:S477N) C22995G(S:T478R) A23013C(S:E484A) T23018C(S:F486P) T23019C(S:F486P) T23031C(S:F490S)	40	6928	0.005773672055427252	22778	23047
G22813T(S:K417N) T22882G(S:N440K) G22992A(S:S477N) C22995A(S:T478K) A23013C(S:E484A) T23018C(S:F486P) T23019C(S:F486P) T23031C(S:F490S) A23055G(S:Q498R)	40	6240	0.00641025641025641	22808	23056
T22807C(S:T415T) T22882G(S:N440K)	40	42652	0.0009378223764419019	22801	22884
T22928C(S:F456L) T22942G(S:N460K) G22992A(S:S477N) C22995A(S:T478K) A23013C(S:E484A) T23018C(S:F486P) T23019C(S:F486P) T23031C(S:F490S) A23055G(S:Q498R) A23063T(S:N501Y) T23075C(S:Y505H)	40	10471	0.003820074491452583	22927	23104
G21987A(S:G142D) C22109G(S:Q183E) T22200A(S:V213E)	40	1719	0.02326934264107039	21902	22200
G22927T(S:L455F) T22928C(S:F456L) T22942G(S:N460K) C22986T(S:A475V) G22992A(S:S477N) C22995A(S:T478K)	39	63465	0.0006145119357125975	22922	22998
T22942G(S:N460K) G22992A(S:S477N) C22995G(S:T478R) A23013C(S:E484A) T23019C T23031C(S:F490S) A23055G(S:Q498R) A23063T(S:N501Y) T23075C(S:Y505H)	39	12357	0.0031561058509346927	22941	23111
A23691G(S:N710S)	39	55401	0.000703958412303027	23690	23790
A22786C(S:R408S) G22813T(S:K417N) T22930A(S:F456L) T22942G(S:N460K) G22992A(S:S477N) C22995A(S:T478K) A23013C(S:E484A)	39	8907	0.004378578646008757	22782	23013
G22895C(S:V445P) T22896C(S:V445P) G22898A(S:G446S) T22928C(S:F456L) T22942G(S:N460K) G22992A(S:S477N) C22995A(S:T478K) A23013C(S:E484A) T23018C(S:F486P) T23019C(S:F486P) T23031C(S:F490S) A23055G(S:Q498R) A23063T(S:N501Y)	39	13406	0.002909145158884082	22887	23067
G22813T(S:K417N) T22882G(S:N440K) T22942G(S:N460K) G22992A(S:S477N) C22995G(S:T478R) A23013C(S:E484A)	39	15475	0.0025201938610662357	22805	23013
T22882G(S:N440K) T22896C G22898A(S:G446S)	39	65188	0.0005982696201754925	22881	22911
T22882G(S:N440K) G22895C G22898A(S:G446S)	38	65188	0.0005829293735043259	22869	22914
G22813T(S:K417N) T22882G(S:N440K) G22895C(S:V445P) T22896C(S:V445P) G22898A(S:G446S) T22928C(S:F456L)	38	32627	0.0011646795598737243	22811	22928
G22927T(S:L455F) T22928C(S:F456L) T22942G(S:N460K) C22986T(S:A475V) G22992A(S:S477N) C22995A(S:T478K) A23013C(S:E484A) T23018C(S:F486P) T23019C(S:F486P) T23031C(S:F490S) A23055G(S:Q498R) A23063T(S:N501Y) T23075C(S:Y505H)	38	10340	0.0036750483558994195	22922	23103
A22786C(S:R408S) T22807C(S:T415T) G22813T(S:K417N) T22882G(S:N440K) T22942G(S:N460K) G22992A(S:S477N) C22995A(S:T478K) A23013C(S:E484A) T23018C(S:F486P) T23019C(S:F486P)	38	8248	0.00460717749757517	22784	23023
(23143,1)(S:DEL528)	38	61258	0.0006203271409448562	23140	23203
G22813T(S:K417N) T22882G(S:N440K) G22992A(S:S477N) C22995G(S:T478R) A23013C(S:E484A) T23018C(S:F486P) T23019C(S:F486P) T23031C(S:F490S) A23055G(S:Q498R)	38	6240	0.00608974358974359	22805	23056
T22882G(S:N440K) G22895C(S:V445P) T22896C(S:V445P) G22898A(S:G446S) T22930A(S:F456L) T22942G(S:N460K) G22992A(S:S477N) C22995G(S:T478R) A23013C(S:E484A)	38	28508	0.0013329591693559703	22881	23013
T22200A(S:V213E) C22480T(S:F306F)	37	241	0.15352697095435686	22193	22482
G21987A(S:G142D) (21990,3)(S:DEL144) C22000A(S:H146Q) T22200A(S:V213E) G22203A(S:R214H)	37	1594	0.023212045169385194	21978	22211
C23388T(S:A609V) A23403G(S:D614G) C23430T(S:A623V)	37	69123	0.0005352776933871504	23338	23432
T22882G(S:N440K) G22895C(S:V445P) T22896C(S:V445P) G22898A(S:G446S) T22928C(S:F456L) T22942G(S:N460K) T23019C T23031C(S:F490S) A23055G(S:Q498R) A23063T(S:N501Y) T23075C(S:Y505H)	37	4885	0.007574206755373593	22881	23115
T22942G(S:N460K) G22992A(S:S477N) A23013C(S:E484A) T23018C(S:F486P) T23019C(S:F486P) T23031C(S:F490S) A23055G(S:Q498R) A23063T(S:N501Y) T23075C(S:Y505H)	36	12357	0.0029133284777858705	22941	23103
T22930A(S:F456L) T22942G(S:N460K) G22992A(S:S477N) C22995A(S:T478K) A23013C(S:E484A) T23031C(S:F490S) A23055G(S:Q498R) A23063T(S:N501Y) T23075C(S:Y505H)	36	10478	0.0034357701851498376	22917	23111
G22813T(S:K417N) T22843C(S:D427D) T22882G(S:N440K) G22895C(S:V445P) T22896C(S:V445P) G22898A(S:G446S) T22942G(S:N460K)	36	30079	0.0011968482994780412	22811	22943
A23063T(S:N501Y) T23075C(S:Y505H)	36	18018	0.001998001998001998	23060	23115
T22930A(S:F456L) T22942G(S:N460K) G22992A(S:S477N) C22995G(S:T478R) A23013C(S:E484A) T23018C(S:F486P) T23019C(S:F486P) A23055G(S:Q498R) A23063T(S:N501Y) T23075C(S:Y505H)	36	10478	0.0034357701851498376	22928	23115
G22895C(S:V445P) T22896C(S:V445P) G22898A(S:G446S) T22928C(S:F456L) T22942G(S:N460K) T23031C(S:F490S) A23055G(S:Q498R) A23063T(S:N501Y) T23075C(S:Y505H)	36	5882	0.006120367222033322	22887	23110
T22942G(S:N460K) G22992A(S:S477N) C22995A(S:T478K) A23013C(S:E484A) T23018C T23031C(S:F490S)	36	42419	0.0008486763007143026	22941	23031
T22807C(S:T415T) G22813T(S:K417N) T22882G(S:N440K) G22992A(S:S477N) C22995G(S:T478R) A23013C(S:E484A) T23018C(S:F486P) T23019C(S:F486P) T23031C(S:F490S)	36	11501	0.003130162594556995	22803	23041
A22786C(S:R408S) G22813T(S:K417N) T22882G(S:N440K) T22942G(S:N460K) G22992A(S:S477N) C22995G(S:T478R) A23013C(S:E484A) T23018C(S:F486P) T23019C(S:F486P) T23031C(S:F490S)	36	6928	0.005196304849884526	22785	23031
G22895C(S:V445P) T22896C(S:V445P) G22898A(S:G446S) T22930A(S:F456L) T22942G(S:N460K) G22992A(S:S477N) C22995G(S:T478R) A23013C(S:E484A) T23018C(S:F486P) T23019C(S:F486P)	36	29838	0.0012065151819827067	22887	23023
A23203G(S:T547T)	35	103595	0.0003378541435397461	23202	23211
T22942G(S:N460K) G22992A(S:S477N) A23013C(S:E484A) T23018C(S:F486P) T23019C(S:F486P) T23031C(S:F490S)	35	42419	0.0008251019590277941	22941	23031
A22101T(S:E180V)	35	8116	0.004312469196648595	22074	22103
G23292T(S:R577L)	35	135425	0.0002584456341148237	23288	23292
G22813T(S:K417N) T22882G(S:N440K) G22895C(S:V445P) T22896C(S:V445P) G22898A(S:G446S) G22992A(S:S477N) C22995A(S:T478K) A23013C(S:E484A) T23018C(S:F486P) T23019C(S:F486P) T23031C(S:F490S) A23055G(S:Q498R)	35	6240	0.005608974358974359	22811	23056
A22786C(S:R408S) G22813T(S:K417N) T22882G(S:N440K) G22992A(S:S477N) C22995G(S:T478R) A23013C(S:E484A) T23018C(S:F486P) T23019C(S:F486P) T23031C(S:F490S) A23055G(S:Q498R) A23063T(S:N501Y)	34	3085	0.011021069692058346	22784	23067
C21618T(S:T19I) (21632,9)(S:DEL25/27) C21676T(S:Y38Y)	34	127198	0.00026729980031132565	21613	21676
T22942G(S:N460K) G22992A(S:S477N) C22995G(S:T478R) T23019C T23031C(S:F490S) A23055G(S:Q498R) A23063T(S:N501Y) T23075C(S:Y505H)	34	12357	0.002751476895686655	22926	23104
G22813T(S:K417N) T22882G(S:N440K) G22898A(S:G446S) T22928C(S:F456L) T22942G(S:N460K) G22992A(S:S477N) C22995A(S:T478K)	34	22559	0.0015071590052750565	22803	22997
T22882G(S:N440K) G22895C(S:V445P) T22896C(S:V445P) G22898A(S:G446S) T22930A(S:F456L) T22942G(S:N460K) G22992A(S:S477N) C22995A(S:T478K) A23013C(S:E484A)	34	28508	0.0011926476778448155	22881	23013
T22882G(S:N440K) G22895C(S:V445P) T22896C(S:V445P) G22898A(S:G446S) T22942G(S:N460K) G22992A(S:S477N) A23013C(S:E484A) T23018C(S:F486P) T23019C(S:F486P) T23031C(S:F490S) A23055G(S:Q498R) A23063T(S:N501Y)	34	11518	0.0029519013717659317	22881	23064
A23403G(S:D614G) A23419C(S:E619D)	34	83633	0.0004065380890318415	23328	23419
T22882G(S:N440K) G22895C(S:V445P) T22896C(S:V445P) G22898A(S:G446S) T22913C(S:Y451H) T22942G(S:N460K)	34	56140	0.0006056287851799074	22881	22942
T22942G(S:N460K) G22992A(S:S477N) C22995A(S:T478K) T23018C(S:F486P) T23019C(S:F486P) T23031C(S:F490S)	34	42419	0.0008015276173412857	22941	23031
T22807C(S:T415T) G22813T(S:K417N) T22882G(S:N440K) G22895C(S:V445P) T22896C(S:V445P) G22898A(S:G446S) T22942G(S:N460K) G22992A(S:S477N) C22995A(S:T478K) A23013C(S:E484A) T23018C(S:F486P) T23019C(S:F486P) T23031C(S:F490S)	33	11501	0.0028693157116772457	22806	23031
G22813T(S:K417N) T22882G(S:N440K) T22930A(S:F456L) T22942G(S:N460K) G22992A(S:S477N) C22995G(S:T478R) A23013C(S:E484A) T23018C(S:F486P) T23019C(S:F486P)	33	14288	0.0023096304591265398	22802	23023
T22930A(S:F456L) T22942G(S:N460K) G22992A(S:S477N) A23055G(S:Q498R) A23063T(S:N501Y) T23075C(S:Y505H)	33	10478	0.003149456003054018	22898	23115
T22942G(S:N460K) G22992A(S:S477N) C22995A(S:T478K) T23018C(S:F486P) T23019C(S:F486P)	33	50932	0.0006479227204900652	22941	23022
T22882G(S:N440K) G22895C(S:V445P) T22896C(S:V445P) G22898A(S:G446S) T22930A(S:F456L) T22942G(S:N460K) G22992A(S:S477N) C22995G(S:T478R) A23013C(S:E484A) T23018C(S:F486P) T23019C(S:F486P) T23031C(S:F490S) A23055G(S:Q498R)	33	12890	0.002560124127230411	22881	23056
(21517,'G')(ORF1b:INS2685)	33	40418	0.0008164679103369786	21514	21614
C21618T(S:T19I) (21632,9)(S:DEL25/27) T21679C(S:P39P)	33	111247	0.0002966372126888815	21613	21679
T22807C(S:T415T) G22813T(S:K417N) T22882G(S:N440K) G22895C(S:V445P) T22896C(S:V445P) G22898A(S:G446S) T22942G(S:N460K) G22992A(S:S477N) C22995G(S:T478R)	33	21693	0.0015212280459134283	22806	22997
G22895C(S:V445P) T22896C(S:V445P) G22898A(S:G446S) T22930A(S:F456L) T22942G(S:N460K) T23019C T23031C(S:F490S) A23055G(S:Q498R) A23063T(S:N501Y) T23075C(S:Y505H)	33	5882	0.005610336620197212	22887	23115
G22577C(S:G339H) G22578A(S:G339H) G22599C(S:R346T) C22664A(S:L368I) C22674T	33	1495	0.022073578595317726	22571	22674
A23209G(S:T549T)	33	115985	0.0002845195499418028	23208	23244
T23031C(S:F490S) T23042C(S:S494P) A23055G(S:Q498R) A23063T(S:N501Y) T23075C(S:Y505H)	33	17718	0.0018625126989502202	23030	23115
T21667G A21768C	32	93873	0.00034088609078222705	21666	21768
G22927T(S:L455F) T22928C(S:F456L) T22942G(S:N460K) C22986T(S:A475V) G22992A(S:S477N)	32	66880	0.0004784688995215311	22898	22993
G22898A(S:G446S) T22942G(S:N460K)	32	69826	0.0004582820152951623	22897	22978
G22895C(S:V445P) T22896C(S:V445P) G22898A(S:G446S) G22927T(S:L455F) T22928C(S:F456L) T22942G(S:N460K)	32	62947	0.0005083641793890098	22887	22944
G22813T(S:K417N) T22843C(S:D427D) T22882G(S:N440K) G22895C(S:V445P) T22896C(S:V445P) G22898A(S:G446S)	32	36755	0.0008706298462794178	22811	22906
A22786C(S:R408S) T22807C(S:T415T) G22813T(S:K417N) G22898A(S:G446S) T22942G(S:N460K)	32	18098	0.001768151176925627	22778	22987
T22942G(S:N460K) G22992A(S:S477N) C22995A(S:T478K) A23013C(S:E484A) T23018C(S:F486P) T23019C(S:F486P) T23031C(S:F490S) T23042C(S:S494P) A23055G(S:Q498R) A23063T(S:N501Y) T23075C(S:Y505H)	32	12357	0.00258962531358744	22941	23104
T21810C(S:V83A) C21840T(S:A93V)	32	122529	0.0002611626635327147	21808	21846
T22882G(S:N440K) G22895C(S:V445P) T22896C(S:V445P) G22898A(S:G446S) T22930A(S:F456L) T22942G(S:N460K) G22992A(S:S477N) C22995A(S:T478K) A23013C(S:E484A) T23018C(S:F486P) T23019C(S:F486P) T23031C(S:F490S) A23055G(S:Q498R)	32	12890	0.002482544608223429	22881	23056
G22813T(S:K417N) T22882G(S:N440K) G22895C(S:V445P) T22896C(S:V445P) G22898A(S:G446S) G22992A(S:S477N) C22995G(S:T478R) A23013C(S:E484A) T23018C(S:F486P) T23019C(S:F486P) T23031C(S:F490S)	31	12018	0.0025794641371276418	22811	23041
A22786C(S:R408S) T22807C(S:T415T) G22813T(S:K417N) A23013C(S:E484A) T23018C(S:F486P) T23019C(S:F486P) T23031C(S:F490S) A23055G(S:Q498R) A23063T(S:N501Y) T23075C(S:Y505H)	31	1129	0.02745792736935341	22778	23103
A22786C(S:R408S) G22813T(S:K417N) T22930A(S:F456L) T22942G(S:N460K) G22992A(S:S477N) C22995G(S:T478R) A23013C(S:E484A)	31	8907	0.003480408667340294	22778	23013
A22786C(S:R408S) T22807C(S:T415T) G22813T(S:K417N) T22942G(S:N460K) G22992A(S:S477N) C22995G(S:T478R) A23013C(S:E484A) T23018C(S:F486P) T23019C(S:F486P)	31	8248	0.003758486905916586	22778	23023
T22942G(S:N460K) C22995A(S:T478K) A23013C(S:E484A) T23018C(S:F486P) T23019C(S:F486P) T23031C(S:F490S)	31	42419	0.0007308045922817606	22941	23034
G22898A(S:G446S) T22928C(S:F456L) T22942G(S:N460K) G22992A(S:S477N) C22995A(S:T478K)	30	45646	0.0006572317399114928	22897	22997
G22895C(S:V445P) T22896C(S:V445P) G22898A(S:G446S) G22927T(S:L455F) T22928C(S:F456L) T22942G(S:N460K) C22986T(S:A475V)	30	46602	0.0006437491953135058	22887	22986
T22882G(S:N440K) G22895C(S:V445P) T22896C(S:V445P) G22898A(S:G446S) T22928C(S:F456L) T22942G(S:N460K) G22992A(S:S477N) C22995A(S:T478K) A23013C(S:E484A) T23018C(S:F486P) T23019C(S:F486P) T23031C(S:F490S) A23055G(S:Q498R)	30	12890	0.0023273855702094647	22881	23056
T22882G(S:N440K) G22895C(S:V445P) T22896C(S:V445P) G22898A(S:G446S) T22928C(S:F456L) T22942G(S:N460K) A23055G(S:Q498R) A23063T(S:N501Y) T23075C(S:Y505H)	30	4885	0.006141248720573183	22881	23115
A22786C(S:R408S) T22807C(S:T415T) G22813T(S:K417N) G22992A(S:S477N) A23013C(S:E484A) T23018C(S:F486P) T23019C(S:F486P) T23031C(S:F490S) A23055G(S:Q498R) A23063T(S:N501Y)	30	3085	0.009724473257698542	22778	23065
G22992A(S:S477N) A23013C(S:E484A) T23018C(S:F486P) T23019C(S:F486P) T23031C(S:F490S)	30	46827	0.0006406560317765392	22954	23032
T22930A(S:F456L) T22942G(S:N460K) G22992A(S:S477N) C22995G(S:T478R) T23031C(S:F490S) A23055G(S:Q498R) A23063T(S:N501Y) T23075C(S:Y505H)	30	10478	0.002863141820958198	22914	23111
G21987A(S:G142D) A22101T(S:E180V)	29	4498	0.006447309915518008	21902	22102
G22992A(S:S477N) C22995A(S:T478K) A23013C(S:E484A) T23019C T23031C(S:F490S)	29	46827	0.0006193008307173212	22956	23031
C21618T(S:T19I) T21628C(S:T22T) (21632,9)(S:DEL25/27)	29	138619	0.00020920653012934735	21611	21668
T22930A(S:F456L) T22942G(S:N460K) G22992A(S:S477N) T23019C T23031C(S:F490S) A23055G(S:Q498R) A23063T(S:N501Y) T23075C(S:Y505H)	29	10478	0.0027677037602595917	22898	23115
C23252A(S:Q564K)	29	126690	0.00022890520167337595	23227	23255
T22928C(S:F456L) T22942G(S:N460K) G22992A(S:S477N) T23031C(S:F490S) A23055G(S:Q498R) A23063T(S:N501Y) T23075C(S:Y505H)	29	10471	0.002769554006303123	22898	23110
C25416T(ORF3a:F8F)	29	30	0.9666666666666667	25335	25418
C21774A(S:S71Y) T21810C(S:V83A)	29	129497	0.00022394341181648995	21771	21811
G22813T(S:K417N) T22882G(S:N440K) G22895C(S:V445P) T22896C(S:V445P) G22898A(S:G446S) T22942G(S:N460K) G22992A(S:S477N) C22995G(S:T478R) A23013C(S:E484A) T23018C(S:F486P) T23019C(S:F486P)	29	14288	0.0020296752519596865	22811	23023
A22786C(S:R408S) G22813T(S:K417N) T22882G(S:N440K) G22895C(S:V445P) T22896C(S:V445P) G22898A(S:G446S) T22913C(S:Y451H)	28	22150	0.0012641083521444695	22782	22915
T22930A(S:F456L) T22942G(S:N460K) G22992A(S:S477N) C22995G(S:T478R) A23013C(S:E484A) T23019C T23031C(S:F490S) A23055G(S:Q498R) A23063T(S:N501Y) T23075C(S:Y505H)	28	10478	0.0026722656995609847	22917	23115
A23303G(S:T581A) A23403G(S:D614G)	28	70407	0.00039768772991321887	23302	23403
G22895C(S:V445P) T22896C(S:V445P) G22898A(S:G446S) T22942G(S:N460K) A23013C(S:E484A) T23018C(S:F486P) T23019C(S:F486P) T23031C(S:F490S) A23055G(S:Q498R) A23063T(S:N501Y) T23075C(S:Y505H)	28	5882	0.0047602856171370285	22887	23103
G22927T(S:L455F) T22930A(S:F456L) T22942G(S:N460K) G22992A(S:S477N) C22995G(S:T478R) A23013C(S:E484A) T23018C(S:F486P) T23019C(S:F486P)	28	42144	0.0006643887623386484	22924	23023
T22882G(S:N440K) G22895C(S:V445P) T22896C(S:V445P) G22898A(S:G446S) G22927T(S:L455F) T22928C(S:F456L) T22942G(S:N460K) G22992A(S:S477N) C22995A(S:T478K) A23013C(S:E484A) T23018C(S:F486P) T23019C(S:F486P) T23031C(S:F490S)	28	23030	0.0012158054711246201	22881	23031
G22813T(S:K417N) T22882G(S:N440K) G22895C(S:V445P) T22896C(S:V445P) G22898A(S:G446S) G22927T(S:L455F) T22930A(S:F456L) T22942G(S:N460K)	28	30079	0.0009308820107051431	22809	22942
T21810C(S:V83A) C22109G(S:Q183E)	28	64	0.4375	21808	22119
T22942G(S:N460K) G22992A(S:S477N) C22995G(S:T478R) A23013C(S:E484A) T23018C A23055G(S:Q498R) A23063T(S:N501Y) T23075C(S:Y505H)	28	12357	0.0022659221493890104	22918	23115
A22786C(S:R408S) G22813T(S:K417N) G22898A(S:G446S) T22942G(S:N460K)	28	18098	0.0015471322798099238	22778	22988
C21587T(S:P9S) C21618T(S:T19I) (21632,9)(S:DEL25/27)	28	39192	0.0007144315166360481	21584	21654
A22786C(S:R408S) G22813T(S:K417N) T22942G(S:N460K) G22992A(S:S477N) C22995A(S:T478K) A23013C(S:E484A)	28	8907	0.0031435949253396205	22778	23013
T22882G(S:N440K) G22895C(S:V445P) T22896C(S:V445P) G22898A(S:G446S) T22928C(S:F456L) T22942G(S:N460K) G22992A(S:S477N) C22995A(S:T478K) A23013C(S:E484A)	28	28508	0.0009821804405780834	22881	23013
T22942G(S:N460K) C22995A(S:T478K) A23013C(S:E484A)	27	57762	0.00046743533811156125	22917	23013
T22928C(S:F456L) T22942G(S:N460K) G22992A(S:S477N) C22995G(S:T478R) A23013C(S:E484A) T23018C	27	44381	0.000608368445956603	22918	23018
G22895C(S:V445P) T22896C(S:V445P) G22898A(S:G446S) T22942G(S:N460K) G22992A(S:S477N) C22995A(S:T478K) A23013C(S:E484A) T23018C(S:F486P) T23019C(S:F486P) T23031C(S:F490S) T23042C(S:S494P) A23055G(S:Q498R) A23063T(S:N501Y)	27	13406	0.0020140235715351337	22887	23067
T22882G(S:N440K) G22895C(S:V445P) T22896C(S:V445P)	27	65188	0.0004141866601214948	22866	22912
T22942G(S:N460K) C22995A(S:T478K)	27	72268	0.00037360934300105167	22928	22999
G22577C(S:G339H) G22578A(S:G339H) G22599C(S:R346T) C22624T(S:N354N) C22664A(S:L368I) C22674T(S:S371F) T22679C(S:S373P) C22686T(S:S375F) A22688G(S:T376A)	27	1434	0.01882845188284519	22563	22704
T23019C T23031C(S:F490S) T23042C(S:S494P) A23055G(S:Q498R) A23063T(S:N501Y) T23075C(S:Y505H)	27	15081	0.0017903322060871295	23018	23115
T23042C(S:S494P) A23055G(S:Q498R) A23063T(S:N501Y) T23075C(S:Y505H)	27	17966	0.0015028386953133696	23032	23115
T22807C(S:T415T) G22813T(S:K417N) T22882G(S:N440K) G22898A(S:G446S) T22930A(S:F456L) T22942G(S:N460K) G22992A(S:S477N) C22995G(S:T478R)	27	21693	0.0012446411284746232	22803	22997
G22992A(S:S477N) C22995A(S:T478K) A23013C(S:E484A) T23018C T23031C(S:F490S)	26	46827	0.0005552352275396673	22950	23033
A22786C(S:R408S) G22813T(S:K417N) G22895C(S:V445P) T22896C(S:V445P) G22898A(S:G446S) T22928C(S:F456L) T22942G(S:N460K)	26	18098	0.001436622831252072	22778	22943
A22786C(S:R408S) G22813T(S:K417N) T22882G(S:N440K) G22898A(S:G446S) T22942G(S:N460K) G22992A(S:S477N) C22995G(S:T478R)	26	13254	0.0019616719480911424	22785	22997
C22109G(S:Q183E) (22115,3)(S:DEL186) T22118A(S:F186I) T22200A(S:V213E)	26	3878	0.006704486848891181	22103	22217
C21618T(S:T19I) (21631,9)(S:DEL24/26)	26	138619	0.00018756447528838038	21613	21674
G24812A(S:D1084N) C24863T(S:H1101Y)	26	1688	0.015402843601895734	24807	24884
T22930A(S:F456L) T22942G(S:N460K) G22992A(S:S477N) C22995A(S:T478K) A23013C(S:E484A) T23018C(S:F486P) T23019C(S:F486P) T23031C(S:F490S) A23055G(S:Q498R)	26	20679	0.0012573141834711543	22929	23056
T22942G(S:N460K) G22992A(S:S477N) C22995A(S:T478K) A23013C(S:E484A) T23019C(S:F486S) T23031C(S:F490S)	26	42419	0.0006129328838492185	22941	23031
G22813T(S:K417N) T22882G(S:N440K) G22895C(S:V445P) T22896C(S:V445P) G22898A(S:G446S) A23055G(S:Q498R) A23063T(S:N501Y) T23075C(S:Y505H)	26	2066	0.012584704743465635	22811	23115
T22807C(S:T415T) G22813T(S:K417N) T22882G(S:N440K) T22942G(S:N460K) G22992A(S:S477N) C22995G(S:T478R) A23013C(S:E484A) T23018C(S:F486P) T23019C(S:F486P)	26	13679	0.0019007237371152861	22803	23023
G22599C(S:R346T) C22664A(S:L368I) C22674T(S:S371F) T22679C(S:S373P) C22686T(S:S375F) A22688G(S:T376A) G22775A(S:D405N)	26	578	0.04498269896193772	22598	22778
A22786C(S:R408S) G22813T(S:K417N) T22928C(S:F456L) T22942G(S:N460K) G22992A(S:S477N) C22995A(S:T478K) A23013C(S:E484A)	26	8907	0.0029190524306725047	22778	23013
A22786C(S:R408S) G22813T(S:K417N) T22882G(S:N440K) G22895C(S:V445P) T22896C(S:V445P) G22898A(S:G446S) G22927T(S:L455F) T22930A(S:F456L)	26	19849	0.0013098896669857423	22782	22932
G22992A(S:S477N)	26	80097	0.0003246064147221494	22908	22992
G22813T(S:K417N) T22882G(S:N440K) T22930A(S:F456L) T22942G(S:N460K) G22992A(S:S477N) C22995A(S:T478K) A23013C(S:E484A) T23018C(S:F486P) T23019C(S:F486P)	26	14288	0.0018197088465845466	22805	23023
T22882G(S:N440K) G22895C(S:V445P) T22896C(S:V445P) G22898A(S:G446S) G22927T(S:L455F) T22930A(S:F456L) T22942G(S:N460K) G22992A(S:S477N) C22995A(S:T478K)	25	38375	0.0006514657980456026	22881	22997
T22200A(S:V213E) G22203A(S:R214H)	25	6568	0.0038063337393422656	22193	22207
A23403G(S:D614G) C23430T(S:A623V) C23439T(S:A626V)	25	36594	0.0006831721047166203	23362	23439
G22813T(S:K417N) T22882G(S:N440K) T22928C(S:F456L) T22942G(S:N460K) G22992A(S:S477N) C22995A(S:T478K) A23013C(S:E484A) T23018C(S:F486P) T23019C(S:F486P)	25	14288	0.0017497200447928333	22798	23023
G22813T(S:K417N) T22882G(S:N440K) G22895C(S:V445P) T22896C(S:V445P) G22898A(S:G446S) G22927T(S:L455F) T22928C(S:F456L) T22942G(S:N460K)	25	30079	0.0008311446524153064	22809	22943
C23243T(S:P561S) A23403G(S:D614G) C23430T(S:A623V)	25	28755	0.000869414014953921	23223	23434
G22895C(S:V445P) T22896C(S:V445P) G22898A(S:G446S) T22928C(S:F456L) T22942G(S:N460K) A23055G(S:Q498R) A23063T(S:N501Y) T23075C(S:Y505H)	25	5882	0.004250255015300918	22887	23115
A22786C(S:R408S) G22813T(S:K417N) G22898A(S:G446S) G22927T(S:L455F) T22930A(S:F456L) T22942G(S:N460K) G22992A(S:S477N) C22995A(S:T478K)	25	13254	0.0018862230270107138	22778	22997
T23221C(S:T553T)	25	122023	0.0002048794079804627	23209	23221
G22927T(S:L455F) T22928C(S:F456L) T22942G(S:N460K) C22986T(S:A475V) G22992A(S:S477N) C22995A(S:T478K) A23013C(S:E484A) T23018C(S:F486P) T23019C(S:F486P) T23031C(S:F490S)	25	34044	0.0007343437903889084	22922	23031
A22786C(S:R408S) G22813T(S:K417N) T22882G(S:N440K) G22992A(S:S477N) C22995A(S:T478K) A23013C(S:E484A) T23018C(S:F486P) T23019C(S:F486P) T23031C(S:F490S) A23055G(S:Q498R) A23063T(S:N501Y)	25	3085	0.008103727714748784	22785	23067
G21604A(S:Q14Q) C21618T(S:T19I) (21632,9)(S:DEL25/27)	25	47742	0.0005236479410162959	21600	21674
T22930A(S:F456L) T22942G(S:N460K)	25	88390	0.00028283742504808237	22903	22981
G22577C(S:G339H) G22578A(S:G339H) G22599C(S:R346T) C22664A(S:L368I) G22775A(S:D405N) A22786C(S:R408S)	25	322	0.07763975155279502	22570	22793
T22942G(S:N460K) G22992A(S:S477N) C22995G(S:T478R) A23055G(S:Q498R) A23063T(S:N501Y) T23075C(S:Y505H)	24	12357	0.0019422189851905803	22925	23111
G23285A(S:A575T) A23403G(S:D614G) C23430T(S:A623V)	24	41430	0.0005792903692976104	23279	23434
G21761A(S:A67T) T21810C(S:V83A)	24	122196	0.0001964057743297653	21758	21812
C22986T(S:A475V) G22992A(S:S477N) C22995A(S:T478K) A23013C(S:E484A) T23018C(S:F486P) T23019C(S:F486P) T23031C(S:F490S)	24	46824	0.0005125576627370579	22950	23041
G22599C(S:R346T) C22664A(S:L368I) C22674T(S:S371F) T22679C(S:S373P)	24	1788	0.013422818791946308	22589	22679
G22599C(S:R346T) C22664A(S:L368I) C22674T(S:S371F) T22679C(S:S373P) C22686T(S:S375F) A22688G(S:T376A) G22775A(S:D405N) A22786C(S:R408S)	24	442	0.05429864253393665	22598	22786
C22686T(S:S375F) A22688G(S:T376A) G22775A(S:D405N)	24	1228	0.019543973941368076	22682	22778
T22882G(S:N440K)	24	72762	0.00032984250020615157	22811	22882
T22942G(S:N460K) G22992A(S:S477N) C22995A(S:T478K) T23018C	24	52646	0.00045587509022527827	22930	23018
G22927T(S:L455F) T22930A(S:F456L) T22942G(S:N460K) G22992A(S:S477N) C22995A(S:T478K) A23013C(S:E484A) T23018C	24	43857	0.0005472330528763937	22917	23018
G23242A(S:L560L)	24	127385	0.0001884052282450838	23241	23278
T22807C(S:T415T) G22813T(S:K417N) T22882G(S:N440K) G22992A(S:S477N) A23013C(S:E484A) T23018C(S:F486P) T23019C(S:F486P) T23031C(S:F490S) A23055G(S:Q498R) A23063T(S:N501Y)	24	5272	0.004552352048558422	22802	23064
G21987A(S:G142D) (21990,3)(S:DEL144) C22109G(S:Q183E)	24	4048	0.005928853754940711	21978	22112
C23809T(S:C749C) C23854A(S:N764K)	24	36318	0.0006608293408227325	23795	23854
T22807C(S:T415T) G22813T(S:K417N) T22882G(S:N440K) G22895C(S:V445P) T22896C(S:V445P) G22898A(S:G446S) T22942G(S:N460K) G22992A(S:S477N) C22995A(S:T478K) A23013C(S:E484A) T23018C(S:F486P) T23019C(S:F486P)	24	13679	0.0017545142188756487	22805	23023
G22895C(S:V445P) T22896C(S:V445P) G22898A(S:G446S) T22928C(S:F456L) T22942G(S:N460K) G22992A(S:S477N) C22995G(S:T478R) A23013C(S:E484A) T23018C(S:F486P) T23019C(S:F486P) T23031C(S:F490S)	24	25842	0.0009287206872533086	22887	23031
T22913C(S:Y451H) T22942G(S:N460K) G22992A(S:S477N) C22995A(S:T478K) A23013C(S:E484A) T23018C(S:F486P) T23019C(S:F486P) T23031C(S:F490S)	24	29824	0.0008047210300429185	22912	23031
C21618T(S:T19I) (21632,9)(S:DEL25/27) (21686,1)(S:DEL43)	24	110858	0.0002164931714445507	21612	21692
A22786C(S:R408S) G22813T(S:K417N) A23013C(S:E484A) T23018C(S:F486P) T23019C(S:F486P) T23031C(S:F490S) A23055G(S:Q498R) A23063T(S:N501Y) T23075C(S:Y505H)	23	1129	0.02037201062887511	22778	23103
T21810C(S:V83A) T21854C(S:S98P)	23	118142	0.00019468097712921738	21798	21854
T23212A T23313C(S:I584T)	23	70821	0.00032476242922297057	23211	23313
A22786C(S:R408S) G22813T(S:K417N) G22898A(S:G446S) T22930A(S:F456L) T22942G(S:N460K)	23	18098	0.0012708586584152944	22778	22950
G22927T(S:L455F) T22928C(S:F456L) T22942G(S:N460K) G22992A(S:S477N)	23	66880	0.0003438995215311005	22898	22994
C23286T(S:A575V) A23403G(S:D614G)	23	64331	0.0003575259206292456	23276	23403
C25000T(S:D1146D) A25023G(S:K1154R)	23	2090	0.011004784688995215	24995	25027
T22807C(S:T415T) G22813T(S:K417N) T22882G(S:N440K) G22895C(S:V445P) T22896C(S:V445P) G22898A(S:G446S) G22992A(S:S477N) C22995A(S:T478K) A23013C(S:E484A) T23018C(S:F486P) T23019C(S:F486P) T23031C(S:F490S)	23	11501	0.00199982610207808	22805	23049
A23403G(S:D614G) C23525T(S:H655Y)	23	110	0.20909090909090908	23400	23525
A23403G(S:D614G) C23413T(S:C617C) C23430T(S:A623V)	23	69140	0.00033265837431298816	23362	23432
T21810C(S:V83A) (21875,1)(S:DEL106)	23	84987	0.00027062962570746115	21807	21885
A22786C(S:R408S) T22807C(S:T415T) G22813T(S:K417N) T22882G(S:N440K) T22942G(S:N460K) G22992A(S:S477N) C22995G(S:T478R)	23	13254	0.0017353251848498566	22785	22998
A23403G(S:D614G) C23413T(S:C617C)	23	87576	0.00026262903078468986	23359	23413
C21618T(S:T19I) (21632,9)(S:DEL25/27) C21662T(S:R34C)	23	134145	0.00017145626001714562	21611	21668
A23362G(S:P600P) A23403G(S:D614G)	23	104561	0.0002199672918200859	23349	23403
G22992A(S:S477N) C22995A(S:T478K)	23	76682	0.00029994001199760045	22925	22996
A22786C(S:R408S) G22813T(S:K417N) G22927T(S:L455F) T22930A(S:F456L) T22942G(S:N460K) G22992A(S:S477N) C22995A(S:T478K)	23	13254	0.0017353251848498566	22778	22997
G22577C(S:G339H) G22578A(S:G339H) G22775A(S:D405N) A22786C(S:R408S)	23	322	0.07142857142857142	22512	22791
T22930A(S:F456L) T22942G(S:N460K) G22992A(S:S477N) C22995A(S:T478K) A23013C(S:E484A) A23055G(S:Q498R) A23063T(S:N501Y) T23075C(S:Y505H)	23	10478	0.0021950753960679518	22914	23115
T22882G(S:N440K) G22895C(S:V445P) T22896C(S:V445P) G22898A(S:G446S) G22927T(S:L455F) T22930A(S:F456L) T22942G(S:N460K) G22992A(S:S477N) C22995A(S:T478K) A23013C(S:E484A) T23018C(S:F486P) T23019C(S:F486P)	23	26706	0.000861229686212836	22881	23023
A22786C(S:R408S) G22813T(S:K417N) G22927T(S:L455F) T22930A(S:F456L) T22942G(S:N460K) G22992A(S:S477N) C22995A(S:T478K) A23013C(S:E484A) T23018C(S:F486P) T23019C(S:F486P)	23	8248	0.0027885548011639186	22779	23023
T22928C(S:F456L) T22942G(S:N460K) G22992A(S:S477N) A23055G(S:Q498R) A23063T(S:N501Y) T23075C(S:Y505H)	23	10471	0.0021965428325852352	22907	23115
A22786C(S:R408S) T22807C(S:T415T) G22813T(S:K417N) T22882G(S:N440K) T22942G(S:N460K) G22992A(S:S477N) C22995A(S:T478K) A23013C(S:E484A)	23	8907	0.002582238688671831	22785	23014
G23390A(S:V610I) A23403G(S:D614G)	23	104972	0.00021910604732690623	23358	23403
C23280T(S:T573I)	23	149916	0.0001534192481122762	23273	23285
T21810C(S:V83A) G21839A(S:A93T)	22	122603	0.00017944095984600704	21808	21851
G21987A(S:G142D) (21990,3)(S:DEL144) C22000A(S:H146Q) T22118A(S:F186I) T22200A(S:V213E)	22	1719	0.012798138452588714	21963	22218
C23300T(S:Q580*)	22	134782	0.0001632265436037453	23272	23312
T22930A(S:F456L) T22942G(S:N460K) G22992A(S:S477N) C22995G(S:T478R) A23013C(S:E484A) A23055G(S:Q498R) A23063T(S:N501Y) T23075C(S:Y505H)	22	10478	0.0020996373353693453	22915	23115
T22843C(S:D427D) T22882G(S:N440K) G22895C(S:V445P) T22896C(S:V445P) G22898A(S:G446S) T22942G(S:N460K) G22992A(S:S477N) C22995A(S:T478K)	22	25060	0.0008778930566640064	22842	22997
A23400G(S:Q613R) A23403G(S:D614G) C23430T(S:A623V)	22	69136	0.0003182133765332099	23358	23434
C23833T(S:G757G) C23854A(S:N764K)	22	36525	0.0006023271731690623	23781	23854
G23811A(S:S750N) C23854A(S:N764K)	22	36380	0.0006047278724573942	23781	23854
A22786C(S:R408S) G22813T(S:K417N) T22882G(S:N440K) T22942G(S:N460K) G22992A(S:S477N) C22995G(S:T478R)	22	13254	0.0016598762637694282	22784	22998
A22786C(S:R408S) G22813T(S:K417N) T22930A(S:F456L) T22942G(S:N460K) G22992A(S:S477N)	22	13439	0.0016370265644765237	22778	22992
A22786C(S:R408S) T22807C(S:T415T) G22813T(S:K417N) T22930A(S:F456L) T22942G(S:N460K) G22992A(S:S477N) C22995G(S:T478R)	22	13254	0.0016598762637694282	22778	22999
T22942G(S:N460K) G22992A(S:S477N) A23013C(S:E484A) T23018C(S:F486P) T23019C(S:F486P)	22	50932	0.00043194848032671013	22935	23023
G22813T(S:K417N) T22882G(S:N440K) G22898A(S:G446S) T22928C(S:F456L) T22942G(S:N460K) G22992A(S:S477N) C22995G(S:T478R)	22	22559	0.0009752205328250365	22807	22997
G22895C G22898A(S:G446S) T22942G(S:N460K)	22	62947	0.00034950037332994425	22886	22945
G22813T(S:K417N) T22882G(S:N440K) T22928C(S:F456L) T22942G(S:N460K) G22992A(S:S477N) C22995A(S:T478K)	22	22559	0.0009752205328250365	22798	23004
A23400G(S:Q613R) A23403G(S:D614G)	22	104984	0.00020955574182732607	23352	23410
T23599G(S:N679K) C23854A(S:N764K)	21	7573	0.00277300937541265	23596	23854
T22930A(S:F456L) T22942G(S:N460K) G22992A(S:S477N) C22995G(S:T478R) A23013C(S:E484A) T23018C T23031C(S:F490S) A23055G(S:Q498R) A23063T(S:N501Y) T23075C(S:Y505H)	21	10478	0.0020041992746707388	22918	23111
T22807C(S:T415T) G22813T(S:K417N) T22882G(S:N440K) G22898A(S:G446S) T22942G(S:N460K)	21	29006	0.0007239881403847479	22802	22986
T22930A(S:F456L) T22942G(S:N460K) G22992A(S:S477N) C22995A(S:T478K) T23031C(S:F490S) A23055G(S:Q498R) A23063T(S:N501Y) T23075C(S:Y505H)	21	10478	0.0020041992746707388	22914	23110
G23292T(S:R577L) A23403G(S:D614G)	21	65518	0.0003205226044751061	23287	23403
T22882G(S:N440K) G22895C(S:V445P) T22896C(S:V445P) G22898A(S:G446S) T22928C(S:F456L) T22942G(S:N460K) G22992A(S:S477N) C22995G(S:T478R) A23013C(S:E484A) T23018C(S:F486P) T23019C(S:F486P)	21	26706	0.0007863401482812851	22858	23023
C21618T(S:T19I) (21632,9)(S:DEL25/27) A21675G(S:Y38C)	21	127704	0.0001644427739146777	21611	21678
C21618T(S:T19I) (21632,9)(S:DEL25/27) G21680A(S:D40N)	21	111246	0.00018877083220969742	21613	21692
G22813T(S:K417N) T22843C(S:D427D) T22882G(S:N440K) G22895C	21	37925	0.0005537244561634806	22798	22895
T23308C(S:L582L)	21	136823	0.00015348296704501436	23297	23314
C21587T(S:P9S)	21	80340	0.00026138909634055267	21515	21595
C21618T(S:T19I) (21632,9)(S:DEL25/27) T21649C(S:T29T)	21	138619	0.00015149438388676876	21611	21678
T21616C(S:L18L) C21618T(S:T19I) (21632,9)(S:DEL25/27)	21	136851	0.00015345156410987131	21611	21668
T22896C G22898A(S:G446S) T22942G(S:N460K)	21	63369	0.00033139232116650096	22886	22944
G22813T(S:K417N) T22882G(S:N440K) T22928C(S:F456L) T22942G(S:N460K) G22992A(S:S477N) C22995A(S:T478K) A23013C(S:E484A)	21	15475	0.00135702746365105	22798	23013
G22992A(S:S477N) C22995A(S:T478K) T23018C(S:F486P) T23019C(S:F486P) T23031C(S:F490S)	21	46827	0.00044845922224357745	22959	23031
A22786C(S:R408S) T22807C(S:T415T) T22882G(S:N440K) G22895C(S:V445P) T22896C(S:V445P) G22898A(S:G446S) T22942G(S:N460K)	21	18098	0.0011603492098574428	22783	22944
A22786C(S:R408S) G22813T(S:K417N) T22882G(S:N440K) T22930A(S:F456L) T22942G(S:N460K) G22992A(S:S477N) C22995G(S:T478R)	21	13254	0.0015844273426889996	22784	22998
C23525T(S:H655Y) T23599G(S:N679K) C23604A(S:P681H)	21	50	0.42	23516	23605
G21718T(S:Q52H) A21768C(S:H69P)	21	131784	0.00015935166636313968	21669	21768
G22813T(S:K417N) T22882G(S:N440K) G22895C(S:V445P) T22896C(S:V445P) G22898A(S:G446S) T22942G(S:N460K) G22992A(S:S477N) C22995A(S:T478K) A23013C(S:E484A)	21	15475	0.00135702746365105	22812	23014
A22786C(S:R408S) T22807C(S:T415T) G22813T(S:K417N) T22882G(S:N440K) T22896C G22898A(S:G446S) T22942G(S:N460K)	21	18098	0.0011603492098574428	22784	22944
T22930A(S:F456L) T22942G(S:N460K) G22992A(S:S477N) C22995G(S:T478R) A23013C(S:E484A) T23018C(S:F486P) T23019C(S:F486P) T23031C(S:F490S) A23055G(S:Q498R)	21	20679	0.0010155229943420861	22926	23057
G22813T(S:K417N) T22882G(S:N440K) G22895C(S:V445P) T22896C(S:V445P) G22898A(S:G446S) T22928C(S:F456L) T22942G(S:N460K) G22992A(S:S477N) C22995G(S:T478R)	20	22559	0.0008865641207500333	22811	22997
T22928C(S:F456L) T22942G(S:N460K) G22992A(S:S477N) C22995A(S:T478K) A23013C(S:E484A) T23031C(S:F490S) A23055G(S:Q498R) A23063T(S:N501Y) T23075C(S:Y505H)	20	10471	0.0019100372457262916	22917	23111
A22786C(S:R408S) T22807C(S:T415T) G22813T(S:K417N) T22942G(S:N460K) G22992A(S:S477N) A23013C(S:E484A) T23018C(S:F486P) T23019C(S:F486P) T23031C(S:F490S)	20	6928	0.002886836027713626	22778	23031
C23260T(S:G566G) A23403G(S:D614G)	20	46985	0.0004256677663083963	23213	23403
G22927T(S:L455F) T22928C(S:F456L) T22942G(S:N460K) G22992A(S:S477N) C22995G(S:T478R) A23013C(S:E484A) T23018C(S:F486P) T23019C(S:F486P) T23031C(S:F490S)	20	34044	0.0005874750323111268	22922	23031
T22882G(S:N440K) G22895C(S:V445P) T22896C(S:V445P) G22898A(S:G446S) G22927T(S:L455F) T22928C(S:F456L) T22942G(S:N460K) C22986T(S:A475V) G22992A(S:S477N) C22995A(S:T478K) A23013C(S:E484A) T23018C(S:F486P) T23019C(S:F486P) T23031C(S:F490S)	20	23030	0.0008684324793747286	22881	23031
T21810C(S:V83A) T21818C	20	130644	0.00015308778053335783	21717	21818
T22843C(S:D427D) T22882G(S:N440K) G22895C(S:V445P) T22896C(S:V445P) G22898A(S:G446S) T22942G(S:N460K)	20	33591	0.0005953975767318627	22842	22943
T21810C(S:V83A) T21841C(S:A93A)	20	122451	0.0001633306383778001	21808	21854
A22786C(S:R408S) G22813T(S:K417N) T22882G(S:N440K) G22992A(S:S477N) C22995A(S:T478K) A23013C(S:E484A) T23018C(S:F486P) T23019C(S:F486P) T23031C(S:F490S)	20	6928	0.002886836027713626	22785	23047
T22942G(S:N460K) G22992A(S:S477N) C22995A(S:T478K) T23018C(S:F486P) T23019C(S:F486P) T23031C(S:F490S) A23055G(S:Q498R) A23063T(S:N501Y) T23075C(S:Y505H)	20	12357	0.0016185158209921502	22941	23111
T22942G(S:N460K) G22992A(S:S477N) A23013C(S:E484A)	20	57762	0.0003462483986011565	22917	23013
T23599G(S:N679K) C23604A(S:P681H) C23609T(S:R683W)	20	25591	0.0007815247547966082	23593	23690
G22927T(S:L455F) T22930A(S:F456L) T22942G(S:N460K) G22992A(S:S477N) C22995A(S:T478K) A23013C(S:E484A) T23018C(S:F486P) T23019C(S:F486P) A23055G(S:Q498R) A23063T(S:N501Y) T23075C(S:Y505H)	20	10340	0.0019342359767891683	22924	23115
G22895C(S:V445P) T22896C(S:V445P) G22898A(S:G446S) T22942G(S:N460K) G22992A(S:S477N)	20	42336	0.000472411186696901	22887	22992
A22786C(S:R408S) G22813T(S:K417N) T22882G(S:N440K) G22895C(S:V445P) T22896C(S:V445P) G22898A(S:G446S) T22913C(S:Y451H) T22942G(S:N460K)	20	18098	0.0011050944855785169	22782	22943
G23292A(S:R577H) A23403G(S:D614G) C23430T(S:A623V)	20	42357	0.00047217697192907904	23287	23434
T23272C(S:A570A)	20	135438	0.0001476690441382773	23256	23273
T22807C(S:T415T) G22813T(S:K417N) T22882G(S:N440K) T22942G(S:N460K) G22992A(S:S477N) C22995G(S:T478R) A23013C(S:E484A)	20	14830	0.0013486176668914363	22803	23013
T23599G(S:N679K)	20	25673	0.0007790285513964086	23598	23673
T22807C(S:T415T) G22813T(S:K417N) T22882G(S:N440K) G22895C(S:V445P) T22896C(S:V445P) G22898A(S:G446S) T22942G(S:N460K) G22992A(S:S477N) C22995A(S:T478K) A23013C(S:E484A)	19	14830	0.0012811867835468645	22805	23015
C21618T(S:T19I) (21632,9)(S:DEL25/27) C21660T(S:T33I)	19	134347	0.0001414248178225044	21613	21676
C23243T(S:P561S) A23403G(S:D614G)	19	46985	0.0004043843779929765	23221	23405
G23292A(S:R577H) A23403G(S:D614G)	19	65518	0.00028999664214414357	23276	23409
G22813T(S:K417N) T22882G(S:N440K) G22895C(S:V445P) T22896C(S:V445P) G22898A(S:G446S) T22930A(S:F456L) T22942G(S:N460K) G22992A(S:S477N) C22995A(S:T478K)	19	22559	0.0008422359147125316	22811	22997
(23230,1)(S:DEL557)	19	126741	0.00014991202531146195	23214	23283
G22813T(S:K417N) T22882G(S:N440K) A23013C(S:E484A) T23018C(S:F486P) T23019C(S:F486P) T23031C(S:F490S) A23055G(S:Q498R) A23063T(S:N501Y) T23075C(S:Y505H)	19	2066	0.009196515004840271	22798	23103
A22786C(S:R408S) T22807C(S:T415T) G22813T(S:K417N) G22992A(S:S477N) A23013C(S:E484A) T23018C(S:F486P) T23019C(S:F486P) T23031C(S:F490S)	19	6928	0.0027424942263279445	22778	23041
G22577C(S:G339H) G22578A(S:G339H) G22599C(S:R346T) C22664A(S:L368I) C22674T(S:S371F) T22679C(S:S373P)	19	1462	0.012995896032831737	22563	22679
T22930A(S:F456L) T22942G(S:N460K) G22992A(S:S477N) C22995G(S:T478R) A23055G(S:Q498R) A23063T(S:N501Y) T23075C(S:Y505H)	19	10478	0.0018133231532735255	22914	23115
G22992A(S:S477N) C22995A(S:T478K) A23013C(S:E484A) T23018C(S:F486P) T23019C(S:F486P) T23031C(S:F490S) T23042C(S:S494P) A23055G(S:Q498R) A23063T(S:N501Y) T23075C(S:Y505H)	19	13397	0.0014182279614839144	22962	23110
G22895C(S:V445P) T22896C(S:V445P) G22898A(S:G446S) T22942G(S:N460K) G22992A(S:S477N) C22995G(S:T478R) A23013C(S:E484A) T23018C(S:F486P) T23019C(S:F486P) T23031C(S:F490S) A23055G(S:Q498R)	19	14887	0.0012762813192718479	22887	23057
T22930A(S:F456L) T22942G(S:N460K) G22992A(S:S477N) C22995A(S:T478K) A23013C(S:E484A) T23019C T23031C(S:F490S) A23055G(S:Q498R) A23063T(S:N501Y) T23075C(S:Y505H)	19	10478	0.0018133231532735255	22926	23106
T22942G(S:N460K) G22992A(S:S477N) C22995A(S:T478K) A23013C(S:E484A) T23018C(S:F486P) T23019C(S:F486P) T23031C(S:F490S) T23042C(S:S494P) A23055G(S:Q498R) A23063T(S:N501Y)	19	21190	0.0008966493629070316	22941	23067
T21808C(S:P82P) T21810C(S:V83A)	19	140799	0.00013494414022826865	21803	21817
A22786C(S:R408S) G22813T(S:K417N) T22882G(S:N440K) T22942G(S:N460K) G22992A(S:S477N) C22995A(S:T478K) A23013C(S:E484A) T23018C(S:F486P) T23019C(S:F486P) T23031C(S:F490S)	19	6928	0.0027424942263279445	22785	23031
A23055G(S:Q498R) A23063T(S:N501Y)	19	27388	0.0006937344822550022	23034	23115
A21717G(S:Q52R) T21810C(S:V83A)	19	92593	0.00020519909712397267	21716	21812
G22895C(S:V445P) T22896C(S:V445P) G22898A(S:G446S) T22930A(S:F456L) T22942G(S:N460K) G22992A(S:S477N) C22995G(S:T478R)	19	41910	0.00045335242185635884	22887	22997
A23403G(S:D614G) T23425C(S:P621P) C23430T(S:A623V)	18	69140	0.0002603413364188603	23358	23434
G23292T(S:R577L) A23403G(S:D614G) C23430T(S:A623V)	18	42357	0.00042495927473617113	23290	23434
G23205A(S:G548D) A23403G(S:D614G) C23430T(S:A623V)	18	21419	0.0008403753676642234	23204	23434
G22927T(S:L455F) T22928C(S:F456L) T22942G(S:N460K) C22986T(S:A475V) G22992A(S:S477N) C22995A(S:T478K) A23013C(S:E484A) T23018C(S:F486P) T23019C(S:F486P) A23055G(S:Q498R) A23063T(S:N501Y) T23075C(S:Y505H)	18	10340	0.0017408123791102514	22922	23115
C21618T(S:T19I) (21632,9)(S:DEL25/27) G21666A(S:G35D)	18	133658	0.000134672073501025	21611	21668
A23362G(S:P600P) A23403G(S:D614G) C23430T(S:A623V)	18	68713	0.0002619591634770713	23334	23434
G22895C(S:V445P) T22896C(S:V445P) G22898A(S:G446S) T22942G(S:N460K) G22992A(S:S477N) A23013C(S:E484A) T23018C(S:F486P) T23019C(S:F486P) T23031C(S:F490S) A23055G(S:Q498R) A23063T(S:N501Y)	18	13406	0.0013426823810234224	22887	23066
A22786C(S:R408S) T22807C(S:T415T) G22813T(S:K417N) G22895C(S:V445P) T22896C(S:V445P) G22898A(S:G446S)	18	22244	0.0008092069771623809	22778	22916
G22895C(S:V445P) T22896C(S:V445P) G22898A(S:G446S) T22942G(S:N460K) G22992A(S:S477N) C22995G(S:T478R) A23013C(S:E484A)	18	31749	0.0005669469904563923	22887	23013
A22786C(S:R408S) T22807C(S:T415T) G22813T(S:K417N) T22882G(S:N440K) G22895C G22898A(S:G446S) T22942G(S:N460K)	18	18098	0.0009945850370206653	22782	22944
A23203T(S:T547T)	18	103595	0.0001737535595347266	23187	23252
T22882G(S:N440K) G22895C(S:V445P) T22896C(S:V445P) G22898A(S:G446S) (22914,'C')(S:INS452)	18	64230	0.0002802428771602055	22819	22919
G22813T(S:K417N) T22882G(S:N440K) T22928C(S:F456L) T22942G(S:N460K) G22992A(S:S477N) C22995G(S:T478R)	18	22559	0.0007979077086750299	22798	22998
G22895C(S:V445P) T22896C(S:V445P) G22898A(S:G446S) T22930A(S:F456L) T22942G(S:N460K) G22992A(S:S477N) C22995A(S:T478K) A23013C(S:E484A) T23018C(S:F486P) T23019C(S:F486P)	18	29838	0.0006032575909913533	22887	23023
(23779,'G')(S:INS740) C23854A(S:N764K)	18	34484	0.0005219812086764877	23776	23876
T22928C(S:F456L) T22942G(S:N460K)	18	88218	0.00020403999183840033	22901	22981
C21807A(S:P82H) T21810C(S:V83A)	18	139865	0.0001286955278304079	21798	21817
A22786C(S:R408S) T22807C(S:T415T) T22882G(S:N440K) G22895C(S:V445P) T22896C(S:V445P) G22898A(S:G446S)	18	22244	0.0008092069771623809	22782	22916
T22807C(S:T415T) G22813T(S:K417N) T22882G(S:N440K) T22930A(S:F456L) T22942G(S:N460K) G22992A(S:S477N) C22995A(S:T478K)	18	21693	0.0008297607523164155	22803	22998
A22101T(S:E180V) T22200A(S:V213E)	18	3820	0.004712041884816754	22097	22211
G22895C(S:V445P) T22896C(S:V445P) G22898A(S:G446S) T22928C(S:F456L) T22942G(S:N460K) G22992A(S:S477N) C22995G(S:T478R) A23013C(S:E484A) T23018C(S:F486P) T23019C(S:F486P) T23031C(S:F490S) A23055G(S:Q498R) A23063T(S:N501Y)	18	13406	0.0013426823810234224	22887	23067
C21618T(S:T19I) (21632,9)(S:DEL25/27) G21663A(S:R34H) T21810C(S:V83A)	18	39008	0.00046144380639868743	21613	21817
G22813T(S:K417N) T22882G(S:N440K) T22896C G22898A(S:G446S)	18	36755	0.0004897292885321725	22811	22906
T21810C(S:V83A) T21856C(S:S98S)	18	117018	0.00015382248884786957	21803	21856
G23205A(S:G548D) A23403G(S:D614G)	18	35243	0.0005107397213631076	23204	23409
G22813T(S:K417N) T22882G(S:N440K) G22895C(S:V445P) T22896C(S:V445P) G22898A(S:G446S) T23019C T23031C(S:F490S) A23055G(S:Q498R) A23063T(S:N501Y) T23075C(S:Y505H)	18	2066	0.008712487899322363	22812	23115
G22895C(S:V445P) T22896C(S:V445P) G22898A(S:G446S) T22930A(S:F456L) T22942G(S:N460K) G22992A(S:S477N) C22995A(S:T478K)	18	41910	0.00042949176807444524	22887	22997
G22775A(S:D405N) A22786C(S:R408S) T22807C(S:T415T)	17	1082	0.015711645101663587	22752	22807
T22882G(S:N440K) G22895C(S:V445P) T22896C(S:V445P) G22898A(S:G446S) G22927T(S:L455F) T22930A(S:F456L) T22942G(S:N460K) T23031C(S:F490S) A23055G(S:Q498R) A23063T(S:N501Y) T23075C(S:Y505H)	17	4885	0.003480040941658137	22881	23111
A22786C(S:R408S) T22807C(S:T415T) G22813T(S:K417N) T22882G(S:N440K) T23031C(S:F490S) A23055G(S:Q498R) A23063T(S:N501Y) T23075C(S:Y505H)	17	1129	0.015057573073516387	22784	23111
A23055G(S:Q498R) T23075C(S:Y505H)	17	17984	0.0009452846975088968	23033	23115
T22942G(S:N460K) C22986T(S:A475V) G22992A(S:S477N) C22995A(S:T478K) A23013C(S:E484A) T23018C(S:F486P) T23019C(S:F486P) A23055G(S:Q498R) A23063T(S:N501Y) T23075C(S:Y505H)	17	12357	0.0013757384478433276	22928	23115
T22882G(S:N440K) G22895C(S:V445P) T22896C(S:V445P) G22898A(S:G446S) T22942G(S:N460K) T23031C(S:F490S) T23042C(S:S494P) A23055G(S:Q498R) A23063T(S:N501Y) T23075C(S:Y505H)	17	4885	0.003480040941658137	22881	23111
T23281C(S:T573T)	17	150244	0.00011314927717579405	23275	23285
T23227C(S:S555S)	17	127161	0.0001336887882290954	23226	23260
T21810C(S:V83A) G21881T(S:G107C)	17	83544	0.0002034855884324428	21803	21893
T22928C(S:F456L) T22942G(S:N460K) G22992A(S:S477N) C22995G(S:T478R) A23013C(S:E484A) T23018C(S:F486P) T23019C(S:F486P) T23031C(S:F490S) A23055G(S:Q498R) A23063T(S:N501Y) T23075C(S:Y505H)	17	10471	0.001623531658867348	22926	23106
G22577C(S:G339H) G22578A(S:G339H) G22599C(S:R346T) C22664A G22775A(S:D405N) A22786C(S:R408S) T22807C(S:T415T) G22813T(S:K417N)	17	163	0.10429447852760736	22563	22814
C22674T(S:S371F) T22679C(S:S373P) C22686T(S:S375F) A22688G(S:T376A) G22775A(S:D405N) A22786C(S:R408S) G22813T(S:K417N)	17	588	0.02891156462585034	22670	22814
T22882G(S:N440K) G22895C(S:V445P) T22896C(S:V445P) G22898A(S:G446S) G22927T(S:L455F) T22930A(S:F456L)	17	59522	0.0002856086825039481	22881	22932
C22995A(S:T478K) A23013C(S:E484A) T23018C(S:F486P) T23019C(S:F486P) T23031C(S:F490S)	17	46827	0.0003630384180067055	22949	23049
C22624T(S:N354N) C22664A(S:L368I) C22674T(S:S371F) T22679C(S:S373P) C22686T(S:S375F) A22688G(S:T376A)	17	2198	0.0077343039126478615	22620	22704
T22882G(S:N440K) G22895C(S:V445P) T22896C(S:V445P) G22898A(S:G446S) T22942G(S:N460K) G22992A(S:S477N) A23013C(S:E484A) T23018C(S:F486P) T23019C(S:F486P)	17	26706	0.0006365610724181832	22864	23023
T21810C(S:V83A) C21812A(S:L84I)	17	140609	0.00012090264492315571	21785	21825
T22896C G22898A(S:G446S)	17	72417	0.0002347515086236657	22886	22920
G22813T(S:K417N) T22882G(S:N440K) G22895C(S:V445P) T22896C(S:V445P)	17	36755	0.0004625221058359407	22812	22903
G22898A(S:G446S) T22928C(S:F456L) T22942G(S:N460K) G22992A(S:S477N) C22995G(S:T478R)	17	45646	0.00037243131928317927	22897	22997
A22786C(S:R408S) T22807C(S:T415T) G22813T(S:K417N) T22882G(S:N440K) G22898A(S:G446S) T22942G(S:N460K) G22992A(S:S477N) C22995G(S:T478R)	17	13254	0.0012826316583672854	22785	22997
G23211A(S:G550D)	17	122411	0.0001388764081659328	23203	23218
A23200G(S:L546L)	17	100250	0.00016957605985037406	23199	23204
A22786C(S:R408S) G22813T(S:K417N) T22882G(S:N440K) G22895C(S:V445P) T22896C(S:V445P) G22898A(S:G446S) T22917G(S:L452R)	17	21557	0.0007886069490188802	22784	22921
T22928C(S:F456L) T22942G(S:N460K) G22992A(S:S477N) T23019C T23031C(S:F490S) A23055G(S:Q498R) A23063T(S:N501Y) T23075C(S:Y505H)	17	10471	0.001623531658867348	22898	23115
A22786C(S:R408S) G22813T(S:K417N) T22882G(S:N440K) G22992A(S:S477N) C22995G(S:T478R) A23013C(S:E484A) T23018C(S:F486P) T23019C(S:F486P) T23031C(S:F490S)	17	6928	0.002453810623556582	22785	23033
G22813T(S:K417N) T22843C(S:D427D) T22882G(S:N440K) T22942G(S:N460K) G22992A(S:S477N) C22995A(S:T478K) A23013C(S:E484A) T23018C(S:F486P) T23019C(S:F486P) T23031C(S:F490S)	17	12018	0.0014145448493925778	22799	23031
G21987A(S:G142D) (21990,3)(S:DEL144) C22000A(S:H146Q) A22101T C22109G(S:Q183E) T22200A(S:V213E)	17	1719	0.009889470622454915	21979	22201
A23403G(S:D614G) C23430T(S:A623V) C23525T(S:H655Y) T23599G(S:N679K) C23604A(S:P681H)	17	22	0.7727272727272727	23401	23605
T22807C(S:T415T) G22813T(S:K417N) G22992A(S:S477N) C22995A(S:T478K) A23013C(S:E484A) T23018C(S:F486P) T23019C(S:F486P) T23031C(S:F490S) A23055G(S:Q498R) A23063T(S:N501Y)	17	5272	0.0032245827010622154	22802	23067
C23825T(S:Q755*) C23854A(S:N764K)	17	36515	0.00046556209776804056	23786	23854
C23525T(S:H655Y) T23599G(S:N679K)	17	82	0.2073170731707317	23500	23600
C21618T(S:T19I) (21632,9)(S:DEL25/27) T21644C(S:Y28H)	17	138619	0.00012263831076547949	21611	21673
C21618T(S:T19I) (21632,9)(S:DEL25/27) T21664C(S:R34R)	16	133678	0.00011969059979951824	21611	21672
A23403G(S:D614G) C23430T(S:A623V) C23525T(S:H655Y)	16	110	0.14545454545454545	23401	23525
(23648,'G')(S:INS697)	16	45591	0.00035094645873088985	23645	23745
G23270A(S:A570T) A23403G(S:D614G) C23430T(S:A623V)	16	32754	0.0004884899554252916	23268	23434
C23286T(S:A575V) A23403G(S:D614G) C23430T(S:A623V)	16	41439	0.00038610970341948405	23281	23432
A22786C(S:R408S) G22813T(S:K417N) T22942G(S:N460K) C22986T(S:A475V) G22992A(S:S477N) C22995A(S:T478K) A23013C(S:E484A) T23018C(S:F486P) T23019C(S:F486P) T23031C(S:F490S)	16	6928	0.0023094688221709007	22779	23031
T23374C(S:T604T)	16	122491	0.00013062184160468932	23298	23374
T22942G(S:N460K) C22995A(S:T478K) A23013C(S:E484A) T23018C	16	52646	0.0003039167268168522	22936	23018
G22927T(S:L455F) T22928C(S:F456L) T22942G(S:N460K) G22992A(S:S477N) C22995A(S:T478K) A23013C(S:E484A) T23018C	16	43857	0.0003648220352509292	22922	23018
G22927T(S:L455F) T22930A(S:F456L) T22942G(S:N460K) G22992A(S:S477N) C22995A(S:T478K) A23013C(S:E484A) T23018C(S:F486P) T23019C(S:F486P) T23031C(S:F490S) A23055G(S:Q498R) A23063T(S:N501Y)	16	18757	0.0008530148744468731	22924	23067
G22895C(S:V445P) T22896C(S:V445P) G22898A(S:G446S) T22928C(S:F456L) T22942G(S:N460K) T23019C T23031C(S:F490S) A23055G(S:Q498R) A23063T(S:N501Y) T23075C(S:Y505H)	16	5882	0.0027201632097925877	22887	23115
G22895C(S:V445P) T22896C(S:V445P) G22898A(S:G446S) G22992A(S:S477N) C22995A(S:T478K) A23013C(S:E484A) T23018C(S:F486P) T23019C(S:F486P) T23031C(S:F490S) A23055G(S:Q498R) A23063T(S:N501Y)	16	13406	0.0011934954497985976	22886	23067
G22813T(S:K417N) T22882G(S:N440K) G22895C G22898A(S:G446S)	16	36755	0.0004353149231397089	22811	22905
A22786C(S:R408S) T22807C(S:T415T) G22813T(S:K417N) G22898A(S:G446S) T22930A(S:F456L) T22942G(S:N460K) G22992A(S:S477N) C22995G(S:T478R)	16	13254	0.0012071827372868568	22778	22997
T22882G(S:N440K) G22895C(S:V445P) T22896C(S:V445P) G22898A(S:G446S) T22913C(S:Y451H)	16	64240	0.00024906600249066	22825	22916
A22786C(S:R408S) G22813T(S:K417N) G22992A(S:S477N) A23013C(S:E484A) T23018C(S:F486P) T23019C(S:F486P) T23031C(S:F490S) A23055G(S:Q498R) A23063T(S:N501Y)	16	3085	0.005186385737439222	22778	23067
T22942G(S:N460K) G22992A(S:S477N) C22995A(S:T478K) A23013C(S:E484A) T23019C	16	50932	0.00031414434932851645	22933	23023
T22882G(S:N440K) G22895C(S:V445P) T22896C(S:V445P) G22898A(S:G446S) G22927T(S:L455F) T22928C(S:F456L) T22942G(S:N460K) C22986T(S:A475V) G22992A(S:S477N) C22995A(S:T478K)	16	38375	0.00041693811074918565	22881	22997
A22786C(S:R408S) G22813T(S:K417N) T22882G(S:N440K) G22898A(S:G446S) T22930A(S:F456L) T22942G(S:N460K) G22992A(S:S477N) C22995A(S:T478K)	16	13254	0.0012071827372868568	22784	22997
C21762T(S:A67V) T21810C(S:V83A)	16	122371	0.000130749932582066	21761	21856
T22942G(S:N460K) C22995A(S:T478K) A23013C(S:E484A) T23018C(S:F486P) T23019C(S:F486P) T23031C(S:F490S) A23055G(S:Q498R) A23063T(S:N501Y) T23075C(S:Y505H)	16	12357	0.00129481265679372	22941	23106
T22928C(S:F456L) T22942G(S:N460K) G22992A(S:S477N) C22995A(S:T478K) A23013C(S:E484A) A23055G(S:Q498R) A23063T(S:N501Y) T23075C(S:Y505H)	16	10471	0.0015280297965810333	22916	23115
T23031C(S:F490S) A23055G(S:Q498R) T23075C(S:Y505H)	16	17718	0.0009030364600970764	23030	23111
G22813T(S:K417N) T22843C(S:D427D) T22882G(S:N440K) G22898A(S:G446S) T22942G(S:N460K) G22992A(S:S477N) C22995A(S:T478K)	16	22559	0.0007092512966000266	22798	22997
T22843C(S:D427D) T22882G(S:N440K) G22895C(S:V445P) T22896C(S:V445P) G22898A(S:G446S) T22930A(S:F456L)	16	36935	0.00043319344794909975	22837	22933
C22664A(S:L368I) C22674T(S:S371F) T22679C(S:S373P) C22686T(S:S375F) A22688G(S:T376A) G22775A(S:D405N) A22786C(S:R408S) T22807C(S:T415T)	16	610	0.02622950819672131	22663	22807
T21799C(S:F79F) T21810C(S:V83A)	16	138113	0.00011584716862279437	21798	21812
C21691T(S:F43F) T21810C(S:V83A)	16	71267	0.00022450783672667575	21669	21812
T22882G(S:N440K) G22895C(S:V445P) T22896C(S:V445P) G22898A(S:G446S) G22927T(S:L455F) T22928C(S:F456L) T22942G(S:N460K) G22992A(S:S477N) C22995A(S:T478K) A23013C(S:E484A) T23018C(S:F486P) T23019C(S:F486P) T23031C(S:F490S) A23055G(S:Q498R) A23063T(S:N501Y)	16	11518	0.0013891300573016148	22881	23066
T23346C(S:V595A) A23403G(S:D614G)	16	97024	0.00016490765171503957	23333	23403
T22942G(S:N460K) G22992A(S:S477N) C22995G(S:T478R) A23013C(S:E484A) T23018C T23031C(S:F490S)	16	42419	0.00037718946698413446	22941	23031
C21618T(S:T19I) (21632,9)(S:DEL25/27) G21665A(S:G35S)	16	133663	0.00011970403178142044	21611	21676
C23700T(S:A713V) C23854A(S:N764K)	15	24767	0.0006056446077441757	23693	23854
T23599G(S:N679K) C23604A(S:P681H) G23612A(S:A684T)	15	25591	0.0005861435660974561	23597	23691
G23387A(S:A609T) A23403G(S:D614G) C23430T(S:A623V)	15	69123	0.000217004470292088	23343	23434
C23260T(S:G566G) A23403G(S:D614G) C23430T(S:A623V)	15	28755	0.0005216484089723526	23223	23434
T21810C(S:V83A) (21834,1)(S:DEL92)	15	124686	0.00012030219912419999	21794	21861
C22674T(S:S371F) T22679C(S:S373P) C22686T(S:S375F) A22688G(S:T376A) G22775A(S:D405N) A22786C(S:R408S) T22807C(S:T415T) G22813T(S:K417N)	15	588	0.025510204081632654	22670	22813
C21767T(S:H69Y) T21810C(S:V83A)	15	128330	0.00011688615288708798	21766	21814
A21804G(S:N81S) T21810C(S:V83A)	15	139730	0.00010734988907178129	21803	21811
G22599C(S:R346T) C22664A(S:L368I) C22674T(S:S371F) T22679C(S:S373P) G22775A(S:D405N) A22786C(S:R408S) T22807C(S:T415T) G22813T(S:K417N)	15	229	0.06550218340611354	22590	22818
T22942G(S:N460K) G22992A(S:S477N) T23031C(S:F490S) T23042C(S:S494P) A23055G(S:Q498R) A23063T(S:N501Y) T23075C(S:Y505H)	15	12357	0.0012138868657441126	22898	23111
T22930A(S:F456L) T22942G(S:N460K) G22992A(S:S477N) C22995A(S:T478K) T23019C T23031C(S:F490S) A23055G(S:Q498R) A23063T(S:N501Y) T23075C(S:Y505H)	15	10478	0.001431570910479099	22926	23115
T21810C(S:V83A) A21825G(S:D88G)	15	127092	0.00011802473798508168	21771	21828
A22786C(S:R408S) G22813T(S:K417N) T22882G(S:N440K) T23031C(S:F490S) A23055G(S:Q498R) A23063T(S:N501Y) T23075C(S:Y505H)	15	1129	0.013286093888396812	22784	23111
G21809A(S:V83T) T21810C(S:V83T)	15	141082	0.00010632114656724457	21803	21822
T22882G(S:N440K) G22895C(S:V445P) T22896C(S:V445P) G22898A(S:G446S) G22927T(S:L455F) T22928C(S:F456L) T22942G(S:N460K) T23031C(S:F490S) A23055G(S:Q498R) A23063T(S:N501Y) T23075C(S:Y505H)	15	4885	0.0030706243602865915	22881	23111
G22895C(S:V445P) T22896C(S:V445P) G22898A(S:G446S) T22928C(S:F456L) T22942G(S:N460K) G22992A(S:S477N) C22995A(S:T478K) A23013C(S:E484A) T23018C(S:F486P) T23019C(S:F486P)	15	29838	0.0005027146591594611	22886	23023
A22786C(S:R408S) G22813T(S:K417N) G22898A(S:G446S) G22927T(S:L455F) T22928C(S:F456L) T22942G(S:N460K) G22992A(S:S477N) C22995A(S:T478K)	15	13254	0.0011317338162064282	22778	22997
G22813T(S:K417N) G22895C(S:V445P) T22896C(S:V445P) G22898A(S:G446S)	15	36755	0.0004081077404434771	22812	22906
A22786C(S:R408S) T22882G(S:N440K) G22895C(S:V445P) T22896C(S:V445P) G22898A(S:G446S)	15	22244	0.0006743391476353174	22783	22916
A23261G(S:R567G)	15	128478	0.00011675150609442862	23259	23283
T23247C(S:F562S)	15	125384	0.00011963248899381101	23227	23249
T23190C(S:F543S)	15	92657	0.00016188739113072947	23187	23212
C23121T(S:A520V)	15	36699	0.00040873048311943107	23120	23213
G23126A(S:A522T)	15	42888	0.0003497481813094572	23122	23209
C21618T(S:T19I) (21632,9)(S:DEL25/27) T21698C(S:S46P)	15	81059	0.0001850503953910115	21614	21732
T22807C(S:T415T) G22813T(S:K417N) T22882G(S:N440K) G22895C(S:V445P) T22896C(S:V445P) G22898A(S:G446S) G22927T(S:L455F) T22928C(S:F456L) T22942G(S:N460K)	15	29006	0.0005171343859891057	22806	22943
G22895C(S:V445P) T22896C(S:V445P) T22942G(S:N460K)	15	62947	0.00023829570908859835	22887	22954
C22000A(S:H146Q) C22109G(S:Q183E)	15	4091	0.0036665851869958446	21999	22119
G22895C(S:V445P) T22896C(S:V445P) G22898A(S:G446S) G22927T(S:L455F) T22930A(S:F456L) T22942G(S:N460K) G22992A(S:S477N) C22995A(S:T478K) A23013C(S:E484A) T23018C(S:F486P) T23019C(S:F486P) T23031C(S:F490S)	15	25842	0.0005804504295333178	22887	23034
G21586A(S:L8L)	15	80001	0.00018749765627929652	21513	21591
C24863T(S:H1101Y) C25000T(S:D1146D) C25006T(S:F1148F)	15	1005	0.014925373134328358	24860	25010
C23347T(S:V595V)	15	135061	0.00011106092802511458	23276	23351
C22000A(S:H146Q) T22200A(S:V213E)	15	1743	0.008605851979345954	21996	22218
C23854A(S:N764K) C23874T(S:A771V)	15	22567	0.0006646873753711171	23821	23874
A25045G(S:S1161S)	15	1908	0.007861635220125786	25034	25073
C21618T(S:T19I) A21623G(S:R21G) (21632,9)(S:DEL25/27)	15	138619	0.00010821027420483483	21611	21654
C21618T(S:T19I) (21632,9)(S:DEL25/27) T21657C(S:F32S)	15	134480	0.000111540749553837	21611	21674
T23754A C23854A(S:N764K)	14	30277	0.00046239719919410774	23753	23854
G23824A(S:L754L) C23854A(S:N764K)	14	36515	0.0003834040805148569	23781	23854
C21618T(S:T19I) (21632,9)(S:DEL25/27) T21667C(S:G35G)	14	133462	0.0001048987726843596	21611	21674
T21810C(S:V83A) A22101T(S:E180V) C22109G(S:Q183E)	14	64	0.21875	21808	22158
T21613C(S:N17N) C21618T(S:T19I) (21632,9)(S:DEL25/27)	14	136640	0.00010245901639344262	21611	21653
G21987A(S:G142D) C22109G(S:Q183E) (22115,3)(S:DEL186)	14	3815	0.003669724770642202	21902	22127
G23387A(S:A609T) A23403G(S:D614G)	14	104971	0.0001333701689037925	23362	23410
T23352C(S:V597A)	14	133926	0.00010453534041186924	23281	23352
G23285A(S:A575T) A23403G(S:D614G)	14	64315	0.00021767861307626525	23276	23403
G23120A(S:A520T)	14	35422	0.00039523459996612274	23115	23211
T23241C(S:L560P)	14	127354	0.00010992980196931388	23231	23241
A23203C(S:T547T)	14	103595	0.00013514165741589844	23200	23203
T23599G(S:N679K) C23604A(S:P681H) C23613T(S:A684V)	14	25591	0.0005470673283576257	23593	23686
(23283,2)(S:DEL575)	14	148184	9.447713653295902e-05	23187	23289
C23291T(S:R577C)	14	135139	0.00010359703712473824	23280	23291
A23223G(S:E554G)	14	121700	0.00011503697617091208	23222	23252
A23283G(S:D574G)	14	150092	9.327612397729393e-05	23274	23285
T22913C(S:Y451H) T22942G(S:N460K) G22992A(S:S477N) C22995A(S:T478K) T23031C(S:F490S) A23055G(S:Q498R) A23063T(S:N501Y) T23075C(S:Y505H)	14	7743	0.0018080847216841018	22908	23111
G23242T(S:L560L)	14	127385	0.00010990304980963222	23229	23244
G22895C(S:V445P) T22896C(S:V445P) G22898A(S:G446S) G22992A(S:S477N) C22995A(S:T478K) A23013C(S:E484A) T23018C(S:F486P) T23019C(S:F486P) T23031C(S:F490S)	14	25842	0.0005417537342310967	22886	23041
G22895C(S:V445P) T22896C(S:V445P) G22898A(S:G446S) T22942G(S:N460K) G22992A(S:S477N) C22995A(S:T478K) A23013C(S:E484A) T23018C(S:F486P) T23019C(S:F486P) T23031C(S:F490S) T23042C(S:S494P)	14	19667	0.0007118523414857375	22887	23042
G22895C(S:V445P) T22896C(S:V445P) G22898A(S:G446S) T22942G(S:N460K) G22992A(S:S477N) A23013C(S:E484A) T23018C(S:F486P) T23019C(S:F486P) T23031C(S:F490S)	14	25842	0.0005417537342310967	22887	23031
T21810C(S:V83A) G21987A(S:G142D)	14	187	0.0748663101604278	21808	21987
T22882G(S:N440K) G22895C(S:V445P) T22896C(S:V445P) T22942G(S:N460K) G22992A(S:S477N) C22995A(S:T478K) A23013C(S:E484A) T23018C(S:F486P) T23019C(S:F486P) T23031C(S:F490S)	14	23030	0.0006079027355623101	22870	23034
T22942G(S:N460K) G22992A(S:S477N) C22995G(S:T478R) T23018C(S:F486P) T23019C(S:F486P) T23031C(S:F490S)	14	42419	0.00033004078361111765	22941	23034
A22786C(S:R408S) T22807C(S:T415T) G22813T(S:K417N) T22882G(S:N440K) G22992A(S:S477N) C22995A(S:T478K) A23013C(S:E484A) T23018C(S:F486P) T23019C(S:F486P) T23031C(S:F490S) A23055G(S:Q498R)	14	3512	0.003986332574031891	22784	23056
A21794G(S:R78G) T21810C(S:V83A)	14	136760	0.00010236911377595789	21763	21817
T23031C(S:F490S) A23055G(S:Q498R) A23063T(S:N501Y)	14	27122	0.0005161861219674065	23029	23104
A22786C(S:R408S) T22807C(S:T415T) G22813T(S:K417N) G22898A(S:G446S) T22942G(S:N460K) G22992A(S:S477N)	14	13439	0.0010417441773941513	22778	22992
G22813T(S:K417N) T22882G(S:N440K) G22895C(S:V445P) T22896C(S:V445P) G22898A(S:G446S) T22928C(S:F456L) T22942G(S:N460K) G22992A(S:S477N) C22995A(S:T478K)	14	22559	0.0006205948845250232	22811	22997
G22992A(S:S477N) A23013C(S:E484A) T23018C(S:F486P) T23019C(S:F486P) T23031C(S:F490S) A23055G(S:Q498R) A23063T(S:N501Y)	14	22801	0.0006140081575369502	22988	23067
G22895C(S:V445P) T22896C(S:V445P) G22898A(S:G446S) T22930A(S:F456L) T22942G(S:N460K) G22992A(S:S477N) C22995G(S:T478R) A23013C(S:E484A)	14	31749	0.0004409587703549718	22886	23014
T22807C(S:T415T) G22813T(S:K417N) T22882G(S:N440K) G22992A(S:S477N) C22995G(S:T478R) A23013C(S:E484A) T23018C(S:F486P) T23019C(S:F486P) T23031C(S:F490S) A23055G(S:Q498R)	14	5954	0.0023513604299630502	22802	23056
G22927T(S:L455F) T22928C(S:F456L) T22942G(S:N460K) G22992A(S:S477N) C22995G(S:T478R) A23013C(S:E484A) T23018C(S:F486P) T23019C(S:F486P) T23031C(S:F490S) A23055G(S:Q498R) A23063T(S:N501Y) T23075C(S:Y505H)	14	10340	0.0013539651837524177	22922	23111
C21806A(S:P82T) T21810C(S:V83A)	14	139850	0.00010010725777618878	21781	21851
A22786C(S:R408S) G22813T(S:K417N) T22882G(S:N440K) G22898A(S:G446S) T22942G(S:N460K) G22992A(S:S477N) C22995A(S:T478K)	14	13254	0.0010562848951259998	22785	22997
C21618T(S:T19I) (21632,9)(S:DEL25/27) T21810C(S:V83A) G21839A(S:A93T)	14	30422	0.0004601932811780948	21613	21861
A21803G(S:N81D) T21810C(S:V83A)	14	139625	0.00010026857654431513	21802	21812
T22928C(S:F456L) T22942G(S:N460K) G22992A(S:S477N) C22995G(S:T478R) A23013C(S:E484A) T23018C(S:F486P) T23019C(S:F486P) T23031C(S:F490S) A23055G(S:Q498R) A23063T(S:N501Y)	14	18900	0.0007407407407407407	22922	23067
T22942G(S:N460K) G22992A(S:S477N) C22995A(S:T478K) A23013C(S:E484A) T23018C(S:F486P) T23019C(S:F486P) T23031C(S:F490S) A23055G(S:Q498R) T23075C(S:Y505H)	14	12357	0.0011329610746945052	22941	23111
C21618T(S:T19I) (21632,9)(S:DEL25/27) C21691T(S:F43F) T21810C(S:V83A)	14	39008	0.00035890073831009025	21613	21815
T22913C(S:Y451H) T22942G(S:N460K) G22992A(S:S477N) C22995G(S:T478R)	14	50934	0.0002748655122315153	22908	23004
T22807C(S:T415T) G22813T(S:K417N) T22843C(S:D427D) T22882G(S:N440K)	14	42652	0.0003282378317546657	22801	22888
G22927T(S:L455F) T22930A(S:F456L) T22942G(S:N460K) G22992A(S:S477N) C22995G(S:T478R) A23013C(S:E484A) T23018C(S:F486P) T23019C(S:F486P) T23031C(S:F490S) A23055G(S:Q498R) A23063T(S:N501Y) T23075C(S:Y505H)	14	10340	0.0013539651837524177	22924	23111
C21618T(S:T19I) (21632,9)(S:DEL25/27) C21678A(S:P39H)	14	120170	0.00011650162270117334	21613	21678
C21618T(S:T19I) (21632,9)(S:DEL25/27) T21671C(S:Y37H)	14	132199	0.00010590095235213579	21611	21674
T23599G(S:N679K) C23604A(S:P681H) T23693C(S:S711P)	14	24926	0.0005616625210623445	23593	23693
T22930A(S:F456L) T22942G(S:N460K) G22992A(S:S477N) C22995G(S:T478R) T23019C T23031C(S:F490S) A23055G(S:Q498R) A23063T(S:N501Y) T23075C(S:Y505H)	13	10478	0.0012406947890818859	22907	23115
T22807C(S:T415T) G22813T(S:K417N) T22882G(S:N440K) G22898A(S:G446S) T22928C(S:F456L) T22942G(S:N460K) G22992A(S:S477N) C22995G(S:T478R)	13	21693	0.0005992716544507444	22803	22997
T22882G(S:N440K) G22895C(S:V445P) T22896C(S:V445P) G22898A(S:G446S) A23013C(S:E484A) T23018C(S:F486P) T23019C(S:F486P) T23031C(S:F490S) A23055G(S:Q498R) A23063T(S:N501Y) T23075C(S:Y505H)	13	4885	0.0026612077789150462	22856	23103
T22807C(S:T415T) G22813T(S:K417N) T22882G(S:N440K) A23013C(S:E484A) T23018C(S:F486P) T23019C(S:F486P) T23031C(S:F490S) A23055G(S:Q498R) A23063T(S:N501Y) T23075C(S:Y505H)	13	1964	0.006619144602851324	22798	23103
A22786C(S:R408S) T22807C(S:T415T) G22813T(S:K417N) T22942G(S:N460K) G22992A(S:S477N) C22995G(S:T478R) A23013C(S:E484A)	13	8907	0.0014595262153362524	22778	23013
T22882G(S:N440K) G22895C(S:V445P) T22896C(S:V445P) G22898A(S:G446S) T22928C(S:F456L) T22942G(S:N460K) G22992A(S:S477N) C22995G(S:T478R) A23013C(S:E484A)	13	28508	0.000456012347411253	22881	23014
G22577C(S:G339H) G22578A(S:G339H) G22599C(S:R346T) C22624T(S:N354N)	13	1913	0.006795608991113434	22556	22624
G21987A(S:G142D) (21990,3)(S:DEL144) T22200A(S:V213E)	13	1719	0.0075625363583478765	21943	22211
G21987A(S:G142D) (21990,3)(S:DEL144) C22000A(S:H146Q) C22109G(S:Q183E) T22200A(S:V213E) G22203A(S:R214H)	13	1594	0.008155583437892095	21979	22206
G21800A(S:D80N) T21810C(S:V83A)	13	138136	9.411015231366189e-05	21761	21836
G23345A(S:V595I) A23403G(S:D614G)	13	96913	0.0001341409305253165	23342	23409
A21768G(S:H69R) T21810C(S:V83A)	13	128505	0.00010116337885685381	21763	21817
A23301G(S:Q580R)	13	134523	9.663774967849364e-05	23276	23312
C22986T(S:A475V) G22992A(S:S477N) C22995A(S:T478K) A23013C(S:E484A) T23018C(S:F486P) T23019C(S:F486P) T23031C(S:F490S) A23055G(S:Q498R) A23063T(S:N501Y) T23075C(S:Y505H)	13	13397	0.0009703664999626782	22960	23111
T22882G(S:N440K) G22895C(S:V445P) T22896C(S:V445P) G22898A(S:G446S) T22928C(S:F456L) T22942G(S:N460K) G22992A(S:S477N) C22995G(S:T478R) A23013C(S:E484A) T23018C(S:F486P) T23019C(S:F486P) T23031C(S:F490S) A23055G(S:Q498R)	13	12890	0.001008533747090768	22864	23056
G22895C(S:V445P) T22896C(S:V445P) G22898A(S:G446S) T22913C(S:Y451H) T22942G(S:N460K)	13	62947	0.00020652294787678523	22887	22982
T22942G(S:N460K) C22995A(S:T478K) A23013C(S:E484A) T23018C(S:F486P) T23019C(S:F486P)	13	50932	0.00025524228382941964	22941	23023
G22577C(S:G339H) G22578A(S:G339H) G22599C(S:R346T) C22674T(S:S371F) T22679C(S:S373P) C22686T(S:S375F) A22688G(S:T376A)	13	1434	0.00906555090655509	22563	22766
C23347T(S:V595V) A23403G(S:D614G)	13	97056	0.0001339432904714804	23334	23403
G22895C(S:V445P) T22896C(S:V445P) G22898A(S:G446S) G22927T(S:L455F) T22928C(S:F456L) T22942G(S:N460K) C22986T(S:A475V) G22992A(S:S477N) C22995A(S:T478K) A23013C(S:E484A) T23018C(S:F486P) T23019C(S:F486P) T23031C(S:F490S)	13	25842	0.0005030570389288754	22887	23031
T23031C(S:F490S) A23063T(S:N501Y) T23075C(S:Y505H)	13	17718	0.0007337171238288746	23029	23110
T22807C(S:T415T) G22813T(S:K417N) T22942G(S:N460K) G22992A(S:S477N) C22995A(S:T478K) A23013C(S:E484A) T23018C(S:F486P) T23019C(S:F486P) T23031C(S:F490S)	13	11501	0.0011303364924789149	22802	23031
G22992A(S:S477N) C22995G(S:T478R) A23013C(S:E484A) T23019C T23031C(S:F490S)	13	46827	0.00027761761376983364	22952	23033
G23270A(S:A570T) A23403G(S:D614G)	13	52856	0.0002459512638111094	23263	23410
A22786C(S:R408S) T22807C(S:T415T) G22813T(S:K417N) T22942G(S:N460K) G22992A(S:S477N) A23013C(S:E484A) T23018C(S:F486P) T23019C(S:F486P)	13	8248	0.0015761396702230843	22778	23023
T21810C(S:V83A) C21897T(S:S112L)	13	72186	0.00018009032222314575	21803	21904
A23403G(S:D614G) G23420A(S:V620I)	13	83339	0.00015598939272129495	23356	23420
T21810C(S:V83A) C21871T(S:G103G)	13	86128	0.00015093813858443246	21785	21890
T22843C(S:D427D) T22882G(S:N440K) G22895C(S:V445P) T22896C(S:V445P) G22898A(S:G446S) T22942G(S:N460K) G22992A(S:S477N) C22995A(S:T478K) A23013C(S:E484A) T23018C(S:F486P) T23019C(S:F486P)	13	16032	0.000810878243512974	22842	23023
G23402A(S:D614S) A23403G(S:D614S)	13	104988	0.00012382367508667657	23318	23410
(23334,1)(S:DEL592)	13	136877	9.497578117580017e-05	23291	23342
T23143C(S:P527P)	13	61258	0.00021221717979692448	23140	23203
A23403G(S:D614G) A23408G(S:N616D) C23430T(S:A623V)	13	69140	0.00018802429852473243	23353	23434
T23246C(S:F562L)	13	125373	0.000103690587287534	23233	23260
A23193G(S:N544S)	13	93111	0.0001396183050337769	23184	23211
C23123T(S:P521S) C23202T(S:T547I)	13	40976	0.00031725888324873094	23115	23204
G23177A(S:V539I)	13	77336	0.00016809765180511016	23166	23220
G22927T(S:L455F) T22930A(S:F456L) T22942G(S:N460K) G22992A(S:S477N) C22995A(S:T478K) A23013C(S:E484A)	13	48970	0.0002654686542781295	22916	23013
G22895C(S:V445P) T22896C(S:V445P) G22898A(S:G446S) T22928C(S:F456L) T22942G(S:N460K) G22992A(S:S477N) C22995A(S:T478K)	13	41910	0.0003101884991648771	22887	22997
T22882G(S:N440K) G22895C(S:V445P) T22896C(S:V445P) G22898A(S:G446S) G22927T(S:L455F) T22928C(S:F456L) T22942G(S:N460K) G22992A(S:S477N) C22995A(S:T478K)	13	38375	0.00033876221498371333	22856	22997
G22813T(S:K417N) T22843C(S:D427D) T22882G(S:N440K) T22942G(S:N460K) G22992A(S:S477N) C22995A(S:T478K) A23013C(S:E484A) T23018C(S:F486P) T23019C(S:F486P)	13	14288	0.0009098544232922733	22803	23023
T22930A(S:F456L) T22942G(S:N460K) G22992A(S:S477N) A23013C(S:E484A) T23018C(S:F486P) T23019C(S:F486P)	13	42840	0.0003034547152194211	22927	23023
G22599C(S:R346T) C22664A(S:L368I) C22674T(S:S371F) T22679C(S:S373P) G22775A(S:D405N) A22786C(S:R408S) G22813T(S:K417N)	13	229	0.056768558951965066	22584	22814
A22786C(S:R408S) G22813T(S:K417N) T22928C(S:F456L) T22942G(S:N460K) G22992A(S:S477N)	13	13439	0.0009673338790088549	22778	22992
G22813T(S:K417N) T22882G(S:N440K) T22930A(S:F456L) T22942G(S:N460K) G22992A(S:S477N)	13	22867	0.0005685048322910744	22803	22992
C21805T(S:N81N) T21810C(S:V83A)	13	139737	9.303190994511117e-05	21803	21812
T22942G(S:N460K) T23031C(S:F490S) A23055G(S:Q498R) A23063T(S:N501Y) T23075C(S:Y505H)	13	12357	0.0010520352836448977	22903	23110
C22674T(S:S371F) T22679C(S:S373P) C22686T(S:S375F) A22688G(S:T376A)	12	2911	0.004122294744074201	22671	22736
T22843C(S:D427D) T22882G(S:N440K) G22895C(S:V445P) T22896C(S:V445P) G22898A(S:G446S) T22942G(S:N460K) G22992A(S:S477N) C22995G(S:T478R)	12	25060	0.00047885075818036713	22837	22997
C23271T(S:A570V) A23403G(S:D614G)	12	52954	0.00022661177625863958	23262	23410
T23317C(S:L585L)	12	132831	9.034035729611311e-05	23280	23327
T21810C(S:V83A) G21870A(S:G103D)	12	86263	0.00013910946755851293	21804	21895
A23201G(S:T547A)	12	100461	0.00011944933854928778	23195	23213
T22807C(S:T415T) G22813T(S:K417N) T22882G(S:N440K) G22895C(S:V445P) T22896C(S:V445P) G22898A(S:G446S) G22927T(S:L455F) T22930A(S:F456L) T22942G(S:N460K)	12	29006	0.0004137075087912846	22793	22944
G22895C(S:V445P) T22896C(S:V445P) G22898A(S:G446S) T22930A(S:F456L)	12	66329	0.0001809163412685251	22887	22944
A23209T(S:T549T)	12	115985	0.00010346165452429193	23204	23213
T22807C(S:T415T) G22813T(S:K417N) T22882G(S:N440K) G22895C G22898A(S:G446S) T22942G(S:N460K)	12	29006	0.0004137075087912846	22793	22944
A23228G(S:N556D)	12	127179	9.435520015096832e-05	23223	23244
T22882G(S:N440K) G22895C(S:V445P) T22896C(S:V445P) G22898A(S:G446S) G22927T(S:L455F) T22928C(S:F456L)	12	59569	0.00020144706139099195	22844	22932
A23403G(S:D614G) T23411C(S:C617R) C23430T(S:A623V)	12	69140	0.00017356089094590685	23333	23434
A22786C(S:R408S) G22813T(S:K417N) T22928C(S:F456L) T22942G(S:N460K) G22992A(S:S477N) C22995G(S:T478R) A23013C(S:E484A) T23018C(S:F486P) T23019C(S:F486P)	12	8248	0.001454898157129001	22778	23023
T22807C(S:T415T) G22813T(S:K417N) T22882G(S:N440K) T22930A(S:F456L) T22942G(S:N460K) G22992A(S:S477N) C22995G(S:T478R) A23013C(S:E484A) T23018C(S:F486P) T23019C(S:F486P)	12	13679	0.0008772571094378244	22803	23023
T22942G(S:N460K) G22992A(S:S477N) C22995G(S:T478R) T23018C	12	52646	0.00022793754511263913	22927	23018
C21618T(S:T19I) A21620G(S:T20A) (21632,9)(S:DEL25/27)	12	138619	8.656821936386787e-05	21611	21676
G22577C(S:G339H) G22578A(S:G339H) G22599C(S:R346T) C22664A C22686T(S:S375F) A22688G(S:T376A) G22775A(S:D405N)	12	426	0.028169014084507043	22571	22779
T22928C(S:F456L) T22942G(S:N460K) G22992A(S:S477N) C22995G(S:T478R) A23013C(S:E484A) T23031C(S:F490S) A23055G(S:Q498R) A23063T(S:N501Y) T23075C(S:Y505H)	12	10471	0.001146022347435775	22916	23111
G22895C(S:V445P) T22896C(S:V445P) G22898A(S:G446S) T22928C(S:F456L) T22942G(S:N460K) G22992A(S:S477N) C22995G(S:T478R)	12	41910	0.0002863278453829635	22887	22997
G22577C(S:G339H) G22578A(S:G339H) G22599C(S:R346T) C22664A(S:L368I) C22674T(S:S371F) T22679C(S:S373P) C22686T(S:S375F)	12	1439	0.008339124391938846	22563	22687
G22317T(S:G252V) A22330T(S:S256S)	12	7435	0.0016139878950907868	22293	22335
T22807C(S:T415T) G22813T(S:K417N) T22882G(S:N440K) T22930A(S:F456L) T22942G(S:N460K) G22992A(S:S477N) C22995G(S:T478R) A23013C(S:E484A)	12	14830	0.0008091706001348617	22802	23013
A22786C(S:R408S) G22813T(S:K417N) T22882G(S:N440K) G22898A(S:G446S) T22930A(S:F456L) T22942G(S:N460K) G22992A(S:S477N) C22995G(S:T478R)	12	13254	0.0009053870529651426	22784	22997
T22882G(S:N440K) G22895C G22898A(S:G446S) T22942G(S:N460K) G22992A(S:S477N) C22995A(S:T478K) A23013C(S:E484A) T23018C(S:F486P) T23019C(S:F486P) T23031C(S:F490S)	12	23030	0.0005210594876248371	22881	23031
G22599C(S:R346T) C22664A(S:L368I) C22674T(S:S371F) T22679C(S:S373P) C22686T(S:S375F) A22688G(S:T376A) G22775A(S:D405N) A22786C(S:R408S) G22813T(S:K417N)	12	229	0.05240174672489083	22598	22820
A21766G(S:I68M) T21810C(S:V83A)	12	128278	9.354682798297448e-05	21763	21816
T22882G(S:N440K) G22895C(S:V445P) T22896C(S:V445P) G22898A(S:G446S) T22942G(S:N460K) T23019C T23031C(S:F490S) T23042C(S:S494P) A23055G(S:Q498R) A23063T(S:N501Y) T23075C(S:Y505H)	12	4885	0.0024564994882292734	22881	23115
C21618T(S:T19I) (21632,9)(S:DEL25/27) C21774A(S:S71Y) T21810C(S:V83A)	12	39008	0.00030762920426579164	21613	21817
T22882G(S:N440K) G22895C(S:V445P) T22896C(S:V445P) G22898A(S:G446S) G22927T(S:L455F) T22930A(S:F456L) T22942G(S:N460K) T23019C T23031C(S:F490S) A23055G(S:Q498R) A23063T(S:N501Y) T23075C(S:Y505H)	12	4885	0.0024564994882292734	22881	23115
A22786C(S:R408S) G22813T(S:K417N) G22927T(S:L455F) T22930A(S:F456L) T22942G(S:N460K) G22992A(S:S477N) C22995G(S:T478R)	12	13254	0.0009053870529651426	22778	22998
C21618T(S:T19I) (21632,9)(S:DEL25/27) C21677A(S:P39T)	12	121400	9.884678747940691e-05	21611	21678
G22927T(S:L455F) T22930A(S:F456L) T22942G(S:N460K) G22992A(S:S477N) C22995G(S:T478R)	12	63465	0.00018908059560387614	22907	22999
A22786C(S:R408S) T22807C(S:T415T) G22813T(S:K417N) T22882G(S:N440K) G22895C(S:V445P) T22896C(S:V445P) G22898A(S:G446S) G22927T(S:L455F) T22930A(S:F456L) T22942G(S:N460K)	12	18098	0.0006630566913471102	22784	22943
G21761A(S:A67T)	12	169365	7.085289168364183e-05	21712	21766
G23401T(S:Q613H) A23403G(S:D614G) C23430T(S:A623V)	12	69140	0.00017356089094590685	23334	23434
C23700T(S:A713V)	12	55836	0.0002149151085321298	23677	23745
C21618T(S:T19I) (21632,9)(S:DEL25/27) A21645G(S:Y28C)	12	138619	8.656821936386787e-05	21611	21676
C21618T(S:T19I) A21630G(S:Q23R) (21632,9)(S:DEL25/27)	12	138619	8.656821936386787e-05	21611	21676
T22913C(S:Y451H) T22942G(S:N460K) G22992A(S:S477N)	12	54349	0.00022079523082301422	22898	22992
T21810C(S:V83A) T21842C(S:S94P)	12	122433	9.801279066918233e-05	21809	21859
T22807C(S:T415T) G22813T(S:K417N) T22882G(S:N440K) T22942G(S:N460K) G22992A(S:S477N) A23013C(S:E484A) T23018C(S:F486P) T23019C(S:F486P) T23031C(S:F490S)	12	11501	0.0010433875315189983	22802	23031
T21810C(S:V83A) T21820C(S:F86F)	12	129860	9.240720776220545e-05	21803	21824
G22813T(S:K417N) T22882G(S:N440K) T22930A(S:F456L) T22942G(S:N460K) G22992A(S:S477N) C22995G(S:T478R) A23013C(S:E484A)	12	15475	0.0007754442649434572	22798	23014
T21841G(S:A93A)	12	125880	9.532888465204957e-05	21838	21911
G22895C(S:V445P) T22896C(S:V445P) G22898A(S:G446S) G22927T(S:L455F) T22930A(S:F456L) T22942G(S:N460K) G22992A(S:S477N) C22995A(S:T478K) A23013C(S:E484A) T23018C(S:F486P) T23019C(S:F486P) T23031C(S:F490S) A23055G(S:Q498R) A23063T(S:N501Y)	12	13406	0.0008951215873489483	22887	23067
G23259A(S:G566D) A23403G(S:D614G)	12	46985	0.0002554006597850378	23223	23403
G22895C(S:V445P) T22896C(S:V445P) G22898A(S:G446S) T23031C(S:F490S) A23055G(S:Q498R) A23063T(S:N501Y) T23075C(S:Y505H)	12	5882	0.002040122407344441	22886	23111
T22882G(S:N440K) G22895C(S:V445P) T22896C(S:V445P) G22898A(S:G446S) G22927T(S:L455F) T22928C(S:F456L) T22942G(S:N460K) C22986T(S:A475V) G22992A(S:S477N) C22995A(S:T478K) A23013C(S:E484A) T23018C(S:F486P) T23019C(S:F486P)	12	26706	0.00044933722758930576	22881	23023
A23674G(S:S704S)	12	50728	0.00023655574830468382	23650	23758
G23210T(S:G550C)	11	118374	9.292581141128964e-05	23207	23216
C21618T(S:T19I) (21631,9)(S:DEL24/26) G21641C(S:A27P)	11	138619	7.935420108354554e-05	21611	21692
T23346C(S:V595A)	11	135084	8.143081341979806e-05	23280	23366
A23403G(S:D614G) C23439T(S:A626V)	11	36594	0.0003005957260753129	23362	23448
T21615C(S:L18P) C21618T(S:T19I) (21632,9)(S:DEL25/27)	11	136841	8.038526465021449e-05	21611	21654
T23189C(S:F543L)	11	92494	0.00011892663307890242	23187	23203
T23332C(S:C590C) A23403G(S:D614G)	11	86891	0.00012659538962608326	23324	23410
C21618T(S:T19I) (21632,9)(S:DEL25/27) A21681G(S:D40G)	11	111245	9.888084857746416e-05	21613	21692
T23389C(S:A609A) A23403G(S:D614G)	11	104972	0.00010478984872156384	23353	23403
A21612G(S:N17S) C21618T(S:T19I) (21632,9)(S:DEL25/27)	11	131208	8.383635144198524e-05	21611	21655
A22786C(S:R408S) G22813T(S:K417N) T22882G(S:N440K) T22942G(S:N460K) G22992A(S:S477N) C22995G(S:T478R) A23013C(S:E484A) T23018C(S:F486P) T23019C(S:F486P)	11	8248	0.0013336566440349175	22784	23025
G23195T(S:G545C)	11	99297	0.00011077877478675086	23184	23212
T22882G(S:N440K) G22895C(S:V445P) T22896C(S:V445P) G22898A(S:G446S) T22928C(S:F456L) T22942G(S:N460K) G22992A(S:S477N)	11	38783	0.00028362942526364643	22865	22992
C21618T(S:T19I) (21632,9)(S:DEL25/27) C21767T(S:H69Y)	11	66808	0.00016465094000718477	21613	21767
C21618T(S:T19I) (21632,9)(S:DEL25/27) T21656C(S:F32L)	11	134540	8.176007135424409e-05	21615	21668
T23599G(S:N679K) C23604A(S:P681H) C23606T(S:R682W) C23854A(S:N764K)	11	7573	0.0014525287204542453	23593	23854
T22807C(S:T415T) G22813T(S:K417N) T22882G(S:N440K) T22942G(S:N460K) G22992A(S:S477N) A23013C(S:E484A) T23018C(S:F486P) T23019C(S:F486P)	11	13679	0.0008041523503180057	22802	23024
T22882G(S:N440K) G22895C(S:V445P) T22896C(S:V445P) G22898A(S:G446S) G22927T(S:L455F) T22930A(S:F456L) T22942G(S:N460K) A23055G(S:Q498R) A23063T(S:N501Y) T23075C(S:Y505H)	11	4885	0.0022517911975435006	22881	23115
(21990,3)(S:DEL144) C22000A(S:H146Q) C22109G(S:Q183E)	11	4048	0.002717391304347826	21953	22133
G22895C G22898A(S:G446S)	11	71995	0.00015278838808250572	22886	22917
A22786C(S:R408S) T22807C(S:T415T) G22813T(S:K417N) T22942G(S:N460K)	11	18098	0.0006078019670681844	22778	22986
G22992A(S:S477N) C22995A(S:T478K) A23013C(S:E484A) T23018C T23031C(S:F490S) A23055G(S:Q498R) A23063T(S:N501Y)	11	22801	0.0004824349809218894	22968	23066
T21810C(S:V83A) C21815T(S:P85S)	11	134859	8.156667334030357e-05	21779	21861
G22992A(S:S477N) C22995A(S:T478K) A23013C(S:E484A) T23018C(S:F486P) T23019C(S:F486P) T23031C(S:F490S) T23042C(S:S494P) A23055G(S:Q498R)	11	25199	0.00043652525893884676	22959	23057
T21810C(S:V83A) T21813C(S:L84P)	11	136617	8.051706595811648e-05	21779	21828
T21810C(S:V83A) T21819C(S:F86S)	11	130145	8.452111106842368e-05	21766	21819
A21717G T21810C(S:V83A) T21818C	11	82180	0.00013385251886103674	21716	21818
T22882G(S:N440K) G22895C(S:V445P) T22896C(S:V445P) G22898A(S:G446S) T22942G(S:N460K) C22986T(S:A475V) G22992A(S:S477N) C22995A(S:T478K)	11	38375	0.00028664495114006516	22881	22997
T21810C(S:V83A) A21814G(S:L84L)	11	135507	8.117661818208653e-05	21803	21830
C21618T(S:T19I) (21631,9)(S:DEL24/26) T21810C(S:V83A)	11	39008	0.00028199343724364236	21613	21811
A22786C(S:R408S) G22813T(S:K417N) G22927T(S:L455F) T22928C(S:F456L) T22942G(S:N460K) G22992A(S:S477N) C22995A(S:T478K)	11	13254	0.0008299381318847141	22778	22999
G22813T(S:K417N) G22992A(S:S477N) C22995A(S:T478K) A23013C(S:E484A) T23018C(S:F486P) T23019C(S:F486P) T23031C(S:F490S) A23055G(S:Q498R) A23063T(S:N501Y)	11	5520	0.0019927536231884057	22803	23067
C21618T(S:T19I) (21632,9)(S:DEL25/27) C21648T(S:T29I)	11	138619	7.935420108354554e-05	21613	21674
A21712G G21718T(S:Q52H) T21810C(S:V83A)	11	85015	0.00012938893136505322	21711	21812
C21618T(S:T19I) (21632,9)(S:DEL25/27) T21679C(S:P39P) T21810C(S:V83A)	11	39008	0.00028199343724364236	21613	21812
C21618T(S:T19I) (21632,9)(S:DEL25/27) T21698C(S:S46P) T21810C(S:V83A)	11	39008	0.00028199343724364236	21611	21812
G22577C(S:G339H) G22578A(S:G339H) G22775A(S:D405N) A22786C(S:R408S) G22813T(S:K417N)	11	163	0.06748466257668712	22498	22835
T22807C(S:T415T)	11	47105	0.00023352085765842266	22800	22871
A22786C(S:R408S) T22807C(S:T415T) G22992A(S:S477N) C22995A(S:T478K) A23013C(S:E484A) T23018C(S:F486P) T23019C(S:F486P) T23031C(S:F490S) A23055G(S:Q498R) A23063T(S:N501Y)	11	3085	0.003565640194489465	22778	23067
C21618T(S:T19I) (21632,9)(S:DEL25/27) A21659G(S:T33A)	11	134373	8.18616835227315e-05	21613	21678
C23854A(S:N764K) (23871,2)(S:DEL771)	11	22837	0.0004816744756316504	23774	23877
C21618T(S:T19I) (21632,9)(S:DEL25/27) A21700G(S:S46S)	11	81016	0.00013577564925446826	21613	21727
A21692G(S:R44G)	11	158739	6.929614020499058e-05	21685	21733
T23599G(S:N679K) C23604A(S:P681H) C23700T(S:A713V)	11	24382	0.000451152489541465	23597	23713
A23403G(S:D614G) T23421C(S:V620A) C23430T(S:A623V)	11	69140	0.00015909748336708128	23333	23434
C21727A(S:F55L) T21810C(S:V83A)	11	101526	0.00010834663041979395	21723	21813
T23212C(S:G550G)	11	122306	8.993835134825765e-05	23211	23216
T23296C(S:D578D)	11	135853	8.096987184677556e-05	23280	23296
T23287C(S:A575A)	11	136521	8.057368463459834e-05	23277	23287
T23323C(S:I587I)	11	137913	7.976042867604939e-05	23280	23327
T23257C(S:F565F)	11	128734	8.544751192381189e-05	23220	23257
A22786C(S:R408S) T22807C(S:T415T) G22813T(S:K417N) T22882G(S:N440K) A23055G(S:Q498R) A23063T(S:N501Y) T23075C(S:Y505H)	11	1129	0.00974313551815766	22784	23115
G22813T(S:K417N) T22882G(S:N440K) G22895C(S:V445P) T22896C(S:V445P) G22898A(S:G446S) T22930A(S:F456L) T22942G(S:N460K) G22992A(S:S477N) C22995G(S:T478R) A23013C(S:E484A) T23018C(S:F486P) T23019C(S:F486P)	11	14288	0.0007698768197088465	22811	23023
T22930A(S:F456L) T22942G(S:N460K) G22992A(S:S477N) C22995A(S:T478K) A23055G(S:Q498R) A23063T(S:N501Y) T23075C(S:Y505H)	11	10478	0.0010498186676846726	22915	23115
G22577C(S:G339H) G22578A(S:G339H) G22599C(S:R346T) C22664A(S:L368I) T22679C(S:S373P) C22686T(S:S375F) A22688G(S:T376A)	11	1434	0.007670850767085077	22563	22706
T22930A(S:F456L) T22942G(S:N460K) G22992A(S:S477N) C22995A(S:T478K) T23018C(S:F486P) T23019C(S:F486P)	11	42840	0.00025676937441643325	22927	23023
T21810C(S:V83A) T21861C(S:I100T)	11	114400	9.615384615384615e-05	21809	21861
T22942G(S:N460K) G22992A(S:S477N) A23013C(S:E484A) T23018C	11	52646	0.0002089427496865859	22926	23018
T21810C(S:V83A) A21858G(S:N99S)	11	115783	9.500531166060648e-05	21785	21861
A23279G(S:T573A)	11	146385	7.514431123407453e-05	23276	23285
T22882G(S:N440K) T22896C G22898A(S:G446S) T22930A(S:F456L) T22942G(S:N460K)	11	56140	0.00019593872461702886	22881	22943
T22882G(S:N440K) G22895C(S:V445P) T22896C(S:V445P) G22898A(S:G446S) T22917G(S:L452R) T22930A(S:F456L) T22942G(S:N460K)	11	56140	0.00019593872461702886	22881	22942
T21810C(S:V83A) T21883C(S:G107G)	11	82661	0.00013307363811228997	21808	21893
T21810C(S:V83A) A21892G(S:L110L)	11	80449	0.00013673258834789742	21777	21892
T22882G(S:N440K) G22895C(S:V445P) T22896C(S:V445P) G22898A(S:G446S) T22913C(S:Y451H) T22942G(S:N460K) G22992A(S:S477N) C22995A(S:T478K) A23013C(S:E484A) T23018C(S:F486P) T23019C(S:F486P) T23031C(S:F490S)	11	23030	0.00047763786365610073	22881	23034
G21987A(S:G142D) (21990,3)(S:DEL144)	11	7616	0.001444327731092437	21942	21999
T21810C(S:V83A) A21906G(S:Q115R)	11	69715	0.0001577852685935595	21803	21909
T21810C(S:V83A) T21872C(S:W104R)	11	85240	0.00012904739558892539	21808	21895
G22813T(S:K417N) T22882G(S:N440K) G22895C(S:V445P) T22896C(S:V445P) G22898A(S:G446S) T22930A(S:F456L) T22942G(S:N460K) G22992A(S:S477N) C22995A(S:T478K) A23013C(S:E484A) T23018C(S:F486P) T23019C(S:F486P)	11	14288	0.0007698768197088465	22811	23023
T22942G(S:N460K) G22992A(S:S477N) C22995A(S:T478K) T23031C(S:F490S) T23042C(S:S494P) A23055G(S:Q498R) A23063T(S:N501Y) T23075C(S:Y505H)	11	12357	0.0008901837015456826	22921	23111
T21810C(S:V83A) T21841G(S:A93A)	11	122451	8.983185110779005e-05	21766	21861
T21610C(S:V16V) C21618T(S:T19I) (21632,9)(S:DEL25/27)	10	47946	0.0002085679723021733	21599	21676
A22786C(S:R408S) G22813T(S:K417N) T22882G(S:N440K) G22895C(S:V445P) T22896C(S:V445P) G22898A(S:G446S) G22927T(S:L455F) T22928C(S:F456L)	10	19866	0.0005033725963958522	22778	22932
T22882G(S:N440K) G22895C(S:V445P) T22896C(S:V445P) T22930A(S:F456L) T22942G(S:N460K)	10	56140	0.00017812611328820805	22881	22942
G22898A(S:G446S) T22942G(S:N460K) G22992A(S:S477N)	10	49052	0.00020386528581913072	22897	22994
C23252T(S:Q564*)	10	126690	7.893282816323308e-05	23250	23285
C23275T(S:D571D)	10	136725	7.313951362223442e-05	23274	23285
G23288A(S:V576I)	10	136483	7.326919836170073e-05	23275	23290
C23290T(S:V576V)	10	135481	7.381108790162458e-05	23272	23303
A23310G(S:E583G)	10	140817	7.101415312071696e-05	23280	23312
C21691T(S:F43F)	10	158518	6.308431850010724e-05	21679	21733
T22882G(S:N440K) G22895C(S:V445P) T22896C(S:V445P) T22942G(S:N460K) G22992A(S:S477N) C22995G(S:T478R)	10	38375	0.000260586319218241	22856	22999
G21987A(S:G142D) (21990,3)(S:DEL144) C22000A(S:H146Q) C22109G(S:Q183E) (22115,3)(S:DEL186) T22200A(S:V213E)	10	1719	0.005817335660267597	21963	22201
(21990,3)(S:DEL144) C22000A(S:H146Q) T22200A(S:V213E)	10	1719	0.005817335660267597	21974	22214
T23398C(S:Y612Y) A23403G(S:D614G)	10	104978	9.525805406847149e-05	23309	23409
A23403G(S:D614G) C23415T(S:T618I)	10	87072	0.00011484748254318265	23358	23418
A23403G(S:D614G) T23425C(S:P621P)	10	73952	0.00013522284725227173	23348	23425
A23203G(S:T547T) A23403G(S:D614G) C23430T(S:A623V)	10	19080	0.0005241090146750524	23195	23432
G21586A(S:L8L) C21618T(S:T19I) (21632,9)(S:DEL25/27)	10	38196	0.00026180751911194887	21585	21660
T23221C(S:T553T) A23403G(S:D614G) C23430T(S:A623V)	10	28105	0.0003558085749866572	23210	23434
T22807C(S:T415T) G22813T(S:K417N) G22992A(S:S477N) C22995A(S:T478K) A23013C(S:E484A) T23018C(S:F486P) T23019C(S:F486P) T23031C(S:F490S)	10	11501	0.0008694896095991653	22802	23034
A22786C(S:R408S) G22813T(S:K417N) T22843C(S:D427D) T22882G(S:N440K) G22895C(S:V445P) T22896C(S:V445P) G22898A(S:G446S)	10	22244	0.0004495594317568783	22784	22906
T22913C(S:Y451H) T22942G(S:N460K) G22992A(S:S477N) C22995A(S:T478K) A23055G(S:Q498R) A23063T(S:N501Y) T23075C(S:Y505H)	10	7743	0.0012914890869172154	22907	23115
T23075C(S:Y505H)	10	18026	0.0005547542438699656	23073	23115
C23208T(S:T549I)	10	114178	8.75825465501235e-05	23194	23211
G23213A(S:V551I)	10	125468	7.970159722000828e-05	23211	23213
T23218C(S:L552L)	10	122758	8.146108603919908e-05	23211	23230
A23263T(S:R567S)	10	133980	7.463800567248842e-05	23226	23277
T22930A(S:F456L) T22942G(S:N460K) G22992A(S:S477N) C22995A(S:T478K) A23013C(S:E484A) T23018C T23031C(S:F490S) A23055G(S:Q498R) A23063T(S:N501Y) T23075C(S:Y505H)	10	10478	0.000954380606986066	22927	23110
T22807C(S:T415T) G22813T(S:K417N) T22942G(S:N460K) G22992A(S:S477N) C22995A(S:T478K) A23013C(S:E484A) T23018C(S:F486P) T23019C(S:F486P)	10	13679	0.000731047591198187	22798	23023
G22895C(S:V445P) T22896C(S:V445P) G22898A(S:G446S) T22928C(S:F456L) T22942G(S:N460K) G22992A(S:S477N) C22995G(S:T478R) A23013C(S:E484A) T23018C(S:F486P) T23019C(S:F486P)	10	29838	0.0003351431061063074	22887	23023
G22577C G22599C(S:R346T)	10	2075	0.004819277108433735	22563	22607
G22599C(S:R346T) C22664A(S:L368I) C22674T	10	1832	0.0054585152838427945	22578	22674
G22577C(S:G339H) G22578A(S:G339H) C22686T(S:S375F) A22688G(S:T376A) G22775A(S:D405N)	10	426	0.023474178403755867	22505	22781
G22599C(S:R346T) C22664A(S:L368I) C22674T(S:S371F) T22679C(S:S373P) G22775A(S:D405N) A22786C(S:R408S)	10	442	0.02262443438914027	22584	22797
A22786C(S:R408S) T22807C(S:T415T) G22813T(S:K417N) T22882G(S:N440K) G22992A(S:S477N) C22995G(S:T478R) A23013C(S:E484A) T23018C(S:F486P) T23019C(S:F486P) T23031C(S:F490S)	10	6928	0.001443418013856813	22785	23046
G22813T(S:K417N) T22882G(S:N440K) G22895C(S:V445P) T22896C(S:V445P) G22898A(S:G446S) T22913C(S:Y451H) T22942G(S:N460K)	10	30079	0.00033245786096612254	22811	22943
T22843C(S:D427D) T22882G(S:N440K) G22895C(S:V445P) T22896C(S:V445P) G22898A(S:G446S) T22942G(S:N460K) G22992A(S:S477N) C22995A(S:T478K) A23013C(S:E484A) T23018C(S:F486P) T23019C(S:F486P) T23031C(S:F490S)	10	13519	0.0007396996819291368	22842	23031
A22786C(S:R408S) T22807C(S:T415T) T22942G(S:N460K) G22992A(S:S477N) C22995A(S:T478K) A23013C(S:E484A) T23018C(S:F486P) T23019C(S:F486P) T23031C(S:F490S)	10	6928	0.001443418013856813	22778	23031
T21810C(S:V83A) T21832C(S:V90V)	10	124801	8.012756308042403e-05	21806	21861
T21810C(S:V83A) A21851G(S:K97E)	10	121133	8.255388704977174e-05	21763	21861
T21810C(S:V83A) T21890C(S:L110L)	10	81044	0.00012338976358521297	21808	21901
A22786C(S:R408S) G22813T(S:K417N) T22882G(S:N440K) T22896C G22898A(S:G446S) T22942G(S:N460K)	10	18098	0.0005525472427892584	22782	22944
G22813T(S:K417N) T22882G(S:N440K) T22896C G22898A(S:G446S) T22942G(S:N460K)	10	30079	0.00033245786096612254	22799	22950
A22786C(S:R408S) T22807C(S:T415T) G22813T(S:K417N) T22882G(S:N440K) G22895C(S:V445P) T22896C(S:V445P) G22898A(S:G446S) T22928C(S:F456L)	10	19866	0.0005033725963958522	22782	22931
A22786C(S:R408S) T22807C(S:T415T) G22813T(S:K417N) T22882G(S:N440K) G22895C(S:V445P) T22896C(S:V445P) G22898A(S:G446S) G22927T(S:L455F) T22928C(S:F456L)	10	19866	0.0005033725963958522	22782	22932
T22882G(S:N440K) G22895C(S:V445P) T22896C(S:V445P) G22898A(S:G446S) T22913C(S:Y451H) T22942G(S:N460K) G22992A(S:S477N) C22995A(S:T478K) A23013C(S:E484A) T23018C(S:F486P) T23019C(S:F486P) T23031C(S:F490S) A23055G(S:Q498R)	10	12890	0.0007757951900698216	22857	23055
T22882G(S:N440K) G22895C(S:V445P) T22896C(S:V445P) G22898A(S:G446S) G22992A(S:S477N) C22995G(S:T478R) A23013C(S:E484A) T23018C(S:F486P) T23019C(S:F486P) T23031C(S:F490S) A23055G(S:Q498R)	10	12890	0.0007757951900698216	22861	23057
T22928C(S:F456L) T22942G(S:N460K) G22992A(S:S477N) C22995A(S:T478K) A23013C(S:E484A) T23018C(S:F486P) T23019C(S:F486P) T23031C(S:F490S) A23055G(S:Q498R)	10	20664	0.00048393341076267905	22927	23057
C22995A(S:T478K) A23013C(S:E484A) T23018C(S:F486P) T23019C(S:F486P) T23031C(S:F490S) A23055G(S:Q498R)	10	25199	0.0003968411444898607	22959	23056
C21618T(S:T19I) (21632,9)(S:DEL25/27) C21697A(S:S45S) T21810C(S:V83A)	10	39008	0.000256357670221493	21613	21817
C21618T(S:T19I) (21632,9)(S:DEL25/27) A21692G(S:R44G) T21810C(S:V83A)	10	39008	0.000256357670221493	21612	21817
T21802C(S:D80D) T21810C(S:V83A)	10	138207	7.235523526304745e-05	21782	21824
T21810C(S:V83A) G21830A(S:V90I)	10	125391	7.97505403099106e-05	21804	21830
T21810C(S:V83A) A21834G(S:Y91C)	10	124730	8.017317405596088e-05	21798	21851
G22813T(S:K417N) T22882G(S:N440K) G22898A(S:G446S) T22942G(S:N460K)	10	30079	0.00033245786096612254	22799	22991
T22928C(S:F456L) T22942G(S:N460K) G22992A(S:S477N) C22995A(S:T478K) T23019C T23031C(S:F490S) A23055G(S:Q498R) A23063T(S:N501Y) T23075C(S:Y505H)	10	10471	0.0009550186228631458	22926	23115
C21618T(S:T19I) (21632,9)(S:DEL25/27) C21774A(S:S71Y)	10	50991	0.0001961130395560001	21611	21778
T21775C(S:S71S) T21810C(S:V83A)	10	129534	7.719980854447481e-05	21761	21812
A21791G(S:K77E) T21810C(S:V83A)	10	135957	7.35526673874828e-05	21785	21812
C21618T(S:T19I) (21632,9)(S:DEL25/27) G21761A(S:A67T) T21810C(S:V83A)	10	39008	0.000256357670221493	21611	21817
T22942G(S:N460K) C22986T(S:A475V) G22992A(S:S477N)	10	75683	0.00013213006883976586	22898	22994
G22599C(S:R346T) C22664A(S:L368I) C22674T(S:S371F) T22679C(S:S373P) C22686T(S:S375F) A22688G(S:T376A) G22775A(S:D405N) A22786C(S:R408S) T22807C(S:T415T) G22813T(S:K417N)	10	229	0.043668122270742356	22598	22813
T23019C T23031C(S:F490S) A23055G(S:Q498R) A23063T(S:N501Y)	10	24485	0.0004084133142740453	23018	23115
A22786C(S:R408S) G22813T(S:K417N) T22882G(S:N440K) T22930A(S:F456L) T22942G(S:N460K) G22992A(S:S477N) C22995A(S:T478K)	10	13254	0.0007544892108042855	22784	22999
G22927T(S:L455F) T22928C(S:F456L) T22942G(S:N460K) C22986T(S:A475V) G22992A(S:S477N) C22995A(S:T478K) A23013C(S:E484A)	10	48970	0.00020420665713702266	22915	23013
G22813T(S:K417N) G22992A(S:S477N) C22995G(S:T478R) A23013C(S:E484A) T23018C(S:F486P) T23019C(S:F486P) T23031C(S:F490S) A23055G(S:Q498R) A23063T(S:N501Y)	10	5520	0.0018115942028985507	22799	23067
G22992A(S:S477N) C22995A(S:T478K) A23013C(S:E484A) T23019C T23031C(S:F490S) A23055G(S:Q498R) A23063T(S:N501Y)	10	22801	0.0004385772553835358	22987	23066
G22813T(S:K417N) T22882G(S:N440K) G22992A(S:S477N) A23013C(S:E484A) T23018C(S:F486P) T23019C(S:F486P) T23031C(S:F490S) A23055G(S:Q498R) A23063T(S:N501Y)	10	5520	0.0018115942028985507	22799	23065
G22813T(S:K417N) T22882G(S:N440K) G22895C(S:V445P) T22896C(S:V445P) G22898A(S:G446S) T22930A(S:F456L) T22942G(S:N460K) G22992A(S:S477N) C22995G(S:T478R) A23013C(S:E484A)	10	15475	0.0006462035541195477	22811	23013
G22992A(S:S477N) C22995A(S:T478K) A23013C(S:E484A)	10	62176	0.00016083376222336592	22947	23014
G22813T(S:K417N) T22843C(S:D427D) T22882G(S:N440K) T22942G(S:N460K) G22992A(S:S477N) C22995A(S:T478K) A23013C(S:E484A)	10	15475	0.0006462035541195477	22793	23015
G22813T(S:K417N) T22882G(S:N440K) T22930A(S:F456L) T22942G(S:N460K) G22992A(S:S477N) C22995A(S:T478K) A23013C(S:E484A)	10	15475	0.0006462035541195477	22798	23015
T22882G(S:N440K) G22895C(S:V445P) T22896C(S:V445P) G22898A(S:G446S) T22930A(S:F456L) G22992A(S:S477N) C22995G(S:T478R) A23013C(S:E484A) T23018C(S:F486P) T23019C(S:F486P) T23031C(S:F490S) A23055G(S:Q498R) A23063T(S:N501Y)	10	11518	0.0008682062858135093	22881	23067
A23319G(S:D586G)	10	138342	7.228462795101993e-05	23270	23327
T21596C(S:S12P)	10	79669	0.0001255193362537499	21513	21596
C21557A	10	61866	0.00016163967284130217	21488	21568
T22930A(S:F456L) T22942G(S:N460K) C22995A(S:T478K) A23013C(S:E484A) T23018C(S:F486P) T23019C(S:F486P)	10	42840	0.00023342670401493932	22926	23025
T23389C(S:A609A) A23403G(S:D614G) C23430T(S:A623V)	10	69124	0.00014466755396099764	23333	23434
T23599G(S:N679K) C23604A(S:P681H) C23730A(S:T723N)	10	22560	0.0004432624113475177	23593	23732
C21549A(ORF1b:N2694K) C21618T(S:T19I) (21632,9)(S:DEL25/27)	10	17319	0.0005774005427565101	21495	21654
A23403G(S:D614G) G23438A(S:A626T)	10	36683	0.000272605839217076	23362	23440
C23604A(S:P681H) C23664T(S:A701V)	10	25736	0.0003885607709045695	23602	23687
T23599G(S:N679K) C23604A(S:P681H) C23615T(S:R685C)	10	25591	0.0003907623773983041	23593	23693
G23663A(S:A701T) C23854A(S:N764K)	10	19392	0.0005156765676567656	23650	23854
C23854A(S:N764K) T23875C(S:A771A)	10	21997	0.0004546074464699732	23774	23875
C23854A(S:N764K) C23910T	10	8448	0.0011837121212121212	23762	23910
C21618T(S:T19I) (21632,9)(S:DEL25/27) C21677T(S:P39S)	10	121400	8.237232289950576e-05	21613	21686
C21618T(S:T19I) (21632,9)(S:DEL25/27) T21690C(S:F43S)	10	110524	9.047808620752054e-05	21611	21692
C21618T(S:T19I) (21632,9)(S:DEL25/27) C21727A(S:F55L)	10	77706	0.00012869019123362417	21611	21731
