REGION	POS	REF	ALT	REF_DP	REF_RV	REF_QUAL	ALT_DP	ALT_RV	ALT_QUAL	ALT_FREQ	TOTAL_DP	PVAL	PASS	GFF_FEATURE	REF_CODON	REF_AA	ALT_CODON	ALT_AA	POS_AA
NC_045512.2	428	G	-A	2	0	32	1	0	20	0.5	2	0.75	FALSE	NA	NA	NA	NA	NA	NA
NC_045512.2	530	G	T	84	21	54	1	0	36	0.0117647	85	0.502959	FALSE	NA	NA	NA	NA	NA	NA
NC_045512.2	600	G	A	71	28	49	1	0	32	0.0138889	72	0.503497	FALSE	NA	NA	NA	NA	NA	NA
NC_045512.2	670	T	G	0	0	0	49	27	41	1	49	7.85003e-29	TRUE	NA	NA	NA	NA	NA	NA
NC_045512.2	713	G	A	71	23	44	2	1	36	0.0273973	73	0.251724	FALSE	NA	NA	NA	NA	NA	NA
NC_045512.2	792	A	G	94	52	46	1	1	36	0.0105263	95	0.502646	FALSE	NA	NA	NA	NA	NA	NA
NC_045512.2	811	C	A	109	54	46	1	1	36	0.00909091	110	0.502283	FALSE	NA	NA	NA	NA	NA	NA
NC_045512.2	852	A	T	227	99	52	1	1	36	0.00438596	228	0.501099	FALSE	NA	NA	NA	NA	NA	NA
NC_045512.2	864	G	A	396	145	55	1	1	72	0.00251889	397	0.500631	FALSE	NA	NA	NA	NA	NA	NA
NC_045512.2	890	G	A	541	204	57	1	0	72	0.00184502	542	0.500462	FALSE	NA	NA	NA	NA	NA	NA
NC_045512.2	904	C	T	561	224	59	1	0	72	0.00177936	562	0.500445	FALSE	NA	NA	NA	NA	NA	NA
NC_045512.2	913	C	T	572	228	58	2	0	54	0.00348432	574	0.250218	FALSE	NA	NA	NA	NA	NA	NA
NC_045512.2	930	T	C	595	246	59	1	0	72	0.00167785	596	0.50042	FALSE	NA	NA	NA	NA	NA	NA
NC_045512.2	946	T	C	589	243	55	1	1	72	0.00169492	590	0.500424	FALSE	NA	NA	NA	NA	NA	NA
NC_045512.2	949	A	T	584	247	56	1	0	72	0.0017094	585	0.500428	FALSE	NA	NA	NA	NA	NA	NA
NC_045512.2	950	T	C	582	246	56	1	1	36	0.00171527	583	0.500429	FALSE	NA	NA	NA	NA	NA	NA
NC_045512.2	959	C	T	376	148	51	1	0	72	0.00265252	377	0.500664	FALSE	NA	NA	NA	NA	NA	NA
NC_045512.2	960	G	C	375	155	51	1	1	32	0.00265957	376	0.500666	FALSE	NA	NA	NA	NA	NA	NA
NC_045512.2	969	A	G	322	133	51	2	2	34	0.00617284	324	0.250386	FALSE	NA	NA	NA	NA	NA	NA
NC_045512.2	974	G	A	502	218	46	1	0	36	0.00198807	503	0.500498	FALSE	NA	NA	NA	NA	NA	NA
NC_045512.2	983	T	C	495	216	46	1	1	68	0.00201613	496	0.500505	FALSE	NA	NA	NA	NA	NA	NA
NC_045512.2	985	G	T	511	220	46	1	0	36	0.00195312	512	0.500489	FALSE	NA	NA	NA	NA	NA	NA
NC_045512.2	992	G	A	556	232	45	1	0	36	0.00179533	557	0.500449	FALSE	NA	NA	NA	NA	NA	NA
NC_045512.2	996	G	A	556	224	44	6	5	46	0.0106762	562	0.0154996	FALSE	NA	NA	NA	NA	NA	NA
NC_045512.2	997	T	C	560	229	45	1	0	32	0.00178253	561	0.500446	FALSE	NA	NA	NA	NA	NA	NA
NC_045512.2	1014	A	T	543	227	43	1	0	36	0.00183824	544	0.50046	FALSE	NA	NA	NA	NA	NA	NA
NC_045512.2	1016	T	C	548	228	43	2	1	36	0.00363636	550	0.250227	FALSE	NA	NA	NA	NA	NA	NA
NC_045512.2	1030	T	A	591	263	44	1	0	36	0.00168919	592	0.500423	FALSE	NA	NA	NA	NA	NA	NA
NC_045512.2	1052	T	A	596	290	44	1	1	36	0.00167504	597	0.500419	FALSE	NA	NA	NA	NA	NA	NA
NC_045512.2	1053	T	A	597	295	45	2	1	36	0.0033389	599	0.250209	FALSE	NA	NA	NA	NA	NA	NA
NC_045512.2	1075	T	C	438	207	47	2	2	54	0.00453515	441	0.249716	FALSE	NA	NA	NA	NA	NA	NA
NC_045512.2	1075	T	A	438	207	47	1	0	32	0.00226757	441	0.499431	FALSE	NA	NA	NA	NA	NA	NA
NC_045512.2	1076	C	T	440	210	47	1	1	36	0.00226757	441	0.500568	FALSE	NA	NA	NA	NA	NA	NA
NC_045512.2	1077	C	T	438	212	46	1	0	72	0.0022779	439	0.50057	FALSE	NA	NA	NA	NA	NA	NA
NC_045512.2	1109	A	G	405	236	44	1	1	36	0.00246305	406	0.500617	FALSE	NA	NA	NA	NA	NA	NA
NC_045512.2	1128	T	G	309	192	41	1	0	36	0.00322581	310	0.500808	FALSE	NA	NA	NA	NA	NA	NA
NC_045512.2	1133	A	G	335	227	42	1	0	36	0.00297619	336	0.500745	FALSE	NA	NA	NA	NA	NA	NA
NC_045512.2	1139	A	G	376	257	43	1	0	36	0.00265252	377	0.500664	FALSE	NA	NA	NA	NA	NA	NA
NC_045512.2	1143	T	C	380	254	44	1	1	36	0.00262467	381	0.500657	FALSE	NA	NA	NA	NA	NA	NA
NC_045512.2	1181	G	T	436	262	47	1	1	32	0.00228833	437	0.500573	FALSE	NA	NA	NA	NA	NA	NA
NC_045512.2	1191	C	T	432	271	48	1	0	68	0.00230415	434	0.5	FALSE	NA	NA	NA	NA	NA	NA
NC_045512.2	1191	C	A	432	271	48	1	0	36	0.00230415	434	0.5	FALSE	NA	NA	NA	NA	NA	NA
NC_045512.2	1211	T	A	445	281	48	1	1	72	0.00224215	446	0.500561	FALSE	NA	NA	NA	NA	NA	NA
NC_045512.2	1234	T	-G	398	224	48	1	0	20	0.00251256	398	0.938595	FALSE	NA	NA	NA	NA	NA	NA
NC_045512.2	1240	T	A	377	216	49	1	0	36	0.0026455	378	0.500662	FALSE	NA	NA	NA	NA	NA	NA
NC_045512.2	1264	G	A	280	167	47	1	1	68	0.00355872	281	0.500891	FALSE	NA	NA	NA	NA	NA	NA
NC_045512.2	1268	G	T	279	172	47	1	1	21	0.00357143	280	0.87634	FALSE	NA	NA	NA	NA	NA	NA
NC_045512.2	1269	A	-T	280	175	47	1	0	20	0.00357143	280	0.877003	FALSE	NA	NA	NA	NA	NA	NA
NC_045512.2	1280	G	C	318	184	44	1	0	68	0.0031348	319	0.500785	FALSE	NA	NA	NA	NA	NA	NA
NC_045512.2	1288	C	A	276	150	44	1	1	72	0.00361011	277	0.500904	FALSE	NA	NA	NA	NA	NA	NA
NC_045512.2	1289	G	A	275	150	45	5	2	34	0.0178571	280	0.030969	FALSE	NA	NA	NA	NA	NA	NA
NC_045512.2	1298	G	T	266	156	44	1	0	36	0.00373134	268	0.5	FALSE	NA	NA	NA	NA	NA	NA
NC_045512.2	1298	G	A	266	156	44	1	0	36	0.00373134	268	0.5	FALSE	NA	NA	NA	NA	NA	NA
NC_045512.2	1300	C	T	276	164	45	1	0	72	0.00361011	277	0.500904	FALSE	NA	NA	NA	NA	NA	NA
NC_045512.2	1328	A	C	342	197	53	1	0	32	0.00291545	343	0.50073	FALSE	NA	NA	NA	NA	NA	NA
NC_045512.2	1338	G	A	381	228	61	1	1	72	0.0026178	382	0.500655	FALSE	NA	NA	NA	NA	NA	NA
NC_045512.2	1355	G	A	381	231	60	1	1	72	0.0026178	382	0.500655	FALSE	NA	NA	NA	NA	NA	NA
NC_045512.2	1359	T	A	380	231	60	1	1	68	0.00262467	381	0.500657	FALSE	NA	NA	NA	NA	NA	NA
NC_045512.2	1360	T	A	380	232	60	1	0	35	0.00262467	381	0.500657	FALSE	NA	NA	NA	NA	NA	NA
NC_045512.2	1362	T	A	379	230	60	1	1	68	0.00263158	380	0.500659	FALSE	NA	NA	NA	NA	NA	NA
NC_045512.2	1394	G	C	326	198	59	1	1	68	0.0030581	327	0.500766	FALSE	NA	NA	NA	NA	NA	NA
NC_045512.2	1558	A	G	1	0	36	2	0	72	0.666667	3	0.3	FALSE	NA	NA	NA	NA	NA	NA
NC_045512.2	1598	G	A	7	1	46	3	1	36	0.3	10	0.123839	FALSE	NA	NA	NA	NA	NA	NA
NC_045512.2	1821	G	A	6	3	54	1	0	36	0.142857	7	0.538462	FALSE	NA	NA	NA	NA	NA	NA
NC_045512.2	1903	A	G	5	3	42	1	1	36	0.166667	6	0.545455	FALSE	NA	NA	NA	NA	NA	NA
NC_045512.2	2582	G	-CTGT	95	44	55	1	0	20	0.0105263	95	0.505263	FALSE	NA	NA	NA	NA	NA	NA
NC_045512.2	2589	A	+AT	96	44	55	1	0	20	0.0104167	96	0.505208	FALSE	NA	NA	NA	NA	NA	NA
NC_045512.2	2592	C	T	95	44	55	1	0	72	0.0104167	96	0.502618	FALSE	NA	NA	NA	NA	NA	NA
NC_045512.2	2594	C	T	94	43	56	1	0	72	0.0105263	95	0.502646	FALSE	NA	NA	NA	NA	NA	NA
NC_045512.2	2595	C	T	94	43	55	1	0	72	0.0105263	95	0.502646	FALSE	NA	NA	NA	NA	NA	NA
NC_045512.2	2597	T	G	94	43	56	1	0	72	0.0105263	95	0.502646	FALSE	NA	NA	NA	NA	NA	NA
NC_045512.2	2598	T	C	92	42	56	1	0	32	0.0107527	93	0.502703	FALSE	NA	NA	NA	NA	NA	NA
NC_045512.2	2658	A	G	60	33	53	1	1	72	0.0163934	61	0.504132	FALSE	NA	NA	NA	NA	NA	NA
NC_045512.2	2659	G	A	61	33	53	1	1	72	0.016129	62	0.504065	FALSE	NA	NA	NA	NA	NA	NA
NC_045512.2	2698	T	C	0	0	0	48	25	51	1	48	3.10797e-28	TRUE	NA	NA	NA	NA	NA	NA
NC_045512.2	2790	C	T	0	0	0	49	27	49	1	49	7.85003e-29	TRUE	NA	NA	NA	NA	NA	NA
NC_045512.2	2923	A	G	0	0	0	60	32	48	1	60	2.07007e-35	TRUE	NA	NA	NA	NA	NA	NA
NC_045512.2	3014	G	A	43	26	55	1	0	36	0.0227273	44	0.505747	FALSE	NA	NA	NA	NA	NA	NA
NC_045512.2	3037	C	T	0	0	0	27	14	53	1	27	1.02725e-15	TRUE	NA	NA	NA	NA	NA	NA
NC_045512.2	3042	C	G	26	14	51	1	0	32	0.037037	27	0.509434	FALSE	NA	NA	NA	NA	NA	NA
NC_045512.2	3898	T	C	16	10	51	1	0	36	0.0588235	17	0.515152	FALSE	NA	NA	NA	NA	NA	NA
NC_045512.2	4184	G	A	0	0	0	6	2	53	1	6	0.0021645	TRUE	NA	NA	NA	NA	NA	NA
NC_045512.2	4321	C	T	0	0	0	2	1	36	1	2	0.333333	FALSE	NA	NA	NA	NA	NA	NA
NC_045512.2	5011	A	T	2	2	72	2	2	52	0.5	4	0.285714	FALSE	NA	NA	NA	NA	NA	NA
NC_045512.2	5022	T	G	399	88	45	1	0	32	0.0025	400	0.500626	FALSE	NA	NA	NA	NA	NA	NA
NC_045512.2	5025	C	G	753	153	44	1	0	32	0.00132626	754	0.500332	FALSE	NA	NA	NA	NA	NA	NA
NC_045512.2	5028	T	-GA	767	167	48	1	0	20	0.00130378	767	0.996205	FALSE	NA	NA	NA	NA	NA	NA
NC_045512.2	5030	A	G	779	177	49	1	0	21	0.00128205	780	0.996164	FALSE	NA	NA	NA	NA	NA	NA
NC_045512.2	5040	A	T	1206	263	49	1	0	36	0.0008285	1207	0.750311	FALSE	NA	NA	NA	NA	NA	NA
NC_045512.2	5042	C	T	1248	271	49	1	0	72	0.000800641	1249	0.5002	FALSE	NA	NA	NA	NA	NA	NA
NC_045512.2	5044	G	T	1300	279	49	1	0	36	0.00076864	1301	0.750288	FALSE	NA	NA	NA	NA	NA	NA
NC_045512.2	5052	C	A	1332	341	52	1	0	36	0.000750188	1333	0.750281	FALSE	NA	NA	NA	NA	NA	NA
NC_045512.2	5053	A	G	1341	342	52	1	0	36	0.000745156	1342	0.75028	FALSE	NA	NA	NA	NA	NA	NA
NC_045512.2	5054	A	T	1310	345	51	1	0	36	0.000762777	1311	0.750286	FALSE	NA	NA	NA	NA	NA	NA
NC_045512.2	5058	A	T	1412	371	53	1	0	32	0.000707714	1413	0.750265	FALSE	NA	NA	NA	NA	NA	NA
NC_045512.2	5061	T	A	1415	389	53	1	0	68	0.000706215	1416	0.500177	FALSE	NA	NA	NA	NA	NA	NA
NC_045512.2	5063	G	T	1463	404	53	1	1	36	0.00068306	1464	0.750256	FALSE	NA	NA	NA	NA	NA	NA
NC_045512.2	5068	A	T	1844	507	53	1	0	32	0.000542005	1845	0.750203	FALSE	NA	NA	NA	NA	NA	NA
NC_045512.2	5071	T	C	1834	548	54	11	2	46	0.00596206	1845	0.000482475	TRUE	NA	NA	NA	NA	NA	NA
NC_045512.2	5076	T	C	1888	579	55	1	0	72	0.000529381	1889	0.500132	FALSE	NA	NA	NA	NA	NA	NA
NC_045512.2	5078	A	G	1905	595	56	2	0	36	0.00104877	1907	0.500197	FALSE	NA	NA	NA	NA	NA	NA
NC_045512.2	5080	T	C	1908	597	56	1	0	36	0.000523834	1909	0.750196	FALSE	NA	NA	NA	NA	NA	NA
NC_045512.2	5080	T	+A	1908	597	56	1	0	20	0.000523834	1909	0.999999	FALSE	NA	NA	NA	NA	NA	NA
NC_045512.2	5082	A	G	1937	613	57	1	0	36	0.000515996	1938	0.750194	FALSE	NA	NA	NA	NA	NA	NA
NC_045512.2	5083	A	T	1975	618	57	1	0	32	0.000505817	1977	0.750063	FALSE	NA	NA	NA	NA	NA	NA
NC_045512.2	5083	A	G	1975	618	57	1	1	72	0.000505817	1977	0.5	FALSE	NA	NA	NA	NA	NA	NA
NC_045512.2	5084	A	G	1976	621	56	1	1	63	0.000505817	1977	0.500126	FALSE	NA	NA	NA	NA	NA	NA
NC_045512.2	5090	C	T	2028	647	56	1	0	72	0.000492854	2029	0.500123	FALSE	NA	NA	NA	NA	NA	NA
NC_045512.2	5097	A	G	2088	696	58	1	0	36	0.000478698	2089	0.87518	FALSE	NA	NA	NA	NA	NA	NA
NC_045512.2	5099	T	A	2079	698	58	1	1	72	0.000480769	2080	0.50012	FALSE	NA	NA	NA	NA	NA	NA
NC_045512.2	5101	A	T	2080	703	58	1	1	36	0.000480538	2081	0.87518	FALSE	NA	NA	NA	NA	NA	NA
NC_045512.2	5104	T	A	2100	707	58	1	1	28	0.000475964	2101	1	FALSE	NA	NA	NA	NA	NA	NA
NC_045512.2	5108	G	T	2109	718	56	1	0	36	0.000473934	2110	0.875178	FALSE	NA	NA	NA	NA	NA	NA
NC_045512.2	5109	G	A	2106	727	57	1	0	72	0.000474608	2107	0.500119	FALSE	NA	NA	NA	NA	NA	NA
NC_045512.2	5112	A	G	2052	740	57	1	0	72	0.000487092	2053	0.500122	FALSE	NA	NA	NA	NA	NA	NA
NC_045512.2	5113	A	T	2037	757	57	1	0	72	0.000490677	2038	0.500123	FALSE	NA	NA	NA	NA	NA	NA
NC_045512.2	5118	T	C	2174	736	54	1	0	36	0.00045977	2175	0.875172	FALSE	NA	NA	NA	NA	NA	NA
NC_045512.2	5121	A	T	2199	756	55	1	0	36	0.000454545	2200	0.87517	FALSE	NA	NA	NA	NA	NA	NA
NC_045512.2	5122	T	C	2203	760	55	1	0	72	0.000453721	2204	0.500113	FALSE	NA	NA	NA	NA	NA	NA
NC_045512.2	5123	G	-TT	2229	765	54	1	0	20	0.000448632	2229	1	FALSE	NA	NA	NA	NA	NA	NA
NC_045512.2	5123	G	-T	2229	765	54	1	0	20	0.000448632	2229	1	FALSE	NA	NA	NA	NA	NA	NA
NC_045512.2	5124	T	G	2153	724	54	1	0	72	0.000463822	2156	0.499652	FALSE	NA	NA	NA	NA	NA	NA
NC_045512.2	5124	T	C	2153	724	54	1	0	68	0.000463822	2156	0.499652	FALSE	NA	NA	NA	NA	NA	NA
NC_045512.2	5124	T	A	2153	724	54	1	0	72	0.000463822	2156	0.499652	FALSE	NA	NA	NA	NA	NA	NA
NC_045512.2	5128	A	T	2184	719	52	1	0	36	0.000457666	2185	0.875172	FALSE	NA	NA	NA	NA	NA	NA
NC_045512.2	5129	C	G	2226	789	54	1	0	32	0.000449035	2227	0.875168	FALSE	NA	NA	NA	NA	NA	NA
NC_045512.2	5134	T	C	2296	865	53	1	0	36	0.00043535	2297	0.875163	FALSE	NA	NA	NA	NA	NA	NA
NC_045512.2	5136	A	T	2329	874	53	1	0	72	0.000429185	2330	0.500107	FALSE	NA	NA	NA	NA	NA	NA
NC_045512.2	5139	A	G	2277	893	53	1	0	72	0.000438982	2278	0.50011	FALSE	NA	NA	NA	NA	NA	NA
NC_045512.2	5139	A	-C	2277	893	53	1	0	20	0.000438982	2278	1	FALSE	NA	NA	NA	NA	NA	NA
NC_045512.2	5147	C	T	2470	975	52	2	1	54	0.000809061	2472	0.250051	FALSE	NA	NA	NA	NA	NA	NA
NC_045512.2	5152	T	C	2359	894	51	1	0	72	0.000423729	2360	0.500106	FALSE	NA	NA	NA	NA	NA	NA
NC_045512.2	5158	T	C	2356	932	52	1	0	72	0.000424268	2357	0.500106	FALSE	NA	NA	NA	NA	NA	NA
NC_045512.2	5161	T	A	2381	956	52	1	0	36	0.000419815	2382	0.875157	FALSE	NA	NA	NA	NA	NA	NA
NC_045512.2	5163	A	G	2456	989	51	1	0	36	0.000407	2457	0.875153	FALSE	NA	NA	NA	NA	NA	NA
NC_045512.2	5164	G	A	2511	1002	51	1	1	36	0.000398089	2512	0.875149	FALSE	NA	NA	NA	NA	NA	NA
NC_045512.2	5165	T	A	2485	995	52	1	0	72	0.000402253	2486	0.500101	FALSE	NA	NA	NA	NA	NA	NA
NC_045512.2	5167	C	A	2577	1033	51	1	0	32	0.000387898	2578	0.875145	FALSE	NA	NA	NA	NA	NA	NA
NC_045512.2	5171	C	A	2548	1021	50	1	0	32	0.000392311	2549	0.875147	FALSE	NA	NA	NA	NA	NA	NA
NC_045512.2	5172	A	T	2556	1032	50	1	1	32	0.00039093	2558	0.875073	FALSE	NA	NA	NA	NA	NA	NA
NC_045512.2	5172	A	G	2556	1032	50	1	1	32	0.00039093	2558	0.875073	FALSE	NA	NA	NA	NA	NA	NA
NC_045512.2	5175	C	T	2619	1052	50	1	1	68	0.000381679	2620	0.500095	FALSE	NA	NA	NA	NA	NA	NA
NC_045512.2	5179	T	-G	2356	889	50	1	0	20	0.000424448	2356	1	FALSE	NA	NA	NA	NA	NA	NA
NC_045512.2	5182	T	C	2371	904	50	1	1	32	0.000421585	2372	0.875158	FALSE	NA	NA	NA	NA	NA	NA
NC_045512.2	5186	A	G	2310	903	50	1	0	36	0.000432713	2311	0.875162	FALSE	NA	NA	NA	NA	NA	NA
NC_045512.2	5188	T	A	2317	908	50	1	0	32	0.000431406	2318	0.875162	FALSE	NA	NA	NA	NA	NA	NA
NC_045512.2	5193	T	C	2335	951	50	1	0	32	0.000428082	2336	0.875161	FALSE	NA	NA	NA	NA	NA	NA
NC_045512.2	5194	G	A	2405	974	50	1	0	72	0.000415628	2406	0.500104	FALSE	NA	NA	NA	NA	NA	NA
NC_045512.2	5195	G	A	2429	991	50	1	0	36	0.000411523	2430	0.875154	FALSE	NA	NA	NA	NA	NA	NA
NC_045512.2	5197	T	C	2443	1034	51	1	1	72	0.000409165	2444	0.500102	FALSE	NA	NA	NA	NA	NA	NA
NC_045512.2	5198	A	G	2482	1057	51	1	0	36	0.000402739	2483	0.875151	FALSE	NA	NA	NA	NA	NA	NA
NC_045512.2	5200	G	A	2755	1134	51	1	0	32	0.000362845	2756	0.875136	FALSE	NA	NA	NA	NA	NA	NA
NC_045512.2	5201	T	C	2750	1136	51	1	1	36	0.000363372	2752	0.875068	FALSE	NA	NA	NA	NA	NA	NA
NC_045512.2	5201	T	A	2750	1136	51	1	0	32	0.000363372	2752	0.875068	FALSE	NA	NA	NA	NA	NA	NA
NC_045512.2	5202	A	T	2757	1151	51	1	1	72	0.000362582	2758	0.500091	FALSE	NA	NA	NA	NA	NA	NA
NC_045512.2	5203	C	A	2724	1127	51	1	1	36	0.000366972	2725	0.875138	FALSE	NA	NA	NA	NA	NA	NA
NC_045512.2	5205	T	C	2729	1120	51	1	1	72	0.0003663	2730	0.500092	FALSE	NA	NA	NA	NA	NA	NA
NC_045512.2	5207	T	A	2708	1115	51	1	0	72	0.00036914	2709	0.500092	FALSE	NA	NA	NA	NA	NA	NA
NC_045512.2	5208	C	A	2713	1143	52	1	1	36	0.00036846	2714	0.875138	FALSE	NA	NA	NA	NA	NA	NA
NC_045512.2	5210	G	T	2609	1025	51	1	1	36	0.000382848	2612	0.875	FALSE	NA	NA	NA	NA	NA	NA
NC_045512.2	5210	G	A	2609	1025	51	2	1	34	0.000765697	2612	0.687572	FALSE	NA	NA	NA	NA	NA	NA
NC_045512.2	5214	T	C	2593	1049	52	1	1	35	0.000385505	2594	0.875145	FALSE	NA	NA	NA	NA	NA	NA
NC_045512.2	5214	T	-A	2593	1049	52	1	0	20	0.000385505	2594	1	FALSE	NA	NA	NA	NA	NA	NA
NC_045512.2	5215	A	G	2600	1080	52	1	0	36	0.000384468	2601	0.875072	FALSE	NA	NA	NA	NA	NA	NA
NC_045512.2	5224	T	A	2476	1034	51	1	1	72	0.000403714	2477	0.500101	FALSE	NA	NA	NA	NA	NA	NA
NC_045512.2	5224	T	-A	2476	1034	51	2	0	20	0.000807428	2477	1	FALSE	NA	NA	NA	NA	NA	NA
NC_045512.2	5225	A	G	2434	1110	50	1	0	72	0.000410678	2435	0.499897	FALSE	NA	NA	NA	NA	NA	NA
NC_045512.2	5229	A	G	2456	1121	51	1	1	32	0.000407	2457	0.875153	FALSE	NA	NA	NA	NA	NA	NA
NC_045512.2	5230	G	T	2444	1119	51	1	1	36	0.000408998	2445	0.875153	FALSE	NA	NA	NA	NA	NA	NA
NC_045512.2	5233	G	T	2424	1128	51	1	0	36	0.000412371	2425	0.875155	FALSE	NA	NA	NA	NA	NA	NA
NC_045512.2	5235	A	G	2398	1138	51	1	1	72	0.00041684	2399	0.500104	FALSE	NA	NA	NA	NA	NA	NA
NC_045512.2	5236	A	G	2393	1141	51	1	0	36	0.000417711	2394	0.875157	FALSE	NA	NA	NA	NA	NA	NA
NC_045512.2	5238	A	-C	2387	1146	51	1	0	20	0.000418936	2387	1	FALSE	NA	NA	NA	NA	NA	NA
NC_045512.2	5240	C	A	2349	1143	50	1	0	36	0.000425532	2350	0.87516	FALSE	NA	NA	NA	NA	NA	NA
NC_045512.2	5241	C	T	2329	1152	49	1	0	36	0.000429185	2330	0.875161	FALSE	NA	NA	NA	NA	NA	NA
NC_045512.2	5242	A	T	2317	1149	50	1	0	27	0.000431406	2318	1	FALSE	NA	NA	NA	NA	NA	NA
NC_045512.2	5243	C	T	2310	1156	50	2	1	45	0.000865052	2312	0.250054	FALSE	NA	NA	NA	NA	NA	NA
NC_045512.2	5245	A	T	2295	1165	50	1	1	72	0.00043554	2296	0.500109	FALSE	NA	NA	NA	NA	NA	NA
NC_045512.2	5246	G	T	2288	1169	50	1	0	72	0.000436872	2289	0.500109	FALSE	NA	NA	NA	NA	NA	NA
NC_045512.2	5249	A	G	2135	1122	48	1	1	32	0.000468165	2136	0.875176	FALSE	NA	NA	NA	NA	NA	NA
NC_045512.2	5251	T	A	2171	1129	49	3	3	36	0.00137994	2174	0.500216	FALSE	NA	NA	NA	NA	NA	NA
NC_045512.2	5252	G	T	2146	1130	49	1	1	36	0.000465766	2147	0.875175	FALSE	NA	NA	NA	NA	NA	NA
NC_045512.2	5254	T	G	1976	1003	48	1	0	32	0.000505817	1977	0.75019	FALSE	NA	NA	NA	NA	NA	NA
NC_045512.2	5256	T	C	2002	1047	49	1	0	36	0.000499002	2004	0.875094	FALSE	NA	NA	NA	NA	NA	NA
NC_045512.2	5256	T	A	2002	1047	49	1	1	72	0.000499002	2004	0.5	FALSE	NA	NA	NA	NA	NA	NA
NC_045512.2	5260	T	A	1988	1059	49	2	2	50	0.00100503	1990	0.250063	FALSE	NA	NA	NA	NA	NA	NA
NC_045512.2	5263	T	C	1855	982	47	1	0	72	0.000538793	1856	0.500135	FALSE	NA	NA	NA	NA	NA	NA
NC_045512.2	5264	A	T	2411	1391	47	2	1	36	0.000828844	2413	0.687733	FALSE	NA	NA	NA	NA	NA	NA
NC_045512.2	5266	T	C	2404	1374	47	1	0	72	0.000415628	2406	0.5	FALSE	NA	NA	NA	NA	NA	NA
NC_045512.2	5266	T	A	2404	1374	47	1	1	36	0.000415628	2406	0.875078	FALSE	NA	NA	NA	NA	NA	NA
NC_045512.2	5267	A	G	2397	1480	45	1	0	36	0.000417014	2398	0.875156	FALSE	NA	NA	NA	NA	NA	NA
NC_045512.2	5269	A	T	2412	1484	46	1	0	36	0.000414422	2413	0.875155	FALSE	NA	NA	NA	NA	NA	NA
NC_045512.2	5271	G	A	2387	1481	45	1	1	72	0.00041876	2388	0.500105	FALSE	NA	NA	NA	NA	NA	NA
NC_045512.2	5274	C	T	2377	1598	44	1	0	32	0.000420521	2378	0.875158	FALSE	NA	NA	NA	NA	NA	NA
NC_045512.2	5279	A	G	2527	1674	46	2	0	68	0.000790826	2529	0.250049	FALSE	NA	NA	NA	NA	NA	NA
NC_045512.2	5281	C	G	2555	1682	45	1	1	72	0.000391236	2556	0.500098	FALSE	NA	NA	NA	NA	NA	NA
NC_045512.2	5286	G	T	2525	1619	44	1	1	72	0.000395883	2526	0.500099	FALSE	NA	NA	NA	NA	NA	NA
NC_045512.2	5286	G	-T	2525	1619	44	1	0	20	0.000395883	2526	1	FALSE	NA	NA	NA	NA	NA	NA
NC_045512.2	5287	T	C	2437	1547	45	1	1	36	0.000410172	2438	0.875077	FALSE	NA	NA	NA	NA	NA	NA
NC_045512.2	5288	T	C	2207	1346	45	4	3	42	0.00180914	2211	0.0624717	FALSE	NA	NA	NA	NA	NA	NA
NC_045512.2	5290	T	A	2178	1323	45	1	1	32	0.000458926	2179	0.875172	FALSE	NA	NA	NA	NA	NA	NA
NC_045512.2	5292	T	C	2135	1297	45	1	0	36	0.000468165	2136	0.875176	FALSE	NA	NA	NA	NA	NA	NA
NC_045512.2	5293	T	A	2078	1246	45	1	1	32	0.000481	2079	0.87518	FALSE	NA	NA	NA	NA	NA	NA
NC_045512.2	5294	G	-C	2076	1246	44	1	0	20	0.000481696	2076	1	FALSE	NA	NA	NA	NA	NA	NA
NC_045512.2	5296	C	T	2072	1259	44	1	1	36	0.000482393	2073	0.875181	FALSE	NA	NA	NA	NA	NA	NA
NC_045512.2	5299	T	A	1718	1014	44	1	0	68	0.000581734	1719	0.500145	FALSE	NA	NA	NA	NA	NA	NA
NC_045512.2	5300	G	T	1788	1024	42	1	0	72	0.000558659	1790	0.5	FALSE	NA	NA	NA	NA	NA	NA
NC_045512.2	5300	G	A	1788	1024	42	1	1	50	0.000558659	1790	0.5	FALSE	NA	NA	NA	NA	NA	NA
NC_045512.2	5304	T	G	1853	1066	44	1	1	32	0.000539374	1854	0.750202	FALSE	NA	NA	NA	NA	NA	NA
NC_045512.2	5308	A	T	1918	1104	45	2	0	34	0.00104167	1920	0.500195	FALSE	NA	NA	NA	NA	NA	NA
NC_045512.2	5312	C	G	1948	1122	45	1	0	36	0.000513084	1949	0.750192	FALSE	NA	NA	NA	NA	NA	NA
NC_045512.2	5313	T	C	1945	1121	45	1	1	36	0.000513611	1947	0.750064	FALSE	NA	NA	NA	NA	NA	NA
NC_045512.2	5313	T	A	1945	1121	45	1	1	36	0.000513611	1947	0.750064	FALSE	NA	NA	NA	NA	NA	NA
NC_045512.2	5318	C	T	2008	1161	45	1	0	36	0.00049776	2009	0.875187	FALSE	NA	NA	NA	NA	NA	NA
NC_045512.2	5318	C	-A	2008	1161	45	1	0	20	0.00049776	2009	1	FALSE	NA	NA	NA	NA	NA	NA
NC_045512.2	5318	C	+A	2008	1161	45	1	0	20	0.00049776	2009	1	FALSE	NA	NA	NA	NA	NA	NA
NC_045512.2	5321	A	G	2008	1162	44	1	0	21	0.00049776	2009	1	FALSE	NA	NA	NA	NA	NA	NA
NC_045512.2	5322	T	C	2014	1172	45	3	1	48	0.00148736	2017	0.125	FALSE	NA	NA	NA	NA	NA	NA
NC_045512.2	5324	G	A	2034	1200	45	1	1	72	0.0004914	2035	0.500123	FALSE	NA	NA	NA	NA	NA	NA
NC_045512.2	5329	G	-A	2072	1272	45	1	0	20	0.000482625	2072	1	FALSE	NA	NA	NA	NA	NA	NA
NC_045512.2	5331	A	T	2085	1299	45	1	1	36	0.000479386	2086	0.87518	FALSE	NA	NA	NA	NA	NA	NA
NC_045512.2	5334	T	C	2161	1340	46	1	0	36	0.000462535	2162	0.875173	FALSE	NA	NA	NA	NA	NA	NA
NC_045512.2	5335	T	C	2185	1370	46	1	0	32	0.000457457	2186	0.875172	FALSE	NA	NA	NA	NA	NA	NA
NC_045512.2	5337	A	T	2180	1379	46	1	0	68	0.000458295	2182	0.5	FALSE	NA	NA	NA	NA	NA	NA
NC_045512.2	5337	A	G	2180	1379	46	1	1	72	0.000458295	2182	0.5	FALSE	NA	NA	NA	NA	NA	NA
NC_045512.2	5344	T	C	2072	1299	46	1	1	32	0.000482393	2073	0.875181	FALSE	NA	NA	NA	NA	NA	NA
NC_045512.2	5345	G	T	2138	1312	46	1	1	32	0.00046729	2140	0.875088	FALSE	NA	NA	NA	NA	NA	NA
NC_045512.2	5345	G	C	2138	1312	46	1	0	36	0.00046729	2140	0.875088	FALSE	NA	NA	NA	NA	NA	NA
NC_045512.2	5347	T	C	2116	1297	46	3	1	33	0.00141576	2119	0.500221	FALSE	NA	NA	NA	NA	NA	NA
NC_045512.2	5349	T	A	2139	1303	46	1	1	36	0.00046729	2140	0.875175	FALSE	NA	NA	NA	NA	NA	NA
NC_045512.2	5350	A	G	2163	1309	46	1	0	36	0.000462107	2164	0.875173	FALSE	NA	NA	NA	NA	NA	NA
NC_045512.2	5355	A	T	2074	1245	46	1	1	32	0.000481928	2075	0.875181	FALSE	NA	NA	NA	NA	NA	NA
NC_045512.2	5356	T	C	2068	1236	47	1	1	36	0.000483325	2069	0.875181	FALSE	NA	NA	NA	NA	NA	NA
NC_045512.2	5360	T	C	2053	1080	47	1	0	32	0.000486855	2054	0.875183	FALSE	NA	NA	NA	NA	NA	NA
NC_045512.2	5362	T	C	2095	1091	47	1	0	68	0.000477099	2096	0.500119	FALSE	NA	NA	NA	NA	NA	NA
NC_045512.2	5363	T	C	2093	1094	47	2	1	54	0.000954654	2095	0.25006	FALSE	NA	NA	NA	NA	NA	NA
NC_045512.2	5364	A	T	2075	1095	47	1	0	36	0.000481696	2076	0.875181	FALSE	NA	NA	NA	NA	NA	NA
NC_045512.2	5365	C	A	2079	1101	47	1	0	63	0.000480769	2080	0.50012	FALSE	NA	NA	NA	NA	NA	NA
NC_045512.2	5366	A	G	1839	903	47	1	0	27	0.000543478	1840	0.999998	FALSE	NA	NA	NA	NA	NA	NA
NC_045512.2	5367	G	T	1906	909	47	1	1	32	0.000524109	1908	0.750066	FALSE	NA	NA	NA	NA	NA	NA
NC_045512.2	5367	G	C	1906	909	47	1	1	32	0.000524109	1908	0.750066	FALSE	NA	NA	NA	NA	NA	NA
NC_045512.2	5371	A	G	1826	858	47	1	1	36	0.000547345	1827	0.750205	FALSE	NA	NA	NA	NA	NA	NA
NC_045512.2	5372	A	T	1826	860	47	3	1	34	0.00164024	1829	0.312603	FALSE	NA	NA	NA	NA	NA	NA
NC_045512.2	5374	G	A	1863	871	47	1	0	32	0.000536481	1864	0.750201	FALSE	NA	NA	NA	NA	NA	NA
NC_045512.2	5377	T	G	1781	813	47	2	0	34	0.0011217	1783	0.50021	FALSE	NA	NA	NA	NA	NA	NA
NC_045512.2	5378	G	A	1791	820	47	1	1	36	0.000558036	1792	0.750209	FALSE	NA	NA	NA	NA	NA	NA
NC_045512.2	5380	T	A	1768	825	48	1	1	32	0.000565291	1769	0.750212	FALSE	NA	NA	NA	NA	NA	NA
NC_045512.2	5382	A	T	1778	864	49	1	1	36	0.000562114	1779	0.750211	FALSE	NA	NA	NA	NA	NA	NA
NC_045512.2	5385	C	T	1765	858	49	1	1	68	0.000566251	1766	0.500142	FALSE	NA	NA	NA	NA	NA	NA
NC_045512.2	5387	G	A	1761	854	49	1	1	36	0.000567537	1762	0.750213	FALSE	NA	NA	NA	NA	NA	NA
NC_045512.2	5389	T	C	1757	868	50	1	0	36	0.000568828	1758	0.750213	FALSE	NA	NA	NA	NA	NA	NA
NC_045512.2	5400	C	A	1776	893	49	1	0	72	0.000562746	1777	0.500141	FALSE	NA	NA	NA	NA	NA	NA
NC_045512.2	5407	C	T	1886	925	49	1	0	36	0.000529942	1887	0.750199	FALSE	NA	NA	NA	NA	NA	NA
NC_045512.2	5408	T	C	1867	916	49	1	0	36	0.000535332	1868	0.750201	FALSE	NA	NA	NA	NA	NA	NA
NC_045512.2	5412	C	A	1884	954	47	1	1	36	0.000530504	1885	0.750199	FALSE	NA	NA	NA	NA	NA	NA
NC_045512.2	5416	C	T	1740	837	50	1	0	32	0.000574053	1742	0.750072	FALSE	NA	NA	NA	NA	NA	NA
NC_045512.2	5416	C	A	1740	837	50	1	1	36	0.000574053	1742	0.750072	FALSE	NA	NA	NA	NA	NA	NA
NC_045512.2	5417	T	A	1749	848	50	1	1	36	0.000571429	1750	0.750214	FALSE	NA	NA	NA	NA	NA	NA
NC_045512.2	5418	G	T	1916	878	49	1	0	32	0.000521648	1917	0.750196	FALSE	NA	NA	NA	NA	NA	NA
NC_045512.2	5421	A	G	1898	881	49	1	0	32	0.000526593	1899	0.750198	FALSE	NA	NA	NA	NA	NA	NA
NC_045512.2	5423	A	G	1893	896	49	1	1	36	0.000527983	1894	0.750198	FALSE	NA	NA	NA	NA	NA	NA
NC_045512.2	5424	A	T	1887	895	49	1	1	72	0.000529661	1888	0.500132	FALSE	NA	NA	NA	NA	NA	NA
NC_045512.2	5425	G	T	1925	898	49	1	1	32	0.000519211	1926	0.750195	FALSE	NA	NA	NA	NA	NA	NA
NC_045512.2	5426	A	T	1923	900	49	1	1	32	0.000519751	1924	0.750195	FALSE	NA	NA	NA	NA	NA	NA
NC_045512.2	5428	A	T	1742	742	49	1	1	36	0.000573723	1743	0.750215	FALSE	NA	NA	NA	NA	NA	NA
NC_045512.2	5429	G	A	1798	756	49	1	0	36	0.000555864	1799	0.750209	FALSE	NA	NA	NA	NA	NA	NA
NC_045512.2	5431	A	T	1817	775	49	1	0	48	0.000550055	1818	0.500138	FALSE	NA	NA	NA	NA	NA	NA
NC_045512.2	5432	G	A	1854	781	49	2	1	52	0.00107759	1856	0.250067	FALSE	NA	NA	NA	NA	NA	NA
NC_045512.2	5443	T	C	1895	933	53	1	1	72	0.000527426	1896	0.500132	FALSE	NA	NA	NA	NA	NA	NA
NC_045512.2	5446	T	A	1911	982	56	1	1	36	0.000523013	1912	0.750196	FALSE	NA	NA	NA	NA	NA	NA
NC_045512.2	5447	G	T	1912	993	55	2	1	54	0.00104493	1914	0.250065	FALSE	NA	NA	NA	NA	NA	NA
NC_045512.2	5448	T	G	1899	990	55	1	1	36	0.000526316	1900	0.750197	FALSE	NA	NA	NA	NA	NA	NA
NC_045512.2	5453	G	T	1903	1100	55	1	1	36	0.00052521	1904	0.750197	FALSE	NA	NA	NA	NA	NA	NA
NC_045512.2	5454	A	G	1872	1100	55	1	1	72	0.000533903	1873	0.500134	FALSE	NA	NA	NA	NA	NA	NA
NC_045512.2	5456	A	-C	1892	1119	55	1	0	20	0.000528541	1892	0.999998	FALSE	NA	NA	NA	NA	NA	NA
NC_045512.2	5460	T	A	1930	1156	55	1	0	36	0.000517866	1931	0.750194	FALSE	NA	NA	NA	NA	NA	NA
NC_045512.2	5469	T	A	1991	1205	56	1	1	36	0.000502008	1992	0.750188	FALSE	NA	NA	NA	NA	NA	NA
NC_045512.2	5471	T	A	1946	1169	56	1	1	72	0.000513611	1947	0.500128	FALSE	NA	NA	NA	NA	NA	NA
NC_045512.2	5473	T	A	1967	1217	57	1	0	46	0.00050813	1968	0.500127	FALSE	NA	NA	NA	NA	NA	NA
NC_045512.2	5473	T	-C	1967	1217	57	1	0	20	0.00050813	1968	0.999999	FALSE	NA	NA	NA	NA	NA	NA
NC_045512.2	5475	A	T	1978	1238	57	1	0	68	0.000505306	1979	0.500126	FALSE	NA	NA	NA	NA	NA	NA
NC_045512.2	5477	C	T	1980	1250	57	1	1	53	0.000504796	1981	0.500126	FALSE	NA	NA	NA	NA	NA	NA
NC_045512.2	5481	C	T	1940	1229	57	1	1	72	0.000515198	1941	0.500129	FALSE	NA	NA	NA	NA	NA	NA
NC_045512.2	5482	C	T	1937	1237	57	2	1	54	0.00103146	1939	0.250064	FALSE	NA	NA	NA	NA	NA	NA
NC_045512.2	5483	A	T	1928	1240	57	2	1	54	0.00103627	1930	0.250065	FALSE	NA	NA	NA	NA	NA	NA
NC_045512.2	5484	A	-T	1947	1257	57	1	0	20	0.000513611	1947	0.999999	FALSE	NA	NA	NA	NA	NA	NA
NC_045512.2	5488	A	G	1929	1255	56	1	1	36	0.000518135	1930	0.750194	FALSE	NA	NA	NA	NA	NA	NA
NC_045512.2	5489	G	A	1929	1260	57	1	1	72	0.000518135	1930	0.50013	FALSE	NA	NA	NA	NA	NA	NA
NC_045512.2	5491	T	C	1926	1270	56	1	0	36	0.000518941	1927	0.750195	FALSE	NA	NA	NA	NA	NA	NA
NC_045512.2	5494	T	C	1865	1225	56	1	1	36	0.000535906	1866	0.750201	FALSE	NA	NA	NA	NA	NA	NA
NC_045512.2	5497	C	T	1873	1241	56	1	1	36	0.000533618	1874	0.7502	FALSE	NA	NA	NA	NA	NA	NA
NC_045512.2	5505	T	G	1825	1261	54	1	1	36	0.000547645	1826	0.750205	FALSE	NA	NA	NA	NA	NA	NA
NC_045512.2	5514	T	C	1646	1165	53	1	1	36	0.000607165	1647	0.750228	FALSE	NA	NA	NA	NA	NA	NA
NC_045512.2	5520	G	A	1615	1163	53	1	1	72	0.000618812	1616	0.500155	FALSE	NA	NA	NA	NA	NA	NA
NC_045512.2	5521	T	A	1609	1157	53	1	1	72	0.000621118	1610	0.500155	FALSE	NA	NA	NA	NA	NA	NA
NC_045512.2	5524	A	C	1600	1183	51	1	0	63	0.00062461	1601	0.500156	FALSE	NA	NA	NA	NA	NA	NA
NC_045512.2	5531	G	A	1356	1021	51	1	1	36	0.00073692	1357	0.750276	FALSE	NA	NA	NA	NA	NA	NA
NC_045512.2	5532	G	A	1356	1023	51	1	1	36	0.00073692	1357	0.750276	FALSE	NA	NA	NA	NA	NA	NA
NC_045512.2	5534	C	T	1352	1023	51	1	1	36	0.000739098	1353	0.750277	FALSE	NA	NA	NA	NA	NA	NA
NC_045512.2	5536	A	C	1309	994	51	1	1	68	0.000763359	1310	0.500191	FALSE	NA	NA	NA	NA	NA	NA
NC_045512.2	5542	G	A	1213	954	48	1	0	72	0.000823723	1214	0.500206	FALSE	NA	NA	NA	NA	NA	NA
NC_045512.2	5543	A	G	1176	943	47	1	1	36	0.000849618	1177	0.750319	FALSE	NA	NA	NA	NA	NA	NA
NC_045512.2	5556	G	T	772	652	44	1	0	64	0.00129366	773	0.500324	FALSE	NA	NA	NA	NA	NA	NA
NC_045512.2	5567	G	C	159	131	47	1	1	32	0.00625	160	0.501567	FALSE	NA	NA	NA	NA	NA	NA
NC_045512.2	5573	T	C	106	88	45	1	1	68	0.00925926	108	0.5	FALSE	NA	NA	NA	NA	NA	NA
NC_045512.2	5573	T	A	106	88	45	1	0	68	0.00925926	108	0.5	FALSE	NA	NA	NA	NA	NA	NA
NC_045512.2	5656	A	T	10	4	57	1	0	72	0.0909091	11	0.52381	FALSE	NA	NA	NA	NA	NA	NA
NC_045512.2	5743	G	C	9	9	38	1	1	36	0.1	10	0.526316	FALSE	NA	NA	NA	NA	NA	NA
NC_045512.2	5744	T	C	9	9	38	1	1	32	0.1	10	0.526316	FALSE	NA	NA	NA	NA	NA	NA
NC_045512.2	5830	G	A	144	39	53	1	1	28	0.00689655	145	0.752595	FALSE	NA	NA	NA	NA	NA	NA
NC_045512.2	5853	T	C	200	54	53	1	1	72	0.00497512	201	0.501247	FALSE	NA	NA	NA	NA	NA	NA
NC_045512.2	5870	A	T	207	57	53	1	1	68	0.00480769	208	0.501205	FALSE	NA	NA	NA	NA	NA	NA
NC_045512.2	5880	G	A	209	60	54	1	0	68	0.0047619	210	0.501193	FALSE	NA	NA	NA	NA	NA	NA
NC_045512.2	5887	A	G	203	58	54	1	1	68	0.00490196	204	0.501229	FALSE	NA	NA	NA	NA	NA	NA
NC_045512.2	5980	T	A	327	131	44	1	1	36	0.00304878	328	0.500763	FALSE	NA	NA	NA	NA	NA	NA
NC_045512.2	5984	T	G	339	135	44	1	0	32	0.00294118	340	0.500736	FALSE	NA	NA	NA	NA	NA	NA
NC_045512.2	5992	G	C	386	161	45	1	0	68	0.00258398	387	0.500647	FALSE	NA	NA	NA	NA	NA	NA
NC_045512.2	5998	A	G	400	166	45	1	0	36	0.00249377	401	0.500624	FALSE	NA	NA	NA	NA	NA	NA
NC_045512.2	6007	T	G	373	149	46	1	1	64	0.0026738	374	0.500669	FALSE	NA	NA	NA	NA	NA	NA
NC_045512.2	6032	G	T	348	151	46	1	0	72	0.00286533	349	0.500717	FALSE	NA	NA	NA	NA	NA	NA
NC_045512.2	6040	C	G	345	161	47	1	1	27	0.00289017	346	0.938403	FALSE	NA	NA	NA	NA	NA	NA
NC_045512.2	6053	T	C	370	188	47	1	0	68	0.00269542	371	0.500675	FALSE	NA	NA	NA	NA	NA	NA
NC_045512.2	6078	C	T	367	202	46	2	2	54	0.00542005	369	0.250339	FALSE	NA	NA	NA	NA	NA	NA
NC_045512.2	6080	G	A	370	208	46	1	1	36	0.00269542	371	0.500675	FALSE	NA	NA	NA	NA	NA	NA
NC_045512.2	6085	T	A	379	208	46	1	1	36	0.00263158	380	0.500659	FALSE	NA	NA	NA	NA	NA	NA
NC_045512.2	6087	T	C	362	220	43	1	0	68	0.00275482	363	0.50069	FALSE	NA	NA	NA	NA	NA	NA
NC_045512.2	6091	C	A	367	228	44	1	1	72	0.00271739	368	0.50068	FALSE	NA	NA	NA	NA	NA	NA
NC_045512.2	6118	T	C	422	250	46	1	0	32	0.00235849	424	0.5	FALSE	NA	NA	NA	NA	NA	NA
NC_045512.2	6118	T	A	422	250	46	1	1	72	0.00235849	424	0.5	FALSE	NA	NA	NA	NA	NA	NA
NC_045512.2	6119	T	C	424	254	46	1	0	36	0.00235294	425	0.500589	FALSE	NA	NA	NA	NA	NA	NA
NC_045512.2	6121	A	T	429	260	46	1	1	68	0.00232558	430	0.500582	FALSE	NA	NA	NA	NA	NA	NA
NC_045512.2	6134	G	-T	450	261	46	1	0	20	0.00222222	450	0.96944	FALSE	NA	NA	NA	NA	NA	NA
NC_045512.2	6139	A	-T	446	257	47	1	0	20	0.00224215	446	0.969447	FALSE	NA	NA	NA	NA	NA	NA
NC_045512.2	6142	T	A	440	255	47	1	1	36	0.00226757	441	0.500568	FALSE	NA	NA	NA	NA	NA	NA
NC_045512.2	6144	T	C	439	256	46	1	1	36	0.00227273	440	0.500569	FALSE	NA	NA	NA	NA	NA	NA
NC_045512.2	6154	A	T	436	239	49	1	0	36	0.00228833	437	0.500573	FALSE	NA	NA	NA	NA	NA	NA
NC_045512.2	6174	T	A	441	236	50	1	1	36	0.00226244	442	0.500566	FALSE	NA	NA	NA	NA	NA	NA
NC_045512.2	6175	T	C	442	238	50	1	0	72	0.00225734	443	0.500565	FALSE	NA	NA	NA	NA	NA	NA
NC_045512.2	6216	A	T	584	369	45	2	1	36	0.00341297	586	0.250213	FALSE	NA	NA	NA	NA	NA	NA
NC_045512.2	6242	C	T	582	384	46	1	0	72	0.00171527	583	0.500429	FALSE	NA	NA	NA	NA	NA	NA
NC_045512.2	6252	A	G	540	371	45	1	1	36	0.00184843	541	0.500463	FALSE	NA	NA	NA	NA	NA	NA
NC_045512.2	6256	A	T	543	380	45	1	1	72	0.00183824	544	0.50046	FALSE	NA	NA	NA	NA	NA	NA
NC_045512.2	6290	T	A	540	382	46	1	1	72	0.00184843	541	0.500463	FALSE	NA	NA	NA	NA	NA	NA
NC_045512.2	6291	G	T	547	389	46	1	1	36	0.00182482	548	0.500457	FALSE	NA	NA	NA	NA	NA	NA
NC_045512.2	6312	C	-A	282	199	54	1	0	20	0.0035461	282	0.876989	FALSE	NA	NA	NA	NA	NA	NA
NC_045512.2	6321	T	A	246	174	51	1	1	72	0.00404858	247	0.501014	FALSE	NA	NA	NA	NA	NA	NA
NC_045512.2	6582	C	-T	29	3	44	1	0	20	0.0344828	29	0.517241	FALSE	NA	NA	NA	NA	NA	NA
NC_045512.2	6685	T	A	23	12	54	1	1	36	0.0416667	24	0.510638	FALSE	NA	NA	NA	NA	NA	NA
NC_045512.2	6718	T	C	17	12	42	1	0	36	0.0555556	18	0.514286	FALSE	NA	NA	NA	NA	NA	NA
NC_045512.2	6719	A	-C	18	12	41	1	0	20	0.0555556	18	0.527778	FALSE	NA	NA	NA	NA	NA	NA
NC_045512.2	6761	A	-C	4	0	45	1	0	20	0.25	4	0.625	FALSE	NA	NA	NA	NA	NA	NA
NC_045512.2	7124	C	G	13	4	43	1	0	32	0.0714286	14	0.518519	FALSE	NA	NA	NA	NA	NA	NA
NC_045512.2	7430	T	C	25	7	44	3	3	32	0.107143	28	0.124871	FALSE	NA	NA	NA	NA	NA	NA
NC_045512.2	7785	A	T	44	23	49	1	0	36	0.0222222	45	0.505618	FALSE	NA	NA	NA	NA	NA	NA
NC_045512.2	7830	T	A	41	23	47	1	1	72	0.0238095	42	0.506024	FALSE	NA	NA	NA	NA	NA	NA
NC_045512.2	7963	T	A	43	25	56	1	1	72	0.0227273	44	0.505747	FALSE	NA	NA	NA	NA	NA	NA
NC_045512.2	8138	T	G	4	0	34	1	1	32	0.2	5	0.555556	FALSE	NA	NA	NA	NA	NA	NA
NC_045512.2	8254	A	-G	13	10	43	1	0	20	0.0769231	13	0.538462	FALSE	NA	NA	NA	NA	NA	NA
NC_045512.2	8619	C	T	36	20	49	1	0	72	0.027027	37	0.506849	FALSE	NA	NA	NA	NA	NA	NA
NC_045512.2	8694	A	C	77	29	45	1	0	68	0.0128205	78	0.503226	FALSE	NA	NA	NA	NA	NA	NA
NC_045512.2	8698	T	-A	125	43	46	1	0	20	0.008	125	0.754988	FALSE	NA	NA	NA	NA	NA	NA
NC_045512.2	8699	A	-T	145	48	47	1	0	20	0.00684932	146	0.752577	FALSE	NA	NA	NA	NA	NA	NA
NC_045512.2	8702	G	A	157	53	49	1	0	32	0.00632911	158	0.501587	FALSE	NA	NA	NA	NA	NA	NA
NC_045512.2	8744	T	C	272	125	60	1	0	28	0.003663	273	0.876375	FALSE	NA	NA	NA	NA	NA	NA
NC_045512.2	8757	A	G	280	128	60	1	1	72	0.00355872	281	0.500891	FALSE	NA	NA	NA	NA	NA	NA
NC_045512.2	8759	G	A	280	127	60	1	1	72	0.00355872	281	0.500891	FALSE	NA	NA	NA	NA	NA	NA
NC_045512.2	8789	G	A	276	118	57	1	0	72	0.00361011	277	0.500904	FALSE	NA	NA	NA	NA	NA	NA
NC_045512.2	8816	T	C	221	77	53	1	0	36	0.0045045	222	0.501129	FALSE	NA	NA	NA	NA	NA	NA
NC_045512.2	8827	T	C	197	77	49	1	1	32	0.00505051	198	0.501266	FALSE	NA	NA	NA	NA	NA	NA
NC_045512.2	8829	C	G	195	78	48	1	0	32	0.00510204	196	0.501279	FALSE	NA	NA	NA	NA	NA	NA
NC_045512.2	8831	G	A	195	80	48	1	0	36	0.00510204	196	0.501279	FALSE	NA	NA	NA	NA	NA	NA
NC_045512.2	8852	G	T	165	51	44	1	0	32	0.0060241	166	0.501511	FALSE	NA	NA	NA	NA	NA	NA
NC_045512.2	8927	G	-T	333	118	45	1	0	20	0.003003	333	0.938807	FALSE	NA	NA	NA	NA	NA	NA
NC_045512.2	8932	T	C	331	117	45	1	0	36	0.00301205	332	0.500754	FALSE	NA	NA	NA	NA	NA	NA
NC_045512.2	8947	C	T	86	31	43	243	98	46	0.738602	329	1.90136e-106	TRUE	NA	NA	NA	NA	NA	NA
NC_045512.2	8949	T	C	385	147	44	1	0	72	0.00259067	386	0.500649	FALSE	NA	NA	NA	NA	NA	NA
NC_045512.2	8955	A	T	393	140	45	1	0	36	0.00253807	394	0.500635	FALSE	NA	NA	NA	NA	NA	NA
NC_045512.2	8956	C	G	391	139	45	1	0	36	0.00255102	392	0.500639	FALSE	NA	NA	NA	NA	NA	NA
NC_045512.2	8962	A	G	365	122	45	1	0	36	0.00273224	366	0.500684	FALSE	NA	NA	NA	NA	NA	NA
NC_045512.2	8965	A	G	366	123	46	1	1	32	0.0027248	367	0.500682	FALSE	NA	NA	NA	NA	NA	NA
NC_045512.2	9000	C	T	298	111	45	1	0	27	0.00334448	299	0.876255	FALSE	NA	NA	NA	NA	NA	NA
NC_045512.2	9043	T	A	325	204	46	1	0	32	0.00306748	326	0.500768	FALSE	NA	NA	NA	NA	NA	NA
NC_045512.2	9054	T	A	343	210	47	1	1	36	0.00290698	344	0.500728	FALSE	NA	NA	NA	NA	NA	NA
NC_045512.2	9069	A	G	296	177	48	1	0	32	0.003367	297	0.500843	FALSE	NA	NA	NA	NA	NA	NA
NC_045512.2	9070	T	A	296	177	48	1	1	36	0.003367	297	0.500843	FALSE	NA	NA	NA	NA	NA	NA
NC_045512.2	9082	A	T	319	194	46	1	1	36	0.003125	320	0.500782	FALSE	NA	NA	NA	NA	NA	NA
NC_045512.2	9089	T	C	334	194	46	1	0	72	0.00298507	335	0.500747	FALSE	NA	NA	NA	NA	NA	NA
NC_045512.2	9106	T	G	353	223	48	1	1	36	0.00282486	354	0.500707	FALSE	NA	NA	NA	NA	NA	NA
NC_045512.2	9114	C	T	419	263	50	1	0	32	0.00238095	420	0.500596	FALSE	NA	NA	NA	NA	NA	NA
NC_045512.2	9115	T	A	420	262	51	1	0	32	0.0023753	421	0.500595	FALSE	NA	NA	NA	NA	NA	NA
NC_045512.2	9117	A	T	521	286	49	1	1	72	0.00191571	522	0.500479	FALSE	NA	NA	NA	NA	NA	NA
NC_045512.2	9128	G	A	698	313	50	1	1	36	0.00143062	699	0.500358	FALSE	NA	NA	NA	NA	NA	NA
NC_045512.2	9129	T	A	686	305	51	1	1	36	0.0014556	687	0.500364	FALSE	NA	NA	NA	NA	NA	NA
NC_045512.2	9132	T	-C	730	301	50	1	0	20	0.00136986	730	0.99621	FALSE	NA	NA	NA	NA	NA	NA
NC_045512.2	9135	T	A	743	322	52	1	1	72	0.00134409	744	0.500336	FALSE	NA	NA	NA	NA	NA	NA
NC_045512.2	9138	A	G	748	322	52	1	1	32	0.00133511	749	0.500334	FALSE	NA	NA	NA	NA	NA	NA
NC_045512.2	9140	G	A	752	319	52	1	0	36	0.00132802	753	0.500332	FALSE	NA	NA	NA	NA	NA	NA
NC_045512.2	9142	C	T	781	330	52	1	1	36	0.00127551	784	0.499681	FALSE	NA	NA	NA	NA	NA	NA
NC_045512.2	9142	C	A	781	330	52	2	1	72	0.00255102	784	0.24984	FALSE	NA	NA	NA	NA	NA	NA
NC_045512.2	9164	A	T	850	380	56	1	0	32	0.00117509	851	0.500294	FALSE	NA	NA	NA	NA	NA	NA
NC_045512.2	9172	T	A	820	371	56	1	0	36	0.00121803	821	0.500305	FALSE	NA	NA	NA	NA	NA	NA
NC_045512.2	9174	A	G	822	374	56	1	0	28	0.00121507	823	0.9981	FALSE	NA	NA	NA	NA	NA	NA
NC_045512.2	9187	A	T	786	364	58	1	0	72	0.00127065	787	0.500318	FALSE	NA	NA	NA	NA	NA	NA
NC_045512.2	9202	T	C	877	405	55	1	0	36	0.00113895	878	0.500285	FALSE	NA	NA	NA	NA	NA	NA
NC_045512.2	9208	T	C	870	413	55	1	1	64	0.00114811	871	0.500287	FALSE	NA	NA	NA	NA	NA	NA
NC_045512.2	9214	C	T	931	431	53	1	0	68	0.00107296	932	0.500268	FALSE	NA	NA	NA	NA	NA	NA
NC_045512.2	9224	G	A	747	348	51	1	0	72	0.0013369	748	0.500334	FALSE	NA	NA	NA	NA	NA	NA
NC_045512.2	9225	G	T	751	350	51	1	1	72	0.00132979	752	0.500333	FALSE	NA	NA	NA	NA	NA	NA
NC_045512.2	9232	T	A	689	318	51	1	1	36	0.00144928	690	0.500363	FALSE	NA	NA	NA	NA	NA	NA
NC_045512.2	9239	T	-C	653	299	50	1	0	20	0.00153139	653	0.992395	FALSE	NA	NA	NA	NA	NA	NA
NC_045512.2	9241	A	T	650	300	50	1	1	68	0.0015361	651	0.500384	FALSE	NA	NA	NA	NA	NA	NA
NC_045512.2	9252	T	G	631	281	48	1	1	36	0.00158228	632	0.500396	FALSE	NA	NA	NA	NA	NA	NA
NC_045512.2	9286	C	T	632	302	47	1	0	36	0.00157978	633	0.500395	FALSE	NA	NA	NA	NA	NA	NA
NC_045512.2	9288	A	T	581	262	47	1	1	36	0.00171821	582	0.50043	FALSE	NA	NA	NA	NA	NA	NA
NC_045512.2	9293	T	C	589	267	47	1	0	32	0.00169492	590	0.500424	FALSE	NA	NA	NA	NA	NA	NA
NC_045512.2	9303	C	-T	398	154	47	1	0	20	0.00251256	398	0.938595	FALSE	NA	NA	NA	NA	NA	NA
NC_045512.2	9304	T	A	396	155	47	2	0	52	0.00502513	398	0.249686	FALSE	NA	NA	NA	NA	NA	NA
NC_045512.2	9315	T	A	405	160	46	1	1	72	0.00246305	406	0.500617	FALSE	NA	NA	NA	NA	NA	NA
NC_045512.2	9344	C	T	0	0	0	455	207	48	1	455	8.73844e-273	TRUE	NA	NA	NA	NA	NA	NA
NC_045512.2	9347	A	T	462	217	49	1	0	32	0.00215983	463	0.500541	FALSE	NA	NA	NA	NA	NA	NA
NC_045512.2	9353	A	T	463	250	48	1	1	36	0.00215517	464	0.500539	FALSE	NA	NA	NA	NA	NA	NA
NC_045512.2	9362	C	A	476	236	46	1	0	68	0.00209644	477	0.500525	FALSE	NA	NA	NA	NA	NA	NA
NC_045512.2	9366	T	C	446	208	46	1	0	72	0.00223714	447	0.50056	FALSE	NA	NA	NA	NA	NA	NA
NC_045512.2	9372	A	G	446	214	47	1	0	72	0.00223714	447	0.50056	FALSE	NA	NA	NA	NA	NA	NA
NC_045512.2	9392	A	C	468	228	47	1	0	72	0.0021322	469	0.500534	FALSE	NA	NA	NA	NA	NA	NA
NC_045512.2	9393	T	C	475	230	48	1	0	36	0.00210084	476	0.500526	FALSE	NA	NA	NA	NA	NA	NA
NC_045512.2	9397	A	T	455	215	48	1	1	32	0.00218818	457	0.5	FALSE	NA	NA	NA	NA	NA	NA
NC_045512.2	9397	A	G	455	215	48	1	0	36	0.00218818	457	0.5	FALSE	NA	NA	NA	NA	NA	NA
NC_045512.2	9400	A	T	466	221	48	1	1	68	0.00214133	467	0.500536	FALSE	NA	NA	NA	NA	NA	NA
NC_045512.2	9408	T	A	488	234	48	1	1	32	0.00204499	489	0.500512	FALSE	NA	NA	NA	NA	NA	NA
NC_045512.2	9409	A	G	485	231	48	1	0	32	0.00205761	486	0.500515	FALSE	NA	NA	NA	NA	NA	NA
NC_045512.2	9424	A	G	0	0	0	494	232	49	1	494	3.01261e-296	TRUE	NA	NA	NA	NA	NA	NA
NC_045512.2	9429	T	A	485	233	50	1	1	36	0.00205761	486	0.500515	FALSE	NA	NA	NA	NA	NA	NA
NC_045512.2	9432	T	C	486	237	50	1	1	36	0.00205339	487	0.500514	FALSE	NA	NA	NA	NA	NA	NA
NC_045512.2	9440	T	A	326	156	51	196	92	47	0.375479	522	1.6549e-69	TRUE	NA	NA	NA	NA	NA	NA
NC_045512.2	9442	C	T	527	248	49	1	1	72	0.00189394	528	0.500474	FALSE	NA	NA	NA	NA	NA	NA
NC_045512.2	9443	C	T	519	244	49	1	0	36	0.00192308	520	0.500481	FALSE	NA	NA	NA	NA	NA	NA
NC_045512.2	9449	T	A	502	237	50	1	0	72	0.00198807	503	0.500498	FALSE	NA	NA	NA	NA	NA	NA
NC_045512.2	9462	G	C	507	246	49	1	0	36	0.0019685	508	0.500493	FALSE	NA	NA	NA	NA	NA	NA
NC_045512.2	9465	T	C	525	253	48	1	0	72	0.00190114	526	0.500476	FALSE	NA	NA	NA	NA	NA	NA
NC_045512.2	9485	T	C	460	244	49	1	0	72	0.0021692	461	0.500543	FALSE	NA	NA	NA	NA	NA	NA
NC_045512.2	9486	A	T	459	244	49	1	1	21	0.00217391	460	0.969258	FALSE	NA	NA	NA	NA	NA	NA
NC_045512.2	9488	A	G	441	230	49	1	1	36	0.00226244	442	0.500566	FALSE	NA	NA	NA	NA	NA	NA
NC_045512.2	9500	G	A	355	184	48	1	0	36	0.00280899	356	0.500703	FALSE	NA	NA	NA	NA	NA	NA
NC_045512.2	9504	T	A	403	211	46	1	1	36	0.00247525	404	0.50062	FALSE	NA	NA	NA	NA	NA	NA
NC_045512.2	9505	T	A	406	214	46	1	0	64	0.002457	407	0.500615	FALSE	NA	NA	NA	NA	NA	NA
NC_045512.2	9513	T	A	383	205	46	1	1	36	0.00260417	384	0.500652	FALSE	NA	NA	NA	NA	NA	NA
NC_045512.2	9525	T	A	372	217	46	1	1	36	0.00268097	373	0.500671	FALSE	NA	NA	NA	NA	NA	NA
NC_045512.2	9526	G	A	371	222	46	1	0	72	0.00268817	372	0.500673	FALSE	NA	NA	NA	NA	NA	NA
NC_045512.2	9534	C	T	0	0	0	256	157	46	1	256	4.23233e-153	TRUE	NA	NA	NA	NA	NA	NA
NC_045512.2	9539	C	A	265	162	47	1	1	36	0.0037594	266	0.500942	FALSE	NA	NA	NA	NA	NA	NA
NC_045512.2	9548	A	T	273	204	43	1	1	32	0.00364964	274	0.500914	FALSE	NA	NA	NA	NA	NA	NA
NC_045512.2	9563	T	C	334	242	46	1	1	72	0.00298507	335	0.500747	FALSE	NA	NA	NA	NA	NA	NA
NC_045512.2	9575	G	T	357	246	50	1	1	36	0.0027933	358	0.500699	FALSE	NA	NA	NA	NA	NA	NA
NC_045512.2	9579	A	T	359	251	50	1	0	72	0.00277778	360	0.500695	FALSE	NA	NA	NA	NA	NA	NA
NC_045512.2	9661	C	T	72	51	48	1	1	32	0.0136986	73	0.503448	FALSE	NA	NA	NA	NA	NA	NA
NC_045512.2	9850	T	C	27	3	40	2	0	32	0.0689655	29	0.254386	FALSE	NA	NA	NA	NA	NA	NA
NC_045512.2	9855	T	G	74	8	44	1	1	64	0.0133333	75	0.503356	FALSE	NA	NA	NA	NA	NA	NA
NC_045512.2	9861	T	A	180	28	46	1	0	68	0.00552486	181	0.501385	FALSE	NA	NA	NA	NA	NA	NA
NC_045512.2	9866	C	T	0	0	0	211	33	47	1	211	4.75713e-126	TRUE	NA	NA	NA	NA	NA	NA
NC_045512.2	9870	C	T	212	35	47	1	0	36	0.00469484	213	0.501176	FALSE	NA	NA	NA	NA	NA	NA
NC_045512.2	9886	C	A	397	72	48	1	0	36	0.00251256	398	0.500629	FALSE	NA	NA	NA	NA	NA	NA
NC_045512.2	9887	T	A	397	72	48	1	0	36	0.00251256	398	0.500629	FALSE	NA	NA	NA	NA	NA	NA
NC_045512.2	9892	T	C	404	81	49	1	1	72	0.00246914	405	0.500618	FALSE	NA	NA	NA	NA	NA	NA
NC_045512.2	9909	A	G	460	154	56	1	0	36	0.0021692	461	0.500543	FALSE	NA	NA	NA	NA	NA	NA
NC_045512.2	9917	A	G	505	170	57	1	1	72	0.00197628	506	0.500495	FALSE	NA	NA	NA	NA	NA	NA
NC_045512.2	9925	A	T	524	182	57	1	0	36	0.00190476	525	0.500477	FALSE	NA	NA	NA	NA	NA	NA
NC_045512.2	9934	A	T	588	200	57	1	0	72	0.00169779	589	0.500425	FALSE	NA	NA	NA	NA	NA	NA
NC_045512.2	9939	G	A	584	210	58	1	0	32	0.0017094	585	0.500428	FALSE	NA	NA	NA	NA	NA	NA
NC_045512.2	9950	G	T	602	232	57	1	0	28	0.00165837	603	0.992368	FALSE	NA	NA	NA	NA	NA	NA
NC_045512.2	9966	T	A	561	247	55	1	1	72	0.00177936	562	0.500445	FALSE	NA	NA	NA	NA	NA	NA
NC_045512.2	9974	G	A	569	279	54	1	0	27	0.00175439	570	0.984662	FALSE	NA	NA	NA	NA	NA	NA
NC_045512.2	9976	T	G	551	268	54	1	0	68	0.00181159	552	0.500453	FALSE	NA	NA	NA	NA	NA	NA
NC_045512.2	9989	A	G	540	280	54	2	0	72	0.00369004	542	0.250231	FALSE	NA	NA	NA	NA	NA	NA
NC_045512.2	10004	G	T	501	271	52	1	1	36	0.00199203	502	0.500499	FALSE	NA	NA	NA	NA	NA	NA
NC_045512.2	10006	T	G	502	276	52	1	0	32	0.00198807	503	0.500498	FALSE	NA	NA	NA	NA	NA	NA
NC_045512.2	10008	T	A	490	267	51	1	0	72	0.00203666	491	0.50051	FALSE	NA	NA	NA	NA	NA	NA
NC_045512.2	10014	A	G	482	272	52	1	1	72	0.00207039	483	0.500518	FALSE	NA	NA	NA	NA	NA	NA
NC_045512.2	10015	C	G	481	273	51	1	1	36	0.00207469	482	0.500519	FALSE	NA	NA	NA	NA	NA	NA
NC_045512.2	10029	C	T	0	0	0	436	276	48	1	436	2.35135e-261	TRUE	NA	NA	NA	NA	NA	NA
NC_045512.2	10052	C	T	373	189	48	1	1	36	0.0026738	374	0.500669	FALSE	NA	NA	NA	NA	NA	NA
NC_045512.2	10053	A	T	368	187	48	1	0	36	0.00271003	369	0.500678	FALSE	NA	NA	NA	NA	NA	NA
NC_045512.2	10057	T	A	354	157	48	1	0	32	0.0028169	355	0.500705	FALSE	NA	NA	NA	NA	NA	NA
NC_045512.2	10079	C	T	386	185	45	1	1	32	0.00258398	387	0.500647	FALSE	NA	NA	NA	NA	NA	NA
NC_045512.2	10085	G	A	376	181	45	1	0	36	0.00265252	377	0.500664	FALSE	NA	NA	NA	NA	NA	NA
NC_045512.2	10134	T	C	502	199	43	1	0	27	0.00198807	503	0.9847	FALSE	NA	NA	NA	NA	NA	NA
NC_045512.2	10138	C	A	503	204	43	1	1	72	0.00198413	504	0.500497	FALSE	NA	NA	NA	NA	NA	NA
NC_045512.2	10139	G	A	497	201	43	1	0	36	0.00200803	498	0.500503	FALSE	NA	NA	NA	NA	NA	NA
NC_045512.2	10143	T	C	496	208	45	1	1	64	0.00201207	497	0.500504	FALSE	NA	NA	NA	NA	NA	NA
NC_045512.2	10152	A	G	455	206	45	1	0	36	0.00219298	456	0.500549	FALSE	NA	NA	NA	NA	NA	NA
NC_045512.2	10166	T	C	502	241	46	1	1	63	0.00198807	503	0.500498	FALSE	NA	NA	NA	NA	NA	NA
NC_045512.2	10179	T	C	597	281	47	1	1	68	0.00167224	598	0.500418	FALSE	NA	NA	NA	NA	NA	NA
NC_045512.2	10194	A	G	631	316	48	1	0	36	0.00158228	632	0.500396	FALSE	NA	NA	NA	NA	NA	NA
NC_045512.2	10198	C	T	0	0	0	613	300	49	1	613	0	TRUE	NA	NA	NA	NA	NA	NA
NC_045512.2	10204	T	C	443	212	48	217	101	49	0.328788	660	2.9573e-75	TRUE	NA	NA	NA	NA	NA	NA
NC_045512.2	10239	C	A	639	321	51	1	0	36	0.0015625	640	0.500391	FALSE	NA	NA	NA	NA	NA	NA
NC_045512.2	10260	A	T	668	350	53	1	0	72	0.00149477	669	0.500374	FALSE	NA	NA	NA	NA	NA	NA
NC_045512.2	10264	T	G	722	372	52	1	0	64	0.00138313	723	0.500346	FALSE	NA	NA	NA	NA	NA	NA
NC_045512.2	10269	A	T	745	393	53	1	0	36	0.00133869	747	0.5	FALSE	NA	NA	NA	NA	NA	NA
NC_045512.2	10269	A	G	745	393	53	1	1	72	0.00133869	747	0.5	FALSE	NA	NA	NA	NA	NA	NA
NC_045512.2	10275	A	C	675	334	54	1	1	32	0.00147929	676	0.50037	FALSE	NA	NA	NA	NA	NA	NA
NC_045512.2	10279	C	T	705	351	54	1	1	36	0.00141643	706	0.500354	FALSE	NA	NA	NA	NA	NA	NA
NC_045512.2	10279	C	-A	705	351	54	1	0	20	0.00141643	706	0.996193	FALSE	NA	NA	NA	NA	NA	NA
NC_045512.2	10280	A	G	686	339	54	1	0	72	0.0014556	687	0.5	FALSE	NA	NA	NA	NA	NA	NA
NC_045512.2	10302	A	G	687	407	55	1	1	32	0.00145349	688	0.500364	FALSE	NA	NA	NA	NA	NA	NA
NC_045512.2	10303	A	T	692	417	56	1	0	36	0.001443	693	0.500361	FALSE	NA	NA	NA	NA	NA	NA
NC_045512.2	10306	T	-TG	709	433	56	1	0	20	0.00141044	709	0.996214	FALSE	NA	NA	NA	NA	NA	NA
NC_045512.2	10307	T	A	689	422	56	1	0	68	0.00144928	690	0.5	FALSE	NA	NA	NA	NA	NA	NA
NC_045512.2	10311	T	C	695	429	56	1	0	68	0.00143678	696	0.500359	FALSE	NA	NA	NA	NA	NA	NA
NC_045512.2	10315	T	C	673	415	56	1	0	72	0.00148368	674	0.500371	FALSE	NA	NA	NA	NA	NA	NA
NC_045512.2	10320	T	A	709	431	56	1	1	36	0.00140845	710	0.500352	FALSE	NA	NA	NA	NA	NA	NA
NC_045512.2	10324	G	A	719	447	55	1	1	36	0.00138889	720	0.500347	FALSE	NA	NA	NA	NA	NA	NA
NC_045512.2	10342	T	C	607	382	57	1	1	72	0.00164474	608	0.500412	FALSE	NA	NA	NA	NA	NA	NA
NC_045512.2	10348	A	G	553	360	56	1	1	27	0.00180505	554	0.98467	FALSE	NA	NA	NA	NA	NA	NA
NC_045512.2	10350	C	A	552	363	56	1	0	36	0.00180832	553	0.500452	FALSE	NA	NA	NA	NA	NA	NA
NC_045512.2	10355	T	A	544	360	56	1	0	46	0.00183486	545	0.500459	FALSE	NA	NA	NA	NA	NA	NA
NC_045512.2	10367	C	T	411	280	54	1	1	36	0.00242718	412	0.500608	FALSE	NA	NA	NA	NA	NA	NA
NC_045512.2	10368	G	T	408	285	52	1	1	36	0.00244499	409	0.500612	FALSE	NA	NA	NA	NA	NA	NA
NC_045512.2	10370	A	T	406	287	53	1	1	21	0.002457	407	0.969324	FALSE	NA	NA	NA	NA	NA	NA
NC_045512.2	10371	T	A	406	288	53	1	0	68	0.002457	407	0.500615	FALSE	NA	NA	NA	NA	NA	NA
NC_045512.2	10373	C	G	406	289	53	1	0	72	0.002457	407	0.500615	FALSE	NA	NA	NA	NA	NA	NA
NC_045512.2	10374	A	G	406	290	52	1	1	36	0.002457	407	0.500615	FALSE	NA	NA	NA	NA	NA	NA
NC_045512.2	10380	G	A	382	276	52	1	1	36	0.00261097	383	0.500654	FALSE	NA	NA	NA	NA	NA	NA
NC_045512.2	10408	C	-A	168	123	50	1	0	20	0.00595238	168	0.753714	FALSE	NA	NA	NA	NA	NA	NA
NC_045512.2	10413	G	A	73	56	45	1	1	32	0.0135135	74	0.503401	FALSE	NA	NA	NA	NA	NA	NA
NC_045512.2	10418	C	G	5	3	36	1	0	32	0.166667	6	0.545455	FALSE	NA	NA	NA	NA	NA	NA
NC_045512.2	10447	G	A	0	0	0	4	3	42	1	4	0.0285714	FALSE	NA	NA	NA	NA	NA	NA
NC_045512.2	10449	C	A	0	0	0	4	3	44	1	4	0.0285714	FALSE	NA	NA	NA	NA	NA	NA
NC_045512.2	10541	C	A	9	1	42	1	1	27	0.1	10	0.526316	FALSE	NA	NA	NA	NA	NA	NA
NC_045512.2	10703	A	G	17	7	48	2	0	32	0.105263	19	0.256757	FALSE	NA	NA	NA	NA	NA	NA
NC_045512.2	10707	G	T	203	17	35	2	1	32	0.0097561	205	0.250611	FALSE	NA	NA	NA	NA	NA	NA
NC_045512.2	10749	T	C	1885	506	37	1	0	36	0.000530223	1886	0.750199	FALSE	NA	NA	NA	NA	NA	NA
NC_045512.2	10755	C	A	1979	618	40	1	0	36	0.000505051	1980	0.750189	FALSE	NA	NA	NA	NA	NA	NA
NC_045512.2	10760	A	C	2077	691	42	1	0	36	0.000481232	2078	0.87518	FALSE	NA	NA	NA	NA	NA	NA
NC_045512.2	10766	A	T	2278	738	42	1	0	36	0.000438789	2279	0.875165	FALSE	NA	NA	NA	NA	NA	NA
NC_045512.2	10767	A	T	2442	771	43	1	0	32	0.000409333	2443	0.875154	FALSE	NA	NA	NA	NA	NA	NA
NC_045512.2	10767	A	-T	2442	771	43	1	0	20	0.000409333	2443	1	FALSE	NA	NA	NA	NA	NA	NA
NC_045512.2	10771	T	G	2478	824	44	1	1	36	0.000403388	2479	0.875151	FALSE	NA	NA	NA	NA	NA	NA
NC_045512.2	10773	A	G	2461	835	45	1	1	68	0.000406174	2462	0.500102	FALSE	NA	NA	NA	NA	NA	NA
NC_045512.2	10780	A	G	2920	1019	47	1	1	68	0.000342349	2921	0.500086	FALSE	NA	NA	NA	NA	NA	NA
NC_045512.2	10783	A	G	3172	1084	47	1	0	72	0.000315159	3173	0.500079	FALSE	NA	NA	NA	NA	NA	NA
NC_045512.2	10785	A	T	3182	1102	47	1	0	72	0.00031407	3184	0.5	FALSE	NA	NA	NA	NA	NA	NA
NC_045512.2	10785	A	G	3182	1102	47	1	0	68	0.00031407	3184	0.5	FALSE	NA	NA	NA	NA	NA	NA
NC_045512.2	10787	G	C	3292	1129	47	2	1	36	0.000607165	3294	0.81269	FALSE	NA	NA	NA	NA	NA	NA
NC_045512.2	10788	A	T	3320	1153	47	1	0	36	0.000301023	3322	0.937556	FALSE	NA	NA	NA	NA	NA	NA
NC_045512.2	10788	A	G	3320	1153	47	1	0	36	0.000301023	3322	0.937556	FALSE	NA	NA	NA	NA	NA	NA
NC_045512.2	10789	C	A	3367	1156	47	1	1	72	0.000296912	3368	0.500074	FALSE	NA	NA	NA	NA	NA	NA
NC_045512.2	10790	C	T	3361	1173	47	3	1	36	0.000891795	3364	0.656459	FALSE	NA	NA	NA	NA	NA	NA
NC_045512.2	10792	T	C	3453	1214	48	1	0	36	0.000289519	3454	0.93759	FALSE	NA	NA	NA	NA	NA	NA
NC_045512.2	10793	G	A	3479	1224	48	1	0	68	0.000287356	3480	0.500072	FALSE	NA	NA	NA	NA	NA	NA
NC_045512.2	10795	T	A	3490	1259	49	1	0	32	0.000286451	3491	0.93759	FALSE	NA	NA	NA	NA	NA	NA
NC_045512.2	10796	G	C	3535	1282	49	3	1	36	0.000847697	3539	0.656316	FALSE	NA	NA	NA	NA	NA	NA
NC_045512.2	10796	G	A	3535	1282	49	1	1	68	0.000282566	3539	0.499859	FALSE	NA	NA	NA	NA	NA	NA
NC_045512.2	10800	T	A	3912	1392	49	2	1	54	0.000510986	3914	0.250032	FALSE	NA	NA	NA	NA	NA	NA
NC_045512.2	10801	A	T	4013	1432	49	2	1	68	0.000497884	4017	0.249907	FALSE	NA	NA	NA	NA	NA	NA
NC_045512.2	10801	A	G	4013	1432	49	2	1	36	0.000497884	4017	0.890654	FALSE	NA	NA	NA	NA	NA	NA
NC_045512.2	10802	C	A	4048	1445	49	1	0	36	0.000246975	4049	0.968808	FALSE	NA	NA	NA	NA	NA	NA
NC_045512.2	10803	T	A	4049	1450	49	1	0	72	0.000246914	4050	0.500062	FALSE	NA	NA	NA	NA	NA	NA
NC_045512.2	10807	A	C	4099	1535	50	1	1	36	0.000243902	4100	0.968807	FALSE	NA	NA	NA	NA	NA	NA
NC_045512.2	10808	C	T	4173	1545	50	1	0	36	0.000239578	4174	0.968806	FALSE	NA	NA	NA	NA	NA	NA
NC_045512.2	10810	T	A	4202	1568	50	1	1	72	0.000237925	4203	0.500059	FALSE	NA	NA	NA	NA	NA	NA
NC_045512.2	10811	C	T	4241	1599	51	1	0	72	0.000235738	4242	0.500059	FALSE	NA	NA	NA	NA	NA	NA
NC_045512.2	10811	C	-T	4241	1599	51	2	0	20	0.000471476	4242	1	FALSE	NA	NA	NA	NA	NA	NA
NC_045512.2	10812	T	C	4245	1603	51	1	1	28	0.000235516	4246	1	FALSE	NA	NA	NA	NA	NA	NA
NC_045512.2	10816	T	C	4262	1673	51	1	0	36	0.000234577	4263	0.968805	FALSE	NA	NA	NA	NA	NA	NA
NC_045512.2	10817	G	T	4352	1743	52	1	1	72	0.000229727	4353	0.500057	FALSE	NA	NA	NA	NA	NA	NA
NC_045512.2	10819	T	C	4352	1777	52	2	1	54	0.000459242	4355	0.249971	FALSE	NA	NA	NA	NA	NA	NA
NC_045512.2	10819	T	A	4352	1777	52	1	0	72	0.000229621	4355	0.499943	FALSE	NA	NA	NA	NA	NA	NA
NC_045512.2	10821	A	G	4363	1799	53	2	1	54	0.00045819	4365	0.250029	FALSE	NA	NA	NA	NA	NA	NA
NC_045512.2	10823	A	G	4460	1839	53	1	0	72	0.000224165	4461	0.500056	FALSE	NA	NA	NA	NA	NA	NA
NC_045512.2	10827	G	A	4546	1875	53	3	1	58	0.000659486	4549	0.125	FALSE	NA	NA	NA	NA	NA	NA
NC_045512.2	10829	A	T	4510	1909	53	1	1	72	0.00022168	4511	0.500055	FALSE	NA	NA	NA	NA	NA	NA
NC_045512.2	10829	A	-T	4510	1909	53	1	0	20	0.00022168	4511	1	FALSE	NA	NA	NA	NA	NA	NA
NC_045512.2	10832	G	A	4373	1856	53	2	1	72	0.000457143	4375	0.250029	FALSE	NA	NA	NA	NA	NA	NA
NC_045512.2	10834	C	T	4297	1921	52	2	0	50	0.000465116	4300	0.249971	FALSE	NA	NA	NA	NA	NA	NA
NC_045512.2	10834	C	G	4297	1921	52	1	0	32	0.000232558	4300	0.968768	FALSE	NA	NA	NA	NA	NA	NA
NC_045512.2	10835	G	A	4431	1955	53	1	0	36	0.000225632	4432	0.968803	FALSE	NA	NA	NA	NA	NA	NA
NC_045512.2	10836	T	G	4415	1920	53	1	0	36	0.000226449	4416	0.968803	FALSE	NA	NA	NA	NA	NA	NA
NC_045512.2	10840	A	T	4572	2032	52	1	1	72	0.000218627	4574	0.5	FALSE	NA	NA	NA	NA	NA	NA
NC_045512.2	10840	A	G	4572	2032	52	1	1	36	0.000218627	4574	0.968784	FALSE	NA	NA	NA	NA	NA	NA
NC_045512.2	10845	T	C	4485	2003	53	1	0	72	0.000222916	4486	0.500056	FALSE	NA	NA	NA	NA	NA	NA
NC_045512.2	10847	T	C	4472	1998	53	1	1	36	0.000223514	4474	0.968785	FALSE	NA	NA	NA	NA	NA	NA
NC_045512.2	10847	T	A	4472	1998	53	1	1	36	0.000223514	4474	0.968785	FALSE	NA	NA	NA	NA	NA	NA
NC_045512.2	10848	G	T	4480	2014	53	1	0	36	0.000223115	4482	0.968785	FALSE	NA	NA	NA	NA	NA	NA
NC_045512.2	10848	G	A	4480	2014	53	1	1	72	0.000223115	4482	0.5	FALSE	NA	NA	NA	NA	NA	NA
NC_045512.2	10849	T	C	4299	1894	53	2	1	72	0.000465008	4301	0.250029	FALSE	NA	NA	NA	NA	NA	NA
NC_045512.2	10850	G	T	4305	1924	53	1	1	72	0.000232234	4306	0.500058	FALSE	NA	NA	NA	NA	NA	NA
NC_045512.2	10852	T	C	4234	1921	54	1	0	32	0.000236128	4235	0.968805	FALSE	NA	NA	NA	NA	NA	NA
NC_045512.2	10855	A	T	4148	1886	54	1	0	72	0.000240964	4150	0.5	FALSE	NA	NA	NA	NA	NA	NA
NC_045512.2	10855	A	C	4148	1886	54	1	1	36	0.000240964	4150	0.968788	FALSE	NA	NA	NA	NA	NA	NA
NC_045512.2	10856	T	C	4159	1893	54	1	0	68	0.000240385	4160	0.50006	FALSE	NA	NA	NA	NA	NA	NA
NC_045512.2	10858	A	T	3950	1996	51	1	0	36	0.0002531	3951	0.937579	FALSE	NA	NA	NA	NA	NA	NA
NC_045512.2	10859	A	T	4068	2007	53	1	1	32	0.0002457	4070	0.968788	FALSE	NA	NA	NA	NA	NA	NA
NC_045512.2	10859	A	G	4068	2007	53	1	1	36	0.0002457	4070	0.968788	FALSE	NA	NA	NA	NA	NA	NA
NC_045512.2	10860	A	T	4066	2041	53	1	0	46	0.000245821	4068	0.5	FALSE	NA	NA	NA	NA	NA	NA
NC_045512.2	10860	A	G	4066	2041	53	1	1	32	0.000245821	4068	0.968788	FALSE	NA	NA	NA	NA	NA	NA
NC_045512.2	10861	A	G	4056	2068	53	1	0	28	0.000246488	4057	1	FALSE	NA	NA	NA	NA	NA	NA
NC_045512.2	10862	G	A	4087	2077	52	1	1	72	0.000244618	4088	0.500061	FALSE	NA	NA	NA	NA	NA	NA
NC_045512.2	10864	A	-T	4072	2085	53	1	0	20	0.00024558	4072	1	FALSE	NA	NA	NA	NA	NA	NA
NC_045512.2	10868	C	T	4135	2136	52	1	0	36	0.000241663	4138	0.968769	FALSE	NA	NA	NA	NA	NA	NA
NC_045512.2	10868	C	A	4135	2136	52	2	1	72	0.000483325	4138	0.24997	FALSE	NA	NA	NA	NA	NA	NA
NC_045512.2	10869	T	C	4122	2132	53	1	0	41	0.000242483	4124	0.5	FALSE	NA	NA	NA	NA	NA	NA
NC_045512.2	10869	T	A	4122	2132	53	1	1	36	0.000242483	4124	0.968788	FALSE	NA	NA	NA	NA	NA	NA
NC_045512.2	10869	T	-G	4122	2132	53	1	0	20	0.000242483	4124	1	FALSE	NA	NA	NA	NA	NA	NA
NC_045512.2	10870	G	T	4169	2157	52	1	1	36	0.000239636	4173	0.968731	FALSE	NA	NA	NA	NA	NA	NA
NC_045512.2	10870	G	C	4169	2157	52	1	1	36	0.000239636	4173	0.968731	FALSE	NA	NA	NA	NA	NA	NA
NC_045512.2	10870	G	A	4169	2157	52	2	0	52	0.000479272	4173	0.24985	FALSE	NA	NA	NA	NA	NA	NA
NC_045512.2	10870	G	-C	4169	2157	52	1	0	20	0.000239578	4174	1	FALSE	NA	NA	NA	NA	NA	NA
NC_045512.2	10874	A	T	4071	2203	52	1	0	32	0.00024558	4072	0.968808	FALSE	NA	NA	NA	NA	NA	NA
NC_045512.2	10875	A	G	4073	2206	52	2	2	52	0.000490798	4075	0.250031	FALSE	NA	NA	NA	NA	NA	NA
NC_045512.2	10876	T	G	4088	2222	52	1	0	32	0.000244559	4089	0.968807	FALSE	NA	NA	NA	NA	NA	NA
NC_045512.2	10877	G	C	4049	2153	51	1	1	32	0.000246914	4050	0.968808	FALSE	NA	NA	NA	NA	NA	NA
NC_045512.2	10878	G	C	4139	2191	51	1	1	36	0.000241546	4140	0.968807	FALSE	NA	NA	NA	NA	NA	NA
NC_045512.2	10883	A	T	4134	2254	50	1	0	28	0.000241779	4136	1	FALSE	NA	NA	NA	NA	NA	NA
NC_045512.2	10883	A	G	4134	2254	50	1	0	36	0.000241779	4136	0.968788	FALSE	NA	NA	NA	NA	NA	NA
NC_045512.2	10884	A	T	4099	2237	50	1	1	72	0.000243843	4101	0.5	FALSE	NA	NA	NA	NA	NA	NA
NC_045512.2	10884	A	G	4099	2237	50	1	1	36	0.000243843	4101	0.968788	FALSE	NA	NA	NA	NA	NA	NA
NC_045512.2	10885	T	C	4109	2237	51	1	1	46	0.000243309	4110	0.500061	FALSE	NA	NA	NA	NA	NA	NA
NC_045512.2	10885	T	-G	4109	2237	51	1	0	20	0.000243309	4110	1	FALSE	NA	NA	NA	NA	NA	NA
NC_045512.2	10889	C	T	3981	2154	50	1	0	72	0.00025113	3982	0.500063	FALSE	NA	NA	NA	NA	NA	NA
NC_045512.2	10890	G	T	4101	2185	49	1	0	72	0.000243665	4104	0.499939	FALSE	NA	NA	NA	NA	NA	NA
NC_045512.2	10890	G	A	4101	2185	49	2	1	46	0.000487329	4104	0.24997	FALSE	NA	NA	NA	NA	NA	NA
NC_045512.2	10891	T	C	4041	2124	50	1	1	36	0.000247341	4043	0.968789	FALSE	NA	NA	NA	NA	NA	NA
NC_045512.2	10891	T	A	4041	2124	50	1	0	72	0.000247341	4043	0.5	FALSE	NA	NA	NA	NA	NA	NA
NC_045512.2	10892	A	G	4071	2151	50	1	0	72	0.00024558	4072	0.500061	FALSE	NA	NA	NA	NA	NA	NA
NC_045512.2	10894	C	T	4165	2180	48	1	0	32	0.000240038	4166	0.968806	FALSE	NA	NA	NA	NA	NA	NA
NC_045512.2	10895	A	T	4871	2261	48	1	0	36	0.000205255	4872	0.968798	FALSE	NA	NA	NA	NA	NA	NA
NC_045512.2	10897	A	T	4902	2307	47	1	0	36	0.000203957	4903	0.968798	FALSE	NA	NA	NA	NA	NA	NA
NC_045512.2	10899	T	-G	4745	2238	47	1	0	20	0.000210748	4745	1	FALSE	NA	NA	NA	NA	NA	NA
NC_045512.2	10900	G	T	4948	2271	47	1	0	32	0.000202061	4949	0.968782	FALSE	NA	NA	NA	NA	NA	NA
NC_045512.2	10901	G	T	4930	2282	47	1	1	32	0.000202799	4931	0.968798	FALSE	NA	NA	NA	NA	NA	NA
NC_045512.2	10902	G	A	4927	2300	48	1	0	32	0.000202922	4928	0.968798	FALSE	NA	NA	NA	NA	NA	NA
NC_045512.2	10903	T	C	4886	2280	48	1	0	36	0.000204583	4888	0.968782	FALSE	NA	NA	NA	NA	NA	NA
NC_045512.2	10903	T	A	4886	2280	48	1	1	36	0.000204583	4888	0.968782	FALSE	NA	NA	NA	NA	NA	NA
NC_045512.2	10905	G	A	4273	1815	49	2	0	32	0.000467836	4275	0.890762	FALSE	NA	NA	NA	NA	NA	NA
NC_045512.2	10906	T	G	4195	1766	49	1	0	36	0.000238322	4196	0.968806	FALSE	NA	NA	NA	NA	NA	NA
NC_045512.2	10907	G	T	4219	1795	49	1	1	72	0.000236967	4220	0.500059	FALSE	NA	NA	NA	NA	NA	NA
NC_045512.2	10908	C	-T	4230	1839	49	1	0	20	0.000236407	4230	1	FALSE	NA	NA	NA	NA	NA	NA
NC_045512.2	10911	T	A	4039	1721	50	1	1	36	0.000247525	4040	0.968808	FALSE	NA	NA	NA	NA	NA	NA
NC_045512.2	10912	A	T	4058	1801	50	1	1	36	0.000246366	4059	0.968808	FALSE	NA	NA	NA	NA	NA	NA
NC_045512.2	10915	A	G	3888	1934	47	1	1	72	0.000257136	3889	0.500064	FALSE	NA	NA	NA	NA	NA	NA
NC_045512.2	10916	G	T	4003	1939	49	1	0	68	0.000249688	4005	0.5	FALSE	NA	NA	NA	NA	NA	NA
NC_045512.2	10916	G	A	4003	1939	49	1	0	36	0.000249688	4005	0.968789	FALSE	NA	NA	NA	NA	NA	NA
NC_045512.2	10918	A	G	3992	1998	49	2	1	36	0.000500751	3994	0.812657	FALSE	NA	NA	NA	NA	NA	NA
NC_045512.2	10920	A	T	4010	2021	50	1	0	21	0.000249314	4011	1	FALSE	NA	NA	NA	NA	NA	NA
NC_045512.2	10921	T	C	3991	2005	50	1	0	36	0.000250501	3992	0.937578	FALSE	NA	NA	NA	NA	NA	NA
NC_045512.2	10922	G	A	4028	2027	49	1	1	36	0.000248201	4029	0.968808	FALSE	NA	NA	NA	NA	NA	NA
NC_045512.2	10924	A	T	4160	2076	49	1	1	72	0.000240327	4161	0.50006	FALSE	NA	NA	NA	NA	NA	NA
NC_045512.2	10925	T	A	4172	2082	50	1	0	72	0.000239636	4173	0.50006	FALSE	NA	NA	NA	NA	NA	NA
NC_045512.2	10927	T	C	4157	2086	49	1	1	36	0.0002405	4158	0.968806	FALSE	NA	NA	NA	NA	NA	NA
NC_045512.2	10928	A	G	4152	2094	50	1	0	32	0.00024079	4153	0.968806	FALSE	NA	NA	NA	NA	NA	NA
NC_045512.2	10930	A	G	4112	2095	49	1	1	36	0.000243013	4115	0.968769	FALSE	NA	NA	NA	NA	NA	NA
NC_045512.2	10930	A	C	4112	2095	49	2	1	48	0.000486027	4115	0.24997	FALSE	NA	NA	NA	NA	NA	NA
NC_045512.2	10932	C	-T	4227	2046	48	1	0	20	0.000236574	4227	1	FALSE	NA	NA	NA	NA	NA	NA
NC_045512.2	10937	G	A	4213	2033	49	1	0	36	0.000237304	4214	0.968806	FALSE	NA	NA	NA	NA	NA	NA
NC_045512.2	10938	A	G	4198	2040	49	1	1	72	0.000238152	4199	0.50006	FALSE	NA	NA	NA	NA	NA	NA
NC_045512.2	10939	T	A	4201	2041	49	1	1	36	0.000237982	4202	0.968806	FALSE	NA	NA	NA	NA	NA	NA
NC_045512.2	10941	T	C	4319	1976	49	2	0	36	0.000462856	4321	0.890761	FALSE	NA	NA	NA	NA	NA	NA
NC_045512.2	10942	T	-G	4321	1972	49	1	0	20	0.000231428	4321	1	FALSE	NA	NA	NA	NA	NA	NA
NC_045512.2	10943	G	A	4360	1979	49	1	1	72	0.000229305	4361	0.5	FALSE	NA	NA	NA	NA	NA	NA
NC_045512.2	10944	T	A	4363	1982	49	2	1	50	0.00045819	4365	0.250029	FALSE	NA	NA	NA	NA	NA	NA
NC_045512.2	10945	T	C	4368	1994	49	2	1	34	0.000457666	4370	0.890759	FALSE	NA	NA	NA	NA	NA	NA
NC_045512.2	10946	A	T	4382	2006	48	2	0	36	0.0004561	4385	0.890705	FALSE	NA	NA	NA	NA	NA	NA
NC_045512.2	10946	A	G	4382	2006	48	1	0	35	0.00022805	4385	0.968768	FALSE	NA	NA	NA	NA	NA	NA
NC_045512.2	10947	G	T	4390	2007	48	1	0	72	0.000227635	4393	0.499943	FALSE	NA	NA	NA	NA	NA	NA
NC_045512.2	10947	G	C	4390	2007	48	1	1	72	0.000227635	4393	0.499943	FALSE	NA	NA	NA	NA	NA	NA
NC_045512.2	10947	G	A	4390	2007	48	1	1	72	0.000227635	4393	0.499943	FALSE	NA	NA	NA	NA	NA	NA
NC_045512.2	10948	A	T	4409	2051	49	1	0	36	0.000226706	4411	0.968785	FALSE	NA	NA	NA	NA	NA	NA
NC_045512.2	10948	A	G	4409	2051	49	1	1	72	0.000226706	4411	0.5	FALSE	NA	NA	NA	NA	NA	NA
NC_045512.2	10949	C	T	4418	2054	48	1	0	36	0.000226244	4420	0.968785	FALSE	NA	NA	NA	NA	NA	NA
NC_045512.2	10949	C	A	4418	2054	48	1	0	72	0.000226244	4420	0.5	FALSE	NA	NA	NA	NA	NA	NA
NC_045512.2	10952	T	C	4241	1825	49	1	0	36	0.000235682	4243	0.968787	FALSE	NA	NA	NA	NA	NA	NA
NC_045512.2	10952	T	A	4241	1825	49	1	0	21	0.000235682	4243	1	FALSE	NA	NA	NA	NA	NA	NA
NC_045512.2	10953	G	A	4385	1840	48	1	1	36	0.000227998	4386	0.968803	FALSE	NA	NA	NA	NA	NA	NA
NC_045512.2	10954	C	T	4382	1849	48	1	0	36	0.00022805	4385	0.968768	FALSE	NA	NA	NA	NA	NA	NA
NC_045512.2	10954	C	A	4382	1849	48	2	1	36	0.0004561	4385	0.890705	FALSE	NA	NA	NA	NA	NA	NA
NC_045512.2	10955	T	C	4325	1800	48	2	2	36	0.000462214	4327	0.89076	FALSE	NA	NA	NA	NA	NA	NA
NC_045512.2	10955	T	-C	4325	1800	48	1	0	20	0.000231107	4327	1	FALSE	NA	NA	NA	NA	NA	NA
NC_045512.2	10957	A	G	4328	1821	48	2	1	54	0.000461894	4330	0.250029	FALSE	NA	NA	NA	NA	NA	NA
NC_045512.2	10958	G	A	4470	1849	48	1	1	36	0.000223664	4471	0.968802	FALSE	NA	NA	NA	NA	NA	NA
NC_045512.2	10961	G	T	4389	1810	49	1	1	72	0.000227739	4391	0.5	FALSE	NA	NA	NA	NA	NA	NA
NC_045512.2	10961	G	C	4389	1810	49	1	1	21	0.000227739	4391	1	FALSE	NA	NA	NA	NA	NA	NA
NC_045512.2	10962	T	C	4275	1721	49	2	0	54	0.000467617	4277	0.250029	FALSE	NA	NA	NA	NA	NA	NA
NC_045512.2	10963	T	C	4287	1745	50	1	0	72	0.000233209	4288	0.500058	FALSE	NA	NA	NA	NA	NA	NA
NC_045512.2	10967	T	A	4200	1643	50	1	1	32	0.000238039	4201	0.968806	FALSE	NA	NA	NA	NA	NA	NA
NC_045512.2	10970	C	-A	4187	1646	49	1	0	20	0.000238834	4187	1	FALSE	NA	NA	NA	NA	NA	NA
NC_045512.2	10971	A	T	4179	1649	49	1	1	36	0.000239234	4180	0.968787	FALSE	NA	NA	NA	NA	NA	NA
NC_045512.2	10976	G	T	4242	1710	50	1	0	72	0.000235516	4246	0.499882	FALSE	NA	NA	NA	NA	NA	NA
NC_045512.2	10976	G	A	4242	1710	50	3	1	60	0.000706547	4246	0.124956	FALSE	NA	NA	NA	NA	NA	NA
NC_045512.2	10978	A	G	4166	1747	49	1	0	32	0.000239981	4167	0.968806	FALSE	NA	NA	NA	NA	NA	NA
NC_045512.2	10981	G	A	4307	1808	49	1	0	32	0.000232126	4308	0.968804	FALSE	NA	NA	NA	NA	NA	NA
NC_045512.2	10981	G	-A	4307	1808	49	1	0	20	0.000232126	4308	1	FALSE	NA	NA	NA	NA	NA	NA
NC_045512.2	10982	A	T	4286	1857	49	1	0	36	0.000233209	4288	0.968768	FALSE	NA	NA	NA	NA	NA	NA
NC_045512.2	10982	A	G	4286	1857	49	1	0	36	0.000233209	4288	0.968768	FALSE	NA	NA	NA	NA	NA	NA
NC_045512.2	10983	A	G	4167	1796	49	1	1	36	0.000239923	4168	0.968806	FALSE	NA	NA	NA	NA	NA	NA
NC_045512.2	10985	A	G	4131	1796	49	1	0	25	0.000242014	4132	1	FALSE	NA	NA	NA	NA	NA	NA
NC_045512.2	10987	A	T	4160	1865	49	1	0	72	0.000240269	4162	0.5	FALSE	NA	NA	NA	NA	NA	NA
NC_045512.2	10987	A	G	4160	1865	49	1	0	32	0.000240269	4162	0.968788	FALSE	NA	NA	NA	NA	NA	NA
NC_045512.2	10988	A	-C	4146	1864	49	1	0	20	0.000241196	4146	1	FALSE	NA	NA	NA	NA	NA	NA
NC_045512.2	10990	A	G	4078	1775	49	1	0	36	0.000244978	4082	0.96875	FALSE	NA	NA	NA	NA	NA	NA
NC_045512.2	10990	A	C	4078	1775	49	3	3	32	0.000734934	4082	0.773538	FALSE	NA	NA	NA	NA	NA	NA
NC_045512.2	10991	A	T	4117	1782	49	1	1	36	0.000242718	4120	0.968769	FALSE	NA	NA	NA	NA	NA	NA
NC_045512.2	10991	A	C	4117	1782	49	2	1	68	0.000485437	4120	0.24997	FALSE	NA	NA	NA	NA	NA	NA
NC_045512.2	10993	C	T	4150	1799	48	1	1	36	0.000240906	4151	0.968806	FALSE	NA	NA	NA	NA	NA	NA
NC_045512.2	10994	A	G	4148	1809	48	1	0	68	0.000240964	4150	0.5	FALSE	NA	NA	NA	NA	NA	NA
NC_045512.2	10994	A	C	4148	1809	48	1	0	32	0.000240964	4150	0.968788	FALSE	NA	NA	NA	NA	NA	NA
NC_045512.2	10995	A	T	4204	1763	48	1	0	72	0.000237812	4205	0.500059	FALSE	NA	NA	NA	NA	NA	NA
NC_045512.2	10997	G	A	4316	1840	48	1	0	36	0.000231642	4317	0.968804	FALSE	NA	NA	NA	NA	NA	NA
NC_045512.2	10999	T	C	4225	1797	47	1	1	36	0.00023663	4226	0.968805	FALSE	NA	NA	NA	NA	NA	NA
NC_045512.2	11001	C	T	4271	1938	49	1	1	72	0.000234028	4273	0.5	FALSE	NA	NA	NA	NA	NA	NA
NC_045512.2	11001	C	A	4271	1938	49	1	1	32	0.000234028	4273	0.968787	FALSE	NA	NA	NA	NA	NA	NA
NC_045512.2	11004	A	C	4052	1882	48	1	1	32	0.000246731	4053	0.968808	FALSE	NA	NA	NA	NA	NA	NA
NC_045512.2	11005	C	G	4083	1894	48	1	0	36	0.000244858	4084	0.968807	FALSE	NA	NA	NA	NA	NA	NA
NC_045512.2	11007	A	C	3682	1640	48	1	1	32	0.000271518	3683	0.937585	FALSE	NA	NA	NA	NA	NA	NA
NC_045512.2	11008	C	A	3669	1657	48	1	1	36	0.00027248	3670	0.937585	FALSE	NA	NA	NA	NA	NA	NA
NC_045512.2	11009	T	-G	3583	1581	48	1	0	20	0.000279096	3583	1	FALSE	NA	NA	NA	NA	NA	NA
NC_045512.2	11013	T	C	3430	1514	49	1	0	36	0.00029146	3431	0.937591	FALSE	NA	NA	NA	NA	NA	NA
NC_045512.2	11014	G	A	3327	1437	48	1	1	32	0.000300481	3328	0.937594	FALSE	NA	NA	NA	NA	NA	NA
NC_045512.2	11016	T	C	3308	1447	49	3	1	45	0.000906071	3311	0.125	FALSE	NA	NA	NA	NA	NA	NA
NC_045512.2	11019	T	A	3243	1419	49	1	1	36	0.000308261	3244	0.937596	FALSE	NA	NA	NA	NA	NA	NA
NC_045512.2	11020	C	A	3243	1429	49	1	1	36	0.000308261	3244	0.937596	FALSE	NA	NA	NA	NA	NA	NA
NC_045512.2	11021	A	T	3198	1428	49	2	2	54	0.000625	3200	0.250039	FALSE	NA	NA	NA	NA	NA	NA
NC_045512.2	11025	T	A	3194	1461	49	1	0	36	0.000312989	3195	0.937598	FALSE	NA	NA	NA	NA	NA	NA
NC_045512.2	11027	T	C	3182	1493	48	1	0	36	0.000314169	3183	0.937598	FALSE	NA	NA	NA	NA	NA	NA
NC_045512.2	11028	T	C	3913	1931	46	1	1	72	0.000255493	3914	0.500064	FALSE	NA	NA	NA	NA	NA	NA
NC_045512.2	11030	A	T	3897	1994	46	1	1	36	0.000256476	3899	0.937548	FALSE	NA	NA	NA	NA	NA	NA
NC_045512.2	11030	A	G	3897	1994	46	1	1	32	0.000256476	3899	0.937548	FALSE	NA	NA	NA	NA	NA	NA
NC_045512.2	11032	T	C	3831	1957	46	1	1	36	0.00026096	3832	0.937582	FALSE	NA	NA	NA	NA	NA	NA
NC_045512.2	11036	C	-T	3949	2076	46	1	0	20	0.000253229	3949	1	FALSE	NA	NA	NA	NA	NA	NA
NC_045512.2	11037	T	C	3952	2074	46	1	1	36	0.000252908	3954	0.937516	FALSE	NA	NA	NA	NA	NA	NA
NC_045512.2	11037	T	A	3952	2074	46	1	1	36	0.000252908	3954	0.937516	FALSE	NA	NA	NA	NA	NA	NA
NC_045512.2	11043	T	C	4026	2215	46	1	0	72	0.000248324	4027	0.500062	FALSE	NA	NA	NA	NA	NA	NA
NC_045512.2	11044	T	C	4051	2283	46	1	1	36	0.000246792	4052	0.968808	FALSE	NA	NA	NA	NA	NA	NA
NC_045512.2	11048	G	A	4125	2322	45	1	1	72	0.000242365	4126	0.500061	FALSE	NA	NA	NA	NA	NA	NA
NC_045512.2	11049	T	C	4132	2340	45	1	1	68	0.000241896	4134	0.5	FALSE	NA	NA	NA	NA	NA	NA
NC_045512.2	11049	T	A	4132	2340	45	1	1	36	0.000241896	4134	0.968788	FALSE	NA	NA	NA	NA	NA	NA
NC_045512.2	11051	C	T	4138	2358	44	1	1	72	0.000241546	4140	0.5	FALSE	NA	NA	NA	NA	NA	NA
NC_045512.2	11051	C	A	4138	2358	44	1	1	36	0.000241546	4140	0.968788	FALSE	NA	NA	NA	NA	NA	NA
NC_045512.2	11052	A	G	4170	2347	45	1	0	27	0.000239751	4171	1	FALSE	NA	NA	NA	NA	NA	NA
NC_045512.2	11055	G	A	4435	2408	44	2	1	34	0.000450755	4437	0.890757	FALSE	NA	NA	NA	NA	NA	NA
NC_045512.2	11061	A	T	4459	2298	44	1	1	36	0.000224215	4460	0.968803	FALSE	NA	NA	NA	NA	NA	NA
NC_045512.2	11063	T	A	4428	2307	45	1	0	36	0.000225785	4429	0.968803	FALSE	NA	NA	NA	NA	NA	NA
NC_045512.2	11063	T	-G	4428	2307	45	2	0	20	0.000451569	4429	1	FALSE	NA	NA	NA	NA	NA	NA
NC_045512.2	11064	G	A	4267	2170	44	1	1	36	0.000234302	4268	0.968768	FALSE	NA	NA	NA	NA	NA	NA
NC_045512.2	11065	G	T	4351	2238	45	1	1	32	0.000229727	4353	0.968786	FALSE	NA	NA	NA	NA	NA	NA
NC_045512.2	11065	G	C	4351	2238	45	1	1	36	0.000229727	4353	0.968786	FALSE	NA	NA	NA	NA	NA	NA
NC_045512.2	11066	T	C	4156	2064	44	1	0	32	0.000240558	4157	0.968806	FALSE	NA	NA	NA	NA	NA	NA
NC_045512.2	11071	G	A	4254	2267	46	1	1	36	0.000235018	4255	0.968805	FALSE	NA	NA	NA	NA	NA	NA
NC_045512.2	11072	T	C	4214	2245	45	1	0	36	0.000237192	4216	0.968787	FALSE	NA	NA	NA	NA	NA	NA
NC_045512.2	11072	T	A	4214	2245	45	1	0	21	0.000237192	4216	1	FALSE	NA	NA	NA	NA	NA	NA
NC_045512.2	11073	T	A	4205	2249	46	1	1	36	0.000237756	4206	0.968806	FALSE	NA	NA	NA	NA	NA	NA
NC_045512.2	11074	C	A	4233	2325	45	1	0	72	0.000236183	4234	0.500059	FALSE	NA	NA	NA	NA	NA	NA
NC_045512.2	11074	C	-TT	4233	2325	45	1	0	20	0.000236183	4234	1	FALSE	NA	NA	NA	NA	NA	NA
NC_045512.2	11074	C	-T	4233	2325	45	33	0	20	0.00779405	4234	0.883778	FALSE	NA	NA	NA	NA	NA	NA
NC_045512.2	11074	C	+T	4233	2325	45	12	0	20	0.0028342	4234	0.999994	FALSE	NA	NA	NA	NA	NA	NA
NC_045512.2	11075	T	C	4157	2272	46	1	0	72	0.0002405	4158	0.498024	FALSE	NA	NA	NA	NA	NA	NA
NC_045512.2	11082	T	G	4182	2379	46	1	1	32	0.000239006	4184	0.968787	FALSE	NA	NA	NA	NA	NA	NA
NC_045512.2	11082	T	C	4182	2379	46	1	1	68	0.000239006	4184	0.5	FALSE	NA	NA	NA	NA	NA	NA
NC_045512.2	11084	T	C	4221	2451	47	2	1	36	0.000473485	4224	0.890708	FALSE	NA	NA	NA	NA	NA	NA
NC_045512.2	11084	T	A	4221	2451	47	1	1	36	0.000236742	4224	0.968769	FALSE	NA	NA	NA	NA	NA	NA
NC_045512.2	11093	G	T	3540	2165	45	1	0	68	0.000282406	3541	0.500071	FALSE	NA	NA	NA	NA	NA	NA
NC_045512.2	11095	C	T	3674	2226	45	1	1	28	0.000271961	3677	1	FALSE	NA	NA	NA	NA	NA	NA
NC_045512.2	11095	C	G	3674	2226	45	2	1	36	0.000543922	3677	0.812585	FALSE	NA	NA	NA	NA	NA	NA
NC_045512.2	11095	C	-T	3674	2226	45	3	0	20	0.000815883	3677	1	FALSE	NA	NA	NA	NA	NA	NA
NC_045512.2	11097	T	A	3721	2248	45	1	1	36	0.000268673	3722	0.937584	FALSE	NA	NA	NA	NA	NA	NA
NC_045512.2	11100	T	C	3715	2257	45	1	1	36	0.000269107	3716	0.937584	FALSE	NA	NA	NA	NA	NA	NA
NC_045512.2	11101	A	C	3841	2334	46	1	0	32	0.000260281	3842	0.937581	FALSE	NA	NA	NA	NA	NA	NA
NC_045512.2	11106	T	C	3041	1835	46	1094	590	47	0.264571	4135	0	TRUE	NA	NA	NA	NA	NA	NA
NC_045512.2	11110	T	C	4346	2552	47	1	1	36	0.000230044	4347	0.968804	FALSE	NA	NA	NA	NA	NA	NA
NC_045512.2	11110	T	-A	4346	2552	47	1	0	20	0.000230044	4347	1	FALSE	NA	NA	NA	NA	NA	NA
NC_045512.2	11112	T	-G	4354	2639	47	1	0	20	0.000229674	4354	1	FALSE	NA	NA	NA	NA	NA	NA
NC_045512.2	11113	G	T	4862	2771	47	2	2	36	0.0004111	4865	0.890649	FALSE	NA	NA	NA	NA	NA	NA
NC_045512.2	11113	G	A	4862	2771	47	1	1	72	0.00020555	4865	0.499897	FALSE	NA	NA	NA	NA	NA	NA
NC_045512.2	11115	G	T	5187	2975	48	1	0	72	0.000192715	5189	0.5	FALSE	NA	NA	NA	NA	NA	NA
NC_045512.2	11115	G	A	5187	2975	48	1	1	68	0.000192715	5189	0.5	FALSE	NA	NA	NA	NA	NA	NA
NC_045512.2	11117	A	G	5197	3077	48	1	0	36	0.000192382	5198	0.984407	FALSE	NA	NA	NA	NA	NA	NA
NC_045512.2	11118	T	G	5400	3139	49	1	1	72	0.000185151	5401	0.500046	FALSE	NA	NA	NA	NA	NA	NA
NC_045512.2	11118	T	-TA	5400	3139	49	1	0	20	0.000185151	5401	1	FALSE	NA	NA	NA	NA	NA	NA
NC_045512.2	11120	A	T	5460	3257	48	1	1	72	0.000183117	5461	0.5	FALSE	NA	NA	NA	NA	NA	NA
NC_045512.2	11121	T	C	5501	3271	49	1	0	36	0.000181686	5504	0.984388	FALSE	NA	NA	NA	NA	NA	NA
NC_045512.2	11121	T	A	5501	3271	49	2	1	50	0.000363372	5504	0.249977	FALSE	NA	NA	NA	NA	NA	NA
NC_045512.2	11122	T	C	4886	2735	51	1	1	36	0.000204625	4887	0.968798	FALSE	NA	NA	NA	NA	NA	NA
NC_045512.2	11124	C	A	4740	2627	52	1	1	32	0.000210926	4741	0.968799	FALSE	NA	NA	NA	NA	NA	NA
NC_045512.2	11125	T	C	4576	2480	53	1	1	32	0.000218484	4577	0.968801	FALSE	NA	NA	NA	NA	NA	NA
NC_045512.2	11126	A	T	4634	2519	52	1	1	36	0.00021575	4635	0.968801	FALSE	NA	NA	NA	NA	NA	NA
NC_045512.2	11127	T	C	4534	2430	53	1	1	36	0.000220459	4536	0.968784	FALSE	NA	NA	NA	NA	NA	NA
NC_045512.2	11127	T	A	4534	2430	53	1	0	21	0.000220459	4536	1	FALSE	NA	NA	NA	NA	NA	NA
NC_045512.2	11128	G	A	4569	2463	53	1	0	68	0.000218818	4570	0.500055	FALSE	NA	NA	NA	NA	NA	NA
NC_045512.2	11129	T	A	4493	2404	53	2	1	34	0.000444939	4495	0.890755	FALSE	NA	NA	NA	NA	NA	NA
NC_045512.2	11130	C	T	4541	2512	54	1	1	32	0.000220167	4542	0.968802	FALSE	NA	NA	NA	NA	NA	NA
NC_045512.2	11132	G	A	4530	2524	54	2	1	36	0.000441306	4532	0.890754	FALSE	NA	NA	NA	NA	NA	NA
NC_045512.2	11133	C	-T	4553	2559	55	1	0	20	0.000219635	4553	1	FALSE	NA	NA	NA	NA	NA	NA
NC_045512.2	11134	T	C	4538	2552	55	2	2	54	0.000440529	4540	0.249972	FALSE	NA	NA	NA	NA	NA	NA
NC_045512.2	11135	T	A	4491	2532	55	1	0	32	0.000222618	4492	0.968802	FALSE	NA	NA	NA	NA	NA	NA
NC_045512.2	11136	T	C	4514	2565	55	1	0	36	0.000221435	4516	0.968785	FALSE	NA	NA	NA	NA	NA	NA
NC_045512.2	11136	T	A	4514	2565	55	1	1	36	0.000221435	4516	0.968785	FALSE	NA	NA	NA	NA	NA	NA
NC_045512.2	11137	T	C	4493	2575	56	1	0	36	0.000222519	4494	0.968802	FALSE	NA	NA	NA	NA	NA	NA
NC_045512.2	11139	C	T	4618	2669	56	1	1	72	0.000216497	4619	0.500054	FALSE	NA	NA	NA	NA	NA	NA
NC_045512.2	11140	A	T	4623	2708	55	1	0	36	0.000216263	4624	0.968801	FALSE	NA	NA	NA	NA	NA	NA
NC_045512.2	11141	A	T	4613	2742	55	1	1	72	0.000216732	4614	0.500054	FALSE	NA	NA	NA	NA	NA	NA
NC_045512.2	11143	G	T	4668	2781	55	1	1	36	0.000214179	4669	0.9688	FALSE	NA	NA	NA	NA	NA	NA
NC_045512.2	11144	A	G	4686	2824	55	2	2	59	0.000426621	4688	0.250027	FALSE	NA	NA	NA	NA	NA	NA
NC_045512.2	11146	G	T	4696	2859	56	1	0	36	0.000212902	4697	0.9688	FALSE	NA	NA	NA	NA	NA	NA
NC_045512.2	11146	G	-T	4696	2859	56	1	0	20	0.000212902	4697	1	FALSE	NA	NA	NA	NA	NA	NA
NC_045512.2	11148	T	A	4616	2836	57	1	1	36	0.000216591	4617	0.968801	FALSE	NA	NA	NA	NA	NA	NA
NC_045512.2	11149	T	A	4665	2907	57	1	1	72	0.000214316	4666	0.500054	FALSE	NA	NA	NA	NA	NA	NA
NC_045512.2	11151	T	A	4688	2941	57	2	2	53	0.000426439	4690	0.250027	FALSE	NA	NA	NA	NA	NA	NA
NC_045512.2	11153	A	G	4669	2953	58	1	0	54	0.000214133	4670	0.500054	FALSE	NA	NA	NA	NA	NA	NA
NC_045512.2	11155	A	G	4765	3013	57	2	1	54	0.000419463	4768	0.249974	FALSE	NA	NA	NA	NA	NA	NA
NC_045512.2	11155	A	C	4765	3013	57	1	1	36	0.000209732	4768	0.968766	FALSE	NA	NA	NA	NA	NA	NA
NC_045512.2	11156	C	A	4781	3029	57	2	1	54	0.000418148	4783	0.250026	FALSE	NA	NA	NA	NA	NA	NA
NC_045512.2	11157	A	G	4770	3025	58	1	0	27	0.0002096	4771	1	FALSE	NA	NA	NA	NA	NA	NA
NC_045512.2	11159	A	T	4741	3024	58	1	0	28	0.000210881	4742	1	FALSE	NA	NA	NA	NA	NA	NA
NC_045512.2	11162	C	T	4781	3072	57	1	1	36	0.000209118	4782	0.968799	FALSE	NA	NA	NA	NA	NA	NA
NC_045512.2	11163	A	T	4753	3049	58	2	2	36	0.00042061	4755	0.890748	FALSE	NA	NA	NA	NA	NA	NA
NC_045512.2	11164	T	A	4587	2921	58	1	1	36	0.00021796	4588	0.968801	FALSE	NA	NA	NA	NA	NA	NA
NC_045512.2	11166	C	A	4667	2990	58	1	0	72	0.000214225	4668	0.500054	FALSE	NA	NA	NA	NA	NA	NA
NC_045512.2	11167	A	G	4665	2997	58	3	2	60	0.000642674	4668	0.125	FALSE	NA	NA	NA	NA	NA	NA
NC_045512.2	11167	A	-T	4665	2997	58	1	0	20	0.000214225	4668	1	FALSE	NA	NA	NA	NA	NA	NA
NC_045512.2	11168	T	G	4652	2989	58	1	1	36	0.000214823	4655	0.96875	FALSE	NA	NA	NA	NA	NA	NA
NC_045512.2	11168	T	C	4652	2989	58	2	1	52	0.000429646	4655	0.249919	FALSE	NA	NA	NA	NA	NA	NA
NC_045512.2	11170	T	C	4590	2945	58	1	1	32	0.000217817	4591	0.968801	FALSE	NA	NA	NA	NA	NA	NA
NC_045512.2	11171	C	T	4606	2973	58	2	1	54	0.000434028	4608	0.250027	FALSE	NA	NA	NA	NA	NA	NA
NC_045512.2	11172	T	C	4576	2952	58	1	1	36	0.000218484	4577	0.968801	FALSE	NA	NA	NA	NA	NA	NA
NC_045512.2	11177	T	A	4383	2830	59	1	1	36	0.000228102	4384	0.968803	FALSE	NA	NA	NA	NA	NA	NA
NC_045512.2	11179	G	-T	4386	2843	59	1	0	20	0.000227998	4386	1	FALSE	NA	NA	NA	NA	NA	NA
NC_045512.2	11180	T	A	4338	2803	59	1	1	72	0.000230468	4339	0.5	FALSE	NA	NA	NA	NA	NA	NA
NC_045512.2	11182	T	A	4350	2824	59	1	0	28	0.000229832	4351	1	FALSE	NA	NA	NA	NA	NA	NA
NC_045512.2	11184	T	A	4322	2812	59	1	0	72	0.000231321	4323	0.500058	FALSE	NA	NA	NA	NA	NA	NA
NC_045512.2	11184	T	-G	4322	2812	59	1	0	20	0.000231321	4323	1	FALSE	NA	NA	NA	NA	NA	NA
NC_045512.2	11185	G	A	4317	2819	59	2	1	72	0.00046307	4319	0.249971	FALSE	NA	NA	NA	NA	NA	NA
NC_045512.2	11186	T	A	4285	2786	59	1	1	72	0.000233318	4286	0.500058	FALSE	NA	NA	NA	NA	NA	NA
NC_045512.2	11187	T	C	4312	2815	59	1	1	36	0.000231857	4313	0.968804	FALSE	NA	NA	NA	NA	NA	NA
NC_045512.2	11188	A	G	4296	2813	59	1	1	28	0.000232721	4297	1	FALSE	NA	NA	NA	NA	NA	NA
NC_045512.2	11190	C	A	4291	2860	57	4	2	53	0.000931315	4295	0.0624854	FALSE	NA	NA	NA	NA	NA	NA
NC_045512.2	11195	C	A	4233	2859	57	1	1	36	0.000236183	4234	0.968805	FALSE	NA	NA	NA	NA	NA	NA
NC_045512.2	11197	T	A	4108	2773	57	2	2	36	0.000486618	4110	0.890768	FALSE	NA	NA	NA	NA	NA	NA
NC_045512.2	11199	C	T	4104	2818	56	4	4	36	0.00097371	4108	0.636919	FALSE	NA	NA	NA	NA	NA	NA
NC_045512.2	11200	C	T	4096	2876	54	1	1	36	0.000243962	4099	0.968769	FALSE	NA	NA	NA	NA	NA	NA
NC_045512.2	11200	C	G	4096	2876	54	1	0	72	0.000243962	4099	0.499939	FALSE	NA	NA	NA	NA	NA	NA
NC_045512.2	11200	C	A	4096	2876	54	1	1	36	0.000243962	4099	0.968769	FALSE	NA	NA	NA	NA	NA	NA
NC_045512.2	11202	C	T	3742	2656	55	1	0	68	0.000267165	3743	0.500067	FALSE	NA	NA	NA	NA	NA	NA
NC_045512.2	11203	T	C	3688	2610	55	1	1	36	0.000271003	3690	0.937551	FALSE	NA	NA	NA	NA	NA	NA
NC_045512.2	11203	T	A	3688	2610	55	1	1	36	0.000271003	3690	0.937551	FALSE	NA	NA	NA	NA	NA	NA
NC_045512.2	11205	T	A	3677	2608	55	1	1	36	0.000271887	3678	0.937585	FALSE	NA	NA	NA	NA	NA	NA
NC_045512.2	11207	G	T	3594	2556	55	1	0	68	0.000278087	3596	0.5	FALSE	NA	NA	NA	NA	NA	NA
NC_045512.2	11207	G	A	3594	2556	55	1	1	72	0.000278087	3596	0.5	FALSE	NA	NA	NA	NA	NA	NA
NC_045512.2	11210	T	C	3482	2504	54	1	1	32	0.000287109	3483	0.93759	FALSE	NA	NA	NA	NA	NA	NA
NC_045512.2	11213	T	C	3319	2430	54	1	0	72	0.000301205	3320	0.500075	FALSE	NA	NA	NA	NA	NA	NA
NC_045512.2	11218	T	C	3217	2433	51	1	0	72	0.000310752	3218	0.500078	FALSE	NA	NA	NA	NA	NA	NA
NC_045512.2	11219	A	T	3248	2556	49	1	0	72	0.000307598	3251	0.499923	FALSE	NA	NA	NA	NA	NA	NA
NC_045512.2	11219	A	G	3248	2556	49	2	2	72	0.000615195	3251	0.249962	FALSE	NA	NA	NA	NA	NA	NA
NC_045512.2	11220	T	-G	3144	2469	50	1	0	20	0.000318066	3144	1	FALSE	NA	NA	NA	NA	NA	NA
NC_045512.2	11223	T	A	3045	2410	48	1	1	32	0.000328299	3046	0.937603	FALSE	NA	NA	NA	NA	NA	NA
NC_045512.2	11225	T	C	3037	2427	49	1	1	36	0.000329164	3038	0.937603	FALSE	NA	NA	NA	NA	NA	NA
NC_045512.2	11226	A	T	3036	2438	48	1	0	72	0.000329272	3037	0.500082	FALSE	NA	NA	NA	NA	NA	NA
NC_045512.2	11229	T	A	3024	2435	47	1	0	72	0.000330579	3025	0.500083	FALSE	NA	NA	NA	NA	NA	NA
NC_045512.2	11231	C	T	2253	1808	47	1	1	36	0.000443656	2254	0.875166	FALSE	NA	NA	NA	NA	NA	NA
NC_045512.2	11242	G	A	1397	1137	47	1	1	36	0.000715308	1398	0.750268	FALSE	NA	NA	NA	NA	NA	NA
NC_045512.2	11247	T	A	1179	957	48	1	1	36	0.000847458	1180	0.750318	FALSE	NA	NA	NA	NA	NA	NA
NC_045512.2	11250	G	T	1138	936	46	1	1	36	0.000877963	1139	0.750329	FALSE	NA	NA	NA	NA	NA	NA
NC_045512.2	11253	T	A	1062	888	46	2	2	32	0.0018797	1064	0.500353	FALSE	NA	NA	NA	NA	NA	NA
NC_045512.2	11260	A	G	110	94	42	3	3	32	0.0265487	113	0.124993	FALSE	NA	NA	NA	NA	NA	NA
NC_045512.2	11287	G	-TCTGGTTTT	1	1	36	1	0	20	1	1	1	FALSE	NA	NA	NA	NA	NA	NA
NC_045512.2	11750	C	T	0	0	0	2	0	52	1	2	0.333333	FALSE	NA	NA	NA	NA	NA	NA
NC_045512.2	11830	A	-G	4	2	53	1	0	20	0.25	4	0.625	FALSE	NA	NA	NA	NA	NA	NA
NC_045512.2	11835	C	-T	31	8	45	1	0	20	0.0322581	31	0.516129	FALSE	NA	NA	NA	NA	NA	NA
NC_045512.2	11881	A	C	104	31	54	1	0	36	0.00952381	105	0.502392	FALSE	NA	NA	NA	NA	NA	NA
NC_045512.2	11902	C	T	112	37	56	1	0	72	0.00884956	113	0.502222	FALSE	NA	NA	NA	NA	NA	NA
NC_045512.2	11949	A	T	106	35	51	1	0	63	0.00934579	107	0.502347	FALSE	NA	NA	NA	NA	NA	NA
NC_045512.2	11956	C	T	0	0	0	92	32	51	1	92	1.38858e-54	TRUE	NA	NA	NA	NA	NA	NA
NC_045512.2	11994	A	T	91	30	42	1	0	36	0.0108696	92	0.502732	FALSE	NA	NA	NA	NA	NA	NA
NC_045512.2	12088	A	T	87	61	44	1	0	72	0.0113636	88	0.502857	FALSE	NA	NA	NA	NA	NA	NA
NC_045512.2	12103	A	G	89	61	44	1	0	64	0.0111111	90	0.502793	FALSE	NA	NA	NA	NA	NA	NA
NC_045512.2	12129	C	T	95	58	44	1	1	36	0.0104167	96	0.502618	FALSE	NA	NA	NA	NA	NA	NA
NC_045512.2	12162	A	T	83	35	47	1	0	36	0.0119048	84	0.502994	FALSE	NA	NA	NA	NA	NA	NA
NC_045512.2	12170	G	A	132	43	45	1	0	72	0.0075188	133	0.501887	FALSE	NA	NA	NA	NA	NA	NA
NC_045512.2	12217	G	T	172	87	52	1	0	36	0.00578035	173	0.501449	FALSE	NA	NA	NA	NA	NA	NA
NC_045512.2	12222	T	C	157	76	54	1	1	32	0.00632911	158	0.501587	FALSE	NA	NA	NA	NA	NA	NA
NC_045512.2	12224	G	T	166	83	54	1	0	64	0.00598802	167	0.501502	FALSE	NA	NA	NA	NA	NA	NA
NC_045512.2	12266	T	C	169	109	49	1	1	36	0.00588235	170	0.501475	FALSE	NA	NA	NA	NA	NA	NA
NC_045512.2	12326	A	T	58	42	40	2	1	36	0.0333333	60	0.252101	FALSE	NA	NA	NA	NA	NA	NA
NC_045512.2	12397	A	G	0	0	0	12	6	49	1	12	7.39602e-07	TRUE	NA	NA	NA	NA	NA	NA
NC_045512.2	12491	G	T	11	6	42	1	0	36	0.0833333	12	0.521739	FALSE	NA	NA	NA	NA	NA	NA
NC_045512.2	12535	T	-TA	10	5	43	1	0	20	0.1	10	0.55	FALSE	NA	NA	NA	NA	NA	NA
NC_045512.2	12730	T	A	0	0	0	8	5	54	1	8	0.0001554	TRUE	NA	NA	NA	NA	NA	NA
NC_045512.2	13572	T	A	192	63	54	1	0	72	0.00518135	193	0.501299	FALSE	NA	NA	NA	NA	NA	NA
NC_045512.2	13582	T	G	187	66	56	1	1	72	0.00531915	188	0.501333	FALSE	NA	NA	NA	NA	NA	NA
NC_045512.2	13588	A	C	183	69	58	1	0	36	0.00543478	184	0.501362	FALSE	NA	NA	NA	NA	NA	NA
NC_045512.2	13616	A	G	154	78	51	1	1	36	0.00645161	155	0.501618	FALSE	NA	NA	NA	NA	NA	NA
NC_045512.2	13628	A	T	147	79	50	1	1	28	0.00675676	148	0.752542	FALSE	NA	NA	NA	NA	NA	NA
NC_045512.2	13629	C	A	148	78	50	1	1	36	0.00671141	149	0.501684	FALSE	NA	NA	NA	NA	NA	NA
NC_045512.2	13633	T	A	147	80	50	1	1	36	0.00675676	148	0.501695	FALSE	NA	NA	NA	NA	NA	NA
NC_045512.2	13653	A	G	80	44	43	1	0	36	0.0123457	81	0.503106	FALSE	NA	NA	NA	NA	NA	NA
NC_045512.2	13696	A	T	77	39	43	1	1	36	0.0128205	78	0.503226	FALSE	NA	NA	NA	NA	NA	NA
NC_045512.2	13727	T	C	79	40	44	1	0	32	0.0125	80	0.503145	FALSE	NA	NA	NA	NA	NA	NA
NC_045512.2	13805	A	G	72	39	44	1	1	36	0.0136986	73	0.503448	FALSE	NA	NA	NA	NA	NA	NA
NC_045512.2	13914	T	-A	84	43	52	1	0	20	0.0119048	84	0.505952	FALSE	NA	NA	NA	NA	NA	NA
NC_045512.2	13961	T	A	70	36	53	1	1	36	0.0140845	71	0.503546	FALSE	NA	NA	NA	NA	NA	NA
NC_045512.2	13990	C	T	64	34	48	1	1	36	0.0153846	65	0.503876	FALSE	NA	NA	NA	NA	NA	NA
NC_045512.2	14408	C	T	0	0	0	4	2	36	1	4	0.0285714	FALSE	NA	NA	NA	NA	NA	NA
NC_045512.2	14749	T	A	124	39	51	1	1	72	0.008	125	0.502008	FALSE	NA	NA	NA	NA	NA	NA
NC_045512.2	14812	T	C	72	34	53	39	14	41	0.351351	111	3.77489e-14	TRUE	NA	NA	NA	NA	NA	NA
NC_045512.2	14820	A	T	102	48	47	1	1	36	0.00970874	103	0.502439	FALSE	NA	NA	NA	NA	NA	NA
NC_045512.2	14832	T	G	117	51	48	1	0	36	0.00847458	118	0.502128	FALSE	NA	NA	NA	NA	NA	NA
NC_045512.2	14856	A	G	78	31	48	38	16	49	0.327586	116	1.14544e-13	TRUE	NA	NA	NA	NA	NA	NA
NC_045512.2	14859	T	A	116	49	48	1	0	46	0.00854701	117	0.502146	FALSE	NA	NA	NA	NA	NA	NA
NC_045512.2	14863	G	T	118	52	49	1	0	72	0.00840336	119	0.50211	FALSE	NA	NA	NA	NA	NA	NA
NC_045512.2	14868	T	C	119	51	49	1	1	27	0.00833333	120	0.753138	FALSE	NA	NA	NA	NA	NA	NA
NC_045512.2	14891	A	G	126	54	47	1	0	72	0.00787402	127	0.501976	FALSE	NA	NA	NA	NA	NA	NA
NC_045512.2	14908	G	+CCTGT	146	74	47	1	0	20	0.00684932	146	0.754272	FALSE	NA	NA	NA	NA	NA	NA
NC_045512.2	14918	T	A	135	68	48	1	0	36	0.00735294	136	0.501845	FALSE	NA	NA	NA	NA	NA	NA
NC_045512.2	14929	A	T	132	69	49	1	1	36	0.0075188	133	0.501887	FALSE	NA	NA	NA	NA	NA	NA
NC_045512.2	14948	G	T	96	50	47	32	18	47	0.25	128	2.89971e-11	TRUE	NA	NA	NA	NA	NA	NA
NC_045512.2	14958	T	C	116	61	47	1	0	36	0.00854701	117	0.502146	FALSE	NA	NA	NA	NA	NA	NA
NC_045512.2	15026	C	A	107	62	47	1	1	36	0.00925926	108	0.502326	FALSE	NA	NA	NA	NA	NA	NA
NC_045512.2	15065	T	A	140	79	53	1	1	68	0.0070922	141	0.501779	FALSE	NA	NA	NA	NA	NA	NA
NC_045512.2	15451	G	A	0	0	0	178	40	49	1	178	3.22434e-106	TRUE	NA	NA	NA	NA	NA	NA
NC_045512.2	15473	G	T	427	99	52	1	0	36	0.00233645	428	0.500585	FALSE	NA	NA	NA	NA	NA	NA
NC_045512.2	15475	G	A	429	109	53	1	0	36	0.00232558	430	0.500582	FALSE	NA	NA	NA	NA	NA	NA
NC_045512.2	15494	C	T	583	171	55	1	0	72	0.00171233	584	0.500428	FALSE	NA	NA	NA	NA	NA	NA
NC_045512.2	15495	C	T	581	171	55	1	0	36	0.00171821	582	0.50043	FALSE	NA	NA	NA	NA	NA	NA
NC_045512.2	15499	A	G	599	180	54	1	0	72	0.00166667	600	0.500417	FALSE	NA	NA	NA	NA	NA	NA
NC_045512.2	15529	T	A	735	245	56	1	0	72	0.0013587	736	0.50034	FALSE	NA	NA	NA	NA	NA	NA
NC_045512.2	15531	T	C	740	250	57	1	0	72	0.00134953	741	0.500338	FALSE	NA	NA	NA	NA	NA	NA
NC_045512.2	15536	C	A	733	255	57	1	1	72	0.0013624	734	0.500341	FALSE	NA	NA	NA	NA	NA	NA
NC_045512.2	15541	A	G	724	261	57	2	1	36	0.00275482	726	0.250172	FALSE	NA	NA	NA	NA	NA	NA
NC_045512.2	15544	G	T	722	280	57	1	1	72	0.00138122	724	0.5	FALSE	NA	NA	NA	NA	NA	NA
NC_045512.2	15544	G	A	722	280	57	1	0	72	0.00138122	724	0.5	FALSE	NA	NA	NA	NA	NA	NA
NC_045512.2	15545	C	T	721	283	57	1	1	72	0.00138504	722	0.500347	FALSE	NA	NA	NA	NA	NA	NA
NC_045512.2	15547	A	T	698	279	57	1	0	72	0.00143062	699	0.500358	FALSE	NA	NA	NA	NA	NA	NA
NC_045512.2	15549	T	A	694	285	57	1	0	68	0.00143885	695	0.50036	FALSE	NA	NA	NA	NA	NA	NA
NC_045512.2	15559	C	G	619	262	55	1	0	21	0.0016129	620	0.992363	FALSE	NA	NA	NA	NA	NA	NA
NC_045512.2	15569	C	T	757	319	51	1	0	72	0.00131926	758	0.50033	FALSE	NA	NA	NA	NA	NA	NA
NC_045512.2	15572	A	T	710	293	51	1	0	72	0.00140647	711	0.500352	FALSE	NA	NA	NA	NA	NA	NA
NC_045512.2	15600	C	A	539	296	43	1	1	36	0.00185185	540	0.500463	FALSE	NA	NA	NA	NA	NA	NA
NC_045512.2	15609	A	G	529	302	42	1	0	72	0.00188679	530	0.500472	FALSE	NA	NA	NA	NA	NA	NA
NC_045512.2	15611	A	G	553	328	44	1	0	36	0.00180505	554	0.500452	FALSE	NA	NA	NA	NA	NA	NA
NC_045512.2	15626	A	G	633	336	43	1	1	32	0.00157729	634	0.500395	FALSE	NA	NA	NA	NA	NA	NA
NC_045512.2	15629	G	C	569	279	43	1	1	32	0.00175439	570	0.500439	FALSE	NA	NA	NA	NA	NA	NA
NC_045512.2	15632	T	C	563	275	44	1	0	27	0.00177305	564	0.984665	FALSE	NA	NA	NA	NA	NA	NA
NC_045512.2	15640	A	T	576	301	44	1	1	36	0.0017331	577	0.500434	FALSE	NA	NA	NA	NA	NA	NA
NC_045512.2	15654	C	T	590	282	45	1	0	36	0.00169205	591	0.500423	FALSE	NA	NA	NA	NA	NA	NA
NC_045512.2	15662	T	C	540	238	46	1	0	41	0.00184843	541	0.500463	FALSE	NA	NA	NA	NA	NA	NA
NC_045512.2	15669	T	A	505	225	47	1	1	36	0.00197628	506	0.500495	FALSE	NA	NA	NA	NA	NA	NA
NC_045512.2	15679	G	C	512	241	44	1	1	36	0.00194553	514	0.5	FALSE	NA	NA	NA	NA	NA	NA
NC_045512.2	15679	G	A	512	241	44	1	0	32	0.00194553	514	0.5	FALSE	NA	NA	NA	NA	NA	NA
NC_045512.2	15714	C	T	1	0	36	593	262	48	0.998316	594	0	TRUE	NA	NA	NA	NA	NA	NA
NC_045512.2	15717	T	G	583	259	48	1	1	72	0.0017094	585	0.5	FALSE	NA	NA	NA	NA	NA	NA
NC_045512.2	15717	T	C	583	259	48	1	0	72	0.0017094	585	0.5	FALSE	NA	NA	NA	NA	NA	NA
NC_045512.2	15733	T	C	563	255	49	1	0	36	0.00177305	564	0.500444	FALSE	NA	NA	NA	NA	NA	NA
NC_045512.2	15736	T	C	551	245	49	1	0	36	0.00181159	552	0.500453	FALSE	NA	NA	NA	NA	NA	NA
NC_045512.2	15738	C	T	0	0	0	558	251	48	1	558	0	TRUE	NA	NA	NA	NA	NA	NA
NC_045512.2	15753	A	T	550	260	49	1	1	72	0.00181488	551	0.500454	FALSE	NA	NA	NA	NA	NA	NA
NC_045512.2	15756	T	-C	560	256	48	1	0	20	0.00178571	560	0.984749	FALSE	NA	NA	NA	NA	NA	NA
NC_045512.2	15758	A	G	560	262	49	1	0	72	0.00178253	561	0.500446	FALSE	NA	NA	NA	NA	NA	NA
NC_045512.2	15773	G	A	552	290	46	1	0	72	0.00180832	553	0.500452	FALSE	NA	NA	NA	NA	NA	NA
NC_045512.2	15781	A	G	484	316	43	1	0	32	0.00206186	485	0.500516	FALSE	NA	NA	NA	NA	NA	NA
NC_045512.2	15788	A	T	543	304	44	1	1	36	0.00183824	544	0.50046	FALSE	NA	NA	NA	NA	NA	NA
NC_045512.2	15792	A	T	519	286	44	1	0	72	0.00192308	520	0.500481	FALSE	NA	NA	NA	NA	NA	NA
NC_045512.2	15798	T	C	507	258	45	1	0	36	0.0019685	508	0.500493	FALSE	NA	NA	NA	NA	NA	NA
NC_045512.2	15817	T	A	589	338	49	1	1	72	0.00169492	590	0.500424	FALSE	NA	NA	NA	NA	NA	NA
NC_045512.2	15826	G	-A	581	349	49	1	0	20	0.00172117	581	0.984736	FALSE	NA	NA	NA	NA	NA	NA
NC_045512.2	15829	G	T	593	354	49	1	1	68	0.0016835	594	0.500421	FALSE	NA	NA	NA	NA	NA	NA
NC_045512.2	15832	A	G	589	364	49	1	1	72	0.00169492	590	0.500424	FALSE	NA	NA	NA	NA	NA	NA
NC_045512.2	15840	G	T	647	375	49	1	0	21	0.00154321	648	0.992355	FALSE	NA	NA	NA	NA	NA	NA
NC_045512.2	15850	G	T	637	357	49	1	1	36	0.0015674	638	0.500392	FALSE	NA	NA	NA	NA	NA	NA
NC_045512.2	15852	C	A	637	365	48	1	0	32	0.0015674	638	0.500392	FALSE	NA	NA	NA	NA	NA	NA
NC_045512.2	15856	A	G	608	345	49	1	1	72	0.00164204	609	0.500411	FALSE	NA	NA	NA	NA	NA	NA
NC_045512.2	15859	A	G	596	340	48	1	1	72	0.00167504	597	0.500419	FALSE	NA	NA	NA	NA	NA	NA
NC_045512.2	15869	A	G	512	284	49	1	1	36	0.00194932	513	0.500488	FALSE	NA	NA	NA	NA	NA	NA
NC_045512.2	15871	G	A	514	285	48	1	1	72	0.00194175	515	0.500486	FALSE	NA	NA	NA	NA	NA	NA
NC_045512.2	15879	C	T	463	256	49	1	1	36	0.00215517	464	0.500539	FALSE	NA	NA	NA	NA	NA	NA
NC_045512.2	15880	T	C	462	257	49	1	1	36	0.00215983	463	0.500541	FALSE	NA	NA	NA	NA	NA	NA
NC_045512.2	15881	C	T	464	261	49	1	1	36	0.00215054	465	0.500538	FALSE	NA	NA	NA	NA	NA	NA
NC_045512.2	15884	A	G	455	258	50	1	0	28	0.00219298	456	0.969263	FALSE	NA	NA	NA	NA	NA	NA
NC_045512.2	15893	T	A	578	323	47	1	0	36	0.00172712	579	0.500432	FALSE	NA	NA	NA	NA	NA	NA
NC_045512.2	15896	T	A	576	321	47	2	1	52	0.00346021	578	0.250216	FALSE	NA	NA	NA	NA	NA	NA
NC_045512.2	15907	G	T	570	323	45	1	0	72	0.00175131	571	0.500438	FALSE	NA	NA	NA	NA	NA	NA
NC_045512.2	15923	A	T	437	280	49	1	1	36	0.00228311	438	0.500571	FALSE	NA	NA	NA	NA	NA	NA
NC_045512.2	15929	C	G	481	298	49	1	0	21	0.00207469	482	0.969235	FALSE	NA	NA	NA	NA	NA	NA
NC_045512.2	15937	G	A	504	320	49	1	1	72	0.0019802	505	0.500496	FALSE	NA	NA	NA	NA	NA	NA
NC_045512.2	15938	A	T	494	322	48	1	0	36	0.0020202	495	0.500506	FALSE	NA	NA	NA	NA	NA	NA
NC_045512.2	15939	T	C	0	0	0	510	325	50	1	510	7.1269e-306	TRUE	NA	NA	NA	NA	NA	NA
NC_045512.2	15954	A	G	499	320	48	1	0	28	0.002	500	0.984609	FALSE	NA	NA	NA	NA	NA	NA
NC_045512.2	15966	T	C	452	283	49	1	0	72	0.00220751	453	0.500552	FALSE	NA	NA	NA	NA	NA	NA
NC_045512.2	15974	A	T	409	244	51	1	1	72	0.00243902	410	0.500611	FALSE	NA	NA	NA	NA	NA	NA
NC_045512.2	15980	T	A	385	227	53	1	1	36	0.00259067	386	0.500649	FALSE	NA	NA	NA	NA	NA	NA
NC_045512.2	15982	G	A	378	224	51	1	1	72	0.00263852	379	0.500661	FALSE	NA	NA	NA	NA	NA	NA
NC_045512.2	15991	G	T	361	214	51	1	0	72	0.00276243	362	0.500692	FALSE	NA	NA	NA	NA	NA	NA
NC_045512.2	16006	A	T	293	153	53	2	0	32	0.00677966	295	0.250424	FALSE	NA	NA	NA	NA	NA	NA
NC_045512.2	16084	C	G	155	60	49	1	0	72	0.00641026	156	0.501608	FALSE	NA	NA	NA	NA	NA	NA
NC_045512.2	16129	G	T	130	77	47	1	0	72	0.00763359	131	0.501916	FALSE	NA	NA	NA	NA	NA	NA
NC_045512.2	16264	T	A	192	92	52	1	0	36	0.00518135	193	0.501299	FALSE	NA	NA	NA	NA	NA	NA
NC_045512.2	16270	A	T	195	100	51	1	0	32	0.00510204	196	0.501279	FALSE	NA	NA	NA	NA	NA	NA
NC_045512.2	16291	T	A	828	274	51	1	1	68	0.00120627	829	0.500302	FALSE	NA	NA	NA	NA	NA	NA
NC_045512.2	16292	G	C	871	298	51	1	0	32	0.00114679	872	0.500287	FALSE	NA	NA	NA	NA	NA	NA
NC_045512.2	16293	C	T	909	312	52	1	1	72	0.0010989	910	0.500275	FALSE	NA	NA	NA	NA	NA	NA
NC_045512.2	16297	C	T	1489	500	53	1	0	68	0.000671141	1490	0.500168	FALSE	NA	NA	NA	NA	NA	NA
NC_045512.2	16300	A	G	1489	519	55	1	0	36	0.000671141	1490	0.750252	FALSE	NA	NA	NA	NA	NA	NA
NC_045512.2	16305	A	T	1710	601	56	1	0	32	0.000584454	1711	0.750219	FALSE	NA	NA	NA	NA	NA	NA
NC_045512.2	16306	T	C	1913	646	55	1	0	36	0.000522466	1914	0.750196	FALSE	NA	NA	NA	NA	NA	NA
NC_045512.2	16307	T	C	1920	655	55	1	1	72	0.000520562	1921	0.50013	FALSE	NA	NA	NA	NA	NA	NA
NC_045512.2	16309	T	C	1945	686	56	1	0	72	0.000513875	1946	0.500129	FALSE	NA	NA	NA	NA	NA	NA
NC_045512.2	16312	T	C	1949	710	57	1	1	64	0.000512821	1950	0.500128	FALSE	NA	NA	NA	NA	NA	NA
NC_045512.2	16314	T	A	1971	724	58	1	0	68	0.000507099	1972	0.500127	FALSE	NA	NA	NA	NA	NA	NA
NC_045512.2	16315	T	-G	1996	737	58	1	0	20	0.000501002	1996	0.999999	FALSE	NA	NA	NA	NA	NA	NA
NC_045512.2	16316	G	A	2020	747	58	1	1	72	0.000494805	2021	0.5	FALSE	NA	NA	NA	NA	NA	NA
NC_045512.2	16317	T	C	2021	749	58	1	0	72	0.000494315	2023	0.5	FALSE	NA	NA	NA	NA	NA	NA
NC_045512.2	16317	T	A	2021	749	58	1	1	72	0.000494315	2023	0.5	FALSE	NA	NA	NA	NA	NA	NA
NC_045512.2	16319	A	T	2021	760	59	1	0	36	0.00049456	2022	0.875185	FALSE	NA	NA	NA	NA	NA	NA
NC_045512.2	16322	G	A	2067	776	58	1	0	72	0.000483559	2068	0.500121	FALSE	NA	NA	NA	NA	NA	NA
NC_045512.2	16324	T	C	2096	793	59	1	1	28	0.000476872	2097	1	FALSE	NA	NA	NA	NA	NA	NA
NC_045512.2	16325	G	T	2270	837	58	1	1	72	0.000440141	2272	0.5	FALSE	NA	NA	NA	NA	NA	NA
NC_045512.2	16325	G	A	2270	837	58	1	0	32	0.000440141	2272	0.875083	FALSE	NA	NA	NA	NA	NA	NA
NC_045512.2	16326	T	A	2270	835	58	1	0	72	0.000440335	2271	0.50011	FALSE	NA	NA	NA	NA	NA	NA
NC_045512.2	16329	C	A	2293	882	59	1	0	21	0.00043592	2294	1	FALSE	NA	NA	NA	NA	NA	NA
NC_045512.2	16330	G	C	2312	899	59	1	1	68	0.000432152	2314	0.5	FALSE	NA	NA	NA	NA	NA	NA
NC_045512.2	16330	G	A	2312	899	59	1	0	72	0.000432152	2314	0.5	FALSE	NA	NA	NA	NA	NA	NA
NC_045512.2	16331	A	T	2311	914	59	2	1	67	0.000864678	2313	0.250054	FALSE	NA	NA	NA	NA	NA	NA
NC_045512.2	16333	C	T	2333	926	60	1	0	32	0.000428449	2334	0.875161	FALSE	NA	NA	NA	NA	NA	NA
NC_045512.2	16334	A	G	2351	928	60	1	1	72	0.00042517	2352	0.500106	FALSE	NA	NA	NA	NA	NA	NA
NC_045512.2	16341	A	T	2603	1027	60	1	1	72	0.000383877	2605	0.5	FALSE	NA	NA	NA	NA	NA	NA
NC_045512.2	16341	A	G	2603	1027	60	1	0	72	0.000383877	2605	0.5	FALSE	NA	NA	NA	NA	NA	NA
NC_045512.2	16342	T	C	1	0	72	2608	1026	60	0.999617	2609	0	TRUE	NA	NA	NA	NA	NA	NA
NC_045512.2	16344	A	G	2595	1027	60	1	0	36	0.000385208	2596	0.875144	FALSE	NA	NA	NA	NA	NA	NA
NC_045512.2	16346	C	T	2617	1037	60	1	1	72	0.000381825	2619	0.5	FALSE	NA	NA	NA	NA	NA	NA
NC_045512.2	16346	C	A	2617	1037	60	1	0	36	0.000381825	2619	0.875072	FALSE	NA	NA	NA	NA	NA	NA
NC_045512.2	16348	T	C	2626	1045	60	1	0	72	0.000380662	2627	0.500095	FALSE	NA	NA	NA	NA	NA	NA
NC_045512.2	16360	G	A	2810	1151	61	1	0	32	0.000355745	2811	0.875133	FALSE	NA	NA	NA	NA	NA	NA
NC_045512.2	16361	T	C	2807	1153	61	1	0	72	0.000355999	2809	0.5	FALSE	NA	NA	NA	NA	NA	NA
NC_045512.2	16361	T	A	2807	1153	61	1	0	72	0.000355999	2809	0.5	FALSE	NA	NA	NA	NA	NA	NA
NC_045512.2	16363	T	C	2813	1166	61	1	0	63	0.000355366	2814	0.500089	FALSE	NA	NA	NA	NA	NA	NA
NC_045512.2	16364	T	C	2802	1161	61	1	0	72	0.000356761	2803	0.500089	FALSE	NA	NA	NA	NA	NA	NA
NC_045512.2	16365	G	A	2809	1166	61	1	0	72	0.000355872	2810	0.500089	FALSE	NA	NA	NA	NA	NA	NA
NC_045512.2	16368	T	C	2914	1201	61	2	1	49	0.000685871	2916	0.250043	FALSE	NA	NA	NA	NA	NA	NA
NC_045512.2	16369	G	T	2933	1208	61	1	0	68	0.000340832	2934	0.500085	FALSE	NA	NA	NA	NA	NA	NA
NC_045512.2	16370	T	A	2928	1203	61	1	1	36	0.000341413	2929	0.875128	FALSE	NA	NA	NA	NA	NA	NA
NC_045512.2	16376	C	T	2871	1199	58	1	0	72	0.000348189	2872	0.500087	FALSE	NA	NA	NA	NA	NA	NA
NC_045512.2	16382	T	C	2778	1164	59	1	1	41	0.000359842	2779	0.50009	FALSE	NA	NA	NA	NA	NA	NA
NC_045512.2	16386	C	T	2770	1176	58	1	0	36	0.000360881	2771	0.875135	FALSE	NA	NA	NA	NA	NA	NA
NC_045512.2	16387	A	G	2762	1181	59	1	1	72	0.000361795	2764	0.5	FALSE	NA	NA	NA	NA	NA	NA
NC_045512.2	16387	A	C	2762	1181	59	1	0	36	0.000361795	2764	0.875068	FALSE	NA	NA	NA	NA	NA	NA
NC_045512.2	16388	A	T	2751	1188	58	1	1	72	0.00036324	2753	0.5	FALSE	NA	NA	NA	NA	NA	NA
NC_045512.2	16388	A	G	2751	1188	58	1	1	36	0.00036324	2753	0.875068	FALSE	NA	NA	NA	NA	NA	NA
NC_045512.2	16390	G	A	2716	1175	58	1	0	72	0.000368053	2717	0.500092	FALSE	NA	NA	NA	NA	NA	NA
NC_045512.2	16392	T	C	2694	1177	58	1	0	36	0.000371058	2695	0.875139	FALSE	NA	NA	NA	NA	NA	NA
NC_045512.2	16394	C	T	2676	1213	56	1	0	68	0.000373413	2678	0.5	FALSE	NA	NA	NA	NA	NA	NA
NC_045512.2	16394	C	A	2676	1213	56	1	0	36	0.000373413	2678	0.87507	FALSE	NA	NA	NA	NA	NA	NA
NC_045512.2	16395	A	G	2677	1219	57	1	0	36	0.000373413	2678	0.87514	FALSE	NA	NA	NA	NA	NA	NA
NC_045512.2	16396	G	T	2673	1220	57	1	1	36	0.000373972	2674	0.87514	FALSE	NA	NA	NA	NA	NA	NA
NC_045512.2	16398	T	C	2629	1199	55	1	0	68	0.000380228	2630	0.500095	FALSE	NA	NA	NA	NA	NA	NA
NC_045512.2	16399	T	C	2296	996	57	1	1	36	0.00043535	2297	0.875163	FALSE	NA	NA	NA	NA	NA	NA
NC_045512.2	16401	T	C	1766	770	55	506	242	54	0.222613	2273	7.99933e-167	TRUE	NA	NA	NA	NA	NA	NA
NC_045512.2	16401	T	A	1766	770	55	1	0	68	0.000439947	2273	0.437485	FALSE	NA	NA	NA	NA	NA	NA
NC_045512.2	16403	A	G	2250	1048	55	2	1	72	0.000888099	2252	0.250056	FALSE	NA	NA	NA	NA	NA	NA
NC_045512.2	16404	T	A	2210	1040	55	1	1	72	0.000452284	2211	0.500113	FALSE	NA	NA	NA	NA	NA	NA
NC_045512.2	16405	G	C	2190	1035	55	1	1	36	0.000456204	2192	0.875086	FALSE	NA	NA	NA	NA	NA	NA
NC_045512.2	16405	G	A	2190	1035	55	1	0	72	0.000456204	2192	0.5	FALSE	NA	NA	NA	NA	NA	NA
NC_045512.2	16406	T	C	2020	935	54	1	0	63	0.000494805	2021	0.500124	FALSE	NA	NA	NA	NA	NA	NA
NC_045512.2	16409	C	T	2018	954	54	1	0	72	0.000495295	2019	0.500124	FALSE	NA	NA	NA	NA	NA	NA
NC_045512.2	16410	A	G	2009	957	54	2	0	68	0.000994036	2012	0.249938	FALSE	NA	NA	NA	NA	NA	NA
NC_045512.2	16410	A	C	2009	957	54	1	1	68	0.000497018	2012	0.499876	FALSE	NA	NA	NA	NA	NA	NA
NC_045512.2	16411	G	C	2008	964	54	1	0	72	0.00049776	2009	0.500124	FALSE	NA	NA	NA	NA	NA	NA
NC_045512.2	16413	T	A	2223	996	52	1	1	72	0.00044964	2224	0.500112	FALSE	NA	NA	NA	NA	NA	NA
NC_045512.2	16416	G	T	2055	901	51	1	0	36	0.000486381	2056	0.875182	FALSE	NA	NA	NA	NA	NA	NA
NC_045512.2	16417	A	T	2047	913	51	1	0	72	0.000488043	2049	0.5	FALSE	NA	NA	NA	NA	NA	NA
NC_045512.2	16417	A	G	2047	913	51	1	0	32	0.000488043	2049	0.875092	FALSE	NA	NA	NA	NA	NA	NA
NC_045512.2	16421	A	G	2015	913	50	1	0	32	0.000496032	2016	0.875186	FALSE	NA	NA	NA	NA	NA	NA
NC_045512.2	16423	C	-T	2092	950	50	1	0	20	0.000478011	2092	1	FALSE	NA	NA	NA	NA	NA	NA
NC_045512.2	16426	T	A	2072	931	50	1	1	36	0.000482393	2073	0.875181	FALSE	NA	NA	NA	NA	NA	NA
NC_045512.2	16427	A	T	2101	948	50	1	0	36	0.000475737	2102	0.875178	FALSE	NA	NA	NA	NA	NA	NA
NC_045512.2	16428	C	T	2110	952	49	1	1	72	0.000473709	2111	0.500118	FALSE	NA	NA	NA	NA	NA	NA
NC_045512.2	16430	T	-A	2069	928	49	1	0	20	0.000483325	2069	1	FALSE	NA	NA	NA	NA	NA	NA
NC_045512.2	16431	A	-G	1960	914	48	1	0	20	0.000509944	1961	0.999999	FALSE	NA	NA	NA	NA	NA	NA
NC_045512.2	16434	A	T	1956	948	48	1	0	36	0.000510986	1957	0.750192	FALSE	NA	NA	NA	NA	NA	NA
NC_045512.2	16439	T	A	2034	948	47	1	0	32	0.0004914	2035	0.875184	FALSE	NA	NA	NA	NA	NA	NA
NC_045512.2	16443	C	T	2122	1019	46	1	1	36	0.000471032	2123	0.875177	FALSE	NA	NA	NA	NA	NA	NA
NC_045512.2	16446	T	C	1932	904	47	1	1	72	0.000517063	1934	0.5	FALSE	NA	NA	NA	NA	NA	NA
NC_045512.2	16446	T	A	1932	904	47	1	0	72	0.000517063	1934	0.5	FALSE	NA	NA	NA	NA	NA	NA
NC_045512.2	16447	T	G	1930	906	46	1	1	64	0.000517866	1931	0.50013	FALSE	NA	NA	NA	NA	NA	NA
NC_045512.2	16449	T	C	1912	943	46	1	0	32	0.000522739	1913	0.750196	FALSE	NA	NA	NA	NA	NA	NA
NC_045512.2	16450	T	C	1887	930	46	1	0	36	0.000529661	1888	0.750199	FALSE	NA	NA	NA	NA	NA	NA
NC_045512.2	16451	G	T	1896	941	46	1	0	72	0.000527148	1897	0.500132	FALSE	NA	NA	NA	NA	NA	NA
NC_045512.2	16452	T	C	1800	860	47	1	1	32	0.000555247	1801	0.750208	FALSE	NA	NA	NA	NA	NA	NA
NC_045512.2	16452	T	-A	1800	860	47	1	0	20	0.000555247	1801	0.999998	FALSE	NA	NA	NA	NA	NA	NA
NC_045512.2	16456	T	A	1780	864	46	1	1	64	0.000561482	1781	0.50014	FALSE	NA	NA	NA	NA	NA	NA
NC_045512.2	16457	C	A	1790	853	46	1	0	32	0.000558347	1791	0.750209	FALSE	NA	NA	NA	NA	NA	NA
NC_045512.2	16458	A	G	1794	839	46	1	1	68	0.000557103	1795	0.500139	FALSE	NA	NA	NA	NA	NA	NA
NC_045512.2	16462	A	G	1810	856	46	1	1	36	0.000552181	1811	0.750207	FALSE	NA	NA	NA	NA	NA	NA
NC_045512.2	16464	A	T	1761	863	45	1	1	36	0.000567215	1763	0.750071	FALSE	NA	NA	NA	NA	NA	NA
NC_045512.2	16464	A	G	1761	863	45	1	0	36	0.000567215	1763	0.750071	FALSE	NA	NA	NA	NA	NA	NA
NC_045512.2	16465	C	T	1812	870	46	1	0	72	0.000551572	1813	0.500138	FALSE	NA	NA	NA	NA	NA	NA
NC_045512.2	16468	C	T	1804	835	45	1	0	68	0.000554017	1805	0.500139	FALSE	NA	NA	NA	NA	NA	NA
NC_045512.2	16476	T	G	1819	818	46	1	1	36	0.000549149	1821	0.750069	FALSE	NA	NA	NA	NA	NA	NA
NC_045512.2	16476	T	C	1819	818	46	1	1	72	0.000549149	1821	0.5	FALSE	NA	NA	NA	NA	NA	NA
NC_045512.2	16478	T	C	1809	794	47	1	1	36	0.000552486	1810	0.750207	FALSE	NA	NA	NA	NA	NA	NA
NC_045512.2	16479	T	G	1824	812	47	1	1	72	0.000547945	1825	0.500137	FALSE	NA	NA	NA	NA	NA	NA
NC_045512.2	16483	T	C	1610	639	47	2	1	54	0.00124069	1612	0.250078	FALSE	NA	NA	NA	NA	NA	NA
NC_045512.2	16484	T	C	1626	653	48	1	1	57	0.000614628	1627	0.500154	FALSE	NA	NA	NA	NA	NA	NA
NC_045512.2	16485	G	A	1672	664	48	1	0	36	0.000597729	1673	0.750224	FALSE	NA	NA	NA	NA	NA	NA
NC_045512.2	16486	T	A	1671	662	48	1	1	68	0.000598086	1672	0.50015	FALSE	NA	NA	NA	NA	NA	NA
NC_045512.2	16495	G	T	1852	726	47	1	0	36	0.000539665	1853	0.750202	FALSE	NA	NA	NA	NA	NA	NA
NC_045512.2	16498	C	T	1859	757	48	1	0	36	0.000537634	1860	0.750202	FALSE	NA	NA	NA	NA	NA	NA
NC_045512.2	16501	G	-T	1996	789	48	1	0	20	0.000501002	1996	0.999999	FALSE	NA	NA	NA	NA	NA	NA
NC_045512.2	16502	T	C	1987	783	47	1	1	72	0.000503018	1988	0.5	FALSE	NA	NA	NA	NA	NA	NA
NC_045512.2	16504	T	C	1999	805	48	1	0	32	0.0005	2000	0.875094	FALSE	NA	NA	NA	NA	NA	NA
NC_045512.2	16505	T	G	1996	805	48	1	0	28	0.000500751	1997	0.999999	FALSE	NA	NA	NA	NA	NA	NA
NC_045512.2	16507	G	A	2018	821	48	1	0	36	0.000495295	2019	0.875186	FALSE	NA	NA	NA	NA	NA	NA
NC_045512.2	16509	T	C	2006	821	48	1	1	68	0.000498008	2008	0.5	FALSE	NA	NA	NA	NA	NA	NA
NC_045512.2	16509	T	A	2006	821	48	1	1	72	0.000498008	2008	0.5	FALSE	NA	NA	NA	NA	NA	NA
NC_045512.2	16518	A	G	2029	977	47	1	0	72	0.000492611	2030	0.500123	FALSE	NA	NA	NA	NA	NA	NA
NC_045512.2	16522	A	G	2031	968	48	1	1	72	0.000492126	2032	0.500123	FALSE	NA	NA	NA	NA	NA	NA
NC_045512.2	16524	A	G	2044	972	47	1	1	36	0.000488998	2045	0.875183	FALSE	NA	NA	NA	NA	NA	NA
NC_045512.2	16525	T	C	2065	979	47	1	1	68	0.000484027	2066	0.500121	FALSE	NA	NA	NA	NA	NA	NA
NC_045512.2	16527	T	A	2063	958	47	1	1	72	0.000484496	2064	0.500121	FALSE	NA	NA	NA	NA	NA	NA
NC_045512.2	16529	T	A	2010	927	47	2	1	36	0.000994036	2012	0.68778	FALSE	NA	NA	NA	NA	NA	NA
NC_045512.2	16530	T	C	2021	954	48	1	0	36	0.00049456	2022	0.875185	FALSE	NA	NA	NA	NA	NA	NA
NC_045512.2	16533	T	C	2029	956	48	2	1	32	0.000984737	2031	0.687777	FALSE	NA	NA	NA	NA	NA	NA
NC_045512.2	16538	A	T	2088	1008	48	2	1	54	0.000956938	2090	0.25006	FALSE	NA	NA	NA	NA	NA	NA
NC_045512.2	16544	T	A	2044	953	48	1	1	36	0.000488998	2045	0.875183	FALSE	NA	NA	NA	NA	NA	NA
NC_045512.2	16546	A	T	2031	955	48	1	0	36	0.000492126	2032	0.875185	FALSE	NA	NA	NA	NA	NA	NA
NC_045512.2	16549	G	A	2022	967	48	1	0	36	0.000494315	2023	0.875185	FALSE	NA	NA	NA	NA	NA	NA
NC_045512.2	16551	C	G	2103	966	48	1	1	68	0.000475059	2105	0.5	FALSE	NA	NA	NA	NA	NA	NA
NC_045512.2	16551	C	A	2103	966	48	1	0	36	0.000475059	2105	0.875089	FALSE	NA	NA	NA	NA	NA	NA
NC_045512.2	16552	T	C	2073	948	49	1	0	36	0.00048216	2074	0.875181	FALSE	NA	NA	NA	NA	NA	NA
NC_045512.2	16555	A	T	2073	970	48	1	0	27	0.00048216	2074	1	FALSE	NA	NA	NA	NA	NA	NA
NC_045512.2	16556	A	T	2078	974	49	1	0	36	0.000481	2079	0.87518	FALSE	NA	NA	NA	NA	NA	NA
NC_045512.2	16557	T	C	2078	979	48	2	2	50	0.000961076	2081	0.24994	FALSE	NA	NA	NA	NA	NA	NA
NC_045512.2	16557	T	A	2078	979	48	1	0	32	0.000480538	2081	0.875	FALSE	NA	NA	NA	NA	NA	NA
NC_045512.2	16558	G	A	2093	1009	49	1	1	72	0.000477555	2094	0.500119	FALSE	NA	NA	NA	NA	NA	NA
NC_045512.2	16558	G	-C	2093	1009	49	1	0	20	0.000477555	2094	1	FALSE	NA	NA	NA	NA	NA	NA
NC_045512.2	16559	C	T	2093	1021	48	1	1	36	0.000477555	2094	0.87509	FALSE	NA	NA	NA	NA	NA	NA
NC_045512.2	16560	A	G	1955	919	49	1	0	36	0.000511247	1956	0.750192	FALSE	NA	NA	NA	NA	NA	NA
NC_045512.2	16563	T	C	1992	967	49	2	1	35	0.00100251	1995	0.5	FALSE	NA	NA	NA	NA	NA	NA
NC_045512.2	16563	T	A	1992	967	49	1	0	72	0.000501253	1995	0.499875	FALSE	NA	NA	NA	NA	NA	NA
NC_045512.2	16564	G	A	2008	1000	49	1	1	36	0.00049776	2009	0.875187	FALSE	NA	NA	NA	NA	NA	NA
NC_045512.2	16566	A	G	2017	1027	50	2	0	54	0.000990589	2019	0.250062	FALSE	NA	NA	NA	NA	NA	NA
NC_045512.2	16568	C	G	2101	1053	49	1	1	36	0.000475737	2102	0.875178	FALSE	NA	NA	NA	NA	NA	NA
NC_045512.2	16570	T	C	2109	1078	50	1	1	72	0.000473934	2110	0.500119	FALSE	NA	NA	NA	NA	NA	NA
NC_045512.2	16570	T	-G	2109	1078	50	1	0	20	0.000473934	2110	1	FALSE	NA	NA	NA	NA	NA	NA
NC_045512.2	16579	A	T	2180	1133	51	2	1	52	0.00091659	2182	0.250057	FALSE	NA	NA	NA	NA	NA	NA
NC_045512.2	16580	C	T	2176	1136	50	2	0	52	0.000918274	2178	0.250057	FALSE	NA	NA	NA	NA	NA	NA
NC_045512.2	16581	A	G	2154	1138	50	1	1	36	0.000464037	2155	0.875174	FALSE	NA	NA	NA	NA	NA	NA
NC_045512.2	16586	C	A	2144	1141	50	1	1	50	0.0004662	2145	0.500117	FALSE	NA	NA	NA	NA	NA	NA
NC_045512.2	16588	G	-GT	2098	1109	50	1	0	20	0.000476644	2098	1	FALSE	NA	NA	NA	NA	NA	NA
NC_045512.2	16591	G	A	2136	1181	51	1	1	68	0.000467946	2137	0.500117	FALSE	NA	NA	NA	NA	NA	NA
NC_045512.2	16592	A	G	2106	1177	51	1	0	36	0.000474608	2107	0.875178	FALSE	NA	NA	NA	NA	NA	NA
NC_045512.2	16595	A	G	2136	1215	51	1	1	68	0.000467946	2137	0.500117	FALSE	NA	NA	NA	NA	NA	NA
NC_045512.2	16597	A	G	2166	1212	51	1	0	72	0.000461467	2167	0.500115	FALSE	NA	NA	NA	NA	NA	NA
NC_045512.2	16598	T	A	2163	1210	51	1	1	36	0.000462107	2164	0.875087	FALSE	NA	NA	NA	NA	NA	NA
NC_045512.2	16602	A	G	2228	1316	51	1	1	36	0.000448632	2229	0.875168	FALSE	NA	NA	NA	NA	NA	NA
NC_045512.2	16606	A	G	2248	1350	51	1	0	72	0.000444642	2249	0.500111	FALSE	NA	NA	NA	NA	NA	NA
NC_045512.2	16611	C	G	2447	1444	50	1	1	72	0.000408497	2448	0.500102	FALSE	NA	NA	NA	NA	NA	NA
NC_045512.2	16614	T	C	2480	1444	51	1	1	68	0.000403063	2481	0.500101	FALSE	NA	NA	NA	NA	NA	NA
NC_045512.2	16616	C	A	2488	1461	50	1	0	72	0.000401768	2489	0.5001	FALSE	NA	NA	NA	NA	NA	NA
NC_045512.2	16618	G	T	2323	1336	51	1	0	72	0.000430108	2325	0.5	FALSE	NA	NA	NA	NA	NA	NA
NC_045512.2	16618	G	A	2323	1336	51	1	0	72	0.000430108	2325	0.5	FALSE	NA	NA	NA	NA	NA	NA
NC_045512.2	16618	G	-A	2323	1336	51	1	0	20	0.000430108	2325	1	FALSE	NA	NA	NA	NA	NA	NA
NC_045512.2	16619	A	T	2260	1318	50	2	2	54	0.000884173	2262	0.249945	FALSE	NA	NA	NA	NA	NA	NA
NC_045512.2	16623	A	T	2201	1294	50	1	1	36	0.000454133	2202	0.87517	FALSE	NA	NA	NA	NA	NA	NA
NC_045512.2	16625	T	A	2190	1284	50	1	1	36	0.000456413	2191	0.875171	FALSE	NA	NA	NA	NA	NA	NA
NC_045512.2	16630	C	+T	2205	1319	50	1	0	20	0.000453515	2205	1	FALSE	NA	NA	NA	NA	NA	NA
NC_045512.2	16634	T	A	2146	1282	51	1	0	36	0.000465766	2147	0.875175	FALSE	NA	NA	NA	NA	NA	NA
NC_045512.2	16635	T	A	2147	1286	50	1	1	36	0.000465549	2148	0.875175	FALSE	NA	NA	NA	NA	NA	NA
NC_045512.2	16637	C	T	2163	1325	50	1	0	72	0.000462107	2164	0.500116	FALSE	NA	NA	NA	NA	NA	NA
NC_045512.2	16638	A	G	2151	1321	51	1	1	32	0.000464684	2152	0.875174	FALSE	NA	NA	NA	NA	NA	NA
NC_045512.2	16640	C	T	2150	1349	50	2	2	54	0.000929368	2152	0.250058	FALSE	NA	NA	NA	NA	NA	NA
NC_045512.2	16641	A	T	2145	1361	50	1	0	36	0.000465766	2147	0.875087	FALSE	NA	NA	NA	NA	NA	NA
NC_045512.2	16641	A	G	2145	1361	50	1	1	36	0.000465766	2147	0.875087	FALSE	NA	NA	NA	NA	NA	NA
NC_045512.2	16646	C	T	2153	1393	49	1	1	36	0.000464253	2154	0.875174	FALSE	NA	NA	NA	NA	NA	NA
NC_045512.2	16647	G	A	2173	1408	49	1	1	36	0.000459982	2174	0.875173	FALSE	NA	NA	NA	NA	NA	NA
NC_045512.2	16650	C	T	2186	1433	49	2	1	52	0.000914077	2188	0.250057	FALSE	NA	NA	NA	NA	NA	NA
NC_045512.2	16654	G	C	2238	1459	49	1	1	36	0.000446628	2239	0.875168	FALSE	NA	NA	NA	NA	NA	NA
NC_045512.2	16655	C	G	2261	1459	49	1	1	72	0.000442087	2262	0.500111	FALSE	NA	NA	NA	NA	NA	NA
NC_045512.2	16656	T	C	2230	1437	49	1	1	36	0.000448229	2231	0.875168	FALSE	NA	NA	NA	NA	NA	NA
NC_045512.2	16658	C	T	2257	1454	49	1	0	72	0.00044287	2258	0.500111	FALSE	NA	NA	NA	NA	NA	NA
NC_045512.2	16660	G	T	2254	1465	49	2	2	70	0.000886525	2256	0.250055	FALSE	NA	NA	NA	NA	NA	NA
NC_045512.2	16661	A	G	2180	1431	48	1	1	36	0.000458505	2181	0.875172	FALSE	NA	NA	NA	NA	NA	NA
NC_045512.2	16667	C	T	2252	1451	48	1	1	32	0.000443853	2253	0.875166	FALSE	NA	NA	NA	NA	NA	NA
NC_045512.2	16668	A	G	2252	1463	49	1	0	36	0.000443853	2253	0.875166	FALSE	NA	NA	NA	NA	NA	NA
NC_045512.2	16671	T	C	2220	1431	48	1	1	36	0.000449843	2223	0.875	FALSE	NA	NA	NA	NA	NA	NA
NC_045512.2	16671	T	A	2220	1431	48	2	1	28	0.000899685	2223	0.999999	FALSE	NA	NA	NA	NA	NA	NA
NC_045512.2	16673	A	T	2235	1466	49	1	1	36	0.000447227	2236	0.875168	FALSE	NA	NA	NA	NA	NA	NA
NC_045512.2	16674	A	T	2227	1475	48	1	0	72	0.000448833	2228	0.500112	FALSE	NA	NA	NA	NA	NA	NA
NC_045512.2	16676	T	C	2081	1343	49	1	1	72	0.000478011	2092	0.498922	FALSE	NA	NA	NA	NA	NA	NA
NC_045512.2	16676	T	A	2081	1343	49	10	7	60	0.00478011	2092	0.000966087	TRUE	NA	NA	NA	NA	NA	NA
NC_045512.2	16684	G	T	2323	1433	48	1	1	36	0.000430293	2324	0.875161	FALSE	NA	NA	NA	NA	NA	NA
NC_045512.2	16690	G	T	2127	1246	49	1	1	32	0.000469925	2128	0.875176	FALSE	NA	NA	NA	NA	NA	NA
NC_045512.2	16692	T	C	2100	1237	49	1	0	64	0.000475964	2101	0.500119	FALSE	NA	NA	NA	NA	NA	NA
NC_045512.2	16695	T	C	1752	937	50	1	1	64	0.000570451	1753	0.500143	FALSE	NA	NA	NA	NA	NA	NA
NC_045512.2	16697	T	C	1694	893	50	1	1	32	0.000589971	1695	0.750221	FALSE	NA	NA	NA	NA	NA	NA
NC_045512.2	16702	G	A	1631	874	49	1	1	32	0.000612745	1632	0.75023	FALSE	NA	NA	NA	NA	NA	NA
NC_045512.2	16706	T	C	1500	791	49	1	0	36	0.000666223	1501	0.75025	FALSE	NA	NA	NA	NA	NA	NA
NC_045512.2	16707	G	A	1492	791	49	1	0	72	0.000669792	1493	0.500168	FALSE	NA	NA	NA	NA	NA	NA
NC_045512.2	16708	C	T	1492	796	49	1	0	36	0.000669792	1493	0.750251	FALSE	NA	NA	NA	NA	NA	NA
NC_045512.2	16712	C	G	1434	766	49	2	1	32	0.001386	1443	0.498436	FALSE	NA	NA	NA	NA	NA	NA
NC_045512.2	16712	C	A	1434	766	49	7	6	42	0.004851	1443	0.00773682	TRUE	NA	NA	NA	NA	NA	NA
NC_045512.2	16713	T	C	1440	774	50	1	1	32	0.000693963	1441	0.75026	FALSE	NA	NA	NA	NA	NA	NA
NC_045512.2	16714	G	T	1374	728	49	1	0	72	0.000727273	1375	0.500182	FALSE	NA	NA	NA	NA	NA	NA
NC_045512.2	16718	G	T	1340	739	49	1	1	36	0.000745712	1341	0.75028	FALSE	NA	NA	NA	NA	NA	NA
NC_045512.2	16719	A	G	1580	865	48	1	1	36	0.000632511	1581	0.750237	FALSE	NA	NA	NA	NA	NA	NA
NC_045512.2	16721	A	T	1661	904	48	1	0	36	0.000600962	1664	0.749925	FALSE	NA	NA	NA	NA	NA	NA
NC_045512.2	16721	A	G	1661	904	48	2	2	70	0.00120192	1664	0.249925	FALSE	NA	NA	NA	NA	NA	NA
NC_045512.2	16722	A	+G	1671	909	48	1	0	20	0.000598444	1671	0.999993	FALSE	NA	NA	NA	NA	NA	NA
NC_045512.2	16735	T	A	1568	884	50	1	0	32	0.000637349	1569	0.750239	FALSE	NA	NA	NA	NA	NA	NA
NC_045512.2	16737	G	A	1569	903	49	1	0	72	0.000636943	1570	0.500159	FALSE	NA	NA	NA	NA	NA	NA
NC_045512.2	16738	G	A	1583	923	50	1	1	63	0.000631313	1584	0.500158	FALSE	NA	NA	NA	NA	NA	NA
NC_045512.2	16743	T	C	1601	976	50	1	1	63	0.00062422	1602	0.500156	FALSE	NA	NA	NA	NA	NA	NA
NC_045512.2	16746	T	C	1648	1039	51	1	1	64	0.000606061	1650	0.5	FALSE	NA	NA	NA	NA	NA	NA
NC_045512.2	16746	T	A	1648	1039	51	1	1	32	0.000606061	1650	0.750076	FALSE	NA	NA	NA	NA	NA	NA
NC_045512.2	16748	A	G	1645	1056	51	1	0	68	0.000607533	1646	0.500152	FALSE	NA	NA	NA	NA	NA	NA
NC_045512.2	16749	A	G	1718	1111	50	1	1	36	0.000581734	1719	0.750218	FALSE	NA	NA	NA	NA	NA	NA
NC_045512.2	16761	A	T	1497	999	50	1	0	68	0.000667557	1498	0.500167	FALSE	NA	NA	NA	NA	NA	NA
NC_045512.2	16762	C	T	1499	1001	50	1	1	36	0.000666667	1500	0.75025	FALSE	NA	NA	NA	NA	NA	NA
NC_045512.2	16771	A	T	1225	852	49	1	1	72	0.000815661	1226	0.500204	FALSE	NA	NA	NA	NA	NA	NA
NC_045512.2	16776	T	C	1236	881	48	2	1	34	0.00161551	1238	0.500303	FALSE	NA	NA	NA	NA	NA	NA
NC_045512.2	16786	G	T	1249	901	48	1	1	36	0.0008	1250	0.7503	FALSE	NA	NA	NA	NA	NA	NA
NC_045512.2	16788	T	C	1196	847	47	1	1	36	0.000835422	1197	0.750313	FALSE	NA	NA	NA	NA	NA	NA
NC_045512.2	16792	C	A	1250	903	48	1	0	72	0.000799361	1251	0.5002	FALSE	NA	NA	NA	NA	NA	NA
NC_045512.2	16793	G	C	1249	902	48	1	1	36	0.0008	1250	0.7503	FALSE	NA	NA	NA	NA	NA	NA
NC_045512.2	16794	T	G	1240	895	48	1	0	68	0.000805153	1242	0.5	FALSE	NA	NA	NA	NA	NA	NA
NC_045512.2	16794	T	C	1240	895	48	1	0	72	0.000805153	1242	0.5	FALSE	NA	NA	NA	NA	NA	NA
NC_045512.2	16797	A	G	1249	906	48	2	1	36	0.00159872	1251	0.5003	FALSE	NA	NA	NA	NA	NA	NA
NC_045512.2	16798	A	C	1249	906	48	1	1	63	0.0008	1250	0.5002	FALSE	NA	NA	NA	NA	NA	NA
NC_045512.2	16800	T	-AA	1250	906	48	1	0	20	0.0008	1250	0.999883	FALSE	NA	NA	NA	NA	NA	NA
NC_045512.2	16800	T	-A	1250	906	48	2	0	20	0.0016	1250	0.999122	FALSE	NA	NA	NA	NA	NA	NA
NC_045512.2	16804	A	G	1234	910	47	1	1	72	0.000809717	1235	0.500203	FALSE	NA	NA	NA	NA	NA	NA
NC_045512.2	16806	C	T	1232	914	47	1	1	36	0.00081103	1233	0.750304	FALSE	NA	NA	NA	NA	NA	NA
NC_045512.2	16815	A	T	1055	801	47	2	1	54	0.00189215	1057	0.250118	FALSE	NA	NA	NA	NA	NA	NA
NC_045512.2	16829	A	G	824	662	44	1	1	36	0.00121212	825	0.500303	FALSE	NA	NA	NA	NA	NA	NA
NC_045512.2	16831	A	C	760	626	44	2	1	32	0.00262467	762	0.250164	FALSE	NA	NA	NA	NA	NA	NA
NC_045512.2	16835	T	C	606	505	44	1	1	32	0.00164745	607	0.500412	FALSE	NA	NA	NA	NA	NA	NA
NC_045512.2	16848	C	T	269	236	42	1	1	72	0.0037037	270	0.500928	FALSE	NA	NA	NA	NA	NA	NA
NC_045512.2	16853	G	A	239	209	40	1	1	32	0.00416667	240	0.501044	FALSE	NA	NA	NA	NA	NA	NA
NC_045512.2	17094	T	C	60	28	59	1	1	72	0.0163934	61	0.504132	FALSE	NA	NA	NA	NA	NA	NA
NC_045512.2	17124	T	C	33	17	60	36	16	56	0.521739	69	3.7056e-14	TRUE	NA	NA	NA	NA	NA	NA
NC_045512.2	17144	G	A	81	35	59	1	1	36	0.0121951	82	0.503067	FALSE	NA	NA	NA	NA	NA	NA
NC_045512.2	17170	G	T	76	22	55	1	0	36	0.012987	77	0.503268	FALSE	NA	NA	NA	NA	NA	NA
NC_045512.2	17181	T	G	105	31	56	1	0	28	0.00943396	106	0.753555	FALSE	NA	NA	NA	NA	NA	NA
NC_045512.2	17188	T	A	108	30	55	1	1	72	0.00917431	109	0.502304	FALSE	NA	NA	NA	NA	NA	NA
NC_045512.2	17259	G	T	67	24	48	21	12	63	0.238636	88	1.39746e-07	TRUE	NA	NA	NA	NA	NA	NA
NC_045512.2	17286	A	T	52	26	44	1	1	36	0.0188679	53	0.504762	FALSE	NA	NA	NA	NA	NA	NA
NC_045512.2	17410	C	T	0	0	0	42	27	40	1	42	1.19125e-24	TRUE	NA	NA	NA	NA	NA	NA
NC_045512.2	17423	A	T	41	27	43	1	0	36	0.0238095	42	0.506024	FALSE	NA	NA	NA	NA	NA	NA
NC_045512.2	17501	T	G	41	31	46	2	2	32	0.0465116	43	0.252941	FALSE	NA	NA	NA	NA	NA	NA
NC_045512.2	17564	G	A	25	17	51	1	0	72	0.0384615	26	0.509804	FALSE	NA	NA	NA	NA	NA	NA
NC_045512.2	17965	T	A	37	11	44	1	0	32	0.0263158	38	0.506667	FALSE	NA	NA	NA	NA	NA	NA
NC_045512.2	17978	T	G	40	13	46	1	0	36	0.0243902	41	0.506173	FALSE	NA	NA	NA	NA	NA	NA
NC_045512.2	18037	C	-A	40	21	47	1	0	20	0.025	40	0.5125	FALSE	NA	NA	NA	NA	NA	NA
NC_045512.2	18163	A	G	0	0	0	39	20	48	1	39	7.34834e-23	TRUE	NA	NA	NA	NA	NA	NA
NC_045512.2	18168	T	A	38	21	46	1	0	72	0.025641	39	0.506494	FALSE	NA	NA	NA	NA	NA	NA
NC_045512.2	18222	A	T	43	22	45	1	0	72	0.0227273	44	0.505747	FALSE	NA	NA	NA	NA	NA	NA
NC_045512.2	18263	C	T	38	20	49	1	1	36	0.025641	39	0.506494	FALSE	NA	NA	NA	NA	NA	NA
NC_045512.2	18375	T	C	66	46	54	1	1	32	0.0149254	67	0.503759	FALSE	NA	NA	NA	NA	NA	NA
NC_045512.2	18959	C	T	6	2	47	1	0	36	0.142857	7	0.538462	FALSE	NA	NA	NA	NA	NA	NA
NC_045512.2	19095	T	C	19	5	46	1	1	32	0.05	20	0.512821	FALSE	NA	NA	NA	NA	NA	NA
NC_045512.2	19113	C	T	17	5	51	1	0	68	0.0555556	18	0.514286	FALSE	NA	NA	NA	NA	NA	NA
NC_045512.2	19169	T	C	25	15	54	1	1	21	0.0384615	26	0.509804	FALSE	NA	NA	NA	NA	NA	NA
NC_045512.2	19519	T	C	251	71	36	1	0	36	0.00396825	252	0.500994	FALSE	NA	NA	NA	NA	NA	NA
NC_045512.2	19602	C	T	435	154	49	1	1	72	0.00229358	436	0.500574	FALSE	NA	NA	NA	NA	NA	NA
NC_045512.2	19610	C	A	412	144	50	1	1	72	0.00242131	413	0.500606	FALSE	NA	NA	NA	NA	NA	NA
NC_045512.2	19622	G	T	373	145	50	2	1	36	0.00533333	375	0.250334	FALSE	NA	NA	NA	NA	NA	NA
NC_045512.2	19628	A	T	328	151	49	1	0	36	0.00303951	329	0.500761	FALSE	NA	NA	NA	NA	NA	NA
NC_045512.2	19643	A	-TGTTG	320	167	50	1	0	20	0.003125	320	0.93886	FALSE	NA	NA	NA	NA	NA	NA
NC_045512.2	19645	G	A	318	168	49	1	1	27	0.0031348	319	0.938088	FALSE	NA	NA	NA	NA	NA	NA
NC_045512.2	19652	A	T	315	172	47	1	1	72	0.00316456	316	0.500792	FALSE	NA	NA	NA	NA	NA	NA
NC_045512.2	19661	A	T	295	163	47	1	1	32	0.00337838	296	0.500846	FALSE	NA	NA	NA	NA	NA	NA
NC_045512.2	19667	A	G	300	161	46	1	0	21	0.00332226	301	0.938537	FALSE	NA	NA	NA	NA	NA	NA
NC_045512.2	19707	C	T	322	131	46	1	0	36	0.00309598	323	0.500775	FALSE	NA	NA	NA	NA	NA	NA
NC_045512.2	19708	A	G	0	0	0	320	135	46	1	320	1.39044e-191	TRUE	NA	NA	NA	NA	NA	NA
NC_045512.2	19710	T	C	307	126	47	1	0	63	0.00324675	308	0.500813	FALSE	NA	NA	NA	NA	NA	NA
NC_045512.2	19722	A	T	332	134	47	1	0	32	0.003003	333	0.500752	FALSE	NA	NA	NA	NA	NA	NA
NC_045512.2	19727	A	G	366	143	47	1	1	36	0.0027248	367	0.500682	FALSE	NA	NA	NA	NA	NA	NA
NC_045512.2	19730	G	C	375	154	47	1	1	72	0.00265957	376	0.500666	FALSE	NA	NA	NA	NA	NA	NA
NC_045512.2	19735	G	T	367	163	49	2	1	54	0.00542005	369	0.250339	FALSE	NA	NA	NA	NA	NA	NA
NC_045512.2	19750	G	-A	345	160	50	1	0	20	0.00289855	345	0.938762	FALSE	NA	NA	NA	NA	NA	NA
NC_045512.2	19758	A	T	347	172	49	1	1	72	0.00286533	349	0.5	FALSE	NA	NA	NA	NA	NA	NA
NC_045512.2	19758	A	G	347	172	49	1	0	72	0.00286533	349	0.5	FALSE	NA	NA	NA	NA	NA	NA
NC_045512.2	19764	A	-T	385	185	49	1	0	20	0.0025974	385	0.938632	FALSE	NA	NA	NA	NA	NA	NA
NC_045512.2	19793	G	A	401	214	48	1	1	36	0.00248756	402	0.500623	FALSE	NA	NA	NA	NA	NA	NA
NC_045512.2	19817	T	C	359	193	49	1	1	36	0.00277778	360	0.500695	FALSE	NA	NA	NA	NA	NA	NA
NC_045512.2	19823	A	G	338	188	48	1	0	72	0.00294985	339	0.500739	FALSE	NA	NA	NA	NA	NA	NA
NC_045512.2	19836	C	T	328	186	48	1	0	36	0.00303951	329	0.500761	FALSE	NA	NA	NA	NA	NA	NA
NC_045512.2	19879	G	T	363	193	48	1	0	72	0.00274725	364	0.500688	FALSE	NA	NA	NA	NA	NA	NA
NC_045512.2	19883	A	G	397	204	49	1	1	27	0.00251256	398	0.938285	FALSE	NA	NA	NA	NA	NA	NA
NC_045512.2	19888	A	T	405	211	49	1	1	72	0.00246305	406	0.500617	FALSE	NA	NA	NA	NA	NA	NA
NC_045512.2	19896	T	C	422	233	50	1	1	36	0.00236407	423	0.500592	FALSE	NA	NA	NA	NA	NA	NA
NC_045512.2	19926	T	C	479	288	57	1	1	72	0.00208333	480	0.500521	FALSE	NA	NA	NA	NA	NA	NA
NC_045512.2	19947	G	-A	392	236	60	1	0	20	0.00255102	392	0.938611	FALSE	NA	NA	NA	NA	NA	NA
NC_045512.2	19955	C	T	0	0	0	380	244	59	1	380	1.13984e-227	TRUE	NA	NA	NA	NA	NA	NA
NC_045512.2	19973	C	A	331	220	57	1	0	36	0.00301205	332	0.500754	FALSE	NA	NA	NA	NA	NA	NA
NC_045512.2	19983	C	-T	281	181	58	1	0	20	0.00355872	281	0.876996	FALSE	NA	NA	NA	NA	NA	NA
NC_045512.2	20002	G	A	229	163	54	1	0	72	0.00434783	230	0.501089	FALSE	NA	NA	NA	NA	NA	NA
NC_045512.2	20007	T	A	203	143	53	1	1	36	0.00490196	204	0.501229	FALSE	NA	NA	NA	NA	NA	NA
NC_045512.2	20350	C	-A	15	1	41	1	0	20	0.0666667	15	0.533333	FALSE	NA	NA	NA	NA	NA	NA
NC_045512.2	20396	A	G	93	28	52	1	0	36	0.0106383	94	0.502674	FALSE	NA	NA	NA	NA	NA	NA
NC_045512.2	20406	T	C	93	28	52	1	0	36	0.0106383	94	0.502674	FALSE	NA	NA	NA	NA	NA	NA
NC_045512.2	20422	T	C	120	34	50	1	0	36	0.00826446	121	0.502075	FALSE	NA	NA	NA	NA	NA	NA
NC_045512.2	20423	T	G	120	34	50	1	0	36	0.00826446	121	0.502075	FALSE	NA	NA	NA	NA	NA	NA
NC_045512.2	20435	A	G	135	38	50	1	1	72	0.00735294	136	0.501845	FALSE	NA	NA	NA	NA	NA	NA
NC_045512.2	20496	T	C	128	44	48	1	0	36	0.00775194	129	0.501946	FALSE	NA	NA	NA	NA	NA	NA
NC_045512.2	20687	C	A	97	53	42	1	0	36	0.0102041	98	0.502564	FALSE	NA	NA	NA	NA	NA	NA
NC_045512.2	20699	T	C	77	37	44	1	1	32	0.0128205	78	0.503226	FALSE	NA	NA	NA	NA	NA	NA
NC_045512.2	20787	T	C	133	84	52	1	1	36	0.00746269	134	0.501873	FALSE	NA	NA	NA	NA	NA	NA
NC_045512.2	20796	A	T	134	90	52	1	0	72	0.00740741	135	0.501859	FALSE	NA	NA	NA	NA	NA	NA
NC_045512.2	20802	T	A	143	93	53	1	1	32	0.00694444	144	0.501742	FALSE	NA	NA	NA	NA	NA	NA
NC_045512.2	20837	C	G	119	77	52	1	0	72	0.00833333	120	0.502092	FALSE	NA	NA	NA	NA	NA	NA
NC_045512.2	20844	C	T	91	52	54	1	1	32	0.0108696	92	0.502732	FALSE	NA	NA	NA	NA	NA	NA
NC_045512.2	20854	A	G	77	48	53	1	0	72	0.0128205	78	0.503226	FALSE	NA	NA	NA	NA	NA	NA
NC_045512.2	21225	G	A	52	18	49	1	1	72	0.0188679	53	0.504762	FALSE	NA	NA	NA	NA	NA	NA
NC_045512.2	21294	T	A	81	28	54	1	0	46	0.0121951	82	0.503067	FALSE	NA	NA	NA	NA	NA	NA
NC_045512.2	21350	G	C	63	33	49	1	1	72	0.015625	64	0.503937	FALSE	NA	NA	NA	NA	NA	NA
NC_045512.2	21383	A	G	64	29	45	1	0	72	0.0153846	65	0.503876	FALSE	NA	NA	NA	NA	NA	NA
NC_045512.2	21429	T	A	51	26	47	1	0	72	0.0192308	52	0.504854	FALSE	NA	NA	NA	NA	NA	NA
NC_045512.2	21470	T	C	58	33	47	1	1	36	0.0169492	59	0.504274	FALSE	NA	NA	NA	NA	NA	NA
NC_045512.2	21536	A	G	43	31	44	1	1	72	0.0227273	44	0.505747	FALSE	NA	NA	NA	NA	NA	NA
NC_045512.2	21543	T	C	35	23	47	1	1	36	0.0277778	36	0.507042	FALSE	NA	NA	NA	NA	NA	NA
NC_045512.2	21547	A	G	33	21	44	1	1	72	0.0294118	34	0.507463	FALSE	NA	NA	NA	NA	NA	NA
NC_045512.2	21618	C	T	0	0	0	42	28	44	1	42	1.19125e-24	TRUE	NA	NA	NA	NA	NA	NA
NC_045512.2	21632	T	-TACCCCCTG	44	32	47	44	0	20	1	44	1.73604e-10	TRUE	NA	NA	NA	NA	NA	NA
NC_045512.2	21987	G	A	0	0	0	3	1	60	1	3	0.1	FALSE	NA	NA	NA	NA	NA	NA
NC_045512.2	21990	T	-TTA	3	1	60	3	0	20	1	3	0.357143	FALSE	NA	NA	NA	NA	NA	NA
NC_045512.2	22000	C	A	0	0	0	3	1	60	1	3	0.1	FALSE	NA	NA	NA	NA	NA	NA
NC_045512.2	22060	C	G	6	4	54	1	0	32	0.142857	7	0.538462	FALSE	NA	NA	NA	NA	NA	NA
NC_045512.2	22101	A	T	2	1	36	2	0	54	0.5	4	0.285714	FALSE	NA	NA	NA	NA	NA	NA
NC_045512.2	22109	C	G	0	0	0	3	1	45	1	3	0.1	FALSE	NA	NA	NA	NA	NA	NA
NC_045512.2	22200	T	A	0	0	0	2	2	36	1	2	0.333333	FALSE	NA	NA	NA	NA	NA	NA
NC_045512.2	22270	T	C	1	1	36	1	1	32	0.5	2	0.666667	FALSE	NA	NA	NA	NA	NA	NA
NC_045512.2	22303	T	G	1	1	36	1	0	36	0.5	2	0.666667	FALSE	NA	NA	NA	NA	NA	NA
NC_045512.2	22317	G	T	0	0	0	3	1	34	1	3	0.1	FALSE	NA	NA	NA	NA	NA	NA
NC_045512.2	22449	T	C	75	28	48	1	0	36	0.0131579	76	0.503311	FALSE	NA	NA	NA	NA	NA	NA
NC_045512.2	22471	G	T	57	22	44	2	1	36	0.0338983	59	0.252137	FALSE	NA	NA	NA	NA	NA	NA
NC_045512.2	22481	A	T	59	28	43	2	1	36	0.0327869	61	0.252066	FALSE	NA	NA	NA	NA	NA	NA
NC_045512.2	22568	T	A	57	38	46	1	0	68	0.0172414	58	0.504348	FALSE	NA	NA	NA	NA	NA	NA
NC_045512.2	22572	C	T	56	37	46	1	1	36	0.0175439	57	0.504425	FALSE	NA	NA	NA	NA	NA	NA
NC_045512.2	22577	G	C	0	0	0	49	30	47	1	49	7.85003e-29	TRUE	NA	NA	NA	NA	NA	NA
NC_045512.2	22578	G	A	0	0	0	49	30	47	1	49	7.85003e-29	TRUE	NA	NA	NA	NA	NA	NA
NC_045512.2	22599	G	C	0	0	0	44	32	44	1	44	7.61948e-26	TRUE	NA	NA	NA	NA	NA	NA
NC_045512.2	22602	T	C	41	29	44	1	1	32	0.0238095	42	0.506024	FALSE	NA	NA	NA	NA	NA	NA
NC_045512.2	22664	C	A	0	0	0	24	10	46	1	24	6.20201e-14	TRUE	NA	NA	NA	NA	NA	NA
NC_045512.2	22674	C	T	0	0	0	22	10	45	1	22	9.50526e-13	TRUE	NA	NA	NA	NA	NA	NA
NC_045512.2	22679	T	C	0	0	0	22	10	44	1	22	9.50526e-13	TRUE	NA	NA	NA	NA	NA	NA
NC_045512.2	22686	C	T	0	0	0	54	20	41	1	54	8.04577e-32	TRUE	NA	NA	NA	NA	NA	NA
NC_045512.2	22688	A	G	0	0	0	55	20	41	1	55	2.0299e-32	TRUE	NA	NA	NA	NA	NA	NA
NC_045512.2	22775	G	A	5	3	49	52	40	47	0.912281	57	7.68298e-27	TRUE	NA	NA	NA	NA	NA	NA
NC_045512.2	22780	A	T	2385	814	36	1	0	36	0.000419111	2386	0.875157	FALSE	NA	NA	NA	NA	NA	NA
NC_045512.2	22782	T	C	2363	801	36	1	0	36	0.000423012	2364	0.875159	FALSE	NA	NA	NA	NA	NA	NA
NC_045512.2	22784	A	G	2468	864	37	6	1	34	0.00242522	2474	0.144465	FALSE	NA	NA	NA	NA	NA	NA
NC_045512.2	22786	A	C	0	0	0	2620	891	38	1	2620	0	TRUE	NA	NA	NA	NA	NA	NA
NC_045512.2	22787	C	A	2624	900	38	1	0	36	0.000380952	2625	0.875143	FALSE	NA	NA	NA	NA	NA	NA
NC_045512.2	22790	A	T	2646	909	38	2	0	36	0.000755287	2648	0.687713	FALSE	NA	NA	NA	NA	NA	NA
NC_045512.2	22793	G	A	2719	934	39	2	1	36	0.000735024	2721	0.687707	FALSE	NA	NA	NA	NA	NA	NA
NC_045512.2	22795	T	C	3024	985	39	2	0	34	0.000660939	3026	0.812707	FALSE	NA	NA	NA	NA	NA	NA
NC_045512.2	22797	C	T	3030	990	39	1	0	32	0.000329815	3032	0.937562	FALSE	NA	NA	NA	NA	NA	NA
NC_045512.2	22797	C	G	3030	990	39	1	1	72	0.000329815	3032	0.5	FALSE	NA	NA	NA	NA	NA	NA
NC_045512.2	22798	A	-G	3041	995	39	2	0	20	0.000657678	3041	1	FALSE	NA	NA	NA	NA	NA	NA
NC_045512.2	22800	G	T	3146	1019	39	1	0	36	0.000317763	3147	0.937599	FALSE	NA	NA	NA	NA	NA	NA
NC_045512.2	22801	G	A	3154	1062	41	1	1	36	0.000316957	3155	0.937599	FALSE	NA	NA	NA	NA	NA	NA
NC_045512.2	22802	C	G	3158	1092	42	1	0	32	0.000316556	3159	0.937599	FALSE	NA	NA	NA	NA	NA	NA
NC_045512.2	22804	A	G	3166	1093	42	2	1	54	0.000631313	3168	0.250039	FALSE	NA	NA	NA	NA	NA	NA
NC_045512.2	22809	G	T	3410	1173	42	1	0	32	0.000293169	3411	0.937592	FALSE	NA	NA	NA	NA	NA	NA
NC_045512.2	22809	G	-A	3410	1173	42	2	0	20	0.000586338	3411	1	FALSE	NA	NA	NA	NA	NA	NA
NC_045512.2	22811	A	G	3430	1178	42	1	1	32	0.00029146	3431	0.937591	FALSE	NA	NA	NA	NA	NA	NA
NC_045512.2	22812	A	T	3524	1222	43	1	1	72	0.000283688	3525	0.500071	FALSE	NA	NA	NA	NA	NA	NA
NC_045512.2	22813	G	T	0	0	0	3551	1226	43	1	3551	0	TRUE	NA	NA	NA	NA	NA	NA
NC_045512.2	22815	T	C	3552	1230	43	3	2	46	0.000843882	3555	0.125	FALSE	NA	NA	NA	NA	NA	NA
NC_045512.2	22816	T	A	3550	1239	43	2	1	36	0.000563063	3552	0.812676	FALSE	NA	NA	NA	NA	NA	NA
NC_045512.2	22820	G	A	3702	1292	44	1	0	72	0.000270051	3703	0.500068	FALSE	NA	NA	NA	NA	NA	NA
NC_045512.2	22821	A	-T	3701	1295	44	2	0	20	0.000540394	3701	1	FALSE	NA	NA	NA	NA	NA	NA
NC_045512.2	22822	T	C	3716	1292	44	1	0	72	0.000269034	3717	0.499933	FALSE	NA	NA	NA	NA	NA	NA
NC_045512.2	22823	T	A	3719	1296	44	1	0	72	0.000268817	3720	0.500067	FALSE	NA	NA	NA	NA	NA	NA
NC_045512.2	22827	A	T	3760	1332	45	2	1	36	0.000531632	3762	0.812666	FALSE	NA	NA	NA	NA	NA	NA
NC_045512.2	22829	T	C	3752	1323	44	1	1	68	0.000266454	3753	0.500067	FALSE	NA	NA	NA	NA	NA	NA
NC_045512.2	22831	T	C	3795	1387	45	1	1	72	0.000263435	3796	0.500066	FALSE	NA	NA	NA	NA	NA	NA
NC_045512.2	22837	A	G	3822	1459	47	1	0	36	0.000261575	3823	0.937582	FALSE	NA	NA	NA	NA	NA	NA
NC_045512.2	22839	C	A	3826	1467	46	1	1	72	0.000261301	3827	0.500065	FALSE	NA	NA	NA	NA	NA	NA
NC_045512.2	22842	A	G	3856	1477	47	1	0	36	0.000259269	3857	0.937581	FALSE	NA	NA	NA	NA	NA	NA
NC_045512.2	22843	T	C	3910	1496	47	1	0	36	0.000255689	3911	0.93758	FALSE	NA	NA	NA	NA	NA	NA
NC_045512.2	22846	T	A	4168	1539	46	1	1	72	0.000239866	4169	0.50006	FALSE	NA	NA	NA	NA	NA	NA
NC_045512.2	22851	C	G	4202	1586	47	1	0	36	0.000237925	4203	0.968806	FALSE	NA	NA	NA	NA	NA	NA
NC_045512.2	22852	A	T	4201	1593	48	5	2	50	0.0011885	4207	0.0312129	FALSE	NA	NA	NA	NA	NA	NA
NC_045512.2	22852	A	G	4201	1593	48	1	0	36	0.000237699	4207	0.968713	FALSE	NA	NA	NA	NA	NA	NA
NC_045512.2	22853	G	T	4243	1593	47	1	1	72	0.000235349	4249	0.499764	FALSE	NA	NA	NA	NA	NA	NA
NC_045512.2	22853	G	A	4243	1593	47	5	2	36	0.00117675	4249	0.5	FALSE	NA	NA	NA	NA	NA	NA
NC_045512.2	22854	G	C	4249	1597	47	2	1	54	0.000470256	4253	0.249912	FALSE	NA	NA	NA	NA	NA	NA
NC_045512.2	22854	G	A	4249	1597	47	2	0	54	0.000470256	4253	0.249912	FALSE	NA	NA	NA	NA	NA	NA
NC_045512.2	22858	C	T	4893	1671	46	3	0	48	0.000612745	4896	0.125	FALSE	NA	NA	NA	NA	NA	NA
NC_045512.2	22860	T	C	4881	1720	47	1	0	32	0.00020475	4884	0.968766	FALSE	NA	NA	NA	NA	NA	NA
NC_045512.2	22860	T	A	4881	1720	47	2	0	72	0.0004095	4884	0.249974	FALSE	NA	NA	NA	NA	NA	NA
NC_045512.2	22864	A	T	4753	1705	48	1	0	32	0.000210349	4754	0.968799	FALSE	NA	NA	NA	NA	NA	NA
NC_045512.2	22866	C	-TT	4061	1342	49	1	0	20	0.000246245	4061	1	FALSE	NA	NA	NA	NA	NA	NA
NC_045512.2	22867	T	G	3764	1177	50	1	0	36	0.000265534	3766	0.937517	FALSE	NA	NA	NA	NA	NA	NA
NC_045512.2	22867	T	C	3764	1177	50	1	0	72	0.000265534	3766	0.499934	FALSE	NA	NA	NA	NA	NA	NA
NC_045512.2	22868	T	A	3751	1181	51	2	1	34	0.000532907	3753	0.812583	FALSE	NA	NA	NA	NA	NA	NA
NC_045512.2	22868	T	-G	3751	1181	51	1	0	20	0.000266383	3754	1	FALSE	NA	NA	NA	NA	NA	NA
NC_045512.2	22874	T	G	3703	1221	51	1	0	32	0.000269906	3705	0.937551	FALSE	NA	NA	NA	NA	NA	NA
NC_045512.2	22874	T	C	3703	1221	51	1	0	72	0.000269906	3705	0.5	FALSE	NA	NA	NA	NA	NA	NA
NC_045512.2	22875	C	-T	3729	1252	50	1	0	20	0.000268168	3729	1	FALSE	NA	NA	NA	NA	NA	NA
NC_045512.2	22876	T	C	3714	1246	50	1	0	72	0.000269107	3716	0.499933	FALSE	NA	NA	NA	NA	NA	NA
NC_045512.2	22876	T	A	3714	1246	50	1	0	36	0.000269107	3716	0.937517	FALSE	NA	NA	NA	NA	NA	NA
NC_045512.2	22877	A	G	3729	1291	51	1	0	72	0.000268097	3730	0.500067	FALSE	NA	NA	NA	NA	NA	NA
NC_045512.2	22878	A	T	3683	1304	51	1	1	72	0.000271223	3687	0.499864	FALSE	NA	NA	NA	NA	NA	NA
NC_045512.2	22878	A	G	3683	1304	51	3	0	31	0.00081367	3687	0.656314	FALSE	NA	NA	NA	NA	NA	NA
NC_045512.2	22879	C	T	3704	1307	51	1	0	36	0.000269833	3706	0.937551	FALSE	NA	NA	NA	NA	NA	NA
NC_045512.2	22879	C	G	3704	1307	51	1	1	46	0.000269833	3706	0.5	FALSE	NA	NA	NA	NA	NA	NA
NC_045512.2	22881	A	C	3670	1310	51	1	0	32	0.000272405	3671	0.937585	FALSE	NA	NA	NA	NA	NA	NA
NC_045512.2	22882	T	G	1	0	32	4056	1342	49	0.999507	4058	0	TRUE	NA	NA	NA	NA	NA	NA
NC_045512.2	22882	T	A	1	0	32	1	0	36	0.000246427	4058	0.00246245	TRUE	NA	NA	NA	NA	NA	NA
NC_045512.2	22883	C	T	4221	1372	49	1	1	72	0.000236855	4222	0.500059	FALSE	NA	NA	NA	NA	NA	NA
NC_045512.2	22883	C	-T	4221	1372	49	1	0	20	0.000236855	4222	1	FALSE	NA	NA	NA	NA	NA	NA
NC_045512.2	22884	T	C	4205	1390	49	1	1	68	0.000237756	4206	0.5	FALSE	NA	NA	NA	NA	NA	NA
NC_045512.2	22885	T	C	4228	1408	49	1	0	36	0.000236463	4229	0.968805	FALSE	NA	NA	NA	NA	NA	NA
NC_045512.2	22889	T	C	4485	1519	49	1	0	36	0.000222916	4486	0.968802	FALSE	NA	NA	NA	NA	NA	NA
NC_045512.2	22890	C	T	4457	1520	49	1	0	36	0.000224316	4458	0.968803	FALSE	NA	NA	NA	NA	NA	NA
NC_045512.2	22892	A	G	4271	1417	49	1	1	72	0.000234082	4272	0.500059	FALSE	NA	NA	NA	NA	NA	NA
NC_045512.2	22893	A	G	4229	1439	49	2	0	52	0.000472701	4231	0.25003	FALSE	NA	NA	NA	NA	NA	NA
NC_045512.2	22894	G	C	4247	1448	48	1	0	36	0.000235405	4248	0.968805	FALSE	NA	NA	NA	NA	NA	NA
NC_045512.2	22895	G	C	0	0	0	3880	1392	47	1	3880	0	TRUE	NA	NA	NA	NA	NA	NA
NC_045512.2	22896	T	C	0	0	0	3584	1222	47	0.999721	3585	0	TRUE	NA	NA	NA	NA	NA	NA
NC_045512.2	22896	T	A	0	0	0	1	0	72	0.00027894	3585	0.00027894	TRUE	NA	NA	NA	NA	NA	NA
NC_045512.2	22898	G	A	0	0	0	3588	1233	47	1	3588	0	TRUE	NA	NA	NA	NA	NA	NA
NC_045512.2	22902	G	T	3826	1441	49	1	1	72	0.000261233	3828	0.5	FALSE	NA	NA	NA	NA	NA	NA
NC_045512.2	22902	G	A	3826	1441	49	1	0	72	0.000261233	3828	0.5	FALSE	NA	NA	NA	NA	NA	NA
NC_045512.2	22903	T	A	3828	1451	50	1	1	72	0.000261165	3829	0.500065	FALSE	NA	NA	NA	NA	NA	NA
NC_045512.2	22903	T	-A	3828	1451	50	1	0	20	0.000261165	3829	1	FALSE	NA	NA	NA	NA	NA	NA
NC_045512.2	22908	A	T	3970	1566	48	1	1	72	0.000251762	3972	0.5	FALSE	NA	NA	NA	NA	NA	NA
NC_045512.2	22908	A	G	3970	1566	48	1	1	68	0.000251762	3972	0.5	FALSE	NA	NA	NA	NA	NA	NA
NC_045512.2	22910	A	G	4004	1684	50	1	0	36	0.000249688	4005	0.968809	FALSE	NA	NA	NA	NA	NA	NA
NC_045512.2	22911	A	G	4018	1699	50	1	0	72	0.000248818	4019	0.500062	FALSE	NA	NA	NA	NA	NA	NA
NC_045512.2	22913	T	C	4083	1721	49	2	2	54	0.000489596	4085	0.250031	FALSE	NA	NA	NA	NA	NA	NA
NC_045512.2	22914	A	G	4127	1817	51	1	1	36	0.000242248	4128	0.968807	FALSE	NA	NA	NA	NA	NA	NA
NC_045512.2	22916	C	-T	4391	1931	50	1	0	20	0.000227739	4391	1	FALSE	NA	NA	NA	NA	NA	NA
NC_045512.2	22917	T	G	4330	1867	50	1	0	32	0.00023084	4332	0.968768	FALSE	NA	NA	NA	NA	NA	NA
NC_045512.2	22917	T	A	4330	1867	50	1	0	32	0.00023084	4332	0.968768	FALSE	NA	NA	NA	NA	NA	NA
NC_045512.2	22918	G	A	4511	1945	50	2	1	52	0.000443164	4513	0.250028	FALSE	NA	NA	NA	NA	NA	NA
NC_045512.2	22920	A	T	4508	2026	51	1	0	36	0.000221779	4509	0.968802	FALSE	NA	NA	NA	NA	NA	NA
NC_045512.2	22921	T	C	4512	2037	51	1	1	72	0.000221533	4514	0.5	FALSE	NA	NA	NA	NA	NA	NA
NC_045512.2	22921	T	A	4512	2037	51	1	0	36	0.000221533	4514	0.968785	FALSE	NA	NA	NA	NA	NA	NA
NC_045512.2	22923	G	T	4490	2099	51	1	0	36	0.000222668	4491	0.968802	FALSE	NA	NA	NA	NA	NA	NA
NC_045512.2	22924	A	T	4369	2006	52	1	0	72	0.000228833	4370	0.500057	FALSE	NA	NA	NA	NA	NA	NA
NC_045512.2	22925	T	A	4396	2013	52	2	2	36	0.000454752	4398	0.890758	FALSE	NA	NA	NA	NA	NA	NA
NC_045512.2	22928	T	A	4254	1904	52	1	0	36	0.000235018	4255	0.968805	FALSE	NA	NA	NA	NA	NA	NA
NC_045512.2	22929	T	C	4265	1925	52	1	0	36	0.000234412	4266	0.968805	FALSE	NA	NA	NA	NA	NA	NA
NC_045512.2	22930	T	A	1	0	32	4231	1947	51	0.999764	4232	0	TRUE	NA	NA	NA	NA	NA	NA
NC_045512.2	22931	A	G	4268	1948	52	1	1	36	0.000234192	4270	0.968787	FALSE	NA	NA	NA	NA	NA	NA
NC_045512.2	22931	A	C	4268	1948	52	1	1	28	0.000234192	4270	1	FALSE	NA	NA	NA	NA	NA	NA
NC_045512.2	22932	G	A	4355	1968	51	2	0	34	0.000459031	4357	0.890759	FALSE	NA	NA	NA	NA	NA	NA
NC_045512.2	22933	G	A	4365	1985	52	1	0	36	0.000229043	4366	0.968804	FALSE	NA	NA	NA	NA	NA	NA
NC_045512.2	22935	A	T	4394	2018	52	1	0	36	0.000227531	4395	0.968803	FALSE	NA	NA	NA	NA	NA	NA
NC_045512.2	22941	A	G	4527	2171	54	1	0	36	0.000220848	4528	0.968802	FALSE	NA	NA	NA	NA	NA	NA
NC_045512.2	22942	T	G	0	0	0	4529	2180	53	0.999559	4531	0	TRUE	NA	NA	NA	NA	NA	NA
NC_045512.2	22942	T	A	0	0	0	2	1	54	0.000441404	4531	9.73971e-08	TRUE	NA	NA	NA	NA	NA	NA
NC_045512.2	22943	C	A	4534	2198	53	1	0	36	0.000220507	4535	0.968802	FALSE	NA	NA	NA	NA	NA	NA
NC_045512.2	22946	A	T	4349	2080	54	1	1	36	0.000229885	4350	0.968804	FALSE	NA	NA	NA	NA	NA	NA
NC_045512.2	22947	A	T	4323	2108	53	1	0	32	0.000231214	4325	0.968786	FALSE	NA	NA	NA	NA	NA	NA
NC_045512.2	22947	A	G	4323	2108	53	1	0	36	0.000231214	4325	0.968786	FALSE	NA	NA	NA	NA	NA	NA
NC_045512.2	22948	A	G	4205	2160	51	1	1	72	0.000237699	4207	0.5	FALSE	NA	NA	NA	NA	NA	NA
NC_045512.2	22948	A	C	4205	2160	51	1	1	72	0.000237699	4207	0.5	FALSE	NA	NA	NA	NA	NA	NA
NC_045512.2	22949	C	A	4312	2173	53	1	1	72	0.000231857	4313	0.500058	FALSE	NA	NA	NA	NA	NA	NA
NC_045512.2	22951	T	C	4170	2099	53	3	0	46	0.000718907	4173	0.125	FALSE	NA	NA	NA	NA	NA	NA
NC_045512.2	22954	T	C	4171	2107	53	2	1	54	0.000479157	4174	0.24997	FALSE	NA	NA	NA	NA	NA	NA
NC_045512.2	22954	T	A	4171	2107	53	1	1	36	0.000239578	4174	0.968769	FALSE	NA	NA	NA	NA	NA	NA
NC_045512.2	22956	A	G	4170	2114	53	1	1	36	0.000239751	4171	0.968806	FALSE	NA	NA	NA	NA	NA	NA
NC_045512.2	22957	G	A	4167	2117	53	1	0	72	0.000239923	4168	0.50006	FALSE	NA	NA	NA	NA	NA	NA
NC_045512.2	22962	A	T	4075	2070	54	1	0	36	0.000245339	4076	0.968807	FALSE	NA	NA	NA	NA	NA	NA
NC_045512.2	22964	A	G	4051	2075	53	1	1	36	0.000246792	4052	0.968808	FALSE	NA	NA	NA	NA	NA	NA
NC_045512.2	22965	T	C	4043	2069	54	1	1	36	0.00024728	4044	0.968808	FALSE	NA	NA	NA	NA	NA	NA
NC_045512.2	22967	T	A	4062	2104	54	1	1	72	0.000246124	4063	0.500062	FALSE	NA	NA	NA	NA	NA	NA
NC_045512.2	22969	A	T	3979	2078	53	1	0	32	0.000251193	3981	0.937547	FALSE	NA	NA	NA	NA	NA	NA
NC_045512.2	22969	A	G	3979	2078	53	1	1	72	0.000251193	3981	0.5	FALSE	NA	NA	NA	NA	NA	NA
NC_045512.2	22972	T	A	3935	2078	53	1	0	36	0.000254065	3936	0.937579	FALSE	NA	NA	NA	NA	NA	NA
NC_045512.2	22976	A	G	3892	2107	53	1	1	36	0.000256871	3893	0.93758	FALSE	NA	NA	NA	NA	NA	NA
NC_045512.2	22979	T	C	4101	2237	51	1	1	32	0.000243784	4102	0.968807	FALSE	NA	NA	NA	NA	NA	NA
NC_045512.2	22980	A	T	4147	2301	52	1	1	72	0.000241022	4149	0.5	FALSE	NA	NA	NA	NA	NA	NA
NC_045512.2	22980	A	G	4147	2301	52	1	0	36	0.000241022	4149	0.968788	FALSE	NA	NA	NA	NA	NA	NA
NC_045512.2	22981	T	C	4148	2311	52	2	1	54	0.000481928	4150	0.25003	FALSE	NA	NA	NA	NA	NA	NA
NC_045512.2	22982	C	T	4112	2303	51	1	0	36	0.000243132	4113	0.968807	FALSE	NA	NA	NA	NA	NA	NA
NC_045512.2	22983	A	C	4066	2271	52	1	0	32	0.000245881	4067	0.968808	FALSE	NA	NA	NA	NA	NA	NA
NC_045512.2	22985	G	A	4084	2325	51	1	1	72	0.000244798	4085	0.500061	FALSE	NA	NA	NA	NA	NA	NA
NC_045512.2	22992	G	A	0	0	0	3974	2470	48	1	3974	0	TRUE	NA	NA	NA	NA	NA	NA
NC_045512.2	22993	C	T	3950	2465	48	1	0	72	0.0002531	3951	0.500063	FALSE	NA	NA	NA	NA	NA	NA
NC_045512.2	22995	C	T	0	0	0	1	0	72	0.000259134	3859	0.000259134	TRUE	NA	NA	NA	NA	NA	NA
NC_045512.2	22995	C	G	0	0	0	3858	2411	48	0.999741	3859	0	TRUE	NA	NA	NA	NA	NA	NA
NC_045512.2	22996	A	T	3865	2431	47	1	1	72	0.000258665	3866	0.500065	FALSE	NA	NA	NA	NA	NA	NA
NC_045512.2	22997	C	T	3948	2441	48	2	1	72	0.000506329	3950	0.250032	FALSE	NA	NA	NA	NA	NA	NA
NC_045512.2	22999	T	C	3600	2160	47	1	1	72	0.000277624	3602	0.5	FALSE	NA	NA	NA	NA	NA	NA
NC_045512.2	22999	T	A	3600	2160	47	1	0	27	0.000277624	3602	1	FALSE	NA	NA	NA	NA	NA	NA
NC_045512.2	23000	T	C	3601	2160	47	1	0	72	0.000277624	3602	0.500069	FALSE	NA	NA	NA	NA	NA	NA
NC_045512.2	23002	T	C	3620	2189	47	1	1	72	0.000276167	3621	0.500069	FALSE	NA	NA	NA	NA	NA	NA
NC_045512.2	23006	G	A	3413	2140	45	1	0	32	0.000292912	3414	0.937592	FALSE	NA	NA	NA	NA	NA	NA
NC_045512.2	23011	T	+A	3175	1900	46	1	0	20	0.000314961	3175	1	FALSE	NA	NA	NA	NA	NA	NA
NC_045512.2	23013	A	C	2	2	34	3135	1934	45	0.999362	3137	0	TRUE	NA	NA	NA	NA	NA	NA
NC_045512.2	23014	A	G	3110	1920	45	1	1	36	0.00032144	3111	0.9376	FALSE	NA	NA	NA	NA	NA	NA
NC_045512.2	23016	G	A	2944	1802	45	2	1	31	0.000678887	2946	0.687691	FALSE	NA	NA	NA	NA	NA	NA
NC_045512.2	23017	T	C	2889	1754	45	1	0	72	0.000346021	2890	0.500087	FALSE	NA	NA	NA	NA	NA	NA
NC_045512.2	23018	T	C	0	0	0	2923	1799	45	1	2923	0	TRUE	NA	NA	NA	NA	NA	NA
NC_045512.2	23019	T	C	0	0	0	2916	1810	45	1	2916	0	TRUE	NA	NA	NA	NA	NA	NA
NC_045512.2	23021	A	T	3183	1906	45	1	1	36	0.00031407	3184	0.937598	FALSE	NA	NA	NA	NA	NA	NA
NC_045512.2	23023	T	A	3287	1925	45	1	1	36	0.000304136	3288	0.937595	FALSE	NA	NA	NA	NA	NA	NA
NC_045512.2	23026	T	C	2133	1020	43	1	0	36	0.000468604	2134	0.875176	FALSE	NA	NA	NA	NA	NA	NA
NC_045512.2	23031	T	C	0	0	0	2189	1118	43	1	2189	0	TRUE	NA	NA	NA	NA	NA	NA
NC_045512.2	23032	T	A	2193	1129	43	1	1	36	0.000455789	2194	0.875171	FALSE	NA	NA	NA	NA	NA	NA
NC_045512.2	23032	T	-C	2193	1129	43	1	0	20	0.000455789	2194	1	FALSE	NA	NA	NA	NA	NA	NA
NC_045512.2	23033	C	T	2383	1174	43	1	0	36	0.000419463	2384	0.875079	FALSE	NA	NA	NA	NA	NA	NA
NC_045512.2	23034	C	G	2376	1182	43	1	0	32	0.000420698	2377	0.875158	FALSE	NA	NA	NA	NA	NA	NA
NC_045512.2	23036	T	C	2385	1197	43	2	1	36	0.000837872	2387	0.687736	FALSE	NA	NA	NA	NA	NA	NA
NC_045512.2	23037	T	C	2387	1200	42	1	0	68	0.00041876	2388	0.500105	FALSE	NA	NA	NA	NA	NA	NA
NC_045512.2	23040	A	T	2408	1238	44	1	1	68	0.000414938	2410	0.5	FALSE	NA	NA	NA	NA	NA	NA
NC_045512.2	23040	A	C	2408	1238	44	1	1	63	0.000414938	2410	0.5	FALSE	NA	NA	NA	NA	NA	NA
NC_045512.2	23042	T	C	2571	1268	43	2	1	54	0.000777303	2573	0.250049	FALSE	NA	NA	NA	NA	NA	NA
NC_045512.2	23043	C	T	2572	1285	43	1	0	72	0.000388651	2573	0.500097	FALSE	NA	NA	NA	NA	NA	NA
NC_045512.2	23044	A	G	2570	1301	42	1	1	36	0.000388954	2571	0.875146	FALSE	NA	NA	NA	NA	NA	NA
NC_045512.2	23045	T	A	2540	1300	42	1	1	36	0.000393546	2541	0.875148	FALSE	NA	NA	NA	NA	NA	NA
NC_045512.2	23046	A	T	2542	1318	42	1	0	21	0.000393236	2543	1	FALSE	NA	NA	NA	NA	NA	NA
NC_045512.2	23055	A	G	0	0	0	2648	1419	43	1	2648	0	TRUE	NA	NA	NA	NA	NA	NA
NC_045512.2	23056	A	G	2575	1435	42	1	1	36	0.000388199	2576	0.875146	FALSE	NA	NA	NA	NA	NA	NA
NC_045512.2	23058	C	T	2658	1445	43	3	2	48	0.00112697	2662	0.12493	FALSE	NA	NA	NA	NA	NA	NA
NC_045512.2	23058	C	A	2658	1445	43	1	0	36	0.000375657	2662	0.874929	FALSE	NA	NA	NA	NA	NA	NA
NC_045512.2	23061	C	T	3065	1505	43	1	0	36	0.000326158	3066	0.937602	FALSE	NA	NA	NA	NA	NA	NA
NC_045512.2	23062	T	A	3064	1508	43	1	1	36	0.000326264	3065	0.937602	FALSE	NA	NA	NA	NA	NA	NA
NC_045512.2	23062	T	-A	3064	1508	43	1	0	20	0.000326264	3065	1	FALSE	NA	NA	NA	NA	NA	NA
NC_045512.2	23063	A	T	0	0	0	3063	1513	42	1	3063	0	TRUE	NA	NA	NA	NA	NA	NA
NC_045512.2	23064	A	T	3076	1554	43	1	1	36	0.000324992	3077	0.937602	FALSE	NA	NA	NA	NA	NA	NA
NC_045512.2	23067	G	C	3180	1592	43	1	0	72	0.000314367	3181	0.500079	FALSE	NA	NA	NA	NA	NA	NA
NC_045512.2	23068	T	C	3010	1444	43	1	1	32	0.000332005	3012	0.937562	FALSE	NA	NA	NA	NA	NA	NA
NC_045512.2	23068	T	A	3010	1444	43	1	1	36	0.000332005	3012	0.937562	FALSE	NA	NA	NA	NA	NA	NA
NC_045512.2	23069	G	A	3057	1477	44	1	0	36	0.000327011	3058	0.937602	FALSE	NA	NA	NA	NA	NA	NA
NC_045512.2	23071	T	C	2923	1371	44	1	0	36	0.00034188	2925	0.875064	FALSE	NA	NA	NA	NA	NA	NA
NC_045512.2	23071	T	A	2923	1371	44	1	0	21	0.00034188	2925	1	FALSE	NA	NA	NA	NA	NA	NA
NC_045512.2	23072	G	A	2967	1387	44	1	1	36	0.000336927	2968	0.875126	FALSE	NA	NA	NA	NA	NA	NA
NC_045512.2	23075	T	C	1	0	72	3087	1498	45	0.999676	3088	0	TRUE	NA	NA	NA	NA	NA	NA
NC_045512.2	23076	A	T	2944	1458	45	1	0	32	0.000339559	2945	0.875127	FALSE	NA	NA	NA	NA	NA	NA
NC_045512.2	23078	C	-A	3287	1519	45	1	0	20	0.000304229	3287	1	FALSE	NA	NA	NA	NA	NA	NA
NC_045512.2	23082	C	T	3539	1507	46	1	0	32	0.000282247	3543	0.937482	FALSE	NA	NA	NA	NA	NA	NA
NC_045512.2	23082	C	A	3539	1507	46	3	2	33	0.00084674	3543	0.656316	FALSE	NA	NA	NA	NA	NA	NA
NC_045512.2	23083	A	G	3770	1559	46	2	2	34	0.000530223	3772	0.812666	FALSE	NA	NA	NA	NA	NA	NA
NC_045512.2	23084	T	A	3767	1563	46	1	0	36	0.000265393	3768	0.937583	FALSE	NA	NA	NA	NA	NA	NA
NC_045512.2	23085	A	T	3793	1590	47	2	1	32	0.000527009	3795	0.812665	FALSE	NA	NA	NA	NA	NA	NA
NC_045512.2	23086	C	A	3809	1610	47	1	1	72	0.000262467	3810	0.500066	FALSE	NA	NA	NA	NA	NA	NA
NC_045512.2	23086	C	-AG	3809	1610	47	1	0	20	0.000262467	3810	1	FALSE	NA	NA	NA	NA	NA	NA
NC_045512.2	23087	A	T	3768	1584	48	1	0	32	0.000265252	3770	0.937517	FALSE	NA	NA	NA	NA	NA	NA
NC_045512.2	23087	A	G	3768	1584	48	1	0	21	0.000265252	3770	1	FALSE	NA	NA	NA	NA	NA	NA
NC_045512.2	23089	A	T	4265	1636	47	1	0	32	0.000234412	4266	0.968805	FALSE	NA	NA	NA	NA	NA	NA
NC_045512.2	23092	A	G	4452	1677	47	1	0	36	0.000224568	4453	0.968803	FALSE	NA	NA	NA	NA	NA	NA
NC_045512.2	23095	A	G	4540	1714	48	1	0	36	0.000220216	4541	0.968802	FALSE	NA	NA	NA	NA	NA	NA
NC_045512.2	23097	T	C	4483	1634	49	2	0	54	0.000445931	4485	0.250028	FALSE	NA	NA	NA	NA	NA	NA
NC_045512.2	23098	A	G	4471	1642	49	1	0	36	0.000223614	4472	0.968802	FALSE	NA	NA	NA	NA	NA	NA
NC_045512.2	23099	C	T	4465	1640	49	1	1	36	0.000223914	4466	0.968802	FALSE	NA	NA	NA	NA	NA	NA
NC_045512.2	23100	T	C	4444	1614	49	1	0	36	0.000224972	4445	0.968803	FALSE	NA	NA	NA	NA	NA	NA
NC_045512.2	23102	T	A	4440	1611	49	1	1	36	0.000225175	4441	0.968803	FALSE	NA	NA	NA	NA	NA	NA
NC_045512.2	23103	C	T	4572	1651	49	1	0	32	0.000218675	4573	0.968801	FALSE	NA	NA	NA	NA	NA	NA
NC_045512.2	23104	T	C	4564	1666	49	1	1	72	0.000219058	4565	0.500055	FALSE	NA	NA	NA	NA	NA	NA
NC_045512.2	23106	T	C	4576	1695	50	2	1	70	0.000436872	4578	0.250027	FALSE	NA	NA	NA	NA	NA	NA
NC_045512.2	23107	T	G	4575	1706	50	1	1	68	0.000218531	4576	0.500055	FALSE	NA	NA	NA	NA	NA	NA
NC_045512.2	23108	G	C	4580	1724	50	1	0	68	0.000218245	4582	0.5	FALSE	NA	NA	NA	NA	NA	NA
NC_045512.2	23108	G	A	4580	1724	50	1	0	36	0.000218245	4582	0.968784	FALSE	NA	NA	NA	NA	NA	NA
NC_045512.2	23109	A	T	4549	1739	50	2	1	36	0.000439367	4552	0.890702	FALSE	NA	NA	NA	NA	NA	NA
NC_045512.2	23109	A	C	4549	1739	50	1	0	27	0.000219684	4552	1	FALSE	NA	NA	NA	NA	NA	NA
NC_045512.2	23111	C	T	4884	1821	50	1	0	32	0.000204708	4885	0.968798	FALSE	NA	NA	NA	NA	NA	NA
NC_045512.2	23112	T	C	4861	1802	50	1	0	36	0.000205677	4862	0.968798	FALSE	NA	NA	NA	NA	NA	NA
NC_045512.2	23113	T	A	4917	1845	50	2	0	54	0.000406587	4919	0.250025	FALSE	NA	NA	NA	NA	NA	NA
NC_045512.2	23114	C	G	4963	1924	51	2	0	52	0.00040282	4965	0.250025	FALSE	NA	NA	NA	NA	NA	NA
NC_045512.2	23116	A	T	5073	2091	53	2	1	28	0.000394089	5075	1	FALSE	NA	NA	NA	NA	NA	NA
NC_045512.2	23117	C	T	4566	1771	52	1	0	72	0.000218914	4568	0.5	FALSE	NA	NA	NA	NA	NA	NA
NC_045512.2	23117	C	A	4566	1771	52	1	0	72	0.000218914	4568	0.5	FALSE	NA	NA	NA	NA	NA	NA
NC_045512.2	23118	A	G	4557	1805	52	1	0	32	0.000219394	4558	0.968801	FALSE	NA	NA	NA	NA	NA	NA
NC_045512.2	23120	G	T	4586	1888	53	1	0	36	0.000217865	4590	0.96875	FALSE	NA	NA	NA	NA	NA	NA
NC_045512.2	23120	G	A	4586	1888	53	3	0	60	0.000653595	4590	0.124959	FALSE	NA	NA	NA	NA	NA	NA
NC_045512.2	23121	C	A	4611	1911	53	1	1	36	0.000216826	4612	0.968801	FALSE	NA	NA	NA	NA	NA	NA
NC_045512.2	23122	A	T	4531	1936	53	1	0	32	0.000220507	4535	0.96875	FALSE	NA	NA	NA	NA	NA	NA
NC_045512.2	23122	A	G	4531	1936	53	3	1	38	0.000661521	4535	0.773528	FALSE	NA	NA	NA	NA	NA	NA
NC_045512.2	23123	C	T	4747	1973	53	2	1	54	0.000421053	4750	0.249974	FALSE	NA	NA	NA	NA	NA	NA
NC_045512.2	23123	C	A	4747	1973	53	1	1	36	0.000210526	4750	0.968766	FALSE	NA	NA	NA	NA	NA	NA
NC_045512.2	23124	C	T	4796	2021	53	2	1	49	0.00041684	4798	0.250026	FALSE	NA	NA	NA	NA	NA	NA
NC_045512.2	23126	G	A	4863	2072	53	4	2	63	0.000821862	4867	0.0624872	FALSE	NA	NA	NA	NA	NA	NA
NC_045512.2	23127	C	-A	4878	2103	53	1	0	20	0.000205002	4878	1	FALSE	NA	NA	NA	NA	NA	NA
NC_045512.2	23129	A	T	4867	2143	53	1	1	68	0.000205381	4869	0.5	FALSE	NA	NA	NA	NA	NA	NA
NC_045512.2	23129	A	G	4867	2143	53	1	0	36	0.000205381	4869	0.968782	FALSE	NA	NA	NA	NA	NA	NA
NC_045512.2	23129	A	-C	4867	2143	53	1	0	20	0.000205381	4869	1	FALSE	NA	NA	NA	NA	NA	NA
NC_045512.2	23130	C	G	5011	2192	54	1	0	72	0.000199521	5012	0.5	FALSE	NA	NA	NA	NA	NA	NA
NC_045512.2	23131	T	G	5019	2200	54	1	0	68	0.000199164	5021	0.5	FALSE	NA	NA	NA	NA	NA	NA
NC_045512.2	23131	T	C	5019	2200	54	1	0	32	0.000199164	5021	0.984398	FALSE	NA	NA	NA	NA	NA	NA
NC_045512.2	23131	T	-G	5019	2200	54	1	0	20	0.000199164	5021	1	FALSE	NA	NA	NA	NA	NA	NA
NC_045512.2	23132	G	C	5091	2258	54	1	0	72	0.000196386	5092	0.5	FALSE	NA	NA	NA	NA	NA	NA
NC_045512.2	23133	T	G	5090	2252	54	2	1	72	0.000392773	5092	0.250025	FALSE	NA	NA	NA	NA	NA	NA
NC_045512.2	23136	G	A	5132	2313	54	1	1	72	0.000194818	5133	0.500049	FALSE	NA	NA	NA	NA	NA	NA
NC_045512.2	23137	T	C	5141	2362	54	1	0	36	0.000194477	5142	0.984407	FALSE	NA	NA	NA	NA	NA	NA
NC_045512.2	23139	G	A	5198	2453	55	1	0	72	0.000192345	5199	0.500048	FALSE	NA	NA	NA	NA	NA	NA
NC_045512.2	23140	A	T	5175	2481	55	1	0	72	0.000193199	5176	0.500048	FALSE	NA	NA	NA	NA	NA	NA
NC_045512.2	23141	C	T	5598	2573	54	1	1	36	0.000178603	5599	0.984404	FALSE	NA	NA	NA	NA	NA	NA
NC_045512.2	23143	T	C	5600	2608	54	1	0	36	0.00017854	5601	0.984404	FALSE	NA	NA	NA	NA	NA	NA
NC_045512.2	23143	T	-A	5600	2608	54	5	0	20	0.000892698	5601	1	FALSE	NA	NA	NA	NA	NA	NA
NC_045512.2	23145	A	G	5609	2656	54	1	0	72	0.000178253	5610	0.500045	FALSE	NA	NA	NA	NA	NA	NA
NC_045512.2	23147	A	T	5614	2685	54	1	0	36	0.000178094	5615	0.984404	FALSE	NA	NA	NA	NA	NA	NA
NC_045512.2	23150	T	C	5456	2512	55	1	0	32	0.000183251	5457	0.984405	FALSE	NA	NA	NA	NA	NA	NA
NC_045512.2	23153	A	T	5568	2613	55	1	1	21	0.000179565	5569	1	FALSE	NA	NA	NA	NA	NA	NA
NC_045512.2	23154	C	A	5576	2639	55	1	0	72	0.000179308	5577	0.500045	FALSE	NA	NA	NA	NA	NA	NA
NC_045512.2	23156	A	G	5522	2808	54	1	1	32	0.000181061	5523	0.984405	FALSE	NA	NA	NA	NA	NA	NA
NC_045512.2	23158	T	C	5478	2744	56	1	1	72	0.000182482	5480	0.5	FALSE	NA	NA	NA	NA	NA	NA
NC_045512.2	23158	T	A	5478	2744	56	1	1	36	0.000182482	5480	0.984396	FALSE	NA	NA	NA	NA	NA	NA
NC_045512.2	23162	G	T	5503	2839	57	1	0	72	0.000181653	5505	0.5	FALSE	NA	NA	NA	NA	NA	NA
NC_045512.2	23162	G	A	5503	2839	57	1	0	36	0.000181653	5505	0.984396	FALSE	NA	NA	NA	NA	NA	NA
NC_045512.2	23163	T	C	5464	2811	57	1	1	68	0.000182949	5466	0.5	FALSE	NA	NA	NA	NA	NA	NA
NC_045512.2	23163	T	A	5464	2811	57	1	0	72	0.000182949	5466	0.5	FALSE	NA	NA	NA	NA	NA	NA
NC_045512.2	23164	T	A	5513	2894	58	1	1	36	0.000181357	5514	0.984405	FALSE	NA	NA	NA	NA	NA	NA
NC_045512.2	23164	T	-A	5513	2894	58	3	0	20	0.00054407	5514	1	FALSE	NA	NA	NA	NA	NA	NA
NC_045512.2	23165	A	T	5390	2956	55	2	1	54	0.000370714	5395	0.249745	FALSE	NA	NA	NA	NA	NA	NA
NC_045512.2	23165	A	G	5390	2956	55	3	2	70	0.00055607	5395	0.124826	FALSE	NA	NA	NA	NA	NA	NA
NC_045512.2	23167	A	C	5673	3034	57	1	0	72	0.000176243	5674	0.500044	FALSE	NA	NA	NA	NA	NA	NA
NC_045512.2	23169	A	T	5666	3067	56	1	1	72	0.000176429	5668	0.5	FALSE	NA	NA	NA	NA	NA	NA
NC_045512.2	23169	A	G	5666	3067	56	1	0	21	0.000176429	5668	1	FALSE	NA	NA	NA	NA	NA	NA
NC_045512.2	23171	A	T	5617	3029	56	1	1	36	0.000177999	5618	0.984404	FALSE	NA	NA	NA	NA	NA	NA
NC_045512.2	23177	G	T	5390	2917	56	1	0	36	0.00018546	5392	0.984397	FALSE	NA	NA	NA	NA	NA	NA
NC_045512.2	23177	G	A	5390	2917	56	1	1	72	0.00018546	5392	0.5	FALSE	NA	NA	NA	NA	NA	NA
NC_045512.2	23178	T	A	5356	2899	56	1	0	36	0.000186672	5357	0.984406	FALSE	NA	NA	NA	NA	NA	NA
NC_045512.2	23179	C	T	5360	2933	57	1	1	36	0.000186498	5362	0.984397	FALSE	NA	NA	NA	NA	NA	NA
NC_045512.2	23179	C	G	5360	2933	57	1	1	32	0.000186498	5362	0.984397	FALSE	NA	NA	NA	NA	NA	NA
NC_045512.2	23180	A	T	5376	2952	57	2	1	54	0.000371885	5378	0.250023	FALSE	NA	NA	NA	NA	NA	NA
NC_045512.2	23181	A	G	5409	2986	57	1	0	28	0.000184843	5410	1	FALSE	NA	NA	NA	NA	NA	NA
NC_045512.2	23186	A	G	5370	3071	57	1	1	72	0.000186185	5371	0.500047	FALSE	NA	NA	NA	NA	NA	NA
NC_045512.2	23187	A	T	5345	3110	56	1	1	36	0.000187056	5346	0.984406	FALSE	NA	NA	NA	NA	NA	NA
NC_045512.2	23188	C	T	5513	3190	56	3	2	60	0.000543872	5516	0.125	FALSE	NA	NA	NA	NA	NA	NA
NC_045512.2	23189	T	C	5482	3179	56	1	1	72	0.000182382	5483	0.500046	FALSE	NA	NA	NA	NA	NA	NA
NC_045512.2	23190	T	C	5454	3191	56	1	0	72	0.000183318	5455	0.500046	FALSE	NA	NA	NA	NA	NA	NA
NC_045512.2	23192	A	T	5457	3251	56	1	0	72	0.000183217	5458	0.500046	FALSE	NA	NA	NA	NA	NA	NA
NC_045512.2	23193	A	T	5449	3261	56	1	1	21	0.000183486	5450	1	FALSE	NA	NA	NA	NA	NA	NA
NC_045512.2	23194	T	C	5477	3279	56	2	1	72	0.000364897	5481	0.249932	FALSE	NA	NA	NA	NA	NA	NA
NC_045512.2	23194	T	A	5477	3279	56	2	2	72	0.000364897	5481	0.249932	FALSE	NA	NA	NA	NA	NA	NA
NC_045512.2	23196	G	C	5699	3417	56	2	2	50	0.000350693	5703	0.249934	FALSE	NA	NA	NA	NA	NA	NA
NC_045512.2	23196	G	A	5699	3417	56	2	1	52	0.000350693	5703	0.249934	FALSE	NA	NA	NA	NA	NA	NA
NC_045512.2	23197	T	A	5397	3176	55	1	1	35	0.000185254	5398	0.984405	FALSE	NA	NA	NA	NA	NA	NA
NC_045512.2	23199	T	A	5553	3468	57	1	1	36	0.00018005	5554	0.984405	FALSE	NA	NA	NA	NA	NA	NA
NC_045512.2	23201	A	T	5611	3562	57	1	1	72	0.000178126	5614	0.499955	FALSE	NA	NA	NA	NA	NA	NA
NC_045512.2	23201	A	G	5611	3562	57	2	2	54	0.000356252	5614	0.249978	FALSE	NA	NA	NA	NA	NA	NA
NC_045512.2	23202	C	T	5627	3578	57	1	1	36	0.000177683	5628	0.984404	FALSE	NA	NA	NA	NA	NA	NA
NC_045512.2	23203	A	G	5610	3551	57	3	1	55	0.000534474	5613	0.125	FALSE	NA	NA	NA	NA	NA	NA
NC_045512.2	23205	G	T	5598	3493	57	1	1	36	0.00017854	5601	0.984388	FALSE	NA	NA	NA	NA	NA	NA
NC_045512.2	23205	G	C	5598	3493	57	1	1	68	0.00017854	5601	0.499955	FALSE	NA	NA	NA	NA	NA	NA
NC_045512.2	23205	G	A	5598	3493	57	1	1	68	0.00017854	5601	0.499955	FALSE	NA	NA	NA	NA	NA	NA
NC_045512.2	23207	A	T	5597	3574	56	1	1	72	0.000178603	5599	0.5	FALSE	NA	NA	NA	NA	NA	NA
NC_045512.2	23207	A	G	5597	3574	56	1	0	72	0.000178603	5599	0.5	FALSE	NA	NA	NA	NA	NA	NA
NC_045512.2	23211	G	A	5832	3735	56	1	0	68	0.000171438	5833	0.500043	FALSE	NA	NA	NA	NA	NA	NA
NC_045512.2	23212	T	C	5685	3612	56	1	0	72	0.00017584	5687	0.5	FALSE	NA	NA	NA	NA	NA	NA
NC_045512.2	23212	T	A	5685	3612	56	1	1	32	0.00017584	5687	0.984396	FALSE	NA	NA	NA	NA	NA	NA
NC_045512.2	23213	G	T	5713	3704	57	1	1	36	0.000175009	5714	0.984404	FALSE	NA	NA	NA	NA	NA	NA
NC_045512.2	23214	T	A	5583	3551	56	2	2	62	0.000358102	5585	0.250022	FALSE	NA	NA	NA	NA	NA	NA
NC_045512.2	23217	T	C	5402	3465	58	2	1	72	0.000370096	5404	0.250023	FALSE	NA	NA	NA	NA	NA	NA
NC_045512.2	23218	T	-A	5403	3471	57	1	0	20	0.000185082	5403	1	FALSE	NA	NA	NA	NA	NA	NA
NC_045512.2	23221	T	A	5001	3187	58	1	1	32	0.00019992	5002	0.984408	FALSE	NA	NA	NA	NA	NA	NA
NC_045512.2	23222	G	T	4979	3186	58	1	0	72	0.000200803	4980	0.50005	FALSE	NA	NA	NA	NA	NA	NA
NC_045512.2	23224	G	T	4635	2946	58	1	1	72	0.000215657	4637	0.5	FALSE	NA	NA	NA	NA	NA	NA
NC_045512.2	23224	G	A	4635	2946	58	1	0	72	0.000215657	4637	0.5	FALSE	NA	NA	NA	NA	NA	NA
NC_045512.2	23226	C	T	4609	2948	58	1	1	72	0.00021692	4610	0.500054	FALSE	NA	NA	NA	NA	NA	NA
NC_045512.2	23230	C	-A	4547	2947	57	1	0	20	0.000219925	4547	1	FALSE	NA	NA	NA	NA	NA	NA
NC_045512.2	23231	A	G	4484	2948	57	1	1	36	0.000222965	4485	0.968785	FALSE	NA	NA	NA	NA	NA	NA
NC_045512.2	23232	A	T	4478	2966	56	1	1	36	0.000223214	4480	0.968785	FALSE	NA	NA	NA	NA	NA	NA
NC_045512.2	23232	A	G	4478	2966	56	1	0	72	0.000223214	4480	0.5	FALSE	NA	NA	NA	NA	NA	NA
NC_045512.2	23238	T	C	4120	2757	55	1	1	36	0.00024266	4121	0.968807	FALSE	NA	NA	NA	NA	NA	NA
NC_045512.2	23241	T	G	3872	2575	56	1	0	64	0.000257998	3876	0.499871	FALSE	NA	NA	NA	NA	NA	NA
NC_045512.2	23241	T	C	3872	2575	56	2	1	52	0.000515996	3876	0.249903	FALSE	NA	NA	NA	NA	NA	NA
NC_045512.2	23241	T	A	3872	2575	56	1	0	72	0.000257998	3876	0.499871	FALSE	NA	NA	NA	NA	NA	NA
NC_045512.2	23242	G	T	3870	2581	56	1	0	68	0.000258131	3874	0.499871	FALSE	NA	NA	NA	NA	NA	NA
NC_045512.2	23242	G	C	3870	2581	56	1	1	28	0.000258131	3874	1	FALSE	NA	NA	NA	NA	NA	NA
NC_045512.2	23242	G	A	3870	2581	56	2	1	62	0.000516262	3874	0.249903	FALSE	NA	NA	NA	NA	NA	NA
NC_045512.2	23243	C	T	3871	2607	55	1	1	36	0.000258198	3873	0.937548	FALSE	NA	NA	NA	NA	NA	NA
NC_045512.2	23243	C	A	3871	2607	55	1	1	72	0.000258198	3873	0.5	FALSE	NA	NA	NA	NA	NA	NA
NC_045512.2	23244	C	T	3861	2620	54	4	2	54	0.00103439	3867	0.0624192	FALSE	NA	NA	NA	NA	NA	NA
NC_045512.2	23244	C	G	3861	2620	54	1	1	36	0.000258598	3867	0.937419	FALSE	NA	NA	NA	NA	NA	NA
NC_045512.2	23244	C	A	3861	2620	54	1	1	72	0.000258598	3867	0.499741	FALSE	NA	NA	NA	NA	NA	NA
NC_045512.2	23245	T	C	3724	2501	56	2	2	70	0.000536769	3726	0.250034	FALSE	NA	NA	NA	NA	NA	NA
NC_045512.2	23246	T	C	3709	2490	55	1	1	36	0.000269542	3710	0.937584	FALSE	NA	NA	NA	NA	NA	NA
NC_045512.2	23247	T	A	3726	2510	56	1	0	68	0.000268312	3727	0.500067	FALSE	NA	NA	NA	NA	NA	NA
NC_045512.2	23249	C	T	3721	2530	54	1	0	36	0.000268528	3724	0.937517	FALSE	NA	NA	NA	NA	NA	NA
NC_045512.2	23249	C	G	3721	2530	54	1	1	72	0.000268528	3724	0.499933	FALSE	NA	NA	NA	NA	NA	NA
NC_045512.2	23249	C	A	3721	2530	54	1	1	72	0.000268528	3724	0.499933	FALSE	NA	NA	NA	NA	NA	NA
NC_045512.2	23253	A	C	3672	2543	54	1	1	72	0.000272257	3673	0.500068	FALSE	NA	NA	NA	NA	NA	NA
NC_045512.2	23254	A	G	3659	2536	54	1	1	72	0.000273224	3660	0.500068	FALSE	NA	NA	NA	NA	NA	NA
NC_045512.2	23254	A	-T	3659	2536	54	1	0	20	0.000273224	3660	1	FALSE	NA	NA	NA	NA	NA	NA
NC_045512.2	23255	T	C	3637	2528	54	1	1	28	0.000274876	3638	1	FALSE	NA	NA	NA	NA	NA	NA
NC_045512.2	23256	T	A	3624	2520	54	1	0	72	0.000275862	3625	0.500069	FALSE	NA	NA	NA	NA	NA	NA
NC_045512.2	23259	G	C	3603	2535	53	1	1	36	0.000277316	3606	0.937517	FALSE	NA	NA	NA	NA	NA	NA
NC_045512.2	23259	G	A	3603	2535	53	2	2	36	0.000554631	3606	0.812587	FALSE	NA	NA	NA	NA	NA	NA
NC_045512.2	23260	C	A	3611	2573	52	1	1	36	0.000276855	3612	0.937587	FALSE	NA	NA	NA	NA	NA	NA
NC_045512.2	23262	G	T	3479	2480	53	1	1	36	0.000287191	3482	0.937518	FALSE	NA	NA	NA	NA	NA	NA
NC_045512.2	23262	G	A	3479	2480	53	2	1	36	0.000574383	3482	0.81259	FALSE	NA	NA	NA	NA	NA	NA
NC_045512.2	23263	A	T	3439	2461	53	1	1	32	0.000290698	3440	0.937591	FALSE	NA	NA	NA	NA	NA	NA
NC_045512.2	23264	G	T	3441	2469	52	1	0	72	0.000290529	3442	0.500073	FALSE	NA	NA	NA	NA	NA	NA
NC_045512.2	23269	T	C	3341	2419	52	3	2	60	0.000896325	3347	0.124832	FALSE	NA	NA	NA	NA	NA	NA
NC_045512.2	23269	T	A	3341	2419	52	3	2	48	0.000896325	3347	0.124832	FALSE	NA	NA	NA	NA	NA	NA
NC_045512.2	23271	C	T	3332	2425	52	1	1	72	0.00030003	3333	0.500075	FALSE	NA	NA	NA	NA	NA	NA
NC_045512.2	23273	G	T	3242	2359	52	1	1	36	0.000308356	3243	0.937596	FALSE	NA	NA	NA	NA	NA	NA
NC_045512.2	23275	C	A	3198	2369	51	1	0	72	0.000312598	3199	0.500078	FALSE	NA	NA	NA	NA	NA	NA
NC_045512.2	23278	T	C	3125	2336	51	1	1	36	0.000319898	3126	0.9376	FALSE	NA	NA	NA	NA	NA	NA
NC_045512.2	23281	T	C	3083	2312	50	1	0	68	0.000324254	3084	0.500081	FALSE	NA	NA	NA	NA	NA	NA
NC_045512.2	23281	T	-G	3083	2312	50	1	0	20	0.000324254	3084	1	FALSE	NA	NA	NA	NA	NA	NA
NC_045512.2	23282	G	T	3079	2311	49	1	1	32	0.000324675	3080	0.937561	FALSE	NA	NA	NA	NA	NA	NA
NC_045512.2	23285	G	T	2926	2195	49	1	1	72	0.00034153	2928	0.5	FALSE	NA	NA	NA	NA	NA	NA
NC_045512.2	23285	G	A	2926	2195	49	1	0	64	0.00034153	2928	0.5	FALSE	NA	NA	NA	NA	NA	NA
NC_045512.2	23287	T	C	1912	1362	52	1	1	64	0.000522739	1913	0.500131	FALSE	NA	NA	NA	NA	NA	NA
NC_045512.2	23288	G	C	1893	1352	52	1	1	32	0.000527983	1894	0.750198	FALSE	NA	NA	NA	NA	NA	NA
NC_045512.2	23289	T	G	1697	1200	53	1	1	68	0.000588582	1699	0.5	FALSE	NA	NA	NA	NA	NA	NA
NC_045512.2	23289	T	C	1697	1200	53	1	0	68	0.000588582	1699	0.5	FALSE	NA	NA	NA	NA	NA	NA
NC_045512.2	23294	G	A	1501	1083	51	1	1	32	0.000665779	1502	0.75025	FALSE	NA	NA	NA	NA	NA	NA
NC_045512.2	23302	G	T	900	680	46	1	1	32	0.00110865	902	0.5	FALSE	NA	NA	NA	NA	NA	NA
NC_045512.2	23302	G	A	900	680	46	1	0	68	0.00110865	902	0.5	FALSE	NA	NA	NA	NA	NA	NA
NC_045512.2	23403	A	G	0	0	0	3	1	46	1	3	0.1	FALSE	NA	NA	NA	NA	NA	NA
NC_045512.2	23525	C	T	0	0	0	1	0	36	1	1	1	FALSE	NA	NA	NA	NA	NA	NA
NC_045512.2	23587	G	A	365	114	37	1	1	27	0.00273224	366	0.938353	FALSE	NA	NA	NA	NA	NA	NA
NC_045512.2	23594	A	C	428	133	39	1	0	32	0.002331	429	0.500583	FALSE	NA	NA	NA	NA	NA	NA
NC_045512.2	23599	T	G	0	0	0	445	136	40	1	445	9.06172e-267	TRUE	NA	NA	NA	NA	NA	NA
NC_045512.2	23604	C	A	0	0	0	448	140	41	1	448	1.42066e-268	TRUE	NA	NA	NA	NA	NA	NA
NC_045512.2	23608	G	A	452	149	41	1	0	72	0.00220751	453	0.500552	FALSE	NA	NA	NA	NA	NA	NA
NC_045512.2	23616	G	C	492	183	45	2	1	36	0.00404858	494	0.250253	FALSE	NA	NA	NA	NA	NA	NA
NC_045512.2	23618	A	G	525	190	45	2	1	36	0.00379507	527	0.250237	FALSE	NA	NA	NA	NA	NA	NA
NC_045512.2	23627	A	T	563	209	46	1	0	21	0.00177305	564	0.984665	FALSE	NA	NA	NA	NA	NA	NA
NC_045512.2	23629	T	-C	559	206	46	1	0	20	0.00178891	559	0.98475	FALSE	NA	NA	NA	NA	NA	NA
NC_045512.2	23642	G	A	672	246	46	2	1	36	0.00296736	674	0.250186	FALSE	NA	NA	NA	NA	NA	NA
NC_045512.2	23648	A	T	713	264	48	1	0	36	0.00140056	714	0.50035	FALSE	NA	NA	NA	NA	NA	NA
NC_045512.2	23654	T	A	816	285	48	1	0	32	0.00122399	817	0.500306	FALSE	NA	NA	NA	NA	NA	NA
NC_045512.2	23666	G	A	760	274	50	1	0	36	0.00131406	761	0.500329	FALSE	NA	NA	NA	NA	NA	NA
NC_045512.2	23680	T	C	741	288	52	1	1	63	0.00134771	742	0.500337	FALSE	NA	NA	NA	NA	NA	NA
NC_045512.2	23689	T	C	775	325	51	1	0	72	0.00128866	776	0.500322	FALSE	NA	NA	NA	NA	NA	NA
NC_045512.2	23689	T	-A	775	325	51	1	0	20	0.00128866	776	0.996184	FALSE	NA	NA	NA	NA	NA	NA
NC_045512.2	23690	A	T	775	333	53	1	1	36	0.00128866	776	0.5	FALSE	NA	NA	NA	NA	NA	NA
NC_045512.2	23691	A	T	778	338	52	1	1	36	0.0012837	779	0.500321	FALSE	NA	NA	NA	NA	NA	NA
NC_045512.2	23691	A	-CT	778	338	52	1	0	20	0.0012837	779	0.996183	FALSE	NA	NA	NA	NA	NA	NA
NC_045512.2	23704	A	G	752	299	52	1	1	36	0.00132802	753	0.500332	FALSE	NA	NA	NA	NA	NA	NA
NC_045512.2	23705	C	T	803	301	51	1	1	72	0.00124378	804	0.500311	FALSE	NA	NA	NA	NA	NA	NA
NC_045512.2	23707	C	T	800	305	51	1	0	28	0.00124844	801	0.998101	FALSE	NA	NA	NA	NA	NA	NA
NC_045512.2	23717	A	T	775	318	52	1	0	72	0.00128866	776	0.500322	FALSE	NA	NA	NA	NA	NA	NA
NC_045512.2	23725	T	A	793	354	51	1	0	68	0.00125945	794	0.500315	FALSE	NA	NA	NA	NA	NA	NA
NC_045512.2	23729	A	-C	762	337	51	1	0	20	0.00131234	762	0.996205	FALSE	NA	NA	NA	NA	NA	NA
NC_045512.2	23746	A	G	720	336	50	1	1	72	0.00138696	721	0.500347	FALSE	NA	NA	NA	NA	NA	NA
NC_045512.2	23757	C	T	790	365	50	1	0	36	0.00126422	791	0.500316	FALSE	NA	NA	NA	NA	NA	NA
NC_045512.2	23759	A	T	739	329	50	1	1	68	0.00134953	741	0.5	FALSE	NA	NA	NA	NA	NA	NA
NC_045512.2	23759	A	G	739	329	50	1	0	72	0.00134953	741	0.5	FALSE	NA	NA	NA	NA	NA	NA
NC_045512.2	23760	A	G	739	329	50	1	0	36	0.00135135	740	0.500338	FALSE	NA	NA	NA	NA	NA	NA
NC_045512.2	23761	G	A	745	332	50	1	0	36	0.00134048	746	0.500335	FALSE	NA	NA	NA	NA	NA	NA
NC_045512.2	23764	A	G	749	329	50	1	0	36	0.00133333	750	0.500334	FALSE	NA	NA	NA	NA	NA	NA
NC_045512.2	23767	A	G	771	341	49	1	1	36	0.00129534	772	0.500324	FALSE	NA	NA	NA	NA	NA	NA
NC_045512.2	23778	C	T	767	339	49	1	1	36	0.00130208	768	0.500326	FALSE	NA	NA	NA	NA	NA	NA
NC_045512.2	23796	A	G	724	280	49	1	0	36	0.00137931	725	0.500345	FALSE	NA	NA	NA	NA	NA	NA
NC_045512.2	23805	A	T	710	282	49	1	0	36	0.00140647	711	0.500352	FALSE	NA	NA	NA	NA	NA	NA
NC_045512.2	23807	T	C	716	285	49	1	0	36	0.0013947	717	0.500349	FALSE	NA	NA	NA	NA	NA	NA
NC_045512.2	23810	A	T	700	276	49	1	1	32	0.0014245	702	0.5	FALSE	NA	NA	NA	NA	NA	NA
NC_045512.2	23810	A	G	700	276	49	1	0	36	0.0014245	702	0.5	FALSE	NA	NA	NA	NA	NA	NA
NC_045512.2	23814	A	T	702	287	50	1	0	72	0.00142248	703	0.500356	FALSE	NA	NA	NA	NA	NA	NA
NC_045512.2	23821	G	T	680	286	50	1	0	36	0.00146843	681	0.500367	FALSE	NA	NA	NA	NA	NA	NA
NC_045512.2	23824	G	A	685	289	50	1	0	32	0.00145773	686	0.500365	FALSE	NA	NA	NA	NA	NA	NA
NC_045512.2	23831	G	A	698	326	50	2	2	36	0.00285714	700	0.250179	FALSE	NA	NA	NA	NA	NA	NA
NC_045512.2	23836	T	C	673	318	51	1	0	72	0.00148368	674	0.500371	FALSE	NA	NA	NA	NA	NA	NA
NC_045512.2	23853	A	G	686	344	48	1	1	72	0.0014556	687	0.500364	FALSE	NA	NA	NA	NA	NA	NA
NC_045512.2	23853	A	-C	686	344	48	1	0	20	0.0014556	687	0.992346	FALSE	NA	NA	NA	NA	NA	NA
NC_045512.2	23854	C	A	1	1	36	669	344	48	0.998507	670	0	TRUE	NA	NA	NA	NA	NA	NA
NC_045512.2	23859	C	A	557	262	48	1	0	36	0.00179211	558	0.500448	FALSE	NA	NA	NA	NA	NA	NA
NC_045512.2	23875	T	C	516	270	46	1	1	36	0.00193424	517	0.500484	FALSE	NA	NA	NA	NA	NA	NA
NC_045512.2	23887	C	-A	515	286	44	1	0	20	0.00194175	515	0.984781	FALSE	NA	NA	NA	NA	NA	NA
NC_045512.2	23904	T	G	475	224	42	1	0	36	0.00210084	476	0.500526	FALSE	NA	NA	NA	NA	NA	NA
NC_045512.2	23906	T	C	468	219	43	1	1	32	0.0021322	469	0.500534	FALSE	NA	NA	NA	NA	NA	NA
NC_045512.2	23923	A	T	400	181	43	1	1	36	0.00249377	401	0.500624	FALSE	NA	NA	NA	NA	NA	NA
NC_045512.2	23948	G	T	0	0	0	397	180	43	1	397	6.78142e-238	TRUE	NA	NA	NA	NA	NA	NA
NC_045512.2	23955	G	A	411	185	43	1	1	68	0.00242718	412	0.500608	FALSE	NA	NA	NA	NA	NA	NA
NC_045512.2	23956	T	C	407	182	43	1	0	36	0.00245098	408	0.500613	FALSE	NA	NA	NA	NA	NA	NA
NC_045512.2	23957	G	A	477	197	43	1	0	32	0.00209205	478	0.500524	FALSE	NA	NA	NA	NA	NA	NA
NC_045512.2	23958	G	A	498	202	43	1	1	36	0.00200401	499	0.500502	FALSE	NA	NA	NA	NA	NA	NA
NC_045512.2	23961	T	C	503	210	44	1	0	36	0.00198413	504	0.500497	FALSE	NA	NA	NA	NA	NA	NA
NC_045512.2	23964	A	C	532	251	46	1	1	32	0.00187617	533	0.500469	FALSE	NA	NA	NA	NA	NA	NA
NC_045512.2	23984	G	C	643	351	53	2	1	28	0.00310078	645	0.965436	FALSE	NA	NA	NA	NA	NA	NA
NC_045512.2	23995	A	G	741	407	52	1	1	36	0.00134771	742	0.500337	FALSE	NA	NA	NA	NA	NA	NA
NC_045512.2	24023	C	T	838	505	57	1	0	68	0.0011919	839	0.500298	FALSE	NA	NA	NA	NA	NA	NA
NC_045512.2	24027	T	A	854	521	58	1	0	72	0.00116959	855	0.500293	FALSE	NA	NA	NA	NA	NA	NA
NC_045512.2	24028	T	C	858	525	58	1	1	36	0.00116414	859	0.500291	FALSE	NA	NA	NA	NA	NA	NA
NC_045512.2	24030	T	A	846	516	58	1	1	36	0.00118064	847	0.500295	FALSE	NA	NA	NA	NA	NA	NA
NC_045512.2	24033	A	T	844	520	58	2	1	70	0.00236407	846	0.250148	FALSE	NA	NA	NA	NA	NA	NA
NC_045512.2	24035	A	T	832	509	58	1	1	68	0.00120048	833	0.5003	FALSE	NA	NA	NA	NA	NA	NA
NC_045512.2	24046	T	C	807	506	58	1	1	59	0.00123762	808	0.50031	FALSE	NA	NA	NA	NA	NA	NA
NC_045512.2	24048	C	T	806	508	58	1	0	72	0.00123916	807	0.50031	FALSE	NA	NA	NA	NA	NA	NA
NC_045512.2	24064	C	A	722	470	57	1	1	72	0.00138313	723	0.500346	FALSE	NA	NA	NA	NA	NA	NA
NC_045512.2	24072	A	T	676	446	55	1	1	72	0.0014771	677	0.50037	FALSE	NA	NA	NA	NA	NA	NA
NC_045512.2	24073	T	A	676	449	56	1	0	36	0.0014771	677	0.50037	FALSE	NA	NA	NA	NA	NA	NA
NC_045512.2	24074	G	T	672	447	55	1	1	36	0.00148588	673	0.500372	FALSE	NA	NA	NA	NA	NA	NA
NC_045512.2	24086	G	-GT	504	349	53	1	0	20	0.00198413	504	0.98479	FALSE	NA	NA	NA	NA	NA	NA
NC_045512.2	24093	T	C	457	318	53	1	1	32	0.00218341	458	0.500546	FALSE	NA	NA	NA	NA	NA	NA
NC_045512.2	24095	G	A	428	300	52	1	0	36	0.002331	429	0.500583	FALSE	NA	NA	NA	NA	NA	NA
NC_045512.2	24382	C	T	17	10	51	1	1	27	0.0555556	18	0.514286	FALSE	NA	NA	NA	NA	NA	NA
NC_045512.2	24424	A	T	0	0	0	241	69	49	1	241	4.40941e-144	TRUE	NA	NA	NA	NA	NA	NA
NC_045512.2	24439	A	G	240	71	51	1	0	36	0.00414938	241	0.50104	FALSE	NA	NA	NA	NA	NA	NA
NC_045512.2	24463	C	A	427	138	48	1	0	32	0.00233645	428	0.500585	FALSE	NA	NA	NA	NA	NA	NA
NC_045512.2	24469	T	A	0	0	0	424	140	48	1	424	3.89027e-254	TRUE	NA	NA	NA	NA	NA	NA
NC_045512.2	24485	A	G	436	152	50	1	0	36	0.00228833	437	0.500573	FALSE	NA	NA	NA	NA	NA	NA
NC_045512.2	24505	T	C	469	175	49	1	1	36	0.00212766	470	0.500532	FALSE	NA	NA	NA	NA	NA	NA
NC_045512.2	24518	A	+AT	435	178	48	1	0	20	0.00229885	435	0.969464	FALSE	NA	NA	NA	NA	NA	NA
NC_045512.2	24524	G	A	457	190	47	1	0	36	0.00218341	458	0.500546	FALSE	NA	NA	NA	NA	NA	NA
NC_045512.2	24536	C	A	427	196	47	1	0	32	0.00233645	428	0.500585	FALSE	NA	NA	NA	NA	NA	NA
NC_045512.2	24557	G	T	392	169	48	1	1	72	0.00254453	393	0.500637	FALSE	NA	NA	NA	NA	NA	NA
NC_045512.2	24558	G	A	394	173	49	1	0	68	0.00253165	395	0.500634	FALSE	NA	NA	NA	NA	NA	NA
NC_045512.2	24561	G	A	392	181	49	1	0	36	0.00254453	393	0.500637	FALSE	NA	NA	NA	NA	NA	NA
NC_045512.2	24575	C	T	435	209	48	1	1	72	0.00229358	436	0.500574	FALSE	NA	NA	NA	NA	NA	NA
NC_045512.2	24593	C	T	431	180	47	1	0	72	0.00231481	432	0.500579	FALSE	NA	NA	NA	NA	NA	NA
NC_045512.2	24597	T	C	433	178	46	1	1	68	0.00230415	434	0.500577	FALSE	NA	NA	NA	NA	NA	NA
NC_045512.2	24605	G	A	442	205	47	1	1	72	0.00225734	443	0.500565	FALSE	NA	NA	NA	NA	NA	NA
NC_045512.2	24645	A	C	499	245	51	1	1	36	0.002	500	0.500501	FALSE	NA	NA	NA	NA	NA	NA
NC_045512.2	24647	A	T	528	259	50	1	0	72	0.00189036	529	0.500473	FALSE	NA	NA	NA	NA	NA	NA
NC_045512.2	24654	A	T	560	278	51	1	1	68	0.00178253	561	0.500446	FALSE	NA	NA	NA	NA	NA	NA
NC_045512.2	24670	A	G	553	273	53	1	1	28	0.00180505	554	0.98467	FALSE	NA	NA	NA	NA	NA	NA
NC_045512.2	24695	A	G	532	300	52	1	1	72	0.00187617	533	0.500469	FALSE	NA	NA	NA	NA	NA	NA
NC_045512.2	24699	G	C	561	318	51	1	1	68	0.0017762	563	0.5	FALSE	NA	NA	NA	NA	NA	NA
NC_045512.2	24699	G	A	561	318	51	1	1	36	0.0017762	563	0.5	FALSE	NA	NA	NA	NA	NA	NA
NC_045512.2	24709	T	C	592	329	51	1	1	36	0.00168634	593	0.500422	FALSE	NA	NA	NA	NA	NA	NA
NC_045512.2	24712	G	A	600	335	51	1	0	36	0.00166389	601	0.500416	FALSE	NA	NA	NA	NA	NA	NA
NC_045512.2	24728	G	A	601	332	49	1	0	36	0.00166113	602	0.500416	FALSE	NA	NA	NA	NA	NA	NA
NC_045512.2	24731	C	T	628	347	49	1	0	32	0.00158983	629	0.500398	FALSE	NA	NA	NA	NA	NA	NA
NC_045512.2	24732	C	T	614	336	49	1	1	72	0.00162602	615	0.500407	FALSE	NA	NA	NA	NA	NA	NA
NC_045512.2	24733	T	C	613	331	49	1	1	36	0.00162866	614	0.500407	FALSE	NA	NA	NA	NA	NA	NA
NC_045512.2	24734	C	A	613	331	49	1	1	32	0.00162866	614	0.500407	FALSE	NA	NA	NA	NA	NA	NA
NC_045512.2	24760	T	A	495	228	49	1	1	36	0.00201613	496	0.500505	FALSE	NA	NA	NA	NA	NA	NA
NC_045512.2	24764	G	T	495	234	49	1	0	36	0.00201207	497	0.5	FALSE	NA	NA	NA	NA	NA	NA
NC_045512.2	24764	G	A	495	234	49	1	1	32	0.00201207	497	0.5	FALSE	NA	NA	NA	NA	NA	NA
NC_045512.2	24769	T	C	447	210	49	1	0	36	0.00223214	448	0.500559	FALSE	NA	NA	NA	NA	NA	NA
NC_045512.2	24773	C	T	445	213	49	1	1	72	0.00224215	446	0.500561	FALSE	NA	NA	NA	NA	NA	NA
NC_045512.2	24780	A	G	586	287	47	1	0	21	0.00170358	587	0.984654	FALSE	NA	NA	NA	NA	NA	NA
NC_045512.2	24787	C	-A	615	308	48	1	0	20	0.00162602	615	0.992408	FALSE	NA	NA	NA	NA	NA	NA
NC_045512.2	24791	A	T	608	318	47	1	1	72	0.00164204	609	0.500411	FALSE	NA	NA	NA	NA	NA	NA
NC_045512.2	24796	T	G	593	309	49	1	0	28	0.0016835	594	0.98465	FALSE	NA	NA	NA	NA	NA	NA
NC_045512.2	24818	A	G	595	316	51	1	0	32	0.00167785	596	0.50042	FALSE	NA	NA	NA	NA	NA	NA
NC_045512.2	24828	T	C	699	374	52	1	0	36	0.00142857	700	0.500357	FALSE	NA	NA	NA	NA	NA	NA
NC_045512.2	24829	T	A	702	380	52	1	0	72	0.00142248	703	0.500356	FALSE	NA	NA	NA	NA	NA	NA
NC_045512.2	24850	T	A	743	434	55	1	0	36	0.00134409	744	0.500336	FALSE	NA	NA	NA	NA	NA	NA
NC_045512.2	24856	T	C	743	437	55	1	1	36	0.00134409	744	0.500336	FALSE	NA	NA	NA	NA	NA	NA
NC_045512.2	24868	G	A	717	427	55	1	1	36	0.00139276	718	0.500348	FALSE	NA	NA	NA	NA	NA	NA
NC_045512.2	24873	T	-A	688	416	55	1	0	20	0.00145349	688	0.992385	FALSE	NA	NA	NA	NA	NA	NA
NC_045512.2	24877	A	C	623	373	55	1	0	72	0.00160256	624	0.500401	FALSE	NA	NA	NA	NA	NA	NA
NC_045512.2	24878	C	G	623	373	55	1	0	68	0.00160256	624	0.500401	FALSE	NA	NA	NA	NA	NA	NA
NC_045512.2	24883	G	C	602	366	55	1	1	21	0.00165837	603	0.992368	FALSE	NA	NA	NA	NA	NA	NA
NC_045512.2	24896	C	A	588	383	53	1	1	36	0.00169779	589	0.500425	FALSE	NA	NA	NA	NA	NA	NA
NC_045512.2	24912	C	T	520	343	51	1	1	36	0.00191939	521	0.50048	FALSE	NA	NA	NA	NA	NA	NA
NC_045512.2	24922	A	T	410	263	49	2	1	70	0.00485437	412	0.250304	FALSE	NA	NA	NA	NA	NA	NA
NC_045512.2	24979	T	C	125	36	43	1	0	36	0.00793651	126	0.501992	FALSE	NA	NA	NA	NA	NA	NA
NC_045512.2	25000	C	T	0	0	0	122	31	43	1	122	1.38647e-72	TRUE	NA	NA	NA	NA	NA	NA
NC_045512.2	25025	T	C	108	26	42	1	1	68	0.00917431	109	0.502304	FALSE	NA	NA	NA	NA	NA	NA
NC_045512.2	25079	A	G	93	49	44	1	0	64	0.0106383	94	0.502674	FALSE	NA	NA	NA	NA	NA	NA
NC_045512.2	25116	G	T	112	80	40	1	1	36	0.00884956	113	0.502222	FALSE	NA	NA	NA	NA	NA	NA
NC_045512.2	25188	A	-T	142	90	47	1	0	20	0.00704225	142	0.754392	FALSE	NA	NA	NA	NA	NA	NA
NC_045512.2	25268	T	A	87	49	59	1	1	36	0.0113636	88	0.502857	FALSE	NA	NA	NA	NA	NA	NA
NC_045512.2	25275	C	T	85	52	56	1	0	72	0.0116279	86	0.502924	FALSE	NA	NA	NA	NA	NA	NA
NC_045512.2	25312	T	C	30	21	53	1	0	64	0.0322581	31	0.508197	FALSE	NA	NA	NA	NA	NA	NA
NC_045512.2	25416	C	T	0	0	0	1	1	72	1	1	1	FALSE	NA	NA	NA	NA	NA	NA
NC_045512.2	25584	C	T	0	0	0	1	1	72	1	1	1	FALSE	NA	NA	NA	NA	NA	NA
NC_045512.2	25728	C	T	0	0	0	5	3	42	1	5	0.00793651	TRUE	NA	NA	NA	NA	NA	NA
NC_045512.2	26055	A	G	5	2	34	1	1	68	0.166667	6	0.545455	FALSE	NA	NA	NA	NA	NA	NA
NC_045512.2	26060	C	T	0	0	0	6	3	42	1	6	0.0021645	TRUE	NA	NA	NA	NA	NA	NA
NC_045512.2	26222	C	A	0	0	0	1	1	36	1	1	1	FALSE	NA	NA	NA	NA	NA	NA
NC_045512.2	26709	G	A	0	0	0	116	36	55	1	116	5.53787e-69	TRUE	NA	NA	NA	NA	NA	NA
NC_045512.2	26716	T	C	150	40	53	1	0	36	0.00662252	151	0.501661	FALSE	NA	NA	NA	NA	NA	NA
NC_045512.2	26723	T	C	164	43	53	1	0	36	0.00606061	165	0.50152	FALSE	NA	NA	NA	NA	NA	NA
NC_045512.2	26740	T	C	233	67	53	1	0	32	0.0042735	234	0.501071	FALSE	NA	NA	NA	NA	NA	NA
NC_045512.2	26769	G	A	290	98	56	1	0	72	0.00343643	291	0.500861	FALSE	NA	NA	NA	NA	NA	NA
NC_045512.2	26776	C	T	325	105	55	1	1	63	0.00306748	326	0.500768	FALSE	NA	NA	NA	NA	NA	NA
NC_045512.2	26788	G	T	397	113	53	1	1	32	0.00251256	398	0.500629	FALSE	NA	NA	NA	NA	NA	NA
NC_045512.2	26794	T	C	416	124	53	1	0	36	0.00239808	417	0.5006	FALSE	NA	NA	NA	NA	NA	NA
NC_045512.2	26799	C	A	421	145	54	1	0	36	0.00236967	422	0.500593	FALSE	NA	NA	NA	NA	NA	NA
NC_045512.2	26800	T	C	417	141	53	1	0	36	0.00238663	419	0.5	FALSE	NA	NA	NA	NA	NA	NA
NC_045512.2	26800	T	A	417	141	53	1	1	72	0.00238663	419	0.5	FALSE	NA	NA	NA	NA	NA	NA
NC_045512.2	26810	C	A	444	163	54	1	0	72	0.00224719	445	0.500562	FALSE	NA	NA	NA	NA	NA	NA
NC_045512.2	26813	T	C	441	166	55	1	0	36	0.00226244	442	0.500566	FALSE	NA	NA	NA	NA	NA	NA
NC_045512.2	26815	C	G	446	167	55	1	0	36	0.00223714	447	0.50056	FALSE	NA	NA	NA	NA	NA	NA
NC_045512.2	26833	C	T	501	184	51	1	1	32	0.00199203	502	0.500499	FALSE	NA	NA	NA	NA	NA	NA
NC_045512.2	26835	C	T	493	188	52	1	1	68	0.00202429	494	0.500507	FALSE	NA	NA	NA	NA	NA	NA
NC_045512.2	26849	G	A	509	200	53	1	0	72	0.00196078	510	0.500491	FALSE	NA	NA	NA	NA	NA	NA
NC_045512.2	26854	C	T	505	198	54	2	1	46	0.00394477	507	0.250247	FALSE	NA	NA	NA	NA	NA	NA
NC_045512.2	26858	C	T	0	0	0	503	201	53	1	503	1.15963e-301	TRUE	NA	NA	NA	NA	NA	NA
NC_045512.2	26863	C	T	504	213	52	1	0	72	0.0019802	505	0.500496	FALSE	NA	NA	NA	NA	NA	NA
NC_045512.2	26877	C	A	490	222	52	1	1	72	0.00203666	491	0.50051	FALSE	NA	NA	NA	NA	NA	NA
NC_045512.2	26901	A	G	420	212	44	1	0	32	0.0023753	421	0.500595	FALSE	NA	NA	NA	NA	NA	NA
NC_045512.2	26904	A	G	543	226	43	1	1	32	0.00183824	544	0.50046	FALSE	NA	NA	NA	NA	NA	NA
NC_045512.2	26905	T	C	544	232	43	1	0	72	0.00183486	545	0.500459	FALSE	NA	NA	NA	NA	NA	NA
NC_045512.2	26907	C	T	566	235	44	1	0	36	0.00176367	567	0.500441	FALSE	NA	NA	NA	NA	NA	NA
NC_045512.2	26917	C	A	463	172	42	1	1	36	0.00215517	464	0.500539	FALSE	NA	NA	NA	NA	NA	NA
NC_045512.2	26928	A	G	471	177	44	1	0	36	0.00211864	472	0.50053	FALSE	NA	NA	NA	NA	NA	NA
NC_045512.2	26935	T	A	473	191	45	1	0	36	0.0021097	474	0.500528	FALSE	NA	NA	NA	NA	NA	NA
NC_045512.2	26947	C	T	509	215	45	1	0	68	0.00196078	510	0.500491	FALSE	NA	NA	NA	NA	NA	NA
NC_045512.2	26953	T	C	443	162	46	1	0	36	0.00225225	444	0.500564	FALSE	NA	NA	NA	NA	NA	NA
NC_045512.2	26977	C	T	500	216	49	1	0	36	0.00199601	501	0.5005	FALSE	NA	NA	NA	NA	NA	NA
NC_045512.2	26995	G	A	610	278	49	1	1	68	0.00163666	611	0.50041	FALSE	NA	NA	NA	NA	NA	NA
NC_045512.2	26998	G	A	612	283	50	1	0	72	0.00163132	613	0.500408	FALSE	NA	NA	NA	NA	NA	NA
NC_045512.2	27012	C	T	624	314	51	1	1	36	0.0016	625	0.5004	FALSE	NA	NA	NA	NA	NA	NA
NC_045512.2	27029	T	C	636	317	51	1	1	72	0.00156986	637	0.500393	FALSE	NA	NA	NA	NA	NA	NA
NC_045512.2	27057	T	C	664	344	49	1	1	36	0.00150376	665	0.500376	FALSE	NA	NA	NA	NA	NA	NA
NC_045512.2	27058	A	T	667	355	50	1	0	36	0.00149701	668	0.500375	FALSE	NA	NA	NA	NA	NA	NA
NC_045512.2	27059	C	T	669	354	49	1	1	72	0.00149254	670	0.500373	FALSE	NA	NA	NA	NA	NA	NA
NC_045512.2	27068	A	G	662	364	49	1	0	68	0.0015083	663	0.500377	FALSE	NA	NA	NA	NA	NA	NA
NC_045512.2	27072	T	-C	656	358	49	1	0	20	0.00152439	656	0.992394	FALSE	NA	NA	NA	NA	NA	NA
NC_045512.2	27073	C	A	653	368	47	1	1	72	0.00152905	654	0.5	FALSE	NA	NA	NA	NA	NA	NA
NC_045512.2	27074	G	T	653	372	48	1	0	36	0.00152905	654	0.500383	FALSE	NA	NA	NA	NA	NA	NA
NC_045512.2	27074	G	-C	653	372	48	1	0	20	0.00152905	654	0.992354	FALSE	NA	NA	NA	NA	NA	NA
NC_045512.2	27076	A	T	642	375	48	1	0	72	0.00155521	643	0.500389	FALSE	NA	NA	NA	NA	NA	NA
NC_045512.2	27082	T	A	655	386	49	1	1	72	0.00152439	656	0.500381	FALSE	NA	NA	NA	NA	NA	NA
NC_045512.2	27086	A	G	580	326	50	1	0	36	0.00172117	581	0.500431	FALSE	NA	NA	NA	NA	NA	NA
NC_045512.2	27087	G	T	577	324	49	1	1	32	0.0017301	578	0.500433	FALSE	NA	NA	NA	NA	NA	NA
NC_045512.2	27095	A	G	536	302	51	1	0	72	0.0018622	537	0.500466	FALSE	NA	NA	NA	NA	NA	NA
NC_045512.2	27104	T	G	529	305	51	1	1	32	0.00187617	533	0.499058	FALSE	NA	NA	NA	NA	NA	NA
NC_045512.2	27104	T	A	529	305	51	3	2	42	0.00562852	533	0.124647	FALSE	NA	NA	NA	NA	NA	NA
NC_045512.2	27105	G	C	522	298	51	5	4	46	0.00948767	527	0.0311012	FALSE	NA	NA	NA	NA	NA	NA
NC_045512.2	27106	C	T	512	290	51	1	1	36	0.00194932	513	0.500488	FALSE	NA	NA	NA	NA	NA	NA
NC_045512.2	27126	G	A	485	305	49	1	1	32	0.00205761	486	0.500515	FALSE	NA	NA	NA	NA	NA	NA
NC_045512.2	27150	C	A	493	368	47	1	1	72	0.00202429	494	0.500507	FALSE	NA	NA	NA	NA	NA	NA
NC_045512.2	27151	A	C	479	355	47	1	1	32	0.00208333	480	0.500521	FALSE	NA	NA	NA	NA	NA	NA
NC_045512.2	27152	T	A	472	350	46	1	1	32	0.00211416	473	0.500529	FALSE	NA	NA	NA	NA	NA	NA
NC_045512.2	27186	C	T	362	266	47	1	1	36	0.00275482	363	0.50069	FALSE	NA	NA	NA	NA	NA	NA
NC_045512.2	27204	G	C	270	184	49	1	1	28	0.00369004	271	0.876385	FALSE	NA	NA	NA	NA	NA	NA
NC_045512.2	27214	G	A	243	172	48	1	0	36	0.00409836	244	0.501027	FALSE	NA	NA	NA	NA	NA	NA
NC_045512.2	27236	C	T	87	69	41	1	1	36	0.0113636	88	0.502857	FALSE	NA	NA	NA	NA	NA	NA
NC_045512.2	27240	G	A	87	69	42	1	1	36	0.0113636	88	0.502857	FALSE	NA	NA	NA	NA	NA	NA
NC_045512.2	27259	A	C	0	0	0	3	0	44	1	3	0.1	FALSE	NA	NA	NA	NA	NA	NA
NC_045512.2	27382	G	C	0	0	0	2	1	52	1	2	0.333333	FALSE	NA	NA	NA	NA	NA	NA
NC_045512.2	27383	A	T	0	0	0	1	0	36	1	1	1	FALSE	NA	NA	NA	NA	NA	NA
NC_045512.2	27384	T	C	0	0	0	1	0	36	1	1	1	FALSE	NA	NA	NA	NA	NA	NA
NC_045512.2	27527	C	T	50	16	50	1	0	72	0.0196078	51	0.50495	FALSE	NA	NA	NA	NA	NA	NA
NC_045512.2	27539	T	A	61	22	53	1	0	36	0.016129	62	0.504065	FALSE	NA	NA	NA	NA	NA	NA
NC_045512.2	27561	G	T	76	30	58	1	0	36	0.012987	77	0.503268	FALSE	NA	NA	NA	NA	NA	NA
NC_045512.2	27579	A	T	84	33	58	1	1	68	0.0117647	85	0.502959	FALSE	NA	NA	NA	NA	NA	NA
NC_045512.2	27582	T	A	84	34	57	1	0	63	0.0117647	85	0.502959	FALSE	NA	NA	NA	NA	NA	NA
NC_045512.2	27593	G	T	84	34	56	1	0	68	0.0117647	85	0.502959	FALSE	NA	NA	NA	NA	NA	NA
NC_045512.2	27600	C	T	84	36	52	1	1	63	0.0117647	85	0.502959	FALSE	NA	NA	NA	NA	NA	NA
NC_045512.2	27807	C	T	0	0	0	40	15	42	1	40	1.86034e-23	TRUE	NA	NA	NA	NA	NA	NA
NC_045512.2	27841	G	A	33	18	46	1	0	32	0.0294118	34	0.507463	FALSE	NA	NA	NA	NA	NA	NA
NC_045512.2	27876	T	C	212	82	54	1	1	36	0.00469484	213	0.501176	FALSE	NA	NA	NA	NA	NA	NA
NC_045512.2	27886	A	-AACGAACATG	215	86	55	164	0	20	0.762791	215	2.10018e-36	TRUE	NA	NA	NA	NA	NA	NA
NC_045512.2	27911	C	T	217	90	56	1	1	36	0.00458716	218	0.501149	FALSE	NA	NA	NA	NA	NA	NA
NC_045512.2	27915	G	T	0	0	0	219	92	55	1	219	7.39498e-131	TRUE	NA	NA	NA	NA	NA	NA
NC_045512.2	27916	G	A	218	91	55	1	1	72	0.00456621	219	0.501144	FALSE	NA	NA	NA	NA	NA	NA
NC_045512.2	27929	T	C	217	91	56	1	1	32	0.00458716	218	0.501149	FALSE	NA	NA	NA	NA	NA	NA
NC_045512.2	27935	T	C	206	84	56	1	1	68	0.00483092	207	0.501211	FALSE	NA	NA	NA	NA	NA	NA
NC_045512.2	27942	C	G	196	83	54	1	0	36	0.00507614	197	0.501272	FALSE	NA	NA	NA	NA	NA	NA
NC_045512.2	27954	A	G	181	89	51	1	0	68	0.00549451	182	0.501377	FALSE	NA	NA	NA	NA	NA	NA
NC_045512.2	27970	C	-TCAACATCAACCATATGTAGTTGATGACCCGTGTCCTATTCACTTCTATTCTAAATGGTATATTAGAGTAGGAGCTAGAAAATCAGCACCTT	153	77	48	10	0	20	0.0653595	153	0.0071798	TRUE	NA	NA	NA	NA	NA	NA
NC_045512.2	27972	C	A	43	35	48	1	0	36	0.0227273	44	0.427184	FALSE	NA	NA	NA	NA	NA	NA
NC_045512.2	28062	T	C	9	6	50	1	1	32	0.1	10	0.285714	FALSE	NA	NA	NA	NA	NA	NA
NC_045512.2	28148	T	-TTTACA	221	104	53	1	0	20	0.00452489	221	0.877536	FALSE	NA	NA	NA	NA	NA	NA
NC_045512.2	28149	T	-TTACAA	220	103	54	207	0	20	0.936652	221	1.32546e-44	TRUE	NA	NA	NA	NA	NA	NA
NC_045512.2	28155	A	C	0	0	0	1	1	36	1	1	0.0046729	TRUE	NA	NA	NA	NA	NA	NA
NC_045512.2	28192	T	G	205	90	47	1	1	72	0.00485437	206	0.501217	FALSE	NA	NA	NA	NA	NA	NA
NC_045512.2	28211	A	T	183	88	46	1	1	36	0.00543478	184	0.501362	FALSE	NA	NA	NA	NA	NA	NA
NC_045512.2	28222	A	C	195	114	47	1	0	68	0.00510204	196	0.501279	FALSE	NA	NA	NA	NA	NA	NA
NC_045512.2	28226	T	A	311	137	45	1	1	68	0.00320513	312	0.500803	FALSE	NA	NA	NA	NA	NA	NA
NC_045512.2	28243	T	A	2798	606	44	1	1	72	0.00035727	2799	0.500089	FALSE	NA	NA	NA	NA	NA	NA
NC_045512.2	28247	A	T	2867	683	50	2	1	54	0.000696864	2870	0.249956	FALSE	NA	NA	NA	NA	NA	NA
NC_045512.2	28247	A	G	2867	683	50	1	0	32	0.000348432	2870	0.875	FALSE	NA	NA	NA	NA	NA	NA
NC_045512.2	28249	A	G	3079	754	50	1	0	36	0.000324675	3080	0.937601	FALSE	NA	NA	NA	NA	NA	NA
NC_045512.2	28251	T	C	3059	745	50	2	1	54	0.000653381	3061	0.250041	FALSE	NA	NA	NA	NA	NA	NA
NC_045512.2	28252	T	C	3070	767	51	1	0	36	0.000325627	3071	0.937602	FALSE	NA	NA	NA	NA	NA	NA
NC_045512.2	28253	C	A	3229	807	51	1	0	72	0.000309598	3230	0.500077	FALSE	NA	NA	NA	NA	NA	NA
NC_045512.2	28256	C	T	3265	849	51	2	1	36	0.000612182	3267	0.812691	FALSE	NA	NA	NA	NA	NA	NA
NC_045512.2	28257	T	-AA	3247	838	50	1	0	20	0.000307977	3247	1	FALSE	NA	NA	NA	NA	NA	NA
NC_045512.2	28258	A	G	3278	915	53	2	0	36	0.000609756	3280	0.812595	FALSE	NA	NA	NA	NA	NA	NA
NC_045512.2	28261	C	T	3334	947	52	1	1	68	0.00029985	3335	0.500075	FALSE	NA	NA	NA	NA	NA	NA
NC_045512.2	28263	A	T	3397	1038	54	1	1	72	0.000294031	3401	0.499853	FALSE	NA	NA	NA	NA	NA	NA
NC_045512.2	28263	A	G	3397	1038	54	3	1	58	0.000882094	3401	0.124945	FALSE	NA	NA	NA	NA	NA	NA
NC_045512.2	28264	A	T	3371	1065	53	1	1	28	0.00029656	3372	1	FALSE	NA	NA	NA	NA	NA	NA
NC_045512.2	28266	A	G	3487	1096	55	1	0	68	0.000286697	3488	0.500072	FALSE	NA	NA	NA	NA	NA	NA
NC_045512.2	28269	C	T	4407	1320	54	1	1	72	0.00022686	4408	0.500057	FALSE	NA	NA	NA	NA	NA	NA
NC_045512.2	28271	A	T	0	0	0	4408	1344	54	1	4408	0	TRUE	NA	NA	NA	NA	NA	NA
NC_045512.2	28276	G	C	4754	1487	54	1	0	36	0.000210305	4755	0.968799	FALSE	NA	NA	NA	NA	NA	NA
NC_045512.2	28277	T	A	4774	1504	55	1	1	68	0.000209424	4775	0.500052	FALSE	NA	NA	NA	NA	NA	NA
NC_045512.2	28277	T	-C	4774	1504	55	1	0	20	0.000209424	4775	1	FALSE	NA	NA	NA	NA	NA	NA
NC_045512.2	28281	A	G	4990	1627	56	1	1	36	0.000200321	4992	0.968781	FALSE	NA	NA	NA	NA	NA	NA
NC_045512.2	28281	A	C	4990	1627	56	1	0	36	0.000200321	4992	0.968781	FALSE	NA	NA	NA	NA	NA	NA
NC_045512.2	28281	A	-T	4990	1627	56	2	0	20	0.000400641	4992	1	FALSE	NA	NA	NA	NA	NA	NA
NC_045512.2	28284	A	T	5036	1678	56	1	0	36	0.000198491	5038	0.984398	FALSE	NA	NA	NA	NA	NA	NA
NC_045512.2	28284	A	C	5036	1678	56	1	0	68	0.000198491	5038	0.5	FALSE	NA	NA	NA	NA	NA	NA
NC_045512.2	28286	G	C	5038	1688	56	1	0	36	0.000198452	5039	0.984408	FALSE	NA	NA	NA	NA	NA	NA
NC_045512.2	28287	G	T	5042	1701	56	2	1	54	0.000396432	5045	0.249975	FALSE	NA	NA	NA	NA	NA	NA
NC_045512.2	28287	G	A	5042	1701	56	1	1	50	0.000198216	5045	0.49995	FALSE	NA	NA	NA	NA	NA	NA
NC_045512.2	28288	A	-C	5012	1714	56	1	0	20	0.000199521	5012	1	FALSE	NA	NA	NA	NA	NA	NA
NC_045512.2	28291	C	T	5486	1845	56	1	0	72	0.000182216	5488	0.5	FALSE	NA	NA	NA	NA	NA	NA
NC_045512.2	28291	C	G	5486	1845	56	1	1	63	0.000182216	5488	0.5	FALSE	NA	NA	NA	NA	NA	NA
NC_045512.2	28292	C	T	5513	1863	56	1	1	68	0.000181324	5515	0.5	FALSE	NA	NA	NA	NA	NA	NA
NC_045512.2	28292	C	A	5513	1863	56	1	1	72	0.000181324	5515	0.5	FALSE	NA	NA	NA	NA	NA	NA
NC_045512.2	28292	C	-A	5513	1863	56	3	0	20	0.000543971	5515	1	FALSE	NA	NA	NA	NA	NA	NA
NC_045512.2	28293	A	G	5516	1886	56	2	0	54	0.000361206	5537	0.249029	FALSE	NA	NA	NA	NA	NA	NA
NC_045512.2	28293	A	C	5516	1886	56	19	6	50	0.00343146	5537	1.86521e-06	TRUE	NA	NA	NA	NA	NA	NA
NC_045512.2	28294	A	G	5546	1910	57	2	0	54	0.00036049	5548	0.250023	FALSE	NA	NA	NA	NA	NA	NA
NC_045512.2	28296	A	C	5537	1946	56	1	0	32	0.000180571	5538	0.984405	FALSE	NA	NA	NA	NA	NA	NA
NC_045512.2	28297	T	C	3617	1246	58	1990	723	56	0.35485	5608	0	TRUE	NA	NA	NA	NA	NA	NA
NC_045512.2	28297	T	A	3617	1246	58	1	0	36	0.000178317	5608	0.949635	FALSE	NA	NA	NA	NA	NA	NA
NC_045512.2	28298	C	T	5604	1977	57	1	0	68	0.000178412	5605	0.500045	FALSE	NA	NA	NA	NA	NA	NA
NC_045512.2	28299	A	T	5594	1979	57	1	1	72	0.000178699	5596	0.5	FALSE	NA	NA	NA	NA	NA	NA
NC_045512.2	28299	A	G	5594	1979	57	1	0	36	0.000178699	5596	0.984396	FALSE	NA	NA	NA	NA	NA	NA
NC_045512.2	28300	G	A	5785	2021	57	2	1	52	0.000345602	5787	0.250022	FALSE	NA	NA	NA	NA	NA	NA
NC_045512.2	28301	C	T	5793	2050	56	2	1	36	0.000345125	5795	0.937585	FALSE	NA	NA	NA	NA	NA	NA
NC_045512.2	28302	G	T	6017	2095	57	2	0	54	0.000332281	6019	0.250021	FALSE	NA	NA	NA	NA	NA	NA
NC_045512.2	28303	A	T	6024	2112	57	3	2	70	0.000497678	6028	0.124969	FALSE	NA	NA	NA	NA	NA	NA
NC_045512.2	28303	A	G	6024	2112	57	1	0	72	0.000165893	6028	0.499917	FALSE	NA	NA	NA	NA	NA	NA
NC_045512.2	28307	G	C	6381	2216	57	1	1	36	0.000156642	6384	0.992196	FALSE	NA	NA	NA	NA	NA	NA
NC_045512.2	28307	G	A	6381	2216	57	2	1	54	0.000313283	6384	0.24998	FALSE	NA	NA	NA	NA	NA	NA
NC_045512.2	28308	C	T	6387	2239	57	3	0	70	0.000469337	6392	0.124941	FALSE	NA	NA	NA	NA	NA	NA
NC_045512.2	28308	C	G	6387	2239	57	1	0	36	0.000156446	6392	0.992188	FALSE	NA	NA	NA	NA	NA	NA
NC_045512.2	28308	C	A	6387	2239	57	1	0	36	0.000156446	6392	0.992188	FALSE	NA	NA	NA	NA	NA	NA
NC_045512.2	28310	C	A	6410	2258	57	1	0	36	0.000155982	6411	0.992205	FALSE	NA	NA	NA	NA	NA	NA
NC_045512.2	28311	C	T	1	0	36	6398	2254	58	0.999844	6399	0	TRUE	NA	NA	NA	NA	NA	NA
NC_045512.2	28312	C	G	6660	2282	57	1	0	72	0.000150128	6661	0.500038	FALSE	NA	NA	NA	NA	NA	NA
NC_045512.2	28313	C	G	6660	2290	56	1	1	72	0.000150128	6661	0.500038	FALSE	NA	NA	NA	NA	NA	NA
NC_045512.2	28315	C	T	7109	2370	56	1	0	72	0.000140647	7110	0.500035	FALSE	NA	NA	NA	NA	NA	NA
NC_045512.2	28317	T	C	7093	2378	56	1	0	72	0.000140964	7094	0.500035	FALSE	NA	NA	NA	NA	NA	NA
NC_045512.2	28318	T	-A	7112	2380	56	1	0	20	0.000140607	7112	1	FALSE	NA	NA	NA	NA	NA	NA
NC_045512.2	28319	A	G	7389	2417	55	2	0	36	0.000270599	7391	0.980497	FALSE	NA	NA	NA	NA	NA	NA
NC_045512.2	28320	C	T	7451	2458	55	3	1	58	0.000402468	7454	0.125	FALSE	NA	NA	NA	NA	NA	NA
NC_045512.2	28321	G	A	7470	2462	56	2	1	54	0.000267666	7472	0.250017	FALSE	NA	NA	NA	NA	NA	NA
NC_045512.2	28324	T	C	7256	2403	56	2	1	52	0.000275558	7258	0.250017	FALSE	NA	NA	NA	NA	NA	NA
NC_045512.2	28325	G	T	7302	2440	56	1	0	36	0.000136893	7305	0.996099	FALSE	NA	NA	NA	NA	NA	NA
NC_045512.2	28325	G	C	7302	2440	56	1	0	68	0.000136893	7305	0.499966	FALSE	NA	NA	NA	NA	NA	NA
NC_045512.2	28325	G	A	7302	2440	56	1	0	36	0.000136893	7305	0.996099	FALSE	NA	NA	NA	NA	NA	NA
NC_045512.2	28327	T	A	7270	2455	55	2	2	72	0.000275028	7272	0.250017	FALSE	NA	NA	NA	NA	NA	NA
NC_045512.2	28329	G	A	7104	2467	56	1	0	72	0.000140746	7105	0.500035	FALSE	NA	NA	NA	NA	NA	NA
NC_045512.2	28330	A	G	6992	2537	55	1	0	36	0.000143	6993	0.992203	FALSE	NA	NA	NA	NA	NA	NA
NC_045512.2	28330	A	-C	6992	2537	55	1	0	20	0.000143	6993	1	FALSE	NA	NA	NA	NA	NA	NA
NC_045512.2	28331	C	T	7281	2578	56	2	1	67	0.000274499	7286	0.24988	FALSE	NA	NA	NA	NA	NA	NA
NC_045512.2	28331	C	A	7281	2578	56	3	2	56	0.000411749	7286	0.124923	FALSE	NA	NA	NA	NA	NA	NA
NC_045512.2	28332	C	A	7250	2626	55	1	0	36	0.000137912	7251	0.996103	FALSE	NA	NA	NA	NA	NA	NA
NC_045512.2	28333	C	T	7274	2654	55	1	0	36	0.0001374	7278	0.996097	FALSE	NA	NA	NA	NA	NA	NA
NC_045512.2	28333	C	A	7274	2654	55	3	2	45	0.000412201	7278	0.124974	FALSE	NA	NA	NA	NA	NA	NA
NC_045512.2	28333	C	-T	7274	2654	55	1	0	20	0.0001374	7278	1	FALSE	NA	NA	NA	NA	NA	NA
NC_045512.2	28334	T	C	7236	2646	55	1	1	68	0.000138179	7237	0.5	FALSE	NA	NA	NA	NA	NA	NA
NC_045512.2	28336	A	T	7257	2680	55	1	1	32	0.00013776	7259	0.996101	FALSE	NA	NA	NA	NA	NA	NA
NC_045512.2	28336	A	G	7257	2680	55	1	1	36	0.00013776	7259	0.996101	FALSE	NA	NA	NA	NA	NA	NA
NC_045512.2	28337	G	T	7416	2717	55	1	0	36	0.000134807	7418	0.996101	FALSE	NA	NA	NA	NA	NA	NA
NC_045512.2	28337	G	A	7416	2717	55	1	0	72	0.000134807	7418	0.5	FALSE	NA	NA	NA	NA	NA	NA
NC_045512.2	28338	A	T	7396	2744	55	1	0	72	0.00013519	7397	0.500034	FALSE	NA	NA	NA	NA	NA	NA
NC_045512.2	28340	T	C	7285	2677	55	1	1	72	0.00013725	7286	0.500034	FALSE	NA	NA	NA	NA	NA	NA
NC_045512.2	28342	A	T	7256	2710	55	1	1	36	0.000137741	7260	0.996097	FALSE	NA	NA	NA	NA	NA	NA
NC_045512.2	28342	A	G	7256	2710	55	3	0	55	0.000413223	7260	0.124974	FALSE	NA	NA	NA	NA	NA	NA
NC_045512.2	28343	A	T	7246	2719	55	2	0	54	0.0002759	7249	0.249983	FALSE	NA	NA	NA	NA	NA	NA
NC_045512.2	28343	A	G	7246	2719	55	1	0	63	0.00013795	7249	0.499966	FALSE	NA	NA	NA	NA	NA	NA
NC_045512.2	28345	T	C	7251	2741	55	1	0	68	0.000137893	7252	0.500034	FALSE	NA	NA	NA	NA	NA	NA
NC_045512.2	28345	T	-G	7251	2741	55	1	0	20	0.000137893	7252	1	FALSE	NA	NA	NA	NA	NA	NA
NC_045512.2	28347	G	T	7458	2758	54	1	0	72	0.000134048	7460	0.5	FALSE	NA	NA	NA	NA	NA	NA
NC_045512.2	28347	G	A	7458	2758	54	1	0	36	0.000134048	7460	0.996101	FALSE	NA	NA	NA	NA	NA	NA
NC_045512.2	28348	C	T	7455	2776	54	2	1	64	0.000268168	7458	0.249983	FALSE	NA	NA	NA	NA	NA	NA
NC_045512.2	28348	C	G	7455	2776	54	1	1	68	0.000134084	7458	0.499966	FALSE	NA	NA	NA	NA	NA	NA
NC_045512.2	28350	G	A	7432	2793	54	3	1	72	0.000403497	7435	0.125	FALSE	NA	NA	NA	NA	NA	NA
NC_045512.2	28351	T	-A	7411	2785	54	2	0	20	0.000269869	7411	1	FALSE	NA	NA	NA	NA	NA	NA
NC_045512.2	28354	C	T	7373	2872	54	1	0	36	0.000135612	7374	0.996103	FALSE	NA	NA	NA	NA	NA	NA
NC_045512.2	28354	C	-CA	7373	2872	54	1	0	20	0.000135612	7374	1	FALSE	NA	NA	NA	NA	NA	NA
NC_045512.2	28356	A	T	7104	2724	54	2	1	54	0.000281452	7106	0.249982	FALSE	NA	NA	NA	NA	NA	NA
NC_045512.2	28359	A	-TGGAGAACG	7047	2726	53	1	0	20	0.000141904	7047	1	FALSE	NA	NA	NA	NA	NA	NA
NC_045512.2	28360	T	-GGAGAACGC	7044	2739	53	1	0	20	0.000141945	7045	1	FALSE	NA	NA	NA	NA	NA	NA
NC_045512.2	28361	G	-GAGAACGCA	6687	2520	52	5673	0	20	0.848109	6689	0	TRUE	NA	NA	NA	NA	NA	NA
NC_045512.2	28362	G	-AGAACGCAGT	1099	499	49	4	0	20	0.000581311	6881	0.992927	FALSE	NA	NA	NA	NA	NA	NA
NC_045512.2	28362	G	-AGAACGCA	1099	499	49	1	0	20	0.000145328	6881	0.999966	FALSE	NA	NA	NA	NA	NA	NA
NC_045512.2	28363	A	T	2	1	44	67	11	38	0.971014	69	2.98472e-148	TRUE	NA	NA	NA	NA	NA	NA
NC_045512.2	28363	A	-GAACGCAGT	2	1	44	1	0	20	0.000170765	5856	0.0299169	FALSE	NA	NA	NA	NA	NA	NA
NC_045512.2	28365	A	G	0	0	0	1	1	68	1	1	0.000172712	TRUE	NA	NA	NA	NA	NA	NA
NC_045512.2	28370	A	T	0	0	0	1	0	72	0.00645161	155	0.000168634	TRUE	NA	NA	NA	NA	NA	NA
NC_045512.2	28370	A	G	0	0	0	154	38	37	0.993548	155	3.04985e-302	TRUE	NA	NA	NA	NA	NA	NA
NC_045512.2	28371	G	T	6516	2304	51	2	0	36	0.000306796	6519	0.964785	FALSE	NA	NA	NA	NA	NA	NA
NC_045512.2	28371	G	A	6516	2304	51	1	1	68	0.000153398	6519	0.499732	FALSE	NA	NA	NA	NA	NA	NA
NC_045512.2	28372	T	C	6475	2270	49	1	0	63	0.000154416	6476	0.499807	FALSE	NA	NA	NA	NA	NA	NA
NC_045512.2	28373	G	T	6543	2365	51	5	2	43	0.000763592	6548	0.0312381	FALSE	NA	NA	NA	NA	NA	NA
NC_045512.2	28376	G	A	6590	2472	52	1	1	68	0.000151722	6591	0.500038	FALSE	NA	NA	NA	NA	NA	NA
NC_045512.2	28377	C	T	6598	2506	52	1	1	72	0.000151538	6599	0.500038	FALSE	NA	NA	NA	NA	NA	NA
NC_045512.2	28378	G	A	6611	2552	52	2	1	36	0.000302435	6613	0.964902	FALSE	NA	NA	NA	NA	NA	NA
NC_045512.2	28379	C	A	6654	2624	52	1	1	72	0.000150263	6655	0.500038	FALSE	NA	NA	NA	NA	NA	NA
NC_045512.2	28380	G	T	6739	2678	53	1	0	28	0.000147536	6778	1	FALSE	NA	NA	NA	NA	NA	NA
NC_045512.2	28380	G	C	6739	2678	53	35	4	37	0.00516377	6778	2.34839e-06	TRUE	NA	NA	NA	NA	NA	NA
NC_045512.2	28380	G	A	6739	2678	53	3	0	57	0.000442608	6778	0.124004	FALSE	NA	NA	NA	NA	NA	NA
NC_045512.2	28381	A	T	6871	2749	54	1	0	36	0.000145518	6872	0.992203	FALSE	NA	NA	NA	NA	NA	NA
NC_045512.2	28382	T	A	6821	2688	53	1	1	36	0.000146585	6822	0.992204	FALSE	NA	NA	NA	NA	NA	NA
NC_045512.2	28383	C	A	6895	2788	53	1	1	72	0.000145012	6896	0.500036	FALSE	NA	NA	NA	NA	NA	NA
NC_045512.2	28383	C	-A	6895	2788	53	1	0	20	0.000145012	6896	1	FALSE	NA	NA	NA	NA	NA	NA
NC_045512.2	28384	A	G	6866	2807	54	1	1	68	0.000145603	6868	0.499964	FALSE	NA	NA	NA	NA	NA	NA
NC_045512.2	28384	A	C	6866	2807	54	1	0	32	0.000145603	6868	0.992195	FALSE	NA	NA	NA	NA	NA	NA
NC_045512.2	28386	A	G	6969	2897	53	1	1	21	0.000143472	6970	1	FALSE	NA	NA	NA	NA	NA	NA
NC_045512.2	28387	A	T	6917	2937	52	2	1	28	0.000289017	6920	1	FALSE	NA	NA	NA	NA	NA	NA
NC_045512.2	28387	A	G	6917	2937	52	1	1	72	0.000144509	6920	0.499964	FALSE	NA	NA	NA	NA	NA	NA
NC_045512.2	28389	A	G	6797	2902	52	1	0	36	0.000147102	6798	0.992204	FALSE	NA	NA	NA	NA	NA	NA
NC_045512.2	28390	A	G	6678	2910	51	2	1	70	0.000299401	6680	0.250019	FALSE	NA	NA	NA	NA	NA	NA
NC_045512.2	28393	T	-C	5312	2092	51	1	0	20	0.000188253	5312	1	FALSE	NA	NA	NA	NA	NA	NA
NC_045512.2	28394	C	-G	5339	2173	51	1	0	20	0.000187266	5340	1	FALSE	NA	NA	NA	NA	NA	NA
NC_045512.2	28395	G	T	5338	2220	51	1	0	36	0.000187231	5341	0.984379	FALSE	NA	NA	NA	NA	NA	NA
NC_045512.2	28395	G	C	5338	2220	51	1	0	72	0.000187231	5341	0.499906	FALSE	NA	NA	NA	NA	NA	NA
NC_045512.2	28395	G	A	5338	2220	51	1	1	72	0.000187231	5341	0.499906	FALSE	NA	NA	NA	NA	NA	NA
NC_045512.2	28396	G	A	5662	2294	51	2	1	54	0.000353107	5664	0.250022	FALSE	NA	NA	NA	NA	NA	NA
NC_045512.2	28397	C	T	5768	2342	50	2	1	54	0.00034662	5770	0.250022	FALSE	NA	NA	NA	NA	NA	NA
NC_045512.2	28398	C	T	5813	2380	50	1	0	36	0.000171999	5814	0.984403	FALSE	NA	NA	NA	NA	NA	NA
NC_045512.2	28399	C	T	5823	2452	49	1	1	72	0.000171703	5824	0.500043	FALSE	NA	NA	NA	NA	NA	NA
NC_045512.2	28401	A	G	5810	2508	49	3	0	36	0.000516085	5813	0.85561	FALSE	NA	NA	NA	NA	NA	NA
NC_045512.2	28402	A	G	5862	2539	50	3	3	57	0.000511422	5866	0.124968	FALSE	NA	NA	NA	NA	NA	NA
NC_045512.2	28402	A	C	5862	2539	50	1	1	36	0.000170474	5866	0.984379	FALSE	NA	NA	NA	NA	NA	NA
NC_045512.2	28403	G	T	6245	2645	49	1	1	36	0.000160102	6246	0.992205	FALSE	NA	NA	NA	NA	NA	NA
NC_045512.2	28404	G	-T	6259	2717	50	2	0	20	0.00031954	6259	1	FALSE	NA	NA	NA	NA	NA	NA
NC_045512.2	28405	T	A	6131	2615	48	1	1	36	0.000163079	6132	0.992196	FALSE	NA	NA	NA	NA	NA	NA
NC_045512.2	28406	T	C	6259	2759	50	1	0	32	0.000159744	6260	0.992205	FALSE	NA	NA	NA	NA	NA	NA
NC_045512.2	28407	T	G	6278	2799	51	1	0	36	0.000159261	6279	0.992205	FALSE	NA	NA	NA	NA	NA	NA
NC_045512.2	28408	A	T	6256	2833	50	2	2	54	0.000319591	6258	0.25002	FALSE	NA	NA	NA	NA	NA	NA
NC_045512.2	28410	C	A	6414	2885	49	1	1	36	0.000155885	6415	0.992205	FALSE	NA	NA	NA	NA	NA	NA
NC_045512.2	28411	C	T	7321	3039	49	1	0	36	0.000136556	7323	0.996101	FALSE	NA	NA	NA	NA	NA	NA
NC_045512.2	28411	C	A	7321	3039	49	1	1	36	0.000136556	7323	0.996101	FALSE	NA	NA	NA	NA	NA	NA
NC_045512.2	28413	A	T	7696	3158	49	1	0	68	0.000129904	7698	0.5	FALSE	NA	NA	NA	NA	NA	NA
NC_045512.2	28413	A	G	7696	3158	49	1	0	36	0.000129904	7698	0.996101	FALSE	NA	NA	NA	NA	NA	NA
NC_045512.2	28415	A	G	7686	3243	49	1	0	41	0.00013009	7687	0.500033	FALSE	NA	NA	NA	NA	NA	NA
NC_045512.2	28417	T	A	7782	3284	49	2	2	36	0.000256937	7784	0.980505	FALSE	NA	NA	NA	NA	NA	NA
NC_045512.2	28419	C	T	7804	3348	49	1	0	36	0.000128107	7806	0.996101	FALSE	NA	NA	NA	NA	NA	NA
NC_045512.2	28419	C	A	7804	3348	49	1	0	72	0.000128107	7806	0.5	FALSE	NA	NA	NA	NA	NA	NA
NC_045512.2	28420	T	A	7793	3366	49	1	1	68	0.000128304	7794	0.500032	FALSE	NA	NA	NA	NA	NA	NA
NC_045512.2	28422	C	T	7550	3242	49	3	1	58	0.000397193	7553	0.125	FALSE	NA	NA	NA	NA	NA	NA
NC_045512.2	28424	T	G	7651	3279	49	1	1	72	0.000130685	7652	0.500033	FALSE	NA	NA	NA	NA	NA	NA
NC_045512.2	28426	T	C	7638	3385	50	1	1	72	0.000130907	7639	0.500033	FALSE	NA	NA	NA	NA	NA	NA
NC_045512.2	28428	G	T	7705	3412	49	18	14	45	0.0023307	7723	3.78146e-06	TRUE	NA	NA	NA	NA	NA	NA
NC_045512.2	28429	G	T	7833	3475	50	1	0	68	0.000127632	7835	0.5	FALSE	NA	NA	NA	NA	NA	NA
NC_045512.2	28429	G	C	7833	3475	50	1	1	36	0.000127632	7835	0.996101	FALSE	NA	NA	NA	NA	NA	NA
NC_045512.2	28430	T	C	7614	3270	49	2	1	36	0.000262605	7616	0.980506	FALSE	NA	NA	NA	NA	NA	NA
NC_045512.2	28431	T	C	7752	3427	49	1	0	36	0.000128982	7753	0.996103	FALSE	NA	NA	NA	NA	NA	NA
NC_045512.2	28432	C	T	7792	3611	49	2	0	72	0.000256575	7795	0.249984	FALSE	NA	NA	NA	NA	NA	NA
NC_045512.2	28432	C	A	7792	3611	49	1	1	63	0.000128287	7795	0.499968	FALSE	NA	NA	NA	NA	NA	NA
NC_045512.2	28433	A	G	7355	3661	48	2	1	50	0.00027185	7357	0.250017	FALSE	NA	NA	NA	NA	NA	NA
NC_045512.2	28434	C	G	7670	3695	49	1	1	64	0.000130361	7671	0.500033	FALSE	NA	NA	NA	NA	NA	NA
NC_045512.2	28435	C	T	7649	3758	48	2	0	52	0.000261404	7651	0.250016	FALSE	NA	NA	NA	NA	NA	NA
NC_045512.2	28436	G	A	7657	3796	47	3	2	51	0.000391645	7660	0.125	FALSE	NA	NA	NA	NA	NA	NA
NC_045512.2	28436	G	-CT	7657	3796	47	1	0	20	0.000130548	7660	1	FALSE	NA	NA	NA	NA	NA	NA
NC_045512.2	28437	C	A	7972	3951	49	64	34	49	0.00796416	8036	4.77956e-20	TRUE	NA	NA	NA	NA	NA	NA
NC_045512.2	28438	T	A	7973	3976	49	2	0	61	0.000250784	7975	0.249984	FALSE	NA	NA	NA	NA	NA	NA
NC_045512.2	28441	C	T	8300	4184	50	2	1	34	0.000240906	8302	0.989282	FALSE	NA	NA	NA	NA	NA	NA
NC_045512.2	28442	A	T	8180	4277	49	1	1	35	0.000122234	8181	0.998052	FALSE	NA	NA	NA	NA	NA	NA
NC_045512.2	28443	C	T	8764	4358	49	2	0	36	0.000228154	8766	0.98928	FALSE	NA	NA	NA	NA	NA	NA
NC_045512.2	28444	T	C	8737	4360	49	1	1	36	0.00011443	8739	0.998051	FALSE	NA	NA	NA	NA	NA	NA
NC_045512.2	28444	T	A	8737	4360	49	1	1	36	0.00011443	8739	0.998051	FALSE	NA	NA	NA	NA	NA	NA
NC_045512.2	28445	C	A	8916	4430	49	1	1	36	0.000112145	8917	0.998052	FALSE	NA	NA	NA	NA	NA	NA
NC_045512.2	28446	A	T	8663	4298	49	1	1	72	0.000115393	8666	0.499971	FALSE	NA	NA	NA	NA	NA	NA
NC_045512.2	28446	A	G	8663	4298	49	2	1	52	0.000230787	8666	0.249986	FALSE	NA	NA	NA	NA	NA	NA
NC_045512.2	28447	A	T	5513	2690	49	1	1	72	0.000113973	8774	0.385945	FALSE	NA	NA	NA	NA	NA	NA
NC_045512.2	28447	A	G	5513	2690	49	3259	1666	49	0.371438	8774	0	TRUE	NA	NA	NA	NA	NA	NA
NC_045512.2	28447	A	C	5513	2690	49	1	0	27	0.000113973	8774	1	FALSE	NA	NA	NA	NA	NA	NA
NC_045512.2	28448	C	T	8803	4385	49	1	1	72	0.000113585	8804	0.500028	FALSE	NA	NA	NA	NA	NA	NA
NC_045512.2	28449	A	T	8759	4376	49	1	1	32	0.000114142	8761	0.998051	FALSE	NA	NA	NA	NA	NA	NA
NC_045512.2	28449	A	G	8759	4376	49	1	1	36	0.000114142	8761	0.998051	FALSE	NA	NA	NA	NA	NA	NA
NC_045512.2	28450	T	C	8837	4312	50	1	0	36	0.000113148	8838	0.998052	FALSE	NA	NA	NA	NA	NA	NA
NC_045512.2	28451	G	A	8807	4280	49	3	3	46	0.000340522	8810	0.125	FALSE	NA	NA	NA	NA	NA	NA
NC_045512.2	28452	G	T	8694	4150	50	2	0	67	0.000229964	8697	0.249986	FALSE	NA	NA	NA	NA	NA	NA
NC_045512.2	28452	G	A	8694	4150	50	1	0	36	0.000114982	8697	0.99805	FALSE	NA	NA	NA	NA	NA	NA
NC_045512.2	28453	C	T	8547	4053	50	1	0	36	0.000116986	8548	0.998052	FALSE	NA	NA	NA	NA	NA	NA
NC_045512.2	28454	A	T	8442	3967	51	1	1	36	0.000118441	8443	0.998052	FALSE	NA	NA	NA	NA	NA	NA
NC_045512.2	28455	A	T	8494	3990	51	1	0	36	0.000117716	8495	0.998052	FALSE	NA	NA	NA	NA	NA	NA
NC_045512.2	28456	G	A	8456	3952	50	3	2	42	0.000354652	8459	0.125	FALSE	NA	NA	NA	NA	NA	NA
NC_045512.2	28457	G	C	8479	3978	51	1	1	36	0.000117925	8480	0.998052	FALSE	NA	NA	NA	NA	NA	NA
NC_045512.2	28458	A	G	8481	4023	51	1	1	72	0.000117897	8482	0.500029	FALSE	NA	NA	NA	NA	NA	NA
NC_045512.2	28459	A	T	8339	3913	51	1	1	36	0.00011989	8341	0.998051	FALSE	NA	NA	NA	NA	NA	NA
NC_045512.2	28459	A	G	8339	3913	51	1	1	68	0.00011989	8341	0.5	FALSE	NA	NA	NA	NA	NA	NA
NC_045512.2	28460	G	T	8432	3935	51	1	0	35	0.000118554	8435	0.99805	FALSE	NA	NA	NA	NA	NA	NA
NC_045512.2	28460	G	A	8432	3935	51	2	1	54	0.000237107	8435	0.249985	FALSE	NA	NA	NA	NA	NA	NA
NC_045512.2	28461	A	T	8295	3962	50	1	1	72	0.00012054	8296	0.50003	FALSE	NA	NA	NA	NA	NA	NA
NC_045512.2	28462	C	T	8705	4004	50	1	0	36	0.000114837	8708	0.99805	FALSE	NA	NA	NA	NA	NA	NA
NC_045512.2	28462	C	A	8705	4004	50	2	1	36	0.000229674	8708	0.989275	FALSE	NA	NA	NA	NA	NA	NA
NC_045512.2	28463	C	A	8712	4032	50	13	7	48	0.00148997	8725	0.000121616	TRUE	NA	NA	NA	NA	NA	NA
NC_045512.2	28464	T	G	8681	4052	50	1	0	32	0.000115088	8689	0.998045	FALSE	NA	NA	NA	NA	NA	NA
NC_045512.2	28464	T	C	8681	4052	50	5	3	48	0.00057544	8689	0.031214	FALSE	NA	NA	NA	NA	NA	NA
NC_045512.2	28464	T	A	8681	4052	50	2	1	36	0.000230176	8689	0.98925	FALSE	NA	NA	NA	NA	NA	NA
NC_045512.2	28465	T	A	8653	4034	50	4	1	41	0.000462054	8657	0.0624928	FALSE	NA	NA	NA	NA	NA	NA
NC_045512.2	28466	A	G	8678	4072	50	2	1	44	0.000230415	8680	0.250014	FALSE	NA	NA	NA	NA	NA	NA
NC_045512.2	28467	A	T	8683	4090	51	2	1	72	0.000230229	8687	0.249957	FALSE	NA	NA	NA	NA	NA	NA
NC_045512.2	28467	A	G	8683	4090	51	2	0	72	0.000230229	8687	0.249957	FALSE	NA	NA	NA	NA	NA	NA
NC_045512.2	28468	A	T	8669	4107	50	2	1	36	0.000230654	8671	0.989281	FALSE	NA	NA	NA	NA	NA	NA
NC_045512.2	28469	T	C	8659	4116	50	2	1	54	0.00023092	8661	0.250014	FALSE	NA	NA	NA	NA	NA	NA
NC_045512.2	28471	C	T	8467	4016	51	3	1	46	0.000354149	8471	0.124978	FALSE	NA	NA	NA	NA	NA	NA
NC_045512.2	28471	C	G	8467	4016	51	1	0	27	0.00011805	8471	1	FALSE	NA	NA	NA	NA	NA	NA
NC_045512.2	28472	C	A	8399	3980	50	2	1	72	0.000238067	8401	0.250015	FALSE	NA	NA	NA	NA	NA	NA
NC_045512.2	28473	C	T	8653	4030	50	2	0	54	0.000231054	8656	0.249986	FALSE	NA	NA	NA	NA	NA	NA
NC_045512.2	28473	C	A	8653	4030	50	1	0	36	0.000115527	8656	0.99805	FALSE	NA	NA	NA	NA	NA	NA
NC_045512.2	28474	T	C	8642	4032	50	1	1	36	0.000115701	8643	0.998052	FALSE	NA	NA	NA	NA	NA	NA
NC_045512.2	28474	T	-CG	8642	4032	50	1	0	20	0.000115701	8643	1	FALSE	NA	NA	NA	NA	NA	NA
NC_045512.2	28475	C	A	8636	4058	50	2	1	34	0.000231535	8638	0.989276	FALSE	NA	NA	NA	NA	NA	NA
NC_045512.2	28476	G	A	8630	4080	50	1	1	72	0.000115861	8631	0.5	FALSE	NA	NA	NA	NA	NA	NA
NC_045512.2	28477	A	T	8695	4108	50	1	0	36	0.000114982	8697	0.998051	FALSE	NA	NA	NA	NA	NA	NA
NC_045512.2	28477	A	G	8695	4108	50	1	1	32	0.000114982	8697	0.998051	FALSE	NA	NA	NA	NA	NA	NA
NC_045512.2	28478	G	T	9106	4154	50	3	2	70	0.000329345	9109	0.125	FALSE	NA	NA	NA	NA	NA	NA
NC_045512.2	28479	G	C	9147	4194	50	1	0	32	0.000109314	9148	0.999026	FALSE	NA	NA	NA	NA	NA	NA
NC_045512.2	28480	A	T	9075	4184	50	1	1	36	0.000110108	9082	0.999023	FALSE	NA	NA	NA	NA	NA	NA
NC_045512.2	28480	A	G	9075	4184	50	6	2	39	0.000660647	9082	0.849222	FALSE	NA	NA	NA	NA	NA	NA
NC_045512.2	28481	C	T	9106	4195	50	2	1	40	0.000219587	9108	0.250014	FALSE	NA	NA	NA	NA	NA	NA
NC_045512.2	28481	C	-A	9106	4195	50	1	0	20	0.000109794	9108	1	FALSE	NA	NA	NA	NA	NA	NA
NC_045512.2	28482	A	T	8918	4066	50	1	1	72	0.000112108	8920	0.499972	FALSE	NA	NA	NA	NA	NA	NA
NC_045512.2	28482	A	G	8918	4066	50	1	1	36	0.000112108	8920	0.99805	FALSE	NA	NA	NA	NA	NA	NA
NC_045512.2	28483	A	T	8928	4078	50	1	0	68	0.000111995	8929	0.500028	FALSE	NA	NA	NA	NA	NA	NA
NC_045512.2	28484	G	A	8931	4091	50	1	0	36	0.000111957	8932	0.998052	FALSE	NA	NA	NA	NA	NA	NA
NC_045512.2	28485	G	A	8987	4111	50	1	0	36	0.000111259	8988	0.998052	FALSE	NA	NA	NA	NA	NA	NA
NC_045512.2	28486	C	T	8921	4095	50	4	0	50	0.000448179	8925	0.062493	FALSE	NA	NA	NA	NA	NA	NA
NC_045512.2	28487	G	A	8635	3843	51	2	0	36	0.000231562	8637	0.989281	FALSE	NA	NA	NA	NA	NA	NA
NC_045512.2	28488	T	C	8475	3687	50	1	0	72	0.00011798	8476	0.500029	FALSE	NA	NA	NA	NA	NA	NA
NC_045512.2	28489	T	C	8641	3902	51	1	0	32	0.000115701	8643	0.998051	FALSE	NA	NA	NA	NA	NA	NA
NC_045512.2	28489	T	A	8641	3902	51	1	0	68	0.000115701	8643	0.5	FALSE	NA	NA	NA	NA	NA	NA
NC_045512.2	28489	T	-C	8641	3902	51	1	0	20	0.000115701	8643	1	FALSE	NA	NA	NA	NA	NA	NA
NC_045512.2	28490	C	T	8649	3913	51	1	0	63	0.000115594	8651	0.499971	FALSE	NA	NA	NA	NA	NA	NA
NC_045512.2	28490	C	G	8649	3913	51	1	0	21	0.000115594	8651	1	FALSE	NA	NA	NA	NA	NA	NA
NC_045512.2	28491	C	T	8649	3928	51	1	1	68	0.000115594	8651	0.5	FALSE	NA	NA	NA	NA	NA	NA
NC_045512.2	28491	C	A	8649	3928	51	1	1	32	0.000115594	8651	0.998051	FALSE	NA	NA	NA	NA	NA	NA
NC_045512.2	28492	A	T	8757	3934	51	2	1	36	0.000228284	8761	0.98927	FALSE	NA	NA	NA	NA	NA	NA
NC_045512.2	28492	A	G	8757	3934	51	2	1	32	0.000228284	8761	0.98927	FALSE	NA	NA	NA	NA	NA	NA
NC_045512.2	28494	T	C	8735	3952	51	2	0	54	0.000228912	8737	0.250014	FALSE	NA	NA	NA	NA	NA	NA
NC_045512.2	28495	T	C	8642	3866	50	2	0	50	0.000231348	8645	0.249986	FALSE	NA	NA	NA	NA	NA	NA
NC_045512.2	28495	T	A	8642	3866	50	1	1	21	0.000115674	8645	1	FALSE	NA	NA	NA	NA	NA	NA
NC_045512.2	28495	T	-A	8642	3866	50	1	0	20	0.000115674	8645	1	FALSE	NA	NA	NA	NA	NA	NA
NC_045512.2	28496	A	T	8707	4062	51	1	1	72	0.000114824	8709	0.499971	FALSE	NA	NA	NA	NA	NA	NA
NC_045512.2	28496	A	G	8707	4062	51	1	1	36	0.000114824	8709	0.99805	FALSE	NA	NA	NA	NA	NA	NA
NC_045512.2	28498	C	G	8981	4165	51	1	1	72	0.000111334	8982	0.500028	FALSE	NA	NA	NA	NA	NA	NA
NC_045512.2	28499	A	G	8938	4208	50	2	0	64	0.000223714	8940	0.250014	FALSE	NA	NA	NA	NA	NA	NA
NC_045512.2	28500	C	T	9240	4243	50	1	1	36	0.000108213	9241	0.999026	FALSE	NA	NA	NA	NA	NA	NA
NC_045512.2	28501	C	T	9115	4160	49	2	1	42	0.00021937	9117	0.250014	FALSE	NA	NA	NA	NA	NA	NA
NC_045512.2	28502	A	T	9092	4150	50	1	0	36	0.000109963	9094	0.999026	FALSE	NA	NA	NA	NA	NA	NA
NC_045512.2	28502	A	G	9092	4150	50	1	1	72	0.000109963	9094	0.5	FALSE	NA	NA	NA	NA	NA	NA
NC_045512.2	28503	A	G	9083	4162	50	2	2	52	0.000220143	9085	0.250014	FALSE	NA	NA	NA	NA	NA	NA
NC_045512.2	28504	T	A	9267	4166	48	1	0	36	0.000107898	9268	0.999026	FALSE	NA	NA	NA	NA	NA	NA
NC_045512.2	28504	T	-AGC	9267	4166	48	1	0	20	0.000107898	9268	1	FALSE	NA	NA	NA	NA	NA	NA
NC_045512.2	28505	A	T	9340	4294	50	1	0	68	0.000107032	9343	0.499946	FALSE	NA	NA	NA	NA	NA	NA
NC_045512.2	28505	A	G	9340	4294	50	2	1	49	0.000214064	9343	0.24996	FALSE	NA	NA	NA	NA	NA	NA
NC_045512.2	28506	G	A	9364	4319	50	2	2	52	0.000213538	9366	0.249987	FALSE	NA	NA	NA	NA	NA	NA
NC_045512.2	28508	A	G	8666	3815	50	1	0	72	0.00011538	8667	0.500029	FALSE	NA	NA	NA	NA	NA	NA
NC_045512.2	28509	G	T	8662	3835	50	1	1	36	0.00011542	8664	0.998051	FALSE	NA	NA	NA	NA	NA	NA
NC_045512.2	28509	G	C	8662	3835	50	1	0	64	0.00011542	8664	0.5	FALSE	NA	NA	NA	NA	NA	NA
NC_045512.2	28510	T	C	8571	3780	50	1	1	72	0.000116659	8572	0.500029	FALSE	NA	NA	NA	NA	NA	NA
NC_045512.2	28511	C	T	8580	3833	50	2	1	32	0.000233019	8583	0.989276	FALSE	NA	NA	NA	NA	NA	NA
NC_045512.2	28511	C	A	8580	3833	50	1	1	36	0.000116509	8583	0.99805	FALSE	NA	NA	NA	NA	NA	NA
NC_045512.2	28512	C	T	8548	3853	49	2	0	52	0.000233918	8550	0.250015	FALSE	NA	NA	NA	NA	NA	NA
NC_045512.2	28513	A	T	8381	3711	50	2	0	49	0.000238521	8385	0.249955	FALSE	NA	NA	NA	NA	NA	NA
NC_045512.2	28513	A	G	8381	3711	50	2	1	36	0.000238521	8385	0.989271	FALSE	NA	NA	NA	NA	NA	NA
NC_045512.2	28514	G	T	8368	3736	50	1	1	27	0.000119489	8369	1	FALSE	NA	NA	NA	NA	NA	NA
NC_045512.2	28516	T	C	8294	3729	50	2	0	52	0.00024108	8296	0.250015	FALSE	NA	NA	NA	NA	NA	NA
NC_045512.2	28517	G	A	8291	3753	49	1	0	32	0.000120598	8292	0.998052	FALSE	NA	NA	NA	NA	NA	NA
NC_045512.2	28518	A	T	7719	3453	49	1	0	32	0.000129534	7720	0.996103	FALSE	NA	NA	NA	NA	NA	NA
NC_045512.2	28519	C	T	7768	3470	49	1	1	36	0.0001287	7770	0.996101	FALSE	NA	NA	NA	NA	NA	NA
NC_045512.2	28519	C	G	7768	3470	49	1	1	36	0.0001287	7770	0.996101	FALSE	NA	NA	NA	NA	NA	NA
NC_045512.2	28523	A	C	7690	3487	50	1	1	21	0.000130022	7691	1	FALSE	NA	NA	NA	NA	NA	NA
NC_045512.2	28524	T	C	7707	3531	50	1	1	27	0.000129702	7710	1	FALSE	NA	NA	NA	NA	NA	NA
NC_045512.2	28524	T	A	7707	3531	50	2	2	54	0.000259403	7710	0.249984	FALSE	NA	NA	NA	NA	NA	NA
NC_045512.2	28526	G	T	7624	3528	49	1	0	21	0.000131096	7628	1	FALSE	NA	NA	NA	NA	NA	NA
NC_045512.2	28526	G	A	7624	3528	49	3	2	48	0.000393288	7628	0.124975	FALSE	NA	NA	NA	NA	NA	NA
NC_045512.2	28527	G	T	7604	3547	49	2	1	54	0.000262916	7607	0.249984	FALSE	NA	NA	NA	NA	NA	NA
NC_045512.2	28527	G	A	7604	3547	49	1	1	36	0.000131458	7607	0.996099	FALSE	NA	NA	NA	NA	NA	NA
NC_045512.2	28528	C	T	7597	3585	49	1	0	36	0.000131596	7599	0.996101	FALSE	NA	NA	NA	NA	NA	NA
NC_045512.2	28528	C	G	7597	3585	49	1	0	68	0.000131596	7599	0.5	FALSE	NA	NA	NA	NA	NA	NA
NC_045512.2	28529	T	C	7607	3609	50	1	0	27	0.000131441	7608	1	FALSE	NA	NA	NA	NA	NA	NA
NC_045512.2	28530	A	T	7565	3603	49	1	0	72	0.00013217	7566	0.500033	FALSE	NA	NA	NA	NA	NA	NA
NC_045512.2	28532	T	C	7525	3594	49	2	1	34	0.00026571	7527	0.980506	FALSE	NA	NA	NA	NA	NA	NA
NC_045512.2	28533	A	G	7488	3641	49	2	0	54	0.000267023	7490	0.250017	FALSE	NA	NA	NA	NA	NA	NA
NC_045512.2	28534	C	T	7513	3678	49	1	0	21	0.000133067	7515	1	FALSE	NA	NA	NA	NA	NA	NA
NC_045512.2	28534	C	A	7513	3678	49	1	0	36	0.000133067	7515	0.996101	FALSE	NA	NA	NA	NA	NA	NA
NC_045512.2	28536	G	T	7028	3369	48	1	0	36	0.000142227	7031	0.996099	FALSE	NA	NA	NA	NA	NA	NA
NC_045512.2	28536	G	C	7028	3369	48	1	1	36	0.000142227	7031	0.996099	FALSE	NA	NA	NA	NA	NA	NA
NC_045512.2	28536	G	A	7028	3369	48	1	0	36	0.000142227	7031	0.996099	FALSE	NA	NA	NA	NA	NA	NA
NC_045512.2	28536	G	-A	7028	3369	48	1	0	20	0.000142227	7031	1	FALSE	NA	NA	NA	NA	NA	NA
NC_045512.2	28537	A	T	7015	3422	48	1	1	36	0.000142531	7016	0.996102	FALSE	NA	NA	NA	NA	NA	NA
NC_045512.2	28538	A	G	6989	3433	48	1	0	36	0.000143062	6990	0.992203	FALSE	NA	NA	NA	NA	NA	NA
NC_045512.2	28540	A	T	6324	3124	47	1	1	32	0.000158103	6325	0.992205	FALSE	NA	NA	NA	NA	NA	NA
NC_045512.2	28542	C	T	8308	3296	45	1	1	36	0.000120337	8310	0.998051	FALSE	NA	NA	NA	NA	NA	NA
NC_045512.2	28542	C	A	8308	3296	45	1	1	32	0.000120337	8310	0.998051	FALSE	NA	NA	NA	NA	NA	NA
NC_045512.2	28543	T	C	8286	3283	45	5	2	48	0.000602991	8292	0.0312312	FALSE	NA	NA	NA	NA	NA	NA
NC_045512.2	28543	T	A	8286	3283	45	1	0	36	0.000120598	8292	0.998047	FALSE	NA	NA	NA	NA	NA	NA
NC_045512.2	28544	A	T	8225	3312	45	1	0	36	0.000121551	8227	0.998051	FALSE	NA	NA	NA	NA	NA	NA
NC_045512.2	28544	A	G	8225	3312	45	1	0	36	0.000121551	8227	0.998051	FALSE	NA	NA	NA	NA	NA	NA
NC_045512.2	28545	C	T	8278	3325	45	1	0	36	0.000120773	8280	0.998051	FALSE	NA	NA	NA	NA	NA	NA
NC_045512.2	28545	C	A	8278	3325	45	1	1	36	0.000120773	8280	0.998051	FALSE	NA	NA	NA	NA	NA	NA
NC_045512.2	28546	C	T	8257	3346	44	2	1	34	0.00024216	8259	0.989282	FALSE	NA	NA	NA	NA	NA	NA
NC_045512.2	28547	A	G	8170	3285	45	1	0	36	0.000122384	8171	0.998052	FALSE	NA	NA	NA	NA	NA	NA
NC_045512.2	28548	G	A	8297	3269	44	1	0	32	0.000120511	8298	0.998052	FALSE	NA	NA	NA	NA	NA	NA
NC_045512.2	28549	A	G	8242	3328	44	1	1	72	0.000121315	8243	0.50003	FALSE	NA	NA	NA	NA	NA	NA
NC_045512.2	28550	C	T	8212	3288	44	1	0	36	0.000121758	8213	0.998052	FALSE	NA	NA	NA	NA	NA	NA
NC_045512.2	28551	G	T	8168	3273	44	1	0	72	0.000122399	8170	0.5	FALSE	NA	NA	NA	NA	NA	NA
NC_045512.2	28551	G	A	8168	3273	44	1	0	36	0.000122399	8170	0.998051	FALSE	NA	NA	NA	NA	NA	NA
NC_045512.2	28553	A	G	8398	3344	44	3	0	60	0.0003571	8401	0.125	FALSE	NA	NA	NA	NA	NA	NA
NC_045512.2	28554	T	C	8392	3386	44	1	1	68	0.000119147	8393	0.50003	FALSE	NA	NA	NA	NA	NA	NA
NC_045512.2	28555	T	A	8458	3432	44	3	1	58	0.000354568	8461	0.125	FALSE	NA	NA	NA	NA	NA	NA
NC_045512.2	28556	C	T	8442	3455	44	1	1	72	0.000118427	8444	0.5	FALSE	NA	NA	NA	NA	NA	NA
NC_045512.2	28556	C	A	8442	3455	44	1	0	36	0.000118427	8444	0.998051	FALSE	NA	NA	NA	NA	NA	NA
NC_045512.2	28557	G	C	8300	3336	44	2	2	50	0.000240906	8302	0.250015	FALSE	NA	NA	NA	NA	NA	NA
NC_045512.2	28558	T	G	8275	3323	44	1	1	32	0.000120758	8281	0.998047	FALSE	NA	NA	NA	NA	NA	NA
NC_045512.2	28558	T	C	8275	3323	44	2	2	52	0.000241517	8281	0.249894	FALSE	NA	NA	NA	NA	NA	NA
NC_045512.2	28558	T	A	8275	3323	44	3	1	36	0.000362275	8281	0.9673	FALSE	NA	NA	NA	NA	NA	NA
NC_045512.2	28558	T	-G	8275	3323	44	1	0	20	0.000120758	8281	1	FALSE	NA	NA	NA	NA	NA	NA
NC_045512.2	28559	G	T	8355	3495	44	1	0	36	0.000119674	8356	0.998051	FALSE	NA	NA	NA	NA	NA	NA
NC_045512.2	28561	T	A	8103	3394	44	2	1	36	0.000246761	8105	0.989282	FALSE	NA	NA	NA	NA	NA	NA
NC_045512.2	28561	T	-G	8103	3394	44	1	0	20	0.000123381	8105	1	FALSE	NA	NA	NA	NA	NA	NA
NC_045512.2	28563	G	A	8411	3837	46	1	1	36	0.000118878	8412	0.998052	FALSE	NA	NA	NA	NA	NA	NA
NC_045512.2	28564	T	C	8265	3717	45	1	0	27	0.000120977	8266	1	FALSE	NA	NA	NA	NA	NA	NA
NC_045512.2	28565	G	T	8449	4010	47	2	2	36	0.00023663	8452	0.989276	FALSE	NA	NA	NA	NA	NA	NA
NC_045512.2	28565	G	A	8449	4010	47	1	1	36	0.000118315	8452	0.99805	FALSE	NA	NA	NA	NA	NA	NA
NC_045512.2	28566	A	T	8399	4066	47	2	1	49	0.000238039	8402	0.249985	FALSE	NA	NA	NA	NA	NA	NA
NC_045512.2	28566	A	G	8399	4066	47	1	1	36	0.000119019	8402	0.99805	FALSE	NA	NA	NA	NA	NA	NA
NC_045512.2	28567	C	T	8526	4097	47	3	0	46	0.0003517	8530	0.124978	FALSE	NA	NA	NA	NA	NA	NA
NC_045512.2	28567	C	A	8526	4097	47	1	0	36	0.000117233	8530	0.998049	FALSE	NA	NA	NA	NA	NA	NA
NC_045512.2	28568	G	A	8500	4089	46	1	1	72	0.000117633	8501	0.500029	FALSE	NA	NA	NA	NA	NA	NA
NC_045512.2	28569	G	A	7617	3632	46	1	0	72	0.000131268	7618	0.500033	FALSE	NA	NA	NA	NA	NA	NA
NC_045512.2	28570	T	A	7615	3666	47	1	0	72	0.000131303	7616	0.500033	FALSE	NA	NA	NA	NA	NA	NA
NC_045512.2	28571	A	T	7570	3712	46	1	1	72	0.000132083	7571	0.500033	FALSE	NA	NA	NA	NA	NA	NA
NC_045512.2	28572	A	G	7613	3741	47	1	0	72	0.000131337	7614	0.500033	FALSE	NA	NA	NA	NA	NA	NA
NC_045512.2	28574	A	T	7655	3770	47	1	0	72	0.000130582	7658	0.499967	FALSE	NA	NA	NA	NA	NA	NA
NC_045512.2	28574	A	G	7655	3770	47	2	2	54	0.000261165	7658	0.249984	FALSE	NA	NA	NA	NA	NA	NA
NC_045512.2	28577	A	T	7705	3845	47	1	0	72	0.000129752	7707	0.5	FALSE	NA	NA	NA	NA	NA	NA
NC_045512.2	28577	A	G	7705	3845	47	1	0	72	0.000129752	7707	0.5	FALSE	NA	NA	NA	NA	NA	NA
NC_045512.2	28578	A	G	7680	3857	46	1	1	32	0.000130191	7681	0.996103	FALSE	NA	NA	NA	NA	NA	NA
NC_045512.2	28579	A	G	7693	3856	47	2	2	54	0.000259875	7696	0.249984	FALSE	NA	NA	NA	NA	NA	NA
NC_045512.2	28579	A	C	7693	3856	47	1	1	72	0.000129938	7696	0.499968	FALSE	NA	NA	NA	NA	NA	NA
NC_045512.2	28584	T	A	7950	4000	47	1	1	72	0.00012577	7951	0.500031	FALSE	NA	NA	NA	NA	NA	NA
NC_045512.2	28585	C	A	7993	4038	47	2	0	52	0.000250156	7995	0.250016	FALSE	NA	NA	NA	NA	NA	NA
NC_045512.2	28586	A	G	7993	4046	47	4	2	50	0.000500188	7997	0.0624922	FALSE	NA	NA	NA	NA	NA	NA
NC_045512.2	28587	G	T	8784	4133	46	1	0	72	0.00011383	8785	0.500028	FALSE	NA	NA	NA	NA	NA	NA
NC_045512.2	28588	T	A	8758	4129	46	2	1	72	0.000228311	8760	0.250014	FALSE	NA	NA	NA	NA	NA	NA
NC_045512.2	28589	C	T	8823	4242	46	1	0	28	0.000113327	8824	1	FALSE	NA	NA	NA	NA	NA	NA
NC_045512.2	28590	C	T	8784	4255	46	2	1	54	0.000227583	8788	0.249957	FALSE	NA	NA	NA	NA	NA	NA
NC_045512.2	28590	C	G	8784	4255	46	1	1	36	0.000113792	8788	0.998049	FALSE	NA	NA	NA	NA	NA	NA
NC_045512.2	28590	C	A	8784	4255	46	1	0	36	0.000113792	8788	0.998049	FALSE	NA	NA	NA	NA	NA	NA
NC_045512.2	28591	A	G	8813	4292	46	2	1	54	0.000226886	8815	0.250014	FALSE	NA	NA	NA	NA	NA	NA
NC_045512.2	28593	G	T	8867	4341	47	1	0	72	0.00011274	8870	0.499972	FALSE	NA	NA	NA	NA	NA	NA
NC_045512.2	28593	G	A	8867	4341	47	2	1	54	0.000225479	8870	0.249986	FALSE	NA	NA	NA	NA	NA	NA
NC_045512.2	28594	A	G	8913	4388	47	1	1	36	0.000112183	8914	0.998052	FALSE	NA	NA	NA	NA	NA	NA
NC_045512.2	28596	G	T	8859	4348	46	1	0	72	0.000112841	8862	0.499972	FALSE	NA	NA	NA	NA	NA	NA
NC_045512.2	28596	G	A	8859	4348	46	2	2	36	0.000225683	8862	0.989275	FALSE	NA	NA	NA	NA	NA	NA
NC_045512.2	28598	T	C	9380	4641	47	3	2	56	0.000319659	9385	0.12496	FALSE	NA	NA	NA	NA	NA	NA
NC_045512.2	28598	T	A	9380	4641	47	2	0	54	0.000213106	9385	0.249933	FALSE	NA	NA	NA	NA	NA	NA
NC_045512.2	28599	A	T	9390	4674	47	1	1	36	0.00010644	9395	0.999024	FALSE	NA	NA	NA	NA	NA	NA
NC_045512.2	28599	A	G	9390	4674	47	4	3	35	0.000425758	9395	0.953913	FALSE	NA	NA	NA	NA	NA	NA
NC_045512.2	28600	T	A	9365	4671	47	2	2	43	0.000213516	9367	0.250013	FALSE	NA	NA	NA	NA	NA	NA
NC_045512.2	28602	T	A	9623	4760	47	1	0	72	0.000103907	9624	0.500026	FALSE	NA	NA	NA	NA	NA	NA
NC_045512.2	28603	C	T	9759	4816	47	2	0	52	0.000204897	9761	0.250013	FALSE	NA	NA	NA	NA	NA	NA
NC_045512.2	28604	T	G	9717	4791	47	1	1	46	0.000102881	9720	0.499974	FALSE	NA	NA	NA	NA	NA	NA
NC_045512.2	28604	T	C	9717	4791	47	2	1	36	0.000205761	9720	0.994152	FALSE	NA	NA	NA	NA	NA	NA
NC_045512.2	28608	A	T	10006	4824	47	1	0	36	9.99201e-05	10008	0.999513	FALSE	NA	NA	NA	NA	NA	NA
NC_045512.2	28608	A	G	10006	4824	47	1	0	32	9.99201e-05	10008	0.999513	FALSE	NA	NA	NA	NA	NA	NA
NC_045512.2	28610	C	T	10685	4880	46	1	1	36	9.35804e-05	10686	0.999513	FALSE	NA	NA	NA	NA	NA	NA
NC_045512.2	28611	T	C	10674	4882	47	2	2	34	0.000187301	10678	0.996831	FALSE	NA	NA	NA	NA	NA	NA
NC_045512.2	28611	T	A	10674	4882	47	2	0	54	0.000187301	10678	0.249965	FALSE	NA	NA	NA	NA	NA	NA
NC_045512.2	28612	A	G	10570	4836	47	1	1	36	9.45984e-05	10571	0.999513	FALSE	NA	NA	NA	NA	NA	NA
NC_045512.2	28613	G	C	10587	4869	47	1	0	72	9.44465e-05	10588	0.500024	FALSE	NA	NA	NA	NA	NA	NA
NC_045512.2	28615	A	T	10791	5008	47	2	1	60	0.000185288	10794	0.249988	FALSE	NA	NA	NA	NA	NA	NA
NC_045512.2	28615	A	G	10791	5008	47	1	1	36	9.26441e-05	10794	0.999513	FALSE	NA	NA	NA	NA	NA	NA
NC_045512.2	28616	A	T	10700	5028	47	1	0	36	9.34405e-05	10702	0.999513	FALSE	NA	NA	NA	NA	NA	NA
NC_045512.2	28616	A	G	10700	5028	47	1	0	36	9.34405e-05	10702	0.999513	FALSE	NA	NA	NA	NA	NA	NA
NC_045512.2	28618	T	G	10087	4491	48	1	0	36	9.91179e-05	10089	0.999513	FALSE	NA	NA	NA	NA	NA	NA
NC_045512.2	28618	T	C	10087	4491	48	1	0	32	9.91179e-05	10089	0.999513	FALSE	NA	NA	NA	NA	NA	NA
NC_045512.2	28619	G	T	10134	4550	48	6	3	53	0.000591599	10142	0.0156088	FALSE	NA	NA	NA	NA	NA	NA
NC_045512.2	28619	G	A	10134	4550	48	2	0	36	0.0001972	10142	0.996825	FALSE	NA	NA	NA	NA	NA	NA
NC_045512.2	28620	G	T	10244	4600	48	1	0	36	9.75991e-05	10246	0.999513	FALSE	NA	NA	NA	NA	NA	NA
NC_045512.2	28620	G	A	10244	4600	48	1	1	36	9.75991e-05	10246	0.999513	FALSE	NA	NA	NA	NA	NA	NA
NC_045512.2	28621	G	C	10318	4662	48	2	2	49	0.000193761	10322	0.499964	FALSE	NA	NA	NA	NA	NA	NA
NC_045512.2	28621	G	A	10318	4662	48	2	2	52	0.000193761	10322	0.249964	FALSE	NA	NA	NA	NA	NA	NA
NC_045512.2	28622	C	T	10297	4729	48	2	2	28	0.000194194	10299	1	FALSE	NA	NA	NA	NA	NA	NA
NC_045512.2	28623	C	T	10152	4674	48	2	1	54	0.000196967	10154	0.250012	FALSE	NA	NA	NA	NA	NA	NA
NC_045512.2	28624	A	T	10110	4667	48	1	0	36	9.88924e-05	10112	0.999513	FALSE	NA	NA	NA	NA	NA	NA
NC_045512.2	28624	A	G	10110	4667	48	1	1	32	9.88924e-05	10112	0.999513	FALSE	NA	NA	NA	NA	NA	NA
NC_045512.2	28625	G	T	10121	4704	48	1	1	36	9.87947e-05	10122	0.999513	FALSE	NA	NA	NA	NA	NA	NA
NC_045512.2	28627	A	T	10318	4875	48	1	0	36	9.69086e-05	10319	0.999513	FALSE	NA	NA	NA	NA	NA	NA
NC_045512.2	28628	G	T	10354	4921	48	1	0	36	9.65717e-05	10355	0.999513	FALSE	NA	NA	NA	NA	NA	NA
NC_045512.2	28629	C	T	10262	4875	48	2	0	34	0.000194837	10265	0.996833	FALSE	NA	NA	NA	NA	NA	NA
NC_045512.2	28629	C	G	10262	4875	48	1	1	72	9.74184e-05	10265	0.499976	FALSE	NA	NA	NA	NA	NA	NA
NC_045512.2	28630	T	G	10015	4683	48	1	0	36	9.98004e-05	10020	0.999512	FALSE	NA	NA	NA	NA	NA	NA
NC_045512.2	28630	T	C	10015	4683	48	4	1	36	0.000399202	10020	0.971356	FALSE	NA	NA	NA	NA	NA	NA
NC_045512.2	28631	G	T	10248	4836	48	1	0	72	9.75419e-05	10252	0.499951	FALSE	NA	NA	NA	NA	NA	NA
NC_045512.2	28631	G	C	10248	4836	48	1	0	36	9.75419e-05	10252	0.999513	FALSE	NA	NA	NA	NA	NA	NA
NC_045512.2	28631	G	A	10248	4836	48	2	1	52	0.000195084	10252	0.249963	FALSE	NA	NA	NA	NA	NA	NA
NC_045512.2	28632	G	A	10265	4902	49	1	0	48	9.74089e-05	10266	0.750037	FALSE	NA	NA	NA	NA	NA	NA
NC_045512.2	28633	A	T	10173	4969	49	1	0	36	9.82608e-05	10177	0.999513	FALSE	NA	NA	NA	NA	NA	NA
NC_045512.2	28633	A	G	10173	4969	49	3	1	58	0.000294782	10177	0.124982	FALSE	NA	NA	NA	NA	NA	NA
NC_045512.2	28634	C	T	10390	5022	49	2	1	29	0.000192456	10392	1	FALSE	NA	NA	NA	NA	NA	NA
NC_045512.2	28635	T	G	10168	4870	49	1	0	32	9.83091e-05	10172	0.999513	FALSE	NA	NA	NA	NA	NA	NA
NC_045512.2	28635	T	C	10168	4870	49	2	0	72	0.000196618	10172	0.249963	FALSE	NA	NA	NA	NA	NA	NA
NC_045512.2	28635	T	A	10168	4870	49	1	1	32	9.83091e-05	10172	0.999513	FALSE	NA	NA	NA	NA	NA	NA
NC_045512.2	28636	T	G	12619	5254	48	2	1	34	0.000158403	12626	0.999085	FALSE	NA	NA	NA	NA	NA	NA
NC_045512.2	28636	T	C	12619	5254	48	3	3	48	0.000237605	12626	0.312396	FALSE	NA	NA	NA	NA	NA	NA
NC_045512.2	28636	T	A	12619	5254	48	2	1	52	0.000158403	12626	0.249911	FALSE	NA	NA	NA	NA	NA	NA
NC_045512.2	28636	T	-C	12619	5254	48	1	0	20	7.92016e-05	12626	1	FALSE	NA	NA	NA	NA	NA	NA
NC_045512.2	28637	C	T	12677	5338	48	1	0	32	7.88581e-05	12681	0.999878	FALSE	NA	NA	NA	NA	NA	NA
NC_045512.2	28637	C	G	12677	5338	48	2	0	32	0.000157716	12681	0.999086	FALSE	NA	NA	NA	NA	NA	NA
NC_045512.2	28637	C	A	12677	5338	48	1	1	36	7.88581e-05	12681	0.999878	FALSE	NA	NA	NA	NA	NA	NA
NC_045512.2	28638	C	T	12650	5372	47	1	0	36	7.90451e-05	12651	0.999878	FALSE	NA	NA	NA	NA	NA	NA
NC_045512.2	28639	C	T	12702	5431	47	3	1	33	0.000236035	12710	0.996309	FALSE	NA	NA	NA	NA	NA	NA
NC_045512.2	28639	C	A	12702	5431	47	5	3	55	0.000393391	12710	0.0312254	FALSE	NA	NA	NA	NA	NA	NA
NC_045512.2	28640	T	C	12549	5325	47	1	0	68	7.96813e-05	12550	0.50002	FALSE	NA	NA	NA	NA	NA	NA
NC_045512.2	28641	A	T	12575	5396	48	1	0	32	7.95165e-05	12576	0.999878	FALSE	NA	NA	NA	NA	NA	NA
NC_045512.2	28642	T	-G	12580	5446	49	1	0	20	7.94913e-05	12580	1	FALSE	NA	NA	NA	NA	NA	NA
NC_045512.2	28643	G	A	12494	5377	48	2	1	52	0.000160051	12496	0.24999	FALSE	NA	NA	NA	NA	NA	NA
NC_045512.2	28644	G	T	12687	5563	49	3	1	34	0.000236407	12690	0.996317	FALSE	NA	NA	NA	NA	NA	NA
NC_045512.2	28645	T	C	11013	4325	50	4	4	70	0.000363009	11019	0.0624716	FALSE	NA	NA	NA	NA	NA	NA
NC_045512.2	28645	T	A	11013	4325	50	2	0	36	0.000181505	11019	0.998293	FALSE	NA	NA	NA	NA	NA	NA
NC_045512.2	28646	G	T	11106	4530	51	1	1	36	9.0009e-05	11110	0.999756	FALSE	NA	NA	NA	NA	NA	NA
NC_045512.2	28646	G	C	11106	4530	51	1	0	68	9.0009e-05	11110	0.499955	FALSE	NA	NA	NA	NA	NA	NA
NC_045512.2	28646	G	A	11106	4530	51	2	0	36	0.000180018	11110	0.998294	FALSE	NA	NA	NA	NA	NA	NA
NC_045512.2	28647	C	T	11111	4600	51	3	1	46	0.00026993	11114	0.312517	FALSE	NA	NA	NA	NA	NA	NA
NC_045512.2	28647	C	-T	11111	4600	51	1	0	20	8.99766e-05	11114	1	FALSE	NA	NA	NA	NA	NA	NA
NC_045512.2	28648	T	C	11058	4610	51	2	2	54	0.000180815	11061	0.249966	FALSE	NA	NA	NA	NA	NA	NA
NC_045512.2	28648	T	A	11058	4610	51	1	0	36	9.04077e-05	11061	0.999756	FALSE	NA	NA	NA	NA	NA	NA
NC_045512.2	28648	T	-A	11058	4610	51	3	0	20	0.000271199	11062	1	FALSE	NA	NA	NA	NA	NA	NA
NC_045512.2	28649	A	G	11392	4894	53	4	3	62	0.000351	11396	0.0624616	FALSE	NA	NA	NA	NA	NA	NA
NC_045512.2	28650	A	T	11371	4927	52	1	0	36	8.79275e-05	11373	0.999757	FALSE	NA	NA	NA	NA	NA	NA
NC_045512.2	28650	A	G	11371	4927	52	1	1	72	8.79275e-05	11373	0.5	FALSE	NA	NA	NA	NA	NA	NA
NC_045512.2	28651	C	T	11420	4961	52	1	0	68	8.75427e-05	11423	0.499978	FALSE	NA	NA	NA	NA	NA	NA
NC_045512.2	28651	C	A	11420	4961	52	2	2	70	0.000175085	11423	0.249989	FALSE	NA	NA	NA	NA	NA	NA
NC_045512.2	28651	C	-A	11420	4961	52	2	0	20	0.000175085	11423	1	FALSE	NA	NA	NA	NA	NA	NA
NC_045512.2	28652	A	G	11371	4979	53	3	2	48	0.000263759	11374	0.312451	FALSE	NA	NA	NA	NA	NA	NA
NC_045512.2	28653	A	G	11302	4942	53	2	0	54	0.000176929	11304	0.250011	FALSE	NA	NA	NA	NA	NA	NA
NC_045512.2	28654	A	T	11279	4929	52	1	1	36	8.86211e-05	11284	0.999756	FALSE	NA	NA	NA	NA	NA	NA
NC_045512.2	28654	A	G	11279	4929	52	4	1	41	0.000354484	11284	0.187472	FALSE	NA	NA	NA	NA	NA	NA
NC_045512.2	28656	A	C	11226	5084	52	1	0	27	8.9071e-05	11227	1	FALSE	NA	NA	NA	NA	NA	NA
NC_045512.2	28657	C	T	11319	5128	52	3	0	57	0.000264924	11324	0.124967	FALSE	NA	NA	NA	NA	NA	NA
NC_045512.2	28657	C	G	11319	5128	52	1	1	32	8.8308e-05	11324	0.999756	FALSE	NA	NA	NA	NA	NA	NA
NC_045512.2	28657	C	A	11319	5128	52	1	0	72	8.8308e-05	11324	0.499934	FALSE	NA	NA	NA	NA	NA	NA
NC_045512.2	28658	G	T	11076	5010	52	2	1	54	0.000180505	11080	0.249966	FALSE	NA	NA	NA	NA	NA	NA
NC_045512.2	28658	G	A	11076	5010	52	2	0	52	0.000180505	11080	0.249966	FALSE	NA	NA	NA	NA	NA	NA
NC_045512.2	28659	G	A	11526	5185	52	5	0	40	0.000433614	11531	0.109365	FALSE	NA	NA	NA	NA	NA	NA
NC_045512.2	28660	C	T	11568	5295	53	2	0	54	0.000172861	11570	0.250011	FALSE	NA	NA	NA	NA	NA	NA
NC_045512.2	28661	A	G	11670	5364	53	1	0	72	8.56825e-05	11671	0.500021	FALSE	NA	NA	NA	NA	NA	NA
NC_045512.2	28662	T	-C	12058	5463	53	1	0	20	8.29325e-05	12058	1	FALSE	NA	NA	NA	NA	NA	NA
NC_045512.2	28664	A	G	12556	5673	53	1	1	32	7.96369e-05	12557	0.999878	FALSE	NA	NA	NA	NA	NA	NA
NC_045512.2	28666	A	T	12565	5756	53	1	0	32	7.95672e-05	12568	0.999878	FALSE	NA	NA	NA	NA	NA	NA
NC_045512.2	28666	A	G	12565	5756	53	2	0	52	0.000159134	12568	0.24999	FALSE	NA	NA	NA	NA	NA	NA
NC_045512.2	28667	T	C	12575	5789	54	1	0	32	7.95165e-05	12576	0.999878	FALSE	NA	NA	NA	NA	NA	NA
NC_045512.2	28668	G	T	12455	5691	53	1	0	36	8.02633e-05	12459	0.999878	FALSE	NA	NA	NA	NA	NA	NA
NC_045512.2	28668	G	C	12455	5691	53	1	0	36	8.02633e-05	12459	0.999878	FALSE	NA	NA	NA	NA	NA	NA
NC_045512.2	28668	G	A	12455	5691	53	2	1	36	0.000160527	12459	0.999086	FALSE	NA	NA	NA	NA	NA	NA
NC_045512.2	28669	G	T	13224	5935	53	1	0	72	7.56086e-05	13226	0.5	FALSE	NA	NA	NA	NA	NA	NA
NC_045512.2	28669	G	C	13224	5935	53	1	0	68	7.56086e-05	13226	0.5	FALSE	NA	NA	NA	NA	NA	NA
NC_045512.2	28670	G	C	13216	6006	54	1	1	72	7.56372e-05	13221	0.499943	FALSE	NA	NA	NA	NA	NA	NA
NC_045512.2	28670	G	A	13216	6006	54	4	4	54	0.000302549	13221	0.0624858	FALSE	NA	NA	NA	NA	NA	NA
NC_045512.2	28671	T	A	13105	5886	53	1	0	36	7.63009e-05	13106	0.999939	FALSE	NA	NA	NA	NA	NA	NA
NC_045512.2	28672	T	C	13060	6051	55	4	4	68	0.000306185	13064	0.0624952	FALSE	NA	NA	NA	NA	NA	NA
NC_045512.2	28673	G	T	13096	6130	55	1	1	68	7.63417e-05	13099	0.499981	FALSE	NA	NA	NA	NA	NA	NA
NC_045512.2	28673	G	A	13096	6130	55	2	1	72	0.000152683	13099	0.24999	FALSE	NA	NA	NA	NA	NA	NA
NC_045512.2	28674	C	T	13268	6266	55	4	2	62	0.000301386	13272	0.0624953	FALSE	NA	NA	NA	NA	NA	NA
NC_045512.2	28674	C	-A	13268	6266	55	1	0	20	7.53466e-05	13272	1	FALSE	NA	NA	NA	NA	NA	NA
NC_045512.2	28675	A	G	13359	6397	56	5	3	46	0.000374139	13364	0.109349	FALSE	NA	NA	NA	NA	NA	NA
NC_045512.2	28676	A	T	13374	6481	55	2	1	72	0.000149522	13376	0.250009	FALSE	NA	NA	NA	NA	NA	NA
NC_045512.2	28677	C	T	13468	6534	55	1	0	72	7.4239e-05	13470	0.5	FALSE	NA	NA	NA	NA	NA	NA
NC_045512.2	28677	C	A	13468	6534	55	1	1	36	7.4239e-05	13470	0.999939	FALSE	NA	NA	NA	NA	NA	NA
NC_045512.2	28678	T	C	13138	6298	56	4	1	47	0.000304345	13143	0.187476	FALSE	NA	NA	NA	NA	NA	NA
NC_045512.2	28678	T	A	13138	6298	56	1	0	36	7.60861e-05	13143	0.999939	FALSE	NA	NA	NA	NA	NA	NA
NC_045512.2	28679	G	T	13256	6402	56	1	0	68	7.54091e-05	13261	0.499943	FALSE	NA	NA	NA	NA	NA	NA
NC_045512.2	28679	G	C	13256	6402	56	1	1	72	7.54091e-05	13261	0.499943	FALSE	NA	NA	NA	NA	NA	NA
NC_045512.2	28679	G	A	13256	6402	56	3	1	43	0.000226227	13261	0.312458	FALSE	NA	NA	NA	NA	NA	NA
NC_045512.2	28680	A	T	13200	6438	56	4	1	62	0.00030287	13207	0.0624669	FALSE	NA	NA	NA	NA	NA	NA
NC_045512.2	28680	A	G	13200	6438	56	3	2	60	0.000227152	13207	0.124943	FALSE	NA	NA	NA	NA	NA	NA
NC_045512.2	28680	A	-G	13200	6438	56	1	0	20	7.57174e-05	13207	1	FALSE	NA	NA	NA	NA	NA	NA
NC_045512.2	28682	G	A	13267	6601	56	1	0	72	7.53693e-05	13268	0.500019	FALSE	NA	NA	NA	NA	NA	NA
NC_045512.2	28683	G	C	13218	6732	57	1	0	36	7.56029e-05	13227	0.999939	FALSE	NA	NA	NA	NA	NA	NA
NC_045512.2	28683	G	A	13218	6732	57	8	5	57	0.000604823	13227	0.00390212	TRUE	NA	NA	NA	NA	NA	NA
NC_045512.2	28684	A	T	13162	6812	58	1	1	72	7.59532e-05	13166	0.499962	FALSE	NA	NA	NA	NA	NA	NA
NC_045512.2	28684	A	G	13162	6812	58	3	0	60	0.00022786	13166	0.124986	FALSE	NA	NA	NA	NA	NA	NA
NC_045512.2	28685	G	T	14577	7264	57	1	0	68	6.85965e-05	14578	0.500017	FALSE	NA	NA	NA	NA	NA	NA
NC_045512.2	28686	C	T	14631	7472	58	3	1	36	0.000204988	14635	0.998828	FALSE	NA	NA	NA	NA	NA	NA
NC_045512.2	28686	C	A	14631	7472	58	1	1	72	6.83293e-05	14635	0.499966	FALSE	NA	NA	NA	NA	NA	NA
NC_045512.2	28687	C	T	14789	7620	58	3	1	45	0.000202785	14794	0.312462	FALSE	NA	NA	NA	NA	NA	NA
NC_045512.2	28687	C	A	14789	7620	58	2	0	52	0.00013519	14794	0.249958	FALSE	NA	NA	NA	NA	NA	NA
NC_045512.2	28688	T	G	14740	7650	59	1	1	68	6.78104e-05	14747	0.499915	FALSE	NA	NA	NA	NA	NA	NA
NC_045512.2	28688	T	C	14740	7650	59	2	0	67	0.000135621	14747	0.249924	FALSE	NA	NA	NA	NA	NA	NA
NC_045512.2	28688	T	A	14740	7650	59	4	2	49	0.000271242	14747	0.187436	FALSE	NA	NA	NA	NA	NA	NA
NC_045512.2	28689	T	C	14766	7715	59	7	4	51	0.000473805	14774	0.00780695	TRUE	NA	NA	NA	NA	NA	NA
NC_045512.2	28689	T	A	14766	7715	59	1	1	72	6.76865e-05	14774	0.499898	FALSE	NA	NA	NA	NA	NA	NA
NC_045512.2	28689	T	-G	14766	7715	59	1	0	20	6.76865e-05	14774	1	FALSE	NA	NA	NA	NA	NA	NA
NC_045512.2	28690	G	T	15204	7962	59	1	1	50	6.57549e-05	15208	0.499951	FALSE	NA	NA	NA	NA	NA	NA
NC_045512.2	28690	G	C	15204	7962	59	1	0	72	6.57549e-05	15208	0.499951	FALSE	NA	NA	NA	NA	NA	NA
NC_045512.2	28690	G	A	15204	7962	59	2	0	68	0.00013151	15208	0.249959	FALSE	NA	NA	NA	NA	NA	NA
NC_045512.2	28691	A	T	15196	8043	59	1	1	72	6.57895e-05	15200	0.499967	FALSE	NA	NA	NA	NA	NA	NA
NC_045512.2	28691	A	G	15196	8043	59	3	0	56	0.000197368	15200	0.124988	FALSE	NA	NA	NA	NA	NA	NA
NC_045512.2	28692	A	T	15157	8088	59	1	0	72	6.59544e-05	15162	0.499951	FALSE	NA	NA	NA	NA	NA	NA
NC_045512.2	28692	A	G	15157	8088	59	4	2	45	0.000263817	15162	0.187479	FALSE	NA	NA	NA	NA	NA	NA
NC_045512.2	28694	A	T	14570	7799	60	1	1	72	6.86248e-05	14572	0.5	FALSE	NA	NA	NA	NA	NA	NA
NC_045512.2	28694	A	G	14570	7799	60	1	0	68	6.86248e-05	14572	0.5	FALSE	NA	NA	NA	NA	NA	NA
NC_045512.2	28695	C	T	14946	7950	60	1	0	32	6.68986e-05	14948	0.99997	FALSE	NA	NA	NA	NA	NA	NA
NC_045512.2	28695	C	A	14946	7950	60	1	0	72	6.68986e-05	14948	0.5	FALSE	NA	NA	NA	NA	NA	NA
NC_045512.2	28696	A	T	14840	8022	59	1	0	36	6.73627e-05	14845	0.99997	FALSE	NA	NA	NA	NA	NA	NA
NC_045512.2	28696	A	G	14840	8022	59	3	2	44	0.000202088	14845	0.312462	FALSE	NA	NA	NA	NA	NA	NA
NC_045512.2	28696	A	C	14840	8022	59	1	1	28	6.73627e-05	14845	1	FALSE	NA	NA	NA	NA	NA	NA
NC_045512.2	28696	A	-C	14840	8022	59	1	0	20	6.73627e-05	14845	1	FALSE	NA	NA	NA	NA	NA	NA
NC_045512.2	28697	C	T	14972	8079	60	2	1	72	0.000133538	14977	0.249942	FALSE	NA	NA	NA	NA	NA	NA
NC_045512.2	28697	C	A	14972	8079	60	3	2	36	0.000200307	14977	0.998827	FALSE	NA	NA	NA	NA	NA	NA
NC_045512.2	28698	C	A	14955	8136	59	1	1	72	6.68628e-05	14956	0.500017	FALSE	NA	NA	NA	NA	NA	NA
NC_045512.2	28698	C	-A	14955	8136	59	3	0	20	0.000200588	14956	1	FALSE	NA	NA	NA	NA	NA	NA
NC_045512.2	28698	C	+A	14955	8136	59	1	0	20	6.68628e-05	14956	1	FALSE	NA	NA	NA	NA	NA	NA
NC_045512.2	28699	A	T	14817	8046	60	2	0	72	0.000134953	14820	0.249941	FALSE	NA	NA	NA	NA	NA	NA
NC_045512.2	28699	A	G	14817	8046	60	1	1	72	6.74764e-05	14820	0.499933	FALSE	NA	NA	NA	NA	NA	NA
NC_045512.2	28700	A	G	14848	8085	60	3	2	70	0.000202007	14851	0.125	FALSE	NA	NA	NA	NA	NA	NA
NC_045512.2	28701	A	T	14846	8113	60	1	1	72	6.73401e-05	14850	0.499966	FALSE	NA	NA	NA	NA	NA	NA
NC_045512.2	28701	A	G	14846	8113	60	3	1	57	0.00020202	14850	0.124987	FALSE	NA	NA	NA	NA	NA	NA
NC_045512.2	28702	A	T	14939	8196	60	2	2	54	0.000133851	14942	0.249992	FALSE	NA	NA	NA	NA	NA	NA
NC_045512.2	28702	A	G	14939	8196	60	1	0	68	6.69254e-05	14942	0.499983	FALSE	NA	NA	NA	NA	NA	NA
NC_045512.2	28703	G	C	15083	8306	60	1	0	36	6.62954e-05	15084	0.999985	FALSE	NA	NA	NA	NA	NA	NA
NC_045512.2	28704	A	T	14725	8190	59	1	1	36	6.79025e-05	14727	0.99997	FALSE	NA	NA	NA	NA	NA	NA
NC_045512.2	28704	A	G	14725	8190	59	1	0	36	6.79025e-05	14727	0.99997	FALSE	NA	NA	NA	NA	NA	NA
NC_045512.2	28705	T	G	14815	8269	61	1	1	36	6.749e-05	14817	0.99997	FALSE	NA	NA	NA	NA	NA	NA
NC_045512.2	28705	T	A	14815	8269	61	1	1	72	6.749e-05	14817	0.5	FALSE	NA	NA	NA	NA	NA	NA
NC_045512.2	28706	C	T	14764	8291	60	2	2	52	0.000135428	14768	0.249975	FALSE	NA	NA	NA	NA	NA	NA
NC_045512.2	28706	C	A	14764	8291	60	2	0	67	0.000135428	14768	0.249975	FALSE	NA	NA	NA	NA	NA	NA
NC_045512.2	28707	A	T	14783	8348	61	3	2	69	0.00020284	14790	0.124949	FALSE	NA	NA	NA	NA	NA	NA
NC_045512.2	28707	A	G	14783	8348	61	4	2	68	0.000270453	14790	0.0624704	FALSE	NA	NA	NA	NA	NA	NA
NC_045512.2	28708	C	T	14991	8451	60	1	0	72	6.66933e-05	14994	0.499983	FALSE	NA	NA	NA	NA	NA	NA
NC_045512.2	28708	C	G	14991	8451	60	1	0	72	6.66933e-05	14994	0.499983	FALSE	NA	NA	NA	NA	NA	NA
NC_045512.2	28708	C	A	14991	8451	60	1	0	72	6.66933e-05	14994	0.499983	FALSE	NA	NA	NA	NA	NA	NA
NC_045512.2	28709	A	G	14991	8481	61	1	1	72	6.67022e-05	14992	0.500017	FALSE	NA	NA	NA	NA	NA	NA
NC_045512.2	28710	T	A	14977	8497	61	1	1	68	6.67646e-05	14978	0.500017	FALSE	NA	NA	NA	NA	NA	NA
NC_045512.2	28711	T	C	14931	8562	60	6	3	70	0.000401633	14939	0.015614	FALSE	NA	NA	NA	NA	NA	NA
NC_045512.2	28711	T	A	14931	8562	60	2	1	72	0.000133878	14939	0.249908	FALSE	NA	NA	NA	NA	NA	NA
NC_045512.2	28713	G	A	14959	8687	61	2	1	72	0.000133681	14961	0.250008	FALSE	NA	NA	NA	NA	NA	NA
NC_045512.2	28714	C	T	14971	8790	60	1	1	72	6.67869e-05	14973	0.5	FALSE	NA	NA	NA	NA	NA	NA
NC_045512.2	28714	C	A	14971	8790	60	1	1	72	6.67869e-05	14973	0.5	FALSE	NA	NA	NA	NA	NA	NA
NC_045512.2	28715	A	G	14949	8876	59	1	1	59	6.68896e-05	14950	0.500017	FALSE	NA	NA	NA	NA	NA	NA
NC_045512.2	28715	A	-C	14949	8876	59	2	0	20	0.000133779	14950	1	FALSE	NA	NA	NA	NA	NA	NA
NC_045512.2	28716	C	T	15031	8943	60	3	3	57	0.000199534	15035	0.124963	FALSE	NA	NA	NA	NA	NA	NA
NC_045512.2	28716	C	A	15031	8943	60	1	1	36	6.65115e-05	15035	0.999985	FALSE	NA	NA	NA	NA	NA	NA
NC_045512.2	28717	C	T	15060	9196	58	2	1	47	0.000132767	15064	0.499975	FALSE	NA	NA	NA	NA	NA	NA
NC_045512.2	28717	C	A	15060	9196	58	2	1	68	0.000132767	15064	0.249975	FALSE	NA	NA	NA	NA	NA	NA
NC_045512.2	28718	C	T	15039	9292	57	1	0	72	6.64805e-05	15042	0.499983	FALSE	NA	NA	NA	NA	NA	NA
NC_045512.2	28718	C	A	15039	9292	57	2	1	65	0.000132961	15042	0.249992	FALSE	NA	NA	NA	NA	NA	NA
NC_045512.2	28718	C	-G	15039	9292	57	1	0	20	6.64805e-05	15042	1	FALSE	NA	NA	NA	NA	NA	NA
NC_045512.2	28719	G	T	15020	9351	57	1	0	68	6.64982e-05	15038	0.499717	FALSE	NA	NA	NA	NA	NA	NA
NC_045512.2	28719	G	A	15020	9351	57	17	13	53	0.00113047	15038	7.59066e-06	TRUE	NA	NA	NA	NA	NA	NA
NC_045512.2	28719	G	-C	15020	9351	57	1	0	20	6.64938e-05	15039	1	FALSE	NA	NA	NA	NA	NA	NA
NC_045512.2	28720	C	T	15039	9442	58	1	1	72	6.64849e-05	15041	0.499983	FALSE	NA	NA	NA	NA	NA	NA
NC_045512.2	28720	C	A	15039	9442	58	1	1	36	6.64849e-05	15041	0.999985	FALSE	NA	NA	NA	NA	NA	NA
NC_045512.2	28721	A	T	14925	9410	58	1	1	36	6.69748e-05	14931	0.99997	FALSE	NA	NA	NA	NA	NA	NA
NC_045512.2	28721	A	G	14925	9410	58	5	1	64	0.000334874	14931	0.0312395	FALSE	NA	NA	NA	NA	NA	NA
NC_045512.2	28722	A	T	14934	9507	57	2	0	72	0.000133905	14936	0.250008	FALSE	NA	NA	NA	NA	NA	NA
NC_045512.2	28723	T	G	14938	9508	58	1	0	28	6.69254e-05	14942	1	FALSE	NA	NA	NA	NA	NA	NA
NC_045512.2	28723	T	C	14938	9508	58	3	2	57	0.000200776	14942	0.124987	FALSE	NA	NA	NA	NA	NA	NA
NC_045512.2	28723	T	-C	14938	9508	58	1	0	20	6.69254e-05	14942	1	FALSE	NA	NA	NA	NA	NA	NA
NC_045512.2	28724	C	T	15008	9539	58	1	1	72	6.66223e-05	15010	0.499983	FALSE	NA	NA	NA	NA	NA	NA
NC_045512.2	28724	C	A	15008	9539	58	1	1	68	6.66223e-05	15010	0.499983	FALSE	NA	NA	NA	NA	NA	NA
NC_045512.2	28725	C	T	14932	9500	58	2	2	36	0.000133914	14935	0.999741	FALSE	NA	NA	NA	NA	NA	NA
NC_045512.2	28725	C	G	14932	9500	58	1	1	72	6.69568e-05	14935	0.499983	FALSE	NA	NA	NA	NA	NA	NA
NC_045512.2	28726	T	C	14289	8983	58	1	1	68	6.99741e-05	14291	0.5	FALSE	NA	NA	NA	NA	NA	NA
NC_045512.2	28726	T	A	14289	8983	58	1	1	72	6.99741e-05	14291	0.5	FALSE	NA	NA	NA	NA	NA	NA
NC_045512.2	28727	G	T	14309	9018	58	1	0	68	6.98714e-05	14312	0.499983	FALSE	NA	NA	NA	NA	NA	NA
NC_045512.2	28727	G	A	14309	9018	58	2	2	36	0.000139743	14312	0.999741	FALSE	NA	NA	NA	NA	NA	NA
NC_045512.2	28728	C	T	14306	9029	58	2	1	50	0.000139772	14309	0.249991	FALSE	NA	NA	NA	NA	NA	NA
NC_045512.2	28728	C	A	14306	9029	58	1	1	72	6.98861e-05	14309	0.499983	FALSE	NA	NA	NA	NA	NA	NA
NC_045512.2	28728	C	-T	14306	9029	58	1	0	20	6.98861e-05	14309	1	FALSE	NA	NA	NA	NA	NA	NA
NC_045512.2	28729	T	C	14250	8992	58	2	1	52	0.000140321	14253	0.249974	FALSE	NA	NA	NA	NA	NA	NA
NC_045512.2	28729	T	A	14250	8992	58	1	1	36	7.01607e-05	14253	0.99997	FALSE	NA	NA	NA	NA	NA	NA
NC_045512.2	28729	T	-A	14250	8992	58	2	0	20	0.000140311	14254	1	FALSE	NA	NA	NA	NA	NA	NA
NC_045512.2	28731	A	T	14095	8952	58	1	0	28	7.0932e-05	14098	1	FALSE	NA	NA	NA	NA	NA	NA
NC_045512.2	28731	A	G	14095	8952	58	2	1	52	0.000141864	14098	0.249991	FALSE	NA	NA	NA	NA	NA	NA
NC_045512.2	28732	C	A	14123	8969	58	1	1	32	7.08015e-05	14124	0.99997	FALSE	NA	NA	NA	NA	NA	NA
NC_045512.2	28733	A	T	13624	8556	58	2	2	52	0.000146757	13628	0.249972	FALSE	NA	NA	NA	NA	NA	NA
NC_045512.2	28733	A	G	13624	8556	58	2	1	72	0.000146757	13628	0.249972	FALSE	NA	NA	NA	NA	NA	NA
NC_045512.2	28734	A	T	13603	8555	58	1	1	36	7.3497e-05	13606	0.999939	FALSE	NA	NA	NA	NA	NA	NA
NC_045512.2	28734	A	G	13603	8555	58	2	2	72	0.000146994	13606	0.249991	FALSE	NA	NA	NA	NA	NA	NA
NC_045512.2	28735	T	C	13560	8539	58	2	2	32	0.00014746	13563	0.999513	FALSE	NA	NA	NA	NA	NA	NA
NC_045512.2	28735	T	A	13560	8539	58	1	1	36	7.373e-05	13563	0.999939	FALSE	NA	NA	NA	NA	NA	NA
NC_045512.2	28736	G	T	13410	8450	58	1	1	72	7.45657e-05	13411	0.500019	FALSE	NA	NA	NA	NA	NA	NA
NC_045512.2	28737	C	T	13422	8470	58	1	1	36	7.44934e-05	13424	0.999939	FALSE	NA	NA	NA	NA	NA	NA
NC_045512.2	28737	C	A	13422	8470	58	1	1	72	7.44934e-05	13424	0.5	FALSE	NA	NA	NA	NA	NA	NA
NC_045512.2	28738	T	C	13316	8396	58	1	1	36	7.50807e-05	13319	0.999939	FALSE	NA	NA	NA	NA	NA	NA
NC_045512.2	28738	T	A	13316	8396	58	2	2	54	0.000150161	13319	0.249991	FALSE	NA	NA	NA	NA	NA	NA
NC_045512.2	28739	G	T	13324	8423	58	2	1	54	0.000150015	13332	0.249897	FALSE	NA	NA	NA	NA	NA	NA
NC_045512.2	28739	G	A	13324	8423	58	6	4	64	0.000450045	13332	0.0156127	FALSE	NA	NA	NA	NA	NA	NA
NC_045512.2	28740	C	T	13314	8438	58	1	1	72	7.50976e-05	13316	0.5	FALSE	NA	NA	NA	NA	NA	NA
NC_045512.2	28740	C	A	13314	8438	58	1	0	72	7.50976e-05	13316	0.5	FALSE	NA	NA	NA	NA	NA	NA
NC_045512.2	28742	A	T	13105	8328	58	1	1	72	7.63009e-05	13106	0.500019	FALSE	NA	NA	NA	NA	NA	NA
NC_045512.2	28743	T	C	12947	8215	58	1	0	72	7.72141e-05	12951	0.499961	FALSE	NA	NA	NA	NA	NA	NA
NC_045512.2	28743	T	A	12947	8215	58	3	1	64	0.000231642	12951	0.124986	FALSE	NA	NA	NA	NA	NA	NA
NC_045512.2	28744	C	T	12850	8165	58	3	2	58	0.00023339	12854	0.124985	FALSE	NA	NA	NA	NA	NA	NA
NC_045512.2	28744	C	A	12850	8165	58	1	0	68	7.77968e-05	12854	0.499961	FALSE	NA	NA	NA	NA	NA	NA
NC_045512.2	28746	T	C	12538	7932	58	1	0	36	7.97385e-05	12541	0.999878	FALSE	NA	NA	NA	NA	NA	NA
NC_045512.2	28746	T	A	12538	7932	58	2	2	34	0.000159477	12541	0.999087	FALSE	NA	NA	NA	NA	NA	NA
NC_045512.2	28747	G	C	12591	8025	58	1	1	36	7.94029e-05	12594	0.999878	FALSE	NA	NA	NA	NA	NA	NA
NC_045512.2	28747	G	A	12591	8025	58	2	1	54	0.000158806	12594	0.24999	FALSE	NA	NA	NA	NA	NA	NA
NC_045512.2	28748	C	T	12563	8024	58	2	1	70	0.00015916	12566	0.24999	FALSE	NA	NA	NA	NA	NA	NA
NC_045512.2	28748	C	A	12563	8024	58	1	1	36	7.95798e-05	12566	0.999878	FALSE	NA	NA	NA	NA	NA	NA
NC_045512.2	28748	C	-T	12563	8024	58	1	0	20	7.95798e-05	12566	1	FALSE	NA	NA	NA	NA	NA	NA
NC_045512.2	28749	T	C	12540	8025	58	2	2	67	0.000159451	12543	0.24997	FALSE	NA	NA	NA	NA	NA	NA
NC_045512.2	28749	T	A	12540	8025	58	1	1	72	7.97257e-05	12543	0.49996	FALSE	NA	NA	NA	NA	NA	NA
NC_045512.2	28750	A	T	12544	8054	58	2	1	35	0.000159413	12546	0.999087	FALSE	NA	NA	NA	NA	NA	NA
NC_045512.2	28750	A	-C	12544	8054	58	1	0	20	7.97067e-05	12546	1	FALSE	NA	NA	NA	NA	NA	NA
NC_045512.2	28751	C	T	12510	8065	57	2	0	54	0.000159834	12513	0.24997	FALSE	NA	NA	NA	NA	NA	NA
NC_045512.2	28751	C	A	12510	8065	57	1	1	36	7.99169e-05	12513	0.999878	FALSE	NA	NA	NA	NA	NA	NA
NC_045512.2	28752	A	G	12495	8092	57	1	1	36	8.00256e-05	12496	0.999878	FALSE	NA	NA	NA	NA	NA	NA
NC_045512.2	28755	T	C	11559	7420	58	1	1	32	8.65052e-05	11560	0.999757	FALSE	NA	NA	NA	NA	NA	NA
NC_045512.2	28756	T	C	11523	7399	58	2	2	34	0.000173521	11526	0.998295	FALSE	NA	NA	NA	NA	NA	NA
NC_045512.2	28756	T	A	11523	7399	58	1	0	68	8.67604e-05	11526	0.499978	FALSE	NA	NA	NA	NA	NA	NA
NC_045512.2	28758	C	T	11460	7425	57	2	1	54	0.000174474	11463	0.249989	FALSE	NA	NA	NA	NA	NA	NA
NC_045512.2	28758	C	A	11460	7425	57	1	0	72	8.72372e-05	11463	0.499978	FALSE	NA	NA	NA	NA	NA	NA
NC_045512.2	28759	T	A	11382	7380	57	2	1	52	0.000175685	11384	0.250011	FALSE	NA	NA	NA	NA	NA	NA
NC_045512.2	28761	A	T	11286	7360	57	1	1	36	8.8574e-05	11290	0.999756	FALSE	NA	NA	NA	NA	NA	NA
NC_045512.2	28761	A	G	11286	7360	57	2	0	68	0.000177148	11290	0.249967	FALSE	NA	NA	NA	NA	NA	NA
NC_045512.2	28761	A	C	11286	7360	57	1	1	36	8.8574e-05	11290	0.999756	FALSE	NA	NA	NA	NA	NA	NA
NC_045512.2	28762	A	G	11304	7373	57	1	1	36	8.84564e-05	11305	0.999757	FALSE	NA	NA	NA	NA	NA	NA
NC_045512.2	28763	G	T	11281	7390	56	1	0	72	8.86289e-05	11283	0.5	FALSE	NA	NA	NA	NA	NA	NA
NC_045512.2	28763	G	C	11281	7390	56	1	1	36	8.86289e-05	11283	0.999757	FALSE	NA	NA	NA	NA	NA	NA
NC_045512.2	28764	G	T	11329	7418	56	1	1	72	8.82535e-05	11331	0.5	FALSE	NA	NA	NA	NA	NA	NA
NC_045512.2	28764	G	A	11329	7418	56	1	1	63	8.82535e-05	11331	0.5	FALSE	NA	NA	NA	NA	NA	NA
NC_045512.2	28765	A	G	11230	7389	56	1	1	36	8.90393e-05	11231	0.999757	FALSE	NA	NA	NA	NA	NA	NA
NC_045512.2	28766	A	-C	10973	7262	55	1	0	20	9.11328e-05	10973	1	FALSE	NA	NA	NA	NA	NA	NA
NC_045512.2	28767	C	T	10982	7281	56	6	3	45	0.000546001	10989	0.0624552	FALSE	NA	NA	NA	NA	NA	NA
NC_045512.2	28767	C	A	10982	7281	56	1	1	72	9.10001e-05	10989	0.499863	FALSE	NA	NA	NA	NA	NA	NA
NC_045512.2	28768	A	T	10965	7321	55	2	2	36	0.000182349	10968	0.996833	FALSE	NA	NA	NA	NA	NA	NA
NC_045512.2	28768	A	G	10965	7321	55	1	1	72	9.11743e-05	10968	0.499977	FALSE	NA	NA	NA	NA	NA	NA
NC_045512.2	28769	A	T	10948	7382	55	2	2	28	0.000182648	10950	1	FALSE	NA	NA	NA	NA	NA	NA
NC_045512.2	28770	C	T	10942	7396	55	1	1	36	9.13659e-05	10945	0.999513	FALSE	NA	NA	NA	NA	NA	NA
NC_045512.2	28770	C	A	10942	7396	55	2	1	52	0.000182732	10945	0.249989	FALSE	NA	NA	NA	NA	NA	NA
NC_045512.2	28771	A	G	10406	7016	55	1	0	36	9.60892e-05	10407	0.999513	FALSE	NA	NA	NA	NA	NA	NA
NC_045512.2	28772	T	A	10361	7015	55	1	0	68	9.65065e-05	10362	0.500024	FALSE	NA	NA	NA	NA	NA	NA
NC_045512.2	28773	T	C	9423	6369	54	1	1	68	0.000106112	9424	0.500027	FALSE	NA	NA	NA	NA	NA	NA
NC_045512.2	28773	T	-G	9423	6369	54	2	0	20	0.000212224	9424	1	FALSE	NA	NA	NA	NA	NA	NA
NC_045512.2	28774	G	T	9463	6415	54	1	1	36	0.000105641	9466	0.999024	FALSE	NA	NA	NA	NA	NA	NA
NC_045512.2	28774	G	A	9463	6415	54	2	0	50	0.000211282	9466	0.249934	FALSE	NA	NA	NA	NA	NA	NA
NC_045512.2	28775	C	T	9462	6507	53	1	0	72	0.000105652	9465	0.499974	FALSE	NA	NA	NA	NA	NA	NA
NC_045512.2	28775	C	A	9462	6507	53	2	0	70	0.000211305	9465	0.249987	FALSE	NA	NA	NA	NA	NA	NA
NC_045512.2	28776	C	T	9367	6498	53	1	0	72	0.000106746	9368	0.500027	FALSE	NA	NA	NA	NA	NA	NA
NC_045512.2	28776	C	-A	9367	6498	53	10	0	20	0.00106746	9368	1	FALSE	NA	NA	NA	NA	NA	NA
NC_045512.2	28777	A	T	9293	6502	53	2	1	44	0.000215077	9299	0.249637	FALSE	NA	NA	NA	NA	NA	NA
NC_045512.2	28777	A	G	9293	6502	53	3	2	36	0.000322615	9299	0.980639	FALSE	NA	NA	NA	NA	NA	NA
NC_045512.2	28777	A	C	9293	6502	53	1	1	32	0.000107538	9299	0.999018	FALSE	NA	NA	NA	NA	NA	NA
NC_045512.2	28778	A	T	9114	6385	53	1	1	72	0.000109709	9115	0.500027	FALSE	NA	NA	NA	NA	NA	NA
NC_045512.2	28779	A	T	9084	6397	52	1	0	68	0.000110035	9088	0.499945	FALSE	NA	NA	NA	NA	NA	NA
NC_045512.2	28779	A	G	9084	6397	52	3	3	45	0.000330106	9088	0.124979	FALSE	NA	NA	NA	NA	NA	NA
NC_045512.2	28780	A	G	9082	6440	52	2	1	54	0.000220143	9085	0.249986	FALSE	NA	NA	NA	NA	NA	NA
NC_045512.2	28780	A	C	9082	6440	52	1	1	36	0.000110072	9085	0.999025	FALSE	NA	NA	NA	NA	NA	NA
NC_045512.2	28781	G	T	9088	6454	52	1	0	72	0.000110023	9089	0.500028	FALSE	NA	NA	NA	NA	NA	NA
NC_045512.2	28782	G	-C	9103	6499	52	1	0	20	0.000109854	9103	1	FALSE	NA	NA	NA	NA	NA	NA
NC_045512.2	28784	T	A	8072	5822	51	1	1	36	0.00012387	8073	0.998052	FALSE	NA	NA	NA	NA	NA	NA
NC_045512.2	28785	T	G	8055	5816	51	1	1	36	0.000124116	8057	0.998051	FALSE	NA	NA	NA	NA	NA	NA
NC_045512.2	28785	T	C	8055	5816	51	1	1	32	0.000124116	8057	0.998051	FALSE	NA	NA	NA	NA	NA	NA
NC_045512.2	28786	C	T	8081	5876	50	1	1	36	0.000123732	8082	0.998052	FALSE	NA	NA	NA	NA	NA	NA
NC_045512.2	28787	T	C	8051	5874	50	1	1	36	0.000124193	8052	0.998052	FALSE	NA	NA	NA	NA	NA	NA
NC_045512.2	28788	A	T	8085	5942	49	1	1	72	0.000123671	8086	0.500031	FALSE	NA	NA	NA	NA	NA	NA
NC_045512.2	28789	C	T	8057	5949	49	1	1	36	0.0001241	8058	0.998052	FALSE	NA	NA	NA	NA	NA	NA
NC_045512.2	28790	G	T	7371	5459	48	1	1	36	0.000135556	7377	0.996093	FALSE	NA	NA	NA	NA	NA	NA
NC_045512.2	28790	G	A	7371	5459	48	5	4	50	0.000677782	7377	0.0312288	FALSE	NA	NA	NA	NA	NA	NA
NC_045512.2	28791	C	A	7348	5497	48	1	1	36	0.000136073	7349	0.996103	FALSE	NA	NA	NA	NA	NA	NA
NC_045512.2	28792	A	T	6175	4547	47	1	1	32	0.000161865	6178	0.992196	FALSE	NA	NA	NA	NA	NA	NA
NC_045512.2	28792	A	G	6175	4547	47	1	0	32	0.000161865	6178	0.992196	FALSE	NA	NA	NA	NA	NA	NA
NC_045512.2	28792	A	C	6175	4547	47	1	1	32	0.000161865	6178	0.992196	FALSE	NA	NA	NA	NA	NA	NA
NC_045512.2	28793	G	T	6199	4589	46	1	1	32	0.000161264	6201	0.992201	FALSE	NA	NA	NA	NA	NA	NA
NC_045512.2	28793	G	C	6199	4589	46	1	0	32	0.000161264	6201	0.992201	FALSE	NA	NA	NA	NA	NA	NA
NC_045512.2	28794	A	T	6132	4641	45	2	1	50	0.000326052	6134	0.25002	FALSE	NA	NA	NA	NA	NA	NA
NC_045512.2	28795	A	T	6087	4606	45	1	1	32	0.000164177	6091	0.992192	FALSE	NA	NA	NA	NA	NA	NA
NC_045512.2	28795	A	G	6087	4606	45	3	3	32	0.00049253	6091	0.910237	FALSE	NA	NA	NA	NA	NA	NA
NC_045512.2	28797	G	T	2359	1552	47	3	3	32	0.00126796	2366	0.499405	FALSE	NA	NA	NA	NA	NA	NA
NC_045512.2	28797	G	C	2359	1552	47	2	2	32	0.000845309	2366	0.686944	FALSE	NA	NA	NA	NA	NA	NA
NC_045512.2	28797	G	A	2359	1552	47	2	1	50	0.000845309	2366	0.249524	FALSE	NA	NA	NA	NA	NA	NA
NC_045512.2	28799	A	G	1435	792	50	1	1	32	0.000694444	1440	0.749565	FALSE	NA	NA	NA	NA	NA	NA
NC_045512.2	28799	A	C	1435	792	50	4	3	49	0.00277778	1440	0.0623697	FALSE	NA	NA	NA	NA	NA	NA
NC_045512.2	28802	A	G	1230	627	51	2	1	52	0.00162338	1232	0.250102	FALSE	NA	NA	NA	NA	NA	NA
NC_045512.2	28805	G	A	1236	631	50	1	0	36	0.000808407	1237	0.750303	FALSE	NA	NA	NA	NA	NA	NA
NC_045512.2	28805	G	-GC	1236	631	50	1	0	20	0.000808407	1237	0.999882	FALSE	NA	NA	NA	NA	NA	NA
NC_045512.2	28813	T	C	1163	594	49	1	0	63	0.000859107	1164	0.500215	FALSE	NA	NA	NA	NA	NA	NA
NC_045512.2	28816	A	T	1165	623	49	1	1	68	0.000857633	1166	0.500215	FALSE	NA	NA	NA	NA	NA	NA
NC_045512.2	28818	C	T	1167	617	50	1	1	32	0.000856164	1168	0.750321	FALSE	NA	NA	NA	NA	NA	NA
NC_045512.2	28820	T	C	1075	538	49	4	3	42	0.00370714	1079	0.0624419	FALSE	NA	NA	NA	NA	NA	NA
NC_045512.2	28822	T	C	1083	544	50	1	1	32	0.000922509	1084	0.750346	FALSE	NA	NA	NA	NA	NA	NA
NC_045512.2	28824	C	T	1106	558	50	1	0	36	0.000903342	1107	0.750339	FALSE	NA	NA	NA	NA	NA	NA
NC_045512.2	28826	C	T	1067	535	50	1	0	72	0.00093633	1068	0.500234	FALSE	NA	NA	NA	NA	NA	NA
NC_045512.2	28835	T	C	1000	520	49	1	1	32	0.000999001	1001	0.750375	FALSE	NA	NA	NA	NA	NA	NA
NC_045512.2	28858	A	G	1020	521	46	1	0	36	0.000979432	1021	0.750367	FALSE	NA	NA	NA	NA	NA	NA
NC_045512.2	28861	T	A	997	485	45	1	0	72	0.001002	998	0.500251	FALSE	NA	NA	NA	NA	NA	NA
NC_045512.2	28875	G	T	966	479	45	1	0	68	0.00103413	967	0.500259	FALSE	NA	NA	NA	NA	NA	NA
NC_045512.2	28880	A	G	935	457	45	1	1	36	0.00106838	936	0.500267	FALSE	NA	NA	NA	NA	NA	NA
NC_045512.2	28881	G	A	0	0	0	844	422	43	1	844	0	TRUE	NA	NA	NA	NA	NA	NA
NC_045512.2	28882	G	A	0	0	0	833	421	43	1	833	0	TRUE	NA	NA	NA	NA	NA	NA
NC_045512.2	28883	G	C	0	0	0	846	428	43	0.998819	847	0	TRUE	NA	NA	NA	NA	NA	NA
NC_045512.2	28883	G	A	0	0	0	1	0	32	0.00118064	847	0.00118064	TRUE	NA	NA	NA	NA	NA	NA
NC_045512.2	28908	G	A	938	437	44	3	1	36	0.0031881	941	0.125	FALSE	NA	NA	NA	NA	NA	NA
NC_045512.2	28917	G	A	1007	493	45	1	1	36	0.000992063	1008	0.750372	FALSE	NA	NA	NA	NA	NA	NA
NC_045512.2	28922	G	A	1025	523	45	2	1	70	0.00194742	1027	0.250122	FALSE	NA	NA	NA	NA	NA	NA
NC_045512.2	28924	T	A	1004	509	46	1	0	68	0.000995025	1005	0.500249	FALSE	NA	NA	NA	NA	NA	NA
NC_045512.2	28934	T	A	1012	497	48	1	0	32	0.000987167	1013	0.75037	FALSE	NA	NA	NA	NA	NA	NA
NC_045512.2	28936	G	C	1011	503	47	1	0	36	0.000988142	1012	0.750371	FALSE	NA	NA	NA	NA	NA	NA
NC_045512.2	28941	T	A	995	506	49	2	1	32	0.00200602	997	0.250125	FALSE	NA	NA	NA	NA	NA	NA
NC_045512.2	28968	G	T	978	542	49	1	1	36	0.00102145	979	0.500255	FALSE	NA	NA	NA	NA	NA	NA
NC_045512.2	28970	A	G	957	534	49	1	1	32	0.00104384	958	0.500261	FALSE	NA	NA	NA	NA	NA	NA
NC_045512.2	28974	T	C	976	563	50	1	0	72	0.00102354	977	0.500256	FALSE	NA	NA	NA	NA	NA	NA
NC_045512.2	28975	G	A	983	563	49	2	0	52	0.00203046	985	0.250127	FALSE	NA	NA	NA	NA	NA	NA
NC_045512.2	28983	A	T	986	566	50	1	1	28	0.00101317	987	0.99905	FALSE	NA	NA	NA	NA	NA	NA
NC_045512.2	28985	G	T	977	552	49	1	1	36	0.00102249	978	0.500256	FALSE	NA	NA	NA	NA	NA	NA
NC_045512.2	28986	G	A	987	561	49	1	0	72	0.00101215	988	0.500253	FALSE	NA	NA	NA	NA	NA	NA
NC_045512.2	28987	C	-CAA	989	574	49	4	0	20	0.00404449	989	0.955255	FALSE	NA	NA	NA	NA	NA	NA
NC_045512.2	28995	A	G	992	568	49	1	1	72	0.00100705	993	0.500252	FALSE	NA	NA	NA	NA	NA	NA
NC_045512.2	28996	A	T	986	570	49	2	2	34	0.00202429	988	0.250127	FALSE	NA	NA	NA	NA	NA	NA
NC_045512.2	29001	G	A	1055	586	49	1	0	36	0.00094697	1056	0.750355	FALSE	NA	NA	NA	NA	NA	NA
NC_045512.2	29002	C	G	1066	607	49	1	0	72	0.000937207	1067	0.500234	FALSE	NA	NA	NA	NA	NA	NA
NC_045512.2	29015	A	T	957	555	49	1	1	72	0.00104275	959	0.5	FALSE	NA	NA	NA	NA	NA	NA
NC_045512.2	29015	A	G	957	555	49	1	0	72	0.00104275	959	0.5	FALSE	NA	NA	NA	NA	NA	NA
NC_045512.2	29021	T	-CTG	962	550	49	1	0	20	0.0010395	962	0.999056	FALSE	NA	NA	NA	NA	NA	NA
NC_045512.2	29023	T	G	950	538	49	1	1	36	0.00105152	951	0.5	FALSE	NA	NA	NA	NA	NA	NA
NC_045512.2	29029	T	A	918	522	47	1	1	36	0.00108814	919	0.500272	FALSE	NA	NA	NA	NA	NA	NA
NC_045512.2	29029	T	-G	918	522	47	1	0	20	0.00108814	919	0.999052	FALSE	NA	NA	NA	NA	NA	NA
NC_045512.2	29030	G	T	920	530	49	1	1	32	0.00108578	921	0.5	FALSE	NA	NA	NA	NA	NA	NA
NC_045512.2	29039	A	T	949	518	48	1	0	36	0.00105263	950	0.500263	FALSE	NA	NA	NA	NA	NA	NA
NC_045512.2	29049	G	A	913	443	45	1	0	68	0.00109409	914	0.500274	FALSE	NA	NA	NA	NA	NA	NA
NC_045512.2	29050	G	A	941	466	47	1	1	32	0.00106157	942	0.500266	FALSE	NA	NA	NA	NA	NA	NA
NC_045512.2	29051	C	T	951	493	48	1	1	32	0.00105042	952	0.500263	FALSE	NA	NA	NA	NA	NA	NA
NC_045512.2	29051	C	-A	951	493	48	1	0	20	0.00105042	952	0.999051	FALSE	NA	NA	NA	NA	NA	NA
NC_045512.2	29064	C	T	1009	589	52	1	1	36	0.000990099	1010	0.750371	FALSE	NA	NA	NA	NA	NA	NA
NC_045512.2	29068	T	-A	1026	599	52	2	0	20	0.00194932	1026	0.996942	FALSE	NA	NA	NA	NA	NA	NA
NC_045512.2	29068	T	+A	1026	599	52	1	0	20	0.000974659	1026	0.99953	FALSE	NA	NA	NA	NA	NA	NA
NC_045512.2	29072	G	A	1133	660	52	1	1	68	0.000881834	1134	0.500221	FALSE	NA	NA	NA	NA	NA	NA
NC_045512.2	29072	G	+C	1133	660	52	1	0	20	0.000881834	1134	0.999764	FALSE	NA	NA	NA	NA	NA	NA
NC_045512.2	29074	A	G	1153	677	54	2	2	54	0.0017316	1155	0.250108	FALSE	NA	NA	NA	NA	NA	NA
NC_045512.2	29075	T	-A	1155	680	53	1	0	20	0.000865801	1155	0.999765	FALSE	NA	NA	NA	NA	NA	NA
NC_045512.2	29079	A	T	1247	689	54	1	1	68	0.000801282	1248	0.5002	FALSE	NA	NA	NA	NA	NA	NA
NC_045512.2	29086	A	T	1173	637	55	1	0	36	0.000851789	1174	0.75032	FALSE	NA	NA	NA	NA	NA	NA
NC_045512.2	29087	C	T	1171	637	55	1	0	72	0.000852515	1173	0.5	FALSE	NA	NA	NA	NA	NA	NA
NC_045512.2	29087	C	G	1171	637	55	1	1	72	0.000852515	1173	0.5	FALSE	NA	NA	NA	NA	NA	NA
NC_045512.2	29089	A	G	1080	569	56	1	1	32	0.000925069	1081	0.750347	FALSE	NA	NA	NA	NA	NA	NA
NC_045512.2	29096	G	T	1100	593	55	1	0	72	0.000908265	1101	0.500227	FALSE	NA	NA	NA	NA	NA	NA
NC_045512.2	29098	C	A	1099	614	56	1	0	72	0.000909091	1100	0.500227	FALSE	NA	NA	NA	NA	NA	NA
NC_045512.2	29109	C	A	1231	712	58	1	1	72	0.000811688	1232	0.500203	FALSE	NA	NA	NA	NA	NA	NA
NC_045512.2	29117	A	C	1162	675	57	1	1	32	0.000859845	1163	0.750323	FALSE	NA	NA	NA	NA	NA	NA
NC_045512.2	29118	C	T	1170	683	59	1	1	68	0.000853971	1171	0.500214	FALSE	NA	NA	NA	NA	NA	NA
NC_045512.2	29121	A	G	1126	653	60	1	1	72	0.000887311	1127	0.500222	FALSE	NA	NA	NA	NA	NA	NA
NC_045512.2	29122	A	G	1127	656	59	1	1	72	0.000886525	1128	0.500222	FALSE	NA	NA	NA	NA	NA	NA
NC_045512.2	29123	G	T	1118	649	58	1	0	72	0.000892061	1121	0.499777	FALSE	NA	NA	NA	NA	NA	NA
NC_045512.2	29123	G	A	1118	649	58	2	2	49	0.00178412	1121	0.249888	FALSE	NA	NA	NA	NA	NA	NA
NC_045512.2	29126	A	T	1131	668	59	1	0	68	0.000883392	1132	0.500221	FALSE	NA	NA	NA	NA	NA	NA
NC_045512.2	29131	T	G	1126	672	59	2	0	68	0.00177305	1128	0.250111	FALSE	NA	NA	NA	NA	NA	NA
NC_045512.2	29132	G	T	1126	672	58	2	1	72	0.00177305	1128	0.250111	FALSE	NA	NA	NA	NA	NA	NA
NC_045512.2	29133	G	A	1125	670	58	1	1	72	0.000888099	1126	0.500222	FALSE	NA	NA	NA	NA	NA	NA
NC_045512.2	29142	A	G	1115	690	58	1	1	72	0.000896057	1116	0.500224	FALSE	NA	NA	NA	NA	NA	NA
NC_045512.2	29143	A	G	1112	694	56	2	1	52	0.00179533	1114	0.250112	FALSE	NA	NA	NA	NA	NA	NA
NC_045512.2	29144	C	T	1111	692	57	1	1	36	0.000899281	1112	0.750337	FALSE	NA	NA	NA	NA	NA	NA
NC_045512.2	29145	T	-A	1096	679	57	1	0	20	0.000912409	1096	0.999529	FALSE	NA	NA	NA	NA	NA	NA
NC_045512.2	29161	T	A	847	519	57	1	0	68	0.00117925	848	0.500295	FALSE	NA	NA	NA	NA	NA	NA
NC_045512.2	29166	A	T	774	474	57	1	1	36	0.00129032	775	0.500323	FALSE	NA	NA	NA	NA	NA	NA
NC_045512.2	29179	G	A	647	452	52	1	1	32	0.00154321	648	0.500386	FALSE	NA	NA	NA	NA	NA	NA
NC_045512.2	29191	A	T	595	440	49	1	1	72	0.00167785	596	0.50042	FALSE	NA	NA	NA	NA	NA	NA
NC_045512.2	29196	C	A	539	428	46	1	1	32	0.00185185	540	0.500463	FALSE	NA	NA	NA	NA	NA	NA
NC_045512.2	29357	A	G	188	41	49	1	1	68	0.00529101	189	0.501326	FALSE	NA	NA	NA	NA	NA	NA
NC_045512.2	29371	A	G	223	50	48	1	0	72	0.00446429	224	0.501119	FALSE	NA	NA	NA	NA	NA	NA
NC_045512.2	29386	C	T	66	8	48	155	35	47	0.701357	221	3.25168e-66	TRUE	NA	NA	NA	NA	NA	NA
NC_045512.2	29392	G	T	232	47	46	1	0	72	0.00429185	233	0.501075	FALSE	NA	NA	NA	NA	NA	NA
NC_045512.2	29456	C	T	251	118	49	1	1	72	0.00396825	252	0.500994	FALSE	NA	NA	NA	NA	NA	NA
NC_045512.2	29464	T	G	247	123	50	1	1	72	0.00403226	248	0.50101	FALSE	NA	NA	NA	NA	NA	NA
NC_045512.2	29510	A	C	0	0	0	172	111	43	1	172	1.29827e-102	TRUE	NA	NA	NA	NA	NA	NA
NC_045512.2	29513	G	A	177	120	43	1	0	36	0.00561798	178	0.501408	FALSE	NA	NA	NA	NA	NA	NA
NC_045512.2	29553	G	A	241	146	43	1	0	36	0.00413223	242	0.501035	FALSE	NA	NA	NA	NA	NA	NA
NC_045512.2	29568	T	C	238	119	46	1	1	36	0.0041841	239	0.501048	FALSE	NA	NA	NA	NA	NA	NA
NC_045512.2	29605	A	+CT	277	132	50	1	0	20	0.00361011	277	0.877025	FALSE	NA	NA	NA	NA	NA	NA
NC_045512.2	29613	G	A	254	117	53	1	0	36	0.00392157	255	0.500982	FALSE	NA	NA	NA	NA	NA	NA
NC_045512.2	29617	A	T	251	117	55	1	1	72	0.00396825	252	0.500994	FALSE	NA	NA	NA	NA	NA	NA
NC_045512.2	29628	G	-T	256	130	55	1	0	20	0.00390625	256	0.87719	FALSE	NA	NA	NA	NA	NA	NA
NC_045512.2	29633	T	C	255	129	55	1	0	36	0.00390625	256	0.500978	FALSE	NA	NA	NA	NA	NA	NA
NC_045512.2	29639	G	C	274	130	56	1	1	32	0.00363636	275	0.500911	FALSE	NA	NA	NA	NA	NA	NA
NC_045512.2	29667	T	A	292	150	57	1	1	68	0.00341297	293	0.500855	FALSE	NA	NA	NA	NA	NA	NA
NC_045512.2	29678	T	A	301	166	57	1	1	36	0.00331126	302	0.500829	FALSE	NA	NA	NA	NA	NA	NA
NC_045512.2	29698	T	C	300	173	59	1	1	68	0.00332226	301	0.500832	FALSE	NA	NA	NA	NA	NA	NA
NC_045512.2	29704	A	C	266	155	60	1	1	36	0.00374532	267	0.500938	FALSE	NA	NA	NA	NA	NA	NA
NC_045512.2	29725	A	G	255	162	58	4	3	54	0.015444	259	0.0622561	FALSE	NA	NA	NA	NA	NA	NA
NC_045512.2	29726	T	A	256	162	59	1	1	36	0.00389105	257	0.500975	FALSE	NA	NA	NA	NA	NA	NA
NC_045512.2	29733	C	-GAGGCCACGCGGAGTACGATCGAGTG	247	160	56	164	0	20	0.663968	247	2.04765e-37	TRUE	NA	NA	NA	NA	NA	NA
NC_045512.2	29734	G	T	0	0	0	2	1	29	1	2	0.000184162	TRUE	NA	NA	NA	NA	NA	NA
NC_045512.2	29762	C	A	177	122	55	1	1	36	0.00561798	178	0.501408	FALSE	NA	NA	NA	NA	NA	NA
NC_045512.2	29768	A	T	177	122	55	1	1	36	0.00561798	178	0.501408	FALSE	NA	NA	NA	NA	NA	NA
