REGION	POS	REF	ALT	REF_DP	REF_RV	REF_QUAL	ALT_DP	ALT_RV	ALT_QUAL	ALT_FREQ	TOTAL_DP	PVAL	PASS	GFF_FEATURE	REF_CODON	REF_AA	ALT_CODON	ALT_AA	POS_AA
NC_045512.2	62	T	A	122	16	27	1	1	28	0.00813008	123	0.753061	FALSE	NA	NA	NA	NA	NA	NA
NC_045512.2	63	T	G	126	24	24	1	1	27	0.0078125	128	0.750988	FALSE	NA	NA	NA	NA	NA	NA
NC_045512.2	63	T	A	126	24	24	1	0	27	0.0078125	128	0.750988	FALSE	NA	NA	NA	NA	NA	NA
NC_045512.2	64	C	T	129	24	27	1	0	28	0.00763359	131	0.750965	FALSE	NA	NA	NA	NA	NA	NA
NC_045512.2	64	C	A	129	24	27	1	1	27	0.00763359	131	0.750965	FALSE	NA	NA	NA	NA	NA	NA
NC_045512.2	68	A	G	125	19	26	1	1	28	0.00793651	126	0.752988	FALSE	NA	NA	NA	NA	NA	NA
NC_045512.2	69	A	T	130	24	27	1	1	23	0.00763359	131	0.752874	FALSE	NA	NA	NA	NA	NA	NA
NC_045512.2	70	A	T	109	24	23	1	1	29	0.00909091	110	0.753425	FALSE	NA	NA	NA	NA	NA	NA
NC_045512.2	72	G	T	130	24	26	1	1	28	0.00763359	131	0.752874	FALSE	NA	NA	NA	NA	NA	NA
NC_045512.2	73	A	C	125	19	26	1	1	27	0.00793651	126	0.752988	FALSE	NA	NA	NA	NA	NA	NA
NC_045512.2	74	A	T	118	24	23	1	1	28	0.00840336	119	0.753165	FALSE	NA	NA	NA	NA	NA	NA
NC_045512.2	75	C	A	130	24	26	1	1	22	0.00763359	131	0.752874	FALSE	NA	NA	NA	NA	NA	NA
NC_045512.2	76	T	C	127	22	26	1	0	24	0.00763359	131	0.747082	FALSE	NA	NA	NA	NA	NA	NA
NC_045512.2	76	T	A	127	22	26	3	3	29	0.0229008	131	0.311044	FALSE	NA	NA	NA	NA	NA	NA
NC_045512.2	77	T	G	130	24	28	2	2	28	0.0148148	135	0.49434	FALSE	NA	NA	NA	NA	NA	NA
NC_045512.2	77	T	A	130	24	28	3	3	27	0.0222222	135	0.308268	FALSE	NA	NA	NA	NA	NA	NA
NC_045512.2	78	T	G	98	24	23	2	2	27	0.0194175	103	0.492537	FALSE	NA	NA	NA	NA	NA	NA
NC_045512.2	78	T	C	98	24	23	1	1	27	0.00970874	103	0.743731	FALSE	NA	NA	NA	NA	NA	NA
NC_045512.2	78	T	A	98	24	23	2	2	28	0.0194175	103	0.492537	FALSE	NA	NA	NA	NA	NA	NA
NC_045512.2	79	A	T	122	16	26	2	2	28	0.016	125	0.5	FALSE	NA	NA	NA	NA	NA	NA
NC_045512.2	79	A	G	122	16	26	1	1	27	0.008	125	0.748988	FALSE	NA	NA	NA	NA	NA	NA
NC_045512.2	80	A	T	130	25	27	2	2	27	0.0147059	136	0.491542	FALSE	NA	NA	NA	NA	NA	NA
NC_045512.2	80	A	G	130	25	27	2	1	27	0.0147059	136	0.491542	FALSE	NA	NA	NA	NA	NA	NA
NC_045512.2	80	A	C	130	25	27	2	2	28	0.0147059	136	0.491542	FALSE	NA	NA	NA	NA	NA	NA
NC_045512.2	81	A	T	130	25	27	2	2	28	0.0147059	136	0.491542	FALSE	NA	NA	NA	NA	NA	NA
NC_045512.2	81	A	G	130	25	27	1	1	25	0.00735294	136	0.743368	FALSE	NA	NA	NA	NA	NA	NA
NC_045512.2	81	A	C	130	25	27	3	2	27	0.0220588	136	0.305491	FALSE	NA	NA	NA	NA	NA	NA
NC_045512.2	82	A	T	63	24	23	3	3	27	0.0434783	69	0.11671	FALSE	NA	NA	NA	NA	NA	NA
NC_045512.2	82	A	G	63	24	23	2	2	27	0.0289855	69	0.236956	FALSE	NA	NA	NA	NA	NA	NA
NC_045512.2	82	A	C	63	24	23	1	1	25	0.0144928	69	0.484848	FALSE	NA	NA	NA	NA	NA	NA
NC_045512.2	83	T	G	132	26	26	2	2	28	0.0148148	135	0.5	FALSE	NA	NA	NA	NA	NA	NA
NC_045512.2	83	T	C	132	26	26	1	1	27	0.00740741	135	0.749064	FALSE	NA	NA	NA	NA	NA	NA
NC_045512.2	84	C	T	130	24	26	6	6	26	0.0441176	136	0.0612666	FALSE	NA	NA	NA	NA	NA	NA
NC_045512.2	85	T	G	132	27	26	1	1	28	0.00735294	136	0.747191	FALSE	NA	NA	NA	NA	NA	NA
NC_045512.2	85	T	C	132	27	26	3	2	26	0.0220588	136	0.311098	FALSE	NA	NA	NA	NA	NA	NA
NC_045512.2	86	G	T	130	24	27	3	3	26	0.0220588	136	0.305491	FALSE	NA	NA	NA	NA	NA	NA
NC_045512.2	86	G	C	130	24	27	2	2	28	0.0147059	136	0.491542	FALSE	NA	NA	NA	NA	NA	NA
NC_045512.2	86	G	A	130	24	27	1	1	30	0.00735294	136	0.492481	FALSE	NA	NA	NA	NA	NA	NA
NC_045512.2	87	T	G	131	27	27	1	1	29	0.00724638	138	0.741552	FALSE	NA	NA	NA	NA	NA	NA
NC_045512.2	87	T	C	131	27	27	4	2	27	0.0289855	138	0.18062	FALSE	NA	NA	NA	NA	NA	NA
NC_045512.2	87	T	A	131	27	27	2	2	29	0.0144928	138	0.488848	FALSE	NA	NA	NA	NA	NA	NA
NC_045512.2	88	G	T	131	25	27	2	2	26	0.0142857	140	0.483397	FALSE	NA	NA	NA	NA	NA	NA
NC_045512.2	88	G	C	131	25	27	3	3	27	0.0214286	140	0.297456	FALSE	NA	NA	NA	NA	NA	NA
NC_045512.2	88	G	A	131	25	27	4	4	28	0.0285714	140	0.176209	FALSE	NA	NA	NA	NA	NA	NA
NC_045512.2	89	T	G	134	28	27	2	2	26	0.0143885	139	0.494505	FALSE	NA	NA	NA	NA	NA	NA
NC_045512.2	89	T	A	134	28	27	3	3	26	0.0215827	139	0.308392	FALSE	NA	NA	NA	NA	NA	NA
NC_045512.2	90	G	T	130	24	26	2	2	27	0.0142857	140	0.48056	FALSE	NA	NA	NA	NA	NA	NA
NC_045512.2	90	G	C	130	24	26	2	2	26	0.0142857	140	0.48056	FALSE	NA	NA	NA	NA	NA	NA
NC_045512.2	90	G	A	130	24	26	6	6	24	0.0428571	140	0.0566695	FALSE	NA	NA	NA	NA	NA	NA
NC_045512.2	91	G	T	119	24	24	4	4	26	0.0310078	129	0.172787	FALSE	NA	NA	NA	NA	NA	NA
NC_045512.2	91	G	C	119	24	24	2	2	28	0.0155039	129	0.478836	FALSE	NA	NA	NA	NA	NA	NA
NC_045512.2	91	G	A	119	24	24	4	4	27	0.0310078	129	0.172787	FALSE	NA	NA	NA	NA	NA	NA
NC_045512.2	92	C	T	134	28	26	2	2	28	0.0142857	140	0.491789	FALSE	NA	NA	NA	NA	NA	NA
NC_045512.2	92	C	G	134	28	26	1	1	28	0.00714286	140	0.743563	FALSE	NA	NA	NA	NA	NA	NA
NC_045512.2	92	C	A	134	28	26	3	3	25	0.0214286	140	0.305694	FALSE	NA	NA	NA	NA	NA	NA
NC_045512.2	93	T	G	132	26	27	4	4	27	0.028169	142	0.174149	FALSE	NA	NA	NA	NA	NA	NA
NC_045512.2	93	T	C	132	26	27	3	3	27	0.0211268	142	0.294947	FALSE	NA	NA	NA	NA	NA	NA
NC_045512.2	93	T	A	132	26	27	3	3	27	0.0211268	142	0.294947	FALSE	NA	NA	NA	NA	NA	NA
NC_045512.2	94	G	T	136	30	27	3	3	26	0.0211268	142	0.305792	FALSE	NA	NA	NA	NA	NA	NA
NC_045512.2	94	G	A	136	30	27	3	3	25	0.0211268	142	0.305792	FALSE	NA	NA	NA	NA	NA	NA
NC_045512.2	95	T	G	132	26	27	1	1	27	0.00699301	143	0.73428	FALSE	NA	NA	NA	NA	NA	NA
NC_045512.2	95	T	C	132	26	27	2	2	28	0.013986	143	0.478188	FALSE	NA	NA	NA	NA	NA	NA
NC_045512.2	95	T	A	132	26	27	8	8	26	0.0559441	143	0.0171221	FALSE	NA	NA	NA	NA	NA	NA
NC_045512.2	96	C	T	133	27	27	6	6	27	0.0416667	144	0.0557255	FALSE	NA	NA	NA	NA	NA	NA
NC_045512.2	96	C	G	133	27	27	3	3	25	0.0208333	144	0.292502	FALSE	NA	NA	NA	NA	NA	NA
NC_045512.2	96	C	A	133	27	27	2	2	26	0.0138889	144	0.478345	FALSE	NA	NA	NA	NA	NA	NA
NC_045512.2	97	A	T	131	26	27	2	2	25	0.0140845	142	0.478028	FALSE	NA	NA	NA	NA	NA	NA
NC_045512.2	97	A	G	131	26	27	2	1	25	0.0140845	142	0.478028	FALSE	NA	NA	NA	NA	NA	NA
NC_045512.2	97	A	C	131	26	27	7	7	27	0.0492958	142	0.0309867	FALSE	NA	NA	NA	NA	NA	NA
NC_045512.2	98	C	T	131	25	27	11	11	25	0.0763889	144	0.00258783	TRUE	NA	NA	NA	NA	NA	NA
NC_045512.2	98	C	G	131	25	27	1	1	28	0.00694444	144	0.730511	FALSE	NA	NA	NA	NA	NA	NA
NC_045512.2	98	C	A	131	25	27	1	1	22	0.00694444	144	0.730511	FALSE	NA	NA	NA	NA	NA	NA
NC_045512.2	99	T	G	135	29	27	2	2	28	0.0136986	146	0.478653	FALSE	NA	NA	NA	NA	NA	NA
NC_045512.2	99	T	C	135	29	27	6	6	25	0.0410959	146	0.0558174	FALSE	NA	NA	NA	NA	NA	NA
NC_045512.2	99	T	A	135	29	27	3	3	26	0.0205479	146	0.292782	FALSE	NA	NA	NA	NA	NA	NA
NC_045512.2	100	C	T	130	24	27	10	10	26	0.0689655	145	0.00447804	TRUE	NA	NA	NA	NA	NA	NA
NC_045512.2	100	C	G	130	24	27	2	2	28	0.0137931	145	0.467293	FALSE	NA	NA	NA	NA	NA	NA
NC_045512.2	100	C	A	130	24	27	3	3	26	0.0206897	145	0.281857	FALSE	NA	NA	NA	NA	NA	NA
NC_045512.2	101	G	T	133	27	27	3	3	28	0.0206897	145	0.289959	FALSE	NA	NA	NA	NA	NA	NA
NC_045512.2	101	G	A	133	27	27	9	9	24	0.062069	145	0.00912848	TRUE	NA	NA	NA	NA	NA	NA
NC_045512.2	102	G	T	126	24	24	6	6	24	0.0416667	144	0.0482409	FALSE	NA	NA	NA	NA	NA	NA
NC_045512.2	102	G	C	126	24	24	3	3	27	0.0208333	144	0.273404	FALSE	NA	NA	NA	NA	NA	NA
NC_045512.2	102	G	A	126	24	24	9	8	27	0.0625	144	0.00753977	TRUE	NA	NA	NA	NA	NA	NA
NC_045512.2	103	C	T	134	28	27	5	5	27	0.0340136	147	0.0958838	FALSE	NA	NA	NA	NA	NA	NA
NC_045512.2	103	C	G	134	28	27	1	1	28	0.00680272	147	0.730935	FALSE	NA	NA	NA	NA	NA	NA
NC_045512.2	103	C	A	134	28	27	7	7	25	0.047619	147	0.0297258	FALSE	NA	NA	NA	NA	NA	NA
NC_045512.2	104	T	G	132	28	27	1	1	27	0.00680272	147	0.727057	FALSE	NA	NA	NA	NA	NA	NA
NC_045512.2	104	T	C	132	28	27	7	7	27	0.047619	147	0.0283579	FALSE	NA	NA	NA	NA	NA	NA
NC_045512.2	104	T	A	132	28	27	7	5	27	0.047619	147	0.0283579	FALSE	NA	NA	NA	NA	NA	NA
NC_045512.2	105	G	T	134	28	27	7	7	27	0.047619	147	0.0297258	FALSE	NA	NA	NA	NA	NA	NA
NC_045512.2	105	G	C	134	28	27	3	3	27	0.0204082	147	0.287619	FALSE	NA	NA	NA	NA	NA	NA
NC_045512.2	105	G	A	134	28	27	3	3	27	0.0204082	147	0.287619	FALSE	NA	NA	NA	NA	NA	NA
NC_045512.2	106	C	T	135	29	27	5	5	25	0.0342466	146	0.0989428	FALSE	NA	NA	NA	NA	NA	NA
NC_045512.2	106	C	G	135	29	27	1	1	28	0.00684932	146	0.734621	FALSE	NA	NA	NA	NA	NA	NA
NC_045512.2	106	C	A	135	29	27	5	5	24	0.0342466	146	0.0989428	FALSE	NA	NA	NA	NA	NA	NA
NC_045512.2	107	A	T	134	28	28	9	9	26	0.0612245	147	0.00887862	TRUE	NA	NA	NA	NA	NA	NA
NC_045512.2	107	A	G	134	28	28	2	2	27	0.0136054	147	0.47332	FALSE	NA	NA	NA	NA	NA	NA
NC_045512.2	107	A	C	134	28	28	2	2	27	0.0136054	147	0.47332	FALSE	NA	NA	NA	NA	NA	NA
NC_045512.2	108	T	G	136	30	28	3	3	26	0.0205479	146	0.295439	FALSE	NA	NA	NA	NA	NA	NA
NC_045512.2	108	T	C	136	30	28	5	5	26	0.0342466	146	0.100528	FALSE	NA	NA	NA	NA	NA	NA
NC_045512.2	108	T	A	136	30	28	2	2	27	0.0136986	146	0.481386	FALSE	NA	NA	NA	NA	NA	NA
NC_045512.2	109	G	T	134	28	27	9	9	26	0.0608108	148	0.00862624	TRUE	NA	NA	NA	NA	NA	NA
NC_045512.2	109	G	C	134	28	27	3	3	27	0.0202703	148	0.285148	FALSE	NA	NA	NA	NA	NA	NA
NC_045512.2	109	G	A	134	28	27	2	2	24	0.0135135	148	0.470759	FALSE	NA	NA	NA	NA	NA	NA
NC_045512.2	110	C	T	134	28	27	6	6	28	0.0405405	148	0.0527281	FALSE	NA	NA	NA	NA	NA	NA
NC_045512.2	110	C	G	134	28	27	5	5	27	0.0337838	148	0.0944299	FALSE	NA	NA	NA	NA	NA	NA
NC_045512.2	110	C	A	134	28	27	3	3	23	0.0202703	148	0.285148	FALSE	NA	NA	NA	NA	NA	NA
NC_045512.2	111	T	G	139	33	27	2	2	23	0.0136054	147	0.486889	FALSE	NA	NA	NA	NA	NA	NA
NC_045512.2	111	T	C	139	33	27	3	3	25	0.0204082	147	0.300807	FALSE	NA	NA	NA	NA	NA	NA
NC_045512.2	111	T	A	139	33	27	3	3	23	0.0204082	147	0.300807	FALSE	NA	NA	NA	NA	NA	NA
NC_045512.2	112	T	G	129	26	24	8	8	26	0.0555556	144	0.01536	FALSE	NA	NA	NA	NA	NA	NA
NC_045512.2	112	T	A	129	26	24	7	7	24	0.0486111	144	0.0282224	FALSE	NA	NA	NA	NA	NA	NA
NC_045512.2	113	A	T	139	33	27	1	1	28	0.00680272	147	0.740277	FALSE	NA	NA	NA	NA	NA	NA
NC_045512.2	113	A	G	139	33	27	2	2	28	0.0136054	147	0.486889	FALSE	NA	NA	NA	NA	NA	NA
NC_045512.2	113	A	C	139	33	27	5	5	27	0.0340136	147	0.103757	FALSE	NA	NA	NA	NA	NA	NA
NC_045512.2	114	G	T	132	26	27	5	5	26	0.0337838	148	0.0913619	FALSE	NA	NA	NA	NA	NA	NA
NC_045512.2	114	G	C	132	26	27	2	2	28	0.0135135	148	0.465203	FALSE	NA	NA	NA	NA	NA	NA
NC_045512.2	114	G	A	132	26	27	9	9	27	0.0608108	148	0.00811233	TRUE	NA	NA	NA	NA	NA	NA
NC_045512.2	115	T	G	137	31	28	3	3	28	0.0202703	148	0.293055	FALSE	NA	NA	NA	NA	NA	NA
NC_045512.2	115	T	C	137	31	28	5	5	27	0.0337838	148	0.0990837	FALSE	NA	NA	NA	NA	NA	NA
NC_045512.2	115	T	A	137	31	28	3	3	28	0.0202703	148	0.293055	FALSE	NA	NA	NA	NA	NA	NA
NC_045512.2	116	G	T	135	30	28	9	9	27	0.0608108	148	0.00889067	TRUE	NA	NA	NA	NA	NA	NA
NC_045512.2	116	G	C	135	30	28	3	3	28	0.0202703	148	0.287792	FALSE	NA	NA	NA	NA	NA	NA
NC_045512.2	116	G	A	135	30	28	1	0	27	0.00675676	148	0.731073	FALSE	NA	NA	NA	NA	NA	NA
NC_045512.2	117	C	T	136	30	28	6	6	27	0.0408163	147	0.0558624	FALSE	NA	NA	NA	NA	NA	NA
NC_045512.2	117	C	G	136	30	28	2	2	27	0.0136054	147	0.478804	FALSE	NA	NA	NA	NA	NA	NA
NC_045512.2	117	C	A	136	30	28	3	3	22	0.0204082	147	0.292919	FALSE	NA	NA	NA	NA	NA	NA
NC_045512.2	118	A	T	138	32	27	6	6	26	0.0405405	148	0.056983	FALSE	NA	NA	NA	NA	NA	NA
NC_045512.2	118	A	G	138	32	27	2	2	27	0.0135135	148	0.481647	FALSE	NA	NA	NA	NA	NA	NA
NC_045512.2	118	A	C	138	32	27	2	2	28	0.0135135	148	0.481647	FALSE	NA	NA	NA	NA	NA	NA
NC_045512.2	119	C	T	135	29	27	3	3	27	0.0204082	147	0.290273	FALSE	NA	NA	NA	NA	NA	NA
NC_045512.2	119	C	G	135	29	27	3	3	26	0.0204082	147	0.290273	FALSE	NA	NA	NA	NA	NA	NA
NC_045512.2	119	C	A	135	29	27	6	6	27	0.0408163	147	0.0547874	FALSE	NA	NA	NA	NA	NA	NA
NC_045512.2	120	T	G	138	32	27	1	1	29	0.00675676	148	0.736695	FALSE	NA	NA	NA	NA	NA	NA
NC_045512.2	120	T	C	138	32	27	4	4	28	0.027027	148	0.174695	FALSE	NA	NA	NA	NA	NA	NA
NC_045512.2	120	T	A	138	32	27	5	5	28	0.0337838	148	0.100648	FALSE	NA	NA	NA	NA	NA	NA
NC_045512.2	121	C	T	133	27	27	8	8	27	0.0540541	148	0.0154667	FALSE	NA	NA	NA	NA	NA	NA
NC_045512.2	121	C	G	133	27	27	4	4	27	0.027027	148	0.164059	FALSE	NA	NA	NA	NA	NA	NA
NC_045512.2	121	C	A	133	27	27	3	3	28	0.0202703	148	0.282496	FALSE	NA	NA	NA	NA	NA	NA
NC_045512.2	122	A	T	133	27	28	6	6	27	0.0405405	148	0.0516855	FALSE	NA	NA	NA	NA	NA	NA
NC_045512.2	122	A	G	133	27	28	4	4	24	0.027027	148	0.164059	FALSE	NA	NA	NA	NA	NA	NA
NC_045512.2	122	A	C	133	27	28	5	5	27	0.0337838	148	0.0928924	FALSE	NA	NA	NA	NA	NA	NA
NC_045512.2	123	C	T	132	26	27	6	6	27	0.0410959	146	0.0525973	FALSE	NA	NA	NA	NA	NA	NA
NC_045512.2	123	C	G	132	26	27	8	8	26	0.0547945	146	0.015843	FALSE	NA	NA	NA	NA	NA	NA
NC_045512.2	124	G	T	137	31	27	1	1	28	0.00675676	148	0.734841	FALSE	NA	NA	NA	NA	NA	NA
NC_045512.2	124	G	C	137	31	27	7	7	27	0.0472973	148	0.031153	FALSE	NA	NA	NA	NA	NA	NA
NC_045512.2	124	G	A	137	31	27	3	3	24	0.0202703	148	0.293055	FALSE	NA	NA	NA	NA	NA	NA
NC_045512.2	125	C	T	135	29	26	7	7	27	0.0469799	149	0.0291171	FALSE	NA	NA	NA	NA	NA	NA
NC_045512.2	125	C	G	135	29	26	3	3	23	0.0201342	149	0.285336	FALSE	NA	NA	NA	NA	NA	NA
NC_045512.2	125	C	A	135	29	26	4	4	26	0.0268456	149	0.166327	FALSE	NA	NA	NA	NA	NA	NA
NC_045512.2	126	A	T	136	30	27	5	5	28	0.0333333	150	0.0946276	FALSE	NA	NA	NA	NA	NA	NA
NC_045512.2	126	A	G	136	30	27	8	8	26	0.0533333	150	0.0159369	FALSE	NA	NA	NA	NA	NA	NA
NC_045512.2	126	A	C	136	30	27	1	1	28	0.00666667	150	0.729457	FALSE	NA	NA	NA	NA	NA	NA
NC_045512.2	127	G	T	136	30	27	9	9	26	0.06	150	0.00865297	TRUE	NA	NA	NA	NA	NA	NA
NC_045512.2	127	G	C	136	30	27	4	4	27	0.0266667	150	0.16647	FALSE	NA	NA	NA	NA	NA	NA
NC_045512.2	127	G	A	136	30	27	1	1	26	0.00666667	150	0.729457	FALSE	NA	NA	NA	NA	NA	NA
NC_045512.2	128	T	G	135	29	27	4	4	24	0.0263158	152	0.160549	FALSE	NA	NA	NA	NA	NA	NA
NC_045512.2	128	T	C	135	29	27	7	7	26	0.0460526	152	0.0272763	FALSE	NA	NA	NA	NA	NA	NA
NC_045512.2	128	T	A	135	29	27	6	6	25	0.0394737	152	0.0499534	FALSE	NA	NA	NA	NA	NA	NA
NC_045512.2	129	A	T	136	30	27	8	8	27	0.0522876	153	0.0147878	FALSE	NA	NA	NA	NA	NA	NA
NC_045512.2	129	A	G	136	30	27	5	5	24	0.0326797	153	0.0904672	FALSE	NA	NA	NA	NA	NA	NA
NC_045512.2	129	A	C	136	30	27	4	4	27	0.0261438	153	0.160726	FALSE	NA	NA	NA	NA	NA	NA
NC_045512.2	130	T	G	135	29	27	8	8	25	0.0522876	153	0.0143946	FALSE	NA	NA	NA	NA	NA	NA
NC_045512.2	130	T	C	135	29	27	6	6	27	0.0392157	153	0.0490463	FALSE	NA	NA	NA	NA	NA	NA
NC_045512.2	130	T	A	135	29	27	4	4	25	0.0261438	153	0.158677	FALSE	NA	NA	NA	NA	NA	NA
NC_045512.2	131	A	T	129	25	26	8	8	26	0.0533333	150	0.0131395	FALSE	NA	NA	NA	NA	NA	NA
NC_045512.2	131	A	G	129	25	26	8	6	28	0.0533333	150	0.0131395	FALSE	NA	NA	NA	NA	NA	NA
NC_045512.2	131	A	C	129	25	26	5	5	27	0.0333333	150	0.0841534	FALSE	NA	NA	NA	NA	NA	NA
NC_045512.2	132	A	T	128	26	24	8	8	26	0.0533333	150	0.0127655	FALSE	NA	NA	NA	NA	NA	NA
NC_045512.2	132	A	G	128	26	24	6	6	26	0.04	150	0.0448604	FALSE	NA	NA	NA	NA	NA	NA
NC_045512.2	132	A	C	128	26	24	8	8	27	0.0533333	150	0.0127655	FALSE	NA	NA	NA	NA	NA	NA
NC_045512.2	133	T	G	141	35	26	5	5	27	0.0331126	151	0.100822	FALSE	NA	NA	NA	NA	NA	NA
NC_045512.2	133	T	C	141	35	26	4	4	27	0.0264901	151	0.174952	FALSE	NA	NA	NA	NA	NA	NA
NC_045512.2	133	T	A	141	35	26	1	1	28	0.00662252	151	0.736972	FALSE	NA	NA	NA	NA	NA	NA
NC_045512.2	134	T	G	134	32	24	9	9	25	0.0604027	149	0.00838174	TRUE	NA	NA	NA	NA	NA	NA
NC_045512.2	134	T	C	134	32	24	3	3	27	0.0201342	149	0.282703	FALSE	NA	NA	NA	NA	NA	NA
NC_045512.2	134	T	A	134	32	24	3	3	27	0.0201342	149	0.282703	FALSE	NA	NA	NA	NA	NA	NA
NC_045512.2	135	A	T	131	27	26	7	7	26	0.0469799	149	0.0264786	FALSE	NA	NA	NA	NA	NA	NA
NC_045512.2	135	A	G	131	27	26	8	8	26	0.0536913	149	0.0142675	FALSE	NA	NA	NA	NA	NA	NA
NC_045512.2	135	A	C	131	27	26	3	3	26	0.0201342	149	0.274758	FALSE	NA	NA	NA	NA	NA	NA
NC_045512.2	136	A	T	125	27	24	9	9	25	0.0612245	147	0.00666451	TRUE	NA	NA	NA	NA	NA	NA
NC_045512.2	136	A	G	125	27	24	4	4	27	0.0272109	147	0.14899	FALSE	NA	NA	NA	NA	NA	NA
NC_045512.2	136	A	C	125	27	24	9	9	27	0.0612245	147	0.00666451	TRUE	NA	NA	NA	NA	NA	NA
NC_045512.2	137	T	G	137	36	27	4	4	28	0.0266667	150	0.168567	FALSE	NA	NA	NA	NA	NA	NA
NC_045512.2	137	T	C	137	36	27	5	5	25	0.0333333	150	0.0961521	FALSE	NA	NA	NA	NA	NA	NA
NC_045512.2	137	T	A	137	36	27	4	4	26	0.0266667	150	0.168567	FALSE	NA	NA	NA	NA	NA	NA
NC_045512.2	138	A	T	127	26	26	4	4	25	0.0272109	147	0.153236	FALSE	NA	NA	NA	NA	NA	NA
NC_045512.2	138	A	G	127	26	26	8	8	27	0.0544218	147	0.0134089	FALSE	NA	NA	NA	NA	NA	NA
NC_045512.2	138	A	C	127	26	26	8	8	28	0.0544218	147	0.0134089	FALSE	NA	NA	NA	NA	NA	NA
NC_045512.2	139	A	T	128	30	24	9	9	27	0.0616438	146	0.00757945	TRUE	NA	NA	NA	NA	NA	NA
NC_045512.2	139	A	G	128	30	24	3	3	24	0.0205479	146	0.273957	FALSE	NA	NA	NA	NA	NA	NA
NC_045512.2	139	A	C	128	30	24	6	6	28	0.0410959	146	0.0484281	FALSE	NA	NA	NA	NA	NA	NA
NC_045512.2	140	C	T	135	34	27	6	6	27	0.04	150	0.0518258	FALSE	NA	NA	NA	NA	NA	NA
NC_045512.2	140	C	G	135	34	27	4	4	27	0.0266667	150	0.164374	FALSE	NA	NA	NA	NA	NA	NA
NC_045512.2	140	C	A	135	34	27	5	5	27	0.0333333	150	0.0931098	FALSE	NA	NA	NA	NA	NA	NA
NC_045512.2	141	T	G	132	32	27	4	4	25	0.0272109	147	0.163898	FALSE	NA	NA	NA	NA	NA	NA
NC_045512.2	141	T	C	132	32	27	8	8	26	0.0544218	147	0.0154405	FALSE	NA	NA	NA	NA	NA	NA
NC_045512.2	141	T	A	132	32	27	3	3	27	0.0204082	147	0.282286	FALSE	NA	NA	NA	NA	NA	NA
NC_045512.2	142	A	T	124	31	26	6	6	26	0.0425532	141	0.049012	FALSE	NA	NA	NA	NA	NA	NA
NC_045512.2	142	A	G	124	31	26	5	5	26	0.035461	141	0.0888856	FALSE	NA	NA	NA	NA	NA	NA
NC_045512.2	142	A	C	124	31	26	6	6	28	0.0425532	141	0.049012	FALSE	NA	NA	NA	NA	NA	NA
NC_045512.2	143	A	T	111	32	24	5	5	26	0.0390625	128	0.0868454	FALSE	NA	NA	NA	NA	NA	NA
NC_045512.2	143	A	G	111	32	24	3	3	27	0.0234375	128	0.271449	FALSE	NA	NA	NA	NA	NA	NA
NC_045512.2	143	A	C	111	32	24	9	9	26	0.0703125	128	0.00745649	TRUE	NA	NA	NA	NA	NA	NA
NC_045512.2	144	T	C	124	34	26	9	9	27	0.0652174	138	0.00848172	TRUE	NA	NA	NA	NA	NA	NA
NC_045512.2	144	T	A	124	34	26	5	5	26	0.0362319	138	0.0933568	FALSE	NA	NA	NA	NA	NA	NA
NC_045512.2	145	T	G	108	28	23	9	9	25	0.0703125	128	0.00665567	TRUE	NA	NA	NA	NA	NA	NA
NC_045512.2	145	T	C	108	28	23	6	6	27	0.046875	128	0.0442698	FALSE	NA	NA	NA	NA	NA	NA
NC_045512.2	145	T	A	108	28	23	5	5	27	0.0390625	128	0.0816664	FALSE	NA	NA	NA	NA	NA	NA
NC_045512.2	146	A	T	118	31	26	5	5	27	0.037037	135	0.0879916	FALSE	NA	NA	NA	NA	NA	NA
NC_045512.2	146	A	G	118	31	26	7	7	26	0.0518519	135	0.0263433	FALSE	NA	NA	NA	NA	NA	NA
NC_045512.2	146	A	C	118	31	26	5	5	26	0.037037	135	0.0879916	FALSE	NA	NA	NA	NA	NA	NA
NC_045512.2	147	C	T	119	32	27	3	3	25	0.0222222	135	0.276588	FALSE	NA	NA	NA	NA	NA	NA
NC_045512.2	147	C	G	119	32	27	6	6	27	0.0444444	135	0.0495509	FALSE	NA	NA	NA	NA	NA	NA
NC_045512.2	147	C	A	119	32	27	7	7	25	0.0518519	135	0.0270573	FALSE	NA	NA	NA	NA	NA	NA
NC_045512.2	148	T	G	121	34	26	4	4	27	0.0294118	136	0.161973	FALSE	NA	NA	NA	NA	NA	NA
NC_045512.2	148	T	C	121	34	26	7	7	27	0.0514706	136	0.027833	FALSE	NA	NA	NA	NA	NA	NA
NC_045512.2	148	T	A	121	34	26	4	4	24	0.0294118	136	0.161973	FALSE	NA	NA	NA	NA	NA	NA
NC_045512.2	149	G	T	120	33	26	7	7	25	0.0518519	135	0.0277813	FALSE	NA	NA	NA	NA	NA	NA
NC_045512.2	149	G	C	120	33	26	3	3	25	0.0222222	135	0.279516	FALSE	NA	NA	NA	NA	NA	NA
NC_045512.2	149	G	A	120	33	26	5	5	25	0.037037	135	0.0913245	FALSE	NA	NA	NA	NA	NA	NA
NC_045512.2	150	T	G	119	32	26	1	1	28	0.00740741	135	0.722667	FALSE	NA	NA	NA	NA	NA	NA
NC_045512.2	150	T	C	119	32	26	7	7	26	0.0518519	135	0.0270573	FALSE	NA	NA	NA	NA	NA	NA
NC_045512.2	150	T	A	119	32	26	8	8	26	0.0592593	135	0.0146471	FALSE	NA	NA	NA	NA	NA	NA
NC_045512.2	151	C	T	114	27	26	9	9	25	0.0661765	136	0.00638326	TRUE	NA	NA	NA	NA	NA	NA
NC_045512.2	151	C	G	114	27	26	1	1	21	0.00735294	136	0.709398	FALSE	NA	NA	NA	NA	NA	NA
NC_045512.2	151	C	A	114	27	26	12	12	27	0.0882353	136	0.000905523	TRUE	NA	NA	NA	NA	NA	NA
NC_045512.2	152	G	T	112	27	27	11	11	27	0.0833333	132	0.00187031	TRUE	NA	NA	NA	NA	NA	NA
NC_045512.2	152	G	C	112	27	27	5	5	28	0.0378788	132	0.0824813	FALSE	NA	NA	NA	NA	NA	NA
NC_045512.2	152	G	A	112	27	27	4	3	25	0.030303	132	0.149328	FALSE	NA	NA	NA	NA	NA	NA
NC_045512.2	153	T	G	115	30	26	3	3	28	0.0225564	133	0.270053	FALSE	NA	NA	NA	NA	NA	NA
NC_045512.2	153	T	C	115	30	26	2	2	27	0.0150376	133	0.454691	FALSE	NA	NA	NA	NA	NA	NA
NC_045512.2	153	T	A	115	30	26	13	13	25	0.0977444	133	0.00057282	TRUE	NA	NA	NA	NA	NA	NA
NC_045512.2	154	T	G	101	30	24	5	5	27	0.0416667	120	0.0816996	FALSE	NA	NA	NA	NA	NA	NA
NC_045512.2	154	T	C	101	30	24	7	7	27	0.0583333	120	0.0237774	FALSE	NA	NA	NA	NA	NA	NA
NC_045512.2	154	T	A	101	30	24	7	7	26	0.0583333	120	0.0237774	FALSE	NA	NA	NA	NA	NA	NA
NC_045512.2	155	G	T	111	27	26	10	10	25	0.075188	133	0.00329092	TRUE	NA	NA	NA	NA	NA	NA
NC_045512.2	155	G	C	111	27	26	5	5	27	0.037594	133	0.0793961	FALSE	NA	NA	NA	NA	NA	NA
NC_045512.2	155	G	A	111	27	26	7	7	26	0.0526316	133	0.0227568	FALSE	NA	NA	NA	NA	NA	NA
NC_045512.2	156	A	T	114	31	26	9	9	28	0.0687023	131	0.0075245	TRUE	NA	NA	NA	NA	NA	NA
NC_045512.2	156	A	G	114	31	26	4	4	26	0.0305344	131	0.156199	FALSE	NA	NA	NA	NA	NA	NA
NC_045512.2	156	A	C	114	31	26	4	4	27	0.0305344	131	0.156199	FALSE	NA	NA	NA	NA	NA	NA
NC_045512.2	157	C	T	114	32	26	4	4	26	0.0307692	130	0.158369	FALSE	NA	NA	NA	NA	NA	NA
NC_045512.2	157	C	G	114	32	26	4	4	24	0.0307692	130	0.158369	FALSE	NA	NA	NA	NA	NA	NA
NC_045512.2	157	C	A	114	32	26	8	8	26	0.0615385	130	0.0144727	FALSE	NA	NA	NA	NA	NA	NA
NC_045512.2	158	A	T	110	32	26	10	10	27	0.0787402	127	0.00395942	TRUE	NA	NA	NA	NA	NA	NA
NC_045512.2	158	A	G	110	32	26	3	3	23	0.023622	127	0.271114	FALSE	NA	NA	NA	NA	NA	NA
NC_045512.2	158	A	C	110	32	26	4	4	25	0.0314961	127	0.155206	FALSE	NA	NA	NA	NA	NA	NA
NC_045512.2	159	G	T	107	32	26	7	7	25	0.0564516	124	0.0256132	FALSE	NA	NA	NA	NA	NA	NA
NC_045512.2	159	G	C	107	32	26	4	4	27	0.0322581	124	0.15442	FALSE	NA	NA	NA	NA	NA	NA
NC_045512.2	159	G	A	107	32	26	6	6	23	0.0483871	124	0.0472453	FALSE	NA	NA	NA	NA	NA	NA
NC_045512.2	160	G	T	87	31	24	9	9	27	0.0857143	105	0.00650841	TRUE	NA	NA	NA	NA	NA	NA
NC_045512.2	160	G	A	87	31	24	9	9	25	0.0857143	105	0.00650841	TRUE	NA	NA	NA	NA	NA	NA
NC_045512.2	161	A	T	105	29	26	6	6	28	0.048	125	0.0438597	FALSE	NA	NA	NA	NA	NA	NA
NC_045512.2	161	A	G	105	29	26	4	4	26	0.032	125	0.147183	FALSE	NA	NA	NA	NA	NA	NA
NC_045512.2	161	A	C	105	29	26	10	10	26	0.08	125	0.00345333	TRUE	NA	NA	NA	NA	NA	NA
NC_045512.2	162	C	T	103	28	26	7	7	28	0.0564516	124	0.0226619	FALSE	NA	NA	NA	NA	NA	NA
NC_045512.2	162	C	G	103	28	26	5	5	28	0.0403226	124	0.0790474	FALSE	NA	NA	NA	NA	NA	NA
NC_045512.2	162	C	A	103	28	26	9	9	25	0.0725806	124	0.00628282	TRUE	NA	NA	NA	NA	NA	NA
NC_045512.2	163	A	T	107	33	26	5	5	27	0.0403226	124	0.0861337	FALSE	NA	NA	NA	NA	NA	NA
NC_045512.2	163	A	G	107	33	26	5	4	27	0.0403226	124	0.0861337	FALSE	NA	NA	NA	NA	NA	NA
NC_045512.2	163	A	C	107	33	26	7	7	27	0.0564516	124	0.0256132	FALSE	NA	NA	NA	NA	NA	NA
NC_045512.2	164	C	T	103	28	26	7	7	27	0.0564516	124	0.0226619	FALSE	NA	NA	NA	NA	NA	NA
NC_045512.2	164	C	G	103	28	26	5	5	26	0.0403226	124	0.0790474	FALSE	NA	NA	NA	NA	NA	NA
NC_045512.2	164	C	A	103	28	26	9	9	25	0.0725806	124	0.00628282	TRUE	NA	NA	NA	NA	NA	NA
NC_045512.2	165	G	T	104	30	26	6	6	25	0.0487805	123	0.0447461	FALSE	NA	NA	NA	NA	NA	NA
NC_045512.2	165	G	C	104	30	26	8	8	27	0.0650407	123	0.0128016	FALSE	NA	NA	NA	NA	NA	NA
NC_045512.2	165	G	A	104	30	26	5	5	27	0.0406504	123	0.0823552	FALSE	NA	NA	NA	NA	NA	NA
NC_045512.2	166	A	T	105	32	26	12	12	27	0.1	120	0.0012053	TRUE	NA	NA	NA	NA	NA	NA
NC_045512.2	166	A	G	105	32	26	1	1	26	0.00833333	120	0.721389	FALSE	NA	NA	NA	NA	NA	NA
NC_045512.2	166	A	C	105	32	26	2	2	27	0.0166667	120	0.460037	FALSE	NA	NA	NA	NA	NA	NA
NC_045512.2	167	G	T	102	32	26	5	5	26	0.0420168	119	0.0851787	FALSE	NA	NA	NA	NA	NA	NA
NC_045512.2	167	G	C	102	32	26	4	4	26	0.0336134	119	0.153021	FALSE	NA	NA	NA	NA	NA	NA
NC_045512.2	167	G	A	102	32	26	8	8	26	0.0672269	119	0.0135511	FALSE	NA	NA	NA	NA	NA	NA
NC_045512.2	168	T	G	101	35	26	4	4	27	0.034188	117	0.155107	FALSE	NA	NA	NA	NA	NA	NA
NC_045512.2	168	T	C	101	35	26	4	3	26	0.034188	117	0.155107	FALSE	NA	NA	NA	NA	NA	NA
NC_045512.2	168	T	A	101	35	26	8	7	25	0.0683761	117	0.0139554	FALSE	NA	NA	NA	NA	NA	NA
NC_045512.2	169	A	T	100	32	25	5	5	26	0.042735	117	0.0847745	FALSE	NA	NA	NA	NA	NA	NA
NC_045512.2	169	A	G	100	32	25	2	2	28	0.017094	117	0.451679	FALSE	NA	NA	NA	NA	NA	NA
NC_045512.2	169	A	C	100	32	25	10	10	28	0.0854701	117	0.00381686	TRUE	NA	NA	NA	NA	NA	NA
NC_045512.2	170	A	T	94	35	24	9	9	27	0.0833333	108	0.00790034	TRUE	NA	NA	NA	NA	NA	NA
NC_045512.2	170	A	G	94	35	24	3	3	25	0.0277778	108	0.27464	FALSE	NA	NA	NA	NA	NA	NA
NC_045512.2	170	A	C	94	35	24	2	2	28	0.0185185	108	0.459197	FALSE	NA	NA	NA	NA	NA	NA
NC_045512.2	171	C	T	99	31	27	3	3	23	0.0258621	116	0.267035	FALSE	NA	NA	NA	NA	NA	NA
NC_045512.2	171	C	G	99	31	27	7	7	26	0.0603448	116	0.0250023	FALSE	NA	NA	NA	NA	NA	NA
NC_045512.2	171	C	A	99	31	27	7	7	25	0.0603448	116	0.0250023	FALSE	NA	NA	NA	NA	NA	NA
NC_045512.2	172	T	G	104	36	27	3	3	28	0.0258621	116	0.284149	FALSE	NA	NA	NA	NA	NA	NA
NC_045512.2	172	T	C	104	36	27	5	5	27	0.0431034	116	0.0942724	FALSE	NA	NA	NA	NA	NA	NA
NC_045512.2	172	T	A	104	36	27	4	4	27	0.0344828	116	0.165674	FALSE	NA	NA	NA	NA	NA	NA
NC_045512.2	173	C	T	101	33	27	6	6	26	0.0517241	116	0.0488085	FALSE	NA	NA	NA	NA	NA	NA
NC_045512.2	173	C	G	101	33	27	4	4	26	0.0344828	116	0.157532	FALSE	NA	NA	NA	NA	NA	NA
NC_045512.2	173	C	A	101	33	27	5	5	25	0.0431034	116	0.0884124	FALSE	NA	NA	NA	NA	NA	NA
NC_045512.2	174	G	T	98	31	27	10	10	26	0.0854701	117	0.003478	TRUE	NA	NA	NA	NA	NA	NA
NC_045512.2	174	G	C	98	31	27	2	2	27	0.017094	117	0.444287	FALSE	NA	NA	NA	NA	NA	NA
NC_045512.2	174	G	A	98	31	27	7	6	26	0.0598291	117	0.0235116	FALSE	NA	NA	NA	NA	NA	NA
NC_045512.2	175	T	G	102	35	27	4	4	26	0.034188	117	0.157791	FALSE	NA	NA	NA	NA	NA	NA
NC_045512.2	175	T	C	102	35	27	4	3	27	0.034188	117	0.157791	FALSE	NA	NA	NA	NA	NA	NA
NC_045512.2	175	T	A	102	35	27	7	7	23	0.0598291	117	0.0267075	FALSE	NA	NA	NA	NA	NA	NA
NC_045512.2	176	C	T	96	28	27	5	5	27	0.042735	117	0.0773034	FALSE	NA	NA	NA	NA	NA	NA
NC_045512.2	176	C	G	96	28	27	5	5	27	0.042735	117	0.0773034	FALSE	NA	NA	NA	NA	NA	NA
NC_045512.2	176	C	A	96	28	27	11	11	26	0.0940171	117	0.00164457	TRUE	NA	NA	NA	NA	NA	NA
NC_045512.2	177	T	G	103	36	26	2	2	28	0.0172414	116	0.465776	FALSE	NA	NA	NA	NA	NA	NA
NC_045512.2	177	T	C	103	36	26	4	4	26	0.0344828	116	0.162957	FALSE	NA	NA	NA	NA	NA	NA
NC_045512.2	177	T	A	103	36	26	7	7	27	0.0603448	116	0.0283287	FALSE	NA	NA	NA	NA	NA	NA
NC_045512.2	178	A	T	99	32	26	7	7	26	0.0603448	116	0.0250023	FALSE	NA	NA	NA	NA	NA	NA
NC_045512.2	178	A	G	99	32	26	4	4	26	0.0344828	116	0.152124	FALSE	NA	NA	NA	NA	NA	NA
NC_045512.2	178	A	C	99	32	26	6	6	28	0.0517241	116	0.0462446	FALSE	NA	NA	NA	NA	NA	NA
NC_045512.2	179	T	G	97	31	27	3	3	28	0.026087	115	0.263133	FALSE	NA	NA	NA	NA	NA	NA
NC_045512.2	179	T	C	97	31	27	7	7	27	0.0608696	115	0.0241171	FALSE	NA	NA	NA	NA	NA	NA
NC_045512.2	179	T	A	97	31	27	8	8	26	0.0695652	115	0.0128694	FALSE	NA	NA	NA	NA	NA	NA
NC_045512.2	180	C	T	96	32	27	3	3	27	0.0265487	113	0.265779	FALSE	NA	NA	NA	NA	NA	NA
NC_045512.2	180	C	G	96	32	27	4	4	26	0.0353982	113	0.151178	FALSE	NA	NA	NA	NA	NA	NA
NC_045512.2	180	C	A	96	32	27	10	10	25	0.0884956	113	0.00375378	TRUE	NA	NA	NA	NA	NA	NA
NC_045512.2	181	T	G	95	33	26	6	6	27	0.0555556	108	0.0506332	FALSE	NA	NA	NA	NA	NA	NA
NC_045512.2	181	T	C	95	33	26	3	3	28	0.0277778	108	0.278317	FALSE	NA	NA	NA	NA	NA	NA
NC_045512.2	181	T	A	95	33	26	4	4	27	0.037037	108	0.161119	FALSE	NA	NA	NA	NA	NA	NA
NC_045512.2	182	T	G	67	33	24	8	8	26	0.0963855	83	0.00220893	TRUE	NA	NA	NA	NA	NA	NA
NC_045512.2	182	T	C	67	33	24	1	1	27	0.0120482	83	0.453333	FALSE	NA	NA	NA	NA	NA	NA
NC_045512.2	182	T	A	67	33	24	7	7	24	0.0843373	83	0.00462404	TRUE	NA	NA	NA	NA	NA	NA
NC_045512.2	183	C	T	91	32	25	5	5	26	0.0462963	108	0.0827762	FALSE	NA	NA	NA	NA	NA	NA
NC_045512.2	183	C	G	91	32	25	5	5	26	0.0462963	108	0.0827762	FALSE	NA	NA	NA	NA	NA	NA
NC_045512.2	183	C	A	91	32	25	7	7	26	0.0648148	108	0.0243089	FALSE	NA	NA	NA	NA	NA	NA
NC_045512.2	184	T	G	88	32	25	2	2	28	0.0190476	105	0.445689	FALSE	NA	NA	NA	NA	NA	NA
NC_045512.2	184	T	C	88	32	25	8	8	27	0.0761905	105	0.0128352	FALSE	NA	NA	NA	NA	NA	NA
NC_045512.2	184	T	A	88	32	25	7	7	26	0.0666667	105	0.0240242	FALSE	NA	NA	NA	NA	NA	NA
NC_045512.2	185	G	T	77	29	27	11	11	26	0.113402	97	0.000211714	TRUE	NA	NA	NA	NA	NA	NA
NC_045512.2	185	G	C	77	29	27	5	5	26	0.0515464	97	0.0193918	FALSE	NA	NA	NA	NA	NA	NA
NC_045512.2	185	G	A	77	29	27	4	4	27	0.0412371	97	0.0420943	FALSE	NA	NA	NA	NA	NA	NA
NC_045512.2	186	C	T	74	28	26	9	9	26	0.0947368	95	0.000860151	TRUE	NA	NA	NA	NA	NA	NA
NC_045512.2	186	C	G	74	28	26	6	6	27	0.0631579	95	0.00850593	TRUE	NA	NA	NA	NA	NA	NA
NC_045512.2	186	C	A	74	28	26	6	6	24	0.0631579	95	0.00850593	TRUE	NA	NA	NA	NA	NA	NA
NC_045512.2	187	A	T	78	34	25	2	2	27	0.0215054	93	0.214878	FALSE	NA	NA	NA	NA	NA	NA
NC_045512.2	187	A	G	78	34	25	8	8	27	0.0860215	93	0.00249016	TRUE	NA	NA	NA	NA	NA	NA
NC_045512.2	187	A	C	78	34	25	5	5	26	0.0537634	93	0.0224872	FALSE	NA	NA	NA	NA	NA	NA
NC_045512.2	188	G	T	70	26	24	10	10	24	0.11236	89	0.000438344	TRUE	NA	NA	NA	NA	NA	NA
NC_045512.2	188	G	C	70	26	24	4	4	27	0.0449438	89	0.0416186	FALSE	NA	NA	NA	NA	NA	NA
NC_045512.2	188	G	A	70	26	24	5	5	28	0.0561798	89	0.0191497	FALSE	NA	NA	NA	NA	NA	NA
NC_045512.2	189	G	T	57	32	23	10	10	26	0.135135	74	0.000432303	TRUE	NA	NA	NA	NA	NA	NA
NC_045512.2	189	G	C	57	32	23	3	3	26	0.0405405	74	0.0892759	FALSE	NA	NA	NA	NA	NA	NA
NC_045512.2	189	G	A	57	32	23	4	4	28	0.0540541	74	0.0406405	FALSE	NA	NA	NA	NA	NA	NA
NC_045512.2	189	G	-C	57	32	23	3	0	20	0.0405405	74	0.0892759	FALSE	NA	NA	NA	NA	NA	NA
NC_045512.2	190	C	T	73	29	25	5	5	26	0.0555556	90	0.0189331	FALSE	NA	NA	NA	NA	NA	NA
NC_045512.2	190	C	G	73	29	25	5	5	27	0.0555556	90	0.0189331	FALSE	NA	NA	NA	NA	NA	NA
NC_045512.2	190	C	A	73	29	25	7	7	26	0.0777778	90	0.00406832	TRUE	NA	NA	NA	NA	NA	NA
NC_045512.2	191	T	G	73	29	26	4	4	27	0.0430108	93	0.0412645	FALSE	NA	NA	NA	NA	NA	NA
NC_045512.2	191	T	C	73	29	26	6	6	26	0.0645161	93	0.00874689	TRUE	NA	NA	NA	NA	NA	NA
NC_045512.2	191	T	A	73	29	26	10	10	26	0.107527	93	0.000425754	TRUE	NA	NA	NA	NA	NA	NA
NC_045512.2	192	G	T	75	31	27	7	7	27	0.0752688	93	0.00448384	TRUE	NA	NA	NA	NA	NA	NA
NC_045512.2	192	G	C	75	31	27	7	7	27	0.0752688	93	0.00448384	TRUE	NA	NA	NA	NA	NA	NA
NC_045512.2	192	G	A	75	31	27	4	4	27	0.0430108	93	0.0436903	FALSE	NA	NA	NA	NA	NA	NA
NC_045512.2	193	C	T	74	30	27	8	8	26	0.0860215	93	0.0020137	TRUE	NA	NA	NA	NA	NA	NA
NC_045512.2	193	C	G	74	30	27	8	8	27	0.0860215	93	0.0020137	TRUE	NA	NA	NA	NA	NA	NA
NC_045512.2	193	C	A	74	30	27	3	3	26	0.0322581	93	0.0925663	FALSE	NA	NA	NA	NA	NA	NA
NC_045512.2	194	T	G	75	31	26	1	1	24	0.0108696	92	0.45509	FALSE	NA	NA	NA	NA	NA	NA
NC_045512.2	194	T	C	75	31	26	8	8	27	0.0869565	92	0.0022285	TRUE	NA	NA	NA	NA	NA	NA
NC_045512.2	194	T	A	75	31	26	8	8	28	0.0869565	92	0.0022285	TRUE	NA	NA	NA	NA	NA	NA
NC_045512.2	195	T	G	59	26	24	7	7	26	0.0853659	82	0.00305919	TRUE	NA	NA	NA	NA	NA	NA
NC_045512.2	195	T	C	59	26	24	11	11	27	0.134146	82	0.000134779	TRUE	NA	NA	NA	NA	NA	NA
NC_045512.2	195	T	A	59	26	24	5	5	26	0.0609756	82	0.0153045	FALSE	NA	NA	NA	NA	NA	NA
NC_045512.2	196	A	T	74	31	25	4	4	26	0.0434783	92	0.043495	FALSE	NA	NA	NA	NA	NA	NA
NC_045512.2	196	A	G	74	31	25	8	8	26	0.0869565	92	0.00211075	TRUE	NA	NA	NA	NA	NA	NA
NC_045512.2	196	A	C	74	31	25	6	6	25	0.0652174	92	0.00945609	TRUE	NA	NA	NA	NA	NA	NA
NC_045512.2	197	C	T	77	34	25	6	6	26	0.0652174	92	0.010684	FALSE	NA	NA	NA	NA	NA	NA
NC_045512.2	197	C	G	77	34	25	7	7	25	0.076087	92	0.00512831	TRUE	NA	NA	NA	NA	NA	NA
NC_045512.2	197	C	A	77	34	25	2	2	25	0.0217391	92	0.21448	FALSE	NA	NA	NA	NA	NA	NA
NC_045512.2	198	G	T	70	27	25	6	6	25	0.0697674	86	0.00993107	TRUE	NA	NA	NA	NA	NA	NA
NC_045512.2	198	G	C	70	27	25	6	6	24	0.0697674	86	0.00993107	TRUE	NA	NA	NA	NA	NA	NA
NC_045512.2	198	G	A	70	27	25	4	4	26	0.0465116	86	0.0448815	FALSE	NA	NA	NA	NA	NA	NA
NC_045512.2	199	G	T	44	31	25	7	7	27	0.111111	63	0.00299778	TRUE	NA	NA	NA	NA	NA	NA
NC_045512.2	199	G	C	44	31	25	1	1	28	0.015873	63	0.420561	FALSE	NA	NA	NA	NA	NA	NA
NC_045512.2	199	G	A	44	31	25	11	10	25	0.174603	63	0.000137908	TRUE	NA	NA	NA	NA	NA	NA
NC_045512.2	200	T	G	43	21	24	7	7	26	0.109375	64	0.00258632	TRUE	NA	NA	NA	NA	NA	NA
NC_045512.2	200	T	C	43	21	24	6	6	26	0.09375	64	0.00584508	TRUE	NA	NA	NA	NA	NA	NA
NC_045512.2	200	T	A	43	21	24	8	8	26	0.125	64	0.00115704	TRUE	NA	NA	NA	NA	NA	NA
NC_045512.2	201	T	G	56	34	26	2	2	25	0.0285714	70	0.206599	FALSE	NA	NA	NA	NA	NA	NA
NC_045512.2	201	T	C	56	34	26	4	4	27	0.0571429	70	0.0442927	FALSE	NA	NA	NA	NA	NA	NA
NC_045512.2	201	T	A	56	34	26	8	8	27	0.114286	70	0.00225909	TRUE	NA	NA	NA	NA	NA	NA
NC_045512.2	202	T	C	36	29	25	10	10	27	0.181818	55	0.000235487	TRUE	NA	NA	NA	NA	NA	NA
NC_045512.2	202	T	A	36	29	25	9	9	25	0.163636	55	0.000511928	TRUE	NA	NA	NA	NA	NA	NA
NC_045512.2	203	C	T	46	26	26	9	9	25	0.132353	68	0.000521326	TRUE	NA	NA	NA	NA	NA	NA
NC_045512.2	203	C	G	46	26	26	5	5	24	0.0735294	68	0.013426	FALSE	NA	NA	NA	NA	NA	NA
NC_045512.2	203	C	A	46	26	26	8	8	27	0.117647	68	0.00115639	TRUE	NA	NA	NA	NA	NA	NA
NC_045512.2	204	G	T	49	29	27	5	5	27	0.0746269	67	0.0165943	FALSE	NA	NA	NA	NA	NA	NA
NC_045512.2	204	G	C	49	29	27	9	9	25	0.134328	67	0.000750483	TRUE	NA	NA	NA	NA	NA	NA
NC_045512.2	204	G	A	49	29	27	4	4	26	0.0597015	67	0.0368762	FALSE	NA	NA	NA	NA	NA	NA
NC_045512.2	205	T	G	52	32	27	6	6	26	0.0882353	68	0.00862899	TRUE	NA	NA	NA	NA	NA	NA
NC_045512.2	205	T	C	52	32	27	4	4	28	0.0588235	68	0.0404565	FALSE	NA	NA	NA	NA	NA	NA
NC_045512.2	205	T	A	52	32	27	6	6	27	0.0882353	68	0.00862899	TRUE	NA	NA	NA	NA	NA	NA
NC_045512.2	206	C	T	50	30	25	9	9	26	0.132353	68	0.000763108	TRUE	NA	NA	NA	NA	NA	NA
NC_045512.2	206	C	G	50	30	25	3	3	26	0.0441176	68	0.083414	FALSE	NA	NA	NA	NA	NA	NA
NC_045512.2	206	C	A	50	30	25	6	6	26	0.0882353	68	0.0076407	TRUE	NA	NA	NA	NA	NA	NA
NC_045512.2	207	C	T	48	30	26	5	5	25	0.0757576	66	0.0164016	FALSE	NA	NA	NA	NA	NA	NA
NC_045512.2	207	C	G	48	30	26	6	6	28	0.0909091	66	0.00744275	TRUE	NA	NA	NA	NA	NA	NA
NC_045512.2	207	C	A	48	30	26	7	7	25	0.106061	66	0.00341126	TRUE	NA	NA	NA	NA	NA	NA
NC_045512.2	208	G	T	46	26	27	8	8	26	0.117647	68	0.00115639	TRUE	NA	NA	NA	NA	NA	NA
NC_045512.2	208	G	C	46	26	27	5	5	25	0.0735294	68	0.013426	FALSE	NA	NA	NA	NA	NA	NA
NC_045512.2	208	G	A	46	26	27	9	9	25	0.132353	68	0.000521326	TRUE	NA	NA	NA	NA	NA	NA
NC_045512.2	209	T	G	45	27	27	4	4	25	0.0615385	65	0.0329064	FALSE	NA	NA	NA	NA	NA	NA
NC_045512.2	209	T	C	45	27	27	7	6	26	0.107692	65	0.00286922	TRUE	NA	NA	NA	NA	NA	NA
NC_045512.2	209	T	A	45	27	27	9	9	25	0.138462	65	0.000594792	TRUE	NA	NA	NA	NA	NA	NA
NC_045512.2	210	G	T	49	30	26	9	9	26	0.134328	67	0.000750483	TRUE	NA	NA	NA	NA	NA	NA
NC_045512.2	210	G	C	49	30	26	1	1	26	0.0149254	67	0.431034	FALSE	NA	NA	NA	NA	NA	NA
NC_045512.2	210	G	A	49	30	26	8	8	25	0.119403	67	0.00160448	TRUE	NA	NA	NA	NA	NA	NA
NC_045512.2	211	T	G	47	28	25	4	4	24	0.0606061	66	0.034901	FALSE	NA	NA	NA	NA	NA	NA
NC_045512.2	211	T	C	47	28	25	8	8	25	0.121212	66	0.00144903	TRUE	NA	NA	NA	NA	NA	NA
NC_045512.2	211	T	A	47	28	25	7	7	24	0.106061	66	0.00316152	TRUE	NA	NA	NA	NA	NA	NA
NC_045512.2	212	T	G	53	34	25	4	4	25	0.0615385	65	0.0464969	FALSE	NA	NA	NA	NA	NA	NA
NC_045512.2	212	T	C	53	34	25	3	3	23	0.0461538	65	0.0987039	FALSE	NA	NA	NA	NA	NA	NA
NC_045512.2	212	T	A	53	34	25	5	5	25	0.0769231	65	0.0221051	FALSE	NA	NA	NA	NA	NA	NA
NC_045512.2	213	G	T	47	28	26	8	8	24	0.121212	66	0.00144903	TRUE	NA	NA	NA	NA	NA	NA
NC_045512.2	213	G	C	47	28	26	6	6	26	0.0909091	66	0.00696706	TRUE	NA	NA	NA	NA	NA	NA
NC_045512.2	213	G	A	47	28	26	5	5	24	0.0757576	66	0.0155116	FALSE	NA	NA	NA	NA	NA	NA
NC_045512.2	214	C	T	51	32	26	7	7	24	0.106061	66	0.00423331	TRUE	NA	NA	NA	NA	NA	NA
NC_045512.2	214	C	G	51	32	26	4	4	25	0.0606061	66	0.0415183	FALSE	NA	NA	NA	NA	NA	NA
NC_045512.2	214	C	A	51	32	26	4	4	25	0.0606061	66	0.0415183	FALSE	NA	NA	NA	NA	NA	NA
NC_045512.2	215	A	T	48	29	26	12	12	24	0.184615	65	8.78737e-05	TRUE	NA	NA	NA	NA	NA	NA
NC_045512.2	215	A	C	48	29	26	5	5	25	0.0769231	65	0.0171274	FALSE	NA	NA	NA	NA	NA	NA
NC_045512.2	216	G	T	46	27	26	6	6	25	0.0967742	62	0.0080578	TRUE	NA	NA	NA	NA	NA	NA
NC_045512.2	216	G	C	46	27	26	6	6	25	0.0967742	62	0.0080578	TRUE	NA	NA	NA	NA	NA	NA
NC_045512.2	216	G	A	46	27	26	4	4	24	0.0645161	62	0.0384538	FALSE	NA	NA	NA	NA	NA	NA
NC_045512.2	217	C	T	44	25	24	10	10	24	0.169492	59	0.000422849	TRUE	NA	NA	NA	NA	NA	NA
NC_045512.2	217	C	G	44	25	24	1	1	28	0.0169492	59	0.436893	FALSE	NA	NA	NA	NA	NA	NA
NC_045512.2	217	C	A	44	25	24	4	4	25	0.0677966	59	0.0391691	FALSE	NA	NA	NA	NA	NA	NA
NC_045512.2	218	C	T	44	28	25	1	1	23	0.0212766	47	0.494505	FALSE	NA	NA	NA	NA	NA	NA
NC_045512.2	218	C	A	44	28	25	2	2	24	0.0425532	47	0.247253	FALSE	NA	NA	NA	NA	NA	NA
NC_045512.2	219	G	T	44	25	26	1	1	23	0.0222222	45	0.505618	FALSE	NA	NA	NA	NA	NA	NA
NC_045512.2	220	A	T	43	25	27	1	1	30	0.0227273	44	0.505747	FALSE	NA	NA	NA	NA	NA	NA
NC_045512.2	221	T	C	43	25	27	1	1	27	0.0227273	44	0.505747	FALSE	NA	NA	NA	NA	NA	NA
NC_045512.2	241	C	T	0	0	0	1	1	26	1	1	1	FALSE	NA	NA	NA	NA	NA	NA
NC_045512.2	276	T	C	7	3	25	1	0	28	0.125	8	0.533333	FALSE	NA	NA	NA	NA	NA	NA
NC_045512.2	287	T	C	6	2	29	1	0	27	0.142857	7	0.538462	FALSE	NA	NA	NA	NA	NA	NA
NC_045512.2	317	T	C	131	25	27	1	1	27	0.00757576	132	0.752852	FALSE	NA	NA	NA	NA	NA	NA
NC_045512.2	318	T	A	106	25	22	1	1	28	0.00934579	107	0.753521	FALSE	NA	NA	NA	NA	NA	NA
NC_045512.2	319	G	C	132	26	26	1	1	28	0.0075188	133	0.75283	FALSE	NA	NA	NA	NA	NA	NA
NC_045512.2	320	C	T	130	24	26	1	1	22	0.00757576	132	0.750958	FALSE	NA	NA	NA	NA	NA	NA
NC_045512.2	320	C	A	130	24	26	1	1	27	0.00757576	132	0.750958	FALSE	NA	NA	NA	NA	NA	NA
NC_045512.2	321	C	T	121	25	23	1	1	27	0.00813008	123	0.751029	FALSE	NA	NA	NA	NA	NA	NA
NC_045512.2	321	C	G	121	25	23	1	1	23	0.00813008	123	0.751029	FALSE	NA	NA	NA	NA	NA	NA
NC_045512.2	323	G	T	132	26	26	1	1	23	0.0075188	133	0.75283	FALSE	NA	NA	NA	NA	NA	NA
NC_045512.2	324	T	C	117	11	26	1	1	24	0.00847458	118	0.753191	FALSE	NA	NA	NA	NA	NA	NA
NC_045512.2	325	T	G	130	25	27	1	1	23	0.0075188	133	0.749049	FALSE	NA	NA	NA	NA	NA	NA
NC_045512.2	325	T	C	130	25	27	2	1	27	0.0150376	133	0.5	FALSE	NA	NA	NA	NA	NA	NA
NC_045512.2	326	T	C	132	26	27	1	1	21	0.0075188	133	0.75283	FALSE	NA	NA	NA	NA	NA	NA
NC_045512.2	327	T	G	65	25	23	1	1	26	0.0147059	68	0.496241	FALSE	NA	NA	NA	NA	NA	NA
NC_045512.2	327	T	C	65	25	23	2	2	26	0.0294118	68	0.24812	FALSE	NA	NA	NA	NA	NA	NA
NC_045512.2	328	A	T	132	26	26	2	2	24	0.0149254	134	0.50282	FALSE	NA	NA	NA	NA	NA	NA
NC_045512.2	329	C	T	130	25	26	1	1	32	0.0075188	133	0.498099	FALSE	NA	NA	NA	NA	NA	NA
NC_045512.2	329	C	G	130	25	26	2	2	27	0.0150376	133	0.5	FALSE	NA	NA	NA	NA	NA	NA
NC_045512.2	330	A	T	131	25	27	1	1	31	0.00757576	132	0.501901	FALSE	NA	NA	NA	NA	NA	NA
NC_045512.2	331	G	T	125	19	26	3	3	26	0.0234375	128	0.313973	FALSE	NA	NA	NA	NA	NA	NA
NC_045512.2	332	G	T	124	25	23	2	2	26	0.015748	127	0.5	FALSE	NA	NA	NA	NA	NA	NA
NC_045512.2	332	G	A	124	25	23	1	1	28	0.00787402	127	0.749004	FALSE	NA	NA	NA	NA	NA	NA
NC_045512.2	333	T	G	124	18	26	1	1	23	0.00793651	126	0.751004	FALSE	NA	NA	NA	NA	NA	NA
NC_045512.2	333	T	C	124	18	26	1	1	28	0.00793651	126	0.751004	FALSE	NA	NA	NA	NA	NA	NA
NC_045512.2	334	T	A	125	25	24	2	2	26	0.015748	127	0.502976	FALSE	NA	NA	NA	NA	NA	NA
NC_045512.2	335	C	T	124	26	27	5	1	22	0.0384615	130	0.106628	FALSE	NA	NA	NA	NA	NA	NA
NC_045512.2	335	C	G	124	26	27	1	1	23	0.00769231	130	0.743052	FALSE	NA	NA	NA	NA	NA	NA
NC_045512.2	336	G	T	132	26	26	1	1	23	0.00740741	135	0.749064	FALSE	NA	NA	NA	NA	NA	NA
NC_045512.2	336	G	C	132	26	26	1	1	27	0.00740741	135	0.749064	FALSE	NA	NA	NA	NA	NA	NA
NC_045512.2	336	G	A	132	26	26	1	1	27	0.00740741	135	0.749064	FALSE	NA	NA	NA	NA	NA	NA
NC_045512.2	337	C	T	131	25	27	1	1	22	0.00740741	135	0.74717	FALSE	NA	NA	NA	NA	NA	NA
NC_045512.2	337	C	G	131	25	27	2	2	23	0.0148148	135	0.49718	FALSE	NA	NA	NA	NA	NA	NA
NC_045512.2	337	C	A	131	25	27	1	1	27	0.00740741	135	0.74717	FALSE	NA	NA	NA	NA	NA	NA
NC_045512.2	338	G	T	133	27	26	1	1	29	0.00746269	134	0.752809	FALSE	NA	NA	NA	NA	NA	NA
NC_045512.2	339	A	T	128	25	26	2	2	24	0.0152672	131	0.5	FALSE	NA	NA	NA	NA	NA	NA
NC_045512.2	339	A	C	128	25	26	1	1	27	0.00763359	131	0.749035	FALSE	NA	NA	NA	NA	NA	NA
NC_045512.2	340	C	T	127	25	25	3	3	26	0.0229008	131	0.311044	FALSE	NA	NA	NA	NA	NA	NA
NC_045512.2	340	C	G	127	25	25	1	1	27	0.00763359	131	0.747082	FALSE	NA	NA	NA	NA	NA	NA
NC_045512.2	341	G	T	128	25	25	2	2	25	0.0151515	132	0.497115	FALSE	NA	NA	NA	NA	NA	NA
NC_045512.2	341	G	C	128	25	25	2	2	27	0.0151515	132	0.497115	FALSE	NA	NA	NA	NA	NA	NA
NC_045512.2	342	T	G	128	25	25	3	3	25	0.0223881	134	0.305384	FALSE	NA	NA	NA	NA	NA	NA
NC_045512.2	342	T	C	128	25	25	2	1	25	0.0149254	134	0.491412	FALSE	NA	NA	NA	NA	NA	NA
NC_045512.2	342	T	A	128	25	25	1	1	27	0.00746269	134	0.743266	FALSE	NA	NA	NA	NA	NA	NA
NC_045512.2	343	G	C	131	25	26	3	3	25	0.0220588	136	0.3083	FALSE	NA	NA	NA	NA	NA	NA
NC_045512.2	343	G	A	131	25	26	2	2	28	0.0147059	136	0.494382	FALSE	NA	NA	NA	NA	NA	NA
NC_045512.2	344	C	G	133	27	27	2	2	27	0.0147059	136	0.5	FALSE	NA	NA	NA	NA	NA	NA
NC_045512.2	344	C	A	133	27	27	1	1	26	0.00735294	136	0.749071	FALSE	NA	NA	NA	NA	NA	NA
NC_045512.2	345	T	G	133	27	27	2	2	24	0.0147059	136	0.5	FALSE	NA	NA	NA	NA	NA	NA
NC_045512.2	345	T	A	133	27	27	1	1	27	0.00735294	136	0.749071	FALSE	NA	NA	NA	NA	NA	NA
NC_045512.2	346	C	T	132	26	27	2	2	26	0.0145985	137	0.494424	FALSE	NA	NA	NA	NA	NA	NA
NC_045512.2	346	C	G	132	26	27	2	2	26	0.0145985	137	0.494424	FALSE	NA	NA	NA	NA	NA	NA
NC_045512.2	346	C	A	132	26	27	1	1	27	0.00729927	137	0.745325	FALSE	NA	NA	NA	NA	NA	NA
NC_045512.2	347	G	T	134	28	27	2	2	23	0.0147059	136	0.502778	FALSE	NA	NA	NA	NA	NA	NA
NC_045512.2	348	T	G	133	27	27	1	1	27	0.00724638	138	0.74536	FALSE	NA	NA	NA	NA	NA	NA
NC_045512.2	348	T	C	133	27	27	4	4	27	0.0289855	138	0.185198	FALSE	NA	NA	NA	NA	NA	NA
NC_045512.2	349	A	T	136	27	27	3	3	23	0.020979	143	0.303161	FALSE	NA	NA	NA	NA	NA	NA
NC_045512.2	349	A	G	136	27	27	1	1	28	0.00699301	143	0.741858	FALSE	NA	NA	NA	NA	NA	NA
NC_045512.2	349	A	C	136	27	27	3	3	28	0.020979	143	0.303161	FALSE	NA	NA	NA	NA	NA	NA
NC_045512.2	350	C	T	138	29	27	2	2	25	0.0137931	145	0.4894	FALSE	NA	NA	NA	NA	NA	NA
NC_045512.2	350	C	G	138	29	27	3	3	27	0.0206897	145	0.303292	FALSE	NA	NA	NA	NA	NA	NA
NC_045512.2	350	C	A	138	29	27	2	2	27	0.0137931	145	0.4894	FALSE	NA	NA	NA	NA	NA	NA
NC_045512.2	351	G	T	139	30	27	4	4	25	0.0273973	146	0.181001	FALSE	NA	NA	NA	NA	NA	NA
NC_045512.2	351	G	C	139	30	27	1	1	25	0.00684932	146	0.742031	FALSE	NA	NA	NA	NA	NA	NA
NC_045512.2	351	G	A	139	30	27	2	2	23	0.0136986	146	0.489474	FALSE	NA	NA	NA	NA	NA	NA
NC_045512.2	352	T	G	137	29	27	5	4	27	0.0342466	146	0.10212	FALSE	NA	NA	NA	NA	NA	NA
NC_045512.2	352	T	C	137	29	27	3	3	23	0.0205479	146	0.298087	FALSE	NA	NA	NA	NA	NA	NA
NC_045512.2	352	T	A	137	29	27	1	1	31	0.00684932	146	0.487633	FALSE	NA	NA	NA	NA	NA	NA
NC_045512.2	353	G	T	134	25	27	6	6	26	0.0410959	146	0.0547353	FALSE	NA	NA	NA	NA	NA	NA
NC_045512.2	353	G	C	134	25	27	2	2	27	0.0136986	146	0.475901	FALSE	NA	NA	NA	NA	NA	NA
NC_045512.2	353	G	A	134	25	27	4	4	25	0.0273973	146	0.170201	FALSE	NA	NA	NA	NA	NA	NA
NC_045512.2	354	G	T	134	28	24	6	6	28	0.0413793	145	0.0557717	FALSE	NA	NA	NA	NA	NA	NA
NC_045512.2	354	G	C	134	28	24	5	5	26	0.0344828	145	0.098871	FALSE	NA	NA	NA	NA	NA	NA
NC_045512.2	355	C	T	138	29	27	2	2	30	0.0134228	149	0.235434	FALSE	NA	NA	NA	NA	NA	NA
NC_045512.2	355	C	G	138	29	27	7	7	26	0.0469799	149	0.0311795	FALSE	NA	NA	NA	NA	NA	NA
NC_045512.2	355	C	A	138	29	27	2	2	26	0.0134228	149	0.479099	FALSE	NA	NA	NA	NA	NA	NA
NC_045512.2	356	T	G	132	24	26	4	3	25	0.0275862	145	0.167909	FALSE	NA	NA	NA	NA	NA	NA
NC_045512.2	356	T	C	132	24	26	7	7	25	0.0482759	145	0.0296532	FALSE	NA	NA	NA	NA	NA	NA
NC_045512.2	356	T	A	132	24	26	2	2	25	0.0137931	145	0.472935	FALSE	NA	NA	NA	NA	NA	NA
NC_045512.2	357	T	G	137	29	28	4	4	24	0.0268456	149	0.170552	FALSE	NA	NA	NA	NA	NA	NA
NC_045512.2	357	T	C	137	29	28	5	5	26	0.033557	149	0.097605	FALSE	NA	NA	NA	NA	NA	NA
NC_045512.2	357	T	A	137	29	28	3	3	28	0.0201342	149	0.290579	FALSE	NA	NA	NA	NA	NA	NA
NC_045512.2	358	T	G	124	30	23	4	4	26	0.0291971	137	0.166754	FALSE	NA	NA	NA	NA	NA	NA
NC_045512.2	358	T	C	124	30	23	4	4	28	0.0291971	137	0.166754	FALSE	NA	NA	NA	NA	NA	NA
NC_045512.2	358	T	A	124	30	23	5	5	27	0.0364964	137	0.0949054	FALSE	NA	NA	NA	NA	NA	NA
NC_045512.2	359	G	T	139	31	26	6	6	25	0.0402685	149	0.0570199	FALSE	NA	NA	NA	NA	NA	NA
NC_045512.2	359	G	C	139	31	26	2	2	25	0.0134228	149	0.481774	FALSE	NA	NA	NA	NA	NA	NA
NC_045512.2	359	G	A	139	31	26	2	2	25	0.0134228	149	0.481774	FALSE	NA	NA	NA	NA	NA	NA
NC_045512.2	360	G	T	138	31	24	5	5	25	0.0342466	146	0.103719	FALSE	NA	NA	NA	NA	NA	NA
NC_045512.2	360	G	C	138	31	24	2	2	26	0.0136986	146	0.486797	FALSE	NA	NA	NA	NA	NA	NA
NC_045512.2	360	G	A	138	31	24	1	1	24	0.00684932	146	0.740208	FALSE	NA	NA	NA	NA	NA	NA
NC_045512.2	361	A	T	133	25	27	11	11	26	0.0723684	152	0.0020962	TRUE	NA	NA	NA	NA	NA	NA
NC_045512.2	361	A	G	133	25	27	5	5	28	0.0328947	152	0.0873959	FALSE	NA	NA	NA	NA	NA	NA
NC_045512.2	361	A	C	133	25	27	3	3	26	0.0197368	152	0.272919	FALSE	NA	NA	NA	NA	NA	NA
NC_045512.2	362	G	T	134	27	28	12	12	26	0.08	150	0.00124602	TRUE	NA	NA	NA	NA	NA	NA
NC_045512.2	362	G	C	134	27	28	2	2	24	0.0133333	150	0.465692	FALSE	NA	NA	NA	NA	NA	NA
NC_045512.2	362	G	A	134	27	28	2	2	27	0.0133333	150	0.465692	FALSE	NA	NA	NA	NA	NA	NA
NC_045512.2	363	A	T	136	30	27	6	6	26	0.0402685	149	0.0538367	FALSE	NA	NA	NA	NA	NA	NA
NC_045512.2	363	A	G	136	30	27	4	4	26	0.0268456	149	0.168439	FALSE	NA	NA	NA	NA	NA	NA
NC_045512.2	363	A	C	136	30	27	3	3	25	0.0201342	149	0.287962	FALSE	NA	NA	NA	NA	NA	NA
NC_045512.2	364	C	T	140	33	27	3	3	28	0.0198675	151	0.29345	FALSE	NA	NA	NA	NA	NA	NA
NC_045512.2	364	C	G	140	33	27	5	5	26	0.0331126	151	0.0992879	FALSE	NA	NA	NA	NA	NA	NA
NC_045512.2	364	C	A	140	33	27	3	3	26	0.0198675	151	0.29345	FALSE	NA	NA	NA	NA	NA	NA
NC_045512.2	365	T	G	135	29	27	5	5	26	0.0333333	150	0.0931098	FALSE	NA	NA	NA	NA	NA	NA
NC_045512.2	365	T	C	135	29	27	5	4	27	0.0333333	150	0.0931098	FALSE	NA	NA	NA	NA	NA	NA
NC_045512.2	365	T	A	135	29	27	5	5	26	0.0333333	150	0.0931098	FALSE	NA	NA	NA	NA	NA	NA
NC_045512.2	366	C	T	134	27	27	7	7	27	0.0466667	150	0.0278286	FALSE	NA	NA	NA	NA	NA	NA
NC_045512.2	366	C	G	134	27	27	6	6	25	0.04	150	0.0508047	FALSE	NA	NA	NA	NA	NA	NA
NC_045512.2	366	C	A	134	27	27	3	3	27	0.02	150	0.280285	FALSE	NA	NA	NA	NA	NA	NA
NC_045512.2	367	C	T	128	27	24	5	5	25	0.0344828	145	0.0894413	FALSE	NA	NA	NA	NA	NA	NA
NC_045512.2	367	C	G	128	27	24	9	9	25	0.062069	145	0.00780831	TRUE	NA	NA	NA	NA	NA	NA
NC_045512.2	367	C	A	128	27	24	3	3	27	0.0206897	145	0.276415	FALSE	NA	NA	NA	NA	NA	NA
NC_045512.2	368	G	T	139	34	27	7	7	25	0.0466667	150	0.0312055	FALSE	NA	NA	NA	NA	NA	NA
NC_045512.2	368	G	C	139	34	27	1	1	25	0.00666667	150	0.735054	FALSE	NA	NA	NA	NA	NA	NA
NC_045512.2	368	G	A	139	34	27	3	1	28	0.02	150	0.29332	FALSE	NA	NA	NA	NA	NA	NA
NC_045512.2	369	T	G	139	32	27	3	3	27	0.02	150	0.29332	FALSE	NA	NA	NA	NA	NA	NA
NC_045512.2	369	T	C	139	32	27	5	5	25	0.0333333	150	0.0992208	FALSE	NA	NA	NA	NA	NA	NA
NC_045512.2	369	T	A	139	32	27	3	3	27	0.02	150	0.29332	FALSE	NA	NA	NA	NA	NA	NA
NC_045512.2	370	G	T	135	28	27	6	6	26	0.0397351	151	0.0508797	FALSE	NA	NA	NA	NA	NA	NA
NC_045512.2	370	G	C	135	28	27	7	7	26	0.0463576	151	0.0278749	FALSE	NA	NA	NA	NA	NA	NA
NC_045512.2	370	G	A	135	28	27	3	3	27	0.0198675	151	0.280505	FALSE	NA	NA	NA	NA	NA	NA
NC_045512.2	371	G	T	127	29	24	7	7	27	0.0486111	144	0.0268629	FALSE	NA	NA	NA	NA	NA	NA
NC_045512.2	371	G	C	127	29	24	4	4	26	0.0277778	144	0.159042	FALSE	NA	NA	NA	NA	NA	NA
NC_045512.2	371	G	A	127	29	24	6	6	26	0.0416667	144	0.0492824	FALSE	NA	NA	NA	NA	NA	NA
NC_045512.2	372	A	T	138	31	26	1	1	23	0.00653595	153	0.728025	FALSE	NA	NA	NA	NA	NA	NA
NC_045512.2	372	A	G	138	31	26	8	8	25	0.0522876	153	0.0155926	FALSE	NA	NA	NA	NA	NA	NA
NC_045512.2	372	A	C	138	31	26	6	6	27	0.0392157	153	0.0520296	FALSE	NA	NA	NA	NA	NA	NA
NC_045512.2	373	G	T	138	31	26	1	1	25	0.00671141	149	0.734948	FALSE	NA	NA	NA	NA	NA	NA
NC_045512.2	373	G	C	138	31	26	9	9	26	0.0604027	149	0.00944314	TRUE	NA	NA	NA	NA	NA	NA
NC_045512.2	373	G	A	138	31	26	1	1	26	0.00671141	149	0.734948	FALSE	NA	NA	NA	NA	NA	NA
NC_045512.2	374	G	T	135	33	24	5	5	26	0.0340136	147	0.0974454	FALSE	NA	NA	NA	NA	NA	NA
NC_045512.2	374	G	C	135	33	24	3	3	25	0.0204082	147	0.290273	FALSE	NA	NA	NA	NA	NA	NA
NC_045512.2	374	G	A	135	33	24	4	4	27	0.0272109	147	0.17032	FALSE	NA	NA	NA	NA	NA	NA
NC_045512.2	375	A	T	135	28	27	6	6	24	0.0394737	152	0.0499534	FALSE	NA	NA	NA	NA	NA	NA
NC_045512.2	375	A	G	135	28	27	6	6	24	0.0394737	152	0.0499534	FALSE	NA	NA	NA	NA	NA	NA
NC_045512.2	375	A	C	135	28	27	5	5	27	0.0328947	152	0.0903447	FALSE	NA	NA	NA	NA	NA	NA
NC_045512.2	376	G	T	142	35	27	4	4	24	0.0261438	153	0.173058	FALSE	NA	NA	NA	NA	NA	NA
NC_045512.2	376	G	C	142	35	27	5	5	27	0.0326797	153	0.0994197	FALSE	NA	NA	NA	NA	NA	NA
NC_045512.2	376	G	A	142	35	27	2	2	26	0.0130719	153	0.479666	FALSE	NA	NA	NA	NA	NA	NA
NC_045512.2	377	G	T	138	33	25	8	8	26	0.0529801	151	0.0163825	FALSE	NA	NA	NA	NA	NA	NA
NC_045512.2	377	G	C	138	33	25	4	4	24	0.0264901	151	0.168694	FALSE	NA	NA	NA	NA	NA	NA
NC_045512.2	377	G	A	138	33	25	1	1	28	0.00662252	151	0.731473	FALSE	NA	NA	NA	NA	NA	NA
NC_045512.2	378	T	G	137	31	28	6	6	27	0.0392157	153	0.051027	FALSE	NA	NA	NA	NA	NA	NA
NC_045512.2	378	T	C	137	31	28	8	7	26	0.0522876	153	0.0151871	FALSE	NA	NA	NA	NA	NA	NA
NC_045512.2	378	T	A	137	31	28	2	2	28	0.0130719	153	0.466401	FALSE	NA	NA	NA	NA	NA	NA
NC_045512.2	379	C	T	139	32	28	5	5	27	0.0328947	152	0.0963251	FALSE	NA	NA	NA	NA	NA	NA
NC_045512.2	379	C	G	139	32	28	7	7	26	0.0460526	152	0.0298995	FALSE	NA	NA	NA	NA	NA	NA
NC_045512.2	379	C	A	139	32	28	1	1	26	0.00657895	152	0.731603	FALSE	NA	NA	NA	NA	NA	NA
NC_045512.2	380	T	G	134	27	27	10	10	26	0.0662252	151	0.00423278	TRUE	NA	NA	NA	NA	NA	NA
NC_045512.2	380	T	C	134	27	27	6	6	26	0.0397351	151	0.0498732	FALSE	NA	NA	NA	NA	NA	NA
NC_045512.2	380	T	A	134	27	27	1	1	27	0.00662252	151	0.72387	FALSE	NA	NA	NA	NA	NA	NA
NC_045512.2	381	T	G	132	29	24	2	2	25	0.0135135	148	0.465203	FALSE	NA	NA	NA	NA	NA	NA
NC_045512.2	381	T	C	132	29	24	10	9	27	0.0675676	148	0.00435174	TRUE	NA	NA	NA	NA	NA	NA
NC_045512.2	381	T	A	132	29	24	4	4	28	0.027027	148	0.161936	FALSE	NA	NA	NA	NA	NA	NA
NC_045512.2	382	A	T	133	26	27	5	5	25	0.0328947	152	0.0873959	FALSE	NA	NA	NA	NA	NA	NA
NC_045512.2	382	A	G	133	26	27	9	9	26	0.0592105	152	0.00745799	TRUE	NA	NA	NA	NA	NA	NA
NC_045512.2	382	A	C	133	26	27	5	5	27	0.0328947	152	0.0873959	FALSE	NA	NA	NA	NA	NA	NA
NC_045512.2	383	T	G	137	31	27	9	9	27	0.0588235	153	0.00819216	TRUE	NA	NA	NA	NA	NA	NA
NC_045512.2	383	T	C	137	31	27	5	4	24	0.0326797	153	0.0919429	FALSE	NA	NA	NA	NA	NA	NA
NC_045512.2	383	T	A	137	31	27	2	2	28	0.0130719	153	0.466401	FALSE	NA	NA	NA	NA	NA	NA
NC_045512.2	384	C	T	135	28	27	7	7	26	0.0460526	152	0.0272763	FALSE	NA	NA	NA	NA	NA	NA
NC_045512.2	384	C	G	135	28	27	6	6	24	0.0394737	152	0.0499534	FALSE	NA	NA	NA	NA	NA	NA
NC_045512.2	384	C	A	135	28	27	4	4	26	0.0263158	152	0.160549	FALSE	NA	NA	NA	NA	NA	NA
NC_045512.2	385	A	T	135	29	27	4	4	24	0.0261438	153	0.158677	FALSE	NA	NA	NA	NA	NA	NA
NC_045512.2	385	A	G	135	29	27	9	8	26	0.0588235	153	0.007711	TRUE	NA	NA	NA	NA	NA	NA
NC_045512.2	385	A	C	135	29	27	5	5	26	0.0326797	153	0.0889984	FALSE	NA	NA	NA	NA	NA	NA
NC_045512.2	386	G	T	137	30	27	7	7	26	0.0454545	154	0.0273733	FALSE	NA	NA	NA	NA	NA	NA
NC_045512.2	386	G	C	137	30	27	5	5	25	0.0324675	154	0.0905881	FALSE	NA	NA	NA	NA	NA	NA
NC_045512.2	386	G	A	137	30	27	5	5	25	0.0324675	154	0.0905881	FALSE	NA	NA	NA	NA	NA	NA
NC_045512.2	387	A	T	134	27	27	9	9	27	0.0584416	154	0.00726837	TRUE	NA	NA	NA	NA	NA	NA
NC_045512.2	387	A	G	134	27	27	6	6	25	0.038961	154	0.0471942	FALSE	NA	NA	NA	NA	NA	NA
NC_045512.2	387	A	C	134	27	27	5	5	26	0.0324675	154	0.0862297	FALSE	NA	NA	NA	NA	NA	NA
NC_045512.2	388	G	T	138	31	26	5	5	27	0.0333333	150	0.0976832	FALSE	NA	NA	NA	NA	NA	NA
NC_045512.2	388	G	C	138	31	26	6	6	27	0.04	150	0.0549395	FALSE	NA	NA	NA	NA	NA	NA
NC_045512.2	388	G	A	138	31	26	1	1	29	0.00666667	150	0.733208	FALSE	NA	NA	NA	NA	NA	NA
NC_045512.2	389	G	T	133	33	24	8	8	26	0.0547945	146	0.0162787	FALSE	NA	NA	NA	NA	NA	NA
NC_045512.2	389	G	C	133	33	24	3	3	28	0.0205479	146	0.287444	FALSE	NA	NA	NA	NA	NA	NA
NC_045512.2	389	G	A	133	33	24	2	2	27	0.0136986	146	0.473129	FALSE	NA	NA	NA	NA	NA	NA
NC_045512.2	390	C	T	138	31	27	6	6	26	0.0392157	153	0.0520296	FALSE	NA	NA	NA	NA	NA	NA
NC_045512.2	390	C	G	138	31	27	5	5	26	0.0326797	153	0.0934254	FALSE	NA	NA	NA	NA	NA	NA
NC_045512.2	390	C	A	138	31	27	4	4	24	0.0261438	153	0.164831	FALSE	NA	NA	NA	NA	NA	NA
NC_045512.2	391	A	T	137	30	27	5	5	25	0.0324675	154	0.0905881	FALSE	NA	NA	NA	NA	NA	NA
NC_045512.2	391	A	G	137	30	27	8	8	25	0.0519481	154	0.0148165	FALSE	NA	NA	NA	NA	NA	NA
NC_045512.2	391	A	C	137	30	27	4	4	25	0.025974	154	0.160901	FALSE	NA	NA	NA	NA	NA	NA
NC_045512.2	392	C	T	138	31	26	9	9	26	0.0584416	154	0.00820755	TRUE	NA	NA	NA	NA	NA	NA
NC_045512.2	392	C	G	138	31	26	5	5	25	0.0324675	154	0.0920546	FALSE	NA	NA	NA	NA	NA	NA
NC_045512.2	392	C	A	138	31	26	2	2	27	0.012987	154	0.466631	FALSE	NA	NA	NA	NA	NA	NA
NC_045512.2	393	G	T	138	31	26	5	5	26	0.0326797	153	0.0934254	FALSE	NA	NA	NA	NA	NA	NA
NC_045512.2	393	G	C	138	31	26	5	5	27	0.0326797	153	0.0934254	FALSE	NA	NA	NA	NA	NA	NA
NC_045512.2	393	G	A	138	31	26	5	5	27	0.0326797	153	0.0934254	FALSE	NA	NA	NA	NA	NA	NA
NC_045512.2	394	T	G	134	31	27	7	6	25	0.0460526	152	0.0266397	FALSE	NA	NA	NA	NA	NA	NA
NC_045512.2	394	T	C	134	31	27	9	6	27	0.0592105	152	0.00769287	TRUE	NA	NA	NA	NA	NA	NA
NC_045512.2	394	T	A	134	31	27	2	2	27	0.0131579	152	0.4607	FALSE	NA	NA	NA	NA	NA	NA
NC_045512.2	395	C	T	131	26	27	3	3	27	0.02	150	0.272374	FALSE	NA	NA	NA	NA	NA	NA
NC_045512.2	395	C	G	131	26	27	13	13	26	0.0866667	150	0.000579395	TRUE	NA	NA	NA	NA	NA	NA
NC_045512.2	395	C	A	131	26	27	3	3	27	0.02	150	0.272374	FALSE	NA	NA	NA	NA	NA	NA
NC_045512.2	396	A	T	137	32	27	3	3	25	0.0198675	151	0.285706	FALSE	NA	NA	NA	NA	NA	NA
NC_045512.2	396	A	G	137	32	27	6	6	24	0.0397351	151	0.0529179	FALSE	NA	NA	NA	NA	NA	NA
NC_045512.2	396	A	C	137	32	27	5	5	25	0.0331126	151	0.0947244	FALSE	NA	NA	NA	NA	NA	NA
NC_045512.2	397	A	T	129	30	24	4	4	26	0.0273973	146	0.159434	FALSE	NA	NA	NA	NA	NA	NA
NC_045512.2	397	A	G	129	30	24	10	10	26	0.0684932	146	0.00418244	TRUE	NA	NA	NA	NA	NA	NA
NC_045512.2	397	A	C	129	30	24	3	3	25	0.0205479	146	0.27667	FALSE	NA	NA	NA	NA	NA	NA
NC_045512.2	398	C	T	134	30	27	5	4	28	0.0328947	152	0.0888668	FALSE	NA	NA	NA	NA	NA	NA
NC_045512.2	398	C	G	134	30	27	7	7	27	0.0460526	152	0.0266397	FALSE	NA	NA	NA	NA	NA	NA
NC_045512.2	398	C	A	134	30	27	6	6	26	0.0394737	152	0.0489613	FALSE	NA	NA	NA	NA	NA	NA
NC_045512.2	399	A	T	135	30	27	6	6	26	0.0394737	152	0.0499534	FALSE	NA	NA	NA	NA	NA	NA
NC_045512.2	399	A	G	135	30	27	4	4	24	0.0263158	152	0.160549	FALSE	NA	NA	NA	NA	NA	NA
NC_045512.2	399	A	C	135	30	27	7	7	26	0.0460526	152	0.0272763	FALSE	NA	NA	NA	NA	NA	NA
NC_045512.2	400	T	G	136	32	27	8	8	26	0.0529801	151	0.0155432	FALSE	NA	NA	NA	NA	NA	NA
NC_045512.2	400	T	C	136	32	27	3	3	27	0.0198675	151	0.283109	FALSE	NA	NA	NA	NA	NA	NA
NC_045512.2	400	T	A	136	32	27	4	4	27	0.0264901	151	0.164528	FALSE	NA	NA	NA	NA	NA	NA
NC_045512.2	401	C	T	138	34	27	8	8	26	0.0526316	152	0.0159821	FALSE	NA	NA	NA	NA	NA	NA
NC_045512.2	401	C	G	138	34	27	2	2	25	0.0131579	152	0.471565	FALSE	NA	NA	NA	NA	NA	NA
NC_045512.2	401	C	A	138	34	27	4	4	27	0.0263158	152	0.166749	FALSE	NA	NA	NA	NA	NA	NA
NC_045512.2	402	T	G	134	31	27	6	6	23	0.0397351	151	0.0498732	FALSE	NA	NA	NA	NA	NA	NA
NC_045512.2	402	T	C	134	31	27	7	7	25	0.0463576	151	0.0272269	FALSE	NA	NA	NA	NA	NA	NA
NC_045512.2	402	T	A	134	31	27	4	4	26	0.0264901	151	0.160369	FALSE	NA	NA	NA	NA	NA	NA
NC_045512.2	403	T	G	127	28	24	10	10	25	0.0680272	147	0.00376489	TRUE	NA	NA	NA	NA	NA	NA
NC_045512.2	403	T	C	127	28	24	6	6	27	0.0408163	147	0.0465025	FALSE	NA	NA	NA	NA	NA	NA
NC_045512.2	403	T	A	127	28	24	4	4	28	0.0272109	147	0.153236	FALSE	NA	NA	NA	NA	NA	NA
NC_045512.2	404	A	T	132	29	27	4	4	28	0.0264901	151	0.156219	FALSE	NA	NA	NA	NA	NA	NA
NC_045512.2	404	A	G	132	29	27	10	10	28	0.0662252	151	0.00394981	TRUE	NA	NA	NA	NA	NA	NA
NC_045512.2	404	A	C	132	29	27	5	5	27	0.0331126	151	0.0872535	FALSE	NA	NA	NA	NA	NA	NA
NC_045512.2	405	A	T	7	7	27	6	6	25	0.038961	154	4.35897e-07	TRUE	NA	NA	NA	NA	NA	NA
NC_045512.2	405	A	G	7	7	27	135	32	27	0.876623	154	2.51857e-74	TRUE	NA	NA	NA	NA	NA	NA
NC_045512.2	405	A	C	7	7	27	6	6	26	0.038961	154	4.35897e-07	TRUE	NA	NA	NA	NA	NA	NA
NC_045512.2	406	A	T	133	31	27	6	6	26	0.0384615	156	0.0445718	FALSE	NA	NA	NA	NA	NA	NA
NC_045512.2	406	A	G	133	31	27	10	9	26	0.0641026	156	0.00348854	TRUE	NA	NA	NA	NA	NA	NA
NC_045512.2	406	A	C	133	31	27	7	7	24	0.0448718	156	0.0238446	FALSE	NA	NA	NA	NA	NA	NA
NC_045512.2	407	G	T	135	32	27	4	4	27	0.0253165	158	0.149703	FALSE	NA	NA	NA	NA	NA	NA
NC_045512.2	407	G	C	135	32	27	12	12	26	0.0759494	158	0.000956793	TRUE	NA	NA	NA	NA	NA	NA
NC_045512.2	407	G	A	135	32	27	7	7	26	0.0443038	158	0.0239751	FALSE	NA	NA	NA	NA	NA	NA
NC_045512.2	408	A	T	137	34	27	6	6	24	0.0372671	161	0.0441997	FALSE	NA	NA	NA	NA	NA	NA
NC_045512.2	408	A	G	137	34	27	10	10	25	0.0621118	161	0.00343178	TRUE	NA	NA	NA	NA	NA	NA
NC_045512.2	408	A	C	137	34	27	8	8	26	0.0496894	161	0.0124874	FALSE	NA	NA	NA	NA	NA	NA
NC_045512.2	409	T	G	139	37	27	11	11	26	0.068323	161	0.00192688	TRUE	NA	NA	NA	NA	NA	NA
NC_045512.2	409	T	C	139	37	27	6	6	27	0.0372671	161	0.0459987	FALSE	NA	NA	NA	NA	NA	NA
NC_045512.2	409	T	A	139	37	27	5	5	26	0.0310559	161	0.0844597	FALSE	NA	NA	NA	NA	NA	NA
NC_045512.2	410	G	T	132	31	26	12	12	26	0.0754717	159	0.000811123	TRUE	NA	NA	NA	NA	NA	NA
NC_045512.2	410	G	C	132	31	26	5	5	26	0.0314465	159	0.0773148	FALSE	NA	NA	NA	NA	NA	NA
NC_045512.2	410	G	A	132	31	26	10	9	27	0.0628931	159	0.00306304	TRUE	NA	NA	NA	NA	NA	NA
NC_045512.2	411	G	T	134	40	24	11	11	27	0.0705128	156	0.00189343	TRUE	NA	NA	NA	NA	NA	NA
NC_045512.2	411	G	C	134	40	24	4	4	28	0.025641	156	0.151216	FALSE	NA	NA	NA	NA	NA	NA
NC_045512.2	411	G	A	134	40	24	7	5	27	0.0448718	156	0.0244298	FALSE	NA	NA	NA	NA	NA	NA
NC_045512.2	411	G	-C	134	40	24	1	0	20	0.00641026	156	0.715189	FALSE	NA	NA	NA	NA	NA	NA
NC_045512.2	412	C	T	133	32	27	13	13	26	0.08125	160	0.000418513	TRUE	NA	NA	NA	NA	NA	NA
NC_045512.2	412	C	G	133	32	27	11	11	27	0.06875	160	0.0015859	TRUE	NA	NA	NA	NA	NA	NA
NC_045512.2	412	C	A	133	32	27	3	3	31	0.01875	160	0.0968145	FALSE	NA	NA	NA	NA	NA	NA
NC_045512.2	413	A	T	131	30	26	10	10	27	0.0625	160	0.00286256	TRUE	NA	NA	NA	NA	NA	NA
NC_045512.2	413	A	G	131	30	26	10	10	26	0.0625	160	0.00286256	TRUE	NA	NA	NA	NA	NA	NA
NC_045512.2	413	A	C	131	30	26	9	9	26	0.05625	160	0.00557545	TRUE	NA	NA	NA	NA	NA	NA
NC_045512.2	414	C	T	134	34	26	10	10	27	0.0621118	161	0.0030909	TRUE	NA	NA	NA	NA	NA	NA
NC_045512.2	414	C	G	134	34	26	10	10	25	0.0621118	161	0.0030909	TRUE	NA	NA	NA	NA	NA	NA
NC_045512.2	414	C	A	134	34	26	7	7	26	0.0434783	161	0.0219529	FALSE	NA	NA	NA	NA	NA	NA
NC_045512.2	414	C	-T	134	34	26	1	0	20	0.00621118	161	0.706676	FALSE	NA	NA	NA	NA	NA	NA
NC_045512.2	415	T	G	134	33	26	14	14	27	0.0880503	159	0.000225531	TRUE	NA	NA	NA	NA	NA	NA
NC_045512.2	415	T	C	134	33	26	8	8	28	0.0503145	159	0.0117754	FALSE	NA	NA	NA	NA	NA	NA
NC_045512.2	415	T	A	134	33	26	3	3	25	0.0188679	159	0.257487	FALSE	NA	NA	NA	NA	NA	NA
NC_045512.2	416	T	G	129	36	24	9	9	24	0.06	150	0.00695832	TRUE	NA	NA	NA	NA	NA	NA
NC_045512.2	416	T	C	129	36	24	7	7	25	0.0466667	150	0.0246495	FALSE	NA	NA	NA	NA	NA	NA
NC_045512.2	416	T	A	129	36	24	5	5	27	0.0333333	150	0.0841534	FALSE	NA	NA	NA	NA	NA	NA
NC_045512.2	417	G	T	139	38	27	14	14	27	0.0869565	161	0.000274735	TRUE	NA	NA	NA	NA	NA	NA
NC_045512.2	417	G	C	139	38	27	2	2	26	0.0124224	161	0.452563	FALSE	NA	NA	NA	NA	NA	NA
NC_045512.2	417	G	A	139	38	27	6	6	26	0.0372671	161	0.0459987	FALSE	NA	NA	NA	NA	NA	NA
NC_045512.2	418	T	G	141	41	26	9	9	26	0.054878	164	0.00682998	TRUE	NA	NA	NA	NA	NA	NA
NC_045512.2	418	T	C	141	41	26	8	8	26	0.0487805	164	0.0129402	FALSE	NA	NA	NA	NA	NA	NA
NC_045512.2	418	T	A	141	41	26	6	6	25	0.0365854	164	0.0453951	FALSE	NA	NA	NA	NA	NA	NA
NC_045512.2	419	G	T	134	34	27	15	15	26	0.0903614	166	8.75613e-05	TRUE	NA	NA	NA	NA	NA	NA
NC_045512.2	419	G	C	134	34	27	7	7	27	0.0421687	166	0.0197558	FALSE	NA	NA	NA	NA	NA	NA
NC_045512.2	419	G	A	134	34	27	10	10	26	0.060241	166	0.00265022	TRUE	NA	NA	NA	NA	NA	NA
NC_045512.2	420	G	T	130	35	24	12	12	26	0.0731707	164	0.000614654	TRUE	NA	NA	NA	NA	NA	NA
NC_045512.2	420	G	C	130	35	24	9	9	25	0.054878	164	0.00482097	TRUE	NA	NA	NA	NA	NA	NA
NC_045512.2	420	G	A	130	35	24	13	12	26	0.0792683	164	0.000308058	TRUE	NA	NA	NA	NA	NA	NA
NC_045512.2	421	C	T	140	40	27	13	13	25	0.0760234	171	0.000371499	TRUE	NA	NA	NA	NA	NA	NA
NC_045512.2	421	C	G	140	40	27	12	12	27	0.0701754	171	0.000731367	TRUE	NA	NA	NA	NA	NA	NA
NC_045512.2	421	C	A	140	40	27	6	6	25	0.0350877	171	0.0394485	FALSE	NA	NA	NA	NA	NA	NA
NC_045512.2	422	T	G	145	45	26	6	6	26	0.0350877	171	0.0435249	FALSE	NA	NA	NA	NA	NA	NA
NC_045512.2	422	T	C	145	45	26	8	8	25	0.0467836	171	0.0122109	FALSE	NA	NA	NA	NA	NA	NA
NC_045512.2	422	T	A	145	45	26	12	12	26	0.0701754	171	0.000894143	TRUE	NA	NA	NA	NA	NA	NA
NC_045512.2	423	T	G	135	40	24	13	13	25	0.0783133	166	0.000360218	TRUE	NA	NA	NA	NA	NA	NA
NC_045512.2	423	T	C	135	40	24	9	9	26	0.0542169	166	0.00537583	TRUE	NA	NA	NA	NA	NA	NA
NC_045512.2	423	T	A	135	40	24	9	9	25	0.0542169	166	0.00537583	TRUE	NA	NA	NA	NA	NA	NA
NC_045512.2	424	A	T	135	35	27	13	13	26	0.0764706	170	0.000307292	TRUE	NA	NA	NA	NA	NA	NA
NC_045512.2	424	A	G	135	35	27	15	15	25	0.0882353	170	7.68533e-05	TRUE	NA	NA	NA	NA	NA	NA
NC_045512.2	424	A	C	135	35	27	7	7	27	0.0411765	170	0.0186395	FALSE	NA	NA	NA	NA	NA	NA
NC_045512.2	425	G	T	142	42	27	13	13	26	0.0764706	170	0.000421741	TRUE	NA	NA	NA	NA	NA	NA
NC_045512.2	425	G	C	142	42	27	11	11	25	0.0647059	170	0.00159983	TRUE	NA	NA	NA	NA	NA	NA
NC_045512.2	425	G	A	142	42	27	4	4	26	0.0235294	170	0.143231	FALSE	NA	NA	NA	NA	NA	NA
NC_045512.2	426	T	G	142	42	27	11	11	26	0.0635838	173	0.00145227	TRUE	NA	NA	NA	NA	NA	NA
NC_045512.2	426	T	C	142	42	27	12	12	25	0.0693642	173	0.000739532	TRUE	NA	NA	NA	NA	NA	NA
NC_045512.2	426	T	A	142	42	27	8	8	25	0.0462428	173	0.0107757	FALSE	NA	NA	NA	NA	NA	NA
NC_045512.2	426	T	-A	142	42	27	1	0	20	0.00578035	173	0.702639	FALSE	NA	NA	NA	NA	NA	NA
NC_045512.2	427	A	T	134	34	27	14	14	26	0.0813953	172	0.000128584	TRUE	NA	NA	NA	NA	NA	NA
NC_045512.2	427	A	G	134	34	27	7	7	25	0.0406977	172	0.0170852	FALSE	NA	NA	NA	NA	NA	NA
NC_045512.2	427	A	C	134	34	27	17	17	26	0.0988372	172	1.54693e-05	TRUE	NA	NA	NA	NA	NA	NA
NC_045512.2	428	G	T	143	43	27	10	10	25	0.0574713	174	0.00285781	TRUE	NA	NA	NA	NA	NA	NA
NC_045512.2	428	G	C	143	43	27	10	10	26	0.0574713	174	0.00285781	TRUE	NA	NA	NA	NA	NA	NA
NC_045512.2	428	G	A	143	43	27	11	11	26	0.0632184	174	0.00145968	TRUE	NA	NA	NA	NA	NA	NA
NC_045512.2	429	A	T	133	34	27	13	13	26	0.0760234	171	0.0002686	TRUE	NA	NA	NA	NA	NA	NA
NC_045512.2	429	A	G	133	34	27	14	13	25	0.0818713	171	0.000132982	TRUE	NA	NA	NA	NA	NA	NA
NC_045512.2	429	A	C	133	34	27	11	11	26	0.0643275	171	0.00109207	TRUE	NA	NA	NA	NA	NA	NA
NC_045512.2	430	A	T	122	31	24	18	18	26	0.109091	165	5.24387e-06	TRUE	NA	NA	NA	NA	NA	NA
NC_045512.2	430	A	G	122	31	24	17	16	25	0.10303	165	1.081e-05	TRUE	NA	NA	NA	NA	NA	NA
NC_045512.2	430	A	C	122	31	24	8	8	27	0.0484848	165	0.00721612	TRUE	NA	NA	NA	NA	NA	NA
NC_045512.2	431	G	T	138	41	27	14	14	26	0.0804598	174	0.000150862	TRUE	NA	NA	NA	NA	NA	NA
NC_045512.2	431	G	C	138	41	27	12	12	26	0.0689655	174	0.000604507	TRUE	NA	NA	NA	NA	NA	NA
NC_045512.2	431	G	A	138	41	27	10	10	26	0.0574713	174	0.00240532	TRUE	NA	NA	NA	NA	NA	NA
NC_045512.2	432	T	G	139	43	26	14	14	26	0.0804598	174	0.000158474	TRUE	NA	NA	NA	NA	NA	NA
NC_045512.2	432	T	C	139	43	26	9	9	28	0.0517241	174	0.00492816	TRUE	NA	NA	NA	NA	NA	NA
NC_045512.2	432	T	A	139	43	26	12	12	25	0.0689655	174	0.00063061	TRUE	NA	NA	NA	NA	NA	NA
NC_045512.2	433	T	G	106	35	24	16	16	25	0.106667	150	1.65471e-05	TRUE	NA	NA	NA	NA	NA	NA
NC_045512.2	433	T	C	106	35	24	10	10	25	0.0666667	150	0.00140847	TRUE	NA	NA	NA	NA	NA	NA
NC_045512.2	433	T	A	106	35	24	18	18	27	0.12	150	3.78252e-06	TRUE	NA	NA	NA	NA	NA	NA
NC_045512.2	434	G	T	138	42	25	9	9	26	0.0517241	174	0.00477475	TRUE	NA	NA	NA	NA	NA	NA
NC_045512.2	434	G	C	138	42	25	16	16	26	0.091954	174	3.75662e-05	TRUE	NA	NA	NA	NA	NA	NA
NC_045512.2	434	G	A	138	42	25	11	11	26	0.0632184	174	0.00120736	TRUE	NA	NA	NA	NA	NA	NA
NC_045512.2	434	G	-A	138	42	25	19	0	20	0.109195	174	4.67974e-06	TRUE	NA	NA	NA	NA	NA	NA
NC_045512.2	435	A	T	91	15	24	15	15	26	0.116279	129	1.193e-05	TRUE	NA	NA	NA	NA	NA	NA
NC_045512.2	435	A	G	91	15	24	9	9	27	0.0697674	129	0.00153326	TRUE	NA	NA	NA	NA	NA	NA
NC_045512.2	435	A	C	91	15	24	14	14	27	0.108527	129	2.6761e-05	TRUE	NA	NA	NA	NA	NA	NA
NC_045512.2	436	A	T	91	35	26	15	15	26	0.11194	134	2.77353e-05	TRUE	NA	NA	NA	NA	NA	NA
NC_045512.2	436	A	G	91	35	26	13	13	25	0.0970149	134	0.000124755	TRUE	NA	NA	NA	NA	NA	NA
NC_045512.2	436	A	C	91	35	26	15	15	27	0.11194	134	2.77353e-05	TRUE	NA	NA	NA	NA	NA	NA
NC_045512.2	437	A	T	85	29	26	17	17	26	0.126866	134	3.45321e-06	TRUE	NA	NA	NA	NA	NA	NA
NC_045512.2	437	A	G	85	29	26	22	22	25	0.164179	134	7.31698e-08	TRUE	NA	NA	NA	NA	NA	NA
NC_045512.2	437	A	C	85	29	26	10	10	27	0.0746269	134	0.000837904	TRUE	NA	NA	NA	NA	NA	NA
NC_045512.2	438	A	T	73	33	27	19	19	25	0.163793	116	8.16783e-07	TRUE	NA	NA	NA	NA	NA	NA
NC_045512.2	438	A	G	73	33	27	13	13	26	0.112069	116	8.25085e-05	TRUE	NA	NA	NA	NA	NA	NA
NC_045512.2	438	A	C	73	33	27	11	11	25	0.0948276	116	0.000391732	TRUE	NA	NA	NA	NA	NA	NA
NC_045512.2	439	A	T	36	34	27	18	18	25	0.222222	81	1.05654e-08	TRUE	NA	NA	NA	NA	NA	NA
NC_045512.2	439	A	G	36	34	27	12	12	25	0.148148	81	2.93637e-06	TRUE	NA	NA	NA	NA	NA	NA
NC_045512.2	439	A	C	36	34	27	15	15	26	0.185185	81	1.6701e-07	TRUE	NA	NA	NA	NA	NA	NA
NC_045512.2	440	G	T	72	34	25	18	18	26	0.157895	114	1.84568e-06	TRUE	NA	NA	NA	NA	NA	NA
NC_045512.2	440	G	C	72	34	25	16	16	26	0.140351	114	8.48634e-06	TRUE	NA	NA	NA	NA	NA	NA
NC_045512.2	440	G	A	72	34	25	8	8	27	0.0701754	114	0.00413969	TRUE	NA	NA	NA	NA	NA	NA
NC_045512.2	441	G	T	72	40	25	17	17	25	0.153153	111	5.10113e-06	TRUE	NA	NA	NA	NA	NA	NA
NC_045512.2	441	G	C	72	40	25	8	8	26	0.0720721	111	0.00466248	TRUE	NA	NA	NA	NA	NA	NA
NC_045512.2	441	G	A	72	40	25	14	14	26	0.126126	111	4.87657e-05	TRUE	NA	NA	NA	NA	NA	NA
NC_045512.2	442	C	T	79	41	26	9	9	26	0.0782609	115	0.00280193	TRUE	NA	NA	NA	NA	NA	NA
NC_045512.2	442	C	G	79	41	26	15	15	25	0.130435	115	3.40553e-05	TRUE	NA	NA	NA	NA	NA	NA
NC_045512.2	442	C	A	79	41	26	12	12	26	0.104348	115	0.000308071	TRUE	NA	NA	NA	NA	NA	NA
NC_045512.2	443	G	T	85	47	26	9	9	25	0.0762712	118	0.00343903	TRUE	NA	NA	NA	NA	NA	NA
NC_045512.2	443	G	C	85	47	26	12	12	27	0.101695	118	0.00040288	TRUE	NA	NA	NA	NA	NA	NA
NC_045512.2	443	G	A	85	47	26	12	12	25	0.101695	118	0.00040288	TRUE	NA	NA	NA	NA	NA	NA
NC_045512.2	443	G	+T	85	47	26	1	0	20	0.00847458	118	0.669024	FALSE	NA	NA	NA	NA	NA	NA
NC_045512.2	444	T	G	60	26	26	10	10	25	0.103093	97	0.000119452	TRUE	NA	NA	NA	NA	NA	NA
NC_045512.2	444	T	C	60	26	26	11	11	27	0.113402	97	5.07848e-05	TRUE	NA	NA	NA	NA	NA	NA
NC_045512.2	444	T	A	60	26	26	16	16	27	0.164948	97	7.93097e-07	TRUE	NA	NA	NA	NA	NA	NA
NC_045512.2	445	T	G	75	41	27	21	21	23	0.177966	118	1.94171e-07	TRUE	NA	NA	NA	NA	NA	NA
NC_045512.2	445	T	C	75	41	27	10	10	27	0.0847458	118	0.000893008	TRUE	NA	NA	NA	NA	NA	NA
NC_045512.2	445	T	A	75	41	27	12	12	26	0.101695	118	0.000189061	TRUE	NA	NA	NA	NA	NA	NA
NC_045512.2	446	T	G	72	39	26	28	28	26	0.239316	117	7.49361e-10	TRUE	NA	NA	NA	NA	NA	NA
NC_045512.2	446	T	C	72	39	26	11	11	25	0.0940171	117	0.000343011	TRUE	NA	NA	NA	NA	NA	NA
NC_045512.2	446	T	A	72	39	26	6	6	25	0.0512821	117	0.017636	FALSE	NA	NA	NA	NA	NA	NA
NC_045512.2	447	T	G	53	43	25	18	18	25	0.197802	91	1.01021e-07	TRUE	NA	NA	NA	NA	NA	NA
NC_045512.2	447	T	C	53	43	25	12	12	25	0.131868	91	1.55275e-05	TRUE	NA	NA	NA	NA	NA	NA
NC_045512.2	447	T	A	53	43	25	8	8	26	0.0879121	91	0.000530473	TRUE	NA	NA	NA	NA	NA	NA
NC_045512.2	448	G	T	74	43	26	15	15	26	0.133929	112	2.60865e-05	TRUE	NA	NA	NA	NA	NA	NA
NC_045512.2	448	G	C	74	43	26	11	11	26	0.0982143	112	0.000525235	TRUE	NA	NA	NA	NA	NA	NA
NC_045512.2	448	G	A	74	43	26	12	12	26	0.107143	112	0.000247392	TRUE	NA	NA	NA	NA	NA	NA
NC_045512.2	448	G	-C	74	43	26	1	0	20	0.00892857	112	0.645161	FALSE	NA	NA	NA	NA	NA	NA
NC_045512.2	449	C	T	65	34	25	10	10	26	0.0961538	104	0.000823105	TRUE	NA	NA	NA	NA	NA	NA
NC_045512.2	449	C	G	65	34	25	21	21	25	0.201923	104	1.80364e-07	TRUE	NA	NA	NA	NA	NA	NA
NC_045512.2	449	C	A	65	34	25	8	8	27	0.0769231	104	0.0039124	TRUE	NA	NA	NA	NA	NA	NA
NC_045512.2	450	C	T	59	38	25	20	20	25	0.19802	101	2.31263e-07	TRUE	NA	NA	NA	NA	NA	NA
NC_045512.2	450	C	G	59	38	25	16	16	27	0.158416	101	5.18625e-06	TRUE	NA	NA	NA	NA	NA	NA
NC_045512.2	450	C	A	59	38	25	6	6	27	0.0594059	101	0.0154232	FALSE	NA	NA	NA	NA	NA	NA
NC_045512.2	451	T	G	76	48	26	13	13	24	0.117117	111	0.000147915	TRUE	NA	NA	NA	NA	NA	NA
NC_045512.2	451	T	C	76	48	26	18	17	26	0.162162	111	3.88337e-06	TRUE	NA	NA	NA	NA	NA	NA
NC_045512.2	451	T	A	76	48	26	4	4	27	0.036036	111	0.101193	FALSE	NA	NA	NA	NA	NA	NA
NC_045512.2	452	C	T	65	37	27	23	23	26	0.207207	111	1.97259e-08	TRUE	NA	NA	NA	NA	NA	NA
NC_045512.2	452	C	G	65	37	27	19	19	26	0.171171	111	4.39988e-07	TRUE	NA	NA	NA	NA	NA	NA
NC_045512.2	452	C	A	65	37	27	4	4	25	0.036036	111	0.0734607	FALSE	NA	NA	NA	NA	NA	NA
NC_045512.2	453	A	T	66	37	25	22	22	27	0.196429	112	4.47877e-08	TRUE	NA	NA	NA	NA	NA	NA
NC_045512.2	453	A	G	66	37	25	17	17	25	0.151786	112	2.22746e-06	TRUE	NA	NA	NA	NA	NA	NA
NC_045512.2	453	A	C	66	37	25	7	7	26	0.0625	112	0.00695753	TRUE	NA	NA	NA	NA	NA	NA
NC_045512.2	454	A	T	57	37	25	13	13	26	0.12381	105	3.28137e-05	TRUE	NA	NA	NA	NA	NA	NA
NC_045512.2	454	A	G	57	37	25	26	26	25	0.247619	105	9.17118e-10	TRUE	NA	NA	NA	NA	NA	NA
NC_045512.2	454	A	C	57	37	25	9	9	28	0.0857143	105	0.000957219	TRUE	NA	NA	NA	NA	NA	NA
NC_045512.2	455	C	T	68	40	26	12	12	25	0.107143	112	0.000147047	TRUE	NA	NA	NA	NA	NA	NA
NC_045512.2	455	C	G	68	40	26	20	20	26	0.178571	112	2.83702e-07	TRUE	NA	NA	NA	NA	NA	NA
NC_045512.2	455	C	A	68	40	26	12	12	26	0.107143	112	0.000147047	TRUE	NA	NA	NA	NA	NA	NA
NC_045512.2	456	T	G	64	36	25	18	18	26	0.162162	111	8.39428e-07	TRUE	NA	NA	NA	NA	NA	NA
NC_045512.2	456	T	C	64	36	25	18	18	27	0.162162	111	8.39428e-07	TRUE	NA	NA	NA	NA	NA	NA
NC_045512.2	456	T	A	64	36	25	11	11	26	0.0990991	111	0.000242394	TRUE	NA	NA	NA	NA	NA	NA
NC_045512.2	457	T	G	70	48	25	16	16	26	0.148148	108	1.10357e-05	TRUE	NA	NA	NA	NA	NA	NA
NC_045512.2	457	T	C	70	48	25	8	8	27	0.0740741	108	0.0046881	TRUE	NA	NA	NA	NA	NA	NA
NC_045512.2	457	T	A	70	48	25	14	14	26	0.12963	108	4.96047e-05	TRUE	NA	NA	NA	NA	NA	NA
NC_045512.2	458	G	T	68	40	26	19	19	26	0.169643	112	6.1187e-07	TRUE	NA	NA	NA	NA	NA	NA
NC_045512.2	458	G	C	68	40	26	18	18	26	0.160714	112	1.32497e-06	TRUE	NA	NA	NA	NA	NA	NA
NC_045512.2	458	G	A	68	40	26	7	7	26	0.0625	112	0.00777647	TRUE	NA	NA	NA	NA	NA	NA
NC_045512.2	459	A	T	65	37	25	19	19	27	0.168142	113	3.6083e-07	TRUE	NA	NA	NA	NA	NA	NA
NC_045512.2	459	A	G	65	37	25	15	15	25	0.132743	113	8.98333e-06	TRUE	NA	NA	NA	NA	NA	NA
NC_045512.2	459	A	C	65	37	25	14	14	26	0.123894	113	2.02597e-05	TRUE	NA	NA	NA	NA	NA	NA
NC_045512.2	460	A	T	54	33	25	17	17	27	0.160377	106	6.707e-07	TRUE	NA	NA	NA	NA	NA	NA
NC_045512.2	460	A	G	54	33	25	19	19	26	0.179245	106	1.23977e-07	TRUE	NA	NA	NA	NA	NA	NA
NC_045512.2	460	A	C	54	33	25	16	16	26	0.150943	106	1.57278e-06	TRUE	NA	NA	NA	NA	NA	NA
NC_045512.2	461	C	T	66	38	26	19	19	26	0.169643	112	4.60875e-07	TRUE	NA	NA	NA	NA	NA	NA
NC_045512.2	461	C	G	66	38	26	18	18	26	0.160714	112	1.01112e-06	TRUE	NA	NA	NA	NA	NA	NA
NC_045512.2	461	C	A	66	38	26	9	9	26	0.0803571	112	0.00138332	TRUE	NA	NA	NA	NA	NA	NA
NC_045512.2	462	A	T	59	32	26	16	16	26	0.142857	112	1.93816e-06	TRUE	NA	NA	NA	NA	NA	NA
NC_045512.2	462	A	G	59	32	26	25	25	26	0.223214	112	1.15921e-09	TRUE	NA	NA	NA	NA	NA	NA
NC_045512.2	462	A	C	59	32	26	12	12	25	0.107143	112	5.94185e-05	TRUE	NA	NA	NA	NA	NA	NA
NC_045512.2	462	A	-G	59	32	26	1	0	20	0.00892857	112	0.579979	FALSE	NA	NA	NA	NA	NA	NA
NC_045512.2	463	G	T	67	43	27	18	18	27	0.168224	107	1.85571e-06	TRUE	NA	NA	NA	NA	NA	NA
NC_045512.2	463	G	C	67	43	27	10	10	27	0.0934579	107	0.000865096	TRUE	NA	NA	NA	NA	NA	NA
NC_045512.2	463	G	A	67	43	27	12	12	26	0.11215	107	0.000183527	TRUE	NA	NA	NA	NA	NA	NA
NC_045512.2	463	G	-C	67	43	27	1	0	20	0.00934579	107	0.630257	FALSE	NA	NA	NA	NA	NA	NA
NC_045512.2	464	C	T	58	34	25	15	15	26	0.145631	103	7.72912e-06	TRUE	NA	NA	NA	NA	NA	NA
NC_045512.2	464	C	G	58	34	25	23	23	25	0.223301	103	1.32016e-08	TRUE	NA	NA	NA	NA	NA	NA
NC_045512.2	464	C	A	58	34	25	7	7	27	0.0679612	103	0.00577613	TRUE	NA	NA	NA	NA	NA	NA
NC_045512.2	465	C	T	58	34	28	16	16	26	0.149533	107	2.61159e-06	TRUE	NA	NA	NA	NA	NA	NA
NC_045512.2	465	C	G	58	34	28	21	21	25	0.196262	107	4.42269e-08	TRUE	NA	NA	NA	NA	NA	NA
NC_045512.2	465	C	A	58	34	28	12	12	27	0.11215	107	7.41174e-05	TRUE	NA	NA	NA	NA	NA	NA
NC_045512.2	466	C	T	51	34	25	15	15	26	0.147059	102	3.35659e-06	TRUE	NA	NA	NA	NA	NA	NA
NC_045512.2	466	C	G	51	34	25	21	21	26	0.205882	102	2.09637e-08	TRUE	NA	NA	NA	NA	NA	NA
NC_045512.2	466	C	A	51	34	25	15	15	27	0.147059	102	3.35659e-06	TRUE	NA	NA	NA	NA	NA	NA
NC_045512.2	467	T	G	59	35	27	26	26	26	0.242991	107	1.05491e-09	TRUE	NA	NA	NA	NA	NA	NA
NC_045512.2	467	T	C	59	35	27	6	6	27	0.0560748	107	0.012618	FALSE	NA	NA	NA	NA	NA	NA
NC_045512.2	467	T	A	59	35	27	16	16	26	0.149533	107	3.00963e-06	TRUE	NA	NA	NA	NA	NA	NA
NC_045512.2	468	A	T	69	45	27	10	10	26	0.0917431	109	0.000906989	TRUE	NA	NA	NA	NA	NA	NA
NC_045512.2	468	A	G	69	45	27	23	23	26	0.211009	109	4.85363e-08	TRUE	NA	NA	NA	NA	NA	NA
NC_045512.2	468	A	C	69	45	27	7	7	25	0.0642202	109	0.00912982	TRUE	NA	NA	NA	NA	NA	NA
NC_045512.2	469	T	G	58	34	27	23	23	26	0.211009	109	6.95766e-09	TRUE	NA	NA	NA	NA	NA	NA
NC_045512.2	469	T	C	58	34	27	14	14	26	0.12844	109	1.1802e-05	TRUE	NA	NA	NA	NA	NA	NA
NC_045512.2	469	T	A	58	34	27	14	14	26	0.12844	109	1.1802e-05	TRUE	NA	NA	NA	NA	NA	NA
NC_045512.2	470	G	T	69	45	27	16	16	27	0.152381	105	1.267e-05	TRUE	NA	NA	NA	NA	NA	NA
NC_045512.2	470	G	C	69	45	27	9	9	26	0.0857143	105	0.00236712	TRUE	NA	NA	NA	NA	NA	NA
NC_045512.2	470	G	A	69	45	27	11	11	27	0.104762	105	0.000527622	TRUE	NA	NA	NA	NA	NA	NA
NC_045512.2	471	T	G	64	40	27	15	15	26	0.138889	108	1.18514e-05	TRUE	NA	NA	NA	NA	NA	NA
NC_045512.2	471	T	C	64	40	27	15	15	25	0.138889	108	1.18514e-05	TRUE	NA	NA	NA	NA	NA	NA
NC_045512.2	471	T	A	64	40	27	14	14	27	0.12963	108	2.62223e-05	TRUE	NA	NA	NA	NA	NA	NA
NC_045512.2	472	G	T	70	46	26	15	15	25	0.138889	108	2.33633e-05	TRUE	NA	NA	NA	NA	NA	NA
NC_045512.2	472	G	C	70	46	26	13	13	26	0.12037	108	0.000105587	TRUE	NA	NA	NA	NA	NA	NA
NC_045512.2	472	G	A	70	46	26	10	10	26	0.0925926	108	0.00102831	TRUE	NA	NA	NA	NA	NA	NA
NC_045512.2	473	T	G	65	42	25	19	19	26	0.17757	107	6.5826e-07	TRUE	NA	NA	NA	NA	NA	NA
NC_045512.2	473	T	C	65	42	25	14	13	26	0.130841	107	3.16028e-05	TRUE	NA	NA	NA	NA	NA	NA
NC_045512.2	473	T	A	65	42	25	9	9	26	0.0841121	107	0.00162998	TRUE	NA	NA	NA	NA	NA	NA
NC_045512.2	474	T	G	66	45	26	15	15	26	0.141509	106	1.75991e-05	TRUE	NA	NA	NA	NA	NA	NA
NC_045512.2	474	T	C	66	45	26	10	10	26	0.0943396	106	0.000844109	TRUE	NA	NA	NA	NA	NA	NA
NC_045512.2	474	T	A	66	45	26	15	15	27	0.141509	106	1.75991e-05	TRUE	NA	NA	NA	NA	NA	NA
NC_045512.2	475	C	T	59	35	27	25	25	26	0.229358	109	1.73774e-09	TRUE	NA	NA	NA	NA	NA	NA
NC_045512.2	475	C	G	59	35	27	15	15	24	0.137615	109	5.79897e-06	TRUE	NA	NA	NA	NA	NA	NA
NC_045512.2	475	C	A	59	35	27	10	10	27	0.0917431	109	0.000395498	TRUE	NA	NA	NA	NA	NA	NA
NC_045512.2	476	A	T	59	35	27	18	18	26	0.168224	107	5.89044e-07	TRUE	NA	NA	NA	NA	NA	NA
NC_045512.2	476	A	G	59	35	27	23	23	25	0.214953	107	1.08801e-08	TRUE	NA	NA	NA	NA	NA	NA
NC_045512.2	476	A	C	59	35	27	7	7	26	0.0654206	107	0.00548252	TRUE	NA	NA	NA	NA	NA	NA
NC_045512.2	477	T	G	64	40	27	21	21	26	0.190909	110	8.77803e-08	TRUE	NA	NA	NA	NA	NA	NA
NC_045512.2	477	T	C	64	40	27	9	9	26	0.0818182	110	0.00131127	TRUE	NA	NA	NA	NA	NA	NA
NC_045512.2	477	T	A	64	40	27	16	16	27	0.145455	110	4.53005e-06	TRUE	NA	NA	NA	NA	NA	NA
NC_045512.2	478	C	T	60	40	26	10	10	26	0.0952381	105	0.000540679	TRUE	NA	NA	NA	NA	NA	NA
NC_045512.2	478	C	G	60	40	26	24	24	25	0.228571	105	7.87773e-09	TRUE	NA	NA	NA	NA	NA	NA
NC_045512.2	478	C	A	60	40	26	11	11	27	0.104762	105	0.000238309	TRUE	NA	NA	NA	NA	NA	NA
NC_045512.2	479	A	T	51	31	25	15	15	26	0.159574	94	6.61011e-07	TRUE	NA	NA	NA	NA	NA	NA
NC_045512.2	479	A	G	51	31	25	19	19	26	0.202128	94	2.13841e-08	TRUE	NA	NA	NA	NA	NA	NA
NC_045512.2	479	A	C	51	31	25	9	9	26	0.0957447	94	0.000148402	TRUE	NA	NA	NA	NA	NA	NA
NC_045512.2	480	A	T	67	47	27	11	11	27	0.106796	103	0.000504037	TRUE	NA	NA	NA	NA	NA	NA
NC_045512.2	480	A	G	67	47	27	17	17	25	0.165049	103	5.69699e-06	TRUE	NA	NA	NA	NA	NA	NA
NC_045512.2	480	A	C	67	47	27	8	8	25	0.0776699	103	0.00483192	TRUE	NA	NA	NA	NA	NA	NA
NC_045512.2	480	A	-A	67	47	27	1	0	20	0.00970874	103	0.64142	FALSE	NA	NA	NA	NA	NA	NA
NC_045512.2	481	A	T	54	44	26	10	10	26	0.106383	94	8.09415e-05	TRUE	NA	NA	NA	NA	NA	NA
NC_045512.2	481	A	G	54	44	26	20	20	25	0.212766	94	1.64607e-08	TRUE	NA	NA	NA	NA	NA	NA
NC_045512.2	481	A	C	54	44	26	10	10	26	0.106383	94	8.09415e-05	TRUE	NA	NA	NA	NA	NA	NA
NC_045512.2	482	C	T	54	34	25	9	9	26	0.0865385	104	0.00077252	TRUE	NA	NA	NA	NA	NA	NA
NC_045512.2	482	C	G	54	34	25	26	26	25	0.25	104	5.42216e-10	TRUE	NA	NA	NA	NA	NA	NA
NC_045512.2	482	C	A	54	34	25	15	15	26	0.144231	104	4.41595e-06	TRUE	NA	NA	NA	NA	NA	NA
NC_045512.2	483	G	T	62	42	26	24	24	26	0.230769	104	1.30981e-08	TRUE	NA	NA	NA	NA	NA	NA
NC_045512.2	483	G	C	62	42	26	8	8	26	0.0769231	104	0.00335105	TRUE	NA	NA	NA	NA	NA	NA
NC_045512.2	483	G	A	62	42	26	10	10	26	0.0961538	104	0.000679761	TRUE	NA	NA	NA	NA	NA	NA
NC_045512.2	483	G	-T	62	42	26	1	0	20	0.00961538	104	0.616429	FALSE	NA	NA	NA	NA	NA	NA
NC_045512.2	484	T	G	55	35	24	20	20	25	0.190476	105	6.47745e-08	TRUE	NA	NA	NA	NA	NA	NA
NC_045512.2	484	T	C	55	35	24	22	22	26	0.209524	105	1.25761e-08	TRUE	NA	NA	NA	NA	NA	NA
NC_045512.2	484	T	A	55	35	24	8	8	25	0.0761905	105	0.00182157	TRUE	NA	NA	NA	NA	NA	NA
NC_045512.2	484	T	+A	55	35	24	1	0	20	0.00943396	106	0.576087	FALSE	NA	NA	NA	NA	NA	NA
NC_045512.2	485	T	G	49	36	25	18	18	26	0.185567	97	2.40737e-08	TRUE	NA	NA	NA	NA	NA	NA
NC_045512.2	485	T	C	49	36	25	18	18	26	0.185567	97	2.40737e-08	TRUE	NA	NA	NA	NA	NA	NA
NC_045512.2	485	T	A	49	36	25	12	12	25	0.123711	97	5.72535e-06	TRUE	NA	NA	NA	NA	NA	NA
NC_045512.2	486	C	T	62	46	26	17	17	26	0.168317	101	3.60001e-06	TRUE	NA	NA	NA	NA	NA	NA
NC_045512.2	486	C	G	62	46	26	13	13	25	0.128713	101	7.78045e-05	TRUE	NA	NA	NA	NA	NA	NA
NC_045512.2	486	C	A	62	46	26	9	9	26	0.0891089	101	0.00175548	TRUE	NA	NA	NA	NA	NA	NA
NC_045512.2	486	C	-G	62	46	26	1	0	20	0.00990099	101	0.625085	FALSE	NA	NA	NA	NA	NA	NA
NC_045512.2	487	G	T	53	37	25	19	19	25	0.195876	97	1.91704e-08	TRUE	NA	NA	NA	NA	NA	NA
NC_045512.2	487	G	C	53	37	25	12	12	27	0.123711	97	8.96401e-06	TRUE	NA	NA	NA	NA	NA	NA
NC_045512.2	487	G	A	53	37	25	13	13	26	0.134021	97	3.6296e-06	TRUE	NA	NA	NA	NA	NA	NA
NC_045512.2	488	G	T	53	40	25	24	24	26	0.244898	98	3.01984e-10	TRUE	NA	NA	NA	NA	NA	NA
NC_045512.2	488	G	C	53	40	25	8	8	26	0.0816327	98	0.000366045	TRUE	NA	NA	NA	NA	NA	NA
NC_045512.2	488	G	A	53	40	25	13	13	25	0.132653	98	3.6296e-06	TRUE	NA	NA	NA	NA	NA	NA
NC_045512.2	489	A	T	56	40	27	16	16	26	0.168421	95	5.46512e-07	TRUE	NA	NA	NA	NA	NA	NA
NC_045512.2	489	A	G	56	40	27	12	12	25	0.126316	95	1.62064e-05	TRUE	NA	NA	NA	NA	NA	NA
NC_045512.2	489	A	C	56	40	27	11	11	27	0.115789	95	3.86093e-05	TRUE	NA	NA	NA	NA	NA	NA
NC_045512.2	490	T	G	50	35	27	13	13	25	0.134021	97	2.59934e-06	TRUE	NA	NA	NA	NA	NA	NA
NC_045512.2	490	T	C	50	35	27	15	14	27	0.154639	97	4.19769e-07	TRUE	NA	NA	NA	NA	NA	NA
NC_045512.2	490	T	A	50	35	27	19	19	25	0.195876	97	1.21887e-08	TRUE	NA	NA	NA	NA	NA	NA
NC_045512.2	491	G	T	56	40	26	10	10	26	0.102041	98	7.66348e-05	TRUE	NA	NA	NA	NA	NA	NA
NC_045512.2	491	G	C	56	40	26	12	12	26	0.122449	98	1.29027e-05	TRUE	NA	NA	NA	NA	NA	NA
NC_045512.2	491	G	A	56	40	26	20	20	26	0.204082	98	1.44082e-08	TRUE	NA	NA	NA	NA	NA	NA
NC_045512.2	492	C	T	53	37	27	12	12	27	0.125	96	1.04608e-05	TRUE	NA	NA	NA	NA	NA	NA
NC_045512.2	492	C	G	53	37	27	17	17	26	0.177083	96	1.32064e-07	TRUE	NA	NA	NA	NA	NA	NA
NC_045512.2	492	C	A	53	37	27	14	14	26	0.145833	96	1.77355e-06	TRUE	NA	NA	NA	NA	NA	NA
NC_045512.2	493	T	G	48	32	27	15	15	26	0.15625	96	3.32156e-07	TRUE	NA	NA	NA	NA	NA	NA
NC_045512.2	493	T	C	48	32	27	15	15	26	0.15625	96	3.32156e-07	TRUE	NA	NA	NA	NA	NA	NA
NC_045512.2	493	T	A	48	32	27	18	18	26	0.1875	96	2.22657e-08	TRUE	NA	NA	NA	NA	NA	NA
NC_045512.2	494	C	T	52	36	26	17	17	25	0.173469	98	8.97512e-08	TRUE	NA	NA	NA	NA	NA	NA
NC_045512.2	494	C	G	52	36	26	15	15	25	0.153061	98	5.23931e-07	TRUE	NA	NA	NA	NA	NA	NA
NC_045512.2	494	C	A	52	36	26	14	14	27	0.142857	98	1.28246e-06	TRUE	NA	NA	NA	NA	NA	NA
NC_045512.2	495	G	T	55	39	26	14	14	26	0.145833	96	2.34256e-06	TRUE	NA	NA	NA	NA	NA	NA
NC_045512.2	495	G	C	55	39	26	13	13	26	0.135417	96	5.56783e-06	TRUE	NA	NA	NA	NA	NA	NA
NC_045512.2	495	G	A	55	39	26	14	14	27	0.145833	96	2.34256e-06	TRUE	NA	NA	NA	NA	NA	NA
NC_045512.2	496	A	T	55	39	25	18	18	25	0.189474	95	8.91873e-08	TRUE	NA	NA	NA	NA	NA	NA
NC_045512.2	496	A	G	55	39	25	7	7	24	0.0736842	95	0.00126368	TRUE	NA	NA	NA	NA	NA	NA
NC_045512.2	496	A	C	55	39	25	15	15	26	0.157895	95	1.0932e-06	TRUE	NA	NA	NA	NA	NA	NA
NC_045512.2	496	A	-A	55	39	25	1	0	20	0.0105263	95	0.373333	FALSE	NA	NA	NA	NA	NA	NA
NC_045512.2	497	A	T	53	37	25	13	13	26	0.136842	95	4.28829e-06	TRUE	NA	NA	NA	NA	NA	NA
NC_045512.2	497	A	G	53	37	25	12	12	26	0.126316	95	1.04608e-05	TRUE	NA	NA	NA	NA	NA	NA
NC_045512.2	497	A	C	53	37	25	17	17	25	0.178947	95	1.32064e-07	TRUE	NA	NA	NA	NA	NA	NA
NC_045512.2	497	A	-C	53	37	25	1	0	20	0.0104167	96	0.362416	FALSE	NA	NA	NA	NA	NA	NA
NC_045512.2	498	C	T	56	40	26	12	12	24	0.123711	97	1.29027e-05	TRUE	NA	NA	NA	NA	NA	NA
NC_045512.2	498	C	G	56	40	26	13	13	26	0.134021	97	5.36319e-06	TRUE	NA	NA	NA	NA	NA	NA
NC_045512.2	498	C	A	56	40	26	16	16	26	0.164948	97	4.04762e-07	TRUE	NA	NA	NA	NA	NA	NA
NC_045512.2	499	T	G	58	42	27	19	19	25	0.195876	97	5.16795e-08	TRUE	NA	NA	NA	NA	NA	NA
NC_045512.2	499	T	C	58	42	27	7	7	25	0.0721649	97	0.00142824	TRUE	NA	NA	NA	NA	NA	NA
NC_045512.2	499	T	A	58	42	27	13	13	26	0.134021	97	7.435e-06	TRUE	NA	NA	NA	NA	NA	NA
NC_045512.2	500	G	T	60	40	26	14	14	26	0.141414	99	3.4515e-06	TRUE	NA	NA	NA	NA	NA	NA
NC_045512.2	500	G	C	60	40	26	11	11	25	0.111111	99	4.43705e-05	TRUE	NA	NA	NA	NA	NA	NA
NC_045512.2	500	G	A	60	40	26	14	14	26	0.141414	99	3.4515e-06	TRUE	NA	NA	NA	NA	NA	NA
NC_045512.2	500	G	-C	60	40	26	2	0	20	0.020202	99	0.148664	FALSE	NA	NA	NA	NA	NA	NA
NC_045512.2	501	C	T	54	35	27	10	10	28	0.103093	97	6.66095e-05	TRUE	NA	NA	NA	NA	NA	NA
NC_045512.2	501	C	G	54	35	27	16	16	26	0.164948	97	3.29276e-07	TRUE	NA	NA	NA	NA	NA	NA
NC_045512.2	501	C	A	54	35	27	17	17	25	0.175258	97	1.39992e-07	TRUE	NA	NA	NA	NA	NA	NA
NC_045512.2	502	A	T	63	44	26	11	11	25	0.112245	98	6.33858e-05	TRUE	NA	NA	NA	NA	NA	NA
NC_045512.2	502	A	G	63	44	26	16	16	25	0.163265	98	1.07499e-06	TRUE	NA	NA	NA	NA	NA	NA
NC_045512.2	502	A	C	63	44	26	8	8	28	0.0816327	98	0.000800638	TRUE	NA	NA	NA	NA	NA	NA
NC_045512.2	503	C	T	55	36	25	12	12	26	0.121212	99	1.06258e-05	TRUE	NA	NA	NA	NA	NA	NA
NC_045512.2	503	C	G	55	36	25	14	14	25	0.141414	99	1.79843e-06	TRUE	NA	NA	NA	NA	NA	NA
NC_045512.2	503	C	A	55	36	25	18	18	26	0.181818	99	5.69201e-08	TRUE	NA	NA	NA	NA	NA	NA
NC_045512.2	504	C	T	48	34	25	12	12	25	0.12766	94	6.34147e-06	TRUE	NA	NA	NA	NA	NA	NA
NC_045512.2	504	C	G	48	34	25	15	15	26	0.159574	94	4.05765e-07	TRUE	NA	NA	NA	NA	NA	NA
NC_045512.2	504	C	A	48	34	25	19	19	26	0.202128	94	1.1828e-08	TRUE	NA	NA	NA	NA	NA	NA
NC_045512.2	504	C	-T	48	34	25	1	0	20	0.0106383	94	0.34507	FALSE	NA	NA	NA	NA	NA	NA
NC_045512.2	505	T	G	52	35	26	17	17	26	0.177083	96	9.99912e-08	TRUE	NA	NA	NA	NA	NA	NA
NC_045512.2	505	T	C	52	35	26	11	11	26	0.114583	96	2.1324e-05	TRUE	NA	NA	NA	NA	NA	NA
NC_045512.2	505	T	A	52	35	26	16	16	26	0.166667	96	2.39109e-07	TRUE	NA	NA	NA	NA	NA	NA
NC_045512.2	506	C	T	59	42	26	10	10	26	0.105263	95	0.000123511	TRUE	NA	NA	NA	NA	NA	NA
NC_045512.2	506	C	G	59	42	26	13	13	25	0.136842	95	9.83914e-06	TRUE	NA	NA	NA	NA	NA	NA
NC_045512.2	506	C	A	59	42	26	13	13	27	0.136842	95	9.83914e-06	TRUE	NA	NA	NA	NA	NA	NA
NC_045512.2	507	A	T	45	28	26	16	16	25	0.168421	95	8.51956e-08	TRUE	NA	NA	NA	NA	NA	NA
NC_045512.2	507	A	G	45	28	26	19	19	25	0.2	95	5.50361e-09	TRUE	NA	NA	NA	NA	NA	NA
NC_045512.2	507	A	C	45	28	26	15	15	26	0.157895	95	2.16481e-07	TRUE	NA	NA	NA	NA	NA	NA
NC_045512.2	507	A	-T	45	28	26	1	0	20	0.0105263	95	0.328571	FALSE	NA	NA	NA	NA	NA	NA
NC_045512.2	508	T	G	66	49	26	6	6	27	0.0625	96	0.00547611	TRUE	NA	NA	NA	NA	NA	NA
NC_045512.2	508	T	C	66	49	26	16	16	25	0.166667	96	1.72228e-06	TRUE	NA	NA	NA	NA	NA	NA
NC_045512.2	508	T	A	66	49	26	8	8	27	0.0833333	96	0.00102965	TRUE	NA	NA	NA	NA	NA	NA
NC_045512.2	509	G	T	49	32	25	20	20	26	0.206186	97	4.1742e-09	TRUE	NA	NA	NA	NA	NA	NA
NC_045512.2	509	G	C	49	32	25	14	14	27	0.14433	97	8.90184e-07	TRUE	NA	NA	NA	NA	NA	NA
NC_045512.2	509	G	A	49	32	25	14	14	26	0.14433	97	8.90184e-07	TRUE	NA	NA	NA	NA	NA	NA
NC_045512.2	510	G	T	47	33	26	18	18	26	0.191489	94	2.31651e-08	TRUE	NA	NA	NA	NA	NA	NA
NC_045512.2	510	G	C	47	33	26	14	14	26	0.148936	94	8.55108e-07	TRUE	NA	NA	NA	NA	NA	NA
NC_045512.2	510	G	A	47	33	26	15	15	25	0.159574	94	3.42043e-07	TRUE	NA	NA	NA	NA	NA	NA
NC_045512.2	511	T	G	56	40	27	14	14	26	0.147368	95	2.9282e-06	TRUE	NA	NA	NA	NA	NA	NA
NC_045512.2	511	T	C	56	40	27	7	7	25	0.0736842	95	0.00135825	TRUE	NA	NA	NA	NA	NA	NA
NC_045512.2	511	T	A	56	40	27	18	18	27	0.189474	95	1.05227e-07	TRUE	NA	NA	NA	NA	NA	NA
NC_045512.2	512	C	T	101	34	27	14	14	27	0.0933333	150	5.1548e-05	TRUE	NA	NA	NA	NA	NA	NA
NC_045512.2	512	C	G	101	34	27	21	21	25	0.14	150	2.53552e-07	TRUE	NA	NA	NA	NA	NA	NA
NC_045512.2	512	C	A	101	34	27	14	14	26	0.0933333	150	5.1548e-05	TRUE	NA	NA	NA	NA	NA	NA
NC_045512.2	513	A	T	107	40	27	16	16	27	0.106667	150	1.78393e-05	TRUE	NA	NA	NA	NA	NA	NA
NC_045512.2	513	A	G	107	40	27	19	19	27	0.126667	150	1.98047e-06	TRUE	NA	NA	NA	NA	NA	NA
NC_045512.2	513	A	C	107	40	27	8	8	27	0.0533333	150	0.00636306	TRUE	NA	NA	NA	NA	NA	NA
NC_045512.2	514	T	G	112	45	27	14	14	26	0.0939597	149	0.000112357	TRUE	NA	NA	NA	NA	NA	NA
NC_045512.2	514	T	C	112	45	27	12	12	26	0.0805369	149	0.000465889	TRUE	NA	NA	NA	NA	NA	NA
NC_045512.2	514	T	A	112	45	27	11	11	26	0.0738255	149	0.000947663	TRUE	NA	NA	NA	NA	NA	NA
NC_045512.2	515	G	T	110	44	26	14	14	25	0.0945946	148	0.000104307	TRUE	NA	NA	NA	NA	NA	NA
NC_045512.2	515	G	C	110	44	26	12	12	26	0.0810811	148	0.000436852	TRUE	NA	NA	NA	NA	NA	NA
NC_045512.2	515	G	A	110	44	26	12	12	26	0.0810811	148	0.000436852	TRUE	NA	NA	NA	NA	NA	NA
NC_045512.2	516	T	G	106	34	26	15	15	26	0.10274	146	4.32032e-05	TRUE	NA	NA	NA	NA	NA	NA
NC_045512.2	516	T	C	106	34	26	8	8	28	0.0547945	146	0.00687095	TRUE	NA	NA	NA	NA	NA	NA
NC_045512.2	516	T	A	106	34	26	17	17	26	0.116438	146	1.01432e-05	TRUE	NA	NA	NA	NA	NA	NA
NC_045512.2	517	T	G	103	42	24	11	11	26	0.0769231	143	0.000761097	TRUE	NA	NA	NA	NA	NA	NA
NC_045512.2	517	T	C	103	42	24	15	15	26	0.104895	143	4.12613e-05	TRUE	NA	NA	NA	NA	NA	NA
NC_045512.2	517	T	A	103	42	24	14	14	26	0.0979021	143	8.5479e-05	TRUE	NA	NA	NA	NA	NA	NA
NC_045512.2	517	T	-A	103	42	24	1	0	20	0.00699301	143	0.667795	FALSE	NA	NA	NA	NA	NA	NA
NC_045512.2	518	A	T	113	42	27	17	17	26	0.111111	153	1.06468e-05	TRUE	NA	NA	NA	NA	NA	NA
NC_045512.2	518	A	G	113	42	27	11	11	25	0.0718954	153	0.000820964	TRUE	NA	NA	NA	NA	NA	NA
NC_045512.2	518	A	C	113	42	27	12	12	26	0.0784314	153	0.000398116	TRUE	NA	NA	NA	NA	NA	NA
NC_045512.2	519	T	G	112	40	27	18	18	25	0.116129	155	4.48888e-06	TRUE	NA	NA	NA	NA	NA	NA
NC_045512.2	519	T	C	112	40	27	12	12	26	0.0774194	155	0.000361952	TRUE	NA	NA	NA	NA	NA	NA
NC_045512.2	519	T	A	112	40	27	13	13	26	0.083871	155	0.000173978	TRUE	NA	NA	NA	NA	NA	NA
NC_045512.2	520	G	T	112	40	26	17	17	25	0.113333	150	1.25577e-05	TRUE	NA	NA	NA	NA	NA	NA
NC_045512.2	520	G	C	112	40	26	10	10	26	0.0666667	150	0.00185783	TRUE	NA	NA	NA	NA	NA	NA
NC_045512.2	520	G	A	112	40	26	11	11	27	0.0733333	150	0.000911612	TRUE	NA	NA	NA	NA	NA	NA
NC_045512.2	521	G	T	98	33	24	19	19	26	0.132867	143	1.42356e-06	TRUE	NA	NA	NA	NA	NA	NA
NC_045512.2	521	G	C	98	33	24	11	11	26	0.0769231	143	0.000576512	TRUE	NA	NA	NA	NA	NA	NA
NC_045512.2	521	G	A	98	33	24	15	15	25	0.104895	143	2.83739e-05	TRUE	NA	NA	NA	NA	NA	NA
NC_045512.2	522	T	G	114	42	26	10	10	26	0.0653595	153	0.00182797	TRUE	NA	NA	NA	NA	NA	NA
NC_045512.2	522	T	C	114	42	26	10	10	25	0.0653595	153	0.00182797	TRUE	NA	NA	NA	NA	NA	NA
NC_045512.2	522	T	A	114	42	26	19	19	26	0.124183	153	2.91932e-06	TRUE	NA	NA	NA	NA	NA	NA
NC_045512.2	522	T	-T	114	42	26	1	0	20	0.00653595	153	0.676833	FALSE	NA	NA	NA	NA	NA	NA
NC_045512.2	523	T	G	100	37	24	18	18	26	0.125874	143	3.35574e-06	TRUE	NA	NA	NA	NA	NA	NA
NC_045512.2	523	T	C	100	37	24	9	8	26	0.0629371	143	0.00274633	TRUE	NA	NA	NA	NA	NA	NA
NC_045512.2	523	T	A	100	37	24	16	16	25	0.111888	143	1.48197e-05	TRUE	NA	NA	NA	NA	NA	NA
NC_045512.2	524	G	T	120	48	26	11	11	25	0.0718954	153	0.00118172	TRUE	NA	NA	NA	NA	NA	NA
NC_045512.2	524	G	C	120	48	26	5	5	27	0.0326797	153	0.0678982	FALSE	NA	NA	NA	NA	NA	NA
NC_045512.2	524	G	A	120	48	26	17	17	26	0.111111	153	1.8578e-05	TRUE	NA	NA	NA	NA	NA	NA
NC_045512.2	525	A	T	113	41	27	14	14	26	0.0915033	153	9.80944e-05	TRUE	NA	NA	NA	NA	NA	NA
NC_045512.2	525	A	G	113	41	27	21	21	26	0.137255	153	6.44936e-07	TRUE	NA	NA	NA	NA	NA	NA
NC_045512.2	525	A	C	113	41	27	5	5	24	0.0326797	153	0.0587439	FALSE	NA	NA	NA	NA	NA	NA
NC_045512.2	526	G	T	113	41	27	15	15	25	0.0980392	153	4.76915e-05	TRUE	NA	NA	NA	NA	NA	NA
NC_045512.2	526	G	C	113	41	27	13	13	26	0.0849673	153	0.000201811	TRUE	NA	NA	NA	NA	NA	NA
NC_045512.2	526	G	A	113	41	27	12	12	24	0.0784314	153	0.000415064	TRUE	NA	NA	NA	NA	NA	NA
NC_045512.2	526	G	-CT	113	41	27	2	0	20	0.0130719	153	0.396348	FALSE	NA	NA	NA	NA	NA	NA
NC_045512.2	527	C	T	107	35	27	16	16	25	0.108108	148	1.78393e-05	TRUE	NA	NA	NA	NA	NA	NA
NC_045512.2	527	C	G	107	35	27	16	16	25	0.108108	148	1.78393e-05	TRUE	NA	NA	NA	NA	NA	NA
NC_045512.2	527	C	A	107	35	27	9	9	26	0.0608108	148	0.00307195	TRUE	NA	NA	NA	NA	NA	NA
NC_045512.2	528	T	G	119	48	27	12	12	25	0.0816327	147	0.00066441	TRUE	NA	NA	NA	NA	NA	NA
NC_045512.2	528	T	C	119	48	27	9	8	26	0.0612245	147	0.00508558	TRUE	NA	NA	NA	NA	NA	NA
NC_045512.2	528	T	A	119	48	27	7	7	26	0.047619	147	0.0193493	FALSE	NA	NA	NA	NA	NA	NA
NC_045512.2	528	T	-G	119	48	27	1	0	20	0.00671141	149	0.695958	FALSE	NA	NA	NA	NA	NA	NA
NC_045512.2	529	G	T	110	38	26	15	15	26	0.101351	148	5.0979e-05	TRUE	NA	NA	NA	NA	NA	NA
NC_045512.2	529	G	C	110	38	26	9	9	25	0.0608108	148	0.00371105	TRUE	NA	NA	NA	NA	NA	NA
NC_045512.2	529	G	A	110	38	26	14	14	27	0.0945946	148	0.000104307	TRUE	NA	NA	NA	NA	NA	NA
NC_045512.2	530	G	T	107	42	25	9	9	25	0.0633803	142	0.00398635	TRUE	NA	NA	NA	NA	NA	NA
NC_045512.2	530	G	C	107	42	25	8	8	27	0.056338	142	0.00801095	TRUE	NA	NA	NA	NA	NA	NA
NC_045512.2	530	G	A	107	42	25	18	18	27	0.126761	142	6.98599e-06	TRUE	NA	NA	NA	NA	NA	NA
NC_045512.2	531	T	G	112	40	27	12	12	26	0.0794702	151	0.000428049	TRUE	NA	NA	NA	NA	NA	NA
NC_045512.2	531	T	C	112	40	27	7	7	26	0.0463576	151	0.0150072	FALSE	NA	NA	NA	NA	NA	NA
NC_045512.2	531	T	A	112	40	27	20	20	26	0.13245	151	1.38956e-06	TRUE	NA	NA	NA	NA	NA	NA
NC_045512.2	532	A	T	123	51	27	10	10	25	0.0657895	152	0.00274158	TRUE	NA	NA	NA	NA	NA	NA
NC_045512.2	532	A	G	123	51	27	12	12	24	0.0789474	152	0.000711457	TRUE	NA	NA	NA	NA	NA	NA
NC_045512.2	532	A	C	123	51	27	7	7	26	0.0460526	152	0.0201577	FALSE	NA	NA	NA	NA	NA	NA
NC_045512.2	533	G	T	115	43	27	10	10	24	0.0657895	152	0.0019758	TRUE	NA	NA	NA	NA	NA	NA
NC_045512.2	533	G	C	115	43	27	9	9	26	0.0592105	152	0.00399164	TRUE	NA	NA	NA	NA	NA	NA
NC_045512.2	533	G	A	115	43	27	18	18	26	0.118421	152	6.84487e-06	TRUE	NA	NA	NA	NA	NA	NA
NC_045512.2	534	C	T	103	34	27	19	17	25	0.125	152	1.20176e-06	TRUE	NA	NA	NA	NA	NA	NA
NC_045512.2	534	C	G	103	34	27	16	16	25	0.105263	152	1.16716e-05	TRUE	NA	NA	NA	NA	NA	NA
NC_045512.2	534	C	A	103	34	27	14	14	25	0.0921053	152	5.35412e-05	TRUE	NA	NA	NA	NA	NA	NA
NC_045512.2	535	A	T	109	39	27	9	9	26	0.0616438	146	0.00379883	TRUE	NA	NA	NA	NA	NA	NA
NC_045512.2	535	A	G	109	39	27	16	16	25	0.109589	146	2.60632e-05	TRUE	NA	NA	NA	NA	NA	NA
NC_045512.2	535	A	C	109	39	27	12	11	25	0.0821918	146	0.000451139	TRUE	NA	NA	NA	NA	NA	NA
NC_045512.2	536	G	T	111	40	27	9	9	24	0.0638298	141	0.00483931	TRUE	NA	NA	NA	NA	NA	NA
NC_045512.2	536	G	C	111	40	27	10	10	25	0.070922	141	0.00245138	TRUE	NA	NA	NA	NA	NA	NA
NC_045512.2	536	G	A	111	40	27	11	11	25	0.0780142	141	0.00123828	TRUE	NA	NA	NA	NA	NA	NA
NC_045512.2	537	A	T	71	9	27	8	8	25	0.0888889	90	0.00196329	TRUE	NA	NA	NA	NA	NA	NA
NC_045512.2	537	A	G	71	9	27	7	7	25	0.0777778	90	0.0041751	TRUE	NA	NA	NA	NA	NA	NA
NC_045512.2	537	A	C	71	9	27	4	4	26	0.0444444	90	0.0418385	FALSE	NA	NA	NA	NA	NA	NA
NC_045512.2	538	A	T	69	8	23	3	3	28	0.037037	81	0.103939	FALSE	NA	NA	NA	NA	NA	NA
NC_045512.2	538	A	G	69	8	23	6	6	27	0.0740741	81	0.0115305	FALSE	NA	NA	NA	NA	NA	NA
NC_045512.2	538	A	C	69	8	23	3	3	27	0.037037	81	0.103939	FALSE	NA	NA	NA	NA	NA	NA
NC_045512.2	539	C	T	66	4	27	2	2	26	0.0253165	79	0.21521	FALSE	NA	NA	NA	NA	NA	NA
NC_045512.2	539	C	G	66	4	27	7	7	26	0.0886076	79	0.00528312	TRUE	NA	NA	NA	NA	NA	NA
NC_045512.2	539	C	A	66	4	27	4	4	25	0.0506329	79	0.0477783	FALSE	NA	NA	NA	NA	NA	NA
NC_045512.2	540	T	G	68	6	27	1	1	25	0.0131579	76	0.479167	FALSE	NA	NA	NA	NA	NA	NA
NC_045512.2	540	T	C	68	6	27	4	4	26	0.0526316	76	0.0550982	FALSE	NA	NA	NA	NA	NA	NA
NC_045512.2	540	T	A	68	6	27	3	3	26	0.0394737	76	0.112492	FALSE	NA	NA	NA	NA	NA	NA
NC_045512.2	541	C	T	66	4	27	5	5	24	0.0657895	76	0.0252395	FALSE	NA	NA	NA	NA	NA	NA
NC_045512.2	541	C	G	66	4	27	1	1	27	0.0131579	76	0.471831	FALSE	NA	NA	NA	NA	NA	NA
NC_045512.2	541	C	A	66	4	27	4	4	27	0.0526316	76	0.051901	FALSE	NA	NA	NA	NA	NA	NA
NC_045512.2	542	G	T	69	8	27	4	4	27	0.0533333	75	0.0582923	FALSE	NA	NA	NA	NA	NA	NA
NC_045512.2	542	G	A	69	8	27	2	2	26	0.0266667	75	0.238027	FALSE	NA	NA	NA	NA	NA	NA
NC_045512.2	543	A	T	70	9	27	1	1	26	0.0135135	74	0.493056	FALSE	NA	NA	NA	NA	NA	NA
NC_045512.2	543	A	G	70	9	27	2	2	27	0.027027	74	0.244828	FALSE	NA	NA	NA	NA	NA	NA
NC_045512.2	543	A	C	70	9	27	1	1	27	0.0135135	74	0.493056	FALSE	NA	NA	NA	NA	NA	NA
NC_045512.2	544	A	G	70	11	23	3	3	25	0.0405405	74	0.122414	FALSE	NA	NA	NA	NA	NA	NA
NC_045512.2	544	A	C	70	11	23	1	1	27	0.0135135	74	0.493056	FALSE	NA	NA	NA	NA	NA	NA
NC_045512.2	545	G	T	68	7	27	3	3	24	0.0394737	76	0.112492	FALSE	NA	NA	NA	NA	NA	NA
NC_045512.2	545	G	C	68	7	27	1	1	20	0.0131579	76	0.479167	FALSE	NA	NA	NA	NA	NA	NA
NC_045512.2	545	G	A	68	7	27	4	4	26	0.0526316	76	0.0550982	FALSE	NA	NA	NA	NA	NA	NA
NC_045512.2	546	G	T	62	4	23	3	3	24	0.0422535	71	0.108929	FALSE	NA	NA	NA	NA	NA	NA
NC_045512.2	546	G	C	62	4	23	2	2	28	0.028169	71	0.226237	FALSE	NA	NA	NA	NA	NA	NA
NC_045512.2	546	G	A	62	4	23	4	4	26	0.056338	71	0.0528626	FALSE	NA	NA	NA	NA	NA	NA
NC_045512.2	547	C	T	67	6	27	3	3	29	0.04	75	0.112323	FALSE	NA	NA	NA	NA	NA	NA
NC_045512.2	547	C	G	67	6	27	3	3	22	0.04	75	0.112323	FALSE	NA	NA	NA	NA	NA	NA
NC_045512.2	547	C	A	67	6	27	2	2	26	0.0266667	75	0.231065	FALSE	NA	NA	NA	NA	NA	NA
NC_045512.2	548	A	G	64	3	26	2	2	23	0.030303	66	0.251908	FALSE	NA	NA	NA	NA	NA	NA
NC_045512.2	549	T	A	63	2	27	1	1	25	0.015625	64	0.503937	FALSE	NA	NA	NA	NA	NA	NA
NC_045512.2	550	T	G	58	2	23	1	1	23	0.0169492	59	0.504274	FALSE	NA	NA	NA	NA	NA	NA
NC_045512.2	556	C	G	62	2	26	1	1	26	0.015873	63	0.504	FALSE	NA	NA	NA	NA	NA	NA
NC_045512.2	557	G	C	62	1	27	1	1	25	0.015873	63	0.504	FALSE	NA	NA	NA	NA	NA	NA
NC_045512.2	558	G	A	56	2	23	1	1	22	0.0175439	57	0.504425	FALSE	NA	NA	NA	NA	NA	NA
NC_045512.2	561	G	T	67	2	26	1	1	23	0.0147059	68	0.503704	FALSE	NA	NA	NA	NA	NA	NA
NC_045512.2	562	T	C	67	2	25	1	1	28	0.0147059	68	0.503704	FALSE	NA	NA	NA	NA	NA	NA
NC_045512.2	564	G	T	67	2	27	1	1	27	0.0147059	68	0.503704	FALSE	NA	NA	NA	NA	NA	NA
NC_045512.2	565	T	G	67	2	26	1	1	22	0.0147059	68	0.503704	FALSE	NA	NA	NA	NA	NA	NA
NC_045512.2	567	G	T	63	2	22	1	1	25	0.0153846	65	0.5	FALSE	NA	NA	NA	NA	NA	NA
NC_045512.2	567	G	C	63	2	22	1	1	25	0.0153846	65	0.5	FALSE	NA	NA	NA	NA	NA	NA
NC_045512.2	568	T	C	67	2	26	1	1	25	0.0144928	69	0.5	FALSE	NA	NA	NA	NA	NA	NA
NC_045512.2	568	T	A	67	2	26	1	1	25	0.0144928	69	0.5	FALSE	NA	NA	NA	NA	NA	NA
NC_045512.2	569	G	T	98	3	26	1	1	22	0.01	100	0.748744	FALSE	NA	NA	NA	NA	NA	NA
NC_045512.2	569	G	A	98	3	26	1	1	25	0.01	100	0.748744	FALSE	NA	NA	NA	NA	NA	NA
NC_045512.2	570	A	T	99	3	26	1	1	23	0.00961538	104	0.743794	FALSE	NA	NA	NA	NA	NA	NA
NC_045512.2	570	A	G	99	3	26	1	1	22	0.00961538	104	0.743794	FALSE	NA	NA	NA	NA	NA	NA
NC_045512.2	570	A	C	99	3	26	3	3	24	0.0288462	104	0.306981	FALSE	NA	NA	NA	NA	NA	NA
NC_045512.2	571	G	A	100	4	27	3	3	24	0.0291262	103	0.314334	FALSE	NA	NA	NA	NA	NA	NA
NC_045512.2	572	A	T	99	3	27	4	4	24	0.038835	103	0.187477	FALSE	NA	NA	NA	NA	NA	NA
NC_045512.2	573	C	T	99	3	27	1	1	25	0.00961538	104	0.743794	FALSE	NA	NA	NA	NA	NA	NA
NC_045512.2	573	C	G	99	3	27	3	3	25	0.0288462	104	0.306981	FALSE	NA	NA	NA	NA	NA	NA
NC_045512.2	573	C	A	99	3	27	1	1	22	0.00961538	104	0.743794	FALSE	NA	NA	NA	NA	NA	NA
NC_045512.2	574	A	T	100	4	27	2	2	23	0.0196078	102	0.503713	FALSE	NA	NA	NA	NA	NA	NA
NC_045512.2	575	C	T	99	3	27	4	4	26	0.038835	103	0.187477	FALSE	NA	NA	NA	NA	NA	NA
NC_045512.2	576	T	G	99	3	27	1	1	30	0.00961538	104	0.492611	FALSE	NA	NA	NA	NA	NA	NA
NC_045512.2	576	T	C	99	3	27	1	1	25	0.00961538	104	0.743794	FALSE	NA	NA	NA	NA	NA	NA
NC_045512.2	576	T	A	99	3	27	3	3	26	0.0288462	104	0.306981	FALSE	NA	NA	NA	NA	NA	NA
NC_045512.2	577	T	G	94	7	23	1	1	25	0.0103093	97	0.497382	FALSE	NA	NA	NA	NA	NA	NA
NC_045512.2	577	T	C	94	7	23	1	0	29	0.0103093	97	0.497382	FALSE	NA	NA	NA	NA	NA	NA
NC_045512.2	577	T	A	94	7	23	1	1	25	0.0103093	97	0.497382	FALSE	NA	NA	NA	NA	NA	NA
NC_045512.2	578	G	T	100	4	27	2	2	25	0.0196078	102	0.503713	FALSE	NA	NA	NA	NA	NA	NA
NC_045512.2	579	G	T	98	8	23	1	1	26	0.010101	99	0.502538	FALSE	NA	NA	NA	NA	NA	NA
NC_045512.2	580	T	G	101	5	27	1	1	25	0.00970874	103	0.751232	FALSE	NA	NA	NA	NA	NA	NA
NC_045512.2	580	T	A	101	5	27	1	1	28	0.00970874	103	0.751232	FALSE	NA	NA	NA	NA	NA	NA
NC_045512.2	581	G	T	100	4	27	4	4	26	0.0380952	105	0.184459	FALSE	NA	NA	NA	NA	NA	NA
NC_045512.2	581	G	A	100	4	27	1	1	25	0.00952381	105	0.743855	FALSE	NA	NA	NA	NA	NA	NA
NC_045512.2	582	T	G	99	3	27	4	4	25	0.0380952	105	0.181439	FALSE	NA	NA	NA	NA	NA	NA
NC_045512.2	582	T	C	99	3	27	1	1	28	0.00952381	105	0.741331	FALSE	NA	NA	NA	NA	NA	NA
NC_045512.2	582	T	A	99	3	27	1	1	27	0.00952381	105	0.741331	FALSE	NA	NA	NA	NA	NA	NA
NC_045512.2	583	C	T	100	4	27	2	2	27	0.0190476	105	0.492683	FALSE	NA	NA	NA	NA	NA	NA
NC_045512.2	583	C	A	100	4	27	3	3	26	0.0285714	105	0.307034	FALSE	NA	NA	NA	NA	NA	NA
NC_045512.2	584	C	T	92	3	23	1	1	24	0.0102041	98	0.489474	FALSE	NA	NA	NA	NA	NA	NA
NC_045512.2	584	C	G	92	3	23	5	5	24	0.0510204	98	0.0296435	FALSE	NA	NA	NA	NA	NA	NA
NC_045512.2	585	T	G	97	2	27	3	3	25	0.0288462	104	0.299575	FALSE	NA	NA	NA	NA	NA	NA
NC_045512.2	585	T	C	97	2	27	4	4	25	0.0384615	104	0.178332	FALSE	NA	NA	NA	NA	NA	NA
NC_045512.2	586	T	G	91	8	23	1	1	20	0.0106383	94	0.497297	FALSE	NA	NA	NA	NA	NA	NA
NC_045512.2	586	T	C	91	8	23	2	0	28	0.0212766	94	0.248649	FALSE	NA	NA	NA	NA	NA	NA
NC_045512.2	587	G	T	100	5	27	2	2	22	0.0192308	104	0.496323	FALSE	NA	NA	NA	NA	NA	NA
NC_045512.2	587	G	C	100	5	27	1	1	29	0.00961538	104	0.746305	FALSE	NA	NA	NA	NA	NA	NA
NC_045512.2	587	G	A	100	5	27	1	1	29	0.00961538	104	0.746305	FALSE	NA	NA	NA	NA	NA	NA
NC_045512.2	588	T	G	97	3	26	5	5	27	0.0480769	104	0.103665	FALSE	NA	NA	NA	NA	NA	NA
NC_045512.2	588	T	A	97	3	26	2	2	25	0.0192308	104	0.485076	FALSE	NA	NA	NA	NA	NA	NA
NC_045512.2	589	C	T	98	5	27	3	3	28	0.0291262	103	0.306926	FALSE	NA	NA	NA	NA	NA	NA
NC_045512.2	589	C	G	98	5	27	1	1	27	0.00970874	103	0.743731	FALSE	NA	NA	NA	NA	NA	NA
NC_045512.2	589	C	A	98	5	27	1	1	24	0.00970874	103	0.743731	FALSE	NA	NA	NA	NA	NA	NA
NC_045512.2	590	C	G	98	4	28	2	2	28	0.0190476	105	0.485223	FALSE	NA	NA	NA	NA	NA	NA
NC_045512.2	590	C	A	98	4	28	5	5	27	0.047619	105	0.10372	FALSE	NA	NA	NA	NA	NA	NA
NC_045512.2	591	C	T	83	4	22	2	2	24	0.0222222	90	0.237194	FALSE	NA	NA	NA	NA	NA	NA
NC_045512.2	591	C	G	83	4	22	4	4	28	0.0444444	90	0.0576195	FALSE	NA	NA	NA	NA	NA	NA
NC_045512.2	591	C	A	83	4	22	1	1	27	0.0111111	90	0.485549	FALSE	NA	NA	NA	NA	NA	NA
NC_045512.2	592	T	G	98	5	26	2	2	25	0.0190476	105	0.485223	FALSE	NA	NA	NA	NA	NA	NA
NC_045512.2	592	T	C	98	5	26	4	3	28	0.0380952	105	0.178421	FALSE	NA	NA	NA	NA	NA	NA
NC_045512.2	592	T	A	98	5	26	1	1	23	0.00952381	105	0.73877	FALSE	NA	NA	NA	NA	NA	NA
NC_045512.2	593	C	A	95	3	26	6	6	27	0.0594059	101	0.0608263	FALSE	NA	NA	NA	NA	NA	NA
NC_045512.2	594	A	T	97	4	26	2	2	26	0.0192308	104	0.485076	FALSE	NA	NA	NA	NA	NA	NA
NC_045512.2	594	A	G	97	4	26	4	4	28	0.0384615	104	0.178332	FALSE	NA	NA	NA	NA	NA	NA
NC_045512.2	594	A	C	97	4	26	1	1	28	0.00961538	104	0.738657	FALSE	NA	NA	NA	NA	NA	NA
NC_045512.2	595	T	G	98	6	26	1	1	24	0.00961538	104	0.741244	FALSE	NA	NA	NA	NA	NA	NA
NC_045512.2	595	T	C	98	6	26	1	1	26	0.00961538	104	0.741244	FALSE	NA	NA	NA	NA	NA	NA
NC_045512.2	595	T	A	98	6	26	4	4	23	0.0384615	104	0.18138	FALSE	NA	NA	NA	NA	NA	NA
NC_045512.2	596	G	T	96	4	26	3	3	26	0.0288462	104	0.295846	FALSE	NA	NA	NA	NA	NA	NA
NC_045512.2	596	G	C	96	4	26	1	1	28	0.00961538	104	0.73603	FALSE	NA	NA	NA	NA	NA	NA
NC_045512.2	596	G	A	96	4	26	4	4	27	0.0384615	104	0.175286	FALSE	NA	NA	NA	NA	NA	NA
NC_045512.2	597	T	G	97	4	26	2	2	27	0.0192308	104	0.485076	FALSE	NA	NA	NA	NA	NA	NA
NC_045512.2	597	T	C	97	4	26	4	4	27	0.0384615	104	0.178332	FALSE	NA	NA	NA	NA	NA	NA
NC_045512.2	597	T	A	97	4	26	1	1	23	0.00961538	104	0.738657	FALSE	NA	NA	NA	NA	NA	NA
NC_045512.2	598	G	T	96	4	27	5	5	25	0.0485437	103	0.103609	FALSE	NA	NA	NA	NA	NA	NA
NC_045512.2	598	G	C	96	4	27	1	1	28	0.00970874	103	0.738541	FALSE	NA	NA	NA	NA	NA	NA
NC_045512.2	598	G	A	96	4	27	1	1	23	0.00970874	103	0.738541	FALSE	NA	NA	NA	NA	NA	NA
NC_045512.2	599	G	C	96	4	27	3	3	26	0.0294118	102	0.303102	FALSE	NA	NA	NA	NA	NA	NA
NC_045512.2	599	G	A	96	4	27	3	3	26	0.0294118	102	0.303102	FALSE	NA	NA	NA	NA	NA	NA
NC_045512.2	600	G	T	77	9	22	1	1	23	0.0125	80	0.496815	FALSE	NA	NA	NA	NA	NA	NA
NC_045512.2	600	G	A	77	9	22	2	2	28	0.025	80	0.248408	FALSE	NA	NA	NA	NA	NA	NA
NC_045512.2	600	G	+GA	77	9	22	1	0	20	0.0125	80	0.496815	FALSE	NA	NA	NA	NA	NA	NA
NC_045512.2	601	C	T	84	3	26	9	1	26	0.09	100	0.00668781	TRUE	NA	NA	NA	NA	NA	NA
NC_045512.2	601	C	G	84	3	26	4	4	25	0.04	100	0.146835	FALSE	NA	NA	NA	NA	NA	NA
NC_045512.2	601	C	A	84	3	26	3	3	22	0.03	100	0.259979	FALSE	NA	NA	NA	NA	NA	NA
NC_045512.2	602	G	T	89	4	26	1	1	28	0.0103093	97	0.483871	FALSE	NA	NA	NA	NA	NA	NA
NC_045512.2	602	G	C	89	4	26	2	2	27	0.0206186	97	0.235467	FALSE	NA	NA	NA	NA	NA	NA
NC_045512.2	602	G	A	89	4	26	5	5	26	0.0515464	97	0.0280514	FALSE	NA	NA	NA	NA	NA	NA
NC_045512.2	602	G	+T	89	4	26	1	0	20	0.0103093	97	0.483871	FALSE	NA	NA	NA	NA	NA	NA
NC_045512.2	603	A	T	87	3	26	1	1	27	0.0106383	94	0.486188	FALSE	NA	NA	NA	NA	NA	NA
NC_045512.2	603	A	G	87	3	26	4	4	25	0.0425532	94	0.0578279	FALSE	NA	NA	NA	NA	NA	NA
NC_045512.2	603	A	C	87	3	26	2	2	26	0.0212766	94	0.237751	FALSE	NA	NA	NA	NA	NA	NA
NC_045512.2	604	A	T	88	5	27	2	2	23	0.0210526	95	0.237883	FALSE	NA	NA	NA	NA	NA	NA
NC_045512.2	604	A	G	88	5	27	4	4	24	0.0421053	95	0.0578773	FALSE	NA	NA	NA	NA	NA	NA
NC_045512.2	604	A	C	88	5	27	1	1	27	0.0105263	95	0.486339	FALSE	NA	NA	NA	NA	NA	NA
NC_045512.2	605	A	T	58	3	22	3	3	26	0.0447761	67	0.107957	FALSE	NA	NA	NA	NA	NA	NA
NC_045512.2	605	A	G	58	3	22	2	2	28	0.0298507	67	0.224762	FALSE	NA	NA	NA	NA	NA	NA
NC_045512.2	605	A	C	58	3	22	4	4	25	0.0597015	67	0.0522914	FALSE	NA	NA	NA	NA	NA	NA
NC_045512.2	606	T	G	86	5	26	2	2	22	0.0215054	93	0.237616	FALSE	NA	NA	NA	NA	NA	NA
NC_045512.2	606	T	C	86	5	26	2	2	27	0.0215054	93	0.237616	FALSE	NA	NA	NA	NA	NA	NA
NC_045512.2	606	T	A	86	5	26	3	3	25	0.0322581	93	0.116839	FALSE	NA	NA	NA	NA	NA	NA
NC_045512.2	607	A	T	86	6	26	4	4	24	0.0434783	92	0.0590759	FALSE	NA	NA	NA	NA	NA	NA
NC_045512.2	607	A	G	86	6	26	1	1	28	0.0108696	92	0.488764	FALSE	NA	NA	NA	NA	NA	NA
NC_045512.2	607	A	C	86	6	26	1	1	25	0.0108696	92	0.488764	FALSE	NA	NA	NA	NA	NA	NA
NC_045512.2	608	C	T	81	2	26	4	4	27	0.0444444	90	0.0548871	FALSE	NA	NA	NA	NA	NA	NA
NC_045512.2	608	C	G	81	2	26	3	3	26	0.0333333	90	0.112357	FALSE	NA	NA	NA	NA	NA	NA
NC_045512.2	608	C	A	81	2	26	2	2	28	0.0222222	90	0.231402	FALSE	NA	NA	NA	NA	NA	NA
NC_045512.2	609	C	T	64	7	23	1	1	28	0.0144928	69	0.488722	FALSE	NA	NA	NA	NA	NA	NA
NC_045512.2	609	C	G	64	7	23	3	3	26	0.0434783	69	0.119465	FALSE	NA	NA	NA	NA	NA	NA
NC_045512.2	609	C	A	64	7	23	1	1	26	0.0144928	69	0.488722	FALSE	NA	NA	NA	NA	NA	NA
NC_045512.2	610	A	T	81	8	26	2	2	25	0.0235294	85	0.245509	FALSE	NA	NA	NA	NA	NA	NA
NC_045512.2	610	A	G	81	8	26	2	2	27	0.0235294	85	0.245509	FALSE	NA	NA	NA	NA	NA	NA
NC_045512.2	611	G	C	80	7	24	3	3	24	0.0352941	85	0.120523	FALSE	NA	NA	NA	NA	NA	NA
NC_045512.2	611	G	A	80	7	24	2	2	22	0.0235294	85	0.242497	FALSE	NA	NA	NA	NA	NA	NA
NC_045512.2	612	T	G	78	6	24	2	2	22	0.0235294	85	0.236421	FALSE	NA	NA	NA	NA	NA	NA
NC_045512.2	612	T	C	78	6	24	2	1	23	0.0235294	85	0.236421	FALSE	NA	NA	NA	NA	NA	NA
NC_045512.2	612	T	A	78	6	24	3	3	28	0.0352941	85	0.116061	FALSE	NA	NA	NA	NA	NA	NA
NC_045512.2	613	G	T	78	5	24	1	1	22	0.0119048	84	0.487654	FALSE	NA	NA	NA	NA	NA	NA
NC_045512.2	613	G	C	78	5	24	1	1	29	0.0119048	84	0.487654	FALSE	NA	NA	NA	NA	NA	NA
NC_045512.2	613	G	A	78	5	24	4	4	27	0.047619	84	0.058747	FALSE	NA	NA	NA	NA	NA	NA
NC_045512.2	614	G	T	68	4	23	2	2	28	0.0263158	76	0.231322	FALSE	NA	NA	NA	NA	NA	NA
NC_045512.2	614	G	C	68	4	23	4	4	26	0.0526316	76	0.0550982	FALSE	NA	NA	NA	NA	NA	NA
NC_045512.2	614	G	A	68	4	23	2	2	25	0.0263158	76	0.231322	FALSE	NA	NA	NA	NA	NA	NA
NC_045512.2	615	C	T	78	6	27	2	2	26	0.0238095	84	0.23934	FALSE	NA	NA	NA	NA	NA	NA
NC_045512.2	615	C	G	78	6	27	3	3	24	0.0357143	84	0.11821	FALSE	NA	NA	NA	NA	NA	NA
NC_045512.2	615	C	A	78	6	27	1	1	27	0.0119048	84	0.487654	FALSE	NA	NA	NA	NA	NA	NA
NC_045512.2	616	T	G	75	3	27	4	4	27	0.0465116	86	0.0517194	FALSE	NA	NA	NA	NA	NA	NA
NC_045512.2	616	T	C	75	3	27	4	4	26	0.0465116	86	0.0517194	FALSE	NA	NA	NA	NA	NA	NA
NC_045512.2	616	T	A	75	3	27	3	3	25	0.0348837	86	0.107367	FALSE	NA	NA	NA	NA	NA	NA
NC_045512.2	617	T	G	69	9	23	3	3	27	0.0405405	74	0.119846	FALSE	NA	NA	NA	NA	NA	NA
NC_045512.2	617	T	A	69	9	23	2	2	27	0.027027	74	0.241356	FALSE	NA	NA	NA	NA	NA	NA
NC_045512.2	618	A	T	75	5	26	3	3	27	0.0357143	84	0.111444	FALSE	NA	NA	NA	NA	NA	NA
NC_045512.2	618	A	G	75	5	26	1	1	27	0.0119048	84	0.477987	FALSE	NA	NA	NA	NA	NA	NA
NC_045512.2	618	A	C	75	5	26	5	5	26	0.0595238	84	0.0266729	FALSE	NA	NA	NA	NA	NA	NA
NC_045512.2	619	C	T	73	3	27	2	2	24	0.0238095	84	0.223736	FALSE	NA	NA	NA	NA	NA	NA
NC_045512.2	619	C	G	73	3	27	6	6	26	0.0714286	84	0.0121592	FALSE	NA	NA	NA	NA	NA	NA
NC_045512.2	619	C	A	73	3	27	3	3	28	0.0357143	84	0.106943	FALSE	NA	NA	NA	NA	NA	NA
NC_045512.2	620	C	T	69	6	23	7	6	26	0.0897436	78	0.00645282	TRUE	NA	NA	NA	NA	NA	NA
NC_045512.2	620	C	G	69	6	23	2	2	24	0.025641	78	0.228443	FALSE	NA	NA	NA	NA	NA	NA
NC_045512.2	621	G	T	77	7	27	2	2	28	0.0235294	85	0.233356	FALSE	NA	NA	NA	NA	NA	NA
NC_045512.2	621	G	A	77	7	27	6	6	26	0.0705882	85	0.0137194	FALSE	NA	NA	NA	NA	NA	NA
NC_045512.2	622	C	T	74	4	27	2	2	26	0.0238095	84	0.226893	FALSE	NA	NA	NA	NA	NA	NA
NC_045512.2	622	C	G	74	4	27	6	6	27	0.0714286	84	0.0126612	FALSE	NA	NA	NA	NA	NA	NA
NC_045512.2	622	C	A	74	4	27	2	2	21	0.0238095	84	0.226893	FALSE	NA	NA	NA	NA	NA	NA
NC_045512.2	623	A	T	74	5	27	6	6	26	0.0705882	85	0.012198	FALSE	NA	NA	NA	NA	NA	NA
NC_045512.2	623	A	G	74	5	27	5	4	26	0.0588235	85	0.0250059	FALSE	NA	NA	NA	NA	NA	NA
NC_045512.2	624	A	T	65	3	23	3	3	24	0.0394737	76	0.105023	FALSE	NA	NA	NA	NA	NA	NA
NC_045512.2	624	A	G	65	3	23	6	5	25	0.0789474	76	0.0118143	FALSE	NA	NA	NA	NA	NA	NA
NC_045512.2	624	A	C	65	3	23	2	2	28	0.0263158	76	0.220857	FALSE	NA	NA	NA	NA	NA	NA
NC_045512.2	625	G	T	79	10	27	3	3	25	0.0352941	85	0.118291	FALSE	NA	NA	NA	NA	NA	NA
NC_045512.2	625	G	C	79	10	27	1	1	27	0.0117647	85	0.487805	FALSE	NA	NA	NA	NA	NA	NA
NC_045512.2	625	G	A	79	10	27	2	2	30	0.0235294	85	0.239468	FALSE	NA	NA	NA	NA	NA	NA
NC_045512.2	626	G	T	70	4	23	7	7	25	0.0853659	82	0.00564212	TRUE	NA	NA	NA	NA	NA	NA
NC_045512.2	626	G	C	70	4	23	2	2	27	0.0243902	82	0.219814	FALSE	NA	NA	NA	NA	NA	NA
NC_045512.2	626	G	A	70	4	23	3	3	27	0.0365854	82	0.104198	FALSE	NA	NA	NA	NA	NA	NA
NC_045512.2	627	T	G	76	7	27	5	5	27	0.0588235	85	0.0267258	FALSE	NA	NA	NA	NA	NA	NA
NC_045512.2	627	T	A	76	7	27	4	4	28	0.0470588	85	0.0544415	FALSE	NA	NA	NA	NA	NA	NA
NC_045512.2	628	T	G	71	4	23	5	5	26	0.060241	83	0.0240009	FALSE	NA	NA	NA	NA	NA	NA
NC_045512.2	628	T	C	71	4	23	2	2	27	0.0240964	83	0.220193	FALSE	NA	NA	NA	NA	NA	NA
NC_045512.2	628	T	A	71	4	23	5	5	27	0.060241	83	0.0240009	FALSE	NA	NA	NA	NA	NA	NA
NC_045512.2	629	C	T	72	4	27	3	3	28	0.0357143	84	0.104697	FALSE	NA	NA	NA	NA	NA	NA
NC_045512.2	629	C	G	72	4	27	5	5	26	0.0595238	84	0.0240836	FALSE	NA	NA	NA	NA	NA	NA
NC_045512.2	629	C	A	72	4	27	4	4	27	0.047619	84	0.0500439	FALSE	NA	NA	NA	NA	NA	NA
NC_045512.2	630	T	G	72	4	27	4	4	25	0.047619	84	0.0500439	FALSE	NA	NA	NA	NA	NA	NA
NC_045512.2	630	T	C	72	4	27	3	3	27	0.0357143	84	0.104697	FALSE	NA	NA	NA	NA	NA	NA
NC_045512.2	630	T	A	72	4	27	5	5	27	0.0595238	84	0.0240836	FALSE	NA	NA	NA	NA	NA	NA
NC_045512.2	631	T	G	68	7	23	1	1	27	0.0128205	78	0.472603	FALSE	NA	NA	NA	NA	NA	NA
NC_045512.2	631	T	C	68	7	23	6	6	27	0.0769231	78	0.0124425	FALSE	NA	NA	NA	NA	NA	NA
NC_045512.2	631	T	A	68	7	23	3	3	25	0.0384615	78	0.107963	FALSE	NA	NA	NA	NA	NA	NA
NC_045512.2	632	C	T	72	4	27	5	5	24	0.0588235	85	0.0233357	FALSE	NA	NA	NA	NA	NA	NA
NC_045512.2	632	C	G	72	4	27	4	4	23	0.0470588	85	0.0487928	FALSE	NA	NA	NA	NA	NA	NA
NC_045512.2	632	C	A	72	4	27	4	4	26	0.0470588	85	0.0487928	FALSE	NA	NA	NA	NA	NA	NA
NC_045512.2	633	T	G	72	4	27	4	4	26	0.0487805	82	0.0526687	FALSE	NA	NA	NA	NA	NA	NA
NC_045512.2	633	T	C	72	4	27	4	4	27	0.0487805	82	0.0526687	FALSE	NA	NA	NA	NA	NA	NA
NC_045512.2	633	T	A	72	4	27	2	2	28	0.0243902	82	0.226309	FALSE	NA	NA	NA	NA	NA	NA
NC_045512.2	634	T	G	71	8	23	5	5	26	0.0632911	79	0.0273299	FALSE	NA	NA	NA	NA	NA	NA
NC_045512.2	634	T	C	71	8	23	1	1	28	0.0126582	79	0.48	FALSE	NA	NA	NA	NA	NA	NA
NC_045512.2	634	T	A	71	8	23	2	2	26	0.0253165	79	0.232053	FALSE	NA	NA	NA	NA	NA	NA
NC_045512.2	635	C	T	73	6	27	8	7	25	0.0941176	85	0.00280455	TRUE	NA	NA	NA	NA	NA	NA
NC_045512.2	635	C	G	73	6	27	3	3	27	0.0352941	85	0.104938	FALSE	NA	NA	NA	NA	NA	NA
NC_045512.2	635	C	A	73	6	27	1	1	26	0.0117647	85	0.468354	FALSE	NA	NA	NA	NA	NA	NA
NC_045512.2	636	G	T	76	8	27	5	5	26	0.060241	83	0.0284277	FALSE	NA	NA	NA	NA	NA	NA
NC_045512.2	636	G	A	76	8	27	2	2	26	0.0240964	83	0.236085	FALSE	NA	NA	NA	NA	NA	NA
NC_045512.2	637	T	G	73	5	27	9	9	25	0.105882	85	0.00138538	TRUE	NA	NA	NA	NA	NA	NA
NC_045512.2	637	T	C	73	5	27	3	3	27	0.0352941	85	0.104938	FALSE	NA	NA	NA	NA	NA	NA
NC_045512.2	638	A	T	75	7	27	5	5	27	0.0588235	85	0.0258597	FALSE	NA	NA	NA	NA	NA	NA
NC_045512.2	638	A	G	75	7	27	3	3	27	0.0352941	85	0.10938	FALSE	NA	NA	NA	NA	NA	NA
NC_045512.2	638	A	C	75	7	27	2	2	24	0.0235294	85	0.227174	FALSE	NA	NA	NA	NA	NA	NA
NC_045512.2	639	A	T	68	4	23	3	3	25	0.037037	81	0.101613	FALSE	NA	NA	NA	NA	NA	NA
NC_045512.2	639	A	G	68	4	23	6	6	26	0.0740741	81	0.0110353	FALSE	NA	NA	NA	NA	NA	NA
NC_045512.2	639	A	C	68	4	23	4	4	25	0.0493827	81	0.0481327	FALSE	NA	NA	NA	NA	NA	NA
NC_045512.2	640	G	T	73	6	27	6	6	26	0.0714286	84	0.0121592	FALSE	NA	NA	NA	NA	NA	NA
NC_045512.2	640	G	C	73	6	27	2	2	25	0.0238095	84	0.223736	FALSE	NA	NA	NA	NA	NA	NA
NC_045512.2	640	G	A	73	6	27	3	3	24	0.0357143	84	0.106943	FALSE	NA	NA	NA	NA	NA	NA
NC_045512.2	641	A	T	71	5	27	6	6	25	0.0722892	83	0.0116231	FALSE	NA	NA	NA	NA	NA	NA
NC_045512.2	641	A	G	71	5	27	3	3	25	0.0361446	83	0.10445	FALSE	NA	NA	NA	NA	NA	NA
NC_045512.2	641	A	C	71	5	27	3	3	23	0.0361446	83	0.10445	FALSE	NA	NA	NA	NA	NA	NA
NC_045512.2	642	A	T	63	5	23	2	2	26	0.0266667	75	0.21687	FALSE	NA	NA	NA	NA	NA	NA
NC_045512.2	642	A	G	63	5	23	4	4	24	0.0533333	75	0.0485815	FALSE	NA	NA	NA	NA	NA	NA
NC_045512.2	642	A	C	63	5	23	6	6	27	0.08	75	0.0112255	FALSE	NA	NA	NA	NA	NA	NA
NC_045512.2	643	C	T	71	5	26	6	6	26	0.0722892	83	0.0116231	FALSE	NA	NA	NA	NA	NA	NA
NC_045512.2	643	C	G	71	5	26	5	5	26	0.060241	83	0.0240009	FALSE	NA	NA	NA	NA	NA	NA
NC_045512.2	643	C	A	71	5	26	1	1	29	0.0120482	83	0.467532	FALSE	NA	NA	NA	NA	NA	NA
NC_045512.2	644	G	T	72	6	26	9	9	27	0.108434	83	0.00145935	TRUE	NA	NA	NA	NA	NA	NA
NC_045512.2	644	G	C	72	6	26	2	2	25	0.0240964	83	0.223408	FALSE	NA	NA	NA	NA	NA	NA
NC_045512.2	645	G	T	71	9	23	2	2	28	0.025	80	0.229	FALSE	NA	NA	NA	NA	NA	NA
NC_045512.2	645	G	C	71	9	23	4	3	25	0.05	80	0.0539406	FALSE	NA	NA	NA	NA	NA	NA
NC_045512.2	645	G	A	71	9	23	3	3	26	0.0375	80	0.110758	FALSE	NA	NA	NA	NA	NA	NA
NC_045512.2	646	T	G	73	7	27	6	6	28	0.0722892	83	0.0126268	FALSE	NA	NA	NA	NA	NA	NA
NC_045512.2	646	T	C	73	7	27	2	2	27	0.0240964	83	0.226605	FALSE	NA	NA	NA	NA	NA	NA
NC_045512.2	646	T	A	73	7	27	2	2	25	0.0240964	83	0.226605	FALSE	NA	NA	NA	NA	NA	NA
NC_045512.2	647	A	T	73	7	27	3	3	28	0.0357143	84	0.106943	FALSE	NA	NA	NA	NA	NA	NA
NC_045512.2	647	A	G	73	7	27	1	1	28	0.0119048	84	0.471338	FALSE	NA	NA	NA	NA	NA	NA
NC_045512.2	647	A	C	73	7	27	7	7	24	0.0833333	84	0.0059677	TRUE	NA	NA	NA	NA	NA	NA
NC_045512.2	648	A	T	66	6	23	2	2	27	0.025641	78	0.218199	FALSE	NA	NA	NA	NA	NA	NA
NC_045512.2	648	A	G	66	6	23	3	3	24	0.0384615	78	0.103122	FALSE	NA	NA	NA	NA	NA	NA
NC_045512.2	648	A	C	66	6	23	7	7	27	0.0897436	78	0.00553993	TRUE	NA	NA	NA	NA	NA	NA
NC_045512.2	649	T	G	70	4	26	4	4	26	0.047619	84	0.0472355	FALSE	NA	NA	NA	NA	NA	NA
NC_045512.2	649	T	C	70	4	26	6	6	27	0.0714286	84	0.0107174	FALSE	NA	NA	NA	NA	NA	NA
NC_045512.2	649	T	A	70	4	26	4	4	26	0.047619	84	0.0472355	FALSE	NA	NA	NA	NA	NA	NA
NC_045512.2	650	A	T	70	5	26	5	5	28	0.0609756	82	0.0239163	FALSE	NA	NA	NA	NA	NA	NA
NC_045512.2	650	A	G	70	5	26	3	3	27	0.0365854	82	0.104198	FALSE	NA	NA	NA	NA	NA	NA
NC_045512.2	650	A	C	70	5	26	4	4	27	0.0487805	82	0.049746	FALSE	NA	NA	NA	NA	NA	NA
NC_045512.2	651	A	T	72	8	27	3	3	24	0.0365854	82	0.108802	FALSE	NA	NA	NA	NA	NA	NA
NC_045512.2	651	A	G	72	8	27	2	2	30	0.0243902	82	0.226309	FALSE	NA	NA	NA	NA	NA	NA
NC_045512.2	651	A	C	72	8	27	5	5	28	0.0609756	82	0.0256677	FALSE	NA	NA	NA	NA	NA	NA
NC_045512.2	652	A	T	57	9	22	4	4	26	0.0606061	66	0.0521379	FALSE	NA	NA	NA	NA	NA	NA
NC_045512.2	652	A	G	57	9	22	1	1	27	0.0151515	66	0.471545	FALSE	NA	NA	NA	NA	NA	NA
NC_045512.2	652	A	C	57	9	22	4	4	25	0.0606061	66	0.0521379	FALSE	NA	NA	NA	NA	NA	NA
NC_045512.2	653	G	T	68	5	27	8	8	25	0.1	80	0.00274198	TRUE	NA	NA	NA	NA	NA	NA
NC_045512.2	653	G	C	68	5	27	2	2	24	0.025	80	0.219028	FALSE	NA	NA	NA	NA	NA	NA
NC_045512.2	653	G	A	68	5	27	2	2	25	0.025	80	0.219028	FALSE	NA	NA	NA	NA	NA	NA
NC_045512.2	654	G	T	69	9	23	4	4	26	0.0519481	77	0.0551942	FALSE	NA	NA	NA	NA	NA	NA
NC_045512.2	654	G	C	69	9	23	4	4	26	0.0519481	77	0.0551942	FALSE	NA	NA	NA	NA	NA	NA
NC_045512.2	654	G	-A	69	9	23	1	0	20	0.012987	77	0.479452	FALSE	NA	NA	NA	NA	NA	NA
NC_045512.2	655	A	T	66	4	27	5	5	27	0.0632911	79	0.022008	FALSE	NA	NA	NA	NA	NA	NA
NC_045512.2	655	A	G	66	4	27	5	5	25	0.0632911	79	0.022008	FALSE	NA	NA	NA	NA	NA	NA
NC_045512.2	655	A	C	66	4	27	3	3	27	0.0379747	79	0.0989694	FALSE	NA	NA	NA	NA	NA	NA
NC_045512.2	656	G	T	71	9	26	3	3	25	0.0384615	78	0.115248	FALSE	NA	NA	NA	NA	NA	NA
NC_045512.2	656	G	C	71	9	26	1	1	27	0.0128205	78	0.483221	FALSE	NA	NA	NA	NA	NA	NA
NC_045512.2	656	G	A	71	9	26	3	3	24	0.0384615	78	0.115248	FALSE	NA	NA	NA	NA	NA	NA
NC_045512.2	657	C	T	67	5	27	4	4	26	0.0506329	79	0.0492715	FALSE	NA	NA	NA	NA	NA	NA
NC_045512.2	657	C	G	67	5	27	7	7	26	0.0886076	79	0.00556636	TRUE	NA	NA	NA	NA	NA	NA
NC_045512.2	657	C	A	67	5	27	1	1	27	0.0126582	79	0.465753	FALSE	NA	NA	NA	NA	NA	NA
NC_045512.2	658	T	G	66	6	26	8	8	25	0.102564	78	0.00271493	TRUE	NA	NA	NA	NA	NA	NA
NC_045512.2	658	T	C	66	6	26	1	1	24	0.0128205	78	0.465278	FALSE	NA	NA	NA	NA	NA	NA
NC_045512.2	658	T	A	66	6	26	3	3	24	0.0384615	78	0.103122	FALSE	NA	NA	NA	NA	NA	NA
NC_045512.2	659	G	T	66	6	27	3	3	26	0.0384615	78	0.103122	FALSE	NA	NA	NA	NA	NA	NA
NC_045512.2	659	G	C	66	6	27	6	6	25	0.0769231	78	0.0113834	FALSE	NA	NA	NA	NA	NA	NA
NC_045512.2	659	G	A	66	6	27	3	3	25	0.0384615	78	0.103122	FALSE	NA	NA	NA	NA	NA	NA
NC_045512.2	660	G	T	60	8	23	2	2	25	0.0294118	68	0.229046	FALSE	NA	NA	NA	NA	NA	NA
NC_045512.2	660	G	C	60	8	23	3	3	26	0.0441176	68	0.110999	FALSE	NA	NA	NA	NA	NA	NA
NC_045512.2	660	G	A	60	8	23	3	3	27	0.0441176	68	0.110999	FALSE	NA	NA	NA	NA	NA	NA
NC_045512.2	661	T	G	63	7	27	4	4	25	0.056338	71	0.0545775	FALSE	NA	NA	NA	NA	NA	NA
NC_045512.2	661	T	C	63	7	27	2	2	24	0.028169	71	0.229961	FALSE	NA	NA	NA	NA	NA	NA
NC_045512.2	661	T	A	63	7	27	2	2	26	0.028169	71	0.229961	FALSE	NA	NA	NA	NA	NA	NA
NC_045512.2	661	T	-G	63	7	27	1	0	20	0.0140845	71	0.477612	FALSE	NA	NA	NA	NA	NA	NA
NC_045512.2	662	G	T	59	6	27	5	5	25	0.0714286	70	0.0228375	FALSE	NA	NA	NA	NA	NA	NA
NC_045512.2	662	G	C	59	6	27	2	2	25	0.0285714	70	0.214915	FALSE	NA	NA	NA	NA	NA	NA
NC_045512.2	662	G	A	59	6	27	4	4	24	0.0571429	70	0.047816	FALSE	NA	NA	NA	NA	NA	NA
NC_045512.2	663	G	T	53	4	23	5	5	25	0.0735294	68	0.0195373	FALSE	NA	NA	NA	NA	NA	NA
NC_045512.2	663	G	C	53	4	23	3	3	27	0.0441176	68	0.0915997	FALSE	NA	NA	NA	NA	NA	NA
NC_045512.2	663	G	A	53	4	23	7	7	24	0.102941	68	0.0043221	TRUE	NA	NA	NA	NA	NA	NA
NC_045512.2	664	C	T	59	8	27	5	5	24	0.0724638	69	0.0246493	FALSE	NA	NA	NA	NA	NA	NA
NC_045512.2	664	C	G	59	8	27	4	4	26	0.057971	69	0.0508392	FALSE	NA	NA	NA	NA	NA	NA
NC_045512.2	664	C	A	59	8	27	1	1	25	0.0144928	69	0.46875	FALSE	NA	NA	NA	NA	NA	NA
NC_045512.2	665	C	T	46	6	22	5	4	27	0.0833333	60	0.019193	FALSE	NA	NA	NA	NA	NA	NA
NC_045512.2	665	C	G	46	6	22	3	3	25	0.05	60	0.0902447	FALSE	NA	NA	NA	NA	NA	NA
NC_045512.2	665	C	A	46	6	22	6	6	27	0.1	60	0.00899131	TRUE	NA	NA	NA	NA	NA	NA
NC_045512.2	666	A	T	55	6	26	2	2	26	0.0289855	69	0.205935	FALSE	NA	NA	NA	NA	NA	NA
NC_045512.2	666	A	G	55	6	26	6	5	26	0.0869565	69	0.00976154	TRUE	NA	NA	NA	NA	NA	NA
NC_045512.2	666	A	C	55	6	26	6	6	23	0.0869565	69	0.00976154	TRUE	NA	NA	NA	NA	NA	NA
NC_045512.2	667	T	G	59	8	26	2	2	26	0.0294118	68	0.225148	FALSE	NA	NA	NA	NA	NA	NA
NC_045512.2	667	T	C	59	8	26	5	5	27	0.0735294	68	0.0256198	FALSE	NA	NA	NA	NA	NA	NA
NC_045512.2	667	T	A	59	8	26	2	2	26	0.0294118	68	0.225148	FALSE	NA	NA	NA	NA	NA	NA
NC_045512.2	668	A	T	58	8	26	2	2	27	0.0294118	68	0.221222	FALSE	NA	NA	NA	NA	NA	NA
NC_045512.2	668	A	G	58	8	26	2	2	25	0.0294118	68	0.221222	FALSE	NA	NA	NA	NA	NA	NA
NC_045512.2	668	A	C	58	8	26	6	6	26	0.0882353	68	0.0119966	FALSE	NA	NA	NA	NA	NA	NA
NC_045512.2	669	G	T	58	10	27	3	3	25	0.0447761	67	0.107957	FALSE	NA	NA	NA	NA	NA	NA
NC_045512.2	669	G	C	58	10	27	3	3	26	0.0447761	67	0.107957	FALSE	NA	NA	NA	NA	NA	NA
NC_045512.2	669	G	A	58	10	27	3	3	25	0.0447761	67	0.107957	FALSE	NA	NA	NA	NA	NA	NA
NC_045512.2	670	T	G	8	8	26	46	8	23	0.793103	58	2.67847e-23	TRUE	NA	NA	NA	NA	NA	NA
NC_045512.2	670	T	C	8	8	26	3	3	27	0.0517241	58	0.00329236	TRUE	NA	NA	NA	NA	NA	NA
NC_045512.2	670	T	A	8	8	26	1	0	26	0.0172414	58	0.136364	FALSE	NA	NA	NA	NA	NA	NA
NC_045512.2	671	T	G	48	7	27	7	7	24	0.116667	60	0.00493179	TRUE	NA	NA	NA	NA	NA	NA
NC_045512.2	671	T	C	48	7	27	2	2	26	0.0333333	60	0.208121	FALSE	NA	NA	NA	NA	NA	NA
NC_045512.2	671	T	A	48	7	27	3	3	27	0.05	60	0.0964924	FALSE	NA	NA	NA	NA	NA	NA
NC_045512.2	672	A	T	42	4	25	6	6	27	0.107143	56	0.00858244	TRUE	NA	NA	NA	NA	NA	NA
NC_045512.2	672	A	G	42	4	25	7	7	28	0.125	56	0.00404365	TRUE	NA	NA	NA	NA	NA	NA
NC_045512.2	672	A	C	42	4	25	1	1	27	0.0178571	56	0.438776	FALSE	NA	NA	NA	NA	NA	NA
NC_045512.2	672	A	-C	42	4	25	13	0	20	0.232143	56	5.47302e-05	TRUE	NA	NA	NA	NA	NA	NA
NC_045512.2	673	C	T	33	8	25	4	4	26	0.0909091	44	0.0226202	FALSE	NA	NA	NA	NA	NA	NA
NC_045512.2	673	C	G	33	8	25	4	4	25	0.0909091	44	0.0226202	FALSE	NA	NA	NA	NA	NA	NA
NC_045512.2	673	C	A	33	8	25	3	3	28	0.0681818	44	0.0568562	FALSE	NA	NA	NA	NA	NA	NA
NC_045512.2	674	G	T	46	8	25	5	5	24	0.0892857	56	0.0231798	FALSE	NA	NA	NA	NA	NA	NA
NC_045512.2	674	G	C	46	8	25	2	2	25	0.0357143	56	0.214734	FALSE	NA	NA	NA	NA	NA	NA
NC_045512.2	674	G	A	46	8	25	3	3	26	0.0535714	56	0.101173	FALSE	NA	NA	NA	NA	NA	NA
NC_045512.2	675	G	T	35	8	23	7	7	26	0.155556	45	0.0050209	TRUE	NA	NA	NA	NA	NA	NA
NC_045512.2	675	G	C	35	8	23	2	2	24	0.0444444	45	0.205556	FALSE	NA	NA	NA	NA	NA	NA
NC_045512.2	675	G	A	35	8	23	1	1	29	0.0222222	45	0.45	FALSE	NA	NA	NA	NA	NA	NA
NC_045512.2	675	G	-C	35	8	23	1	0	20	0.0222222	45	0.45	FALSE	NA	NA	NA	NA	NA	NA
NC_045512.2	676	C	T	45	7	25	4	4	27	0.0714286	56	0.0443234	FALSE	NA	NA	NA	NA	NA	NA
NC_045512.2	676	C	G	45	7	25	3	3	24	0.0535714	56	0.0949787	FALSE	NA	NA	NA	NA	NA	NA
NC_045512.2	676	C	A	45	7	25	4	4	26	0.0714286	56	0.0443234	FALSE	NA	NA	NA	NA	NA	NA
NC_045512.2	677	G	C	48	11	25	6	6	24	0.107143	56	0.012754	FALSE	NA	NA	NA	NA	NA	NA
NC_045512.2	677	G	A	48	11	25	2	2	27	0.0357143	56	0.224359	FALSE	NA	NA	NA	NA	NA	NA
NC_045512.2	678	C	T	45	9	26	3	2	26	0.0545455	55	0.100734	FALSE	NA	NA	NA	NA	NA	NA
NC_045512.2	678	C	G	45	9	26	3	3	25	0.0545455	55	0.100734	FALSE	NA	NA	NA	NA	NA	NA
NC_045512.2	678	C	A	45	9	26	4	4	24	0.0727273	55	0.0479219	FALSE	NA	NA	NA	NA	NA	NA
NC_045512.2	679	C	T	35	6	22	3	3	25	0.0638298	47	0.0885353	FALSE	NA	NA	NA	NA	NA	NA
NC_045512.2	679	C	G	35	6	22	7	7	25	0.148936	47	0.00424967	TRUE	NA	NA	NA	NA	NA	NA
NC_045512.2	679	C	A	35	6	22	2	2	27	0.0425532	47	0.19571	FALSE	NA	NA	NA	NA	NA	NA
NC_045512.2	680	G	T	46	9	26	2	2	26	0.0363636	55	0.218987	FALSE	NA	NA	NA	NA	NA	NA
NC_045512.2	680	G	C	46	9	26	4	4	25	0.0727273	55	0.0500856	FALSE	NA	NA	NA	NA	NA	NA
NC_045512.2	680	G	A	46	9	26	3	3	27	0.0545455	55	0.104178	FALSE	NA	NA	NA	NA	NA	NA
NC_045512.2	681	A	T	46	9	26	5	5	26	0.0877193	57	0.0220966	FALSE	NA	NA	NA	NA	NA	NA
NC_045512.2	681	A	G	46	9	26	4	4	24	0.0701754	57	0.0463596	FALSE	NA	NA	NA	NA	NA	NA
NC_045512.2	681	A	C	46	9	26	2	2	26	0.0350877	57	0.210605	FALSE	NA	NA	NA	NA	NA	NA
NC_045512.2	682	T	G	41	4	26	5	5	26	0.0909091	55	0.0182069	FALSE	NA	NA	NA	NA	NA	NA
NC_045512.2	682	T	A	41	4	26	9	9	25	0.163636	55	0.000911905	TRUE	NA	NA	NA	NA	NA	NA
NC_045512.2	683	C	T	44	7	26	4	4	25	0.0701754	57	0.0423172	FALSE	NA	NA	NA	NA	NA	NA
NC_045512.2	683	C	G	44	7	26	4	4	24	0.0701754	57	0.0423172	FALSE	NA	NA	NA	NA	NA	NA
NC_045512.2	683	C	A	44	7	26	5	5	26	0.0877193	57	0.019748	FALSE	NA	NA	NA	NA	NA	NA
NC_045512.2	684	T	G	44	7	26	6	6	25	0.105263	57	0.00931512	TRUE	NA	NA	NA	NA	NA	NA
NC_045512.2	684	T	C	44	7	26	5	5	28	0.0877193	57	0.019748	FALSE	NA	NA	NA	NA	NA	NA
NC_045512.2	684	T	A	44	7	26	2	2	26	0.0350877	57	0.200932	FALSE	NA	NA	NA	NA	NA	NA
NC_045512.2	685	A	T	41	6	26	7	7	25	0.132075	53	0.00459964	TRUE	NA	NA	NA	NA	NA	NA
NC_045512.2	685	A	G	41	6	26	3	3	27	0.0566038	53	0.0926932	FALSE	NA	NA	NA	NA	NA	NA
NC_045512.2	685	A	C	41	6	26	2	2	20	0.0377358	53	0.20224	FALSE	NA	NA	NA	NA	NA	NA
NC_045512.2	686	A	T	38	4	28	6	6	26	0.113208	53	0.00761455	TRUE	NA	NA	NA	NA	NA	NA
NC_045512.2	686	A	G	38	4	28	2	2	25	0.0377358	53	0.186335	FALSE	NA	NA	NA	NA	NA	NA
NC_045512.2	686	A	C	38	4	28	7	7	24	0.132075	53	0.00353252	TRUE	NA	NA	NA	NA	NA	NA
NC_045512.2	687	A	T	22	7	23	4	4	25	0.117647	34	0.032848	FALSE	NA	NA	NA	NA	NA	NA
NC_045512.2	687	A	G	22	7	23	1	1	30	0.0294118	34	0.410714	FALSE	NA	NA	NA	NA	NA	NA
NC_045512.2	687	A	C	22	7	23	7	7	26	0.205882	34	0.00317363	TRUE	NA	NA	NA	NA	NA	NA
NC_045512.2	688	G	T	34	5	26	8	8	25	0.163265	49	0.00152267	TRUE	NA	NA	NA	NA	NA	NA
NC_045512.2	688	G	C	34	5	26	5	5	26	0.102041	49	0.0155821	FALSE	NA	NA	NA	NA	NA	NA
NC_045512.2	688	G	A	34	5	26	2	2	27	0.0408163	49	0.180723	FALSE	NA	NA	NA	NA	NA	NA
NC_045512.2	689	T	G	40	13	25	6	6	28	0.12766	47	0.0131359	FALSE	NA	NA	NA	NA	NA	NA
NC_045512.2	689	T	A	40	13	25	1	1	27	0.0212766	47	0.471264	FALSE	NA	NA	NA	NA	NA	NA
NC_045512.2	690	C	T	36	8	26	7	7	27	0.145833	48	0.00431301	TRUE	NA	NA	NA	NA	NA	NA
NC_045512.2	690	C	G	36	8	26	5	5	25	0.104167	48	0.0191291	FALSE	NA	NA	NA	NA	NA	NA
NC_045512.2	691	A	T	25	3	26	7	7	23	0.170732	41	0.00228486	TRUE	NA	NA	NA	NA	NA	NA
NC_045512.2	691	A	G	25	3	26	6	6	25	0.146341	41	0.00514095	TRUE	NA	NA	NA	NA	NA	NA
NC_045512.2	691	A	C	25	3	26	3	3	25	0.0731707	41	0.0653683	FALSE	NA	NA	NA	NA	NA	NA
NC_045512.2	691	A	-T	25	3	26	1	0	20	0.0243902	41	0.393939	FALSE	NA	NA	NA	NA	NA	NA
NC_045512.2	692	T	G	30	10	26	6	6	26	0.157895	38	0.0105144	FALSE	NA	NA	NA	NA	NA	NA
NC_045512.2	692	T	C	30	10	26	2	2	32	0.0526316	38	0.205383	FALSE	NA	NA	NA	NA	NA	NA
NC_045512.2	693	T	G	30	9	27	2	2	27	0.05	40	0.199598	FALSE	NA	NA	NA	NA	NA	NA
NC_045512.2	693	T	C	30	9	27	6	6	26	0.15	40	0.0096732	TRUE	NA	NA	NA	NA	NA	NA
NC_045512.2	693	T	A	30	9	27	2	2	25	0.05	40	0.199598	FALSE	NA	NA	NA	NA	NA	NA
NC_045512.2	694	T	G	22	7	22	4	4	27	0.114286	35	0.0306582	FALSE	NA	NA	NA	NA	NA	NA
NC_045512.2	694	T	C	22	7	22	7	6	26	0.2	35	0.00282101	TRUE	NA	NA	NA	NA	NA	NA
NC_045512.2	694	T	A	22	7	22	2	2	24	0.0571429	35	0.166969	FALSE	NA	NA	NA	NA	NA	NA
NC_045512.2	695	G	T	30	9	26	8	8	25	0.186047	43	0.00168705	TRUE	NA	NA	NA	NA	NA	NA
NC_045512.2	695	G	C	30	9	26	3	3	26	0.0697674	43	0.0807997	FALSE	NA	NA	NA	NA	NA	NA
NC_045512.2	695	G	A	30	9	26	2	2	28	0.0465116	43	0.183636	FALSE	NA	NA	NA	NA	NA	NA
NC_045512.2	696	A	T	32	11	25	4	4	25	0.0952381	42	0.0435277	FALSE	NA	NA	NA	NA	NA	NA
NC_045512.2	696	A	G	32	11	25	2	2	25	0.047619	42	0.202162	FALSE	NA	NA	NA	NA	NA	NA
NC_045512.2	696	A	C	32	11	25	4	4	24	0.0952381	42	0.0435277	FALSE	NA	NA	NA	NA	NA	NA
NC_045512.2	697	C	T	29	8	26	2	2	26	0.0487805	41	0.187123	FALSE	NA	NA	NA	NA	NA	NA
NC_045512.2	697	C	G	29	8	26	2	2	27	0.0487805	41	0.187123	FALSE	NA	NA	NA	NA	NA	NA
NC_045512.2	697	C	A	29	8	26	8	8	27	0.195122	41	0.0018348	TRUE	NA	NA	NA	NA	NA	NA
NC_045512.2	698	T	G	26	5	26	5	5	27	0.121951	41	0.0130501	FALSE	NA	NA	NA	NA	NA	NA
NC_045512.2	698	T	C	26	5	26	4	4	26	0.097561	41	0.0298889	FALSE	NA	NA	NA	NA	NA	NA
NC_045512.2	698	T	A	26	5	26	6	6	27	0.146341	41	0.00580004	TRUE	NA	NA	NA	NA	NA	NA
NC_045512.2	699	T	G	23	6	23	4	4	26	0.105263	38	0.0276214	FALSE	NA	NA	NA	NA	NA	NA
NC_045512.2	699	T	C	23	6	23	7	7	27	0.184211	38	0.00234095	TRUE	NA	NA	NA	NA	NA	NA
NC_045512.2	699	T	A	23	6	23	4	4	23	0.105263	38	0.0276214	FALSE	NA	NA	NA	NA	NA	NA
NC_045512.2	700	A	T	29	10	26	2	2	27	0.05	40	0.192547	FALSE	NA	NA	NA	NA	NA	NA
NC_045512.2	700	A	G	29	10	26	7	7	25	0.175	40	0.00420574	TRUE	NA	NA	NA	NA	NA	NA
NC_045512.2	700	A	C	29	10	26	2	2	25	0.05	40	0.192547	FALSE	NA	NA	NA	NA	NA	NA
NC_045512.2	701	G	T	23	4	27	4	4	25	0.102564	39	0.0259217	FALSE	NA	NA	NA	NA	NA	NA
NC_045512.2	701	G	C	23	4	27	9	9	26	0.230769	39	0.000431298	TRUE	NA	NA	NA	NA	NA	NA
NC_045512.2	701	G	A	23	4	27	3	3	23	0.0769231	39	0.062404	FALSE	NA	NA	NA	NA	NA	NA
NC_045512.2	702	G	T	9	3	22	4	4	24	0.2	20	0.0198832	FALSE	NA	NA	NA	NA	NA	NA
NC_045512.2	702	G	C	9	3	22	3	3	26	0.15	20	0.0489433	FALSE	NA	NA	NA	NA	NA	NA
NC_045512.2	702	G	A	9	3	22	4	4	25	0.2	20	0.0198832	FALSE	NA	NA	NA	NA	NA	NA
NC_045512.2	703	C	T	9	2	26	5	5	28	0.178571	28	0.00267148	TRUE	NA	NA	NA	NA	NA	NA
NC_045512.2	703	C	G	9	2	26	9	9	25	0.321429	28	5.48657e-05	TRUE	NA	NA	NA	NA	NA	NA
NC_045512.2	703	C	A	9	2	26	5	5	24	0.178571	28	0.00267148	TRUE	NA	NA	NA	NA	NA	NA
NC_045512.2	704	G	T	16	10	26	4	4	24	0.148148	27	0.0296902	FALSE	NA	NA	NA	NA	NA	NA
NC_045512.2	704	G	C	16	10	26	4	4	26	0.148148	27	0.0296902	FALSE	NA	NA	NA	NA	NA	NA
NC_045512.2	704	G	A	16	10	26	3	3	27	0.111111	27	0.0682875	FALSE	NA	NA	NA	NA	NA	NA
NC_045512.2	705	A	T	8	3	26	3	3	25	0.176471	17	0.0564103	FALSE	NA	NA	NA	NA	NA	NA
NC_045512.2	705	A	G	8	3	26	6	6	27	0.352941	17	0.00505747	TRUE	NA	NA	NA	NA	NA	NA
NC_045512.2	706	C	T	6	1	25	4	4	28	0.235294	17	0.0140468	FALSE	NA	NA	NA	NA	NA	NA
NC_045512.2	706	C	G	6	1	25	3	3	27	0.176471	17	0.0365217	FALSE	NA	NA	NA	NA	NA	NA
NC_045512.2	706	C	A	6	1	25	4	4	24	0.235294	17	0.0140468	FALSE	NA	NA	NA	NA	NA	NA
NC_045512.2	707	G	C	11	6	26	3	3	26	0.176471	17	0.0896552	FALSE	NA	NA	NA	NA	NA	NA
NC_045512.2	707	G	A	11	6	26	3	3	28	0.176471	17	0.0896552	FALSE	NA	NA	NA	NA	NA	NA
NC_045512.2	708	A	T	9	4	27	5	5	26	0.294118	17	0.0140485	FALSE	NA	NA	NA	NA	NA	NA
NC_045512.2	708	A	G	9	4	27	1	1	27	0.0588235	17	0.384615	FALSE	NA	NA	NA	NA	NA	NA
NC_045512.2	708	A	C	9	4	27	2	2	28	0.117647	17	0.156695	FALSE	NA	NA	NA	NA	NA	NA
NC_045512.2	709	G	T	9	4	26	2	2	26	0.105263	19	0.135468	FALSE	NA	NA	NA	NA	NA	NA
NC_045512.2	709	G	C	9	4	26	5	5	25	0.263158	19	0.0099416	TRUE	NA	NA	NA	NA	NA	NA
NC_045512.2	709	G	A	9	4	26	3	3	25	0.157895	19	0.0541872	FALSE	NA	NA	NA	NA	NA	NA
NC_045512.2	710	C	T	11	6	27	4	4	25	0.210526	19	0.0333578	FALSE	NA	NA	NA	NA	NA	NA
NC_045512.2	710	C	G	11	6	27	1	1	27	0.0526316	19	0.4	FALSE	NA	NA	NA	NA	NA	NA
NC_045512.2	710	C	A	11	6	27	3	3	25	0.157895	19	0.0733871	FALSE	NA	NA	NA	NA	NA	NA
NC_045512.2	711	T	G	12	7	25	2	2	24	0.105263	19	0.183468	FALSE	NA	NA	NA	NA	NA	NA
NC_045512.2	711	T	C	12	7	25	1	1	23	0.0526316	19	0.419355	FALSE	NA	NA	NA	NA	NA	NA
NC_045512.2	711	T	A	12	7	25	4	4	27	0.210526	19	0.0392444	FALSE	NA	NA	NA	NA	NA	NA
NC_045512.2	712	T	G	8	5	25	4	4	24	0.25	16	0.0282051	FALSE	NA	NA	NA	NA	NA	NA
NC_045512.2	712	T	C	8	5	25	3	3	25	0.1875	16	0.0634615	FALSE	NA	NA	NA	NA	NA	NA
NC_045512.2	712	T	A	8	5	25	1	1	22	0.0625	16	0.375	FALSE	NA	NA	NA	NA	NA	NA
NC_045512.2	713	G	T	13	8	26	3	3	27	0.157895	19	0.0935829	FALSE	NA	NA	NA	NA	NA	NA
NC_045512.2	713	G	C	13	8	26	3	3	25	0.157895	19	0.0935829	FALSE	NA	NA	NA	NA	NA	NA
NC_045512.2	714	G	T	11	6	23	5	5	27	0.263158	19	0.0156978	FALSE	NA	NA	NA	NA	NA	NA
NC_045512.2	714	G	A	11	6	23	3	3	23	0.157895	19	0.0733871	FALSE	NA	NA	NA	NA	NA	NA
NC_045512.2	715	C	T	9	4	26	2	2	26	0.105263	19	0.135468	FALSE	NA	NA	NA	NA	NA	NA
NC_045512.2	715	C	G	9	4	26	6	6	25	0.315789	19	0.00451891	TRUE	NA	NA	NA	NA	NA	NA
NC_045512.2	715	C	A	9	4	26	2	2	24	0.105263	19	0.135468	FALSE	NA	NA	NA	NA	NA	NA
NC_045512.2	716	A	T	9	4	25	5	5	26	0.217391	23	0.00531046	TRUE	NA	NA	NA	NA	NA	NA
NC_045512.2	716	A	G	9	4	25	6	6	25	0.26087	23	0.00215289	TRUE	NA	NA	NA	NA	NA	NA
NC_045512.2	716	A	C	9	4	25	3	3	27	0.130435	23	0.0367647	FALSE	NA	NA	NA	NA	NA	NA
NC_045512.2	717	C	T	10	5	26	5	5	26	0.208333	24	0.00598276	TRUE	NA	NA	NA	NA	NA	NA
NC_045512.2	717	C	G	10	5	26	3	3	27	0.125	24	0.040056	FALSE	NA	NA	NA	NA	NA	NA
NC_045512.2	717	C	A	10	5	26	6	6	26	0.25	24	0.00245447	TRUE	NA	NA	NA	NA	NA	NA
NC_045512.2	718	T	G	9	4	27	8	8	23	0.333333	24	0.000316106	TRUE	NA	NA	NA	NA	NA	NA
NC_045512.2	718	T	C	9	4	27	4	4	25	0.166667	24	0.0121382	FALSE	NA	NA	NA	NA	NA	NA
NC_045512.2	718	T	A	9	4	27	3	3	26	0.125	24	0.0336134	FALSE	NA	NA	NA	NA	NA	NA
NC_045512.2	719	G	T	21	7	27	3	3	24	0.0882353	34	0.0691729	FALSE	NA	NA	NA	NA	NA	NA
NC_045512.2	719	G	C	21	7	27	5	5	25	0.147059	34	0.0131392	FALSE	NA	NA	NA	NA	NA	NA
NC_045512.2	719	G	A	21	7	27	5	5	23	0.147059	34	0.0131392	FALSE	NA	NA	NA	NA	NA	NA
NC_045512.2	720	A	T	21	7	26	6	6	25	0.176471	34	0.00591265	TRUE	NA	NA	NA	NA	NA	NA
NC_045512.2	720	A	C	21	7	26	7	7	25	0.205882	34	0.002714	TRUE	NA	NA	NA	NA	NA	NA
NC_045512.2	721	T	G	22	8	26	4	4	25	0.117647	34	0.032848	FALSE	NA	NA	NA	NA	NA	NA
NC_045512.2	721	T	C	22	8	26	4	4	26	0.117647	34	0.032848	FALSE	NA	NA	NA	NA	NA	NA
NC_045512.2	721	T	A	22	8	26	4	4	27	0.117647	34	0.032848	FALSE	NA	NA	NA	NA	NA	NA
NC_045512.2	722	C	T	19	6	27	6	6	26	0.181818	33	0.00488037	TRUE	NA	NA	NA	NA	NA	NA
NC_045512.2	722	C	G	19	6	27	6	6	26	0.181818	33	0.00488037	TRUE	NA	NA	NA	NA	NA	NA
NC_045512.2	722	C	A	19	6	27	2	2	28	0.0606061	33	0.152395	FALSE	NA	NA	NA	NA	NA	NA
NC_045512.2	723	C	T	17	6	24	9	9	24	0.310345	29	0.000587549	TRUE	NA	NA	NA	NA	NA	NA
NC_045512.2	723	C	G	17	6	24	3	3	25	0.103448	29	0.0659112	FALSE	NA	NA	NA	NA	NA	NA
NC_045512.2	724	T	G	22	10	26	5	5	23	0.16129	31	0.0192806	FALSE	NA	NA	NA	NA	NA	NA
NC_045512.2	724	T	C	22	10	26	4	4	25	0.129032	31	0.0407035	FALSE	NA	NA	NA	NA	NA	NA
NC_045512.2	725	T	G	15	7	24	6	6	25	0.214286	28	0.00442195	TRUE	NA	NA	NA	NA	NA	NA
NC_045512.2	725	T	C	15	7	24	5	4	25	0.178571	28	0.0101073	FALSE	NA	NA	NA	NA	NA	NA
NC_045512.2	725	T	A	15	7	24	2	2	23	0.0714286	28	0.143763	FALSE	NA	NA	NA	NA	NA	NA
NC_045512.2	726	A	T	15	3	27	4	4	23	0.129032	31	0.0182937	FALSE	NA	NA	NA	NA	NA	NA
NC_045512.2	726	A	G	15	3	27	9	9	26	0.290323	31	0.000245867	TRUE	NA	NA	NA	NA	NA	NA
NC_045512.2	726	A	C	15	3	27	3	3	24	0.0967742	31	0.0471785	FALSE	NA	NA	NA	NA	NA	NA
NC_045512.2	727	T	G	22	10	27	3	3	29	0.0909091	33	0.0786056	FALSE	NA	NA	NA	NA	NA	NA
NC_045512.2	727	T	C	22	10	27	6	6	25	0.181818	33	0.00752519	TRUE	NA	NA	NA	NA	NA	NA
NC_045512.2	727	T	A	22	10	27	2	2	26	0.0606061	33	0.179221	FALSE	NA	NA	NA	NA	NA	NA
NC_045512.2	728	G	T	44	9	27	5	5	28	0.0892857	56	0.0207354	FALSE	NA	NA	NA	NA	NA	NA
NC_045512.2	728	G	C	44	9	27	4	4	25	0.0714286	56	0.0440099	FALSE	NA	NA	NA	NA	NA	NA
NC_045512.2	728	G	A	44	9	27	3	3	24	0.0535714	56	0.094438	FALSE	NA	NA	NA	NA	NA	NA
NC_045512.2	729	A	T	42	7	27	6	6	26	0.109091	55	0.00911331	TRUE	NA	NA	NA	NA	NA	NA
NC_045512.2	729	A	G	42	7	27	4	4	27	0.0727273	55	0.0416158	FALSE	NA	NA	NA	NA	NA	NA
NC_045512.2	729	A	C	42	7	27	3	3	26	0.0545455	55	0.0904692	FALSE	NA	NA	NA	NA	NA	NA
NC_045512.2	730	A	T	36	5	23	6	6	25	0.117647	51	0.00735664	TRUE	NA	NA	NA	NA	NA	NA
NC_045512.2	730	A	G	36	5	23	3	3	25	0.0588235	51	0.0804744	FALSE	NA	NA	NA	NA	NA	NA
NC_045512.2	730	A	C	36	5	23	6	6	24	0.117647	51	0.00735664	TRUE	NA	NA	NA	NA	NA	NA
NC_045512.2	731	G	T	39	4	26	4	4	26	0.0714286	56	0.034164	FALSE	NA	NA	NA	NA	NA	NA
NC_045512.2	731	G	C	39	4	26	7	7	24	0.125	56	0.00311197	TRUE	NA	NA	NA	NA	NA	NA
NC_045512.2	731	G	A	39	4	26	6	6	25	0.107143	56	0.0068328	TRUE	NA	NA	NA	NA	NA	NA
NC_045512.2	732	A	T	38	3	26	6	6	26	0.113208	53	0.00761455	TRUE	NA	NA	NA	NA	NA	NA
NC_045512.2	732	A	G	38	3	26	5	5	25	0.0943396	53	0.0166136	FALSE	NA	NA	NA	NA	NA	NA
NC_045512.2	732	A	C	38	3	26	4	4	23	0.0754717	53	0.0367044	FALSE	NA	NA	NA	NA	NA	NA
NC_045512.2	733	T	G	43	8	26	5	5	26	0.0943396	53	0.0227435	FALSE	NA	NA	NA	NA	NA	NA
NC_045512.2	733	T	C	43	8	26	2	2	28	0.0377358	53	0.212629	FALSE	NA	NA	NA	NA	NA	NA
NC_045512.2	733	T	A	43	8	26	3	3	27	0.0566038	53	0.0998054	FALSE	NA	NA	NA	NA	NA	NA
NC_045512.2	734	T	G	41	6	26	9	9	24	0.160714	56	0.000833742	TRUE	NA	NA	NA	NA	NA	NA
NC_045512.2	734	T	C	41	6	26	3	3	22	0.0535714	56	0.0844379	FALSE	NA	NA	NA	NA	NA	NA
NC_045512.2	734	T	A	41	6	26	3	3	25	0.0535714	56	0.0844379	FALSE	NA	NA	NA	NA	NA	NA
NC_045512.2	735	T	G	41	6	26	5	5	25	0.0909091	55	0.0182069	FALSE	NA	NA	NA	NA	NA	NA
NC_045512.2	735	T	C	41	6	26	7	7	26	0.127273	55	0.00398707	TRUE	NA	NA	NA	NA	NA	NA
NC_045512.2	735	T	A	41	6	26	2	2	28	0.0363636	55	0.193943	FALSE	NA	NA	NA	NA	NA	NA
NC_045512.2	736	T	G	15	5	22	8	8	26	0.285714	28	0.000913268	TRUE	NA	NA	NA	NA	NA	NA
NC_045512.2	736	T	C	15	5	22	3	3	26	0.107143	28	0.0575053	FALSE	NA	NA	NA	NA	NA	NA
NC_045512.2	736	T	A	15	5	22	2	2	27	0.0714286	28	0.143763	FALSE	NA	NA	NA	NA	NA	NA
NC_045512.2	737	C	T	42	7	26	3	3	26	0.0566038	53	0.0962425	FALSE	NA	NA	NA	NA	NA	NA
NC_045512.2	737	C	G	42	7	26	7	7	24	0.132075	53	0.00499433	TRUE	NA	NA	NA	NA	NA	NA
NC_045512.2	737	C	A	42	7	26	1	1	22	0.0188679	53	0.452632	FALSE	NA	NA	NA	NA	NA	NA
NC_045512.2	738	A	T	38	3	27	4	4	24	0.0740741	54	0.0351589	FALSE	NA	NA	NA	NA	NA	NA
NC_045512.2	738	A	G	38	3	27	5	5	26	0.0925926	54	0.0157483	FALSE	NA	NA	NA	NA	NA	NA
NC_045512.2	738	A	C	38	3	27	7	7	26	0.12963	54	0.0032802	TRUE	NA	NA	NA	NA	NA	NA
NC_045512.2	739	A	T	41	7	23	7	7	28	0.12963	54	0.00428086	TRUE	NA	NA	NA	NA	NA	NA
NC_045512.2	739	A	G	41	7	23	4	4	24	0.0740741	54	0.0412468	FALSE	NA	NA	NA	NA	NA	NA
NC_045512.2	739	A	C	41	7	23	2	2	25	0.037037	54	0.198026	FALSE	NA	NA	NA	NA	NA	NA
NC_045512.2	740	G	T	42	7	26	5	5	26	0.0892857	56	0.0184165	FALSE	NA	NA	NA	NA	NA	NA
NC_045512.2	740	G	C	42	7	26	5	5	26	0.0892857	56	0.0184165	FALSE	NA	NA	NA	NA	NA	NA
NC_045512.2	740	G	A	42	7	26	4	4	26	0.0714286	56	0.0399677	FALSE	NA	NA	NA	NA	NA	NA
NC_045512.2	741	A	T	45	10	27	4	4	25	0.0714286	56	0.0460788	FALSE	NA	NA	NA	NA	NA	NA
NC_045512.2	741	A	G	45	10	27	2	2	29	0.0357143	56	0.209862	FALSE	NA	NA	NA	NA	NA	NA
NC_045512.2	741	A	C	45	10	27	5	5	26	0.0892857	56	0.0219423	FALSE	NA	NA	NA	NA	NA	NA
NC_045512.2	742	A	T	41	6	27	11	11	25	0.192982	57	0.000175091	TRUE	NA	NA	NA	NA	NA	NA
NC_045512.2	742	A	G	41	6	27	1	1	25	0.0175439	57	0.428571	FALSE	NA	NA	NA	NA	NA	NA
NC_045512.2	742	A	C	41	6	27	4	4	24	0.0701754	57	0.0364922	FALSE	NA	NA	NA	NA	NA	NA
NC_045512.2	743	A	T	39	4	27	7	7	26	0.125	56	0.00311197	TRUE	NA	NA	NA	NA	NA	NA
NC_045512.2	743	A	G	39	4	27	4	4	24	0.0714286	56	0.034164	FALSE	NA	NA	NA	NA	NA	NA
NC_045512.2	743	A	C	39	4	27	6	6	26	0.107143	56	0.0068328	TRUE	NA	NA	NA	NA	NA	NA
NC_045512.2	744	A	T	27	10	23	4	4	26	0.105263	38	0.0386365	FALSE	NA	NA	NA	NA	NA	NA
NC_045512.2	744	A	G	27	10	23	4	4	27	0.105263	38	0.0386365	FALSE	NA	NA	NA	NA	NA	NA
NC_045512.2	744	A	C	27	10	23	3	3	26	0.0789474	38	0.0847511	FALSE	NA	NA	NA	NA	NA	NA
NC_045512.2	745	C	T	41	6	26	6	6	27	0.105263	57	0.00750963	TRUE	NA	NA	NA	NA	NA	NA
NC_045512.2	745	C	G	41	6	26	6	6	24	0.105263	57	0.00750963	TRUE	NA	NA	NA	NA	NA	NA
NC_045512.2	745	C	A	41	6	26	4	4	27	0.0701754	57	0.0364922	FALSE	NA	NA	NA	NA	NA	NA
NC_045512.2	746	T	G	41	6	27	7	7	26	0.122807	57	0.00346598	TRUE	NA	NA	NA	NA	NA	NA
NC_045512.2	746	T	C	41	6	27	6	6	26	0.105263	57	0.00750963	TRUE	NA	NA	NA	NA	NA	NA
NC_045512.2	746	T	A	41	6	27	3	3	27	0.0526316	57	0.0819048	FALSE	NA	NA	NA	NA	NA	NA
NC_045512.2	747	G	T	52	17	27	1	1	29	0.0175439	57	0.486239	FALSE	NA	NA	NA	NA	NA	NA
NC_045512.2	747	G	C	52	17	27	1	1	28	0.0175439	57	0.486239	FALSE	NA	NA	NA	NA	NA	NA
NC_045512.2	747	G	A	52	17	27	3	3	27	0.0526316	57	0.118274	FALSE	NA	NA	NA	NA	NA	NA
NC_045512.2	748	G	T	43	9	24	4	4	26	0.0727273	55	0.0436856	FALSE	NA	NA	NA	NA	NA	NA
NC_045512.2	748	G	C	43	9	24	7	7	26	0.127273	55	0.00470192	TRUE	NA	NA	NA	NA	NA	NA
NC_045512.2	748	G	A	43	9	24	1	1	27	0.0181818	55	0.44898	FALSE	NA	NA	NA	NA	NA	NA
NC_045512.2	749	A	T	42	6	26	4	4	27	0.0689655	58	0.036909	FALSE	NA	NA	NA	NA	NA	NA
NC_045512.2	749	A	G	42	6	26	7	7	27	0.12069	58	0.00352484	TRUE	NA	NA	NA	NA	NA	NA
NC_045512.2	749	A	C	42	6	26	5	5	24	0.0862069	58	0.01668	FALSE	NA	NA	NA	NA	NA	NA
NC_045512.2	750	A	T	49	13	24	1	1	21	0.0175439	57	0.471698	FALSE	NA	NA	NA	NA	NA	NA
NC_045512.2	750	A	G	49	13	24	4	4	26	0.0701754	57	0.0526356	FALSE	NA	NA	NA	NA	NA	NA
NC_045512.2	750	A	C	49	13	24	3	3	27	0.0526316	57	0.108251	FALSE	NA	NA	NA	NA	NA	NA
NC_045512.2	751	C	T	40	4	27	5	5	26	0.0877193	57	0.0154245	FALSE	NA	NA	NA	NA	NA	NA
NC_045512.2	751	C	G	40	4	27	5	5	24	0.0877193	57	0.0154245	FALSE	NA	NA	NA	NA	NA	NA
NC_045512.2	751	C	A	40	4	27	7	7	27	0.122807	57	0.00317417	TRUE	NA	NA	NA	NA	NA	NA
NC_045512.2	752	A	T	47	11	27	5	5	25	0.0862069	58	0.022246	FALSE	NA	NA	NA	NA	NA	NA
NC_045512.2	752	A	G	47	11	27	5	5	25	0.0862069	58	0.022246	FALSE	NA	NA	NA	NA	NA	NA
NC_045512.2	752	A	C	47	11	27	1	1	28	0.0172414	58	0.457143	FALSE	NA	NA	NA	NA	NA	NA
NC_045512.2	753	C	T	41	5	27	7	7	26	0.125	56	0.00371611	TRUE	NA	NA	NA	NA	NA	NA
NC_045512.2	753	C	G	41	5	27	3	3	28	0.0535714	56	0.0844379	FALSE	NA	NA	NA	NA	NA	NA
NC_045512.2	753	C	A	41	5	27	5	5	28	0.0892857	56	0.0173056	FALSE	NA	NA	NA	NA	NA	NA
NC_045512.2	754	T	G	45	9	26	2	2	26	0.0350877	57	0.205787	FALSE	NA	NA	NA	NA	NA	NA
NC_045512.2	754	T	C	45	9	26	6	6	27	0.105263	57	0.00996514	TRUE	NA	NA	NA	NA	NA	NA
NC_045512.2	754	T	A	45	9	26	4	4	27	0.0701754	57	0.0443234	FALSE	NA	NA	NA	NA	NA	NA
NC_045512.2	755	A	T	43	7	27	1	1	25	0.0175439	57	0.44	FALSE	NA	NA	NA	NA	NA	NA
NC_045512.2	755	A	G	43	7	27	5	5	25	0.0877193	57	0.0186196	FALSE	NA	NA	NA	NA	NA	NA
NC_045512.2	755	A	C	43	7	27	8	8	24	0.140351	57	0.00195356	TRUE	NA	NA	NA	NA	NA	NA
NC_045512.2	756	A	T	37	2	28	4	4	22	0.0701754	57	0.0292279	FALSE	NA	NA	NA	NA	NA	NA
NC_045512.2	756	A	G	37	2	28	6	5	27	0.105263	57	0.00544069	TRUE	NA	NA	NA	NA	NA	NA
NC_045512.2	756	A	C	37	2	28	10	10	25	0.175439	57	0.000219491	TRUE	NA	NA	NA	NA	NA	NA
NC_045512.2	757	A	T	40	7	23	6	6	27	0.111111	54	0.00835928	TRUE	NA	NA	NA	NA	NA	NA
NC_045512.2	757	A	G	40	7	23	2	2	26	0.037037	54	0.192833	FALSE	NA	NA	NA	NA	NA	NA
NC_045512.2	757	A	C	40	7	23	6	6	27	0.111111	54	0.00835928	TRUE	NA	NA	NA	NA	NA	NA
NC_045512.2	758	C	T	44	8	26	1	1	24	0.0172414	58	0.441176	FALSE	NA	NA	NA	NA	NA	NA
NC_045512.2	758	C	G	44	8	26	6	6	25	0.103448	58	0.00879277	TRUE	NA	NA	NA	NA	NA	NA
NC_045512.2	758	C	A	44	8	26	7	7	25	0.12069	58	0.00415214	TRUE	NA	NA	NA	NA	NA	NA
NC_045512.2	758	C	+A	44	8	26	1	0	20	0.0172414	58	0.441176	FALSE	NA	NA	NA	NA	NA	NA
NC_045512.2	759	A	T	44	9	26	4	4	26	0.0714286	56	0.0440099	FALSE	NA	NA	NA	NA	NA	NA
NC_045512.2	759	A	G	44	9	26	6	6	24	0.107143	56	0.00987402	TRUE	NA	NA	NA	NA	NA	NA
NC_045512.2	759	A	C	44	9	26	2	2	23	0.0357143	56	0.20495	FALSE	NA	NA	NA	NA	NA	NA
NC_045512.2	760	T	G	45	9	26	6	6	24	0.107143	56	0.0105571	FALSE	NA	NA	NA	NA	NA	NA
NC_045512.2	760	T	C	45	9	26	2	2	27	0.0357143	56	0.209862	FALSE	NA	NA	NA	NA	NA	NA
NC_045512.2	760	T	A	45	9	26	3	3	26	0.0535714	56	0.0977998	FALSE	NA	NA	NA	NA	NA	NA
NC_045512.2	761	A	T	42	6	26	3	3	22	0.0517241	58	0.0826441	FALSE	NA	NA	NA	NA	NA	NA
NC_045512.2	761	A	G	42	6	26	10	10	26	0.172414	58	0.000371064	TRUE	NA	NA	NA	NA	NA	NA
NC_045512.2	761	A	C	42	6	26	3	3	26	0.0517241	58	0.0826441	FALSE	NA	NA	NA	NA	NA	NA
NC_045512.2	762	G	T	45	9	27	5	5	25	0.0877193	57	0.0209073	FALSE	NA	NA	NA	NA	NA	NA
NC_045512.2	762	G	C	45	9	27	5	5	27	0.0877193	57	0.0209073	FALSE	NA	NA	NA	NA	NA	NA
NC_045512.2	762	G	A	45	9	27	2	2	26	0.0350877	57	0.205787	FALSE	NA	NA	NA	NA	NA	NA
NC_045512.2	763	C	T	42	6	27	7	7	25	0.125	56	0.00404365	TRUE	NA	NA	NA	NA	NA	NA
NC_045512.2	763	C	G	42	6	27	3	3	29	0.0535714	56	0.0877551	FALSE	NA	NA	NA	NA	NA	NA
NC_045512.2	763	C	A	42	6	27	4	4	25	0.0714286	56	0.0399677	FALSE	NA	NA	NA	NA	NA	NA
NC_045512.2	764	A	T	45	9	27	10	10	25	0.172414	58	0.000516815	TRUE	NA	NA	NA	NA	NA	NA
NC_045512.2	764	A	G	45	9	27	1	1	24	0.0172414	58	0.446602	FALSE	NA	NA	NA	NA	NA	NA
NC_045512.2	764	A	C	45	9	27	2	2	25	0.0344828	58	0.20183	FALSE	NA	NA	NA	NA	NA	NA
NC_045512.2	765	G	T	41	5	27	6	6	26	0.105263	57	0.00750963	TRUE	NA	NA	NA	NA	NA	NA
NC_045512.2	765	G	C	41	5	27	3	3	23	0.0526316	57	0.0819048	FALSE	NA	NA	NA	NA	NA	NA
NC_045512.2	765	G	A	41	5	27	7	7	27	0.122807	57	0.00346598	TRUE	NA	NA	NA	NA	NA	NA
NC_045512.2	766	T	G	40	4	27	6	6	25	0.103448	58	0.00655095	TRUE	NA	NA	NA	NA	NA	NA
NC_045512.2	766	T	C	40	4	27	9	9	25	0.155172	58	0.000625621	TRUE	NA	NA	NA	NA	NA	NA
NC_045512.2	766	T	A	40	4	27	3	3	28	0.0517241	58	0.0763203	FALSE	NA	NA	NA	NA	NA	NA
NC_045512.2	766	T	-G	40	4	27	1	0	20	0.0172414	58	0.418367	FALSE	NA	NA	NA	NA	NA	NA
NC_045512.2	767	G	T	39	4	27	6	6	24	0.107143	56	0.00642689	TRUE	NA	NA	NA	NA	NA	NA
NC_045512.2	767	G	C	39	4	27	7	7	26	0.125	56	0.0028984	TRUE	NA	NA	NA	NA	NA	NA
NC_045512.2	767	G	A	39	4	27	4	4	23	0.0714286	56	0.0327837	FALSE	NA	NA	NA	NA	NA	NA
NC_045512.2	768	G	T	43	9	24	5	5	26	0.0892857	56	0.01956	FALSE	NA	NA	NA	NA	NA	NA
NC_045512.2	768	G	C	43	9	24	5	5	27	0.0892857	56	0.01956	FALSE	NA	NA	NA	NA	NA	NA
NC_045512.2	768	G	A	43	9	24	3	3	24	0.0535714	56	0.0910891	FALSE	NA	NA	NA	NA	NA	NA
NC_045512.2	769	T	G	42	6	27	3	3	26	0.0517241	58	0.0826441	FALSE	NA	NA	NA	NA	NA	NA
NC_045512.2	769	T	C	42	6	27	11	11	26	0.189655	58	0.000178785	TRUE	NA	NA	NA	NA	NA	NA
NC_045512.2	769	T	A	42	6	27	2	2	28	0.0344828	58	0.187327	FALSE	NA	NA	NA	NA	NA	NA
NC_045512.2	770	G	T	46	10	26	5	5	22	0.0877193	57	0.0220966	FALSE	NA	NA	NA	NA	NA	NA
NC_045512.2	770	G	C	46	10	26	3	3	26	0.0526316	57	0.0982823	FALSE	NA	NA	NA	NA	NA	NA
NC_045512.2	770	G	A	46	10	26	3	3	23	0.0526316	57	0.0982823	FALSE	NA	NA	NA	NA	NA	NA
NC_045512.2	771	T	G	44	8	27	6	6	26	0.105263	57	0.00931512	TRUE	NA	NA	NA	NA	NA	NA
NC_045512.2	771	T	C	44	8	27	2	2	24	0.0350877	57	0.200932	FALSE	NA	NA	NA	NA	NA	NA
NC_045512.2	771	T	A	44	8	27	5	5	26	0.0877193	57	0.019748	FALSE	NA	NA	NA	NA	NA	NA
NC_045512.2	772	T	G	43	8	23	4	4	24	0.0714286	56	0.0419724	FALSE	NA	NA	NA	NA	NA	NA
NC_045512.2	772	T	C	43	8	23	5	5	26	0.0892857	56	0.01956	FALSE	NA	NA	NA	NA	NA	NA
NC_045512.2	772	T	A	43	8	23	4	4	25	0.0714286	56	0.0419724	FALSE	NA	NA	NA	NA	NA	NA
NC_045512.2	773	A	T	43	7	27	4	4	25	0.0714286	56	0.0419724	FALSE	NA	NA	NA	NA	NA	NA
NC_045512.2	773	A	G	43	7	27	9	9	25	0.160714	56	0.00102611	TRUE	NA	NA	NA	NA	NA	NA
NC_045512.2	774	C	T	41	5	27	6	6	25	0.103448	58	0.00707638	TRUE	NA	NA	NA	NA	NA	NA
NC_045512.2	774	C	G	41	5	27	5	5	26	0.0862069	58	0.0156584	FALSE	NA	NA	NA	NA	NA	NA
NC_045512.2	774	C	A	41	5	27	6	6	26	0.103448	58	0.00707638	TRUE	NA	NA	NA	NA	NA	NA
NC_045512.2	775	C	T	40	4	29	9	9	26	0.163636	55	0.000818603	TRUE	NA	NA	NA	NA	NA	NA
NC_045512.2	775	C	G	40	4	29	1	1	26	0.0181818	55	0.431579	FALSE	NA	NA	NA	NA	NA	NA
NC_045512.2	775	C	A	40	4	29	5	5	25	0.0909091	55	0.017082	FALSE	NA	NA	NA	NA	NA	NA
NC_045512.2	776	C	T	43	9	23	4	4	26	0.0714286	56	0.0419724	FALSE	NA	NA	NA	NA	NA	NA
NC_045512.2	776	C	G	43	9	23	2	2	27	0.0357143	56	0.2	FALSE	NA	NA	NA	NA	NA	NA
NC_045512.2	776	C	A	43	9	23	7	7	25	0.125	56	0.00438845	TRUE	NA	NA	NA	NA	NA	NA
NC_045512.2	777	G	T	40	4	27	6	6	23	0.105263	57	0.00695617	TRUE	NA	NA	NA	NA	NA	NA
NC_045512.2	777	G	C	40	4	27	6	6	27	0.105263	57	0.00695617	TRUE	NA	NA	NA	NA	NA	NA
NC_045512.2	777	G	A	40	4	27	5	5	28	0.0877193	57	0.0154245	FALSE	NA	NA	NA	NA	NA	NA
NC_045512.2	778	T	G	43	9	26	5	5	25	0.0877193	57	0.0186196	FALSE	NA	NA	NA	NA	NA	NA
NC_045512.2	778	T	C	43	9	26	3	1	26	0.0526316	57	0.08841	FALSE	NA	NA	NA	NA	NA	NA
NC_045512.2	778	T	A	43	9	26	6	6	28	0.105263	57	0.00868914	TRUE	NA	NA	NA	NA	NA	NA
NC_045512.2	779	G	T	44	8	26	3	3	26	0.0517241	58	0.0890425	FALSE	NA	NA	NA	NA	NA	NA
NC_045512.2	779	G	C	44	8	26	6	6	27	0.103448	58	0.00879277	TRUE	NA	NA	NA	NA	NA	NA
NC_045512.2	779	G	A	44	8	26	5	5	26	0.0862069	58	0.0188165	FALSE	NA	NA	NA	NA	NA	NA
NC_045512.2	780	A	T	40	4	27	5	5	24	0.0909091	55	0.017082	FALSE	NA	NA	NA	NA	NA	NA
NC_045512.2	780	A	G	40	4	27	6	6	27	0.109091	55	0.00785772	TRUE	NA	NA	NA	NA	NA	NA
NC_045512.2	780	A	C	40	4	27	4	4	27	0.0727273	55	0.0375804	FALSE	NA	NA	NA	NA	NA	NA
NC_045512.2	781	A	T	42	8	23	7	7	25	0.127273	55	0.00433546	TRUE	NA	NA	NA	NA	NA	NA
NC_045512.2	781	A	G	42	8	23	5	5	25	0.0909091	55	0.0193658	FALSE	NA	NA	NA	NA	NA	NA
NC_045512.2	781	A	C	42	8	23	1	1	27	0.0181818	55	0.443299	FALSE	NA	NA	NA	NA	NA	NA
NC_045512.2	782	C	T	41	6	27	6	6	26	0.105263	57	0.00750963	TRUE	NA	NA	NA	NA	NA	NA
NC_045512.2	782	C	G	41	6	27	5	5	25	0.0877193	57	0.0164573	FALSE	NA	NA	NA	NA	NA	NA
NC_045512.2	782	C	A	41	6	27	5	5	25	0.0877193	57	0.0164573	FALSE	NA	NA	NA	NA	NA	NA
NC_045512.2	783	T	G	41	6	27	5	5	27	0.0892857	56	0.0173056	FALSE	NA	NA	NA	NA	NA	NA
NC_045512.2	783	T	C	41	6	27	6	6	25	0.107143	56	0.00797414	TRUE	NA	NA	NA	NA	NA	NA
NC_045512.2	783	T	A	41	6	27	4	4	24	0.0714286	56	0.0379971	FALSE	NA	NA	NA	NA	NA	NA
NC_045512.2	784	C	T	40	5	27	8	8	26	0.142857	56	0.00158709	TRUE	NA	NA	NA	NA	NA	NA
NC_045512.2	784	C	G	40	5	27	3	3	26	0.0535714	56	0.0811395	FALSE	NA	NA	NA	NA	NA	NA
NC_045512.2	784	C	A	40	5	27	5	5	26	0.0892857	56	0.0162279	FALSE	NA	NA	NA	NA	NA	NA
NC_045512.2	785	A	T	46	11	27	5	5	25	0.0892857	56	0.0231798	FALSE	NA	NA	NA	NA	NA	NA
NC_045512.2	785	A	G	46	11	27	5	5	24	0.0892857	56	0.0231798	FALSE	NA	NA	NA	NA	NA	NA
NC_045512.2	786	T	G	41	6	27	4	4	26	0.0701754	57	0.0364922	FALSE	NA	NA	NA	NA	NA	NA
NC_045512.2	786	T	C	41	6	27	1	1	27	0.0175439	57	0.428571	FALSE	NA	NA	NA	NA	NA	NA
NC_045512.2	786	T	A	41	6	27	11	11	25	0.192982	57	0.000175091	TRUE	NA	NA	NA	NA	NA	NA
NC_045512.2	787	G	T	44	9	27	5	5	26	0.0877193	57	0.019748	FALSE	NA	NA	NA	NA	NA	NA
NC_045512.2	787	G	C	44	9	27	1	1	23	0.0175439	57	0.445545	FALSE	NA	NA	NA	NA	NA	NA
NC_045512.2	787	G	A	44	9	27	7	7	26	0.122807	57	0.00443991	TRUE	NA	NA	NA	NA	NA	NA
NC_045512.2	788	C	T	39	4	27	1	1	27	0.0175439	57	0.416667	FALSE	NA	NA	NA	NA	NA	NA
NC_045512.2	788	C	G	39	4	27	10	10	25	0.175439	57	0.000284862	TRUE	NA	NA	NA	NA	NA	NA
NC_045512.2	788	C	A	39	4	27	7	7	25	0.122807	57	0.0028984	TRUE	NA	NA	NA	NA	NA	NA
NC_045512.2	789	G	T	43	8	27	2	2	23	0.0350877	57	0.19604	FALSE	NA	NA	NA	NA	NA	NA
NC_045512.2	789	G	C	43	8	27	2	2	25	0.0350877	57	0.19604	FALSE	NA	NA	NA	NA	NA	NA
NC_045512.2	789	G	A	43	8	27	10	10	26	0.175439	57	0.000457358	TRUE	NA	NA	NA	NA	NA	NA
NC_045512.2	790	T	G	40	5	27	6	6	26	0.109091	55	0.00785772	TRUE	NA	NA	NA	NA	NA	NA
NC_045512.2	790	T	C	40	5	27	6	6	27	0.109091	55	0.00785772	TRUE	NA	NA	NA	NA	NA	NA
NC_045512.2	790	T	A	40	5	27	3	3	25	0.0545455	55	0.0837018	FALSE	NA	NA	NA	NA	NA	NA
NC_045512.2	791	G	T	45	10	26	3	3	25	0.0526316	57	0.0949787	FALSE	NA	NA	NA	NA	NA	NA
NC_045512.2	791	G	C	45	10	26	6	6	26	0.105263	57	0.00996514	TRUE	NA	NA	NA	NA	NA	NA
NC_045512.2	791	G	A	45	10	26	3	3	26	0.0526316	57	0.0949787	FALSE	NA	NA	NA	NA	NA	NA
NC_045512.2	792	A	T	42	8	27	4	4	26	0.0714286	56	0.0399677	FALSE	NA	NA	NA	NA	NA	NA
NC_045512.2	792	A	G	42	8	27	8	7	26	0.142857	56	0.00192555	TRUE	NA	NA	NA	NA	NA	NA
NC_045512.2	792	A	C	42	8	27	2	2	26	0.0357143	56	0.195011	FALSE	NA	NA	NA	NA	NA	NA
NC_045512.2	793	G	T	44	9	27	9	9	25	0.157895	57	0.00103945	TRUE	NA	NA	NA	NA	NA	NA
NC_045512.2	793	G	C	44	9	27	2	2	26	0.0350877	57	0.200932	FALSE	NA	NA	NA	NA	NA	NA
NC_045512.2	793	G	A	44	9	27	2	2	28	0.0350877	57	0.200932	FALSE	NA	NA	NA	NA	NA	NA
NC_045512.2	794	C	T	39	4	27	6	6	27	0.109091	55	0.00726894	TRUE	NA	NA	NA	NA	NA	NA
NC_045512.2	794	C	G	39	4	27	4	4	25	0.0727273	55	0.0356178	FALSE	NA	NA	NA	NA	NA	NA
NC_045512.2	794	C	A	39	4	27	6	6	24	0.109091	55	0.00726894	TRUE	NA	NA	NA	NA	NA	NA
NC_045512.2	794	C	-T	39	4	27	1	0	20	0.0181818	55	0.425532	FALSE	NA	NA	NA	NA	NA	NA
NC_045512.2	795	T	G	41	6	27	4	4	23	0.0727273	55	0.0379971	FALSE	NA	NA	NA	NA	NA	NA
NC_045512.2	795	T	C	41	6	27	2	2	23	0.0363636	55	0.189985	FALSE	NA	NA	NA	NA	NA	NA
NC_045512.2	795	T	A	41	6	27	8	8	24	0.145455	55	0.00175086	TRUE	NA	NA	NA	NA	NA	NA
NC_045512.2	796	T	G	41	7	23	6	6	24	0.111111	54	0.00900764	TRUE	NA	NA	NA	NA	NA	NA
NC_045512.2	796	T	C	41	7	23	3	3	26	0.0555556	54	0.0898264	FALSE	NA	NA	NA	NA	NA	NA
NC_045512.2	796	T	A	41	7	23	4	4	28	0.0740741	54	0.0412468	FALSE	NA	NA	NA	NA	NA	NA
NC_045512.2	797	A	T	35	2	27	1	1	28	0.025641	39	0.486486	FALSE	NA	NA	NA	NA	NA	NA
NC_045512.2	797	A	G	35	2	27	2	2	26	0.0512821	39	0.24	FALSE	NA	NA	NA	NA	NA	NA
NC_045512.2	797	A	C	35	2	27	1	1	30	0.025641	39	0.486486	FALSE	NA	NA	NA	NA	NA	NA
NC_045512.2	798	A	T	34	4	23	1	1	26	0.027027	37	0.492958	FALSE	NA	NA	NA	NA	NA	NA
NC_045512.2	798	A	G	34	4	23	2	2	29	0.0540541	37	0.246479	FALSE	NA	NA	NA	NA	NA	NA
NC_045512.2	799	C	T	36	3	27	1	1	29	0.025	40	0.486842	FALSE	NA	NA	NA	NA	NA	NA
NC_045512.2	799	C	G	36	3	27	1	1	22	0.025	40	0.486842	FALSE	NA	NA	NA	NA	NA	NA
NC_045512.2	799	C	A	36	3	27	2	2	26	0.05	40	0.24026	FALSE	NA	NA	NA	NA	NA	NA
NC_045512.2	800	G	C	38	5	27	1	1	27	0.025	40	0.5	FALSE	NA	NA	NA	NA	NA	NA
NC_045512.2	800	G	A	38	5	27	1	1	31	0.025	40	0.5	FALSE	NA	NA	NA	NA	NA	NA
NC_045512.2	801	G	C	38	5	23	1	1	23	0.025	40	0.5	FALSE	NA	NA	NA	NA	NA	NA
NC_045512.2	801	G	A	38	5	23	1	1	24	0.025	40	0.5	FALSE	NA	NA	NA	NA	NA	NA
NC_045512.2	802	A	G	37	4	27	1	1	31	0.025	40	0.493506	FALSE	NA	NA	NA	NA	NA	NA
NC_045512.2	802	A	C	37	4	27	2	2	25	0.05	40	0.246753	FALSE	NA	NA	NA	NA	NA	NA
NC_045512.2	803	G	T	34	2	27	2	2	26	0.0526316	38	0.239726	FALSE	NA	NA	NA	NA	NA	NA
NC_045512.2	803	G	C	34	2	27	1	1	27	0.0263158	38	0.486111	FALSE	NA	NA	NA	NA	NA	NA
NC_045512.2	803	G	A	34	2	27	1	1	22	0.0263158	38	0.486111	FALSE	NA	NA	NA	NA	NA	NA
NC_045512.2	804	G	T	34	2	27	3	3	26	0.0769231	39	0.115068	FALSE	NA	NA	NA	NA	NA	NA
NC_045512.2	804	G	C	34	2	27	1	1	24	0.025641	39	0.479452	FALSE	NA	NA	NA	NA	NA	NA
NC_045512.2	804	G	A	34	2	27	1	1	26	0.025641	39	0.479452	FALSE	NA	NA	NA	NA	NA	NA
NC_045512.2	805	G	T	34	2	27	1	1	31	0.025641	39	0.479452	FALSE	NA	NA	NA	NA	NA	NA
NC_045512.2	805	G	C	34	2	27	2	2	29	0.0512821	39	0.233247	FALSE	NA	NA	NA	NA	NA	NA
NC_045512.2	805	G	A	34	2	27	2	2	28	0.0512821	39	0.233247	FALSE	NA	NA	NA	NA	NA	NA
NC_045512.2	806	G	T	22	4	22	2	2	24	0.08	25	0.244681	FALSE	NA	NA	NA	NA	NA	NA
NC_045512.2	806	G	A	22	4	22	1	1	27	0.04	25	0.489362	FALSE	NA	NA	NA	NA	NA	NA
NC_045512.2	807	C	T	35	3	26	1	1	28	0.0263158	38	0.493151	FALSE	NA	NA	NA	NA	NA	NA
NC_045512.2	807	C	G	35	3	26	1	1	26	0.0263158	38	0.493151	FALSE	NA	NA	NA	NA	NA	NA
NC_045512.2	807	C	A	35	3	26	1	1	27	0.0263158	38	0.493151	FALSE	NA	NA	NA	NA	NA	NA
NC_045512.2	808	A	G	33	1	27	1	1	29	0.0294118	34	0.507463	FALSE	NA	NA	NA	NA	NA	NA
NC_045512.2	809	T	C	33	1	27	1	1	30	0.0285714	35	0.5	FALSE	NA	NA	NA	NA	NA	NA
NC_045512.2	809	T	A	33	1	27	1	1	25	0.0285714	35	0.5	FALSE	NA	NA	NA	NA	NA	NA
NC_045512.2	810	A	G	33	1	27	2	2	26	0.0571429	35	0.253623	FALSE	NA	NA	NA	NA	NA	NA
NC_045512.2	811	C	T	33	1	27	1	1	28	0.0294118	34	0.507463	FALSE	NA	NA	NA	NA	NA	NA
NC_045512.2	812	A	G	34	2	27	1	1	28	0.0285714	35	0.507246	FALSE	NA	NA	NA	NA	NA	NA
NC_045512.2	813	C	A	33	1	27	2	2	27	0.0571429	35	0.253623	FALSE	NA	NA	NA	NA	NA	NA
NC_045512.2	814	T	G	33	1	27	1	1	28	0.0285714	35	0.5	FALSE	NA	NA	NA	NA	NA	NA
NC_045512.2	814	T	A	33	1	27	1	1	27	0.0285714	35	0.5	FALSE	NA	NA	NA	NA	NA	NA
NC_045512.2	816	G	T	33	1	27	2	2	25	0.0571429	35	0.253623	FALSE	NA	NA	NA	NA	NA	NA
NC_045512.2	817	C	T	33	1	27	1	1	27	0.0285714	35	0.5	FALSE	NA	NA	NA	NA	NA	NA
NC_045512.2	817	C	G	33	1	27	1	1	22	0.0285714	35	0.5	FALSE	NA	NA	NA	NA	NA	NA
NC_045512.2	818	T	G	33	1	27	1	1	27	0.0285714	35	0.5	FALSE	NA	NA	NA	NA	NA	NA
NC_045512.2	818	T	A	33	1	27	1	1	24	0.0285714	35	0.5	FALSE	NA	NA	NA	NA	NA	NA
NC_045512.2	820	T	C	33	1	27	1	1	27	0.0285714	35	0.5	FALSE	NA	NA	NA	NA	NA	NA
NC_045512.2	820	T	A	33	1	27	1	1	29	0.0285714	35	0.5	FALSE	NA	NA	NA	NA	NA	NA
NC_045512.2	821	G	C	34	2	27	1	1	28	0.0285714	35	0.507246	FALSE	NA	NA	NA	NA	NA	NA
NC_045512.2	822	T	G	33	1	27	1	1	28	0.0285714	35	0.5	FALSE	NA	NA	NA	NA	NA	NA
NC_045512.2	822	T	A	33	1	27	1	1	27	0.0285714	35	0.5	FALSE	NA	NA	NA	NA	NA	NA
NC_045512.2	823	C	A	34	2	27	1	1	27	0.0285714	35	0.507246	FALSE	NA	NA	NA	NA	NA	NA
NC_045512.2	824	G	T	31	1	27	1	1	27	0.030303	33	0.5	FALSE	NA	NA	NA	NA	NA	NA
NC_045512.2	824	G	A	31	1	27	1	0	28	0.030303	33	0.5	FALSE	NA	NA	NA	NA	NA	NA
NC_045512.2	825	A	G	33	2	27	1	1	28	0.0294118	34	0.507463	FALSE	NA	NA	NA	NA	NA	NA
NC_045512.2	826	T	G	32	1	27	1	1	28	0.0285714	35	0.492537	FALSE	NA	NA	NA	NA	NA	NA
NC_045512.2	826	T	A	32	1	27	2	1	27	0.0571429	35	0.246269	FALSE	NA	NA	NA	NA	NA	NA
NC_045512.2	827	A	G	40	1	28	1	1	27	0.0243902	41	0.506173	FALSE	NA	NA	NA	NA	NA	NA
NC_045512.2	828	A	C	39	1	23	2	2	27	0.0487805	41	0.253086	FALSE	NA	NA	NA	NA	NA	NA
NC_045512.2	829	C	A	40	1	26	2	2	27	0.047619	42	0.253012	FALSE	NA	NA	NA	NA	NA	NA
NC_045512.2	830	A	T	40	1	27	2	2	29	0.047619	42	0.253012	FALSE	NA	NA	NA	NA	NA	NA
NC_045512.2	832	C	G	41	2	27	1	1	27	0.0238095	42	0.506024	FALSE	NA	NA	NA	NA	NA	NA
NC_045512.2	833	T	C	40	1	28	1	1	27	0.0238095	42	0.5	FALSE	NA	NA	NA	NA	NA	NA
NC_045512.2	833	T	A	40	1	28	1	1	29	0.0238095	42	0.5	FALSE	NA	NA	NA	NA	NA	NA
NC_045512.2	834	T	C	39	1	24	1	1	29	0.0243902	41	0.5	FALSE	NA	NA	NA	NA	NA	NA
NC_045512.2	834	T	A	39	1	24	1	1	27	0.0243902	41	0.5	FALSE	NA	NA	NA	NA	NA	NA
NC_045512.2	835	C	T	40	1	28	1	1	29	0.0238095	42	0.5	FALSE	NA	NA	NA	NA	NA	NA
NC_045512.2	835	C	G	40	1	28	1	1	29	0.0238095	42	0.5	FALSE	NA	NA	NA	NA	NA	NA
NC_045512.2	836	T	C	40	2	28	1	1	28	0.0243902	41	0.506173	FALSE	NA	NA	NA	NA	NA	NA
NC_045512.2	838	T	G	39	1	27	1	1	29	0.0243902	41	0.5	FALSE	NA	NA	NA	NA	NA	NA
NC_045512.2	838	T	C	39	1	27	1	1	28	0.0243902	41	0.5	FALSE	NA	NA	NA	NA	NA	NA
NC_045512.2	839	G	T	65	1	28	2	2	27	0.0298507	67	0.25188	FALSE	NA	NA	NA	NA	NA	NA
NC_045512.2	840	G	A	65	2	23	1	1	27	0.0151515	66	0.503817	FALSE	NA	NA	NA	NA	NA	NA
NC_045512.2	841	C	T	65	1	27	2	2	24	0.0298507	67	0.25188	FALSE	NA	NA	NA	NA	NA	NA
NC_045512.2	842	C	T	65	1	28	1	1	27	0.0149254	67	0.5	FALSE	NA	NA	NA	NA	NA	NA
NC_045512.2	842	C	G	65	1	28	1	1	28	0.0149254	67	0.5	FALSE	NA	NA	NA	NA	NA	NA
NC_045512.2	843	C	T	61	1	22	1	1	27	0.015873	63	0.5	FALSE	NA	NA	NA	NA	NA	NA
NC_045512.2	843	C	A	61	1	22	1	1	27	0.015873	63	0.5	FALSE	NA	NA	NA	NA	NA	NA
NC_045512.2	843	C	-T	61	1	22	1	0	20	0.015873	63	0.5	FALSE	NA	NA	NA	NA	NA	NA
NC_045512.2	844	T	C	64	1	27	2	2	24	0.030303	66	0.251908	FALSE	NA	NA	NA	NA	NA	NA
NC_045512.2	845	G	C	65	2	27	1	1	28	0.0151515	66	0.503817	FALSE	NA	NA	NA	NA	NA	NA
NC_045512.2	846	A	C	65	1	27	1	1	28	0.0151515	66	0.503817	FALSE	NA	NA	NA	NA	NA	NA
NC_045512.2	847	T	G	65	1	27	1	1	30	0.0151515	66	0.503817	FALSE	NA	NA	NA	NA	NA	NA
NC_045512.2	848	G	T	64	0	27	1	1	34	0.0151515	66	0.5	FALSE	NA	NA	NA	NA	NA	NA
NC_045512.2	848	G	A	64	0	27	1	1	23	0.0151515	66	0.5	FALSE	NA	NA	NA	NA	NA	NA
NC_045512.2	849	G	A	58	1	23	1	1	28	0.0169492	59	0.504274	FALSE	NA	NA	NA	NA	NA	NA
NC_045512.2	850	C	A	65	1	27	1	1	30	0.0151515	66	0.503817	FALSE	NA	NA	NA	NA	NA	NA
NC_045512.2	851	T	A	64	0	27	2	2	28	0.030303	66	0.251908	FALSE	NA	NA	NA	NA	NA	NA
NC_045512.2	852	A	C	63	1	27	1	1	31	0.015625	64	0.503937	FALSE	NA	NA	NA	NA	NA	NA
NC_045512.2	853	C	T	63	1	27	1	1	28	0.015625	64	0.503937	FALSE	NA	NA	NA	NA	NA	NA
NC_045512.2	854	C	T	63	1	28	1	1	23	0.015625	64	0.503937	FALSE	NA	NA	NA	NA	NA	NA
NC_045512.2	855	C	T	58	0	22	1	1	26	0.0166667	60	0.5	FALSE	NA	NA	NA	NA	NA	NA
NC_045512.2	855	C	A	58	0	22	1	1	26	0.0166667	60	0.5	FALSE	NA	NA	NA	NA	NA	NA
NC_045512.2	856	T	C	62	1	27	2	1	27	0.03125	64	0.251969	FALSE	NA	NA	NA	NA	NA	NA
NC_045512.2	857	C	T	61	0	27	1	1	26	0.015873	63	0.5	FALSE	NA	NA	NA	NA	NA	NA
NC_045512.2	857	C	G	61	0	27	1	1	27	0.015873	63	0.5	FALSE	NA	NA	NA	NA	NA	NA
NC_045512.2	858	T	G	62	0	27	1	1	23	0.015625	64	0.5	FALSE	NA	NA	NA	NA	NA	NA
NC_045512.2	858	T	C	62	0	27	1	1	27	0.015625	64	0.5	FALSE	NA	NA	NA	NA	NA	NA
NC_045512.2	859	T	G	61	1	23	1	1	25	0.015873	63	0.5	FALSE	NA	NA	NA	NA	NA	NA
NC_045512.2	859	T	C	61	1	23	1	0	28	0.015873	63	0.5	FALSE	NA	NA	NA	NA	NA	NA
NC_045512.2	860	G	T	62	0	27	1	1	25	0.015873	63	0.504	FALSE	NA	NA	NA	NA	NA	NA
NC_045512.2	861	A	T	60	0	27	1	0	28	0.015625	64	0.491935	FALSE	NA	NA	NA	NA	NA	NA
NC_045512.2	861	A	G	60	0	27	3	2	27	0.046875	64	0.122	FALSE	NA	NA	NA	NA	NA	NA
NC_045512.2	862	G	C	62	0	27	1	1	23	0.015625	64	0.5	FALSE	NA	NA	NA	NA	NA	NA
NC_045512.2	862	G	A	62	0	27	1	1	27	0.015625	64	0.5	FALSE	NA	NA	NA	NA	NA	NA
NC_045512.2	863	T	G	62	0	27	1	1	29	0.015625	64	0.5	FALSE	NA	NA	NA	NA	NA	NA
NC_045512.2	863	T	C	62	0	27	1	1	29	0.015625	64	0.5	FALSE	NA	NA	NA	NA	NA	NA
NC_045512.2	864	G	C	62	0	27	2	2	29	0.03125	64	0.251969	FALSE	NA	NA	NA	NA	NA	NA
NC_045512.2	865	C	T	62	0	27	2	2	26	0.03125	64	0.251969	FALSE	NA	NA	NA	NA	NA	NA
NC_045512.2	866	A	T	62	0	27	1	1	28	0.015625	64	0.5	FALSE	NA	NA	NA	NA	NA	NA
NC_045512.2	866	A	G	62	0	27	1	1	29	0.015625	64	0.5	FALSE	NA	NA	NA	NA	NA	NA
NC_045512.2	867	T	A	62	0	27	2	2	26	0.03125	64	0.251969	FALSE	NA	NA	NA	NA	NA	NA
NC_045512.2	868	T	A	45	1	22	1	1	28	0.0217391	46	0.505495	FALSE	NA	NA	NA	NA	NA	NA
NC_045512.2	868	T	+A	45	1	22	2	0	20	0.0434783	46	0.258242	FALSE	NA	NA	NA	NA	NA	NA
NC_045512.2	869	A	G	56	0	26	1	1	24	0.0172414	58	0.5	FALSE	NA	NA	NA	NA	NA	NA
NC_045512.2	869	A	C	56	0	26	1	1	27	0.0172414	58	0.5	FALSE	NA	NA	NA	NA	NA	NA
NC_045512.2	870	A	G	56	0	27	2	2	25	0.0344828	58	0.252174	FALSE	NA	NA	NA	NA	NA	NA
NC_045512.2	871	A	G	35	0	22	1	1	27	0.027027	37	0.5	FALSE	NA	NA	NA	NA	NA	NA
NC_045512.2	871	A	C	35	0	22	1	1	29	0.027027	37	0.5	FALSE	NA	NA	NA	NA	NA	NA
NC_045512.2	872	G	T	56	0	26	1	1	27	0.0172414	58	0.5	FALSE	NA	NA	NA	NA	NA	NA
NC_045512.2	872	G	A	56	0	26	1	1	27	0.0172414	58	0.5	FALSE	NA	NA	NA	NA	NA	NA
NC_045512.2	874	C	G	57	1	27	1	1	27	0.0172414	58	0.504348	FALSE	NA	NA	NA	NA	NA	NA
NC_045512.2	875	C	G	50	1	23	1	1	27	0.0196078	51	0.50495	FALSE	NA	NA	NA	NA	NA	NA
NC_045512.2	876	T	G	56	0	27	1	1	27	0.0172414	58	0.5	FALSE	NA	NA	NA	NA	NA	NA
NC_045512.2	876	T	C	56	0	27	1	1	27	0.0172414	58	0.5	FALSE	NA	NA	NA	NA	NA	NA
NC_045512.2	877	T	C	50	1	23	2	1	27	0.0384615	52	0.252427	FALSE	NA	NA	NA	NA	NA	NA
NC_045512.2	878	C	A	56	1	27	1	1	27	0.0175439	57	0.504425	FALSE	NA	NA	NA	NA	NA	NA
NC_045512.2	880	A	T	56	1	25	1	1	29	0.0175439	57	0.504425	FALSE	NA	NA	NA	NA	NA	NA
NC_045512.2	880	A	-G	56	1	25	1	0	20	0.0175439	57	0.504425	FALSE	NA	NA	NA	NA	NA	NA
NC_045512.2	881	G	C	55	1	25	1	1	32	0.0178571	56	0.5	FALSE	NA	NA	NA	NA	NA	NA
NC_045512.2	882	C	T	53	0	25	1	0	27	0.0178571	56	0.495413	FALSE	NA	NA	NA	NA	NA	NA
NC_045512.2	882	C	A	53	0	25	2	2	29	0.0357143	56	0.247706	FALSE	NA	NA	NA	NA	NA	NA
NC_045512.2	883	A	G	54	0	27	1	1	30	0.0178571	56	0.5	FALSE	NA	NA	NA	NA	NA	NA
NC_045512.2	883	A	C	54	0	27	1	1	31	0.0178571	56	0.5	FALSE	NA	NA	NA	NA	NA	NA
NC_045512.2	884	C	T	54	0	26	2	2	29	0.0357143	56	0.252252	FALSE	NA	NA	NA	NA	NA	NA
NC_045512.2	885	G	C	54	1	26	1	1	32	0.0181818	55	0.504587	FALSE	NA	NA	NA	NA	NA	NA
NC_045512.2	886	T	G	53	0	25	1	1	29	0.0181818	55	0.5	FALSE	NA	NA	NA	NA	NA	NA
NC_045512.2	886	T	C	53	0	25	1	1	27	0.0181818	55	0.5	FALSE	NA	NA	NA	NA	NA	NA
NC_045512.2	887	G	C	54	0	26	1	1	28	0.0178571	56	0.5	FALSE	NA	NA	NA	NA	NA	NA
NC_045512.2	887	G	A	54	0	26	1	1	27	0.0178571	56	0.5	FALSE	NA	NA	NA	NA	NA	NA
NC_045512.2	888	C	T	54	0	27	2	2	26	0.0357143	56	0.252252	FALSE	NA	NA	NA	NA	NA	NA
NC_045512.2	889	T	A	55	1	27	1	1	29	0.0178571	56	0.504505	FALSE	NA	NA	NA	NA	NA	NA
NC_045512.2	890	G	T	53	0	27	1	1	28	0.0178571	56	0.495413	FALSE	NA	NA	NA	NA	NA	NA
NC_045512.2	890	G	A	53	0	27	2	1	26	0.0357143	56	0.247706	FALSE	NA	NA	NA	NA	NA	NA
NC_045512.2	891	G	A	50	1	23	1	1	29	0.0196078	51	0.50495	FALSE	NA	NA	NA	NA	NA	NA
NC_045512.2	892	T	A	54	1	27	1	1	29	0.0181818	55	0.504587	FALSE	NA	NA	NA	NA	NA	NA
NC_045512.2	893	A	G	53	0	27	1	1	27	0.0181818	55	0.5	FALSE	NA	NA	NA	NA	NA	NA
NC_045512.2	893	A	C	53	0	27	1	1	27	0.0181818	55	0.5	FALSE	NA	NA	NA	NA	NA	NA
NC_045512.2	894	A	G	53	1	27	2	1	27	0.0363636	55	0.252294	FALSE	NA	NA	NA	NA	NA	NA
NC_045512.2	895	A	C	34	1	22	1	1	23	0.0285714	35	0.507246	FALSE	NA	NA	NA	NA	NA	NA
NC_045512.2	896	G	T	53	0	26	1	1	27	0.0181818	55	0.5	FALSE	NA	NA	NA	NA	NA	NA
NC_045512.2	896	G	C	53	0	26	1	1	27	0.0181818	55	0.5	FALSE	NA	NA	NA	NA	NA	NA
NC_045512.2	897	C	T	53	0	26	1	1	23	0.0181818	55	0.5	FALSE	NA	NA	NA	NA	NA	NA
NC_045512.2	897	C	A	53	0	26	1	1	21	0.0181818	55	0.5	FALSE	NA	NA	NA	NA	NA	NA
NC_045512.2	898	T	C	53	1	27	1	0	22	0.0181818	55	0.5	FALSE	NA	NA	NA	NA	NA	NA
NC_045512.2	898	T	A	53	1	27	1	1	27	0.0181818	55	0.5	FALSE	NA	NA	NA	NA	NA	NA
NC_045512.2	899	T	C	47	0	22	3	2	25	0.06	50	0.124961	FALSE	NA	NA	NA	NA	NA	NA
NC_045512.2	900	C	T	52	0	26	1	1	28	0.0181818	55	0.495327	FALSE	NA	NA	NA	NA	NA	NA
NC_045512.2	900	C	A	52	0	26	2	1	23	0.0363636	55	0.247664	FALSE	NA	NA	NA	NA	NA	NA
NC_045512.2	901	A	T	54	2	27	1	0	25	0.0181818	55	0.504587	FALSE	NA	NA	NA	NA	NA	NA
NC_045512.2	902	T	G	52	0	26	2	1	26	0.0363636	55	0.247664	FALSE	NA	NA	NA	NA	NA	NA
NC_045512.2	902	T	C	52	0	26	1	1	28	0.0181818	55	0.495327	FALSE	NA	NA	NA	NA	NA	NA
NC_045512.2	903	G	T	52	0	26	1	1	24	0.0181818	55	0.495327	FALSE	NA	NA	NA	NA	NA	NA
NC_045512.2	903	G	C	52	0	26	2	1	26	0.0363636	55	0.247664	FALSE	NA	NA	NA	NA	NA	NA
NC_045512.2	904	C	T	52	0	26	1	1	29	0.0181818	55	0.495327	FALSE	NA	NA	NA	NA	NA	NA
NC_045512.2	904	C	A	52	0	26	2	1	27	0.0363636	55	0.247664	FALSE	NA	NA	NA	NA	NA	NA
NC_045512.2	905	A	C	52	0	27	3	2	25	0.0545455	55	0.124968	FALSE	NA	NA	NA	NA	NA	NA
NC_045512.2	905	A	+C	52	0	27	1	0	20	0.0181818	55	0.495327	FALSE	NA	NA	NA	NA	NA	NA
NC_045512.2	906	C	T	52	0	26	1	1	29	0.0185185	54	0.5	FALSE	NA	NA	NA	NA	NA	NA
NC_045512.2	906	C	G	52	0	26	1	1	26	0.0185185	54	0.5	FALSE	NA	NA	NA	NA	NA	NA
NC_045512.2	906	C	+T	52	0	26	4	0	20	0.0740741	54	0.0660207	FALSE	NA	NA	NA	NA	NA	NA
NC_045512.2	907	T	G	53	1	27	1	1	24	0.0185185	54	0.504673	FALSE	NA	NA	NA	NA	NA	NA
NC_045512.2	908	T	G	51	1	27	1	1	26	0.0192308	52	0.504854	FALSE	NA	NA	NA	NA	NA	NA
NC_045512.2	909	T	G	31	0	22	1	1	23	0.030303	33	0.5	FALSE	NA	NA	NA	NA	NA	NA
NC_045512.2	909	T	C	31	0	22	1	1	26	0.030303	33	0.5	FALSE	NA	NA	NA	NA	NA	NA
NC_045512.2	910	G	T	48	1	26	3	1	26	0.0588235	51	0.124962	FALSE	NA	NA	NA	NA	NA	NA
NC_045512.2	911	T	C	45	0	26	3	1	26	0.0625	48	0.124958	FALSE	NA	NA	NA	NA	NA	NA
NC_045512.2	913	C	G	38	1	23	1	0	27	0.025641	39	0.506494	FALSE	NA	NA	NA	NA	NA	NA
NC_045512.2	914	G	T	45	0	26	1	1	30	0.0217391	46	0.505495	FALSE	NA	NA	NA	NA	NA	NA
NC_045512.2	915	A	G	45	0	26	1	1	28	0.0217391	46	0.505495	FALSE	NA	NA	NA	NA	NA	NA
NC_045512.2	916	A	G	36	1	22	1	0	28	0.027027	37	0.506849	FALSE	NA	NA	NA	NA	NA	NA
NC_045512.2	917	C	T	42	0	26	1	1	29	0.0232558	43	0.505882	FALSE	NA	NA	NA	NA	NA	NA
NC_045512.2	918	A	G	42	0	26	1	1	24	0.0232558	43	0.505882	FALSE	NA	NA	NA	NA	NA	NA
NC_045512.2	919	A	G	35	0	22	1	1	27	0.0277778	36	0.507042	FALSE	NA	NA	NA	NA	NA	NA
NC_045512.2	922	G	A	42	0	26	1	1	27	0.0232558	43	0.505882	FALSE	NA	NA	NA	NA	NA	NA
NC_045512.2	923	G	C	41	0	22	1	1	21	0.0238095	42	0.506024	FALSE	NA	NA	NA	NA	NA	NA
NC_045512.2	923	G	-A	41	0	22	1	0	20	0.0238095	42	0.506024	FALSE	NA	NA	NA	NA	NA	NA
NC_045512.2	924	A	C	41	0	27	1	1	27	0.0238095	42	0.5	FALSE	NA	NA	NA	NA	NA	NA
NC_045512.2	927	T	C	38	0	27	1	1	27	0.025641	39	0.506494	FALSE	NA	NA	NA	NA	NA	NA
NC_045512.2	929	A	T	34	0	26	1	1	26	0.0285714	35	0.507246	FALSE	NA	NA	NA	NA	NA	NA
NC_045512.2	930	T	G	34	0	27	1	1	26	0.0285714	35	0.507246	FALSE	NA	NA	NA	NA	NA	NA
NC_045512.2	931	T	A	30	0	22	1	1	26	0.0322581	31	0.508197	FALSE	NA	NA	NA	NA	NA	NA
NC_045512.2	933	A	T	34	0	27	1	1	31	0.0285714	35	0.507246	FALSE	NA	NA	NA	NA	NA	NA
NC_045512.2	934	C	G	34	0	27	1	1	31	0.0285714	35	0.507246	FALSE	NA	NA	NA	NA	NA	NA
NC_045512.2	935	A	C	34	0	27	1	1	29	0.0285714	35	0.507246	FALSE	NA	NA	NA	NA	NA	NA
NC_045512.2	936	C	A	33	0	26	1	1	29	0.0294118	34	0.507463	FALSE	NA	NA	NA	NA	NA	NA
NC_045512.2	938	A	T	33	0	26	1	1	29	0.0294118	34	0.507463	FALSE	NA	NA	NA	NA	NA	NA
NC_045512.2	940	G	A	32	0	26	1	1	28	0.030303	33	0.507692	FALSE	NA	NA	NA	NA	NA	NA
NC_045512.2	941	A	-G	32	1	24	3	0	20	0.09375	32	0.143029	FALSE	NA	NA	NA	NA	NA	NA
NC_045512.2	943	G	A	22	0	25	3	1	26	0.12	25	0.124837	FALSE	NA	NA	NA	NA	NA	NA
NC_045512.2	944	G	C	23	0	26	1	1	24	0.0416667	24	0.510638	FALSE	NA	NA	NA	NA	NA	NA
NC_045512.2	945	G	C	4	0	22	1	1	28	0.2	5	0.555556	FALSE	NA	NA	NA	NA	NA	NA
NC_045512.2	947	G	T	22	0	26	1	1	29	0.0434783	23	0.511111	FALSE	NA	NA	NA	NA	NA	NA
NC_045512.2	948	T	C	21	0	26	1	1	25	0.0454545	22	0.511628	FALSE	NA	NA	NA	NA	NA	NA
NC_045512.2	949	A	T	21	0	27	1	1	26	0.0454545	22	0.511628	FALSE	NA	NA	NA	NA	NA	NA
NC_045512.2	950	T	A	20	0	26	1	1	26	0.047619	21	0.512195	FALSE	NA	NA	NA	NA	NA	NA
NC_045512.2	951	A	G	20	0	26	1	1	25	0.047619	21	0.512195	FALSE	NA	NA	NA	NA	NA	NA
NC_045512.2	953	T	A	20	0	27	1	1	21	0.047619	21	0.512195	FALSE	NA	NA	NA	NA	NA	NA
NC_045512.2	954	G	C	20	0	26	1	1	22	0.047619	21	0.512195	FALSE	NA	NA	NA	NA	NA	NA
NC_045512.2	955	C	G	20	0	27	1	1	22	0.047619	21	0.512195	FALSE	NA	NA	NA	NA	NA	NA
NC_045512.2	1061	T	A	2	0	27	1	1	24	0.333333	3	0.6	FALSE	NA	NA	NA	NA	NA	NA
NC_045512.2	1062	T	C	2	0	23	1	1	24	0.333333	3	0.6	FALSE	NA	NA	NA	NA	NA	NA
NC_045512.2	1063	C	A	2	0	27	1	1	23	0.333333	3	0.6	FALSE	NA	NA	NA	NA	NA	NA
NC_045512.2	1064	A	C	2	0	29	1	1	25	0.333333	3	0.6	FALSE	NA	NA	NA	NA	NA	NA
NC_045512.2	1065	A	G	2	0	24	1	1	20	0.333333	3	0.6	FALSE	NA	NA	NA	NA	NA	NA
NC_045512.2	1066	T	G	2	0	28	1	1	27	0.333333	3	0.6	FALSE	NA	NA	NA	NA	NA	NA
NC_045512.2	1067	G	A	2	0	28	1	1	21	0.333333	3	0.6	FALSE	NA	NA	NA	NA	NA	NA
NC_045512.2	1068	G	A	2	0	28	1	1	27	0.333333	3	0.6	FALSE	NA	NA	NA	NA	NA	NA
NC_045512.2	1069	G	C	2	0	28	1	1	27	0.333333	3	0.6	FALSE	NA	NA	NA	NA	NA	NA
NC_045512.2	1071	A	T	2	0	28	1	1	22	0.333333	3	0.6	FALSE	NA	NA	NA	NA	NA	NA
NC_045512.2	1072	A	T	2	0	23	1	1	27	0.333333	3	0.6	FALSE	NA	NA	NA	NA	NA	NA
NC_045512.2	1073	T	C	2	0	26	1	1	29	0.333333	3	0.6	FALSE	NA	NA	NA	NA	NA	NA
NC_045512.2	1074	G	T	2	0	25	1	1	29	0.333333	3	0.6	FALSE	NA	NA	NA	NA	NA	NA
NC_045512.2	1075	T	G	2	0	26	1	1	23	0.333333	3	0.6	FALSE	NA	NA	NA	NA	NA	NA
NC_045512.2	1077	C	A	2	0	23	1	1	23	0.333333	3	0.6	FALSE	NA	NA	NA	NA	NA	NA
NC_045512.2	1080	A	G	2	0	22	1	1	23	0.333333	3	0.6	FALSE	NA	NA	NA	NA	NA	NA
NC_045512.2	1081	T	A	2	0	27	1	1	26	0.333333	3	0.6	FALSE	NA	NA	NA	NA	NA	NA
NC_045512.2	1082	T	G	2	0	29	1	1	26	0.333333	3	0.6	FALSE	NA	NA	NA	NA	NA	NA
NC_045512.2	1083	T	C	2	0	29	1	1	27	0.333333	3	0.6	FALSE	NA	NA	NA	NA	NA	NA
NC_045512.2	1085	G	A	2	0	28	1	1	28	0.333333	3	0.6	FALSE	NA	NA	NA	NA	NA	NA
NC_045512.2	1087	A	G	2	0	27	1	1	28	0.333333	3	0.6	FALSE	NA	NA	NA	NA	NA	NA
NC_045512.2	1088	T	A	2	0	27	1	1	24	0.333333	3	0.6	FALSE	NA	NA	NA	NA	NA	NA
NC_045512.2	1089	T	A	2	0	27	1	1	28	0.333333	3	0.6	FALSE	NA	NA	NA	NA	NA	NA
NC_045512.2	1091	C	T	1	0	27	1	1	28	0.5	2	0.666667	FALSE	NA	NA	NA	NA	NA	NA
NC_045512.2	1092	C	G	1	0	27	1	1	28	0.5	2	0.666667	FALSE	NA	NA	NA	NA	NA	NA
NC_045512.2	1094	T	A	1	0	27	1	1	28	0.5	2	0.666667	FALSE	NA	NA	NA	NA	NA	NA
NC_045512.2	1095	T	G	1	0	23	1	1	28	0.5	2	0.666667	FALSE	NA	NA	NA	NA	NA	NA
NC_045512.2	1097	A	C	1	0	27	1	1	29	0.5	2	0.666667	FALSE	NA	NA	NA	NA	NA	NA
NC_045512.2	1099	T	C	1	0	27	1	1	22	0.5	2	0.666667	FALSE	NA	NA	NA	NA	NA	NA
NC_045512.2	1100	T	C	1	0	20	1	1	26	0.5	2	0.666667	FALSE	NA	NA	NA	NA	NA	NA
NC_045512.2	1102	C	T	1	0	21	1	1	25	0.5	2	0.666667	FALSE	NA	NA	NA	NA	NA	NA
NC_045512.2	1103	A	T	1	0	26	1	1	25	0.5	2	0.666667	FALSE	NA	NA	NA	NA	NA	NA
NC_045512.2	1105	A	G	1	0	28	1	1	25	0.5	2	0.666667	FALSE	NA	NA	NA	NA	NA	NA
NC_045512.2	1107	T	A	1	0	23	1	1	27	0.5	2	0.666667	FALSE	NA	NA	NA	NA	NA	NA
NC_045512.2	1108	C	G	1	0	23	1	1	27	0.5	2	0.666667	FALSE	NA	NA	NA	NA	NA	NA
NC_045512.2	1109	A	T	1	0	23	1	1	24	0.5	2	0.666667	FALSE	NA	NA	NA	NA	NA	NA
NC_045512.2	1110	A	T	1	0	23	1	1	32	0.5	2	0.666667	FALSE	NA	NA	NA	NA	NA	NA
NC_045512.2	1111	G	A	1	0	27	1	1	23	0.5	2	0.666667	FALSE	NA	NA	NA	NA	NA	NA
NC_045512.2	1113	C	A	1	0	27	1	1	29	0.5	2	0.666667	FALSE	NA	NA	NA	NA	NA	NA
NC_045512.2	1115	A	T	1	0	27	1	1	28	0.5	2	0.666667	FALSE	NA	NA	NA	NA	NA	NA
NC_045512.2	1116	T	G	1	0	27	1	1	24	0.5	2	0.666667	FALSE	NA	NA	NA	NA	NA	NA
NC_045512.2	1117	T	G	1	0	23	1	1	30	0.5	2	0.666667	FALSE	NA	NA	NA	NA	NA	NA
NC_045512.2	1121	C	A	5	0	26	1	1	28	0.166667	6	0.545455	FALSE	NA	NA	NA	NA	NA	NA
NC_045512.2	1122	C	G	4	0	22	1	1	28	0.2	5	0.555556	FALSE	NA	NA	NA	NA	NA	NA
NC_045512.2	1125	G	A	5	0	27	1	1	28	0.166667	6	0.545455	FALSE	NA	NA	NA	NA	NA	NA
NC_045512.2	1126	G	T	5	0	28	1	1	24	0.166667	6	0.545455	FALSE	NA	NA	NA	NA	NA	NA
NC_045512.2	1127	G	T	3	0	21	1	1	28	0.25	4	0.571429	FALSE	NA	NA	NA	NA	NA	NA
NC_045512.2	1129	T	G	5	0	21	1	1	28	0.166667	6	0.545455	FALSE	NA	NA	NA	NA	NA	NA
NC_045512.2	1130	G	A	5	0	26	1	1	28	0.166667	6	0.545455	FALSE	NA	NA	NA	NA	NA	NA
NC_045512.2	1131	A	C	5	0	27	1	1	29	0.166667	6	0.545455	FALSE	NA	NA	NA	NA	NA	NA
NC_045512.2	1133	A	C	5	0	28	1	1	23	0.166667	6	0.545455	FALSE	NA	NA	NA	NA	NA	NA
NC_045512.2	1134	A	C	2	0	22	1	1	28	0.333333	3	0.6	FALSE	NA	NA	NA	NA	NA	NA
NC_045512.2	1135	G	T	5	0	27	1	1	24	0.166667	6	0.545455	FALSE	NA	NA	NA	NA	NA	NA
NC_045512.2	1136	A	T	5	0	29	1	1	28	0.166667	6	0.545455	FALSE	NA	NA	NA	NA	NA	NA
NC_045512.2	1137	A	C	5	0	29	1	1	28	0.166667	6	0.545455	FALSE	NA	NA	NA	NA	NA	NA
NC_045512.2	1140	A	T	0	0	0	1	1	29	1	1	1	FALSE	NA	NA	NA	NA	NA	NA
NC_045512.2	1142	C	G	5	0	26	1	1	29	0.166667	6	0.545455	FALSE	NA	NA	NA	NA	NA	NA
NC_045512.2	1143	T	G	5	0	27	1	1	29	0.166667	6	0.545455	FALSE	NA	NA	NA	NA	NA	NA
NC_045512.2	1144	T	G	4	0	24	1	1	27	0.2	5	0.555556	FALSE	NA	NA	NA	NA	NA	NA
NC_045512.2	1145	G	A	5	0	26	1	1	23	0.166667	6	0.545455	FALSE	NA	NA	NA	NA	NA	NA
NC_045512.2	1149	G	T	5	0	23	1	1	29	0.166667	6	0.545455	FALSE	NA	NA	NA	NA	NA	NA
NC_045512.2	1151	T	C	5	0	28	1	1	28	0.166667	6	0.545455	FALSE	NA	NA	NA	NA	NA	NA
NC_045512.2	1152	T	A	5	0	29	1	1	23	0.166667	6	0.545455	FALSE	NA	NA	NA	NA	NA	NA
NC_045512.2	1153	T	A	5	0	22	1	1	28	0.166667	6	0.545455	FALSE	NA	NA	NA	NA	NA	NA
NC_045512.2	1156	G	T	5	0	26	1	1	27	0.166667	6	0.545455	FALSE	NA	NA	NA	NA	NA	NA
NC_045512.2	1157	G	T	5	0	26	1	1	27	0.166667	6	0.545455	FALSE	NA	NA	NA	NA	NA	NA
NC_045512.2	1158	G	T	4	0	22	1	1	27	0.2	5	0.555556	FALSE	NA	NA	NA	NA	NA	NA
NC_045512.2	1159	T	G	5	0	27	1	1	23	0.166667	6	0.545455	FALSE	NA	NA	NA	NA	NA	NA
NC_045512.2	1160	A	T	5	0	28	1	1	24	0.166667	6	0.545455	FALSE	NA	NA	NA	NA	NA	NA
NC_045512.2	1161	G	A	5	0	27	1	1	24	0.166667	6	0.545455	FALSE	NA	NA	NA	NA	NA	NA
NC_045512.2	1162	A	T	5	0	28	1	1	22	0.166667	6	0.545455	FALSE	NA	NA	NA	NA	NA	NA
NC_045512.2	1163	A	T	4	0	22	1	1	30	0.2	5	0.555556	FALSE	NA	NA	NA	NA	NA	NA
NC_045512.2	1165	T	C	4	0	22	1	1	26	0.2	5	0.555556	FALSE	NA	NA	NA	NA	NA	NA
NC_045512.2	1167	G	C	5	0	28	1	1	30	0.166667	6	0.545455	FALSE	NA	NA	NA	NA	NA	NA
NC_045512.2	1168	A	T	5	0	28	1	1	24	0.166667	6	0.545455	FALSE	NA	NA	NA	NA	NA	NA
NC_045512.2	1171	T	A	5	0	28	1	1	27	0.166667	6	0.545455	FALSE	NA	NA	NA	NA	NA	NA
NC_045512.2	1172	G	A	5	0	28	1	1	27	0.166667	6	0.545455	FALSE	NA	NA	NA	NA	NA	NA
NC_045512.2	1174	C	T	5	0	27	1	1	24	0.166667	6	0.545455	FALSE	NA	NA	NA	NA	NA	NA
NC_045512.2	1176	A	C	5	0	27	1	1	24	0.166667	6	0.545455	FALSE	NA	NA	NA	NA	NA	NA
NC_045512.2	1177	T	A	5	0	27	1	1	24	0.166667	6	0.545455	FALSE	NA	NA	NA	NA	NA	NA
NC_045512.2	1178	C	T	5	0	27	1	1	29	0.166667	6	0.545455	FALSE	NA	NA	NA	NA	NA	NA
NC_045512.2	1179	C	A	5	0	22	1	1	24	0.166667	6	0.545455	FALSE	NA	NA	NA	NA	NA	NA
NC_045512.2	1181	G	T	5	0	25	1	1	29	0.166667	6	0.545455	FALSE	NA	NA	NA	NA	NA	NA
NC_045512.2	1182	T	C	5	0	25	1	1	29	0.166667	6	0.545455	FALSE	NA	NA	NA	NA	NA	NA
NC_045512.2	1183	T	A	2	0	23	1	1	24	0.333333	3	0.6	FALSE	NA	NA	NA	NA	NA	NA
NC_045512.2	1184	G	A	5	0	24	1	1	28	0.166667	6	0.545455	FALSE	NA	NA	NA	NA	NA	NA
NC_045512.2	1185	C	G	5	0	25	1	1	27	0.166667	6	0.545455	FALSE	NA	NA	NA	NA	NA	NA
NC_045512.2	1186	G	A	5	0	27	1	1	27	0.166667	6	0.545455	FALSE	NA	NA	NA	NA	NA	NA
NC_045512.2	1187	T	C	5	0	27	1	1	28	0.166667	6	0.545455	FALSE	NA	NA	NA	NA	NA	NA
NC_045512.2	1188	C	T	5	0	26	1	1	29	0.166667	6	0.545455	FALSE	NA	NA	NA	NA	NA	NA
NC_045512.2	1190	C	T	5	0	27	1	1	22	0.166667	6	0.545455	FALSE	NA	NA	NA	NA	NA	NA
NC_045512.2	1191	C	T	5	0	24	1	1	26	0.166667	6	0.545455	FALSE	NA	NA	NA	NA	NA	NA
NC_045512.2	1192	A	C	5	0	29	1	1	26	0.166667	6	0.545455	FALSE	NA	NA	NA	NA	NA	NA
NC_045512.2	1195	T	C	5	0	28	1	1	22	0.166667	6	0.545455	FALSE	NA	NA	NA	NA	NA	NA
NC_045512.2	1196	G	C	5	0	26	1	1	26	0.166667	6	0.545455	FALSE	NA	NA	NA	NA	NA	NA
NC_045512.2	1199	T	G	5	0	26	1	1	22	0.166667	6	0.545455	FALSE	NA	NA	NA	NA	NA	NA
NC_045512.2	1201	C	G	5	0	26	1	1	27	0.166667	6	0.545455	FALSE	NA	NA	NA	NA	NA	NA
NC_045512.2	1202	A	T	5	0	27	1	1	22	0.166667	6	0.545455	FALSE	NA	NA	NA	NA	NA	NA
NC_045512.2	1203	A	T	5	0	23	1	1	27	0.166667	6	0.545455	FALSE	NA	NA	NA	NA	NA	NA
NC_045512.2	1204	C	G	5	0	28	1	1	28	0.166667	6	0.545455	FALSE	NA	NA	NA	NA	NA	NA
NC_045512.2	1209	T	G	1	0	28	1	0	27	0.5	2	0.666667	FALSE	NA	NA	NA	NA	NA	NA
NC_045512.2	1210	G	A	1	0	24	1	0	29	0.5	2	0.666667	FALSE	NA	NA	NA	NA	NA	NA
NC_045512.2	1261	G	-A	19	0	28	1	0	20	0.0526316	19	0.526316	FALSE	NA	NA	NA	NA	NA	NA
NC_045512.2	1279	A	G	14	0	23	1	0	29	0.0666667	15	0.517241	FALSE	NA	NA	NA	NA	NA	NA
NC_045512.2	1291	A	-T	13	0	22	1	0	20	0.0769231	13	0.538462	FALSE	NA	NA	NA	NA	NA	NA
NC_045512.2	1295	T	C	3	0	21	1	0	28	0.25	4	0.571429	FALSE	NA	NA	NA	NA	NA	NA
NC_045512.2	1298	G	A	17	0	26	1	0	27	0.0555556	18	0.514286	FALSE	NA	NA	NA	NA	NA	NA
NC_045512.2	1301	A	G	17	0	27	1	0	28	0.0555556	18	0.514286	FALSE	NA	NA	NA	NA	NA	NA
NC_045512.2	1301	A	+T	17	0	27	1	0	20	0.0555556	18	0.514286	FALSE	NA	NA	NA	NA	NA	NA
NC_045512.2	1307	A	G	17	0	27	1	0	23	0.0555556	18	0.514286	FALSE	NA	NA	NA	NA	NA	NA
NC_045512.2	1311	T	C	9	0	21	1	0	26	0.1	10	0.526316	FALSE	NA	NA	NA	NA	NA	NA
NC_045512.2	1313	A	-C	15	0	25	1	0	20	0.0666667	15	0.533333	FALSE	NA	NA	NA	NA	NA	NA
NC_045512.2	1319	G	C	11	0	26	1	1	23	0.0833333	12	0.521739	FALSE	NA	NA	NA	NA	NA	NA
NC_045512.2	1320	A	T	10	0	27	1	1	22	0.0909091	11	0.52381	FALSE	NA	NA	NA	NA	NA	NA
NC_045512.2	1321	A	C	9	0	22	1	1	22	0.1	10	0.526316	FALSE	NA	NA	NA	NA	NA	NA
NC_045512.2	1322	G	A	10	0	27	1	1	27	0.0909091	11	0.52381	FALSE	NA	NA	NA	NA	NA	NA
NC_045512.2	1323	G	T	8	0	22	1	1	27	0.111111	9	0.529412	FALSE	NA	NA	NA	NA	NA	NA
NC_045512.2	1324	T	G	10	0	27	1	1	26	0.0909091	11	0.52381	FALSE	NA	NA	NA	NA	NA	NA
NC_045512.2	1325	G	A	10	0	27	1	1	22	0.0909091	11	0.52381	FALSE	NA	NA	NA	NA	NA	NA
NC_045512.2	1326	C	T	8	0	27	2	0	26	0.181818	11	0.236842	FALSE	NA	NA	NA	NA	NA	NA
NC_045512.2	1326	C	A	8	0	27	1	1	29	0.0909091	11	0.473684	FALSE	NA	NA	NA	NA	NA	NA
NC_045512.2	1327	C	G	7	0	23	1	1	29	0.125	8	0.533333	FALSE	NA	NA	NA	NA	NA	NA
NC_045512.2	1328	A	T	10	0	25	1	1	31	0.0909091	11	0.52381	FALSE	NA	NA	NA	NA	NA	NA
NC_045512.2	1329	C	G	9	0	26	1	1	29	0.1	10	0.526316	FALSE	NA	NA	NA	NA	NA	NA
NC_045512.2	1331	A	G	9	0	26	1	1	28	0.1	10	0.526316	FALSE	NA	NA	NA	NA	NA	NA
NC_045512.2	1332	C	A	9	0	26	1	1	28	0.1	10	0.526316	FALSE	NA	NA	NA	NA	NA	NA
NC_045512.2	1334	T	C	8	0	22	1	1	27	0.111111	9	0.529412	FALSE	NA	NA	NA	NA	NA	NA
NC_045512.2	1335	G	A	9	0	27	1	1	27	0.1	10	0.526316	FALSE	NA	NA	NA	NA	NA	NA
NC_045512.2	1337	G	T	9	0	27	1	1	27	0.1	10	0.526316	FALSE	NA	NA	NA	NA	NA	NA
NC_045512.2	1341	A	G	17	1	26	1	1	25	0.0555556	18	0.514286	FALSE	NA	NA	NA	NA	NA	NA
NC_045512.2	1342	C	T	17	1	27	1	1	24	0.0555556	18	0.514286	FALSE	NA	NA	NA	NA	NA	NA
NC_045512.2	1343	T	G	17	1	27	1	1	27	0.0555556	18	0.514286	FALSE	NA	NA	NA	NA	NA	NA
NC_045512.2	1346	C	A	17	1	23	1	1	26	0.0555556	18	0.514286	FALSE	NA	NA	NA	NA	NA	NA
NC_045512.2	1348	C	T	16	1	26	1	1	22	0.0588235	17	0.515152	FALSE	NA	NA	NA	NA	NA	NA
NC_045512.2	1349	C	T	3	1	22	1	1	22	0.25	4	0.571429	FALSE	NA	NA	NA	NA	NA	NA
NC_045512.2	1350	A	C	12	0	25	1	1	22	0.0769231	13	0.52	FALSE	NA	NA	NA	NA	NA	NA
NC_045512.2	1352	A	T	11	1	27	1	1	28	0.0833333	12	0.521739	FALSE	NA	NA	NA	NA	NA	NA
NC_045512.2	1353	A	G	2	1	23	1	1	23	0.333333	3	0.6	FALSE	NA	NA	NA	NA	NA	NA
NC_045512.2	1354	T	G	11	1	24	1	1	30	0.0833333	12	0.521739	FALSE	NA	NA	NA	NA	NA	NA
NC_045512.2	1355	G	C	49	2	26	1	1	28	0.02	50	0.505051	FALSE	NA	NA	NA	NA	NA	NA
NC_045512.2	1356	C	A	49	2	27	1	1	28	0.02	50	0.505051	FALSE	NA	NA	NA	NA	NA	NA
NC_045512.2	1357	T	G	49	2	27	1	1	29	0.02	50	0.505051	FALSE	NA	NA	NA	NA	NA	NA
NC_045512.2	1358	G	A	49	2	27	1	1	28	0.02	50	0.505051	FALSE	NA	NA	NA	NA	NA	NA
NC_045512.2	1359	T	C	50	2	27	1	1	28	0.0196078	51	0.50495	FALSE	NA	NA	NA	NA	NA	NA
NC_045512.2	1360	T	G	48	2	23	1	1	21	0.0204082	49	0.505155	FALSE	NA	NA	NA	NA	NA	NA
NC_045512.2	1362	T	G	55	2	27	1	1	28	0.0178571	56	0.504505	FALSE	NA	NA	NA	NA	NA	NA
NC_045512.2	1363	T	C	47	2	23	1	1	26	0.0208333	48	0.505263	FALSE	NA	NA	NA	NA	NA	NA
NC_045512.2	1364	A	G	54	2	27	1	1	26	0.0181818	55	0.504587	FALSE	NA	NA	NA	NA	NA	NA
NC_045512.2	1367	A	T	24	2	22	1	1	27	0.04	25	0.510204	FALSE	NA	NA	NA	NA	NA	NA
NC_045512.2	1370	T	G	42	2	22	1	1	27	0.0232558	43	0.505882	FALSE	NA	NA	NA	NA	NA	NA
NC_045512.2	1371	A	T	54	2	27	1	1	21	0.0181818	55	0.504587	FALSE	NA	NA	NA	NA	NA	NA
NC_045512.2	1374	G	A	54	2	27	1	1	23	0.0181818	55	0.504587	FALSE	NA	NA	NA	NA	NA	NA
NC_045512.2	1375	T	A	54	2	27	1	1	23	0.0181818	55	0.504587	FALSE	NA	NA	NA	NA	NA	NA
NC_045512.2	1376	C	G	53	1	28	1	1	22	0.0185185	54	0.504673	FALSE	NA	NA	NA	NA	NA	NA
NC_045512.2	1378	A	C	54	2	27	1	1	25	0.0181818	55	0.504587	FALSE	NA	NA	NA	NA	NA	NA
NC_045512.2	1379	G	A	54	2	27	1	1	27	0.0181818	55	0.504587	FALSE	NA	NA	NA	NA	NA	NA
NC_045512.2	1381	A	T	54	2	27	1	1	23	0.0175439	57	0.495495	FALSE	NA	NA	NA	NA	NA	NA
NC_045512.2	1381	A	G	54	2	27	2	0	27	0.0350877	57	0.247748	FALSE	NA	NA	NA	NA	NA	NA
NC_045512.2	1382	T	C	56	2	26	1	1	27	0.0175439	57	0.504425	FALSE	NA	NA	NA	NA	NA	NA
NC_045512.2	1384	T	C	56	2	26	1	1	28	0.0175439	57	0.504425	FALSE	NA	NA	NA	NA	NA	NA
NC_045512.2	1385	C	G	56	2	27	1	1	28	0.0175439	57	0.504425	FALSE	NA	NA	NA	NA	NA	NA
NC_045512.2	1386	A	G	56	3	27	1	0	28	0.0175439	57	0.504425	FALSE	NA	NA	NA	NA	NA	NA
NC_045512.2	1387	C	A	56	2	27	1	1	29	0.0175439	57	0.504425	FALSE	NA	NA	NA	NA	NA	NA
NC_045512.2	1388	A	T	55	1	27	1	1	20	0.0178571	56	0.504505	FALSE	NA	NA	NA	NA	NA	NA
NC_045512.2	1389	A	T	51	2	23	1	1	31	0.0192308	52	0.504854	FALSE	NA	NA	NA	NA	NA	NA
NC_045512.2	1392	C	G	56	2	27	1	1	27	0.0175439	57	0.504425	FALSE	NA	NA	NA	NA	NA	NA
NC_045512.2	1393	A	T	56	2	27	1	1	26	0.0175439	57	0.504425	FALSE	NA	NA	NA	NA	NA	NA
NC_045512.2	1395	A	G	56	2	27	1	1	27	0.0175439	57	0.504425	FALSE	NA	NA	NA	NA	NA	NA
NC_045512.2	1396	A	C	52	2	24	1	1	27	0.0188679	53	0.504762	FALSE	NA	NA	NA	NA	NA	NA
NC_045512.2	1397	G	A	56	2	27	1	1	27	0.0175439	57	0.504425	FALSE	NA	NA	NA	NA	NA	NA
NC_045512.2	1398	T	C	56	2	27	1	1	28	0.0175439	57	0.504425	FALSE	NA	NA	NA	NA	NA	NA
NC_045512.2	1399	A	T	56	2	27	1	1	27	0.0175439	57	0.504425	FALSE	NA	NA	NA	NA	NA	NA
NC_045512.2	1401	G	A	54	2	24	1	1	27	0.0181818	55	0.504587	FALSE	NA	NA	NA	NA	NA	NA
NC_045512.2	1402	A	G	55	2	27	1	1	27	0.0178571	56	0.504505	FALSE	NA	NA	NA	NA	NA	NA
NC_045512.2	1403	C	A	55	2	26	1	1	22	0.0178571	56	0.504505	FALSE	NA	NA	NA	NA	NA	NA
NC_045512.2	1404	C	A	49	2	23	1	1	28	0.02	50	0.505051	FALSE	NA	NA	NA	NA	NA	NA
NC_045512.2	1406	G	T	55	2	27	1	1	28	0.0178571	56	0.504505	FALSE	NA	NA	NA	NA	NA	NA
NC_045512.2	1407	A	T	55	2	26	1	1	28	0.0178571	56	0.504505	FALSE	NA	NA	NA	NA	NA	NA
NC_045512.2	1409	C	A	55	2	26	1	1	24	0.0178571	56	0.504505	FALSE	NA	NA	NA	NA	NA	NA
NC_045512.2	1410	A	C	55	2	27	1	1	24	0.0178571	56	0.504505	FALSE	NA	NA	NA	NA	NA	NA
NC_045512.2	1411	T	C	55	3	27	1	0	27	0.0178571	56	0.504505	FALSE	NA	NA	NA	NA	NA	NA
NC_045512.2	1413	G	T	55	2	27	1	1	24	0.0175439	57	0.5	FALSE	NA	NA	NA	NA	NA	NA
NC_045512.2	1413	G	A	55	2	27	1	1	27	0.0175439	57	0.5	FALSE	NA	NA	NA	NA	NA	NA
NC_045512.2	1414	T	A	56	3	27	1	1	25	0.0175439	57	0.504425	FALSE	NA	NA	NA	NA	NA	NA
NC_045512.2	1415	C	G	55	2	27	2	2	25	0.0350877	57	0.252212	FALSE	NA	NA	NA	NA	NA	NA
NC_045512.2	1416	T	G	56	3	27	1	1	26	0.0175439	57	0.504425	FALSE	NA	NA	NA	NA	NA	NA
NC_045512.2	1417	T	C	52	3	23	1	1	26	0.0185185	54	0.5	FALSE	NA	NA	NA	NA	NA	NA
NC_045512.2	1417	T	A	52	3	23	1	1	24	0.0185185	54	0.5	FALSE	NA	NA	NA	NA	NA	NA
NC_045512.2	1418	G	T	54	2	26	1	1	27	0.0175439	57	0.495495	FALSE	NA	NA	NA	NA	NA	NA
NC_045512.2	1418	G	A	54	2	26	2	1	25	0.0350877	57	0.247748	FALSE	NA	NA	NA	NA	NA	NA
NC_045512.2	1419	C	G	55	2	27	2	2	25	0.0344828	58	0.247788	FALSE	NA	NA	NA	NA	NA	NA
NC_045512.2	1419	C	A	55	2	27	1	1	29	0.0172414	58	0.495575	FALSE	NA	NA	NA	NA	NA	NA
NC_045512.2	1420	C	T	51	2	23	2	2	24	0.037037	54	0.247619	FALSE	NA	NA	NA	NA	NA	NA
NC_045512.2	1420	C	A	51	2	23	1	1	31	0.0185185	54	0.495238	FALSE	NA	NA	NA	NA	NA	NA
NC_045512.2	1421	G	T	55	3	26	1	1	27	0.0172414	58	0.495575	FALSE	NA	NA	NA	NA	NA	NA
NC_045512.2	1421	G	A	55	3	26	2	1	28	0.0344828	58	0.247788	FALSE	NA	NA	NA	NA	NA	NA
NC_045512.2	1422	A	T	55	2	27	1	1	23	0.0175439	57	0.5	FALSE	NA	NA	NA	NA	NA	NA
NC_045512.2	1422	A	G	55	2	27	1	1	28	0.0175439	57	0.5	FALSE	NA	NA	NA	NA	NA	NA
NC_045512.2	1423	A	T	50	2	23	2	2	25	0.0377358	53	0.247573	FALSE	NA	NA	NA	NA	NA	NA
NC_045512.2	1423	A	G	50	2	23	1	0	27	0.0188679	53	0.495146	FALSE	NA	NA	NA	NA	NA	NA
NC_045512.2	1426	C	T	55	2	27	1	1	23	0.0175439	57	0.5	FALSE	NA	NA	NA	NA	NA	NA
NC_045512.2	1426	C	A	55	2	27	1	1	25	0.0175439	57	0.5	FALSE	NA	NA	NA	NA	NA	NA
NC_045512.2	1427	C	T	55	2	23	1	1	28	0.0175439	57	0.5	FALSE	NA	NA	NA	NA	NA	NA
NC_045512.2	1427	C	A	55	2	23	1	1	25	0.0175439	57	0.5	FALSE	NA	NA	NA	NA	NA	NA
NC_045512.2	1428	A	G	56	3	27	1	1	28	0.0175439	57	0.504425	FALSE	NA	NA	NA	NA	NA	NA
NC_045512.2	1430	A	T	55	2	27	1	1	26	0.0175439	57	0.5	FALSE	NA	NA	NA	NA	NA	NA
NC_045512.2	1430	A	C	55	2	27	1	1	28	0.0175439	57	0.5	FALSE	NA	NA	NA	NA	NA	NA
NC_045512.2	1431	A	T	49	2	23	1	1	29	0.0192308	52	0.49505	FALSE	NA	NA	NA	NA	NA	NA
NC_045512.2	1431	A	G	49	2	23	1	0	27	0.0192308	52	0.49505	FALSE	NA	NA	NA	NA	NA	NA
NC_045512.2	1431	A	C	49	2	23	1	1	32	0.0192308	52	0.49505	FALSE	NA	NA	NA	NA	NA	NA
NC_045512.2	1432	T	A	55	2	26	2	2	27	0.0350877	57	0.252212	FALSE	NA	NA	NA	NA	NA	NA
NC_045512.2	1434	A	T	54	1	28	1	1	25	0.0178571	56	0.5	FALSE	NA	NA	NA	NA	NA	NA
NC_045512.2	1434	A	C	54	1	28	1	1	28	0.0178571	56	0.5	FALSE	NA	NA	NA	NA	NA	NA
NC_045512.2	1435	A	G	55	3	24	1	1	25	0.0178571	56	0.504505	FALSE	NA	NA	NA	NA	NA	NA
NC_045512.2	1437	C	G	56	3	28	1	1	30	0.0175439	57	0.504425	FALSE	NA	NA	NA	NA	NA	NA
NC_045512.2	1437	C	-T	56	3	28	1	0	20	0.0175439	57	0.504425	FALSE	NA	NA	NA	NA	NA	NA
NC_045512.2	1438	T	C	54	3	28	2	1	25	0.0357143	56	0.247748	FALSE	NA	NA	NA	NA	NA	NA
NC_045512.2	1439	G	T	52	2	28	2	0	27	0.0350877	57	0.238699	FALSE	NA	NA	NA	NA	NA	NA
NC_045512.2	1439	G	C	52	2	28	2	1	26	0.0350877	57	0.238699	FALSE	NA	NA	NA	NA	NA	NA
NC_045512.2	1439	G	A	52	2	28	1	1	28	0.0175439	57	0.486239	FALSE	NA	NA	NA	NA	NA	NA
NC_045512.2	1440	G	A	54	3	24	1	1	32	0.0181818	55	0.504587	FALSE	NA	NA	NA	NA	NA	NA
NC_045512.2	1442	T	C	53	2	28	1	0	24	0.0178571	56	0.495413	FALSE	NA	NA	NA	NA	NA	NA
NC_045512.2	1442	T	A	53	2	28	2	2	22	0.0357143	56	0.247706	FALSE	NA	NA	NA	NA	NA	NA
NC_045512.2	1443	T	A	50	3	23	1	1	28	0.0196078	51	0.50495	FALSE	NA	NA	NA	NA	NA	NA
NC_045512.2	1444	G	T	56	3	26	1	1	24	0.0175439	57	0.504425	FALSE	NA	NA	NA	NA	NA	NA
NC_045512.2	1444	G	-A	56	3	26	2	0	20	0.0350877	57	0.256637	FALSE	NA	NA	NA	NA	NA	NA
NC_045512.2	1445	A	T	51	1	26	2	2	28	0.0377358	53	0.242991	FALSE	NA	NA	NA	NA	NA	NA
NC_045512.2	1446	A	C	54	2	27	2	2	27	0.0357143	56	0.252252	FALSE	NA	NA	NA	NA	NA	NA
NC_045512.2	1448	A	G	19	2	22	2	2	25	0.0909091	22	0.243902	FALSE	NA	NA	NA	NA	NA	NA
NC_045512.2	1448	A	C	19	2	22	1	1	27	0.0454545	22	0.487805	FALSE	NA	NA	NA	NA	NA	NA
NC_045512.2	1449	C	T	45	2	27	1	0	23	0.0208333	48	0.494624	FALSE	NA	NA	NA	NA	NA	NA
NC_045512.2	1449	C	A	45	2	27	2	2	21	0.0416667	48	0.247312	FALSE	NA	NA	NA	NA	NA	NA
NC_045512.2	1450	C	T	38	2	23	1	1	24	0.0243902	41	0.493671	FALSE	NA	NA	NA	NA	NA	NA
NC_045512.2	1450	C	A	38	2	23	2	2	30	0.0487805	41	0.246835	FALSE	NA	NA	NA	NA	NA	NA
NC_045512.2	1451	A	T	45	2	26	1	1	24	0.0208333	48	0.494624	FALSE	NA	NA	NA	NA	NA	NA
NC_045512.2	1451	A	G	45	2	26	2	2	26	0.0416667	48	0.247312	FALSE	NA	NA	NA	NA	NA	NA
NC_045512.2	1453	T	C	42	4	23	1	1	29	0.0222222	45	0.494253	FALSE	NA	NA	NA	NA	NA	NA
NC_045512.2	1453	T	A	42	4	23	2	2	27	0.0444444	45	0.247126	FALSE	NA	NA	NA	NA	NA	NA
NC_045512.2	1454	C	T	44	3	26	1	1	28	0.0208333	48	0.48913	FALSE	NA	NA	NA	NA	NA	NA
NC_045512.2	1454	C	G	44	3	26	2	2	24	0.0416667	48	0.241935	FALSE	NA	NA	NA	NA	NA	NA
NC_045512.2	1454	C	A	44	3	26	1	1	27	0.0208333	48	0.48913	FALSE	NA	NA	NA	NA	NA	NA
NC_045512.2	1455	T	G	44	3	26	3	3	27	0.0638298	47	0.124956	FALSE	NA	NA	NA	NA	NA	NA
NC_045512.2	1456	T	A	41	5	23	2	2	24	0.0465116	43	0.252941	FALSE	NA	NA	NA	NA	NA	NA
NC_045512.2	1457	C	T	72	4	26	1	1	27	0.0133333	75	0.496599	FALSE	NA	NA	NA	NA	NA	NA
NC_045512.2	1457	C	A	72	4	26	2	2	27	0.0266667	75	0.248299	FALSE	NA	NA	NA	NA	NA	NA
NC_045512.2	1458	G	C	72	4	27	2	2	23	0.0263158	76	0.244966	FALSE	NA	NA	NA	NA	NA	NA
NC_045512.2	1458	G	A	72	4	27	2	2	25	0.0263158	76	0.244966	FALSE	NA	NA	NA	NA	NA	NA
NC_045512.2	1459	T	G	73	5	26	1	1	24	0.012987	77	0.493333	FALSE	NA	NA	NA	NA	NA	NA
NC_045512.2	1459	T	C	73	5	26	1	1	28	0.012987	77	0.493333	FALSE	NA	NA	NA	NA	NA	NA
NC_045512.2	1459	T	A	73	5	26	2	2	29	0.025974	77	0.245033	FALSE	NA	NA	NA	NA	NA	NA
NC_045512.2	1460	A	G	72	4	27	1	1	21	0.0133333	75	0.496599	FALSE	NA	NA	NA	NA	NA	NA
NC_045512.2	1460	A	C	72	4	27	2	2	25	0.0266667	75	0.248299	FALSE	NA	NA	NA	NA	NA	NA
NC_045512.2	1461	A	T	64	4	23	2	2	23	0.0289855	69	0.240714	FALSE	NA	NA	NA	NA	NA	NA
NC_045512.2	1461	A	G	64	4	23	2	2	25	0.0289855	69	0.240714	FALSE	NA	NA	NA	NA	NA	NA
NC_045512.2	1461	A	C	64	4	23	1	1	28	0.0144928	69	0.488722	FALSE	NA	NA	NA	NA	NA	NA
NC_045512.2	1462	G	T	71	4	27	2	2	24	0.027027	74	0.248276	FALSE	NA	NA	NA	NA	NA	NA
NC_045512.2	1462	G	A	71	4	27	1	1	20	0.0135135	74	0.496552	FALSE	NA	NA	NA	NA	NA	NA
NC_045512.2	1463	G	T	70	3	28	3	3	25	0.0394737	76	0.117485	FALSE	NA	NA	NA	NA	NA	NA
NC_045512.2	1463	G	C	70	3	28	1	1	27	0.0131579	76	0.486301	FALSE	NA	NA	NA	NA	NA	NA
NC_045512.2	1463	G	A	70	3	28	2	2	28	0.0263158	76	0.238188	FALSE	NA	NA	NA	NA	NA	NA
NC_045512.2	1464	G	T	57	3	22	2	2	26	0.03125	64	0.231811	FALSE	NA	NA	NA	NA	NA	NA
NC_045512.2	1464	G	C	57	3	22	1	1	24	0.015625	64	0.479339	FALSE	NA	NA	NA	NA	NA	NA
NC_045512.2	1464	G	A	57	3	22	4	4	27	0.0625	64	0.0556274	FALSE	NA	NA	NA	NA	NA	NA
NC_045512.2	1465	T	G	71	5	27	1	1	25	0.0131579	76	0.489796	FALSE	NA	NA	NA	NA	NA	NA
NC_045512.2	1465	T	C	71	5	27	2	2	25	0.0263158	76	0.241589	FALSE	NA	NA	NA	NA	NA	NA
NC_045512.2	1465	T	A	71	5	27	2	2	27	0.0263158	76	0.241589	FALSE	NA	NA	NA	NA	NA	NA
NC_045512.2	1466	G	T	69	3	28	4	4	26	0.0540541	74	0.0599228	FALSE	NA	NA	NA	NA	NA	NA
NC_045512.2	1466	G	A	69	3	28	1	1	28	0.0135135	74	0.48951	FALSE	NA	NA	NA	NA	NA	NA
NC_045512.2	1467	G	T	72	7	23	3	3	25	0.0394737	76	0.122483	FALSE	NA	NA	NA	NA	NA	NA
NC_045512.2	1467	G	A	72	7	23	1	1	27	0.0131579	76	0.493243	FALSE	NA	NA	NA	NA	NA	NA
NC_045512.2	1468	T	G	71	5	27	1	1	25	0.0131579	76	0.489796	FALSE	NA	NA	NA	NA	NA	NA
NC_045512.2	1468	T	C	71	5	27	2	2	26	0.0263158	76	0.241589	FALSE	NA	NA	NA	NA	NA	NA
NC_045512.2	1468	T	A	71	5	27	2	2	27	0.0263158	76	0.241589	FALSE	NA	NA	NA	NA	NA	NA
NC_045512.2	1469	C	T	71	5	27	3	3	24	0.0394737	76	0.119984	FALSE	NA	NA	NA	NA	NA	NA
NC_045512.2	1469	C	G	71	5	27	1	1	29	0.0131579	76	0.489796	FALSE	NA	NA	NA	NA	NA	NA
NC_045512.2	1469	C	A	71	5	27	1	1	25	0.0131579	76	0.489796	FALSE	NA	NA	NA	NA	NA	NA
NC_045512.2	1470	G	T	70	4	27	2	2	26	0.025974	77	0.23497	FALSE	NA	NA	NA	NA	NA	NA
NC_045512.2	1470	G	C	70	4	27	4	4	26	0.0519481	77	0.0567922	FALSE	NA	NA	NA	NA	NA	NA
NC_045512.2	1470	G	A	70	4	27	1	1	25	0.012987	77	0.482993	FALSE	NA	NA	NA	NA	NA	NA
NC_045512.2	1471	C	T	71	5	27	2	2	25	0.025974	77	0.238346	FALSE	NA	NA	NA	NA	NA	NA
NC_045512.2	1471	C	A	71	5	27	4	4	26	0.0519481	77	0.0584026	FALSE	NA	NA	NA	NA	NA	NA
NC_045512.2	1472	A	T	70	4	27	2	2	28	0.0263158	76	0.238188	FALSE	NA	NA	NA	NA	NA	NA
NC_045512.2	1472	A	G	70	4	27	2	2	28	0.0263158	76	0.238188	FALSE	NA	NA	NA	NA	NA	NA
NC_045512.2	1472	A	C	70	4	27	2	2	23	0.0263158	76	0.238188	FALSE	NA	NA	NA	NA	NA	NA
NC_045512.2	1473	C	T	71	6	27	1	1	31	0.0131579	76	0.489796	FALSE	NA	NA	NA	NA	NA	NA
NC_045512.2	1473	C	G	71	6	27	2	2	28	0.0263158	76	0.241589	FALSE	NA	NA	NA	NA	NA	NA
NC_045512.2	1473	C	A	71	6	27	2	2	24	0.0263158	76	0.241589	FALSE	NA	NA	NA	NA	NA	NA
NC_045512.2	1474	T	G	70	5	27	3	3	28	0.0384615	78	0.112817	FALSE	NA	NA	NA	NA	NA	NA
NC_045512.2	1474	T	C	70	5	27	3	3	27	0.0384615	78	0.112817	FALSE	NA	NA	NA	NA	NA	NA
NC_045512.2	1474	T	A	70	5	27	2	2	28	0.025641	78	0.231816	FALSE	NA	NA	NA	NA	NA	NA
NC_045512.2	1475	A	T	71	6	27	3	3	26	0.0379747	79	0.112973	FALSE	NA	NA	NA	NA	NA	NA
NC_045512.2	1475	A	G	71	6	27	2	2	24	0.0253165	79	0.232053	FALSE	NA	NA	NA	NA	NA	NA
NC_045512.2	1475	A	C	71	6	27	3	3	27	0.0379747	79	0.112973	FALSE	NA	NA	NA	NA	NA	NA
NC_045512.2	1476	T	G	71	6	27	1	1	28	0.012987	77	0.486486	FALSE	NA	NA	NA	NA	NA	NA
NC_045512.2	1476	T	C	71	6	27	2	2	24	0.025974	77	0.238346	FALSE	NA	NA	NA	NA	NA	NA
NC_045512.2	1476	T	A	71	6	27	3	3	22	0.038961	77	0.117584	FALSE	NA	NA	NA	NA	NA	NA
NC_045512.2	1477	T	G	67	8	24	3	3	27	0.0405405	74	0.114713	FALSE	NA	NA	NA	NA	NA	NA
NC_045512.2	1477	T	C	67	8	24	1	0	22	0.0135135	74	0.48227	FALSE	NA	NA	NA	NA	NA	NA
NC_045512.2	1477	T	A	67	8	24	3	3	26	0.0405405	74	0.114713	FALSE	NA	NA	NA	NA	NA	NA
NC_045512.2	1478	G	T	70	6	27	5	5	25	0.0641026	78	0.0272802	FALSE	NA	NA	NA	NA	NA	NA
NC_045512.2	1478	G	C	70	6	27	1	1	29	0.0128205	78	0.47973	FALSE	NA	NA	NA	NA	NA	NA
NC_045512.2	1478	G	A	70	6	27	2	2	26	0.025641	78	0.231816	FALSE	NA	NA	NA	NA	NA	NA
NC_045512.2	1479	C	T	67	4	28	4	4	26	0.0526316	76	0.0534928	FALSE	NA	NA	NA	NA	NA	NA
NC_045512.2	1479	C	G	67	4	28	1	1	28	0.0131579	76	0.475524	FALSE	NA	NA	NA	NA	NA	NA
NC_045512.2	1479	C	A	67	4	28	4	4	26	0.0526316	76	0.0534928	FALSE	NA	NA	NA	NA	NA	NA
NC_045512.2	1480	C	T	62	7	23	3	3	27	0.0434783	69	0.113956	FALSE	NA	NA	NA	NA	NA	NA
NC_045512.2	1480	C	G	62	7	23	3	3	27	0.0434783	69	0.113956	FALSE	NA	NA	NA	NA	NA	NA
NC_045512.2	1480	C	A	62	7	23	1	1	27	0.0144928	69	0.480916	FALSE	NA	NA	NA	NA	NA	NA
NC_045512.2	1481	T	G	62	6	27	4	4	24	0.0547945	73	0.0498317	FALSE	NA	NA	NA	NA	NA	NA
NC_045512.2	1481	T	C	62	6	27	6	5	27	0.0821918	73	0.0116667	FALSE	NA	NA	NA	NA	NA	NA
NC_045512.2	1481	T	A	62	6	27	1	1	24	0.0136986	73	0.466667	FALSE	NA	NA	NA	NA	NA	NA
NC_045512.2	1482	T	G	63	8	27	1	1	23	0.0140845	71	0.477612	FALSE	NA	NA	NA	NA	NA	NA
NC_045512.2	1482	T	C	63	8	27	3	2	25	0.0422535	71	0.111599	FALSE	NA	NA	NA	NA	NA	NA
NC_045512.2	1482	T	A	63	8	27	4	4	27	0.056338	71	0.0545775	FALSE	NA	NA	NA	NA	NA	NA
NC_045512.2	1483	T	G	57	9	22	3	3	28	0.046875	64	0.113079	FALSE	NA	NA	NA	NA	NA	NA
NC_045512.2	1483	T	A	57	9	22	4	4	23	0.0625	64	0.0556274	FALSE	NA	NA	NA	NA	NA	NA
NC_045512.2	1484	G	T	63	7	27	4	4	24	0.0547945	73	0.0514705	FALSE	NA	NA	NA	NA	NA	NA
NC_045512.2	1484	G	C	63	7	27	2	2	28	0.0273973	73	0.223272	FALSE	NA	NA	NA	NA	NA	NA
NC_045512.2	1484	G	A	63	7	27	4	4	26	0.0547945	73	0.0514705	FALSE	NA	NA	NA	NA	NA	NA
NC_045512.2	1485	G	T	56	3	23	7	7	25	0.1	70	0.00469468	TRUE	NA	NA	NA	NA	NA	NA
NC_045512.2	1485	G	C	56	3	23	2	2	24	0.0285714	70	0.206599	FALSE	NA	NA	NA	NA	NA	NA
NC_045512.2	1485	G	A	56	3	23	5	5	27	0.0714286	70	0.0207835	FALSE	NA	NA	NA	NA	NA	NA
NC_045512.2	1486	A	T	64	8	26	6	6	25	0.0810811	74	0.0122779	FALSE	NA	NA	NA	NA	NA	NA
NC_045512.2	1486	A	G	64	8	26	3	3	29	0.0405405	74	0.107031	FALSE	NA	NA	NA	NA	NA	NA
NC_045512.2	1486	A	C	64	8	26	1	1	29	0.0135135	74	0.471014	FALSE	NA	NA	NA	NA	NA	NA
NC_045512.2	1487	G	T	67	11	26	3	3	24	0.0410959	73	0.117171	FALSE	NA	NA	NA	NA	NA	NA
NC_045512.2	1487	G	C	67	11	26	1	1	23	0.0136986	73	0.485714	FALSE	NA	NA	NA	NA	NA	NA
NC_045512.2	1487	G	A	67	11	26	2	2	25	0.0273973	73	0.23769	FALSE	NA	NA	NA	NA	NA	NA
NC_045512.2	1488	G	T	57	4	23	8	8	25	0.112676	71	0.00227881	TRUE	NA	NA	NA	NA	NA	NA
NC_045512.2	1488	G	C	57	4	23	3	3	25	0.0422535	71	0.0956507	FALSE	NA	NA	NA	NA	NA	NA
NC_045512.2	1488	G	A	57	4	23	3	3	24	0.0422535	71	0.0956507	FALSE	NA	NA	NA	NA	NA	NA
NC_045512.2	1489	C	T	61	5	27	8	8	26	0.106667	75	0.0023533	TRUE	NA	NA	NA	NA	NA	NA
NC_045512.2	1489	C	G	61	5	27	1	1	27	0.0133333	75	0.455882	FALSE	NA	NA	NA	NA	NA	NA
NC_045512.2	1489	C	A	61	5	27	5	5	26	0.0666667	75	0.0214333	FALSE	NA	NA	NA	NA	NA	NA
NC_045512.2	1490	T	G	63	7	27	4	4	25	0.0540541	74	0.05	FALSE	NA	NA	NA	NA	NA	NA
NC_045512.2	1490	T	A	63	7	27	7	7	26	0.0945946	74	0.00573564	TRUE	NA	NA	NA	NA	NA	NA
NC_045512.2	1491	G	T	61	5	27	5	5	23	0.0684932	73	0.0230564	FALSE	NA	NA	NA	NA	NA	NA
NC_045512.2	1491	G	C	61	5	27	2	2	27	0.0273973	73	0.21592	FALSE	NA	NA	NA	NA	NA	NA
NC_045512.2	1491	G	A	61	5	27	5	5	25	0.0684932	73	0.0230564	FALSE	NA	NA	NA	NA	NA	NA
NC_045512.2	1492	T	C	66	10	27	2	2	27	0.027027	74	0.2308	FALSE	NA	NA	NA	NA	NA	NA
NC_045512.2	1492	T	A	66	10	27	6	6	26	0.0810811	74	0.0134406	FALSE	NA	NA	NA	NA	NA	NA
NC_045512.2	1493	G	T	65	9	27	4	4	24	0.0526316	76	0.0503235	FALSE	NA	NA	NA	NA	NA	NA
NC_045512.2	1493	G	A	65	9	27	7	7	26	0.0921053	76	0.00578657	TRUE	NA	NA	NA	NA	NA	NA
NC_045512.2	1494	T	G	67	11	27	5	5	25	0.0666667	75	0.0271231	FALSE	NA	NA	NA	NA	NA	NA
NC_045512.2	1494	T	A	67	11	27	3	3	27	0.04	75	0.112323	FALSE	NA	NA	NA	NA	NA	NA
NC_045512.2	1495	G	T	61	5	26	7	7	27	0.0933333	75	0.00487713	TRUE	NA	NA	NA	NA	NA	NA
NC_045512.2	1495	G	C	61	5	26	3	3	23	0.04	75	0.097224	FALSE	NA	NA	NA	NA	NA	NA
NC_045512.2	1495	G	A	61	5	26	4	4	25	0.0533333	75	0.0454645	FALSE	NA	NA	NA	NA	NA	NA
NC_045512.2	1496	T	G	63	7	27	1	1	29	0.0135135	74	0.467153	FALSE	NA	NA	NA	NA	NA	NA
NC_045512.2	1496	T	C	63	7	27	4	4	26	0.0540541	74	0.05	FALSE	NA	NA	NA	NA	NA	NA
NC_045512.2	1496	T	A	63	7	27	6	6	24	0.0810811	74	0.0117171	FALSE	NA	NA	NA	NA	NA	NA
NC_045512.2	1497	T	G	61	8	22	1	1	25	0.0135135	74	0.459259	FALSE	NA	NA	NA	NA	NA	NA
NC_045512.2	1497	T	C	61	8	22	5	5	26	0.0675676	74	0.0222271	FALSE	NA	NA	NA	NA	NA	NA
NC_045512.2	1497	T	A	61	8	22	7	7	28	0.0945946	74	0.00513002	TRUE	NA	NA	NA	NA	NA	NA
NC_045512.2	1498	C	T	61	5	26	8	8	25	0.102564	78	0.00198487	TRUE	NA	NA	NA	NA	NA	NA
NC_045512.2	1498	C	G	61	5	26	5	5	27	0.0641026	78	0.0192479	FALSE	NA	NA	NA	NA	NA	NA
NC_045512.2	1498	C	A	61	5	26	4	4	28	0.0512821	78	0.0417038	FALSE	NA	NA	NA	NA	NA	NA
NC_045512.2	1499	T	G	64	8	26	4	4	27	0.0526316	76	0.0487606	FALSE	NA	NA	NA	NA	NA	NA
NC_045512.2	1499	T	C	64	8	26	4	4	27	0.0526316	76	0.0487606	FALSE	NA	NA	NA	NA	NA	NA
NC_045512.2	1499	T	A	64	8	26	4	4	26	0.0526316	76	0.0487606	FALSE	NA	NA	NA	NA	NA	NA
NC_045512.2	1500	C	T	61	5	27	6	6	24	0.0769231	78	0.00895562	TRUE	NA	NA	NA	NA	NA	NA
NC_045512.2	1500	C	G	61	5	27	4	4	26	0.0512821	78	0.0417038	FALSE	NA	NA	NA	NA	NA	NA
NC_045512.2	1500	C	A	61	5	27	7	7	26	0.0897436	78	0.00419988	TRUE	NA	NA	NA	NA	NA	NA
NC_045512.2	1501	T	G	65	11	27	4	4	28	0.0526316	76	0.0503235	FALSE	NA	NA	NA	NA	NA	NA
NC_045512.2	1501	T	C	65	11	27	2	1	22	0.0263158	76	0.220857	FALSE	NA	NA	NA	NA	NA	NA
NC_045512.2	1501	T	A	65	11	27	5	5	26	0.0657895	76	0.0242941	FALSE	NA	NA	NA	NA	NA	NA
NC_045512.2	1502	T	G	63	10	23	6	6	27	0.08	75	0.0112255	FALSE	NA	NA	NA	NA	NA	NA
NC_045512.2	1502	T	C	63	10	23	5	5	26	0.0666667	75	0.0232644	FALSE	NA	NA	NA	NA	NA	NA
NC_045512.2	1502	T	A	63	10	23	1	1	25	0.0133333	75	0.463768	FALSE	NA	NA	NA	NA	NA	NA
NC_045512.2	1503	A	T	63	8	27	7	7	25	0.0921053	76	0.00519339	TRUE	NA	NA	NA	NA	NA	NA
NC_045512.2	1503	A	G	63	8	27	2	2	27	0.0263158	76	0.213772	FALSE	NA	NA	NA	NA	NA	NA
NC_045512.2	1503	A	C	63	8	27	4	4	28	0.0526316	76	0.047213	FALSE	NA	NA	NA	NA	NA	NA
NC_045512.2	1504	T	G	64	11	27	3	3	26	0.0394737	76	0.102541	FALSE	NA	NA	NA	NA	NA	NA
NC_045512.2	1504	T	C	64	11	27	5	5	25	0.0657895	76	0.0233645	FALSE	NA	NA	NA	NA	NA	NA
NC_045512.2	1504	T	A	64	11	27	4	4	26	0.0526316	76	0.0487606	FALSE	NA	NA	NA	NA	NA	NA
NC_045512.2	1505	G	T	61	7	26	6	6	26	0.08	75	0.0101846	FALSE	NA	NA	NA	NA	NA	NA
NC_045512.2	1505	G	C	61	7	26	3	3	28	0.04	75	0.097224	FALSE	NA	NA	NA	NA	NA	NA
NC_045512.2	1505	G	A	61	7	26	5	5	27	0.0666667	75	0.0214333	FALSE	NA	NA	NA	NA	NA	NA
NC_045512.2	1506	T	G	57	5	27	5	5	26	0.0666667	75	0.0179783	FALSE	NA	NA	NA	NA	NA	NA
NC_045512.2	1506	T	C	57	5	27	5	5	26	0.0666667	75	0.0179783	FALSE	NA	NA	NA	NA	NA	NA
NC_045512.2	1506	T	A	57	5	27	8	8	25	0.106667	75	0.00179295	TRUE	NA	NA	NA	NA	NA	NA
NC_045512.2	1507	T	G	58	9	23	2	2	28	0.0285714	70	0.21439	FALSE	NA	NA	NA	NA	NA	NA
NC_045512.2	1507	T	C	58	9	23	2	2	25	0.0285714	70	0.21439	FALSE	NA	NA	NA	NA	NA	NA
NC_045512.2	1507	T	A	58	9	23	8	8	26	0.114286	70	0.00259313	TRUE	NA	NA	NA	NA	NA	NA
NC_045512.2	1508	G	T	56	5	26	3	3	27	0.0405405	74	0.0867693	FALSE	NA	NA	NA	NA	NA	NA
NC_045512.2	1508	G	C	56	5	26	7	7	25	0.0945946	74	0.00379097	TRUE	NA	NA	NA	NA	NA	NA
NC_045512.2	1508	G	A	56	5	26	8	8	26	0.108108	74	0.00177096	TRUE	NA	NA	NA	NA	NA	NA
NC_045512.2	1509	G	T	54	6	22	5	5	24	0.0714286	70	0.018923	FALSE	NA	NA	NA	NA	NA	NA
NC_045512.2	1509	G	C	54	6	22	5	4	27	0.0714286	70	0.018923	FALSE	NA	NA	NA	NA	NA	NA
NC_045512.2	1509	G	A	54	6	22	6	6	28	0.0857143	70	0.00880139	TRUE	NA	NA	NA	NA	NA	NA
NC_045512.2	1510	T	G	66	15	26	1	1	28	0.0135135	74	0.478571	FALSE	NA	NA	NA	NA	NA	NA
NC_045512.2	1510	T	C	66	15	26	3	3	25	0.0405405	74	0.112149	FALSE	NA	NA	NA	NA	NA	NA
NC_045512.2	1510	T	A	66	15	26	4	4	27	0.0540541	74	0.0548984	FALSE	NA	NA	NA	NA	NA	NA
NC_045512.2	1511	T	G	53	9	23	4	4	27	0.057971	69	0.0407589	FALSE	NA	NA	NA	NA	NA	NA
NC_045512.2	1511	T	C	53	9	23	7	7	27	0.101449	69	0.00408573	TRUE	NA	NA	NA	NA	NA	NA
NC_045512.2	1511	T	A	53	9	23	5	4	26	0.0724638	69	0.018762	FALSE	NA	NA	NA	NA	NA	NA
NC_045512.2	1512	G	T	60	9	26	3	3	28	0.0394737	76	0.0926667	FALSE	NA	NA	NA	NA	NA	NA
NC_045512.2	1512	G	C	60	9	26	5	5	27	0.0657895	76	0.0198095	FALSE	NA	NA	NA	NA	NA	NA
NC_045512.2	1512	G	A	60	9	26	8	8	26	0.105263	76	0.00208045	TRUE	NA	NA	NA	NA	NA	NA
NC_045512.2	1513	C	T	60	9	27	7	7	26	0.0933333	75	0.00460193	TRUE	NA	NA	NA	NA	NA	NA
NC_045512.2	1513	C	G	60	9	27	3	3	27	0.04	75	0.0947259	FALSE	NA	NA	NA	NA	NA	NA
NC_045512.2	1513	C	A	60	9	27	5	5	25	0.0666667	75	0.0205432	FALSE	NA	NA	NA	NA	NA	NA
NC_045512.2	1514	C	T	51	5	23	7	6	26	0.1	70	0.00336489	TRUE	NA	NA	NA	NA	NA	NA
NC_045512.2	1514	C	G	51	5	23	1	1	27	0.0142857	70	0.429752	FALSE	NA	NA	NA	NA	NA	NA
NC_045512.2	1514	C	A	51	5	23	11	11	25	0.157143	70	0.000160207	TRUE	NA	NA	NA	NA	NA	NA
NC_045512.2	1515	A	T	64	13	26	4	4	24	0.0526316	76	0.0487606	FALSE	NA	NA	NA	NA	NA	NA
NC_045512.2	1515	A	G	64	13	26	4	4	26	0.0526316	76	0.0487606	FALSE	NA	NA	NA	NA	NA	NA
NC_045512.2	1515	A	C	64	13	26	4	4	26	0.0526316	76	0.0487606	FALSE	NA	NA	NA	NA	NA	NA
NC_045512.2	1516	T	G	62	11	26	5	5	25	0.0666667	75	0.0223404	FALSE	NA	NA	NA	NA	NA	NA
NC_045512.2	1516	T	C	62	11	26	2	2	27	0.0266667	75	0.213266	FALSE	NA	NA	NA	NA	NA	NA
NC_045512.2	1516	T	A	62	11	26	6	6	26	0.08	75	0.0106982	FALSE	NA	NA	NA	NA	NA	NA
NC_045512.2	1517	A	T	57	6	26	8	8	27	0.106667	75	0.00179295	TRUE	NA	NA	NA	NA	NA	NA
NC_045512.2	1517	A	G	57	6	26	7	7	29	0.0933333	75	0.00383416	TRUE	NA	NA	NA	NA	NA	NA
NC_045512.2	1517	A	C	57	6	26	3	3	27	0.04	75	0.0872772	FALSE	NA	NA	NA	NA	NA	NA
NC_045512.2	1518	A	T	57	11	23	5	5	26	0.0704225	71	0.0209201	FALSE	NA	NA	NA	NA	NA	NA
NC_045512.2	1518	A	G	57	11	23	4	4	27	0.056338	71	0.0445396	FALSE	NA	NA	NA	NA	NA	NA
NC_045512.2	1518	A	C	57	11	23	5	5	27	0.0704225	71	0.0209201	FALSE	NA	NA	NA	NA	NA	NA
NC_045512.2	1519	C	T	59	8	26	5	5	26	0.0666667	75	0.0196705	FALSE	NA	NA	NA	NA	NA	NA
NC_045512.2	1519	C	G	59	8	26	4	4	25	0.0533333	75	0.0424146	FALSE	NA	NA	NA	NA	NA	NA
NC_045512.2	1519	C	A	59	8	26	7	7	28	0.0933333	75	0.00433641	TRUE	NA	NA	NA	NA	NA	NA
NC_045512.2	1520	A	T	56	7	27	3	3	24	0.0394737	76	0.0829134	FALSE	NA	NA	NA	NA	NA	NA
NC_045512.2	1520	A	G	56	7	27	13	11	26	0.171053	76	3.67356e-05	TRUE	NA	NA	NA	NA	NA	NA
NC_045512.2	1520	A	C	56	7	27	4	4	25	0.0526316	76	0.0368504	FALSE	NA	NA	NA	NA	NA	NA
NC_045512.2	1521	A	T	61	13	24	2	2	29	0.0277778	72	0.219167	FALSE	NA	NA	NA	NA	NA	NA
NC_045512.2	1521	A	G	61	13	24	5	5	27	0.0694444	72	0.0239232	FALSE	NA	NA	NA	NA	NA	NA
NC_045512.2	1521	A	C	61	13	24	4	4	27	0.0555556	72	0.0496588	FALSE	NA	NA	NA	NA	NA	NA
NC_045512.2	1522	G	T	57	7	27	7	6	26	0.0921053	76	0.00364108	TRUE	NA	NA	NA	NA	NA	NA
NC_045512.2	1522	G	C	57	7	27	3	3	26	0.0394737	76	0.0853377	FALSE	NA	NA	NA	NA	NA	NA
NC_045512.2	1522	G	A	57	7	27	9	9	27	0.118421	76	0.000791298	TRUE	NA	NA	NA	NA	NA	NA
NC_045512.2	1523	T	G	59	9	27	5	5	27	0.0666667	75	0.0196705	FALSE	NA	NA	NA	NA	NA	NA
NC_045512.2	1523	T	C	59	9	27	8	8	26	0.106667	75	0.00206056	TRUE	NA	NA	NA	NA	NA	NA
NC_045512.2	1523	T	A	59	9	27	3	3	24	0.04	75	0.0922349	FALSE	NA	NA	NA	NA	NA	NA
NC_045512.2	1524	G	T	60	9	27	6	6	26	0.0779221	77	0.00888074	TRUE	NA	NA	NA	NA	NA	NA
NC_045512.2	1524	G	C	60	9	27	4	4	28	0.0519481	77	0.0414476	FALSE	NA	NA	NA	NA	NA	NA
NC_045512.2	1524	G	A	60	9	27	7	7	26	0.0909091	77	0.00416091	TRUE	NA	NA	NA	NA	NA	NA
NC_045512.2	1525	T	G	58	7	27	8	8	27	0.103896	77	0.0017123	TRUE	NA	NA	NA	NA	NA	NA
NC_045512.2	1525	T	C	58	7	27	3	3	27	0.038961	77	0.0858499	FALSE	NA	NA	NA	NA	NA	NA
NC_045512.2	1525	T	A	58	7	27	8	8	26	0.103896	77	0.0017123	TRUE	NA	NA	NA	NA	NA	NA
NC_045512.2	1526	G	T	62	12	27	5	5	27	0.0657895	76	0.0215538	FALSE	NA	NA	NA	NA	NA	NA
NC_045512.2	1526	G	C	62	12	27	2	2	25	0.0263158	76	0.210197	FALSE	NA	NA	NA	NA	NA	NA
NC_045512.2	1526	G	A	62	12	27	7	7	27	0.0921053	76	0.00491114	TRUE	NA	NA	NA	NA	NA	NA
NC_045512.2	1527	C	T	58	9	27	2	2	28	0.0266667	75	0.198631	FALSE	NA	NA	NA	NA	NA	NA
NC_045512.2	1527	C	G	58	9	27	7	7	26	0.0933333	75	0.00408052	TRUE	NA	NA	NA	NA	NA	NA
NC_045512.2	1527	C	A	58	9	27	8	8	26	0.106667	75	0.00192367	TRUE	NA	NA	NA	NA	NA	NA
NC_045512.2	1528	C	T	49	7	23	7	7	28	0.104478	67	0.0034623	TRUE	NA	NA	NA	NA	NA	NA
NC_045512.2	1528	C	G	49	7	23	4	4	28	0.0597015	67	0.0368762	FALSE	NA	NA	NA	NA	NA	NA
NC_045512.2	1528	C	A	49	7	23	7	7	27	0.104478	67	0.0034623	TRUE	NA	NA	NA	NA	NA	NA
NC_045512.2	1529	T	G	54	6	26	6	6	26	0.08	75	0.00697464	TRUE	NA	NA	NA	NA	NA	NA
NC_045512.2	1529	T	C	54	6	26	6	6	27	0.08	75	0.00697464	TRUE	NA	NA	NA	NA	NA	NA
NC_045512.2	1529	T	A	54	6	26	9	9	26	0.12	75	0.00066068	TRUE	NA	NA	NA	NA	NA	NA
NC_045512.2	1530	A	T	56	8	26	9	9	25	0.12	75	0.00078014	TRUE	NA	NA	NA	NA	NA	NA
NC_045512.2	1530	A	G	56	8	26	3	3	28	0.04	75	0.0848121	FALSE	NA	NA	NA	NA	NA	NA
NC_045512.2	1530	A	C	56	8	26	7	7	26	0.0933333	75	0.00359727	TRUE	NA	NA	NA	NA	NA	NA
NC_045512.2	1531	T	G	60	12	26	5	5	26	0.0649351	77	0.0191071	FALSE	NA	NA	NA	NA	NA	NA
NC_045512.2	1531	T	C	60	12	26	5	5	26	0.0649351	77	0.0191071	FALSE	NA	NA	NA	NA	NA	NA
NC_045512.2	1531	T	A	60	12	26	7	7	26	0.0909091	77	0.00416091	TRUE	NA	NA	NA	NA	NA	NA
NC_045512.2	1532	T	G	41	7	23	11	11	26	0.177419	62	0.000103898	TRUE	NA	NA	NA	NA	NA	NA
NC_045512.2	1532	T	C	41	7	23	5	5	27	0.0806452	62	0.0128941	FALSE	NA	NA	NA	NA	NA	NA
NC_045512.2	1532	T	A	41	7	23	5	5	27	0.0806452	62	0.0128941	FALSE	NA	NA	NA	NA	NA	NA
NC_045512.2	1533	G	T	53	10	26	8	8	27	0.109589	73	0.00150303	TRUE	NA	NA	NA	NA	NA	NA
NC_045512.2	1533	G	C	53	10	26	6	6	24	0.0821918	73	0.00720959	TRUE	NA	NA	NA	NA	NA	NA
NC_045512.2	1533	G	A	53	10	26	6	6	27	0.0821918	73	0.00720959	TRUE	NA	NA	NA	NA	NA	NA
NC_045512.2	1534	G	T	51	9	27	4	4	28	0.0555556	72	0.0340744	FALSE	NA	NA	NA	NA	NA	NA
NC_045512.2	1534	G	C	51	9	27	10	10	27	0.138889	72	0.000288975	TRUE	NA	NA	NA	NA	NA	NA
NC_045512.2	1534	G	A	51	9	27	7	6	25	0.0972222	72	0.00300826	TRUE	NA	NA	NA	NA	NA	NA
NC_045512.2	1535	G	T	38	8	23	6	6	24	0.103448	58	0.00556998	TRUE	NA	NA	NA	NA	NA	NA
NC_045512.2	1535	G	C	38	8	23	7	7	27	0.12069	58	0.00245734	TRUE	NA	NA	NA	NA	NA	NA
NC_045512.2	1535	G	A	38	8	23	7	7	27	0.12069	58	0.00245734	TRUE	NA	NA	NA	NA	NA	NA
NC_045512.2	1536	T	G	56	14	26	6	6	26	0.0833333	72	0.00896577	TRUE	NA	NA	NA	NA	NA	NA
NC_045512.2	1536	T	C	56	14	26	3	3	27	0.0416667	72	0.0908682	FALSE	NA	NA	NA	NA	NA	NA
NC_045512.2	1536	T	A	56	14	26	7	7	26	0.0972222	72	0.00421525	TRUE	NA	NA	NA	NA	NA	NA
NC_045512.2	1537	T	G	52	15	24	8	8	26	0.119403	67	0.00203726	TRUE	NA	NA	NA	NA	NA	NA
NC_045512.2	1537	T	C	52	15	24	1	1	30	0.0149254	67	0.445378	FALSE	NA	NA	NA	NA	NA	NA
NC_045512.2	1537	T	A	52	15	24	6	6	27	0.0895522	67	0.00906406	TRUE	NA	NA	NA	NA	NA	NA
NC_045512.2	1538	C	T	51	9	26	2	2	27	0.0285714	70	0.186696	FALSE	NA	NA	NA	NA	NA	NA
NC_045512.2	1538	C	G	51	9	26	11	11	26	0.157143	70	0.000160207	TRUE	NA	NA	NA	NA	NA	NA
NC_045512.2	1538	C	A	51	9	26	6	6	26	0.0857143	70	0.00736794	TRUE	NA	NA	NA	NA	NA	NA
NC_045512.2	1539	C	T	44	7	23	6	6	27	0.0909091	66	0.00564756	TRUE	NA	NA	NA	NA	NA	NA
NC_045512.2	1539	C	G	44	7	23	10	10	27	0.151515	66	0.000224922	TRUE	NA	NA	NA	NA	NA	NA
NC_045512.2	1539	C	A	44	7	23	6	6	27	0.0909091	66	0.00564756	TRUE	NA	NA	NA	NA	NA	NA
NC_045512.2	1540	A	T	55	13	27	7	7	28	0.0972222	72	0.00395341	TRUE	NA	NA	NA	NA	NA	NA
NC_045512.2	1540	A	G	55	13	27	7	7	26	0.0972222	72	0.00395341	TRUE	NA	NA	NA	NA	NA	NA
NC_045512.2	1540	A	C	55	13	27	3	3	26	0.0416667	72	0.0882851	FALSE	NA	NA	NA	NA	NA	NA
NC_045512.2	1541	C	T	51	10	27	5	5	25	0.0714286	70	0.016287	FALSE	NA	NA	NA	NA	NA	NA
NC_045512.2	1541	C	G	51	10	27	8	8	25	0.114286	70	0.001551	TRUE	NA	NA	NA	NA	NA	NA
NC_045512.2	1541	C	A	51	10	27	6	6	26	0.0857143	70	0.00736794	TRUE	NA	NA	NA	NA	NA	NA
NC_045512.2	1542	G	T	51	11	27	8	8	24	0.114286	70	0.001551	TRUE	NA	NA	NA	NA	NA	NA
NC_045512.2	1542	G	C	51	11	27	3	3	25	0.0428571	70	0.0819639	FALSE	NA	NA	NA	NA	NA	NA
NC_045512.2	1542	G	A	51	11	27	8	8	26	0.114286	70	0.001551	TRUE	NA	NA	NA	NA	NA	NA
NC_045512.2	1543	T	G	51	11	27	8	8	26	0.112676	71	0.00145482	TRUE	NA	NA	NA	NA	NA	NA
NC_045512.2	1543	T	C	51	11	27	9	9	25	0.126761	71	0.000671453	TRUE	NA	NA	NA	NA	NA	NA
NC_045512.2	1543	T	A	51	11	27	3	3	28	0.0422535	71	0.0799809	FALSE	NA	NA	NA	NA	NA	NA
NC_045512.2	1544	G	T	49	9	27	9	9	26	0.128571	70	0.000600872	TRUE	NA	NA	NA	NA	NA	NA
NC_045512.2	1544	G	C	49	9	27	5	5	25	0.0714286	70	0.0146364	FALSE	NA	NA	NA	NA	NA	NA
NC_045512.2	1544	G	A	49	9	27	7	7	26	0.1	70	0.0029084	TRUE	NA	NA	NA	NA	NA	NA
NC_045512.2	1545	C	T	53	13	26	3	3	25	0.0434783	69	0.0893836	FALSE	NA	NA	NA	NA	NA	NA
NC_045512.2	1545	C	G	53	13	26	7	7	25	0.101449	69	0.00408573	TRUE	NA	NA	NA	NA	NA	NA
NC_045512.2	1545	C	A	53	13	26	6	6	26	0.0869565	69	0.00871622	TRUE	NA	NA	NA	NA	NA	NA
NC_045512.2	1546	T	G	52	13	27	4	4	28	0.0597015	67	0.0418164	FALSE	NA	NA	NA	NA	NA	NA
NC_045512.2	1546	T	C	52	13	27	8	8	26	0.119403	67	0.00203726	TRUE	NA	NA	NA	NA	NA	NA
NC_045512.2	1546	T	A	52	13	27	3	3	27	0.0447761	67	0.0911001	FALSE	NA	NA	NA	NA	NA	NA
NC_045512.2	1547	A	T	47	8	27	6	6	28	0.0857143	70	0.00567957	TRUE	NA	NA	NA	NA	NA	NA
NC_045512.2	1547	A	G	47	8	27	9	9	25	0.128571	70	0.000495477	TRUE	NA	NA	NA	NA	NA	NA
NC_045512.2	1547	A	C	47	8	27	8	8	27	0.114286	70	0.00110597	TRUE	NA	NA	NA	NA	NA	NA
NC_045512.2	1548	G	T	46	7	27	12	12	26	0.173913	69	4.58034e-05	TRUE	NA	NA	NA	NA	NA	NA
NC_045512.2	1548	G	C	46	7	27	3	3	28	0.0434783	69	0.0708261	FALSE	NA	NA	NA	NA	NA	NA
NC_045512.2	1548	G	A	46	7	27	8	8	26	0.115942	69	0.00108057	TRUE	NA	NA	NA	NA	NA	NA
NC_045512.2	1549	C	T	47	8	27	8	8	25	0.112676	71	0.00103519	TRUE	NA	NA	NA	NA	NA	NA
NC_045512.2	1549	C	G	47	8	27	9	9	26	0.126761	71	0.000460085	TRUE	NA	NA	NA	NA	NA	NA
NC_045512.2	1549	C	A	47	8	27	7	7	26	0.0985915	71	0.00235271	TRUE	NA	NA	NA	NA	NA	NA
NC_045512.2	1550	G	T	47	8	27	11	11	26	0.157143	70	0.000102365	TRUE	NA	NA	NA	NA	NA	NA
NC_045512.2	1550	G	C	47	8	27	5	5	27	0.0714286	70	0.0130737	FALSE	NA	NA	NA	NA	NA	NA
NC_045512.2	1550	G	A	47	8	27	7	7	26	0.1	70	0.00249347	TRUE	NA	NA	NA	NA	NA	NA
NC_045512.2	1551	C	T	48	9	27	8	8	26	0.112676	71	0.00113104	TRUE	NA	NA	NA	NA	NA	NA
NC_045512.2	1551	C	G	48	9	27	5	5	25	0.0704225	71	0.0132812	FALSE	NA	NA	NA	NA	NA	NA
NC_045512.2	1551	C	A	48	9	27	10	10	27	0.140845	71	0.000230021	TRUE	NA	NA	NA	NA	NA	NA
NC_045512.2	1552	T	G	48	10	27	10	9	26	0.138889	72	0.00021219	TRUE	NA	NA	NA	NA	NA	NA
NC_045512.2	1552	T	C	48	10	27	11	11	26	0.152778	72	9.63018e-05	TRUE	NA	NA	NA	NA	NA	NA
NC_045512.2	1552	T	A	48	10	27	3	3	27	0.0416667	72	0.0705358	FALSE	NA	NA	NA	NA	NA	NA
NC_045512.2	1553	A	T	49	10	27	10	10	25	0.142857	70	0.000276965	TRUE	NA	NA	NA	NA	NA	NA
NC_045512.2	1553	A	G	49	10	27	5	5	26	0.0714286	70	0.0146364	FALSE	NA	NA	NA	NA	NA	NA
NC_045512.2	1553	A	C	49	10	27	6	6	27	0.0857143	70	0.00649196	TRUE	NA	NA	NA	NA	NA	NA
NC_045512.2	1554	A	T	53	15	24	4	4	26	0.057971	69	0.0407589	FALSE	NA	NA	NA	NA	NA	NA
NC_045512.2	1554	A	G	53	15	24	4	4	25	0.057971	69	0.0407589	FALSE	NA	NA	NA	NA	NA	NA
NC_045512.2	1554	A	C	53	15	24	8	8	27	0.115942	69	0.00193201	TRUE	NA	NA	NA	NA	NA	NA
NC_045512.2	1555	C	T	45	6	27	15	15	26	0.211268	71	3.14637e-06	TRUE	NA	NA	NA	NA	NA	NA
NC_045512.2	1555	C	G	45	6	27	2	2	28	0.028169	71	0.159299	FALSE	NA	NA	NA	NA	NA	NA
NC_045512.2	1555	C	A	45	6	27	9	9	27	0.126761	71	0.000374783	TRUE	NA	NA	NA	NA	NA	NA
NC_045512.2	1556	A	T	46	7	27	10	10	27	0.140845	71	0.000184821	TRUE	NA	NA	NA	NA	NA	NA
NC_045512.2	1556	A	G	46	7	27	8	8	27	0.112676	71	0.000945105	TRUE	NA	NA	NA	NA	NA	NA
NC_045512.2	1556	A	C	46	7	27	7	7	27	0.0985915	71	0.00217024	TRUE	NA	NA	NA	NA	NA	NA
NC_045512.2	1557	T	G	53	14	27	4	4	28	0.056338	71	0.038222	FALSE	NA	NA	NA	NA	NA	NA
NC_045512.2	1557	T	C	53	14	27	3	3	28	0.0422535	71	0.0851613	FALSE	NA	NA	NA	NA	NA	NA
NC_045512.2	1557	T	A	53	14	27	11	11	26	0.15493	71	0.000180901	TRUE	NA	NA	NA	NA	NA	NA
NC_045512.2	1558	A	T	47	8	27	12	12	27	0.166667	72	3.88444e-05	TRUE	NA	NA	NA	NA	NA	NA
NC_045512.2	1558	A	G	47	8	27	7	7	24	0.0972222	72	0.00222096	TRUE	NA	NA	NA	NA	NA	NA
NC_045512.2	1558	A	C	47	8	27	6	6	25	0.0833333	72	0.00514111	TRUE	NA	NA	NA	NA	NA	NA
NC_045512.2	1559	G	T	53	14	26	11	11	25	0.148649	74	0.000140459	TRUE	NA	NA	NA	NA	NA	NA
NC_045512.2	1559	G	C	53	14	26	5	5	28	0.0675676	74	0.0153968	FALSE	NA	NA	NA	NA	NA	NA
NC_045512.2	1559	G	A	53	14	26	5	5	26	0.0675676	74	0.0153968	FALSE	NA	NA	NA	NA	NA	NA
NC_045512.2	1560	G	T	49	13	23	7	7	25	0.101449	69	0.00308093	TRUE	NA	NA	NA	NA	NA	NA
NC_045512.2	1560	G	C	49	13	23	6	6	25	0.0869565	69	0.00682206	TRUE	NA	NA	NA	NA	NA	NA
NC_045512.2	1560	G	A	49	13	23	7	7	28	0.101449	69	0.00308093	TRUE	NA	NA	NA	NA	NA	NA
NC_045512.2	1561	T	G	56	17	27	8	8	26	0.101266	79	0.00131955	TRUE	NA	NA	NA	NA	NA	NA
NC_045512.2	1561	T	C	56	17	27	13	13	25	0.164557	79	2.77702e-05	TRUE	NA	NA	NA	NA	NA	NA
NC_045512.2	1561	T	A	56	17	27	2	2	23	0.0253165	79	0.180065	FALSE	NA	NA	NA	NA	NA	NA
NC_045512.2	1562	T	G	50	16	23	14	14	26	0.181818	77	7.35154e-06	TRUE	NA	NA	NA	NA	NA	NA
NC_045512.2	1562	T	C	50	16	23	8	8	26	0.103896	77	0.000919916	TRUE	NA	NA	NA	NA	NA	NA
NC_045512.2	1562	T	A	50	16	23	5	5	23	0.0649351	77	0.0116893	FALSE	NA	NA	NA	NA	NA	NA
NC_045512.2	1563	G	T	55	16	26	12	12	27	0.144578	83	3.78054e-05	TRUE	NA	NA	NA	NA	NA	NA
NC_045512.2	1563	G	C	55	16	26	6	6	26	0.0722892	83	0.00519946	TRUE	NA	NA	NA	NA	NA	NA
NC_045512.2	1563	G	A	55	16	26	10	10	25	0.120482	83	0.000188531	TRUE	NA	NA	NA	NA	NA	NA
NC_045512.2	1564	T	G	56	17	26	8	8	26	0.097561	82	0.00111161	TRUE	NA	NA	NA	NA	NA	NA
NC_045512.2	1564	T	C	56	17	26	6	6	25	0.0731707	82	0.00575655	TRUE	NA	NA	NA	NA	NA	NA
NC_045512.2	1564	T	A	56	17	26	12	12	24	0.146341	82	4.59066e-05	TRUE	NA	NA	NA	NA	NA	NA
NC_045512.2	1565	A	T	52	14	27	9	9	27	0.113924	79	0.000423221	TRUE	NA	NA	NA	NA	NA	NA
NC_045512.2	1565	A	G	52	14	27	13	13	25	0.164557	79	1.71562e-05	TRUE	NA	NA	NA	NA	NA	NA
NC_045512.2	1565	A	C	52	14	27	5	5	28	0.0632911	79	0.012077	FALSE	NA	NA	NA	NA	NA	NA
NC_045512.2	1566	A	T	48	13	23	12	12	25	0.15	80	2.10007e-05	TRUE	NA	NA	NA	NA	NA	NA
NC_045512.2	1566	A	G	48	13	23	16	16	25	0.2	80	7.98923e-07	TRUE	NA	NA	NA	NA	NA	NA
NC_045512.2	1566	A	C	48	13	23	4	4	28	0.05	80	0.023106	FALSE	NA	NA	NA	NA	NA	NA
NC_045512.2	1567	C	T	48	11	26	9	9	26	0.115385	78	0.000308401	TRUE	NA	NA	NA	NA	NA	NA
NC_045512.2	1567	C	G	48	11	26	13	13	27	0.166667	78	1.11277e-05	TRUE	NA	NA	NA	NA	NA	NA
NC_045512.2	1567	C	A	48	11	26	8	8	25	0.102564	78	0.000725013	TRUE	NA	NA	NA	NA	NA	NA
NC_045512.2	1568	C	T	45	10	23	13	13	26	0.166667	78	7.21224e-06	TRUE	NA	NA	NA	NA	NA	NA
NC_045512.2	1568	C	G	45	10	23	13	13	25	0.166667	78	7.21224e-06	TRUE	NA	NA	NA	NA	NA	NA
NC_045512.2	1568	C	A	45	10	23	7	7	27	0.0897436	78	0.00133852	TRUE	NA	NA	NA	NA	NA	NA
NC_045512.2	1569	A	T	46	9	27	11	11	26	0.1375	80	3.7895e-05	TRUE	NA	NA	NA	NA	NA	NA
NC_045512.2	1569	A	G	46	9	27	13	13	24	0.1625	80	6.85903e-06	TRUE	NA	NA	NA	NA	NA	NA
NC_045512.2	1569	A	C	46	9	27	10	10	25	0.125	80	9.04162e-05	TRUE	NA	NA	NA	NA	NA	NA
NC_045512.2	1570	T	G	56	19	26	15	15	26	0.1875	80	5.63287e-06	TRUE	NA	NA	NA	NA	NA	NA
NC_045512.2	1570	T	C	56	19	26	5	5	27	0.0625	80	0.0142677	FALSE	NA	NA	NA	NA	NA	NA
NC_045512.2	1570	T	A	56	19	26	4	4	26	0.05	80	0.0327456	FALSE	NA	NA	NA	NA	NA	NA
NC_045512.2	1570	T	-A	56	19	26	1	0	20	0.0125	80	0.419118	FALSE	NA	NA	NA	NA	NA	NA
NC_045512.2	1571	A	T	40	7	27	8	8	28	0.126984	63	0.000921025	TRUE	NA	NA	NA	NA	NA	NA
NC_045512.2	1571	A	G	40	7	27	12	12	26	0.190476	63	3.73669e-05	TRUE	NA	NA	NA	NA	NA	NA
NC_045512.2	1571	A	C	40	7	27	3	3	28	0.047619	63	0.0658327	FALSE	NA	NA	NA	NA	NA	NA
NC_045512.2	1572	C	T	40	7	27	14	14	26	0.215385	65	6.22018e-06	TRUE	NA	NA	NA	NA	NA	NA
NC_045512.2	1572	C	G	40	7	27	5	5	27	0.0769231	65	0.0104577	FALSE	NA	NA	NA	NA	NA	NA
NC_045512.2	1572	C	A	40	7	27	6	6	26	0.0923077	65	0.00437323	TRUE	NA	NA	NA	NA	NA	NA
NC_045512.2	1573	A	T	37	4	27	7	7	27	0.111111	63	0.00157244	TRUE	NA	NA	NA	NA	NA	NA
NC_045512.2	1573	A	G	37	4	27	7	7	26	0.111111	63	0.00157244	TRUE	NA	NA	NA	NA	NA	NA
NC_045512.2	1573	A	C	37	4	27	12	12	27	0.190476	63	2.33954e-05	TRUE	NA	NA	NA	NA	NA	NA
NC_045512.2	1574	G	T	47	14	27	4	4	26	0.0606061	66	0.034901	FALSE	NA	NA	NA	NA	NA	NA
NC_045512.2	1574	G	C	47	14	27	9	9	28	0.136364	66	0.000670626	TRUE	NA	NA	NA	NA	NA	NA
NC_045512.2	1574	G	A	47	14	27	6	6	25	0.0909091	66	0.00696706	TRUE	NA	NA	NA	NA	NA	NA
NC_045512.2	1575	G	T	38	7	23	10	10	26	0.15873	63	0.000139468	TRUE	NA	NA	NA	NA	NA	NA
NC_045512.2	1575	G	C	38	7	23	9	9	27	0.142857	63	0.000319614	TRUE	NA	NA	NA	NA	NA	NA
NC_045512.2	1575	G	A	38	7	23	6	6	27	0.0952381	63	0.00413801	TRUE	NA	NA	NA	NA	NA	NA
NC_045512.2	1576	T	G	43	10	27	6	6	26	0.0895522	67	0.00496985	TRUE	NA	NA	NA	NA	NA	NA
NC_045512.2	1576	T	C	43	10	27	8	8	27	0.119403	67	0.00093377	TRUE	NA	NA	NA	NA	NA	NA
NC_045512.2	1576	T	A	43	10	27	10	10	26	0.149254	67	0.000183269	TRUE	NA	NA	NA	NA	NA	NA
NC_045512.2	1577	G	T	39	8	26	10	10	26	0.16129	62	0.000175229	TRUE	NA	NA	NA	NA	NA	NA
NC_045512.2	1577	G	C	39	8	26	6	6	27	0.0967742	62	0.00477463	TRUE	NA	NA	NA	NA	NA	NA
NC_045512.2	1577	G	A	39	8	26	7	7	26	0.112903	62	0.00205264	TRUE	NA	NA	NA	NA	NA	NA
NC_045512.2	1577	G	-T	39	8	26	1	0	20	0.016129	62	0.39604	FALSE	NA	NA	NA	NA	NA	NA
NC_045512.2	1578	T	G	41	11	27	7	7	27	0.114754	61	0.00247104	TRUE	NA	NA	NA	NA	NA	NA
NC_045512.2	1578	T	C	41	11	27	7	7	26	0.114754	61	0.00247104	TRUE	NA	NA	NA	NA	NA	NA
NC_045512.2	1578	T	A	41	11	27	6	6	25	0.0983607	61	0.00561132	TRUE	NA	NA	NA	NA	NA	NA
NC_045512.2	1579	T	G	45	16	23	3	3	26	0.0491803	61	0.0847195	FALSE	NA	NA	NA	NA	NA	NA
NC_045512.2	1579	T	C	45	16	23	2	2	29	0.0327869	61	0.190619	FALSE	NA	NA	NA	NA	NA	NA
NC_045512.2	1579	T	A	45	16	23	11	11	27	0.180328	61	0.000189428	TRUE	NA	NA	NA	NA	NA	NA
NC_045512.2	1580	G	T	43	13	26	10	10	26	0.163934	61	0.000314053	TRUE	NA	NA	NA	NA	NA	NA
NC_045512.2	1580	G	C	43	13	26	5	5	27	0.0819672	61	0.0153612	FALSE	NA	NA	NA	NA	NA	NA
NC_045512.2	1580	G	A	43	13	26	3	3	30	0.0491803	61	0.0786855	FALSE	NA	NA	NA	NA	NA	NA
NC_045512.2	1581	T	G	46	17	26	13	13	26	0.203125	64	3.68502e-05	TRUE	NA	NA	NA	NA	NA	NA
NC_045512.2	1581	T	C	46	17	26	5	5	24	0.078125	64	0.0160014	FALSE	NA	NA	NA	NA	NA	NA
NC_045512.2	1582	T	G	31	10	23	14	14	26	0.245614	57	3.25301e-06	TRUE	NA	NA	NA	NA	NA	NA
NC_045512.2	1582	T	C	31	10	23	9	9	25	0.157895	57	0.000210898	TRUE	NA	NA	NA	NA	NA	NA
NC_045512.2	1582	T	A	31	10	23	3	3	28	0.0526316	57	0.0509363	FALSE	NA	NA	NA	NA	NA	NA
NC_045512.2	1583	G	T	37	8	26	14	14	25	0.21875	64	4.13495e-06	TRUE	NA	NA	NA	NA	NA	NA
NC_045512.2	1583	G	C	37	8	26	11	11	25	0.171875	64	4.77458e-05	TRUE	NA	NA	NA	NA	NA	NA
NC_045512.2	1583	G	A	37	8	26	2	2	23	0.03125	64	0.143856	FALSE	NA	NA	NA	NA	NA	NA
NC_045512.2	1584	G	T	33	7	23	11	11	25	0.180328	61	3.43847e-05	TRUE	NA	NA	NA	NA	NA	NA
NC_045512.2	1584	G	C	33	7	23	11	11	26	0.180328	61	3.43847e-05	TRUE	NA	NA	NA	NA	NA	NA
NC_045512.2	1584	G	A	33	7	23	6	6	26	0.0983607	61	0.00291168	TRUE	NA	NA	NA	NA	NA	NA
NC_045512.2	1585	A	T	25	3	26	15	15	25	0.288462	52	7.3358e-07	TRUE	NA	NA	NA	NA	NA	NA
NC_045512.2	1585	A	G	25	3	26	8	8	26	0.153846	52	0.000318479	TRUE	NA	NA	NA	NA	NA	NA
NC_045512.2	1585	A	C	25	3	26	4	4	25	0.0769231	52	0.0150173	FALSE	NA	NA	NA	NA	NA	NA
NC_045512.2	1586	G	T	27	6	25	13	13	27	0.26	50	8.55843e-06	TRUE	NA	NA	NA	NA	NA	NA
NC_045512.2	1586	G	C	27	6	25	8	8	25	0.16	50	0.000539872	TRUE	NA	NA	NA	NA	NA	NA
NC_045512.2	1586	G	A	27	6	25	2	2	25	0.04	50	0.135198	FALSE	NA	NA	NA	NA	NA	NA
NC_045512.2	1587	A	T	23	4	26	9	9	28	0.183673	49	0.000120952	TRUE	NA	NA	NA	NA	NA	NA
NC_045512.2	1587	A	G	23	4	26	11	11	25	0.22449	49	2.04318e-05	TRUE	NA	NA	NA	NA	NA	NA
NC_045512.2	1587	A	C	23	4	26	6	6	26	0.122449	49	0.00200351	TRUE	NA	NA	NA	NA	NA	NA
NC_045512.2	1588	A	T	18	5	23	8	8	25	0.186047	43	0.000211346	TRUE	NA	NA	NA	NA	NA	NA
NC_045512.2	1588	A	G	18	5	23	12	12	26	0.27907	43	5.62987e-06	TRUE	NA	NA	NA	NA	NA	NA
NC_045512.2	1588	A	C	18	5	23	5	5	27	0.116279	43	0.00407378	TRUE	NA	NA	NA	NA	NA	NA
NC_045512.2	1589	G	T	30	13	26	7	7	27	0.152174	46	0.00270808	TRUE	NA	NA	NA	NA	NA	NA
NC_045512.2	1589	G	C	30	13	26	2	2	24	0.0434783	46	0.169515	FALSE	NA	NA	NA	NA	NA	NA
NC_045512.2	1589	G	A	30	13	26	7	7	26	0.152174	46	0.00270808	TRUE	NA	NA	NA	NA	NA	NA
NC_045512.2	1590	G	T	23	10	23	7	7	26	0.162791	43	0.00138197	TRUE	NA	NA	NA	NA	NA	NA
NC_045512.2	1590	G	C	23	10	23	3	3	26	0.0697674	43	0.0518796	FALSE	NA	NA	NA	NA	NA	NA
NC_045512.2	1590	G	A	23	10	23	10	10	26	0.232558	43	0.000111663	TRUE	NA	NA	NA	NA	NA	NA
NC_045512.2	1591	T	G	25	8	26	12	12	24	0.26087	46	2.23599e-05	TRUE	NA	NA	NA	NA	NA	NA
NC_045512.2	1591	T	C	25	8	26	4	4	27	0.0869565	46	0.0206418	FALSE	NA	NA	NA	NA	NA	NA
NC_045512.2	1591	T	A	25	8	26	5	5	26	0.108696	46	0.00825672	TRUE	NA	NA	NA	NA	NA	NA
NC_045512.2	1592	T	G	23	9	24	10	10	25	0.227273	44	9.69706e-05	TRUE	NA	NA	NA	NA	NA	NA
NC_045512.2	1592	T	C	23	9	24	7	7	25	0.159091	44	0.00124946	TRUE	NA	NA	NA	NA	NA	NA
NC_045512.2	1592	T	A	23	9	24	4	4	26	0.0909091	44	0.0191407	FALSE	NA	NA	NA	NA	NA	NA
NC_045512.2	1593	C	T	29	12	26	3	3	23	0.0638298	47	0.065198	FALSE	NA	NA	NA	NA	NA	NA
NC_045512.2	1593	C	G	29	12	26	8	8	27	0.170213	47	0.000978825	TRUE	NA	NA	NA	NA	NA	NA
NC_045512.2	1593	C	A	29	12	26	7	7	25	0.148936	47	0.00219574	TRUE	NA	NA	NA	NA	NA	NA
NC_045512.2	1594	C	T	19	6	23	12	12	26	0.285714	42	9.18557e-06	TRUE	NA	NA	NA	NA	NA	NA
NC_045512.2	1594	C	G	19	6	23	6	6	26	0.142857	42	0.00194918	TRUE	NA	NA	NA	NA	NA	NA
NC_045512.2	1594	C	A	19	6	23	5	5	26	0.119048	42	0.00514583	TRUE	NA	NA	NA	NA	NA	NA
NC_045512.2	1595	G	T	32	16	26	7	7	27	0.148936	47	0.00311617	TRUE	NA	NA	NA	NA	NA	NA
NC_045512.2	1595	G	C	32	16	26	5	5	27	0.106383	47	0.0150131	FALSE	NA	NA	NA	NA	NA	NA
NC_045512.2	1595	G	A	32	16	26	3	3	30	0.0638298	47	0.0767112	FALSE	NA	NA	NA	NA	NA	NA
NC_045512.2	1596	A	T	19	4	26	10	10	26	0.222222	45	3.22376e-05	TRUE	NA	NA	NA	NA	NA	NA
NC_045512.2	1596	A	G	19	4	26	9	9	27	0.2	45	8.11498e-05	TRUE	NA	NA	NA	NA	NA	NA
NC_045512.2	1596	A	C	19	4	26	7	7	24	0.155556	45	0.000548727	TRUE	NA	NA	NA	NA	NA	NA
NC_045512.2	1597	A	T	14	3	24	14	14	26	0.333333	42	2.59481e-07	TRUE	NA	NA	NA	NA	NA	NA
NC_045512.2	1597	A	G	14	3	24	9	9	27	0.214286	42	2.96722e-05	TRUE	NA	NA	NA	NA	NA	NA
NC_045512.2	1597	A	C	14	3	24	5	5	26	0.119048	42	0.00212908	TRUE	NA	NA	NA	NA	NA	NA
NC_045512.2	1598	G	T	30	15	26	13	13	26	0.288889	45	3.57451e-05	TRUE	NA	NA	NA	NA	NA	NA
NC_045512.2	1598	G	C	30	15	26	1	1	27	0.0222222	45	0.413333	FALSE	NA	NA	NA	NA	NA	NA
NC_045512.2	1598	G	A	30	15	26	1	1	27	0.0222222	45	0.413333	FALSE	NA	NA	NA	NA	NA	NA
NC_045512.2	1599	G	T	24	10	24	15	15	26	0.333333	45	2.06649e-06	TRUE	NA	NA	NA	NA	NA	NA
NC_045512.2	1599	G	C	24	10	24	4	4	25	0.0888889	45	0.019902	FALSE	NA	NA	NA	NA	NA	NA
NC_045512.2	1599	G	A	24	10	24	2	2	25	0.0444444	45	0.134576	FALSE	NA	NA	NA	NA	NA	NA
NC_045512.2	1600	T	G	31	16	26	9	9	27	0.2	45	0.000742764	TRUE	NA	NA	NA	NA	NA	NA
NC_045512.2	1600	T	C	31	16	26	4	4	26	0.0888889	45	0.0348486	FALSE	NA	NA	NA	NA	NA	NA
NC_045512.2	1600	T	A	31	16	26	1	1	25	0.0222222	45	0.421053	FALSE	NA	NA	NA	NA	NA	NA
NC_045512.2	1601	C	T	20	6	26	19	19	26	0.422222	45	2.69633e-08	TRUE	NA	NA	NA	NA	NA	NA
NC_045512.2	1601	C	G	20	6	26	3	3	25	0.0666667	45	0.036969	FALSE	NA	NA	NA	NA	NA	NA
NC_045512.2	1601	C	A	20	6	26	3	3	28	0.0666667	45	0.036969	FALSE	NA	NA	NA	NA	NA	NA
NC_045512.2	1602	T	G	21	8	26	11	11	26	0.255814	43	3.08684e-05	TRUE	NA	NA	NA	NA	NA	NA
NC_045512.2	1602	T	C	21	8	26	9	9	27	0.209302	43	0.000168096	TRUE	NA	NA	NA	NA	NA	NA
NC_045512.2	1602	T	A	21	8	26	2	2	25	0.0465116	43	0.121635	FALSE	NA	NA	NA	NA	NA	NA
NC_045512.2	1603	T	G	25	13	23	3	3	27	0.0714286	42	0.0625262	FALSE	NA	NA	NA	NA	NA	NA
NC_045512.2	1603	T	C	25	13	23	10	10	27	0.238095	42	0.000192325	TRUE	NA	NA	NA	NA	NA	NA
NC_045512.2	1603	T	A	25	13	23	4	4	27	0.0952381	42	0.0259037	FALSE	NA	NA	NA	NA	NA	NA
NC_045512.2	1604	A	T	16	3	26	12	12	25	0.285714	42	3.4511e-06	TRUE	NA	NA	NA	NA	NA	NA
NC_045512.2	1604	A	G	16	3	26	4	4	26	0.0952381	42	0.00928419	TRUE	NA	NA	NA	NA	NA	NA
NC_045512.2	1604	A	C	16	3	26	10	10	27	0.238095	42	2.14187e-05	TRUE	NA	NA	NA	NA	NA	NA
NC_045512.2	1605	A	T	18	6	23	14	14	25	0.325581	43	1.03384e-06	TRUE	NA	NA	NA	NA	NA	NA
NC_045512.2	1605	A	G	18	6	23	4	4	24	0.0930233	43	0.0115129	FALSE	NA	NA	NA	NA	NA	NA
NC_045512.2	1605	A	C	18	6	23	7	7	28	0.162791	43	0.000552752	TRUE	NA	NA	NA	NA	NA	NA
NC_045512.2	1606	T	G	33	20	26	3	3	26	0.0697674	43	0.0938535	FALSE	NA	NA	NA	NA	NA	NA
NC_045512.2	1606	T	C	33	20	26	3	3	26	0.0697674	43	0.0938535	FALSE	NA	NA	NA	NA	NA	NA
NC_045512.2	1606	T	A	33	20	26	4	4	27	0.0930233	43	0.0439567	FALSE	NA	NA	NA	NA	NA	NA
NC_045512.2	1607	G	T	21	10	26	9	9	27	0.219512	41	0.000219997	TRUE	NA	NA	NA	NA	NA	NA
NC_045512.2	1607	G	C	21	10	26	4	4	24	0.097561	41	0.0186843	FALSE	NA	NA	NA	NA	NA	NA
NC_045512.2	1607	G	A	21	10	26	7	7	25	0.170732	41	0.00122136	TRUE	NA	NA	NA	NA	NA	NA
NC_045512.2	1608	A	T	16	6	26	14	14	25	0.35	40	9.4062e-07	TRUE	NA	NA	NA	NA	NA	NA
NC_045512.2	1608	A	G	16	6	26	9	9	27	0.225	40	7.41805e-05	TRUE	NA	NA	NA	NA	NA	NA
NC_045512.2	1608	A	C	16	6	26	1	1	24	0.025	40	0.303571	FALSE	NA	NA	NA	NA	NA	NA
NC_045512.2	1609	C	T	15	5	25	13	13	25	0.317073	41	1.19361e-06	TRUE	NA	NA	NA	NA	NA	NA
NC_045512.2	1609	C	G	15	5	25	11	11	26	0.268293	41	7.19326e-06	TRUE	NA	NA	NA	NA	NA	NA
NC_045512.2	1609	C	A	15	5	25	2	2	26	0.0487805	41	0.085213	FALSE	NA	NA	NA	NA	NA	NA
NC_045512.2	1610	A	T	16	8	25	11	11	25	0.282051	39	1.45664e-05	TRUE	NA	NA	NA	NA	NA	NA
NC_045512.2	1610	A	G	16	8	25	9	8	26	0.230769	39	8.63192e-05	TRUE	NA	NA	NA	NA	NA	NA
NC_045512.2	1610	A	C	16	8	25	3	3	26	0.0769231	39	0.0331169	FALSE	NA	NA	NA	NA	NA	NA
NC_045512.2	1611	A	T	6	2	24	17	17	27	0.485714	35	7.22875e-10	TRUE	NA	NA	NA	NA	NA	NA
NC_045512.2	1611	A	G	6	2	24	10	10	25	0.285714	35	7.79574e-07	TRUE	NA	NA	NA	NA	NA	NA
NC_045512.2	1611	A	C	6	2	24	2	2	25	0.0571429	35	0.0325203	FALSE	NA	NA	NA	NA	NA	NA
NC_045512.2	1612	C	T	14	5	24	8	8	25	0.205128	39	0.000124977	TRUE	NA	NA	NA	NA	NA	NA
NC_045512.2	1612	C	G	14	5	24	14	14	25	0.358974	39	5.18211e-07	TRUE	NA	NA	NA	NA	NA	NA
NC_045512.2	1612	C	A	14	5	24	3	3	27	0.0769231	39	0.0259196	FALSE	NA	NA	NA	NA	NA	NA
NC_045512.2	1613	C	T	13	7	24	10	10	25	0.277778	36	2.19256e-05	TRUE	NA	NA	NA	NA	NA	NA
NC_045512.2	1613	C	G	13	7	24	12	12	26	0.333333	36	3.7162e-06	TRUE	NA	NA	NA	NA	NA	NA
NC_045512.2	1613	C	A	13	7	24	1	1	27	0.0277778	36	0.285714	FALSE	NA	NA	NA	NA	NA	NA
NC_045512.2	1614	T	G	26	17	25	8	8	27	0.205128	39	0.00151693	TRUE	NA	NA	NA	NA	NA	NA
NC_045512.2	1614	T	C	26	17	25	4	4	27	0.102564	39	0.0336512	FALSE	NA	NA	NA	NA	NA	NA
NC_045512.2	1614	T	A	26	17	25	1	1	28	0.025641	39	0.415385	FALSE	NA	NA	NA	NA	NA	NA
NC_045512.2	1615	T	G	24	15	24	8	8	25	0.2	40	0.000988643	TRUE	NA	NA	NA	NA	NA	NA
NC_045512.2	1615	T	C	24	15	24	7	7	25	0.175	40	0.00219355	TRUE	NA	NA	NA	NA	NA	NA
NC_045512.2	1615	T	A	24	15	24	1	1	28	0.025	40	0.390625	FALSE	NA	NA	NA	NA	NA	NA
NC_045512.2	1616	C	T	17	8	26	10	10	27	0.25	40	3.99861e-05	TRUE	NA	NA	NA	NA	NA	NA
NC_045512.2	1616	C	G	17	8	26	11	11	27	0.275	40	1.67106e-05	TRUE	NA	NA	NA	NA	NA	NA
NC_045512.2	1616	C	A	17	8	26	2	2	28	0.05	40	0.103448	FALSE	NA	NA	NA	NA	NA	NA
NC_045512.2	1617	T	G	20	11	25	7	7	28	0.175	40	0.00114027	TRUE	NA	NA	NA	NA	NA	NA
NC_045512.2	1617	T	C	20	11	25	11	11	25	0.275	40	3.91305e-05	TRUE	NA	NA	NA	NA	NA	NA
NC_045512.2	1617	T	A	20	11	25	2	2	26	0.05	40	0.12623	FALSE	NA	NA	NA	NA	NA	NA
NC_045512.2	1618	T	G	20	13	25	3	3	28	0.0810811	37	0.0544772	FALSE	NA	NA	NA	NA	NA	NA
NC_045512.2	1618	T	C	20	13	25	10	10	26	0.27027	37	0.000142407	TRUE	NA	NA	NA	NA	NA	NA
NC_045512.2	1618	T	A	20	13	25	4	4	25	0.108108	37	0.0217909	FALSE	NA	NA	NA	NA	NA	NA
NC_045512.2	1619	G	T	17	8	26	8	8	26	0.210526	38	0.000319889	TRUE	NA	NA	NA	NA	NA	NA
NC_045512.2	1619	G	C	17	8	26	3	3	29	0.0789474	38	0.038961	FALSE	NA	NA	NA	NA	NA	NA
NC_045512.2	1619	G	A	17	8	26	10	10	26	0.263158	38	5.56949e-05	TRUE	NA	NA	NA	NA	NA	NA
NC_045512.2	1620	A	T	21	12	26	8	8	27	0.216216	37	0.000850371	TRUE	NA	NA	NA	NA	NA	NA
NC_045512.2	1620	A	G	21	12	26	4	4	27	0.108108	37	0.0242404	FALSE	NA	NA	NA	NA	NA	NA
NC_045512.2	1620	A	C	21	12	26	4	4	26	0.108108	37	0.0242404	FALSE	NA	NA	NA	NA	NA	NA
NC_045512.2	1621	A	T	21	12	26	8	8	25	0.205128	39	0.000658066	TRUE	NA	NA	NA	NA	NA	NA
NC_045512.2	1621	A	G	21	12	26	1	1	29	0.025641	39	0.366667	FALSE	NA	NA	NA	NA	NA	NA
NC_045512.2	1621	A	C	21	12	26	9	9	28	0.230769	39	0.000290323	TRUE	NA	NA	NA	NA	NA	NA
NC_045512.2	1622	A	T	24	15	25	6	6	27	0.15	40	0.00495318	TRUE	NA	NA	NA	NA	NA	NA
NC_045512.2	1622	A	G	24	15	25	4	4	26	0.1	40	0.026713	FALSE	NA	NA	NA	NA	NA	NA
NC_045512.2	1622	A	C	24	15	25	6	6	26	0.15	40	0.00495318	TRUE	NA	NA	NA	NA	NA	NA
NC_045512.2	1623	T	G	17	8	27	3	3	26	0.075	40	0.0350672	FALSE	NA	NA	NA	NA	NA	NA
NC_045512.2	1623	T	C	17	8	27	9	9	26	0.225	40	9.77437e-05	TRUE	NA	NA	NA	NA	NA	NA
NC_045512.2	1623	T	A	17	8	27	11	11	27	0.275	40	1.67106e-05	TRUE	NA	NA	NA	NA	NA	NA
NC_045512.2	1624	A	T	21	12	25	7	7	26	0.175	40	0.00136152	TRUE	NA	NA	NA	NA	NA	NA
NC_045512.2	1624	A	G	21	12	25	6	6	28	0.15	40	0.00325791	TRUE	NA	NA	NA	NA	NA	NA
NC_045512.2	1624	A	C	21	12	25	6	6	28	0.15	40	0.00325791	TRUE	NA	NA	NA	NA	NA	NA
NC_045512.2	1625	C	T	13	4	27	7	7	26	0.175	40	0.000227232	TRUE	NA	NA	NA	NA	NA	NA
NC_045512.2	1625	C	G	13	4	27	5	5	25	0.125	40	0.00204628	TRUE	NA	NA	NA	NA	NA	NA
NC_045512.2	1625	C	A	13	4	27	15	15	27	0.375	40	1.08283e-07	TRUE	NA	NA	NA	NA	NA	NA
NC_045512.2	1626	T	G	18	9	27	11	11	27	0.275	40	2.25675e-05	TRUE	NA	NA	NA	NA	NA	NA
NC_045512.2	1626	T	C	18	9	27	6	6	27	0.15	40	0.00198094	TRUE	NA	NA	NA	NA	NA	NA
NC_045512.2	1626	T	A	18	9	27	5	5	28	0.125	40	0.00519997	TRUE	NA	NA	NA	NA	NA	NA
NC_045512.2	1627	C	T	13	4	26	11	11	27	0.275	40	4.05356e-06	TRUE	NA	NA	NA	NA	NA	NA
NC_045512.2	1627	C	G	13	4	26	7	7	29	0.175	40	0.000227232	TRUE	NA	NA	NA	NA	NA	NA
NC_045512.2	1627	C	A	13	4	26	9	9	26	0.225	40	2.86834e-05	TRUE	NA	NA	NA	NA	NA	NA
NC_045512.2	1628	C	T	9	4	24	10	10	27	0.277778	36	3.86023e-06	TRUE	NA	NA	NA	NA	NA	NA
NC_045512.2	1628	C	G	9	4	24	12	12	27	0.333333	36	5.26395e-07	TRUE	NA	NA	NA	NA	NA	NA
NC_045512.2	1628	C	A	9	4	24	5	5	29	0.138889	36	0.00104988	TRUE	NA	NA	NA	NA	NA	NA
NC_045512.2	1628	C	-A	9	4	24	3	0	20	0.0833333	36	0.0135677	FALSE	NA	NA	NA	NA	NA	NA
NC_045512.2	1629	A	T	6	2	26	9	9	27	0.272727	33	1.99766e-06	TRUE	NA	NA	NA	NA	NA	NA
NC_045512.2	1629	A	G	6	2	26	14	14	28	0.424242	33	8.90308e-09	TRUE	NA	NA	NA	NA	NA	NA
NC_045512.2	1629	A	C	6	2	26	4	4	27	0.121212	33	0.00140944	TRUE	NA	NA	NA	NA	NA	NA
NC_045512.2	1630	A	T	12	7	27	11	11	27	0.314286	35	7.32797e-06	TRUE	NA	NA	NA	NA	NA	NA
NC_045512.2	1630	A	G	12	7	27	6	6	27	0.171429	35	0.000911854	TRUE	NA	NA	NA	NA	NA	NA
NC_045512.2	1630	A	C	12	7	27	6	6	26	0.171429	35	0.000911854	TRUE	NA	NA	NA	NA	NA	NA
NC_045512.2	1631	A	T	9	4	27	7	7	27	0.205882	34	0.000133177	TRUE	NA	NA	NA	NA	NA	NA
NC_045512.2	1631	A	G	9	4	27	8	8	26	0.235294	34	4.52803e-05	TRUE	NA	NA	NA	NA	NA	NA
NC_045512.2	1631	A	C	9	4	27	10	10	25	0.294118	34	5.83931e-06	TRUE	NA	NA	NA	NA	NA	NA
NC_045512.2	1631	A	-A	9	4	27	1	0	20	0.0294118	34	0.232558	FALSE	NA	NA	NA	NA	NA	NA
NC_045512.2	1632	A	T	15	10	27	5	5	28	0.147059	34	0.00490244	TRUE	NA	NA	NA	NA	NA	NA
NC_045512.2	1632	A	G	15	10	27	5	5	25	0.147059	34	0.00490244	TRUE	NA	NA	NA	NA	NA	NA
NC_045512.2	1632	A	C	15	10	27	9	9	27	0.264706	34	0.000122783	TRUE	NA	NA	NA	NA	NA	NA
NC_045512.2	1633	A	T	7	6	26	14	14	25	0.451613	31	8.99508e-08	TRUE	NA	NA	NA	NA	NA	NA
NC_045512.2	1633	A	G	7	6	26	7	7	27	0.225806	31	8.95603e-05	TRUE	NA	NA	NA	NA	NA	NA
NC_045512.2	1633	A	C	7	6	26	3	3	28	0.0967742	31	0.0121457	FALSE	NA	NA	NA	NA	NA	NA
NC_045512.2	1634	G	T	10	5	26	10	10	26	0.285714	35	7.72046e-06	TRUE	NA	NA	NA	NA	NA	NA
NC_045512.2	1634	G	C	10	5	26	5	5	25	0.142857	35	0.00157482	TRUE	NA	NA	NA	NA	NA	NA
NC_045512.2	1634	G	A	10	5	26	10	10	26	0.285714	35	7.72046e-06	TRUE	NA	NA	NA	NA	NA	NA
NC_045512.2	1635	A	T	14	9	26	12	12	25	0.342857	35	6.90152e-06	TRUE	NA	NA	NA	NA	NA	NA
NC_045512.2	1635	A	G	14	9	26	6	6	25	0.171429	35	0.00150075	TRUE	NA	NA	NA	NA	NA	NA
NC_045512.2	1635	A	C	14	9	26	3	3	28	0.0857143	35	0.0326531	FALSE	NA	NA	NA	NA	NA	NA
NC_045512.2	1636	G	T	13	8	27	14	14	27	0.4	35	8.90975e-07	TRUE	NA	NA	NA	NA	NA	NA
NC_045512.2	1636	G	C	13	8	27	5	5	25	0.142857	35	0.0032967	TRUE	NA	NA	NA	NA	NA	NA
NC_045512.2	1636	G	A	13	8	27	3	3	28	0.0857143	35	0.0285714	FALSE	NA	NA	NA	NA	NA	NA
NC_045512.2	1637	A	T	13	8	25	5	5	27	0.142857	35	0.0032967	TRUE	NA	NA	NA	NA	NA	NA
NC_045512.2	1637	A	G	13	8	25	12	12	25	0.342857	35	4.64525e-06	TRUE	NA	NA	NA	NA	NA	NA
NC_045512.2	1637	A	C	13	8	25	5	5	27	0.142857	35	0.0032967	TRUE	NA	NA	NA	NA	NA	NA
NC_045512.2	1638	A	T	16	11	27	8	8	25	0.222222	36	0.000331671	TRUE	NA	NA	NA	NA	NA	NA
NC_045512.2	1638	A	G	16	11	27	11	11	28	0.305556	36	2.56514e-05	TRUE	NA	NA	NA	NA	NA	NA
NC_045512.2	1638	A	C	16	11	27	1	1	27	0.0277778	36	0.326923	FALSE	NA	NA	NA	NA	NA	NA
NC_045512.2	1639	A	T	12	9	25	9	9	26	0.264706	34	5.52714e-05	TRUE	NA	NA	NA	NA	NA	NA
NC_045512.2	1639	A	G	12	9	25	12	12	28	0.352941	34	3.82329e-06	TRUE	NA	NA	NA	NA	NA	NA
NC_045512.2	1639	A	C	12	9	25	1	1	24	0.0294118	34	0.282609	FALSE	NA	NA	NA	NA	NA	NA
NC_045512.2	1640	G	T	16	11	26	11	11	26	0.314286	35	3.11841e-05	TRUE	NA	NA	NA	NA	NA	NA
NC_045512.2	1640	G	C	16	11	26	5	5	25	0.142857	35	0.0058495	TRUE	NA	NA	NA	NA	NA	NA
NC_045512.2	1640	G	A	16	11	26	3	3	27	0.0857143	35	0.0413643	FALSE	NA	NA	NA	NA	NA	NA
NC_045512.2	1641	T	G	16	11	26	6	6	28	0.166667	36	0.00205612	TRUE	NA	NA	NA	NA	NA	NA
NC_045512.2	1641	T	C	16	11	26	7	7	26	0.194444	36	0.000815358	TRUE	NA	NA	NA	NA	NA	NA
NC_045512.2	1641	T	A	16	11	26	7	7	24	0.194444	36	0.000815358	TRUE	NA	NA	NA	NA	NA	NA
NC_045512.2	1642	C	T	17	12	25	6	6	28	0.166667	36	0.00249404	TRUE	NA	NA	NA	NA	NA	NA
NC_045512.2	1642	C	G	17	12	25	5	5	27	0.138889	36	0.00628931	TRUE	NA	NA	NA	NA	NA	NA
NC_045512.2	1642	C	A	17	12	25	8	8	27	0.222222	36	0.000422718	TRUE	NA	NA	NA	NA	NA	NA
NC_045512.2	1643	A	T	13	8	26	6	6	24	0.171429	35	0.00118184	TRUE	NA	NA	NA	NA	NA	NA
NC_045512.2	1643	A	G	13	8	26	4	4	25	0.114286	35	0.00952381	TRUE	NA	NA	NA	NA	NA	NA
NC_045512.2	1643	A	C	13	8	26	12	12	26	0.342857	35	4.64525e-06	TRUE	NA	NA	NA	NA	NA	NA
NC_045512.2	1644	A	T	13	10	26	6	6	28	0.176471	34	0.00133271	TRUE	NA	NA	NA	NA	NA	NA
NC_045512.2	1644	A	G	13	10	26	7	7	26	0.205882	34	0.000502909	TRUE	NA	NA	NA	NA	NA	NA
NC_045512.2	1644	A	C	13	10	26	8	8	26	0.235294	34	0.000195576	TRUE	NA	NA	NA	NA	NA	NA
NC_045512.2	1645	C	T	19	14	26	4	4	26	0.111111	36	0.0208711	FALSE	NA	NA	NA	NA	NA	NA
NC_045512.2	1645	C	G	19	14	26	6	6	26	0.166667	36	0.00353748	TRUE	NA	NA	NA	NA	NA	NA
NC_045512.2	1645	C	A	19	14	26	7	7	27	0.194444	36	0.00150778	TRUE	NA	NA	NA	NA	NA	NA
NC_045512.2	1646	A	T	8	3	26	11	11	26	0.305556	36	7.89592e-07	TRUE	NA	NA	NA	NA	NA	NA
NC_045512.2	1646	A	G	8	3	26	10	10	27	0.277778	36	2.2441e-06	TRUE	NA	NA	NA	NA	NA	NA
NC_045512.2	1646	A	C	8	3	26	7	7	27	0.194444	36	6.44245e-05	TRUE	NA	NA	NA	NA	NA	NA
NC_045512.2	1647	T	G	17	12	27	7	7	26	0.2	35	0.00115109	TRUE	NA	NA	NA	NA	NA	NA
NC_045512.2	1647	T	C	17	12	27	4	4	25	0.114286	35	0.0175485	FALSE	NA	NA	NA	NA	NA	NA
NC_045512.2	1647	T	A	17	12	27	7	7	28	0.2	35	0.00115109	TRUE	NA	NA	NA	NA	NA	NA
NC_045512.2	1648	C	T	15	10	27	9	9	26	0.257143	35	0.000122783	TRUE	NA	NA	NA	NA	NA	NA
NC_045512.2	1648	C	G	15	10	27	10	10	27	0.285714	35	5.20268e-05	TRUE	NA	NA	NA	NA	NA	NA
NC_045512.2	1648	C	A	15	10	27	1	1	26	0.0285714	35	0.32	FALSE	NA	NA	NA	NA	NA	NA
NC_045512.2	1649	A	T	10	5	27	8	8	26	0.222222	36	4.93703e-05	TRUE	NA	NA	NA	NA	NA	NA
NC_045512.2	1649	A	G	10	5	27	13	13	26	0.361111	36	3.62553e-07	TRUE	NA	NA	NA	NA	NA	NA
NC_045512.2	1649	A	C	10	5	27	5	5	30	0.138889	36	0.00141734	TRUE	NA	NA	NA	NA	NA	NA
NC_045512.2	1650	A	T	10	7	25	10	10	28	0.322581	31	1.79859e-05	TRUE	NA	NA	NA	NA	NA	NA
NC_045512.2	1650	A	G	10	7	25	8	8	25	0.258065	31	0.000115962	TRUE	NA	NA	NA	NA	NA	NA
NC_045512.2	1650	A	C	10	7	25	3	3	28	0.0967742	31	0.0231748	FALSE	NA	NA	NA	NA	NA	NA
NC_045512.2	1651	T	G	13	8	25	10	10	27	0.285714	35	2.64934e-05	TRUE	NA	NA	NA	NA	NA	NA
NC_045512.2	1651	T	C	13	8	25	4	4	26	0.114286	35	0.00952381	TRUE	NA	NA	NA	NA	NA	NA
NC_045512.2	1651	T	A	13	8	25	8	8	28	0.228571	35	0.000167128	TRUE	NA	NA	NA	NA	NA	NA
NC_045512.2	1652	A	T	10	5	26	5	5	26	0.142857	35	0.00157482	TRUE	NA	NA	NA	NA	NA	NA
NC_045512.2	1652	A	G	10	5	26	13	13	26	0.371429	35	4.67291e-07	TRUE	NA	NA	NA	NA	NA	NA
NC_045512.2	1652	A	C	10	5	26	7	7	27	0.2	35	0.000167981	TRUE	NA	NA	NA	NA	NA	NA
NC_045512.2	1653	T	G	13	9	25	10	10	27	0.294118	34	3.21303e-05	TRUE	NA	NA	NA	NA	NA	NA
NC_045512.2	1653	T	C	13	9	25	9	9	27	0.264706	34	7.82303e-05	TRUE	NA	NA	NA	NA	NA	NA
NC_045512.2	1653	T	A	13	9	25	2	2	29	0.0588235	34	0.0930851	FALSE	NA	NA	NA	NA	NA	NA
NC_045512.2	1654	T	G	16	13	24	7	7	27	0.205882	34	0.00105709	TRUE	NA	NA	NA	NA	NA	NA
NC_045512.2	1654	T	C	16	13	24	5	5	28	0.147059	34	0.00643445	TRUE	NA	NA	NA	NA	NA	NA
NC_045512.2	1654	T	A	16	13	24	6	6	28	0.176471	34	0.00257378	TRUE	NA	NA	NA	NA	NA	NA
NC_045512.2	1655	G	T	13	10	27	9	9	26	0.272727	33	9.35363e-05	TRUE	NA	NA	NA	NA	NA	NA
NC_045512.2	1655	G	C	13	10	27	8	8	27	0.242424	33	0.000229589	TRUE	NA	NA	NA	NA	NA	NA
NC_045512.2	1655	G	A	13	10	27	3	3	23	0.0909091	33	0.0323774	FALSE	NA	NA	NA	NA	NA	NA
NC_045512.2	1656	T	G	14	12	26	4	4	24	0.121212	33	0.013287	FALSE	NA	NA	NA	NA	NA	NA
NC_045512.2	1656	T	C	14	12	26	9	9	26	0.272727	33	0.000128521	TRUE	NA	NA	NA	NA	NA	NA
NC_045512.2	1656	T	A	14	12	26	6	6	25	0.181818	33	0.00190387	TRUE	NA	NA	NA	NA	NA	NA
NC_045512.2	1657	T	G	9	8	26	8	8	26	0.25	32	6.44231e-05	TRUE	NA	NA	NA	NA	NA	NA
NC_045512.2	1657	T	C	9	8	26	4	4	26	0.125	32	0.005267	TRUE	NA	NA	NA	NA	NA	NA
NC_045512.2	1657	T	A	9	8	26	11	11	25	0.34375	32	3.52664e-06	TRUE	NA	NA	NA	NA	NA	NA
NC_045512.2	1658	G	T	9	7	25	2	2	28	0.0606061	33	0.0609081	FALSE	NA	NA	NA	NA	NA	NA
NC_045512.2	1658	G	C	9	7	25	8	8	26	0.242424	33	5.39051e-05	TRUE	NA	NA	NA	NA	NA	NA
NC_045512.2	1658	G	A	9	7	25	14	14	26	0.424242	33	1.87707e-07	TRUE	NA	NA	NA	NA	NA	NA
NC_045512.2	1659	G	T	10	9	26	6	6	25	0.193548	31	0.000854933	TRUE	NA	NA	NA	NA	NA	NA
NC_045512.2	1659	G	C	10	9	26	7	7	27	0.225806	31	0.000309231	TRUE	NA	NA	NA	NA	NA	NA
NC_045512.2	1659	G	A	10	9	26	8	8	26	0.258065	31	0.000115962	TRUE	NA	NA	NA	NA	NA	NA
NC_045512.2	1660	T	G	13	11	25	5	5	26	0.15625	32	0.00449319	TRUE	NA	NA	NA	NA	NA	NA
NC_045512.2	1660	T	C	13	11	25	3	3	27	0.09375	32	0.0345359	FALSE	NA	NA	NA	NA	NA	NA
NC_045512.2	1660	T	A	13	11	25	11	11	26	0.34375	32	2.08614e-05	TRUE	NA	NA	NA	NA	NA	NA
NC_045512.2	1661	G	T	11	9	25	10	10	27	0.3125	32	2.22955e-05	TRUE	NA	NA	NA	NA	NA	NA
NC_045512.2	1661	G	C	11	9	25	1	1	20	0.03125	32	0.27907	FALSE	NA	NA	NA	NA	NA	NA
NC_045512.2	1661	G	A	11	9	25	10	10	26	0.3125	32	2.22955e-05	TRUE	NA	NA	NA	NA	NA	NA
NC_045512.2	1662	A	T	14	12	26	2	2	28	0.0625	32	0.111008	FALSE	NA	NA	NA	NA	NA	NA
NC_045512.2	1662	A	G	14	12	26	9	9	25	0.28125	32	0.000153667	TRUE	NA	NA	NA	NA	NA	NA
NC_045512.2	1662	A	C	14	12	26	7	7	26	0.21875	32	0.000869159	TRUE	NA	NA	NA	NA	NA	NA
NC_045512.2	1663	C	T	9	7	26	5	5	24	0.16129	31	0.00184345	TRUE	NA	NA	NA	NA	NA	NA
NC_045512.2	1663	C	G	9	7	26	10	10	25	0.322581	31	1.12412e-05	TRUE	NA	NA	NA	NA	NA	NA
NC_045512.2	1663	C	A	9	7	26	7	7	27	0.225806	31	0.000213733	TRUE	NA	NA	NA	NA	NA	NA
NC_045512.2	1664	T	G	15	13	25	9	9	25	0.290323	31	0.000245867	TRUE	NA	NA	NA	NA	NA	NA
NC_045512.2	1664	T	C	15	13	25	2	2	29	0.0645161	31	0.125809	FALSE	NA	NA	NA	NA	NA	NA
NC_045512.2	1664	T	A	15	13	25	5	5	27	0.16129	31	0.00731749	TRUE	NA	NA	NA	NA	NA	NA
NC_045512.2	1665	T	G	13	11	25	10	10	27	0.322581	31	5.86728e-05	TRUE	NA	NA	NA	NA	NA	NA
NC_045512.2	1665	T	C	13	11	25	2	2	26	0.0645161	31	0.106061	FALSE	NA	NA	NA	NA	NA	NA
NC_045512.2	1665	T	A	13	11	25	6	6	29	0.193548	31	0.00194024	TRUE	NA	NA	NA	NA	NA	NA
NC_045512.2	1666	T	G	15	14	26	8	8	25	0.258065	31	0.0005532	TRUE	NA	NA	NA	NA	NA	NA
NC_045512.2	1666	T	C	15	14	26	8	8	26	0.258065	31	0.0005532	TRUE	NA	NA	NA	NA	NA	NA
NC_045512.2	1667	A	T	5	4	23	9	9	26	0.290323	31	2.82397e-06	TRUE	NA	NA	NA	NA	NA	NA
NC_045512.2	1667	A	G	5	4	23	12	12	27	0.387097	31	1.18427e-07	TRUE	NA	NA	NA	NA	NA	NA
NC_045512.2	1667	A	C	5	4	23	5	5	26	0.16129	31	0.000382974	TRUE	NA	NA	NA	NA	NA	NA
NC_045512.2	1668	A	T	8	7	25	12	12	25	0.4	30	1.36533e-06	TRUE	NA	NA	NA	NA	NA	NA
NC_045512.2	1668	A	G	8	7	25	6	6	27	0.2	30	0.000492581	TRUE	NA	NA	NA	NA	NA	NA
NC_045512.2	1668	A	C	8	7	25	4	4	27	0.133333	30	0.00488792	TRUE	NA	NA	NA	NA	NA	NA
NC_045512.2	1669	A	T	14	13	24	10	10	27	0.322581	31	8.19556e-05	TRUE	NA	NA	NA	NA	NA	NA
NC_045512.2	1669	A	G	14	13	24	2	2	27	0.0645161	31	0.115942	FALSE	NA	NA	NA	NA	NA	NA
NC_045512.2	1669	A	C	14	13	24	5	5	24	0.16129	31	0.00609791	TRUE	NA	NA	NA	NA	NA	NA
NC_045512.2	1670	C	T	10	9	26	2	2	25	0.0666667	30	0.0804878	FALSE	NA	NA	NA	NA	NA	NA
NC_045512.2	1670	C	G	10	9	26	4	4	24	0.133333	30	0.00811117	TRUE	NA	NA	NA	NA	NA	NA
NC_045512.2	1670	C	A	10	9	26	14	14	25	0.466667	30	8.15837e-07	TRUE	NA	NA	NA	NA	NA	NA
NC_045512.2	1671	T	G	9	8	25	5	5	27	0.178571	28	0.00267148	TRUE	NA	NA	NA	NA	NA	NA
NC_045512.2	1671	T	C	9	8	25	5	5	23	0.178571	28	0.00267148	TRUE	NA	NA	NA	NA	NA	NA
NC_045512.2	1671	T	A	9	8	25	9	9	27	0.321429	28	5.48657e-05	TRUE	NA	NA	NA	NA	NA	NA
NC_045512.2	1672	T	G	9	8	27	4	4	26	0.129032	31	0.0057937	TRUE	NA	NA	NA	NA	NA	NA
NC_045512.2	1672	T	C	9	8	27	10	10	25	0.322581	31	1.12412e-05	TRUE	NA	NA	NA	NA	NA	NA
NC_045512.2	1672	T	A	9	8	27	8	8	23	0.258065	31	7.73077e-05	TRUE	NA	NA	NA	NA	NA	NA
NC_045512.2	1673	A	T	19	18	26	3	3	27	0.0967742	31	0.0696833	FALSE	NA	NA	NA	NA	NA	NA
NC_045512.2	1673	A	G	19	18	26	4	4	26	0.129032	31	0.0302399	FALSE	NA	NA	NA	NA	NA	NA
NC_045512.2	1673	A	C	19	18	26	5	5	26	0.16129	31	0.01344	FALSE	NA	NA	NA	NA	NA	NA
NC_045512.2	1674	A	T	8	7	26	9	9	26	0.321429	28	3.42911e-05	TRUE	NA	NA	NA	NA	NA	NA
NC_045512.2	1674	A	G	8	7	26	4	4	22	0.142857	28	0.00601816	TRUE	NA	NA	NA	NA	NA	NA
NC_045512.2	1674	A	C	8	7	26	7	7	25	0.25	28	0.000238525	TRUE	NA	NA	NA	NA	NA	NA
NC_045512.2	1675	T	G	9	8	27	3	3	25	0.0967742	31	0.0191638	FALSE	NA	NA	NA	NA	NA	NA
NC_045512.2	1675	T	C	9	8	27	7	7	26	0.225806	31	0.000213733	TRUE	NA	NA	NA	NA	NA	NA
NC_045512.2	1675	T	A	9	8	27	12	12	26	0.387097	31	1.85149e-06	TRUE	NA	NA	NA	NA	NA	NA
NC_045512.2	1676	G	T	5	4	24	5	5	24	0.178571	28	0.000578118	TRUE	NA	NA	NA	NA	NA	NA
NC_045512.2	1676	G	C	5	4	24	5	5	26	0.178571	28	0.000578118	TRUE	NA	NA	NA	NA	NA	NA
NC_045512.2	1676	G	A	5	4	24	13	13	25	0.464286	28	1.1736e-07	TRUE	NA	NA	NA	NA	NA	NA
NC_045512.2	1677	A	T	12	11	25	8	8	25	0.285714	28	0.000400595	TRUE	NA	NA	NA	NA	NA	NA
NC_045512.2	1677	A	G	12	11	25	4	4	24	0.142857	28	0.0147476	FALSE	NA	NA	NA	NA	NA	NA
NC_045512.2	1677	A	C	12	11	25	4	4	26	0.142857	28	0.0147476	FALSE	NA	NA	NA	NA	NA	NA
NC_045512.2	1678	A	T	13	12	26	4	4	23	0.153846	26	0.0212633	FALSE	NA	NA	NA	NA	NA	NA
NC_045512.2	1678	A	G	13	12	26	7	7	23	0.269231	26	0.00170826	TRUE	NA	NA	NA	NA	NA	NA
NC_045512.2	1678	A	C	13	12	26	2	2	27	0.0769231	26	0.134615	FALSE	NA	NA	NA	NA	NA	NA
NC_045512.2	1679	G	T	6	5	24	6	6	26	0.333333	18	0.00194518	TRUE	NA	NA	NA	NA	NA	NA
NC_045512.2	1679	G	C	6	5	24	5	5	26	0.277778	18	0.00470085	TRUE	NA	NA	NA	NA	NA	NA
NC_045512.2	1679	G	A	6	5	24	1	1	30	0.0555556	18	0.291667	FALSE	NA	NA	NA	NA	NA	NA
NC_045512.2	1680	A	T	3	2	24	1	1	28	0.25	4	0.571429	FALSE	NA	NA	NA	NA	NA	NA
NC_045512.2	1681	G	C	2	1	24	1	1	27	0.333333	3	0.6	FALSE	NA	NA	NA	NA	NA	NA
NC_045512.2	1682	A	T	2	1	23	1	1	23	0.333333	3	0.6	FALSE	NA	NA	NA	NA	NA	NA
NC_045512.2	1684	C	G	2	1	26	1	1	27	0.333333	3	0.6	FALSE	NA	NA	NA	NA	NA	NA
NC_045512.2	1685	G	A	2	1	25	1	1	22	0.333333	3	0.6	FALSE	NA	NA	NA	NA	NA	NA
NC_045512.2	1686	C	A	2	1	23	1	1	28	0.333333	3	0.6	FALSE	NA	NA	NA	NA	NA	NA
NC_045512.2	1687	C	A	1	1	27	1	1	29	0.5	2	0.666667	FALSE	NA	NA	NA	NA	NA	NA
NC_045512.2	1688	A	T	1	1	27	1	1	27	0.5	2	0.666667	FALSE	NA	NA	NA	NA	NA	NA
NC_045512.2	1689	T	A	1	1	24	1	1	27	0.5	2	0.666667	FALSE	NA	NA	NA	NA	NA	NA
NC_045512.2	1690	T	C	1	1	29	1	1	27	0.5	2	0.666667	FALSE	NA	NA	NA	NA	NA	NA
NC_045512.2	1842	A	G	0	0	0	1	1	28	1	1	1	FALSE	NA	NA	NA	NA	NA	NA
NC_045512.2	1843	G	C	0	0	0	1	1	29	1	1	1	FALSE	NA	NA	NA	NA	NA	NA
NC_045512.2	1844	A	T	0	0	0	1	1	20	1	1	1	FALSE	NA	NA	NA	NA	NA	NA
NC_045512.2	1845	A	T	0	0	0	1	1	29	1	1	1	FALSE	NA	NA	NA	NA	NA	NA
NC_045512.2	1846	A	T	0	0	0	1	1	29	1	1	1	FALSE	NA	NA	NA	NA	NA	NA
NC_045512.2	1848	C	G	0	0	0	1	1	27	1	1	1	FALSE	NA	NA	NA	NA	NA	NA
NC_045512.2	1849	A	T	0	0	0	1	1	27	1	1	1	FALSE	NA	NA	NA	NA	NA	NA
NC_045512.2	1850	A	G	0	0	0	1	1	23	1	1	1	FALSE	NA	NA	NA	NA	NA	NA
NC_045512.2	1851	T	G	0	0	0	1	1	29	1	1	1	FALSE	NA	NA	NA	NA	NA	NA
NC_045512.2	1853	C	A	0	0	0	1	1	33	1	1	1	FALSE	NA	NA	NA	NA	NA	NA
NC_045512.2	1854	T	A	0	0	0	1	1	28	1	1	1	FALSE	NA	NA	NA	NA	NA	NA
NC_045512.2	1855	G	C	0	0	0	1	1	28	1	1	1	FALSE	NA	NA	NA	NA	NA	NA
NC_045512.2	1856	A	T	0	0	0	1	1	26	1	1	1	FALSE	NA	NA	NA	NA	NA	NA
NC_045512.2	1859	C	G	0	0	0	1	1	28	1	1	1	FALSE	NA	NA	NA	NA	NA	NA
NC_045512.2	1860	C	A	0	0	0	1	1	23	1	1	1	FALSE	NA	NA	NA	NA	NA	NA
NC_045512.2	1861	T	A	0	0	0	1	1	32	1	1	1	FALSE	NA	NA	NA	NA	NA	NA
NC_045512.2	1862	C	A	0	0	0	1	1	30	1	1	1	FALSE	NA	NA	NA	NA	NA	NA
NC_045512.2	1863	T	G	0	0	0	1	1	23	1	1	1	FALSE	NA	NA	NA	NA	NA	NA
NC_045512.2	1864	T	G	0	0	0	1	1	29	1	1	1	FALSE	NA	NA	NA	NA	NA	NA
NC_045512.2	1866	A	T	0	0	0	1	1	29	1	1	1	FALSE	NA	NA	NA	NA	NA	NA
NC_045512.2	1869	C	G	0	0	0	1	1	27	1	1	1	FALSE	NA	NA	NA	NA	NA	NA
NC_045512.2	1873	T	A	0	0	0	1	1	25	1	1	1	FALSE	NA	NA	NA	NA	NA	NA
NC_045512.2	1874	G	T	0	0	0	1	1	25	1	1	1	FALSE	NA	NA	NA	NA	NA	NA
NC_045512.2	1875	C	A	0	0	0	1	1	22	1	1	1	FALSE	NA	NA	NA	NA	NA	NA
NC_045512.2	1877	T	A	0	0	0	1	1	27	1	1	1	FALSE	NA	NA	NA	NA	NA	NA
NC_045512.2	1878	C	G	0	0	0	1	1	27	1	1	1	FALSE	NA	NA	NA	NA	NA	NA
NC_045512.2	1879	A	C	0	0	0	1	1	27	1	1	1	FALSE	NA	NA	NA	NA	NA	NA
NC_045512.2	1880	G	A	27	0	27	1	1	27	0.0357143	28	0.509091	FALSE	NA	NA	NA	NA	NA	NA
NC_045512.2	1881	A	T	27	0	27	1	1	23	0.0357143	28	0.509091	FALSE	NA	NA	NA	NA	NA	NA
NC_045512.2	1882	G	T	27	0	28	1	1	29	0.0357143	28	0.509091	FALSE	NA	NA	NA	NA	NA	NA
NC_045512.2	1883	G	C	24	0	23	1	1	29	0.04	25	0.510204	FALSE	NA	NA	NA	NA	NA	NA
NC_045512.2	1884	C	A	27	0	27	1	1	23	0.0357143	28	0.509091	FALSE	NA	NA	NA	NA	NA	NA
NC_045512.2	1884	C	-T	27	0	27	1	0	20	0.0357143	28	0.509091	FALSE	NA	NA	NA	NA	NA	NA
NC_045512.2	1885	T	A	26	0	27	1	1	29	0.037037	27	0.5	FALSE	NA	NA	NA	NA	NA	NA
NC_045512.2	1886	G	A	27	0	26	1	1	27	0.0357143	28	0.509091	FALSE	NA	NA	NA	NA	NA	NA
NC_045512.2	1888	T	C	26	0	26	1	0	27	0.0357143	28	0.5	FALSE	NA	NA	NA	NA	NA	NA
NC_045512.2	1888	T	A	26	0	26	1	1	22	0.0357143	28	0.5	FALSE	NA	NA	NA	NA	NA	NA
NC_045512.2	1889	C	A	27	0	26	1	1	28	0.0357143	28	0.509091	FALSE	NA	NA	NA	NA	NA	NA
NC_045512.2	1890	G	A	27	0	26	1	1	27	0.0357143	28	0.509091	FALSE	NA	NA	NA	NA	NA	NA
NC_045512.2	1892	G	T	27	0	26	1	1	27	0.0357143	28	0.509091	FALSE	NA	NA	NA	NA	NA	NA
NC_045512.2	1893	T	G	27	0	27	1	1	27	0.0357143	28	0.509091	FALSE	NA	NA	NA	NA	NA	NA
NC_045512.2	1895	G	T	27	0	27	1	1	28	0.0357143	28	0.509091	FALSE	NA	NA	NA	NA	NA	NA
NC_045512.2	1896	T	G	26	0	27	1	1	28	0.0357143	28	0.5	FALSE	NA	NA	NA	NA	NA	NA
NC_045512.2	1896	T	C	26	0	27	1	0	29	0.0357143	28	0.5	FALSE	NA	NA	NA	NA	NA	NA
NC_045512.2	1898	C	A	26	0	27	1	1	28	0.037037	27	0.509434	FALSE	NA	NA	NA	NA	NA	NA
NC_045512.2	1899	G	T	27	0	26	1	1	28	0.0357143	28	0.509091	FALSE	NA	NA	NA	NA	NA	NA
NC_045512.2	1900	A	C	27	0	26	1	1	24	0.0357143	28	0.509091	FALSE	NA	NA	NA	NA	NA	NA
NC_045512.2	1901	T	C	27	0	26	1	1	27	0.0357143	28	0.509091	FALSE	NA	NA	NA	NA	NA	NA
NC_045512.2	1902	C	T	27	0	26	1	1	27	0.0357143	28	0.509091	FALSE	NA	NA	NA	NA	NA	NA
NC_045512.2	1903	A	G	27	0	27	1	1	27	0.0357143	28	0.509091	FALSE	NA	NA	NA	NA	NA	NA
NC_045512.2	1904	A	T	24	0	22	1	1	29	0.04	25	0.510204	FALSE	NA	NA	NA	NA	NA	NA
NC_045512.2	1905	T	G	27	0	26	1	1	24	0.0357143	28	0.509091	FALSE	NA	NA	NA	NA	NA	NA
NC_045512.2	1906	T	G	27	0	27	1	1	27	0.0357143	28	0.509091	FALSE	NA	NA	NA	NA	NA	NA
NC_045512.2	1908	T	A	9	0	20	1	1	22	0.1	10	0.526316	FALSE	NA	NA	NA	NA	NA	NA
NC_045512.2	1909	C	A	27	0	25	1	1	28	0.0357143	28	0.509091	FALSE	NA	NA	NA	NA	NA	NA
NC_045512.2	1911	C	T	27	0	26	1	1	29	0.0344828	29	0.5	FALSE	NA	NA	NA	NA	NA	NA
NC_045512.2	1911	C	G	27	0	26	1	1	27	0.0344828	29	0.5	FALSE	NA	NA	NA	NA	NA	NA
NC_045512.2	1912	C	T	27	0	28	1	1	28	0.0344828	29	0.5	FALSE	NA	NA	NA	NA	NA	NA
NC_045512.2	1912	C	A	27	0	28	1	1	27	0.0344828	29	0.5	FALSE	NA	NA	NA	NA	NA	NA
NC_045512.2	1913	C	T	18	0	21	1	1	30	0.05	20	0.5	FALSE	NA	NA	NA	NA	NA	NA
NC_045512.2	1913	C	G	18	0	21	1	1	23	0.05	20	0.5	FALSE	NA	NA	NA	NA	NA	NA
NC_045512.2	1914	G	A	28	1	25	1	1	23	0.0344828	29	0.508772	FALSE	NA	NA	NA	NA	NA	NA
NC_045512.2	1915	C	A	28	1	26	1	1	30	0.0344828	29	0.508772	FALSE	NA	NA	NA	NA	NA	NA
NC_045512.2	1916	A	T	27	1	26	1	1	28	0.0344828	29	0.5	FALSE	NA	NA	NA	NA	NA	NA
NC_045512.2	1916	A	G	27	1	26	1	0	28	0.0344828	29	0.5	FALSE	NA	NA	NA	NA	NA	NA
NC_045512.2	1917	C	G	27	0	27	2	2	29	0.0689655	29	0.254386	FALSE	NA	NA	NA	NA	NA	NA
NC_045512.2	1918	T	C	28	1	27	1	1	34	0.0344828	29	0.508772	FALSE	NA	NA	NA	NA	NA	NA
NC_045512.2	1919	C	T	27	0	26	2	2	30	0.0689655	29	0.254386	FALSE	NA	NA	NA	NA	NA	NA
NC_045512.2	1920	T	C	27	0	26	1	1	32	0.0344828	29	0.5	FALSE	NA	NA	NA	NA	NA	NA
NC_045512.2	1920	T	A	27	0	26	1	1	27	0.0344828	29	0.5	FALSE	NA	NA	NA	NA	NA	NA
NC_045512.2	1921	T	G	20	0	22	1	1	28	0.0454545	22	0.5	FALSE	NA	NA	NA	NA	NA	NA
NC_045512.2	1921	T	C	20	0	22	1	1	26	0.0454545	22	0.5	FALSE	NA	NA	NA	NA	NA	NA
NC_045512.2	1922	G	T	27	0	25	1	1	28	0.0357143	28	0.509091	FALSE	NA	NA	NA	NA	NA	NA
NC_045512.2	1923	A	G	28	1	27	1	1	27	0.0344828	29	0.508772	FALSE	NA	NA	NA	NA	NA	NA
NC_045512.2	1924	A	T	28	1	27	1	1	23	0.0344828	29	0.508772	FALSE	NA	NA	NA	NA	NA	NA
NC_045512.2	1925	A	T	21	0	21	1	1	27	0.0454545	22	0.511628	FALSE	NA	NA	NA	NA	NA	NA
NC_045512.2	1926	C	G	27	0	26	1	1	27	0.0357143	28	0.509091	FALSE	NA	NA	NA	NA	NA	NA
NC_045512.2	1928	G	A	27	0	26	1	1	28	0.0357143	28	0.509091	FALSE	NA	NA	NA	NA	NA	NA
NC_045512.2	1930	T	G	27	0	27	1	1	32	0.0357143	28	0.509091	FALSE	NA	NA	NA	NA	NA	NA
NC_045512.2	1931	C	A	27	0	27	1	1	30	0.0357143	28	0.509091	FALSE	NA	NA	NA	NA	NA	NA
NC_045512.2	1932	A	T	27	0	27	1	1	30	0.0357143	28	0.509091	FALSE	NA	NA	NA	NA	NA	NA
NC_045512.2	1933	A	C	27	0	28	1	1	27	0.0357143	28	0.509091	FALSE	NA	NA	NA	NA	NA	NA
NC_045512.2	1938	C	T	27	0	27	1	1	24	0.0357143	28	0.509091	FALSE	NA	NA	NA	NA	NA	NA
NC_045512.2	1940	G	C	27	0	27	1	1	24	0.0357143	28	0.509091	FALSE	NA	NA	NA	NA	NA	NA
NC_045512.2	1941	T	C	28	1	27	1	0	27	0.0344828	29	0.508772	FALSE	NA	NA	NA	NA	NA	NA
NC_045512.2	1944	G	C	88	3	27	1	1	28	0.011236	89	0.502825	FALSE	NA	NA	NA	NA	NA	NA
NC_045512.2	1945	T	G	87	3	27	3	2	28	0.0333333	90	0.124988	FALSE	NA	NA	NA	NA	NA	NA
NC_045512.2	1946	G	C	87	3	26	1	1	29	0.011236	89	0.5	FALSE	NA	NA	NA	NA	NA	NA
NC_045512.2	1946	G	A	87	3	26	1	1	26	0.011236	89	0.5	FALSE	NA	NA	NA	NA	NA	NA
NC_045512.2	1946	G	-T	87	3	26	1	0	20	0.011236	89	0.5	FALSE	NA	NA	NA	NA	NA	NA
NC_045512.2	1947	T	G	84	1	27	1	1	23	0.0114943	87	0.494186	FALSE	NA	NA	NA	NA	NA	NA
NC_045512.2	1947	T	C	84	1	27	1	0	27	0.0114943	87	0.494186	FALSE	NA	NA	NA	NA	NA	NA
NC_045512.2	1947	T	A	84	1	27	1	1	28	0.0114943	87	0.494186	FALSE	NA	NA	NA	NA	NA	NA
NC_045512.2	1948	T	G	87	3	27	4	3	29	0.0434783	92	0.060434	FALSE	NA	NA	NA	NA	NA	NA
NC_045512.2	1948	T	C	87	3	27	1	1	30	0.0108696	92	0.49162	FALSE	NA	NA	NA	NA	NA	NA
NC_045512.2	1949	T	C	89	4	27	3	3	28	0.0326087	92	0.124989	FALSE	NA	NA	NA	NA	NA	NA
NC_045512.2	1950	T	G	39	4	22	2	2	27	0.047619	42	0.246914	FALSE	NA	NA	NA	NA	NA	NA
NC_045512.2	1950	T	C	39	4	22	1	1	27	0.0238095	42	0.493827	FALSE	NA	NA	NA	NA	NA	NA
NC_045512.2	1951	A	T	88	3	26	3	3	26	0.0326087	92	0.122928	FALSE	NA	NA	NA	NA	NA	NA
NC_045512.2	1951	A	G	88	3	26	1	1	28	0.0108696	92	0.494444	FALSE	NA	NA	NA	NA	NA	NA
NC_045512.2	1952	C	T	89	4	27	1	1	29	0.0108696	92	0.497238	FALSE	NA	NA	NA	NA	NA	NA
NC_045512.2	1952	C	G	89	4	27	2	2	27	0.0217391	92	0.248619	FALSE	NA	NA	NA	NA	NA	NA
NC_045512.2	1953	A	T	88	3	27	3	3	22	0.0326087	92	0.122928	FALSE	NA	NA	NA	NA	NA	NA
NC_045512.2	1953	A	G	88	3	27	1	1	24	0.0108696	92	0.494444	FALSE	NA	NA	NA	NA	NA	NA
NC_045512.2	1954	G	T	88	3	27	2	2	29	0.021978	91	0.248603	FALSE	NA	NA	NA	NA	NA	NA
NC_045512.2	1954	G	C	88	3	27	1	1	28	0.010989	91	0.497207	FALSE	NA	NA	NA	NA	NA	NA
NC_045512.2	1955	A	T	87	2	27	2	2	28	0.0222222	90	0.248588	FALSE	NA	NA	NA	NA	NA	NA
NC_045512.2	1955	A	G	87	2	27	1	1	29	0.0111111	90	0.497175	FALSE	NA	NA	NA	NA	NA	NA
NC_045512.2	1956	A	T	81	4	23	3	3	28	0.0352941	85	0.122754	FALSE	NA	NA	NA	NA	NA	NA
NC_045512.2	1956	A	G	81	4	23	1	0	26	0.0117647	85	0.493976	FALSE	NA	NA	NA	NA	NA	NA
NC_045512.2	1957	G	C	88	3	27	1	1	24	0.010989	91	0.497207	FALSE	NA	NA	NA	NA	NA	NA
NC_045512.2	1957	G	A	88	3	27	2	2	27	0.021978	91	0.248603	FALSE	NA	NA	NA	NA	NA	NA
NC_045512.2	1958	G	T	81	3	23	2	2	24	0.0232558	86	0.242586	FALSE	NA	NA	NA	NA	NA	NA
NC_045512.2	1958	G	C	81	3	23	2	2	26	0.0232558	86	0.242586	FALSE	NA	NA	NA	NA	NA	NA
NC_045512.2	1958	G	A	81	3	23	1	0	27	0.0116279	86	0.491018	FALSE	NA	NA	NA	NA	NA	NA
NC_045512.2	1959	C	T	89	3	27	1	1	26	0.0107527	93	0.494505	FALSE	NA	NA	NA	NA	NA	NA
NC_045512.2	1959	C	G	89	3	27	1	1	27	0.0107527	93	0.494505	FALSE	NA	NA	NA	NA	NA	NA
NC_045512.2	1959	C	A	89	3	27	2	2	26	0.0215054	93	0.245902	FALSE	NA	NA	NA	NA	NA	NA
NC_045512.2	1960	C	G	84	5	23	3	3	25	0.0344828	87	0.124987	FALSE	NA	NA	NA	NA	NA	NA
NC_045512.2	1960	C	-G	84	5	23	1	0	20	0.0114943	87	0.497076	FALSE	NA	NA	NA	NA	NA	NA
NC_045512.2	1961	G	T	90	4	26	1	1	27	0.0108696	92	0.497268	FALSE	NA	NA	NA	NA	NA	NA
NC_045512.2	1961	G	A	90	4	26	1	1	22	0.0108696	92	0.497268	FALSE	NA	NA	NA	NA	NA	NA
NC_045512.2	1962	C	A	91	5	26	3	3	25	0.0319149	94	0.124989	FALSE	NA	NA	NA	NA	NA	NA
NC_045512.2	1963	T	C	90	4	27	1	1	27	0.010989	91	0.502762	FALSE	NA	NA	NA	NA	NA	NA
NC_045512.2	1964	A	G	91	5	26	3	3	26	0.0319149	94	0.124989	FALSE	NA	NA	NA	NA	NA	NA
NC_045512.2	1965	T	C	89	4	26	1	1	23	0.0108696	92	0.497238	FALSE	NA	NA	NA	NA	NA	NA
NC_045512.2	1965	T	A	89	4	26	2	2	26	0.0217391	92	0.248619	FALSE	NA	NA	NA	NA	NA	NA
NC_045512.2	1966	A	T	89	5	26	1	1	27	0.0108696	92	0.497238	FALSE	NA	NA	NA	NA	NA	NA
NC_045512.2	1966	A	C	89	5	26	2	2	27	0.0217391	92	0.248619	FALSE	NA	NA	NA	NA	NA	NA
NC_045512.2	1967	A	T	79	4	23	1	1	20	0.0120482	83	0.493827	FALSE	NA	NA	NA	NA	NA	NA
NC_045512.2	1967	A	G	79	4	23	2	2	27	0.0240964	83	0.245399	FALSE	NA	NA	NA	NA	NA	NA
NC_045512.2	1967	A	C	79	4	23	1	1	25	0.0120482	83	0.493827	FALSE	NA	NA	NA	NA	NA	NA
NC_045512.2	1968	C	T	89	6	26	1	1	27	0.010989	91	0.5	FALSE	NA	NA	NA	NA	NA	NA
NC_045512.2	1968	C	A	89	6	26	1	1	21	0.010989	91	0.5	FALSE	NA	NA	NA	NA	NA	NA
NC_045512.2	1969	A	T	86	3	26	2	2	26	0.0224719	89	0.248571	FALSE	NA	NA	NA	NA	NA	NA
NC_045512.2	1969	A	C	86	3	26	1	1	27	0.011236	89	0.497143	FALSE	NA	NA	NA	NA	NA	NA
NC_045512.2	1970	A	T	78	6	23	1	1	28	0.0126582	79	0.503185	FALSE	NA	NA	NA	NA	NA	NA
NC_045512.2	1971	T	G	90	7	26	1	1	28	0.010989	91	0.502762	FALSE	NA	NA	NA	NA	NA	NA
NC_045512.2	1972	A	T	88	5	27	2	2	26	0.0222222	90	0.251397	FALSE	NA	NA	NA	NA	NA	NA
NC_045512.2	1973	C	T	87	4	27	1	1	23	0.010989	91	0.494382	FALSE	NA	NA	NA	NA	NA	NA
NC_045512.2	1973	C	G	87	4	27	1	1	28	0.010989	91	0.494382	FALSE	NA	NA	NA	NA	NA	NA
NC_045512.2	1973	C	A	87	4	27	2	2	25	0.021978	91	0.24581	FALSE	NA	NA	NA	NA	NA	NA
NC_045512.2	1974	T	C	87	4	27	4	4	25	0.043956	91	0.061792	FALSE	NA	NA	NA	NA	NA	NA
NC_045512.2	1975	A	T	88	5	27	1	1	25	0.0111111	90	0.5	FALSE	NA	NA	NA	NA	NA	NA
NC_045512.2	1975	A	G	88	5	27	1	1	28	0.0111111	90	0.5	FALSE	NA	NA	NA	NA	NA	NA
NC_045512.2	1976	G	T	89	6	27	1	1	27	0.0108696	92	0.497238	FALSE	NA	NA	NA	NA	NA	NA
NC_045512.2	1976	G	A	89	6	27	2	2	27	0.0217391	92	0.248619	FALSE	NA	NA	NA	NA	NA	NA
NC_045512.2	1977	A	T	85	4	27	2	2	26	0.0212766	94	0.232216	FALSE	NA	NA	NA	NA	NA	NA
NC_045512.2	1977	A	G	85	4	27	4	2	25	0.0425532	94	0.0552096	FALSE	NA	NA	NA	NA	NA	NA
NC_045512.2	1977	A	C	85	4	27	3	3	27	0.0319149	94	0.112901	FALSE	NA	NA	NA	NA	NA	NA
NC_045512.2	1978	T	G	86	4	27	2	2	28	0.0217391	92	0.240286	FALSE	NA	NA	NA	NA	NA	NA
NC_045512.2	1978	T	C	86	4	27	2	2	27	0.0217391	92	0.240286	FALSE	NA	NA	NA	NA	NA	NA
NC_045512.2	1978	T	A	86	4	27	2	2	26	0.0217391	92	0.240286	FALSE	NA	NA	NA	NA	NA	NA
NC_045512.2	1979	G	T	86	6	27	3	3	27	0.032967	91	0.120822	FALSE	NA	NA	NA	NA	NA	NA
NC_045512.2	1979	G	C	86	6	27	2	2	26	0.021978	91	0.243001	FALSE	NA	NA	NA	NA	NA	NA
NC_045512.2	1980	G	T	80	6	23	4	4	27	0.0470588	85	0.0602613	FALSE	NA	NA	NA	NA	NA	NA
NC_045512.2	1980	G	C	80	6	23	1	1	27	0.0117647	85	0.490909	FALSE	NA	NA	NA	NA	NA	NA
NC_045512.2	1981	A	T	87	7	27	3	3	22	0.032967	91	0.122905	FALSE	NA	NA	NA	NA	NA	NA
NC_045512.2	1981	A	G	87	7	27	1	1	27	0.010989	91	0.494382	FALSE	NA	NA	NA	NA	NA	NA
NC_045512.2	1982	A	T	74	5	23	2	2	28	0.0253165	79	0.241915	FALSE	NA	NA	NA	NA	NA	NA
NC_045512.2	1982	A	G	74	5	23	2	2	25	0.0253165	79	0.241915	FALSE	NA	NA	NA	NA	NA	NA
NC_045512.2	1982	A	C	74	5	23	1	1	26	0.0126582	79	0.490196	FALSE	NA	NA	NA	NA	NA	NA
NC_045512.2	1983	T	C	84	8	27	1	1	28	0.0114943	87	0.497076	FALSE	NA	NA	NA	NA	NA	NA
NC_045512.2	1983	T	A	84	8	27	2	2	25	0.0229885	87	0.248538	FALSE	NA	NA	NA	NA	NA	NA
NC_045512.2	1984	T	C	85	9	27	1	1	29	0.0114943	87	0.5	FALSE	NA	NA	NA	NA	NA	NA
NC_045512.2	1984	T	A	85	9	27	1	1	27	0.0114943	87	0.5	FALSE	NA	NA	NA	NA	NA	NA
NC_045512.2	1985	T	G	71	6	22	3	3	25	0.0394737	76	0.119984	FALSE	NA	NA	NA	NA	NA	NA
NC_045512.2	1985	T	A	71	6	22	2	2	28	0.0263158	76	0.241589	FALSE	NA	NA	NA	NA	NA	NA
NC_045512.2	1986	C	T	82	6	27	1	1	29	0.0113636	88	0.488235	FALSE	NA	NA	NA	NA	NA	NA
NC_045512.2	1986	C	G	82	6	27	3	3	26	0.0340909	88	0.118523	FALSE	NA	NA	NA	NA	NA	NA
NC_045512.2	1986	C	A	82	6	27	2	2	26	0.0227273	88	0.239835	FALSE	NA	NA	NA	NA	NA	NA
NC_045512.2	1987	A	G	85	10	27	3	2	26	0.0337079	89	0.122857	FALSE	NA	NA	NA	NA	NA	NA
NC_045512.2	1987	A	C	85	10	27	1	1	23	0.011236	89	0.494253	FALSE	NA	NA	NA	NA	NA	NA
NC_045512.2	1988	C	G	80	4	27	3	3	26	0.0344828	87	0.116269	FALSE	NA	NA	NA	NA	NA	NA
NC_045512.2	1988	C	A	80	4	27	4	4	25	0.045977	87	0.0574506	FALSE	NA	NA	NA	NA	NA	NA
NC_045512.2	1989	A	T	82	7	27	1	1	21	0.0113636	88	0.488235	FALSE	NA	NA	NA	NA	NA	NA
NC_045512.2	1989	A	G	82	7	27	4	3	26	0.0454545	88	0.058919	FALSE	NA	NA	NA	NA	NA	NA
NC_045512.2	1989	A	C	82	7	27	1	1	27	0.0113636	88	0.488235	FALSE	NA	NA	NA	NA	NA	NA
NC_045512.2	1990	G	T	81	5	27	3	3	28	0.0337079	89	0.11434	FALSE	NA	NA	NA	NA	NA	NA
NC_045512.2	1990	G	C	81	5	27	2	2	24	0.0224719	89	0.234125	FALSE	NA	NA	NA	NA	NA	NA
NC_045512.2	1990	G	A	81	5	27	3	3	27	0.0337079	89	0.11434	FALSE	NA	NA	NA	NA	NA	NA
NC_045512.2	1991	T	G	82	7	28	3	3	25	0.0337079	89	0.116468	FALSE	NA	NA	NA	NA	NA	NA
NC_045512.2	1991	T	C	82	7	28	2	2	27	0.0224719	89	0.237046	FALSE	NA	NA	NA	NA	NA	NA
NC_045512.2	1991	T	A	82	7	28	2	2	27	0.0224719	89	0.237046	FALSE	NA	NA	NA	NA	NA	NA
NC_045512.2	1992	A	T	79	4	28	1	1	27	0.0111111	90	0.473373	FALSE	NA	NA	NA	NA	NA	NA
NC_045512.2	1992	A	G	79	4	28	6	6	26	0.0666667	90	0.0123797	FALSE	NA	NA	NA	NA	NA	NA
NC_045512.2	1992	A	C	79	4	28	4	4	26	0.0444444	90	0.0521923	FALSE	NA	NA	NA	NA	NA	NA
NC_045512.2	1993	T	G	80	5	28	4	4	26	0.0444444	90	0.0535349	FALSE	NA	NA	NA	NA	NA	NA
NC_045512.2	1993	T	C	80	5	28	4	4	25	0.0444444	90	0.0535349	FALSE	NA	NA	NA	NA	NA	NA
NC_045512.2	1993	T	A	80	5	28	2	2	26	0.0222222	90	0.228483	FALSE	NA	NA	NA	NA	NA	NA
NC_045512.2	1994	T	G	79	7	24	1	1	27	0.0114943	87	0.481928	FALSE	NA	NA	NA	NA	NA	NA
NC_045512.2	1994	T	C	79	7	24	7	7	26	0.0804598	87	0.00688129	TRUE	NA	NA	NA	NA	NA	NA
NC_045512.2	1995	C	T	81	6	27	3	3	27	0.032967	91	0.11042	FALSE	NA	NA	NA	NA	NA	NA
NC_045512.2	1995	C	G	81	6	27	4	4	26	0.043956	91	0.0536325	FALSE	NA	NA	NA	NA	NA	NA
NC_045512.2	1995	C	A	81	6	27	3	3	25	0.032967	91	0.11042	FALSE	NA	NA	NA	NA	NA	NA
NC_045512.2	1996	A	T	79	4	27	3	3	24	0.032967	91	0.106271	FALSE	NA	NA	NA	NA	NA	NA
NC_045512.2	1996	A	G	79	4	27	6	6	25	0.0659341	91	0.0119552	FALSE	NA	NA	NA	NA	NA	NA
NC_045512.2	1996	A	C	79	4	27	3	3	26	0.032967	91	0.106271	FALSE	NA	NA	NA	NA	NA	NA
NC_045512.2	1997	C	T	81	6	27	7	7	24	0.0777778	90	0.00662898	TRUE	NA	NA	NA	NA	NA	NA
NC_045512.2	1997	C	G	81	6	27	1	1	26	0.0111111	90	0.479532	FALSE	NA	NA	NA	NA	NA	NA
NC_045512.2	1997	C	A	81	6	27	1	1	23	0.0111111	90	0.479532	FALSE	NA	NA	NA	NA	NA	NA
NC_045512.2	1998	T	G	84	9	26	1	1	27	0.010989	91	0.485714	FALSE	NA	NA	NA	NA	NA	NA
NC_045512.2	1998	T	A	84	9	26	6	6	26	0.0659341	91	0.0143378	FALSE	NA	NA	NA	NA	NA	NA
NC_045512.2	1999	G	T	79	4	27	8	8	25	0.0879121	91	0.00287138	TRUE	NA	NA	NA	NA	NA	NA
NC_045512.2	1999	G	C	79	4	27	2	2	25	0.021978	91	0.22291	FALSE	NA	NA	NA	NA	NA	NA
NC_045512.2	1999	G	A	79	4	27	2	2	26	0.021978	91	0.22291	FALSE	NA	NA	NA	NA	NA	NA
NC_045512.2	2000	A	T	82	8	27	5	5	27	0.0555556	90	0.0278048	FALSE	NA	NA	NA	NA	NA	NA
NC_045512.2	2000	A	G	82	8	27	3	2	26	0.0333333	90	0.11446	FALSE	NA	NA	NA	NA	NA	NA
NC_045512.2	2001	G	T	79	5	27	3	3	26	0.0333333	90	0.108158	FALSE	NA	NA	NA	NA	NA	NA
NC_045512.2	2001	G	C	79	5	27	3	3	28	0.0333333	90	0.108158	FALSE	NA	NA	NA	NA	NA	NA
NC_045512.2	2001	G	A	79	5	27	5	5	26	0.0555556	90	0.0253419	FALSE	NA	NA	NA	NA	NA	NA
NC_045512.2	2002	A	T	84	9	27	3	3	25	0.032967	91	0.116657	FALSE	NA	NA	NA	NA	NA	NA
NC_045512.2	2002	A	G	84	9	27	1	1	29	0.010989	91	0.485714	FALSE	NA	NA	NA	NA	NA	NA
NC_045512.2	2002	A	C	84	9	27	3	3	27	0.032967	91	0.116657	FALSE	NA	NA	NA	NA	NA	NA
NC_045512.2	2003	C	T	84	9	27	1	1	23	0.010989	91	0.485714	FALSE	NA	NA	NA	NA	NA	NA
NC_045512.2	2003	C	G	84	9	27	1	1	27	0.010989	91	0.485714	FALSE	NA	NA	NA	NA	NA	NA
NC_045512.2	2003	C	A	84	9	27	5	5	24	0.0549451	91	0.0286756	FALSE	NA	NA	NA	NA	NA	NA
NC_045512.2	2004	T	G	83	8	27	2	2	28	0.021978	91	0.234483	FALSE	NA	NA	NA	NA	NA	NA
NC_045512.2	2004	T	C	83	8	27	2	2	28	0.021978	91	0.234483	FALSE	NA	NA	NA	NA	NA	NA
NC_045512.2	2004	T	A	83	8	27	4	4	24	0.043956	91	0.0563174	FALSE	NA	NA	NA	NA	NA	NA
NC_045512.2	2005	C	T	76	4	27	3	3	28	0.0340909	88	0.105627	FALSE	NA	NA	NA	NA	NA	NA
NC_045512.2	2005	C	G	76	4	27	5	5	26	0.0568182	88	0.0243964	FALSE	NA	NA	NA	NA	NA	NA
NC_045512.2	2005	C	A	76	4	27	4	4	25	0.0454545	88	0.0505999	FALSE	NA	NA	NA	NA	NA	NA
NC_045512.2	2006	A	T	85	11	27	4	4	25	0.0444444	90	0.0603874	FALSE	NA	NA	NA	NA	NA	NA
NC_045512.2	2006	A	G	85	11	27	1	1	20	0.0111111	90	0.491429	FALSE	NA	NA	NA	NA	NA	NA
NC_045512.2	2007	T	G	79	5	26	6	6	25	0.0666667	90	0.0123797	FALSE	NA	NA	NA	NA	NA	NA
NC_045512.2	2007	T	C	79	5	26	3	3	28	0.0333333	90	0.108158	FALSE	NA	NA	NA	NA	NA	NA
NC_045512.2	2007	T	A	79	5	26	2	2	27	0.0222222	90	0.225548	FALSE	NA	NA	NA	NA	NA	NA
NC_045512.2	2008	T	G	69	6	23	1	1	27	0.0126582	79	0.472973	FALSE	NA	NA	NA	NA	NA	NA
NC_045512.2	2008	T	C	69	6	23	5	5	25	0.0632911	79	0.0254615	FALSE	NA	NA	NA	NA	NA	NA
NC_045512.2	2008	T	A	69	6	23	4	4	27	0.0506329	79	0.0522993	FALSE	NA	NA	NA	NA	NA	NA
NC_045512.2	2009	G	T	80	6	26	2	2	29	0.0222222	90	0.228483	FALSE	NA	NA	NA	NA	NA	NA
NC_045512.2	2009	G	C	80	6	26	4	4	25	0.0444444	90	0.0535349	FALSE	NA	NA	NA	NA	NA	NA
NC_045512.2	2009	G	A	80	6	26	4	4	24	0.0444444	90	0.0535349	FALSE	NA	NA	NA	NA	NA	NA
NC_045512.2	2010	A	T	81	7	27	4	4	25	0.0444444	90	0.0548871	FALSE	NA	NA	NA	NA	NA	NA
NC_045512.2	2010	A	G	81	7	27	4	4	24	0.0444444	90	0.0548871	FALSE	NA	NA	NA	NA	NA	NA
NC_045512.2	2010	A	C	81	7	27	1	1	27	0.0111111	90	0.479532	FALSE	NA	NA	NA	NA	NA	NA
NC_045512.2	2011	T	G	81	7	26	4	4	27	0.0444444	90	0.0548871	FALSE	NA	NA	NA	NA	NA	NA
NC_045512.2	2011	T	C	81	7	26	3	3	26	0.0333333	90	0.112357	FALSE	NA	NA	NA	NA	NA	NA
NC_045512.2	2011	T	A	81	7	26	2	2	23	0.0222222	90	0.231402	FALSE	NA	NA	NA	NA	NA	NA
NC_045512.2	2012	G	T	78	4	26	5	5	27	0.0561798	89	0.0252776	FALSE	NA	NA	NA	NA	NA	NA
NC_045512.2	2012	G	C	78	4	26	2	2	28	0.0224719	89	0.225264	FALSE	NA	NA	NA	NA	NA	NA
NC_045512.2	2012	G	A	78	4	26	4	4	26	0.0449438	89	0.052078	FALSE	NA	NA	NA	NA	NA	NA
NC_045512.2	2013	C	T	79	4	26	7	7	26	0.0769231	91	0.00584176	TRUE	NA	NA	NA	NA	NA	NA
NC_045512.2	2013	C	G	79	4	26	2	2	21	0.021978	91	0.22291	FALSE	NA	NA	NA	NA	NA	NA
NC_045512.2	2013	C	A	79	4	26	3	3	24	0.032967	91	0.106271	FALSE	NA	NA	NA	NA	NA	NA
NC_045512.2	2014	T	G	84	9	26	3	3	24	0.0333333	90	0.118669	FALSE	NA	NA	NA	NA	NA	NA
NC_045512.2	2014	T	C	84	9	26	1	1	27	0.0111111	90	0.488506	FALSE	NA	NA	NA	NA	NA	NA
NC_045512.2	2014	T	A	84	9	26	2	2	25	0.0222222	90	0.240066	FALSE	NA	NA	NA	NA	NA	NA
NC_045512.2	2015	A	T	81	6	26	4	4	24	0.0449438	89	0.0561786	FALSE	NA	NA	NA	NA	NA	NA
NC_045512.2	2015	A	G	81	6	26	3	3	26	0.0337079	89	0.11434	FALSE	NA	NA	NA	NA	NA	NA
NC_045512.2	2015	A	C	81	6	26	1	1	28	0.011236	89	0.482353	FALSE	NA	NA	NA	NA	NA	NA
NC_045512.2	2016	T	A	82	7	27	6	6	27	0.0681818	88	0.0148139	FALSE	NA	NA	NA	NA	NA	NA
NC_045512.2	2017	G	T	78	4	27	4	4	26	0.0449438	89	0.052078	FALSE	NA	NA	NA	NA	NA	NA
NC_045512.2	2017	G	C	78	4	27	5	5	25	0.0561798	89	0.0252776	FALSE	NA	NA	NA	NA	NA	NA
NC_045512.2	2017	G	A	78	4	27	2	2	25	0.0224719	89	0.225264	FALSE	NA	NA	NA	NA	NA	NA
NC_045512.2	2018	A	T	81	7	27	3	3	27	0.0337079	89	0.11434	FALSE	NA	NA	NA	NA	NA	NA
NC_045512.2	2018	A	G	81	7	27	2	2	29	0.0224719	89	0.234125	FALSE	NA	NA	NA	NA	NA	NA
NC_045512.2	2018	A	C	81	7	27	3	3	26	0.0337079	89	0.11434	FALSE	NA	NA	NA	NA	NA	NA
NC_045512.2	2019	T	G	81	7	25	2	2	27	0.0224719	89	0.234125	FALSE	NA	NA	NA	NA	NA	NA
NC_045512.2	2019	T	C	81	7	25	5	5	27	0.0561798	89	0.0277664	FALSE	NA	NA	NA	NA	NA	NA
NC_045512.2	2019	T	A	81	7	25	1	1	30	0.011236	89	0.482353	FALSE	NA	NA	NA	NA	NA	NA
NC_045512.2	2020	G	T	79	5	25	5	5	27	0.0555556	90	0.0253419	FALSE	NA	NA	NA	NA	NA	NA
NC_045512.2	2020	G	C	79	5	25	3	3	28	0.0333333	90	0.108158	FALSE	NA	NA	NA	NA	NA	NA
NC_045512.2	2020	G	A	79	5	25	3	3	25	0.0333333	90	0.108158	FALSE	NA	NA	NA	NA	NA	NA
NC_045512.2	2021	T	G	77	3	25	1	1	26	0.0113636	88	0.472727	FALSE	NA	NA	NA	NA	NA	NA
NC_045512.2	2021	T	C	77	3	25	3	3	25	0.0340909	88	0.107771	FALSE	NA	NA	NA	NA	NA	NA
NC_045512.2	2021	T	A	77	3	25	7	7	29	0.0795455	88	0.0060467	TRUE	NA	NA	NA	NA	NA	NA
NC_045512.2	2022	T	G	74	7	23	1	1	25	0.0119048	84	0.474684	FALSE	NA	NA	NA	NA	NA	NA
NC_045512.2	2022	T	C	74	7	23	5	5	27	0.0595238	84	0.0257972	FALSE	NA	NA	NA	NA	NA	NA
NC_045512.2	2022	T	A	74	7	23	4	3	25	0.047619	84	0.0529005	FALSE	NA	NA	NA	NA	NA	NA
NC_045512.2	2023	C	T	82	8	27	2	2	29	0.0222222	90	0.234306	FALSE	NA	NA	NA	NA	NA	NA
NC_045512.2	2023	C	G	82	8	27	3	3	25	0.0333333	90	0.11446	FALSE	NA	NA	NA	NA	NA	NA
NC_045512.2	2023	C	A	82	8	27	3	3	27	0.0333333	90	0.11446	FALSE	NA	NA	NA	NA	NA	NA
NC_045512.2	2024	A	T	81	8	27	3	3	25	0.0340909	88	0.11637	FALSE	NA	NA	NA	NA	NA	NA
NC_045512.2	2024	A	G	81	8	27	3	3	28	0.0340909	88	0.11637	FALSE	NA	NA	NA	NA	NA	NA
NC_045512.2	2024	A	C	81	8	27	1	1	29	0.0113636	88	0.485207	FALSE	NA	NA	NA	NA	NA	NA
NC_045512.2	2025	C	T	80	7	26	6	6	28	0.0674157	89	0.0133082	FALSE	NA	NA	NA	NA	NA	NA
NC_045512.2	2025	C	G	80	7	26	2	2	27	0.0224719	89	0.231187	FALSE	NA	NA	NA	NA	NA	NA
NC_045512.2	2025	C	A	80	7	26	1	1	20	0.011236	89	0.47929	FALSE	NA	NA	NA	NA	NA	NA
NC_045512.2	2026	A	T	79	8	26	3	3	26	0.0344828	87	0.114092	FALSE	NA	NA	NA	NA	NA	NA
NC_045512.2	2026	A	G	79	8	26	4	4	24	0.045977	87	0.0560333	FALSE	NA	NA	NA	NA	NA	NA
NC_045512.2	2026	A	C	79	8	26	1	1	28	0.0114943	87	0.481928	FALSE	NA	NA	NA	NA	NA	NA
NC_045512.2	2027	T	G	80	9	26	1	1	32	0.0114943	87	0.48503	FALSE	NA	NA	NA	NA	NA	NA
NC_045512.2	2027	T	C	80	9	26	3	2	27	0.0344828	87	0.116269	FALSE	NA	NA	NA	NA	NA	NA
NC_045512.2	2027	T	A	80	9	26	3	3	25	0.0344828	87	0.116269	FALSE	NA	NA	NA	NA	NA	NA
NC_045512.2	2028	C	T	77	5	26	8	8	26	0.0909091	88	0.00298819	TRUE	NA	NA	NA	NA	NA	NA
NC_045512.2	2028	C	G	77	5	26	2	2	26	0.0227273	88	0.224973	FALSE	NA	NA	NA	NA	NA	NA
NC_045512.2	2028	C	A	77	5	26	1	1	23	0.0113636	88	0.472727	FALSE	NA	NA	NA	NA	NA	NA
NC_045512.2	2029	T	G	78	6	26	2	2	25	0.0227273	88	0.227978	FALSE	NA	NA	NA	NA	NA	NA
NC_045512.2	2029	T	C	78	6	26	5	5	27	0.0568182	88	0.026039	FALSE	NA	NA	NA	NA	NA	NA
NC_045512.2	2029	T	A	78	6	26	3	3	27	0.0340909	88	0.109918	FALSE	NA	NA	NA	NA	NA	NA
NC_045512.2	2030	G	T	78	6	27	2	2	25	0.0227273	88	0.227978	FALSE	NA	NA	NA	NA	NA	NA
NC_045512.2	2030	G	C	78	6	27	1	1	26	0.0113636	88	0.475904	FALSE	NA	NA	NA	NA	NA	NA
NC_045512.2	2030	G	A	78	6	27	7	7	27	0.0795455	88	0.00632118	TRUE	NA	NA	NA	NA	NA	NA
NC_045512.2	2031	A	T	78	10	27	1	1	23	0.0119048	84	0.487654	FALSE	NA	NA	NA	NA	NA	NA
NC_045512.2	2031	A	C	78	10	27	5	5	27	0.0595238	84	0.0293735	FALSE	NA	NA	NA	NA	NA	NA
NC_045512.2	2031	A	-T	78	10	27	1	0	20	0.0119048	84	0.487654	FALSE	NA	NA	NA	NA	NA	NA
NC_045512.2	2032	T	G	71	5	27	2	2	25	0.0253165	79	0.229	FALSE	NA	NA	NA	NA	NA	NA
NC_045512.2	2032	T	C	71	5	27	2	2	27	0.0253165	79	0.229	FALSE	NA	NA	NA	NA	NA	NA
NC_045512.2	2032	T	A	71	5	27	4	4	27	0.0506329	79	0.0539406	FALSE	NA	NA	NA	NA	NA	NA
NC_045512.2	2033	T	G	76	10	28	3	3	29	0.037037	81	0.120298	FALSE	NA	NA	NA	NA	NA	NA
NC_045512.2	2033	T	C	76	10	28	1	1	27	0.0123457	81	0.490446	FALSE	NA	NA	NA	NA	NA	NA
NC_045512.2	2033	T	A	76	10	28	1	1	28	0.0123457	81	0.490446	FALSE	NA	NA	NA	NA	NA	NA
NC_045512.2	2034	T	G	59	6	22	2	2	27	0.0289855	69	0.221657	FALSE	NA	NA	NA	NA	NA	NA
NC_045512.2	2034	T	C	59	6	22	4	4	27	0.057971	69	0.0508392	FALSE	NA	NA	NA	NA	NA	NA
NC_045512.2	2034	T	A	59	6	22	4	4	26	0.057971	69	0.0508392	FALSE	NA	NA	NA	NA	NA	NA
NC_045512.2	2035	G	T	67	4	27	5	5	27	0.0649351	77	0.0253154	FALSE	NA	NA	NA	NA	NA	NA
NC_045512.2	2035	G	C	67	4	27	2	2	27	0.025974	77	0.224713	FALSE	NA	NA	NA	NA	NA	NA
NC_045512.2	2035	G	A	67	4	27	3	3	27	0.038961	77	0.107739	FALSE	NA	NA	NA	NA	NA	NA
NC_045512.2	2036	G	T	67	7	23	2	2	26	0.025974	77	0.224713	FALSE	NA	NA	NA	NA	NA	NA
NC_045512.2	2036	G	C	67	7	23	4	4	26	0.0519481	77	0.0520372	FALSE	NA	NA	NA	NA	NA	NA
NC_045512.2	2036	G	A	67	7	23	4	3	26	0.0519481	77	0.0520372	FALSE	NA	NA	NA	NA	NA	NA
NC_045512.2	2037	C	T	71	8	27	1	1	27	0.0128205	78	0.483221	FALSE	NA	NA	NA	NA	NA	NA
NC_045512.2	2037	C	A	71	8	27	6	6	25	0.0769231	78	0.0141235	FALSE	NA	NA	NA	NA	NA	NA
NC_045512.2	2038	T	G	70	7	27	1	1	27	0.0131579	76	0.486301	FALSE	NA	NA	NA	NA	NA	NA
NC_045512.2	2038	T	C	70	7	27	3	3	25	0.0394737	76	0.117485	FALSE	NA	NA	NA	NA	NA	NA
NC_045512.2	2038	T	A	70	7	27	2	2	27	0.0263158	76	0.238188	FALSE	NA	NA	NA	NA	NA	NA
NC_045512.2	2039	A	T	70	7	27	5	5	26	0.0632911	79	0.0263887	FALSE	NA	NA	NA	NA	NA	NA
NC_045512.2	2039	A	G	70	7	27	1	1	27	0.0126582	79	0.47651	FALSE	NA	NA	NA	NA	NA	NA
NC_045512.2	2039	A	C	70	7	27	3	3	27	0.0379747	79	0.110576	FALSE	NA	NA	NA	NA	NA	NA
NC_045512.2	2040	C	T	67	5	27	5	4	28	0.0632911	79	0.0236503	FALSE	NA	NA	NA	NA	NA	NA
NC_045512.2	2040	C	G	67	5	27	2	2	29	0.0253165	79	0.218619	FALSE	NA	NA	NA	NA	NA	NA
NC_045512.2	2040	C	A	67	5	27	5	5	27	0.0632911	79	0.0236503	FALSE	NA	NA	NA	NA	NA	NA
NC_045512.2	2041	T	G	68	8	27	3	3	22	0.0394737	76	0.112492	FALSE	NA	NA	NA	NA	NA	NA
NC_045512.2	2041	T	C	68	8	27	1	1	28	0.0131579	76	0.479167	FALSE	NA	NA	NA	NA	NA	NA
NC_045512.2	2041	T	A	68	8	27	4	4	27	0.0526316	76	0.0550982	FALSE	NA	NA	NA	NA	NA	NA
NC_045512.2	2042	A	T	64	7	27	6	6	25	0.0821918	73	0.0128156	FALSE	NA	NA	NA	NA	NA	NA
NC_045512.2	2042	A	G	64	7	27	2	2	27	0.0273973	73	0.226912	FALSE	NA	NA	NA	NA	NA	NA
NC_045512.2	2042	A	C	64	7	27	1	1	28	0.0136986	73	0.474453	FALSE	NA	NA	NA	NA	NA	NA
NC_045512.2	2043	A	T	58	5	23	5	5	27	0.0714286	70	0.0227236	FALSE	NA	NA	NA	NA	NA	NA
NC_045512.2	2043	A	G	58	5	23	4	3	27	0.0571429	70	0.0476113	FALSE	NA	NA	NA	NA	NA	NA
NC_045512.2	2043	A	C	58	5	23	3	3	26	0.0428571	70	0.100598	FALSE	NA	NA	NA	NA	NA	NA
NC_045512.2	2044	C	T	62	7	26	4	4	27	0.056338	71	0.0528626	FALSE	NA	NA	NA	NA	NA	NA
NC_045512.2	2044	C	G	62	7	26	2	2	26	0.028169	71	0.226237	FALSE	NA	NA	NA	NA	NA	NA
NC_045512.2	2044	C	A	62	7	26	3	3	28	0.0422535	71	0.108929	FALSE	NA	NA	NA	NA	NA	NA
NC_045512.2	2045	A	T	63	9	26	4	4	28	0.0571429	70	0.056219	FALSE	NA	NA	NA	NA	NA	NA
NC_045512.2	2045	A	G	63	9	26	2	2	26	0.0285714	70	0.233419	FALSE	NA	NA	NA	NA	NA	NA
NC_045512.2	2045	A	C	63	9	26	1	1	28	0.0142857	70	0.481203	FALSE	NA	NA	NA	NA	NA	NA
NC_045512.2	2046	A	T	49	6	23	3	3	25	0.0517241	58	0.105271	FALSE	NA	NA	NA	NA	NA	NA
NC_045512.2	2046	A	G	49	6	23	3	3	29	0.0517241	58	0.105271	FALSE	NA	NA	NA	NA	NA	NA
NC_045512.2	2046	A	C	49	6	23	3	3	27	0.0517241	58	0.105271	FALSE	NA	NA	NA	NA	NA	NA
NC_045512.2	2047	T	G	62	10	26	2	2	27	0.0289855	69	0.233171	FALSE	NA	NA	NA	NA	NA	NA
NC_045512.2	2047	T	C	62	10	26	4	3	26	0.057971	69	0.0561276	FALSE	NA	NA	NA	NA	NA	NA
NC_045512.2	2047	T	A	62	10	26	1	1	25	0.0144928	69	0.480916	FALSE	NA	NA	NA	NA	NA	NA
NC_045512.2	2048	C	T	60	7	26	3	3	25	0.0441176	68	0.110999	FALSE	NA	NA	NA	NA	NA	NA
NC_045512.2	2048	C	G	60	7	26	3	3	26	0.0441176	68	0.110999	FALSE	NA	NA	NA	NA	NA	NA
NC_045512.2	2048	C	A	60	7	26	2	2	22	0.0294118	68	0.229046	FALSE	NA	NA	NA	NA	NA	NA
NC_045512.2	2049	T	G	60	7	26	4	4	27	0.056338	71	0.0494812	FALSE	NA	NA	NA	NA	NA	NA
NC_045512.2	2049	T	C	60	7	26	1	1	27	0.0140845	71	0.465649	FALSE	NA	NA	NA	NA	NA	NA
NC_045512.2	2049	T	A	60	7	26	6	6	25	0.084507	71	0.0115618	FALSE	NA	NA	NA	NA	NA	NA
NC_045512.2	2050	A	T	60	7	26	5	5	26	0.0704225	71	0.0238243	FALSE	NA	NA	NA	NA	NA	NA
NC_045512.2	2050	A	G	60	7	26	3	3	25	0.0422535	71	0.103601	FALSE	NA	NA	NA	NA	NA	NA
NC_045512.2	2050	A	C	60	7	26	3	3	28	0.0422535	71	0.103601	FALSE	NA	NA	NA	NA	NA	NA
NC_045512.2	2051	G	T	62	10	26	3	3	26	0.0434783	69	0.113956	FALSE	NA	NA	NA	NA	NA	NA
NC_045512.2	2051	G	C	62	10	26	1	1	25	0.0144928	69	0.480916	FALSE	NA	NA	NA	NA	NA	NA
NC_045512.2	2051	G	A	62	10	26	3	3	24	0.0434783	69	0.113956	FALSE	NA	NA	NA	NA	NA	NA
NC_045512.2	2052	T	G	58	7	26	4	4	26	0.057971	69	0.0491109	FALSE	NA	NA	NA	NA	NA	NA
NC_045512.2	2052	T	C	58	7	26	1	1	28	0.0144928	69	0.464567	FALSE	NA	NA	NA	NA	NA	NA
NC_045512.2	2052	T	A	58	7	26	6	6	27	0.0869565	69	0.0114513	FALSE	NA	NA	NA	NA	NA	NA
NC_045512.2	2053	T	G	60	12	23	1	1	27	0.0149254	67	0.480315	FALSE	NA	NA	NA	NA	NA	NA
NC_045512.2	2053	T	C	60	12	23	5	4	26	0.0746269	67	0.0277548	FALSE	NA	NA	NA	NA	NA	NA
NC_045512.2	2053	T	A	60	12	23	1	1	28	0.0149254	67	0.480315	FALSE	NA	NA	NA	NA	NA	NA
NC_045512.2	2054	G	T	57	7	26	5	5	28	0.0746269	67	0.0244589	FALSE	NA	NA	NA	NA	NA	NA
NC_045512.2	2054	G	C	57	7	26	4	4	26	0.0597015	67	0.0504958	FALSE	NA	NA	NA	NA	NA	NA
NC_045512.2	2054	G	A	57	7	26	1	1	27	0.0149254	67	0.467742	FALSE	NA	NA	NA	NA	NA	NA
NC_045512.2	2055	T	G	62	12	26	3	3	25	0.0441176	68	0.116586	FALSE	NA	NA	NA	NA	NA	NA
NC_045512.2	2055	T	C	62	12	26	1	1	29	0.0147059	68	0.484615	FALSE	NA	NA	NA	NA	NA	NA
NC_045512.2	2055	T	A	62	12	26	2	2	27	0.0294118	68	0.236759	FALSE	NA	NA	NA	NA	NA	NA
NC_045512.2	2056	A	T	57	7	27	7	7	26	0.104478	67	0.00588064	TRUE	NA	NA	NA	NA	NA	NA
NC_045512.2	2056	A	G	57	7	27	1	1	28	0.0149254	67	0.467742	FALSE	NA	NA	NA	NA	NA	NA
NC_045512.2	2056	A	C	57	7	27	2	2	28	0.0298507	67	0.220774	FALSE	NA	NA	NA	NA	NA	NA
NC_045512.2	2057	A	T	52	7	23	6	6	25	0.0952381	63	0.0110808	FALSE	NA	NA	NA	NA	NA	NA
NC_045512.2	2057	A	G	52	7	23	2	2	26	0.031746	63	0.214543	FALSE	NA	NA	NA	NA	NA	NA
NC_045512.2	2057	A	C	52	7	23	3	3	27	0.047619	63	0.100853	FALSE	NA	NA	NA	NA	NA	NA
NC_045512.2	2058	T	G	59	10	26	2	2	28	0.0294118	68	0.225148	FALSE	NA	NA	NA	NA	NA	NA
NC_045512.2	2058	T	C	59	10	26	3	3	26	0.0441176	68	0.10821	FALSE	NA	NA	NA	NA	NA	NA
NC_045512.2	2058	T	A	59	10	26	4	4	27	0.0588235	68	0.0524405	FALSE	NA	NA	NA	NA	NA	NA
NC_045512.2	2059	G	T	54	7	26	4	4	27	0.0606061	66	0.0467328	FALSE	NA	NA	NA	NA	NA	NA
NC_045512.2	2059	G	C	54	7	26	5	5	26	0.0757576	66	0.0222358	FALSE	NA	NA	NA	NA	NA	NA
NC_045512.2	2059	G	A	54	7	26	3	3	27	0.0454545	66	0.0991058	FALSE	NA	NA	NA	NA	NA	NA
NC_045512.2	2060	G	T	47	8	23	4	4	27	0.0689655	58	0.046631	FALSE	NA	NA	NA	NA	NA	NA
NC_045512.2	2060	G	C	47	8	23	2	2	26	0.0344828	58	0.211321	FALSE	NA	NA	NA	NA	NA	NA
NC_045512.2	2060	G	A	47	8	23	5	5	25	0.0862069	58	0.022246	FALSE	NA	NA	NA	NA	NA	NA
NC_045512.2	2061	C	T	51	4	27	6	6	26	0.0895522	67	0.00853961	TRUE	NA	NA	NA	NA	NA	NA
NC_045512.2	2061	C	G	51	4	27	5	5	26	0.0746269	67	0.0184276	FALSE	NA	NA	NA	NA	NA	NA
NC_045512.2	2061	C	A	51	4	27	5	5	26	0.0746269	67	0.0184276	FALSE	NA	NA	NA	NA	NA	NA
NC_045512.2	2062	C	T	52	10	23	2	2	26	0.0333333	60	0.226138	FALSE	NA	NA	NA	NA	NA	NA
NC_045512.2	2062	C	G	52	10	23	3	3	25	0.05	60	0.109102	FALSE	NA	NA	NA	NA	NA	NA
NC_045512.2	2062	C	A	52	10	23	3	3	26	0.05	60	0.109102	FALSE	NA	NA	NA	NA	NA	NA
NC_045512.2	2062	C	-T	52	10	23	1	0	20	0.0166667	60	0.473214	FALSE	NA	NA	NA	NA	NA	NA
NC_045512.2	2063	T	G	54	9	27	3	3	24	0.046875	64	0.101604	FALSE	NA	NA	NA	NA	NA	NA
NC_045512.2	2063	T	C	54	9	27	3	3	27	0.046875	64	0.101604	FALSE	NA	NA	NA	NA	NA	NA
NC_045512.2	2063	T	A	54	9	27	4	4	26	0.0625	64	0.0483037	FALSE	NA	NA	NA	NA	NA	NA
NC_045512.2	2064	A	T	50	5	26	7	7	25	0.111111	63	0.0047197	TRUE	NA	NA	NA	NA	NA	NA
NC_045512.2	2064	A	G	50	5	26	6	6	27	0.0952381	63	0.00985342	TRUE	NA	NA	NA	NA	NA	NA
NC_045512.2	2065	C	T	50	6	26	4	4	27	0.0634921	63	0.0441676	FALSE	NA	NA	NA	NA	NA	NA
NC_045512.2	2065	C	G	50	6	26	4	4	24	0.0634921	63	0.0441676	FALSE	NA	NA	NA	NA	NA	NA
NC_045512.2	2065	C	A	50	6	26	5	5	26	0.0793651	63	0.0207626	FALSE	NA	NA	NA	NA	NA	NA
NC_045512.2	2066	A	T	51	7	26	4	4	24	0.0645161	62	0.0476318	FALSE	NA	NA	NA	NA	NA	NA
NC_045512.2	2066	A	G	51	7	26	6	6	25	0.0967742	62	0.0110126	FALSE	NA	NA	NA	NA	NA	NA
NC_045512.2	2066	A	C	51	7	26	1	1	28	0.016129	62	0.460177	FALSE	NA	NA	NA	NA	NA	NA
NC_045512.2	2067	T	G	52	8	26	4	4	26	0.0645161	62	0.049542	FALSE	NA	NA	NA	NA	NA	NA
NC_045512.2	2067	T	C	52	8	26	3	3	26	0.0483871	62	0.103507	FALSE	NA	NA	NA	NA	NA	NA
NC_045512.2	2067	T	A	52	8	26	3	3	27	0.0483871	62	0.103507	FALSE	NA	NA	NA	NA	NA	NA
NC_045512.2	2068	T	G	42	10	23	3	3	26	0.0576923	52	0.0993141	FALSE	NA	NA	NA	NA	NA	NA
NC_045512.2	2068	T	C	42	10	23	6	6	27	0.115385	52	0.0109515	FALSE	NA	NA	NA	NA	NA	NA
NC_045512.2	2068	T	A	42	10	23	1	1	29	0.0192308	52	0.457447	FALSE	NA	NA	NA	NA	NA	NA
NC_045512.2	2069	A	T	51	7	25	8	8	27	0.126984	63	0.00246454	TRUE	NA	NA	NA	NA	NA	NA
NC_045512.2	2069	A	G	51	7	25	2	2	26	0.031746	63	0.210221	FALSE	NA	NA	NA	NA	NA	NA
NC_045512.2	2069	A	C	51	7	25	2	2	25	0.031746	63	0.210221	FALSE	NA	NA	NA	NA	NA	NA
NC_045512.2	2070	C	T	50	6	26	4	4	25	0.0625	64	0.0426576	FALSE	NA	NA	NA	NA	NA	NA
NC_045512.2	2070	C	G	50	6	26	5	5	25	0.078125	64	0.0198828	FALSE	NA	NA	NA	NA	NA	NA
NC_045512.2	2070	C	A	50	6	26	5	5	27	0.078125	64	0.0198828	FALSE	NA	NA	NA	NA	NA	NA
NC_045512.2	2071	A	T	49	8	26	3	3	26	0.0491803	61	0.0969638	FALSE	NA	NA	NA	NA	NA	NA
NC_045512.2	2071	A	G	49	8	26	2	2	28	0.0327869	61	0.208845	FALSE	NA	NA	NA	NA	NA	NA
NC_045512.2	2071	A	C	49	8	26	7	7	26	0.114754	61	0.00497383	TRUE	NA	NA	NA	NA	NA	NA
NC_045512.2	2072	G	T	46	5	26	6	6	26	0.0967742	62	0.0080578	TRUE	NA	NA	NA	NA	NA	NA
NC_045512.2	2072	G	C	46	5	26	3	3	28	0.0483871	62	0.0853674	FALSE	NA	NA	NA	NA	NA	NA
NC_045512.2	2072	G	A	46	5	26	7	7	25	0.112903	62	0.00374617	TRUE	NA	NA	NA	NA	NA	NA
NC_045512.2	2073	G	T	41	7	22	5	5	25	0.0892857	56	0.0173056	FALSE	NA	NA	NA	NA	NA	NA
NC_045512.2	2073	G	C	41	7	22	3	3	27	0.0535714	56	0.0844379	FALSE	NA	NA	NA	NA	NA	NA
NC_045512.2	2073	G	A	41	7	22	7	7	26	0.125	56	0.00371611	TRUE	NA	NA	NA	NA	NA	NA
NC_045512.2	2074	T	G	45	7	26	3	3	28	0.0508475	59	0.0896537	FALSE	NA	NA	NA	NA	NA	NA
NC_045512.2	2074	T	C	45	7	26	5	5	26	0.0847458	59	0.0190076	FALSE	NA	NA	NA	NA	NA	NA
NC_045512.2	2074	T	A	45	7	26	6	6	26	0.101695	59	0.00889346	TRUE	NA	NA	NA	NA	NA	NA
NC_045512.2	2075	G	T	41	5	26	5	5	27	0.0862069	58	0.0156584	FALSE	NA	NA	NA	NA	NA	NA
NC_045512.2	2075	G	C	41	5	26	5	5	25	0.0862069	58	0.0156584	FALSE	NA	NA	NA	NA	NA	NA
NC_045512.2	2075	G	A	41	5	26	7	7	27	0.12069	58	0.00323492	TRUE	NA	NA	NA	NA	NA	NA
NC_045512.2	2076	G	T	33	6	23	6	6	26	0.122449	49	0.00646088	TRUE	NA	NA	NA	NA	NA	NA
NC_045512.2	2076	G	C	33	6	23	3	3	27	0.0612245	49	0.0749339	FALSE	NA	NA	NA	NA	NA	NA
NC_045512.2	2076	G	A	33	6	23	7	7	23	0.142857	49	0.00293676	TRUE	NA	NA	NA	NA	NA	NA
NC_045512.2	2077	T	G	41	8	26	4	4	27	0.0727273	55	0.0395803	FALSE	NA	NA	NA	NA	NA	NA
NC_045512.2	2077	T	C	41	8	26	1	1	28	0.0181818	55	0.4375	FALSE	NA	NA	NA	NA	NA	NA
NC_045512.2	2077	T	A	41	8	26	9	9	27	0.163636	55	0.000911905	TRUE	NA	NA	NA	NA	NA	NA
NC_045512.2	2078	G	T	39	6	26	4	4	27	0.0754717	53	0.038765	FALSE	NA	NA	NA	NA	NA	NA
NC_045512.2	2078	G	C	39	6	26	9	9	26	0.169811	53	0.000881652	TRUE	NA	NA	NA	NA	NA	NA
NC_045512.2	2078	G	A	39	6	26	1	1	27	0.0188679	53	0.434783	FALSE	NA	NA	NA	NA	NA	NA
NC_045512.2	2079	T	G	42	10	26	3	3	27	0.0576923	52	0.0993141	FALSE	NA	NA	NA	NA	NA	NA
NC_045512.2	2079	T	C	42	10	26	3	3	26	0.0576923	52	0.0993141	FALSE	NA	NA	NA	NA	NA	NA
NC_045512.2	2079	T	A	42	10	26	4	4	22	0.0769231	52	0.0470974	FALSE	NA	NA	NA	NA	NA	NA
NC_045512.2	2080	T	G	32	9	23	2	2	27	0.0454545	44	0.191729	FALSE	NA	NA	NA	NA	NA	NA
NC_045512.2	2080	T	C	32	9	23	1	1	24	0.0227273	44	0.434211	FALSE	NA	NA	NA	NA	NA	NA
NC_045512.2	2080	T	A	32	9	23	9	8	28	0.204545	44	0.000951667	TRUE	NA	NA	NA	NA	NA	NA
NC_045512.2	2081	G	T	36	6	25	7	7	26	0.142857	49	0.00398124	TRUE	NA	NA	NA	NA	NA	NA
NC_045512.2	2081	G	C	36	6	25	2	2	29	0.0408163	49	0.192339	FALSE	NA	NA	NA	NA	NA	NA
NC_045512.2	2081	G	A	36	6	25	4	4	26	0.0816327	49	0.0391914	FALSE	NA	NA	NA	NA	NA	NA
NC_045512.2	2082	T	G	37	7	26	4	4	25	0.0816327	49	0.0414765	FALSE	NA	NA	NA	NA	NA	NA
NC_045512.2	2082	T	C	37	7	26	4	4	27	0.0816327	49	0.0414765	FALSE	NA	NA	NA	NA	NA	NA
NC_045512.2	2082	T	A	37	7	26	4	4	24	0.0816327	49	0.0414765	FALSE	NA	NA	NA	NA	NA	NA
NC_045512.2	2083	T	G	36	12	23	2	2	24	0.0454545	44	0.216975	FALSE	NA	NA	NA	NA	NA	NA
NC_045512.2	2083	T	C	36	12	23	2	2	27	0.0454545	44	0.216975	FALSE	NA	NA	NA	NA	NA	NA
NC_045512.2	2083	T	A	36	12	23	4	4	27	0.0909091	44	0.0497328	FALSE	NA	NA	NA	NA	NA	NA
NC_045512.2	2084	C	T	36	6	26	5	5	27	0.1	50	0.0170514	FALSE	NA	NA	NA	NA	NA	NA
NC_045512.2	2084	C	G	36	6	26	5	5	25	0.1	50	0.0170514	FALSE	NA	NA	NA	NA	NA	NA
NC_045512.2	2084	C	A	36	6	26	4	4	26	0.08	50	0.03743	FALSE	NA	NA	NA	NA	NA	NA
NC_045512.2	2085	A	T	37	8	26	3	3	24	0.0612245	49	0.0900343	FALSE	NA	NA	NA	NA	NA	NA
NC_045512.2	2085	A	G	37	8	26	9	8	25	0.183673	49	0.00103576	TRUE	NA	NA	NA	NA	NA	NA
NC_045512.2	2086	G	T	37	7	26	6	6	24	0.12	50	0.00854961	TRUE	NA	NA	NA	NA	NA	NA
NC_045512.2	2086	G	C	37	7	26	2	2	26	0.04	50	0.193574	FALSE	NA	NA	NA	NA	NA	NA
NC_045512.2	2086	G	A	37	7	26	5	5	25	0.1	50	0.0182922	FALSE	NA	NA	NA	NA	NA	NA
NC_045512.2	2087	T	G	41	11	26	4	4	26	0.0816327	49	0.0510303	FALSE	NA	NA	NA	NA	NA	NA
NC_045512.2	2087	T	C	41	11	26	2	2	27	0.0408163	49	0.220513	FALSE	NA	NA	NA	NA	NA	NA
NC_045512.2	2087	T	A	41	11	26	2	2	25	0.0408163	49	0.220513	FALSE	NA	NA	NA	NA	NA	NA
NC_045512.2	2088	T	G	32	8	23	4	4	23	0.0930233	43	0.0412955	FALSE	NA	NA	NA	NA	NA	NA
NC_045512.2	2088	T	C	32	8	23	2	2	28	0.0465116	43	0.196842	FALSE	NA	NA	NA	NA	NA	NA
NC_045512.2	2088	T	A	32	8	23	5	5	26	0.116279	43	0.019341	FALSE	NA	NA	NA	NA	NA	NA
NC_045512.2	2089	G	T	36	6	26	6	6	27	0.125	48	0.00902723	TRUE	NA	NA	NA	NA	NA	NA
NC_045512.2	2089	G	C	36	6	26	2	2	28	0.0416667	48	0.196919	FALSE	NA	NA	NA	NA	NA	NA
NC_045512.2	2089	G	A	36	6	26	4	4	28	0.0833333	48	0.0410576	FALSE	NA	NA	NA	NA	NA	NA
NC_045512.2	2090	A	T	36	6	26	6	6	26	0.122449	49	0.00842541	TRUE	NA	NA	NA	NA	NA	NA
NC_045512.2	2090	A	G	36	6	26	1	1	23	0.0204082	49	0.435294	FALSE	NA	NA	NA	NA	NA	NA
NC_045512.2	2090	A	C	36	6	26	6	6	26	0.122449	49	0.00842541	TRUE	NA	NA	NA	NA	NA	NA
NC_045512.2	2091	C	T	34	5	26	2	2	25	0.0416667	48	0.185131	FALSE	NA	NA	NA	NA	NA	NA
NC_045512.2	2091	C	G	34	5	26	3	3	26	0.0625	48	0.0815457	FALSE	NA	NA	NA	NA	NA	NA
NC_045512.2	2091	C	A	34	5	26	9	9	26	0.1875	48	0.000798471	TRUE	NA	NA	NA	NA	NA	NA
NC_045512.2	2092	T	G	37	8	26	4	4	27	0.0833333	48	0.0434283	FALSE	NA	NA	NA	NA	NA	NA
NC_045512.2	2092	T	C	37	8	26	3	3	23	0.0625	48	0.0932119	FALSE	NA	NA	NA	NA	NA	NA
NC_045512.2	2092	T	A	37	8	26	4	4	24	0.0833333	48	0.0434283	FALSE	NA	NA	NA	NA	NA	NA
NC_045512.2	2093	T	G	31	9	23	2	2	20	0.0487805	41	0.200913	FALSE	NA	NA	NA	NA	NA	NA
NC_045512.2	2093	T	C	31	9	23	5	5	26	0.121951	41	0.0204057	FALSE	NA	NA	NA	NA	NA	NA
NC_045512.2	2093	T	A	31	9	23	3	3	27	0.0731707	41	0.0923115	FALSE	NA	NA	NA	NA	NA	NA
NC_045512.2	2094	C	T	33	5	26	6	6	27	0.12766	47	0.00745992	TRUE	NA	NA	NA	NA	NA	NA
NC_045512.2	2094	C	G	33	5	26	3	3	25	0.0638298	47	0.0806233	FALSE	NA	NA	NA	NA	NA	NA
NC_045512.2	2094	C	A	33	5	26	5	5	25	0.106383	47	0.0162588	FALSE	NA	NA	NA	NA	NA	NA
NC_045512.2	2095	G	T	38	10	26	1	1	26	0.0212766	47	0.458824	FALSE	NA	NA	NA	NA	NA	NA
NC_045512.2	2095	G	C	38	10	26	4	4	23	0.0851064	47	0.0479997	FALSE	NA	NA	NA	NA	NA	NA
NC_045512.2	2095	G	A	38	10	26	4	4	27	0.0851064	47	0.0479997	FALSE	NA	NA	NA	NA	NA	NA
NC_045512.2	2096	C	T	36	8	26	3	3	29	0.0652174	46	0.0959133	FALSE	NA	NA	NA	NA	NA	NA
NC_045512.2	2096	C	G	36	8	26	1	1	27	0.0217391	46	0.45122	FALSE	NA	NA	NA	NA	NA	NA
NC_045512.2	2096	C	A	36	8	26	6	6	26	0.130435	46	0.0103881	FALSE	NA	NA	NA	NA	NA	NA
NC_045512.2	2097	A	T	30	8	26	4	4	27	0.1	40	0.0426082	FALSE	NA	NA	NA	NA	NA	NA
NC_045512.2	2097	A	G	30	8	26	2	2	26	0.05	40	0.199598	FALSE	NA	NA	NA	NA	NA	NA
NC_045512.2	2097	A	C	30	8	26	4	4	27	0.1	40	0.0426082	FALSE	NA	NA	NA	NA	NA	NA
NC_045512.2	2098	G	T	25	5	26	6	6	25	0.157895	38	0.00672689	TRUE	NA	NA	NA	NA	NA	NA
NC_045512.2	2098	G	C	25	5	26	3	3	26	0.0789474	38	0.075	FALSE	NA	NA	NA	NA	NA	NA
NC_045512.2	2098	G	A	25	5	26	4	4	27	0.105263	38	0.0329545	FALSE	NA	NA	NA	NA	NA	NA
NC_045512.2	2099	T	G	30	10	27	1	1	27	0.027027	37	0.462687	FALSE	NA	NA	NA	NA	NA	NA
NC_045512.2	2099	T	C	30	10	27	3	3	28	0.0810811	37	0.104134	FALSE	NA	NA	NA	NA	NA	NA
NC_045512.2	2099	T	A	30	10	27	3	3	27	0.0810811	37	0.104134	FALSE	NA	NA	NA	NA	NA	NA
NC_045512.2	2100	G	T	24	4	27	2	2	24	0.0540541	37	0.171867	FALSE	NA	NA	NA	NA	NA	NA
NC_045512.2	2100	G	C	24	4	27	4	4	28	0.108108	37	0.032225	FALSE	NA	NA	NA	NA	NA	NA
NC_045512.2	2100	G	A	24	4	27	7	7	25	0.189189	37	0.00302372	TRUE	NA	NA	NA	NA	NA	NA
NC_045512.2	2101	G	T	26	7	23	6	6	24	0.166667	36	0.00908047	TRUE	NA	NA	NA	NA	NA	NA
NC_045512.2	2101	G	C	26	7	23	1	1	26	0.0277778	36	0.435484	FALSE	NA	NA	NA	NA	NA	NA
NC_045512.2	2101	G	A	26	7	23	3	3	26	0.0833333	36	0.0877016	FALSE	NA	NA	NA	NA	NA	NA
NC_045512.2	2102	C	T	28	8	26	5	5	26	0.138889	36	0.0227679	FALSE	NA	NA	NA	NA	NA	NA
NC_045512.2	2102	C	A	28	8	26	3	3	26	0.0833333	36	0.0982299	FALSE	NA	NA	NA	NA	NA	NA
NC_045512.2	2103	T	G	27	7	26	1	1	23	0.027027	37	0.4375	FALSE	NA	NA	NA	NA	NA	NA
NC_045512.2	2103	T	C	27	7	26	1	1	25	0.027027	37	0.4375	FALSE	NA	NA	NA	NA	NA	NA
NC_045512.2	2103	T	A	27	7	26	8	8	27	0.216216	37	0.00221219	TRUE	NA	NA	NA	NA	NA	NA
NC_045512.2	2104	A	T	25	5	26	3	3	25	0.0833333	36	0.082496	FALSE	NA	NA	NA	NA	NA	NA
NC_045512.2	2104	A	G	25	5	26	3	3	26	0.0833333	36	0.082496	FALSE	NA	NA	NA	NA	NA	NA
NC_045512.2	2104	A	C	25	5	26	5	5	27	0.138889	36	0.0172528	FALSE	NA	NA	NA	NA	NA	NA
NC_045512.2	2105	A	T	29	9	23	6	6	26	0.162162	37	0.0113334	FALSE	NA	NA	NA	NA	NA	NA
NC_045512.2	2105	A	C	29	9	23	2	2	26	0.0540541	37	0.210312	FALSE	NA	NA	NA	NA	NA	NA
NC_045512.2	2106	C	T	24	4	28	1	1	27	0.027027	37	0.409836	FALSE	NA	NA	NA	NA	NA	NA
NC_045512.2	2106	C	G	24	4	28	7	7	24	0.189189	37	0.00302372	TRUE	NA	NA	NA	NA	NA	NA
NC_045512.2	2106	C	A	24	4	28	5	5	24	0.135135	37	0.0143773	FALSE	NA	NA	NA	NA	NA	NA
NC_045512.2	2107	T	G	25	6	27	6	6	26	0.166667	36	0.00810358	TRUE	NA	NA	NA	NA	NA	NA
NC_045512.2	2107	T	C	25	6	27	2	2	27	0.0555556	36	0.185616	FALSE	NA	NA	NA	NA	NA	NA
NC_045512.2	2107	T	A	25	6	27	3	3	27	0.0833333	36	0.082496	FALSE	NA	NA	NA	NA	NA	NA
NC_045512.2	2108	A	T	26	7	26	5	5	27	0.142857	35	0.0205706	FALSE	NA	NA	NA	NA	NA	NA
NC_045512.2	2108	A	G	26	7	26	2	2	28	0.0571429	35	0.199894	FALSE	NA	NA	NA	NA	NA	NA
NC_045512.2	2108	A	C	26	7	26	2	2	26	0.0571429	35	0.199894	FALSE	NA	NA	NA	NA	NA	NA
NC_045512.2	2109	A	T	21	5	23	5	5	25	0.151515	33	0.0143558	FALSE	NA	NA	NA	NA	NA	NA
NC_045512.2	2109	A	G	21	5	23	7	7	25	0.212121	33	0.00306582	TRUE	NA	NA	NA	NA	NA	NA
NC_045512.2	2110	C	T	25	6	26	3	3	27	0.0857143	35	0.0866208	FALSE	NA	NA	NA	NA	NA	NA
NC_045512.2	2110	C	G	25	6	26	6	6	25	0.171429	35	0.00891393	TRUE	NA	NA	NA	NA	NA	NA
NC_045512.2	2110	C	A	25	6	26	1	1	24	0.0285714	35	0.433333	FALSE	NA	NA	NA	NA	NA	NA
NC_045512.2	2111	A	T	26	8	26	3	3	27	0.0857143	35	0.0920148	FALSE	NA	NA	NA	NA	NA	NA
NC_045512.2	2111	A	G	26	8	26	3	3	28	0.0857143	35	0.0920148	FALSE	NA	NA	NA	NA	NA	NA
NC_045512.2	2111	A	C	26	8	26	3	3	25	0.0857143	35	0.0920148	FALSE	NA	NA	NA	NA	NA	NA
NC_045512.2	2112	T	G	25	7	26	2	2	27	0.0571429	35	0.191803	FALSE	NA	NA	NA	NA	NA	NA
NC_045512.2	2112	T	C	25	7	26	5	5	27	0.142857	35	0.0186905	FALSE	NA	NA	NA	NA	NA	NA
NC_045512.2	2112	T	A	25	7	26	3	3	26	0.0857143	35	0.0866208	FALSE	NA	NA	NA	NA	NA	NA
NC_045512.2	2113	C	T	21	5	26	7	7	24	0.212121	33	0.00306582	TRUE	NA	NA	NA	NA	NA	NA
NC_045512.2	2113	C	G	21	5	26	2	2	26	0.0606061	33	0.17037	FALSE	NA	NA	NA	NA	NA	NA
NC_045512.2	2113	C	A	21	5	26	3	3	28	0.0909091	33	0.0730159	FALSE	NA	NA	NA	NA	NA	NA
NC_045512.2	2114	T	C	27	11	25	2	2	28	0.0625	32	0.229379	FALSE	NA	NA	NA	NA	NA	NA
NC_045512.2	2114	T	A	27	11	25	3	3	23	0.09375	32	0.112809	FALSE	NA	NA	NA	NA	NA	NA
NC_045512.2	2115	T	G	24	8	27	4	4	26	0.121212	33	0.0419884	FALSE	NA	NA	NA	NA	NA	NA
NC_045512.2	2115	T	C	24	8	27	1	1	25	0.030303	33	0.438596	FALSE	NA	NA	NA	NA	NA	NA
NC_045512.2	2115	T	A	24	8	27	4	4	27	0.121212	33	0.0419884	FALSE	NA	NA	NA	NA	NA	NA
NC_045512.2	2116	T	G	19	8	23	2	2	28	0.0740741	27	0.194265	FALSE	NA	NA	NA	NA	NA	NA
NC_045512.2	2116	T	C	19	8	23	4	4	27	0.148148	27	0.0417933	FALSE	NA	NA	NA	NA	NA	NA
NC_045512.2	2116	T	A	19	8	23	2	2	25	0.0740741	27	0.194265	FALSE	NA	NA	NA	NA	NA	NA
NC_045512.2	2117	G	T	21	5	26	7	7	26	0.212121	33	0.00306582	TRUE	NA	NA	NA	NA	NA	NA
NC_045512.2	2117	G	C	21	5	26	1	1	23	0.030303	33	0.407407	FALSE	NA	NA	NA	NA	NA	NA
NC_045512.2	2117	G	A	21	5	26	4	4	27	0.121212	33	0.0320245	FALSE	NA	NA	NA	NA	NA	NA
NC_045512.2	2118	G	T	20	5	23	6	6	26	0.1875	32	0.00634448	TRUE	NA	NA	NA	NA	NA	NA
NC_045512.2	2118	G	C	20	5	23	3	3	27	0.09375	32	0.0713998	FALSE	NA	NA	NA	NA	NA	NA
NC_045512.2	2118	G	A	20	5	23	3	3	24	0.09375	32	0.0713998	FALSE	NA	NA	NA	NA	NA	NA
NC_045512.2	2119	C	T	26	10	27	1	1	24	0.030303	33	0.457627	FALSE	NA	NA	NA	NA	NA	NA
NC_045512.2	2119	C	G	26	10	27	1	1	26	0.030303	33	0.457627	FALSE	NA	NA	NA	NA	NA	NA
NC_045512.2	2119	C	A	26	10	27	5	5	26	0.151515	33	0.0241734	FALSE	NA	NA	NA	NA	NA	NA
NC_045512.2	2120	A	T	24	8	27	3	3	23	0.0909091	33	0.0899751	FALSE	NA	NA	NA	NA	NA	NA
NC_045512.2	2120	A	G	24	8	27	4	4	28	0.121212	33	0.0419884	FALSE	NA	NA	NA	NA	NA	NA
NC_045512.2	2120	A	C	24	8	27	2	2	25	0.0606061	33	0.196612	FALSE	NA	NA	NA	NA	NA	NA
NC_045512.2	2121	C	T	22	6	26	6	6	27	0.181818	33	0.00752519	TRUE	NA	NA	NA	NA	NA	NA
NC_045512.2	2121	C	G	22	6	26	3	3	25	0.0909091	33	0.0786056	FALSE	NA	NA	NA	NA	NA	NA
NC_045512.2	2121	C	A	22	6	26	2	2	29	0.0606061	33	0.179221	FALSE	NA	NA	NA	NA	NA	NA
NC_045512.2	2122	T	G	26	10	26	2	2	24	0.0606061	33	0.213559	FALSE	NA	NA	NA	NA	NA	NA
NC_045512.2	2122	T	C	26	10	26	1	1	27	0.030303	33	0.457627	FALSE	NA	NA	NA	NA	NA	NA
NC_045512.2	2122	T	A	26	10	26	4	4	25	0.121212	33	0.0491265	FALSE	NA	NA	NA	NA	NA	NA
NC_045512.2	2123	G	T	26	10	26	5	5	26	0.15625	32	0.0262573	FALSE	NA	NA	NA	NA	NA	NA
NC_045512.2	2123	G	A	26	10	26	1	1	28	0.03125	32	0.465517	FALSE	NA	NA	NA	NA	NA	NA
NC_045512.2	2124	T	G	24	8	25	5	5	25	0.15625	32	0.021744	FALSE	NA	NA	NA	NA	NA	NA
NC_045512.2	2124	T	C	24	8	25	1	1	27	0.03125	32	0.446429	FALSE	NA	NA	NA	NA	NA	NA
NC_045512.2	2124	T	A	24	8	25	2	2	27	0.0625	32	0.203634	FALSE	NA	NA	NA	NA	NA	NA
NC_045512.2	2125	T	G	21	5	27	3	3	24	0.0909091	33	0.0730159	FALSE	NA	NA	NA	NA	NA	NA
NC_045512.2	2125	T	C	21	5	27	5	5	25	0.151515	33	0.0143558	FALSE	NA	NA	NA	NA	NA	NA
NC_045512.2	2125	T	A	21	5	27	4	4	26	0.121212	33	0.0320245	FALSE	NA	NA	NA	NA	NA	NA
NC_045512.2	2126	T	G	17	9	23	1	1	29	0.0416667	24	0.439024	FALSE	NA	NA	NA	NA	NA	NA
NC_045512.2	2126	T	C	17	9	23	2	2	26	0.0833333	24	0.198606	FALSE	NA	NA	NA	NA	NA	NA
NC_045512.2	2126	T	A	17	9	23	4	4	25	0.166667	24	0.0440881	FALSE	NA	NA	NA	NA	NA	NA
NC_045512.2	2127	A	T	21	5	26	5	5	27	0.16129	31	0.0172207	FALSE	NA	NA	NA	NA	NA	NA
NC_045512.2	2127	A	G	21	5	26	3	3	24	0.0967742	31	0.0815997	FALSE	NA	NA	NA	NA	NA	NA
NC_045512.2	2127	A	C	21	5	26	2	2	28	0.0645161	31	0.183599	FALSE	NA	NA	NA	NA	NA	NA
NC_045512.2	2128	T	G	24	8	26	3	3	27	0.0967742	31	0.0999658	FALSE	NA	NA	NA	NA	NA	NA
NC_045512.2	2128	T	C	24	8	26	4	4	27	0.129032	31	0.0482594	FALSE	NA	NA	NA	NA	NA	NA
NC_045512.2	2129	G	T	28	9	25	4	4	25	0.111111	36	0.0469158	FALSE	NA	NA	NA	NA	NA	NA
NC_045512.2	2129	G	C	28	9	25	3	3	24	0.0833333	36	0.0982299	FALSE	NA	NA	NA	NA	NA	NA
NC_045512.2	2129	G	A	28	9	25	1	1	26	0.0277778	36	0.453125	FALSE	NA	NA	NA	NA	NA	NA
NC_045512.2	2129	G	-A	28	9	25	6	0	20	0.166667	36	0.011219	FALSE	NA	NA	NA	NA	NA	NA
NC_045512.2	2130	A	T	14	1	24	5	5	25	0.185185	27	0.00495007	TRUE	NA	NA	NA	NA	NA	NA
NC_045512.2	2130	A	G	14	1	24	5	3	27	0.185185	27	0.00495007	TRUE	NA	NA	NA	NA	NA	NA
NC_045512.2	2130	A	C	14	1	24	3	3	27	0.111111	27	0.0369084	FALSE	NA	NA	NA	NA	NA	NA
NC_045512.2	2131	A	T	27	9	26	3	3	29	0.0882353	34	0.102239	FALSE	NA	NA	NA	NA	NA	NA
NC_045512.2	2131	A	G	27	9	26	3	3	27	0.0882353	34	0.102239	FALSE	NA	NA	NA	NA	NA	NA
NC_045512.2	2131	A	C	27	9	26	1	1	27	0.0294118	34	0.459016	FALSE	NA	NA	NA	NA	NA	NA
NC_045512.2	2132	A	T	23	6	26	6	5	27	0.176471	34	0.0077271	TRUE	NA	NA	NA	NA	NA	NA
NC_045512.2	2132	A	G	23	6	26	3	3	25	0.0882353	34	0.0799779	FALSE	NA	NA	NA	NA	NA	NA
NC_045512.2	2132	A	C	23	6	26	2	2	27	0.0588235	34	0.181488	FALSE	NA	NA	NA	NA	NA	NA
NC_045512.2	2133	A	T	26	8	26	4	4	28	0.117647	34	0.0460074	FALSE	NA	NA	NA	NA	NA	NA
NC_045512.2	2133	A	G	26	8	26	2	2	30	0.0588235	34	0.206557	FALSE	NA	NA	NA	NA	NA	NA
NC_045512.2	2133	A	C	26	8	26	2	2	28	0.0588235	34	0.206557	FALSE	NA	NA	NA	NA	NA	NA
NC_045512.2	2134	A	T	10	7	25	5	5	27	0.263158	19	0.0126529	FALSE	NA	NA	NA	NA	NA	NA
NC_045512.2	2134	A	G	10	7	25	2	2	24	0.105263	19	0.151724	FALSE	NA	NA	NA	NA	NA	NA
NC_045512.2	2134	A	C	10	7	25	2	2	24	0.105263	19	0.151724	FALSE	NA	NA	NA	NA	NA	NA
NC_045512.2	2135	C	T	22	6	26	3	3	26	0.09375	32	0.0829726	FALSE	NA	NA	NA	NA	NA	NA
NC_045512.2	2135	C	G	22	6	26	6	6	27	0.1875	32	0.00836132	TRUE	NA	NA	NA	NA	NA	NA
NC_045512.2	2135	C	A	22	6	26	1	1	28	0.03125	32	0.425926	FALSE	NA	NA	NA	NA	NA	NA
NC_045512.2	2136	T	G	22	6	26	4	4	27	0.133333	30	0.0438346	FALSE	NA	NA	NA	NA	NA	NA
NC_045512.2	2136	T	C	22	6	26	3	3	27	0.1	30	0.092727	FALSE	NA	NA	NA	NA	NA	NA
NC_045512.2	2136	T	A	22	6	26	1	1	25	0.0333333	30	0.442308	FALSE	NA	NA	NA	NA	NA	NA
NC_045512.2	2137	C	T	20	5	26	5	5	25	0.166667	30	0.0167999	FALSE	NA	NA	NA	NA	NA	NA
NC_045512.2	2137	C	G	20	5	26	1	1	28	0.0333333	30	0.42	FALSE	NA	NA	NA	NA	NA	NA
NC_045512.2	2137	C	A	20	5	26	4	4	26	0.133333	30	0.0362879	FALSE	NA	NA	NA	NA	NA	NA
NC_045512.2	2138	A	T	24	9	25	6	6	26	0.193548	31	0.0118604	FALSE	NA	NA	NA	NA	NA	NA
NC_045512.2	2138	A	G	24	9	25	1	1	27	0.0322581	31	0.454545	FALSE	NA	NA	NA	NA	NA	NA
NC_045512.2	2139	A	T	25	10	27	2	2	24	0.0645161	31	0.219925	FALSE	NA	NA	NA	NA	NA	NA
NC_045512.2	2139	A	G	25	10	27	3	3	26	0.0967742	31	0.106171	FALSE	NA	NA	NA	NA	NA	NA
NC_045512.2	2139	A	C	25	10	27	1	1	27	0.0322581	31	0.464286	FALSE	NA	NA	NA	NA	NA	NA
NC_045512.2	2140	A	T	19	10	24	2	2	26	0.08	25	0.212121	FALSE	NA	NA	NA	NA	NA	NA
NC_045512.2	2140	A	G	19	10	24	1	1	28	0.04	25	0.454545	FALSE	NA	NA	NA	NA	NA	NA
NC_045512.2	2140	A	C	19	10	24	3	3	27	0.12	25	0.101449	FALSE	NA	NA	NA	NA	NA	NA
NC_045512.2	2141	C	T	22	9	26	6	6	26	0.206897	29	0.0116033	FALSE	NA	NA	NA	NA	NA	NA
NC_045512.2	2141	C	A	22	9	26	1	1	28	0.0344828	29	0.45098	FALSE	NA	NA	NA	NA	NA	NA
NC_045512.2	2142	C	T	18	5	28	6	6	25	0.206897	29	0.00661129	TRUE	NA	NA	NA	NA	NA	NA
NC_045512.2	2142	C	G	18	5	28	2	2	25	0.0689655	29	0.16844	FALSE	NA	NA	NA	NA	NA	NA
NC_045512.2	2142	C	A	18	5	28	3	3	24	0.103448	29	0.0721884	FALSE	NA	NA	NA	NA	NA	NA
NC_045512.2	2143	C	T	17	8	24	2	2	27	0.08	25	0.189369	FALSE	NA	NA	NA	NA	NA	NA
NC_045512.2	2143	C	G	17	8	24	2	2	27	0.08	25	0.189369	FALSE	NA	NA	NA	NA	NA	NA
NC_045512.2	2143	C	A	17	8	24	4	4	25	0.16	25	0.0401691	FALSE	NA	NA	NA	NA	NA	NA
NC_045512.2	2144	G	T	18	5	26	1	1	28	0.0357143	28	0.413043	FALSE	NA	NA	NA	NA	NA	NA
NC_045512.2	2144	G	C	18	5	26	7	7	27	0.25	28	0.00359309	TRUE	NA	NA	NA	NA	NA	NA
NC_045512.2	2144	G	A	18	5	26	2	2	24	0.0714286	28	0.175763	FALSE	NA	NA	NA	NA	NA	NA
NC_045512.2	2145	T	G	20	7	27	1	1	28	0.0344828	29	0.428571	FALSE	NA	NA	NA	NA	NA	NA
NC_045512.2	2145	T	C	20	7	27	2	2	25	0.0689655	29	0.188571	FALSE	NA	NA	NA	NA	NA	NA
NC_045512.2	2145	T	A	20	7	27	6	6	28	0.206897	29	0.00891426	TRUE	NA	NA	NA	NA	NA	NA
NC_045512.2	2146	C	T	18	5	27	4	4	28	0.137931	29	0.0317629	FALSE	NA	NA	NA	NA	NA	NA
NC_045512.2	2146	C	G	18	5	27	1	1	27	0.0344828	29	0.404255	FALSE	NA	NA	NA	NA	NA	NA
NC_045512.2	2146	C	A	18	5	27	6	6	26	0.206897	29	0.00661129	TRUE	NA	NA	NA	NA	NA	NA
NC_045512.2	2147	C	T	21	9	25	2	2	25	0.0740741	27	0.215136	FALSE	NA	NA	NA	NA	NA	NA
NC_045512.2	2147	C	G	21	9	25	2	2	27	0.0740741	27	0.215136	FALSE	NA	NA	NA	NA	NA	NA
NC_045512.2	2147	C	A	21	9	25	2	2	27	0.0740741	27	0.215136	FALSE	NA	NA	NA	NA	NA	NA
NC_045512.2	2148	T	G	22	10	26	2	2	25	0.0714286	28	0.216471	FALSE	NA	NA	NA	NA	NA	NA
NC_045512.2	2148	T	C	22	10	26	3	3	28	0.107143	28	0.104072	FALSE	NA	NA	NA	NA	NA	NA
NC_045512.2	2148	T	A	22	10	26	1	1	24	0.0357143	28	0.46	FALSE	NA	NA	NA	NA	NA	NA
NC_045512.2	2149	T	G	20	9	25	2	2	26	0.0769231	26	0.213691	FALSE	NA	NA	NA	NA	NA	NA
NC_045512.2	2149	T	C	20	9	25	2	2	28	0.0769231	26	0.213691	FALSE	NA	NA	NA	NA	NA	NA
NC_045512.2	2149	T	A	20	9	25	2	2	22	0.0769231	26	0.213691	FALSE	NA	NA	NA	NA	NA	NA
NC_045512.2	2150	G	T	21	9	26	5	5	27	0.178571	28	0.0229224	FALSE	NA	NA	NA	NA	NA	NA
NC_045512.2	2150	G	A	21	9	26	2	2	27	0.0714286	28	0.206531	FALSE	NA	NA	NA	NA	NA	NA
NC_045512.2	2151	A	T	16	4	26	5	5	24	0.178571	28	0.011884	FALSE	NA	NA	NA	NA	NA	NA
NC_045512.2	2151	A	G	16	4	26	5	5	24	0.178571	28	0.011884	FALSE	NA	NA	NA	NA	NA	NA
NC_045512.2	2151	A	C	16	4	26	2	2	27	0.0714286	28	0.154545	FALSE	NA	NA	NA	NA	NA	NA
NC_045512.2	2152	T	G	20	8	26	4	4	26	0.142857	28	0.042521	FALSE	NA	NA	NA	NA	NA	NA
NC_045512.2	2152	T	C	20	8	26	3	3	24	0.107143	28	0.0903571	FALSE	NA	NA	NA	NA	NA	NA
NC_045512.2	2152	T	A	20	8	26	1	1	23	0.0357143	28	0.4375	FALSE	NA	NA	NA	NA	NA	NA
NC_045512.2	2153	T	G	18	7	24	1	1	28	0.037037	27	0.422222	FALSE	NA	NA	NA	NA	NA	NA
NC_045512.2	2153	T	C	18	7	24	6	6	27	0.222222	27	0.00847011	TRUE	NA	NA	NA	NA	NA	NA
NC_045512.2	2153	T	A	18	7	24	2	2	25	0.0740741	27	0.183575	FALSE	NA	NA	NA	NA	NA	NA
NC_045512.2	2154	G	T	17	5	26	4	4	25	0.142857	28	0.0307586	FALSE	NA	NA	NA	NA	NA	NA
NC_045512.2	2154	G	C	17	5	26	2	2	25	0.0714286	28	0.165217	FALSE	NA	NA	NA	NA	NA	NA
NC_045512.2	2154	G	A	17	5	26	5	5	26	0.178571	28	0.01381	FALSE	NA	NA	NA	NA	NA	NA
NC_045512.2	2155	G	T	17	5	24	2	2	27	0.0714286	28	0.165217	FALSE	NA	NA	NA	NA	NA	NA
NC_045512.2	2155	G	C	17	5	24	5	5	27	0.178571	28	0.01381	FALSE	NA	NA	NA	NA	NA	NA
NC_045512.2	2155	G	A	17	5	24	4	4	27	0.142857	28	0.0307586	FALSE	NA	NA	NA	NA	NA	NA
NC_045512.2	2156	C	T	20	8	27	4	4	27	0.148148	27	0.0461398	FALSE	NA	NA	NA	NA	NA	NA
NC_045512.2	2156	C	G	20	8	27	2	2	27	0.0740741	27	0.204787	FALSE	NA	NA	NA	NA	NA	NA
NC_045512.2	2156	C	A	20	8	27	1	1	27	0.037037	27	0.446809	FALSE	NA	NA	NA	NA	NA	NA
NC_045512.2	2157	T	G	20	8	27	2	2	27	0.0740741	27	0.204787	FALSE	NA	NA	NA	NA	NA	NA
NC_045512.2	2157	T	A	20	8	27	5	5	26	0.185185	27	0.0226176	FALSE	NA	NA	NA	NA	NA	NA
NC_045512.2	2158	T	G	20	8	23	2	2	28	0.0740741	27	0.204787	FALSE	NA	NA	NA	NA	NA	NA
NC_045512.2	2158	T	C	20	8	23	1	1	28	0.037037	27	0.446809	FALSE	NA	NA	NA	NA	NA	NA
NC_045512.2	2158	T	A	20	8	23	4	4	24	0.148148	27	0.0461398	FALSE	NA	NA	NA	NA	NA	NA
NC_045512.2	2159	G	T	15	3	27	7	7	27	0.259259	27	0.00231626	TRUE	NA	NA	NA	NA	NA	NA
NC_045512.2	2159	G	C	15	3	27	3	3	27	0.111111	27	0.0616128	FALSE	NA	NA	NA	NA	NA	NA
NC_045512.2	2159	G	A	15	3	27	2	2	26	0.0740741	27	0.150609	FALSE	NA	NA	NA	NA	NA	NA
NC_045512.2	2160	A	T	16	4	26	6	6	28	0.222222	27	0.00608018	TRUE	NA	NA	NA	NA	NA	NA
NC_045512.2	2160	A	G	16	4	26	3	3	24	0.111111	27	0.0682875	FALSE	NA	NA	NA	NA	NA	NA
NC_045512.2	2160	A	C	16	4	26	2	2	25	0.0740741	27	0.161734	FALSE	NA	NA	NA	NA	NA	NA
NC_045512.2	2161	A	T	20	9	24	2	2	26	0.0769231	26	0.213691	FALSE	NA	NA	NA	NA	NA	NA
NC_045512.2	2161	A	G	20	9	24	4	4	28	0.153846	26	0.050152	FALSE	NA	NA	NA	NA	NA	NA
NC_045512.2	2162	G	T	15	3	27	4	4	25	0.153846	26	0.0285523	FALSE	NA	NA	NA	NA	NA	NA
NC_045512.2	2162	G	C	15	3	27	3	3	23	0.115385	26	0.0661211	FALSE	NA	NA	NA	NA	NA	NA
NC_045512.2	2162	G	A	15	3	27	4	4	25	0.153846	26	0.0285523	FALSE	NA	NA	NA	NA	NA	NA
NC_045512.2	2163	A	T	8	1	27	3	3	24	0.25	12	0.107143	FALSE	NA	NA	NA	NA	NA	NA
NC_045512.2	2163	A	C	8	1	27	1	1	22	0.0833333	12	0.45	FALSE	NA	NA	NA	NA	NA	NA
NC_045512.2	2164	G	T	8	1	27	1	1	27	0.1	10	0.5	FALSE	NA	NA	NA	NA	NA	NA
NC_045512.2	2164	G	C	8	1	27	1	1	25	0.1	10	0.5	FALSE	NA	NA	NA	NA	NA	NA
NC_045512.2	2165	A	G	9	2	26	1	1	27	0.1	10	0.526316	FALSE	NA	NA	NA	NA	NA	NA
NC_045512.2	2166	A	T	7	2	24	1	1	25	0.111111	9	0.5	FALSE	NA	NA	NA	NA	NA	NA
NC_045512.2	2166	A	G	7	2	24	1	0	28	0.111111	9	0.5	FALSE	NA	NA	NA	NA	NA	NA
NC_045512.2	2167	G	C	8	1	26	1	1	27	0.1	10	0.5	FALSE	NA	NA	NA	NA	NA	NA
NC_045512.2	2167	G	A	8	1	26	1	1	28	0.1	10	0.5	FALSE	NA	NA	NA	NA	NA	NA
NC_045512.2	2168	T	G	9	2	27	1	1	27	0.1	10	0.526316	FALSE	NA	NA	NA	NA	NA	NA
NC_045512.2	2169	T	A	8	1	28	2	2	25	0.2	10	0.263158	FALSE	NA	NA	NA	NA	NA	NA
NC_045512.2	2170	T	G	7	1	23	2	2	25	0.222222	9	0.264706	FALSE	NA	NA	NA	NA	NA	NA
NC_045512.2	2171	A	T	9	2	26	1	1	22	0.1	10	0.526316	FALSE	NA	NA	NA	NA	NA	NA
NC_045512.2	2172	A	T	9	2	24	1	1	27	0.1	10	0.526316	FALSE	NA	NA	NA	NA	NA	NA
NC_045512.2	2174	G	T	8	1	23	2	2	22	0.2	10	0.263158	FALSE	NA	NA	NA	NA	NA	NA
NC_045512.2	2175	A	T	8	1	26	1	1	30	0.111111	9	0.529412	FALSE	NA	NA	NA	NA	NA	NA
NC_045512.2	2201	T	A	5	0	21	1	1	24	0.166667	6	0.545455	FALSE	NA	NA	NA	NA	NA	NA
NC_045512.2	2202	G	A	6	0	26	1	1	23	0.142857	7	0.538462	FALSE	NA	NA	NA	NA	NA	NA
NC_045512.2	2203	G	A	6	0	27	1	1	24	0.142857	7	0.538462	FALSE	NA	NA	NA	NA	NA	NA
NC_045512.2	2204	G	C	2	0	21	1	1	24	0.333333	3	0.6	FALSE	NA	NA	NA	NA	NA	NA
NC_045512.2	2205	A	T	6	0	26	1	1	25	0.142857	7	0.538462	FALSE	NA	NA	NA	NA	NA	NA
NC_045512.2	2206	A	C	6	0	26	1	1	26	0.142857	7	0.538462	FALSE	NA	NA	NA	NA	NA	NA
NC_045512.2	2208	T	A	6	0	26	1	1	27	0.142857	7	0.538462	FALSE	NA	NA	NA	NA	NA	NA
NC_045512.2	2209	T	A	6	0	22	1	1	27	0.142857	7	0.538462	FALSE	NA	NA	NA	NA	NA	NA
NC_045512.2	2210	G	C	6	0	27	1	1	20	0.142857	7	0.538462	FALSE	NA	NA	NA	NA	NA	NA
NC_045512.2	2211	T	C	6	0	27	1	1	27	0.142857	7	0.538462	FALSE	NA	NA	NA	NA	NA	NA
NC_045512.2	2212	T	C	6	0	21	1	1	27	0.142857	7	0.538462	FALSE	NA	NA	NA	NA	NA	NA
NC_045512.2	2213	A	G	6	0	27	1	1	26	0.142857	7	0.538462	FALSE	NA	NA	NA	NA	NA	NA
NC_045512.2	2214	A	T	6	0	28	1	1	26	0.142857	7	0.538462	FALSE	NA	NA	NA	NA	NA	NA
NC_045512.2	2215	A	C	3	0	22	1	1	22	0.25	4	0.571429	FALSE	NA	NA	NA	NA	NA	NA
NC_045512.2	2216	T	G	6	0	27	1	1	24	0.125	8	0.5	FALSE	NA	NA	NA	NA	NA	NA
NC_045512.2	2216	T	C	6	0	27	1	1	27	0.125	8	0.5	FALSE	NA	NA	NA	NA	NA	NA
NC_045512.2	2218	T	A	3	1	23	1	1	24	0.25	4	0.571429	FALSE	NA	NA	NA	NA	NA	NA
NC_045512.2	2219	A	G	7	1	25	1	1	25	0.125	8	0.533333	FALSE	NA	NA	NA	NA	NA	NA
NC_045512.2	2220	T	A	6	0	25	2	2	24	0.25	8	0.266667	FALSE	NA	NA	NA	NA	NA	NA
NC_045512.2	2221	C	T	5	0	26	1	1	22	0.142857	7	0.5	FALSE	NA	NA	NA	NA	NA	NA
NC_045512.2	2221	C	A	5	0	26	1	1	24	0.142857	7	0.5	FALSE	NA	NA	NA	NA	NA	NA
NC_045512.2	2222	T	C	5	0	26	2	2	23	0.285714	7	0.269231	FALSE	NA	NA	NA	NA	NA	NA
NC_045512.2	2223	C	T	5	0	27	1	1	23	0.166667	6	0.545455	FALSE	NA	NA	NA	NA	NA	NA
NC_045512.2	2224	A	G	5	0	28	2	2	27	0.25	8	0.230769	FALSE	NA	NA	NA	NA	NA	NA
NC_045512.2	2224	A	C	5	0	28	1	1	26	0.125	8	0.461538	FALSE	NA	NA	NA	NA	NA	NA
NC_045512.2	2225	A	C	5	0	22	1	1	25	0.166667	6	0.545455	FALSE	NA	NA	NA	NA	NA	NA
NC_045512.2	2226	C	A	5	0	28	2	2	28	0.285714	7	0.269231	FALSE	NA	NA	NA	NA	NA	NA
NC_045512.2	2227	C	T	5	0	22	1	1	25	0.125	8	0.461538	FALSE	NA	NA	NA	NA	NA	NA
NC_045512.2	2227	C	A	5	0	22	2	2	25	0.25	8	0.230769	FALSE	NA	NA	NA	NA	NA	NA
NC_045512.2	2228	T	G	5	0	27	1	1	26	0.142857	7	0.5	FALSE	NA	NA	NA	NA	NA	NA
NC_045512.2	2228	T	A	5	0	27	1	1	28	0.142857	7	0.5	FALSE	NA	NA	NA	NA	NA	NA
NC_045512.2	2229	G	C	4	0	28	1	1	23	0.125	8	0.416667	FALSE	NA	NA	NA	NA	NA	NA
NC_045512.2	2229	G	A	4	0	28	3	2	24	0.375	8	0.0961538	FALSE	NA	NA	NA	NA	NA	NA
NC_045512.2	2230	T	C	5	0	27	2	2	24	0.25	8	0.230769	FALSE	NA	NA	NA	NA	NA	NA
NC_045512.2	2230	T	A	5	0	27	1	1	27	0.125	8	0.461538	FALSE	NA	NA	NA	NA	NA	NA
NC_045512.2	2231	G	T	7	2	26	1	1	25	0.125	8	0.533333	FALSE	NA	NA	NA	NA	NA	NA
NC_045512.2	2232	C	T	5	1	26	1	1	28	0.142857	7	0.5	FALSE	NA	NA	NA	NA	NA	NA
NC_045512.2	2232	C	A	5	1	26	1	1	26	0.142857	7	0.5	FALSE	NA	NA	NA	NA	NA	NA
NC_045512.2	2233	T	G	4	0	27	1	1	27	0.166667	6	0.5	FALSE	NA	NA	NA	NA	NA	NA
NC_045512.2	2233	T	C	4	0	27	1	1	22	0.166667	6	0.5	FALSE	NA	NA	NA	NA	NA	NA
NC_045512.2	2234	T	C	3	0	23	1	1	28	0.166667	6	0.444444	FALSE	NA	NA	NA	NA	NA	NA
NC_045512.2	2234	T	A	3	0	23	2	2	24	0.333333	6	0.222222	FALSE	NA	NA	NA	NA	NA	NA
NC_045512.2	2235	G	T	4	0	26	1	1	24	0.142857	7	0.454545	FALSE	NA	NA	NA	NA	NA	NA
NC_045512.2	2235	G	A	4	0	26	2	2	26	0.285714	7	0.227273	FALSE	NA	NA	NA	NA	NA	NA
NC_045512.2	2236	T	G	5	1	27	1	1	27	0.166667	6	0.545455	FALSE	NA	NA	NA	NA	NA	NA
NC_045512.2	2237	G	T	5	1	26	1	1	22	0.142857	7	0.5	FALSE	NA	NA	NA	NA	NA	NA
NC_045512.2	2237	G	C	5	1	26	1	1	25	0.142857	7	0.5	FALSE	NA	NA	NA	NA	NA	NA
NC_045512.2	2238	A	T	4	1	26	1	1	31	0.142857	7	0.454545	FALSE	NA	NA	NA	NA	NA	NA
NC_045512.2	2238	A	G	4	1	26	1	0	23	0.142857	7	0.454545	FALSE	NA	NA	NA	NA	NA	NA
NC_045512.2	2238	A	C	4	1	26	1	1	25	0.142857	7	0.454545	FALSE	NA	NA	NA	NA	NA	NA
NC_045512.2	2239	A	T	4	0	26	2	2	27	0.285714	7	0.227273	FALSE	NA	NA	NA	NA	NA	NA
NC_045512.2	2239	A	G	4	0	26	1	1	25	0.142857	7	0.454545	FALSE	NA	NA	NA	NA	NA	NA
NC_045512.2	2240	A	T	5	2	23	1	1	23	0.166667	6	0.545455	FALSE	NA	NA	NA	NA	NA	NA
NC_045512.2	2241	T	G	4	0	26	1	1	22	0.166667	6	0.5	FALSE	NA	NA	NA	NA	NA	NA
NC_045512.2	2241	T	A	4	0	26	1	1	28	0.166667	6	0.5	FALSE	NA	NA	NA	NA	NA	NA
NC_045512.2	2242	T	G	4	0	23	2	2	25	0.285714	7	0.227273	FALSE	NA	NA	NA	NA	NA	NA
NC_045512.2	2242	T	C	4	0	23	1	1	23	0.142857	7	0.454545	FALSE	NA	NA	NA	NA	NA	NA
NC_045512.2	2243	G	C	5	1	27	1	1	23	0.166667	6	0.545455	FALSE	NA	NA	NA	NA	NA	NA
NC_045512.2	2244	T	A	5	1	27	1	1	24	0.166667	6	0.545455	FALSE	NA	NA	NA	NA	NA	NA
NC_045512.2	2245	C	T	4	0	28	1	1	23	0.142857	7	0.454545	FALSE	NA	NA	NA	NA	NA	NA
NC_045512.2	2245	C	G	4	0	28	1	1	27	0.142857	7	0.454545	FALSE	NA	NA	NA	NA	NA	NA
NC_045512.2	2245	C	A	4	0	28	1	1	30	0.142857	7	0.454545	FALSE	NA	NA	NA	NA	NA	NA
NC_045512.2	2246	G	A	6	2	26	1	1	27	0.142857	7	0.538462	FALSE	NA	NA	NA	NA	NA	NA
NC_045512.2	2247	G	T	5	1	23	1	1	23	0.142857	7	0.5	FALSE	NA	NA	NA	NA	NA	NA
NC_045512.2	2247	G	A	5	1	23	1	1	22	0.142857	7	0.5	FALSE	NA	NA	NA	NA	NA	NA
NC_045512.2	2248	T	A	6	2	27	1	1	28	0.142857	7	0.538462	FALSE	NA	NA	NA	NA	NA	NA
NC_045512.2	2250	G	T	5	1	23	1	1	27	0.142857	7	0.5	FALSE	NA	NA	NA	NA	NA	NA
NC_045512.2	2250	G	A	5	1	23	1	1	28	0.142857	7	0.5	FALSE	NA	NA	NA	NA	NA	NA
NC_045512.2	2251	A	G	5	1	27	1	1	28	0.142857	7	0.5	FALSE	NA	NA	NA	NA	NA	NA
NC_045512.2	2251	A	C	5	1	27	1	1	27	0.142857	7	0.5	FALSE	NA	NA	NA	NA	NA	NA
NC_045512.2	2252	C	T	4	0	28	1	1	23	0.142857	7	0.454545	FALSE	NA	NA	NA	NA	NA	NA
NC_045512.2	2252	C	G	4	0	28	1	1	26	0.142857	7	0.454545	FALSE	NA	NA	NA	NA	NA	NA
NC_045512.2	2252	C	A	4	0	28	1	1	23	0.142857	7	0.454545	FALSE	NA	NA	NA	NA	NA	NA
NC_045512.2	2253	A	T	6	2	28	1	1	27	0.142857	7	0.538462	FALSE	NA	NA	NA	NA	NA	NA
NC_045512.2	2254	A	G	4	0	28	3	3	26	0.428571	7	0.122378	FALSE	NA	NA	NA	NA	NA	NA
NC_045512.2	2256	T	A	6	2	27	1	1	28	0.142857	7	0.538462	FALSE	NA	NA	NA	NA	NA	NA
NC_045512.2	2257	T	G	6	2	24	1	1	28	0.142857	7	0.538462	FALSE	NA	NA	NA	NA	NA	NA
NC_045512.2	2258	G	C	4	0	27	1	1	25	0.142857	7	0.454545	FALSE	NA	NA	NA	NA	NA	NA
NC_045512.2	2258	G	A	4	0	27	2	2	24	0.285714	7	0.227273	FALSE	NA	NA	NA	NA	NA	NA
NC_045512.2	2259	T	G	5	1	26	1	1	27	0.142857	7	0.5	FALSE	NA	NA	NA	NA	NA	NA
NC_045512.2	2259	T	A	5	1	26	1	1	26	0.142857	7	0.5	FALSE	NA	NA	NA	NA	NA	NA
NC_045512.2	2260	C	T	4	0	27	1	1	29	0.142857	7	0.454545	FALSE	NA	NA	NA	NA	NA	NA
NC_045512.2	2260	C	G	4	0	27	1	1	20	0.142857	7	0.454545	FALSE	NA	NA	NA	NA	NA	NA
NC_045512.2	2260	C	A	4	0	27	1	1	21	0.142857	7	0.454545	FALSE	NA	NA	NA	NA	NA	NA
NC_045512.2	2261	A	G	6	2	27	1	1	27	0.142857	7	0.538462	FALSE	NA	NA	NA	NA	NA	NA
NC_045512.2	2262	C	G	4	0	27	2	2	27	0.285714	7	0.227273	FALSE	NA	NA	NA	NA	NA	NA
NC_045512.2	2262	C	A	4	0	27	1	1	22	0.142857	7	0.454545	FALSE	NA	NA	NA	NA	NA	NA
NC_045512.2	2263	C	T	4	0	24	1	1	22	0.142857	7	0.454545	FALSE	NA	NA	NA	NA	NA	NA
NC_045512.2	2263	C	A	4	0	24	2	2	28	0.285714	7	0.227273	FALSE	NA	NA	NA	NA	NA	NA
NC_045512.2	2264	T	G	5	1	28	2	2	25	0.285714	7	0.269231	FALSE	NA	NA	NA	NA	NA	NA
NC_045512.2	2265	G	T	5	1	28	1	1	27	0.142857	7	0.5	FALSE	NA	NA	NA	NA	NA	NA
NC_045512.2	2265	G	A	5	1	28	1	1	23	0.142857	7	0.5	FALSE	NA	NA	NA	NA	NA	NA
NC_045512.2	2266	T	C	5	1	26	1	1	23	0.142857	7	0.5	FALSE	NA	NA	NA	NA	NA	NA
NC_045512.2	2266	T	A	5	1	26	1	1	26	0.142857	7	0.5	FALSE	NA	NA	NA	NA	NA	NA
NC_045512.2	2267	G	A	5	1	27	1	1	31	0.166667	6	0.545455	FALSE	NA	NA	NA	NA	NA	NA
NC_045512.2	2268	C	T	4	0	27	1	1	27	0.142857	7	0.454545	FALSE	NA	NA	NA	NA	NA	NA
NC_045512.2	2268	C	G	4	0	27	2	2	27	0.285714	7	0.227273	FALSE	NA	NA	NA	NA	NA	NA
NC_045512.2	2269	A	T	5	1	28	1	1	23	0.142857	7	0.5	FALSE	NA	NA	NA	NA	NA	NA
NC_045512.2	2269	A	G	5	1	28	1	1	34	0.142857	7	0.5	FALSE	NA	NA	NA	NA	NA	NA
NC_045512.2	2270	A	T	4	1	30	1	1	24	0.166667	6	0.5	FALSE	NA	NA	NA	NA	NA	NA
NC_045512.2	2270	A	G	4	1	30	1	1	28	0.166667	6	0.5	FALSE	NA	NA	NA	NA	NA	NA
NC_045512.2	2273	G	T	4	2	23	1	1	22	0.2	5	0.555556	FALSE	NA	NA	NA	NA	NA	NA
NC_045512.2	2274	A	T	3	0	26	2	2	28	0.4	5	0.277778	FALSE	NA	NA	NA	NA	NA	NA
NC_045512.2	2275	A	T	4	1	27	1	1	27	0.166667	6	0.5	FALSE	NA	NA	NA	NA	NA	NA
NC_045512.2	2275	A	G	4	1	27	1	1	27	0.166667	6	0.5	FALSE	NA	NA	NA	NA	NA	NA
NC_045512.2	2276	A	T	3	1	23	1	1	27	0.166667	6	0.444444	FALSE	NA	NA	NA	NA	NA	NA
NC_045512.2	2276	A	C	3	1	23	2	2	26	0.333333	6	0.222222	FALSE	NA	NA	NA	NA	NA	NA
NC_045512.2	2277	T	A	6	3	23	1	1	27	0.142857	7	0.538462	FALSE	NA	NA	NA	NA	NA	NA
NC_045512.2	2278	T	G	6	3	25	1	1	31	0.142857	7	0.538462	FALSE	NA	NA	NA	NA	NA	NA
NC_045512.2	2279	A	G	6	3	27	1	1	27	0.142857	7	0.538462	FALSE	NA	NA	NA	NA	NA	NA
NC_045512.2	2280	A	T	3	0	23	1	1	22	0.142857	7	0.4	FALSE	NA	NA	NA	NA	NA	NA
NC_045512.2	2280	A	G	3	0	23	3	3	27	0.428571	7	0.0909091	FALSE	NA	NA	NA	NA	NA	NA
NC_045512.2	2281	G	T	3	0	27	2	2	24	0.285714	7	0.181818	FALSE	NA	NA	NA	NA	NA	NA
NC_045512.2	2281	G	A	3	0	27	2	2	27	0.285714	7	0.181818	FALSE	NA	NA	NA	NA	NA	NA
NC_045512.2	2282	G	T	5	2	24	1	1	30	0.142857	7	0.5	FALSE	NA	NA	NA	NA	NA	NA
NC_045512.2	2282	G	A	5	2	24	1	1	22	0.142857	7	0.5	FALSE	NA	NA	NA	NA	NA	NA
NC_045512.2	2283	A	T	6	3	27	1	1	27	0.142857	7	0.538462	FALSE	NA	NA	NA	NA	NA	NA
NC_045512.2	2284	G	C	3	0	26	3	3	26	0.428571	7	0.0909091	FALSE	NA	NA	NA	NA	NA	NA
NC_045512.2	2284	G	A	3	0	26	1	1	28	0.142857	7	0.4	FALSE	NA	NA	NA	NA	NA	NA
NC_045512.2	2285	A	T	3	0	27	2	2	22	0.285714	7	0.181818	FALSE	NA	NA	NA	NA	NA	NA
NC_045512.2	2285	A	G	3	0	27	2	2	21	0.285714	7	0.181818	FALSE	NA	NA	NA	NA	NA	NA
NC_045512.2	2286	G	T	5	2	27	2	2	28	0.285714	7	0.269231	FALSE	NA	NA	NA	NA	NA	NA
NC_045512.2	2287	T	A	6	3	26	1	1	26	0.142857	7	0.538462	FALSE	NA	NA	NA	NA	NA	NA
NC_045512.2	2288	G	T	4	1	27	2	2	27	0.285714	7	0.227273	FALSE	NA	NA	NA	NA	NA	NA
NC_045512.2	2288	G	A	4	1	27	1	1	28	0.142857	7	0.454545	FALSE	NA	NA	NA	NA	NA	NA
NC_045512.2	2289	T	G	4	1	27	1	1	21	0.166667	6	0.5	FALSE	NA	NA	NA	NA	NA	NA
NC_045512.2	2289	T	A	4	1	27	1	1	27	0.166667	6	0.5	FALSE	NA	NA	NA	NA	NA	NA
NC_045512.2	2290	T	G	2	0	23	3	3	27	0.5	6	0.0833333	FALSE	NA	NA	NA	NA	NA	NA
NC_045512.2	2290	T	C	2	0	23	1	1	27	0.166667	6	0.375	FALSE	NA	NA	NA	NA	NA	NA
NC_045512.2	2291	C	T	3	0	25	1	1	27	0.142857	7	0.4	FALSE	NA	NA	NA	NA	NA	NA
NC_045512.2	2291	C	G	3	0	25	2	2	27	0.285714	7	0.181818	FALSE	NA	NA	NA	NA	NA	NA
NC_045512.2	2291	C	A	3	0	25	1	1	23	0.142857	7	0.4	FALSE	NA	NA	NA	NA	NA	NA
NC_045512.2	2292	A	C	4	1	26	2	2	24	0.333333	6	0.272727	FALSE	NA	NA	NA	NA	NA	NA
NC_045512.2	2293	G	A	3	0	28	3	3	25	0.5	6	0.121212	FALSE	NA	NA	NA	NA	NA	NA
NC_045512.2	2294	A	G	6	3	28	1	1	26	0.142857	7	0.538462	FALSE	NA	NA	NA	NA	NA	NA
NC_045512.2	2295	C	T	4	1	26	3	3	22	0.428571	7	0.122378	FALSE	NA	NA	NA	NA	NA	NA
NC_045512.2	2296	A	T	3	0	28	3	3	26	0.428571	7	0.0909091	FALSE	NA	NA	NA	NA	NA	NA
NC_045512.2	2296	A	C	3	0	28	1	1	23	0.142857	7	0.4	FALSE	NA	NA	NA	NA	NA	NA
NC_045512.2	2297	T	G	4	1	27	2	2	27	0.333333	6	0.272727	FALSE	NA	NA	NA	NA	NA	NA
NC_045512.2	2298	T	G	5	2	22	2	2	26	0.285714	7	0.269231	FALSE	NA	NA	NA	NA	NA	NA
NC_045512.2	2299	C	T	1	0	23	3	3	27	0.6	5	0.0714286	FALSE	NA	NA	NA	NA	NA	NA
NC_045512.2	2299	C	G	1	0	23	1	1	27	0.2	5	0.333333	FALSE	NA	NA	NA	NA	NA	NA
NC_045512.2	2300	T	G	1	0	23	1	1	27	0.2	5	0.333333	FALSE	NA	NA	NA	NA	NA	NA
NC_045512.2	2300	T	A	1	0	23	3	3	22	0.6	5	0.0714286	FALSE	NA	NA	NA	NA	NA	NA
NC_045512.2	2301	T	C	1	0	23	1	1	29	0.2	5	0.333333	FALSE	NA	NA	NA	NA	NA	NA
NC_045512.2	2301	T	A	1	0	23	3	3	28	0.6	5	0.0714286	FALSE	NA	NA	NA	NA	NA	NA
NC_045512.2	2302	T	A	1	1	24	3	3	28	0.75	4	0.114286	FALSE	NA	NA	NA	NA	NA	NA
NC_045512.2	2303	A	T	1	0	23	4	4	24	0.8	5	0.0396825	FALSE	NA	NA	NA	NA	NA	NA
NC_045512.2	2304	A	T	1	0	23	3	3	28	0.6	5	0.0714286	FALSE	NA	NA	NA	NA	NA	NA
NC_045512.2	2304	A	G	1	0	23	1	1	27	0.2	5	0.333333	FALSE	NA	NA	NA	NA	NA	NA
NC_045512.2	2305	G	T	2	1	27	3	3	27	0.6	5	0.119048	FALSE	NA	NA	NA	NA	NA	NA
NC_045512.2	2306	C	T	1	0	27	1	1	23	0.2	5	0.333333	FALSE	NA	NA	NA	NA	NA	NA
NC_045512.2	2306	C	G	1	0	27	1	1	27	0.2	5	0.333333	FALSE	NA	NA	NA	NA	NA	NA
NC_045512.2	2306	C	A	1	0	27	2	2	26	0.4	5	0.142857	FALSE	NA	NA	NA	NA	NA	NA
NC_045512.2	2307	T	A	4	3	26	1	1	23	0.2	5	0.555556	FALSE	NA	NA	NA	NA	NA	NA
NC_045512.2	2308	T	C	1	0	24	2	2	28	0.4	5	0.142857	FALSE	NA	NA	NA	NA	NA	NA
NC_045512.2	2308	T	A	1	0	24	2	2	26	0.4	5	0.142857	FALSE	NA	NA	NA	NA	NA	NA
NC_045512.2	2309	G	T	1	0	27	2	2	30	0.4	5	0.142857	FALSE	NA	NA	NA	NA	NA	NA
NC_045512.2	2309	G	A	1	0	27	2	2	30	0.4	5	0.142857	FALSE	NA	NA	NA	NA	NA	NA
NC_045512.2	2310	T	C	2	1	26	2	2	29	0.4	5	0.214286	FALSE	NA	NA	NA	NA	NA	NA
NC_045512.2	2310	T	A	2	1	26	1	1	28	0.2	5	0.428571	FALSE	NA	NA	NA	NA	NA	NA
NC_045512.2	2311	A	T	3	2	27	2	2	28	0.4	5	0.277778	FALSE	NA	NA	NA	NA	NA	NA
NC_045512.2	2312	A	T	3	2	30	1	1	28	0.2	5	0.5	FALSE	NA	NA	NA	NA	NA	NA
NC_045512.2	2312	A	G	3	2	30	1	1	29	0.2	5	0.5	FALSE	NA	NA	NA	NA	NA	NA
NC_045512.2	2313	A	T	1	0	21	2	2	29	0.4	5	0.142857	FALSE	NA	NA	NA	NA	NA	NA
NC_045512.2	2313	A	C	1	0	21	2	2	25	0.4	5	0.142857	FALSE	NA	NA	NA	NA	NA	NA
NC_045512.2	2314	T	C	1	0	27	3	3	30	0.6	5	0.0714286	FALSE	NA	NA	NA	NA	NA	NA
NC_045512.2	2314	T	A	1	0	27	1	1	28	0.2	5	0.333333	FALSE	NA	NA	NA	NA	NA	NA
NC_045512.2	2315	A	T	1	0	26	3	3	28	0.6	5	0.0714286	FALSE	NA	NA	NA	NA	NA	NA
NC_045512.2	2315	A	G	1	0	26	1	1	24	0.2	5	0.333333	FALSE	NA	NA	NA	NA	NA	NA
NC_045512.2	2316	A	G	0	0	0	3	3	28	0.75	4	0.05	FALSE	NA	NA	NA	NA	NA	NA
NC_045512.2	2316	A	C	0	0	0	1	1	29	0.25	4	0.25	FALSE	NA	NA	NA	NA	NA	NA
NC_045512.2	2317	A	T	0	0	0	4	4	27	1	4	0.0285714	FALSE	NA	NA	NA	NA	NA	NA
NC_045512.2	2318	T	G	0	0	0	3	3	26	0.75	4	0.05	FALSE	NA	NA	NA	NA	NA	NA
NC_045512.2	2318	T	C	0	0	0	1	1	24	0.25	4	0.25	FALSE	NA	NA	NA	NA	NA	NA
NC_045512.2	2319	T	G	0	0	0	1	1	29	0.25	4	0.25	FALSE	NA	NA	NA	NA	NA	NA
NC_045512.2	2319	T	C	0	0	0	2	2	28	0.5	4	0.1	FALSE	NA	NA	NA	NA	NA	NA
NC_045512.2	2319	T	A	0	0	0	1	1	23	0.25	4	0.25	FALSE	NA	NA	NA	NA	NA	NA
NC_045512.2	2320	T	A	2	2	25	2	2	30	0.5	4	0.285714	FALSE	NA	NA	NA	NA	NA	NA
NC_045512.2	2321	T	C	2	2	28	2	2	29	0.5	4	0.285714	FALSE	NA	NA	NA	NA	NA	NA
NC_045512.2	2322	T	G	0	0	0	2	2	28	0.5	4	0.1	FALSE	NA	NA	NA	NA	NA	NA
NC_045512.2	2322	T	C	0	0	0	1	1	29	0.25	4	0.25	FALSE	NA	NA	NA	NA	NA	NA
NC_045512.2	2322	T	A	0	0	0	1	1	23	0.25	4	0.25	FALSE	NA	NA	NA	NA	NA	NA
NC_045512.2	2323	G	T	0	0	0	3	3	28	0.75	4	0.05	FALSE	NA	NA	NA	NA	NA	NA
NC_045512.2	2323	G	A	0	0	0	1	1	31	0.25	4	0.25	FALSE	NA	NA	NA	NA	NA	NA
NC_045512.2	2324	G	A	3	3	28	1	1	29	0.25	4	0.571429	FALSE	NA	NA	NA	NA	NA	NA
NC_045512.2	2325	C	T	0	0	0	2	2	26	0.5	4	0.1	FALSE	NA	NA	NA	NA	NA	NA
NC_045512.2	2325	C	A	0	0	0	2	2	22	0.5	4	0.1	FALSE	NA	NA	NA	NA	NA	NA
NC_045512.2	2326	T	G	1	1	31	1	1	28	0.25	4	0.4	FALSE	NA	NA	NA	NA	NA	NA
NC_045512.2	2326	T	A	1	1	31	2	2	28	0.5	4	0.2	FALSE	NA	NA	NA	NA	NA	NA
NC_045512.2	2327	T	G	0	0	0	1	1	31	0.25	4	0.25	FALSE	NA	NA	NA	NA	NA	NA
NC_045512.2	2327	T	C	0	0	0	1	1	29	0.25	4	0.25	FALSE	NA	NA	NA	NA	NA	NA
NC_045512.2	2327	T	A	0	0	0	2	2	25	0.5	4	0.1	FALSE	NA	NA	NA	NA	NA	NA
NC_045512.2	2329	G	T	0	0	0	3	3	27	0.75	4	0.05	FALSE	NA	NA	NA	NA	NA	NA
NC_045512.2	2329	G	C	0	0	0	1	1	26	0.25	4	0.25	FALSE	NA	NA	NA	NA	NA	NA
NC_045512.2	2330	T	G	0	0	0	3	3	26	0.75	4	0.05	FALSE	NA	NA	NA	NA	NA	NA
NC_045512.2	2330	T	A	0	0	0	1	1	26	0.25	4	0.25	FALSE	NA	NA	NA	NA	NA	NA
NC_045512.2	2331	G	T	0	0	0	3	3	27	0.75	4	0.05	FALSE	NA	NA	NA	NA	NA	NA
NC_045512.2	2331	G	C	0	0	0	1	1	23	0.25	4	0.25	FALSE	NA	NA	NA	NA	NA	NA
NC_045512.2	2332	T	G	0	0	0	1	1	28	0.25	4	0.25	FALSE	NA	NA	NA	NA	NA	NA
NC_045512.2	2332	T	C	0	0	0	3	3	27	0.75	4	0.05	FALSE	NA	NA	NA	NA	NA	NA
NC_045512.2	2333	G	T	2	2	22	1	1	28	0.25	4	0.5	FALSE	NA	NA	NA	NA	NA	NA
NC_045512.2	2333	G	A	2	2	22	1	1	22	0.25	4	0.5	FALSE	NA	NA	NA	NA	NA	NA
NC_045512.2	2334	C	G	0	0	0	3	3	28	0.75	4	0.05	FALSE	NA	NA	NA	NA	NA	NA
NC_045512.2	2334	C	A	0	0	0	1	1	27	0.25	4	0.25	FALSE	NA	NA	NA	NA	NA	NA
NC_045512.2	2335	T	A	3	3	28	1	1	27	0.25	4	0.571429	FALSE	NA	NA	NA	NA	NA	NA
NC_045512.2	2336	G	T	3	3	25	1	1	23	0.25	4	0.571429	FALSE	NA	NA	NA	NA	NA	NA
NC_045512.2	2337	A	T	0	0	0	1	1	28	0.25	4	0.25	FALSE	NA	NA	NA	NA	NA	NA
NC_045512.2	2337	A	G	0	0	0	2	2	28	0.5	4	0.1	FALSE	NA	NA	NA	NA	NA	NA
NC_045512.2	2337	A	C	0	0	0	1	1	27	0.25	4	0.25	FALSE	NA	NA	NA	NA	NA	NA
NC_045512.2	2338	C	G	0	0	0	1	1	28	0.25	4	0.25	FALSE	NA	NA	NA	NA	NA	NA
NC_045512.2	2338	C	A	0	0	0	3	3	28	0.75	4	0.05	FALSE	NA	NA	NA	NA	NA	NA
NC_045512.2	2339	T	G	1	1	27	1	1	29	0.25	4	0.4	FALSE	NA	NA	NA	NA	NA	NA
NC_045512.2	2339	T	C	1	1	27	2	2	29	0.5	4	0.2	FALSE	NA	NA	NA	NA	NA	NA
NC_045512.2	2340	C	A	1	1	28	3	3	23	0.75	4	0.114286	FALSE	NA	NA	NA	NA	NA	NA
NC_045512.2	2341	T	G	0	0	0	2	2	23	0.5	4	0.1	FALSE	NA	NA	NA	NA	NA	NA
NC_045512.2	2341	T	A	0	0	0	2	2	29	0.5	4	0.1	FALSE	NA	NA	NA	NA	NA	NA
NC_045512.2	2342	A	G	2	2	30	2	2	28	0.5	4	0.285714	FALSE	NA	NA	NA	NA	NA	NA
NC_045512.2	2343	T	A	3	3	25	1	1	22	0.25	4	0.571429	FALSE	NA	NA	NA	NA	NA	NA
NC_045512.2	2344	C	T	0	0	0	2	2	27	0.5	4	0.1	FALSE	NA	NA	NA	NA	NA	NA
NC_045512.2	2344	C	G	0	0	0	1	1	24	0.25	4	0.25	FALSE	NA	NA	NA	NA	NA	NA
NC_045512.2	2344	C	A	0	0	0	1	1	28	0.25	4	0.25	FALSE	NA	NA	NA	NA	NA	NA
NC_045512.2	2345	A	G	1	1	26	3	3	28	0.75	4	0.114286	FALSE	NA	NA	NA	NA	NA	NA
NC_045512.2	2346	T	A	3	3	25	1	1	28	0.25	4	0.571429	FALSE	NA	NA	NA	NA	NA	NA
NC_045512.2	2347	T	C	1	1	24	3	3	29	0.75	4	0.114286	FALSE	NA	NA	NA	NA	NA	NA
NC_045512.2	2349	T	C	0	0	0	2	2	22	0.5	4	0.1	FALSE	NA	NA	NA	NA	NA	NA
NC_045512.2	2349	T	A	0	0	0	2	2	26	0.5	4	0.1	FALSE	NA	NA	NA	NA	NA	NA
NC_045512.2	2350	T	C	0	0	0	2	2	27	0.666667	3	0.166667	FALSE	NA	NA	NA	NA	NA	NA
NC_045512.2	2350	T	A	0	0	0	1	1	28	0.333333	3	0.333333	FALSE	NA	NA	NA	NA	NA	NA
NC_045512.2	2351	G	T	1	1	30	3	3	25	0.75	4	0.114286	FALSE	NA	NA	NA	NA	NA	NA
NC_045512.2	2352	G	T	2	2	26	1	1	29	0.25	4	0.5	FALSE	NA	NA	NA	NA	NA	NA
NC_045512.2	2352	G	A	2	2	26	1	1	28	0.25	4	0.5	FALSE	NA	NA	NA	NA	NA	NA
NC_045512.2	2353	T	G	2	2	26	2	2	27	0.5	4	0.285714	FALSE	NA	NA	NA	NA	NA	NA
NC_045512.2	2354	G	T	2	2	23	1	1	26	0.25	4	0.5	FALSE	NA	NA	NA	NA	NA	NA
NC_045512.2	2354	G	A	2	2	23	1	1	23	0.25	4	0.5	FALSE	NA	NA	NA	NA	NA	NA
NC_045512.2	2355	G	C	1	1	23	3	3	24	0.75	4	0.114286	FALSE	NA	NA	NA	NA	NA	NA
NC_045512.2	2402	T	C	5	4	26	1	1	26	0.166667	6	0.545455	FALSE	NA	NA	NA	NA	NA	NA
NC_045512.2	2403	C	A	5	4	26	1	1	25	0.166667	6	0.545455	FALSE	NA	NA	NA	NA	NA	NA
NC_045512.2	2404	A	C	3	2	24	1	1	24	0.25	4	0.571429	FALSE	NA	NA	NA	NA	NA	NA
NC_045512.2	2405	A	G	5	4	27	1	1	25	0.166667	6	0.545455	FALSE	NA	NA	NA	NA	NA	NA
NC_045512.2	2406	A	C	5	4	26	1	1	27	0.166667	6	0.545455	FALSE	NA	NA	NA	NA	NA	NA
NC_045512.2	2407	G	A	3	2	23	1	1	27	0.25	4	0.571429	FALSE	NA	NA	NA	NA	NA	NA
NC_045512.2	2408	G	C	6	5	29	1	1	25	0.142857	7	0.538462	FALSE	NA	NA	NA	NA	NA	NA
NC_045512.2	2409	G	T	6	5	27	1	1	23	0.142857	7	0.538462	FALSE	NA	NA	NA	NA	NA	NA
NC_045512.2	2410	A	C	6	5	26	1	1	25	0.142857	7	0.538462	FALSE	NA	NA	NA	NA	NA	NA
NC_045512.2	2411	T	C	4	3	24	1	1	27	0.166667	6	0.5	FALSE	NA	NA	NA	NA	NA	NA
NC_045512.2	2411	T	A	4	3	24	1	1	21	0.166667	6	0.5	FALSE	NA	NA	NA	NA	NA	NA
NC_045512.2	2412	T	A	6	5	26	1	1	31	0.142857	7	0.538462	FALSE	NA	NA	NA	NA	NA	NA
NC_045512.2	2413	G	A	6	5	27	1	1	28	0.142857	7	0.538462	FALSE	NA	NA	NA	NA	NA	NA
NC_045512.2	2414	T	G	6	5	28	1	1	23	0.142857	7	0.538462	FALSE	NA	NA	NA	NA	NA	NA
NC_045512.2	2415	A	G	6	5	28	1	1	28	0.142857	7	0.538462	FALSE	NA	NA	NA	NA	NA	NA
NC_045512.2	2416	C	G	6	5	28	1	1	28	0.142857	7	0.538462	FALSE	NA	NA	NA	NA	NA	NA
NC_045512.2	2418	G	T	6	5	27	1	1	23	0.142857	7	0.538462	FALSE	NA	NA	NA	NA	NA	NA
NC_045512.2	2419	A	T	5	4	23	1	1	28	0.166667	6	0.545455	FALSE	NA	NA	NA	NA	NA	NA
NC_045512.2	2420	A	G	6	5	27	1	1	28	0.142857	7	0.538462	FALSE	NA	NA	NA	NA	NA	NA
NC_045512.2	2421	A	T	6	5	26	1	1	28	0.142857	7	0.538462	FALSE	NA	NA	NA	NA	NA	NA
NC_045512.2	2422	G	A	6	5	27	1	1	28	0.142857	7	0.538462	FALSE	NA	NA	NA	NA	NA	NA
NC_045512.2	2423	T	C	6	5	28	1	1	28	0.142857	7	0.538462	FALSE	NA	NA	NA	NA	NA	NA
NC_045512.2	2424	G	A	6	5	27	1	1	27	0.142857	7	0.538462	FALSE	NA	NA	NA	NA	NA	NA
NC_045512.2	2425	T	G	6	5	27	1	1	28	0.142857	7	0.538462	FALSE	NA	NA	NA	NA	NA	NA
NC_045512.2	2426	G	A	6	5	27	1	1	22	0.142857	7	0.538462	FALSE	NA	NA	NA	NA	NA	NA
NC_045512.2	2427	T	A	5	4	24	1	1	28	0.166667	6	0.545455	FALSE	NA	NA	NA	NA	NA	NA
NC_045512.2	2428	T	A	6	5	25	1	1	28	0.142857	7	0.538462	FALSE	NA	NA	NA	NA	NA	NA
NC_045512.2	2429	A	G	4	3	23	1	1	28	0.2	5	0.555556	FALSE	NA	NA	NA	NA	NA	NA
NC_045512.2	2430	A	T	6	5	27	1	1	28	0.142857	7	0.538462	FALSE	NA	NA	NA	NA	NA	NA
NC_045512.2	2431	A	G	6	5	26	1	1	28	0.142857	7	0.538462	FALSE	NA	NA	NA	NA	NA	NA
NC_045512.2	2433	C	G	6	5	24	1	1	28	0.142857	7	0.538462	FALSE	NA	NA	NA	NA	NA	NA
NC_045512.2	2434	C	T	6	5	27	1	1	23	0.142857	7	0.538462	FALSE	NA	NA	NA	NA	NA	NA
NC_045512.2	2435	A	T	6	5	28	1	1	27	0.142857	7	0.538462	FALSE	NA	NA	NA	NA	NA	NA
NC_045512.2	2436	G	A	6	5	28	1	1	21	0.142857	7	0.538462	FALSE	NA	NA	NA	NA	NA	NA
NC_045512.2	2438	G	A	6	5	27	1	1	27	0.142857	7	0.538462	FALSE	NA	NA	NA	NA	NA	NA
NC_045512.2	2439	A	T	6	5	23	1	1	27	0.125	8	0.5	FALSE	NA	NA	NA	NA	NA	NA
NC_045512.2	2439	A	C	6	5	23	1	1	24	0.125	8	0.5	FALSE	NA	NA	NA	NA	NA	NA
NC_045512.2	2440	A	C	7	6	26	1	1	25	0.125	8	0.533333	FALSE	NA	NA	NA	NA	NA	NA
NC_045512.2	2441	G	C	6	5	27	2	2	25	0.25	8	0.266667	FALSE	NA	NA	NA	NA	NA	NA
NC_045512.2	2442	A	G	7	6	24	1	1	23	0.125	8	0.533333	FALSE	NA	NA	NA	NA	NA	NA
NC_045512.2	2443	A	G	6	5	30	1	1	26	0.125	8	0.5	FALSE	NA	NA	NA	NA	NA	NA
NC_045512.2	2443	A	C	6	5	30	1	1	24	0.125	8	0.5	FALSE	NA	NA	NA	NA	NA	NA
NC_045512.2	2445	C	G	7	6	28	1	1	28	0.125	8	0.533333	FALSE	NA	NA	NA	NA	NA	NA
NC_045512.2	2446	T	A	7	6	27	1	1	23	0.125	8	0.533333	FALSE	NA	NA	NA	NA	NA	NA
NC_045512.2	2447	G	C	6	5	24	1	1	29	0.125	8	0.5	FALSE	NA	NA	NA	NA	NA	NA
NC_045512.2	2447	G	A	6	5	24	1	1	28	0.125	8	0.5	FALSE	NA	NA	NA	NA	NA	NA
NC_045512.2	2448	G	A	7	6	24	1	1	23	0.125	8	0.533333	FALSE	NA	NA	NA	NA	NA	NA
NC_045512.2	2449	C	A	4	3	23	2	2	25	0.333333	6	0.272727	FALSE	NA	NA	NA	NA	NA	NA
NC_045512.2	2450	C	A	6	5	24	2	2	27	0.25	8	0.266667	FALSE	NA	NA	NA	NA	NA	NA
NC_045512.2	2451	T	G	6	5	25	1	1	23	0.125	8	0.5	FALSE	NA	NA	NA	NA	NA	NA
NC_045512.2	2451	T	A	6	5	25	1	1	27	0.125	8	0.5	FALSE	NA	NA	NA	NA	NA	NA
NC_045512.2	2452	A	G	6	5	27	1	1	29	0.125	8	0.5	FALSE	NA	NA	NA	NA	NA	NA
NC_045512.2	2452	A	C	6	5	27	1	1	27	0.125	8	0.5	FALSE	NA	NA	NA	NA	NA	NA
NC_045512.2	2453	C	T	6	5	28	1	1	28	0.125	8	0.5	FALSE	NA	NA	NA	NA	NA	NA
NC_045512.2	2453	C	G	6	5	28	1	1	28	0.125	8	0.5	FALSE	NA	NA	NA	NA	NA	NA
NC_045512.2	2454	T	G	6	5	27	1	1	24	0.125	8	0.5	FALSE	NA	NA	NA	NA	NA	NA
NC_045512.2	2454	T	A	6	5	27	1	1	28	0.125	8	0.5	FALSE	NA	NA	NA	NA	NA	NA
NC_045512.2	2455	C	T	6	5	27	1	1	24	0.125	8	0.5	FALSE	NA	NA	NA	NA	NA	NA
NC_045512.2	2455	C	G	6	5	27	1	1	27	0.125	8	0.5	FALSE	NA	NA	NA	NA	NA	NA
NC_045512.2	2456	A	T	6	5	27	1	1	29	0.125	8	0.5	FALSE	NA	NA	NA	NA	NA	NA
NC_045512.2	2456	A	C	6	5	27	1	1	23	0.125	8	0.5	FALSE	NA	NA	NA	NA	NA	NA
NC_045512.2	2457	T	G	6	5	27	1	1	27	0.125	8	0.5	FALSE	NA	NA	NA	NA	NA	NA
NC_045512.2	2457	T	C	6	5	27	1	1	27	0.125	8	0.5	FALSE	NA	NA	NA	NA	NA	NA
NC_045512.2	2458	G	T	6	5	27	2	2	27	0.25	8	0.266667	FALSE	NA	NA	NA	NA	NA	NA
NC_045512.2	2459	C	A	5	4	25	2	2	28	0.285714	7	0.269231	FALSE	NA	NA	NA	NA	NA	NA
NC_045512.2	2461	T	C	7	6	26	1	1	27	0.111111	9	0.5	FALSE	NA	NA	NA	NA	NA	NA
NC_045512.2	2461	T	A	7	6	26	1	1	25	0.111111	9	0.5	FALSE	NA	NA	NA	NA	NA	NA
NC_045512.2	2462	C	G	7	6	25	1	1	27	0.111111	9	0.5	FALSE	NA	NA	NA	NA	NA	NA
NC_045512.2	2462	C	A	7	6	25	1	1	25	0.111111	9	0.5	FALSE	NA	NA	NA	NA	NA	NA
NC_045512.2	2463	T	C	6	5	26	1	1	27	0.111111	9	0.466667	FALSE	NA	NA	NA	NA	NA	NA
NC_045512.2	2463	T	A	6	5	26	2	2	22	0.222222	9	0.233333	FALSE	NA	NA	NA	NA	NA	NA
NC_045512.2	2464	A	T	4	2	25	1	1	28	0.166667	6	0.5	FALSE	NA	NA	NA	NA	NA	NA
NC_045512.2	2464	A	G	4	2	25	1	1	27	0.166667	6	0.5	FALSE	NA	NA	NA	NA	NA	NA
NC_045512.2	2465	A	G	8	6	27	1	1	31	0.1	10	0.5	FALSE	NA	NA	NA	NA	NA	NA
NC_045512.2	2465	A	C	8	6	27	1	1	27	0.1	10	0.5	FALSE	NA	NA	NA	NA	NA	NA
NC_045512.2	2466	A	G	8	6	27	1	1	27	0.1	10	0.5	FALSE	NA	NA	NA	NA	NA	NA
NC_045512.2	2466	A	C	8	6	27	1	1	24	0.1	10	0.5	FALSE	NA	NA	NA	NA	NA	NA
NC_045512.2	2467	A	T	6	5	26	1	1	28	0.111111	9	0.466667	FALSE	NA	NA	NA	NA	NA	NA
NC_045512.2	2467	A	C	6	5	26	2	2	26	0.222222	9	0.233333	FALSE	NA	NA	NA	NA	NA	NA
NC_045512.2	2468	G	T	8	6	27	2	2	26	0.2	10	0.263158	FALSE	NA	NA	NA	NA	NA	NA
NC_045512.2	2469	C	T	7	5	24	1	1	28	0.125	8	0.533333	FALSE	NA	NA	NA	NA	NA	NA
NC_045512.2	2470	C	T	7	5	27	1	1	28	0.1	10	0.470588	FALSE	NA	NA	NA	NA	NA	NA
NC_045512.2	2470	C	G	7	5	27	1	1	28	0.1	10	0.470588	FALSE	NA	NA	NA	NA	NA	NA
NC_045512.2	2470	C	A	7	5	27	1	1	22	0.1	10	0.470588	FALSE	NA	NA	NA	NA	NA	NA
NC_045512.2	2471	C	T	7	5	28	1	1	23	0.1	10	0.470588	FALSE	NA	NA	NA	NA	NA	NA
NC_045512.2	2471	C	A	7	5	28	2	2	23	0.2	10	0.235294	FALSE	NA	NA	NA	NA	NA	NA
NC_045512.2	2472	C	T	5	5	27	1	1	28	0.125	8	0.461538	FALSE	NA	NA	NA	NA	NA	NA
NC_045512.2	2472	C	A	5	5	27	2	2	26	0.25	8	0.230769	FALSE	NA	NA	NA	NA	NA	NA
NC_045512.2	2474	A	G	9	7	27	1	1	23	0.1	10	0.526316	FALSE	NA	NA	NA	NA	NA	NA
NC_045512.2	2475	A	G	8	6	26	2	2	25	0.2	10	0.263158	FALSE	NA	NA	NA	NA	NA	NA
NC_045512.2	2476	A	T	6	6	26	1	1	28	0.142857	7	0.538462	FALSE	NA	NA	NA	NA	NA	NA
NC_045512.2	2477	G	C	7	5	25	2	2	25	0.222222	9	0.264706	FALSE	NA	NA	NA	NA	NA	NA
NC_045512.2	2478	A	T	6	4	23	1	1	25	0.111111	9	0.466667	FALSE	NA	NA	NA	NA	NA	NA
NC_045512.2	2478	A	C	6	4	23	2	2	27	0.222222	9	0.233333	FALSE	NA	NA	NA	NA	NA	NA
NC_045512.2	2479	A	G	8	6	27	1	1	25	0.1	10	0.5	FALSE	NA	NA	NA	NA	NA	NA
NC_045512.2	2479	A	C	8	6	27	1	1	25	0.1	10	0.5	FALSE	NA	NA	NA	NA	NA	NA
NC_045512.2	2480	A	T	5	5	27	1	1	27	0.142857	7	0.5	FALSE	NA	NA	NA	NA	NA	NA
NC_045512.2	2480	A	G	5	5	27	1	1	29	0.142857	7	0.5	FALSE	NA	NA	NA	NA	NA	NA
NC_045512.2	2481	T	A	7	5	23	3	3	27	0.3	10	0.123839	FALSE	NA	NA	NA	NA	NA	NA
NC_045512.2	2482	T	G	6	5	27	1	1	27	0.111111	9	0.466667	FALSE	NA	NA	NA	NA	NA	NA
NC_045512.2	2482	T	C	6	5	27	1	1	27	0.111111	9	0.466667	FALSE	NA	NA	NA	NA	NA	NA
NC_045512.2	2482	T	A	6	5	27	1	1	25	0.111111	9	0.466667	FALSE	NA	NA	NA	NA	NA	NA
NC_045512.2	2484	T	G	7	5	26	2	2	24	0.2	10	0.235294	FALSE	NA	NA	NA	NA	NA	NA
NC_045512.2	2484	T	A	7	5	26	1	1	28	0.1	10	0.470588	FALSE	NA	NA	NA	NA	NA	NA
NC_045512.2	2485	C	G	7	5	26	1	1	28	0.111111	9	0.5	FALSE	NA	NA	NA	NA	NA	NA
NC_045512.2	2485	C	A	7	5	26	1	1	22	0.111111	9	0.5	FALSE	NA	NA	NA	NA	NA	NA
NC_045512.2	2486	T	A	7	5	25	3	3	25	0.3	10	0.123839	FALSE	NA	NA	NA	NA	NA	NA
NC_045512.2	2487	T	A	7	5	27	3	3	26	0.3	10	0.123839	FALSE	NA	NA	NA	NA	NA	NA
NC_045512.2	2488	C	T	7	5	27	1	1	24	0.1	10	0.470588	FALSE	NA	NA	NA	NA	NA	NA
NC_045512.2	2488	C	G	7	5	27	1	1	24	0.1	10	0.470588	FALSE	NA	NA	NA	NA	NA	NA
NC_045512.2	2488	C	A	7	5	27	1	1	28	0.1	10	0.470588	FALSE	NA	NA	NA	NA	NA	NA
NC_045512.2	2489	T	C	9	7	25	1	1	27	0.1	10	0.526316	FALSE	NA	NA	NA	NA	NA	NA
NC_045512.2	2490	T	G	7	6	27	1	1	27	0.111111	9	0.5	FALSE	NA	NA	NA	NA	NA	NA
NC_045512.2	2490	T	A	7	6	27	1	1	28	0.111111	9	0.5	FALSE	NA	NA	NA	NA	NA	NA
NC_045512.2	2491	A	T	7	5	27	2	2	27	0.2	10	0.235294	FALSE	NA	NA	NA	NA	NA	NA
NC_045512.2	2491	A	G	7	5	27	1	1	22	0.1	10	0.470588	FALSE	NA	NA	NA	NA	NA	NA
NC_045512.2	2492	G	C	9	7	27	1	1	28	0.1	10	0.526316	FALSE	NA	NA	NA	NA	NA	NA
NC_045512.2	2493	A	T	7	5	27	2	2	23	0.2	10	0.235294	FALSE	NA	NA	NA	NA	NA	NA
NC_045512.2	2493	A	C	7	5	27	1	1	21	0.1	10	0.470588	FALSE	NA	NA	NA	NA	NA	NA
NC_045512.2	2494	G	T	7	5	24	2	2	28	0.2	10	0.235294	FALSE	NA	NA	NA	NA	NA	NA
NC_045512.2	2494	G	C	7	5	24	1	1	26	0.1	10	0.470588	FALSE	NA	NA	NA	NA	NA	NA
NC_045512.2	2495	G	T	7	5	29	1	1	26	0.1	10	0.470588	FALSE	NA	NA	NA	NA	NA	NA
NC_045512.2	2495	G	C	7	5	29	1	1	30	0.1	10	0.470588	FALSE	NA	NA	NA	NA	NA	NA
NC_045512.2	2495	G	A	7	5	29	1	1	23	0.1	10	0.470588	FALSE	NA	NA	NA	NA	NA	NA
NC_045512.2	2496	G	T	6	5	28	1	1	24	0.111111	9	0.466667	FALSE	NA	NA	NA	NA	NA	NA
NC_045512.2	2496	G	A	6	5	28	2	2	28	0.222222	9	0.233333	FALSE	NA	NA	NA	NA	NA	NA
NC_045512.2	2497	A	T	8	6	28	1	1	29	0.1	10	0.5	FALSE	NA	NA	NA	NA	NA	NA
NC_045512.2	2497	A	C	8	6	28	1	1	28	0.1	10	0.5	FALSE	NA	NA	NA	NA	NA	NA
NC_045512.2	2498	G	T	7	5	28	2	2	26	0.2	10	0.235294	FALSE	NA	NA	NA	NA	NA	NA
NC_045512.2	2498	G	A	7	5	28	1	1	26	0.1	10	0.470588	FALSE	NA	NA	NA	NA	NA	NA
NC_045512.2	2499	A	G	7	5	24	1	1	27	0.1	10	0.470588	FALSE	NA	NA	NA	NA	NA	NA
NC_045512.2	2499	A	C	7	5	24	2	2	23	0.2	10	0.235294	FALSE	NA	NA	NA	NA	NA	NA
NC_045512.2	2500	A	C	9	7	28	1	1	29	0.1	10	0.526316	FALSE	NA	NA	NA	NA	NA	NA
NC_045512.2	2501	A	T	7	6	27	1	1	28	0.1	10	0.470588	FALSE	NA	NA	NA	NA	NA	NA
NC_045512.2	2501	A	G	7	6	27	1	1	21	0.1	10	0.470588	FALSE	NA	NA	NA	NA	NA	NA
NC_045512.2	2501	A	C	7	6	27	1	1	28	0.1	10	0.470588	FALSE	NA	NA	NA	NA	NA	NA
NC_045512.2	2502	C	G	7	5	27	3	3	29	0.272727	11	0.105263	FALSE	NA	NA	NA	NA	NA	NA
NC_045512.2	2502	C	A	7	5	27	1	1	27	0.0909091	11	0.444444	FALSE	NA	NA	NA	NA	NA	NA
NC_045512.2	2503	A	G	8	6	29	1	1	27	0.0909091	11	0.473684	FALSE	NA	NA	NA	NA	NA	NA
NC_045512.2	2503	A	C	8	6	29	2	2	27	0.181818	11	0.236842	FALSE	NA	NA	NA	NA	NA	NA
NC_045512.2	2504	C	G	8	6	28	2	2	23	0.181818	11	0.236842	FALSE	NA	NA	NA	NA	NA	NA
NC_045512.2	2504	C	A	8	6	28	1	1	27	0.0909091	11	0.473684	FALSE	NA	NA	NA	NA	NA	NA
NC_045512.2	2505	T	G	8	6	25	1	1	28	0.0909091	11	0.473684	FALSE	NA	NA	NA	NA	NA	NA
NC_045512.2	2505	T	C	8	6	25	1	1	22	0.0909091	11	0.473684	FALSE	NA	NA	NA	NA	NA	NA
NC_045512.2	2505	T	A	8	6	25	1	1	21	0.0909091	11	0.473684	FALSE	NA	NA	NA	NA	NA	NA
NC_045512.2	2506	T	C	6	5	26	1	1	28	0.1	10	0.4375	FALSE	NA	NA	NA	NA	NA	NA
NC_045512.2	2506	T	A	6	5	26	3	3	23	0.3	10	0.102941	FALSE	NA	NA	NA	NA	NA	NA
NC_045512.2	2507	C	T	7	5	23	1	1	28	0.1	10	0.470588	FALSE	NA	NA	NA	NA	NA	NA
NC_045512.2	2507	C	G	7	5	23	1	1	26	0.1	10	0.470588	FALSE	NA	NA	NA	NA	NA	NA
NC_045512.2	2507	C	A	7	5	23	1	1	28	0.1	10	0.470588	FALSE	NA	NA	NA	NA	NA	NA
NC_045512.2	2508	C	T	7	5	27	1	1	24	0.0909091	11	0.444444	FALSE	NA	NA	NA	NA	NA	NA
NC_045512.2	2508	C	A	7	5	27	3	3	23	0.272727	11	0.105263	FALSE	NA	NA	NA	NA	NA	NA
NC_045512.2	2509	C	A	8	7	27	2	2	28	0.2	10	0.263158	FALSE	NA	NA	NA	NA	NA	NA
NC_045512.2	2511	C	A	9	7	28	2	2	26	0.181818	11	0.261905	FALSE	NA	NA	NA	NA	NA	NA
NC_045512.2	2512	A	T	8	6	27	2	2	27	0.181818	11	0.236842	FALSE	NA	NA	NA	NA	NA	NA
NC_045512.2	2512	A	G	8	6	27	1	1	25	0.0909091	11	0.473684	FALSE	NA	NA	NA	NA	NA	NA
NC_045512.2	2513	G	T	9	7	26	1	1	31	0.0909091	11	0.5	FALSE	NA	NA	NA	NA	NA	NA
NC_045512.2	2513	G	C	9	7	26	1	1	21	0.0909091	11	0.5	FALSE	NA	NA	NA	NA	NA	NA
NC_045512.2	2514	A	G	7	5	25	2	2	27	0.181818	11	0.210526	FALSE	NA	NA	NA	NA	NA	NA
NC_045512.2	2514	A	C	7	5	25	2	2	28	0.181818	11	0.210526	FALSE	NA	NA	NA	NA	NA	NA
NC_045512.2	2515	A	G	7	5	26	1	1	29	0.0909091	11	0.444444	FALSE	NA	NA	NA	NA	NA	NA
NC_045512.2	2515	A	C	7	5	26	3	3	27	0.272727	11	0.105263	FALSE	NA	NA	NA	NA	NA	NA
NC_045512.2	2516	G	C	7	5	28	3	3	28	0.272727	11	0.105263	FALSE	NA	NA	NA	NA	NA	NA
NC_045512.2	2516	G	A	7	5	28	1	1	27	0.0909091	11	0.444444	FALSE	NA	NA	NA	NA	NA	NA
NC_045512.2	2517	T	A	9	7	27	2	2	24	0.181818	11	0.261905	FALSE	NA	NA	NA	NA	NA	NA
NC_045512.2	2518	G	T	7	5	29	1	1	28	0.0909091	11	0.444444	FALSE	NA	NA	NA	NA	NA	NA
NC_045512.2	2518	G	C	7	5	29	1	1	29	0.0909091	11	0.444444	FALSE	NA	NA	NA	NA	NA	NA
NC_045512.2	2518	G	A	7	5	29	2	2	28	0.181818	11	0.210526	FALSE	NA	NA	NA	NA	NA	NA
NC_045512.2	2519	T	G	7	5	25	1	1	28	0.0909091	11	0.444444	FALSE	NA	NA	NA	NA	NA	NA
NC_045512.2	2519	T	C	7	5	25	1	1	27	0.0909091	11	0.444444	FALSE	NA	NA	NA	NA	NA	NA
NC_045512.2	2519	T	A	7	5	25	2	2	27	0.181818	11	0.210526	FALSE	NA	NA	NA	NA	NA	NA
NC_045512.2	2520	T	G	8	7	27	1	1	28	0.1	10	0.5	FALSE	NA	NA	NA	NA	NA	NA
NC_045512.2	2520	T	A	8	7	27	1	1	28	0.1	10	0.5	FALSE	NA	NA	NA	NA	NA	NA
NC_045512.2	2521	A	G	9	7	24	1	1	26	0.0909091	11	0.5	FALSE	NA	NA	NA	NA	NA	NA
NC_045512.2	2521	A	C	9	7	24	1	1	31	0.0909091	11	0.5	FALSE	NA	NA	NA	NA	NA	NA
NC_045512.2	2522	A	C	9	7	27	1	1	25	0.1	10	0.526316	FALSE	NA	NA	NA	NA	NA	NA
NC_045512.2	2523	C	T	7	5	28	1	1	28	0.0909091	11	0.444444	FALSE	NA	NA	NA	NA	NA	NA
NC_045512.2	2523	C	G	7	5	28	1	1	28	0.0909091	11	0.444444	FALSE	NA	NA	NA	NA	NA	NA
NC_045512.2	2523	C	A	7	5	28	2	2	26	0.181818	11	0.210526	FALSE	NA	NA	NA	NA	NA	NA
NC_045512.2	2524	A	T	8	6	27	1	1	28	0.0909091	11	0.473684	FALSE	NA	NA	NA	NA	NA	NA
NC_045512.2	2524	A	G	8	6	27	2	2	27	0.181818	11	0.236842	FALSE	NA	NA	NA	NA	NA	NA
NC_045512.2	2525	G	T	8	6	28	1	1	20	0.0909091	11	0.473684	FALSE	NA	NA	NA	NA	NA	NA
NC_045512.2	2525	G	C	8	6	28	1	1	24	0.0909091	11	0.473684	FALSE	NA	NA	NA	NA	NA	NA
NC_045512.2	2525	G	A	8	6	28	1	1	21	0.0909091	11	0.473684	FALSE	NA	NA	NA	NA	NA	NA
NC_045512.2	2526	A	T	8	6	28	2	2	24	0.181818	11	0.236842	FALSE	NA	NA	NA	NA	NA	NA
NC_045512.2	2526	A	C	8	6	28	1	1	28	0.0909091	11	0.473684	FALSE	NA	NA	NA	NA	NA	NA
NC_045512.2	2527	G	T	7	5	25	2	2	27	0.181818	11	0.210526	FALSE	NA	NA	NA	NA	NA	NA
NC_045512.2	2527	G	A	7	5	25	2	2	27	0.181818	11	0.210526	FALSE	NA	NA	NA	NA	NA	NA
NC_045512.2	2528	G	T	8	6	26	1	1	27	0.0909091	11	0.473684	FALSE	NA	NA	NA	NA	NA	NA
NC_045512.2	2528	G	C	8	6	26	1	1	29	0.0909091	11	0.473684	FALSE	NA	NA	NA	NA	NA	NA
NC_045512.2	2528	G	A	8	6	26	1	1	21	0.0909091	11	0.473684	FALSE	NA	NA	NA	NA	NA	NA
NC_045512.2	2529	A	T	7	5	25	2	2	28	0.2	10	0.235294	FALSE	NA	NA	NA	NA	NA	NA
NC_045512.2	2529	A	C	7	5	25	1	1	27	0.1	10	0.470588	FALSE	NA	NA	NA	NA	NA	NA
NC_045512.2	2530	A	T	8	6	25	1	1	23	0.0909091	11	0.473684	FALSE	NA	NA	NA	NA	NA	NA
NC_045512.2	2530	A	G	8	6	25	1	1	27	0.0909091	11	0.473684	FALSE	NA	NA	NA	NA	NA	NA
NC_045512.2	2530	A	C	8	6	25	1	1	26	0.0909091	11	0.473684	FALSE	NA	NA	NA	NA	NA	NA
NC_045512.2	2531	G	T	6	4	27	2	2	27	0.181818	11	0.183007	FALSE	NA	NA	NA	NA	NA	NA
NC_045512.2	2531	G	A	6	4	27	3	3	28	0.272727	11	0.0866873	FALSE	NA	NA	NA	NA	NA	NA
NC_045512.2	2532	T	G	7	5	25	2	2	27	0.181818	11	0.210526	FALSE	NA	NA	NA	NA	NA	NA
NC_045512.2	2532	T	C	7	5	25	1	1	27	0.0909091	11	0.444444	FALSE	NA	NA	NA	NA	NA	NA
NC_045512.2	2532	T	A	7	5	25	1	1	29	0.0909091	11	0.444444	FALSE	NA	NA	NA	NA	NA	NA
NC_045512.2	2533	T	A	9	7	25	2	2	27	0.181818	11	0.261905	FALSE	NA	NA	NA	NA	NA	NA
NC_045512.2	2534	G	T	9	7	26	2	2	27	0.181818	11	0.261905	FALSE	NA	NA	NA	NA	NA	NA
NC_045512.2	2535	T	G	7	5	27	1	1	27	0.0909091	11	0.444444	FALSE	NA	NA	NA	NA	NA	NA
NC_045512.2	2535	T	C	7	5	27	1	1	21	0.0909091	11	0.444444	FALSE	NA	NA	NA	NA	NA	NA
NC_045512.2	2535	T	A	7	5	27	2	2	24	0.181818	11	0.210526	FALSE	NA	NA	NA	NA	NA	NA
NC_045512.2	2536	C	G	8	6	27	1	1	27	0.0909091	11	0.473684	FALSE	NA	NA	NA	NA	NA	NA
NC_045512.2	2536	C	A	8	6	27	2	2	23	0.181818	11	0.236842	FALSE	NA	NA	NA	NA	NA	NA
NC_045512.2	2537	T	C	7	5	24	1	1	28	0.0909091	11	0.444444	FALSE	NA	NA	NA	NA	NA	NA
NC_045512.2	2537	T	A	7	5	24	3	3	27	0.272727	11	0.105263	FALSE	NA	NA	NA	NA	NA	NA
NC_045512.2	2538	T	G	8	6	26	2	2	24	0.181818	11	0.236842	FALSE	NA	NA	NA	NA	NA	NA
NC_045512.2	2538	T	C	8	6	26	1	1	27	0.0909091	11	0.473684	FALSE	NA	NA	NA	NA	NA	NA
NC_045512.2	2539	G	T	8	6	26	1	1	22	0.0909091	11	0.473684	FALSE	NA	NA	NA	NA	NA	NA
NC_045512.2	2539	G	C	8	6	26	1	1	22	0.0909091	11	0.473684	FALSE	NA	NA	NA	NA	NA	NA
NC_045512.2	2539	G	A	8	6	26	1	1	20	0.0909091	11	0.473684	FALSE	NA	NA	NA	NA	NA	NA
NC_045512.2	2540	A	T	4	2	25	1	1	27	0.142857	7	0.454545	FALSE	NA	NA	NA	NA	NA	NA
NC_045512.2	2540	A	G	4	2	25	1	1	28	0.142857	7	0.454545	FALSE	NA	NA	NA	NA	NA	NA
NC_045512.2	2540	A	C	4	2	25	1	1	27	0.142857	7	0.454545	FALSE	NA	NA	NA	NA	NA	NA
NC_045512.2	2541	A	G	10	8	27	1	1	28	0.0909091	11	0.52381	FALSE	NA	NA	NA	NA	NA	NA
NC_045512.2	2542	A	T	8	6	27	1	1	27	0.0833333	12	0.45	FALSE	NA	NA	NA	NA	NA	NA
NC_045512.2	2542	A	G	8	6	27	2	2	31	0.166667	12	0.214286	FALSE	NA	NA	NA	NA	NA	NA
NC_045512.2	2542	A	C	8	6	27	1	1	26	0.0833333	12	0.45	FALSE	NA	NA	NA	NA	NA	NA
NC_045512.2	2543	A	G	9	8	26	1	1	27	0.0909091	11	0.5	FALSE	NA	NA	NA	NA	NA	NA
NC_045512.2	2543	A	C	9	8	26	1	1	27	0.0909091	11	0.5	FALSE	NA	NA	NA	NA	NA	NA
NC_045512.2	2544	C	T	8	6	26	1	1	21	0.0833333	12	0.45	FALSE	NA	NA	NA	NA	NA	NA
NC_045512.2	2544	C	G	8	6	26	1	1	28	0.0833333	12	0.45	FALSE	NA	NA	NA	NA	NA	NA
NC_045512.2	2544	C	A	8	6	26	2	2	26	0.166667	12	0.214286	FALSE	NA	NA	NA	NA	NA	NA
NC_045512.2	2545	T	G	8	6	27	1	1	23	0.0833333	12	0.45	FALSE	NA	NA	NA	NA	NA	NA
NC_045512.2	2545	T	A	8	6	27	3	3	26	0.25	12	0.107143	FALSE	NA	NA	NA	NA	NA	NA
NC_045512.2	2546	G	C	8	6	25	2	2	25	0.166667	12	0.214286	FALSE	NA	NA	NA	NA	NA	NA
NC_045512.2	2546	G	A	8	6	25	2	2	27	0.166667	12	0.214286	FALSE	NA	NA	NA	NA	NA	NA
NC_045512.2	2547	G	T	8	6	26	1	1	23	0.0909091	11	0.473684	FALSE	NA	NA	NA	NA	NA	NA
NC_045512.2	2547	G	A	8	6	26	2	2	28	0.181818	11	0.236842	FALSE	NA	NA	NA	NA	NA	NA
NC_045512.2	2548	T	C	8	6	28	2	2	27	0.166667	12	0.214286	FALSE	NA	NA	NA	NA	NA	NA
NC_045512.2	2548	T	A	8	6	28	2	2	25	0.166667	12	0.214286	FALSE	NA	NA	NA	NA	NA	NA
NC_045512.2	2549	G	T	7	5	27	2	2	26	0.166667	12	0.189474	FALSE	NA	NA	NA	NA	NA	NA
NC_045512.2	2549	G	A	7	5	27	3	3	28	0.25	12	0.0902256	FALSE	NA	NA	NA	NA	NA	NA
NC_045512.2	2550	A	T	9	7	27	2	2	27	0.166667	12	0.238095	FALSE	NA	NA	NA	NA	NA	NA
NC_045512.2	2550	A	C	9	7	27	1	1	27	0.0833333	12	0.47619	FALSE	NA	NA	NA	NA	NA	NA
NC_045512.2	2551	T	C	7	5	23	4	4	26	0.363636	11	0.0551378	FALSE	NA	NA	NA	NA	NA	NA
NC_045512.2	2552	T	C	10	8	27	1	1	28	0.0833333	12	0.5	FALSE	NA	NA	NA	NA	NA	NA
NC_045512.2	2552	T	A	10	8	27	1	1	27	0.0833333	12	0.5	FALSE	NA	NA	NA	NA	NA	NA
NC_045512.2	2553	T	G	6	6	28	2	2	22	0.2	10	0.205882	FALSE	NA	NA	NA	NA	NA	NA
NC_045512.2	2553	T	C	6	6	28	1	1	29	0.1	10	0.4375	FALSE	NA	NA	NA	NA	NA	NA
NC_045512.2	2553	T	A	6	6	28	1	1	27	0.1	10	0.4375	FALSE	NA	NA	NA	NA	NA	NA
NC_045512.2	2554	A	G	8	6	26	3	3	23	0.25	12	0.107143	FALSE	NA	NA	NA	NA	NA	NA
NC_045512.2	2554	A	C	8	6	26	1	1	27	0.0833333	12	0.45	FALSE	NA	NA	NA	NA	NA	NA
NC_045512.2	2555	C	T	8	6	27	2	2	23	0.181818	11	0.236842	FALSE	NA	NA	NA	NA	NA	NA
NC_045512.2	2555	C	G	8	6	27	1	1	27	0.0909091	11	0.473684	FALSE	NA	NA	NA	NA	NA	NA
NC_045512.2	2556	A	T	7	6	24	1	1	27	0.0909091	11	0.444444	FALSE	NA	NA	NA	NA	NA	NA
NC_045512.2	2556	A	G	7	6	24	2	2	26	0.181818	11	0.210526	FALSE	NA	NA	NA	NA	NA	NA
NC_045512.2	2556	A	C	7	6	24	1	1	23	0.0909091	11	0.444444	FALSE	NA	NA	NA	NA	NA	NA
NC_045512.2	2557	A	T	9	8	26	1	1	23	0.0909091	11	0.5	FALSE	NA	NA	NA	NA	NA	NA
NC_045512.2	2557	A	G	9	8	26	1	1	27	0.0909091	11	0.5	FALSE	NA	NA	NA	NA	NA	NA
NC_045512.2	2558	C	T	6	5	24	2	2	22	0.181818	11	0.183007	FALSE	NA	NA	NA	NA	NA	NA
NC_045512.2	2558	C	G	6	5	24	1	1	32	0.0909091	11	0.411765	FALSE	NA	NA	NA	NA	NA	NA
NC_045512.2	2558	C	A	6	5	24	2	2	24	0.181818	11	0.183007	FALSE	NA	NA	NA	NA	NA	NA
NC_045512.2	2559	C	T	7	6	26	2	2	26	0.181818	11	0.210526	FALSE	NA	NA	NA	NA	NA	NA
NC_045512.2	2559	C	A	7	6	26	2	2	27	0.181818	11	0.210526	FALSE	NA	NA	NA	NA	NA	NA
NC_045512.2	2560	A	T	6	5	26	2	2	26	0.181818	11	0.183007	FALSE	NA	NA	NA	NA	NA	NA
NC_045512.2	2560	A	G	6	5	26	3	3	25	0.272727	11	0.0866873	FALSE	NA	NA	NA	NA	NA	NA
NC_045512.2	2561	T	G	7	6	24	1	1	28	0.1	10	0.470588	FALSE	NA	NA	NA	NA	NA	NA
NC_045512.2	2561	T	C	7	6	24	1	1	28	0.1	10	0.470588	FALSE	NA	NA	NA	NA	NA	NA
NC_045512.2	2561	T	A	7	6	24	1	1	26	0.1	10	0.470588	FALSE	NA	NA	NA	NA	NA	NA
NC_045512.2	2562	T	G	5	5	26	2	2	27	0.2	10	0.175	FALSE	NA	NA	NA	NA	NA	NA
NC_045512.2	2562	T	C	5	5	26	1	1	26	0.1	10	0.4	FALSE	NA	NA	NA	NA	NA	NA
NC_045512.2	2562	T	A	5	5	26	2	2	27	0.2	10	0.175	FALSE	NA	NA	NA	NA	NA	NA
NC_045512.2	2563	A	T	8	7	26	2	2	26	0.181818	11	0.236842	FALSE	NA	NA	NA	NA	NA	NA
NC_045512.2	2563	A	C	8	7	26	1	1	27	0.0909091	11	0.473684	FALSE	NA	NA	NA	NA	NA	NA
NC_045512.2	2564	G	T	8	7	27	1	1	28	0.0909091	11	0.473684	FALSE	NA	NA	NA	NA	NA	NA
NC_045512.2	2564	G	A	8	7	27	2	2	28	0.181818	11	0.236842	FALSE	NA	NA	NA	NA	NA	NA
NC_045512.2	2565	A	G	7	6	23	1	1	27	0.1	10	0.470588	FALSE	NA	NA	NA	NA	NA	NA
NC_045512.2	2565	A	C	7	6	23	2	2	24	0.2	10	0.235294	FALSE	NA	NA	NA	NA	NA	NA
NC_045512.2	2566	A	C	8	7	27	2	2	30	0.2	10	0.263158	FALSE	NA	NA	NA	NA	NA	NA
NC_045512.2	2567	C	T	7	6	27	1	1	29	0.0909091	11	0.444444	FALSE	NA	NA	NA	NA	NA	NA
NC_045512.2	2567	C	A	7	6	27	3	3	29	0.272727	11	0.105263	FALSE	NA	NA	NA	NA	NA	NA
NC_045512.2	2568	A	T	8	7	24	1	1	24	0.0909091	11	0.473684	FALSE	NA	NA	NA	NA	NA	NA
NC_045512.2	2568	A	C	8	7	24	2	2	28	0.181818	11	0.236842	FALSE	NA	NA	NA	NA	NA	NA
NC_045512.2	2569	A	T	7	6	27	2	2	28	0.181818	11	0.210526	FALSE	NA	NA	NA	NA	NA	NA
NC_045512.2	2569	A	G	7	6	27	2	2	29	0.181818	11	0.210526	FALSE	NA	NA	NA	NA	NA	NA
NC_045512.2	2570	C	T	6	5	25	1	1	28	0.1	10	0.4375	FALSE	NA	NA	NA	NA	NA	NA
NC_045512.2	2570	C	A	6	5	25	3	3	26	0.3	10	0.102941	FALSE	NA	NA	NA	NA	NA	NA
NC_045512.2	2571	C	T	6	5	27	1	1	24	0.0909091	11	0.411765	FALSE	NA	NA	NA	NA	NA	NA
NC_045512.2	2571	C	G	6	5	27	3	3	26	0.272727	11	0.0866873	FALSE	NA	NA	NA	NA	NA	NA
NC_045512.2	2571	C	A	6	5	27	1	1	28	0.0909091	11	0.411765	FALSE	NA	NA	NA	NA	NA	NA
NC_045512.2	2572	T	G	8	7	28	1	1	29	0.0909091	11	0.473684	FALSE	NA	NA	NA	NA	NA	NA
NC_045512.2	2572	T	A	8	7	28	2	2	26	0.181818	11	0.236842	FALSE	NA	NA	NA	NA	NA	NA
NC_045512.2	2573	A	G	9	8	27	1	1	27	0.0909091	11	0.5	FALSE	NA	NA	NA	NA	NA	NA
NC_045512.2	2573	A	C	9	8	27	1	1	22	0.0909091	11	0.5	FALSE	NA	NA	NA	NA	NA	NA
NC_045512.2	2574	C	T	8	7	27	1	1	22	0.0909091	11	0.473684	FALSE	NA	NA	NA	NA	NA	NA
NC_045512.2	2574	C	G	8	7	27	1	1	28	0.0909091	11	0.473684	FALSE	NA	NA	NA	NA	NA	NA
NC_045512.2	2574	C	A	8	7	27	1	1	27	0.0909091	11	0.473684	FALSE	NA	NA	NA	NA	NA	NA
NC_045512.2	2575	T	G	7	6	27	1	1	27	0.1	10	0.470588	FALSE	NA	NA	NA	NA	NA	NA
NC_045512.2	2575	T	C	7	6	27	1	1	27	0.1	10	0.470588	FALSE	NA	NA	NA	NA	NA	NA
NC_045512.2	2575	T	A	7	6	27	1	1	23	0.1	10	0.470588	FALSE	NA	NA	NA	NA	NA	NA
NC_045512.2	2576	A	T	8	7	28	1	1	23	0.1	10	0.5	FALSE	NA	NA	NA	NA	NA	NA
NC_045512.2	2576	A	C	8	7	28	1	1	30	0.1	10	0.5	FALSE	NA	NA	NA	NA	NA	NA
NC_045512.2	2577	G	T	6	5	29	1	1	28	0.0909091	11	0.411765	FALSE	NA	NA	NA	NA	NA	NA
NC_045512.2	2577	G	C	6	5	29	3	3	27	0.272727	11	0.0866873	FALSE	NA	NA	NA	NA	NA	NA
NC_045512.2	2577	G	A	6	5	29	1	1	27	0.0909091	11	0.411765	FALSE	NA	NA	NA	NA	NA	NA
NC_045512.2	2578	T	G	6	5	29	1	1	27	0.0909091	11	0.411765	FALSE	NA	NA	NA	NA	NA	NA
NC_045512.2	2578	T	C	6	5	29	2	2	25	0.181818	11	0.183007	FALSE	NA	NA	NA	NA	NA	NA
NC_045512.2	2578	T	A	6	5	29	2	2	28	0.181818	11	0.183007	FALSE	NA	NA	NA	NA	NA	NA
NC_045512.2	2579	G	T	7	6	28	3	3	26	0.3	10	0.123839	FALSE	NA	NA	NA	NA	NA	NA
NC_045512.2	2579	G	-A	7	6	28	1	0	20	0.1	10	0.470588	FALSE	NA	NA	NA	NA	NA	NA
NC_045512.2	2580	A	C	8	7	26	1	1	27	0.111111	9	0.5	FALSE	NA	NA	NA	NA	NA	NA
NC_045512.2	2581	A	T	8	7	26	1	1	24	0.0909091	11	0.473684	FALSE	NA	NA	NA	NA	NA	NA
NC_045512.2	2581	A	C	8	7	26	2	2	25	0.181818	11	0.236842	FALSE	NA	NA	NA	NA	NA	NA
NC_045512.2	2582	G	T	7	6	27	2	2	28	0.181818	11	0.210526	FALSE	NA	NA	NA	NA	NA	NA
NC_045512.2	2582	G	A	7	6	27	2	2	23	0.181818	11	0.210526	FALSE	NA	NA	NA	NA	NA	NA
NC_045512.2	2583	C	T	6	5	27	1	1	29	0.0909091	11	0.411765	FALSE	NA	NA	NA	NA	NA	NA
NC_045512.2	2583	C	G	6	5	27	3	3	26	0.272727	11	0.0866873	FALSE	NA	NA	NA	NA	NA	NA
NC_045512.2	2583	C	A	6	5	27	1	1	28	0.0909091	11	0.411765	FALSE	NA	NA	NA	NA	NA	NA
NC_045512.2	2584	T	G	6	5	26	2	2	28	0.181818	11	0.183007	FALSE	NA	NA	NA	NA	NA	NA
NC_045512.2	2584	T	A	6	5	26	3	3	24	0.272727	11	0.0866873	FALSE	NA	NA	NA	NA	NA	NA
NC_045512.2	2585	G	T	6	5	26	2	2	27	0.181818	11	0.183007	FALSE	NA	NA	NA	NA	NA	NA
NC_045512.2	2585	G	C	6	5	26	1	1	28	0.0909091	11	0.411765	FALSE	NA	NA	NA	NA	NA	NA
NC_045512.2	2585	G	A	6	5	26	2	2	27	0.181818	11	0.183007	FALSE	NA	NA	NA	NA	NA	NA
NC_045512.2	2586	T	G	5	4	25	1	1	23	0.1	10	0.4	FALSE	NA	NA	NA	NA	NA	NA
NC_045512.2	2586	T	C	5	4	25	1	1	28	0.1	10	0.4	FALSE	NA	NA	NA	NA	NA	NA
NC_045512.2	2586	T	A	5	4	25	3	3	27	0.3	10	0.0823529	FALSE	NA	NA	NA	NA	NA	NA
NC_045512.2	2587	T	A	7	6	25	3	3	27	0.3	10	0.123839	FALSE	NA	NA	NA	NA	NA	NA
NC_045512.2	2588	G	T	7	6	26	1	1	27	0.0909091	11	0.444444	FALSE	NA	NA	NA	NA	NA	NA
NC_045512.2	2588	G	C	7	6	26	1	1	29	0.0909091	11	0.444444	FALSE	NA	NA	NA	NA	NA	NA
NC_045512.2	2588	G	A	7	6	26	2	2	29	0.181818	11	0.210526	FALSE	NA	NA	NA	NA	NA	NA
NC_045512.2	2589	A	T	8	7	24	1	1	30	0.0909091	11	0.473684	FALSE	NA	NA	NA	NA	NA	NA
NC_045512.2	2589	A	G	8	7	24	1	1	24	0.0909091	11	0.473684	FALSE	NA	NA	NA	NA	NA	NA
NC_045512.2	2589	A	C	8	7	24	1	1	29	0.0909091	11	0.473684	FALSE	NA	NA	NA	NA	NA	NA
NC_045512.2	2590	A	T	8	7	26	1	1	28	0.0909091	11	0.473684	FALSE	NA	NA	NA	NA	NA	NA
NC_045512.2	2590	A	G	8	7	26	1	1	25	0.0909091	11	0.473684	FALSE	NA	NA	NA	NA	NA	NA
NC_045512.2	2590	A	C	8	7	26	1	1	28	0.0909091	11	0.473684	FALSE	NA	NA	NA	NA	NA	NA
NC_045512.2	2591	G	T	8	7	28	1	1	27	0.0909091	11	0.473684	FALSE	NA	NA	NA	NA	NA	NA
NC_045512.2	2591	G	C	8	7	28	1	1	27	0.0909091	11	0.473684	FALSE	NA	NA	NA	NA	NA	NA
NC_045512.2	2591	G	A	8	7	28	1	1	26	0.0909091	11	0.473684	FALSE	NA	NA	NA	NA	NA	NA
NC_045512.2	2592	C	T	6	5	29	2	2	26	0.2	10	0.205882	FALSE	NA	NA	NA	NA	NA	NA
NC_045512.2	2592	C	G	6	5	29	1	1	27	0.1	10	0.4375	FALSE	NA	NA	NA	NA	NA	NA
NC_045512.2	2592	C	A	6	5	29	1	1	27	0.1	10	0.4375	FALSE	NA	NA	NA	NA	NA	NA
NC_045512.2	2593	T	G	8	7	27	2	2	25	0.181818	11	0.236842	FALSE	NA	NA	NA	NA	NA	NA
NC_045512.2	2593	T	C	8	7	27	1	1	28	0.0909091	11	0.473684	FALSE	NA	NA	NA	NA	NA	NA
NC_045512.2	2594	C	T	7	6	25	1	1	27	0.1	10	0.470588	FALSE	NA	NA	NA	NA	NA	NA
NC_045512.2	2594	C	G	7	6	25	1	1	27	0.1	10	0.470588	FALSE	NA	NA	NA	NA	NA	NA
NC_045512.2	2594	C	A	7	6	25	1	1	29	0.1	10	0.470588	FALSE	NA	NA	NA	NA	NA	NA
NC_045512.2	2595	C	T	6	5	27	2	2	22	0.181818	11	0.183007	FALSE	NA	NA	NA	NA	NA	NA
NC_045512.2	2595	C	G	6	5	27	2	2	25	0.181818	11	0.183007	FALSE	NA	NA	NA	NA	NA	NA
NC_045512.2	2595	C	A	6	5	27	1	1	21	0.0909091	11	0.411765	FALSE	NA	NA	NA	NA	NA	NA
NC_045512.2	2596	A	T	8	7	26	2	2	29	0.2	10	0.263158	FALSE	NA	NA	NA	NA	NA	NA
NC_045512.2	2597	T	C	7	6	24	1	1	24	0.0909091	11	0.444444	FALSE	NA	NA	NA	NA	NA	NA
NC_045512.2	2597	T	A	7	6	24	3	3	25	0.272727	11	0.105263	FALSE	NA	NA	NA	NA	NA	NA
NC_045512.2	2598	T	G	8	7	26	2	2	25	0.181818	11	0.236842	FALSE	NA	NA	NA	NA	NA	NA
NC_045512.2	2598	T	A	8	7	26	1	1	29	0.0909091	11	0.473684	FALSE	NA	NA	NA	NA	NA	NA
NC_045512.2	2599	G	T	6	5	23	1	1	27	0.0909091	11	0.411765	FALSE	NA	NA	NA	NA	NA	NA
NC_045512.2	2599	G	C	6	5	23	2	2	26	0.181818	11	0.183007	FALSE	NA	NA	NA	NA	NA	NA
NC_045512.2	2599	G	A	6	5	23	2	2	28	0.181818	11	0.183007	FALSE	NA	NA	NA	NA	NA	NA
NC_045512.2	2600	G	T	8	7	26	1	1	29	0.0909091	11	0.473684	FALSE	NA	NA	NA	NA	NA	NA
NC_045512.2	2600	G	C	8	7	26	1	1	28	0.0909091	11	0.473684	FALSE	NA	NA	NA	NA	NA	NA
NC_045512.2	2600	G	A	8	7	26	1	1	24	0.0909091	11	0.473684	FALSE	NA	NA	NA	NA	NA	NA
NC_045512.2	2601	T	G	8	7	24	1	1	28	0.0909091	11	0.473684	FALSE	NA	NA	NA	NA	NA	NA
NC_045512.2	2601	T	C	8	7	24	1	1	24	0.0909091	11	0.473684	FALSE	NA	NA	NA	NA	NA	NA
NC_045512.2	2601	T	A	8	7	24	1	1	28	0.0909091	11	0.473684	FALSE	NA	NA	NA	NA	NA	NA
NC_045512.2	2602	T	G	6	5	27	1	1	28	0.0909091	11	0.411765	FALSE	NA	NA	NA	NA	NA	NA
NC_045512.2	2602	T	C	6	5	27	4	4	28	0.363636	11	0.0433437	FALSE	NA	NA	NA	NA	NA	NA
NC_045512.2	2603	G	T	6	5	24	1	1	22	0.0909091	11	0.411765	FALSE	NA	NA	NA	NA	NA	NA
NC_045512.2	2603	G	C	6	5	24	1	1	28	0.0909091	11	0.411765	FALSE	NA	NA	NA	NA	NA	NA
NC_045512.2	2603	G	A	6	5	24	3	3	27	0.272727	11	0.0866873	FALSE	NA	NA	NA	NA	NA	NA
NC_045512.2	2604	G	T	7	6	27	3	3	26	0.272727	11	0.105263	FALSE	NA	NA	NA	NA	NA	NA
NC_045512.2	2604	G	A	7	6	27	1	1	28	0.0909091	11	0.444444	FALSE	NA	NA	NA	NA	NA	NA
NC_045512.2	2605	T	G	8	7	27	2	2	27	0.181818	11	0.236842	FALSE	NA	NA	NA	NA	NA	NA
NC_045512.2	2605	T	A	8	7	27	1	1	23	0.0909091	11	0.473684	FALSE	NA	NA	NA	NA	NA	NA
NC_045512.2	2606	A	T	7	6	28	1	1	28	0.1	10	0.470588	FALSE	NA	NA	NA	NA	NA	NA
NC_045512.2	2606	A	G	7	6	28	1	1	24	0.1	10	0.470588	FALSE	NA	NA	NA	NA	NA	NA
NC_045512.2	2606	A	C	7	6	28	1	1	24	0.1	10	0.470588	FALSE	NA	NA	NA	NA	NA	NA
NC_045512.2	2607	C	G	7	6	28	1	1	27	0.0909091	11	0.444444	FALSE	NA	NA	NA	NA	NA	NA
NC_045512.2	2607	C	A	7	6	28	3	3	27	0.272727	11	0.105263	FALSE	NA	NA	NA	NA	NA	NA
NC_045512.2	2608	A	T	7	6	28	2	2	25	0.181818	11	0.210526	FALSE	NA	NA	NA	NA	NA	NA
NC_045512.2	2608	A	G	7	6	28	1	1	27	0.0909091	11	0.444444	FALSE	NA	NA	NA	NA	NA	NA
NC_045512.2	2608	A	C	7	6	28	1	1	28	0.0909091	11	0.444444	FALSE	NA	NA	NA	NA	NA	NA
NC_045512.2	2609	C	T	7	6	25	1	1	27	0.0909091	11	0.444444	FALSE	NA	NA	NA	NA	NA	NA
NC_045512.2	2609	C	A	7	6	25	3	3	25	0.272727	11	0.105263	FALSE	NA	NA	NA	NA	NA	NA
NC_045512.2	2610	C	T	8	7	27	1	1	27	0.0909091	11	0.473684	FALSE	NA	NA	NA	NA	NA	NA
NC_045512.2	2610	C	G	8	7	27	1	1	23	0.0909091	11	0.473684	FALSE	NA	NA	NA	NA	NA	NA
NC_045512.2	2610	C	A	8	7	27	1	1	27	0.0909091	11	0.473684	FALSE	NA	NA	NA	NA	NA	NA
NC_045512.2	2611	A	T	6	5	27	2	2	25	0.2	10	0.205882	FALSE	NA	NA	NA	NA	NA	NA
NC_045512.2	2611	A	G	6	5	27	1	1	28	0.1	10	0.4375	FALSE	NA	NA	NA	NA	NA	NA
NC_045512.2	2611	A	C	6	5	27	1	1	27	0.1	10	0.4375	FALSE	NA	NA	NA	NA	NA	NA
NC_045512.2	2612	G	T	7	6	26	2	2	27	0.181818	11	0.210526	FALSE	NA	NA	NA	NA	NA	NA
NC_045512.2	2612	G	A	7	6	26	2	2	27	0.181818	11	0.210526	FALSE	NA	NA	NA	NA	NA	NA
NC_045512.2	2613	T	G	6	5	23	1	1	26	0.0909091	11	0.411765	FALSE	NA	NA	NA	NA	NA	NA
NC_045512.2	2613	T	C	6	5	23	1	1	22	0.0909091	11	0.411765	FALSE	NA	NA	NA	NA	NA	NA
NC_045512.2	2613	T	A	6	5	23	3	3	29	0.272727	11	0.0866873	FALSE	NA	NA	NA	NA	NA	NA
NC_045512.2	2614	T	C	7	6	28	3	3	27	0.272727	11	0.105263	FALSE	NA	NA	NA	NA	NA	NA
NC_045512.2	2614	T	A	7	6	28	1	1	27	0.0909091	11	0.444444	FALSE	NA	NA	NA	NA	NA	NA
NC_045512.2	2615	T	G	6	5	27	2	2	27	0.181818	11	0.183007	FALSE	NA	NA	NA	NA	NA	NA
NC_045512.2	2615	T	C	6	5	27	2	2	28	0.181818	11	0.183007	FALSE	NA	NA	NA	NA	NA	NA
NC_045512.2	2615	T	A	6	5	27	1	1	27	0.0909091	11	0.411765	FALSE	NA	NA	NA	NA	NA	NA
NC_045512.2	2616	G	T	6	5	27	1	1	29	0.0909091	11	0.411765	FALSE	NA	NA	NA	NA	NA	NA
NC_045512.2	2616	G	C	6	5	27	2	2	21	0.181818	11	0.183007	FALSE	NA	NA	NA	NA	NA	NA
NC_045512.2	2616	G	A	6	5	27	2	2	28	0.181818	11	0.183007	FALSE	NA	NA	NA	NA	NA	NA
NC_045512.2	2617	T	C	6	6	26	3	3	30	0.3	10	0.102941	FALSE	NA	NA	NA	NA	NA	NA
NC_045512.2	2617	T	A	6	6	26	1	1	28	0.1	10	0.4375	FALSE	NA	NA	NA	NA	NA	NA
NC_045512.2	2618	A	T	7	7	27	1	1	29	0.1	10	0.470588	FALSE	NA	NA	NA	NA	NA	NA
NC_045512.2	2618	A	C	7	7	27	2	2	30	0.2	10	0.235294	FALSE	NA	NA	NA	NA	NA	NA
NC_045512.2	2619	T	G	7	7	24	2	2	28	0.2	10	0.235294	FALSE	NA	NA	NA	NA	NA	NA
NC_045512.2	2619	T	C	7	7	24	1	1	26	0.1	10	0.470588	FALSE	NA	NA	NA	NA	NA	NA
NC_045512.2	2620	T	A	6	6	27	3	3	25	0.333333	9	0.123529	FALSE	NA	NA	NA	NA	NA	NA
NC_045512.2	2621	A	T	7	7	24	1	1	31	0.1	10	0.470588	FALSE	NA	NA	NA	NA	NA	NA
NC_045512.2	2621	A	G	7	7	24	1	1	27	0.1	10	0.470588	FALSE	NA	NA	NA	NA	NA	NA
NC_045512.2	2621	A	C	7	7	24	1	1	26	0.1	10	0.470588	FALSE	NA	NA	NA	NA	NA	NA
NC_045512.2	2622	A	T	7	7	25	2	2	28	0.2	10	0.235294	FALSE	NA	NA	NA	NA	NA	NA
NC_045512.2	2622	A	G	7	7	25	1	1	27	0.1	10	0.470588	FALSE	NA	NA	NA	NA	NA	NA
NC_045512.2	2623	C	T	5	5	25	1	1	27	0.1	10	0.4	FALSE	NA	NA	NA	NA	NA	NA
NC_045512.2	2623	C	G	5	5	25	2	2	27	0.2	10	0.175	FALSE	NA	NA	NA	NA	NA	NA
NC_045512.2	2623	C	A	5	5	25	2	2	25	0.2	10	0.175	FALSE	NA	NA	NA	NA	NA	NA
NC_045512.2	2624	G	T	7	7	22	1	1	29	0.1	10	0.470588	FALSE	NA	NA	NA	NA	NA	NA
NC_045512.2	2624	G	C	7	7	22	1	1	21	0.1	10	0.470588	FALSE	NA	NA	NA	NA	NA	NA
NC_045512.2	2624	G	A	7	7	22	1	1	23	0.1	10	0.470588	FALSE	NA	NA	NA	NA	NA	NA
NC_045512.2	2625	G	T	5	5	28	1	1	23	0.111111	9	0.428571	FALSE	NA	NA	NA	NA	NA	NA
NC_045512.2	2625	G	C	5	5	28	1	1	28	0.111111	9	0.428571	FALSE	NA	NA	NA	NA	NA	NA
NC_045512.2	2625	G	A	5	5	28	2	2	28	0.222222	9	0.2	FALSE	NA	NA	NA	NA	NA	NA
NC_045512.2	2626	G	T	6	6	28	2	2	25	0.2	10	0.205882	FALSE	NA	NA	NA	NA	NA	NA
NC_045512.2	2626	G	A	6	6	28	2	2	26	0.2	10	0.205882	FALSE	NA	NA	NA	NA	NA	NA
NC_045512.2	2627	C	T	6	6	27	2	2	24	0.2	10	0.205882	FALSE	NA	NA	NA	NA	NA	NA
NC_045512.2	2627	C	A	6	6	27	2	2	24	0.2	10	0.205882	FALSE	NA	NA	NA	NA	NA	NA
NC_045512.2	2628	T	A	8	8	24	2	2	26	0.2	10	0.263158	FALSE	NA	NA	NA	NA	NA	NA
NC_045512.2	2629	T	G	6	6	29	1	1	23	0.1	10	0.4375	FALSE	NA	NA	NA	NA	NA	NA
NC_045512.2	2629	T	C	6	6	29	1	1	30	0.1	10	0.4375	FALSE	NA	NA	NA	NA	NA	NA
NC_045512.2	2629	T	A	6	6	29	2	2	26	0.2	10	0.205882	FALSE	NA	NA	NA	NA	NA	NA
NC_045512.2	2661	A	-C	40	0	27	1	0	20	0.025	40	0.5125	FALSE	NA	NA	NA	NA	NA	NA
NC_045512.2	2679	A	G	39	0	24	1	0	28	0.025	40	0.506329	FALSE	NA	NA	NA	NA	NA	NA
NC_045512.2	2695	C	-A	41	0	26	1	0	20	0.0243902	41	0.512195	FALSE	NA	NA	NA	NA	NA	NA
NC_045512.2	2698	T	C	37	0	26	4	0	24	0.097561	41	0.0608689	FALSE	NA	NA	NA	NA	NA	NA
NC_045512.2	2700	C	T	46	0	26	1	0	26	0.0212766	47	0.505376	FALSE	NA	NA	NA	NA	NA	NA
NC_045512.2	2707	A	T	46	0	27	1	0	22	0.0212766	47	0.505376	FALSE	NA	NA	NA	NA	NA	NA
NC_045512.2	2712	A	G	65	0	28	1	0	27	0.0151515	66	0.503817	FALSE	NA	NA	NA	NA	NA	NA
NC_045512.2	2721	C	T	65	0	27	1	0	28	0.0151515	66	0.503817	FALSE	NA	NA	NA	NA	NA	NA
NC_045512.2	2723	C	A	66	0	27	2	2	28	0.0294118	68	0.251852	FALSE	NA	NA	NA	NA	NA	NA
NC_045512.2	2724	C	A	64	2	23	1	1	27	0.0153846	65	0.503876	FALSE	NA	NA	NA	NA	NA	NA
NC_045512.2	2725	A	T	66	0	27	2	2	27	0.0289855	69	0.248148	FALSE	NA	NA	NA	NA	NA	NA
NC_045512.2	2725	A	C	66	0	27	1	1	28	0.0144928	69	0.496296	FALSE	NA	NA	NA	NA	NA	NA
NC_045512.2	2726	A	T	56	0	22	1	1	28	0.0169492	59	0.495652	FALSE	NA	NA	NA	NA	NA	NA
NC_045512.2	2726	A	G	56	0	22	2	2	27	0.0338983	59	0.247826	FALSE	NA	NA	NA	NA	NA	NA
NC_045512.2	2727	C	T	66	0	26	2	2	28	0.0289855	69	0.248148	FALSE	NA	NA	NA	NA	NA	NA
NC_045512.2	2727	C	G	66	0	26	1	1	27	0.0144928	69	0.496296	FALSE	NA	NA	NA	NA	NA	NA
NC_045512.2	2728	A	T	65	0	26	1	1	27	0.0144928	69	0.492537	FALSE	NA	NA	NA	NA	NA	NA
NC_045512.2	2728	A	G	65	0	26	3	2	28	0.0434783	69	0.122222	FALSE	NA	NA	NA	NA	NA	NA
NC_045512.2	2729	A	G	67	1	27	1	1	27	0.0142857	70	0.49635	FALSE	NA	NA	NA	NA	NA	NA
NC_045512.2	2729	A	C	67	1	27	2	2	23	0.0285714	70	0.248175	FALSE	NA	NA	NA	NA	NA	NA
NC_045512.2	2730	A	C	41	0	21	4	4	27	0.0888889	45	0.0610229	FALSE	NA	NA	NA	NA	NA	NA
NC_045512.2	2731	G	T	66	0	26	1	1	24	0.0142857	70	0.492647	FALSE	NA	NA	NA	NA	NA	NA
NC_045512.2	2731	G	C	66	0	26	3	3	28	0.0428571	70	0.122263	FALSE	NA	NA	NA	NA	NA	NA
NC_045512.2	2732	G	T	64	1	22	2	2	23	0.0298507	67	0.248092	FALSE	NA	NA	NA	NA	NA	NA
NC_045512.2	2732	G	C	64	1	22	1	1	27	0.0149254	67	0.496183	FALSE	NA	NA	NA	NA	NA	NA
NC_045512.2	2734	T	G	61	1	22	3	3	26	0.046875	64	0.124976	FALSE	NA	NA	NA	NA	NA	NA
NC_045512.2	2735	A	G	66	0	27	1	1	27	0.0144928	69	0.496296	FALSE	NA	NA	NA	NA	NA	NA
NC_045512.2	2735	A	C	66	0	27	2	2	27	0.0289855	69	0.248148	FALSE	NA	NA	NA	NA	NA	NA
NC_045512.2	2736	C	A	68	2	26	2	2	27	0.0285714	70	0.251799	FALSE	NA	NA	NA	NA	NA	NA
NC_045512.2	2737	T	C	64	0	26	3	3	25	0.0441176	68	0.12218	FALSE	NA	NA	NA	NA	NA	NA
NC_045512.2	2737	T	A	64	0	26	1	1	23	0.0147059	68	0.492424	FALSE	NA	NA	NA	NA	NA	NA
NC_045512.2	2738	T	C	65	1	27	2	2	28	0.0294118	68	0.24812	FALSE	NA	NA	NA	NA	NA	NA
NC_045512.2	2738	T	A	65	1	27	1	1	28	0.0147059	68	0.496241	FALSE	NA	NA	NA	NA	NA	NA
NC_045512.2	2739	T	C	66	3	27	2	2	27	0.0294118	68	0.251852	FALSE	NA	NA	NA	NA	NA	NA
NC_045512.2	2740	T	G	19	2	22	1	1	25	0.0434783	23	0.47619	FALSE	NA	NA	NA	NA	NA	NA
NC_045512.2	2740	T	A	19	2	22	3	3	24	0.130435	23	0.116279	FALSE	NA	NA	NA	NA	NA	NA
NC_045512.2	2741	G	C	63	1	26	2	2	26	0.0289855	69	0.236956	FALSE	NA	NA	NA	NA	NA	NA
NC_045512.2	2741	G	A	63	1	26	4	4	27	0.057971	69	0.0579226	FALSE	NA	NA	NA	NA	NA	NA
NC_045512.2	2742	G	T	60	0	22	4	4	28	0.0597015	67	0.0559365	FALSE	NA	NA	NA	NA	NA	NA
NC_045512.2	2742	G	C	60	0	22	1	1	28	0.0149254	67	0.480315	FALSE	NA	NA	NA	NA	NA	NA
NC_045512.2	2742	G	A	60	0	22	2	2	27	0.0298507	67	0.232653	FALSE	NA	NA	NA	NA	NA	NA
NC_045512.2	2743	T	G	65	2	27	2	2	28	0.028169	71	0.237334	FALSE	NA	NA	NA	NA	NA	NA
NC_045512.2	2743	T	C	65	2	27	1	1	21	0.0140845	71	0.485294	FALSE	NA	NA	NA	NA	NA	NA
NC_045512.2	2743	T	A	65	2	27	3	3	27	0.0422535	71	0.116947	FALSE	NA	NA	NA	NA	NA	NA
NC_045512.2	2744	G	T	64	1	27	3	3	26	0.0416667	72	0.111788	FALSE	NA	NA	NA	NA	NA	NA
NC_045512.2	2744	G	C	64	1	27	3	3	25	0.0416667	72	0.111788	FALSE	NA	NA	NA	NA	NA	NA
NC_045512.2	2744	G	A	64	1	27	2	2	27	0.0277778	72	0.230249	FALSE	NA	NA	NA	NA	NA	NA
NC_045512.2	2745	A	T	64	1	27	4	4	26	0.0547945	73	0.0531249	FALSE	NA	NA	NA	NA	NA	NA
NC_045512.2	2745	A	G	64	1	27	3	3	26	0.0410959	73	0.109375	FALSE	NA	NA	NA	NA	NA	NA
NC_045512.2	2745	A	C	64	1	27	2	2	27	0.0273973	73	0.226912	FALSE	NA	NA	NA	NA	NA	NA
NC_045512.2	2746	T	G	64	1	27	3	3	25	0.0410959	73	0.109375	FALSE	NA	NA	NA	NA	NA	NA
NC_045512.2	2746	T	C	64	1	27	3	3	26	0.0410959	73	0.109375	FALSE	NA	NA	NA	NA	NA	NA
NC_045512.2	2746	T	A	64	1	27	3	3	24	0.0410959	73	0.109375	FALSE	NA	NA	NA	NA	NA	NA
NC_045512.2	2747	G	T	64	1	27	5	5	26	0.0675676	74	0.0250819	FALSE	NA	NA	NA	NA	NA	NA
NC_045512.2	2747	G	C	64	1	27	2	2	25	0.027027	74	0.223647	FALSE	NA	NA	NA	NA	NA	NA
NC_045512.2	2747	G	A	64	1	27	3	3	27	0.0405405	74	0.107031	FALSE	NA	NA	NA	NA	NA	NA
NC_045512.2	2748	A	T	63	0	27	4	4	27	0.0540541	74	0.05	FALSE	NA	NA	NA	NA	NA	NA
NC_045512.2	2748	A	G	63	0	27	4	4	25	0.0540541	74	0.05	FALSE	NA	NA	NA	NA	NA	NA
NC_045512.2	2748	A	C	63	0	27	3	3	28	0.0405405	74	0.104478	FALSE	NA	NA	NA	NA	NA	NA
NC_045512.2	2749	C	T	65	2	27	3	3	25	0.0405405	74	0.109589	FALSE	NA	NA	NA	NA	NA	NA
NC_045512.2	2749	C	G	65	2	27	5	5	27	0.0675676	74	0.0260668	FALSE	NA	NA	NA	NA	NA	NA
NC_045512.2	2749	C	A	65	2	27	1	1	27	0.0135135	74	0.47482	FALSE	NA	NA	NA	NA	NA	NA
NC_045512.2	2750	A	T	61	0	27	5	5	27	0.0675676	74	0.0222271	FALSE	NA	NA	NA	NA	NA	NA
NC_045512.2	2750	A	G	61	0	27	5	3	28	0.0675676	74	0.0222271	FALSE	NA	NA	NA	NA	NA	NA
NC_045512.2	2750	A	C	61	0	27	3	3	26	0.0405405	74	0.0993846	FALSE	NA	NA	NA	NA	NA	NA
NC_045512.2	2751	C	T	66	3	27	3	3	27	0.0405405	74	0.112149	FALSE	NA	NA	NA	NA	NA	NA
NC_045512.2	2751	C	G	66	3	27	2	2	27	0.027027	74	0.2308	FALSE	NA	NA	NA	NA	NA	NA
NC_045512.2	2751	C	A	66	3	27	3	3	25	0.0405405	74	0.112149	FALSE	NA	NA	NA	NA	NA	NA
NC_045512.2	2752	T	G	64	1	27	2	2	28	0.027027	74	0.223647	FALSE	NA	NA	NA	NA	NA	NA
NC_045512.2	2752	T	C	64	1	27	4	4	25	0.0540541	74	0.0516179	FALSE	NA	NA	NA	NA	NA	NA
NC_045512.2	2752	T	A	64	1	27	4	4	26	0.0540541	74	0.0516179	FALSE	NA	NA	NA	NA	NA	NA
NC_045512.2	2753	G	T	63	0	27	3	3	26	0.0405405	74	0.104478	FALSE	NA	NA	NA	NA	NA	NA
NC_045512.2	2753	G	C	63	0	27	6	6	26	0.0810811	74	0.0117171	FALSE	NA	NA	NA	NA	NA	NA
NC_045512.2	2753	G	A	63	0	27	2	2	25	0.027027	74	0.220036	FALSE	NA	NA	NA	NA	NA	NA
NC_045512.2	2754	T	G	66	3	27	2	2	24	0.0273973	73	0.234121	FALSE	NA	NA	NA	NA	NA	NA
NC_045512.2	2754	T	C	66	3	27	2	2	28	0.0273973	73	0.234121	FALSE	NA	NA	NA	NA	NA	NA
NC_045512.2	2754	T	A	66	3	27	3	3	23	0.0410959	73	0.11457	FALSE	NA	NA	NA	NA	NA	NA
NC_045512.2	2755	G	T	65	2	27	1	1	28	0.0135135	74	0.47482	FALSE	NA	NA	NA	NA	NA	NA
NC_045512.2	2755	G	C	65	2	27	4	4	25	0.0540541	74	0.0532508	FALSE	NA	NA	NA	NA	NA	NA
NC_045512.2	2755	G	A	65	2	27	4	4	28	0.0540541	74	0.0532508	FALSE	NA	NA	NA	NA	NA	NA
NC_045512.2	2756	A	T	67	5	27	3	3	25	0.0405405	74	0.114713	FALSE	NA	NA	NA	NA	NA	NA
NC_045512.2	2756	A	G	67	5	27	1	1	28	0.0135135	74	0.48227	FALSE	NA	NA	NA	NA	NA	NA
NC_045512.2	2756	A	C	67	5	27	3	3	27	0.0405405	74	0.114713	FALSE	NA	NA	NA	NA	NA	NA
NC_045512.2	2757	T	C	65	3	27	4	4	27	0.0540541	74	0.0532508	FALSE	NA	NA	NA	NA	NA	NA
NC_045512.2	2757	T	A	65	3	27	5	5	26	0.0675676	74	0.0260668	FALSE	NA	NA	NA	NA	NA	NA
NC_045512.2	2758	A	G	69	8	27	2	1	27	0.027027	74	0.241356	FALSE	NA	NA	NA	NA	NA	NA
NC_045512.2	2758	A	C	69	8	27	3	3	28	0.0405405	74	0.119846	FALSE	NA	NA	NA	NA	NA	NA
NC_045512.2	2759	G	T	62	0	27	3	3	27	0.0405405	74	0.101928	FALSE	NA	NA	NA	NA	NA	NA
NC_045512.2	2759	G	C	62	0	27	4	4	27	0.0540541	74	0.0483977	FALSE	NA	NA	NA	NA	NA	NA
NC_045512.2	2759	G	A	62	0	27	5	5	27	0.0675676	74	0.0231617	FALSE	NA	NA	NA	NA	NA	NA
NC_045512.2	2760	A	T	67	5	27	4	4	27	0.0540541	74	0.0565599	FALSE	NA	NA	NA	NA	NA	NA
NC_045512.2	2760	A	G	67	5	27	2	2	28	0.027027	74	0.234342	FALSE	NA	NA	NA	NA	NA	NA
NC_045512.2	2760	A	C	67	5	27	1	1	28	0.0135135	74	0.48227	FALSE	NA	NA	NA	NA	NA	NA
NC_045512.2	2761	A	T	69	8	23	3	3	28	0.0410959	73	0.122378	FALSE	NA	NA	NA	NA	NA	NA
NC_045512.2	2761	A	C	69	8	23	1	1	24	0.0136986	73	0.492958	FALSE	NA	NA	NA	NA	NA	NA
NC_045512.2	2762	G	T	63	1	27	3	3	25	0.0405405	74	0.104478	FALSE	NA	NA	NA	NA	NA	NA
NC_045512.2	2762	G	C	63	1	27	4	4	24	0.0540541	74	0.05	FALSE	NA	NA	NA	NA	NA	NA
NC_045512.2	2762	G	A	63	1	27	4	4	27	0.0540541	74	0.05	FALSE	NA	NA	NA	NA	NA	NA
NC_045512.2	2763	T	G	63	1	27	3	3	24	0.0405405	74	0.104478	FALSE	NA	NA	NA	NA	NA	NA
NC_045512.2	2763	T	C	63	1	27	4	4	26	0.0540541	74	0.05	FALSE	NA	NA	NA	NA	NA	NA
NC_045512.2	2763	T	A	63	1	27	4	4	27	0.0540541	74	0.05	FALSE	NA	NA	NA	NA	NA	NA
NC_045512.2	2764	G	T	63	1	28	5	5	25	0.0675676	74	0.0241135	FALSE	NA	NA	NA	NA	NA	NA
NC_045512.2	2764	G	C	63	1	28	2	2	28	0.027027	74	0.220036	FALSE	NA	NA	NA	NA	NA	NA
NC_045512.2	2764	G	A	63	1	28	4	4	24	0.0540541	74	0.05	FALSE	NA	NA	NA	NA	NA	NA
NC_045512.2	2765	C	T	62	0	27	6	6	27	0.0810811	74	0.0111702	FALSE	NA	NA	NA	NA	NA	NA
NC_045512.2	2765	C	G	62	0	27	2	2	25	0.027027	74	0.216402	FALSE	NA	NA	NA	NA	NA	NA
NC_045512.2	2765	C	A	62	0	27	4	4	27	0.0540541	74	0.0483977	FALSE	NA	NA	NA	NA	NA	NA
NC_045512.2	2766	A	T	64	2	28	4	4	26	0.0540541	74	0.0516179	FALSE	NA	NA	NA	NA	NA	NA
NC_045512.2	2766	A	G	64	2	28	4	4	26	0.0540541	74	0.0516179	FALSE	NA	NA	NA	NA	NA	NA
NC_045512.2	2766	A	C	64	2	28	2	2	30	0.027027	74	0.223647	FALSE	NA	NA	NA	NA	NA	NA
NC_045512.2	2767	A	T	66	6	24	2	2	26	0.028169	71	0.240982	FALSE	NA	NA	NA	NA	NA	NA
NC_045512.2	2767	A	G	66	6	24	2	2	25	0.028169	71	0.240982	FALSE	NA	NA	NA	NA	NA	NA
NC_045512.2	2767	A	C	66	6	24	1	1	28	0.0140845	71	0.489051	FALSE	NA	NA	NA	NA	NA	NA
NC_045512.2	2768	G	T	62	1	28	3	3	26	0.0416667	72	0.106526	FALSE	NA	NA	NA	NA	NA	NA
NC_045512.2	2768	G	C	62	1	28	4	4	29	0.0555556	72	0.0513192	FALSE	NA	NA	NA	NA	NA	NA
NC_045512.2	2768	G	A	62	1	28	3	3	27	0.0416667	72	0.106526	FALSE	NA	NA	NA	NA	NA	NA
NC_045512.2	2769	G	T	62	3	24	1	1	28	0.0140845	71	0.473684	FALSE	NA	NA	NA	NA	NA	NA
NC_045512.2	2769	G	C	62	3	24	2	2	28	0.028169	71	0.226237	FALSE	NA	NA	NA	NA	NA	NA
NC_045512.2	2769	G	A	62	3	24	6	6	25	0.084507	71	0.0127389	FALSE	NA	NA	NA	NA	NA	NA
NC_045512.2	2770	T	G	62	2	28	2	2	25	0.0277778	72	0.222886	FALSE	NA	NA	NA	NA	NA	NA
NC_045512.2	2770	T	C	62	2	28	3	3	26	0.0416667	72	0.106526	FALSE	NA	NA	NA	NA	NA	NA
NC_045512.2	2770	T	A	62	2	28	5	5	27	0.0694444	72	0.0249158	FALSE	NA	NA	NA	NA	NA	NA
NC_045512.2	2771	T	G	63	5	24	2	2	28	0.0285714	70	0.233419	FALSE	NA	NA	NA	NA	NA	NA
NC_045512.2	2771	T	C	63	5	24	2	2	27	0.0285714	70	0.233419	FALSE	NA	NA	NA	NA	NA	NA
NC_045512.2	2771	T	A	63	5	24	3	3	24	0.0428571	70	0.114116	FALSE	NA	NA	NA	NA	NA	NA
NC_045512.2	2772	A	T	64	4	27	3	3	28	0.0416667	72	0.111788	FALSE	NA	NA	NA	NA	NA	NA
NC_045512.2	2772	A	G	64	4	27	1	1	24	0.0138889	72	0.477941	FALSE	NA	NA	NA	NA	NA	NA
NC_045512.2	2772	A	C	64	4	27	4	4	28	0.0555556	72	0.0546874	FALSE	NA	NA	NA	NA	NA	NA
NC_045512.2	2773	C	G	62	2	27	1	1	27	0.0138889	72	0.470149	FALSE	NA	NA	NA	NA	NA	NA
NC_045512.2	2773	C	A	62	2	27	9	9	26	0.125	72	0.00149121	TRUE	NA	NA	NA	NA	NA	NA
NC_045512.2	2774	A	T	67	7	27	1	1	28	0.0138889	72	0.489209	FALSE	NA	NA	NA	NA	NA	NA
NC_045512.2	2774	A	C	67	7	27	4	4	28	0.0555556	72	0.05985	FALSE	NA	NA	NA	NA	NA	NA
NC_045512.2	2775	A	T	63	8	24	1	1	28	0.0147059	68	0.48855	FALSE	NA	NA	NA	NA	NA	NA
NC_045512.2	2775	A	G	63	8	24	1	0	29	0.0147059	68	0.48855	FALSE	NA	NA	NA	NA	NA	NA
NC_045512.2	2775	A	C	63	8	24	3	3	29	0.0441176	68	0.119382	FALSE	NA	NA	NA	NA	NA	NA
NC_045512.2	2776	G	T	63	3	27	1	1	29	0.0138889	72	0.474074	FALSE	NA	NA	NA	NA	NA	NA
NC_045512.2	2776	G	C	63	3	27	1	1	31	0.0138889	72	0.474074	FALSE	NA	NA	NA	NA	NA	NA
NC_045512.2	2776	G	A	63	3	27	7	7	27	0.0972222	72	0.00634357	TRUE	NA	NA	NA	NA	NA	NA
NC_045512.2	2777	A	T	64	4	27	3	3	27	0.0410959	73	0.109375	FALSE	NA	NA	NA	NA	NA	NA
NC_045512.2	2777	A	G	64	4	27	3	3	26	0.0410959	73	0.109375	FALSE	NA	NA	NA	NA	NA	NA
NC_045512.2	2777	A	C	64	4	27	3	3	26	0.0410959	73	0.109375	FALSE	NA	NA	NA	NA	NA	NA
NC_045512.2	2778	G	T	62	2	27	1	1	27	0.0135135	74	0.463235	FALSE	NA	NA	NA	NA	NA	NA
NC_045512.2	2778	G	C	62	2	27	6	6	26	0.0810811	74	0.0111702	FALSE	NA	NA	NA	NA	NA	NA
NC_045512.2	2778	G	A	62	2	27	5	5	26	0.0675676	74	0.0231617	FALSE	NA	NA	NA	NA	NA	NA
NC_045512.2	2779	T	G	62	2	27	1	1	24	0.0138889	72	0.470149	FALSE	NA	NA	NA	NA	NA	NA
NC_045512.2	2779	T	C	62	2	27	4	4	27	0.0555556	72	0.0513192	FALSE	NA	NA	NA	NA	NA	NA
NC_045512.2	2779	T	A	62	2	27	5	5	25	0.0694444	72	0.0249158	FALSE	NA	NA	NA	NA	NA	NA
NC_045512.2	2780	G	T	64	4	27	3	3	27	0.0405405	74	0.107031	FALSE	NA	NA	NA	NA	NA	NA
NC_045512.2	2780	G	C	64	4	27	3	3	25	0.0405405	74	0.107031	FALSE	NA	NA	NA	NA	NA	NA
NC_045512.2	2780	G	A	64	4	27	4	4	28	0.0540541	74	0.0516179	FALSE	NA	NA	NA	NA	NA	NA
NC_045512.2	2781	T	G	64	4	27	2	2	27	0.027027	74	0.223647	FALSE	NA	NA	NA	NA	NA	NA
NC_045512.2	2781	T	C	64	4	27	5	5	27	0.0675676	74	0.0250819	FALSE	NA	NA	NA	NA	NA	NA
NC_045512.2	2781	T	A	64	4	27	3	3	28	0.0405405	74	0.107031	FALSE	NA	NA	NA	NA	NA	NA
NC_045512.2	2782	G	T	64	4	27	6	6	25	0.0810811	74	0.0122779	FALSE	NA	NA	NA	NA	NA	NA
NC_045512.2	2782	G	C	64	4	27	1	1	24	0.0135135	74	0.471014	FALSE	NA	NA	NA	NA	NA	NA
NC_045512.2	2782	G	A	64	4	27	3	3	25	0.0405405	74	0.107031	FALSE	NA	NA	NA	NA	NA	NA
NC_045512.2	2783	A	T	62	2	28	2	2	25	0.027027	74	0.216402	FALSE	NA	NA	NA	NA	NA	NA
NC_045512.2	2783	A	G	62	2	28	3	3	27	0.0405405	74	0.101928	FALSE	NA	NA	NA	NA	NA	NA
NC_045512.2	2783	A	C	62	2	28	7	7	27	0.0945946	74	0.00542777	TRUE	NA	NA	NA	NA	NA	NA
NC_045512.2	2784	A	T	62	4	23	2	2	28	0.0277778	72	0.222886	FALSE	NA	NA	NA	NA	NA	NA
NC_045512.2	2784	A	G	62	4	23	1	1	23	0.0138889	72	0.470149	FALSE	NA	NA	NA	NA	NA	NA
NC_045512.2	2784	A	C	62	4	23	7	7	26	0.0972222	72	0.00600746	TRUE	NA	NA	NA	NA	NA	NA
NC_045512.2	2785	T	G	61	2	27	1	1	24	0.0136986	73	0.462687	FALSE	NA	NA	NA	NA	NA	NA
NC_045512.2	2785	T	C	61	2	27	8	7	25	0.109589	73	0.00264158	TRUE	NA	NA	NA	NA	NA	NA
NC_045512.2	2785	T	A	61	2	27	3	3	26	0.0410959	73	0.10161	FALSE	NA	NA	NA	NA	NA	NA
NC_045512.2	2786	A	T	62	2	27	4	4	24	0.0547945	73	0.0498317	FALSE	NA	NA	NA	NA	NA	NA
NC_045512.2	2786	A	G	62	2	27	1	1	28	0.0136986	73	0.466667	FALSE	NA	NA	NA	NA	NA	NA
NC_045512.2	2786	A	C	62	2	27	6	6	25	0.0821918	73	0.0116667	FALSE	NA	NA	NA	NA	NA	NA
NC_045512.2	2787	T	C	63	4	27	6	6	27	0.0821918	73	0.012234	FALSE	NA	NA	NA	NA	NA	NA
NC_045512.2	2787	T	A	63	4	27	4	4	25	0.0547945	73	0.0514705	FALSE	NA	NA	NA	NA	NA	NA
NC_045512.2	2788	C	T	60	4	26	2	2	27	0.0285714	70	0.222079	FALSE	NA	NA	NA	NA	NA	NA
NC_045512.2	2788	C	G	60	4	26	2	2	28	0.0285714	70	0.222079	FALSE	NA	NA	NA	NA	NA	NA
NC_045512.2	2788	C	A	60	4	26	6	6	24	0.0857143	70	0.0120954	FALSE	NA	NA	NA	NA	NA	NA
NC_045512.2	2789	A	T	60	5	26	3	3	27	0.0422535	71	0.103601	FALSE	NA	NA	NA	NA	NA	NA
NC_045512.2	2789	A	G	60	5	26	1	1	27	0.0140845	71	0.465649	FALSE	NA	NA	NA	NA	NA	NA
NC_045512.2	2789	A	C	60	5	26	7	7	27	0.0985915	71	0.00565431	TRUE	NA	NA	NA	NA	NA	NA
NC_045512.2	2789	A	-C	60	5	26	40	0	20	0.56338	71	9.99401e-12	TRUE	NA	NA	NA	NA	NA	NA
NC_045512.2	2790	C	T	6	6	26	15	0	24	0.483871	31	9.896e-13	TRUE	NA	NA	NA	NA	NA	NA
NC_045512.2	2790	C	A	6	6	26	10	10	25	0.322581	31	2.26158e-09	TRUE	NA	NA	NA	NA	NA	NA
NC_045512.2	2791	T	G	50	1	26	2	2	23	0.03125	64	0.202288	FALSE	NA	NA	NA	NA	NA	NA
NC_045512.2	2791	T	C	50	1	26	2	2	26	0.03125	64	0.202288	FALSE	NA	NA	NA	NA	NA	NA
NC_045512.2	2791	T	A	50	1	26	10	10	28	0.15625	64	0.000502566	TRUE	NA	NA	NA	NA	NA	NA
NC_045512.2	2792	T	G	44	2	27	2	2	27	0.0350877	57	0.200932	FALSE	NA	NA	NA	NA	NA	NA
NC_045512.2	2792	T	C	44	2	27	5	5	26	0.0877193	57	0.019748	FALSE	NA	NA	NA	NA	NA	NA
NC_045512.2	2792	T	A	44	2	27	6	6	29	0.105263	57	0.00931512	TRUE	NA	NA	NA	NA	NA	NA
NC_045512.2	2793	T	G	38	2	26	4	4	26	0.0784314	51	0.0400586	FALSE	NA	NA	NA	NA	NA	NA
NC_045512.2	2793	T	C	38	2	26	4	4	27	0.0784314	51	0.0400586	FALSE	NA	NA	NA	NA	NA	NA
NC_045512.2	2793	T	A	38	2	26	5	5	27	0.0980392	51	0.0185217	FALSE	NA	NA	NA	NA	NA	NA
NC_045512.2	2794	T	G	8	2	23	8	8	24	0.363636	22	0.00033335	TRUE	NA	NA	NA	NA	NA	NA
NC_045512.2	2794	T	C	8	2	23	2	2	26	0.0909091	22	0.0967742	FALSE	NA	NA	NA	NA	NA	NA
NC_045512.2	2794	T	A	8	2	23	4	4	26	0.181818	22	0.0120968	FALSE	NA	NA	NA	NA	NA	NA
NC_045512.2	2795	G	T	25	5	26	3	3	24	0.0857143	35	0.0866208	FALSE	NA	NA	NA	NA	NA	NA
NC_045512.2	2795	G	C	25	5	26	3	3	25	0.0857143	35	0.0866208	FALSE	NA	NA	NA	NA	NA	NA
NC_045512.2	2795	G	A	25	5	26	4	4	26	0.114286	35	0.0398731	FALSE	NA	NA	NA	NA	NA	NA
NC_045512.2	2796	A	T	24	4	27	6	6	26	0.176471	34	0.00873899	TRUE	NA	NA	NA	NA	NA	NA
NC_045512.2	2796	A	G	24	4	27	2	2	23	0.0588235	34	0.189947	FALSE	NA	NA	NA	NA	NA	NA
NC_045512.2	2796	A	C	24	4	27	2	2	27	0.0588235	34	0.189947	FALSE	NA	NA	NA	NA	NA	NA
NC_045512.2	2797	A	T	18	6	23	3	3	27	0.107143	28	0.0768964	FALSE	NA	NA	NA	NA	NA	NA
NC_045512.2	2797	A	G	18	6	23	7	7	26	0.25	28	0.00359309	TRUE	NA	NA	NA	NA	NA	NA
NC_045512.2	2798	C	T	22	5	25	3	3	26	0.0909091	33	0.0786056	FALSE	NA	NA	NA	NA	NA	NA
NC_045512.2	2798	C	G	22	5	25	4	4	24	0.121212	33	0.035237	FALSE	NA	NA	NA	NA	NA	NA
NC_045512.2	2798	C	A	22	5	25	4	4	27	0.121212	33	0.035237	FALSE	NA	NA	NA	NA	NA	NA
NC_045512.2	2799	T	G	19	2	25	7	7	24	0.225806	31	0.00283635	TRUE	NA	NA	NA	NA	NA	NA
NC_045512.2	2799	T	C	19	2	25	2	2	27	0.0645161	31	0.164706	FALSE	NA	NA	NA	NA	NA	NA
NC_045512.2	2799	T	A	19	2	25	3	3	25	0.0967742	31	0.0696833	FALSE	NA	NA	NA	NA	NA	NA
NC_045512.2	2799	T	-T	19	2	25	1	0	20	0.0322581	31	0.4	FALSE	NA	NA	NA	NA	NA	NA
NC_045512.2	2800	T	G	20	4	22	6	6	25	0.2	30	0.00709089	TRUE	NA	NA	NA	NA	NA	NA
NC_045512.2	2800	T	C	20	4	22	3	3	24	0.1	30	0.0755998	FALSE	NA	NA	NA	NA	NA	NA
NC_045512.2	2800	T	A	20	4	22	1	1	23	0.0333333	30	0.411765	FALSE	NA	NA	NA	NA	NA	NA
NC_045512.2	2801	G	T	20	3	26	6	6	25	0.181818	33	0.00568815	TRUE	NA	NA	NA	NA	NA	NA
NC_045512.2	2801	G	C	20	3	26	3	3	24	0.0909091	33	0.0675052	FALSE	NA	NA	NA	NA	NA	NA
NC_045512.2	2801	G	A	20	3	26	4	4	23	0.121212	33	0.0289308	FALSE	NA	NA	NA	NA	NA	NA
NC_045512.2	2801	G	-A	20	3	26	1	0	20	0.030303	33	0.396226	FALSE	NA	NA	NA	NA	NA	NA
NC_045512.2	2802	A	T	18	2	26	6	6	26	0.214286	28	0.00661129	TRUE	NA	NA	NA	NA	NA	NA
NC_045512.2	2802	A	G	18	2	26	3	3	24	0.107143	28	0.0721884	FALSE	NA	NA	NA	NA	NA	NA
NC_045512.2	2802	A	C	18	2	26	1	1	26	0.0357143	28	0.404255	FALSE	NA	NA	NA	NA	NA	NA
NC_045512.2	2803	T	G	18	2	26	4	4	23	0.137931	29	0.0317629	FALSE	NA	NA	NA	NA	NA	NA
NC_045512.2	2803	T	C	18	2	26	4	4	25	0.137931	29	0.0317629	FALSE	NA	NA	NA	NA	NA	NA
NC_045512.2	2803	T	A	18	2	26	3	3	27	0.103448	29	0.0721884	FALSE	NA	NA	NA	NA	NA	NA
NC_045512.2	2804	G	T	18	6	26	1	1	24	0.037037	27	0.422222	FALSE	NA	NA	NA	NA	NA	NA
NC_045512.2	2804	G	C	18	6	26	5	5	26	0.185185	27	0.0176461	FALSE	NA	NA	NA	NA	NA	NA
NC_045512.2	2804	G	A	18	6	26	3	3	22	0.111111	27	0.0820228	FALSE	NA	NA	NA	NA	NA	NA
NC_045512.2	2804	G	-A	18	6	26	1	0	20	0.037037	27	0.422222	FALSE	NA	NA	NA	NA	NA	NA
NC_045512.2	2805	A	T	18	6	25	5	5	26	0.2	25	0.0196513	FALSE	NA	NA	NA	NA	NA	NA
NC_045512.2	2805	A	G	18	6	25	1	1	28	0.04	25	0.431818	FALSE	NA	NA	NA	NA	NA	NA
NC_045512.2	2805	A	C	18	6	25	1	1	26	0.04	25	0.431818	FALSE	NA	NA	NA	NA	NA	NA
NC_045512.2	2806	A	T	17	6	27	2	2	28	0.0740741	27	0.172727	FALSE	NA	NA	NA	NA	NA	NA
NC_045512.2	2806	A	G	17	6	27	4	4	27	0.148148	27	0.0335548	FALSE	NA	NA	NA	NA	NA	NA
NC_045512.2	2806	A	C	17	6	27	4	4	23	0.148148	27	0.0335548	FALSE	NA	NA	NA	NA	NA	NA
NC_045512.2	2807	A	T	12	7	24	1	1	27	0.047619	21	0.393939	FALSE	NA	NA	NA	NA	NA	NA
NC_045512.2	2807	A	G	12	7	24	2	2	25	0.0952381	21	0.16221	FALSE	NA	NA	NA	NA	NA	NA
NC_045512.2	2807	A	C	12	7	24	6	6	26	0.285714	21	0.00672443	TRUE	NA	NA	NA	NA	NA	NA
NC_045512.2	2808	G	T	14	3	25	3	3	27	0.111111	27	0.0551009	FALSE	NA	NA	NA	NA	NA	NA
NC_045512.2	2808	G	C	14	3	25	2	2	27	0.0740741	27	0.139373	FALSE	NA	NA	NA	NA	NA	NA
NC_045512.2	2808	G	A	14	3	25	8	8	26	0.296296	27	0.000847412	TRUE	NA	NA	NA	NA	NA	NA
NC_045512.2	2809	G	T	15	5	23	1	1	29	0.0384615	26	0.390244	FALSE	NA	NA	NA	NA	NA	NA
NC_045512.2	2809	G	C	15	5	23	2	2	25	0.0769231	26	0.157956	FALSE	NA	NA	NA	NA	NA	NA
NC_045512.2	2809	G	A	15	5	23	8	8	27	0.307692	26	0.00129936	TRUE	NA	NA	NA	NA	NA	NA
NC_045512.2	2810	A	T	17	7	26	3	3	24	0.115385	26	0.0803383	FALSE	NA	NA	NA	NA	NA	NA
NC_045512.2	2810	A	G	17	7	26	4	4	27	0.153846	26	0.0366762	FALSE	NA	NA	NA	NA	NA	NA
NC_045512.2	2810	A	C	17	7	26	2	2	26	0.0769231	26	0.180761	FALSE	NA	NA	NA	NA	NA	NA
NC_045512.2	2811	T	G	13	3	27	3	3	27	0.115385	26	0.0525328	FALSE	NA	NA	NA	NA	NA	NA
NC_045512.2	2811	T	C	13	3	27	4	4	26	0.153846	26	0.0212633	FALSE	NA	NA	NA	NA	NA	NA
NC_045512.2	2811	T	A	13	3	27	6	6	25	0.230769	26	0.00384358	TRUE	NA	NA	NA	NA	NA	NA
NC_045512.2	2812	T	G	11	2	22	2	2	29	0.08	25	0.117117	FALSE	NA	NA	NA	NA	NA	NA
NC_045512.2	2812	T	C	11	2	22	3	3	26	0.12	25	0.0431484	FALSE	NA	NA	NA	NA	NA	NA
NC_045512.2	2812	T	A	11	2	22	9	9	26	0.36	25	0.00023692	TRUE	NA	NA	NA	NA	NA	NA
NC_045512.2	2813	G	T	11	1	26	3	3	28	0.115385	26	0.0398293	FALSE	NA	NA	NA	NA	NA	NA
NC_045512.2	2813	G	C	11	1	26	6	6	26	0.230769	26	0.00235923	TRUE	NA	NA	NA	NA	NA	NA
NC_045512.2	2813	G	A	11	1	26	6	6	27	0.230769	26	0.00235923	TRUE	NA	NA	NA	NA	NA	NA
NC_045512.2	2814	A	T	14	4	26	6	6	25	0.26087	23	0.00738879	TRUE	NA	NA	NA	NA	NA	NA
NC_045512.2	2814	A	G	14	4	26	2	2	26	0.0869565	23	0.170697	FALSE	NA	NA	NA	NA	NA	NA
NC_045512.2	2814	A	C	14	4	26	1	1	28	0.0434783	23	0.405405	FALSE	NA	NA	NA	NA	NA	NA
NC_045512.2	2815	T	G	16	6	26	5	5	27	0.192308	26	0.0148451	FALSE	NA	NA	NA	NA	NA	NA
NC_045512.2	2815	T	C	16	6	26	2	2	26	0.0769231	26	0.169435	FALSE	NA	NA	NA	NA	NA	NA
NC_045512.2	2815	T	A	16	6	26	3	3	26	0.115385	26	0.0731652	FALSE	NA	NA	NA	NA	NA	NA
NC_045512.2	2815	T	-A	16	6	26	1	0	20	0.0384615	26	0.404762	FALSE	NA	NA	NA	NA	NA	NA
NC_045512.2	2816	A	T	13	3	28	7	7	26	0.28	25	0.00170826	TRUE	NA	NA	NA	NA	NA	NA
NC_045512.2	2816	A	G	13	3	28	2	2	27	0.08	25	0.134615	FALSE	NA	NA	NA	NA	NA	NA
NC_045512.2	2816	A	C	13	3	28	3	3	24	0.12	25	0.0525328	FALSE	NA	NA	NA	NA	NA	NA
NC_045512.2	2817	A	T	12	2	28	7	7	25	0.28	25	0.00156367	TRUE	NA	NA	NA	NA	NA	NA
NC_045512.2	2817	A	G	12	2	28	3	3	26	0.12	25	0.0497866	FALSE	NA	NA	NA	NA	NA	NA
NC_045512.2	2817	A	C	12	2	28	3	3	29	0.12	25	0.0497866	FALSE	NA	NA	NA	NA	NA	NA
NC_045512.2	2818	A	T	14	4	23	4	4	27	0.16	25	0.0273385	FALSE	NA	NA	NA	NA	NA	NA
NC_045512.2	2818	A	G	14	4	23	3	3	25	0.12	25	0.0637899	FALSE	NA	NA	NA	NA	NA	NA
NC_045512.2	2818	A	C	14	4	23	4	4	27	0.16	25	0.0273385	FALSE	NA	NA	NA	NA	NA	NA
NC_045512.2	2819	G	T	12	2	28	8	8	26	0.32	25	0.000710761	TRUE	NA	NA	NA	NA	NA	NA
NC_045512.2	2819	G	C	12	2	28	2	2	27	0.08	25	0.129445	FALSE	NA	NA	NA	NA	NA	NA
NC_045512.2	2819	G	A	12	2	28	3	3	27	0.12	25	0.0497866	FALSE	NA	NA	NA	NA	NA	NA
NC_045512.2	2820	T	G	17	8	27	2	2	23	0.0833333	24	0.198606	FALSE	NA	NA	NA	NA	NA	NA
NC_045512.2	2820	T	C	17	8	27	3	3	27	0.125	24	0.092375	FALSE	NA	NA	NA	NA	NA	NA
NC_045512.2	2820	T	A	17	8	27	2	2	27	0.0833333	24	0.198606	FALSE	NA	NA	NA	NA	NA	NA
NC_045512.2	2821	A	T	12	3	26	4	4	25	0.166667	24	0.0221274	FALSE	NA	NA	NA	NA	NA	NA
NC_045512.2	2821	A	G	12	3	26	7	7	27	0.291667	24	0.00186772	TRUE	NA	NA	NA	NA	NA	NA
NC_045512.2	2821	A	C	12	3	26	1	1	27	0.0416667	24	0.361111	FALSE	NA	NA	NA	NA	NA	NA
NC_045512.2	2822	C	T	12	3	26	6	6	27	0.24	25	0.00353884	TRUE	NA	NA	NA	NA	NA	NA
NC_045512.2	2822	C	G	12	3	26	2	2	26	0.08	25	0.129445	FALSE	NA	NA	NA	NA	NA	NA
NC_045512.2	2822	C	A	12	3	26	5	5	26	0.2	25	0.00825729	TRUE	NA	NA	NA	NA	NA	NA
NC_045512.2	2823	T	G	14	5	27	4	4	25	0.166667	24	0.0302163	FALSE	NA	NA	NA	NA	NA	NA
NC_045512.2	2823	T	C	14	5	27	1	1	27	0.0416667	24	0.394737	FALSE	NA	NA	NA	NA	NA	NA
NC_045512.2	2823	T	A	14	5	27	5	5	25	0.208333	24	0.0136693	FALSE	NA	NA	NA	NA	NA	NA
NC_045512.2	2824	T	G	11	2	24	6	6	27	0.25	24	0.00322428	TRUE	NA	NA	NA	NA	NA	NA
NC_045512.2	2824	T	C	11	2	24	1	1	34	0.0416667	24	0.342857	FALSE	NA	NA	NA	NA	NA	NA
NC_045512.2	2824	T	A	11	2	24	6	6	27	0.25	24	0.00322428	TRUE	NA	NA	NA	NA	NA	NA
NC_045512.2	2825	A	T	13	4	28	8	8	27	0.32	25	0.000944036	TRUE	NA	NA	NA	NA	NA	NA
NC_045512.2	2825	A	G	13	4	28	3	3	26	0.12	25	0.0566802	FALSE	NA	NA	NA	NA	NA	NA
NC_045512.2	2825	A	C	13	4	28	1	1	27	0.04	25	0.368421	FALSE	NA	NA	NA	NA	NA	NA
NC_045512.2	2826	A	T	10	1	24	5	5	27	0.2	25	0.00521574	TRUE	NA	NA	NA	NA	NA	NA
NC_045512.2	2826	A	G	10	1	24	7	7	26	0.28	25	0.00086505	TRUE	NA	NA	NA	NA	NA	NA
NC_045512.2	2826	A	C	10	1	24	3	3	28	0.12	25	0.0368082	FALSE	NA	NA	NA	NA	NA	NA
NC_045512.2	2827	T	G	9	1	27	6	6	25	0.24	25	0.00153404	TRUE	NA	NA	NA	NA	NA	NA
NC_045512.2	2827	T	C	9	1	27	4	3	25	0.16	25	0.010826	FALSE	NA	NA	NA	NA	NA	NA
NC_045512.2	2827	T	A	9	1	27	6	6	26	0.24	25	0.00153404	TRUE	NA	NA	NA	NA	NA	NA
NC_045512.2	2828	G	T	11	2	28	1	1	28	0.0434783	23	0.352941	FALSE	NA	NA	NA	NA	NA	NA
NC_045512.2	2828	G	C	11	2	28	6	6	27	0.26087	23	0.00379327	TRUE	NA	NA	NA	NA	NA	NA
NC_045512.2	2828	G	A	11	2	28	5	5	26	0.217391	23	0.0087022	TRUE	NA	NA	NA	NA	NA	NA
NC_045512.2	2829	A	T	18	9	27	4	4	27	0.16	25	0.0448264	FALSE	NA	NA	NA	NA	NA	NA
NC_045512.2	2829	A	G	18	9	27	2	2	24	0.08	25	0.200846	FALSE	NA	NA	NA	NA	NA	NA
NC_045512.2	2829	A	C	18	9	27	1	1	27	0.04	25	0.44186	FALSE	NA	NA	NA	NA	NA	NA
NC_045512.2	2830	G	T	17	8	27	1	1	26	0.0416667	24	0.439024	FALSE	NA	NA	NA	NA	NA	NA
NC_045512.2	2830	G	C	17	8	27	2	2	27	0.0833333	24	0.198606	FALSE	NA	NA	NA	NA	NA	NA
NC_045512.2	2830	G	A	17	8	27	4	4	27	0.166667	24	0.0440881	FALSE	NA	NA	NA	NA	NA	NA
NC_045512.2	2831	A	T	11	2	28	6	6	26	0.24	25	0.00275243	TRUE	NA	NA	NA	NA	NA	NA
NC_045512.2	2831	A	G	11	2	28	6	6	24	0.24	25	0.00275243	TRUE	NA	NA	NA	NA	NA	NA
NC_045512.2	2831	A	C	11	2	28	2	2	29	0.08	25	0.117117	FALSE	NA	NA	NA	NA	NA	NA
NC_045512.2	2832	A	T	10	2	24	2	2	27	0.0869565	23	0.117647	FALSE	NA	NA	NA	NA	NA	NA
NC_045512.2	2832	A	G	10	2	24	9	8	27	0.391304	23	0.000263678	TRUE	NA	NA	NA	NA	NA	NA
NC_045512.2	2832	A	C	10	2	24	2	2	27	0.0869565	23	0.117647	FALSE	NA	NA	NA	NA	NA	NA
NC_045512.2	2833	G	T	12	3	27	5	5	25	0.2	25	0.00825729	TRUE	NA	NA	NA	NA	NA	NA
NC_045512.2	2833	G	C	12	3	27	5	5	26	0.2	25	0.00825729	TRUE	NA	NA	NA	NA	NA	NA
NC_045512.2	2833	G	A	12	3	27	3	3	27	0.12	25	0.0497866	FALSE	NA	NA	NA	NA	NA	NA
NC_045512.2	2834	T	G	14	5	27	3	3	28	0.125	24	0.0688259	FALSE	NA	NA	NA	NA	NA	NA
NC_045512.2	2834	T	C	14	5	27	1	1	28	0.0416667	24	0.394737	FALSE	NA	NA	NA	NA	NA	NA
NC_045512.2	2834	T	A	14	5	27	6	6	25	0.25	24	0.00635779	TRUE	NA	NA	NA	NA	NA	NA
NC_045512.2	2835	G	T	12	3	27	2	2	27	0.0833333	24	0.136637	FALSE	NA	NA	NA	NA	NA	NA
NC_045512.2	2835	G	C	12	3	27	4	4	24	0.166667	24	0.0221274	FALSE	NA	NA	NA	NA	NA	NA
NC_045512.2	2835	G	A	12	3	27	6	6	27	0.25	24	0.00412865	TRUE	NA	NA	NA	NA	NA	NA
NC_045512.2	2836	C	T	11	2	27	5	5	26	0.217391	23	0.0087022	TRUE	NA	NA	NA	NA	NA	NA
NC_045512.2	2836	C	G	11	2	27	5	5	27	0.217391	23	0.0087022	TRUE	NA	NA	NA	NA	NA	NA
NC_045512.2	2836	C	A	11	2	27	2	2	26	0.0869565	23	0.131092	FALSE	NA	NA	NA	NA	NA	NA
NC_045512.2	2837	T	G	11	2	27	4	4	27	0.16	25	0.0165955	FALSE	NA	NA	NA	NA	NA	NA
NC_045512.2	2837	T	C	11	2	27	2	2	28	0.08	25	0.117117	FALSE	NA	NA	NA	NA	NA	NA
NC_045512.2	2837	T	A	11	2	27	8	8	25	0.32	25	0.000521225	TRUE	NA	NA	NA	NA	NA	NA
NC_045512.2	2838	C	T	10	1	27	3	3	26	0.12	25	0.0368082	FALSE	NA	NA	NA	NA	NA	NA
NC_045512.2	2838	C	G	10	1	27	5	5	27	0.2	25	0.00521574	TRUE	NA	NA	NA	NA	NA	NA
NC_045512.2	2838	C	A	10	1	27	7	7	28	0.28	25	0.00086505	TRUE	NA	NA	NA	NA	NA	NA
NC_045512.2	2839	T	G	11	2	27	6	6	26	0.24	25	0.00275243	TRUE	NA	NA	NA	NA	NA	NA
NC_045512.2	2839	T	C	11	2	27	2	2	26	0.08	25	0.117117	FALSE	NA	NA	NA	NA	NA	NA
NC_045512.2	2839	T	A	11	2	27	6	6	25	0.24	25	0.00275243	TRUE	NA	NA	NA	NA	NA	NA
NC_045512.2	2840	G	T	11	2	26	4	4	27	0.166667	24	0.0184922	FALSE	NA	NA	NA	NA	NA	NA
NC_045512.2	2840	G	C	11	2	26	2	2	23	0.0833333	24	0.12381	FALSE	NA	NA	NA	NA	NA	NA
NC_045512.2	2840	G	A	11	2	26	7	7	26	0.291667	24	0.00141554	TRUE	NA	NA	NA	NA	NA	NA
NC_045512.2	2841	C	T	11	2	26	3	3	26	0.12	25	0.0431484	FALSE	NA	NA	NA	NA	NA	NA
NC_045512.2	2841	C	G	11	2	26	7	7	27	0.28	25	0.00117961	TRUE	NA	NA	NA	NA	NA	NA
NC_045512.2	2841	C	A	11	2	26	4	4	26	0.16	25	0.0165955	FALSE	NA	NA	NA	NA	NA	NA
NC_045512.2	2842	C	T	11	2	23	3	3	28	0.12	25	0.0431484	FALSE	NA	NA	NA	NA	NA	NA
NC_045512.2	2842	C	G	11	2	23	4	4	28	0.16	25	0.0165955	FALSE	NA	NA	NA	NA	NA	NA
NC_045512.2	2842	C	A	11	2	23	7	7	24	0.28	25	0.00117961	TRUE	NA	NA	NA	NA	NA	NA
NC_045512.2	2843	T	G	13	4	27	5	5	26	0.208333	24	0.0114332	FALSE	NA	NA	NA	NA	NA	NA
NC_045512.2	2843	T	C	13	4	27	1	1	27	0.0416667	24	0.378378	FALSE	NA	NA	NA	NA	NA	NA
NC_045512.2	2843	T	A	13	4	27	5	5	26	0.208333	24	0.0114332	FALSE	NA	NA	NA	NA	NA	NA
NC_045512.2	2844	A	T	15	6	26	1	1	25	0.04	25	0.4	FALSE	NA	NA	NA	NA	NA	NA
NC_045512.2	2844	A	G	15	6	26	6	6	28	0.24	25	0.0066622	TRUE	NA	NA	NA	NA	NA	NA
NC_045512.2	2844	A	C	15	6	26	3	3	26	0.12	25	0.0710801	FALSE	NA	NA	NA	NA	NA	NA
NC_045512.2	2845	T	G	11	2	26	4	4	24	0.166667	24	0.0184922	FALSE	NA	NA	NA	NA	NA	NA
NC_045512.2	2845	T	C	11	2	26	1	1	27	0.0416667	24	0.342857	FALSE	NA	NA	NA	NA	NA	NA
NC_045512.2	2845	T	A	11	2	26	8	8	24	0.333333	24	0.000640362	TRUE	NA	NA	NA	NA	NA	NA
NC_045512.2	2846	A	T	18	9	26	2	2	25	0.08	25	0.200846	FALSE	NA	NA	NA	NA	NA	NA
NC_045512.2	2846	A	G	18	9	26	5	5	25	0.2	25	0.0219363	FALSE	NA	NA	NA	NA	NA	NA
NC_045512.2	2847	C	T	10	1	26	3	3	24	0.157895	19	0.0636263	FALSE	NA	NA	NA	NA	NA	NA
NC_045512.2	2847	C	G	10	1	26	3	3	22	0.157895	19	0.0636263	FALSE	NA	NA	NA	NA	NA	NA
NC_045512.2	2847	C	A	10	1	26	3	3	26	0.157895	19	0.0636263	FALSE	NA	NA	NA	NA	NA	NA
NC_045512.2	2848	A	T	7	1	27	1	1	27	0.0833333	12	0.421053	FALSE	NA	NA	NA	NA	NA	NA
NC_045512.2	2848	A	G	7	1	27	4	4	25	0.333333	12	0.0451128	FALSE	NA	NA	NA	NA	NA	NA
NC_045512.2	2849	G	T	7	1	26	1	1	22	0.1	10	0.470588	FALSE	NA	NA	NA	NA	NA	NA
NC_045512.2	2849	G	C	7	1	26	1	1	27	0.1	10	0.470588	FALSE	NA	NA	NA	NA	NA	NA
NC_045512.2	2849	G	A	7	1	26	1	1	23	0.1	10	0.470588	FALSE	NA	NA	NA	NA	NA	NA
NC_045512.2	2850	T	C	7	2	28	1	1	23	0.125	8	0.533333	FALSE	NA	NA	NA	NA	NA	NA
NC_045512.2	2851	T	A	4	1	22	2	2	26	0.333333	6	0.272727	FALSE	NA	NA	NA	NA	NA	NA
NC_045512.2	2852	G	C	5	0	24	2	2	27	0.222222	9	0.2	FALSE	NA	NA	NA	NA	NA	NA
NC_045512.2	2852	G	A	5	0	24	2	2	26	0.222222	9	0.2	FALSE	NA	NA	NA	NA	NA	NA
NC_045512.2	2853	A	G	6	1	24	1	1	28	0.125	8	0.5	FALSE	NA	NA	NA	NA	NA	NA
NC_045512.2	2853	A	C	6	1	24	1	1	26	0.125	8	0.5	FALSE	NA	NA	NA	NA	NA	NA
NC_045512.2	2854	A	T	7	2	25	1	1	27	0.125	8	0.533333	FALSE	NA	NA	NA	NA	NA	NA
NC_045512.2	2855	C	T	5	0	28	2	2	27	0.222222	9	0.2	FALSE	NA	NA	NA	NA	NA	NA
NC_045512.2	2855	C	G	5	0	28	2	2	27	0.222222	9	0.2	FALSE	NA	NA	NA	NA	NA	NA
NC_045512.2	2856	T	A	8	3	28	1	1	28	0.111111	9	0.529412	FALSE	NA	NA	NA	NA	NA	NA
NC_045512.2	2857	C	T	5	0	27	1	1	27	0.111111	9	0.428571	FALSE	NA	NA	NA	NA	NA	NA
NC_045512.2	2857	C	G	5	0	27	3	3	25	0.333333	9	0.1	FALSE	NA	NA	NA	NA	NA	NA
NC_045512.2	2858	G	T	7	2	26	2	2	26	0.222222	9	0.264706	FALSE	NA	NA	NA	NA	NA	NA
NC_045512.2	2859	G	T	8	3	24	1	1	32	0.111111	9	0.529412	FALSE	NA	NA	NA	NA	NA	NA
NC_045512.2	2860	T	G	7	2	27	1	1	30	0.111111	9	0.5	FALSE	NA	NA	NA	NA	NA	NA
NC_045512.2	2860	T	A	7	2	27	1	1	21	0.111111	9	0.5	FALSE	NA	NA	NA	NA	NA	NA
NC_045512.2	2861	A	G	7	2	26	2	2	26	0.222222	9	0.264706	FALSE	NA	NA	NA	NA	NA	NA
NC_045512.2	2862	C	T	5	0	24	2	2	28	0.222222	9	0.2	FALSE	NA	NA	NA	NA	NA	NA
NC_045512.2	2862	C	A	5	0	24	2	2	24	0.222222	9	0.2	FALSE	NA	NA	NA	NA	NA	NA
NC_045512.2	2863	A	T	7	2	25	1	1	28	0.111111	9	0.5	FALSE	NA	NA	NA	NA	NA	NA
NC_045512.2	2863	A	G	7	2	25	1	1	28	0.111111	9	0.5	FALSE	NA	NA	NA	NA	NA	NA
NC_045512.2	2864	G	T	6	1	28	2	2	25	0.222222	9	0.233333	FALSE	NA	NA	NA	NA	NA	NA
NC_045512.2	2864	G	A	6	1	28	1	1	32	0.111111	9	0.466667	FALSE	NA	NA	NA	NA	NA	NA
NC_045512.2	2865	A	C	7	2	28	2	2	27	0.222222	9	0.264706	FALSE	NA	NA	NA	NA	NA	NA
NC_045512.2	2866	A	T	7	2	24	1	1	26	0.111111	9	0.5	FALSE	NA	NA	NA	NA	NA	NA
NC_045512.2	2866	A	C	7	2	24	1	1	26	0.111111	9	0.5	FALSE	NA	NA	NA	NA	NA	NA
NC_045512.2	2867	G	C	5	0	27	2	2	28	0.25	8	0.230769	FALSE	NA	NA	NA	NA	NA	NA
NC_045512.2	2867	G	A	5	0	27	1	1	26	0.125	8	0.461538	FALSE	NA	NA	NA	NA	NA	NA
NC_045512.2	2868	T	C	7	2	28	1	1	25	0.111111	9	0.5	FALSE	NA	NA	NA	NA	NA	NA
NC_045512.2	2868	T	A	7	2	28	1	1	26	0.111111	9	0.5	FALSE	NA	NA	NA	NA	NA	NA
NC_045512.2	2869	A	T	5	0	28	2	2	27	0.25	8	0.230769	FALSE	NA	NA	NA	NA	NA	NA
NC_045512.2	2869	A	G	5	0	28	1	1	29	0.125	8	0.461538	FALSE	NA	NA	NA	NA	NA	NA
NC_045512.2	2870	A	T	5	0	28	3	3	30	0.333333	9	0.1	FALSE	NA	NA	NA	NA	NA	NA
NC_045512.2	2870	A	G	5	0	28	1	1	23	0.111111	9	0.428571	FALSE	NA	NA	NA	NA	NA	NA
NC_045512.2	2871	A	T	5	0	22	3	3	26	0.333333	9	0.1	FALSE	NA	NA	NA	NA	NA	NA
NC_045512.2	2871	A	G	5	0	22	1	1	28	0.111111	9	0.428571	FALSE	NA	NA	NA	NA	NA	NA
NC_045512.2	2872	T	G	6	1	27	2	2	26	0.222222	9	0.233333	FALSE	NA	NA	NA	NA	NA	NA
NC_045512.2	2872	T	A	6	1	27	1	1	28	0.111111	9	0.466667	FALSE	NA	NA	NA	NA	NA	NA
NC_045512.2	2873	G	T	5	0	27	2	2	27	0.222222	9	0.2	FALSE	NA	NA	NA	NA	NA	NA
NC_045512.2	2873	G	A	5	0	27	2	2	24	0.222222	9	0.2	FALSE	NA	NA	NA	NA	NA	NA
NC_045512.2	2874	A	T	7	2	28	1	1	28	0.111111	9	0.5	FALSE	NA	NA	NA	NA	NA	NA
NC_045512.2	2874	A	G	7	2	28	1	1	28	0.111111	9	0.5	FALSE	NA	NA	NA	NA	NA	NA
NC_045512.2	2875	G	C	6	1	28	1	1	27	0.111111	9	0.466667	FALSE	NA	NA	NA	NA	NA	NA
NC_045512.2	2875	G	A	6	1	28	2	2	27	0.222222	9	0.233333	FALSE	NA	NA	NA	NA	NA	NA
NC_045512.2	2876	T	G	6	1	27	1	1	25	0.111111	9	0.466667	FALSE	NA	NA	NA	NA	NA	NA
NC_045512.2	2876	T	A	6	1	27	2	2	25	0.222222	9	0.233333	FALSE	NA	NA	NA	NA	NA	NA
NC_045512.2	2877	T	C	6	1	24	1	1	27	0.111111	9	0.466667	FALSE	NA	NA	NA	NA	NA	NA
NC_045512.2	2877	T	A	6	1	24	2	2	24	0.222222	9	0.233333	FALSE	NA	NA	NA	NA	NA	NA
NC_045512.2	2878	C	T	100	17	26	2	1	21	0.0190476	105	0.492683	FALSE	NA	NA	NA	NA	NA	NA
NC_045512.2	2878	C	G	100	17	26	2	2	29	0.0190476	105	0.492683	FALSE	NA	NA	NA	NA	NA	NA
NC_045512.2	2878	C	A	100	17	26	1	1	25	0.00952381	105	0.743855	FALSE	NA	NA	NA	NA	NA	NA
NC_045512.2	2879	G	T	103	17	26	2	2	27	0.0188679	106	0.5	FALSE	NA	NA	NA	NA	NA	NA
NC_045512.2	2879	G	A	103	17	26	1	1	27	0.00943396	106	0.748804	FALSE	NA	NA	NA	NA	NA	NA
NC_045512.2	2880	C	T	100	14	26	1	1	27	0.00970874	103	0.748768	FALSE	NA	NA	NA	NA	NA	NA
NC_045512.2	2880	C	G	100	14	26	2	2	26	0.0194175	103	0.5	FALSE	NA	NA	NA	NA	NA	NA
NC_045512.2	2881	C	G	99	18	24	1	1	27	0.00990099	101	0.751256	FALSE	NA	NA	NA	NA	NA	NA
NC_045512.2	2881	C	A	99	18	24	1	1	27	0.00990099	101	0.751256	FALSE	NA	NA	NA	NA	NA	NA
NC_045512.2	2882	T	C	104	18	27	1	1	29	0.00943396	106	0.751196	FALSE	NA	NA	NA	NA	NA	NA
NC_045512.2	2882	T	A	104	18	27	1	1	21	0.00943396	106	0.751196	FALSE	NA	NA	NA	NA	NA	NA
NC_045512.2	2883	G	A	105	19	27	1	1	26	0.00943396	106	0.753555	FALSE	NA	NA	NA	NA	NA	NA
NC_045512.2	2884	T	C	104	18	27	1	1	23	0.00934579	107	0.748815	FALSE	NA	NA	NA	NA	NA	NA
NC_045512.2	2884	T	A	104	18	27	2	2	24	0.0186916	107	0.5	FALSE	NA	NA	NA	NA	NA	NA
NC_045512.2	2885	G	C	105	19	27	1	1	28	0.00934579	107	0.751185	FALSE	NA	NA	NA	NA	NA	NA
NC_045512.2	2885	G	A	105	19	27	1	1	27	0.00934579	107	0.751185	FALSE	NA	NA	NA	NA	NA	NA
NC_045512.2	2886	T	G	103	17	27	1	1	27	0.00952381	105	0.751208	FALSE	NA	NA	NA	NA	NA	NA
NC_045512.2	2886	T	A	103	17	27	1	1	27	0.00952381	105	0.751208	FALSE	NA	NA	NA	NA	NA	NA
NC_045512.2	2887	T	G	98	18	24	2	2	25	0.0188679	106	0.481621	FALSE	NA	NA	NA	NA	NA	NA
NC_045512.2	2887	T	C	98	18	24	5	4	27	0.0471698	106	0.101565	FALSE	NA	NA	NA	NA	NA	NA
NC_045512.2	2887	T	A	98	18	24	1	1	27	0.00943396	106	0.736308	FALSE	NA	NA	NA	NA	NA	NA
NC_045512.2	2888	G	T	175	61	27	2	2	25	0.011236	178	0.5	FALSE	NA	NA	NA	NA	NA	NA
NC_045512.2	2888	G	C	175	61	27	1	1	29	0.00561798	178	0.749292	FALSE	NA	NA	NA	NA	NA	NA
NC_045512.2	2889	T	G	170	57	27	3	3	28	0.0167598	179	0.300787	FALSE	NA	NA	NA	NA	NA	NA
NC_045512.2	2889	T	C	170	57	27	4	4	24	0.0223464	179	0.178691	FALSE	NA	NA	NA	NA	NA	NA
NC_045512.2	2889	T	A	170	57	27	2	1	27	0.0111732	179	0.487107	FALSE	NA	NA	NA	NA	NA	NA
NC_045512.2	2890	G	T	168	54	26	3	3	22	0.0170455	176	0.302764	FALSE	NA	NA	NA	NA	NA	NA
NC_045512.2	2890	G	C	168	54	26	5	5	24	0.0284091	176	0.104688	FALSE	NA	NA	NA	NA	NA	NA
NC_045512.2	2891	G	T	165	56	25	6	6	25	0.0338983	177	0.0560795	FALSE	NA	NA	NA	NA	NA	NA
NC_045512.2	2891	G	C	165	56	25	3	3	24	0.0169492	177	0.294117	FALSE	NA	NA	NA	NA	NA	NA
NC_045512.2	2891	G	A	165	56	25	3	1	28	0.0169492	177	0.294117	FALSE	NA	NA	NA	NA	NA	NA
NC_045512.2	2892	C	T	174	60	27	2	2	26	0.010929	183	0.487396	FALSE	NA	NA	NA	NA	NA	NA
NC_045512.2	2892	C	G	174	60	27	7	7	26	0.0382514	183	0.0330685	FALSE	NA	NA	NA	NA	NA	NA
NC_045512.2	2893	A	T	173	59	27	7	7	26	0.037234	188	0.0297926	FALSE	NA	NA	NA	NA	NA	NA
NC_045512.2	2893	A	G	173	59	27	2	2	26	0.0106383	188	0.475078	FALSE	NA	NA	NA	NA	NA	NA
NC_045512.2	2893	A	C	173	59	27	6	6	26	0.0319149	188	0.0539379	FALSE	NA	NA	NA	NA	NA	NA
NC_045512.2	2894	G	T	182	68	27	2	2	26	0.0103627	193	0.484002	FALSE	NA	NA	NA	NA	NA	NA
NC_045512.2	2894	G	C	182	68	27	7	7	26	0.0362694	193	0.032075	FALSE	NA	NA	NA	NA	NA	NA
NC_045512.2	2894	G	A	182	68	27	2	2	29	0.0103627	193	0.484002	FALSE	NA	NA	NA	NA	NA	NA
NC_045512.2	2895	A	T	174	59	27	6	6	24	0.0267857	224	0.0832158	FALSE	NA	NA	NA	NA	NA	NA
NC_045512.2	2895	A	G	174	59	27	9	9	27	0.0401786	224	0.0139067	FALSE	NA	NA	NA	NA	NA	NA
NC_045512.2	2895	A	C	174	59	27	35	35	26	0.15625	224	4.05339e-10	TRUE	NA	NA	NA	NA	NA	NA
NC_045512.2	2896	T	G	178	63	27	34	34	26	0.151111	225	1.05152e-09	TRUE	NA	NA	NA	NA	NA	NA
NC_045512.2	2896	T	C	178	63	27	11	11	25	0.0488889	225	0.00432295	TRUE	NA	NA	NA	NA	NA	NA
NC_045512.2	2896	T	A	178	63	27	2	2	28	0.00888889	225	0.602407	FALSE	NA	NA	NA	NA	NA	NA
NC_045512.2	2897	G	T	180	65	27	10	10	26	0.044843	223	0.00887956	TRUE	NA	NA	NA	NA	NA	NA
NC_045512.2	2897	G	C	180	65	27	31	31	23	0.139013	223	1.04857e-08	TRUE	NA	NA	NA	NA	NA	NA
NC_045512.2	2897	G	A	180	65	27	2	2	27	0.00896861	223	0.610542	FALSE	NA	NA	NA	NA	NA	NA
NC_045512.2	2898	C	T	206	91	27	15	15	27	0.0646552	232	0.000719549	TRUE	NA	NA	NA	NA	NA	NA
NC_045512.2	2898	C	G	206	91	27	10	10	27	0.0431034	232	0.0134454	FALSE	NA	NA	NA	NA	NA	NA
NC_045512.2	2898	C	A	206	91	27	1	1	30	0.00431034	232	0.472603	FALSE	NA	NA	NA	NA	NA	NA
NC_045512.2	2899	T	G	212	97	27	21	21	26	0.0889831	236	2.05628e-05	TRUE	NA	NA	NA	NA	NA	NA
NC_045512.2	2899	T	C	212	97	27	2	2	29	0.00847458	236	0.652382	FALSE	NA	NA	NA	NA	NA	NA
NC_045512.2	2899	T	A	212	97	27	1	1	30	0.00423729	236	0.475446	FALSE	NA	NA	NA	NA	NA	NA
NC_045512.2	2900	G	T	217	102	27	17	17	26	0.07173	237	0.000268974	TRUE	NA	NA	NA	NA	NA	NA
NC_045512.2	2900	G	C	217	102	27	2	2	22	0.00843882	237	0.65973	FALSE	NA	NA	NA	NA	NA	NA
NC_045512.2	2900	G	A	217	102	27	1	1	27	0.00421941	237	0.860394	FALSE	NA	NA	NA	NA	NA	NA
NC_045512.2	2901	T	G	213	97	27	16	16	25	0.0672269	238	0.000413221	TRUE	NA	NA	NA	NA	NA	NA
NC_045512.2	2901	T	C	213	97	27	9	9	26	0.0378151	238	0.0241989	FALSE	NA	NA	NA	NA	NA	NA
NC_045512.2	2902	C	T	179	63	27	14	14	24	0.0583333	240	0.000416819	TRUE	NA	NA	NA	NA	NA	NA
NC_045512.2	2902	C	G	179	63	27	40	40	27	0.166667	240	5.75935e-12	TRUE	NA	NA	NA	NA	NA	NA
NC_045512.2	2902	C	A	179	63	27	7	7	27	0.0291667	240	0.0407629	FALSE	NA	NA	NA	NA	NA	NA
NC_045512.2	2903	A	T	178	61	27	39	39	23	0.1625	240	1.03545e-11	TRUE	NA	NA	NA	NA	NA	NA
NC_045512.2	2903	A	G	178	61	27	15	15	26	0.0625	240	0.000201907	TRUE	NA	NA	NA	NA	NA	NA
NC_045512.2	2903	A	C	178	61	27	8	8	26	0.0333333	240	0.0214679	FALSE	NA	NA	NA	NA	NA	NA
NC_045512.2	2904	T	G	215	99	26	17	17	26	0.0685484	248	0.000174493	TRUE	NA	NA	NA	NA	NA	NA
NC_045512.2	2904	T	C	215	99	26	1	1	23	0.00403226	248	0.849036	FALSE	NA	NA	NA	NA	NA	NA
NC_045512.2	2904	T	A	215	99	26	15	15	26	0.0604839	248	0.000600051	TRUE	NA	NA	NA	NA	NA	NA
NC_045512.2	2904	T	-A	215	99	26	14	0	20	0.0564516	248	0.00110595	TRUE	NA	NA	NA	NA	NA	NA
NC_045512.2	2904	T	+A	215	99	26	1	0	20	0.00403226	248	0.849036	FALSE	NA	NA	NA	NA	NA	NA
NC_045512.2	2905	A	T	105	4	26	20	20	27	0.105263	190	1.59315e-07	TRUE	NA	NA	NA	NA	NA	NA
NC_045512.2	2905	A	G	105	4	26	64	64	26	0.336842	190	3.60907e-23	TRUE	NA	NA	NA	NA	NA	NA
NC_045512.2	2905	A	C	105	4	26	1	1	27	0.00526316	190	0.717905	FALSE	NA	NA	NA	NA	NA	NA
NC_045512.2	2906	A	T	179	67	27	53	53	26	0.205426	258	1.07432e-16	TRUE	NA	NA	NA	NA	NA	NA
NC_045512.2	2906	A	G	179	67	27	23	23	25	0.0891473	258	3.3267e-07	TRUE	NA	NA	NA	NA	NA	NA
NC_045512.2	2906	A	C	179	67	27	3	3	27	0.0116279	258	0.34223	FALSE	NA	NA	NA	NA	NA	NA
NC_045512.2	2907	A	T	176	63	27	9	9	25	0.0346154	260	0.00751175	TRUE	NA	NA	NA	NA	NA	NA
NC_045512.2	2907	A	G	176	63	27	63	63	24	0.242308	260	4.60014e-20	TRUE	NA	NA	NA	NA	NA	NA
NC_045512.2	2907	A	C	176	63	27	12	12	27	0.0461538	260	0.000888225	TRUE	NA	NA	NA	NA	NA	NA
NC_045512.2	2908	A	T	180	68	27	8	8	27	0.0300752	266	0.0149054	FALSE	NA	NA	NA	NA	NA	NA
NC_045512.2	2908	A	G	180	68	27	63	62	27	0.236842	266	4.05048e-20	TRUE	NA	NA	NA	NA	NA	NA
NC_045512.2	2908	A	C	180	68	27	15	15	27	0.056391	266	9.74966e-05	TRUE	NA	NA	NA	NA	NA	NA
NC_045512.2	2909	A	T	76	74	26	6	6	27	0.0387097	155	0.00780598	TRUE	NA	NA	NA	NA	NA	NA
NC_045512.2	2909	A	G	76	74	26	17	17	26	0.109677	155	2.81463e-07	TRUE	NA	NA	NA	NA	NA	NA
NC_045512.2	2909	A	C	76	74	26	56	56	27	0.36129	155	2.03444e-21	TRUE	NA	NA	NA	NA	NA	NA
NC_045512.2	2910	C	T	172	59	25	17	17	27	0.0639098	266	1.47505e-05	TRUE	NA	NA	NA	NA	NA	NA
NC_045512.2	2910	C	G	172	59	25	19	19	27	0.0714286	266	3.14573e-06	TRUE	NA	NA	NA	NA	NA	NA
NC_045512.2	2910	C	A	172	59	25	58	58	27	0.218045	266	4.03424e-19	TRUE	NA	NA	NA	NA	NA	NA
NC_045512.2	2911	T	G	163	50	25	63	63	27	0.253012	249	2.18506e-20	TRUE	NA	NA	NA	NA	NA	NA
NC_045512.2	2911	T	C	163	50	25	9	9	26	0.0361446	249	0.00650548	TRUE	NA	NA	NA	NA	NA	NA
NC_045512.2	2911	T	A	163	50	25	14	14	27	0.0562249	249	0.00016472	TRUE	NA	NA	NA	NA	NA	NA
NC_045512.2	2912	T	G	193	80	27	12	12	26	0.0444444	270	0.00122062	TRUE	NA	NA	NA	NA	NA	NA
NC_045512.2	2912	T	C	193	80	27	8	8	27	0.0296296	270	0.0184083	FALSE	NA	NA	NA	NA	NA	NA
NC_045512.2	2912	T	A	193	80	27	57	57	27	0.211111	270	1.17394e-17	TRUE	NA	NA	NA	NA	NA	NA
NC_045512.2	2913	T	G	164	120	26	14	14	27	0.0696517	201	0.000802546	TRUE	NA	NA	NA	NA	NA	NA
NC_045512.2	2913	T	C	164	120	26	16	16	27	0.079602	201	0.000226019	TRUE	NA	NA	NA	NA	NA	NA
NC_045512.2	2913	T	A	164	120	26	7	7	27	0.0348259	201	0.0548608	FALSE	NA	NA	NA	NA	NA	NA
NC_045512.2	2914	G	T	229	116	26	11	11	27	0.0418251	263	0.00676418	TRUE	NA	NA	NA	NA	NA	NA
NC_045512.2	2914	G	C	229	116	26	14	14	28	0.0532319	263	0.00111944	TRUE	NA	NA	NA	NA	NA	NA
NC_045512.2	2914	G	A	229	116	26	9	9	26	0.0342205	263	0.0215161	FALSE	NA	NA	NA	NA	NA	NA
NC_045512.2	2915	C	T	224	111	26	21	21	27	0.0783582	268	9.58679e-06	TRUE	NA	NA	NA	NA	NA	NA
NC_045512.2	2915	C	G	224	111	26	11	11	27	0.0410448	268	0.00551315	TRUE	NA	NA	NA	NA	NA	NA
NC_045512.2	2915	C	A	224	111	26	12	12	28	0.0447761	268	0.00298607	TRUE	NA	NA	NA	NA	NA	NA
NC_045512.2	2915	C	-A	224	111	26	1	0	20	0.00373134	268	0.841	FALSE	NA	NA	NA	NA	NA	NA
NC_045512.2	2916	A	T	167	55	25	63	63	27	0.252	250	3.35483e-20	TRUE	NA	NA	NA	NA	NA	NA
NC_045512.2	2916	A	G	167	55	25	14	14	27	0.056	250	0.000184614	TRUE	NA	NA	NA	NA	NA	NA
NC_045512.2	2916	A	C	167	55	25	6	6	26	0.024	250	0.0539022	FALSE	NA	NA	NA	NA	NA	NA
NC_045512.2	2917	A	T	180	80	25	16	16	27	0.0608365	263	5.11726e-05	TRUE	NA	NA	NA	NA	NA	NA
NC_045512.2	2917	A	G	180	80	25	58	56	27	0.220532	263	2.01812e-18	TRUE	NA	NA	NA	NA	NA	NA
NC_045512.2	2917	A	C	180	80	25	9	9	27	0.0342205	263	0.00787552	TRUE	NA	NA	NA	NA	NA	NA
NC_045512.2	2918	C	T	187	74	26	55	55	27	0.202952	271	1.86957e-17	TRUE	NA	NA	NA	NA	NA	NA
NC_045512.2	2918	C	G	187	74	26	6	6	27	0.0221402	271	0.0594474	FALSE	NA	NA	NA	NA	NA	NA
NC_045512.2	2918	C	A	187	74	26	23	23	27	0.0848708	271	2.99611e-07	TRUE	NA	NA	NA	NA	NA	NA
NC_045512.2	2919	C	T	232	122	25	11	11	25	0.0404412	272	0.00608073	TRUE	NA	NA	NA	NA	NA	NA
NC_045512.2	2919	C	G	232	122	25	5	5	27	0.0183824	272	0.173715	FALSE	NA	NA	NA	NA	NA	NA
NC_045512.2	2919	C	A	232	122	25	24	24	27	0.0882353	272	1.6815e-06	TRUE	NA	NA	NA	NA	NA	NA
NC_045512.2	2920	A	T	233	120	27	22	22	25	0.0817844	269	7.17794e-06	TRUE	NA	NA	NA	NA	NA	NA
NC_045512.2	2920	A	G	233	120	27	5	5	26	0.0185874	269	0.179168	FALSE	NA	NA	NA	NA	NA	NA
NC_045512.2	2920	A	C	233	120	27	9	9	25	0.0334572	269	0.0210268	FALSE	NA	NA	NA	NA	NA	NA
NC_045512.2	2921	G	T	176	63	27	63	63	26	0.239544	263	3.09916e-20	TRUE	NA	NA	NA	NA	NA	NA
NC_045512.2	2921	G	C	176	63	27	11	11	26	0.0418251	263	0.00170828	TRUE	NA	NA	NA	NA	NA	NA
NC_045512.2	2921	G	A	176	63	27	13	13	26	0.0494297	263	0.000396294	TRUE	NA	NA	NA	NA	NA	NA
NC_045512.2	2921	G	+A	176	63	27	1	0	20	0.00380228	263	0.78841	FALSE	NA	NA	NA	NA	NA	NA
NC_045512.2	2922	T	G	188	76	27	6	6	28	0.0267857	224	0.101358	FALSE	NA	NA	NA	NA	NA	NA
NC_045512.2	2922	T	C	188	76	27	9	8	26	0.0401786	224	0.0190115	FALSE	NA	NA	NA	NA	NA	NA
NC_045512.2	2922	T	A	188	76	27	21	21	27	0.09375	224	1.11061e-05	TRUE	NA	NA	NA	NA	NA	NA
NC_045512.2	2923	A	T	236	131	27	15	15	27	0.0537634	279	0.000489777	TRUE	NA	NA	NA	NA	NA	NA
NC_045512.2	2923	A	G	236	131	27	24	16	26	0.0860215	279	1.50657e-06	TRUE	NA	NA	NA	NA	NA	NA
NC_045512.2	2923	A	C	236	131	27	4	4	27	0.0143369	279	0.276589	FALSE	NA	NA	NA	NA	NA	NA
NC_045512.2	2924	T	G	186	74	27	11	11	26	0.0392857	280	0.00161602	TRUE	NA	NA	NA	NA	NA	NA
NC_045512.2	2924	T	C	186	74	27	12	12	26	0.0428571	280	0.000776022	TRUE	NA	NA	NA	NA	NA	NA
NC_045512.2	2924	T	A	186	74	27	71	71	27	0.253571	280	6.01706e-23	TRUE	NA	NA	NA	NA	NA	NA
NC_045512.2	2925	C	T	181	68	27	6	6	26	0.0218182	275	0.0518602	FALSE	NA	NA	NA	NA	NA	NA
NC_045512.2	2925	C	G	181	68	27	14	14	25	0.0509091	275	0.000165157	TRUE	NA	NA	NA	NA	NA	NA
NC_045512.2	2925	C	A	181	68	27	74	74	26	0.269091	275	5.99913e-24	TRUE	NA	NA	NA	NA	NA	NA
NC_045512.2	2926	T	G	183	70	27	2	2	29	0.00722022	277	0.527431	FALSE	NA	NA	NA	NA	NA	NA
NC_045512.2	2926	T	C	183	70	27	29	29	26	0.104693	277	1.74052e-09	TRUE	NA	NA	NA	NA	NA	NA
NC_045512.2	2926	T	A	183	70	27	63	63	27	0.227437	277	1.62343e-20	TRUE	NA	NA	NA	NA	NA	NA
NC_045512.2	2927	G	T	178	65	27	25	25	24	0.0899281	278	2.50248e-08	TRUE	NA	NA	NA	NA	NA	NA
NC_045512.2	2927	G	C	178	65	27	59	59	26	0.21223	278	1.19259e-19	TRUE	NA	NA	NA	NA	NA	NA
NC_045512.2	2927	G	A	178	65	27	16	16	27	0.057554	278	2.87174e-05	TRUE	NA	NA	NA	NA	NA	NA
NC_045512.2	2928	A	T	184	72	26	53	53	25	0.203846	260	1.71196e-16	TRUE	NA	NA	NA	NA	NA	NA
NC_045512.2	2928	A	G	184	72	26	13	13	27	0.05	260	0.000574233	TRUE	NA	NA	NA	NA	NA	NA
NC_045512.2	2928	A	C	184	72	26	10	10	27	0.0384615	260	0.00464057	TRUE	NA	NA	NA	NA	NA	NA
NC_045512.2	2929	A	T	180	74	25	71	71	27	0.255396	278	2.70919e-23	TRUE	NA	NA	NA	NA	NA	NA
NC_045512.2	2929	A	G	180	74	25	13	13	26	0.0467626	278	0.000312058	TRUE	NA	NA	NA	NA	NA	NA
NC_045512.2	2929	A	C	180	74	25	14	14	25	0.0503597	278	0.000145997	TRUE	NA	NA	NA	NA	NA	NA
NC_045512.2	2930	T	G	225	113	26	32	32	26	0.111498	287	2.50683e-09	TRUE	NA	NA	NA	NA	NA	NA
NC_045512.2	2930	T	C	225	113	26	20	20	27	0.0696864	287	9.63949e-06	TRUE	NA	NA	NA	NA	NA	NA
NC_045512.2	2930	T	A	225	113	26	10	10	26	0.0348432	287	0.00745238	TRUE	NA	NA	NA	NA	NA	NA
NC_045512.2	2931	T	G	174	73	25	62	62	25	0.226277	274	1.1018e-20	TRUE	NA	NA	NA	NA	NA	NA
NC_045512.2	2931	T	C	174	73	25	19	19	26	0.0693431	274	2.57686e-06	TRUE	NA	NA	NA	NA	NA	NA
NC_045512.2	2931	T	A	174	73	25	19	19	26	0.0693431	274	2.57686e-06	TRUE	NA	NA	NA	NA	NA	NA
NC_045512.2	2932	A	T	203	91	27	13	13	26	0.0452962	287	0.000556537	TRUE	NA	NA	NA	NA	NA	NA
NC_045512.2	2932	A	G	203	91	27	12	12	27	0.0418118	287	0.00112965	TRUE	NA	NA	NA	NA	NA	NA
NC_045512.2	2932	A	C	203	91	27	59	59	25	0.205575	287	1.69982e-18	TRUE	NA	NA	NA	NA	NA	NA
NC_045512.2	2933	C	T	180	68	27	24	24	27	0.0879121	273	8.05818e-08	TRUE	NA	NA	NA	NA	NA	NA
NC_045512.2	2933	C	G	180	68	27	9	9	27	0.032967	273	0.0066187	TRUE	NA	NA	NA	NA	NA	NA
NC_045512.2	2933	C	A	180	68	27	60	60	24	0.21978	273	1.43791e-19	TRUE	NA	NA	NA	NA	NA	NA
NC_045512.2	2934	T	G	176	65	26	15	15	26	0.0524476	286	4.4867e-05	TRUE	NA	NA	NA	NA	NA	NA
NC_045512.2	2934	T	C	176	65	26	29	28	25	0.101399	286	5.70543e-10	TRUE	NA	NA	NA	NA	NA	NA
NC_045512.2	2934	T	A	176	65	26	66	66	27	0.230769	286	1.7075e-22	TRUE	NA	NA	NA	NA	NA	NA
NC_045512.2	2935	T	G	188	84	25	9	9	25	0.0321429	280	0.00715795	TRUE	NA	NA	NA	NA	NA	NA
NC_045512.2	2935	T	C	188	84	25	72	72	24	0.257143	280	4.23426e-23	TRUE	NA	NA	NA	NA	NA	NA
NC_045512.2	2935	T	A	188	84	25	11	11	26	0.0392857	280	0.00171594	TRUE	NA	NA	NA	NA	NA	NA
NC_045512.2	2936	A	T	193	81	27	13	13	27	0.0445205	292	0.000353421	TRUE	NA	NA	NA	NA	NA	NA
NC_045512.2	2936	A	G	193	81	27	23	23	27	0.0787671	292	1.69271e-07	TRUE	NA	NA	NA	NA	NA	NA
NC_045512.2	2936	A	C	193	81	27	63	63	27	0.215753	292	1.26556e-20	TRUE	NA	NA	NA	NA	NA	NA
NC_045512.2	2937	C	T	179	67	28	18	18	27	0.0614334	293	3.74609e-06	TRUE	NA	NA	NA	NA	NA	NA
NC_045512.2	2937	C	G	179	67	28	27	27	27	0.0921502	293	2.50444e-09	TRUE	NA	NA	NA	NA	NA	NA
NC_045512.2	2937	C	A	179	67	28	69	69	27	0.235495	293	1.23516e-23	TRUE	NA	NA	NA	NA	NA	NA
NC_045512.2	2938	A	T	192	80	27	27	27	27	0.0912162	296	5.81545e-09	TRUE	NA	NA	NA	NA	NA	NA
NC_045512.2	2938	A	G	192	80	27	65	65	27	0.219595	296	1.54336e-21	TRUE	NA	NA	NA	NA	NA	NA
NC_045512.2	2938	A	C	192	80	27	12	12	25	0.0405405	296	0.000659893	TRUE	NA	NA	NA	NA	NA	NA
NC_045512.2	2939	C	T	180	68	26	72	72	27	0.248276	290	2.42138e-24	TRUE	NA	NA	NA	NA	NA	NA
NC_045512.2	2939	C	G	180	68	26	11	11	26	0.037931	290	0.00108737	TRUE	NA	NA	NA	NA	NA	NA
NC_045512.2	2939	C	A	180	68	26	27	27	26	0.0931034	290	3.18344e-09	TRUE	NA	NA	NA	NA	NA	NA
NC_045512.2	2940	C	T	182	75	24	32	32	27	0.108475	295	5.06907e-11	TRUE	NA	NA	NA	NA	NA	NA
NC_045512.2	2940	C	G	182	75	24	12	12	27	0.040678	295	0.000481153	TRUE	NA	NA	NA	NA	NA	NA
NC_045512.2	2940	C	A	182	75	24	69	69	27	0.233898	295	1.6377e-23	TRUE	NA	NA	NA	NA	NA	NA
NC_045512.2	2941	A	T	186	74	27	75	75	27	0.250836	299	2.34188e-25	TRUE	NA	NA	NA	NA	NA	NA
NC_045512.2	2941	A	G	186	74	27	12	12	26	0.0401338	299	0.000505418	TRUE	NA	NA	NA	NA	NA	NA
NC_045512.2	2941	A	C	186	74	27	26	26	27	0.0869565	299	7.09547e-09	TRUE	NA	NA	NA	NA	NA	NA
NC_045512.2	2942	C	T	238	126	27	33	33	27	0.110368	299	1.52208e-09	TRUE	NA	NA	NA	NA	NA	NA
NC_045512.2	2942	C	G	238	126	27	13	13	27	0.0434783	299	0.00116496	TRUE	NA	NA	NA	NA	NA	NA
NC_045512.2	2942	C	A	238	126	27	15	15	25	0.0501672	299	0.000312998	TRUE	NA	NA	NA	NA	NA	NA
NC_045512.2	2943	T	G	238	127	27	22	22	27	0.0735786	299	2.81324e-06	TRUE	NA	NA	NA	NA	NA	NA
NC_045512.2	2943	T	C	238	127	27	14	14	26	0.0468227	299	0.000605447	TRUE	NA	NA	NA	NA	NA	NA
NC_045512.2	2943	T	A	238	127	27	25	25	26	0.083612	299	3.6347e-07	TRUE	NA	NA	NA	NA	NA	NA
NC_045512.2	2944	G	T	220	108	26	27	27	26	0.0927835	291	4.81713e-08	TRUE	NA	NA	NA	NA	NA	NA
NC_045512.2	2944	G	C	220	108	26	14	14	26	0.04811	291	0.000430807	TRUE	NA	NA	NA	NA	NA	NA
NC_045512.2	2944	G	A	220	108	26	30	30	25	0.103093	291	5.77157e-09	TRUE	NA	NA	NA	NA	NA	NA
NC_045512.2	2945	G	T	179	69	28	29	29	24	0.0966667	300	2.1318e-09	TRUE	NA	NA	NA	NA	NA	NA
NC_045512.2	2945	G	C	179	69	28	8	8	27	0.0266667	300	0.0212889	FALSE	NA	NA	NA	NA	NA	NA
NC_045512.2	2945	G	A	179	69	28	84	82	25	0.28	300	1.00882e-27	TRUE	NA	NA	NA	NA	NA	NA
NC_045512.2	2946	G	T	162	69	24	42	42	26	0.146853	286	2.91742e-15	TRUE	NA	NA	NA	NA	NA	NA
NC_045512.2	2946	G	C	162	69	24	13	12	27	0.0454545	286	0.000121499	TRUE	NA	NA	NA	NA	NA	NA
NC_045512.2	2946	G	A	162	69	24	69	69	27	0.241259	286	1.17462e-24	TRUE	NA	NA	NA	NA	NA	NA
NC_045512.2	2947	C	T	185	73	26	73	73	24	0.241722	302	8.85027e-24	TRUE	NA	NA	NA	NA	NA	NA
NC_045512.2	2947	C	G	185	73	26	11	11	26	0.0364238	302	0.00303798	TRUE	NA	NA	NA	NA	NA	NA
NC_045512.2	2947	C	A	185	73	26	33	33	27	0.109272	302	1.45608e-10	TRUE	NA	NA	NA	NA	NA	NA
NC_045512.2	2948	A	T	202	90	27	65	65	26	0.215232	302	4.93343e-20	TRUE	NA	NA	NA	NA	NA	NA
NC_045512.2	2948	A	G	202	90	27	9	9	25	0.0298013	302	0.0178581	FALSE	NA	NA	NA	NA	NA	NA
NC_045512.2	2948	A	C	202	90	27	26	26	26	0.0860927	302	1.11964e-07	TRUE	NA	NA	NA	NA	NA	NA
NC_045512.2	2949	T	G	189	78	26	9	9	27	0.0294118	306	0.0126483	FALSE	NA	NA	NA	NA	NA	NA
NC_045512.2	2949	T	C	189	78	26	34	33	26	0.111111	306	7.52378e-11	TRUE	NA	NA	NA	NA	NA	NA
NC_045512.2	2949	T	A	189	78	26	74	74	27	0.24183	306	5.18679e-24	TRUE	NA	NA	NA	NA	NA	NA
NC_045512.2	2950	T	G	204	101	25	7	7	24	0.0238095	294	0.0315524	FALSE	NA	NA	NA	NA	NA	NA
NC_045512.2	2950	T	C	204	101	25	64	63	27	0.217687	294	2.57406e-20	TRUE	NA	NA	NA	NA	NA	NA
NC_045512.2	2950	T	A	204	101	25	19	19	26	0.0646259	294	5.93447e-06	TRUE	NA	NA	NA	NA	NA	NA
NC_045512.2	2951	G	T	182	70	27	84	84	25	0.277228	303	1.40247e-27	TRUE	NA	NA	NA	NA	NA	NA
NC_045512.2	2951	G	C	182	70	27	20	20	27	0.0660066	303	2.96543e-06	TRUE	NA	NA	NA	NA	NA	NA
NC_045512.2	2951	G	A	182	70	27	17	17	27	0.0561056	303	3.0359e-05	TRUE	NA	NA	NA	NA	NA	NA
NC_045512.2	2952	A	T	209	97	26	74	74	27	0.23871	310	9.80408e-23	TRUE	NA	NA	NA	NA	NA	NA
NC_045512.2	2952	A	G	209	97	26	12	12	26	0.0387097	310	0.00260813	TRUE	NA	NA	NA	NA	NA	NA
NC_045512.2	2952	A	C	209	97	26	15	15	26	0.0483871	310	0.000334281	TRUE	NA	NA	NA	NA	NA	NA
NC_045512.2	2952	A	-T	209	97	26	1	0	20	0.00322581	310	0.875339	FALSE	NA	NA	NA	NA	NA	NA
NC_045512.2	2953	T	G	179	68	25	16	16	24	0.0528053	303	5.52108e-05	TRUE	NA	NA	NA	NA	NA	NA
NC_045512.2	2953	T	C	179	68	25	36	36	27	0.118812	303	6.59352e-12	TRUE	NA	NA	NA	NA	NA	NA
NC_045512.2	2953	T	A	179	68	25	72	72	27	0.237624	303	4.55517e-24	TRUE	NA	NA	NA	NA	NA	NA
NC_045512.2	2954	T	G	194	81	27	21	21	26	0.0673077	312	1.94271e-06	TRUE	NA	NA	NA	NA	NA	NA
NC_045512.2	2954	T	C	194	81	27	69	69	27	0.221154	312	2.25857e-22	TRUE	NA	NA	NA	NA	NA	NA
NC_045512.2	2954	T	A	194	81	27	28	28	27	0.0897436	312	8.6871e-09	TRUE	NA	NA	NA	NA	NA	NA
NC_045512.2	2955	T	G	146	73	25	28	28	25	0.102941	272	1.73903e-10	TRUE	NA	NA	NA	NA	NA	NA
NC_045512.2	2955	T	C	146	73	25	30	30	25	0.110294	272	3.05608e-11	TRUE	NA	NA	NA	NA	NA	NA
NC_045512.2	2955	T	A	146	73	25	68	68	26	0.25	272	6.16608e-25	TRUE	NA	NA	NA	NA	NA	NA
NC_045512.2	2956	A	T	199	86	26	15	15	26	0.0483871	310	0.000231429	TRUE	NA	NA	NA	NA	NA	NA
NC_045512.2	2956	A	G	199	86	26	16	16	26	0.0516129	310	0.000111941	TRUE	NA	NA	NA	NA	NA	NA
NC_045512.2	2956	A	C	199	86	26	80	80	24	0.258065	310	2.52697e-25	TRUE	NA	NA	NA	NA	NA	NA
NC_045512.2	2957	G	T	191	78	27	11	11	26	0.0348101	316	0.00279161	TRUE	NA	NA	NA	NA	NA	NA
NC_045512.2	2957	G	C	191	78	27	75	75	26	0.237342	316	9.32173e-25	TRUE	NA	NA	NA	NA	NA	NA
NC_045512.2	2957	G	A	191	78	27	39	39	27	0.123418	316	9.31433e-13	TRUE	NA	NA	NA	NA	NA	NA
NC_045512.2	2958	A	T	241	129	27	27	27	26	0.0851735	317	2.80125e-07	TRUE	NA	NA	NA	NA	NA	NA
NC_045512.2	2958	A	G	241	129	27	15	14	25	0.0473186	317	0.000787649	TRUE	NA	NA	NA	NA	NA	NA
NC_045512.2	2958	A	C	241	129	27	34	34	27	0.107256	317	2.38921e-09	TRUE	NA	NA	NA	NA	NA	NA
NC_045512.2	2959	T	G	208	96	27	18	18	25	0.0567823	317	3.11348e-05	TRUE	NA	NA	NA	NA	NA	NA
NC_045512.2	2959	T	C	208	96	27	68	67	27	0.214511	317	2.47064e-21	TRUE	NA	NA	NA	NA	NA	NA
NC_045512.2	2959	T	A	208	96	27	23	23	27	0.0725552	317	7.79623e-07	TRUE	NA	NA	NA	NA	NA	NA
NC_045512.2	2960	G	T	212	99	27	76	76	27	0.242812	313	2.69285e-23	TRUE	NA	NA	NA	NA	NA	NA
NC_045512.2	2960	G	C	212	99	27	11	11	26	0.0351438	313	0.00518646	TRUE	NA	NA	NA	NA	NA	NA
NC_045512.2	2960	G	A	212	99	27	14	14	26	0.0447284	313	0.000688218	TRUE	NA	NA	NA	NA	NA	NA
NC_045512.2	2961	A	T	190	77	28	22	22	28	0.0702875	313	6.81882e-07	TRUE	NA	NA	NA	NA	NA	NA
NC_045512.2	2961	A	G	190	77	28	83	83	25	0.265176	313	3.31194e-27	TRUE	NA	NA	NA	NA	NA	NA
NC_045512.2	2961	A	C	190	77	28	18	18	26	0.057508	313	1.52276e-05	TRUE	NA	NA	NA	NA	NA	NA
NC_045512.2	2962	G	T	248	136	28	20	20	25	0.0628931	318	3.88616e-05	TRUE	NA	NA	NA	NA	NA	NA
NC_045512.2	2962	G	C	248	136	28	24	24	26	0.0754717	318	2.83185e-06	TRUE	NA	NA	NA	NA	NA	NA
NC_045512.2	2962	G	A	248	136	28	26	26	26	0.081761	318	7.53505e-07	TRUE	NA	NA	NA	NA	NA	NA
NC_045512.2	2963	T	G	203	92	28	62	61	27	0.19375	320	6.62493e-20	TRUE	NA	NA	NA	NA	NA	NA
NC_045512.2	2963	T	C	203	92	28	29	29	26	0.090625	320	5.23022e-09	TRUE	NA	NA	NA	NA	NA	NA
NC_045512.2	2963	T	A	203	92	28	26	26	27	0.08125	320	5.23848e-08	TRUE	NA	NA	NA	NA	NA	NA
NC_045512.2	2964	G	T	197	74	27	39	39	26	0.118541	329	7.05732e-13	TRUE	NA	NA	NA	NA	NA	NA
NC_045512.2	2964	G	C	197	74	27	70	70	27	0.212766	329	2.20823e-23	TRUE	NA	NA	NA	NA	NA	NA
NC_045512.2	2964	G	A	197	74	27	23	23	26	0.0699088	329	2.53176e-07	TRUE	NA	NA	NA	NA	NA	NA
NC_045512.2	2965	G	T	192	74	25	49	49	26	0.151235	324	2.05071e-16	TRUE	NA	NA	NA	NA	NA	NA
NC_045512.2	2965	G	C	192	74	25	13	13	26	0.0401235	324	0.000562064	TRUE	NA	NA	NA	NA	NA	NA
NC_045512.2	2965	G	A	192	74	25	70	70	27	0.216049	324	1.7017e-23	TRUE	NA	NA	NA	NA	NA	NA
NC_045512.2	2965	G	+T	192	74	25	1	0	20	0.00308642	324	0.847533	FALSE	NA	NA	NA	NA	NA	NA
NC_045512.2	2966	A	T	203	80	28	81	81	25	0.246201	329	1.80233e-26	TRUE	NA	NA	NA	NA	NA	NA
NC_045512.2	2966	A	G	203	80	28	32	32	27	0.0972644	329	3.15334e-10	TRUE	NA	NA	NA	NA	NA	NA
NC_045512.2	2966	A	C	203	80	28	13	13	27	0.0395137	329	0.000733956	TRUE	NA	NA	NA	NA	NA	NA
NC_045512.2	2967	G	T	207	85	27	70	70	27	0.212766	329	1.17842e-22	TRUE	NA	NA	NA	NA	NA	NA
NC_045512.2	2967	G	C	207	85	27	12	12	27	0.0364742	329	0.00170846	TRUE	NA	NA	NA	NA	NA	NA
NC_045512.2	2967	G	A	207	85	27	40	39	26	0.121581	329	8.82893e-13	TRUE	NA	NA	NA	NA	NA	NA
NC_045512.2	2968	T	G	216	93	27	69	69	27	0.210366	328	1.12983e-21	TRUE	NA	NA	NA	NA	NA	NA
NC_045512.2	2968	T	C	216	93	27	6	6	26	0.0182927	328	0.102443	FALSE	NA	NA	NA	NA	NA	NA
NC_045512.2	2968	T	A	216	93	27	37	37	27	0.112805	328	2.14247e-11	TRUE	NA	NA	NA	NA	NA	NA
NC_045512.2	2969	A	T	262	139	27	42	42	25	0.129231	325	3.07743e-11	TRUE	NA	NA	NA	NA	NA	NA
NC_045512.2	2969	A	G	262	139	27	16	16	27	0.0492308	325	0.000635696	TRUE	NA	NA	NA	NA	NA	NA
NC_045512.2	2969	A	C	262	139	27	5	5	24	0.0153846	325	0.262411	FALSE	NA	NA	NA	NA	NA	NA
NC_045512.2	2970	T	G	274	151	27	10	10	26	0.0306748	326	0.0257028	FALSE	NA	NA	NA	NA	NA	NA
NC_045512.2	2970	T	C	274	151	27	12	12	27	0.0368098	326	0.00862267	TRUE	NA	NA	NA	NA	NA	NA
NC_045512.2	2970	T	A	274	151	27	30	30	26	0.0920245	326	1.45783e-07	TRUE	NA	NA	NA	NA	NA	NA
NC_045512.2	2971	G	T	206	83	26	82	82	28	0.247734	331	1.15529e-26	TRUE	NA	NA	NA	NA	NA	NA
NC_045512.2	2971	G	C	206	83	26	14	14	26	0.0422961	331	0.0003734	TRUE	NA	NA	NA	NA	NA	NA
NC_045512.2	2971	G	A	206	83	26	29	29	26	0.0876133	331	3.76621e-09	TRUE	NA	NA	NA	NA	NA	NA
NC_045512.2	2972	G	T	195	76	25	74	74	27	0.22561	328	8.48568e-25	TRUE	NA	NA	NA	NA	NA	NA
NC_045512.2	2972	G	C	195	76	25	9	9	26	0.027439	328	0.0105583	FALSE	NA	NA	NA	NA	NA	NA
NC_045512.2	2972	G	A	195	76	25	50	49	26	0.152439	328	9.6901e-17	TRUE	NA	NA	NA	NA	NA	NA
NC_045512.2	2973	C	T	188	65	28	30	30	25	0.0911854	329	4.47992e-10	TRUE	NA	NA	NA	NA	NA	NA
NC_045512.2	2973	C	G	188	65	28	35	35	26	0.106383	329	7.26417e-12	TRUE	NA	NA	NA	NA	NA	NA
NC_045512.2	2973	C	A	188	65	28	76	76	26	0.231003	329	4.30991e-26	TRUE	NA	NA	NA	NA	NA	NA
NC_045512.2	2974	T	G	219	96	28	69	69	27	0.209091	330	1.40922e-21	TRUE	NA	NA	NA	NA	NA	NA
NC_045512.2	2974	T	C	219	96	28	16	16	26	0.0484848	330	0.000142909	TRUE	NA	NA	NA	NA	NA	NA
NC_045512.2	2974	T	A	219	96	28	26	26	26	0.0787879	330	9.29149e-08	TRUE	NA	NA	NA	NA	NA	NA
NC_045512.2	2975	A	T	260	137	27	39	39	27	0.117825	331	1.34182e-10	TRUE	NA	NA	NA	NA	NA	NA
NC_045512.2	2975	A	G	260	137	27	23	23	25	0.0694864	331	5.77799e-06	TRUE	NA	NA	NA	NA	NA	NA
NC_045512.2	2975	A	C	260	137	27	9	9	25	0.0271903	331	0.0336716	FALSE	NA	NA	NA	NA	NA	NA
NC_045512.2	2976	C	T	197	74	28	68	68	27	0.204204	333	6.30559e-23	TRUE	NA	NA	NA	NA	NA	NA
NC_045512.2	2976	C	G	197	74	28	39	39	27	0.117117	333	5.37553e-13	TRUE	NA	NA	NA	NA	NA	NA
NC_045512.2	2976	C	A	197	74	28	29	29	26	0.0870871	333	1.7228e-09	TRUE	NA	NA	NA	NA	NA	NA
NC_045512.2	2977	A	T	218	95	27	30	30	26	0.0900901	333	3.74829e-09	TRUE	NA	NA	NA	NA	NA	NA
NC_045512.2	2977	A	G	218	95	27	70	70	27	0.21021	333	4.16172e-22	TRUE	NA	NA	NA	NA	NA	NA
NC_045512.2	2977	A	C	218	95	27	15	15	26	0.045045	333	0.000261875	TRUE	NA	NA	NA	NA	NA	NA
NC_045512.2	2978	T	G	201	79	27	32	32	26	0.0969697	330	2.52852e-10	TRUE	NA	NA	NA	NA	NA	NA
NC_045512.2	2978	T	C	201	79	27	14	13	25	0.0424242	330	0.000319943	TRUE	NA	NA	NA	NA	NA	NA
NC_045512.2	2978	T	A	201	79	27	83	83	27	0.251515	330	2.47303e-27	TRUE	NA	NA	NA	NA	NA	NA
NC_045512.2	2979	A	T	200	77	27	46	46	26	0.137725	334	2.59181e-15	TRUE	NA	NA	NA	NA	NA	NA
NC_045512.2	2979	A	G	200	77	27	64	64	26	0.191617	334	1.99623e-21	TRUE	NA	NA	NA	NA	NA	NA
NC_045512.2	2979	A	C	200	77	27	24	24	25	0.0718563	334	1.12831e-07	TRUE	NA	NA	NA	NA	NA	NA
NC_045512.2	2980	C	T	201	78	27	66	66	27	0.198795	332	6.33099e-22	TRUE	NA	NA	NA	NA	NA	NA
NC_045512.2	2980	C	G	201	78	27	34	34	24	0.10241	332	4.60758e-11	TRUE	NA	NA	NA	NA	NA	NA
NC_045512.2	2980	C	A	201	78	27	31	31	26	0.0933735	332	5.02006e-10	TRUE	NA	NA	NA	NA	NA	NA
NC_045512.2	2981	T	G	203	81	27	82	82	25	0.247734	331	6.56564e-27	TRUE	NA	NA	NA	NA	NA	NA
NC_045512.2	2981	T	C	203	81	27	16	16	25	0.0483384	331	7.48484e-05	TRUE	NA	NA	NA	NA	NA	NA
NC_045512.2	2981	T	A	203	81	27	30	30	26	0.0906344	331	1.36954e-09	TRUE	NA	NA	NA	NA	NA	NA
NC_045512.2	2982	A	T	208	87	27	20	20	27	0.0607903	329	4.8029e-06	TRUE	NA	NA	NA	NA	NA	NA
NC_045512.2	2982	A	G	208	87	27	79	79	27	0.240122	329	1.92896e-25	TRUE	NA	NA	NA	NA	NA	NA
NC_045512.2	2982	A	C	208	87	27	22	22	26	0.0668693	329	1.04853e-06	TRUE	NA	NA	NA	NA	NA	NA
NC_045512.2	2982	A	+A	208	87	27	1	0	20	0.00303951	329	0.861806	FALSE	NA	NA	NA	NA	NA	NA
NC_045512.2	2983	C	T	195	74	27	30	30	27	0.0917431	327	8.93595e-10	TRUE	NA	NA	NA	NA	NA	NA
NC_045512.2	2983	C	G	195	74	27	35	35	27	0.107034	327	1.61783e-11	TRUE	NA	NA	NA	NA	NA	NA
NC_045512.2	2983	C	A	195	74	27	67	67	27	0.204893	327	1.95938e-22	TRUE	NA	NA	NA	NA	NA	NA
NC_045512.2	2984	T	G	206	85	26	70	70	27	0.212121	330	8.88543e-23	TRUE	NA	NA	NA	NA	NA	NA
NC_045512.2	2984	T	C	206	85	26	24	24	26	0.0727273	330	1.92967e-07	TRUE	NA	NA	NA	NA	NA	NA
NC_045512.2	2984	T	A	206	85	26	30	30	27	0.0909091	330	1.81428e-09	TRUE	NA	NA	NA	NA	NA	NA
NC_045512.2	2985	T	G	243	136	25	24	24	26	0.0754717	318	2.24557e-06	TRUE	NA	NA	NA	NA	NA	NA
NC_045512.2	2985	T	C	243	136	25	20	20	26	0.0628931	318	3.20757e-05	TRUE	NA	NA	NA	NA	NA	NA
NC_045512.2	2985	T	A	243	136	25	31	31	27	0.0974843	318	1.98751e-08	TRUE	NA	NA	NA	NA	NA	NA
NC_045512.2	2986	A	T	250	143	26	32	32	27	0.100313	319	1.47388e-08	TRUE	NA	NA	NA	NA	NA	NA
NC_045512.2	2986	A	G	250	143	26	20	20	26	0.0626959	319	4.06238e-05	TRUE	NA	NA	NA	NA	NA	NA
NC_045512.2	2986	A	C	250	143	26	17	17	27	0.0532915	319	0.000277012	TRUE	NA	NA	NA	NA	NA	NA
NC_045512.2	2986	A	-T	250	143	26	1	0	20	0.0031348	319	0.903256	FALSE	NA	NA	NA	NA	NA	NA
NC_045512.2	2987	T	G	223	118	26	31	30	26	0.104027	298	2.24224e-09	TRUE	NA	NA	NA	NA	NA	NA
NC_045512.2	2987	T	C	223	118	26	21	21	27	0.0704698	298	2.84283e-06	TRUE	NA	NA	NA	NA	NA	NA
NC_045512.2	2987	T	A	223	118	26	23	23	27	0.0771812	298	6.83909e-07	TRUE	NA	NA	NA	NA	NA	NA
NC_045512.2	2988	T	G	194	87	27	76	76	24	0.239748	317	6.79783e-25	TRUE	NA	NA	NA	NA	NA	NA
NC_045512.2	2988	T	C	194	87	27	21	21	27	0.0662461	317	1.61372e-06	TRUE	NA	NA	NA	NA	NA	NA
NC_045512.2	2988	T	A	194	87	27	26	26	27	0.0820189	317	3.25113e-08	TRUE	NA	NA	NA	NA	NA	NA
NC_045512.2	2989	T	G	172	94	25	62	62	28	0.214533	289	1.18854e-21	TRUE	NA	NA	NA	NA	NA	NA
NC_045512.2	2989	T	C	172	94	25	32	32	27	0.110727	289	2.85285e-11	TRUE	NA	NA	NA	NA	NA	NA
NC_045512.2	2989	T	A	172	94	25	23	23	27	0.0795848	289	4.74365e-08	TRUE	NA	NA	NA	NA	NA	NA
NC_045512.2	2990	G	T	180	74	26	45	45	27	0.143312	314	2.48387e-15	TRUE	NA	NA	NA	NA	NA	NA
NC_045512.2	2990	G	C	180	74	26	58	58	27	0.184713	314	7.7145e-20	TRUE	NA	NA	NA	NA	NA	NA
NC_045512.2	2990	G	A	180	74	26	31	31	26	0.0987261	314	2.22339e-10	TRUE	NA	NA	NA	NA	NA	NA
NC_045512.2	2991	A	T	201	97	27	73	73	27	0.231013	316	2.41412e-23	TRUE	NA	NA	NA	NA	NA	NA
NC_045512.2	2991	A	G	201	97	27	24	22	26	0.0759494	316	2.53026e-07	TRUE	NA	NA	NA	NA	NA	NA
NC_045512.2	2991	A	C	201	97	27	18	18	27	0.056962	316	2.34428e-05	TRUE	NA	NA	NA	NA	NA	NA
NC_045512.2	2992	T	G	192	87	27	17	17	27	0.0537975	316	3.29299e-05	TRUE	NA	NA	NA	NA	NA	NA
NC_045512.2	2992	T	C	192	87	27	27	26	27	0.085443	316	1.34389e-08	TRUE	NA	NA	NA	NA	NA	NA
NC_045512.2	2992	T	A	192	87	27	80	80	26	0.253165	316	2.83537e-26	TRUE	NA	NA	NA	NA	NA	NA
NC_045512.2	2993	G	T	173	67	27	35	35	26	0.111111	315	3.76496e-12	TRUE	NA	NA	NA	NA	NA	NA
NC_045512.2	2993	G	C	173	67	27	68	68	27	0.215873	315	7.34458e-24	TRUE	NA	NA	NA	NA	NA	NA
NC_045512.2	2993	G	A	173	67	27	39	39	27	0.12381	315	1.32295e-13	TRUE	NA	NA	NA	NA	NA	NA
NC_045512.2	2994	A	T	237	132	27	48	48	27	0.153355	313	1.60983e-13	TRUE	NA	NA	NA	NA	NA	NA
NC_045512.2	2994	A	G	237	132	27	11	11	27	0.0351438	313	0.00915389	TRUE	NA	NA	NA	NA	NA	NA
NC_045512.2	2994	A	C	237	132	27	17	17	27	0.0543131	313	0.000212281	TRUE	NA	NA	NA	NA	NA	NA
NC_045512.2	2995	G	T	175	70	27	87	87	27	0.274448	317	3.50536e-30	TRUE	NA	NA	NA	NA	NA	NA
NC_045512.2	2995	G	C	175	70	27	12	12	27	0.0378549	317	0.000764032	TRUE	NA	NA	NA	NA	NA	NA
NC_045512.2	2995	G	A	175	70	27	43	43	27	0.135647	317	5.2178e-15	TRUE	NA	NA	NA	NA	NA	NA
NC_045512.2	2996	T	G	200	96	27	14	14	27	0.0448718	312	0.000469546	TRUE	NA	NA	NA	NA	NA	NA
NC_045512.2	2996	T	C	200	96	27	26	26	27	0.0833333	312	6.17741e-08	TRUE	NA	NA	NA	NA	NA	NA
NC_045512.2	2996	T	A	200	96	27	72	72	27	0.230769	312	7.00803e-23	TRUE	NA	NA	NA	NA	NA	NA
NC_045512.2	2997	C	T	229	126	27	36	36	27	0.115385	312	3.39869e-10	TRUE	NA	NA	NA	NA	NA	NA
NC_045512.2	2997	C	G	229	126	27	12	12	28	0.0384615	312	0.0042187	TRUE	NA	NA	NA	NA	NA	NA
NC_045512.2	2997	C	A	229	126	27	35	35	26	0.112179	312	6.83064e-10	TRUE	NA	NA	NA	NA	NA	NA
NC_045512.2	2998	T	G	257	155	27	5	5	26	0.016129	310	0.276158	FALSE	NA	NA	NA	NA	NA	NA
NC_045512.2	2998	T	C	257	155	27	14	14	27	0.0451613	310	0.00256987	TRUE	NA	NA	NA	NA	NA	NA
NC_045512.2	2998	T	A	257	155	27	34	34	27	0.109677	310	9.75185e-09	TRUE	NA	NA	NA	NA	NA	NA
NC_045512.2	2999	G	T	178	76	26	38	38	26	0.122977	309	8.31802e-13	TRUE	NA	NA	NA	NA	NA	NA
NC_045512.2	2999	G	C	178	76	26	19	19	26	0.0614887	309	4.18643e-06	TRUE	NA	NA	NA	NA	NA	NA
NC_045512.2	2999	G	A	178	76	26	74	74	27	0.239482	309	4.18132e-25	TRUE	NA	NA	NA	NA	NA	NA
NC_045512.2	3000	G	T	168	74	25	47	47	25	0.153595	306	1.89241e-16	TRUE	NA	NA	NA	NA	NA	NA
NC_045512.2	3000	G	C	168	74	25	66	66	27	0.215686	306	4.2458e-23	TRUE	NA	NA	NA	NA	NA	NA
NC_045512.2	3000	G	A	168	74	25	25	25	27	0.0816993	306	1.7329e-08	TRUE	NA	NA	NA	NA	NA	NA
NC_045512.2	3001	T	G	246	144	26	21	21	26	0.0679612	309	2.51917e-05	TRUE	NA	NA	NA	NA	NA	NA
NC_045512.2	3001	T	C	246	144	26	14	14	26	0.0453074	309	0.00199947	TRUE	NA	NA	NA	NA	NA	NA
NC_045512.2	3001	T	A	246	144	26	28	28	27	0.0906149	309	2.67927e-07	TRUE	NA	NA	NA	NA	NA	NA
NC_045512.2	3002	G	T	180	79	27	78	78	27	0.251613	310	2.66931e-26	TRUE	NA	NA	NA	NA	NA	NA
NC_045512.2	3002	G	C	180	79	27	12	12	26	0.0387097	310	0.00105879	TRUE	NA	NA	NA	NA	NA	NA
NC_045512.2	3002	G	A	180	79	27	40	40	26	0.129032	310	1.92697e-13	TRUE	NA	NA	NA	NA	NA	NA
NC_045512.2	3003	A	T	238	137	26	34	34	25	0.111111	306	3.61102e-09	TRUE	NA	NA	NA	NA	NA	NA
NC_045512.2	3003	A	G	238	137	26	17	17	26	0.0555556	306	0.000264813	TRUE	NA	NA	NA	NA	NA	NA
NC_045512.2	3003	A	C	238	137	26	17	17	26	0.0555556	306	0.000264813	TRUE	NA	NA	NA	NA	NA	NA
NC_045512.2	3004	G	T	181	90	26	79	79	24	0.272414	290	1.79173e-26	TRUE	NA	NA	NA	NA	NA	NA
NC_045512.2	3004	G	C	181	90	26	15	15	25	0.0517241	290	4.99611e-05	TRUE	NA	NA	NA	NA	NA	NA
NC_045512.2	3004	G	A	181	90	26	15	15	27	0.0517241	290	4.99611e-05	TRUE	NA	NA	NA	NA	NA	NA
NC_045512.2	3005	T	G	239	149	25	23	23	26	0.0774411	297	1.61297e-06	TRUE	NA	NA	NA	NA	NA	NA
NC_045512.2	3005	T	C	239	149	25	6	6	27	0.020202	297	0.0895439	FALSE	NA	NA	NA	NA	NA	NA
NC_045512.2	3005	T	A	239	149	25	29	29	26	0.0976431	297	2.75659e-08	TRUE	NA	NA	NA	NA	NA	NA
NC_045512.2	3006	T	G	216	127	27	42	42	26	0.140468	299	4.64839e-13	TRUE	NA	NA	NA	NA	NA	NA
NC_045512.2	3006	T	C	216	127	27	16	16	27	0.0535117	299	7.52478e-05	TRUE	NA	NA	NA	NA	NA	NA
NC_045512.2	3006	T	A	216	127	27	25	25	26	0.083612	299	1.10079e-07	TRUE	NA	NA	NA	NA	NA	NA
NC_045512.2	3007	T	G	157	97	25	69	69	26	0.255556	270	4.17165e-24	TRUE	NA	NA	NA	NA	NA	NA
NC_045512.2	3007	T	C	157	97	25	11	11	26	0.0407407	270	0.000753933	TRUE	NA	NA	NA	NA	NA	NA
NC_045512.2	3007	T	A	157	97	25	33	33	26	0.122222	270	9.50946e-12	TRUE	NA	NA	NA	NA	NA	NA
NC_045512.2	3008	A	T	202	117	26	41	41	26	0.141869	289	5.28315e-13	TRUE	NA	NA	NA	NA	NA	NA
NC_045512.2	3008	A	G	202	117	26	32	32	25	0.110727	289	4.08342e-10	TRUE	NA	NA	NA	NA	NA	NA
NC_045512.2	3008	A	C	202	117	26	14	14	25	0.0484429	289	0.000250078	TRUE	NA	NA	NA	NA	NA	NA
NC_045512.2	3009	A	T	160	77	28	85	85	27	0.291096	292	1.38105e-30	TRUE	NA	NA	NA	NA	NA	NA
NC_045512.2	3009	A	G	160	77	28	42	42	26	0.143836	292	1.31535e-15	TRUE	NA	NA	NA	NA	NA	NA
NC_045512.2	3009	A	C	160	77	28	5	5	26	0.0171233	292	0.062411	FALSE	NA	NA	NA	NA	NA	NA
NC_045512.2	3010	A	T	155	87	25	26	26	26	0.09319	279	1.57272e-09	TRUE	NA	NA	NA	NA	NA	NA
NC_045512.2	3010	A	G	155	87	25	90	90	26	0.322581	279	9.27224e-32	TRUE	NA	NA	NA	NA	NA	NA
NC_045512.2	3010	A	C	155	87	25	8	8	25	0.0286738	279	0.00653535	TRUE	NA	NA	NA	NA	NA	NA
NC_045512.2	3011	T	G	162	80	26	47	47	26	0.162069	290	3.23429e-17	TRUE	NA	NA	NA	NA	NA	NA
NC_045512.2	3011	T	C	162	80	26	16	16	26	0.0551724	290	8.61163e-06	TRUE	NA	NA	NA	NA	NA	NA
NC_045512.2	3011	T	A	162	80	26	65	65	27	0.224138	290	1.55477e-23	TRUE	NA	NA	NA	NA	NA	NA
NC_045512.2	3012	T	G	175	106	25	67	67	27	0.239286	280	1.50618e-22	TRUE	NA	NA	NA	NA	NA	NA
NC_045512.2	3012	T	C	175	106	25	11	11	27	0.0392857	280	0.00114131	TRUE	NA	NA	NA	NA	NA	NA
NC_045512.2	3012	T	A	175	106	25	27	27	26	0.0964286	280	3.66443e-09	TRUE	NA	NA	NA	NA	NA	NA
NC_045512.2	3013	G	T	172	92	26	81	81	27	0.280277	289	7.36062e-28	TRUE	NA	NA	NA	NA	NA	NA
NC_045512.2	3013	G	C	172	92	26	21	21	27	0.0726644	289	2.47305e-07	TRUE	NA	NA	NA	NA	NA	NA
NC_045512.2	3013	G	A	172	92	26	15	14	25	0.0519031	289	3.40778e-05	TRUE	NA	NA	NA	NA	NA	NA
NC_045512.2	3014	G	T	149	81	25	41	41	26	0.148014	277	2.39885e-15	TRUE	NA	NA	NA	NA	NA	NA
NC_045512.2	3014	G	C	149	81	25	57	57	27	0.205776	277	3.95657e-21	TRUE	NA	NA	NA	NA	NA	NA
NC_045512.2	3014	G	A	149	81	25	30	30	27	0.108303	277	3.06317e-11	TRUE	NA	NA	NA	NA	NA	NA
NC_045512.2	3015	C	T	143	67	27	79	79	27	0.277193	285	6.16192e-30	TRUE	NA	NA	NA	NA	NA	NA
NC_045512.2	3015	C	G	143	67	27	44	44	25	0.154386	285	3.37321e-17	TRUE	NA	NA	NA	NA	NA	NA
NC_045512.2	3015	C	A	143	67	27	19	19	26	0.0666667	285	2.11221e-07	TRUE	NA	NA	NA	NA	NA	NA
NC_045512.2	3016	T	G	177	101	25	74	74	24	0.262411	282	9.97152e-25	TRUE	NA	NA	NA	NA	NA	NA
NC_045512.2	3016	T	C	177	101	25	9	9	26	0.0319149	282	0.00524803	TRUE	NA	NA	NA	NA	NA	NA
NC_045512.2	3016	T	A	177	101	25	22	22	26	0.0780142	282	2.07083e-07	TRUE	NA	NA	NA	NA	NA	NA
NC_045512.2	3017	T	G	155	103	25	71	71	27	0.273077	260	2.79762e-24	TRUE	NA	NA	NA	NA	NA	NA
NC_045512.2	3017	T	C	155	103	25	11	11	25	0.0423077	260	0.000882811	TRUE	NA	NA	NA	NA	NA	NA
NC_045512.2	3017	T	A	155	103	25	23	23	25	0.0884615	260	5.37251e-08	TRUE	NA	NA	NA	NA	NA	NA
NC_045512.2	3017	T	+A	155	103	25	1	0	20	0.00384615	260	0.757978	FALSE	NA	NA	NA	NA	NA	NA
NC_045512.2	3018	C	T	141	68	26	85	85	27	0.301418	282	5.22744e-32	TRUE	NA	NA	NA	NA	NA	NA
NC_045512.2	3018	C	G	141	68	26	25	25	27	0.0886525	282	8.38945e-10	TRUE	NA	NA	NA	NA	NA	NA
NC_045512.2	3018	C	A	141	68	26	31	31	27	0.109929	282	3.55345e-12	TRUE	NA	NA	NA	NA	NA	NA
NC_045512.2	3019	A	T	174	101	27	25	25	26	0.0896057	279	1.76364e-08	TRUE	NA	NA	NA	NA	NA	NA
NC_045512.2	3019	A	G	174	101	27	67	67	26	0.240143	279	1.43709e-22	TRUE	NA	NA	NA	NA	NA	NA
NC_045512.2	3019	A	C	174	101	27	13	13	27	0.046595	279	0.000241234	TRUE	NA	NA	NA	NA	NA	NA
NC_045512.2	3020	C	T	142	69	27	35	35	25	0.124113	282	1.10245e-13	TRUE	NA	NA	NA	NA	NA	NA
NC_045512.2	3020	C	G	142	69	27	29	29	26	0.102837	282	2.44932e-11	TRUE	NA	NA	NA	NA	NA	NA
NC_045512.2	3020	C	A	142	69	27	76	76	27	0.269504	282	8.57015e-29	TRUE	NA	NA	NA	NA	NA	NA
NC_045512.2	3021	A	T	158	86	26	46	46	26	0.165468	278	1.29327e-16	TRUE	NA	NA	NA	NA	NA	NA
NC_045512.2	3021	A	G	158	86	26	64	64	27	0.230216	278	7.6501e-23	TRUE	NA	NA	NA	NA	NA	NA
NC_045512.2	3021	A	C	158	86	26	10	10	26	0.0359712	278	0.00146901	TRUE	NA	NA	NA	NA	NA	NA
NC_045512.2	3022	T	G	224	152	25	21	21	25	0.0747331	281	5.82875e-06	TRUE	NA	NA	NA	NA	NA	NA
NC_045512.2	3022	T	C	224	152	25	14	14	26	0.0498221	281	0.000621354	TRUE	NA	NA	NA	NA	NA	NA
NC_045512.2	3022	T	A	224	152	25	22	22	27	0.0782918	281	2.96445e-06	TRUE	NA	NA	NA	NA	NA	NA
NC_045512.2	3023	A	T	158	86	26	96	96	28	0.340426	282	1.46762e-33	TRUE	NA	NA	NA	NA	NA	NA
NC_045512.2	3023	A	G	158	86	26	21	21	28	0.0744681	282	1.26011e-07	TRUE	NA	NA	NA	NA	NA	NA
NC_045512.2	3023	A	C	158	86	26	7	7	28	0.0248227	282	0.0148061	FALSE	NA	NA	NA	NA	NA	NA
NC_045512.2	3024	T	G	201	130	27	28	28	25	0.1	280	1.20538e-08	TRUE	NA	NA	NA	NA	NA	NA
NC_045512.2	3024	T	C	201	130	27	14	13	26	0.05	280	0.000304679	TRUE	NA	NA	NA	NA	NA	NA
NC_045512.2	3024	T	A	201	130	27	37	37	26	0.132143	280	1.73395e-11	TRUE	NA	NA	NA	NA	NA	NA
NC_045512.2	3025	G	T	147	75	27	32	32	25	0.113879	281	3.22483e-12	TRUE	NA	NA	NA	NA	NA	NA
NC_045512.2	3025	G	C	147	75	27	12	12	26	0.0427046	281	0.000164174	TRUE	NA	NA	NA	NA	NA	NA
NC_045512.2	3025	G	A	147	75	27	90	90	24	0.320285	281	7.23868e-33	TRUE	NA	NA	NA	NA	NA	NA
NC_045512.2	3026	T	G	170	98	27	19	19	26	0.0678571	280	1.61192e-06	TRUE	NA	NA	NA	NA	NA	NA
NC_045512.2	3026	T	C	170	98	27	12	12	27	0.0428571	280	0.000440611	TRUE	NA	NA	NA	NA	NA	NA
NC_045512.2	3026	T	A	170	98	27	79	79	29	0.282143	280	8.63278e-27	TRUE	NA	NA	NA	NA	NA	NA
NC_045512.2	3027	A	T	192	122	27	55	55	25	0.197842	278	1.73442e-17	TRUE	NA	NA	NA	NA	NA	NA
NC_045512.2	3027	A	G	192	122	27	19	19	26	0.0683453	278	5.84963e-06	TRUE	NA	NA	NA	NA	NA	NA
NC_045512.2	3027	A	C	192	122	27	12	12	27	0.0431655	278	0.000986053	TRUE	NA	NA	NA	NA	NA	NA
NC_045512.2	3028	T	G	221	152	25	26	26	25	0.09319	279	1.82562e-07	TRUE	NA	NA	NA	NA	NA	NA
NC_045512.2	3028	T	C	221	152	25	7	6	27	0.0250896	279	0.0486399	FALSE	NA	NA	NA	NA	NA	NA
NC_045512.2	3028	T	A	221	152	25	25	25	26	0.0896057	279	3.61135e-07	TRUE	NA	NA	NA	NA	NA	NA
NC_045512.2	3029	T	G	190	132	26	40	40	26	0.149254	268	1.70873e-12	TRUE	NA	NA	NA	NA	NA	NA
NC_045512.2	3029	T	C	190	132	26	24	24	27	0.0895522	268	1.99136e-07	TRUE	NA	NA	NA	NA	NA	NA
NC_045512.2	3029	T	A	190	132	26	14	14	27	0.0522388	268	0.00028312	TRUE	NA	NA	NA	NA	NA	NA
NC_045512.2	3030	G	T	204	134	26	26	26	26	0.09319	279	6.60476e-08	TRUE	NA	NA	NA	NA	NA	NA
NC_045512.2	3030	G	C	204	134	26	9	9	27	0.0322581	279	0.010432	FALSE	NA	NA	NA	NA	NA	NA
NC_045512.2	3030	G	A	204	134	26	40	40	27	0.143369	279	2.86223e-12	TRUE	NA	NA	NA	NA	NA	NA
NC_045512.2	3031	T	G	163	95	25	68	68	27	0.248175	274	1.68387e-23	TRUE	NA	NA	NA	NA	NA	NA
NC_045512.2	3031	T	C	163	95	25	24	24	27	0.0875912	274	2.18225e-08	TRUE	NA	NA	NA	NA	NA	NA
NC_045512.2	3031	T	A	163	95	25	19	19	27	0.0693431	274	1.32721e-06	TRUE	NA	NA	NA	NA	NA	NA
NC_045512.2	3032	T	G	164	104	25	16	16	26	0.0601504	266	2.12894e-05	TRUE	NA	NA	NA	NA	NA	NA
NC_045512.2	3032	T	C	164	104	25	57	57	27	0.214286	266	2.2719e-19	TRUE	NA	NA	NA	NA	NA	NA
NC_045512.2	3032	T	A	164	104	25	29	29	27	0.109023	266	6.50806e-10	TRUE	NA	NA	NA	NA	NA	NA
NC_045512.2	3033	C	T	134	67	26	94	94	25	0.35206	267	1.19717e-34	TRUE	NA	NA	NA	NA	NA	NA
NC_045512.2	3033	C	G	134	67	26	18	18	25	0.0674157	267	5.56154e-07	TRUE	NA	NA	NA	NA	NA	NA
NC_045512.2	3033	C	A	134	67	26	21	21	26	0.0786517	267	3.62429e-08	TRUE	NA	NA	NA	NA	NA	NA
NC_045512.2	3034	T	G	142	76	26	29	29	26	0.133028	218	2.00187e-09	TRUE	NA	NA	NA	NA	NA	NA
NC_045512.2	3034	T	C	142	76	26	21	21	27	0.0963303	218	8.53709e-07	TRUE	NA	NA	NA	NA	NA	NA
NC_045512.2	3034	T	A	142	76	26	26	26	26	0.119266	218	1.92922e-08	TRUE	NA	NA	NA	NA	NA	NA
NC_045512.2	3035	T	G	148	93	27	16	16	26	0.0622568	257	1.20287e-05	TRUE	NA	NA	NA	NA	NA	NA
NC_045512.2	3035	T	C	148	93	27	66	66	27	0.256809	257	4.14206e-23	TRUE	NA	NA	NA	NA	NA	NA
NC_045512.2	3035	T	A	148	93	27	27	27	26	0.105058	257	1.26825e-09	TRUE	NA	NA	NA	NA	NA	NA
NC_045512.2	3035	T	-TC	148	93	27	1	0	20	0.00389105	257	0.748538	FALSE	NA	NA	NA	NA	NA	NA
NC_045512.2	3035	T	-T	148	93	27	1	0	20	0.00389105	257	0.748538	FALSE	NA	NA	NA	NA	NA	NA
NC_045512.2	3036	T	G	132	80	27	25	25	25	0.0980392	255	1.4816e-09	TRUE	NA	NA	NA	NA	NA	NA
NC_045512.2	3036	T	C	132	80	27	24	23	27	0.0941176	255	3.60577e-09	TRUE	NA	NA	NA	NA	NA	NA
NC_045512.2	3036	T	A	132	80	27	74	74	27	0.290196	255	2.37362e-27	TRUE	NA	NA	NA	NA	NA	NA
NC_045512.2	3036	T	-C	132	80	27	19	0	20	0.0742188	256	3.11114e-07	TRUE	NA	NA	NA	NA	NA	NA
NC_045512.2	3037	C	T	63	63	27	132	89	27	0.566524	233	2.97002e-60	TRUE	NA	NA	NA	NA	NA	NA
NC_045512.2	3037	C	G	63	63	27	10	10	26	0.0429185	233	1.07556e-05	TRUE	NA	NA	NA	NA	NA	NA
NC_045512.2	3037	C	A	63	63	27	28	28	26	0.120172	233	1.11125e-15	TRUE	NA	NA	NA	NA	NA	NA
NC_045512.2	3038	T	G	101	98	26	16	16	26	0.0784314	204	3.68401e-06	TRUE	NA	NA	NA	NA	NA	NA
NC_045512.2	3038	T	C	101	98	26	11	10	26	0.0539216	204	0.000311211	TRUE	NA	NA	NA	NA	NA	NA
NC_045512.2	3038	T	A	101	98	26	76	76	26	0.372549	204	1.3664e-27	TRUE	NA	NA	NA	NA	NA	NA
NC_045512.2	3039	A	T	137	85	26	81	81	26	0.320158	253	7.5309e-29	TRUE	NA	NA	NA	NA	NA	NA
NC_045512.2	3039	A	G	137	85	26	27	27	26	0.106719	253	5.28965e-10	TRUE	NA	NA	NA	NA	NA	NA
NC_045512.2	3039	A	C	137	85	26	8	8	27	0.0316206	253	0.00594086	TRUE	NA	NA	NA	NA	NA	NA
NC_045512.2	3040	C	T	89	38	25	47	47	26	0.209821	224	2.56915e-20	TRUE	NA	NA	NA	NA	NA	NA
NC_045512.2	3040	C	G	89	38	25	20	20	26	0.0892857	224	7.25338e-09	TRUE	NA	NA	NA	NA	NA	NA
NC_045512.2	3040	C	A	89	38	25	68	68	27	0.303571	224	1.97239e-28	TRUE	NA	NA	NA	NA	NA	NA
NC_045512.2	3041	C	T	107	57	27	88	88	27	0.347826	253	2.42982e-35	TRUE	NA	NA	NA	NA	NA	NA
NC_045512.2	3041	C	G	107	57	27	36	36	26	0.142292	253	1.91976e-15	TRUE	NA	NA	NA	NA	NA	NA
NC_045512.2	3041	C	A	107	57	27	22	22	25	0.0869565	253	1.75882e-09	TRUE	NA	NA	NA	NA	NA	NA
NC_045512.2	3042	C	T	105	71	24	47	47	25	0.198312	237	2.6811e-19	TRUE	NA	NA	NA	NA	NA	NA
NC_045512.2	3042	C	G	105	71	24	66	66	26	0.278481	237	1.95991e-26	TRUE	NA	NA	NA	NA	NA	NA
NC_045512.2	3042	C	A	105	71	24	19	19	26	0.0801688	237	6.38836e-08	TRUE	NA	NA	NA	NA	NA	NA
NC_045512.2	3043	T	G	181	135	26	13	13	26	0.0539419	241	0.00085778	TRUE	NA	NA	NA	NA	NA	NA
NC_045512.2	3043	T	C	181	135	26	10	10	26	0.0414938	241	0.00626761	TRUE	NA	NA	NA	NA	NA	NA
NC_045512.2	3043	T	A	181	135	26	37	37	26	0.153527	241	5.13249e-11	TRUE	NA	NA	NA	NA	NA	NA
NC_045512.2	3044	C	T	115	69	24	51	51	25	0.210744	242	4.2395e-20	TRUE	NA	NA	NA	NA	NA	NA
NC_045512.2	3044	C	G	115	69	24	14	14	25	0.0578512	242	1.41684e-05	TRUE	NA	NA	NA	NA	NA	NA
NC_045512.2	3044	C	A	115	69	24	62	62	26	0.256198	242	4.0351e-24	TRUE	NA	NA	NA	NA	NA	NA
NC_045512.2	3045	C	T	90	62	25	98	98	24	0.447489	219	3.70818e-38	TRUE	NA	NA	NA	NA	NA	NA
NC_045512.2	3045	C	G	90	62	25	22	22	25	0.100457	219	1.52345e-09	TRUE	NA	NA	NA	NA	NA	NA
NC_045512.2	3045	C	A	90	62	25	9	9	24	0.0410959	219	0.000651227	TRUE	NA	NA	NA	NA	NA	NA
NC_045512.2	3045	C	-A	90	62	25	2	0	20	0.00913242	219	0.342298	FALSE	NA	NA	NA	NA	NA	NA
NC_045512.2	3046	A	T	112	66	26	90	90	25	0.386266	233	1.72417e-33	TRUE	NA	NA	NA	NA	NA	NA
NC_045512.2	3046	A	G	112	66	26	24	24	25	0.103004	233	1.41369e-09	TRUE	NA	NA	NA	NA	NA	NA
NC_045512.2	3046	A	C	112	66	26	7	7	26	0.0300429	233	0.00812905	TRUE	NA	NA	NA	NA	NA	NA
NC_045512.2	3046	A	-G	112	66	26	1	0	20	0.00425532	235	0.694624	FALSE	NA	NA	NA	NA	NA	NA
NC_045512.2	3047	G	T	157	111	26	31	31	26	0.154229	201	7.04388e-09	TRUE	NA	NA	NA	NA	NA	NA
NC_045512.2	3047	G	C	157	111	26	4	4	24	0.0199005	201	0.244889	FALSE	NA	NA	NA	NA	NA	NA
NC_045512.2	3047	G	A	157	111	26	9	9	26	0.0447761	201	0.0141771	FALSE	NA	NA	NA	NA	NA	NA
NC_045512.2	3048	A	T	26	11	26	3	3	24	0.0857143	35	0.0920148	FALSE	NA	NA	NA	NA	NA	NA
NC_045512.2	3048	A	G	26	11	26	5	5	25	0.142857	35	0.0205706	FALSE	NA	NA	NA	NA	NA	NA
NC_045512.2	3048	A	C	26	11	26	1	1	24	0.0285714	35	0.442623	FALSE	NA	NA	NA	NA	NA	NA
NC_045512.2	3049	T	G	26	11	27	1	1	22	0.0344828	29	0.490909	FALSE	NA	NA	NA	NA	NA	NA
NC_045512.2	3049	T	C	26	11	27	1	1	29	0.0344828	29	0.490909	FALSE	NA	NA	NA	NA	NA	NA
NC_045512.2	3049	T	A	26	11	27	1	1	24	0.0344828	29	0.490909	FALSE	NA	NA	NA	NA	NA	NA
NC_045512.2	3050	G	T	25	10	27	1	1	26	0.0357143	28	0.490566	FALSE	NA	NA	NA	NA	NA	NA
NC_045512.2	3050	G	A	25	10	27	2	2	27	0.0714286	28	0.245283	FALSE	NA	NA	NA	NA	NA	NA
NC_045512.2	3051	A	T	24	9	27	1	1	26	0.0357143	28	0.480769	FALSE	NA	NA	NA	NA	NA	NA
NC_045512.2	3051	A	G	24	9	27	3	3	27	0.107143	28	0.117925	FALSE	NA	NA	NA	NA	NA	NA
NC_045512.2	3052	G	T	23	8	26	1	1	26	0.037037	27	0.48	FALSE	NA	NA	NA	NA	NA	NA
NC_045512.2	3052	G	A	23	8	26	3	3	27	0.111111	27	0.117647	FALSE	NA	NA	NA	NA	NA	NA
NC_045512.2	3053	G	T	25	10	24	1	1	27	0.0357143	28	0.490566	FALSE	NA	NA	NA	NA	NA	NA
NC_045512.2	3053	G	C	25	10	24	2	2	23	0.0714286	28	0.245283	FALSE	NA	NA	NA	NA	NA	NA
NC_045512.2	3054	A	T	24	9	26	2	2	27	0.0714286	28	0.235849	FALSE	NA	NA	NA	NA	NA	NA
NC_045512.2	3054	A	G	24	9	26	1	1	27	0.0357143	28	0.480769	FALSE	NA	NA	NA	NA	NA	NA
NC_045512.2	3054	A	C	24	9	26	1	1	27	0.0357143	28	0.480769	FALSE	NA	NA	NA	NA	NA	NA
NC_045512.2	3055	T	G	24	9	27	1	1	23	0.0357143	28	0.480769	FALSE	NA	NA	NA	NA	NA	NA
NC_045512.2	3055	T	C	24	9	27	1	1	27	0.0357143	28	0.480769	FALSE	NA	NA	NA	NA	NA	NA
NC_045512.2	3055	T	A	24	9	27	2	2	25	0.0714286	28	0.235849	FALSE	NA	NA	NA	NA	NA	NA
NC_045512.2	3056	G	T	25	11	26	2	2	24	0.0714286	28	0.245283	FALSE	NA	NA	NA	NA	NA	NA
NC_045512.2	3056	G	A	25	11	26	1	0	31	0.0357143	28	0.490566	FALSE	NA	NA	NA	NA	NA	NA
NC_045512.2	3057	A	T	22	9	25	1	1	24	0.037037	27	0.469388	FALSE	NA	NA	NA	NA	NA	NA
NC_045512.2	3057	A	G	22	9	25	1	1	27	0.037037	27	0.469388	FALSE	NA	NA	NA	NA	NA	NA
NC_045512.2	3057	A	C	22	9	25	3	1	26	0.111111	27	0.110444	FALSE	NA	NA	NA	NA	NA	NA
NC_045512.2	3058	A	G	23	10	26	2	2	25	0.0769231	26	0.244898	FALSE	NA	NA	NA	NA	NA	NA
NC_045512.2	3058	A	C	23	10	26	1	1	27	0.0384615	26	0.489796	FALSE	NA	NA	NA	NA	NA	NA
NC_045512.2	3059	G	T	24	9	27	1	1	26	0.0357143	28	0.480769	FALSE	NA	NA	NA	NA	NA	NA
NC_045512.2	3059	G	C	24	9	27	1	1	24	0.0357143	28	0.480769	FALSE	NA	NA	NA	NA	NA	NA
NC_045512.2	3059	G	A	24	9	27	2	2	25	0.0714286	28	0.235849	FALSE	NA	NA	NA	NA	NA	NA
NC_045512.2	3060	A	T	24	9	26	1	1	23	0.0357143	28	0.480769	FALSE	NA	NA	NA	NA	NA	NA
NC_045512.2	3060	A	G	24	9	26	3	3	23	0.107143	28	0.117925	FALSE	NA	NA	NA	NA	NA	NA
NC_045512.2	3061	A	G	13	2	23	1	0	29	0.0714286	14	0.518519	FALSE	NA	NA	NA	NA	NA	NA
NC_045512.2	3062	G	T	12	0	27	1	1	27	0.0714286	14	0.5	FALSE	NA	NA	NA	NA	NA	NA
NC_045512.2	3062	G	C	12	0	27	1	1	24	0.0714286	14	0.5	FALSE	NA	NA	NA	NA	NA	NA
NC_045512.2	3063	A	G	12	0	28	1	1	27	0.0769231	13	0.52	FALSE	NA	NA	NA	NA	NA	NA
NC_045512.2	3067	T	A	12	0	27	1	1	28	0.0769231	13	0.52	FALSE	NA	NA	NA	NA	NA	NA
NC_045512.2	3068	G	T	12	0	27	1	1	29	0.0769231	13	0.52	FALSE	NA	NA	NA	NA	NA	NA
NC_045512.2	3069	A	G	12	0	27	1	1	29	0.0769231	13	0.52	FALSE	NA	NA	NA	NA	NA	NA
NC_045512.2	3070	T	A	12	0	28	1	1	24	0.0769231	13	0.52	FALSE	NA	NA	NA	NA	NA	NA
NC_045512.2	3071	T	A	11	0	23	1	1	30	0.0833333	12	0.521739	FALSE	NA	NA	NA	NA	NA	NA
NC_045512.2	3073	T	A	12	0	26	1	1	24	0.0769231	13	0.52	FALSE	NA	NA	NA	NA	NA	NA
NC_045512.2	3074	G	A	11	0	26	2	1	29	0.153846	13	0.26	FALSE	NA	NA	NA	NA	NA	NA
NC_045512.2	3075	A	G	12	0	28	1	1	28	0.0769231	13	0.52	FALSE	NA	NA	NA	NA	NA	NA
NC_045512.2	3077	G	A	12	0	27	1	1	28	0.0769231	13	0.52	FALSE	NA	NA	NA	NA	NA	NA
NC_045512.2	3078	A	G	12	0	28	1	1	24	0.0769231	13	0.52	FALSE	NA	NA	NA	NA	NA	NA
NC_045512.2	3079	A	G	12	0	24	1	1	27	0.0769231	13	0.52	FALSE	NA	NA	NA	NA	NA	NA
NC_045512.2	3080	G	T	9	0	28	4	1	27	0.307692	13	0.0565217	FALSE	NA	NA	NA	NA	NA	NA
NC_045512.2	3081	A	G	12	0	28	1	1	27	0.0769231	13	0.52	FALSE	NA	NA	NA	NA	NA	NA
NC_045512.2	3083	G	T	12	0	27	1	1	21	0.0769231	13	0.52	FALSE	NA	NA	NA	NA	NA	NA
NC_045512.2	3084	A	T	12	0	27	1	1	26	0.0769231	13	0.52	FALSE	NA	NA	NA	NA	NA	NA
NC_045512.2	3087	T	G	12	0	28	1	1	26	0.0769231	13	0.52	FALSE	NA	NA	NA	NA	NA	NA
NC_045512.2	3088	T	A	7	0	22	1	1	21	0.125	8	0.533333	FALSE	NA	NA	NA	NA	NA	NA
NC_045512.2	3089	G	A	12	0	27	1	1	26	0.0769231	13	0.52	FALSE	NA	NA	NA	NA	NA	NA
NC_045512.2	3090	A	G	12	0	27	1	1	24	0.0769231	13	0.52	FALSE	NA	NA	NA	NA	NA	NA
NC_045512.2	3092	C	A	12	0	26	1	1	24	0.0769231	13	0.52	FALSE	NA	NA	NA	NA	NA	NA
NC_045512.2	3093	C	G	9	0	22	1	1	24	0.1	10	0.526316	FALSE	NA	NA	NA	NA	NA	NA
NC_045512.2	3095	T	A	12	0	27	1	1	29	0.0769231	13	0.52	FALSE	NA	NA	NA	NA	NA	NA
NC_045512.2	3096	C	G	11	0	27	1	1	27	0.0833333	12	0.521739	FALSE	NA	NA	NA	NA	NA	NA
NC_045512.2	3098	A	G	7	0	21	1	1	25	0.125	8	0.533333	FALSE	NA	NA	NA	NA	NA	NA
NC_045512.2	3101	C	T	11	0	26	1	1	25	0.0833333	12	0.521739	FALSE	NA	NA	NA	NA	NA	NA
NC_045512.2	3102	A	G	10	0	28	1	1	25	0.0909091	11	0.52381	FALSE	NA	NA	NA	NA	NA	NA
NC_045512.2	3104	T	G	9	0	28	1	1	27	0.1	10	0.526316	FALSE	NA	NA	NA	NA	NA	NA
NC_045512.2	3105	A	C	9	0	27	1	1	21	0.1	10	0.526316	FALSE	NA	NA	NA	NA	NA	NA
NC_045512.2	3106	T	C	9	0	28	1	1	27	0.1	10	0.526316	FALSE	NA	NA	NA	NA	NA	NA
NC_045512.2	3107	G	A	14	0	28	1	1	28	0.0666667	15	0.517241	FALSE	NA	NA	NA	NA	NA	NA
NC_045512.2	3108	A	T	14	0	29	1	1	27	0.0666667	15	0.517241	FALSE	NA	NA	NA	NA	NA	NA
NC_045512.2	3109	G	C	14	0	28	1	1	27	0.0666667	15	0.517241	FALSE	NA	NA	NA	NA	NA	NA
NC_045512.2	3110	T	A	14	0	27	1	1	23	0.0666667	15	0.517241	FALSE	NA	NA	NA	NA	NA	NA
NC_045512.2	3112	T	C	14	0	28	1	1	27	0.0666667	15	0.517241	FALSE	NA	NA	NA	NA	NA	NA
NC_045512.2	3113	G	T	14	0	28	1	1	28	0.0666667	15	0.517241	FALSE	NA	NA	NA	NA	NA	NA
NC_045512.2	3114	G	C	14	0	23	1	1	28	0.0666667	15	0.517241	FALSE	NA	NA	NA	NA	NA	NA
NC_045512.2	3115	T	A	14	0	28	1	1	23	0.0666667	15	0.517241	FALSE	NA	NA	NA	NA	NA	NA
NC_045512.2	3117	C	T	14	0	28	1	1	27	0.0666667	15	0.517241	FALSE	NA	NA	NA	NA	NA	NA
NC_045512.2	3118	T	A	14	0	27	1	1	27	0.0666667	15	0.517241	FALSE	NA	NA	NA	NA	NA	NA
NC_045512.2	3119	G	T	14	0	28	1	1	27	0.0666667	15	0.517241	FALSE	NA	NA	NA	NA	NA	NA
NC_045512.2	3120	A	G	14	0	28	1	1	27	0.0666667	15	0.517241	FALSE	NA	NA	NA	NA	NA	NA
NC_045512.2	3123	A	T	14	0	27	1	1	28	0.0666667	15	0.517241	FALSE	NA	NA	NA	NA	NA	NA
NC_045512.2	3124	T	A	14	0	27	1	1	28	0.0666667	15	0.517241	FALSE	NA	NA	NA	NA	NA	NA
NC_045512.2	3125	G	T	14	0	27	1	1	27	0.0666667	15	0.517241	FALSE	NA	NA	NA	NA	NA	NA
NC_045512.2	3126	A	G	14	0	27	1	1	23	0.0666667	15	0.517241	FALSE	NA	NA	NA	NA	NA	NA
NC_045512.2	3127	T	G	14	0	27	1	1	28	0.0666667	15	0.517241	FALSE	NA	NA	NA	NA	NA	NA
NC_045512.2	3131	C	T	10	0	23	1	1	20	0.0909091	11	0.52381	FALSE	NA	NA	NA	NA	NA	NA
NC_045512.2	3132	A	G	12	0	26	1	1	20	0.0769231	13	0.52	FALSE	NA	NA	NA	NA	NA	NA
NC_045512.2	3134	G	A	9	0	25	1	1	27	0.1	10	0.526316	FALSE	NA	NA	NA	NA	NA	NA
NC_045512.2	3136	T	A	9	0	25	1	1	26	0.1	10	0.526316	FALSE	NA	NA	NA	NA	NA	NA
NC_045512.2	3137	A	T	9	0	26	1	1	27	0.1	10	0.526316	FALSE	NA	NA	NA	NA	NA	NA
NC_045512.2	3138	A	G	9	0	26	1	1	25	0.1	10	0.526316	FALSE	NA	NA	NA	NA	NA	NA
NC_045512.2	3140	C	T	9	0	27	1	1	20	0.1	10	0.526316	FALSE	NA	NA	NA	NA	NA	NA
NC_045512.2	3141	C	T	6	0	22	1	1	22	0.142857	7	0.538462	FALSE	NA	NA	NA	NA	NA	NA
NC_045512.2	3142	T	A	7	0	27	1	1	25	0.125	8	0.533333	FALSE	NA	NA	NA	NA	NA	NA
NC_045512.2	3143	T	C	7	0	27	1	1	20	0.125	8	0.533333	FALSE	NA	NA	NA	NA	NA	NA
NC_045512.2	3144	T	C	5	0	22	1	1	28	0.166667	6	0.545455	FALSE	NA	NA	NA	NA	NA	NA
NC_045512.2	3145	G	A	7	0	27	1	1	23	0.125	8	0.533333	FALSE	NA	NA	NA	NA	NA	NA
NC_045512.2	3146	G	A	5	0	23	1	1	27	0.166667	6	0.545455	FALSE	NA	NA	NA	NA	NA	NA
NC_045512.2	3147	A	G	7	0	26	1	1	21	0.125	8	0.533333	FALSE	NA	NA	NA	NA	NA	NA
NC_045512.2	3148	A	G	4	0	24	1	1	27	0.2	5	0.555556	FALSE	NA	NA	NA	NA	NA	NA
NC_045512.2	3150	T	A	7	0	27	1	1	22	0.125	8	0.533333	FALSE	NA	NA	NA	NA	NA	NA
NC_045512.2	3151	T	A	4	0	22	1	1	27	0.2	5	0.555556	FALSE	NA	NA	NA	NA	NA	NA
NC_045512.2	3152	G	A	7	0	27	1	1	27	0.125	8	0.533333	FALSE	NA	NA	NA	NA	NA	NA
NC_045512.2	3153	G	C	6	0	22	1	1	23	0.142857	7	0.538462	FALSE	NA	NA	NA	NA	NA	NA
NC_045512.2	3154	T	C	7	0	27	1	1	30	0.125	8	0.533333	FALSE	NA	NA	NA	NA	NA	NA
NC_045512.2	3155	G	T	7	0	26	1	1	23	0.125	8	0.533333	FALSE	NA	NA	NA	NA	NA	NA
NC_045512.2	3156	C	T	7	0	28	1	1	29	0.125	8	0.533333	FALSE	NA	NA	NA	NA	NA	NA
NC_045512.2	3157	C	T	7	0	23	1	1	29	0.125	8	0.533333	FALSE	NA	NA	NA	NA	NA	NA
NC_045512.2	3158	A	G	7	0	27	1	1	24	0.125	8	0.533333	FALSE	NA	NA	NA	NA	NA	NA
NC_045512.2	3159	C	G	7	0	27	1	1	28	0.125	8	0.533333	FALSE	NA	NA	NA	NA	NA	NA
NC_045512.2	3160	T	A	7	0	27	1	1	23	0.125	8	0.533333	FALSE	NA	NA	NA	NA	NA	NA
NC_045512.2	3161	T	A	7	0	23	1	1	27	0.125	8	0.533333	FALSE	NA	NA	NA	NA	NA	NA
NC_045512.2	3162	C	T	7	0	27	1	1	22	0.125	8	0.533333	FALSE	NA	NA	NA	NA	NA	NA
NC_045512.2	3164	G	T	7	0	27	1	1	28	0.125	8	0.533333	FALSE	NA	NA	NA	NA	NA	NA
NC_045512.2	3165	C	G	7	0	27	1	1	24	0.125	8	0.533333	FALSE	NA	NA	NA	NA	NA	NA
NC_045512.2	3166	T	G	7	0	27	1	1	28	0.125	8	0.533333	FALSE	NA	NA	NA	NA	NA	NA
NC_045512.2	3167	G	T	7	0	27	1	1	27	0.125	8	0.533333	FALSE	NA	NA	NA	NA	NA	NA
NC_045512.2	3168	C	G	7	0	26	1	1	28	0.125	8	0.533333	FALSE	NA	NA	NA	NA	NA	NA
NC_045512.2	3169	T	C	7	0	27	1	1	24	0.125	8	0.533333	FALSE	NA	NA	NA	NA	NA	NA
NC_045512.2	3171	T	A	7	0	29	1	1	28	0.125	8	0.533333	FALSE	NA	NA	NA	NA	NA	NA
NC_045512.2	3172	T	C	6	0	23	1	1	27	0.142857	7	0.538462	FALSE	NA	NA	NA	NA	NA	NA
NC_045512.2	3173	C	T	7	0	28	1	1	28	0.125	8	0.533333	FALSE	NA	NA	NA	NA	NA	NA
NC_045512.2	3174	A	G	7	0	28	1	1	28	0.125	8	0.533333	FALSE	NA	NA	NA	NA	NA	NA
NC_045512.2	3175	A	C	7	0	23	1	1	28	0.125	8	0.533333	FALSE	NA	NA	NA	NA	NA	NA
NC_045512.2	3176	C	T	7	0	28	1	1	28	0.125	8	0.533333	FALSE	NA	NA	NA	NA	NA	NA
NC_045512.2	3177	C	G	7	0	23	1	1	27	0.125	8	0.533333	FALSE	NA	NA	NA	NA	NA	NA
NC_045512.2	3178	T	C	7	0	27	1	1	27	0.125	8	0.533333	FALSE	NA	NA	NA	NA	NA	NA
NC_045512.2	3179	G	T	7	0	27	1	1	27	0.125	8	0.533333	FALSE	NA	NA	NA	NA	NA	NA
NC_045512.2	3180	A	G	5	0	26	1	1	28	0.166667	6	0.545455	FALSE	NA	NA	NA	NA	NA	NA
NC_045512.2	3181	A	C	4	0	24	1	1	27	0.2	5	0.555556	FALSE	NA	NA	NA	NA	NA	NA
NC_045512.2	3182	G	T	5	0	26	1	1	26	0.166667	6	0.545455	FALSE	NA	NA	NA	NA	NA	NA
NC_045512.2	3183	A	C	5	0	27	1	1	27	0.166667	6	0.545455	FALSE	NA	NA	NA	NA	NA	NA
NC_045512.2	3184	A	T	5	0	23	1	1	21	0.166667	6	0.545455	FALSE	NA	NA	NA	NA	NA	NA
NC_045512.2	3185	G	T	5	0	28	1	1	26	0.166667	6	0.545455	FALSE	NA	NA	NA	NA	NA	NA
NC_045512.2	3190	A	G	4	0	25	1	0	28	0.2	5	0.555556	FALSE	NA	NA	NA	NA	NA	NA
NC_045512.2	3254	A	G	10	0	27	1	1	28	0.0909091	11	0.52381	FALSE	NA	NA	NA	NA	NA	NA
NC_045512.2	3255	A	G	10	0	23	1	1	28	0.0909091	11	0.52381	FALSE	NA	NA	NA	NA	NA	NA
NC_045512.2	3259	G	A	10	0	27	1	1	24	0.0909091	11	0.52381	FALSE	NA	NA	NA	NA	NA	NA
NC_045512.2	3260	A	C	10	0	28	1	1	23	0.0909091	11	0.52381	FALSE	NA	NA	NA	NA	NA	NA
NC_045512.2	3263	A	G	10	0	23	1	1	25	0.0909091	11	0.52381	FALSE	NA	NA	NA	NA	NA	NA
NC_045512.2	3264	C	A	10	0	27	1	1	25	0.0909091	11	0.52381	FALSE	NA	NA	NA	NA	NA	NA
NC_045512.2	3265	T	C	10	0	27	1	1	25	0.0909091	11	0.52381	FALSE	NA	NA	NA	NA	NA	NA
NC_045512.2	3266	A	G	10	0	27	1	1	20	0.0909091	11	0.52381	FALSE	NA	NA	NA	NA	NA	NA
NC_045512.2	3267	C	G	10	0	27	1	1	28	0.0909091	11	0.52381	FALSE	NA	NA	NA	NA	NA	NA
NC_045512.2	3268	T	C	10	0	28	1	1	27	0.0909091	11	0.52381	FALSE	NA	NA	NA	NA	NA	NA
NC_045512.2	3270	T	G	10	0	28	1	1	26	0.0909091	11	0.52381	FALSE	NA	NA	NA	NA	NA	NA
NC_045512.2	3272	C	G	10	0	27	1	1	26	0.0909091	11	0.52381	FALSE	NA	NA	NA	NA	NA	NA
NC_045512.2	3274	A	G	10	0	30	1	1	23	0.0909091	11	0.52381	FALSE	NA	NA	NA	NA	NA	NA
NC_045512.2	3275	A	G	10	0	22	1	1	30	0.0909091	11	0.52381	FALSE	NA	NA	NA	NA	NA	NA
NC_045512.2	3276	C	A	10	0	27	1	1	27	0.0909091	11	0.52381	FALSE	NA	NA	NA	NA	NA	NA
NC_045512.2	3277	A	C	10	0	29	1	1	26	0.0909091	11	0.52381	FALSE	NA	NA	NA	NA	NA	NA
NC_045512.2	3279	T	A	8	0	28	1	1	26	0.111111	9	0.529412	FALSE	NA	NA	NA	NA	NA	NA
NC_045512.2	3281	G	C	8	0	27	1	1	27	0.111111	9	0.529412	FALSE	NA	NA	NA	NA	NA	NA
NC_045512.2	3282	T	A	8	0	27	1	1	25	0.111111	9	0.529412	FALSE	NA	NA	NA	NA	NA	NA
NC_045512.2	3283	T	G	8	0	24	1	1	25	0.111111	9	0.529412	FALSE	NA	NA	NA	NA	NA	NA
NC_045512.2	3284	G	A	8	0	27	1	1	26	0.111111	9	0.529412	FALSE	NA	NA	NA	NA	NA	NA
NC_045512.2	3285	A	C	8	0	26	1	1	27	0.111111	9	0.529412	FALSE	NA	NA	NA	NA	NA	NA
NC_045512.2	3286	G	A	8	0	27	1	1	24	0.111111	9	0.529412	FALSE	NA	NA	NA	NA	NA	NA
NC_045512.2	3287	G	A	6	0	23	1	1	27	0.142857	7	0.538462	FALSE	NA	NA	NA	NA	NA	NA
NC_045512.2	3288	T	C	8	0	26	1	1	27	0.111111	9	0.529412	FALSE	NA	NA	NA	NA	NA	NA
NC_045512.2	3290	C	A	8	0	26	1	1	29	0.111111	9	0.529412	FALSE	NA	NA	NA	NA	NA	NA
NC_045512.2	3291	A	C	7	0	27	1	1	29	0.125	8	0.533333	FALSE	NA	NA	NA	NA	NA	NA
NC_045512.2	3292	A	T	7	0	22	1	1	28	0.125	8	0.533333	FALSE	NA	NA	NA	NA	NA	NA
NC_045512.2	3293	C	A	7	0	27	1	1	23	0.125	8	0.533333	FALSE	NA	NA	NA	NA	NA	NA
NC_045512.2	3299	T	A	7	0	27	1	1	23	0.125	8	0.533333	FALSE	NA	NA	NA	NA	NA	NA
NC_045512.2	3300	T	C	6	0	22	1	1	24	0.142857	7	0.538462	FALSE	NA	NA	NA	NA	NA	NA
NC_045512.2	3302	G	A	7	0	27	1	1	28	0.125	8	0.533333	FALSE	NA	NA	NA	NA	NA	NA
NC_045512.2	3303	A	T	7	0	27	1	1	23	0.125	8	0.533333	FALSE	NA	NA	NA	NA	NA	NA
NC_045512.2	3304	G	T	7	0	28	1	1	28	0.125	8	0.533333	FALSE	NA	NA	NA	NA	NA	NA
NC_045512.2	3305	A	G	7	0	28	1	1	28	0.125	8	0.533333	FALSE	NA	NA	NA	NA	NA	NA
NC_045512.2	3307	G	T	7	0	28	1	1	27	0.125	8	0.533333	FALSE	NA	NA	NA	NA	NA	NA
NC_045512.2	3310	A	G	6	0	21	1	1	21	0.142857	7	0.538462	FALSE	NA	NA	NA	NA	NA	NA
NC_045512.2	3311	C	G	7	0	26	1	1	27	0.125	8	0.533333	FALSE	NA	NA	NA	NA	NA	NA
NC_045512.2	3314	A	C	7	0	26	1	1	27	0.125	8	0.533333	FALSE	NA	NA	NA	NA	NA	NA
NC_045512.2	3315	C	A	6	0	25	1	1	23	0.142857	7	0.538462	FALSE	NA	NA	NA	NA	NA	NA
NC_045512.2	3319	A	T	5	0	26	1	1	28	0.166667	6	0.545455	FALSE	NA	NA	NA	NA	NA	NA
NC_045512.2	3320	G	C	5	0	25	1	1	26	0.166667	6	0.545455	FALSE	NA	NA	NA	NA	NA	NA
NC_045512.2	3321	T	A	5	0	26	1	1	21	0.166667	6	0.545455	FALSE	NA	NA	NA	NA	NA	NA
NC_045512.2	3322	T	A	3	0	23	1	1	27	0.25	4	0.571429	FALSE	NA	NA	NA	NA	NA	NA
NC_045512.2	3323	G	T	5	0	26	1	1	21	0.166667	6	0.545455	FALSE	NA	NA	NA	NA	NA	NA
NC_045512.2	3325	T	A	4	0	22	1	1	28	0.2	5	0.555556	FALSE	NA	NA	NA	NA	NA	NA
NC_045512.2	3326	C	G	6	0	26	1	1	29	0.142857	7	0.538462	FALSE	NA	NA	NA	NA	NA	NA
NC_045512.2	3329	A	G	7	1	27	1	1	30	0.125	8	0.533333	FALSE	NA	NA	NA	NA	NA	NA
NC_045512.2	3330	C	T	6	0	26	1	1	27	0.125	8	0.5	FALSE	NA	NA	NA	NA	NA	NA
NC_045512.2	3330	C	G	6	0	26	1	1	32	0.125	8	0.5	FALSE	NA	NA	NA	NA	NA	NA
NC_045512.2	3331	T	G	7	1	27	1	1	23	0.125	8	0.533333	FALSE	NA	NA	NA	NA	NA	NA
NC_045512.2	3332	A	G	6	0	27	1	1	27	0.125	8	0.5	FALSE	NA	NA	NA	NA	NA	NA
NC_045512.2	3332	A	C	6	0	27	1	1	24	0.125	8	0.5	FALSE	NA	NA	NA	NA	NA	NA
NC_045512.2	3333	T	A	6	0	28	2	2	21	0.25	8	0.266667	FALSE	NA	NA	NA	NA	NA	NA
NC_045512.2	3334	T	A	5	0	23	2	2	25	0.285714	7	0.269231	FALSE	NA	NA	NA	NA	NA	NA
NC_045512.2	3335	G	C	6	0	26	2	2	25	0.25	8	0.266667	FALSE	NA	NA	NA	NA	NA	NA
NC_045512.2	3336	A	T	7	1	27	1	1	23	0.125	8	0.533333	FALSE	NA	NA	NA	NA	NA	NA
NC_045512.2	3337	A	T	7	1	25	1	1	31	0.125	8	0.533333	FALSE	NA	NA	NA	NA	NA	NA
NC_045512.2	3338	G	A	7	1	28	1	1	28	0.125	8	0.533333	FALSE	NA	NA	NA	NA	NA	NA
NC_045512.2	3339	T	C	5	0	28	2	1	28	0.25	8	0.230769	FALSE	NA	NA	NA	NA	NA	NA
NC_045512.2	3339	T	A	5	0	28	1	1	25	0.125	8	0.461538	FALSE	NA	NA	NA	NA	NA	NA
NC_045512.2	3340	G	C	6	0	28	1	1	25	0.125	8	0.5	FALSE	NA	NA	NA	NA	NA	NA
NC_045512.2	3340	G	A	6	0	28	1	1	27	0.125	8	0.5	FALSE	NA	NA	NA	NA	NA	NA
NC_045512.2	3341	A	G	6	0	28	1	1	22	0.125	8	0.5	FALSE	NA	NA	NA	NA	NA	NA
NC_045512.2	3341	A	C	6	0	28	1	1	23	0.125	8	0.5	FALSE	NA	NA	NA	NA	NA	NA
NC_045512.2	3342	A	G	6	0	23	1	1	28	0.125	8	0.5	FALSE	NA	NA	NA	NA	NA	NA
NC_045512.2	3342	A	C	6	0	23	1	1	27	0.125	8	0.5	FALSE	NA	NA	NA	NA	NA	NA
NC_045512.2	3343	T	C	6	0	27	1	1	27	0.125	8	0.5	FALSE	NA	NA	NA	NA	NA	NA
NC_045512.2	3343	T	A	6	0	27	1	1	26	0.125	8	0.5	FALSE	NA	NA	NA	NA	NA	NA
NC_045512.2	3344	A	G	7	1	28	1	1	26	0.125	8	0.533333	FALSE	NA	NA	NA	NA	NA	NA
NC_045512.2	3345	G	T	7	1	25	1	1	24	0.125	8	0.533333	FALSE	NA	NA	NA	NA	NA	NA
NC_045512.2	3347	T	G	5	0	26	2	2	27	0.285714	7	0.269231	FALSE	NA	NA	NA	NA	NA	NA
NC_045512.2	3348	T	A	6	1	26	1	1	25	0.142857	7	0.538462	FALSE	NA	NA	NA	NA	NA	NA
NC_045512.2	3349	T	G	2	1	25	1	1	22	0.333333	3	0.6	FALSE	NA	NA	NA	NA	NA	NA
NC_045512.2	3350	A	G	5	0	26	1	1	27	0.142857	7	0.5	FALSE	NA	NA	NA	NA	NA	NA
NC_045512.2	3350	A	C	5	0	26	1	1	28	0.142857	7	0.5	FALSE	NA	NA	NA	NA	NA	NA
NC_045512.2	3351	G	A	5	0	27	2	2	28	0.285714	7	0.269231	FALSE	NA	NA	NA	NA	NA	NA
NC_045512.2	3352	T	G	5	0	27	1	1	29	0.142857	7	0.5	FALSE	NA	NA	NA	NA	NA	NA
NC_045512.2	3352	T	C	5	0	27	1	1	22	0.142857	7	0.5	FALSE	NA	NA	NA	NA	NA	NA
NC_045512.2	3353	G	A	5	0	28	1	1	28	0.166667	6	0.545455	FALSE	NA	NA	NA	NA	NA	NA
NC_045512.2	3354	G	C	5	0	23	1	1	28	0.142857	7	0.5	FALSE	NA	NA	NA	NA	NA	NA
NC_045512.2	3354	G	A	5	0	23	1	1	23	0.142857	7	0.5	FALSE	NA	NA	NA	NA	NA	NA
NC_045512.2	3355	T	G	7	2	27	1	1	25	0.125	8	0.533333	FALSE	NA	NA	NA	NA	NA	NA
NC_045512.2	3356	T	G	5	0	23	1	1	29	0.125	8	0.461538	FALSE	NA	NA	NA	NA	NA	NA
NC_045512.2	3356	T	C	5	0	23	1	1	27	0.125	8	0.461538	FALSE	NA	NA	NA	NA	NA	NA
NC_045512.2	3356	T	A	5	0	23	1	1	28	0.125	8	0.461538	FALSE	NA	NA	NA	NA	NA	NA
NC_045512.2	3357	A	T	6	1	26	2	2	25	0.25	8	0.266667	FALSE	NA	NA	NA	NA	NA	NA
NC_045512.2	3358	T	G	6	1	26	1	1	27	0.125	8	0.5	FALSE	NA	NA	NA	NA	NA	NA
NC_045512.2	3358	T	C	6	1	26	1	1	27	0.125	8	0.5	FALSE	NA	NA	NA	NA	NA	NA
NC_045512.2	3359	T	G	5	0	26	1	1	25	0.125	8	0.461538	FALSE	NA	NA	NA	NA	NA	NA
NC_045512.2	3359	T	A	5	0	26	2	2	24	0.25	8	0.230769	FALSE	NA	NA	NA	NA	NA	NA
NC_045512.2	3360	T	C	4	0	22	1	1	26	0.142857	7	0.454545	FALSE	NA	NA	NA	NA	NA	NA
NC_045512.2	3360	T	A	4	0	22	2	2	23	0.285714	7	0.227273	FALSE	NA	NA	NA	NA	NA	NA
NC_045512.2	3361	A	C	6	2	27	1	1	28	0.142857	7	0.538462	FALSE	NA	NA	NA	NA	NA	NA
NC_045512.2	3362	A	G	6	2	27	1	1	25	0.142857	7	0.538462	FALSE	NA	NA	NA	NA	NA	NA
NC_045512.2	3363	A	T	5	1	28	1	1	25	0.142857	7	0.5	FALSE	NA	NA	NA	NA	NA	NA
NC_045512.2	3363	A	C	5	1	28	1	1	26	0.142857	7	0.5	FALSE	NA	NA	NA	NA	NA	NA
NC_045512.2	3364	A	T	1	0	21	1	1	26	0.25	4	0.4	FALSE	NA	NA	NA	NA	NA	NA
NC_045512.2	3364	A	G	1	0	21	2	2	27	0.5	4	0.2	FALSE	NA	NA	NA	NA	NA	NA
NC_045512.2	3365	C	A	4	0	27	3	3	25	0.428571	7	0.122378	FALSE	NA	NA	NA	NA	NA	NA
NC_045512.2	3366	T	C	4	0	27	2	2	25	0.285714	7	0.227273	FALSE	NA	NA	NA	NA	NA	NA
NC_045512.2	3366	T	A	4	0	27	1	1	29	0.142857	7	0.454545	FALSE	NA	NA	NA	NA	NA	NA
NC_045512.2	3367	T	G	6	2	24	1	1	22	0.142857	7	0.538462	FALSE	NA	NA	NA	NA	NA	NA
NC_045512.2	3368	A	G	6	2	27	1	1	29	0.142857	7	0.538462	FALSE	NA	NA	NA	NA	NA	NA
NC_045512.2	3369	C	T	5	1	28	1	1	23	0.142857	7	0.5	FALSE	NA	NA	NA	NA	NA	NA
NC_045512.2	3369	C	G	5	1	28	1	1	28	0.142857	7	0.5	FALSE	NA	NA	NA	NA	NA	NA
NC_045512.2	3370	T	A	6	2	26	1	1	29	0.142857	7	0.538462	FALSE	NA	NA	NA	NA	NA	NA
NC_045512.2	3371	G	T	5	1	27	1	1	31	0.142857	7	0.5	FALSE	NA	NA	NA	NA	NA	NA
NC_045512.2	3371	G	C	5	1	27	1	1	27	0.142857	7	0.5	FALSE	NA	NA	NA	NA	NA	NA
NC_045512.2	3372	A	T	5	1	25	2	2	27	0.285714	7	0.269231	FALSE	NA	NA	NA	NA	NA	NA
NC_045512.2	3373	C	T	4	0	25	1	1	27	0.142857	7	0.454545	FALSE	NA	NA	NA	NA	NA	NA
NC_045512.2	3373	C	G	4	0	25	1	1	23	0.142857	7	0.454545	FALSE	NA	NA	NA	NA	NA	NA
NC_045512.2	3373	C	A	4	0	25	1	1	30	0.142857	7	0.454545	FALSE	NA	NA	NA	NA	NA	NA
NC_045512.2	3375	A	G	4	0	23	1	1	27	0.166667	6	0.5	FALSE	NA	NA	NA	NA	NA	NA
NC_045512.2	3375	A	C	4	0	23	1	1	26	0.166667	6	0.5	FALSE	NA	NA	NA	NA	NA	NA
NC_045512.2	3376	T	G	5	1	27	1	1	24	0.142857	7	0.5	FALSE	NA	NA	NA	NA	NA	NA
NC_045512.2	3376	T	A	5	1	27	1	1	21	0.142857	7	0.5	FALSE	NA	NA	NA	NA	NA	NA
NC_045512.2	3377	G	A	5	1	26	2	2	25	0.285714	7	0.269231	FALSE	NA	NA	NA	NA	NA	NA
NC_045512.2	3378	T	G	5	1	26	1	1	27	0.142857	7	0.5	FALSE	NA	NA	NA	NA	NA	NA
NC_045512.2	3378	T	C	5	1	26	1	1	28	0.142857	7	0.5	FALSE	NA	NA	NA	NA	NA	NA
NC_045512.2	3379	A	T	5	1	27	2	2	23	0.285714	7	0.269231	FALSE	NA	NA	NA	NA	NA	NA
NC_045512.2	3380	T	G	5	1	26	1	1	26	0.142857	7	0.5	FALSE	NA	NA	NA	NA	NA	NA
NC_045512.2	3380	T	A	5	1	26	1	1	28	0.142857	7	0.5	FALSE	NA	NA	NA	NA	NA	NA
NC_045512.2	3381	A	T	5	1	26	2	2	25	0.285714	7	0.269231	FALSE	NA	NA	NA	NA	NA	NA
NC_045512.2	3382	C	T	5	1	27	2	2	23	0.285714	7	0.269231	FALSE	NA	NA	NA	NA	NA	NA
NC_045512.2	3383	A	T	5	1	28	1	1	27	0.142857	7	0.5	FALSE	NA	NA	NA	NA	NA	NA
NC_045512.2	3383	A	G	5	1	28	1	1	27	0.142857	7	0.5	FALSE	NA	NA	NA	NA	NA	NA
NC_045512.2	3384	T	G	5	1	28	1	1	28	0.142857	7	0.5	FALSE	NA	NA	NA	NA	NA	NA
NC_045512.2	3384	T	A	5	1	28	1	1	28	0.142857	7	0.5	FALSE	NA	NA	NA	NA	NA	NA
NC_045512.2	3385	T	G	1	0	20	1	1	23	0.333333	3	0.5	FALSE	NA	NA	NA	NA	NA	NA
NC_045512.2	3385	T	A	1	0	20	1	1	28	0.333333	3	0.5	FALSE	NA	NA	NA	NA	NA	NA
NC_045512.2	3386	A	G	5	1	24	1	1	28	0.142857	7	0.5	FALSE	NA	NA	NA	NA	NA	NA
NC_045512.2	3386	A	C	5	1	24	1	1	29	0.142857	7	0.5	FALSE	NA	NA	NA	NA	NA	NA
NC_045512.2	3387	A	T	6	2	24	1	1	24	0.142857	7	0.538462	FALSE	NA	NA	NA	NA	NA	NA
NC_045512.2	3388	A	T	6	2	26	1	1	27	0.142857	7	0.538462	FALSE	NA	NA	NA	NA	NA	NA
NC_045512.2	3389	A	C	4	0	24	3	3	27	0.428571	7	0.122378	FALSE	NA	NA	NA	NA	NA	NA
NC_045512.2	3390	A	T	1	1	22	2	2	26	0.666667	3	0.3	FALSE	NA	NA	NA	NA	NA	NA
NC_045512.2	3391	T	A	5	1	25	2	2	28	0.285714	7	0.269231	FALSE	NA	NA	NA	NA	NA	NA
NC_045512.2	3392	G	C	4	0	25	2	2	25	0.285714	7	0.227273	FALSE	NA	NA	NA	NA	NA	NA
NC_045512.2	3392	G	A	4	0	25	1	1	28	0.142857	7	0.454545	FALSE	NA	NA	NA	NA	NA	NA
NC_045512.2	3393	C	T	6	2	26	1	1	28	0.142857	7	0.538462	FALSE	NA	NA	NA	NA	NA	NA
NC_045512.2	3394	A	T	5	1	25	2	2	25	0.285714	7	0.269231	FALSE	NA	NA	NA	NA	NA	NA
NC_045512.2	3395	G	T	5	1	26	1	1	23	0.142857	7	0.5	FALSE	NA	NA	NA	NA	NA	NA
NC_045512.2	3395	G	C	5	1	26	1	1	23	0.142857	7	0.5	FALSE	NA	NA	NA	NA	NA	NA
NC_045512.2	3396	A	T	5	1	26	1	1	27	0.166667	6	0.545455	FALSE	NA	NA	NA	NA	NA	NA
NC_045512.2	3397	C	A	6	2	26	1	1	27	0.142857	7	0.538462	FALSE	NA	NA	NA	NA	NA	NA
NC_045512.2	3398	A	T	5	1	26	1	1	22	0.166667	6	0.545455	FALSE	NA	NA	NA	NA	NA	NA
NC_045512.2	3399	T	A	5	1	27	2	2	26	0.285714	7	0.269231	FALSE	NA	NA	NA	NA	NA	NA
NC_045512.2	3400	T	A	4	1	23	2	2	26	0.333333	6	0.272727	FALSE	NA	NA	NA	NA	NA	NA
NC_045512.2	3401	G	C	6	2	26	1	1	27	0.142857	7	0.538462	FALSE	NA	NA	NA	NA	NA	NA
NC_045512.2	3402	T	A	5	1	26	2	2	25	0.285714	7	0.269231	FALSE	NA	NA	NA	NA	NA	NA
NC_045512.2	3403	G	A	5	1	28	2	2	29	0.285714	7	0.269231	FALSE	NA	NA	NA	NA	NA	NA
NC_045512.2	3404	G	T	3	0	23	2	2	26	0.333333	6	0.222222	FALSE	NA	NA	NA	NA	NA	NA
NC_045512.2	3404	G	A	3	0	23	1	1	28	0.166667	6	0.444444	FALSE	NA	NA	NA	NA	NA	NA
NC_045512.2	3405	A	T	5	1	26	2	2	27	0.285714	7	0.269231	FALSE	NA	NA	NA	NA	NA	NA
NC_045512.2	3406	A	G	3	0	23	2	2	26	0.333333	6	0.222222	FALSE	NA	NA	NA	NA	NA	NA
NC_045512.2	3406	A	C	3	0	23	1	1	27	0.166667	6	0.444444	FALSE	NA	NA	NA	NA	NA	NA
NC_045512.2	3407	G	T	5	1	28	1	1	24	0.142857	7	0.5	FALSE	NA	NA	NA	NA	NA	NA
NC_045512.2	3407	G	A	5	1	28	1	1	27	0.142857	7	0.5	FALSE	NA	NA	NA	NA	NA	NA
NC_045512.2	3408	A	T	5	1	26	2	2	26	0.285714	7	0.269231	FALSE	NA	NA	NA	NA	NA	NA
NC_045512.2	3409	A	T	4	1	23	1	1	27	0.166667	6	0.5	FALSE	NA	NA	NA	NA	NA	NA
NC_045512.2	3409	A	G	4	1	23	1	1	28	0.166667	6	0.5	FALSE	NA	NA	NA	NA	NA	NA
NC_045512.2	3409	A	-G	4	1	23	1	0	20	0.166667	6	0.5	FALSE	NA	NA	NA	NA	NA	NA
NC_045512.2	3410	G	C	4	0	25	1	1	28	0.166667	6	0.5	FALSE	NA	NA	NA	NA	NA	NA
NC_045512.2	3410	G	A	4	0	25	1	1	28	0.166667	6	0.5	FALSE	NA	NA	NA	NA	NA	NA
NC_045512.2	3411	C	T	3	0	27	1	1	24	0.2	5	0.5	FALSE	NA	NA	NA	NA	NA	NA
NC_045512.2	3411	C	G	3	0	27	1	1	24	0.2	5	0.5	FALSE	NA	NA	NA	NA	NA	NA
NC_045512.2	3412	T	G	4	1	25	1	1	28	0.166667	6	0.5	FALSE	NA	NA	NA	NA	NA	NA
NC_045512.2	3412	T	A	4	1	25	1	1	29	0.166667	6	0.5	FALSE	NA	NA	NA	NA	NA	NA
NC_045512.2	3413	A	T	5	2	26	1	1	23	0.166667	6	0.545455	FALSE	NA	NA	NA	NA	NA	NA
NC_045512.2	3414	A	T	4	1	26	1	1	28	0.166667	6	0.5	FALSE	NA	NA	NA	NA	NA	NA
NC_045512.2	3414	A	C	4	1	26	1	1	31	0.166667	6	0.5	FALSE	NA	NA	NA	NA	NA	NA
NC_045512.2	3415	A	T	4	1	26	1	1	27	0.166667	6	0.5	FALSE	NA	NA	NA	NA	NA	NA
NC_045512.2	3415	A	C	4	1	26	1	1	25	0.166667	6	0.5	FALSE	NA	NA	NA	NA	NA	NA
NC_045512.2	3416	A	G	1	0	33	1	1	29	0.333333	3	0.5	FALSE	NA	NA	NA	NA	NA	NA
NC_045512.2	3416	A	C	1	0	33	1	1	24	0.333333	3	0.5	FALSE	NA	NA	NA	NA	NA	NA
NC_045512.2	3417	A	C	1	1	25	2	2	27	0.666667	3	0.3	FALSE	NA	NA	NA	NA	NA	NA
NC_045512.2	3418	G	A	1	0	30	2	2	26	0.666667	3	0.3	FALSE	NA	NA	NA	NA	NA	NA
NC_045512.2	3419	G	C	3	2	25	1	1	28	0.25	4	0.571429	FALSE	NA	NA	NA	NA	NA	NA
NC_045512.2	3420	T	A	3	2	26	1	1	22	0.25	4	0.571429	FALSE	NA	NA	NA	NA	NA	NA
NC_045512.2	3420	T	-A	3	2	26	1	0	20	0.25	4	0.571429	FALSE	NA	NA	NA	NA	NA	NA
NC_045512.2	3421	A	T	0	0	0	1	1	27	0.333333	3	0.25	FALSE	NA	NA	NA	NA	NA	NA
NC_045512.2	3421	A	C	0	0	0	2	2	24	0.666667	3	0.1	FALSE	NA	NA	NA	NA	NA	NA
NC_045512.2	3422	A	G	3	2	24	1	1	26	0.25	4	0.571429	FALSE	NA	NA	NA	NA	NA	NA
NC_045512.2	3423	A	T	2	1	27	2	2	21	0.5	4	0.285714	FALSE	NA	NA	NA	NA	NA	NA
NC_045512.2	3424	A	T	0	0	0	3	3	25	1	3	0.1	FALSE	NA	NA	NA	NA	NA	NA
NC_045512.2	3425	C	T	1	1	27	1	1	29	0.333333	3	0.5	FALSE	NA	NA	NA	NA	NA	NA
NC_045512.2	3425	C	G	1	1	27	1	1	25	0.333333	3	0.5	FALSE	NA	NA	NA	NA	NA	NA
NC_045512.2	3426	C	A	0	0	0	2	2	27	1	2	0.333333	FALSE	NA	NA	NA	NA	NA	NA
NC_045512.2	3427	A	G	0	0	0	2	2	27	1	2	0.333333	FALSE	NA	NA	NA	NA	NA	NA
NC_045512.2	3429	C	G	1	1	22	1	1	26	0.5	2	0.666667	FALSE	NA	NA	NA	NA	NA	NA
NC_045512.2	3430	A	T	1	1	26	1	1	23	0.5	2	0.666667	FALSE	NA	NA	NA	NA	NA	NA
NC_045512.2	3431	G	T	0	0	0	1	1	28	0.5	2	0.5	FALSE	NA	NA	NA	NA	NA	NA
NC_045512.2	3431	G	A	0	0	0	1	1	23	0.5	2	0.5	FALSE	NA	NA	NA	NA	NA	NA
NC_045512.2	3432	T	G	1	1	20	1	1	24	0.5	2	0.666667	FALSE	NA	NA	NA	NA	NA	NA
NC_045512.2	3433	G	T	1	1	28	1	1	25	0.5	2	0.666667	FALSE	NA	NA	NA	NA	NA	NA
NC_045512.2	3434	G	A	1	1	25	1	1	24	0.5	2	0.666667	FALSE	NA	NA	NA	NA	NA	NA
NC_045512.2	3435	T	A	0	0	0	2	2	25	1	2	0.333333	FALSE	NA	NA	NA	NA	NA	NA
NC_045512.2	3436	T	C	0	0	0	1	1	30	0.5	2	0.5	FALSE	NA	NA	NA	NA	NA	NA
NC_045512.2	3436	T	A	0	0	0	1	1	28	0.5	2	0.5	FALSE	NA	NA	NA	NA	NA	NA
NC_045512.2	3437	G	T	1	1	27	1	1	30	0.5	2	0.666667	FALSE	NA	NA	NA	NA	NA	NA
NC_045512.2	3439	T	G	0	0	0	1	1	28	0.5	2	0.5	FALSE	NA	NA	NA	NA	NA	NA
NC_045512.2	3439	T	A	0	0	0	1	1	28	0.5	2	0.5	FALSE	NA	NA	NA	NA	NA	NA
NC_045512.2	3440	A	C	1	1	23	1	1	27	0.5	2	0.666667	FALSE	NA	NA	NA	NA	NA	NA
NC_045512.2	3442	T	C	1	1	25	1	1	24	0.5	2	0.666667	FALSE	NA	NA	NA	NA	NA	NA
NC_045512.2	3443	G	C	0	0	0	1	1	29	0.5	2	0.5	FALSE	NA	NA	NA	NA	NA	NA
NC_045512.2	3443	G	A	0	0	0	1	1	25	0.5	2	0.5	FALSE	NA	NA	NA	NA	NA	NA
NC_045512.2	3444	C	G	0	0	0	1	1	22	0.5	2	0.5	FALSE	NA	NA	NA	NA	NA	NA
NC_045512.2	3444	C	A	0	0	0	1	1	29	0.5	2	0.5	FALSE	NA	NA	NA	NA	NA	NA
NC_045512.2	3445	A	G	0	0	0	1	1	28	1	1	1	FALSE	NA	NA	NA	NA	NA	NA
NC_045512.2	3446	G	T	0	0	0	2	2	23	1	2	0.333333	FALSE	NA	NA	NA	NA	NA	NA
NC_045512.2	3447	C	T	0	0	0	2	2	25	1	2	0.333333	FALSE	NA	NA	NA	NA	NA	NA
NC_045512.2	3448	C	T	0	0	0	1	1	22	0.5	2	0.5	FALSE	NA	NA	NA	NA	NA	NA
NC_045512.2	3448	C	G	0	0	0	1	1	28	0.5	2	0.5	FALSE	NA	NA	NA	NA	NA	NA
NC_045512.2	3449	A	T	1	1	22	1	1	24	0.5	2	0.666667	FALSE	NA	NA	NA	NA	NA	NA
NC_045512.2	3450	A	T	0	0	0	1	1	28	0.5	2	0.5	FALSE	NA	NA	NA	NA	NA	NA
NC_045512.2	3450	A	G	0	0	0	1	1	27	0.5	2	0.5	FALSE	NA	NA	NA	NA	NA	NA
NC_045512.2	3451	T	C	1	1	26	1	1	28	0.5	2	0.666667	FALSE	NA	NA	NA	NA	NA	NA
NC_045512.2	3452	G	A	1	1	22	1	1	28	0.5	2	0.666667	FALSE	NA	NA	NA	NA	NA	NA
NC_045512.2	3453	T	G	0	0	0	2	2	27	1	2	0.333333	FALSE	NA	NA	NA	NA	NA	NA
NC_045512.2	3454	T	A	0	0	0	1	1	28	1	1	1	FALSE	NA	NA	NA	NA	NA	NA
NC_045512.2	3455	T	C	0	0	0	1	1	27	1	1	1	FALSE	NA	NA	NA	NA	NA	NA
NC_045512.2	3456	A	T	0	0	0	1	1	27	1	1	1	FALSE	NA	NA	NA	NA	NA	NA
NC_045512.2	3457	C	A	0	0	0	1	1	28	1	1	1	FALSE	NA	NA	NA	NA	NA	NA
NC_045512.2	3458	C	T	0	0	0	1	1	24	1	1	1	FALSE	NA	NA	NA	NA	NA	NA
NC_045512.2	3460	T	G	0	0	0	1	1	26	1	1	1	FALSE	NA	NA	NA	NA	NA	NA
NC_045512.2	3463	A	G	0	0	0	1	1	29	1	1	1	FALSE	NA	NA	NA	NA	NA	NA
NC_045512.2	3464	C	T	0	0	0	1	1	28	1	1	1	FALSE	NA	NA	NA	NA	NA	NA
NC_045512.2	3465	A	G	0	0	0	1	1	28	1	1	1	FALSE	NA	NA	NA	NA	NA	NA
NC_045512.2	3466	T	A	0	0	0	1	1	22	1	1	1	FALSE	NA	NA	NA	NA	NA	NA
NC_045512.2	3467	G	A	0	0	0	1	1	27	1	1	1	FALSE	NA	NA	NA	NA	NA	NA
NC_045512.2	3508	T	C	12	1	27	1	0	24	0.0769231	13	0.52	FALSE	NA	NA	NA	NA	NA	NA
NC_045512.2	3518	G	-T	13	1	27	1	0	20	0.0769231	13	0.538462	FALSE	NA	NA	NA	NA	NA	NA
NC_045512.2	3529	T	A	12	1	27	1	0	24	0.0769231	13	0.52	FALSE	NA	NA	NA	NA	NA	NA
NC_045512.2	3567	G	A	12	1	23	1	1	23	0.0769231	13	0.52	FALSE	NA	NA	NA	NA	NA	NA
NC_045512.2	3568	T	A	12	1	27	1	1	32	0.0769231	13	0.52	FALSE	NA	NA	NA	NA	NA	NA
NC_045512.2	3569	A	G	12	1	26	1	1	26	0.0769231	13	0.52	FALSE	NA	NA	NA	NA	NA	NA
NC_045512.2	3571	T	C	12	1	26	1	1	27	0.0769231	13	0.52	FALSE	NA	NA	NA	NA	NA	NA
NC_045512.2	3573	G	A	12	1	25	1	1	27	0.0769231	13	0.52	FALSE	NA	NA	NA	NA	NA	NA
NC_045512.2	3574	T	C	11	1	25	1	1	28	0.0833333	12	0.521739	FALSE	NA	NA	NA	NA	NA	NA
NC_045512.2	3575	G	T	11	1	24	1	1	27	0.0833333	12	0.521739	FALSE	NA	NA	NA	NA	NA	NA
NC_045512.2	3576	T	A	6	1	25	1	1	23	0.142857	7	0.538462	FALSE	NA	NA	NA	NA	NA	NA
NC_045512.2	3577	T	A	6	1	28	1	1	28	0.142857	7	0.538462	FALSE	NA	NA	NA	NA	NA	NA
NC_045512.2	3578	T	C	6	1	28	1	1	28	0.142857	7	0.538462	FALSE	NA	NA	NA	NA	NA	NA
NC_045512.2	3579	T	A	3	1	23	1	1	24	0.25	4	0.571429	FALSE	NA	NA	NA	NA	NA	NA
NC_045512.2	3581	A	T	6	1	23	1	1	28	0.142857	7	0.538462	FALSE	NA	NA	NA	NA	NA	NA
NC_045512.2	3584	G	C	6	1	26	1	1	25	0.142857	7	0.538462	FALSE	NA	NA	NA	NA	NA	NA
NC_045512.2	3585	G	A	6	1	24	1	1	25	0.142857	7	0.538462	FALSE	NA	NA	NA	NA	NA	NA
NC_045512.2	3586	A	T	6	1	27	1	1	28	0.142857	7	0.538462	FALSE	NA	NA	NA	NA	NA	NA
NC_045512.2	3587	C	G	6	1	27	1	1	27	0.142857	7	0.538462	FALSE	NA	NA	NA	NA	NA	NA
NC_045512.2	3588	A	C	6	1	27	1	1	27	0.142857	7	0.538462	FALSE	NA	NA	NA	NA	NA	NA
NC_045512.2	3589	C	A	6	1	27	1	1	23	0.142857	7	0.538462	FALSE	NA	NA	NA	NA	NA	NA
NC_045512.2	3591	A	G	6	1	23	1	1	27	0.142857	7	0.538462	FALSE	NA	NA	NA	NA	NA	NA
NC_045512.2	3593	C	T	35	1	28	1	1	27	0.0277778	36	0.507042	FALSE	NA	NA	NA	NA	NA	NA
NC_045512.2	3594	T	G	35	1	28	1	1	28	0.0277778	36	0.507042	FALSE	NA	NA	NA	NA	NA	NA
NC_045512.2	3595	T	A	32	1	22	1	1	23	0.030303	33	0.507692	FALSE	NA	NA	NA	NA	NA	NA
NC_045512.2	3596	G	A	35	1	26	1	1	28	0.0277778	36	0.507042	FALSE	NA	NA	NA	NA	NA	NA
NC_045512.2	3597	C	T	35	1	26	1	1	28	0.0277778	36	0.507042	FALSE	NA	NA	NA	NA	NA	NA
NC_045512.2	3598	T	C	35	1	26	1	1	28	0.0277778	36	0.507042	FALSE	NA	NA	NA	NA	NA	NA
NC_045512.2	3599	A	T	51	1	27	1	1	27	0.0192308	52	0.504854	FALSE	NA	NA	NA	NA	NA	NA
NC_045512.2	3600	A	G	51	1	27	1	1	27	0.0192308	52	0.504854	FALSE	NA	NA	NA	NA	NA	NA
NC_045512.2	3601	A	G	34	2	22	1	0	28	0.0285714	35	0.507246	FALSE	NA	NA	NA	NA	NA	NA
NC_045512.2	3602	C	T	51	1	26	1	1	30	0.0192308	52	0.504854	FALSE	NA	NA	NA	NA	NA	NA
NC_045512.2	3603	A	G	51	1	26	1	1	30	0.0192308	52	0.504854	FALSE	NA	NA	NA	NA	NA	NA
NC_045512.2	3604	C	A	51	1	26	1	1	30	0.0192308	52	0.504854	FALSE	NA	NA	NA	NA	NA	NA
NC_045512.2	3606	G	T	50	1	27	1	1	27	0.0196078	51	0.50495	FALSE	NA	NA	NA	NA	NA	NA
NC_045512.2	3607	T	A	50	1	27	1	1	27	0.0196078	51	0.50495	FALSE	NA	NA	NA	NA	NA	NA
NC_045512.2	3609	T	A	51	1	27	1	1	28	0.0192308	52	0.504854	FALSE	NA	NA	NA	NA	NA	NA
NC_045512.2	3611	C	A	51	1	27	1	1	31	0.0192308	52	0.504854	FALSE	NA	NA	NA	NA	NA	NA
NC_045512.2	3612	A	G	51	1	27	1	1	29	0.0192308	52	0.504854	FALSE	NA	NA	NA	NA	NA	NA
NC_045512.2	3613	T	C	51	1	27	1	1	28	0.0192308	52	0.504854	FALSE	NA	NA	NA	NA	NA	NA
NC_045512.2	3614	G	T	51	1	27	1	1	28	0.0192308	52	0.504854	FALSE	NA	NA	NA	NA	NA	NA
NC_045512.2	3615	T	A	52	1	27	1	1	27	0.0188679	53	0.504762	FALSE	NA	NA	NA	NA	NA	NA
NC_045512.2	3616	T	C	47	1	23	1	1	27	0.0208333	48	0.505263	FALSE	NA	NA	NA	NA	NA	NA
NC_045512.2	3617	G	T	52	1	27	1	1	29	0.0188679	53	0.504762	FALSE	NA	NA	NA	NA	NA	NA
NC_045512.2	3618	T	A	52	1	27	1	1	24	0.0188679	53	0.504762	FALSE	NA	NA	NA	NA	NA	NA
NC_045512.2	3619	C	A	52	1	27	1	1	29	0.0188679	53	0.504762	FALSE	NA	NA	NA	NA	NA	NA
NC_045512.2	3620	G	T	52	1	27	1	1	29	0.0188679	53	0.504762	FALSE	NA	NA	NA	NA	NA	NA
NC_045512.2	3622	C	G	53	2	27	1	1	29	0.0185185	54	0.504673	FALSE	NA	NA	NA	NA	NA	NA
NC_045512.2	3623	C	A	52	1	28	2	2	26	0.037037	54	0.252336	FALSE	NA	NA	NA	NA	NA	NA
NC_045512.2	3624	C	G	43	2	22	1	1	20	0.0227273	44	0.505747	FALSE	NA	NA	NA	NA	NA	NA
NC_045512.2	3625	A	G	52	1	27	1	1	25	0.0185185	54	0.5	FALSE	NA	NA	NA	NA	NA	NA
NC_045512.2	3625	A	C	52	1	27	1	1	27	0.0185185	54	0.5	FALSE	NA	NA	NA	NA	NA	NA
NC_045512.2	3627	A	G	44	1	22	1	1	22	0.0217391	46	0.5	FALSE	NA	NA	NA	NA	NA	NA
NC_045512.2	3627	A	C	44	1	22	1	1	27	0.0217391	46	0.5	FALSE	NA	NA	NA	NA	NA	NA
NC_045512.2	3629	G	T	52	1	26	1	1	25	0.0185185	54	0.5	FALSE	NA	NA	NA	NA	NA	NA
NC_045512.2	3629	G	C	52	1	26	1	1	27	0.0185185	54	0.5	FALSE	NA	NA	NA	NA	NA	NA
NC_045512.2	3631	T	A	49	2	23	1	1	25	0.02	50	0.505051	FALSE	NA	NA	NA	NA	NA	NA
NC_045512.2	3633	A	G	50	2	23	1	1	25	0.0196078	51	0.50495	FALSE	NA	NA	NA	NA	NA	NA
NC_045512.2	3634	C	T	52	1	27	1	1	27	0.0185185	54	0.5	FALSE	NA	NA	NA	NA	NA	NA
NC_045512.2	3634	C	A	52	1	27	1	1	26	0.0185185	54	0.5	FALSE	NA	NA	NA	NA	NA	NA
NC_045512.2	3634	C	-A	52	1	27	1	0	20	0.0185185	54	0.5	FALSE	NA	NA	NA	NA	NA	NA
NC_045512.2	3635	A	T	52	1	27	1	1	26	0.0188679	53	0.5	FALSE	NA	NA	NA	NA	NA	NA
NC_045512.2	3636	A	G	53	2	28	1	1	22	0.0185185	54	0.504673	FALSE	NA	NA	NA	NA	NA	NA
NC_045512.2	3637	A	G	42	2	22	1	1	22	0.0232558	43	0.505882	FALSE	NA	NA	NA	NA	NA	NA
NC_045512.2	3638	G	T	51	1	27	2	1	24	0.0377358	53	0.252381	FALSE	NA	NA	NA	NA	NA	NA
NC_045512.2	3640	T	G	52	1	27	1	1	27	0.0185185	54	0.5	FALSE	NA	NA	NA	NA	NA	NA
NC_045512.2	3640	T	C	52	1	27	1	1	26	0.0185185	54	0.5	FALSE	NA	NA	NA	NA	NA	NA
NC_045512.2	3641	G	T	52	1	27	2	2	27	0.037037	54	0.252336	FALSE	NA	NA	NA	NA	NA	NA
NC_045512.2	3643	A	G	50	1	23	1	1	27	0.0192308	52	0.5	FALSE	NA	NA	NA	NA	NA	NA
NC_045512.2	3643	A	C	50	1	23	1	1	27	0.0192308	52	0.5	FALSE	NA	NA	NA	NA	NA	NA
NC_045512.2	3644	G	T	52	1	27	2	2	24	0.037037	54	0.252336	FALSE	NA	NA	NA	NA	NA	NA
NC_045512.2	3645	A	T	52	2	26	1	1	27	0.0185185	54	0.5	FALSE	NA	NA	NA	NA	NA	NA
NC_045512.2	3645	A	C	52	2	26	1	0	31	0.0185185	54	0.5	FALSE	NA	NA	NA	NA	NA	NA
NC_045512.2	3646	C	G	52	1	27	1	1	27	0.0185185	54	0.5	FALSE	NA	NA	NA	NA	NA	NA
NC_045512.2	3646	C	A	52	1	27	1	1	26	0.0185185	54	0.5	FALSE	NA	NA	NA	NA	NA	NA
NC_045512.2	3647	A	T	52	1	26	1	1	28	0.0185185	54	0.5	FALSE	NA	NA	NA	NA	NA	NA
NC_045512.2	3647	A	C	52	1	26	1	1	24	0.0185185	54	0.5	FALSE	NA	NA	NA	NA	NA	NA
NC_045512.2	3648	T	G	52	1	26	1	1	27	0.0185185	54	0.5	FALSE	NA	NA	NA	NA	NA	NA
NC_045512.2	3648	T	A	52	1	26	1	1	21	0.0185185	54	0.5	FALSE	NA	NA	NA	NA	NA	NA
NC_045512.2	3649	T	A	45	2	23	1	1	27	0.0217391	46	0.505495	FALSE	NA	NA	NA	NA	NA	NA
NC_045512.2	3650	C	T	52	1	27	2	2	27	0.037037	54	0.252336	FALSE	NA	NA	NA	NA	NA	NA
NC_045512.2	3651	A	T	52	1	28	1	1	28	0.0185185	54	0.5	FALSE	NA	NA	NA	NA	NA	NA
NC_045512.2	3651	A	G	52	1	28	1	1	26	0.0185185	54	0.5	FALSE	NA	NA	NA	NA	NA	NA
NC_045512.2	3652	A	T	49	1	23	1	1	28	0.0196078	51	0.5	FALSE	NA	NA	NA	NA	NA	NA
NC_045512.2	3652	A	C	49	1	23	1	1	20	0.0196078	51	0.5	FALSE	NA	NA	NA	NA	NA	NA
NC_045512.2	3653	C	A	53	2	26	1	1	24	0.0185185	54	0.504673	FALSE	NA	NA	NA	NA	NA	NA
NC_045512.2	3654	T	A	52	1	26	2	2	27	0.037037	54	0.252336	FALSE	NA	NA	NA	NA	NA	NA
NC_045512.2	3655	T	G	49	2	24	1	1	29	0.02	50	0.505051	FALSE	NA	NA	NA	NA	NA	NA
NC_045512.2	3656	C	G	53	2	27	1	1	23	0.0185185	54	0.504673	FALSE	NA	NA	NA	NA	NA	NA
NC_045512.2	3657	T	G	52	1	27	1	1	24	0.0185185	54	0.5	FALSE	NA	NA	NA	NA	NA	NA
NC_045512.2	3657	T	C	52	1	27	1	1	20	0.0185185	54	0.5	FALSE	NA	NA	NA	NA	NA	NA
NC_045512.2	3658	T	G	52	1	23	1	1	29	0.0188679	53	0.504762	FALSE	NA	NA	NA	NA	NA	NA
NC_045512.2	3660	A	G	52	1	23	1	1	26	0.0185185	54	0.5	FALSE	NA	NA	NA	NA	NA	NA
NC_045512.2	3660	A	C	52	1	23	1	1	31	0.0185185	54	0.5	FALSE	NA	NA	NA	NA	NA	NA
NC_045512.2	3661	G	T	52	1	27	1	1	21	0.0185185	54	0.5	FALSE	NA	NA	NA	NA	NA	NA
NC_045512.2	3661	G	A	52	1	27	1	1	25	0.0185185	54	0.5	FALSE	NA	NA	NA	NA	NA	NA
NC_045512.2	3662	A	T	52	1	27	1	1	26	0.0185185	54	0.5	FALSE	NA	NA	NA	NA	NA	NA
NC_045512.2	3662	A	C	52	1	27	1	1	25	0.0185185	54	0.5	FALSE	NA	NA	NA	NA	NA	NA
NC_045512.2	3663	G	A	53	2	26	1	1	20	0.0185185	54	0.504673	FALSE	NA	NA	NA	NA	NA	NA
NC_045512.2	3664	T	A	52	1	26	1	1	29	0.0188679	53	0.504762	FALSE	NA	NA	NA	NA	NA	NA
NC_045512.2	3665	G	T	52	1	26	1	1	28	0.0185185	54	0.5	FALSE	NA	NA	NA	NA	NA	NA
NC_045512.2	3665	G	A	52	1	26	1	1	24	0.0185185	54	0.5	FALSE	NA	NA	NA	NA	NA	NA
NC_045512.2	3666	C	T	53	2	27	1	1	23	0.0185185	54	0.504673	FALSE	NA	NA	NA	NA	NA	NA
NC_045512.2	3667	T	C	52	1	27	1	1	26	0.0188679	53	0.504762	FALSE	NA	NA	NA	NA	NA	NA
NC_045512.2	3669	A	G	52	1	27	2	2	23	0.037037	54	0.252336	FALSE	NA	NA	NA	NA	NA	NA
NC_045512.2	3670	T	C	50	1	27	2	1	27	0.0377358	53	0.247573	FALSE	NA	NA	NA	NA	NA	NA
NC_045512.2	3670	T	A	50	1	27	1	1	25	0.0188679	53	0.495146	FALSE	NA	NA	NA	NA	NA	NA
NC_045512.2	3671	G	T	51	1	26	2	2	27	0.0377358	53	0.252381	FALSE	NA	NA	NA	NA	NA	NA
NC_045512.2	3672	A	G	48	2	26	1	1	27	0.0204082	49	0.505155	FALSE	NA	NA	NA	NA	NA	NA
NC_045512.2	3675	A	T	19	1	21	1	1	26	0.047619	21	0.5	FALSE	NA	NA	NA	NA	NA	NA
NC_045512.2	3675	A	C	19	1	21	1	1	27	0.047619	21	0.5	FALSE	NA	NA	NA	NA	NA	NA
NC_045512.2	3676	T	A	46	1	26	2	2	26	0.0416667	48	0.252632	FALSE	NA	NA	NA	NA	NA	NA
NC_045512.2	3677	T	C	46	1	28	2	2	27	0.0416667	48	0.252632	FALSE	NA	NA	NA	NA	NA	NA
NC_045512.2	3678	T	A	46	2	28	1	1	28	0.0212766	47	0.505376	FALSE	NA	NA	NA	NA	NA	NA
NC_045512.2	3679	T	G	27	2	21	1	1	28	0.0357143	28	0.509091	FALSE	NA	NA	NA	NA	NA	NA
NC_045512.2	3680	A	T	46	2	27	1	1	28	0.0212766	47	0.505376	FALSE	NA	NA	NA	NA	NA	NA
NC_045512.2	3681	A	G	40	1	23	1	1	27	0.0238095	42	0.5	FALSE	NA	NA	NA	NA	NA	NA
NC_045512.2	3681	A	C	40	1	23	1	1	28	0.0238095	42	0.5	FALSE	NA	NA	NA	NA	NA	NA
NC_045512.2	3682	T	G	44	2	27	1	0	29	0.0217391	46	0.5	FALSE	NA	NA	NA	NA	NA	NA
NC_045512.2	3682	T	C	44	2	27	1	1	28	0.0217391	46	0.5	FALSE	NA	NA	NA	NA	NA	NA
NC_045512.2	3683	C	T	44	1	26	2	2	27	0.0434783	46	0.252747	FALSE	NA	NA	NA	NA	NA	NA
NC_045512.2	3684	A	C	43	2	26	1	1	27	0.0227273	44	0.505747	FALSE	NA	NA	NA	NA	NA	NA
NC_045512.2	3685	G	C	42	1	26	1	1	27	0.0227273	44	0.5	FALSE	NA	NA	NA	NA	NA	NA
NC_045512.2	3685	G	A	42	1	26	1	1	22	0.0227273	44	0.5	FALSE	NA	NA	NA	NA	NA	NA
NC_045512.2	3686	C	T	42	1	26	2	2	23	0.0454545	44	0.252874	FALSE	NA	NA	NA	NA	NA	NA
NC_045512.2	3687	A	G	43	2	26	1	1	21	0.0227273	44	0.505747	FALSE	NA	NA	NA	NA	NA	NA
NC_045512.2	3688	C	A	39	1	26	1	1	23	0.025	40	0.506329	FALSE	NA	NA	NA	NA	NA	NA
NC_045512.2	3689	G	T	39	1	26	2	2	23	0.0487805	41	0.253086	FALSE	NA	NA	NA	NA	NA	NA
NC_045512.2	3690	A	G	38	0	27	2	2	23	0.0487805	41	0.246835	FALSE	NA	NA	NA	NA	NA	NA
NC_045512.2	3690	A	C	38	0	27	1	1	23	0.0243902	41	0.493671	FALSE	NA	NA	NA	NA	NA	NA
NC_045512.2	3691	A	T	35	1	22	1	1	28	0.0263158	38	0.493151	FALSE	NA	NA	NA	NA	NA	NA
NC_045512.2	3691	A	G	35	1	22	2	1	27	0.0526316	38	0.246575	FALSE	NA	NA	NA	NA	NA	NA
NC_045512.2	3692	G	C	39	1	26	1	1	28	0.0243902	41	0.5	FALSE	NA	NA	NA	NA	NA	NA
NC_045512.2	3692	G	A	39	1	26	1	1	30	0.0243902	41	0.5	FALSE	NA	NA	NA	NA	NA	NA
NC_045512.2	3693	T	G	39	1	27	1	1	24	0.0243902	41	0.5	FALSE	NA	NA	NA	NA	NA	NA
NC_045512.2	3693	T	C	39	1	27	1	1	23	0.0243902	41	0.5	FALSE	NA	NA	NA	NA	NA	NA
NC_045512.2	3694	T	G	36	1	23	1	1	28	0.0263158	38	0.5	FALSE	NA	NA	NA	NA	NA	NA
NC_045512.2	3694	T	C	36	1	23	1	1	27	0.0263158	38	0.5	FALSE	NA	NA	NA	NA	NA	NA
NC_045512.2	3695	C	A	40	2	27	1	1	27	0.0243902	41	0.506173	FALSE	NA	NA	NA	NA	NA	NA
NC_045512.2	3696	T	C	39	1	27	2	2	27	0.0487805	41	0.253086	FALSE	NA	NA	NA	NA	NA	NA
NC_045512.2	3697	A	G	38	1	27	1	0	28	0.025	40	0.5	FALSE	NA	NA	NA	NA	NA	NA
NC_045512.2	3697	A	C	38	1	27	1	1	28	0.025	40	0.5	FALSE	NA	NA	NA	NA	NA	NA
NC_045512.2	3698	C	T	38	1	27	1	1	26	0.025	40	0.5	FALSE	NA	NA	NA	NA	NA	NA
NC_045512.2	3698	C	A	38	1	27	1	1	23	0.025	40	0.5	FALSE	NA	NA	NA	NA	NA	NA
NC_045512.2	3699	T	A	38	1	28	1	1	28	0.025641	39	0.506494	FALSE	NA	NA	NA	NA	NA	NA
NC_045512.2	3700	T	A	35	1	23	2	2	26	0.0540541	37	0.253425	FALSE	NA	NA	NA	NA	NA	NA
NC_045512.2	3701	G	T	38	1	27	1	1	29	0.025	40	0.5	FALSE	NA	NA	NA	NA	NA	NA
NC_045512.2	3701	G	A	38	1	27	1	1	24	0.025	40	0.5	FALSE	NA	NA	NA	NA	NA	NA
NC_045512.2	3702	C	G	38	1	27	1	1	28	0.025641	39	0.506494	FALSE	NA	NA	NA	NA	NA	NA
NC_045512.2	3703	A	T	37	1	27	1	1	21	0.025641	39	0.5	FALSE	NA	NA	NA	NA	NA	NA
NC_045512.2	3703	A	G	37	1	27	1	0	28	0.025641	39	0.5	FALSE	NA	NA	NA	NA	NA	NA
NC_045512.2	3704	C	T	37	2	27	2	1	27	0.0512821	39	0.253247	FALSE	NA	NA	NA	NA	NA	NA
NC_045512.2	3705	C	T	35	1	23	1	1	24	0.027027	37	0.5	FALSE	NA	NA	NA	NA	NA	NA
NC_045512.2	3705	C	A	35	1	23	1	1	21	0.027027	37	0.5	FALSE	NA	NA	NA	NA	NA	NA
NC_045512.2	3706	A	T	36	1	27	1	1	27	0.0263158	38	0.5	FALSE	NA	NA	NA	NA	NA	NA
NC_045512.2	3706	A	C	36	1	27	1	1	28	0.0263158	38	0.5	FALSE	NA	NA	NA	NA	NA	NA
NC_045512.2	3707	T	G	36	1	27	1	1	26	0.025	40	0.486842	FALSE	NA	NA	NA	NA	NA	NA
NC_045512.2	3707	T	C	36	1	27	3	3	27	0.075	40	0.12013	FALSE	NA	NA	NA	NA	NA	NA
NC_045512.2	3708	T	C	36	4	23	1	1	26	0.027027	37	0.506849	FALSE	NA	NA	NA	NA	NA	NA
NC_045512.2	3709	A	T	35	0	27	4	4	26	0.097561	41	0.0547427	FALSE	NA	NA	NA	NA	NA	NA
NC_045512.2	3709	A	G	35	0	27	1	1	27	0.0243902	41	0.473684	FALSE	NA	NA	NA	NA	NA	NA
NC_045512.2	3709	A	C	35	0	27	1	1	31	0.0243902	41	0.473684	FALSE	NA	NA	NA	NA	NA	NA
NC_045512.2	3710	T	G	36	1	27	3	3	27	0.075	40	0.12013	FALSE	NA	NA	NA	NA	NA	NA
NC_045512.2	3710	T	C	36	1	27	1	1	29	0.025	40	0.486842	FALSE	NA	NA	NA	NA	NA	NA
NC_045512.2	3711	T	C	32	2	23	3	3	27	0.0769231	39	0.105232	FALSE	NA	NA	NA	NA	NA	NA
NC_045512.2	3711	T	A	32	2	23	4	4	23	0.102564	39	0.0511939	FALSE	NA	NA	NA	NA	NA	NA
NC_045512.2	3712	A	T	42	7	26	3	3	27	0.0652174	46	0.120787	FALSE	NA	NA	NA	NA	NA	NA
NC_045512.2	3712	A	G	42	7	26	1	1	26	0.0217391	46	0.488636	FALSE	NA	NA	NA	NA	NA	NA
NC_045512.2	3713	T	C	35	0	26	2	2	23	0.0425532	47	0.19571	FALSE	NA	NA	NA	NA	NA	NA
NC_045512.2	3713	T	A	35	0	26	10	10	26	0.212766	47	0.000496381	TRUE	NA	NA	NA	NA	NA	NA
NC_045512.2	3714	C	T	38	3	27	1	1	24	0.02	50	0.443182	FALSE	NA	NA	NA	NA	NA	NA
NC_045512.2	3714	C	A	38	3	27	11	11	28	0.22	50	0.000260038	TRUE	NA	NA	NA	NA	NA	NA
NC_045512.2	3715	A	C	45	10	27	4	4	29	0.0816327	49	0.0611503	FALSE	NA	NA	NA	NA	NA	NA
NC_045512.2	3716	G	T	35	0	26	1	1	28	0.02	50	0.423529	FALSE	NA	NA	NA	NA	NA	NA
NC_045512.2	3716	G	C	35	0	26	10	10	27	0.2	50	0.000352848	TRUE	NA	NA	NA	NA	NA	NA
NC_045512.2	3716	G	A	35	0	26	4	4	26	0.08	50	0.0352722	FALSE	NA	NA	NA	NA	NA	NA
NC_045512.2	3717	C	T	38	4	26	3	3	30	0.06	50	0.0907388	FALSE	NA	NA	NA	NA	NA	NA
NC_045512.2	3717	C	G	38	4	26	2	2	28	0.04	50	0.199183	FALSE	NA	NA	NA	NA	NA	NA
NC_045512.2	3717	C	A	38	4	26	7	7	26	0.14	50	0.00443339	TRUE	NA	NA	NA	NA	NA	NA
NC_045512.2	3718	T	G	39	5	26	3	3	27	0.06	50	0.0944973	FALSE	NA	NA	NA	NA	NA	NA
NC_045512.2	3718	T	C	39	5	26	8	8	27	0.16	50	0.00237146	TRUE	NA	NA	NA	NA	NA	NA
NC_045512.2	3719	G	T	37	3	26	11	11	27	0.22	50	0.000227159	TRUE	NA	NA	NA	NA	NA	NA
NC_045512.2	3719	G	C	37	3	26	1	1	27	0.02	50	0.436782	FALSE	NA	NA	NA	NA	NA	NA
NC_045512.2	3719	G	A	37	3	26	1	1	26	0.02	50	0.436782	FALSE	NA	NA	NA	NA	NA	NA
NC_045512.2	3720	G	T	35	8	22	4	4	26	0.0930233	43	0.0494374	FALSE	NA	NA	NA	NA	NA	NA
NC_045512.2	3720	G	C	35	8	22	4	4	27	0.0930233	43	0.0494374	FALSE	NA	NA	NA	NA	NA	NA
NC_045512.2	3721	T	C	46	12	26	4	4	26	0.08	50	0.0611788	FALSE	NA	NA	NA	NA	NA	NA
NC_045512.2	3722	A	T	36	2	25	8	8	27	0.150943	53	0.00133659	TRUE	NA	NA	NA	NA	NA	NA
NC_045512.2	3722	A	G	36	2	25	1	1	27	0.0188679	53	0.41573	FALSE	NA	NA	NA	NA	NA	NA
NC_045512.2	3722	A	C	36	2	25	8	8	27	0.150943	53	0.00133659	TRUE	NA	NA	NA	NA	NA	NA
NC_045512.2	3722	A	-T	36	2	25	1	0	20	0.0188679	53	0.41573	FALSE	NA	NA	NA	NA	NA	NA
NC_045512.2	3723	T	C	43	11	25	5	4	25	0.1	50	0.025214	FALSE	NA	NA	NA	NA	NA	NA
NC_045512.2	3723	T	A	43	11	25	2	2	26	0.04	50	0.221725	FALSE	NA	NA	NA	NA	NA	NA
NC_045512.2	3724	T	C	37	11	27	4	4	27	0.0888889	45	0.0500152	FALSE	NA	NA	NA	NA	NA	NA
NC_045512.2	3724	T	A	37	11	27	4	4	26	0.0888889	45	0.0500152	FALSE	NA	NA	NA	NA	NA	NA
NC_045512.2	3725	T	G	33	8	27	1	1	27	0.0222222	45	0.435897	FALSE	NA	NA	NA	NA	NA	NA
NC_045512.2	3725	T	C	33	8	27	7	7	27	0.155556	45	0.00411615	TRUE	NA	NA	NA	NA	NA	NA
NC_045512.2	3725	T	A	33	8	27	4	4	27	0.0888889	45	0.0396967	FALSE	NA	NA	NA	NA	NA	NA
NC_045512.2	3726	T	G	28	8	27	3	3	26	0.075	40	0.0821155	FALSE	NA	NA	NA	NA	NA	NA
NC_045512.2	3726	T	C	28	8	27	2	2	25	0.05	40	0.185422	FALSE	NA	NA	NA	NA	NA	NA
NC_045512.2	3726	T	A	28	8	27	7	7	27	0.175	40	0.00373672	TRUE	NA	NA	NA	NA	NA	NA
NC_045512.2	3727	T	G	14	14	26	3	3	28	0.15	20	0.0952381	FALSE	NA	NA	NA	NA	NA	NA
NC_045512.2	3727	T	C	14	14	26	1	1	23	0.05	20	0.441176	FALSE	NA	NA	NA	NA	NA	NA
NC_045512.2	3727	T	A	14	14	26	2	2	25	0.1	20	0.201681	FALSE	NA	NA	NA	NA	NA	NA
NC_045512.2	3728	G	T	28	11	26	7	7	25	0.189189	37	0.00505645	TRUE	NA	NA	NA	NA	NA	NA
NC_045512.2	3728	G	C	28	11	26	1	1	27	0.027027	37	0.446154	FALSE	NA	NA	NA	NA	NA	NA
NC_045512.2	3728	G	A	28	11	26	1	1	23	0.027027	37	0.446154	FALSE	NA	NA	NA	NA	NA	NA
NC_045512.2	3729	G	T	23	7	23	13	13	24	0.361111	36	3.97694e-05	TRUE	NA	NA	NA	NA	NA	NA
NC_045512.2	3730	T	G	31	14	26	5	5	29	0.135135	37	0.0269443	FALSE	NA	NA	NA	NA	NA	NA
NC_045512.2	3730	T	C	31	14	26	1	1	23	0.027027	37	0.470588	FALSE	NA	NA	NA	NA	NA	NA
NC_045512.2	3731	G	T	27	10	26	6	6	27	0.166667	36	0.0101191	FALSE	NA	NA	NA	NA	NA	NA
NC_045512.2	3731	G	C	27	10	26	3	3	28	0.0833333	36	0.0929487	FALSE	NA	NA	NA	NA	NA	NA
NC_045512.2	3732	C	T	23	7	25	8	8	26	0.222222	36	0.00137349	TRUE	NA	NA	NA	NA	NA	NA
NC_045512.2	3732	C	G	23	7	25	5	5	25	0.138889	36	0.0139824	FALSE	NA	NA	NA	NA	NA	NA
NC_045512.2	3733	T	G	21	5	25	7	7	25	0.194444	36	0.00214007	TRUE	NA	NA	NA	NA	NA	NA
NC_045512.2	3733	T	C	21	5	25	8	8	26	0.222222	36	0.000969721	TRUE	NA	NA	NA	NA	NA	NA
NC_045512.2	3734	G	T	30	13	25	2	2	26	0.0540541	37	0.217735	FALSE	NA	NA	NA	NA	NA	NA
NC_045512.2	3734	G	C	30	13	25	5	5	23	0.135135	37	0.0249335	FALSE	NA	NA	NA	NA	NA	NA
NC_045512.2	3735	A	G	20	4	26	8	8	27	0.222222	36	0.000802528	TRUE	NA	NA	NA	NA	NA	NA
NC_045512.2	3735	A	C	20	4	26	8	8	26	0.222222	36	0.000802528	TRUE	NA	NA	NA	NA	NA	NA
NC_045512.2	3736	C	G	32	16	25	2	2	26	0.0555556	36	0.23913	FALSE	NA	NA	NA	NA	NA	NA
NC_045512.2	3736	C	A	32	16	25	2	2	24	0.0555556	36	0.23913	FALSE	NA	NA	NA	NA	NA	NA
NC_045512.2	3737	C	T	30	15	28	1	1	28	0.0277778	36	0.469697	FALSE	NA	NA	NA	NA	NA	NA
NC_045512.2	3737	C	A	30	15	28	5	5	24	0.138889	36	0.0268224	FALSE	NA	NA	NA	NA	NA	NA
NC_045512.2	3738	C	G	17	12	26	1	1	23	0.0416667	24	0.439024	FALSE	NA	NA	NA	NA	NA	NA
NC_045512.2	3738	C	A	17	12	26	6	6	27	0.25	24	0.0107771	FALSE	NA	NA	NA	NA	NA	NA
NC_045512.2	3739	T	C	18	5	26	2	2	31	0.0606061	33	0.143288	FALSE	NA	NA	NA	NA	NA	NA
NC_045512.2	3739	T	A	18	5	26	13	13	25	0.393939	33	1.97024e-05	TRUE	NA	NA	NA	NA	NA	NA
NC_045512.2	3740	A	T	29	16	26	4	4	28	0.114286	35	0.0533869	FALSE	NA	NA	NA	NA	NA	NA
NC_045512.2	3740	A	G	29	16	26	1	1	30	0.0285714	35	0.46875	FALSE	NA	NA	NA	NA	NA	NA
NC_045512.2	3740	A	C	29	16	26	1	1	30	0.0285714	35	0.46875	FALSE	NA	NA	NA	NA	NA	NA
NC_045512.2	3741	T	G	21	8	26	4	4	27	0.111111	36	0.0259415	FALSE	NA	NA	NA	NA	NA	NA
NC_045512.2	3741	T	A	21	8	26	11	11	26	0.305556	36	0.000100403	TRUE	NA	NA	NA	NA	NA	NA
NC_045512.2	3742	A	T	21	8	26	12	12	26	0.333333	36	4.87251e-05	TRUE	NA	NA	NA	NA	NA	NA
NC_045512.2	3742	A	G	21	8	26	3	3	28	0.0833333	36	0.0622597	FALSE	NA	NA	NA	NA	NA	NA
NC_045512.2	3743	C	T	19	6	26	7	7	26	0.2	35	0.00170323	TRUE	NA	NA	NA	NA	NA	NA
NC_045512.2	3743	C	G	19	6	26	7	7	28	0.2	35	0.00170323	TRUE	NA	NA	NA	NA	NA	NA
NC_045512.2	3743	C	A	19	6	26	2	2	27	0.0571429	35	0.141414	FALSE	NA	NA	NA	NA	NA	NA
NC_045512.2	3744	A	T	22	9	25	10	10	24	0.285714	35	0.000305773	TRUE	NA	NA	NA	NA	NA	NA
NC_045512.2	3744	A	G	22	9	25	2	2	25	0.0571429	35	0.166969	FALSE	NA	NA	NA	NA	NA	NA
NC_045512.2	3744	A	C	22	9	25	1	1	26	0.0285714	35	0.403509	FALSE	NA	NA	NA	NA	NA	NA
NC_045512.2	3745	T	G	24	11	26	2	2	25	0.0571429	35	0.183616	FALSE	NA	NA	NA	NA	NA	NA
NC_045512.2	3745	T	C	24	11	26	2	2	25	0.0571429	35	0.183616	FALSE	NA	NA	NA	NA	NA	NA
NC_045512.2	3745	T	A	24	11	26	7	7	25	0.2	35	0.00377709	TRUE	NA	NA	NA	NA	NA	NA
NC_045512.2	3746	T	C	15	6	24	5	5	26	0.166667	30	0.00813054	TRUE	NA	NA	NA	NA	NA	NA
NC_045512.2	3746	T	A	15	6	24	10	10	23	0.333333	30	0.000136593	TRUE	NA	NA	NA	NA	NA	NA
NC_045512.2	3747	C	T	21	9	26	2	2	27	0.0571429	35	0.158521	FALSE	NA	NA	NA	NA	NA	NA
NC_045512.2	3747	C	G	21	9	26	1	1	26	0.0285714	35	0.392857	FALSE	NA	NA	NA	NA	NA	NA
NC_045512.2	3747	C	A	21	9	26	11	11	26	0.314286	35	0.000120125	TRUE	NA	NA	NA	NA	NA	NA
NC_045512.2	3748	T	G	17	5	24	1	1	28	0.0294118	34	0.352941	FALSE	NA	NA	NA	NA	NA	NA
NC_045512.2	3748	T	C	17	5	24	9	9	26	0.264706	34	0.000248658	TRUE	NA	NA	NA	NA	NA	NA
NC_045512.2	3748	T	A	17	5	24	7	7	27	0.205882	34	0.00130909	TRUE	NA	NA	NA	NA	NA	NA
NC_045512.2	3749	T	G	17	7	27	1	1	21	0.030303	33	0.36	FALSE	NA	NA	NA	NA	NA	NA
NC_045512.2	3749	T	C	17	7	27	2	2	28	0.0606061	33	0.134118	FALSE	NA	NA	NA	NA	NA	NA
NC_045512.2	3749	T	A	17	7	27	13	13	25	0.393939	33	1.44145e-05	TRUE	NA	NA	NA	NA	NA	NA
NC_045512.2	3750	T	G	16	6	23	5	5	24	0.138889	36	0.00532722	TRUE	NA	NA	NA	NA	NA	NA
NC_045512.2	3750	T	C	16	6	23	2	2	27	0.0555556	36	0.11103	FALSE	NA	NA	NA	NA	NA	NA
NC_045512.2	3750	T	A	16	6	23	13	13	26	0.361111	36	5.16592e-06	TRUE	NA	NA	NA	NA	NA	NA
NC_045512.2	3750	T	-A	16	6	23	1	0	20	0.0277778	36	0.326923	FALSE	NA	NA	NA	NA	NA	NA
NC_045512.2	3751	A	T	29	14	26	3	3	25	0.075	40	0.0867816	FALSE	NA	NA	NA	NA	NA	NA
NC_045512.2	3751	A	G	29	14	26	7	7	25	0.175	40	0.00420574	TRUE	NA	NA	NA	NA	NA	NA
NC_045512.2	3751	A	C	29	14	26	1	1	27	0.025	40	0.434783	FALSE	NA	NA	NA	NA	NA	NA
NC_045512.2	3752	A	T	21	6	24	6	6	27	0.153846	39	0.0035837	TRUE	NA	NA	NA	NA	NA	NA
NC_045512.2	3752	A	G	21	6	24	10	10	24	0.25641	39	0.000130435	TRUE	NA	NA	NA	NA	NA	NA
NC_045512.2	3752	A	C	21	6	24	2	2	27	0.0512821	39	0.138251	FALSE	NA	NA	NA	NA	NA	NA
NC_045512.2	3753	G	T	31	16	27	4	4	27	0.097561	41	0.0430787	FALSE	NA	NA	NA	NA	NA	NA
NC_045512.2	3753	G	C	31	16	27	2	2	28	0.0487805	41	0.200913	FALSE	NA	NA	NA	NA	NA	NA
NC_045512.2	3753	G	A	31	16	27	4	4	23	0.097561	41	0.0430787	FALSE	NA	NA	NA	NA	NA	NA
NC_045512.2	3754	A	T	27	12	26	9	9	27	0.225	40	0.000749575	TRUE	NA	NA	NA	NA	NA	NA
NC_045512.2	3754	A	G	27	12	26	4	4	28	0.1	40	0.0343169	FALSE	NA	NA	NA	NA	NA	NA
NC_045512.2	3754	A	-G	27	12	26	1	0	20	0.025	40	0.41791	FALSE	NA	NA	NA	NA	NA	NA
NC_045512.2	3755	G	T	28	14	27	3	3	27	0.075	40	0.0786458	FALSE	NA	NA	NA	NA	NA	NA
NC_045512.2	3755	G	C	28	14	27	1	1	29	0.025	40	0.42029	FALSE	NA	NA	NA	NA	NA	NA
NC_045512.2	3755	G	A	28	14	27	8	8	26	0.2	40	0.00160482	TRUE	NA	NA	NA	NA	NA	NA
NC_045512.2	3756	T	G	22	7	25	5	5	28	0.125	40	0.00903331	TRUE	NA	NA	NA	NA	NA	NA
NC_045512.2	3756	T	C	22	7	25	1	1	27	0.025	40	0.370968	FALSE	NA	NA	NA	NA	NA	NA
NC_045512.2	3756	T	A	22	7	25	12	12	25	0.3	40	2.98252e-05	TRUE	NA	NA	NA	NA	NA	NA
NC_045512.2	3757	T	G	20	5	26	5	5	27	0.121951	41	0.00643229	TRUE	NA	NA	NA	NA	NA	NA
NC_045512.2	3757	T	C	20	5	26	3	3	28	0.0731707	41	0.0445972	FALSE	NA	NA	NA	NA	NA	NA
NC_045512.2	3757	T	A	20	5	26	13	13	27	0.317073	41	6.64381e-06	TRUE	NA	NA	NA	NA	NA	NA
NC_045512.2	3758	T	G	14	6	24	8	8	25	0.235294	34	0.00026263	TRUE	NA	NA	NA	NA	NA	NA
NC_045512.2	3758	T	C	14	6	24	5	5	27	0.147059	34	0.0044741	TRUE	NA	NA	NA	NA	NA	NA
NC_045512.2	3758	T	A	14	6	24	7	7	27	0.205882	34	0.000656576	TRUE	NA	NA	NA	NA	NA	NA
NC_045512.2	3759	G	T	21	6	25	3	3	25	0.0731707	41	0.0485791	FALSE	NA	NA	NA	NA	NA	NA
NC_045512.2	3759	G	C	21	6	25	5	5	28	0.121951	41	0.00736047	TRUE	NA	NA	NA	NA	NA	NA
NC_045512.2	3759	G	A	21	6	25	12	12	27	0.292683	41	1.92987e-05	TRUE	NA	NA	NA	NA	NA	NA
NC_045512.2	3760	T	G	26	11	25	2	2	28	0.0487805	41	0.165935	FALSE	NA	NA	NA	NA	NA	NA
NC_045512.2	3760	T	C	26	11	25	8	8	26	0.195122	41	0.00120467	TRUE	NA	NA	NA	NA	NA	NA
NC_045512.2	3760	T	A	26	11	25	5	5	27	0.121951	41	0.0130501	FALSE	NA	NA	NA	NA	NA	NA
NC_045512.2	3761	G	T	19	5	25	8	8	26	0.205128	39	0.000439847	TRUE	NA	NA	NA	NA	NA	NA
NC_045512.2	3761	G	C	19	5	25	3	3	27	0.0769231	39	0.0450029	FALSE	NA	NA	NA	NA	NA	NA
NC_045512.2	3761	G	A	19	5	25	9	8	27	0.230769	39	0.000186602	TRUE	NA	NA	NA	NA	NA	NA
NC_045512.2	3762	T	G	30	15	25	3	3	26	0.0731707	41	0.0877227	FALSE	NA	NA	NA	NA	NA	NA
NC_045512.2	3762	T	C	30	15	25	6	6	28	0.146341	41	0.00890953	TRUE	NA	NA	NA	NA	NA	NA
NC_045512.2	3762	T	A	30	15	25	2	2	27	0.0487805	41	0.194053	FALSE	NA	NA	NA	NA	NA	NA
NC_045512.2	3763	A	T	25	10	26	9	9	27	0.219512	41	0.000474568	TRUE	NA	NA	NA	NA	NA	NA
NC_045512.2	3763	A	G	25	10	26	2	2	28	0.0487805	41	0.158752	FALSE	NA	NA	NA	NA	NA	NA
NC_045512.2	3763	A	C	25	10	26	5	5	27	0.121951	41	0.0117744	FALSE	NA	NA	NA	NA	NA	NA
NC_045512.2	3764	G	T	18	4	26	6	6	25	0.15	40	0.00198094	TRUE	NA	NA	NA	NA	NA	NA
NC_045512.2	3764	G	C	18	4	26	10	10	27	0.25	40	5.29169e-05	TRUE	NA	NA	NA	NA	NA	NA
NC_045512.2	3764	G	A	18	4	26	6	6	26	0.15	40	0.00198094	TRUE	NA	NA	NA	NA	NA	NA
NC_045512.2	3765	A	T	29	14	26	3	3	27	0.0731707	41	0.0831657	FALSE	NA	NA	NA	NA	NA	NA
NC_045512.2	3765	A	G	29	14	26	2	2	26	0.0487805	41	0.187123	FALSE	NA	NA	NA	NA	NA	NA
NC_045512.2	3765	A	C	29	14	26	7	7	27	0.170732	41	0.00381837	TRUE	NA	NA	NA	NA	NA	NA
NC_045512.2	3766	T	C	23	8	25	6	6	26	0.15	40	0.00433993	TRUE	NA	NA	NA	NA	NA	NA
NC_045512.2	3766	T	A	23	8	25	11	11	26	0.275	40	8.03985e-05	TRUE	NA	NA	NA	NA	NA	NA
NC_045512.2	3767	A	T	24	9	26	7	7	26	0.179487	39	0.00243728	TRUE	NA	NA	NA	NA	NA	NA
NC_045512.2	3767	A	C	24	9	26	8	8	27	0.205128	39	0.00111419	TRUE	NA	NA	NA	NA	NA	NA
NC_045512.2	3768	C	T	22	8	26	12	12	25	0.3	40	2.98252e-05	TRUE	NA	NA	NA	NA	NA	NA
NC_045512.2	3768	C	G	22	8	26	3	3	26	0.075	40	0.0552035	FALSE	NA	NA	NA	NA	NA	NA
NC_045512.2	3768	C	A	22	8	26	3	3	24	0.075	40	0.0552035	FALSE	NA	NA	NA	NA	NA	NA
NC_045512.2	3769	T	G	33	19	26	1	1	27	0.025	40	0.465753	FALSE	NA	NA	NA	NA	NA	NA
NC_045512.2	3769	T	C	33	19	26	4	4	27	0.1	40	0.051478	FALSE	NA	NA	NA	NA	NA	NA
NC_045512.2	3769	T	A	33	19	26	2	2	25	0.05	40	0.220289	FALSE	NA	NA	NA	NA	NA	NA
NC_045512.2	3770	G	T	19	5	26	11	11	25	0.275	40	2.99523e-05	TRUE	NA	NA	NA	NA	NA	NA
NC_045512.2	3770	G	C	19	5	26	9	9	26	0.225	40	0.000161536	TRUE	NA	NA	NA	NA	NA	NA
NC_045512.2	3770	G	A	19	5	26	1	1	22	0.025	40	0.338983	FALSE	NA	NA	NA	NA	NA	NA
NC_045512.2	3771	T	G	30	16	26	2	2	27	0.0526316	38	0.211424	FALSE	NA	NA	NA	NA	NA	NA
NC_045512.2	3771	T	C	30	16	26	1	1	28	0.0263158	38	0.455882	FALSE	NA	NA	NA	NA	NA	NA
NC_045512.2	3771	T	A	30	16	26	5	5	25	0.131579	38	0.023202	FALSE	NA	NA	NA	NA	NA	NA
NC_045512.2	3772	T	G	27	16	25	3	3	27	0.0810811	37	0.0887238	FALSE	NA	NA	NA	NA	NA	NA
NC_045512.2	3772	T	C	27	16	25	1	1	27	0.027027	37	0.4375	FALSE	NA	NA	NA	NA	NA	NA
NC_045512.2	3772	T	A	27	16	25	6	6	26	0.162162	37	0.00923917	TRUE	NA	NA	NA	NA	NA	NA
NC_045512.2	3773	C	T	19	6	26	5	5	28	0.128205	39	0.00656838	TRUE	NA	NA	NA	NA	NA	NA
NC_045512.2	3773	C	G	19	6	26	3	3	27	0.0769231	39	0.0450029	FALSE	NA	NA	NA	NA	NA	NA
NC_045512.2	3773	C	A	19	6	26	12	12	24	0.307692	39	1.6009e-05	TRUE	NA	NA	NA	NA	NA	NA
NC_045512.2	3774	G	T	21	8	26	1	1	28	0.025641	39	0.366667	FALSE	NA	NA	NA	NA	NA	NA
NC_045512.2	3774	G	C	21	8	26	3	3	28	0.0769231	39	0.0535167	FALSE	NA	NA	NA	NA	NA	NA
NC_045512.2	3774	G	A	21	8	26	14	14	27	0.358974	39	6.27471e-06	TRUE	NA	NA	NA	NA	NA	NA
NC_045512.2	3775	C	T	19	6	26	1	1	24	0.025641	39	0.344828	FALSE	NA	NA	NA	NA	NA	NA
NC_045512.2	3775	C	G	19	6	26	12	12	27	0.307692	39	1.6009e-05	TRUE	NA	NA	NA	NA	NA	NA
NC_045512.2	3775	C	A	19	6	26	7	7	27	0.179487	39	0.00105889	TRUE	NA	NA	NA	NA	NA	NA
NC_045512.2	3776	A	T	28	15	26	3	3	26	0.0789474	38	0.0896919	FALSE	NA	NA	NA	NA	NA	NA
NC_045512.2	3776	A	G	28	15	26	6	6	28	0.157895	38	0.00939054	TRUE	NA	NA	NA	NA	NA	NA
NC_045512.2	3776	A	C	28	15	26	1	1	29	0.0263158	38	0.439394	FALSE	NA	NA	NA	NA	NA	NA
NC_045512.2	3777	C	T	18	8	26	3	3	27	0.0833333	36	0.0479798	FALSE	NA	NA	NA	NA	NA	NA
NC_045512.2	3777	C	G	18	8	26	11	11	27	0.305556	36	4.6527e-05	TRUE	NA	NA	NA	NA	NA	NA
NC_045512.2	3777	C	A	18	8	26	4	4	27	0.111111	36	0.0185185	FALSE	NA	NA	NA	NA	NA	NA
NC_045512.2	3777	C	-A	18	8	26	1	0	20	0.0277778	36	0.351852	FALSE	NA	NA	NA	NA	NA	NA
NC_045512.2	3778	A	T	15	6	26	8	8	27	0.25	32	0.0004027	TRUE	NA	NA	NA	NA	NA	NA
NC_045512.2	3778	A	G	15	6	26	4	4	26	0.125	32	0.0155102	FALSE	NA	NA	NA	NA	NA	NA
NC_045512.2	3778	A	C	15	6	26	5	5	26	0.15625	32	0.00596546	TRUE	NA	NA	NA	NA	NA	NA
NC_045512.2	3779	A	T	15	5	26	6	6	25	0.181818	33	0.00236367	TRUE	NA	NA	NA	NA	NA	NA
NC_045512.2	3779	A	G	15	5	26	8	8	27	0.242424	33	0.0004027	TRUE	NA	NA	NA	NA	NA	NA
NC_045512.2	3779	A	C	15	5	26	4	4	26	0.121212	33	0.0155102	FALSE	NA	NA	NA	NA	NA	NA
NC_045512.2	3780	A	T	12	7	24	7	7	25	0.21875	32	0.000504463	TRUE	NA	NA	NA	NA	NA	NA
NC_045512.2	3780	A	G	12	7	24	5	4	26	0.15625	32	0.00361384	TRUE	NA	NA	NA	NA	NA	NA
NC_045512.2	3780	A	C	12	7	24	8	8	26	0.25	32	0.000197829	TRUE	NA	NA	NA	NA	NA	NA
NC_045512.2	3781	T	G	27	17	24	2	2	28	0.0571429	35	0.207885	FALSE	NA	NA	NA	NA	NA	NA
NC_045512.2	3781	T	C	27	17	24	1	1	26	0.0285714	35	0.451613	FALSE	NA	NA	NA	NA	NA	NA
NC_045512.2	3781	T	A	27	17	24	5	5	27	0.142857	35	0.022533	FALSE	NA	NA	NA	NA	NA	NA
NC_045512.2	3782	G	T	16	6	25	15	15	26	0.416667	36	1.11988e-06	TRUE	NA	NA	NA	NA	NA	NA
NC_045512.2	3782	G	C	16	6	25	1	1	26	0.0277778	36	0.326923	FALSE	NA	NA	NA	NA	NA	NA
NC_045512.2	3782	G	A	16	6	25	4	4	27	0.111111	36	0.0142059	FALSE	NA	NA	NA	NA	NA	NA
NC_045512.2	3783	T	G	20	10	26	5	5	26	0.142857	35	0.0106124	FALSE	NA	NA	NA	NA	NA	NA
NC_045512.2	3783	T	A	20	10	26	10	10	25	0.285714	35	0.000198352	TRUE	NA	NA	NA	NA	NA	NA
NC_045512.2	3784	C	T	14	4	26	9	9	25	0.272727	33	0.000128521	TRUE	NA	NA	NA	NA	NA	NA
NC_045512.2	3784	C	G	14	4	26	4	4	25	0.121212	33	0.013287	FALSE	NA	NA	NA	NA	NA	NA
NC_045512.2	3784	C	A	14	4	26	6	6	26	0.181818	33	0.00190387	TRUE	NA	NA	NA	NA	NA	NA
NC_045512.2	3785	T	G	17	7	26	9	9	26	0.264706	34	0.000248658	TRUE	NA	NA	NA	NA	NA	NA
NC_045512.2	3785	T	C	17	7	26	1	1	23	0.0294118	34	0.352941	FALSE	NA	NA	NA	NA	NA	NA
NC_045512.2	3785	T	A	17	7	26	7	7	25	0.205882	34	0.00130909	TRUE	NA	NA	NA	NA	NA	NA
NC_045512.2	3786	A	T	26	17	25	2	2	24	0.0666667	30	0.236842	FALSE	NA	NA	NA	NA	NA	NA
NC_045512.2	3786	A	G	26	17	25	2	2	27	0.0666667	30	0.236842	FALSE	NA	NA	NA	NA	NA	NA
NC_045512.2	3787	C	G	14	5	26	2	2	27	0.0625	32	0.111008	FALSE	NA	NA	NA	NA	NA	NA
NC_045512.2	3787	C	A	14	5	26	16	16	27	0.5	32	7.17066e-07	TRUE	NA	NA	NA	NA	NA	NA
NC_045512.2	3788	T	C	13	5	27	2	2	27	0.0689655	29	0.116279	FALSE	NA	NA	NA	NA	NA	NA
NC_045512.2	3788	T	A	13	5	27	14	14	26	0.482759	29	4.60734e-06	TRUE	NA	NA	NA	NA	NA	NA
NC_045512.2	3789	T	G	18	10	24	1	1	27	0.0322581	31	0.387755	FALSE	NA	NA	NA	NA	NA	NA
NC_045512.2	3789	T	C	18	10	24	1	1	23	0.0322581	31	0.387755	FALSE	NA	NA	NA	NA	NA	NA
NC_045512.2	3789	T	A	18	10	24	11	11	27	0.354839	31	0.000123618	TRUE	NA	NA	NA	NA	NA	NA
NC_045512.2	3790	A	T	15	7	27	12	12	26	0.413793	29	3.96232e-05	TRUE	NA	NA	NA	NA	NA	NA
NC_045512.2	3790	A	G	15	7	27	1	1	31	0.0344828	29	0.363636	FALSE	NA	NA	NA	NA	NA	NA
NC_045512.2	3790	A	C	15	7	27	1	1	26	0.0344828	29	0.363636	FALSE	NA	NA	NA	NA	NA	NA
NC_045512.2	3791	G	T	12	4	27	16	16	28	0.484848	33	2.03343e-07	TRUE	NA	NA	NA	NA	NA	NA
NC_045512.2	3791	G	C	12	4	27	1	1	26	0.030303	33	0.288889	FALSE	NA	NA	NA	NA	NA	NA
NC_045512.2	3791	G	A	12	4	27	4	4	27	0.121212	33	0.00935348	TRUE	NA	NA	NA	NA	NA	NA
NC_045512.2	3791	G	+T	12	4	27	1	0	20	0.030303	33	0.288889	FALSE	NA	NA	NA	NA	NA	NA
NC_045512.2	3792	C	T	13	5	27	13	13	28	0.382353	34	2.56971e-06	TRUE	NA	NA	NA	NA	NA	NA
NC_045512.2	3792	C	G	13	5	27	2	2	28	0.0588235	34	0.0930851	FALSE	NA	NA	NA	NA	NA	NA
NC_045512.2	3792	C	A	13	5	27	6	6	24	0.176471	34	0.00133271	TRUE	NA	NA	NA	NA	NA	NA
NC_045512.2	3793	T	G	22	14	27	2	2	27	0.0606061	33	0.179221	FALSE	NA	NA	NA	NA	NA	NA
NC_045512.2	3793	T	A	22	14	27	9	9	25	0.272727	33	0.000851797	TRUE	NA	NA	NA	NA	NA	NA
NC_045512.2	3794	G	T	13	5	26	7	7	27	0.205882	34	0.000502909	TRUE	NA	NA	NA	NA	NA	NA
NC_045512.2	3794	G	C	13	5	26	2	2	29	0.0588235	34	0.0930851	FALSE	NA	NA	NA	NA	NA	NA
NC_045512.2	3794	G	A	13	5	26	12	12	24	0.352941	34	5.83127e-06	TRUE	NA	NA	NA	NA	NA	NA
NC_045512.2	3795	T	G	18	10	26	3	3	28	0.0882353	34	0.0536204	FALSE	NA	NA	NA	NA	NA	NA
NC_045512.2	3795	T	C	18	10	26	4	4	27	0.117647	34	0.0214482	FALSE	NA	NA	NA	NA	NA	NA
NC_045512.2	3795	T	A	18	10	26	9	9	26	0.264706	34	0.000317038	TRUE	NA	NA	NA	NA	NA	NA
NC_045512.2	3796	C	T	14	7	27	9	9	26	0.290323	31	0.0001844	TRUE	NA	NA	NA	NA	NA	NA
NC_045512.2	3796	C	G	14	7	27	2	2	27	0.0645161	31	0.115942	FALSE	NA	NA	NA	NA	NA	NA
NC_045512.2	3796	C	A	14	7	27	6	6	27	0.193548	31	0.00243916	TRUE	NA	NA	NA	NA	NA	NA
NC_045512.2	3797	T	G	11	4	26	3	3	27	0.0967742	31	0.0274841	FALSE	NA	NA	NA	NA	NA	NA
NC_045512.2	3797	T	C	11	4	26	10	10	27	0.322581	31	2.7604e-05	TRUE	NA	NA	NA	NA	NA	NA
NC_045512.2	3797	T	A	11	4	26	7	7	27	0.225806	31	0.000432221	TRUE	NA	NA	NA	NA	NA	NA
NC_045512.2	3798	T	G	12	5	27	4	4	28	0.125	32	0.0102038	FALSE	NA	NA	NA	NA	NA	NA
NC_045512.2	3798	T	C	12	5	27	5	5	27	0.15625	32	0.00361384	TRUE	NA	NA	NA	NA	NA	NA
NC_045512.2	3798	T	A	12	5	27	11	11	27	0.34375	32	1.41249e-05	TRUE	NA	NA	NA	NA	NA	NA
NC_045512.2	3799	T	G	11	7	24	8	8	26	0.266667	30	0.000200297	TRUE	NA	NA	NA	NA	NA	NA
NC_045512.2	3799	T	C	11	7	24	5	5	28	0.166667	30	0.00357517	TRUE	NA	NA	NA	NA	NA	NA
NC_045512.2	3799	T	A	11	7	24	6	6	28	0.2	30	0.00132126	TRUE	NA	NA	NA	NA	NA	NA
NC_045512.2	3800	G	T	13	6	27	2	2	28	0.0625	32	0.101449	FALSE	NA	NA	NA	NA	NA	NA
NC_045512.2	3800	G	C	13	6	27	11	11	27	0.34375	32	2.08614e-05	TRUE	NA	NA	NA	NA	NA	NA
NC_045512.2	3800	G	A	13	6	27	6	6	26	0.1875	32	0.00170741	TRUE	NA	NA	NA	NA	NA	NA
NC_045512.2	3801	A	T	22	15	27	1	1	28	0.030303	33	0.418182	FALSE	NA	NA	NA	NA	NA	NA
NC_045512.2	3801	A	G	22	15	27	4	4	27	0.121212	33	0.035237	FALSE	NA	NA	NA	NA	NA	NA
NC_045512.2	3801	A	C	22	15	27	6	6	27	0.181818	33	0.00752519	TRUE	NA	NA	NA	NA	NA	NA
NC_045512.2	3802	T	G	13	6	26	4	4	27	0.121212	33	0.011233	FALSE	NA	NA	NA	NA	NA	NA
NC_045512.2	3802	T	C	13	6	26	8	8	27	0.242424	33	0.000229589	TRUE	NA	NA	NA	NA	NA	NA
NC_045512.2	3802	T	A	13	6	26	8	8	25	0.242424	33	0.000229589	TRUE	NA	NA	NA	NA	NA	NA
NC_045512.2	3803	A	T	16	9	26	3	3	24	0.103448	29	0.0597595	FALSE	NA	NA	NA	NA	NA	NA
NC_045512.2	3803	A	G	16	9	26	9	9	27	0.310345	29	0.000461	TRUE	NA	NA	NA	NA	NA	NA
NC_045512.2	3803	A	C	16	9	26	1	1	24	0.0344828	29	0.377778	FALSE	NA	NA	NA	NA	NA	NA
NC_045512.2	3804	A	T	23	16	25	2	2	27	0.0606061	33	0.18797	FALSE	NA	NA	NA	NA	NA	NA
NC_045512.2	3804	A	G	23	16	25	5	5	27	0.151515	33	0.017995	FALSE	NA	NA	NA	NA	NA	NA
NC_045512.2	3804	A	C	23	16	25	3	3	24	0.0909091	33	0.0842624	FALSE	NA	NA	NA	NA	NA	NA
NC_045512.2	3805	A	T	21	14	27	7	7	24	0.205882	34	0.002714	TRUE	NA	NA	NA	NA	NA	NA
NC_045512.2	3805	A	G	21	14	27	5	5	26	0.147059	34	0.0131392	FALSE	NA	NA	NA	NA	NA	NA
NC_045512.2	3805	A	C	21	14	27	1	1	27	0.0294118	34	0.4	FALSE	NA	NA	NA	NA	NA	NA
NC_045512.2	3806	A	T	16	9	26	9	9	25	0.264706	34	0.000191849	TRUE	NA	NA	NA	NA	NA	NA
NC_045512.2	3806	A	G	16	9	26	8	8	27	0.235294	34	0.00044509	TRUE	NA	NA	NA	NA	NA	NA
NC_045512.2	3806	A	C	16	9	26	1	1	28	0.0294118	34	0.34	FALSE	NA	NA	NA	NA	NA	NA
NC_045512.2	3807	A	T	7	7	26	11	11	25	0.407407	27	4.14951e-06	TRUE	NA	NA	NA	NA	NA	NA
NC_045512.2	3807	A	G	7	7	26	2	2	23	0.0740741	27	0.0605042	FALSE	NA	NA	NA	NA	NA	NA
NC_045512.2	3807	A	C	7	7	26	7	7	27	0.259259	27	0.000184085	TRUE	NA	NA	NA	NA	NA	NA
NC_045512.2	3808	T	G	24	17	26	2	2	27	0.0606061	33	0.196612	FALSE	NA	NA	NA	NA	NA	NA
NC_045512.2	3808	T	C	24	17	26	5	5	27	0.151515	33	0.0199617	FALSE	NA	NA	NA	NA	NA	NA
NC_045512.2	3808	T	A	24	17	26	2	2	26	0.0606061	33	0.196612	FALSE	NA	NA	NA	NA	NA	NA
NC_045512.2	3809	C	T	19	12	26	10	10	25	0.294118	34	0.000186293	TRUE	NA	NA	NA	NA	NA	NA
NC_045512.2	3809	C	G	19	12	26	1	1	26	0.0294118	34	0.377358	FALSE	NA	NA	NA	NA	NA	NA
NC_045512.2	3809	C	A	19	12	26	4	4	27	0.117647	34	0.024109	FALSE	NA	NA	NA	NA	NA	NA
NC_045512.2	3810	T	G	22	15	26	1	1	28	0.0294118	34	0.410714	FALSE	NA	NA	NA	NA	NA	NA
NC_045512.2	3810	T	C	22	15	26	6	6	26	0.176471	34	0.00678501	TRUE	NA	NA	NA	NA	NA	NA
NC_045512.2	3810	T	A	22	15	26	5	5	27	0.147059	34	0.0147816	FALSE	NA	NA	NA	NA	NA	NA
NC_045512.2	3811	C	T	16	9	26	9	9	25	0.257143	35	0.000162584	TRUE	NA	NA	NA	NA	NA	NA
NC_045512.2	3811	C	A	16	9	26	10	10	28	0.285714	35	7.0453e-05	TRUE	NA	NA	NA	NA	NA	NA
NC_045512.2	3812	T	G	22	15	26	3	3	29	0.0857143	35	0.0707496	FALSE	NA	NA	NA	NA	NA	NA
NC_045512.2	3812	T	C	22	15	26	8	8	27	0.228571	35	0.00132235	TRUE	NA	NA	NA	NA	NA	NA
NC_045512.2	3812	T	A	22	15	26	2	2	26	0.0571429	35	0.166969	FALSE	NA	NA	NA	NA	NA	NA
NC_045512.2	3813	A	T	15	8	27	11	11	25	0.333333	33	3.39325e-05	TRUE	NA	NA	NA	NA	NA	NA
NC_045512.2	3813	A	G	15	8	27	5	5	28	0.151515	33	0.00596546	TRUE	NA	NA	NA	NA	NA	NA
NC_045512.2	3813	A	C	15	8	27	2	2	29	0.0606061	33	0.115646	FALSE	NA	NA	NA	NA	NA	NA
NC_045512.2	3814	T	G	19	12	26	6	6	28	0.176471	34	0.0043755	TRUE	NA	NA	NA	NA	NA	NA
NC_045512.2	3814	T	C	19	12	26	4	4	26	0.117647	34	0.024109	FALSE	NA	NA	NA	NA	NA	NA
NC_045512.2	3814	T	A	19	12	26	5	5	25	0.147059	34	0.0101512	FALSE	NA	NA	NA	NA	NA	NA
NC_045512.2	3815	G	T	19	12	26	4	4	25	0.114286	35	0.0224172	FALSE	NA	NA	NA	NA	NA	NA
NC_045512.2	3815	G	C	19	12	26	4	4	27	0.114286	35	0.0224172	FALSE	NA	NA	NA	NA	NA	NA
NC_045512.2	3815	G	A	19	12	26	8	8	26	0.228571	35	0.00075389	TRUE	NA	NA	NA	NA	NA	NA
NC_045512.2	3815	G	-A	19	12	26	2	0	20	0.0571429	35	0.141414	FALSE	NA	NA	NA	NA	NA	NA
NC_045512.2	3816	A	T	15	10	26	1	1	27	0.03125	32	0.326531	FALSE	NA	NA	NA	NA	NA	NA
NC_045512.2	3816	A	G	15	10	26	6	6	27	0.1875	32	0.00210104	TRUE	NA	NA	NA	NA	NA	NA
NC_045512.2	3816	A	C	15	10	26	10	10	26	0.3125	32	6.26445e-05	TRUE	NA	NA	NA	NA	NA	NA
NC_045512.2	3817	C	T	19	12	25	3	3	24	0.0882353	34	0.0587002	FALSE	NA	NA	NA	NA	NA	NA
NC_045512.2	3817	C	G	19	12	25	2	2	28	0.0588235	34	0.146751	FALSE	NA	NA	NA	NA	NA	NA
NC_045512.2	3817	C	A	19	12	25	10	10	27	0.294118	34	0.000186293	TRUE	NA	NA	NA	NA	NA	NA
NC_045512.2	3818	A	T	16	9	25	6	6	27	0.176471	34	0.00257378	TRUE	NA	NA	NA	NA	NA	NA
NC_045512.2	3818	A	G	16	9	25	1	1	27	0.0294118	34	0.34	FALSE	NA	NA	NA	NA	NA	NA
NC_045512.2	3818	A	C	16	9	25	11	11	24	0.323529	34	3.80446e-05	TRUE	NA	NA	NA	NA	NA	NA
NC_045512.2	3819	A	T	14	8	28	9	9	26	0.264706	34	0.000107866	TRUE	NA	NA	NA	NA	NA	NA
NC_045512.2	3819	A	G	14	8	28	2	2	30	0.0588235	34	0.102041	FALSE	NA	NA	NA	NA	NA	NA
NC_045512.2	3819	A	C	14	8	28	9	9	27	0.264706	34	0.000107866	TRUE	NA	NA	NA	NA	NA	NA
NC_045512.2	3820	A	T	18	14	26	9	9	25	0.290323	31	0.000520963	TRUE	NA	NA	NA	NA	NA	NA
NC_045512.2	3820	A	G	18	14	26	2	2	26	0.0645161	31	0.155102	FALSE	NA	NA	NA	NA	NA	NA
NC_045512.2	3820	A	C	18	14	26	2	2	26	0.0645161	31	0.155102	FALSE	NA	NA	NA	NA	NA	NA
NC_045512.2	3821	C	T	12	6	26	15	15	25	0.46875	32	5.8428e-07	TRUE	NA	NA	NA	NA	NA	NA
NC_045512.2	3821	C	A	12	6	26	5	5	25	0.15625	32	0.00361384	TRUE	NA	NA	NA	NA	NA	NA
NC_045512.2	3822	T	G	21	15	25	2	2	25	0.0666667	30	0.190799	FALSE	NA	NA	NA	NA	NA	NA
NC_045512.2	3822	T	C	21	15	25	1	1	27	0.0333333	30	0.431373	FALSE	NA	NA	NA	NA	NA	NA
NC_045512.2	3822	T	A	21	15	25	6	6	26	0.2	30	0.00911685	TRUE	NA	NA	NA	NA	NA	NA
NC_045512.2	3823	T	C	21	15	24	1	1	33	0.03125	32	0.415094	FALSE	NA	NA	NA	NA	NA	NA
NC_045512.2	3823	T	A	21	15	24	10	10	25	0.3125	32	0.000412506	TRUE	NA	NA	NA	NA	NA	NA
NC_045512.2	3824	G	T	10	4	27	14	14	25	0.451613	31	6.04324e-07	TRUE	NA	NA	NA	NA	NA	NA
NC_045512.2	3824	G	C	10	4	27	1	1	25	0.0322581	31	0.268293	FALSE	NA	NA	NA	NA	NA	NA
NC_045512.2	3824	G	A	10	4	27	6	6	24	0.193548	31	0.000854933	TRUE	NA	NA	NA	NA	NA	NA
NC_045512.2	3825	T	G	20	14	25	4	4	26	0.125	32	0.0311563	FALSE	NA	NA	NA	NA	NA	NA
NC_045512.2	3825	T	C	20	14	25	2	2	25	0.0625	32	0.167634	FALSE	NA	NA	NA	NA	NA	NA
NC_045512.2	3825	T	A	20	14	25	6	6	25	0.1875	32	0.00634448	TRUE	NA	NA	NA	NA	NA	NA
NC_045512.2	3826	T	G	14	8	27	2	2	25	0.0645161	31	0.115942	FALSE	NA	NA	NA	NA	NA	NA
NC_045512.2	3826	T	C	14	8	27	4	4	26	0.129032	31	0.0157262	FALSE	NA	NA	NA	NA	NA	NA
NC_045512.2	3826	T	A	14	8	27	11	11	24	0.354839	31	3.72525e-05	TRUE	NA	NA	NA	NA	NA	NA
NC_045512.2	3827	T	G	19	14	25	2	2	24	0.0714286	28	0.18617	FALSE	NA	NA	NA	NA	NA	NA
NC_045512.2	3827	T	C	19	14	25	3	3	24	0.107143	28	0.0835866	FALSE	NA	NA	NA	NA	NA	NA
NC_045512.2	3827	T	A	19	14	25	4	4	26	0.142857	28	0.0384498	FALSE	NA	NA	NA	NA	NA	NA
NC_045512.2	3828	C	T	16	10	26	1	1	25	0.0416667	24	0.425	FALSE	NA	NA	NA	NA	NA	NA
NC_045512.2	3828	C	A	16	10	26	7	7	25	0.291667	24	0.00458026	TRUE	NA	NA	NA	NA	NA	NA
NC_045512.2	3829	A	T	9	4	26	2	2	24	0.133333	15	0.183333	FALSE	NA	NA	NA	NA	NA	NA
NC_045512.2	3829	A	G	9	4	26	2	2	26	0.133333	15	0.183333	FALSE	NA	NA	NA	NA	NA	NA
NC_045512.2	3829	A	C	9	4	26	2	2	24	0.133333	15	0.183333	FALSE	NA	NA	NA	NA	NA	NA
NC_045512.2	3830	A	T	6	2	23	1	1	27	0.1	10	0.4375	FALSE	NA	NA	NA	NA	NA	NA
NC_045512.2	3830	A	G	6	2	23	1	1	23	0.1	10	0.4375	FALSE	NA	NA	NA	NA	NA	NA
NC_045512.2	3830	A	C	6	2	23	2	2	26	0.2	10	0.205882	FALSE	NA	NA	NA	NA	NA	NA
NC_045512.2	3831	G	A	8	3	26	1	1	30	0.111111	9	0.529412	FALSE	NA	NA	NA	NA	NA	NA
NC_045512.2	3832	C	T	7	2	26	1	1	24	0.125	8	0.533333	FALSE	NA	NA	NA	NA	NA	NA
NC_045512.2	3833	T	A	6	1	27	1	1	22	0.142857	7	0.538462	FALSE	NA	NA	NA	NA	NA	NA
NC_045512.2	3834	T	C	6	1	26	1	1	27	0.125	8	0.5	FALSE	NA	NA	NA	NA	NA	NA
NC_045512.2	3834	T	A	6	1	26	1	1	29	0.125	8	0.5	FALSE	NA	NA	NA	NA	NA	NA
NC_045512.2	3835	T	G	6	1	27	1	1	27	0.125	8	0.5	FALSE	NA	NA	NA	NA	NA	NA
NC_045512.2	3835	T	A	6	1	27	1	1	28	0.125	8	0.5	FALSE	NA	NA	NA	NA	NA	NA
NC_045512.2	3836	T	C	6	2	28	1	1	27	0.142857	7	0.538462	FALSE	NA	NA	NA	NA	NA	NA
NC_045512.2	3837	T	G	1	1	27	1	1	30	0.333333	3	0.5	FALSE	NA	NA	NA	NA	NA	NA
NC_045512.2	3837	T	A	1	1	27	1	1	29	0.333333	3	0.5	FALSE	NA	NA	NA	NA	NA	NA
NC_045512.2	3838	G	T	5	1	26	1	1	28	0.142857	7	0.5	FALSE	NA	NA	NA	NA	NA	NA
NC_045512.2	3838	G	C	5	1	26	1	1	30	0.142857	7	0.5	FALSE	NA	NA	NA	NA	NA	NA
NC_045512.2	3839	G	C	5	1	23	1	1	27	0.142857	7	0.5	FALSE	NA	NA	NA	NA	NA	NA
NC_045512.2	3839	G	A	5	1	23	1	1	21	0.142857	7	0.5	FALSE	NA	NA	NA	NA	NA	NA
NC_045512.2	3840	A	T	6	2	26	1	1	28	0.142857	7	0.538462	FALSE	NA	NA	NA	NA	NA	NA
NC_045512.2	3842	A	T	5	1	23	1	1	24	0.142857	7	0.5	FALSE	NA	NA	NA	NA	NA	NA
NC_045512.2	3842	A	C	5	1	23	1	1	23	0.142857	7	0.5	FALSE	NA	NA	NA	NA	NA	NA
NC_045512.2	3843	T	G	6	2	25	1	1	24	0.142857	7	0.538462	FALSE	NA	NA	NA	NA	NA	NA
NC_045512.2	3844	G	T	6	2	26	2	2	30	0.25	8	0.266667	FALSE	NA	NA	NA	NA	NA	NA
NC_045512.2	3845	A	C	7	3	26	1	1	32	0.125	8	0.533333	FALSE	NA	NA	NA	NA	NA	NA
NC_045512.2	3846	A	T	5	1	23	1	1	28	0.125	8	0.461538	FALSE	NA	NA	NA	NA	NA	NA
NC_045512.2	3846	A	G	5	1	23	1	1	28	0.125	8	0.461538	FALSE	NA	NA	NA	NA	NA	NA
NC_045512.2	3846	A	C	5	1	23	1	1	21	0.125	8	0.461538	FALSE	NA	NA	NA	NA	NA	NA
NC_045512.2	3847	G	C	5	1	26	2	2	27	0.25	8	0.230769	FALSE	NA	NA	NA	NA	NA	NA
NC_045512.2	3847	G	A	5	1	26	1	1	29	0.125	8	0.461538	FALSE	NA	NA	NA	NA	NA	NA
NC_045512.2	3848	A	T	5	1	27	1	1	27	0.125	8	0.461538	FALSE	NA	NA	NA	NA	NA	NA
NC_045512.2	3848	A	C	5	1	27	2	2	28	0.25	8	0.230769	FALSE	NA	NA	NA	NA	NA	NA
NC_045512.2	3849	G	T	6	2	26	2	2	26	0.25	8	0.266667	FALSE	NA	NA	NA	NA	NA	NA
NC_045512.2	3850	T	A	7	3	26	1	1	30	0.125	8	0.533333	FALSE	NA	NA	NA	NA	NA	NA
NC_045512.2	3851	G	T	5	1	27	1	1	27	0.125	8	0.461538	FALSE	NA	NA	NA	NA	NA	NA
NC_045512.2	3851	G	C	5	1	27	1	1	27	0.125	8	0.461538	FALSE	NA	NA	NA	NA	NA	NA
NC_045512.2	3851	G	A	5	1	27	1	1	27	0.125	8	0.461538	FALSE	NA	NA	NA	NA	NA	NA
NC_045512.2	3852	A	T	5	1	27	1	1	21	0.142857	7	0.5	FALSE	NA	NA	NA	NA	NA	NA
NC_045512.2	3852	A	G	5	1	27	1	1	28	0.142857	7	0.5	FALSE	NA	NA	NA	NA	NA	NA
NC_045512.2	3853	A	T	5	1	28	1	1	27	0.125	8	0.461538	FALSE	NA	NA	NA	NA	NA	NA
NC_045512.2	3853	A	C	5	1	28	2	2	26	0.25	8	0.230769	FALSE	NA	NA	NA	NA	NA	NA
NC_045512.2	3854	A	T	6	2	28	2	2	27	0.25	8	0.266667	FALSE	NA	NA	NA	NA	NA	NA
NC_045512.2	3855	A	T	4	1	21	1	1	24	0.142857	7	0.454545	FALSE	NA	NA	NA	NA	NA	NA
NC_045512.2	3855	A	G	4	1	21	2	2	27	0.285714	7	0.227273	FALSE	NA	NA	NA	NA	NA	NA
NC_045512.2	3856	G	T	5	1	26	2	2	28	0.25	8	0.230769	FALSE	NA	NA	NA	NA	NA	NA
NC_045512.2	3856	G	A	5	1	26	1	1	27	0.125	8	0.461538	FALSE	NA	NA	NA	NA	NA	NA
NC_045512.2	3857	C	T	7	3	26	1	1	23	0.125	8	0.533333	FALSE	NA	NA	NA	NA	NA	NA
NC_045512.2	3858	A	T	3	1	24	2	2	23	0.333333	6	0.222222	FALSE	NA	NA	NA	NA	NA	NA
NC_045512.2	3858	A	G	3	1	24	1	0	28	0.166667	6	0.444444	FALSE	NA	NA	NA	NA	NA	NA
NC_045512.2	3859	A	T	4	2	24	2	2	32	0.333333	6	0.272727	FALSE	NA	NA	NA	NA	NA	NA
NC_045512.2	3860	G	T	3	1	24	2	2	29	0.333333	6	0.222222	FALSE	NA	NA	NA	NA	NA	NA
NC_045512.2	3860	G	A	3	1	24	1	1	24	0.166667	6	0.444444	FALSE	NA	NA	NA	NA	NA	NA
NC_045512.2	3861	T	G	3	1	24	1	1	28	0.166667	6	0.444444	FALSE	NA	NA	NA	NA	NA	NA
NC_045512.2	3861	T	A	3	1	24	2	2	25	0.333333	6	0.222222	FALSE	NA	NA	NA	NA	NA	NA
NC_045512.2	3862	T	A	1	1	31	3	3	26	0.75	4	0.114286	FALSE	NA	NA	NA	NA	NA	NA
NC_045512.2	3863	G	T	4	2	27	2	2	25	0.333333	6	0.272727	FALSE	NA	NA	NA	NA	NA	NA
NC_045512.2	3864	A	C	4	2	26	1	1	27	0.2	5	0.555556	FALSE	NA	NA	NA	NA	NA	NA
NC_045512.2	3865	A	T	3	2	26	1	1	28	0.2	5	0.5	FALSE	NA	NA	NA	NA	NA	NA
NC_045512.2	3865	A	G	3	2	26	1	1	28	0.2	5	0.5	FALSE	NA	NA	NA	NA	NA	NA
NC_045512.2	3866	C	T	4	2	25	1	1	21	0.166667	6	0.5	FALSE	NA	NA	NA	NA	NA	NA
NC_045512.2	3866	C	A	4	2	25	1	1	27	0.166667	6	0.5	FALSE	NA	NA	NA	NA	NA	NA
NC_045512.2	3867	A	T	4	2	24	2	2	27	0.333333	6	0.272727	FALSE	NA	NA	NA	NA	NA	NA
NC_045512.2	3868	A	T	5	3	26	1	1	27	0.166667	6	0.545455	FALSE	NA	NA	NA	NA	NA	NA
NC_045512.2	3869	A	T	3	1	25	2	2	27	0.333333	6	0.222222	FALSE	NA	NA	NA	NA	NA	NA
NC_045512.2	3869	A	G	3	1	25	1	1	24	0.166667	6	0.444444	FALSE	NA	NA	NA	NA	NA	NA
NC_045512.2	3870	A	T	1	1	30	2	2	26	0.4	5	0.142857	FALSE	NA	NA	NA	NA	NA	NA
NC_045512.2	3870	A	G	1	1	30	1	1	27	0.2	5	0.333333	FALSE	NA	NA	NA	NA	NA	NA
NC_045512.2	3870	A	C	1	1	30	1	1	28	0.2	5	0.333333	FALSE	NA	NA	NA	NA	NA	NA
NC_045512.2	3871	G	T	4	2	23	1	1	30	0.142857	7	0.454545	FALSE	NA	NA	NA	NA	NA	NA
NC_045512.2	3871	G	A	4	2	23	2	2	25	0.285714	7	0.227273	FALSE	NA	NA	NA	NA	NA	NA
NC_045512.2	3872	A	T	4	2	27	1	1	27	0.142857	7	0.454545	FALSE	NA	NA	NA	NA	NA	NA
NC_045512.2	3872	A	C	4	2	27	2	2	27	0.285714	7	0.227273	FALSE	NA	NA	NA	NA	NA	NA
NC_045512.2	3873	T	G	4	2	28	2	2	28	0.25	8	0.192308	FALSE	NA	NA	NA	NA	NA	NA
NC_045512.2	3873	T	A	4	2	28	2	2	24	0.25	8	0.192308	FALSE	NA	NA	NA	NA	NA	NA
NC_045512.2	3874	C	G	3	1	25	1	1	26	0.125	8	0.363636	FALSE	NA	NA	NA	NA	NA	NA
NC_045512.2	3874	C	A	3	1	25	4	4	29	0.5	8	0.034965	FALSE	NA	NA	NA	NA	NA	NA
NC_045512.2	3875	G	T	4	2	27	1	1	28	0.125	8	0.416667	FALSE	NA	NA	NA	NA	NA	NA
NC_045512.2	3875	G	C	4	2	27	1	1	22	0.125	8	0.416667	FALSE	NA	NA	NA	NA	NA	NA
NC_045512.2	3875	G	A	4	2	27	2	2	27	0.25	8	0.192308	FALSE	NA	NA	NA	NA	NA	NA
NC_045512.2	3876	C	T	5	3	28	2	2	26	0.25	8	0.230769	FALSE	NA	NA	NA	NA	NA	NA
NC_045512.2	3876	C	G	5	3	28	1	1	30	0.125	8	0.461538	FALSE	NA	NA	NA	NA	NA	NA
NC_045512.2	3877	T	G	5	3	27	1	1	28	0.111111	9	0.428571	FALSE	NA	NA	NA	NA	NA	NA
NC_045512.2	3877	T	C	5	3	27	1	1	29	0.111111	9	0.428571	FALSE	NA	NA	NA	NA	NA	NA
NC_045512.2	3877	T	A	5	3	27	2	2	27	0.222222	9	0.2	FALSE	NA	NA	NA	NA	NA	NA
NC_045512.2	3878	G	T	10	3	28	3	3	28	0.1875	16	0.0873016	FALSE	NA	NA	NA	NA	NA	NA
NC_045512.2	3878	G	C	10	3	28	2	2	25	0.125	16	0.188034	FALSE	NA	NA	NA	NA	NA	NA
NC_045512.2	3878	G	A	10	3	28	1	1	29	0.0625	16	0.423077	FALSE	NA	NA	NA	NA	NA	NA
NC_045512.2	3879	A	T	11	4	27	1	1	27	0.0625	16	0.444444	FALSE	NA	NA	NA	NA	NA	NA
NC_045512.2	3879	A	G	11	4	27	3	3	28	0.1875	16	0.0996169	FALSE	NA	NA	NA	NA	NA	NA
NC_045512.2	3879	A	C	11	4	27	1	1	23	0.0625	16	0.444444	FALSE	NA	NA	NA	NA	NA	NA
NC_045512.2	3880	G	T	10	3	27	3	3	24	0.176471	17	0.0782704	FALSE	NA	NA	NA	NA	NA	NA
NC_045512.2	3880	G	C	10	3	27	2	2	26	0.117647	17	0.174603	FALSE	NA	NA	NA	NA	NA	NA
NC_045512.2	3880	G	A	10	3	27	2	2	26	0.117647	17	0.174603	FALSE	NA	NA	NA	NA	NA	NA
NC_045512.2	3881	A	T	12	4	26	2	2	25	0.111111	18	0.195699	FALSE	NA	NA	NA	NA	NA	NA
NC_045512.2	3881	A	G	12	4	26	1	1	28	0.0555556	18	0.433333	FALSE	NA	NA	NA	NA	NA	NA
NC_045512.2	3881	A	C	12	4	26	3	3	28	0.166667	18	0.0917339	FALSE	NA	NA	NA	NA	NA	NA
NC_045512.2	3882	T	C	14	6	27	4	4	25	0.222222	18	0.0584416	FALSE	NA	NA	NA	NA	NA	NA
NC_045512.2	3883	T	C	12	4	24	3	3	27	0.166667	18	0.0917339	FALSE	NA	NA	NA	NA	NA	NA
NC_045512.2	3883	T	A	12	4	24	3	3	26	0.166667	18	0.0917339	FALSE	NA	NA	NA	NA	NA	NA
NC_045512.2	3884	C	T	10	2	26	4	4	27	0.222222	18	0.0318131	FALSE	NA	NA	NA	NA	NA	NA
NC_045512.2	3884	C	G	10	2	26	2	2	29	0.111111	18	0.162562	FALSE	NA	NA	NA	NA	NA	NA
NC_045512.2	3884	C	A	10	2	26	2	2	23	0.111111	18	0.162562	FALSE	NA	NA	NA	NA	NA	NA
NC_045512.2	3885	C	T	10	3	24	2	2	28	0.117647	17	0.174603	FALSE	NA	NA	NA	NA	NA	NA
NC_045512.2	3885	C	G	10	3	24	1	1	27	0.0588235	17	0.407407	FALSE	NA	NA	NA	NA	NA	NA
NC_045512.2	3885	C	A	10	3	24	4	4	28	0.235294	17	0.0365262	FALSE	NA	NA	NA	NA	NA	NA
NC_045512.2	3886	T	G	13	5	26	1	1	26	0.0555556	18	0.451613	FALSE	NA	NA	NA	NA	NA	NA
NC_045512.2	3886	T	C	13	5	26	2	2	28	0.111111	18	0.211694	FALSE	NA	NA	NA	NA	NA	NA
NC_045512.2	3886	T	A	13	5	26	2	2	28	0.111111	18	0.211694	FALSE	NA	NA	NA	NA	NA	NA
NC_045512.2	3887	A	T	17	5	26	2	2	26	0.0909091	22	0.219231	FALSE	NA	NA	NA	NA	NA	NA
NC_045512.2	3887	A	C	17	5	26	3	3	27	0.136364	22	0.106942	FALSE	NA	NA	NA	NA	NA	NA
NC_045512.2	3888	A	T	16	4	27	3	3	25	0.142857	21	0.106029	FALSE	NA	NA	NA	NA	NA	NA
NC_045512.2	3888	A	C	16	4	27	2	2	27	0.0952381	21	0.217639	FALSE	NA	NA	NA	NA	NA	NA
NC_045512.2	3889	A	T	13	4	24	6	6	26	0.3	20	0.00982801	TRUE	NA	NA	NA	NA	NA	NA
NC_045512.2	3889	A	C	13	4	24	1	1	22	0.05	20	0.424242	FALSE	NA	NA	NA	NA	NA	NA
NC_045512.2	3890	G	T	15	3	26	3	3	24	0.136364	22	0.0892877	FALSE	NA	NA	NA	NA	NA	NA
NC_045512.2	3890	G	C	15	3	26	1	1	28	0.0454545	22	0.432432	FALSE	NA	NA	NA	NA	NA	NA
NC_045512.2	3890	G	A	15	3	26	3	3	24	0.136364	22	0.0892877	FALSE	NA	NA	NA	NA	NA	NA
NC_045512.2	3891	A	T	18	5	26	5	5	26	0.208333	24	0.0245478	FALSE	NA	NA	NA	NA	NA	NA
NC_045512.2	3891	A	C	18	5	26	1	1	29	0.0416667	24	0.452381	FALSE	NA	NA	NA	NA	NA	NA
NC_045512.2	3892	G	T	19	6	26	4	4	25	0.166667	24	0.0542636	FALSE	NA	NA	NA	NA	NA	NA
NC_045512.2	3892	G	C	19	6	26	1	1	27	0.0416667	24	0.465116	FALSE	NA	NA	NA	NA	NA	NA
NC_045512.2	3893	G	T	12	2	23	5	5	27	0.238095	21	0.014196	FALSE	NA	NA	NA	NA	NA	NA
NC_045512.2	3893	G	C	12	2	23	2	2	26	0.0952381	21	0.16221	FALSE	NA	NA	NA	NA	NA	NA
NC_045512.2	3893	G	A	12	2	23	2	2	27	0.0952381	21	0.16221	FALSE	NA	NA	NA	NA	NA	NA
NC_045512.2	3894	A	T	18	4	26	7	7	27	0.233333	30	0.00271428	TRUE	NA	NA	NA	NA	NA	NA
NC_045512.2	3894	A	G	18	4	26	4	4	25	0.133333	30	0.0292717	FALSE	NA	NA	NA	NA	NA	NA
NC_045512.2	3894	A	C	18	4	26	1	1	27	0.0333333	30	0.395833	FALSE	NA	NA	NA	NA	NA	NA
NC_045512.2	3895	A	T	24	10	24	9	9	25	0.264706	34	0.00104196	TRUE	NA	NA	NA	NA	NA	NA
NC_045512.2	3895	A	C	24	10	24	1	1	27	0.0294118	34	0.431034	FALSE	NA	NA	NA	NA	NA	NA
NC_045512.2	3896	G	T	18	4	27	3	3	26	0.0833333	36	0.0479798	FALSE	NA	NA	NA	NA	NA	NA
NC_045512.2	3896	G	A	18	4	27	15	15	26	0.416667	36	2.33782e-06	TRUE	NA	NA	NA	NA	NA	NA
NC_045512.2	3897	T	G	19	5	27	6	6	27	0.166667	36	0.00353748	TRUE	NA	NA	NA	NA	NA	NA
NC_045512.2	3897	T	C	19	5	27	2	2	25	0.0555556	36	0.136364	FALSE	NA	NA	NA	NA	NA	NA
NC_045512.2	3897	T	A	19	5	27	9	9	28	0.25	36	0.000291828	TRUE	NA	NA	NA	NA	NA	NA
NC_045512.2	3898	T	G	19	5	23	10	10	28	0.277778	36	0.000132235	TRUE	NA	NA	NA	NA	NA	NA
NC_045512.2	3898	T	A	19	5	23	7	7	26	0.194444	36	0.00150778	TRUE	NA	NA	NA	NA	NA	NA
NC_045512.2	3899	A	T	23	9	28	5	5	25	0.138889	36	0.0139824	FALSE	NA	NA	NA	NA	NA	NA
NC_045512.2	3899	A	G	23	9	28	8	8	25	0.222222	36	0.00137349	TRUE	NA	NA	NA	NA	NA	NA
NC_045512.2	3900	A	T	18	4	24	7	7	24	0.205882	34	0.00159874	TRUE	NA	NA	NA	NA	NA	NA
NC_045512.2	3900	A	G	18	4	24	9	9	28	0.264706	34	0.000317038	TRUE	NA	NA	NA	NA	NA	NA
NC_045512.2	3901	G	T	17	3	27	17	17	26	0.472222	36	3.91235e-07	TRUE	NA	NA	NA	NA	NA	NA
NC_045512.2	3901	G	A	17	3	27	2	2	26	0.0555556	36	0.119497	FALSE	NA	NA	NA	NA	NA	NA
NC_045512.2	3902	C	T	18	4	27	12	12	27	0.324324	37	1.75696e-05	TRUE	NA	NA	NA	NA	NA	NA
NC_045512.2	3902	C	G	18	4	27	4	4	27	0.108108	37	0.0172414	FALSE	NA	NA	NA	NA	NA	NA
NC_045512.2	3902	C	A	18	4	27	3	3	28	0.0810811	37	0.0454545	FALSE	NA	NA	NA	NA	NA	NA
NC_045512.2	3903	C	T	16	3	23	10	10	27	0.277778	36	5.89033e-05	TRUE	NA	NA	NA	NA	NA	NA
NC_045512.2	3903	C	G	16	3	23	8	8	27	0.222222	36	0.000331671	TRUE	NA	NA	NA	NA	NA	NA
NC_045512.2	3903	C	A	16	3	23	2	2	27	0.0555556	36	0.11103	FALSE	NA	NA	NA	NA	NA	NA
NC_045512.2	3904	A	T	19	5	26	7	7	27	0.189189	37	0.00133755	TRUE	NA	NA	NA	NA	NA	NA
NC_045512.2	3904	A	G	19	5	26	10	10	27	0.27027	37	0.000111891	TRUE	NA	NA	NA	NA	NA	NA
NC_045512.2	3904	A	C	19	5	26	1	1	28	0.027027	37	0.357143	FALSE	NA	NA	NA	NA	NA	NA
NC_045512.2	3905	T	G	30	16	26	7	7	27	0.189189	37	0.00631877	TRUE	NA	NA	NA	NA	NA	NA
NC_045512.2	3906	T	G	23	9	28	7	7	27	0.194444	36	0.0029242	TRUE	NA	NA	NA	NA	NA	NA
NC_045512.2	3906	T	C	23	9	28	1	1	28	0.0277778	36	0.40678	FALSE	NA	NA	NA	NA	NA	NA
NC_045512.2	3906	T	A	23	9	28	5	5	27	0.138889	36	0.0139824	FALSE	NA	NA	NA	NA	NA	NA
NC_045512.2	3907	T	G	19	10	25	2	2	30	0.0645161	31	0.164706	FALSE	NA	NA	NA	NA	NA	NA
NC_045512.2	3907	T	C	19	10	25	3	3	27	0.0967742	31	0.0696833	FALSE	NA	NA	NA	NA	NA	NA
NC_045512.2	3907	T	A	19	10	25	7	7	28	0.225806	31	0.00283635	TRUE	NA	NA	NA	NA	NA	NA
NC_045512.2	3908	A	T	26	12	27	4	4	27	0.108108	37	0.0380245	FALSE	NA	NA	NA	NA	NA	NA
NC_045512.2	3908	A	G	26	12	27	7	7	28	0.189189	37	0.00395964	TRUE	NA	NA	NA	NA	NA	NA
NC_045512.2	3909	T	G	21	7	27	8	8	27	0.216216	37	0.000850371	TRUE	NA	NA	NA	NA	NA	NA
NC_045512.2	3909	T	A	21	7	27	8	8	27	0.216216	37	0.000850371	TRUE	NA	NA	NA	NA	NA	NA
NC_045512.2	3910	A	T	25	11	27	8	8	26	0.228571	35	0.0021287	TRUE	NA	NA	NA	NA	NA	NA
NC_045512.2	3910	A	G	25	11	27	2	2	27	0.0571429	35	0.191803	FALSE	NA	NA	NA	NA	NA	NA
NC_045512.2	3911	A	T	24	10	24	9	9	27	0.243243	37	0.000680531	TRUE	NA	NA	NA	NA	NA	NA
NC_045512.2	3911	A	G	24	10	24	2	2	27	0.0540541	37	0.171867	FALSE	NA	NA	NA	NA	NA	NA
NC_045512.2	3911	A	C	24	10	24	2	2	28	0.0540541	37	0.171867	FALSE	NA	NA	NA	NA	NA	NA
NC_045512.2	3912	C	T	27	13	27	3	3	27	0.0810811	37	0.0887238	FALSE	NA	NA	NA	NA	NA	NA
NC_045512.2	3912	C	G	27	13	27	1	1	26	0.027027	37	0.4375	FALSE	NA	NA	NA	NA	NA	NA
NC_045512.2	3912	C	A	27	13	27	6	6	28	0.162162	37	0.00923917	TRUE	NA	NA	NA	NA	NA	NA
NC_045512.2	3913	T	G	24	10	27	4	4	27	0.114286	35	0.0367037	FALSE	NA	NA	NA	NA	NA	NA
NC_045512.2	3913	T	C	24	10	27	6	6	27	0.171429	35	0.00791971	TRUE	NA	NA	NA	NA	NA	NA
NC_045512.2	3913	T	A	24	10	27	1	1	24	0.0285714	35	0.423729	FALSE	NA	NA	NA	NA	NA	NA
NC_045512.2	3914	G	T	24	10	27	8	8	26	0.216216	37	0.00142293	TRUE	NA	NA	NA	NA	NA	NA
NC_045512.2	3914	G	C	24	10	27	2	2	28	0.0540541	37	0.171867	FALSE	NA	NA	NA	NA	NA	NA
NC_045512.2	3914	G	A	24	10	27	3	3	30	0.0810811	37	0.0736572	FALSE	NA	NA	NA	NA	NA	NA
NC_045512.2	3915	A	T	19	5	27	8	8	24	0.235294	34	0.000867684	TRUE	NA	NA	NA	NA	NA	NA
NC_045512.2	3915	A	G	19	5	27	7	7	27	0.205882	34	0.00192819	TRUE	NA	NA	NA	NA	NA	NA
NC_045512.2	3916	A	T	18	5	28	13	13	25	0.361111	36	1.00863e-05	TRUE	NA	NA	NA	NA	NA	NA
NC_045512.2	3916	A	C	18	5	28	5	5	26	0.138889	36	0.00734355	TRUE	NA	NA	NA	NA	NA	NA
NC_045512.2	3917	A	T	17	6	23	8	8	27	0.228571	35	0.000487751	TRUE	NA	NA	NA	NA	NA	NA
NC_045512.2	3917	A	G	17	6	23	4	3	27	0.114286	35	0.0175485	FALSE	NA	NA	NA	NA	NA	NA
NC_045512.2	3917	A	C	17	6	23	6	6	27	0.171429	35	0.00278181	TRUE	NA	NA	NA	NA	NA	NA
NC_045512.2	3918	G	T	23	10	26	2	2	29	0.0555556	36	0.169492	FALSE	NA	NA	NA	NA	NA	NA
NC_045512.2	3918	G	C	23	10	26	9	9	27	0.25	36	0.000655994	TRUE	NA	NA	NA	NA	NA	NA
NC_045512.2	3918	G	A	23	10	26	2	2	30	0.0555556	36	0.169492	FALSE	NA	NA	NA	NA	NA	NA
NC_045512.2	3919	T	G	17	4	26	6	6	27	0.166667	36	0.00249404	TRUE	NA	NA	NA	NA	NA	NA
NC_045512.2	3919	T	C	17	4	26	7	7	27	0.194444	36	0.00101452	TRUE	NA	NA	NA	NA	NA	NA
NC_045512.2	3919	T	A	17	4	26	6	6	27	0.166667	36	0.00249404	TRUE	NA	NA	NA	NA	NA	NA
NC_045512.2	3920	A	T	22	9	27	3	3	27	0.0882353	34	0.0745398	FALSE	NA	NA	NA	NA	NA	NA
NC_045512.2	3920	A	G	22	9	27	1	1	27	0.0294118	34	0.410714	FALSE	NA	NA	NA	NA	NA	NA
NC_045512.2	3920	A	C	22	9	27	8	8	27	0.235294	34	0.00151125	TRUE	NA	NA	NA	NA	NA	NA
NC_045512.2	3921	A	G	24	11	27	3	3	29	0.0857143	35	0.0812726	FALSE	NA	NA	NA	NA	NA	NA
NC_045512.2	3921	A	C	24	11	27	8	8	26	0.228571	35	0.00183132	TRUE	NA	NA	NA	NA	NA	NA
NC_045512.2	3922	A	T	22	10	23	5	5	26	0.151515	33	0.0161254	FALSE	NA	NA	NA	NA	NA	NA
NC_045512.2	3922	A	C	22	10	23	6	6	25	0.181818	33	0.00752519	TRUE	NA	NA	NA	NA	NA	NA
NC_045512.2	3923	C	T	16	4	27	1	1	34	0.03125	32	0.354167	FALSE	NA	NA	NA	NA	NA	NA
NC_045512.2	3923	C	A	16	4	27	15	14	25	0.46875	32	3.22978e-06	TRUE	NA	NA	NA	NA	NA	NA
NC_045512.2	3924	C	T	16	3	24	5	5	26	0.138889	36	0.00532722	TRUE	NA	NA	NA	NA	NA	NA
NC_045512.2	3924	C	G	16	3	24	1	1	38	0.0277778	36	0.326923	FALSE	NA	NA	NA	NA	NA	NA
NC_045512.2	3924	C	A	16	3	24	14	14	27	0.388889	36	2.38427e-06	TRUE	NA	NA	NA	NA	NA	NA
NC_045512.2	3925	T	G	22	9	26	3	3	27	0.0833333	36	0.0672122	FALSE	NA	NA	NA	NA	NA	NA
NC_045512.2	3925	T	A	22	9	26	11	11	27	0.305556	36	0.000126242	TRUE	NA	NA	NA	NA	NA	NA
NC_045512.2	3926	T	G	24	11	24	7	7	28	0.194444	36	0.00337649	TRUE	NA	NA	NA	NA	NA	NA
NC_045512.2	3926	T	C	24	11	24	2	2	26	0.0555556	36	0.177596	FALSE	NA	NA	NA	NA	NA	NA
NC_045512.2	3926	T	A	24	11	24	3	3	29	0.0833333	36	0.07734	FALSE	NA	NA	NA	NA	NA	NA
NC_045512.2	3927	C	T	20	7	27	7	7	27	0.2	35	0.0020355	TRUE	NA	NA	NA	NA	NA	NA
NC_045512.2	3927	C	G	20	7	27	6	6	27	0.171429	35	0.00459873	TRUE	NA	NA	NA	NA	NA	NA
NC_045512.2	3927	C	A	20	7	27	2	2	27	0.0571429	35	0.15	FALSE	NA	NA	NA	NA	NA	NA
NC_045512.2	3928	A	T	18	5	26	12	12	27	0.333333	36	2.1474e-05	TRUE	NA	NA	NA	NA	NA	NA
NC_045512.2	3928	A	C	18	5	26	6	6	27	0.166667	36	0.00298721	TRUE	NA	NA	NA	NA	NA	NA
NC_045512.2	3929	G	T	16	3	26	6	6	26	0.166667	36	0.00205612	TRUE	NA	NA	NA	NA	NA	NA
NC_045512.2	3929	G	C	16	3	26	8	8	27	0.222222	36	0.000331671	TRUE	NA	NA	NA	NA	NA	NA
NC_045512.2	3929	G	A	16	3	26	6	6	27	0.166667	36	0.00205612	TRUE	NA	NA	NA	NA	NA	NA
NC_045512.2	3930	T	G	23	10	26	3	3	27	0.0833333	36	0.0722423	FALSE	NA	NA	NA	NA	NA	NA
NC_045512.2	3930	T	C	23	10	26	2	2	28	0.0555556	36	0.169492	FALSE	NA	NA	NA	NA	NA	NA
NC_045512.2	3930	T	A	23	10	26	8	8	27	0.222222	36	0.00137349	TRUE	NA	NA	NA	NA	NA	NA
NC_045512.2	3931	T	C	15	5	23	11	11	26	0.333333	33	3.39325e-05	TRUE	NA	NA	NA	NA	NA	NA
NC_045512.2	3931	T	A	15	5	23	7	7	27	0.212121	33	0.000962978	TRUE	NA	NA	NA	NA	NA	NA
NC_045512.2	3932	G	T	17	4	26	12	12	26	0.342857	35	1.94482e-05	TRUE	NA	NA	NA	NA	NA	NA
NC_045512.2	3932	G	C	17	4	26	6	6	27	0.171429	35	0.00278181	TRUE	NA	NA	NA	NA	NA	NA
NC_045512.2	3933	A	T	19	7	26	13	13	25	0.371429	35	1.69874e-05	TRUE	NA	NA	NA	NA	NA	NA
NC_045512.2	3933	A	G	19	7	26	3	3	28	0.0857143	35	0.0555556	FALSE	NA	NA	NA	NA	NA	NA
NC_045512.2	3934	A	T	23	10	25	10	10	27	0.277778	36	0.00031835	TRUE	NA	NA	NA	NA	NA	NA
NC_045512.2	3934	A	G	23	10	25	3	3	27	0.0833333	36	0.0722423	FALSE	NA	NA	NA	NA	NA	NA
NC_045512.2	3935	C	T	21	8	27	1	1	20	0.0277778	36	0.385965	FALSE	NA	NA	NA	NA	NA	NA
NC_045512.2	3935	C	G	21	8	27	8	8	26	0.222222	36	0.000969721	TRUE	NA	NA	NA	NA	NA	NA
NC_045512.2	3935	C	A	21	8	27	6	6	27	0.166667	36	0.00481517	TRUE	NA	NA	NA	NA	NA	NA
NC_045512.2	3936	A	T	18	5	26	5	5	26	0.138889	36	0.00734355	TRUE	NA	NA	NA	NA	NA	NA
NC_045512.2	3936	A	G	18	5	26	7	7	27	0.194444	36	0.00124467	TRUE	NA	NA	NA	NA	NA	NA
NC_045512.2	3936	A	C	18	5	26	6	6	27	0.166667	36	0.00298721	TRUE	NA	NA	NA	NA	NA	NA
NC_045512.2	3937	G	T	18	5	27	9	9	27	0.257143	35	0.000270262	TRUE	NA	NA	NA	NA	NA	NA
NC_045512.2	3937	G	C	18	5	27	8	8	27	0.228571	35	0.000610593	TRUE	NA	NA	NA	NA	NA	NA
NC_045512.2	3938	A	T	17	4	27	12	12	27	0.333333	36	1.58016e-05	TRUE	NA	NA	NA	NA	NA	NA
NC_045512.2	3938	A	G	17	4	27	6	6	27	0.166667	36	0.00249404	TRUE	NA	NA	NA	NA	NA	NA
NC_045512.2	3938	A	C	17	4	27	1	1	27	0.0277778	36	0.339623	FALSE	NA	NA	NA	NA	NA	NA
NC_045512.2	3939	G	T	25	12	27	5	5	27	0.147059	34	0.0202744	FALSE	NA	NA	NA	NA	NA	NA
NC_045512.2	3939	G	C	25	12	27	2	2	27	0.0588235	34	0.198305	FALSE	NA	NA	NA	NA	NA	NA
NC_045512.2	3939	G	A	25	12	27	2	2	26	0.0588235	34	0.198305	FALSE	NA	NA	NA	NA	NA	NA
NC_045512.2	3940	A	T	20	7	26	9	9	25	0.257143	35	0.000423151	TRUE	NA	NA	NA	NA	NA	NA
NC_045512.2	3940	A	C	20	7	26	6	6	27	0.171429	35	0.00459873	TRUE	NA	NA	NA	NA	NA	NA
NC_045512.2	3941	A	T	16	3	27	11	11	24	0.305556	36	2.56514e-05	TRUE	NA	NA	NA	NA	NA	NA
NC_045512.2	3941	A	G	16	3	27	2	2	28	0.0555556	36	0.11103	FALSE	NA	NA	NA	NA	NA	NA
NC_045512.2	3941	A	C	16	3	27	7	7	27	0.194444	36	0.000815358	TRUE	NA	NA	NA	NA	NA	NA
NC_045512.2	3942	A	T	18	5	27	14	14	25	0.424242	33	9.85119e-06	TRUE	NA	NA	NA	NA	NA	NA
NC_045512.2	3942	A	C	18	5	27	1	1	23	0.030303	33	0.372549	FALSE	NA	NA	NA	NA	NA	NA
NC_045512.2	3942	A	-A	18	5	27	1	0	20	0.030303	33	0.372549	FALSE	NA	NA	NA	NA	NA	NA
NC_045512.2	3943	A	T	13	6	23	14	14	27	0.482759	29	3.45551e-06	TRUE	NA	NA	NA	NA	NA	NA
NC_045512.2	3943	A	G	13	6	23	2	2	26	0.0689655	29	0.110994	FALSE	NA	NA	NA	NA	NA	NA
NC_045512.2	3944	C	T	16	3	27	8	8	26	0.222222	36	0.000331671	TRUE	NA	NA	NA	NA	NA	NA
NC_045512.2	3944	C	G	16	3	27	7	7	27	0.194444	36	0.000815358	TRUE	NA	NA	NA	NA	NA	NA
NC_045512.2	3944	C	A	16	3	27	5	5	26	0.138889	36	0.00532722	TRUE	NA	NA	NA	NA	NA	NA
NC_045512.2	3945	A	T	24	11	26	4	4	25	0.111111	36	0.0343733	FALSE	NA	NA	NA	NA	NA	NA
NC_045512.2	3945	A	G	24	11	26	7	7	27	0.194444	36	0.00337649	TRUE	NA	NA	NA	NA	NA	NA
NC_045512.2	3945	A	C	24	11	26	1	1	24	0.0277778	36	0.416667	FALSE	NA	NA	NA	NA	NA	NA
NC_045512.2	3946	A	T	24	12	24	8	8	27	0.242424	33	0.00237639	TRUE	NA	NA	NA	NA	NA	NA
NC_045512.2	3946	A	C	24	12	24	1	1	32	0.030303	33	0.438596	FALSE	NA	NA	NA	NA	NA	NA
NC_045512.2	3947	G	T	18	5	26	11	11	27	0.354839	31	0.000123618	TRUE	NA	NA	NA	NA	NA	NA
NC_045512.2	3947	G	A	18	5	26	2	2	29	0.0645161	31	0.155102	FALSE	NA	NA	NA	NA	NA	NA
NC_045512.2	3948	A	G	25	12	26	2	2	26	0.0666667	30	0.227922	FALSE	NA	NA	NA	NA	NA	NA
NC_045512.2	3948	A	C	25	12	26	3	3	27	0.1	30	0.111962	FALSE	NA	NA	NA	NA	NA	NA
NC_045512.2	3949	T	G	18	5	27	1	1	26	0.0285714	35	0.358491	FALSE	NA	NA	NA	NA	NA	NA
NC_045512.2	3949	T	A	18	5	27	16	16	27	0.457143	35	1.49973e-06	TRUE	NA	NA	NA	NA	NA	NA
NC_045512.2	3950	G	C	16	3	26	2	2	27	0.0555556	36	0.11103	FALSE	NA	NA	NA	NA	NA	NA
NC_045512.2	3950	G	A	16	3	26	18	18	27	0.5	36	1.27904e-07	TRUE	NA	NA	NA	NA	NA	NA
NC_045512.2	3951	A	T	29	16	27	4	4	27	0.111111	36	0.0502465	FALSE	NA	NA	NA	NA	NA	NA
NC_045512.2	3951	A	G	29	16	27	3	3	26	0.0833333	36	0.103538	FALSE	NA	NA	NA	NA	NA	NA
NC_045512.2	3952	T	C	23	10	26	3	3	27	0.0833333	36	0.0722423	FALSE	NA	NA	NA	NA	NA	NA
NC_045512.2	3952	T	A	23	10	26	10	10	27	0.277778	36	0.00031835	TRUE	NA	NA	NA	NA	NA	NA
NC_045512.2	3953	A	T	16	3	25	12	12	27	0.342857	35	1.40831e-05	TRUE	NA	NA	NA	NA	NA	NA
NC_045512.2	3953	A	G	16	3	25	1	1	24	0.0285714	35	0.333333	FALSE	NA	NA	NA	NA	NA	NA
NC_045512.2	3953	A	C	16	3	25	6	6	26	0.171429	35	0.00229802	TRUE	NA	NA	NA	NA	NA	NA
NC_045512.2	3954	A	T	15	4	23	7	7	27	0.205882	34	0.000840417	TRUE	NA	NA	NA	NA	NA	NA
NC_045512.2	3954	A	G	15	4	23	4	4	27	0.117647	34	0.0143171	FALSE	NA	NA	NA	NA	NA	NA
NC_045512.2	3954	A	C	15	4	23	8	8	27	0.235294	34	0.000345171	TRUE	NA	NA	NA	NA	NA	NA
NC_045512.2	3955	G	T	16	3	25	9	9	27	0.257143	35	0.000162584	TRUE	NA	NA	NA	NA	NA	NA
NC_045512.2	3955	G	C	16	3	25	6	6	26	0.171429	35	0.00229802	TRUE	NA	NA	NA	NA	NA	NA
NC_045512.2	3955	G	A	16	3	25	4	4	27	0.114286	35	0.0153201	FALSE	NA	NA	NA	NA	NA	NA
NC_045512.2	3956	A	T	17	4	26	7	7	27	0.205882	34	0.00130909	TRUE	NA	NA	NA	NA	NA	NA
NC_045512.2	3956	A	G	17	4	26	2	2	28	0.0588235	34	0.128959	FALSE	NA	NA	NA	NA	NA	NA
NC_045512.2	3956	A	C	17	4	26	8	8	27	0.235294	34	0.000564262	TRUE	NA	NA	NA	NA	NA	NA
NC_045512.2	3957	A	T	25	12	26	9	9	27	0.243243	37	0.000806526	TRUE	NA	NA	NA	NA	NA	NA
NC_045512.2	3957	A	G	25	12	26	2	2	25	0.0540541	37	0.179724	FALSE	NA	NA	NA	NA	NA	NA
NC_045512.2	3957	A	C	25	12	26	1	1	30	0.027027	37	0.419355	FALSE	NA	NA	NA	NA	NA	NA
NC_045512.2	3958	A	T	25	12	26	7	7	27	0.189189	37	0.00347195	TRUE	NA	NA	NA	NA	NA	NA
NC_045512.2	3958	A	G	25	12	26	4	4	24	0.108108	37	0.0350806	FALSE	NA	NA	NA	NA	NA	NA
NC_045512.2	3958	A	C	25	12	26	1	1	30	0.027027	37	0.419355	FALSE	NA	NA	NA	NA	NA	NA
NC_045512.2	3959	A	T	13	9	24	7	7	26	0.25	28	0.0012326	TRUE	NA	NA	NA	NA	NA	NA
NC_045512.2	3959	A	G	13	9	24	8	8	27	0.285714	28	0.000539262	TRUE	NA	NA	NA	NA	NA	NA
NC_045512.2	3960	T	G	18	6	26	6	6	25	0.166667	36	0.00298721	TRUE	NA	NA	NA	NA	NA	NA
NC_045512.2	3960	T	C	18	6	26	4	4	24	0.111111	36	0.0185185	FALSE	NA	NA	NA	NA	NA	NA
NC_045512.2	3960	T	A	18	6	26	8	8	25	0.222222	36	0.000530515	TRUE	NA	NA	NA	NA	NA	NA
NC_045512.2	3961	C	T	21	9	26	3	3	25	0.0882353	34	0.0691729	FALSE	NA	NA	NA	NA	NA	NA
NC_045512.2	3961	C	G	21	9	26	1	1	27	0.0294118	34	0.4	FALSE	NA	NA	NA	NA	NA	NA
NC_045512.2	3961	C	A	21	9	26	9	9	25	0.264706	34	0.000604501	TRUE	NA	NA	NA	NA	NA	NA
NC_045512.2	3962	A	T	25	13	25	3	3	26	0.0833333	36	0.082496	FALSE	NA	NA	NA	NA	NA	NA
NC_045512.2	3962	A	G	25	13	25	1	1	27	0.0277778	36	0.42623	FALSE	NA	NA	NA	NA	NA	NA
NC_045512.2	3962	A	C	25	13	25	7	7	24	0.194444	36	0.00387037	TRUE	NA	NA	NA	NA	NA	NA
NC_045512.2	3963	A	T	29	17	27	1	1	27	0.0294118	34	0.47619	FALSE	NA	NA	NA	NA	NA	NA
NC_045512.2	3963	A	G	29	17	27	2	2	22	0.0588235	34	0.230655	FALSE	NA	NA	NA	NA	NA	NA
NC_045512.2	3963	A	C	29	17	27	2	2	26	0.0588235	34	0.230655	FALSE	NA	NA	NA	NA	NA	NA
NC_045512.2	3964	A	T	24	16	26	2	2	27	0.0666667	30	0.218855	FALSE	NA	NA	NA	NA	NA	NA
NC_045512.2	3964	A	G	24	16	26	1	1	27	0.0333333	30	0.462963	FALSE	NA	NA	NA	NA	NA	NA
NC_045512.2	3964	A	C	24	16	26	3	3	29	0.1	30	0.105519	FALSE	NA	NA	NA	NA	NA	NA
NC_045512.2	3965	G	T	15	3	27	4	4	23	0.111111	36	0.0122561	FALSE	NA	NA	NA	NA	NA	NA
NC_045512.2	3965	G	C	15	3	27	6	6	27	0.166667	36	0.00167128	TRUE	NA	NA	NA	NA	NA	NA
NC_045512.2	3965	G	A	15	3	27	11	11	26	0.305556	36	1.84795e-05	TRUE	NA	NA	NA	NA	NA	NA
NC_045512.2	3966	C	T	20	9	26	11	11	24	0.314286	35	9.45986e-05	TRUE	NA	NA	NA	NA	NA	NA
NC_045512.2	3966	C	G	20	9	26	1	1	28	0.0285714	35	0.381818	FALSE	NA	NA	NA	NA	NA	NA
NC_045512.2	3966	C	A	20	9	26	3	3	27	0.0857143	35	0.0605263	FALSE	NA	NA	NA	NA	NA	NA
NC_045512.2	3967	T	G	24	13	26	3	3	25	0.09375	32	0.0947952	FALSE	NA	NA	NA	NA	NA	NA
NC_045512.2	3967	T	C	24	13	26	4	4	25	0.125	32	0.0449875	FALSE	NA	NA	NA	NA	NA	NA
NC_045512.2	3967	T	A	24	13	26	1	1	27	0.03125	32	0.446429	FALSE	NA	NA	NA	NA	NA	NA
NC_045512.2	3968	T	G	23	13	24	7	7	26	0.2	35	0.00327712	TRUE	NA	NA	NA	NA	NA	NA
NC_045512.2	3968	T	C	23	13	24	1	0	27	0.0285714	35	0.413793	FALSE	NA	NA	NA	NA	NA	NA
NC_045512.2	3968	T	A	23	13	24	4	4	22	0.114286	35	0.03363	FALSE	NA	NA	NA	NA	NA	NA
NC_045512.2	3969	G	T	22	11	26	7	7	23	0.205882	34	0.00317363	TRUE	NA	NA	NA	NA	NA	NA
NC_045512.2	3969	G	A	22	11	26	5	5	26	0.147059	34	0.0147816	FALSE	NA	NA	NA	NA	NA	NA
NC_045512.2	3970	T	G	28	17	26	3	3	27	0.0967742	31	0.124896	FALSE	NA	NA	NA	NA	NA	NA
NC_045512.2	3971	G	T	16	5	26	13	13	26	0.371429	35	6.48272e-06	TRUE	NA	NA	NA	NA	NA	NA
NC_045512.2	3971	G	C	16	5	26	4	4	25	0.114286	35	0.0153201	FALSE	NA	NA	NA	NA	NA	NA
NC_045512.2	3971	G	A	16	5	26	2	2	23	0.0571429	35	0.115385	FALSE	NA	NA	NA	NA	NA	NA
NC_045512.2	3971	G	-T	16	5	26	1	0	20	0.0285714	35	0.333333	FALSE	NA	NA	NA	NA	NA	NA
NC_045512.2	3972	T	C	21	10	25	6	6	25	0.193548	31	0.00815719	TRUE	NA	NA	NA	NA	NA	NA
NC_045512.2	3972	T	A	21	10	25	4	4	25	0.129032	31	0.0370908	FALSE	NA	NA	NA	NA	NA	NA
NC_045512.2	3973	T	G	13	4	23	3	3	26	0.0967742	31	0.0368906	FALSE	NA	NA	NA	NA	NA	NA
NC_045512.2	3973	T	C	13	4	23	7	7	24	0.225806	31	0.000776097	TRUE	NA	NA	NA	NA	NA	NA
NC_045512.2	3973	T	A	13	4	23	8	8	23	0.258065	31	0.000319569	TRUE	NA	NA	NA	NA	NA	NA
NC_045512.2	3974	G	T	17	6	27	4	4	24	0.133333	30	0.0259878	FALSE	NA	NA	NA	NA	NA	NA
NC_045512.2	3974	G	A	17	6	27	9	9	24	0.3	30	0.000491405	TRUE	NA	NA	NA	NA	NA	NA
NC_045512.2	3975	A	T	14	3	27	2	2	25	0.125	16	0.258065	FALSE	NA	NA	NA	NA	NA	NA
NC_045512.2	3976	A	T	11	2	24	1	1	28	0.0769231	13	0.5	FALSE	NA	NA	NA	NA	NA	NA
NC_045512.2	3976	A	G	11	2	24	1	0	27	0.0769231	13	0.5	FALSE	NA	NA	NA	NA	NA	NA
NC_045512.2	3977	G	A	13	2	27	1	1	24	0.0714286	14	0.518519	FALSE	NA	NA	NA	NA	NA	NA
NC_045512.2	3979	A	G	11	2	23	1	1	28	0.0833333	12	0.521739	FALSE	NA	NA	NA	NA	NA	NA
NC_045512.2	3980	G	C	10	2	28	1	1	22	0.0909091	11	0.52381	FALSE	NA	NA	NA	NA	NA	NA
NC_045512.2	3981	T	C	10	2	27	1	1	28	0.0909091	11	0.52381	FALSE	NA	NA	NA	NA	NA	NA
NC_045512.2	3982	T	A	10	2	24	1	1	28	0.0909091	11	0.52381	FALSE	NA	NA	NA	NA	NA	NA
NC_045512.2	3983	A	T	10	2	27	1	1	21	0.0909091	11	0.52381	FALSE	NA	NA	NA	NA	NA	NA
NC_045512.2	3984	C	T	10	2	27	1	1	30	0.0909091	11	0.52381	FALSE	NA	NA	NA	NA	NA	NA
NC_045512.2	3985	A	T	9	1	27	1	1	25	0.1	10	0.526316	FALSE	NA	NA	NA	NA	NA	NA
NC_045512.2	3987	C	T	7	2	25	1	1	26	0.125	8	0.533333	FALSE	NA	NA	NA	NA	NA	NA
NC_045512.2	3989	A	G	5	3	24	1	1	27	0.166667	6	0.545455	FALSE	NA	NA	NA	NA	NA	NA
NC_045512.2	3990	C	A	8	3	25	1	1	27	0.111111	9	0.529412	FALSE	NA	NA	NA	NA	NA	NA
NC_045512.2	3991	T	G	8	3	28	1	1	26	0.111111	9	0.529412	FALSE	NA	NA	NA	NA	NA	NA
NC_045512.2	3992	C	G	7	2	28	1	1	25	0.111111	9	0.5	FALSE	NA	NA	NA	NA	NA	NA
NC_045512.2	3992	C	A	7	2	28	1	1	25	0.111111	9	0.5	FALSE	NA	NA	NA	NA	NA	NA
NC_045512.2	3994	G	T	7	2	26	1	1	23	0.111111	9	0.5	FALSE	NA	NA	NA	NA	NA	NA
NC_045512.2	3994	G	A	7	2	26	1	1	25	0.111111	9	0.5	FALSE	NA	NA	NA	NA	NA	NA
NC_045512.2	3995	G	A	7	2	24	1	1	25	0.125	8	0.533333	FALSE	NA	NA	NA	NA	NA	NA
NC_045512.2	3996	A	G	7	2	26	1	1	25	0.111111	9	0.5	FALSE	NA	NA	NA	NA	NA	NA
NC_045512.2	3996	A	C	7	2	26	1	1	23	0.111111	9	0.5	FALSE	NA	NA	NA	NA	NA	NA
NC_045512.2	3997	A	T	7	2	24	2	2	25	0.222222	9	0.264706	FALSE	NA	NA	NA	NA	NA	NA
NC_045512.2	3998	G	A	7	2	26	1	1	20	0.125	8	0.533333	FALSE	NA	NA	NA	NA	NA	NA
NC_045512.2	4001	A	G	7	2	23	1	1	26	0.111111	9	0.5	FALSE	NA	NA	NA	NA	NA	NA
NC_045512.2	4001	A	C	7	2	23	1	1	23	0.111111	9	0.5	FALSE	NA	NA	NA	NA	NA	NA
NC_045512.2	4002	C	A	8	3	27	1	1	26	0.111111	9	0.529412	FALSE	NA	NA	NA	NA	NA	NA
NC_045512.2	4003	T	G	8	3	27	1	1	20	0.111111	9	0.529412	FALSE	NA	NA	NA	NA	NA	NA
NC_045512.2	4004	A	T	7	2	27	1	1	27	0.111111	9	0.5	FALSE	NA	NA	NA	NA	NA	NA
NC_045512.2	4004	A	G	7	2	27	1	1	27	0.111111	9	0.5	FALSE	NA	NA	NA	NA	NA	NA
NC_045512.2	4005	A	C	8	3	25	1	1	23	0.111111	9	0.529412	FALSE	NA	NA	NA	NA	NA	NA
NC_045512.2	4006	G	A	7	2	29	2	2	26	0.222222	9	0.264706	FALSE	NA	NA	NA	NA	NA	NA
NC_045512.2	4007	T	G	7	2	27	2	2	26	0.222222	9	0.264706	FALSE	NA	NA	NA	NA	NA	NA
NC_045512.2	4009	C	T	7	2	28	2	2	28	0.222222	9	0.264706	FALSE	NA	NA	NA	NA	NA	NA
NC_045512.2	4010	C	G	7	2	25	1	1	28	0.111111	9	0.5	FALSE	NA	NA	NA	NA	NA	NA
NC_045512.2	4010	C	A	7	2	25	1	1	24	0.111111	9	0.5	FALSE	NA	NA	NA	NA	NA	NA
NC_045512.2	4011	T	A	7	2	28	2	2	25	0.222222	9	0.264706	FALSE	NA	NA	NA	NA	NA	NA
NC_045512.2	4012	C	G	6	2	29	1	1	27	0.125	8	0.5	FALSE	NA	NA	NA	NA	NA	NA
NC_045512.2	4012	C	A	6	2	29	1	1	29	0.125	8	0.5	FALSE	NA	NA	NA	NA	NA	NA
NC_045512.2	4013	A	C	6	2	28	2	2	25	0.25	8	0.266667	FALSE	NA	NA	NA	NA	NA	NA
NC_045512.2	4014	C	A	7	3	27	1	1	28	0.125	8	0.533333	FALSE	NA	NA	NA	NA	NA	NA
NC_045512.2	4015	A	G	7	3	27	1	1	25	0.125	8	0.533333	FALSE	NA	NA	NA	NA	NA	NA
NC_045512.2	4016	G	T	6	2	28	1	1	23	0.125	8	0.5	FALSE	NA	NA	NA	NA	NA	NA
NC_045512.2	4016	G	A	6	2	28	1	1	25	0.125	8	0.5	FALSE	NA	NA	NA	NA	NA	NA
NC_045512.2	4017	A	T	6	2	26	1	1	29	0.125	8	0.5	FALSE	NA	NA	NA	NA	NA	NA
NC_045512.2	4017	A	G	6	2	26	1	1	25	0.125	8	0.5	FALSE	NA	NA	NA	NA	NA	NA
NC_045512.2	4018	A	T	6	2	28	1	1	27	0.142857	7	0.538462	FALSE	NA	NA	NA	NA	NA	NA
NC_045512.2	4020	A	T	6	3	24	1	1	27	0.142857	7	0.538462	FALSE	NA	NA	NA	NA	NA	NA
NC_045512.2	4021	C	A	6	2	27	2	2	25	0.25	8	0.266667	FALSE	NA	NA	NA	NA	NA	NA
NC_045512.2	4022	T	C	6	2	26	1	1	27	0.125	8	0.5	FALSE	NA	NA	NA	NA	NA	NA
NC_045512.2	4022	T	A	6	2	26	1	1	28	0.125	8	0.5	FALSE	NA	NA	NA	NA	NA	NA
NC_045512.2	4023	T	C	6	2	24	1	1	26	0.125	8	0.5	FALSE	NA	NA	NA	NA	NA	NA
NC_045512.2	4023	T	A	6	2	24	1	1	23	0.125	8	0.5	FALSE	NA	NA	NA	NA	NA	NA
NC_045512.2	4024	G	T	7	2	27	1	1	27	0.111111	9	0.5	FALSE	NA	NA	NA	NA	NA	NA
NC_045512.2	4024	G	A	7	2	27	1	1	21	0.111111	9	0.5	FALSE	NA	NA	NA	NA	NA	NA
NC_045512.2	4025	T	G	7	2	26	2	2	24	0.2	10	0.235294	FALSE	NA	NA	NA	NA	NA	NA
NC_045512.2	4025	T	A	7	2	26	1	1	21	0.1	10	0.470588	FALSE	NA	NA	NA	NA	NA	NA
NC_045512.2	4026	T	A	7	2	24	3	3	24	0.3	10	0.123839	FALSE	NA	NA	NA	NA	NA	NA
NC_045512.2	4027	A	T	9	4	27	1	1	27	0.1	10	0.526316	FALSE	NA	NA	NA	NA	NA	NA
NC_045512.2	4028	C	G	7	2	27	2	2	27	0.2	10	0.235294	FALSE	NA	NA	NA	NA	NA	NA
NC_045512.2	4028	C	A	7	2	27	1	1	30	0.1	10	0.470588	FALSE	NA	NA	NA	NA	NA	NA
NC_045512.2	4029	T	G	7	2	26	1	1	29	0.1	10	0.470588	FALSE	NA	NA	NA	NA	NA	NA
NC_045512.2	4029	T	A	7	2	26	2	2	27	0.2	10	0.235294	FALSE	NA	NA	NA	NA	NA	NA
NC_045512.2	4030	T	G	9	4	27	1	1	24	0.1	10	0.526316	FALSE	NA	NA	NA	NA	NA	NA
NC_045512.2	4031	T	G	6	2	24	1	1	28	0.111111	9	0.466667	FALSE	NA	NA	NA	NA	NA	NA
NC_045512.2	4031	T	A	6	2	24	2	2	22	0.222222	9	0.233333	FALSE	NA	NA	NA	NA	NA	NA
NC_045512.2	4033	T	G	7	2	27	1	1	27	0.1	10	0.470588	FALSE	NA	NA	NA	NA	NA	NA
NC_045512.2	4033	T	A	7	2	27	2	2	27	0.2	10	0.235294	FALSE	NA	NA	NA	NA	NA	NA
NC_045512.2	4034	A	G	8	3	26	1	1	28	0.1	10	0.5	FALSE	NA	NA	NA	NA	NA	NA
NC_045512.2	4034	A	C	8	3	26	1	1	22	0.1	10	0.5	FALSE	NA	NA	NA	NA	NA	NA
NC_045512.2	4035	T	C	7	3	26	2	1	27	0.2	10	0.235294	FALSE	NA	NA	NA	NA	NA	NA
NC_045512.2	4035	T	A	7	3	26	1	1	28	0.1	10	0.470588	FALSE	NA	NA	NA	NA	NA	NA
NC_045512.2	4036	T	A	9	4	25	1	1	29	0.1	10	0.526316	FALSE	NA	NA	NA	NA	NA	NA
NC_045512.2	4037	G	T	7	2	27	1	1	27	0.1	10	0.470588	FALSE	NA	NA	NA	NA	NA	NA
NC_045512.2	4037	G	A	7	2	27	2	2	27	0.2	10	0.235294	FALSE	NA	NA	NA	NA	NA	NA
NC_045512.2	4038	A	T	8	3	27	1	1	28	0.1	10	0.5	FALSE	NA	NA	NA	NA	NA	NA
NC_045512.2	4038	A	C	8	3	27	1	1	27	0.1	10	0.5	FALSE	NA	NA	NA	NA	NA	NA
NC_045512.2	4039	C	G	8	3	28	1	1	27	0.1	10	0.5	FALSE	NA	NA	NA	NA	NA	NA
NC_045512.2	4039	C	A	8	3	28	1	1	26	0.1	10	0.5	FALSE	NA	NA	NA	NA	NA	NA
NC_045512.2	4040	A	G	8	3	27	1	1	26	0.111111	9	0.529412	FALSE	NA	NA	NA	NA	NA	NA
NC_045512.2	4041	T	C	8	3	26	1	1	26	0.1	10	0.5	FALSE	NA	NA	NA	NA	NA	NA
NC_045512.2	4041	T	A	8	3	26	1	1	31	0.1	10	0.5	FALSE	NA	NA	NA	NA	NA	NA
NC_045512.2	4042	T	A	7	3	25	2	2	27	0.222222	9	0.264706	FALSE	NA	NA	NA	NA	NA	NA
NC_045512.2	4043	A	T	7	2	27	1	1	20	0.1	10	0.470588	FALSE	NA	NA	NA	NA	NA	NA
NC_045512.2	4043	A	G	7	2	27	2	2	28	0.2	10	0.235294	FALSE	NA	NA	NA	NA	NA	NA
NC_045512.2	4044	A	T	8	3	25	1	1	27	0.1	10	0.5	FALSE	NA	NA	NA	NA	NA	NA
NC_045512.2	4044	A	C	8	3	25	1	1	28	0.1	10	0.5	FALSE	NA	NA	NA	NA	NA	NA
NC_045512.2	4045	T	A	9	4	27	1	1	28	0.1	10	0.526316	FALSE	NA	NA	NA	NA	NA	NA
NC_045512.2	4046	G	T	7	2	26	1	1	28	0.1	10	0.470588	FALSE	NA	NA	NA	NA	NA	NA
NC_045512.2	4046	G	C	7	2	26	1	1	28	0.1	10	0.470588	FALSE	NA	NA	NA	NA	NA	NA
NC_045512.2	4046	G	A	7	2	26	1	1	27	0.1	10	0.470588	FALSE	NA	NA	NA	NA	NA	NA
NC_045512.2	4047	G	T	8	3	24	1	1	27	0.1	10	0.5	FALSE	NA	NA	NA	NA	NA	NA
NC_045512.2	4047	G	A	8	3	24	1	1	29	0.1	10	0.5	FALSE	NA	NA	NA	NA	NA	NA
NC_045512.2	4048	C	T	7	2	25	1	1	27	0.1	10	0.470588	FALSE	NA	NA	NA	NA	NA	NA
NC_045512.2	4048	C	G	7	2	25	1	1	27	0.1	10	0.470588	FALSE	NA	NA	NA	NA	NA	NA
NC_045512.2	4048	C	A	7	2	25	1	1	21	0.1	10	0.470588	FALSE	NA	NA	NA	NA	NA	NA
NC_045512.2	4049	A	G	9	4	25	1	1	23	0.1	10	0.526316	FALSE	NA	NA	NA	NA	NA	NA
NC_045512.2	4050	A	G	5	2	24	1	1	29	0.142857	7	0.5	FALSE	NA	NA	NA	NA	NA	NA
NC_045512.2	4050	A	C	5	2	24	1	1	27	0.142857	7	0.5	FALSE	NA	NA	NA	NA	NA	NA
NC_045512.2	4052	C	G	7	2	27	2	2	25	0.2	10	0.235294	FALSE	NA	NA	NA	NA	NA	NA
NC_045512.2	4052	C	A	7	2	27	1	1	27	0.1	10	0.470588	FALSE	NA	NA	NA	NA	NA	NA
NC_045512.2	4053	T	A	7	2	26	3	3	23	0.3	10	0.123839	FALSE	NA	NA	NA	NA	NA	NA
NC_045512.2	4054	T	A	7	2	24	3	3	27	0.3	10	0.123839	FALSE	NA	NA	NA	NA	NA	NA
NC_045512.2	4055	C	G	8	3	26	1	1	27	0.1	10	0.5	FALSE	NA	NA	NA	NA	NA	NA
NC_045512.2	4055	C	A	8	3	26	1	1	28	0.1	10	0.5	FALSE	NA	NA	NA	NA	NA	NA
NC_045512.2	4056	A	G	9	4	26	1	1	28	0.1	10	0.526316	FALSE	NA	NA	NA	NA	NA	NA
NC_045512.2	4057	T	A	8	3	27	2	2	25	0.2	10	0.263158	FALSE	NA	NA	NA	NA	NA	NA
NC_045512.2	4058	C	G	7	2	26	2	2	25	0.222222	9	0.264706	FALSE	NA	NA	NA	NA	NA	NA
NC_045512.2	4059	C	T	7	2	24	1	1	20	0.1	10	0.470588	FALSE	NA	NA	NA	NA	NA	NA
NC_045512.2	4059	C	A	7	2	24	2	2	27	0.2	10	0.235294	FALSE	NA	NA	NA	NA	NA	NA
NC_045512.2	4060	A	T	8	3	27	2	2	28	0.2	10	0.263158	FALSE	NA	NA	NA	NA	NA	NA
NC_045512.2	4061	G	C	8	3	28	1	1	23	0.1	10	0.5	FALSE	NA	NA	NA	NA	NA	NA
NC_045512.2	4061	G	A	8	3	28	1	1	29	0.1	10	0.5	FALSE	NA	NA	NA	NA	NA	NA
NC_045512.2	4062	A	C	8	3	28	2	2	28	0.2	10	0.263158	FALSE	NA	NA	NA	NA	NA	NA
NC_045512.2	4063	T	A	9	4	26	1	1	23	0.1	10	0.526316	FALSE	NA	NA	NA	NA	NA	NA
NC_045512.2	4064	T	A	8	3	25	2	2	28	0.2	10	0.263158	FALSE	NA	NA	NA	NA	NA	NA
NC_045512.2	4065	C	A	9	4	28	1	1	27	0.1	10	0.526316	FALSE	NA	NA	NA	NA	NA	NA
NC_045512.2	4066	T	G	7	2	28	1	1	27	0.1	10	0.470588	FALSE	NA	NA	NA	NA	NA	NA
NC_045512.2	4066	T	A	7	2	28	2	2	25	0.2	10	0.235294	FALSE	NA	NA	NA	NA	NA	NA
NC_045512.2	4067	G	A	8	3	27	1	1	31	0.111111	9	0.529412	FALSE	NA	NA	NA	NA	NA	NA
NC_045512.2	4068	C	A	8	3	27	1	1	26	0.111111	9	0.529412	FALSE	NA	NA	NA	NA	NA	NA
NC_045512.2	4069	C	T	7	2	24	2	2	25	0.2	10	0.235294	FALSE	NA	NA	NA	NA	NA	NA
NC_045512.2	4069	C	A	7	2	24	1	1	26	0.1	10	0.470588	FALSE	NA	NA	NA	NA	NA	NA
NC_045512.2	4070	A	G	8	3	27	1	1	26	0.1	10	0.5	FALSE	NA	NA	NA	NA	NA	NA
NC_045512.2	4070	A	C	8	3	27	1	1	23	0.1	10	0.5	FALSE	NA	NA	NA	NA	NA	NA
NC_045512.2	4071	C	T	7	2	28	2	2	25	0.2	10	0.235294	FALSE	NA	NA	NA	NA	NA	NA
NC_045512.2	4071	C	A	7	2	28	1	1	21	0.1	10	0.470588	FALSE	NA	NA	NA	NA	NA	NA
NC_045512.2	4072	T	C	7	2	30	1	1	27	0.111111	9	0.5	FALSE	NA	NA	NA	NA	NA	NA
NC_045512.2	4072	T	A	7	2	30	1	1	27	0.111111	9	0.5	FALSE	NA	NA	NA	NA	NA	NA
NC_045512.2	4073	C	G	8	3	27	1	1	28	0.1	10	0.5	FALSE	NA	NA	NA	NA	NA	NA
NC_045512.2	4073	C	A	8	3	27	1	1	22	0.1	10	0.5	FALSE	NA	NA	NA	NA	NA	NA
NC_045512.2	4074	T	A	7	2	26	3	3	24	0.3	10	0.123839	FALSE	NA	NA	NA	NA	NA	NA
NC_045512.2	4075	T	G	5	2	26	1	1	23	0.125	8	0.461538	FALSE	NA	NA	NA	NA	NA	NA
NC_045512.2	4075	T	A	5	2	26	2	2	28	0.25	8	0.230769	FALSE	NA	NA	NA	NA	NA	NA
NC_045512.2	4076	G	A	9	4	26	1	1	27	0.1	10	0.526316	FALSE	NA	NA	NA	NA	NA	NA
NC_045512.2	4077	T	G	7	2	26	1	1	25	0.111111	9	0.5	FALSE	NA	NA	NA	NA	NA	NA
NC_045512.2	4077	T	C	7	2	26	1	1	29	0.111111	9	0.5	FALSE	NA	NA	NA	NA	NA	NA
NC_045512.2	4078	T	A	8	3	25	1	1	23	0.111111	9	0.529412	FALSE	NA	NA	NA	NA	NA	NA
NC_045512.2	4079	A	T	9	4	28	1	1	29	0.1	10	0.526316	FALSE	NA	NA	NA	NA	NA	NA
NC_045512.2	4080	G	C	8	3	28	1	1	24	0.1	10	0.5	FALSE	NA	NA	NA	NA	NA	NA
NC_045512.2	4080	G	A	8	3	28	1	1	25	0.1	10	0.5	FALSE	NA	NA	NA	NA	NA	NA
NC_045512.2	4081	T	A	9	4	28	1	1	25	0.1	10	0.526316	FALSE	NA	NA	NA	NA	NA	NA
NC_045512.2	4082	G	C	8	3	28	1	1	25	0.1	10	0.5	FALSE	NA	NA	NA	NA	NA	NA
NC_045512.2	4082	G	A	8	3	28	1	1	25	0.1	10	0.5	FALSE	NA	NA	NA	NA	NA	NA
NC_045512.2	4083	A	T	9	4	26	1	1	23	0.1	10	0.526316	FALSE	NA	NA	NA	NA	NA	NA
NC_045512.2	4084	C	T	7	2	27	1	1	27	0.1	10	0.470588	FALSE	NA	NA	NA	NA	NA	NA
NC_045512.2	4084	C	G	7	2	27	1	1	31	0.1	10	0.470588	FALSE	NA	NA	NA	NA	NA	NA
NC_045512.2	4084	C	A	7	2	27	1	1	25	0.1	10	0.470588	FALSE	NA	NA	NA	NA	NA	NA
NC_045512.2	4085	A	T	7	2	26	1	1	22	0.1	10	0.470588	FALSE	NA	NA	NA	NA	NA	NA
NC_045512.2	4085	A	G	7	2	26	2	2	27	0.2	10	0.235294	FALSE	NA	NA	NA	NA	NA	NA
NC_045512.2	4086	T	C	7	3	26	1	0	26	0.1	10	0.470588	FALSE	NA	NA	NA	NA	NA	NA
NC_045512.2	4086	T	A	7	3	26	2	2	25	0.2	10	0.235294	FALSE	NA	NA	NA	NA	NA	NA
NC_045512.2	4087	T	C	8	3	25	1	1	22	0.1	10	0.5	FALSE	NA	NA	NA	NA	NA	NA
NC_045512.2	4087	T	A	8	3	25	1	1	27	0.1	10	0.5	FALSE	NA	NA	NA	NA	NA	NA
NC_045512.2	4088	G	C	9	4	27	1	1	27	0.1	10	0.526316	FALSE	NA	NA	NA	NA	NA	NA
NC_045512.2	4089	A	T	9	4	27	1	1	25	0.1	10	0.526316	FALSE	NA	NA	NA	NA	NA	NA
NC_045512.2	4090	C	T	8	3	27	1	1	28	0.1	10	0.5	FALSE	NA	NA	NA	NA	NA	NA
NC_045512.2	4090	C	A	8	3	27	1	1	27	0.1	10	0.5	FALSE	NA	NA	NA	NA	NA	NA
NC_045512.2	4091	A	G	9	4	26	1	1	26	0.1	10	0.526316	FALSE	NA	NA	NA	NA	NA	NA
NC_045512.2	4092	T	C	8	3	27	1	1	25	0.1	10	0.5	FALSE	NA	NA	NA	NA	NA	NA
NC_045512.2	4092	T	A	8	3	27	1	1	27	0.1	10	0.5	FALSE	NA	NA	NA	NA	NA	NA
NC_045512.2	4093	C	T	7	2	28	1	1	27	0.1	10	0.470588	FALSE	NA	NA	NA	NA	NA	NA
NC_045512.2	4093	C	G	7	2	28	1	1	27	0.1	10	0.470588	FALSE	NA	NA	NA	NA	NA	NA
NC_045512.2	4093	C	A	7	2	28	1	1	26	0.1	10	0.470588	FALSE	NA	NA	NA	NA	NA	NA
NC_045512.2	4094	A	G	8	3	27	1	1	27	0.111111	9	0.529412	FALSE	NA	NA	NA	NA	NA	NA
NC_045512.2	4095	C	A	8	3	28	1	1	28	0.111111	9	0.529412	FALSE	NA	NA	NA	NA	NA	NA
NC_045512.2	4096	T	A	7	2	26	3	3	26	0.3	10	0.123839	FALSE	NA	NA	NA	NA	NA	NA
NC_045512.2	4097	T	A	7	2	29	3	3	28	0.3	10	0.123839	FALSE	NA	NA	NA	NA	NA	NA
NC_045512.2	4098	T	C	7	3	24	1	1	29	0.111111	9	0.5	FALSE	NA	NA	NA	NA	NA	NA
NC_045512.2	4098	T	A	7	3	24	1	1	27	0.111111	9	0.5	FALSE	NA	NA	NA	NA	NA	NA
NC_045512.2	4099	C	A	9	4	27	1	1	24	0.1	10	0.526316	FALSE	NA	NA	NA	NA	NA	NA
NC_045512.2	4100	T	A	8	3	25	2	2	25	0.2	10	0.263158	FALSE	NA	NA	NA	NA	NA	NA
NC_045512.2	4101	T	C	8	3	25	1	1	27	0.1	10	0.5	FALSE	NA	NA	NA	NA	NA	NA
NC_045512.2	4101	T	A	8	3	25	1	1	28	0.1	10	0.5	FALSE	NA	NA	NA	NA	NA	NA
NC_045512.2	4102	A	T	8	3	27	1	1	25	0.1	10	0.5	FALSE	NA	NA	NA	NA	NA	NA
NC_045512.2	4102	A	G	8	3	27	1	1	28	0.1	10	0.5	FALSE	NA	NA	NA	NA	NA	NA
NC_045512.2	4103	A	T	7	2	28	1	1	24	0.1	10	0.470588	FALSE	NA	NA	NA	NA	NA	NA
NC_045512.2	4103	A	G	7	2	28	1	1	30	0.1	10	0.470588	FALSE	NA	NA	NA	NA	NA	NA
NC_045512.2	4103	A	C	7	2	28	1	1	25	0.1	10	0.470588	FALSE	NA	NA	NA	NA	NA	NA
NC_045512.2	4104	A	T	6	2	24	2	2	26	0.222222	9	0.233333	FALSE	NA	NA	NA	NA	NA	NA
NC_045512.2	4104	A	C	6	2	24	1	1	28	0.111111	9	0.466667	FALSE	NA	NA	NA	NA	NA	NA
NC_045512.2	4105	G	T	8	3	26	1	1	26	0.1	10	0.5	FALSE	NA	NA	NA	NA	NA	NA
NC_045512.2	4105	G	A	8	3	26	1	1	29	0.1	10	0.5	FALSE	NA	NA	NA	NA	NA	NA
NC_045512.2	4106	A	T	6	1	27	1	1	30	0.111111	9	0.466667	FALSE	NA	NA	NA	NA	NA	NA
NC_045512.2	4106	A	G	6	1	27	1	1	29	0.111111	9	0.466667	FALSE	NA	NA	NA	NA	NA	NA
NC_045512.2	4106	A	C	6	1	27	1	1	25	0.111111	9	0.466667	FALSE	NA	NA	NA	NA	NA	NA
NC_045512.2	4107	A	G	8	3	28	1	1	29	0.111111	9	0.529412	FALSE	NA	NA	NA	NA	NA	NA
NC_045512.2	4108	A	T	8	3	24	2	2	28	0.2	10	0.263158	FALSE	NA	NA	NA	NA	NA	NA
NC_045512.2	4109	G	T	9	4	27	1	1	25	0.1	10	0.526316	FALSE	NA	NA	NA	NA	NA	NA
NC_045512.2	4110	A	T	9	4	27	1	1	23	0.1	10	0.526316	FALSE	NA	NA	NA	NA	NA	NA
NC_045512.2	4111	T	A	9	4	27	1	1	27	0.1	10	0.526316	FALSE	NA	NA	NA	NA	NA	NA
NC_045512.2	4112	G	A	8	3	27	2	2	27	0.2	10	0.263158	FALSE	NA	NA	NA	NA	NA	NA
NC_045512.2	4113	C	T	8	3	27	1	1	21	0.1	10	0.5	FALSE	NA	NA	NA	NA	NA	NA
NC_045512.2	4113	C	A	8	3	27	1	1	22	0.1	10	0.5	FALSE	NA	NA	NA	NA	NA	NA
NC_045512.2	4114	T	A	9	4	27	1	1	29	0.1	10	0.526316	FALSE	NA	NA	NA	NA	NA	NA
NC_045512.2	4115	C	G	7	2	26	2	2	24	0.2	10	0.235294	FALSE	NA	NA	NA	NA	NA	NA
NC_045512.2	4115	C	A	7	2	26	1	1	23	0.1	10	0.470588	FALSE	NA	NA	NA	NA	NA	NA
NC_045512.2	4116	C	A	7	2	27	3	3	23	0.3	10	0.123839	FALSE	NA	NA	NA	NA	NA	NA
NC_045512.2	4174	T	-A	8	1	27	1	0	20	0.125	8	0.5625	FALSE	NA	NA	NA	NA	NA	NA
NC_045512.2	4184	G	A	0	0	0	8	1	24	1	8	0.0001554	TRUE	NA	NA	NA	NA	NA	NA
NC_045512.2	4193	A	G	8	1	26	1	1	21	0.111111	9	0.529412	FALSE	NA	NA	NA	NA	NA	NA
NC_045512.2	4194	C	G	8	1	26	1	1	21	0.111111	9	0.529412	FALSE	NA	NA	NA	NA	NA	NA
NC_045512.2	4196	G	T	8	1	25	1	1	26	0.111111	9	0.529412	FALSE	NA	NA	NA	NA	NA	NA
NC_045512.2	4198	A	T	8	1	27	1	1	28	0.111111	9	0.529412	FALSE	NA	NA	NA	NA	NA	NA
NC_045512.2	4200	T	C	8	1	24	1	1	23	0.111111	9	0.529412	FALSE	NA	NA	NA	NA	NA	NA
NC_045512.2	4201	G	C	8	1	25	1	1	29	0.111111	9	0.529412	FALSE	NA	NA	NA	NA	NA	NA
NC_045512.2	4202	C	T	8	1	25	1	1	29	0.111111	9	0.529412	FALSE	NA	NA	NA	NA	NA	NA
NC_045512.2	4203	T	A	8	1	26	1	1	27	0.111111	9	0.529412	FALSE	NA	NA	NA	NA	NA	NA
NC_045512.2	4204	A	C	8	1	26	1	1	27	0.111111	9	0.529412	FALSE	NA	NA	NA	NA	NA	NA
NC_045512.2	4205	G	T	8	1	26	1	1	27	0.111111	9	0.529412	FALSE	NA	NA	NA	NA	NA	NA
NC_045512.2	4207	G	A	8	1	28	1	1	30	0.111111	9	0.529412	FALSE	NA	NA	NA	NA	NA	NA
NC_045512.2	4212	C	G	8	1	24	1	1	29	0.111111	9	0.529412	FALSE	NA	NA	NA	NA	NA	NA
NC_045512.2	4213	T	C	7	0	24	1	1	30	0.125	8	0.533333	FALSE	NA	NA	NA	NA	NA	NA
NC_045512.2	4215	T	A	1	1	26	1	1	28	0.5	2	0.666667	FALSE	NA	NA	NA	NA	NA	NA
NC_045512.2	4217	A	T	8	1	25	1	1	24	0.111111	9	0.529412	FALSE	NA	NA	NA	NA	NA	NA
NC_045512.2	4219	A	G	7	0	25	1	1	27	0.125	8	0.533333	FALSE	NA	NA	NA	NA	NA	NA
NC_045512.2	4220	A	C	8	1	26	1	1	28	0.111111	9	0.529412	FALSE	NA	NA	NA	NA	NA	NA
NC_045512.2	4222	A	C	4	1	22	1	1	28	0.2	5	0.555556	FALSE	NA	NA	NA	NA	NA	NA
NC_045512.2	4223	G	T	8	1	25	1	1	27	0.111111	9	0.529412	FALSE	NA	NA	NA	NA	NA	NA
NC_045512.2	4224	T	A	8	1	26	1	1	27	0.111111	9	0.529412	FALSE	NA	NA	NA	NA	NA	NA
NC_045512.2	4225	G	C	8	1	26	1	1	27	0.111111	9	0.529412	FALSE	NA	NA	NA	NA	NA	NA
NC_045512.2	4226	C	T	8	1	26	1	1	30	0.111111	9	0.529412	FALSE	NA	NA	NA	NA	NA	NA
NC_045512.2	4227	C	G	7	1	23	1	1	27	0.125	8	0.533333	FALSE	NA	NA	NA	NA	NA	NA
NC_045512.2	4230	C	A	8	1	26	1	1	27	0.111111	9	0.529412	FALSE	NA	NA	NA	NA	NA	NA
NC_045512.2	4231	A	T	8	1	25	1	1	27	0.111111	9	0.529412	FALSE	NA	NA	NA	NA	NA	NA
NC_045512.2	4232	G	A	8	1	25	1	1	28	0.111111	9	0.529412	FALSE	NA	NA	NA	NA	NA	NA
NC_045512.2	4233	A	C	7	1	26	1	1	27	0.125	8	0.533333	FALSE	NA	NA	NA	NA	NA	NA
NC_045512.2	4234	C	T	7	1	27	1	1	27	0.125	8	0.533333	FALSE	NA	NA	NA	NA	NA	NA
NC_045512.2	4236	A	G	5	1	24	1	1	25	0.166667	6	0.545455	FALSE	NA	NA	NA	NA	NA	NA
NC_045512.2	4237	T	C	7	1	27	1	1	27	0.125	8	0.533333	FALSE	NA	NA	NA	NA	NA	NA
NC_045512.2	4238	T	G	6	1	25	1	1	28	0.142857	7	0.538462	FALSE	NA	NA	NA	NA	NA	NA
NC_045512.2	4240	T	A	6	1	26	1	1	27	0.142857	7	0.538462	FALSE	NA	NA	NA	NA	NA	NA
NC_045512.2	4242	T	G	6	1	26	1	1	27	0.142857	7	0.538462	FALSE	NA	NA	NA	NA	NA	NA
NC_045512.2	4243	A	C	6	1	27	1	1	25	0.142857	7	0.538462	FALSE	NA	NA	NA	NA	NA	NA
NC_045512.2	4245	C	T	6	1	27	1	1	25	0.142857	7	0.538462	FALSE	NA	NA	NA	NA	NA	NA
NC_045512.2	4246	C	T	6	1	24	1	1	25	0.142857	7	0.538462	FALSE	NA	NA	NA	NA	NA	NA
NC_045512.2	4247	A	G	6	1	27	1	1	24	0.142857	7	0.538462	FALSE	NA	NA	NA	NA	NA	NA
NC_045512.2	4248	C	A	6	1	27	1	1	28	0.142857	7	0.538462	FALSE	NA	NA	NA	NA	NA	NA
NC_045512.2	4249	T	G	6	1	27	1	1	28	0.142857	7	0.538462	FALSE	NA	NA	NA	NA	NA	NA
NC_045512.2	4250	T	A	6	1	24	1	1	21	0.142857	7	0.538462	FALSE	NA	NA	NA	NA	NA	NA
NC_045512.2	4252	C	A	5	0	27	1	1	31	0.166667	6	0.545455	FALSE	NA	NA	NA	NA	NA	NA
NC_045512.2	4253	C	A	6	1	27	1	1	31	0.142857	7	0.538462	FALSE	NA	NA	NA	NA	NA	NA
NC_045512.2	4254	C	G	5	1	22	1	1	36	0.166667	6	0.545455	FALSE	NA	NA	NA	NA	NA	NA
NC_045512.2	4255	G	T	5	0	27	1	1	29	0.166667	6	0.545455	FALSE	NA	NA	NA	NA	NA	NA
NC_045512.2	4257	G	C	5	1	22	1	1	24	0.166667	6	0.545455	FALSE	NA	NA	NA	NA	NA	NA
NC_045512.2	4258	T	C	6	1	27	1	1	28	0.142857	7	0.538462	FALSE	NA	NA	NA	NA	NA	NA
NC_045512.2	4259	C	A	6	1	26	1	1	24	0.142857	7	0.538462	FALSE	NA	NA	NA	NA	NA	NA
NC_045512.2	4261	G	C	6	1	27	1	1	28	0.142857	7	0.538462	FALSE	NA	NA	NA	NA	NA	NA
NC_045512.2	4262	G	A	6	1	29	1	1	28	0.142857	7	0.538462	FALSE	NA	NA	NA	NA	NA	NA
NC_045512.2	4264	T	A	5	1	26	1	1	28	0.166667	6	0.545455	FALSE	NA	NA	NA	NA	NA	NA
NC_045512.2	4265	T	C	5	1	27	1	1	27	0.166667	6	0.545455	FALSE	NA	NA	NA	NA	NA	NA
NC_045512.2	4266	T	G	4	1	23	1	1	27	0.2	5	0.555556	FALSE	NA	NA	NA	NA	NA	NA
NC_045512.2	4268	A	T	5	1	28	1	1	21	0.166667	6	0.545455	FALSE	NA	NA	NA	NA	NA	NA
NC_045512.2	4269	A	T	3	1	23	1	1	26	0.25	4	0.571429	FALSE	NA	NA	NA	NA	NA	NA
NC_045512.2	4270	T	A	4	1	27	1	1	26	0.2	5	0.555556	FALSE	NA	NA	NA	NA	NA	NA
NC_045512.2	4271	G	T	4	1	27	1	1	28	0.2	5	0.555556	FALSE	NA	NA	NA	NA	NA	NA
NC_045512.2	4272	G	A	4	1	25	1	1	28	0.2	5	0.555556	FALSE	NA	NA	NA	NA	NA	NA
NC_045512.2	4274	T	A	4	1	24	1	1	24	0.2	5	0.555556	FALSE	NA	NA	NA	NA	NA	NA
NC_045512.2	4276	C	T	9	4	26	1	0	28	0.1	10	0.526316	FALSE	NA	NA	NA	NA	NA	NA
NC_045512.2	4277	A	C	9	3	27	1	1	27	0.1	10	0.526316	FALSE	NA	NA	NA	NA	NA	NA
NC_045512.2	4278	C	A	9	3	28	1	1	27	0.1	10	0.526316	FALSE	NA	NA	NA	NA	NA	NA
NC_045512.2	4279	T	C	9	3	27	1	1	24	0.1	10	0.526316	FALSE	NA	NA	NA	NA	NA	NA
NC_045512.2	4283	G	C	9	3	27	1	1	21	0.1	10	0.526316	FALSE	NA	NA	NA	NA	NA	NA
NC_045512.2	4284	A	C	9	3	27	1	1	29	0.1	10	0.526316	FALSE	NA	NA	NA	NA	NA	NA
NC_045512.2	4285	G	C	9	3	26	1	1	32	0.1	10	0.526316	FALSE	NA	NA	NA	NA	NA	NA
NC_045512.2	4287	A	G	9	3	27	1	1	29	0.1	10	0.526316	FALSE	NA	NA	NA	NA	NA	NA
NC_045512.2	4289	G	T	9	3	25	1	1	29	0.1	10	0.526316	FALSE	NA	NA	NA	NA	NA	NA
NC_045512.2	4292	A	G	9	3	29	1	1	21	0.1	10	0.526316	FALSE	NA	NA	NA	NA	NA	NA
NC_045512.2	4293	A	G	9	3	23	1	1	27	0.1	10	0.526316	FALSE	NA	NA	NA	NA	NA	NA
NC_045512.2	4295	A	T	9	3	27	1	1	21	0.1	10	0.526316	FALSE	NA	NA	NA	NA	NA	NA
NC_045512.2	4296	C	T	9	3	26	1	1	28	0.1	10	0.526316	FALSE	NA	NA	NA	NA	NA	NA
NC_045512.2	4297	A	T	9	3	26	1	1	28	0.1	10	0.526316	FALSE	NA	NA	NA	NA	NA	NA
NC_045512.2	4298	G	A	9	3	26	1	1	22	0.1	10	0.526316	FALSE	NA	NA	NA	NA	NA	NA
NC_045512.2	4299	T	A	9	3	26	1	1	31	0.1	10	0.526316	FALSE	NA	NA	NA	NA	NA	NA
NC_045512.2	4300	G	A	9	3	26	1	1	28	0.1	10	0.526316	FALSE	NA	NA	NA	NA	NA	NA
NC_045512.2	4301	C	T	9	3	27	1	1	27	0.1	10	0.526316	FALSE	NA	NA	NA	NA	NA	NA
NC_045512.2	4302	T	G	8	2	27	1	1	22	0.111111	9	0.529412	FALSE	NA	NA	NA	NA	NA	NA
NC_045512.2	4303	T	G	9	3	23	1	1	27	0.1	10	0.526316	FALSE	NA	NA	NA	NA	NA	NA
NC_045512.2	4304	A	T	6	0	28	1	1	21	0.142857	7	0.538462	FALSE	NA	NA	NA	NA	NA	NA
NC_045512.2	4305	A	T	9	3	27	1	1	28	0.1	10	0.526316	FALSE	NA	NA	NA	NA	NA	NA
NC_045512.2	4307	A	C	9	3	27	1	1	27	0.1	10	0.526316	FALSE	NA	NA	NA	NA	NA	NA
NC_045512.2	4309	G	C	10	4	26	1	1	28	0.0909091	11	0.52381	FALSE	NA	NA	NA	NA	NA	NA
NC_045512.2	4310	T	G	10	4	28	1	1	24	0.0909091	11	0.52381	FALSE	NA	NA	NA	NA	NA	NA
NC_045512.2	4314	A	T	9	3	28	1	1	28	0.0909091	11	0.5	FALSE	NA	NA	NA	NA	NA	NA
NC_045512.2	4314	A	G	9	3	28	1	1	29	0.0909091	11	0.5	FALSE	NA	NA	NA	NA	NA	NA
NC_045512.2	4316	A	G	6	3	24	1	1	24	0.125	8	0.5	FALSE	NA	NA	NA	NA	NA	NA
NC_045512.2	4316	A	C	6	3	24	1	1	23	0.125	8	0.5	FALSE	NA	NA	NA	NA	NA	NA
NC_045512.2	4317	G	C	10	4	27	1	1	29	0.0909091	11	0.52381	FALSE	NA	NA	NA	NA	NA	NA
NC_045512.2	4318	T	A	10	4	26	1	1	27	0.0909091	11	0.52381	FALSE	NA	NA	NA	NA	NA	NA
NC_045512.2	4319	G	A	10	4	26	1	1	28	0.0909091	11	0.52381	FALSE	NA	NA	NA	NA	NA	NA
NC_045512.2	4320	C	G	10	4	26	1	1	27	0.0909091	11	0.52381	FALSE	NA	NA	NA	NA	NA	NA
NC_045512.2	4321	C	T	1	1	27	7	1	26	0.875	8	0.0012432	TRUE	NA	NA	NA	NA	NA	NA
NC_045512.2	4322	T	A	8	3	26	1	1	21	0.111111	9	0.529412	FALSE	NA	NA	NA	NA	NA	NA
NC_045512.2	4323	T	A	8	3	26	2	2	30	0.2	10	0.263158	FALSE	NA	NA	NA	NA	NA	NA
NC_045512.2	4324	T	A	8	3	26	2	2	28	0.2	10	0.263158	FALSE	NA	NA	NA	NA	NA	NA
NC_045512.2	4325	T	G	3	3	25	1	1	28	0.2	5	0.5	FALSE	NA	NA	NA	NA	NA	NA
NC_045512.2	4325	T	A	3	3	25	1	1	30	0.2	5	0.5	FALSE	NA	NA	NA	NA	NA	NA
NC_045512.2	4327	C	G	9	4	27	1	1	21	0.1	10	0.526316	FALSE	NA	NA	NA	NA	NA	NA
NC_045512.2	4328	A	G	9	4	27	1	1	26	0.1	10	0.526316	FALSE	NA	NA	NA	NA	NA	NA
NC_045512.2	4329	T	G	7	3	25	1	1	30	0.111111	9	0.5	FALSE	NA	NA	NA	NA	NA	NA
NC_045512.2	4329	T	C	7	3	25	1	1	26	0.111111	9	0.5	FALSE	NA	NA	NA	NA	NA	NA
NC_045512.2	4331	C	G	7	3	27	1	1	29	0.111111	9	0.5	FALSE	NA	NA	NA	NA	NA	NA
NC_045512.2	4331	C	A	7	3	27	1	1	25	0.111111	9	0.5	FALSE	NA	NA	NA	NA	NA	NA
NC_045512.2	4332	T	G	7	3	26	1	1	25	0.111111	9	0.5	FALSE	NA	NA	NA	NA	NA	NA
NC_045512.2	4332	T	C	7	3	26	1	1	29	0.111111	9	0.5	FALSE	NA	NA	NA	NA	NA	NA
NC_045512.2	4333	A	T	7	3	26	2	2	24	0.222222	9	0.264706	FALSE	NA	NA	NA	NA	NA	NA
NC_045512.2	4334	C	T	7	3	24	1	1	26	0.111111	9	0.5	FALSE	NA	NA	NA	NA	NA	NA
NC_045512.2	4334	C	G	7	3	24	1	1	20	0.111111	9	0.5	FALSE	NA	NA	NA	NA	NA	NA
NC_045512.2	4335	C	G	6	3	24	1	1	27	0.142857	7	0.538462	FALSE	NA	NA	NA	NA	NA	NA
NC_045512.2	4336	A	C	8	4	25	1	1	27	0.111111	9	0.529412	FALSE	NA	NA	NA	NA	NA	NA
NC_045512.2	4337	T	A	7	3	24	2	2	26	0.222222	9	0.264706	FALSE	NA	NA	NA	NA	NA	NA
NC_045512.2	4338	C	A	8	4	24	1	1	27	0.111111	9	0.529412	FALSE	NA	NA	NA	NA	NA	NA
NC_045512.2	4339	T	A	8	4	24	1	1	26	0.111111	9	0.529412	FALSE	NA	NA	NA	NA	NA	NA
NC_045512.2	4340	A	G	8	4	25	1	1	26	0.111111	9	0.529412	FALSE	NA	NA	NA	NA	NA	NA
NC_045512.2	4341	T	C	8	4	24	1	1	25	0.111111	9	0.529412	FALSE	NA	NA	NA	NA	NA	NA
NC_045512.2	4342	T	G	7	4	25	1	1	27	0.125	8	0.533333	FALSE	NA	NA	NA	NA	NA	NA
NC_045512.2	4343	A	T	7	3	26	1	1	28	0.111111	9	0.5	FALSE	NA	NA	NA	NA	NA	NA
NC_045512.2	4343	A	G	7	3	26	1	1	22	0.111111	9	0.5	FALSE	NA	NA	NA	NA	NA	NA
NC_045512.2	4344	T	G	7	3	27	1	1	24	0.125	8	0.533333	FALSE	NA	NA	NA	NA	NA	NA
NC_045512.2	4345	C	A	7	3	27	1	1	27	0.125	8	0.533333	FALSE	NA	NA	NA	NA	NA	NA
NC_045512.2	4346	T	A	7	3	27	2	2	26	0.222222	9	0.264706	FALSE	NA	NA	NA	NA	NA	NA
NC_045512.2	4347	C	T	7	3	26	1	1	24	0.111111	9	0.5	FALSE	NA	NA	NA	NA	NA	NA
NC_045512.2	4347	C	A	7	3	26	1	1	27	0.111111	9	0.5	FALSE	NA	NA	NA	NA	NA	NA
NC_045512.2	4348	T	G	7	3	27	2	2	26	0.222222	9	0.264706	FALSE	NA	NA	NA	NA	NA	NA
NC_045512.2	4349	A	T	7	3	25	1	1	27	0.111111	9	0.5	FALSE	NA	NA	NA	NA	NA	NA
NC_045512.2	4349	A	C	7	3	25	1	1	26	0.111111	9	0.5	FALSE	NA	NA	NA	NA	NA	NA
NC_045512.2	4350	A	T	7	3	24	1	1	27	0.111111	9	0.5	FALSE	NA	NA	NA	NA	NA	NA
NC_045512.2	4350	A	G	7	3	24	1	1	27	0.111111	9	0.5	FALSE	NA	NA	NA	NA	NA	NA
NC_045512.2	4351	T	C	7	3	26	1	1	27	0.111111	9	0.5	FALSE	NA	NA	NA	NA	NA	NA
NC_045512.2	4351	T	A	7	3	26	1	1	26	0.111111	9	0.5	FALSE	NA	NA	NA	NA	NA	NA
NC_045512.2	4353	A	T	7	3	26	1	1	30	0.111111	9	0.5	FALSE	NA	NA	NA	NA	NA	NA
NC_045512.2	4353	A	C	7	3	26	1	1	27	0.111111	9	0.5	FALSE	NA	NA	NA	NA	NA	NA
NC_045512.2	4354	G	T	8	4	26	1	1	29	0.111111	9	0.529412	FALSE	NA	NA	NA	NA	NA	NA
NC_045512.2	4355	A	T	7	3	25	1	1	30	0.125	8	0.533333	FALSE	NA	NA	NA	NA	NA	NA
NC_045512.2	4356	A	T	8	4	24	1	1	29	0.111111	9	0.529412	FALSE	NA	NA	NA	NA	NA	NA
NC_045512.2	4357	G	A	7	3	26	2	2	26	0.222222	9	0.264706	FALSE	NA	NA	NA	NA	NA	NA
NC_045512.2	4358	C	G	8	4	26	1	1	29	0.111111	9	0.529412	FALSE	NA	NA	NA	NA	NA	NA
NC_045512.2	4359	A	C	7	3	25	1	1	29	0.125	8	0.533333	FALSE	NA	NA	NA	NA	NA	NA
NC_045512.2	4360	A	T	6	3	25	2	2	21	0.25	8	0.266667	FALSE	NA	NA	NA	NA	NA	NA
NC_045512.2	4360	A	-G	6	3	25	1	0	20	0.125	8	0.5	FALSE	NA	NA	NA	NA	NA	NA
NC_045512.2	4361	G	T	6	3	26	2	2	29	0.25	8	0.233333	FALSE	NA	NA	NA	NA	NA	NA
NC_045512.2	4362	A	T	7	3	24	1	1	28	0.111111	9	0.5	FALSE	NA	NA	NA	NA	NA	NA
NC_045512.2	4362	A	C	7	3	24	1	1	28	0.111111	9	0.5	FALSE	NA	NA	NA	NA	NA	NA
NC_045512.2	4363	A	T	5	3	29	1	1	28	0.142857	7	0.5	FALSE	NA	NA	NA	NA	NA	NA
NC_045512.2	4363	A	G	5	3	29	1	1	27	0.142857	7	0.5	FALSE	NA	NA	NA	NA	NA	NA
NC_045512.2	4365	T	G	5	3	24	1	1	27	0.142857	7	0.5	FALSE	NA	NA	NA	NA	NA	NA
NC_045512.2	4365	T	C	5	3	24	1	1	24	0.142857	7	0.5	FALSE	NA	NA	NA	NA	NA	NA
NC_045512.2	4366	T	C	4	3	27	1	1	28	0.166667	6	0.5	FALSE	NA	NA	NA	NA	NA	NA
NC_045512.2	4366	T	A	4	3	27	1	1	21	0.166667	6	0.5	FALSE	NA	NA	NA	NA	NA	NA
NC_045512.2	4367	C	A	5	3	26	2	2	30	0.285714	7	0.269231	FALSE	NA	NA	NA	NA	NA	NA
NC_045512.2	4368	T	A	6	4	26	1	1	31	0.142857	7	0.538462	FALSE	NA	NA	NA	NA	NA	NA
NC_045512.2	4369	T	C	5	3	25	1	1	24	0.142857	7	0.5	FALSE	NA	NA	NA	NA	NA	NA
NC_045512.2	4369	T	A	5	3	25	1	1	29	0.142857	7	0.5	FALSE	NA	NA	NA	NA	NA	NA
NC_045512.2	4370	G	T	6	4	25	1	1	24	0.142857	7	0.538462	FALSE	NA	NA	NA	NA	NA	NA
NC_045512.2	4371	G	T	4	3	26	1	1	27	0.166667	6	0.5	FALSE	NA	NA	NA	NA	NA	NA
NC_045512.2	4371	G	A	4	3	26	1	1	27	0.166667	6	0.5	FALSE	NA	NA	NA	NA	NA	NA
NC_045512.2	4372	A	T	5	3	24	1	1	22	0.142857	7	0.5	FALSE	NA	NA	NA	NA	NA	NA
NC_045512.2	4372	A	G	5	3	24	1	1	27	0.142857	7	0.5	FALSE	NA	NA	NA	NA	NA	NA
NC_045512.2	4373	A	T	5	3	25	1	1	27	0.142857	7	0.5	FALSE	NA	NA	NA	NA	NA	NA
NC_045512.2	4373	A	C	5	3	25	1	1	22	0.142857	7	0.5	FALSE	NA	NA	NA	NA	NA	NA
NC_045512.2	4374	C	A	6	4	27	1	1	27	0.142857	7	0.538462	FALSE	NA	NA	NA	NA	NA	NA
NC_045512.2	4375	T	A	6	4	28	1	1	22	0.142857	7	0.538462	FALSE	NA	NA	NA	NA	NA	NA
NC_045512.2	4376	G	C	5	3	26	1	1	28	0.142857	7	0.5	FALSE	NA	NA	NA	NA	NA	NA
NC_045512.2	4376	G	A	5	3	26	1	1	28	0.142857	7	0.5	FALSE	NA	NA	NA	NA	NA	NA
NC_045512.2	4376	G	-T	5	3	26	1	0	20	0.142857	7	0.5	FALSE	NA	NA	NA	NA	NA	NA
NC_045512.2	4377	T	C	4	2	27	1	1	29	0.2	5	0.555556	FALSE	NA	NA	NA	NA	NA	NA
NC_045512.2	4378	T	C	4	2	28	1	1	27	0.166667	6	0.5	FALSE	NA	NA	NA	NA	NA	NA
NC_045512.2	4378	T	A	4	2	28	1	1	29	0.166667	6	0.5	FALSE	NA	NA	NA	NA	NA	NA
NC_045512.2	4379	T	G	6	4	25	1	1	27	0.142857	7	0.538462	FALSE	NA	NA	NA	NA	NA	NA
NC_045512.2	4380	C	A	5	3	27	2	2	25	0.285714	7	0.269231	FALSE	NA	NA	NA	NA	NA	NA
NC_045512.2	4381	T	C	5	3	27	1	1	27	0.142857	7	0.5	FALSE	NA	NA	NA	NA	NA	NA
NC_045512.2	4381	T	A	5	3	27	1	1	29	0.142857	7	0.5	FALSE	NA	NA	NA	NA	NA	NA
NC_045512.2	4382	T	A	6	4	27	1	1	23	0.142857	7	0.538462	FALSE	NA	NA	NA	NA	NA	NA
NC_045512.2	4383	G	A	6	4	26	1	1	26	0.142857	7	0.538462	FALSE	NA	NA	NA	NA	NA	NA
NC_045512.2	4384	G	T	4	2	26	1	1	20	0.166667	6	0.5	FALSE	NA	NA	NA	NA	NA	NA
NC_045512.2	4384	G	A	4	2	26	1	1	27	0.166667	6	0.5	FALSE	NA	NA	NA	NA	NA	NA
NC_045512.2	4385	A	T	4	2	26	1	1	26	0.166667	6	0.5	FALSE	NA	NA	NA	NA	NA	NA
NC_045512.2	4385	A	G	4	2	26	1	1	27	0.166667	6	0.5	FALSE	NA	NA	NA	NA	NA	NA
NC_045512.2	4387	T	A	4	2	26	1	1	27	0.2	5	0.555556	FALSE	NA	NA	NA	NA	NA	NA
NC_045512.2	4388	T	G	4	2	28	1	1	27	0.166667	6	0.5	FALSE	NA	NA	NA	NA	NA	NA
NC_045512.2	4388	T	A	4	2	28	1	1	29	0.166667	6	0.5	FALSE	NA	NA	NA	NA	NA	NA
NC_045512.2	4389	T	C	5	3	25	1	1	26	0.142857	7	0.5	FALSE	NA	NA	NA	NA	NA	NA
NC_045512.2	4389	T	A	5	3	25	1	1	27	0.142857	7	0.5	FALSE	NA	NA	NA	NA	NA	NA
NC_045512.2	4390	G	C	4	2	27	1	1	27	0.142857	7	0.454545	FALSE	NA	NA	NA	NA	NA	NA
NC_045512.2	4390	G	A	4	2	27	2	2	21	0.285714	7	0.227273	FALSE	NA	NA	NA	NA	NA	NA
NC_045512.2	4391	C	A	4	2	27	4	4	26	0.5	8	0.0512821	FALSE	NA	NA	NA	NA	NA	NA
NC_045512.2	4392	G	C	5	3	27	3	3	25	0.375	8	0.123077	FALSE	NA	NA	NA	NA	NA	NA
NC_045512.2	4393	A	T	5	3	27	1	1	28	0.166667	6	0.545455	FALSE	NA	NA	NA	NA	NA	NA
NC_045512.2	4394	G	C	5	3	27	1	1	28	0.166667	6	0.545455	FALSE	NA	NA	NA	NA	NA	NA
NC_045512.2	4395	A	T	3	1	27	2	2	27	0.4	5	0.277778	FALSE	NA	NA	NA	NA	NA	NA
NC_045512.2	4396	A	G	5	3	28	1	1	27	0.166667	6	0.545455	FALSE	NA	NA	NA	NA	NA	NA
NC_045512.2	4397	A	T	4	2	24	1	1	28	0.166667	6	0.5	FALSE	NA	NA	NA	NA	NA	NA
NC_045512.2	4397	A	G	4	2	24	1	1	27	0.166667	6	0.5	FALSE	NA	NA	NA	NA	NA	NA
NC_045512.2	4398	T	A	4	2	27	2	2	30	0.333333	6	0.272727	FALSE	NA	NA	NA	NA	NA	NA
NC_045512.2	4400	C	G	4	2	26	1	1	27	0.166667	6	0.5	FALSE	NA	NA	NA	NA	NA	NA
NC_045512.2	4400	C	A	4	2	26	1	1	28	0.166667	6	0.5	FALSE	NA	NA	NA	NA	NA	NA
NC_045512.2	4401	T	G	3	1	26	1	1	24	0.2	5	0.5	FALSE	NA	NA	NA	NA	NA	NA
NC_045512.2	4401	T	A	3	1	26	1	1	27	0.2	5	0.5	FALSE	NA	NA	NA	NA	NA	NA
NC_045512.2	4402	T	G	4	2	25	2	2	24	0.333333	6	0.272727	FALSE	NA	NA	NA	NA	NA	NA
NC_045512.2	4403	G	A	5	3	27	2	2	26	0.285714	7	0.269231	FALSE	NA	NA	NA	NA	NA	NA
NC_045512.2	4404	C	G	6	4	27	1	1	21	0.142857	7	0.538462	FALSE	NA	NA	NA	NA	NA	NA
NC_045512.2	4405	A	G	6	4	26	1	1	26	0.142857	7	0.538462	FALSE	NA	NA	NA	NA	NA	NA
NC_045512.2	4406	C	A	6	4	26	1	1	27	0.142857	7	0.538462	FALSE	NA	NA	NA	NA	NA	NA
NC_045512.2	4407	A	T	5	3	26	1	1	27	0.166667	6	0.545455	FALSE	NA	NA	NA	NA	NA	NA
NC_045512.2	4408	T	G	4	2	26	2	2	27	0.285714	7	0.227273	FALSE	NA	NA	NA	NA	NA	NA
NC_045512.2	4408	T	A	4	2	26	1	1	24	0.142857	7	0.454545	FALSE	NA	NA	NA	NA	NA	NA
NC_045512.2	4409	G	T	4	2	26	1	1	29	0.142857	7	0.454545	FALSE	NA	NA	NA	NA	NA	NA
NC_045512.2	4409	G	A	4	2	26	2	2	25	0.285714	7	0.227273	FALSE	NA	NA	NA	NA	NA	NA
NC_045512.2	4410	C	G	5	3	26	1	1	23	0.142857	7	0.5	FALSE	NA	NA	NA	NA	NA	NA
NC_045512.2	4410	C	A	5	3	26	1	1	28	0.142857	7	0.5	FALSE	NA	NA	NA	NA	NA	NA
NC_045512.2	4411	A	G	6	4	27	1	1	28	0.142857	7	0.538462	FALSE	NA	NA	NA	NA	NA	NA
NC_045512.2	4412	G	C	5	3	27	1	1	26	0.142857	7	0.5	FALSE	NA	NA	NA	NA	NA	NA
NC_045512.2	4412	G	A	5	3	27	1	1	28	0.142857	7	0.5	FALSE	NA	NA	NA	NA	NA	NA
NC_045512.2	4413	A	T	5	3	25	1	1	27	0.142857	7	0.5	FALSE	NA	NA	NA	NA	NA	NA
NC_045512.2	4413	A	G	5	3	25	1	1	24	0.142857	7	0.5	FALSE	NA	NA	NA	NA	NA	NA
NC_045512.2	4414	A	G	4	2	25	3	3	27	0.428571	7	0.122378	FALSE	NA	NA	NA	NA	NA	NA
NC_045512.2	4415	G	T	4	2	27	1	1	27	0.142857	7	0.454545	FALSE	NA	NA	NA	NA	NA	NA
NC_045512.2	4415	G	C	4	2	27	1	1	26	0.142857	7	0.454545	FALSE	NA	NA	NA	NA	NA	NA
NC_045512.2	4415	G	A	4	2	27	1	1	28	0.142857	7	0.454545	FALSE	NA	NA	NA	NA	NA	NA
NC_045512.2	4416	A	T	3	1	26	1	1	22	0.166667	6	0.444444	FALSE	NA	NA	NA	NA	NA	NA
NC_045512.2	4416	A	G	3	1	26	2	2	23	0.333333	6	0.222222	FALSE	NA	NA	NA	NA	NA	NA
NC_045512.2	4417	A	T	4	2	28	1	1	26	0.142857	7	0.454545	FALSE	NA	NA	NA	NA	NA	NA
NC_045512.2	4417	A	G	4	2	28	1	1	29	0.142857	7	0.454545	FALSE	NA	NA	NA	NA	NA	NA
NC_045512.2	4417	A	C	4	2	28	1	1	23	0.142857	7	0.454545	FALSE	NA	NA	NA	NA	NA	NA
NC_045512.2	4417	A	-A	4	2	28	1	0	20	0.142857	7	0.454545	FALSE	NA	NA	NA	NA	NA	NA
NC_045512.2	4418	A	C	4	2	27	1	1	29	0.2	5	0.555556	FALSE	NA	NA	NA	NA	NA	NA
NC_045512.2	4419	C	T	4	2	26	1	1	27	0.166667	6	0.5	FALSE	NA	NA	NA	NA	NA	NA
NC_045512.2	4419	C	A	4	2	26	1	1	22	0.166667	6	0.5	FALSE	NA	NA	NA	NA	NA	NA
NC_045512.2	4421	C	A	4	2	26	3	3	28	0.428571	7	0.122378	FALSE	NA	NA	NA	NA	NA	NA
NC_045512.2	4422	G	A	5	3	28	2	2	26	0.285714	7	0.269231	FALSE	NA	NA	NA	NA	NA	NA
NC_045512.2	4423	C	G	4	2	27	1	1	26	0.142857	7	0.454545	FALSE	NA	NA	NA	NA	NA	NA
NC_045512.2	4423	C	A	4	2	27	2	2	27	0.285714	7	0.227273	FALSE	NA	NA	NA	NA	NA	NA
NC_045512.2	4424	A	T	4	2	25	1	1	26	0.166667	6	0.5	FALSE	NA	NA	NA	NA	NA	NA
NC_045512.2	4424	A	C	4	2	25	1	1	28	0.166667	6	0.5	FALSE	NA	NA	NA	NA	NA	NA
NC_045512.2	4425	A	G	5	3	27	2	2	26	0.285714	7	0.269231	FALSE	NA	NA	NA	NA	NA	NA
NC_045512.2	4426	A	T	3	2	24	2	2	27	0.333333	6	0.222222	FALSE	NA	NA	NA	NA	NA	NA
NC_045512.2	4426	A	G	3	2	24	1	1	28	0.166667	6	0.444444	FALSE	NA	NA	NA	NA	NA	NA
NC_045512.2	4427	T	G	4	2	25	1	1	27	0.166667	6	0.5	FALSE	NA	NA	NA	NA	NA	NA
NC_045512.2	4427	T	A	4	2	25	1	1	20	0.166667	6	0.5	FALSE	NA	NA	NA	NA	NA	NA
NC_045512.2	4428	T	G	5	3	24	1	1	28	0.142857	7	0.5	FALSE	NA	NA	NA	NA	NA	NA
NC_045512.2	4428	T	A	5	3	24	1	1	30	0.142857	7	0.5	FALSE	NA	NA	NA	NA	NA	NA
NC_045512.2	4429	A	C	4	2	26	1	1	27	0.2	5	0.555556	FALSE	NA	NA	NA	NA	NA	NA
NC_045512.2	4430	A	T	6	4	26	1	1	23	0.142857	7	0.538462	FALSE	NA	NA	NA	NA	NA	NA
NC_045512.2	4431	T	G	5	3	27	1	1	26	0.142857	7	0.5	FALSE	NA	NA	NA	NA	NA	NA
NC_045512.2	4431	T	A	5	3	27	1	1	30	0.142857	7	0.5	FALSE	NA	NA	NA	NA	NA	NA
NC_045512.2	4432	G	T	110	13	27	1	1	26	0.00892857	112	0.751131	FALSE	NA	NA	NA	NA	NA	NA
NC_045512.2	4432	G	A	110	13	27	1	1	28	0.00892857	112	0.751131	FALSE	NA	NA	NA	NA	NA	NA
NC_045512.2	4433	C	G	110	12	26	2	2	24	0.0176991	113	0.5	FALSE	NA	NA	NA	NA	NA	NA
NC_045512.2	4433	C	A	110	12	26	1	1	26	0.00884956	113	0.748879	FALSE	NA	NA	NA	NA	NA	NA
NC_045512.2	4434	C	T	107	14	23	1	1	23	0.00917431	109	0.751163	FALSE	NA	NA	NA	NA	NA	NA
NC_045512.2	4434	C	A	107	14	23	1	1	26	0.00917431	109	0.751163	FALSE	NA	NA	NA	NA	NA	NA
NC_045512.2	4435	T	G	111	13	27	1	1	23	0.00884956	113	0.751121	FALSE	NA	NA	NA	NA	NA	NA
NC_045512.2	4435	T	A	111	13	27	1	1	26	0.00884956	113	0.751121	FALSE	NA	NA	NA	NA	NA	NA
NC_045512.2	4436	G	T	112	14	27	1	1	24	0.00869565	115	0.748899	FALSE	NA	NA	NA	NA	NA	NA
NC_045512.2	4436	G	C	112	14	27	1	1	28	0.00869565	115	0.748899	FALSE	NA	NA	NA	NA	NA	NA
NC_045512.2	4436	G	A	112	14	27	1	1	26	0.00869565	115	0.748899	FALSE	NA	NA	NA	NA	NA	NA
NC_045512.2	4437	T	G	113	15	27	1	1	25	0.00877193	114	0.753304	FALSE	NA	NA	NA	NA	NA	NA
NC_045512.2	4438	C	T	111	14	27	4	3	27	0.0347826	115	0.187482	FALSE	NA	NA	NA	NA	NA	NA
NC_045512.2	4439	T	G	114	16	27	1	1	25	0.00869565	115	0.753275	FALSE	NA	NA	NA	NA	NA	NA
NC_045512.2	4440	G	T	112	14	28	2	2	26	0.0173913	115	0.5	FALSE	NA	NA	NA	NA	NA	NA
NC_045512.2	4440	G	A	112	14	28	1	1	24	0.00869565	115	0.748899	FALSE	NA	NA	NA	NA	NA	NA
NC_045512.2	4441	T	C	114	16	27	1	1	24	0.00862069	116	0.751092	FALSE	NA	NA	NA	NA	NA	NA
NC_045512.2	4441	T	A	114	16	27	1	1	20	0.00862069	116	0.751092	FALSE	NA	NA	NA	NA	NA	NA
NC_045512.2	4442	G	A	113	15	27	3	3	25	0.0258621	116	0.314127	FALSE	NA	NA	NA	NA	NA	NA
NC_045512.2	4443	T	C	114	16	27	1	1	24	0.00862069	116	0.751092	FALSE	NA	NA	NA	NA	NA	NA
NC_045512.2	4443	T	A	114	16	27	1	1	27	0.00862069	116	0.751092	FALSE	NA	NA	NA	NA	NA	NA
NC_045512.2	4444	G	T	113	15	27	1	1	28	0.00862069	116	0.748908	FALSE	NA	NA	NA	NA	NA	NA
NC_045512.2	4444	G	A	113	15	27	2	2	24	0.0172414	116	0.5	FALSE	NA	NA	NA	NA	NA	NA
NC_045512.2	4445	G	C	112	15	23	1	1	29	0.00884956	113	0.753333	FALSE	NA	NA	NA	NA	NA	NA
NC_045512.2	4446	A	T	111	13	27	3	3	27	0.0263158	114	0.314156	FALSE	NA	NA	NA	NA	NA	NA
NC_045512.2	4447	A	G	113	15	28	4	4	25	0.0338983	118	0.1848	FALSE	NA	NA	NA	NA	NA	NA
NC_045512.2	4447	A	C	113	15	28	1	1	30	0.00847458	118	0.493506	FALSE	NA	NA	NA	NA	NA	NA
NC_045512.2	4448	A	T	101	15	23	1	1	28	0.00952381	105	0.746341	FALSE	NA	NA	NA	NA	NA	NA
NC_045512.2	4448	A	C	101	15	23	3	3	23	0.0285714	105	0.310675	FALSE	NA	NA	NA	NA	NA	NA
NC_045512.2	4449	C	G	116	18	27	1	1	27	0.00847458	118	0.751073	FALSE	NA	NA	NA	NA	NA	NA
NC_045512.2	4449	C	A	116	18	27	1	1	28	0.00847458	118	0.751073	FALSE	NA	NA	NA	NA	NA	NA
NC_045512.2	4450	T	C	116	18	27	2	2	24	0.0168067	119	0.5	FALSE	NA	NA	NA	NA	NA	NA
NC_045512.2	4450	T	A	116	18	27	1	1	27	0.00840336	119	0.748936	FALSE	NA	NA	NA	NA	NA	NA
NC_045512.2	4451	A	T	104	6	27	2	2	28	0.0181818	110	0.489486	FALSE	NA	NA	NA	NA	NA	NA
NC_045512.2	4451	A	G	104	6	27	2	2	27	0.0181818	110	0.489486	FALSE	NA	NA	NA	NA	NA	NA
NC_045512.2	4451	A	C	104	6	27	2	2	27	0.0181818	110	0.489486	FALSE	NA	NA	NA	NA	NA	NA
NC_045512.2	4452	A	T	114	16	27	4	4	28	0.0336134	119	0.184823	FALSE	NA	NA	NA	NA	NA	NA
NC_045512.2	4452	A	C	114	16	27	1	1	27	0.00840336	119	0.744598	FALSE	NA	NA	NA	NA	NA	NA
NC_045512.2	4453	A	T	96	15	23	3	3	27	0.0285714	105	0.2923	FALSE	NA	NA	NA	NA	NA	NA
NC_045512.2	4453	A	G	96	15	23	4	3	27	0.0380952	105	0.172389	FALSE	NA	NA	NA	NA	NA	NA
NC_045512.2	4453	A	C	96	15	23	2	2	27	0.0190476	105	0.477618	FALSE	NA	NA	NA	NA	NA	NA
NC_045512.2	4454	G	T	113	15	26	3	3	27	0.0247934	121	0.298239	FALSE	NA	NA	NA	NA	NA	NA
NC_045512.2	4454	G	C	113	15	26	3	3	25	0.0247934	121	0.298239	FALSE	NA	NA	NA	NA	NA	NA
NC_045512.2	4454	G	A	113	15	26	2	2	26	0.0165289	121	0.483976	FALSE	NA	NA	NA	NA	NA	NA
NC_045512.2	4455	C	T	115	17	27	2	2	25	0.0168067	119	0.496795	FALSE	NA	NA	NA	NA	NA	NA
NC_045512.2	4455	C	G	115	17	27	2	2	27	0.0168067	119	0.496795	FALSE	NA	NA	NA	NA	NA	NA
NC_045512.2	4456	C	T	109	16	23	7	6	27	0.059322	118	0.0319228	FALSE	NA	NA	NA	NA	NA	NA
NC_045512.2	4456	C	A	109	16	23	2	2	26	0.0169492	118	0.48018	FALSE	NA	NA	NA	NA	NA	NA
NC_045512.2	4457	A	T	115	17	27	2	2	23	0.0163934	122	0.487343	FALSE	NA	NA	NA	NA	NA	NA
NC_045512.2	4457	A	G	115	17	27	5	5	27	0.0409836	122	0.104517	FALSE	NA	NA	NA	NA	NA	NA
NC_045512.2	4458	T	C	120	24	26	1	0	29	0.00826446	121	0.753112	FALSE	NA	NA	NA	NA	NA	NA
NC_045512.2	4459	A	G	115	17	27	2	2	26	0.0165289	121	0.490466	FALSE	NA	NA	NA	NA	NA	NA
NC_045512.2	4459	A	C	115	17	27	4	4	28	0.0330579	121	0.182253	FALSE	NA	NA	NA	NA	NA	NA
NC_045512.2	4460	G	T	114	18	26	6	6	28	0.0495868	121	0.0597544	FALSE	NA	NA	NA	NA	NA	NA
NC_045512.2	4460	G	A	114	18	26	1	0	22	0.00826446	121	0.740316	FALSE	NA	NA	NA	NA	NA	NA
NC_045512.2	4461	T	G	109	13	26	3	3	26	0.025641	117	0.29774	FALSE	NA	NA	NA	NA	NA	NA
NC_045512.2	4461	T	C	109	13	26	3	2	26	0.025641	117	0.29774	FALSE	NA	NA	NA	NA	NA	NA
NC_045512.2	4461	T	A	109	13	26	2	2	25	0.017094	117	0.483409	FALSE	NA	NA	NA	NA	NA	NA
NC_045512.2	4462	T	G	117	20	27	1	1	27	0.00826446	121	0.746835	FALSE	NA	NA	NA	NA	NA	NA
NC_045512.2	4462	T	C	117	20	27	1	1	24	0.00826446	121	0.746835	FALSE	NA	NA	NA	NA	NA	NA
NC_045512.2	4462	T	A	117	20	27	2	2	28	0.0165289	121	0.496849	FALSE	NA	NA	NA	NA	NA	NA
NC_045512.2	4463	T	G	79	16	22	2	2	27	0.0224719	89	0.228233	FALSE	NA	NA	NA	NA	NA	NA
NC_045512.2	4463	T	C	79	16	22	4	2	26	0.0449438	89	0.053435	FALSE	NA	NA	NA	NA	NA	NA
NC_045512.2	4463	T	A	79	16	22	4	4	25	0.0449438	89	0.053435	FALSE	NA	NA	NA	NA	NA	NA
NC_045512.2	4464	C	T	115	18	26	3	3	25	0.0247934	121	0.304605	FALSE	NA	NA	NA	NA	NA	NA
NC_045512.2	4464	C	A	115	18	26	3	3	27	0.0247934	121	0.304605	FALSE	NA	NA	NA	NA	NA	NA
NC_045512.2	4465	A	T	109	13	27	4	4	26	0.0344828	116	0.179295	FALSE	NA	NA	NA	NA	NA	NA
NC_045512.2	4465	A	G	109	13	27	3	2	25	0.0258621	116	0.300941	FALSE	NA	NA	NA	NA	NA	NA
NC_045512.2	4466	A	G	109	17	23	3	3	29	0.0263158	114	0.307474	FALSE	NA	NA	NA	NA	NA	NA
NC_045512.2	4466	A	C	109	17	23	2	2	27	0.0175439	114	0.493274	FALSE	NA	NA	NA	NA	NA	NA
NC_045512.2	4467	C	T	113	16	27	3	3	28	0.0245902	122	0.295183	FALSE	NA	NA	NA	NA	NA	NA
NC_045512.2	4467	C	G	113	16	27	1	1	23	0.00819672	122	0.735952	FALSE	NA	NA	NA	NA	NA	NA
NC_045512.2	4467	C	A	113	16	27	5	5	25	0.0409836	122	0.100687	FALSE	NA	NA	NA	NA	NA	NA
NC_045512.2	4468	T	G	113	16	27	2	2	27	0.0165289	121	0.483976	FALSE	NA	NA	NA	NA	NA	NA
NC_045512.2	4468	T	A	113	16	27	6	6	27	0.0495868	121	0.0584109	FALSE	NA	NA	NA	NA	NA	NA
NC_045512.2	4469	A	T	118	21	27	1	1	24	0.00819672	122	0.746862	FALSE	NA	NA	NA	NA	NA	NA
NC_045512.2	4469	A	G	118	21	27	2	2	25	0.0163934	122	0.496875	FALSE	NA	NA	NA	NA	NA	NA
NC_045512.2	4469	A	C	118	21	27	1	1	23	0.00819672	122	0.746862	FALSE	NA	NA	NA	NA	NA	NA
NC_045512.2	4470	T	G	115	18	27	1	1	26	0.00819672	122	0.740399	FALSE	NA	NA	NA	NA	NA	NA
NC_045512.2	4470	T	C	115	18	27	4	4	24	0.0327869	122	0.179704	FALSE	NA	NA	NA	NA	NA	NA
NC_045512.2	4470	T	A	115	18	27	2	2	29	0.0163934	122	0.487343	FALSE	NA	NA	NA	NA	NA	NA
NC_045512.2	4471	A	T	115	18	27	2	2	27	0.0163934	122	0.487343	FALSE	NA	NA	NA	NA	NA	NA
NC_045512.2	4471	A	G	115	18	27	3	3	28	0.0245902	122	0.301521	FALSE	NA	NA	NA	NA	NA	NA
NC_045512.2	4471	A	C	115	18	27	2	2	26	0.0163934	122	0.487343	FALSE	NA	NA	NA	NA	NA	NA
NC_045512.2	4472	C	T	115	18	27	2	2	28	0.0162602	123	0.484246	FALSE	NA	NA	NA	NA	NA	NA
NC_045512.2	4472	C	G	115	18	27	1	1	27	0.00813008	123	0.73829	FALSE	NA	NA	NA	NA	NA	NA
NC_045512.2	4472	C	A	115	18	27	5	5	24	0.0406504	123	0.102653	FALSE	NA	NA	NA	NA	NA	NA
NC_045512.2	4473	A	T	114	17	27	2	2	27	0.0162602	123	0.481016	FALSE	NA	NA	NA	NA	NA	NA
NC_045512.2	4473	A	G	114	17	27	3	3	24	0.0243902	123	0.295327	FALSE	NA	NA	NA	NA	NA	NA
NC_045512.2	4473	A	C	114	17	27	4	4	27	0.0325203	123	0.174629	FALSE	NA	NA	NA	NA	NA	NA
NC_045512.2	4474	G	T	113	16	27	2	2	28	0.0162602	123	0.47776	FALSE	NA	NA	NA	NA	NA	NA
NC_045512.2	4474	G	C	113	16	27	2	2	27	0.0162602	123	0.47776	FALSE	NA	NA	NA	NA	NA	NA
NC_045512.2	4474	G	A	113	16	27	6	6	27	0.0487805	123	0.055869	FALSE	NA	NA	NA	NA	NA	NA
NC_045512.2	4475	C	T	114	17	27	2	2	28	0.0162602	123	0.481016	FALSE	NA	NA	NA	NA	NA	NA
NC_045512.2	4475	C	G	114	17	27	6	6	27	0.0487805	123	0.0571674	FALSE	NA	NA	NA	NA	NA	NA
NC_045512.2	4475	C	A	114	17	27	1	1	22	0.00813008	123	0.736072	FALSE	NA	NA	NA	NA	NA	NA
NC_045512.2	4476	G	T	114	17	27	4	4	24	0.0325203	123	0.174629	FALSE	NA	NA	NA	NA	NA	NA
NC_045512.2	4476	G	C	114	17	27	2	2	22	0.0162602	123	0.481016	FALSE	NA	NA	NA	NA	NA	NA
NC_045512.2	4476	G	A	114	17	27	3	3	25	0.0243902	123	0.295327	FALSE	NA	NA	NA	NA	NA	NA
NC_045512.2	4477	T	G	116	19	27	3	3	26	0.0243902	123	0.301612	FALSE	NA	NA	NA	NA	NA	NA
NC_045512.2	4477	T	C	116	19	27	2	2	29	0.0162602	123	0.487449	FALSE	NA	NA	NA	NA	NA	NA
NC_045512.2	4477	T	A	116	19	27	2	2	26	0.0162602	123	0.487449	FALSE	NA	NA	NA	NA	NA	NA
NC_045512.2	4478	A	T	117	20	27	3	3	27	0.0245902	122	0.307809	FALSE	NA	NA	NA	NA	NA	NA
NC_045512.2	4478	A	G	117	20	27	1	1	30	0.00819672	122	0.493724	FALSE	NA	NA	NA	NA	NA	NA
NC_045512.2	4478	A	C	117	20	27	1	1	29	0.00819672	122	0.744735	FALSE	NA	NA	NA	NA	NA	NA
NC_045512.2	4479	A	T	114	17	29	6	6	26	0.0483871	124	0.0559221	FALSE	NA	NA	NA	NA	NA	NA
NC_045512.2	4479	A	G	114	17	29	1	1	24	0.00806452	124	0.733964	FALSE	NA	NA	NA	NA	NA	NA
NC_045512.2	4479	A	C	114	17	29	3	3	25	0.0241935	124	0.292334	FALSE	NA	NA	NA	NA	NA	NA
NC_045512.2	4480	A	T	106	21	23	2	2	27	0.0178571	112	0.489679	FALSE	NA	NA	NA	NA	NA	NA
NC_045512.2	4480	A	G	106	21	23	3	3	28	0.0267857	112	0.303958	FALSE	NA	NA	NA	NA	NA	NA
NC_045512.2	4480	A	C	106	21	23	1	1	29	0.00892857	112	0.741893	FALSE	NA	NA	NA	NA	NA	NA
NC_045512.2	4481	T	G	116	19	27	2	2	27	0.016129	124	0.484377	FALSE	NA	NA	NA	NA	NA	NA
NC_045512.2	4481	T	C	116	19	27	2	2	26	0.016129	124	0.484377	FALSE	NA	NA	NA	NA	NA	NA
NC_045512.2	4481	T	A	116	19	27	4	4	26	0.0322581	124	0.177282	FALSE	NA	NA	NA	NA	NA	NA
NC_045512.2	4482	A	T	114	17	27	4	4	23	0.0325203	123	0.174629	FALSE	NA	NA	NA	NA	NA	NA
NC_045512.2	4482	A	G	114	17	27	3	3	28	0.0243902	123	0.295327	FALSE	NA	NA	NA	NA	NA	NA
NC_045512.2	4482	A	C	114	17	27	2	2	27	0.0162602	123	0.481016	FALSE	NA	NA	NA	NA	NA	NA
NC_045512.2	4483	T	C	120	23	26	1	1	27	0.00806452	124	0.746914	FALSE	NA	NA	NA	NA	NA	NA
NC_045512.2	4483	T	A	120	23	26	3	3	26	0.0241935	124	0.31096	FALSE	NA	NA	NA	NA	NA	NA
NC_045512.2	4484	A	T	112	16	26	3	3	25	0.0247934	121	0.295036	FALSE	NA	NA	NA	NA	NA	NA
NC_045512.2	4484	A	G	112	16	26	3	2	25	0.0247934	121	0.295036	FALSE	NA	NA	NA	NA	NA	NA
NC_045512.2	4484	A	C	112	16	26	3	3	27	0.0247934	121	0.295036	FALSE	NA	NA	NA	NA	NA	NA
NC_045512.2	4485	A	T	107	16	23	6	6	27	0.0504202	119	0.053005	FALSE	NA	NA	NA	NA	NA	NA
NC_045512.2	4485	A	G	107	16	23	4	3	29	0.0336134	119	0.166231	FALSE	NA	NA	NA	NA	NA	NA
NC_045512.2	4485	A	C	107	16	23	2	2	26	0.0168067	119	0.470148	FALSE	NA	NA	NA	NA	NA	NA
NC_045512.2	4486	G	C	113	16	26	1	1	27	0.00826446	121	0.738087	FALSE	NA	NA	NA	NA	NA	NA
NC_045512.2	4486	G	A	113	16	26	7	7	25	0.0578512	121	0.0328829	FALSE	NA	NA	NA	NA	NA	NA
NC_045512.2	4487	G	T	114	17	28	2	2	28	0.016129	124	0.477947	FALSE	NA	NA	NA	NA	NA	NA
NC_045512.2	4487	G	C	114	17	28	2	2	27	0.016129	124	0.477947	FALSE	NA	NA	NA	NA	NA	NA
NC_045512.2	4487	G	A	114	17	28	6	6	27	0.0483871	124	0.0559221	FALSE	NA	NA	NA	NA	NA	NA
NC_045512.2	4488	G	C	102	17	23	3	3	27	0.0267857	112	0.290113	FALSE	NA	NA	NA	NA	NA	NA
NC_045512.2	4488	G	A	102	17	23	7	7	26	0.0625	112	0.0308153	FALSE	NA	NA	NA	NA	NA	NA
NC_045512.2	4489	T	G	116	20	27	4	4	26	0.0322581	124	0.177282	FALSE	NA	NA	NA	NA	NA	NA
NC_045512.2	4489	T	C	116	20	27	3	2	27	0.0241935	124	0.298591	FALSE	NA	NA	NA	NA	NA	NA
NC_045512.2	4489	T	A	116	20	27	1	1	28	0.00806452	124	0.738389	FALSE	NA	NA	NA	NA	NA	NA
NC_045512.2	4490	A	T	111	17	27	2	2	25	0.0168067	119	0.483698	FALSE	NA	NA	NA	NA	NA	NA
NC_045512.2	4490	A	G	111	17	27	3	1	26	0.0252101	119	0.297993	FALSE	NA	NA	NA	NA	NA	NA
NC_045512.2	4490	A	C	111	17	27	3	3	26	0.0252101	119	0.297993	FALSE	NA	NA	NA	NA	NA	NA
NC_045512.2	4491	T	G	112	16	26	4	4	27	0.0338983	118	0.182118	FALSE	NA	NA	NA	NA	NA	NA
NC_045512.2	4491	T	C	112	16	26	1	1	27	0.00847458	118	0.74232	FALSE	NA	NA	NA	NA	NA	NA
NC_045512.2	4491	T	A	112	16	26	1	1	23	0.00847458	118	0.74232	FALSE	NA	NA	NA	NA	NA	NA
NC_045512.2	4492	T	C	108	16	22	1	1	27	0.00869565	115	0.739789	FALSE	NA	NA	NA	NA	NA	NA
NC_045512.2	4492	T	A	108	16	22	6	6	26	0.0521739	115	0.0596093	FALSE	NA	NA	NA	NA	NA	NA
NC_045512.2	4492	T	-A	108	16	22	2	0	20	0.0173913	115	0.486548	FALSE	NA	NA	NA	NA	NA	NA
NC_045512.2	4493	A	T	102	7	27	2	2	27	0.0185185	108	0.482314	FALSE	NA	NA	NA	NA	NA	NA
NC_045512.2	4493	A	G	102	7	27	2	2	28	0.0185185	108	0.482314	FALSE	NA	NA	NA	NA	NA	NA
NC_045512.2	4493	A	C	102	7	27	2	2	28	0.0185185	108	0.482314	FALSE	NA	NA	NA	NA	NA	NA
NC_045512.2	4494	A	T	116	20	27	1	1	34	0.00826446	121	0.493671	FALSE	NA	NA	NA	NA	NA	NA
NC_045512.2	4494	A	G	116	20	27	3	3	26	0.0247934	121	0.30777	FALSE	NA	NA	NA	NA	NA	NA
NC_045512.2	4494	A	C	116	20	27	1	1	24	0.00826446	121	0.74469	FALSE	NA	NA	NA	NA	NA	NA
NC_045512.2	4495	A	G	113	17	27	3	3	27	0.025	120	0.301334	FALSE	NA	NA	NA	NA	NA	NA
NC_045512.2	4495	A	C	113	17	27	4	4	26	0.0333333	120	0.179573	FALSE	NA	NA	NA	NA	NA	NA
NC_045512.2	4496	A	T	49	15	22	5	5	26	0.0847458	59	0.0235738	FALSE	NA	NA	NA	NA	NA	NA
NC_045512.2	4496	A	C	49	15	22	5	5	26	0.0847458	59	0.0235738	FALSE	NA	NA	NA	NA	NA	NA
NC_045512.2	4497	T	G	113	17	26	3	3	26	0.0247934	121	0.298239	FALSE	NA	NA	NA	NA	NA	NA
NC_045512.2	4497	T	A	113	17	26	5	5	28	0.0413223	121	0.102541	FALSE	NA	NA	NA	NA	NA	NA
NC_045512.2	4498	A	T	111	15	26	8	8	27	0.0661157	121	0.0172389	FALSE	NA	NA	NA	NA	NA	NA
NC_045512.2	4498	A	G	111	15	26	2	2	28	0.0165289	121	0.477377	FALSE	NA	NA	NA	NA	NA	NA
NC_045512.2	4499	C	T	112	16	26	2	2	28	0.0166667	120	0.483838	FALSE	NA	NA	NA	NA	NA	NA
NC_045512.2	4499	C	A	112	16	26	6	6	25	0.05	120	0.0583766	FALSE	NA	NA	NA	NA	NA	NA
NC_045512.2	4500	A	T	112	16	26	2	2	27	0.0169492	118	0.490218	FALSE	NA	NA	NA	NA	NA	NA
NC_045512.2	4500	A	G	112	16	26	2	2	29	0.0169492	118	0.490218	FALSE	NA	NA	NA	NA	NA	NA
NC_045512.2	4500	A	C	112	16	26	2	2	28	0.0169492	118	0.490218	FALSE	NA	NA	NA	NA	NA	NA
NC_045512.2	4501	A	T	108	18	23	3	3	26	0.0263158	114	0.304111	FALSE	NA	NA	NA	NA	NA	NA
NC_045512.2	4501	A	G	108	18	23	2	2	24	0.0175439	114	0.489865	FALSE	NA	NA	NA	NA	NA	NA
NC_045512.2	4501	A	C	108	18	23	1	1	24	0.00877193	114	0.742041	FALSE	NA	NA	NA	NA	NA	NA
NC_045512.2	4502	G	T	114	18	26	4	4	27	0.0330579	121	0.179639	FALSE	NA	NA	NA	NA	NA	NA
NC_045512.2	4502	G	C	114	18	26	2	2	28	0.0165289	121	0.487235	FALSE	NA	NA	NA	NA	NA	NA
NC_045512.2	4502	G	A	114	18	26	1	1	28	0.00826446	121	0.740316	FALSE	NA	NA	NA	NA	NA	NA
NC_045512.2	4503	A	T	113	17	26	4	4	27	0.0330579	121	0.177026	FALSE	NA	NA	NA	NA	NA	NA
NC_045512.2	4503	A	G	113	17	26	4	4	26	0.0330579	121	0.177026	FALSE	NA	NA	NA	NA	NA	NA
NC_045512.2	4504	G	T	111	15	26	6	6	25	0.0504202	119	0.0583418	FALSE	NA	NA	NA	NA	NA	NA
NC_045512.2	4504	G	C	111	15	26	1	1	23	0.00840336	119	0.737877	FALSE	NA	NA	NA	NA	NA	NA
NC_045512.2	4504	G	A	111	15	26	1	1	27	0.00840336	119	0.737877	FALSE	NA	NA	NA	NA	NA	NA
NC_045512.2	4505	G	T	112	16	27	3	3	29	0.025	120	0.298117	FALSE	NA	NA	NA	NA	NA	NA
NC_045512.2	4505	G	A	112	16	27	5	5	25	0.0416667	120	0.102483	FALSE	NA	NA	NA	NA	NA	NA
NC_045512.2	4506	G	T	89	18	23	3	3	24	0.03125	96	0.117097	FALSE	NA	NA	NA	NA	NA	NA
NC_045512.2	4506	G	A	89	18	23	4	4	26	0.0416667	96	0.0579256	FALSE	NA	NA	NA	NA	NA	NA
NC_045512.2	4507	T	G	113	17	26	3	3	24	0.025	120	0.301334	FALSE	NA	NA	NA	NA	NA	NA
NC_045512.2	4507	T	C	113	17	26	2	2	28	0.0166667	120	0.487125	FALSE	NA	NA	NA	NA	NA	NA
NC_045512.2	4507	T	A	113	17	26	2	2	25	0.0166667	120	0.487125	FALSE	NA	NA	NA	NA	NA	NA
NC_045512.2	4507	T	-G	113	17	26	1	0	20	0.00833333	120	0.740232	FALSE	NA	NA	NA	NA	NA	NA
NC_045512.2	4508	G	T	113	17	27	3	3	25	0.0252101	119	0.301334	FALSE	NA	NA	NA	NA	NA	NA
NC_045512.2	4508	G	A	113	17	27	3	3	27	0.0252101	119	0.301334	FALSE	NA	NA	NA	NA	NA	NA
NC_045512.2	4509	T	G	112	16	26	3	3	28	0.0245902	122	0.291995	FALSE	NA	NA	NA	NA	NA	NA
NC_045512.2	4509	T	C	112	16	26	1	1	23	0.00819672	122	0.733685	FALSE	NA	NA	NA	NA	NA	NA
NC_045512.2	4509	T	A	112	16	26	6	6	25	0.0491803	122	0.055815	FALSE	NA	NA	NA	NA	NA	NA
NC_045512.2	4510	G	T	108	13	27	3	3	27	0.025	120	0.285122	FALSE	NA	NA	NA	NA	NA	NA
NC_045512.2	4510	G	C	108	13	27	4	4	28	0.0333333	120	0.16641	FALSE	NA	NA	NA	NA	NA	NA
NC_045512.2	4510	G	A	108	13	27	5	4	26	0.0416667	120	0.0947734	FALSE	NA	NA	NA	NA	NA	NA
NC_045512.2	4511	G	T	105	15	23	2	2	26	0.0172414	116	0.472862	FALSE	NA	NA	NA	NA	NA	NA
NC_045512.2	4511	G	C	105	15	23	2	2	23	0.0172414	116	0.472862	FALSE	NA	NA	NA	NA	NA	NA
NC_045512.2	4511	G	A	105	15	23	7	7	25	0.0603448	116	0.0300718	FALSE	NA	NA	NA	NA	NA	NA
NC_045512.2	4512	T	G	117	21	26	1	1	27	0.00819672	122	0.744735	FALSE	NA	NA	NA	NA	NA	NA
NC_045512.2	4512	T	C	117	21	26	1	1	24	0.00819672	122	0.744735	FALSE	NA	NA	NA	NA	NA	NA
NC_045512.2	4512	T	A	117	21	26	3	3	25	0.0245902	122	0.307809	FALSE	NA	NA	NA	NA	NA	NA
NC_045512.2	4513	T	C	105	17	23	2	1	25	0.0176991	113	0.482801	FALSE	NA	NA	NA	NA	NA	NA
NC_045512.2	4513	T	A	105	17	23	6	6	25	0.0530973	113	0.0581198	FALSE	NA	NA	NA	NA	NA	NA
NC_045512.2	4514	G	T	116	15	27	2	2	26	0.015873	126	0.478311	FALSE	NA	NA	NA	NA	NA	NA
NC_045512.2	4514	G	C	116	15	27	3	3	27	0.0238095	126	0.292662	FALSE	NA	NA	NA	NA	NA	NA
NC_045512.2	4514	G	A	116	15	27	5	5	27	0.0396825	126	0.0991219	FALSE	NA	NA	NA	NA	NA	NA
NC_045512.2	4515	A	T	123	23	26	1	1	28	0.00793651	126	0.748996	FALSE	NA	NA	NA	NA	NA	NA
NC_045512.2	4515	A	G	123	23	26	1	1	26	0.00793651	126	0.748996	FALSE	NA	NA	NA	NA	NA	NA
NC_045512.2	4515	A	C	123	23	26	1	1	29	0.00793651	126	0.748996	FALSE	NA	NA	NA	NA	NA	NA
NC_045512.2	4516	T	G	114	15	26	4	4	26	0.0322581	124	0.172187	FALSE	NA	NA	NA	NA	NA	NA
NC_045512.2	4516	T	C	114	15	26	2	2	25	0.016129	124	0.477947	FALSE	NA	NA	NA	NA	NA	NA
NC_045512.2	4516	T	A	114	15	26	4	4	28	0.0322581	124	0.172187	FALSE	NA	NA	NA	NA	NA	NA
NC_045512.2	4517	T	G	103	16	23	2	2	28	0.0178571	112	0.479075	FALSE	NA	NA	NA	NA	NA	NA
NC_045512.2	4517	T	C	103	16	23	2	2	24	0.0178571	112	0.479075	FALSE	NA	NA	NA	NA	NA	NA
NC_045512.2	4517	T	A	103	16	23	5	5	26	0.0446429	112	0.099907	FALSE	NA	NA	NA	NA	NA	NA
NC_045512.2	4518	A	T	116	19	26	3	3	25	0.0243902	123	0.301612	FALSE	NA	NA	NA	NA	NA	NA
NC_045512.2	4518	A	G	116	19	26	1	1	28	0.00813008	123	0.74048	FALSE	NA	NA	NA	NA	NA	NA
NC_045512.2	4518	A	C	116	19	26	3	3	27	0.0243902	123	0.301612	FALSE	NA	NA	NA	NA	NA	NA
NC_045512.2	4519	T	G	113	16	26	3	3	24	0.0245902	122	0.295183	FALSE	NA	NA	NA	NA	NA	NA
NC_045512.2	4519	T	A	113	16	26	6	6	28	0.0491803	122	0.0571237	FALSE	NA	NA	NA	NA	NA	NA
NC_045512.2	4520	G	T	114	17	27	2	2	27	0.0163934	122	0.484112	FALSE	NA	NA	NA	NA	NA	NA
NC_045512.2	4520	G	C	114	17	27	2	2	25	0.0163934	122	0.484112	FALSE	NA	NA	NA	NA	NA	NA
NC_045512.2	4520	G	A	114	17	27	4	4	25	0.0327869	122	0.177113	FALSE	NA	NA	NA	NA	NA	NA
NC_045512.2	4521	G	T	112	19	23	1	1	27	0.00862069	116	0.746696	FALSE	NA	NA	NA	NA	NA	NA
NC_045512.2	4521	G	C	112	19	23	1	1	28	0.00862069	116	0.746696	FALSE	NA	NA	NA	NA	NA	NA
NC_045512.2	4521	G	A	112	19	23	2	2	27	0.0172414	116	0.49671	FALSE	NA	NA	NA	NA	NA	NA
NC_045512.2	4522	T	G	112	17	27	5	5	28	0.0413223	121	0.100614	FALSE	NA	NA	NA	NA	NA	NA
NC_045512.2	4522	T	A	112	17	27	4	4	26	0.0330579	121	0.174413	FALSE	NA	NA	NA	NA	NA	NA
NC_045512.2	4523	G	T	112	20	26	5	5	25	0.0416667	120	0.102483	FALSE	NA	NA	NA	NA	NA	NA
NC_045512.2	4523	G	A	112	20	26	3	1	27	0.025	120	0.298117	FALSE	NA	NA	NA	NA	NA	NA
NC_045512.2	4524	C	T	107	14	26	7	7	28	0.0583333	120	0.0285479	FALSE	NA	NA	NA	NA	NA	NA
NC_045512.2	4524	C	G	107	14	26	1	1	27	0.00833333	120	0.726287	FALSE	NA	NA	NA	NA	NA	NA
NC_045512.2	4524	C	A	107	14	26	5	5	24	0.0416667	120	0.0928715	FALSE	NA	NA	NA	NA	NA	NA
NC_045512.2	4525	T	G	110	16	26	4	4	25	0.0330579	121	0.169193	FALSE	NA	NA	NA	NA	NA	NA
NC_045512.2	4525	T	C	110	16	26	4	3	25	0.0330579	121	0.169193	FALSE	NA	NA	NA	NA	NA	NA
NC_045512.2	4525	T	A	110	16	26	3	3	26	0.0247934	121	0.288594	FALSE	NA	NA	NA	NA	NA	NA
NC_045512.2	4526	A	T	130	19	27	3	3	27	0.0212766	141	0.292066	FALSE	NA	NA	NA	NA	NA	NA
NC_045512.2	4526	A	G	130	19	27	5	5	27	0.035461	141	0.0985733	FALSE	NA	NA	NA	NA	NA	NA
NC_045512.2	4526	A	C	130	19	27	3	3	26	0.0212766	141	0.292066	FALSE	NA	NA	NA	NA	NA	NA
NC_045512.2	4527	G	T	133	22	27	5	5	26	0.0352113	142	0.101915	FALSE	NA	NA	NA	NA	NA	NA
NC_045512.2	4527	G	A	133	22	27	4	4	24	0.028169	142	0.17637	FALSE	NA	NA	NA	NA	NA	NA
NC_045512.2	4527	G	-A	133	22	27	1	0	20	0.00704225	142	0.738023	FALSE	NA	NA	NA	NA	NA	NA
NC_045512.2	4528	A	T	133	22	26	4	4	27	0.0283688	141	0.17637	FALSE	NA	NA	NA	NA	NA	NA
NC_045512.2	4528	A	G	133	22	26	3	3	27	0.0212766	141	0.297672	FALSE	NA	NA	NA	NA	NA	NA
NC_045512.2	4528	A	C	133	22	26	1	1	28	0.0070922	141	0.738023	FALSE	NA	NA	NA	NA	NA	NA
NC_045512.2	4528	A	+T	133	22	26	2	0	20	0.0140845	142	0.483639	FALSE	NA	NA	NA	NA	NA	NA
NC_045512.2	4529	T	G	108	7	27	5	5	28	0.042735	117	0.100314	FALSE	NA	NA	NA	NA	NA	NA
NC_045512.2	4529	T	C	108	7	27	2	2	24	0.017094	117	0.480004	FALSE	NA	NA	NA	NA	NA	NA
NC_045512.2	4529	T	A	108	7	27	2	2	25	0.017094	117	0.480004	FALSE	NA	NA	NA	NA	NA	NA
NC_045512.2	4530	T	G	123	23	27	1	1	29	0.0075188	133	0.73511	FALSE	NA	NA	NA	NA	NA	NA
NC_045512.2	4530	T	C	123	23	27	2	2	25	0.0150376	133	0.479497	FALSE	NA	NA	NA	NA	NA	NA
NC_045512.2	4530	T	A	123	23	27	7	7	26	0.0526316	133	0.0314931	FALSE	NA	NA	NA	NA	NA	NA
NC_045512.2	4531	T	G	122	23	27	4	4	25	0.0300752	133	0.170863	FALSE	NA	NA	NA	NA	NA	NA
NC_045512.2	4531	T	C	122	23	27	2	2	25	0.0150376	133	0.476478	FALSE	NA	NA	NA	NA	NA	NA
NC_045512.2	4531	T	A	122	23	27	5	5	26	0.037594	133	0.0979244	FALSE	NA	NA	NA	NA	NA	NA
NC_045512.2	4532	T	G	63	25	23	5	5	26	0.0694444	72	0.0259259	FALSE	NA	NA	NA	NA	NA	NA
NC_045512.2	4532	T	C	63	25	23	1	1	28	0.0138889	72	0.474074	FALSE	NA	NA	NA	NA	NA	NA
NC_045512.2	4532	T	A	63	25	23	3	3	27	0.0416667	72	0.109155	FALSE	NA	NA	NA	NA	NA	NA
NC_045512.2	4533	A	T	123	25	26	5	5	23	0.0381679	131	0.103066	FALSE	NA	NA	NA	NA	NA	NA
NC_045512.2	4533	A	G	123	25	26	2	2	29	0.0152672	131	0.485238	FALSE	NA	NA	NA	NA	NA	NA
NC_045512.2	4533	A	C	123	25	26	1	1	27	0.00763359	131	0.739037	FALSE	NA	NA	NA	NA	NA	NA
NC_045512.2	4534	C	T	118	21	26	9	8	28	0.0687023	131	0.00866219	TRUE	NA	NA	NA	NA	NA	NA
NC_045512.2	4534	C	G	118	21	26	2	2	28	0.0152672	131	0.469895	FALSE	NA	NA	NA	NA	NA	NA
NC_045512.2	4534	C	A	118	21	26	2	2	26	0.0152672	131	0.469895	FALSE	NA	NA	NA	NA	NA	NA
NC_045512.2	4534	C	+T	118	21	26	1	0	20	0.00763359	131	0.72843	FALSE	NA	NA	NA	NA	NA	NA
NC_045512.2	4535	T	G	101	8	27	6	6	26	0.0530973	113	0.0525106	FALSE	NA	NA	NA	NA	NA	NA
NC_045512.2	4535	T	C	101	8	27	1	1	26	0.00884956	113	0.727261	FALSE	NA	NA	NA	NA	NA	NA
NC_045512.2	4535	T	A	101	8	27	5	5	26	0.0442478	113	0.0938736	FALSE	NA	NA	NA	NA	NA	NA
NC_045512.2	4536	T	G	115	22	28	6	6	26	0.046875	128	0.0524459	FALSE	NA	NA	NA	NA	NA	NA
NC_045512.2	4536	T	C	115	22	28	2	2	24	0.015625	128	0.469153	FALSE	NA	NA	NA	NA	NA	NA
NC_045512.2	4536	T	A	115	22	28	5	5	26	0.0390625	128	0.0938953	FALSE	NA	NA	NA	NA	NA	NA
NC_045512.2	4537	T	G	118	26	28	5	5	25	0.0390625	128	0.0992823	FALSE	NA	NA	NA	NA	NA	NA
NC_045512.2	4537	T	C	118	26	28	4	4	25	0.03125	128	0.172671	FALSE	NA	NA	NA	NA	NA	NA
NC_045512.2	4537	T	A	118	26	28	1	1	27	0.0078125	128	0.734495	FALSE	NA	NA	NA	NA	NA	NA
NC_045512.2	4538	T	G	70	26	23	5	5	27	0.0617284	81	0.0247083	FALSE	NA	NA	NA	NA	NA	NA
NC_045512.2	4538	T	C	70	26	23	2	1	25	0.0246914	81	0.222726	FALSE	NA	NA	NA	NA	NA	NA
NC_045512.2	4538	T	A	70	26	23	4	4	25	0.0493827	81	0.0510638	FALSE	NA	NA	NA	NA	NA	NA
NC_045512.2	4538	T	-A	70	26	23	1	0	20	0.0123457	81	0.470199	FALSE	NA	NA	NA	NA	NA	NA
NC_045512.2	4539	A	T	115	22	27	4	4	29	0.0314961	127	0.167585	FALSE	NA	NA	NA	NA	NA	NA
NC_045512.2	4539	A	G	115	22	27	4	4	25	0.0314961	127	0.167585	FALSE	NA	NA	NA	NA	NA	NA
NC_045512.2	4539	A	C	115	22	27	4	4	28	0.0314961	127	0.167585	FALSE	NA	NA	NA	NA	NA	NA
NC_045512.2	4540	C	T	112	19	27	9	9	27	0.0708661	127	0.00800317	TRUE	NA	NA	NA	NA	NA	NA
NC_045512.2	4540	C	G	112	19	27	2	2	31	0.015748	127	0.224582	FALSE	NA	NA	NA	NA	NA	NA
NC_045512.2	4540	C	A	112	19	27	4	4	24	0.0314961	127	0.160149	FALSE	NA	NA	NA	NA	NA	NA
NC_045512.2	4541	A	T	119	26	27	2	2	27	0.0155039	129	0.478836	FALSE	NA	NA	NA	NA	NA	NA
NC_045512.2	4541	A	G	119	26	27	4	4	24	0.0310078	129	0.172787	FALSE	NA	NA	NA	NA	NA	NA
NC_045512.2	4541	A	C	119	26	27	4	4	28	0.0310078	129	0.172787	FALSE	NA	NA	NA	NA	NA	NA
NC_045512.2	4542	C	T	109	16	27	8	8	27	0.0629921	127	0.0134393	FALSE	NA	NA	NA	NA	NA	NA
NC_045512.2	4542	C	G	109	16	27	6	6	28	0.0472441	127	0.0464256	FALSE	NA	NA	NA	NA	NA	NA
NC_045512.2	4542	C	A	109	16	27	4	4	27	0.0314961	127	0.15274	FALSE	NA	NA	NA	NA	NA	NA
NC_045512.2	4543	C	T	109	19	24	6	6	26	0.0472441	127	0.0464256	FALSE	NA	NA	NA	NA	NA	NA
NC_045512.2	4543	C	G	109	19	24	4	4	25	0.0314961	127	0.15274	FALSE	NA	NA	NA	NA	NA	NA
NC_045512.2	4543	C	A	109	19	24	8	8	25	0.0629921	127	0.0134393	FALSE	NA	NA	NA	NA	NA	NA
NC_045512.2	4544	A	T	119	26	27	5	5	26	0.0384615	130	0.0976605	FALSE	NA	NA	NA	NA	NA	NA
NC_045512.2	4544	A	G	119	26	27	4	4	26	0.0307692	130	0.170475	FALSE	NA	NA	NA	NA	NA	NA
NC_045512.2	4544	A	C	119	26	27	2	2	27	0.0153846	130	0.475911	FALSE	NA	NA	NA	NA	NA	NA
NC_045512.2	4545	G	T	116	23	27	5	5	23	0.0378788	132	0.0892125	FALSE	NA	NA	NA	NA	NA	NA
NC_045512.2	4545	G	C	116	23	27	4	4	27	0.030303	132	0.158814	FALSE	NA	NA	NA	NA	NA	NA
NC_045512.2	4545	G	A	116	23	27	7	7	26	0.0530303	132	0.0268833	FALSE	NA	NA	NA	NA	NA	NA
NC_045512.2	4545	G	-T	116	23	27	1	0	20	0.00757576	132	0.721986	FALSE	NA	NA	NA	NA	NA	NA
NC_045512.2	4546	T	G	119	26	26	4	4	26	0.0307692	130	0.168199	FALSE	NA	NA	NA	NA	NA	NA
NC_045512.2	4546	T	C	119	26	26	2	2	25	0.0153846	130	0.473011	FALSE	NA	NA	NA	NA	NA	NA
NC_045512.2	4546	T	A	119	26	26	5	5	24	0.0384615	130	0.0959942	FALSE	NA	NA	NA	NA	NA	NA
NC_045512.2	4546	T	+A	119	26	26	1	0	20	0.00763359	131	0.730602	FALSE	NA	NA	NA	NA	NA	NA
NC_045512.2	4547	A	T	106	17	26	7	7	24	0.0588235	119	0.0284945	FALSE	NA	NA	NA	NA	NA	NA
NC_045512.2	4547	A	G	106	17	26	3	3	22	0.0252101	119	0.281577	FALSE	NA	NA	NA	NA	NA	NA
NC_045512.2	4547	A	C	106	17	26	3	3	25	0.0252101	119	0.281577	FALSE	NA	NA	NA	NA	NA	NA
NC_045512.2	4548	A	T	108	21	28	4	4	27	0.0327869	122	0.161596	FALSE	NA	NA	NA	NA	NA	NA
NC_045512.2	4548	A	G	108	21	28	7	7	27	0.057377	122	0.027838	FALSE	NA	NA	NA	NA	NA	NA
NC_045512.2	4548	A	C	108	21	28	3	3	28	0.0245902	122	0.279126	FALSE	NA	NA	NA	NA	NA	NA
NC_045512.2	4548	A	-A	108	21	28	1	0	20	0.00819672	122	0.724321	FALSE	NA	NA	NA	NA	NA	NA
NC_045512.2	4549	A	T	112	25	28	4	4	27	0.032	125	0.164742	FALSE	NA	NA	NA	NA	NA	NA
NC_045512.2	4549	A	G	112	25	28	7	7	27	0.056	125	0.028803	FALSE	NA	NA	NA	NA	NA	NA
NC_045512.2	4549	A	C	112	25	28	2	2	28	0.016	125	0.468372	FALSE	NA	NA	NA	NA	NA	NA
NC_045512.2	4550	A	T	62	22	23	7	7	25	0.0897436	78	0.00444996	TRUE	NA	NA	NA	NA	NA	NA
NC_045512.2	4550	A	G	62	22	23	9	8	26	0.115385	78	0.00101656	TRUE	NA	NA	NA	NA	NA	NA
NC_045512.2	4551	C	T	102	20	27	10	10	27	0.0833333	120	0.00369263	TRUE	NA	NA	NA	NA	NA	NA
NC_045512.2	4551	C	G	102	20	27	3	3	26	0.025	120	0.265271	FALSE	NA	NA	NA	NA	NA	NA
NC_045512.2	4551	C	A	102	20	27	5	5	26	0.0416667	120	0.0835316	FALSE	NA	NA	NA	NA	NA	NA
NC_045512.2	4552	A	T	105	23	26	7	7	27	0.057377	122	0.0254674	FALSE	NA	NA	NA	NA	NA	NA
NC_045512.2	4552	A	G	105	23	26	6	6	27	0.0491803	122	0.0470067	FALSE	NA	NA	NA	NA	NA	NA
NC_045512.2	4552	A	C	105	23	26	4	4	26	0.0327869	122	0.153874	FALSE	NA	NA	NA	NA	NA	NA
NC_045512.2	4553	A	T	98	21	24	15	15	26	0.127119	118	0.000129672	TRUE	NA	NA	NA	NA	NA	NA
NC_045512.2	4553	A	G	98	21	24	1	1	29	0.00847458	118	0.707752	FALSE	NA	NA	NA	NA	NA	NA
NC_045512.2	4553	A	C	98	21	24	4	4	26	0.0338983	118	0.144785	FALSE	NA	NA	NA	NA	NA	NA
NC_045512.2	4554	C	T	102	21	26	7	7	28	0.057377	122	0.0232068	FALSE	NA	NA	NA	NA	NA	NA
NC_045512.2	4554	C	G	102	21	26	3	3	27	0.0245902	122	0.259486	FALSE	NA	NA	NA	NA	NA	NA
NC_045512.2	4554	C	A	102	21	26	10	10	26	0.0819672	122	0.00340374	TRUE	NA	NA	NA	NA	NA	NA
NC_045512.2	4555	T	G	108	27	26	1	1	24	0.00813008	123	0.722153	FALSE	NA	NA	NA	NA	NA	NA
NC_045512.2	4555	T	C	108	27	26	6	6	27	0.0487805	123	0.0495609	FALSE	NA	NA	NA	NA	NA	NA
NC_045512.2	4555	T	A	108	27	26	8	8	26	0.0650407	123	0.0146941	FALSE	NA	NA	NA	NA	NA	NA
NC_045512.2	4556	G	T	104	24	26	5	5	25	0.0403226	124	0.0808011	FALSE	NA	NA	NA	NA	NA	NA
NC_045512.2	4556	G	C	104	24	26	3	3	25	0.0241935	124	0.260376	FALSE	NA	NA	NA	NA	NA	NA
NC_045512.2	4556	G	A	104	24	26	12	11	27	0.0967742	124	0.000942145	TRUE	NA	NA	NA	NA	NA	NA
NC_045512.2	4557	T	G	107	27	26	5	5	28	0.0403226	124	0.0861337	FALSE	NA	NA	NA	NA	NA	NA
NC_045512.2	4557	T	C	107	27	26	4	4	24	0.0322581	124	0.15442	FALSE	NA	NA	NA	NA	NA	NA
NC_045512.2	4557	T	A	107	27	26	8	7	26	0.0645161	124	0.0137714	FALSE	NA	NA	NA	NA	NA	NA
NC_045512.2	4558	A	T	106	26	27	6	6	26	0.0487805	123	0.0471269	FALSE	NA	NA	NA	NA	NA	NA
NC_045512.2	4558	A	G	106	26	27	2	2	26	0.0162602	123	0.454204	FALSE	NA	NA	NA	NA	NA	NA
NC_045512.2	4558	A	C	106	26	27	9	9	26	0.0731707	123	0.00733659	TRUE	NA	NA	NA	NA	NA	NA
NC_045512.2	4559	G	T	98	18	27	14	14	27	0.112903	124	0.000174466	TRUE	NA	NA	NA	NA	NA	NA
NC_045512.2	4559	G	C	98	18	27	8	8	26	0.0645161	124	0.00992029	TRUE	NA	NA	NA	NA	NA	NA
NC_045512.2	4559	G	A	98	18	27	4	4	26	0.0322581	124	0.131876	FALSE	NA	NA	NA	NA	NA	NA
NC_045512.2	4560	C	T	100	20	27	6	6	26	0.0487805	123	0.0401493	FALSE	NA	NA	NA	NA	NA	NA
NC_045512.2	4560	C	G	100	20	27	9	9	27	0.0731707	123	0.00575125	TRUE	NA	NA	NA	NA	NA	NA
NC_045512.2	4560	C	A	100	20	27	8	8	26	0.0650407	123	0.0110619	FALSE	NA	NA	NA	NA	NA	NA
NC_045512.2	4561	G	T	100	20	27	8	8	27	0.0650407	123	0.0110619	FALSE	NA	NA	NA	NA	NA	NA
NC_045512.2	4561	G	C	100	20	27	9	9	26	0.0731707	123	0.00575125	TRUE	NA	NA	NA	NA	NA	NA
NC_045512.2	4561	G	A	100	20	27	6	6	26	0.0487805	123	0.0401493	FALSE	NA	NA	NA	NA	NA	NA
NC_045512.2	4562	T	G	102	22	27	6	6	25	0.0491803	122	0.043431	FALSE	NA	NA	NA	NA	NA	NA
NC_045512.2	4562	T	C	102	22	27	2	2	28	0.0163934	122	0.443188	FALSE	NA	NA	NA	NA	NA	NA
NC_045512.2	4562	T	A	102	22	27	12	12	25	0.0983607	122	0.000932018	TRUE	NA	NA	NA	NA	NA	NA
NC_045512.2	4563	C	T	100	20	27	5	5	27	0.0406504	123	0.0753151	FALSE	NA	NA	NA	NA	NA	NA
NC_045512.2	4563	C	G	100	20	27	9	9	27	0.0731707	123	0.00575125	TRUE	NA	NA	NA	NA	NA	NA
NC_045512.2	4563	C	A	100	20	27	9	9	27	0.0731707	123	0.00575125	TRUE	NA	NA	NA	NA	NA	NA
NC_045512.2	4564	A	T	103	23	27	4	4	24	0.0330579	121	0.151007	FALSE	NA	NA	NA	NA	NA	NA
NC_045512.2	4564	A	G	103	23	27	8	8	26	0.0661157	121	0.0131669	FALSE	NA	NA	NA	NA	NA	NA
NC_045512.2	4564	A	C	103	23	27	6	6	27	0.0495868	121	0.0456703	FALSE	NA	NA	NA	NA	NA	NA
NC_045512.2	4565	C	T	98	18	27	10	10	27	0.0819672	122	0.0028217	TRUE	NA	NA	NA	NA	NA	NA
NC_045512.2	4565	C	G	98	18	27	5	5	24	0.0409836	122	0.0733088	FALSE	NA	NA	NA	NA	NA	NA
NC_045512.2	4565	C	A	98	18	27	9	9	28	0.0737705	122	0.00547643	TRUE	NA	NA	NA	NA	NA	NA
NC_045512.2	4566	T	G	102	22	27	11	11	26	0.0901639	122	0.00178247	TRUE	NA	NA	NA	NA	NA	NA
NC_045512.2	4566	T	C	102	22	27	2	2	27	0.0163934	122	0.443188	FALSE	NA	NA	NA	NA	NA	NA
NC_045512.2	4566	T	A	102	22	27	7	7	27	0.057377	122	0.0232068	FALSE	NA	NA	NA	NA	NA	NA
NC_045512.2	4567	T	G	103	25	25	5	5	27	0.0406504	123	0.0805763	FALSE	NA	NA	NA	NA	NA	NA
NC_045512.2	4567	T	C	103	25	25	7	6	27	0.0569106	123	0.0232949	FALSE	NA	NA	NA	NA	NA	NA
NC_045512.2	4567	T	A	103	25	25	8	8	26	0.0650407	123	0.0123524	FALSE	NA	NA	NA	NA	NA	NA
NC_045512.2	4568	A	T	111	31	27	4	4	26	0.0327869	122	0.169345	FALSE	NA	NA	NA	NA	NA	NA
NC_045512.2	4568	A	G	111	31	27	4	4	26	0.0327869	122	0.169345	FALSE	NA	NA	NA	NA	NA	NA
NC_045512.2	4568	A	C	111	31	27	3	3	29	0.0245902	122	0.288796	FALSE	NA	NA	NA	NA	NA	NA
NC_045512.2	4569	T	G	101	21	27	3	3	25	0.0245902	122	0.256176	FALSE	NA	NA	NA	NA	NA	NA
NC_045512.2	4569	T	C	101	21	27	9	9	27	0.0737705	122	0.00622103	TRUE	NA	NA	NA	NA	NA	NA
NC_045512.2	4569	T	A	101	21	27	9	9	26	0.0737705	122	0.00622103	TRUE	NA	NA	NA	NA	NA	NA
NC_045512.2	4570	C	T	103	23	28	7	7	26	0.057377	122	0.023948	FALSE	NA	NA	NA	NA	NA	NA
NC_045512.2	4570	C	G	103	23	28	3	3	27	0.0245902	122	0.262786	FALSE	NA	NA	NA	NA	NA	NA
NC_045512.2	4570	C	A	103	23	28	9	9	25	0.0737705	122	0.00675215	TRUE	NA	NA	NA	NA	NA	NA
NC_045512.2	4571	A	T	104	24	28	11	11	26	0.0909091	121	0.00205678	TRUE	NA	NA	NA	NA	NA	NA
NC_045512.2	4571	A	G	104	24	28	4	4	26	0.0330579	121	0.153595	FALSE	NA	NA	NA	NA	NA	NA
NC_045512.2	4571	A	C	104	24	28	2	2	25	0.0165289	121	0.453392	FALSE	NA	NA	NA	NA	NA	NA
NC_045512.2	4572	A	T	102	28	25	6	6	27	0.0504202	119	0.0466347	FALSE	NA	NA	NA	NA	NA	NA
NC_045512.2	4572	A	G	102	28	25	5	4	24	0.0420168	119	0.0851787	FALSE	NA	NA	NA	NA	NA	NA
NC_045512.2	4572	A	C	102	28	25	6	6	26	0.0504202	119	0.0466347	FALSE	NA	NA	NA	NA	NA	NA
NC_045512.2	4573	C	T	97	18	27	11	10	26	0.0894309	123	0.00131335	TRUE	NA	NA	NA	NA	NA	NA
NC_045512.2	4573	C	G	97	18	27	5	5	28	0.0406504	123	0.0701734	FALSE	NA	NA	NA	NA	NA	NA
NC_045512.2	4573	C	A	97	18	27	10	10	26	0.0813008	123	0.00257835	TRUE	NA	NA	NA	NA	NA	NA
NC_045512.2	4574	A	T	104	26	27	8	8	26	0.0645161	124	0.0124035	FALSE	NA	NA	NA	NA	NA	NA
NC_045512.2	4574	A	G	104	26	27	8	7	27	0.0645161	124	0.0124035	FALSE	NA	NA	NA	NA	NA	NA
NC_045512.2	4574	A	C	104	26	27	4	3	27	0.0322581	124	0.146857	FALSE	NA	NA	NA	NA	NA	NA
NC_045512.2	4575	C	T	106	28	27	8	6	27	0.0661157	121	0.0146195	FALSE	NA	NA	NA	NA	NA	NA
NC_045512.2	4575	C	G	106	28	27	3	3	26	0.0247934	121	0.275567	FALSE	NA	NA	NA	NA	NA	NA
NC_045512.2	4575	C	A	106	28	27	4	4	25	0.0330579	121	0.158781	FALSE	NA	NA	NA	NA	NA	NA
NC_045512.2	4576	A	T	107	27	27	6	6	27	0.0495868	121	0.0506095	FALSE	NA	NA	NA	NA	NA	NA
NC_045512.2	4576	A	G	107	27	27	6	6	26	0.0495868	121	0.0506095	FALSE	NA	NA	NA	NA	NA	NA
NC_045512.2	4576	A	C	107	27	27	2	2	28	0.0165289	121	0.463843	FALSE	NA	NA	NA	NA	NA	NA
NC_045512.2	4577	C	T	101	21	27	6	6	26	0.0483871	124	0.0403145	FALSE	NA	NA	NA	NA	NA	NA
NC_045512.2	4577	C	G	101	21	27	5	5	25	0.0403226	124	0.0755775	FALSE	NA	NA	NA	NA	NA	NA
NC_045512.2	4577	C	A	101	21	27	12	12	27	0.0967742	124	0.000799736	TRUE	NA	NA	NA	NA	NA	NA
NC_045512.2	4578	T	G	102	24	27	7	7	25	0.0578512	121	0.0238633	FALSE	NA	NA	NA	NA	NA	NA
NC_045512.2	4578	T	C	102	24	27	8	7	25	0.0661157	121	0.0127025	FALSE	NA	NA	NA	NA	NA	NA
NC_045512.2	4578	T	A	102	24	27	4	4	27	0.0330579	121	0.148425	FALSE	NA	NA	NA	NA	NA	NA
NC_045512.2	4579	T	G	83	19	24	6	6	26	0.0504202	119	0.0258754	FALSE	NA	NA	NA	NA	NA	NA
NC_045512.2	4579	T	C	83	19	24	3	3	25	0.0252101	119	0.202682	FALSE	NA	NA	NA	NA	NA	NA
NC_045512.2	4579	T	A	83	19	24	27	15	27	0.226891	119	7.29957e-09	TRUE	NA	NA	NA	NA	NA	NA
NC_045512.2	4580	A	T	98	20	27	6	6	26	0.05	120	0.0407891	FALSE	NA	NA	NA	NA	NA	NA
NC_045512.2	4580	A	G	98	20	27	8	8	26	0.0666667	120	0.0113103	FALSE	NA	NA	NA	NA	NA	NA
NC_045512.2	4580	A	C	98	20	27	8	8	26	0.0666667	120	0.0113103	FALSE	NA	NA	NA	NA	NA	NA
NC_045512.2	4581	A	T	98	26	24	10	10	25	0.0869565	115	0.00378579	TRUE	NA	NA	NA	NA	NA	NA
NC_045512.2	4581	A	G	98	26	24	3	3	26	0.026087	115	0.266624	FALSE	NA	NA	NA	NA	NA	NA
NC_045512.2	4581	A	C	98	26	24	4	4	27	0.0347826	115	0.151814	FALSE	NA	NA	NA	NA	NA	NA
NC_045512.2	4582	C	T	100	22	26	9	9	26	0.0737705	122	0.00596595	TRUE	NA	NA	NA	NA	NA	NA
NC_045512.2	4582	C	G	100	22	26	6	6	26	0.0491803	122	0.0411171	FALSE	NA	NA	NA	NA	NA	NA
NC_045512.2	4582	C	A	100	22	26	7	7	29	0.057377	122	0.0217617	FALSE	NA	NA	NA	NA	NA	NA
NC_045512.2	4583	G	T	98	20	26	12	12	26	0.097561	123	0.000708362	TRUE	NA	NA	NA	NA	NA	NA
NC_045512.2	4583	G	C	98	20	26	4	4	28	0.0325203	123	0.133927	FALSE	NA	NA	NA	NA	NA	NA
NC_045512.2	4583	G	A	98	20	26	9	9	26	0.0731707	123	0.00527732	TRUE	NA	NA	NA	NA	NA	NA
NC_045512.2	4584	A	T	99	21	26	15	15	27	0.120968	124	9.54241e-05	TRUE	NA	NA	NA	NA	NA	NA
NC_045512.2	4584	A	G	99	21	26	5	5	26	0.0403226	124	0.0721597	FALSE	NA	NA	NA	NA	NA	NA
NC_045512.2	4584	A	C	99	21	26	5	5	27	0.0403226	124	0.0721597	FALSE	NA	NA	NA	NA	NA	NA
NC_045512.2	4585	T	G	99	21	27	5	5	29	0.0406504	123	0.0735875	FALSE	NA	NA	NA	NA	NA	NA
NC_045512.2	4585	T	C	99	21	27	5	5	25	0.0406504	123	0.0735875	FALSE	NA	NA	NA	NA	NA	NA
NC_045512.2	4585	T	A	99	21	27	14	14	25	0.113821	123	0.000197703	TRUE	NA	NA	NA	NA	NA	NA
NC_045512.2	4586	C	T	103	25	27	10	10	27	0.0813008	123	0.00342049	TRUE	NA	NA	NA	NA	NA	NA
NC_045512.2	4586	C	G	103	25	27	2	2	24	0.0162602	123	0.443689	FALSE	NA	NA	NA	NA	NA	NA
NC_045512.2	4586	C	A	103	25	27	8	8	26	0.0650407	123	0.0123524	FALSE	NA	NA	NA	NA	NA	NA
NC_045512.2	4587	T	G	101	24	26	2	2	28	0.0163934	122	0.439592	FALSE	NA	NA	NA	NA	NA	NA
NC_045512.2	4587	T	C	101	24	26	4	4	26	0.0327869	122	0.143638	FALSE	NA	NA	NA	NA	NA	NA
NC_045512.2	4587	T	A	101	24	26	15	15	26	0.122951	122	0.000124206	TRUE	NA	NA	NA	NA	NA	NA
NC_045512.2	4587	T	+A	101	24	26	1	0	20	0.00819672	122	0.706702	FALSE	NA	NA	NA	NA	NA	NA
NC_045512.2	4588	A	T	98	22	26	10	10	26	0.0826446	121	0.00294126	TRUE	NA	NA	NA	NA	NA	NA
NC_045512.2	4588	A	G	98	22	26	6	5	26	0.0495868	121	0.0398115	FALSE	NA	NA	NA	NA	NA	NA
NC_045512.2	4588	A	C	98	22	26	7	7	26	0.0578512	121	0.0209555	FALSE	NA	NA	NA	NA	NA	NA
NC_045512.2	4589	A	T	106	31	27	8	8	26	0.0655738	122	0.0141663	FALSE	NA	NA	NA	NA	NA	NA
NC_045512.2	4589	A	G	106	31	27	3	3	27	0.0245902	122	0.272623	FALSE	NA	NA	NA	NA	NA	NA
NC_045512.2	4589	A	C	106	31	27	5	5	27	0.0409836	122	0.0875889	FALSE	NA	NA	NA	NA	NA	NA
NC_045512.2	4590	A	T	86	27	23	8	8	27	0.0761905	105	0.0117939	FALSE	NA	NA	NA	NA	NA	NA
NC_045512.2	4590	A	G	86	27	23	5	5	28	0.047619	105	0.0778847	FALSE	NA	NA	NA	NA	NA	NA
NC_045512.2	4590	A	C	86	27	23	6	6	26	0.0571429	105	0.0419131	FALSE	NA	NA	NA	NA	NA	NA
NC_045512.2	4591	T	G	98	23	26	4	4	27	0.0330579	121	0.138148	FALSE	NA	NA	NA	NA	NA	NA
NC_045512.2	4591	T	C	98	23	26	8	8	27	0.0661157	121	0.0109435	FALSE	NA	NA	NA	NA	NA	NA
NC_045512.2	4591	T	A	98	23	26	11	11	26	0.0909091	121	0.00151846	TRUE	NA	NA	NA	NA	NA	NA
NC_045512.2	4592	G	T	90	18	26	12	12	26	0.101695	118	0.000562369	TRUE	NA	NA	NA	NA	NA	NA
NC_045512.2	4592	G	C	90	18	26	9	9	26	0.0762712	118	0.00442319	TRUE	NA	NA	NA	NA	NA	NA
NC_045512.2	4592	G	A	90	18	26	7	7	24	0.059322	118	0.0172402	FALSE	NA	NA	NA	NA	NA	NA
NC_045512.2	4592	G	+A	90	18	26	1	0	20	0.00847458	118	0.684783	FALSE	NA	NA	NA	NA	NA	NA
NC_045512.2	4593	A	T	105	34	26	9	9	25	0.0762712	118	0.00844567	TRUE	NA	NA	NA	NA	NA	NA
NC_045512.2	4593	A	G	105	34	26	1	0	24	0.00847458	118	0.725851	FALSE	NA	NA	NA	NA	NA	NA
NC_045512.2	4593	A	C	105	34	26	3	3	27	0.0254237	118	0.281306	FALSE	NA	NA	NA	NA	NA	NA
NC_045512.2	4594	A	T	97	25	28	9	9	25	0.075	120	0.0056495	TRUE	NA	NA	NA	NA	NA	NA
NC_045512.2	4594	A	G	97	25	28	7	7	26	0.0583333	120	0.0208517	FALSE	NA	NA	NA	NA	NA	NA
NC_045512.2	4594	A	C	97	25	28	7	7	28	0.0583333	120	0.0208517	FALSE	NA	NA	NA	NA	NA	NA
NC_045512.2	4595	A	T	88	29	24	10	10	26	0.0934579	107	0.00329293	TRUE	NA	NA	NA	NA	NA	NA
NC_045512.2	4595	A	G	88	29	24	2	1	27	0.0186916	107	0.438597	FALSE	NA	NA	NA	NA	NA	NA
NC_045512.2	4595	A	C	88	29	24	7	7	26	0.0654206	107	0.0225304	FALSE	NA	NA	NA	NA	NA	NA
NC_045512.2	4596	C	T	96	24	27	6	6	27	0.0517241	116	0.0425124	FALSE	NA	NA	NA	NA	NA	NA
NC_045512.2	4596	C	G	96	24	27	8	8	26	0.0689655	116	0.0119736	FALSE	NA	NA	NA	NA	NA	NA
NC_045512.2	4596	C	A	96	24	27	6	6	26	0.0517241	116	0.0425124	FALSE	NA	NA	NA	NA	NA	NA
NC_045512.2	4597	T	G	100	28	27	5	5	26	0.0420168	119	0.0814741	FALSE	NA	NA	NA	NA	NA	NA
NC_045512.2	4597	T	C	100	28	27	4	4	27	0.0336134	119	0.147765	FALSE	NA	NA	NA	NA	NA	NA
NC_045512.2	4597	T	A	100	28	27	10	10	26	0.0840336	119	0.00351195	TRUE	NA	NA	NA	NA	NA	NA
NC_045512.2	4598	C	T	88	21	27	9	9	27	0.079646	113	0.00490232	TRUE	NA	NA	NA	NA	NA	NA
NC_045512.2	4598	C	G	88	21	27	5	5	25	0.0442478	113	0.0687544	FALSE	NA	NA	NA	NA	NA	NA
NC_045512.2	4598	C	A	88	21	27	11	11	26	0.0973451	113	0.00127244	TRUE	NA	NA	NA	NA	NA	NA
NC_045512.2	4599	T	G	87	25	27	4	4	27	0.0366972	109	0.135565	FALSE	NA	NA	NA	NA	NA	NA
NC_045512.2	4599	T	C	87	25	27	4	4	26	0.0366972	109	0.135565	FALSE	NA	NA	NA	NA	NA	NA
NC_045512.2	4599	T	A	87	25	27	14	14	26	0.12844	109	0.000201353	TRUE	NA	NA	NA	NA	NA	NA
NC_045512.2	4600	T	G	62	25	24	3	3	26	0.0352941	85	0.0808479	FALSE	NA	NA	NA	NA	NA	NA
NC_045512.2	4600	T	C	62	25	24	7	7	28	0.0823529	85	0.00318451	TRUE	NA	NA	NA	NA	NA	NA
NC_045512.2	4600	T	A	62	25	24	13	13	25	0.152941	85	3.14352e-05	TRUE	NA	NA	NA	NA	NA	NA
NC_045512.2	4601	G	T	80	20	25	9	9	26	0.0825688	109	0.00383354	TRUE	NA	NA	NA	NA	NA	NA
NC_045512.2	4601	G	C	80	20	25	7	7	26	0.0642202	109	0.0153802	FALSE	NA	NA	NA	NA	NA	NA
NC_045512.2	4601	G	A	80	20	25	13	13	26	0.119266	109	0.000232753	TRUE	NA	NA	NA	NA	NA	NA
NC_045512.2	4602	T	G	82	22	24	6	6	27	0.0560748	107	0.0346846	FALSE	NA	NA	NA	NA	NA	NA
NC_045512.2	4602	T	C	82	22	24	6	6	26	0.0560748	107	0.0346846	FALSE	NA	NA	NA	NA	NA	NA
NC_045512.2	4602	T	A	82	22	24	13	13	26	0.121495	107	0.00030782	TRUE	NA	NA	NA	NA	NA	NA
NC_045512.2	4603	T	G	80	23	24	4	4	26	0.0373832	107	0.120298	FALSE	NA	NA	NA	NA	NA	NA
NC_045512.2	4603	T	C	80	23	24	10	9	25	0.0934579	107	0.00209901	TRUE	NA	NA	NA	NA	NA	NA
NC_045512.2	4603	T	A	80	23	24	13	13	25	0.121495	107	0.000264278	TRUE	NA	NA	NA	NA	NA	NA
NC_045512.2	4604	A	T	90	31	27	11	11	26	0.1	110	0.00166081	TRUE	NA	NA	NA	NA	NA	NA
NC_045512.2	4604	A	G	90	31	27	3	2	27	0.0272727	110	0.253435	FALSE	NA	NA	NA	NA	NA	NA
NC_045512.2	4604	A	C	90	31	27	6	6	26	0.0545455	110	0.0415024	FALSE	NA	NA	NA	NA	NA	NA
NC_045512.2	4605	C	T	82	22	27	6	6	26	0.0550459	109	0.0327931	FALSE	NA	NA	NA	NA	NA	NA
NC_045512.2	4605	C	G	82	22	27	7	7	26	0.0642202	109	0.0167245	FALSE	NA	NA	NA	NA	NA	NA
NC_045512.2	4605	C	A	82	22	27	14	14	26	0.12844	109	0.00013642	TRUE	NA	NA	NA	NA	NA	NA
NC_045512.2	4606	A	T	88	29	26	12	11	27	0.108108	111	0.00072232	TRUE	NA	NA	NA	NA	NA	NA
NC_045512.2	4606	A	G	88	29	26	7	7	25	0.0630631	111	0.019847	FALSE	NA	NA	NA	NA	NA	NA
NC_045512.2	4606	A	C	88	29	26	4	4	27	0.036036	111	0.133717	FALSE	NA	NA	NA	NA	NA	NA
NC_045512.2	4607	A	T	80	24	24	12	12	26	0.116505	103	0.000668481	TRUE	NA	NA	NA	NA	NA	NA
NC_045512.2	4607	A	G	80	24	24	9	9	27	0.0873786	103	0.00498982	TRUE	NA	NA	NA	NA	NA	NA
NC_045512.2	4607	A	C	80	24	24	2	2	28	0.0194175	103	0.418356	FALSE	NA	NA	NA	NA	NA	NA
NC_045512.2	4608	T	G	89	29	27	9	9	26	0.0825688	109	0.00605593	TRUE	NA	NA	NA	NA	NA	NA
NC_045512.2	4608	T	C	89	29	27	2	2	27	0.0183486	109	0.435762	FALSE	NA	NA	NA	NA	NA	NA
NC_045512.2	4608	T	A	89	29	27	9	9	24	0.0825688	109	0.00605593	TRUE	NA	NA	NA	NA	NA	NA
NC_045512.2	4609	G	T	81	21	27	9	9	24	0.0825688	109	0.00404785	TRUE	NA	NA	NA	NA	NA	NA
NC_045512.2	4609	G	C	81	21	27	5	5	25	0.0458716	109	0.0617884	FALSE	NA	NA	NA	NA	NA	NA
NC_045512.2	4609	G	A	81	21	27	14	14	25	0.12844	109	0.000125699	TRUE	NA	NA	NA	NA	NA	NA
NC_045512.2	4610	C	T	81	22	26	8	7	25	0.0740741	108	0.00839119	TRUE	NA	NA	NA	NA	NA	NA
NC_045512.2	4610	C	G	81	22	26	3	3	25	0.0277778	108	0.225674	FALSE	NA	NA	NA	NA	NA	NA
NC_045512.2	4610	C	A	81	22	26	16	16	26	0.148148	108	3.40908e-05	TRUE	NA	NA	NA	NA	NA	NA
NC_045512.2	4611	C	T	80	22	24	5	5	25	0.0471698	106	0.064333	FALSE	NA	NA	NA	NA	NA	NA
NC_045512.2	4611	C	G	80	22	24	6	6	27	0.0566038	106	0.0332505	FALSE	NA	NA	NA	NA	NA	NA
NC_045512.2	4611	C	A	80	22	24	15	15	25	0.141509	106	7.17771e-05	TRUE	NA	NA	NA	NA	NA	NA
NC_045512.2	4612	A	T	87	27	27	16	16	26	0.144144	111	4.63262e-05	TRUE	NA	NA	NA	NA	NA	NA
NC_045512.2	4612	A	G	87	27	27	3	3	25	0.027027	111	0.239283	FALSE	NA	NA	NA	NA	NA	NA
NC_045512.2	4612	A	C	87	27	27	5	5	26	0.045045	111	0.0699364	FALSE	NA	NA	NA	NA	NA	NA
NC_045512.2	4613	C	T	83	23	27	9	9	26	0.0849057	106	0.0051176	TRUE	NA	NA	NA	NA	NA	NA
NC_045512.2	4613	C	G	83	23	27	8	8	26	0.0754717	106	0.00994278	TRUE	NA	NA	NA	NA	NA	NA
NC_045512.2	4613	C	A	83	23	27	6	6	28	0.0566038	106	0.0369211	FALSE	NA	NA	NA	NA	NA	NA
NC_045512.2	4614	T	G	86	29	26	4	4	27	0.0366972	109	0.132735	FALSE	NA	NA	NA	NA	NA	NA
NC_045512.2	4614	T	C	86	29	26	4	2	25	0.0366972	109	0.132735	FALSE	NA	NA	NA	NA	NA	NA
NC_045512.2	4614	T	A	86	29	26	15	15	25	0.137615	109	9.59576e-05	TRUE	NA	NA	NA	NA	NA	NA
NC_045512.2	4615	T	G	84	27	24	1	1	27	0.00934579	107	0.693304	FALSE	NA	NA	NA	NA	NA	NA
NC_045512.2	4615	T	C	84	27	24	10	10	26	0.0934579	107	0.00264941	TRUE	NA	NA	NA	NA	NA	NA
NC_045512.2	4615	T	A	84	27	24	12	12	26	0.11215	107	0.00069604	TRUE	NA	NA	NA	NA	NA	NA
NC_045512.2	4616	G	T	79	20	27	11	11	26	0.1	110	0.000837592	TRUE	NA	NA	NA	NA	NA	NA
NC_045512.2	4616	G	C	79	20	27	8	8	26	0.0727273	110	0.00704906	TRUE	NA	NA	NA	NA	NA	NA
NC_045512.2	4616	G	A	79	20	27	12	12	26	0.109091	110	0.000411054	TRUE	NA	NA	NA	NA	NA	NA
NC_045512.2	4617	G	T	80	22	24	10	10	25	0.0943396	106	0.00220418	TRUE	NA	NA	NA	NA	NA	NA
NC_045512.2	4617	G	C	80	22	24	10	10	26	0.0943396	106	0.00220418	TRUE	NA	NA	NA	NA	NA	NA
NC_045512.2	4617	G	A	80	22	24	6	6	27	0.0566038	106	0.0332505	FALSE	NA	NA	NA	NA	NA	NA
NC_045512.2	4618	C	T	83	24	27	11	11	26	0.100917	109	0.00114892	TRUE	NA	NA	NA	NA	NA	NA
NC_045512.2	4618	C	G	83	24	27	6	6	26	0.0550459	109	0.0339547	FALSE	NA	NA	NA	NA	NA	NA
NC_045512.2	4618	C	A	83	24	27	9	9	25	0.0825688	109	0.0045003	TRUE	NA	NA	NA	NA	NA	NA
NC_045512.2	4619	T	G	87	28	27	2	2	27	0.0183486	109	0.427521	FALSE	NA	NA	NA	NA	NA	NA
NC_045512.2	4619	T	C	87	28	27	7	7	26	0.0642202	109	0.0203649	FALSE	NA	NA	NA	NA	NA	NA
NC_045512.2	4619	T	A	87	28	27	13	13	25	0.119266	109	0.000390299	TRUE	NA	NA	NA	NA	NA	NA
NC_045512.2	4620	A	T	87	28	27	9	9	24	0.0825688	109	0.00550354	TRUE	NA	NA	NA	NA	NA	NA
NC_045512.2	4620	A	G	87	28	27	8	8	25	0.0733945	109	0.0106127	FALSE	NA	NA	NA	NA	NA	NA
NC_045512.2	4620	A	C	87	28	27	5	5	25	0.0458716	109	0.0731015	FALSE	NA	NA	NA	NA	NA	NA
NC_045512.2	4621	T	G	83	24	27	8	8	26	0.0740741	108	0.00921584	TRUE	NA	NA	NA	NA	NA	NA
NC_045512.2	4621	T	C	83	24	27	7	7	27	0.0648148	108	0.0180008	FALSE	NA	NA	NA	NA	NA	NA
NC_045512.2	4621	T	A	83	24	27	10	10	26	0.0925926	108	0.0023865	TRUE	NA	NA	NA	NA	NA	NA
NC_045512.2	4622	G	T	84	25	27	9	9	26	0.0818182	110	0.00454277	TRUE	NA	NA	NA	NA	NA	NA
NC_045512.2	4622	G	C	84	25	27	7	7	26	0.0636364	110	0.0175544	FALSE	NA	NA	NA	NA	NA	NA
NC_045512.2	4622	G	A	84	25	27	10	10	26	0.0909091	110	0.00229885	TRUE	NA	NA	NA	NA	NA	NA
NC_045512.2	4623	T	G	86	27	26	10	10	25	0.0917431	109	0.00269438	TRUE	NA	NA	NA	NA	NA	NA
NC_045512.2	4623	T	C	86	27	26	4	4	27	0.0366972	109	0.132735	FALSE	NA	NA	NA	NA	NA	NA
NC_045512.2	4623	T	A	86	27	26	9	9	26	0.0825688	109	0.00524018	TRUE	NA	NA	NA	NA	NA	NA
NC_045512.2	4624	A	T	87	30	25	10	10	26	0.0917431	109	0.00284511	TRUE	NA	NA	NA	NA	NA	NA
NC_045512.2	4624	A	G	87	30	25	8	8	25	0.0733945	109	0.0106127	FALSE	NA	NA	NA	NA	NA	NA
NC_045512.2	4624	A	C	87	30	25	4	3	27	0.0366972	109	0.135565	FALSE	NA	NA	NA	NA	NA	NA
NC_045512.2	4625	A	T	82	33	24	8	8	26	0.0808081	99	0.0023292	TRUE	NA	NA	NA	NA	NA	NA
NC_045512.2	4625	A	G	82	33	24	3	3	25	0.030303	99	0.0983049	FALSE	NA	NA	NA	NA	NA	NA
NC_045512.2	4625	A	C	82	33	24	6	6	25	0.0606061	99	0.0102229	FALSE	NA	NA	NA	NA	NA	NA
NC_045512.2	4626	C	T	84	26	27	7	7	27	0.0648148	108	0.0187329	FALSE	NA	NA	NA	NA	NA	NA
NC_045512.2	4626	C	G	84	26	27	9	9	26	0.0833333	108	0.00494391	TRUE	NA	NA	NA	NA	NA	NA
NC_045512.2	4626	C	A	84	26	27	8	8	25	0.0740741	108	0.00964626	TRUE	NA	NA	NA	NA	NA	NA
NC_045512.2	4627	A	T	84	26	27	9	9	25	0.0841121	107	0.00515902	TRUE	NA	NA	NA	NA	NA	NA
NC_045512.2	4627	A	G	84	26	27	4	4	27	0.0373832	107	0.131717	FALSE	NA	NA	NA	NA	NA	NA
NC_045512.2	4627	A	C	84	26	27	10	10	26	0.0934579	107	0.00264941	TRUE	NA	NA	NA	NA	NA	NA
NC_045512.2	4628	C	T	79	21	26	12	12	25	0.111111	108	0.000462182	TRUE	NA	NA	NA	NA	NA	NA
NC_045512.2	4628	C	G	79	21	26	6	6	24	0.0555556	108	0.0302784	FALSE	NA	NA	NA	NA	NA	NA
NC_045512.2	4628	C	A	79	21	26	11	11	24	0.101852	108	0.000932429	TRUE	NA	NA	NA	NA	NA	NA
NC_045512.2	4629	A	T	88	31	27	11	11	26	0.1	110	0.00147994	TRUE	NA	NA	NA	NA	NA	NA
NC_045512.2	4629	A	G	88	31	27	5	4	26	0.0454545	110	0.0734153	FALSE	NA	NA	NA	NA	NA	NA
NC_045512.2	4629	A	C	88	31	27	6	6	26	0.0545455	110	0.0389892	FALSE	NA	NA	NA	NA	NA	NA
NC_045512.2	4630	T	G	82	25	27	9	9	26	0.0825688	109	0.00427006	TRUE	NA	NA	NA	NA	NA	NA
NC_045512.2	4630	T	C	82	25	27	8	7	28	0.0733945	109	0.00846994	TRUE	NA	NA	NA	NA	NA	NA
NC_045512.2	4630	T	A	82	25	27	10	10	27	0.0917431	109	0.00214679	TRUE	NA	NA	NA	NA	NA	NA
NC_045512.2	4631	G	T	79	21	26	15	15	26	0.138889	108	5.66123e-05	TRUE	NA	NA	NA	NA	NA	NA
NC_045512.2	4631	G	C	79	21	26	7	7	26	0.0648148	108	0.0152355	FALSE	NA	NA	NA	NA	NA	NA
NC_045512.2	4631	G	A	79	21	26	7	7	27	0.0648148	108	0.0152355	FALSE	NA	NA	NA	NA	NA	NA
NC_045512.2	4632	G	T	74	24	24	8	8	27	0.0816327	98	0.00159792	TRUE	NA	NA	NA	NA	NA	NA
NC_045512.2	4632	G	C	74	24	24	11	11	27	0.112245	98	0.000159702	TRUE	NA	NA	NA	NA	NA	NA
NC_045512.2	4632	G	A	74	24	24	5	5	25	0.0510204	98	0.0169595	FALSE	NA	NA	NA	NA	NA	NA
NC_045512.2	4633	C	T	73	20	26	13	13	26	0.127451	102	0.000207553	TRUE	NA	NA	NA	NA	NA	NA
NC_045512.2	4633	C	G	73	20	26	1	1	24	0.00980392	102	0.668309	FALSE	NA	NA	NA	NA	NA	NA
NC_045512.2	4633	C	A	73	20	26	15	15	26	0.147059	102	5.07961e-05	TRUE	NA	NA	NA	NA	NA	NA
NC_045512.2	4634	T	G	70	18	26	7	7	25	0.0736842	95	0.00321042	TRUE	NA	NA	NA	NA	NA	NA
NC_045512.2	4634	T	C	70	18	26	9	8	26	0.0947368	95	0.000664827	TRUE	NA	NA	NA	NA	NA	NA
NC_045512.2	4634	T	A	70	18	26	9	9	27	0.0947368	95	0.000664827	TRUE	NA	NA	NA	NA	NA	NA
NC_045512.2	4635	T	G	62	25	24	8	8	25	0.0930233	86	0.00137279	TRUE	NA	NA	NA	NA	NA	NA
NC_045512.2	4635	T	C	62	25	24	6	6	27	0.0697674	86	0.00678438	TRUE	NA	NA	NA	NA	NA	NA
NC_045512.2	4635	T	A	62	25	24	10	10	27	0.116279	86	0.000286531	TRUE	NA	NA	NA	NA	NA	NA
NC_045512.2	4636	A	T	60	17	26	9	9	25	0.105882	85	0.000568909	TRUE	NA	NA	NA	NA	NA	NA
NC_045512.2	4636	A	G	60	17	26	9	7	26	0.105882	85	0.000568909	TRUE	NA	NA	NA	NA	NA	NA
NC_045512.2	4636	A	C	60	17	26	7	7	26	0.0823529	85	0.00281981	TRUE	NA	NA	NA	NA	NA	NA
NC_045512.2	4637	A	T	65	21	27	12	12	26	0.130435	92	5.20621e-05	TRUE	NA	NA	NA	NA	NA	NA
NC_045512.2	4637	A	G	65	21	27	9	8	26	0.0978261	92	0.000552446	TRUE	NA	NA	NA	NA	NA	NA
NC_045512.2	4637	A	C	65	21	27	6	6	27	0.0652174	92	0.00626496	TRUE	NA	NA	NA	NA	NA	NA
NC_045512.2	4638	A	T	58	21	23	11	11	25	0.135802	81	0.000132221	TRUE	NA	NA	NA	NA	NA	NA
NC_045512.2	4638	A	G	58	21	23	4	4	25	0.0493827	81	0.0343617	FALSE	NA	NA	NA	NA	NA	NA
NC_045512.2	4638	A	C	58	21	23	8	8	25	0.0987654	81	0.00136343	TRUE	NA	NA	NA	NA	NA	NA
NC_045512.2	4639	T	G	64	22	26	4	4	26	0.047619	84	0.0391313	FALSE	NA	NA	NA	NA	NA	NA
NC_045512.2	4639	T	C	64	22	26	8	8	27	0.0952381	84	0.00174051	TRUE	NA	NA	NA	NA	NA	NA
NC_045512.2	4639	T	A	64	22	26	8	8	24	0.0952381	84	0.00174051	TRUE	NA	NA	NA	NA	NA	NA
NC_045512.2	4640	T	G	73	31	28	5	5	26	0.0561798	89	0.0213576	FALSE	NA	NA	NA	NA	NA	NA
NC_045512.2	4640	T	C	73	31	28	3	3	25	0.0337079	89	0.0974003	FALSE	NA	NA	NA	NA	NA	NA
NC_045512.2	4640	T	A	73	31	28	8	8	25	0.0898876	89	0.00230591	TRUE	NA	NA	NA	NA	NA	NA
NC_045512.2	4641	T	G	60	23	24	8	8	26	0.0930233	86	0.00119553	TRUE	NA	NA	NA	NA	NA	NA
NC_045512.2	4641	T	C	60	23	24	6	6	25	0.0697674	86	0.00610257	TRUE	NA	NA	NA	NA	NA	NA
NC_045512.2	4641	T	A	60	23	24	12	12	23	0.139535	86	5.0492e-05	TRUE	NA	NA	NA	NA	NA	NA
NC_045512.2	4642	G	T	57	17	26	11	11	26	0.125	88	7.09206e-05	TRUE	NA	NA	NA	NA	NA	NA
NC_045512.2	4642	G	C	57	17	26	2	2	24	0.0227273	88	0.161644	FALSE	NA	NA	NA	NA	NA	NA
NC_045512.2	4642	G	A	57	17	26	18	18	26	0.204545	88	2.76304e-07	TRUE	NA	NA	NA	NA	NA	NA
NC_045512.2	4643	G	T	53	19	24	12	12	25	0.144578	83	3.00525e-05	TRUE	NA	NA	NA	NA	NA	NA
NC_045512.2	4643	G	C	53	19	24	11	11	26	0.13253	83	6.79649e-05	TRUE	NA	NA	NA	NA	NA	NA
NC_045512.2	4643	G	A	53	19	24	7	7	27	0.0843373	83	0.00194295	TRUE	NA	NA	NA	NA	NA	NA
NC_045512.2	4644	A	T	64	25	26	8	8	25	0.0941176	85	0.00165125	TRUE	NA	NA	NA	NA	NA	NA
NC_045512.2	4644	A	G	64	25	26	7	7	25	0.0823529	85	0.00357771	TRUE	NA	NA	NA	NA	NA	NA
NC_045512.2	4644	A	C	64	25	26	6	6	27	0.0705882	85	0.00781048	TRUE	NA	NA	NA	NA	NA	NA
NC_045512.2	4644	A	+A	64	25	26	1	0	20	0.0117647	85	0.436242	FALSE	NA	NA	NA	NA	NA	NA
NC_045512.2	4645	A	T	59	25	24	10	10	26	0.123457	81	0.000311504	TRUE	NA	NA	NA	NA	NA	NA
NC_045512.2	4645	A	G	59	25	24	5	5	25	0.0617284	81	0.0158511	FALSE	NA	NA	NA	NA	NA	NA
NC_045512.2	4645	A	C	59	25	24	7	7	26	0.0864198	81	0.00321215	TRUE	NA	NA	NA	NA	NA	NA
NC_045512.2	4646	G	T	58	19	27	7	7	25	0.0804598	87	0.00225738	TRUE	NA	NA	NA	NA	NA	NA
NC_045512.2	4646	G	C	58	19	27	7	7	26	0.0804598	87	0.00225738	TRUE	NA	NA	NA	NA	NA	NA
NC_045512.2	4646	G	A	58	19	27	15	15	26	0.172414	87	3.58201e-06	TRUE	NA	NA	NA	NA	NA	NA
NC_045512.2	4647	A	T	64	26	26	7	7	26	0.0823529	85	0.00357771	TRUE	NA	NA	NA	NA	NA	NA
NC_045512.2	4647	A	G	64	26	26	7	7	25	0.0823529	85	0.00357771	TRUE	NA	NA	NA	NA	NA	NA
NC_045512.2	4647	A	C	64	26	26	7	7	27	0.0823529	85	0.00357771	TRUE	NA	NA	NA	NA	NA	NA
NC_045512.2	4648	A	T	31	11	24	5	5	26	0.116279	43	0.0178575	FALSE	NA	NA	NA	NA	NA	NA
NC_045512.2	4648	A	G	31	11	24	3	3	26	0.0697674	43	0.0851209	FALSE	NA	NA	NA	NA	NA	NA
NC_045512.2	4648	A	C	31	11	24	4	4	27	0.0930233	43	0.0386913	FALSE	NA	NA	NA	NA	NA	NA
NC_045512.2	4649	G	T	28	6	28	3	3	26	0.0714286	42	0.0753689	FALSE	NA	NA	NA	NA	NA	NA
NC_045512.2	4649	G	C	28	6	28	2	2	25	0.047619	42	0.17505	FALSE	NA	NA	NA	NA	NA	NA
NC_045512.2	4649	G	A	28	6	28	9	9	25	0.214286	42	0.00068217	TRUE	NA	NA	NA	NA	NA	NA
NC_045512.2	4649	G	+A	28	6	28	1	0	20	0.0238095	42	0.414286	FALSE	NA	NA	NA	NA	NA	NA
NC_045512.2	4650	C	T	29	7	27	2	2	26	0.047619	42	0.181925	FALSE	NA	NA	NA	NA	NA	NA
NC_045512.2	4650	C	G	29	7	27	3	3	26	0.0714286	42	0.0797479	FALSE	NA	NA	NA	NA	NA	NA
NC_045512.2	4650	C	A	29	7	27	8	8	26	0.190476	42	0.00164662	TRUE	NA	NA	NA	NA	NA	NA
NC_045512.2	4651	T	G	29	7	26	3	3	27	0.0731707	41	0.0831657	FALSE	NA	NA	NA	NA	NA	NA
NC_045512.2	4651	T	C	29	7	26	4	4	26	0.097561	41	0.0375954	FALSE	NA	NA	NA	NA	NA	NA
NC_045512.2	4651	T	A	29	7	26	5	5	26	0.121951	41	0.0172736	FALSE	NA	NA	NA	NA	NA	NA
NC_045512.2	4652	G	T	27	5	26	4	4	26	0.102564	39	0.0363967	FALSE	NA	NA	NA	NA	NA	NA
NC_045512.2	4652	G	C	27	5	26	3	3	26	0.0769231	39	0.0810121	FALSE	NA	NA	NA	NA	NA	NA
NC_045512.2	4652	G	A	27	5	26	5	5	28	0.128205	39	0.0166385	FALSE	NA	NA	NA	NA	NA	NA
NC_045512.2	4653	C	T	30	8	27	4	4	25	0.1	40	0.0426082	FALSE	NA	NA	NA	NA	NA	NA
NC_045512.2	4653	C	G	30	8	27	3	3	28	0.075	40	0.0914822	FALSE	NA	NA	NA	NA	NA	NA
NC_045512.2	4653	C	A	30	8	27	3	3	24	0.075	40	0.0914822	FALSE	NA	NA	NA	NA	NA	NA
NC_045512.2	4654	T	G	31	9	27	1	1	23	0.025	40	0.450704	FALSE	NA	NA	NA	NA	NA	NA
NC_045512.2	4654	T	C	31	9	27	1	1	28	0.025	40	0.450704	FALSE	NA	NA	NA	NA	NA	NA
NC_045512.2	4654	T	A	31	9	27	7	7	24	0.175	40	0.00524793	TRUE	NA	NA	NA	NA	NA	NA
NC_045512.2	4655	C	T	31	9	26	3	3	29	0.075	40	0.096212	FALSE	NA	NA	NA	NA	NA	NA
NC_045512.2	4655	C	G	31	9	26	1	1	27	0.025	40	0.450704	FALSE	NA	NA	NA	NA	NA	NA
NC_045512.2	4655	C	A	31	9	26	5	5	25	0.125	40	0.0218427	FALSE	NA	NA	NA	NA	NA	NA
NC_045512.2	4656	G	T	28	6	25	4	4	26	0.1	40	0.0370098	FALSE	NA	NA	NA	NA	NA	NA
NC_045512.2	4656	G	C	28	6	25	1	1	27	0.025	40	0.426471	FALSE	NA	NA	NA	NA	NA	NA
NC_045512.2	4656	G	A	28	6	25	7	7	28	0.175	40	0.00373672	TRUE	NA	NA	NA	NA	NA	NA
NC_045512.2	4657	G	T	22	7	24	2	2	24	0.0606061	33	0.179221	FALSE	NA	NA	NA	NA	NA	NA
NC_045512.2	4657	G	C	22	7	24	5	5	28	0.151515	33	0.0161254	FALSE	NA	NA	NA	NA	NA	NA
NC_045512.2	4657	G	A	22	7	24	4	4	26	0.121212	33	0.035237	FALSE	NA	NA	NA	NA	NA	NA
NC_045512.2	4658	T	G	30	10	26	3	3	25	0.0789474	38	0.0996712	FALSE	NA	NA	NA	NA	NA	NA
NC_045512.2	4658	T	C	30	10	26	2	2	28	0.0526316	38	0.211424	FALSE	NA	NA	NA	NA	NA	NA
NC_045512.2	4658	T	A	30	10	26	3	3	26	0.0789474	38	0.0996712	FALSE	NA	NA	NA	NA	NA	NA
NC_045512.2	4659	A	T	24	7	27	6	5	28	0.166667	36	0.00718866	TRUE	NA	NA	NA	NA	NA	NA
NC_045512.2	4659	A	G	24	7	27	2	2	28	0.0555556	36	0.177596	FALSE	NA	NA	NA	NA	NA	NA
NC_045512.2	4659	A	C	24	7	27	4	3	26	0.111111	36	0.0343733	FALSE	NA	NA	NA	NA	NA	NA
NC_045512.2	4660	T	G	26	8	27	5	5	25	0.142857	35	0.0205706	FALSE	NA	NA	NA	NA	NA	NA
NC_045512.2	4660	T	C	26	8	27	2	2	27	0.0571429	35	0.199894	FALSE	NA	NA	NA	NA	NA	NA
NC_045512.2	4660	T	A	26	8	27	2	2	28	0.0571429	35	0.199894	FALSE	NA	NA	NA	NA	NA	NA
NC_045512.2	4661	A	T	22	4	28	3	3	27	0.0857143	35	0.0707496	FALSE	NA	NA	NA	NA	NA	NA
NC_045512.2	4661	A	G	22	4	28	7	7	27	0.2	35	0.00282101	TRUE	NA	NA	NA	NA	NA	NA
NC_045512.2	4661	A	C	22	4	28	3	3	28	0.0857143	35	0.0707496	FALSE	NA	NA	NA	NA	NA	NA
NC_045512.2	4662	T	G	24	6	28	5	5	27	0.142857	35	0.0168954	FALSE	NA	NA	NA	NA	NA	NA
NC_045512.2	4662	T	C	24	6	28	4	4	27	0.114286	35	0.0367037	FALSE	NA	NA	NA	NA	NA	NA
NC_045512.2	4662	T	A	24	6	28	2	2	25	0.0571429	35	0.183616	FALSE	NA	NA	NA	NA	NA	NA
NC_045512.2	4663	G	T	21	3	29	8	8	26	0.235294	34	0.00126945	TRUE	NA	NA	NA	NA	NA	NA
NC_045512.2	4663	G	C	21	3	29	1	1	22	0.0294118	34	0.4	FALSE	NA	NA	NA	NA	NA	NA
NC_045512.2	4663	G	A	21	3	29	4	4	25	0.117647	34	0.0298159	FALSE	NA	NA	NA	NA	NA	NA
NC_045512.2	4664	A	T	27	9	27	3	3	28	0.0882353	34	0.102239	FALSE	NA	NA	NA	NA	NA	NA
NC_045512.2	4664	A	G	27	9	27	2	2	25	0.0588235	34	0.214701	FALSE	NA	NA	NA	NA	NA	NA
NC_045512.2	4664	A	C	27	9	27	2	2	26	0.0588235	34	0.214701	FALSE	NA	NA	NA	NA	NA	NA
NC_045512.2	4665	G	T	23	5	29	4	4	27	0.114286	35	0.03363	FALSE	NA	NA	NA	NA	NA	NA
NC_045512.2	4665	G	C	23	5	29	1	1	21	0.0285714	35	0.413793	FALSE	NA	NA	NA	NA	NA	NA
NC_045512.2	4665	G	A	23	5	29	7	7	25	0.2	35	0.00327712	TRUE	NA	NA	NA	NA	NA	NA
NC_045512.2	4666	A	T	27	9	27	4	4	23	0.114286	35	0.0464744	FALSE	NA	NA	NA	NA	NA	NA
NC_045512.2	4666	A	G	27	9	27	1	1	29	0.0285714	35	0.451613	FALSE	NA	NA	NA	NA	NA	NA
NC_045512.2	4666	A	C	27	9	27	3	3	27	0.0857143	35	0.0974462	FALSE	NA	NA	NA	NA	NA	NA
NC_045512.2	4667	T	G	26	8	27	3	3	28	0.0857143	35	0.0920148	FALSE	NA	NA	NA	NA	NA	NA
NC_045512.2	4667	T	C	26	8	27	1	1	24	0.0285714	35	0.442623	FALSE	NA	NA	NA	NA	NA	NA
NC_045512.2	4667	T	A	26	8	27	5	5	27	0.142857	35	0.0205706	FALSE	NA	NA	NA	NA	NA	NA
NC_045512.2	4668	C	T	23	5	28	2	2	24	0.0571429	35	0.175336	FALSE	NA	NA	NA	NA	NA	NA
NC_045512.2	4668	C	G	23	5	28	5	5	27	0.142857	35	0.0151878	FALSE	NA	NA	NA	NA	NA	NA
NC_045512.2	4668	C	A	23	5	28	5	5	26	0.142857	35	0.0151878	FALSE	NA	NA	NA	NA	NA	NA
NC_045512.2	4669	T	G	25	7	27	2	2	28	0.0571429	35	0.191803	FALSE	NA	NA	NA	NA	NA	NA
NC_045512.2	4669	T	C	25	7	27	2	2	29	0.0571429	35	0.191803	FALSE	NA	NA	NA	NA	NA	NA
NC_045512.2	4669	T	A	25	7	27	6	6	26	0.171429	35	0.00891393	TRUE	NA	NA	NA	NA	NA	NA
NC_045512.2	4670	C	T	23	5	27	4	4	26	0.114286	35	0.03363	FALSE	NA	NA	NA	NA	NA	NA
NC_045512.2	4670	C	G	23	5	27	4	4	28	0.114286	35	0.03363	FALSE	NA	NA	NA	NA	NA	NA
NC_045512.2	4670	C	A	23	5	27	4	4	29	0.114286	35	0.03363	FALSE	NA	NA	NA	NA	NA	NA
NC_045512.2	4671	T	G	25	7	27	2	2	24	0.0555556	36	0.185616	FALSE	NA	NA	NA	NA	NA	NA
NC_045512.2	4671	T	C	25	7	27	5	5	26	0.138889	36	0.0172528	FALSE	NA	NA	NA	NA	NA	NA
NC_045512.2	4671	T	A	25	7	27	4	4	26	0.111111	36	0.037381	FALSE	NA	NA	NA	NA	NA	NA
NC_045512.2	4672	C	T	25	7	27	4	4	28	0.111111	36	0.037381	FALSE	NA	NA	NA	NA	NA	NA
NC_045512.2	4672	C	G	25	7	27	2	2	26	0.0555556	36	0.185616	FALSE	NA	NA	NA	NA	NA	NA
NC_045512.2	4672	C	A	25	7	27	5	5	26	0.138889	36	0.0172528	FALSE	NA	NA	NA	NA	NA	NA
NC_045512.2	4673	A	T	26	8	26	5	5	27	0.138889	36	0.0190122	FALSE	NA	NA	NA	NA	NA	NA
NC_045512.2	4673	A	G	26	8	26	1	1	24	0.0277778	36	0.435484	FALSE	NA	NA	NA	NA	NA	NA
NC_045512.2	4673	A	C	26	8	26	4	4	28	0.111111	36	0.0404777	FALSE	NA	NA	NA	NA	NA	NA
NC_045512.2	4674	A	T	22	4	28	3	3	27	0.0882353	34	0.0745398	FALSE	NA	NA	NA	NA	NA	NA
NC_045512.2	4674	A	G	22	4	28	3	3	26	0.0882353	34	0.0745398	FALSE	NA	NA	NA	NA	NA	NA
NC_045512.2	4674	A	C	22	4	28	6	6	27	0.176471	34	0.00678501	TRUE	NA	NA	NA	NA	NA	NA
NC_045512.2	4675	A	T	22	5	23	7	7	26	0.2	35	0.00282101	TRUE	NA	NA	NA	NA	NA	NA
NC_045512.2	4675	A	G	22	5	23	4	4	25	0.114286	35	0.0306582	FALSE	NA	NA	NA	NA	NA	NA
NC_045512.2	4675	A	C	22	5	23	2	2	30	0.0571429	35	0.166969	FALSE	NA	NA	NA	NA	NA	NA
NC_045512.2	4676	G	T	23	5	27	7	7	26	0.194444	36	0.0029242	TRUE	NA	NA	NA	NA	NA	NA
NC_045512.2	4676	G	C	23	5	27	3	3	28	0.0833333	36	0.0722423	FALSE	NA	NA	NA	NA	NA	NA
NC_045512.2	4676	G	A	23	5	27	3	3	24	0.0833333	36	0.0722423	FALSE	NA	NA	NA	NA	NA	NA
NC_045512.2	4677	T	G	25	7	26	3	3	26	0.0833333	36	0.082496	FALSE	NA	NA	NA	NA	NA	NA
NC_045512.2	4677	T	C	25	7	26	1	1	28	0.0277778	36	0.42623	FALSE	NA	NA	NA	NA	NA	NA
NC_045512.2	4677	T	A	25	7	26	7	7	26	0.194444	36	0.00387037	TRUE	NA	NA	NA	NA	NA	NA
NC_045512.2	4678	G	T	27	5	27	5	5	27	0.125	40	0.0154668	FALSE	NA	NA	NA	NA	NA	NA
NC_045512.2	4678	G	C	27	5	27	4	4	25	0.1	40	0.0343169	FALSE	NA	NA	NA	NA	NA	NA
NC_045512.2	4678	G	A	27	5	27	4	4	25	0.1	40	0.0343169	FALSE	NA	NA	NA	NA	NA	NA
NC_045512.2	4679	C	T	28	6	26	4	4	25	0.1	40	0.0370098	FALSE	NA	NA	NA	NA	NA	NA
NC_045512.2	4679	C	G	28	6	26	3	3	28	0.075	40	0.0821155	FALSE	NA	NA	NA	NA	NA	NA
NC_045512.2	4679	C	A	28	6	26	5	5	27	0.125	40	0.0169628	FALSE	NA	NA	NA	NA	NA	NA
NC_045512.2	4680	C	T	25	5	24	6	6	26	0.162162	37	0.00737788	TRUE	NA	NA	NA	NA	NA	NA
NC_045512.2	4680	C	G	25	5	24	1	1	28	0.027027	37	0.419355	FALSE	NA	NA	NA	NA	NA	NA
NC_045512.2	4680	C	A	25	5	24	5	5	27	0.135135	37	0.0159457	FALSE	NA	NA	NA	NA	NA	NA
NC_045512.2	4681	A	T	29	8	27	5	5	27	0.128205	39	0.0198874	FALSE	NA	NA	NA	NA	NA	NA
NC_045512.2	4681	A	G	29	8	27	4	4	26	0.102564	39	0.0421146	FALSE	NA	NA	NA	NA	NA	NA
NC_045512.2	4681	A	C	29	8	27	1	1	28	0.025641	39	0.441176	FALSE	NA	NA	NA	NA	NA	NA
NC_045512.2	4682	G	T	26	5	26	4	4	27	0.105263	38	0.0357544	FALSE	NA	NA	NA	NA	NA	NA
NC_045512.2	4682	G	C	26	5	26	2	2	28	0.0526316	38	0.181731	FALSE	NA	NA	NA	NA	NA	NA
NC_045512.2	4682	G	A	26	5	26	6	6	26	0.157895	38	0.00755932	TRUE	NA	NA	NA	NA	NA	NA
NC_045512.2	4683	C	T	28	7	26	4	4	26	0.105263	38	0.0415963	FALSE	NA	NA	NA	NA	NA	NA
NC_045512.2	4683	C	G	28	7	26	4	4	26	0.105263	38	0.0415963	FALSE	NA	NA	NA	NA	NA	NA
NC_045512.2	4683	C	A	28	7	26	2	2	25	0.0526316	38	0.196744	FALSE	NA	NA	NA	NA	NA	NA
NC_045512.2	4684	T	G	27	5	26	4	4	25	0.105263	38	0.0386365	FALSE	NA	NA	NA	NA	NA	NA
NC_045512.2	4684	T	C	27	5	26	3	3	26	0.0789474	38	0.0847511	FALSE	NA	NA	NA	NA	NA	NA
NC_045512.2	4684	T	A	27	5	26	4	4	26	0.105263	38	0.0386365	FALSE	NA	NA	NA	NA	NA	NA
NC_045512.2	4685	A	T	243	38	27	1	1	23	0.00398406	251	0.87116	FALSE	NA	NA	NA	NA	NA	NA
NC_045512.2	4685	A	G	243	38	27	2	2	23	0.00796813	251	0.680632	FALSE	NA	NA	NA	NA	NA	NA
NC_045512.2	4685	A	C	243	38	27	5	5	25	0.0199203	251	0.221614	FALSE	NA	NA	NA	NA	NA	NA
NC_045512.2	4686	C	T	240	35	27	3	3	26	0.012	250	0.488521	FALSE	NA	NA	NA	NA	NA	NA
NC_045512.2	4686	C	G	240	35	27	2	2	27	0.008	250	0.677477	FALSE	NA	NA	NA	NA	NA	NA
NC_045512.2	4686	C	A	240	35	27	5	5	27	0.02	250	0.218287	FALSE	NA	NA	NA	NA	NA	NA
NC_045512.2	4687	A	T	238	33	27	5	5	26	0.0199203	251	0.213382	FALSE	NA	NA	NA	NA	NA	NA
NC_045512.2	4687	A	G	238	33	27	2	2	27	0.00796813	251	0.672776	FALSE	NA	NA	NA	NA	NA	NA
NC_045512.2	4687	A	C	238	33	27	6	6	26	0.0239044	251	0.134717	FALSE	NA	NA	NA	NA	NA	NA
NC_045512.2	4688	G	T	239	34	27	3	3	26	0.012	250	0.486581	FALSE	NA	NA	NA	NA	NA	NA
NC_045512.2	4688	G	C	239	34	27	5	5	25	0.02	250	0.216634	FALSE	NA	NA	NA	NA	NA	NA
NC_045512.2	4688	G	A	239	34	27	3	3	27	0.012	250	0.486581	FALSE	NA	NA	NA	NA	NA	NA
NC_045512.2	4688	G	-T	239	34	27	1	0	20	0.004	250	0.868753	FALSE	NA	NA	NA	NA	NA	NA
NC_045512.2	4689	T	G	232	28	27	1	1	28	0.00414938	241	0.869369	FALSE	NA	NA	NA	NA	NA	NA
NC_045512.2	4689	T	C	232	28	27	4	4	26	0.0165975	241	0.332943	FALSE	NA	NA	NA	NA	NA	NA
NC_045512.2	4689	T	A	232	28	27	4	4	25	0.0165975	241	0.332943	FALSE	NA	NA	NA	NA	NA	NA
NC_045512.2	4690	T	G	240	35	28	1	1	26	0.00398406	251	0.868779	FALSE	NA	NA	NA	NA	NA	NA
NC_045512.2	4690	T	C	240	35	28	3	3	28	0.0119522	251	0.486636	FALSE	NA	NA	NA	NA	NA	NA
NC_045512.2	4690	T	A	240	35	28	7	7	26	0.0278884	251	0.0849426	FALSE	NA	NA	NA	NA	NA	NA
NC_045512.2	4691	T	G	210	38	23	1	1	22	0.00458716	218	0.870559	FALSE	NA	NA	NA	NA	NA	NA
NC_045512.2	4691	T	C	210	38	23	3	3	27	0.0137615	218	0.491239	FALSE	NA	NA	NA	NA	NA	NA
NC_045512.2	4691	T	A	210	38	23	4	4	25	0.0183486	218	0.336119	FALSE	NA	NA	NA	NA	NA	NA
NC_045512.2	4691	T	-C	210	38	23	1	0	20	0.00458716	218	0.870559	FALSE	NA	NA	NA	NA	NA	NA
NC_045512.2	4692	C	T	238	33	27	4	4	25	0.016	250	0.329465	FALSE	NA	NA	NA	NA	NA	NA
NC_045512.2	4692	C	G	238	33	27	6	6	25	0.024	250	0.135981	FALSE	NA	NA	NA	NA	NA	NA
NC_045512.2	4692	C	A	238	33	27	2	2	25	0.008	250	0.674312	FALSE	NA	NA	NA	NA	NA	NA
NC_045512.2	4693	T	G	241	36	27	4	4	27	0.016	250	0.335203	FALSE	NA	NA	NA	NA	NA	NA
NC_045512.2	4693	T	C	241	36	27	1	1	26	0.004	250	0.870353	FALSE	NA	NA	NA	NA	NA	NA
NC_045512.2	4693	T	A	241	36	27	4	4	26	0.016	250	0.335203	FALSE	NA	NA	NA	NA	NA	NA
NC_045512.2	4694	G	T	240	36	26	3	3	24	0.0120482	249	0.490415	FALSE	NA	NA	NA	NA	NA	NA
NC_045512.2	4694	G	C	240	36	26	3	3	25	0.0120482	249	0.490415	FALSE	NA	NA	NA	NA	NA	NA
NC_045512.2	4694	G	A	240	36	26	3	3	27	0.0120482	249	0.490415	FALSE	NA	NA	NA	NA	NA	NA
NC_045512.2	4694	G	-T	240	36	26	1	0	20	0.00401606	249	0.870334	FALSE	NA	NA	NA	NA	NA	NA
NC_045512.2	4695	T	G	228	26	26	3	3	29	0.012605	238	0.485949	FALSE	NA	NA	NA	NA	NA	NA
NC_045512.2	4695	T	C	228	26	26	2	1	24	0.00840336	238	0.675348	FALSE	NA	NA	NA	NA	NA	NA
NC_045512.2	4695	T	A	228	26	26	5	5	26	0.0210084	238	0.216173	FALSE	NA	NA	NA	NA	NA	NA
NC_045512.2	4696	T	G	244	40	26	1	1	28	0.00398406	251	0.87194	FALSE	NA	NA	NA	NA	NA	NA
NC_045512.2	4696	T	C	244	40	26	3	3	25	0.0119522	251	0.494318	FALSE	NA	NA	NA	NA	NA	NA
NC_045512.2	4696	T	A	244	40	26	3	3	25	0.0119522	251	0.494318	FALSE	NA	NA	NA	NA	NA	NA
NC_045512.2	4697	T	G	179	37	23	3	3	25	0.0159574	188	0.301357	FALSE	NA	NA	NA	NA	NA	NA
NC_045512.2	4697	T	C	179	37	23	4	4	27	0.0212766	188	0.179117	FALSE	NA	NA	NA	NA	NA	NA
NC_045512.2	4697	T	A	179	37	23	2	2	24	0.0106383	188	0.487739	FALSE	NA	NA	NA	NA	NA	NA
NC_045512.2	4698	C	T	239	35	26	6	6	26	0.0239044	251	0.136015	FALSE	NA	NA	NA	NA	NA	NA
NC_045512.2	4698	C	G	239	35	26	3	3	27	0.0119522	251	0.484696	FALSE	NA	NA	NA	NA	NA	NA
NC_045512.2	4698	C	A	239	35	26	3	3	26	0.0119522	251	0.484696	FALSE	NA	NA	NA	NA	NA	NA
NC_045512.2	4699	T	G	235	31	26	2	2	25	0.00816327	245	0.677267	FALSE	NA	NA	NA	NA	NA	NA
NC_045512.2	4699	T	C	235	31	26	4	4	27	0.0163265	245	0.333078	FALSE	NA	NA	NA	NA	NA	NA
NC_045512.2	4699	T	A	235	31	26	4	4	25	0.0163265	245	0.333078	FALSE	NA	NA	NA	NA	NA	NA
NC_045512.2	4700	T	G	225	38	23	4	3	27	0.0169492	236	0.330636	FALSE	NA	NA	NA	NA	NA	NA
NC_045512.2	4700	T	C	225	38	23	1	0	28	0.00423729	236	0.868366	FALSE	NA	NA	NA	NA	NA	NA
NC_045512.2	4700	T	A	225	38	23	6	6	25	0.0254237	236	0.136856	FALSE	NA	NA	NA	NA	NA	NA
NC_045512.2	4701	C	T	241	37	26	5	5	29	0.0198413	252	0.216714	FALSE	NA	NA	NA	NA	NA	NA
NC_045512.2	4701	C	G	241	37	26	3	3	27	0.0119048	252	0.48669	FALSE	NA	NA	NA	NA	NA	NA
NC_045512.2	4701	C	A	241	37	26	3	3	26	0.0119048	252	0.48669	FALSE	NA	NA	NA	NA	NA	NA
NC_045512.2	4702	A	T	241	40	26	4	4	27	0.015748	254	0.327805	FALSE	NA	NA	NA	NA	NA	NA
NC_045512.2	4702	A	G	241	40	26	4	1	27	0.015748	254	0.327805	FALSE	NA	NA	NA	NA	NA	NA
NC_045512.2	4702	A	C	241	40	26	5	5	28	0.019685	254	0.213539	FALSE	NA	NA	NA	NA	NA	NA
NC_045512.2	4703	C	T	235	31	26	4	4	25	0.015873	252	0.320026	FALSE	NA	NA	NA	NA	NA	NA
NC_045512.2	4703	C	G	235	31	26	2	2	25	0.00793651	252	0.666407	FALSE	NA	NA	NA	NA	NA	NA
NC_045512.2	4703	C	A	235	31	26	11	11	27	0.0436508	252	0.00944051	TRUE	NA	NA	NA	NA	NA	NA
NC_045512.2	4704	C	T	230	40	23	4	4	27	0.0163934	244	0.325169	FALSE	NA	NA	NA	NA	NA	NA
NC_045512.2	4704	C	G	230	40	23	4	4	27	0.0163934	244	0.325169	FALSE	NA	NA	NA	NA	NA	NA
NC_045512.2	4704	C	A	230	40	23	6	6	25	0.0245902	244	0.133104	FALSE	NA	NA	NA	NA	NA	NA
NC_045512.2	4705	T	G	239	36	27	4	4	25	0.0155039	258	0.316835	FALSE	NA	NA	NA	NA	NA	NA
NC_045512.2	4705	T	C	239	36	27	4	4	26	0.0155039	258	0.316835	FALSE	NA	NA	NA	NA	NA	NA
NC_045512.2	4705	T	A	239	36	27	11	10	27	0.0426357	258	0.00911836	TRUE	NA	NA	NA	NA	NA	NA
NC_045512.2	4705	T	-G	239	36	27	1	0	20	0.00387597	258	0.86251	FALSE	NA	NA	NA	NA	NA	NA
NC_045512.2	4706	G	T	246	41	27	4	4	27	0.0155642	257	0.331723	FALSE	NA	NA	NA	NA	NA	NA
NC_045512.2	4706	G	C	246	41	27	4	4	26	0.0155642	257	0.331723	FALSE	NA	NA	NA	NA	NA	NA
NC_045512.2	4706	G	A	246	41	27	3	3	28	0.0116732	257	0.486955	FALSE	NA	NA	NA	NA	NA	NA
NC_045512.2	4707	A	T	241	36	27	8	8	23	0.0310078	258	0.0476944	FALSE	NA	NA	NA	NA	NA	NA
NC_045512.2	4707	A	G	241	36	27	5	5	25	0.0193798	258	0.207344	FALSE	NA	NA	NA	NA	NA	NA
NC_045512.2	4707	A	C	241	36	27	4	4	25	0.0155039	258	0.320589	FALSE	NA	NA	NA	NA	NA	NA
NC_045512.2	4708	T	G	247	43	27	1	1	27	0.00387597	258	0.868954	FALSE	NA	NA	NA	NA	NA	NA
NC_045512.2	4708	T	C	247	43	27	7	6	24	0.0271318	258	0.0850755	FALSE	NA	NA	NA	NA	NA	NA
NC_045512.2	4708	T	A	247	43	27	3	3	26	0.0116279	258	0.487006	FALSE	NA	NA	NA	NA	NA	NA
NC_045512.2	4709	G	T	241	36	27	9	9	27	0.0348837	258	0.0281717	FALSE	NA	NA	NA	NA	NA	NA
NC_045512.2	4709	G	C	241	36	27	6	6	25	0.0232558	258	0.129961	FALSE	NA	NA	NA	NA	NA	NA
NC_045512.2	4709	G	A	241	36	27	2	2	27	0.00775194	258	0.666921	FALSE	NA	NA	NA	NA	NA	NA
NC_045512.2	4710	C	T	248	40	27	8	8	26	0.0305344	262	0.0497191	FALSE	NA	NA	NA	NA	NA	NA
NC_045512.2	4710	C	G	248	40	27	5	5	25	0.019084	262	0.212364	FALSE	NA	NA	NA	NA	NA	NA
NC_045512.2	4710	C	A	248	40	27	1	1	27	0.00381679	262	0.866721	FALSE	NA	NA	NA	NA	NA	NA
NC_045512.2	4711	T	G	249	42	27	4	4	26	0.0153846	260	0.331864	FALSE	NA	NA	NA	NA	NA	NA
NC_045512.2	4711	T	C	249	42	27	4	3	26	0.0153846	260	0.331864	FALSE	NA	NA	NA	NA	NA	NA
NC_045512.2	4711	T	A	249	42	27	3	3	26	0.0115385	260	0.487109	FALSE	NA	NA	NA	NA	NA	NA
NC_045512.2	4712	G	T	247	39	27	8	8	26	0.0306513	261	0.0497004	FALSE	NA	NA	NA	NA	NA	NA
NC_045512.2	4712	G	C	247	39	27	3	3	27	0.0114943	261	0.48155	FALSE	NA	NA	NA	NA	NA	NA
NC_045512.2	4712	G	A	247	39	27	3	3	27	0.0114943	261	0.48155	FALSE	NA	NA	NA	NA	NA	NA
NC_045512.2	4712	G	-T	247	39	27	1	0	20	0.00383142	261	0.866688	FALSE	NA	NA	NA	NA	NA	NA
NC_045512.2	4713	T	G	248	40	26	5	5	27	0.0192308	260	0.215431	FALSE	NA	NA	NA	NA	NA	NA
NC_045512.2	4713	T	C	248	40	26	1	1	28	0.00384615	260	0.868226	FALSE	NA	NA	NA	NA	NA	NA
NC_045512.2	4713	T	A	248	40	26	6	6	28	0.0230769	260	0.13631	FALSE	NA	NA	NA	NA	NA	NA
NC_045512.2	4714	T	G	240	42	23	2	2	27	0.00790514	253	0.672897	FALSE	NA	NA	NA	NA	NA	NA
NC_045512.2	4714	T	C	240	42	23	7	7	26	0.027668	253	0.0830687	FALSE	NA	NA	NA	NA	NA	NA
NC_045512.2	4714	T	A	240	42	23	4	4	26	0.0158103	253	0.327741	FALSE	NA	NA	NA	NA	NA	NA
NC_045512.2	4715	A	T	241	34	26	14	14	26	0.0530303	264	0.00150141	TRUE	NA	NA	NA	NA	NA	NA
NC_045512.2	4715	A	G	241	34	26	4	3	27	0.0151515	264	0.310094	FALSE	NA	NA	NA	NA	NA	NA
NC_045512.2	4715	A	C	241	34	26	5	5	28	0.0189394	264	0.198424	FALSE	NA	NA	NA	NA	NA	NA
NC_045512.2	4716	C	T	247	39	27	9	9	26	0.0338346	266	0.0274656	FALSE	NA	NA	NA	NA	NA	NA
NC_045512.2	4716	C	G	247	39	27	2	2	28	0.0075188	266	0.664483	FALSE	NA	NA	NA	NA	NA	NA
NC_045512.2	4716	C	A	247	39	27	8	8	27	0.0300752	266	0.0466576	FALSE	NA	NA	NA	NA	NA	NA
NC_045512.2	4717	A	T	242	34	27	14	14	25	0.0526316	266	0.00146763	TRUE	NA	NA	NA	NA	NA	NA
NC_045512.2	4717	A	G	242	34	27	6	6	25	0.0225564	266	0.12198	FALSE	NA	NA	NA	NA	NA	NA
NC_045512.2	4717	A	C	242	34	27	4	4	28	0.0150376	266	0.308518	FALSE	NA	NA	NA	NA	NA	NA
NC_045512.2	4718	G	T	247	39	27	12	12	26	0.0449438	267	0.00512746	TRUE	NA	NA	NA	NA	NA	NA
NC_045512.2	4718	G	C	247	39	27	4	4	27	0.0149813	267	0.315945	FALSE	NA	NA	NA	NA	NA	NA
NC_045512.2	4718	G	A	247	39	27	4	4	28	0.0149813	267	0.315945	FALSE	NA	NA	NA	NA	NA	NA
NC_045512.2	4719	C	T	249	41	27	9	9	27	0.0337079	267	0.0279005	FALSE	NA	NA	NA	NA	NA	NA
NC_045512.2	4719	C	G	249	41	27	3	3	27	0.011236	267	0.474576	FALSE	NA	NA	NA	NA	NA	NA
NC_045512.2	4719	C	A	249	41	27	6	6	26	0.0224719	267	0.129243	FALSE	NA	NA	NA	NA	NA	NA
NC_045512.2	4720	G	T	244	36	27	5	5	25	0.018797	266	0.200183	FALSE	NA	NA	NA	NA	NA	NA
NC_045512.2	4720	G	C	244	36	27	8	8	26	0.0300752	266	0.0448245	FALSE	NA	NA	NA	NA	NA	NA
NC_045512.2	4720	G	A	244	36	27	9	9	27	0.0338346	266	0.0262344	FALSE	NA	NA	NA	NA	NA	NA
NC_045512.2	4721	T	G	247	39	27	3	3	29	0.011194	268	0.469075	FALSE	NA	NA	NA	NA	NA	NA
NC_045512.2	4721	T	C	247	39	27	9	9	24	0.0335821	268	0.0266844	FALSE	NA	NA	NA	NA	NA	NA
NC_045512.2	4721	T	A	247	39	27	9	9	27	0.0335821	268	0.0266844	FALSE	NA	NA	NA	NA	NA	NA
NC_045512.2	4722	A	T	245	37	27	8	8	26	0.0297398	269	0.0437402	FALSE	NA	NA	NA	NA	NA	NA
NC_045512.2	4722	A	G	245	37	27	5	5	27	0.0185874	269	0.197421	FALSE	NA	NA	NA	NA	NA	NA
NC_045512.2	4722	A	C	245	37	27	11	11	27	0.0408922	269	0.00836475	TRUE	NA	NA	NA	NA	NA	NA
NC_045512.2	4723	T	G	252	44	27	6	6	27	0.0223048	269	0.130554	FALSE	NA	NA	NA	NA	NA	NA
NC_045512.2	4723	T	C	252	44	27	4	4	28	0.0148699	269	0.321553	FALSE	NA	NA	NA	NA	NA	NA
NC_045512.2	4723	T	A	252	44	27	7	7	27	0.0260223	269	0.0799124	FALSE	NA	NA	NA	NA	NA	NA
NC_045512.2	4723	T	-A	252	44	27	1	0	20	0.00371747	269	0.864631	FALSE	NA	NA	NA	NA	NA	NA
NC_045512.2	4724	A	T	234	27	27	10	10	27	0.03861	259	0.0140181	FALSE	NA	NA	NA	NA	NA	NA
NC_045512.2	4724	A	G	234	27	27	11	11	27	0.042471	259	0.00794632	TRUE	NA	NA	NA	NA	NA	NA
NC_045512.2	4724	A	C	234	27	27	4	4	28	0.015444	259	0.303921	FALSE	NA	NA	NA	NA	NA	NA
NC_045512.2	4725	A	T	225	44	24	8	8	25	0.0330579	242	0.0472439	FALSE	NA	NA	NA	NA	NA	NA
NC_045512.2	4725	A	G	225	44	24	6	6	28	0.0247934	242	0.129002	FALSE	NA	NA	NA	NA	NA	NA
NC_045512.2	4725	A	C	225	44	24	3	3	29	0.0123967	242	0.473916	FALSE	NA	NA	NA	NA	NA	NA
NC_045512.2	4726	T	G	255	47	26	4	4	27	0.0148699	269	0.326924	FALSE	NA	NA	NA	NA	NA	NA
NC_045512.2	4726	T	C	255	47	26	3	3	27	0.0111524	269	0.482113	FALSE	NA	NA	NA	NA	NA	NA
NC_045512.2	4726	T	A	255	47	26	7	7	27	0.0260223	269	0.0825747	FALSE	NA	NA	NA	NA	NA	NA
NC_045512.2	4727	G	T	241	33	27	10	10	27	0.0383142	261	0.015626	FALSE	NA	NA	NA	NA	NA	NA
NC_045512.2	4727	G	C	241	33	27	7	7	27	0.0268199	261	0.0769078	FALSE	NA	NA	NA	NA	NA	NA
NC_045512.2	4727	G	A	241	33	27	3	3	28	0.0114943	261	0.470139	FALSE	NA	NA	NA	NA	NA	NA
NC_045512.2	4728	G	T	236	39	24	10	10	27	0.0384615	260	0.0145378	FALSE	NA	NA	NA	NA	NA	NA
NC_045512.2	4728	G	C	236	39	24	10	10	26	0.0384615	260	0.0145378	FALSE	NA	NA	NA	NA	NA	NA
NC_045512.2	4728	G	A	236	39	24	4	3	25	0.0153846	260	0.307686	FALSE	NA	NA	NA	NA	NA	NA
NC_045512.2	4729	T	G	247	41	27	3	3	26	0.0112782	266	0.472603	FALSE	NA	NA	NA	NA	NA	NA
NC_045512.2	4729	T	C	247	41	27	11	9	27	0.0413534	266	0.00917834	TRUE	NA	NA	NA	NA	NA	NA
NC_045512.2	4729	T	A	247	41	27	5	5	24	0.018797	266	0.204827	FALSE	NA	NA	NA	NA	NA	NA
NC_045512.2	4730	T	G	234	43	24	9	9	26	0.0355731	253	0.0272071	FALSE	NA	NA	NA	NA	NA	NA
NC_045512.2	4730	T	C	234	43	24	6	5	25	0.0237154	253	0.127133	FALSE	NA	NA	NA	NA	NA	NA
NC_045512.2	4730	T	A	234	43	24	4	4	26	0.0158103	253	0.316292	FALSE	NA	NA	NA	NA	NA	NA
NC_045512.2	4731	A	T	244	37	27	13	13	26	0.0485075	268	0.00264304	TRUE	NA	NA	NA	NA	NA	NA
NC_045512.2	4731	A	G	244	37	27	4	3	25	0.0149254	268	0.308788	FALSE	NA	NA	NA	NA	NA	NA
NC_045512.2	4731	A	C	244	37	27	7	7	25	0.0261194	268	0.0737772	FALSE	NA	NA	NA	NA	NA	NA
NC_045512.2	4732	T	G	256	48	27	6	6	24	0.0221402	271	0.133044	FALSE	NA	NA	NA	NA	NA	NA
NC_045512.2	4732	T	C	256	48	27	5	5	26	0.0184502	271	0.211316	FALSE	NA	NA	NA	NA	NA	NA
NC_045512.2	4732	T	A	256	48	27	4	4	24	0.0147601	271	0.325276	FALSE	NA	NA	NA	NA	NA	NA
NC_045512.2	4733	C	T	248	40	27	7	7	25	0.0259259	270	0.0756033	FALSE	NA	NA	NA	NA	NA	NA
NC_045512.2	4733	C	G	248	40	27	5	5	26	0.0185185	270	0.200575	FALSE	NA	NA	NA	NA	NA	NA
NC_045512.2	4733	C	A	248	40	27	10	10	27	0.037037	270	0.0152156	FALSE	NA	NA	NA	NA	NA	NA
NC_045512.2	4734	T	G	245	38	27	4	4	26	0.0148699	269	0.308921	FALSE	NA	NA	NA	NA	NA	NA
NC_045512.2	4734	T	C	245	38	27	11	10	26	0.0408922	269	0.00836475	TRUE	NA	NA	NA	NA	NA	NA
NC_045512.2	4734	T	A	245	38	27	9	9	26	0.0334572	269	0.0255075	FALSE	NA	NA	NA	NA	NA	NA
NC_045512.2	4735	T	G	234	39	24	6	6	27	0.0232558	258	0.121291	FALSE	NA	NA	NA	NA	NA	NA
NC_045512.2	4735	T	C	234	39	24	7	6	27	0.0271318	258	0.0731747	FALSE	NA	NA	NA	NA	NA	NA
NC_045512.2	4735	T	A	234	39	24	11	10	27	0.0426357	258	0.0082536	TRUE	NA	NA	NA	NA	NA	NA
NC_045512.2	4736	A	T	248	40	27	12	12	26	0.043956	273	0.0046471	TRUE	NA	NA	NA	NA	NA	NA
NC_045512.2	4736	A	G	248	40	27	7	7	28	0.025641	273	0.0732216	FALSE	NA	NA	NA	NA	NA	NA
NC_045512.2	4736	A	C	248	40	27	6	6	27	0.021978	273	0.12139	FALSE	NA	NA	NA	NA	NA	NA
NC_045512.2	4737	C	T	253	45	27	8	8	27	0.029304	273	0.046257	FALSE	NA	NA	NA	NA	NA	NA
NC_045512.2	4737	C	G	253	45	27	8	8	26	0.029304	273	0.046257	FALSE	NA	NA	NA	NA	NA	NA
NC_045512.2	4737	C	A	253	45	27	4	4	25	0.014652	273	0.316569	FALSE	NA	NA	NA	NA	NA	NA
NC_045512.2	4738	T	G	248	40	27	9	9	27	0.0332103	271	0.0259509	FALSE	NA	NA	NA	NA	NA	NA
NC_045512.2	4738	T	C	248	40	27	4	4	26	0.0147601	271	0.310983	FALSE	NA	NA	NA	NA	NA	NA
NC_045512.2	4738	T	A	248	40	27	10	10	26	0.0369004	271	0.0149716	FALSE	NA	NA	NA	NA	NA	NA
NC_045512.2	4739	T	G	229	45	24	8	8	28	0.032	250	0.0448624	FALSE	NA	NA	NA	NA	NA	NA
NC_045512.2	4739	T	C	229	45	24	4	4	25	0.016	250	0.312066	FALSE	NA	NA	NA	NA	NA	NA
NC_045512.2	4739	T	A	229	45	24	9	8	26	0.036	250	0.0262726	FALSE	NA	NA	NA	NA	NA	NA
NC_045512.2	4740	C	T	246	38	26	12	12	25	0.043956	273	0.00445409	TRUE	NA	NA	NA	NA	NA	NA
NC_045512.2	4740	C	G	246	38	26	5	5	25	0.018315	273	0.193337	FALSE	NA	NA	NA	NA	NA	NA
NC_045512.2	4740	C	A	246	38	26	10	10	26	0.03663	273	0.0140021	FALSE	NA	NA	NA	NA	NA	NA
NC_045512.2	4741	T	G	255	47	26	4	4	26	0.0148148	270	0.325207	FALSE	NA	NA	NA	NA	NA	NA
NC_045512.2	4741	T	C	255	47	26	5	5	27	0.0185185	270	0.211259	FALSE	NA	NA	NA	NA	NA	NA
NC_045512.2	4741	T	A	255	47	26	6	6	25	0.0222222	270	0.133001	FALSE	NA	NA	NA	NA	NA	NA
NC_045512.2	4742	T	G	247	46	24	3	3	29	0.0113636	264	0.47616	FALSE	NA	NA	NA	NA	NA	NA
NC_045512.2	4742	T	C	247	46	24	5	4	28	0.0189394	264	0.207784	FALSE	NA	NA	NA	NA	NA	NA
NC_045512.2	4742	T	A	247	46	24	9	9	25	0.0340909	264	0.0282717	FALSE	NA	NA	NA	NA	NA	NA
NC_045512.2	4743	C	T	245	39	27	9	9	25	0.0332103	271	0.0247808	FALSE	NA	NA	NA	NA	NA	NA
NC_045512.2	4743	C	G	245	39	27	6	6	26	0.0221402	271	0.120056	FALSE	NA	NA	NA	NA	NA	NA
NC_045512.2	4743	C	A	245	39	27	11	11	25	0.0405904	271	0.00806644	TRUE	NA	NA	NA	NA	NA	NA
NC_045512.2	4744	T	G	252	47	27	4	4	27	0.0148699	269	0.321553	FALSE	NA	NA	NA	NA	NA	NA
NC_045512.2	4744	T	C	252	47	27	7	6	25	0.0260223	269	0.0799124	FALSE	NA	NA	NA	NA	NA	NA
NC_045512.2	4744	T	A	252	47	27	6	6	27	0.0223048	269	0.130554	FALSE	NA	NA	NA	NA	NA	NA
NC_045512.2	4745	T	G	238	44	23	15	15	25	0.0579151	259	0.000874593	TRUE	NA	NA	NA	NA	NA	NA
NC_045512.2	4745	T	C	238	44	23	5	5	26	0.019305	259	0.201055	FALSE	NA	NA	NA	NA	NA	NA
NC_045512.2	4745	T	A	238	44	23	1	1	26	0.003861	259	0.860893	FALSE	NA	NA	NA	NA	NA	NA
NC_045512.2	4746	C	T	245	39	27	11	11	24	0.0405904	271	0.00806644	TRUE	NA	NA	NA	NA	NA	NA
NC_045512.2	4746	C	G	245	39	27	9	9	26	0.0332103	271	0.0247808	FALSE	NA	NA	NA	NA	NA	NA
NC_045512.2	4746	C	A	245	39	27	6	6	26	0.0221402	271	0.120056	FALSE	NA	NA	NA	NA	NA	NA
NC_045512.2	4747	T	G	252	50	26	5	5	27	0.018797	266	0.212579	FALSE	NA	NA	NA	NA	NA	NA
NC_045512.2	4747	T	C	252	50	26	7	6	26	0.0263158	266	0.0824933	FALSE	NA	NA	NA	NA	NA	NA
NC_045512.2	4747	T	A	252	50	26	2	2	27	0.0075188	266	0.672132	FALSE	NA	NA	NA	NA	NA	NA
NC_045512.2	4747	T	-A	252	50	26	3	0	20	0.0112782	266	0.481906	FALSE	NA	NA	NA	NA	NA	NA
NC_045512.2	4748	A	T	217	18	26	14	14	26	0.0578512	242	0.001269	TRUE	NA	NA	NA	NA	NA	NA
NC_045512.2	4748	A	G	217	18	26	5	4	25	0.0206612	242	0.187857	FALSE	NA	NA	NA	NA	NA	NA
NC_045512.2	4748	A	C	217	18	26	6	6	28	0.0247934	242	0.114955	FALSE	NA	NA	NA	NA	NA	NA
NC_045512.2	4749	A	T	245	44	27	11	11	26	0.0413534	266	0.00883468	TRUE	NA	NA	NA	NA	NA	NA
NC_045512.2	4749	A	G	245	44	27	5	3	26	0.018797	266	0.20173	FALSE	NA	NA	NA	NA	NA	NA
NC_045512.2	4749	A	C	245	44	27	5	5	27	0.018797	266	0.20173	FALSE	NA	NA	NA	NA	NA	NA
NC_045512.2	4750	A	T	237	37	27	14	14	26	0.0532319	263	0.00138745	TRUE	NA	NA	NA	NA	NA	NA
NC_045512.2	4750	A	G	237	37	27	5	4	27	0.0190114	263	0.19363	FALSE	NA	NA	NA	NA	NA	NA
NC_045512.2	4750	A	C	237	37	27	7	7	26	0.026616	263	0.0717454	FALSE	NA	NA	NA	NA	NA	NA
NC_045512.2	4751	A	T	127	36	22	7	7	26	0.0482759	145	0.0262541	FALSE	NA	NA	NA	NA	NA	NA
NC_045512.2	4751	A	G	127	36	22	2	2	27	0.0137931	145	0.458681	FALSE	NA	NA	NA	NA	NA	NA
NC_045512.2	4751	A	C	127	36	22	9	9	27	0.062069	145	0.00755973	TRUE	NA	NA	NA	NA	NA	NA
NC_045512.2	4752	C	T	229	35	26	12	12	25	0.0487805	246	0.00537407	TRUE	NA	NA	NA	NA	NA	NA
NC_045512.2	4752	C	G	229	35	26	2	2	26	0.00813008	246	0.665866	FALSE	NA	NA	NA	NA	NA	NA
NC_045512.2	4752	C	A	229	35	26	3	3	25	0.0121951	246	0.474354	FALSE	NA	NA	NA	NA	NA	NA
NC_045512.2	4753	A	T	232	39	26	9	9	26	0.0365854	246	0.0293389	FALSE	NA	NA	NA	NA	NA	NA
NC_045512.2	4753	A	G	232	39	26	4	3	28	0.0162602	246	0.325323	FALSE	NA	NA	NA	NA	NA	NA
NC_045512.2	4753	A	C	232	39	26	1	1	28	0.00406504	246	0.866153	FALSE	NA	NA	NA	NA	NA	NA
NC_045512.2	4754	C	T	223	29	26	6	6	24	0.0251046	239	0.130157	FALSE	NA	NA	NA	NA	NA	NA
NC_045512.2	4754	C	G	223	29	26	4	4	25	0.0167364	239	0.320734	FALSE	NA	NA	NA	NA	NA	NA
NC_045512.2	4754	C	A	223	29	26	6	6	26	0.0251046	239	0.130157	FALSE	NA	NA	NA	NA	NA	NA
NC_045512.2	4755	C	T	219	40	23	7	7	26	0.030303	231	0.0834704	FALSE	NA	NA	NA	NA	NA	NA
NC_045512.2	4755	C	G	219	40	23	2	2	23	0.00865801	231	0.673187	FALSE	NA	NA	NA	NA	NA	NA
NC_045512.2	4755	C	A	219	40	23	3	3	25	0.012987	231	0.483337	FALSE	NA	NA	NA	NA	NA	NA
NC_045512.2	4756	T	G	233	40	26	4	4	26	0.0161943	247	0.325399	FALSE	NA	NA	NA	NA	NA	NA
NC_045512.2	4756	T	C	233	40	26	7	6	25	0.0283401	247	0.0819325	FALSE	NA	NA	NA	NA	NA	NA
NC_045512.2	4756	T	A	233	40	26	3	3	25	0.0121457	247	0.480474	FALSE	NA	NA	NA	NA	NA	NA
NC_045512.2	4757	G	T	227	33	26	14	14	25	0.0564516	248	0.00154969	TRUE	NA	NA	NA	NA	NA	NA
NC_045512.2	4757	G	C	227	33	26	3	3	27	0.0120968	248	0.466475	FALSE	NA	NA	NA	NA	NA	NA
NC_045512.2	4757	G	A	227	33	26	4	4	25	0.016129	248	0.311804	FALSE	NA	NA	NA	NA	NA	NA
NC_045512.2	4758	A	T	223	29	26	7	7	26	0.0290456	241	0.0777999	FALSE	NA	NA	NA	NA	NA	NA
NC_045512.2	4758	A	G	223	29	26	6	6	25	0.0248963	241	0.127604	FALSE	NA	NA	NA	NA	NA	NA
NC_045512.2	4758	A	C	223	29	26	5	5	29	0.0207469	241	0.204268	FALSE	NA	NA	NA	NA	NA	NA
NC_045512.2	4759	A	T	215	33	23	13	13	25	0.0548523	237	0.00265996	TRUE	NA	NA	NA	NA	NA	NA
NC_045512.2	4759	A	G	215	33	23	6	5	26	0.0253165	237	0.121935	FALSE	NA	NA	NA	NA	NA	NA
NC_045512.2	4759	A	C	215	33	23	3	3	27	0.0126582	237	0.462705	FALSE	NA	NA	NA	NA	NA	NA
NC_045512.2	4760	G	T	226	32	27	12	12	25	0.0483871	248	0.00480776	TRUE	NA	NA	NA	NA	NA	NA
NC_045512.2	4760	G	C	226	32	27	8	8	26	0.0322581	248	0.0441396	FALSE	NA	NA	NA	NA	NA	NA
NC_045512.2	4760	G	A	226	32	27	2	2	27	0.00806452	248	0.657642	FALSE	NA	NA	NA	NA	NA	NA
NC_045512.2	4760	G	-A	226	32	27	1	0	20	0.00403226	248	0.859325	FALSE	NA	NA	NA	NA	NA	NA
NC_045512.2	4761	A	T	226	36	27	11	11	25	0.0438247	251	0.00785315	TRUE	NA	NA	NA	NA	NA	NA
NC_045512.2	4761	A	G	226	36	27	5	2	24	0.0199203	251	0.192188	FALSE	NA	NA	NA	NA	NA	NA
NC_045512.2	4761	A	C	226	36	27	9	9	28	0.0358566	251	0.0242275	FALSE	NA	NA	NA	NA	NA	NA
NC_045512.2	4762	A	T	202	33	23	15	15	25	0.0655022	229	0.000691422	TRUE	NA	NA	NA	NA	NA	NA
NC_045512.2	4762	A	G	202	33	23	6	4	27	0.0262009	229	0.114298	FALSE	NA	NA	NA	NA	NA	NA
NC_045512.2	4762	A	C	202	33	23	6	6	27	0.0262009	229	0.114298	FALSE	NA	NA	NA	NA	NA	NA
NC_045512.2	4763	C	T	226	33	27	15	15	26	0.06	250	0.000792691	TRUE	NA	NA	NA	NA	NA	NA
NC_045512.2	4763	C	G	226	33	27	4	4	25	0.016	250	0.306207	FALSE	NA	NA	NA	NA	NA	NA
NC_045512.2	4763	C	A	226	33	27	5	5	27	0.02	250	0.195197	FALSE	NA	NA	NA	NA	NA	NA
NC_045512.2	4764	A	T	223	32	26	8	8	27	0.0326531	245	0.0440162	FALSE	NA	NA	NA	NA	NA	NA
NC_045512.2	4764	A	G	223	32	26	6	6	25	0.0244898	245	0.122663	FALSE	NA	NA	NA	NA	NA	NA
NC_045512.2	4764	A	C	223	32	26	8	8	27	0.0326531	245	0.0440162	FALSE	NA	NA	NA	NA	NA	NA
NC_045512.2	4764	A	-T	223	32	26	1	0	20	0.00408163	245	0.859116	FALSE	NA	NA	NA	NA	NA	NA
NC_045512.2	4764	A	+T	223	32	26	2	0	20	0.00816327	245	0.657251	FALSE	NA	NA	NA	NA	NA	NA
NC_045512.2	4765	T	C	210	30	26	3	2	26	0.0138249	217	0.491239	FALSE	NA	NA	NA	NA	NA	NA
NC_045512.2	4765	T	A	210	30	26	4	4	22	0.0184332	217	0.336119	FALSE	NA	NA	NA	NA	NA	NA
NC_045512.2	4766	T	C	221	41	27	3	2	27	0.012931	232	0.485515	FALSE	NA	NA	NA	NA	NA	NA
NC_045512.2	4766	T	A	221	41	27	8	8	26	0.0344828	232	0.0512879	FALSE	NA	NA	NA	NA	NA	NA
NC_045512.2	4767	T	C	218	39	28	4	4	26	0.017094	234	0.320232	FALSE	NA	NA	NA	NA	NA	NA
NC_045512.2	4767	T	A	218	39	28	12	12	27	0.0512821	234	0.00544759	TRUE	NA	NA	NA	NA	NA	NA
NC_045512.2	4768	T	G	117	34	23	3	3	25	0.0218978	137	0.265508	FALSE	NA	NA	NA	NA	NA	NA
NC_045512.2	4768	T	C	117	34	23	7	7	25	0.0510949	137	0.0244067	FALSE	NA	NA	NA	NA	NA	NA
NC_045512.2	4768	T	A	117	34	23	10	10	26	0.0729927	137	0.00363365	TRUE	NA	NA	NA	NA	NA	NA
NC_045512.2	4769	A	T	206	36	27	8	8	23	0.0358744	223	0.0466275	FALSE	NA	NA	NA	NA	NA	NA
NC_045512.2	4769	A	G	206	36	27	4	4	27	0.0179372	223	0.316872	FALSE	NA	NA	NA	NA	NA	NA
NC_045512.2	4769	A	C	206	36	27	5	5	25	0.0224215	223	0.204305	FALSE	NA	NA	NA	NA	NA	NA
NC_045512.2	4770	T	G	211	41	27	1	1	27	0.0045045	222	0.867928	FALSE	NA	NA	NA	NA	NA	NA
NC_045512.2	4770	T	C	211	41	27	8	8	25	0.036036	222	0.0511352	FALSE	NA	NA	NA	NA	NA	NA
NC_045512.2	4770	T	A	211	41	27	2	2	28	0.00900901	222	0.674385	FALSE	NA	NA	NA	NA	NA	NA
NC_045512.2	4771	T	G	201	39	24	3	3	24	0.0136986	219	0.468772	FALSE	NA	NA	NA	NA	NA	NA
NC_045512.2	4771	T	C	201	39	24	9	8	26	0.0410959	219	0.0268907	FALSE	NA	NA	NA	NA	NA	NA
NC_045512.2	4771	T	A	201	39	24	6	6	27	0.0273973	219	0.125917	FALSE	NA	NA	NA	NA	NA	NA
NC_045512.2	4772	G	T	199	31	27	9	9	26	0.0401786	224	0.0237093	FALSE	NA	NA	NA	NA	NA	NA
NC_045512.2	4772	G	C	199	31	27	11	11	25	0.0491071	224	0.00766373	TRUE	NA	NA	NA	NA	NA	NA
NC_045512.2	4772	G	A	199	31	27	5	5	27	0.0223214	224	0.189709	FALSE	NA	NA	NA	NA	NA	NA
NC_045512.2	4773	A	T	200	32	27	11	11	26	0.0495495	222	0.0082033	TRUE	NA	NA	NA	NA	NA	NA
NC_045512.2	4773	A	G	200	32	27	1	1	27	0.0045045	222	0.857303	FALSE	NA	NA	NA	NA	NA	NA
NC_045512.2	4773	A	C	200	32	27	10	10	27	0.045045	222	0.0144033	FALSE	NA	NA	NA	NA	NA	NA
NC_045512.2	4774	A	T	193	32	29	15	14	26	0.0672646	223	0.000613861	TRUE	NA	NA	NA	NA	NA	NA
NC_045512.2	4774	A	G	193	32	29	6	4	27	0.0269058	223	0.109345	FALSE	NA	NA	NA	NA	NA	NA
NC_045512.2	4774	A	C	193	32	29	9	9	26	0.0403587	223	0.0214538	FALSE	NA	NA	NA	NA	NA	NA
NC_045512.2	4775	A	T	181	38	23	10	10	25	0.0502513	199	0.00448249	TRUE	NA	NA	NA	NA	NA	NA
NC_045512.2	4775	A	G	181	38	23	4	4	27	0.0201005	199	0.165371	FALSE	NA	NA	NA	NA	NA	NA
NC_045512.2	4775	A	C	181	38	23	4	4	27	0.0201005	199	0.165371	FALSE	NA	NA	NA	NA	NA	NA
NC_045512.2	4776	C	T	192	30	26	9	8	26	0.0412844	218	0.0230199	FALSE	NA	NA	NA	NA	NA	NA
NC_045512.2	4776	C	G	192	30	26	5	5	26	0.0229358	218	0.186811	FALSE	NA	NA	NA	NA	NA	NA
NC_045512.2	4776	C	A	192	30	26	12	12	26	0.0550459	218	0.00413214	TRUE	NA	NA	NA	NA	NA	NA
NC_045512.2	4777	C	T	189	36	23	7	6	26	0.0331754	211	0.0717568	FALSE	NA	NA	NA	NA	NA	NA
NC_045512.2	4777	C	G	189	36	23	3	3	26	0.014218	211	0.457868	FALSE	NA	NA	NA	NA	NA	NA
NC_045512.2	4777	C	A	189	36	23	12	12	27	0.056872	211	0.00454724	TRUE	NA	NA	NA	NA	NA	NA
NC_045512.2	4778	A	T	199	36	27	9	9	26	0.040724	221	0.0249993	FALSE	NA	NA	NA	NA	NA	NA
NC_045512.2	4778	A	G	199	36	27	6	6	27	0.0271493	221	0.120323	FALSE	NA	NA	NA	NA	NA	NA
NC_045512.2	4778	A	C	199	36	27	7	7	26	0.0316742	221	0.072548	FALSE	NA	NA	NA	NA	NA	NA
NC_045512.2	4779	T	G	204	41	27	4	4	26	0.0180995	221	0.316624	FALSE	NA	NA	NA	NA	NA	NA
NC_045512.2	4779	T	C	204	41	27	6	6	26	0.0271493	221	0.127535	FALSE	NA	NA	NA	NA	NA	NA
NC_045512.2	4779	T	A	204	41	27	7	7	24	0.0316742	221	0.0777933	FALSE	NA	NA	NA	NA	NA	NA
NC_045512.2	4780	C	T	201	38	27	8	8	24	0.0358744	223	0.0430148	FALSE	NA	NA	NA	NA	NA	NA
NC_045512.2	4780	C	G	201	38	27	4	4	25	0.0179372	223	0.305935	FALSE	NA	NA	NA	NA	NA	NA
NC_045512.2	4780	C	A	201	38	27	10	10	27	0.044843	223	0.0144235	FALSE	NA	NA	NA	NA	NA	NA
NC_045512.2	4781	T	G	203	41	27	1	1	27	0.00454545	220	0.862144	FALSE	NA	NA	NA	NA	NA	NA
NC_045512.2	4781	T	C	203	41	27	8	8	26	0.0363636	220	0.0465207	FALSE	NA	NA	NA	NA	NA	NA
NC_045512.2	4781	T	A	203	41	27	8	8	27	0.0363636	220	0.0465207	FALSE	NA	NA	NA	NA	NA	NA
NC_045512.2	4782	C	T	197	35	27	9	9	25	0.040724	221	0.0240593	FALSE	NA	NA	NA	NA	NA	NA
NC_045512.2	4782	C	G	197	35	27	5	5	26	0.0226244	221	0.191063	FALSE	NA	NA	NA	NA	NA	NA
NC_045512.2	4782	C	A	197	35	27	10	10	26	0.0452489	221	0.013776	FALSE	NA	NA	NA	NA	NA	NA
NC_045512.2	4783	A	T	193	31	27	20	20	26	0.0913242	219	3.3207e-05	TRUE	NA	NA	NA	NA	NA	NA
NC_045512.2	4783	A	G	193	31	27	3	3	27	0.0136986	219	0.450033	FALSE	NA	NA	NA	NA	NA	NA
NC_045512.2	4783	A	C	193	31	27	3	3	26	0.0136986	219	0.450033	FALSE	NA	NA	NA	NA	NA	NA
NC_045512.2	4784	C	T	197	39	27	13	13	27	0.0604651	215	0.0028808	TRUE	NA	NA	NA	NA	NA	NA
NC_045512.2	4784	C	G	197	39	27	3	3	28	0.0139535	215	0.468167	FALSE	NA	NA	NA	NA	NA	NA
NC_045512.2	4784	C	A	197	39	27	2	2	26	0.00930233	215	0.66062	FALSE	NA	NA	NA	NA	NA	NA
NC_045512.2	4785	T	G	205	47	27	2	2	24	0.00917431	218	0.670452	FALSE	NA	NA	NA	NA	NA	NA
NC_045512.2	4785	T	C	205	47	27	3	3	24	0.0137615	218	0.480059	FALSE	NA	NA	NA	NA	NA	NA
NC_045512.2	4785	T	A	205	47	27	8	8	27	0.0366972	218	0.0495059	FALSE	NA	NA	NA	NA	NA	NA
NC_045512.2	4786	T	G	184	44	24	3	3	27	0.0149254	201	0.468367	FALSE	NA	NA	NA	NA	NA	NA
NC_045512.2	4786	T	C	184	44	24	10	9	26	0.0497512	201	0.0156588	FALSE	NA	NA	NA	NA	NA	NA
NC_045512.2	4786	T	A	184	44	24	4	4	26	0.0199005	201	0.313858	FALSE	NA	NA	NA	NA	NA	NA
NC_045512.2	4787	G	T	189	32	27	10	10	24	0.0460829	217	0.0125029	FALSE	NA	NA	NA	NA	NA	NA
NC_045512.2	4787	G	C	189	32	27	6	6	27	0.0276498	217	0.11124	FALSE	NA	NA	NA	NA	NA	NA
NC_045512.2	4787	G	A	189	32	27	12	12	26	0.0552995	217	0.00390017	TRUE	NA	NA	NA	NA	NA	NA
NC_045512.2	4788	C	T	192	35	27	14	14	25	0.0645161	217	0.00130459	TRUE	NA	NA	NA	NA	NA	NA
NC_045512.2	4788	C	G	192	35	27	8	8	25	0.0368664	217	0.040561	FALSE	NA	NA	NA	NA	NA	NA
NC_045512.2	4788	C	A	192	35	27	3	3	25	0.0138249	217	0.451948	FALSE	NA	NA	NA	NA	NA	NA
NC_045512.2	4789	T	G	196	41	27	3	3	27	0.0138889	216	0.463628	FALSE	NA	NA	NA	NA	NA	NA
NC_045512.2	4789	T	C	196	41	27	7	6	24	0.0324074	216	0.0742859	FALSE	NA	NA	NA	NA	NA	NA
NC_045512.2	4789	T	A	196	41	27	10	10	25	0.0462963	216	0.0149138	FALSE	NA	NA	NA	NA	NA	NA
NC_045512.2	4790	G	T	199	36	27	5	5	25	0.0222222	225	0.188051	FALSE	NA	NA	NA	NA	NA	NA
NC_045512.2	4790	G	C	199	36	27	10	10	26	0.0444444	225	0.0132825	FALSE	NA	NA	NA	NA	NA	NA
NC_045512.2	4790	G	A	199	36	27	11	11	25	0.0488889	225	0.00749622	TRUE	NA	NA	NA	NA	NA	NA
NC_045512.2	4791	G	T	184	32	24	6	6	26	0.0280374	214	0.107913	FALSE	NA	NA	NA	NA	NA	NA
NC_045512.2	4791	G	C	184	32	24	9	9	25	0.0420561	214	0.0210345	FALSE	NA	NA	NA	NA	NA	NA
NC_045512.2	4791	G	A	184	32	24	15	15	25	0.0700935	214	0.000595741	TRUE	NA	NA	NA	NA	NA	NA
NC_045512.2	4792	T	G	194	33	27	8	8	26	0.0361991	221	0.0394215	FALSE	NA	NA	NA	NA	NA	NA
NC_045512.2	4792	T	C	194	33	27	5	5	24	0.0226244	221	0.185499	FALSE	NA	NA	NA	NA	NA	NA
NC_045512.2	4792	T	A	194	33	27	14	14	26	0.0633484	221	0.00123548	TRUE	NA	NA	NA	NA	NA	NA
NC_045512.2	4793	T	G	195	39	24	3	3	26	0.0138249	217	0.459092	FALSE	NA	NA	NA	NA	NA	NA
NC_045512.2	4793	T	C	195	39	24	8	8	24	0.0368664	217	0.0427085	FALSE	NA	NA	NA	NA	NA	NA
NC_045512.2	4793	T	A	195	39	24	11	11	26	0.0506912	217	0.00814003	TRUE	NA	NA	NA	NA	NA	NA
NC_045512.2	4794	C	T	201	40	27	7	7	27	0.0316742	221	0.0746284	FALSE	NA	NA	NA	NA	NA	NA
NC_045512.2	4794	C	G	201	40	27	6	6	27	0.0271493	221	0.123194	FALSE	NA	NA	NA	NA	NA	NA
NC_045512.2	4794	C	A	201	40	27	7	7	26	0.0316742	221	0.0746284	FALSE	NA	NA	NA	NA	NA	NA
NC_045512.2	4795	C	T	189	36	24	12	11	26	0.0555556	216	0.00400078	TRUE	NA	NA	NA	NA	NA	NA
NC_045512.2	4795	C	G	189	36	24	5	5	26	0.0231481	216	0.184547	FALSE	NA	NA	NA	NA	NA	NA
NC_045512.2	4795	C	A	189	36	24	10	10	27	0.0462963	216	0.0127653	FALSE	NA	NA	NA	NA	NA	NA
NC_045512.2	4796	T	G	202	42	28	4	4	27	0.0179372	223	0.308131	FALSE	NA	NA	NA	NA	NA	NA
NC_045512.2	4796	T	C	202	42	28	8	7	25	0.0358744	223	0.0437258	FALSE	NA	NA	NA	NA	NA	NA
NC_045512.2	4796	T	A	202	42	28	9	9	26	0.0403587	223	0.0255381	FALSE	NA	NA	NA	NA	NA	NA
NC_045512.2	4797	A	T	196	36	28	19	19	26	0.0848214	224	5.70477e-05	TRUE	NA	NA	NA	NA	NA	NA
NC_045512.2	4797	A	G	196	36	28	5	4	24	0.0223214	224	0.184223	FALSE	NA	NA	NA	NA	NA	NA
NC_045512.2	4797	A	C	196	36	28	4	4	27	0.0178571	224	0.29292	FALSE	NA	NA	NA	NA	NA	NA
NC_045512.2	4798	T	G	202	41	27	8	8	27	0.0358744	223	0.0437258	FALSE	NA	NA	NA	NA	NA	NA
NC_045512.2	4798	T	C	202	41	27	9	9	27	0.0403587	223	0.0255381	FALSE	NA	NA	NA	NA	NA	NA
NC_045512.2	4798	T	A	202	41	27	4	4	26	0.0179372	223	0.308131	FALSE	NA	NA	NA	NA	NA	NA
NC_045512.2	4799	A	T	194	34	27	17	17	25	0.0776256	219	0.000216328	TRUE	NA	NA	NA	NA	NA	NA
NC_045512.2	4799	A	G	194	34	27	2	2	25	0.00913242	219	0.647429	FALSE	NA	NA	NA	NA	NA	NA
NC_045512.2	4799	A	C	194	34	27	6	6	27	0.0273973	219	0.115798	FALSE	NA	NA	NA	NA	NA	NA
NC_045512.2	4800	A	T	198	41	28	12	12	28	0.0542986	221	0.00450558	TRUE	NA	NA	NA	NA	NA	NA
NC_045512.2	4800	A	G	198	41	28	5	4	25	0.0226244	221	0.192922	FALSE	NA	NA	NA	NA	NA	NA
NC_045512.2	4800	A	C	198	41	28	6	6	26	0.0271493	221	0.118894	FALSE	NA	NA	NA	NA	NA	NA
NC_045512.2	4801	A	T	173	44	23	8	8	24	0.042328	189	0.0159749	FALSE	NA	NA	NA	NA	NA	NA
NC_045512.2	4801	A	G	173	44	23	5	5	25	0.026455	189	0.0952298	FALSE	NA	NA	NA	NA	NA	NA
NC_045512.2	4801	A	C	173	44	23	3	3	28	0.015873	189	0.28709	FALSE	NA	NA	NA	NA	NA	NA
NC_045512.2	4802	G	T	193	35	26	14	14	26	0.0630631	222	0.00116154	TRUE	NA	NA	NA	NA	NA	NA
NC_045512.2	4802	G	C	193	35	26	8	8	27	0.036036	222	0.0381356	FALSE	NA	NA	NA	NA	NA	NA
NC_045512.2	4802	G	A	193	35	26	7	7	25	0.0315315	222	0.0655644	FALSE	NA	NA	NA	NA	NA	NA
NC_045512.2	4803	A	T	195	37	26	15	15	25	0.0675676	222	0.000679036	TRUE	NA	NA	NA	NA	NA	NA
NC_045512.2	4803	A	G	195	37	26	6	6	26	0.027027	222	0.113368	FALSE	NA	NA	NA	NA	NA	NA
NC_045512.2	4803	A	C	195	37	26	6	6	24	0.027027	222	0.113368	FALSE	NA	NA	NA	NA	NA	NA
NC_045512.2	4804	T	G	199	43	26	7	7	27	0.0316742	221	0.072548	FALSE	NA	NA	NA	NA	NA	NA
NC_045512.2	4804	T	C	199	43	26	7	7	27	0.0316742	221	0.072548	FALSE	NA	NA	NA	NA	NA	NA
NC_045512.2	4804	T	A	199	43	26	8	8	25	0.0361991	221	0.0429144	FALSE	NA	NA	NA	NA	NA	NA
NC_045512.2	4805	T	G	205	42	24	4	4	28	0.0169492	236	0.289291	FALSE	NA	NA	NA	NA	NA	NA
NC_045512.2	4805	T	C	205	42	24	14	13	26	0.059322	236	0.00113517	TRUE	NA	NA	NA	NA	NA	NA
NC_045512.2	4805	T	A	205	42	24	13	13	25	0.0550847	236	0.00207606	TRUE	NA	NA	NA	NA	NA	NA
NC_045512.2	4806	G	T	210	38	27	8	8	25	0.033195	241	0.0381024	FALSE	NA	NA	NA	NA	NA	NA
NC_045512.2	4806	G	C	210	38	27	8	8	28	0.033195	241	0.0381024	FALSE	NA	NA	NA	NA	NA	NA
NC_045512.2	4806	G	A	210	38	27	15	15	26	0.0622407	241	0.00062664	TRUE	NA	NA	NA	NA	NA	NA
NC_045512.2	4807	G	T	208	42	24	13	13	27	0.0543933	239	0.00209255	TRUE	NA	NA	NA	NA	NA	NA
NC_045512.2	4807	G	C	208	42	24	13	13	25	0.0543933	239	0.00209255	TRUE	NA	NA	NA	NA	NA	NA
NC_045512.2	4807	G	A	208	42	24	5	5	28	0.0209205	239	0.181753	FALSE	NA	NA	NA	NA	NA	NA
NC_045512.2	4808	T	G	219	47	27	13	13	25	0.0530612	245	0.00242685	TRUE	NA	NA	NA	NA	NA	NA
NC_045512.2	4808	T	C	219	47	27	9	9	26	0.0367347	245	0.0240039	FALSE	NA	NA	NA	NA	NA	NA
NC_045512.2	4808	T	A	219	47	27	4	4	26	0.0163265	245	0.301416	FALSE	NA	NA	NA	NA	NA	NA
NC_045512.2	4809	C	T	209	37	27	20	20	26	0.0823045	243	2.51622e-05	TRUE	NA	NA	NA	NA	NA	NA
NC_045512.2	4809	C	G	209	37	27	7	7	26	0.0288066	243	0.0630619	FALSE	NA	NA	NA	NA	NA	NA
NC_045512.2	4809	C	A	209	37	27	7	7	24	0.0288066	243	0.0630619	FALSE	NA	NA	NA	NA	NA	NA
NC_045512.2	4810	C	T	201	40	24	15	15	25	0.0646552	232	0.000610157	TRUE	NA	NA	NA	NA	NA	NA
NC_045512.2	4810	C	G	201	40	24	4	4	26	0.0172414	232	0.288322	FALSE	NA	NA	NA	NA	NA	NA
NC_045512.2	4810	C	A	201	40	24	12	12	26	0.0517241	232	0.00373593	TRUE	NA	NA	NA	NA	NA	NA
NC_045512.2	4811	T	G	219	50	27	2	2	25	0.00826446	242	0.65509	FALSE	NA	NA	NA	NA	NA	NA
NC_045512.2	4811	T	C	219	50	27	11	11	26	0.0454545	242	0.00825292	TRUE	NA	NA	NA	NA	NA	NA
NC_045512.2	4811	T	A	219	50	27	10	10	26	0.0413223	242	0.0144942	FALSE	NA	NA	NA	NA	NA	NA
NC_045512.2	4812	A	T	209	40	26	20	20	26	0.0833333	240	2.83661e-05	TRUE	NA	NA	NA	NA	NA	NA
NC_045512.2	4812	A	G	209	40	26	1	1	28	0.00416667	240	0.850069	FALSE	NA	NA	NA	NA	NA	NA
NC_045512.2	4812	A	C	209	40	26	10	10	25	0.0416667	240	0.0122964	FALSE	NA	NA	NA	NA	NA	NA
NC_045512.2	4813	T	G	211	44	26	8	8	25	0.0334728	239	0.039857	FALSE	NA	NA	NA	NA	NA	NA
NC_045512.2	4813	T	C	211	44	26	13	12	27	0.0543933	239	0.00227305	TRUE	NA	NA	NA	NA	NA	NA
NC_045512.2	4813	T	A	211	44	26	7	7	27	0.0292887	239	0.0681305	FALSE	NA	NA	NA	NA	NA	NA
NC_045512.2	4814	T	G	181	52	23	4	4	27	0.019802	202	0.304323	FALSE	NA	NA	NA	NA	NA	NA
NC_045512.2	4814	T	C	181	52	23	8	8	27	0.039604	202	0.0426431	FALSE	NA	NA	NA	NA	NA	NA
NC_045512.2	4814	T	A	181	52	23	9	9	26	0.0445545	202	0.0248407	FALSE	NA	NA	NA	NA	NA	NA
NC_045512.2	4815	C	T	207	39	26	19	19	26	0.0788382	241	4.68773e-05	TRUE	NA	NA	NA	NA	NA	NA
NC_045512.2	4815	C	G	207	39	26	4	4	25	0.0165975	241	0.284278	FALSE	NA	NA	NA	NA	NA	NA
NC_045512.2	4815	C	A	207	39	26	11	11	27	0.0456432	241	0.00642552	TRUE	NA	NA	NA	NA	NA	NA
NC_045512.2	4816	T	G	221	53	27	7	7	26	0.0291667	240	0.0767745	FALSE	NA	NA	NA	NA	NA	NA
NC_045512.2	4816	T	C	221	53	27	8	8	27	0.0333333	240	0.0458168	FALSE	NA	NA	NA	NA	NA	NA
NC_045512.2	4816	T	A	221	53	27	4	4	24	0.0166667	240	0.314772	FALSE	NA	NA	NA	NA	NA	NA
NC_045512.2	4817	G	T	204	38	27	18	18	26	0.075	240	8.07559e-05	TRUE	NA	NA	NA	NA	NA	NA
NC_045512.2	4817	G	C	204	38	27	6	6	27	0.025	240	0.104119	FALSE	NA	NA	NA	NA	NA	NA
NC_045512.2	4817	G	A	204	38	27	12	11	25	0.05	240	0.00334785	TRUE	NA	NA	NA	NA	NA	NA
NC_045512.2	4818	G	T	199	43	24	18	18	25	0.0786026	229	9.88836e-05	TRUE	NA	NA	NA	NA	NA	NA
NC_045512.2	4818	G	C	199	43	24	4	4	27	0.0174672	229	0.28974	FALSE	NA	NA	NA	NA	NA	NA
NC_045512.2	4818	G	A	199	43	24	8	8	27	0.0349345	229	0.0379524	FALSE	NA	NA	NA	NA	NA	NA
NC_045512.2	4819	A	T	216	49	27	12	12	26	0.0497925	241	0.00443333	TRUE	NA	NA	NA	NA	NA	NA
NC_045512.2	4819	A	G	216	49	27	6	6	27	0.0248963	241	0.118372	FALSE	NA	NA	NA	NA	NA	NA
NC_045512.2	4819	A	C	216	49	27	7	7	27	0.0290456	241	0.0710979	FALSE	NA	NA	NA	NA	NA	NA
NC_045512.2	4820	C	T	214	47	26	14	14	25	0.0583333	240	0.00133021	TRUE	NA	NA	NA	NA	NA	NA
NC_045512.2	4820	C	G	214	47	26	5	5	27	0.0208333	240	0.190464	FALSE	NA	NA	NA	NA	NA	NA
NC_045512.2	4820	C	A	214	47	26	7	7	28	0.0291667	240	0.0700822	FALSE	NA	NA	NA	NA	NA	NA
NC_045512.2	4821	A	T	210	43	26	17	17	26	0.0723404	235	0.000224672	TRUE	NA	NA	NA	NA	NA	NA
NC_045512.2	4821	A	G	210	43	26	2	2	24	0.00851064	235	0.650377	FALSE	NA	NA	NA	NA	NA	NA
NC_045512.2	4821	A	C	210	43	26	6	6	27	0.0255319	235	0.117716	FALSE	NA	NA	NA	NA	NA	NA
NC_045512.2	4822	A	T	195	41	24	15	15	25	0.0660793	227	0.000580153	TRUE	NA	NA	NA	NA	NA	NA
NC_045512.2	4822	A	G	195	41	24	6	6	27	0.0264317	227	0.107244	FALSE	NA	NA	NA	NA	NA	NA
NC_045512.2	4822	A	C	195	41	24	11	11	26	0.0484581	227	0.00650194	TRUE	NA	NA	NA	NA	NA	NA
NC_045512.2	4823	T	G	216	49	27	8	8	26	0.0333333	240	0.0424871	FALSE	NA	NA	NA	NA	NA	NA
NC_045512.2	4823	T	C	216	49	27	11	11	26	0.0458333	240	0.00805205	TRUE	NA	NA	NA	NA	NA	NA
NC_045512.2	4823	T	A	216	49	27	5	5	27	0.0208333	240	0.193884	FALSE	NA	NA	NA	NA	NA	NA
NC_045512.2	4824	C	T	206	40	27	11	11	26	0.0464135	237	0.00682878	TRUE	NA	NA	NA	NA	NA	NA
NC_045512.2	4824	C	G	206	40	27	8	8	25	0.0337553	237	0.0378459	FALSE	NA	NA	NA	NA	NA	NA
NC_045512.2	4824	C	A	206	40	27	12	12	26	0.0506329	237	0.00378371	TRUE	NA	NA	NA	NA	NA	NA
NC_045512.2	4825	T	G	213	49	27	7	7	28	0.0292887	239	0.0700029	FALSE	NA	NA	NA	NA	NA	NA
NC_045512.2	4825	T	C	213	49	27	10	10	26	0.041841	239	0.0135998	FALSE	NA	NA	NA	NA	NA	NA
NC_045512.2	4825	T	A	213	49	27	9	9	26	0.0376569	239	0.0238027	FALSE	NA	NA	NA	NA	NA	NA
NC_045512.2	4826	A	T	211	47	27	13	13	25	0.0546218	238	0.00233082	TRUE	NA	NA	NA	NA	NA	NA
NC_045512.2	4826	A	G	211	47	27	3	3	22	0.012605	238	0.45206	FALSE	NA	NA	NA	NA	NA	NA
NC_045512.2	4826	A	C	211	47	27	11	11	26	0.0462185	238	0.00750528	TRUE	NA	NA	NA	NA	NA	NA
NC_045512.2	4827	C	T	208	46	27	15	15	26	0.0635593	236	0.000681008	TRUE	NA	NA	NA	NA	NA	NA
NC_045512.2	4827	C	G	208	46	27	7	7	26	0.029661	236	0.0678679	FALSE	NA	NA	NA	NA	NA	NA
NC_045512.2	4827	C	A	208	46	27	6	6	26	0.0254237	236	0.113854	FALSE	NA	NA	NA	NA	NA	NA
NC_045512.2	4828	A	T	201	45	27	11	11	26	0.0478261	230	0.00704836	TRUE	NA	NA	NA	NA	NA	NA
NC_045512.2	4828	A	G	201	45	27	6	6	26	0.026087	230	0.111726	FALSE	NA	NA	NA	NA	NA	NA
NC_045512.2	4828	A	C	201	45	27	12	12	26	0.0521739	230	0.00391916	TRUE	NA	NA	NA	NA	NA	NA
NC_045512.2	4829	C	T	201	45	27	15	15	25	0.0652174	230	0.000648634	TRUE	NA	NA	NA	NA	NA	NA
NC_045512.2	4829	C	G	201	45	27	2	2	23	0.00869565	230	0.641816	FALSE	NA	NA	NA	NA	NA	NA
NC_045512.2	4829	C	A	201	45	27	12	12	27	0.0521739	230	0.00391916	TRUE	NA	NA	NA	NA	NA	NA
NC_045512.2	4830	A	T	197	41	26	21	21	26	0.0913043	230	1.32842e-05	TRUE	NA	NA	NA	NA	NA	NA
NC_045512.2	4830	A	G	197	41	26	5	5	26	0.0217391	230	0.17646	FALSE	NA	NA	NA	NA	NA	NA
NC_045512.2	4830	A	C	197	41	26	7	7	25	0.0304348	230	0.0625838	FALSE	NA	NA	NA	NA	NA	NA
NC_045512.2	4831	A	T	182	42	24	12	12	26	0.056338	213	0.00353837	TRUE	NA	NA	NA	NA	NA	NA
NC_045512.2	4831	A	G	182	42	24	10	10	25	0.0469484	213	0.0115388	FALSE	NA	NA	NA	NA	NA	NA
NC_045512.2	4831	A	C	182	42	24	9	9	27	0.0422535	213	0.0205432	FALSE	NA	NA	NA	NA	NA	NA
NC_045512.2	4832	C	T	199	43	27	18	18	26	0.0786026	229	9.88836e-05	TRUE	NA	NA	NA	NA	NA	NA
NC_045512.2	4832	C	G	199	43	27	4	4	27	0.0174672	229	0.28974	FALSE	NA	NA	NA	NA	NA	NA
NC_045512.2	4832	C	A	199	43	27	8	8	25	0.0349345	229	0.0379524	FALSE	NA	NA	NA	NA	NA	NA
NC_045512.2	4833	T	G	207	52	27	6	6	26	0.0262009	229	0.121157	FALSE	NA	NA	NA	NA	NA	NA
NC_045512.2	4833	T	C	207	52	27	10	10	27	0.0436681	229	0.0145412	FALSE	NA	NA	NA	NA	NA	NA
NC_045512.2	4833	T	A	207	52	27	6	6	26	0.0262009	229	0.121157	FALSE	NA	NA	NA	NA	NA	NA
NC_045512.2	4834	A	T	201	46	27	14	14	26	0.061674	227	0.00129363	TRUE	NA	NA	NA	NA	NA	NA
NC_045512.2	4834	A	G	201	46	27	10	10	25	0.0440529	227	0.01333	FALSE	NA	NA	NA	NA	NA	NA
NC_045512.2	4834	A	C	201	46	27	2	2	27	0.00881057	227	0.647028	FALSE	NA	NA	NA	NA	NA	NA
NC_045512.2	4835	G	T	198	43	27	9	9	26	0.04	225	0.0228499	FALSE	NA	NA	NA	NA	NA	NA
NC_045512.2	4835	G	C	198	43	27	7	7	26	0.0311111	225	0.067833	FALSE	NA	NA	NA	NA	NA	NA
NC_045512.2	4835	G	A	198	43	27	11	11	25	0.0488889	225	0.00731755	TRUE	NA	NA	NA	NA	NA	NA
NC_045512.2	4836	G	T	192	40	24	14	14	25	0.0622222	225	0.00102909	TRUE	NA	NA	NA	NA	NA	NA
NC_045512.2	4836	G	C	192	40	24	5	5	26	0.0222222	225	0.17535	FALSE	NA	NA	NA	NA	NA	NA
NC_045512.2	4836	G	A	192	40	24	14	14	25	0.0622222	225	0.00102909	TRUE	NA	NA	NA	NA	NA	NA
NC_045512.2	4837	T	G	198	44	28	5	5	24	0.0220264	227	0.182982	FALSE	NA	NA	NA	NA	NA	NA
NC_045512.2	4837	T	C	198	44	28	10	10	26	0.0440529	227	0.0124909	FALSE	NA	NA	NA	NA	NA	NA
NC_045512.2	4837	T	A	198	44	28	14	14	26	0.061674	227	0.00117803	TRUE	NA	NA	NA	NA	NA	NA
NC_045512.2	4838	A	T	201	48	27	7	7	25	0.0305677	229	0.0672299	FALSE	NA	NA	NA	NA	NA	NA
NC_045512.2	4838	A	G	201	48	27	8	8	28	0.0349345	229	0.0392569	FALSE	NA	NA	NA	NA	NA	NA
NC_045512.2	4838	A	C	201	48	27	13	13	26	0.0567686	229	0.00222133	TRUE	NA	NA	NA	NA	NA	NA
NC_045512.2	4839	T	G	198	45	27	6	6	26	0.0262009	229	0.108896	FALSE	NA	NA	NA	NA	NA	NA
NC_045512.2	4839	T	C	198	45	27	5	5	27	0.0218341	229	0.179798	FALSE	NA	NA	NA	NA	NA	NA
NC_045512.2	4839	T	A	198	45	27	20	20	27	0.0873362	229	2.72651e-05	TRUE	NA	NA	NA	NA	NA	NA
NC_045512.2	4840	A	T	199	46	27	16	16	26	0.0701754	228	0.0003507	TRUE	NA	NA	NA	NA	NA	NA
NC_045512.2	4840	A	G	199	46	27	3	3	26	0.0131579	228	0.445235	FALSE	NA	NA	NA	NA	NA	NA
NC_045512.2	4840	A	C	199	46	27	10	10	25	0.0438596	228	0.012517	FALSE	NA	NA	NA	NA	NA	NA
NC_045512.2	4840	A	+T	199	46	27	1	0	20	0.00438596	228	0.850689	FALSE	NA	NA	NA	NA	NA	NA
NC_045512.2	4841	G	T	190	38	27	16	16	27	0.0701754	228	0.00025042	TRUE	NA	NA	NA	NA	NA	NA
NC_045512.2	4841	G	C	190	38	27	12	12	26	0.0526316	228	0.00304227	TRUE	NA	NA	NA	NA	NA	NA
NC_045512.2	4841	G	A	190	38	27	10	9	26	0.0438596	228	0.0102102	FALSE	NA	NA	NA	NA	NA	NA
NC_045512.2	4842	A	T	191	38	27	19	19	26	0.0837004	227	4.03862e-05	TRUE	NA	NA	NA	NA	NA	NA
NC_045512.2	4842	A	G	191	38	27	7	7	26	0.030837	227	0.0594474	FALSE	NA	NA	NA	NA	NA	NA
NC_045512.2	4842	A	C	191	38	27	10	10	27	0.0440529	227	0.0106656	FALSE	NA	NA	NA	NA	NA	NA
NC_045512.2	4843	A	T	189	50	24	14	14	27	0.0651163	215	0.00125668	TRUE	NA	NA	NA	NA	NA	NA
NC_045512.2	4843	A	G	189	50	24	5	5	27	0.0232558	215	0.186255	FALSE	NA	NA	NA	NA	NA	NA
NC_045512.2	4843	A	C	189	50	24	7	7	26	0.0325581	215	0.067892	FALSE	NA	NA	NA	NA	NA	NA
NC_045512.2	4844	T	G	193	45	26	1	1	24	0.00454545	220	0.85186	FALSE	NA	NA	NA	NA	NA	NA
NC_045512.2	4844	T	C	193	45	26	9	9	26	0.0409091	220	0.0226467	FALSE	NA	NA	NA	NA	NA	NA
NC_045512.2	4844	T	A	193	45	26	17	17	25	0.0772727	220	0.000200541	TRUE	NA	NA	NA	NA	NA	NA
NC_045512.2	4845	T	G	198	51	28	4	4	26	0.018018	222	0.301337	FALSE	NA	NA	NA	NA	NA	NA
NC_045512.2	4845	T	C	198	51	28	10	10	25	0.045045	222	0.0137985	FALSE	NA	NA	NA	NA	NA	NA
NC_045512.2	4845	T	A	198	51	28	10	10	26	0.045045	222	0.0137985	FALSE	NA	NA	NA	NA	NA	NA
NC_045512.2	4846	T	G	165	43	23	8	8	27	0.0406091	197	0.0114244	FALSE	NA	NA	NA	NA	NA	NA
NC_045512.2	4846	T	C	165	43	23	12	10	27	0.0609137	197	0.000800199	TRUE	NA	NA	NA	NA	NA	NA
NC_045512.2	4846	T	A	165	43	23	12	12	24	0.0609137	197	0.000800199	TRUE	NA	NA	NA	NA	NA	NA
NC_045512.2	4847	C	T	193	46	27	10	10	27	0.0446429	224	0.0118659	FALSE	NA	NA	NA	NA	NA	NA
NC_045512.2	4847	C	G	193	46	27	7	7	25	0.03125	224	0.0638239	FALSE	NA	NA	NA	NA	NA	NA
NC_045512.2	4847	C	A	193	46	27	14	14	25	0.0625	224	0.00109509	TRUE	NA	NA	NA	NA	NA	NA
NC_045512.2	4848	T	G	185	39	26	8	8	25	0.0365297	219	0.0346256	FALSE	NA	NA	NA	NA	NA	NA
NC_045512.2	4848	T	C	185	39	26	5	4	26	0.0228311	219	0.172098	FALSE	NA	NA	NA	NA	NA	NA
NC_045512.2	4848	T	A	185	39	26	21	21	25	0.0958904	219	1.19966e-05	TRUE	NA	NA	NA	NA	NA	NA
NC_045512.2	4849	T	G	192	51	24	6	6	25	0.0275229	218	0.114237	FALSE	NA	NA	NA	NA	NA	NA
NC_045512.2	4849	T	C	192	51	24	5	5	27	0.0229358	218	0.186811	FALSE	NA	NA	NA	NA	NA	NA
NC_045512.2	4849	T	A	192	51	24	15	15	26	0.0688073	218	0.000695516	TRUE	NA	NA	NA	NA	NA	NA
NC_045512.2	4850	A	T	199	53	27	6	6	26	0.0271493	221	0.120323	FALSE	NA	NA	NA	NA	NA	NA
NC_045512.2	4850	A	G	199	53	27	5	5	26	0.0226244	221	0.194782	FALSE	NA	NA	NA	NA	NA	NA
NC_045512.2	4850	A	C	199	53	27	11	11	26	0.0497738	221	0.00819086	TRUE	NA	NA	NA	NA	NA	NA
NC_045512.2	4851	A	T	187	44	24	17	17	26	0.0776256	219	0.000163322	TRUE	NA	NA	NA	NA	NA	NA
NC_045512.2	4851	A	G	187	44	24	4	4	26	0.0182648	219	0.28265	FALSE	NA	NA	NA	NA	NA	NA
NC_045512.2	4851	A	C	187	44	24	11	11	28	0.0502283	219	0.00635907	TRUE	NA	NA	NA	NA	NA	NA
NC_045512.2	4852	G	T	184	38	27	8	8	28	0.036036	222	0.0323654	FALSE	NA	NA	NA	NA	NA	NA
NC_045512.2	4852	G	C	184	38	27	13	13	27	0.0585586	222	0.00160197	TRUE	NA	NA	NA	NA	NA	NA
NC_045512.2	4852	G	A	184	38	27	17	17	26	0.0765766	222	0.000128759	TRUE	NA	NA	NA	NA	NA	NA
NC_045512.2	4853	A	T	194	48	27	11	11	26	0.05	220	0.00742182	TRUE	NA	NA	NA	NA	NA	NA
NC_045512.2	4853	A	G	194	48	27	11	11	25	0.05	220	0.00742182	TRUE	NA	NA	NA	NA	NA	NA
NC_045512.2	4853	A	C	194	48	27	4	4	27	0.0181818	220	0.296461	FALSE	NA	NA	NA	NA	NA	NA
NC_045512.2	4854	G	T	184	40	27	15	15	27	0.0681818	220	0.000488768	TRUE	NA	NA	NA	NA	NA	NA
NC_045512.2	4854	G	C	184	40	27	8	8	26	0.0363636	220	0.033435	FALSE	NA	NA	NA	NA	NA	NA
NC_045512.2	4854	G	A	184	40	27	13	13	27	0.0590909	220	0.0016943	TRUE	NA	NA	NA	NA	NA	NA
NC_045512.2	4855	A	T	193	49	27	18	18	25	0.0821918	219	0.000113093	TRUE	NA	NA	NA	NA	NA	NA
NC_045512.2	4855	A	G	193	49	27	1	1	21	0.00456621	219	0.852821	FALSE	NA	NA	NA	NA	NA	NA
NC_045512.2	4855	A	C	193	49	27	7	7	27	0.0319635	219	0.0682743	FALSE	NA	NA	NA	NA	NA	NA
NC_045512.2	4856	G	T	181	36	26	19	19	26	0.0855856	222	3.09885e-05	TRUE	NA	NA	NA	NA	NA	NA
NC_045512.2	4856	G	C	181	36	26	14	14	27	0.0630631	222	0.000772179	TRUE	NA	NA	NA	NA	NA	NA
NC_045512.2	4856	G	A	181	36	26	8	8	27	0.036036	222	0.0305541	FALSE	NA	NA	NA	NA	NA	NA
NC_045512.2	4857	G	T	165	40	24	18	18	25	0.0895522	201	6.61436e-05	TRUE	NA	NA	NA	NA	NA	NA
NC_045512.2	4857	G	C	165	40	24	4	4	27	0.0199005	201	0.266998	FALSE	NA	NA	NA	NA	NA	NA
NC_045512.2	4857	G	A	165	40	24	14	14	27	0.0696517	201	0.000834438	TRUE	NA	NA	NA	NA	NA	NA
NC_045512.2	4858	T	G	188	44	26	6	6	27	0.0272727	220	0.1061	FALSE	NA	NA	NA	NA	NA	NA
NC_045512.2	4858	T	C	188	44	26	10	9	25	0.0454545	220	0.0114801	FALSE	NA	NA	NA	NA	NA	NA
NC_045512.2	4858	T	A	188	44	26	16	16	26	0.0727273	220	0.000305149	TRUE	NA	NA	NA	NA	NA	NA
NC_045512.2	4859	G	T	185	40	27	12	12	25	0.0545455	220	0.0032222	TRUE	NA	NA	NA	NA	NA	NA
NC_045512.2	4859	G	C	185	40	27	11	11	26	0.05	220	0.00589463	TRUE	NA	NA	NA	NA	NA	NA
NC_045512.2	4859	G	A	185	40	27	12	12	26	0.0545455	220	0.0032222	TRUE	NA	NA	NA	NA	NA	NA
NC_045512.2	4860	A	T	189	46	27	15	15	25	0.0684932	219	0.000605942	TRUE	NA	NA	NA	NA	NA	NA
NC_045512.2	4860	A	G	189	46	27	5	4	24	0.0228311	219	0.179527	FALSE	NA	NA	NA	NA	NA	NA
NC_045512.2	4860	A	C	189	46	27	10	10	26	0.0456621	219	0.0119955	FALSE	NA	NA	NA	NA	NA	NA
NC_045512.2	4861	T	G	193	49	26	8	8	25	0.0366972	218	0.0406217	FALSE	NA	NA	NA	NA	NA	NA
NC_045512.2	4861	T	C	193	49	26	5	5	26	0.0229358	218	0.188691	FALSE	NA	NA	NA	NA	NA	NA
NC_045512.2	4861	T	A	193	49	26	12	12	26	0.0550459	218	0.00424642	TRUE	NA	NA	NA	NA	NA	NA
NC_045512.2	4861	T	-A	193	49	26	2	0	20	0.00917431	218	0.64723	FALSE	NA	NA	NA	NA	NA	NA
NC_045512.2	4861	T	+A	193	49	26	1	0	20	0.00458716	218	0.853781	FALSE	NA	NA	NA	NA	NA	NA
NC_045512.2	4862	A	T	164	34	26	12	12	25	0.0634921	189	0.000990286	TRUE	NA	NA	NA	NA	NA	NA
NC_045512.2	4862	A	G	164	34	26	4	4	26	0.021164	189	0.152612	FALSE	NA	NA	NA	NA	NA	NA
NC_045512.2	4862	A	C	164	34	26	9	9	26	0.047619	189	0.00692709	TRUE	NA	NA	NA	NA	NA	NA
NC_045512.2	4863	A	T	177	47	27	14	14	26	0.0689655	203	0.00121625	TRUE	NA	NA	NA	NA	NA	NA
NC_045512.2	4863	A	G	177	47	27	3	3	27	0.0147783	203	0.445843	FALSE	NA	NA	NA	NA	NA	NA
NC_045512.2	4863	A	C	177	47	27	9	9	27	0.044335	203	0.0223722	FALSE	NA	NA	NA	NA	NA	NA
NC_045512.2	4864	A	T	173	43	27	16	16	27	0.0780488	205	0.000286764	TRUE	NA	NA	NA	NA	NA	NA
NC_045512.2	4864	A	G	173	43	27	7	7	24	0.0341463	205	0.0605415	FALSE	NA	NA	NA	NA	NA	NA
NC_045512.2	4864	A	C	173	43	27	9	9	25	0.0439024	205	0.0196797	FALSE	NA	NA	NA	NA	NA	NA
NC_045512.2	4865	A	T	102	43	23	14	14	26	0.103704	135	0.000122829	TRUE	NA	NA	NA	NA	NA	NA
NC_045512.2	4865	A	G	102	43	23	3	3	27	0.0222222	135	0.225551	FALSE	NA	NA	NA	NA	NA	NA
NC_045512.2	4865	A	C	102	43	23	16	16	26	0.118519	135	3.0212e-05	TRUE	NA	NA	NA	NA	NA	NA
NC_045512.2	4866	G	T	169	40	26	19	19	25	0.0926829	205	3.57716e-05	TRUE	NA	NA	NA	NA	NA	NA
NC_045512.2	4866	G	C	169	40	26	6	6	25	0.0292683	205	0.0975562	FALSE	NA	NA	NA	NA	NA	NA
NC_045512.2	4866	G	A	169	40	26	11	11	26	0.0536585	205	0.00542639	TRUE	NA	NA	NA	NA	NA	NA
NC_045512.2	4867	T	G	180	53	26	4	4	26	0.019802	202	0.30189	FALSE	NA	NA	NA	NA	NA	NA
NC_045512.2	4867	T	C	180	53	26	5	5	27	0.0247525	202	0.191777	FALSE	NA	NA	NA	NA	NA	NA
NC_045512.2	4867	T	A	180	53	26	13	13	25	0.0643564	202	0.00250279	TRUE	NA	NA	NA	NA	NA	NA
NC_045512.2	4868	G	T	166	42	26	9	9	25	0.045	200	0.0181285	FALSE	NA	NA	NA	NA	NA	NA
NC_045512.2	4868	G	C	166	42	26	11	11	26	0.055	200	0.00549914	TRUE	NA	NA	NA	NA	NA	NA
NC_045512.2	4868	G	A	166	42	26	14	14	26	0.07	200	0.000867288	TRUE	NA	NA	NA	NA	NA	NA
NC_045512.2	4869	T	G	170	47	26	8	8	26	0.0406091	197	0.0127879	FALSE	NA	NA	NA	NA	NA	NA
NC_045512.2	4869	T	C	170	47	26	4	4	27	0.0203046	197	0.150867	FALSE	NA	NA	NA	NA	NA	NA
NC_045512.2	4869	T	A	170	47	26	15	15	27	0.0761421	197	0.000131088	TRUE	NA	NA	NA	NA	NA	NA
NC_045512.2	4869	T	+A	170	47	26	1	0	20	0.00507614	197	0.71546	FALSE	NA	NA	NA	NA	NA	NA
NC_045512.2	4870	A	T	175	53	26	10	10	27	0.0505051	198	0.00392846	TRUE	NA	NA	NA	NA	NA	NA
NC_045512.2	4870	A	G	175	53	26	5	5	27	0.0252525	198	0.0878876	FALSE	NA	NA	NA	NA	NA	NA
NC_045512.2	4870	A	C	175	53	26	8	8	26	0.040404	198	0.0139709	FALSE	NA	NA	NA	NA	NA	NA
NC_045512.2	4871	T	G	163	43	26	5	5	25	0.025641	195	0.0774762	FALSE	NA	NA	NA	NA	NA	NA
NC_045512.2	4871	T	C	163	43	26	8	8	25	0.0410256	195	0.0113536	FALSE	NA	NA	NA	NA	NA	NA
NC_045512.2	4871	T	A	163	43	26	19	19	27	0.0974359	195	6.999e-06	TRUE	NA	NA	NA	NA	NA	NA
NC_045512.2	4872	A	T	169	49	27	10	10	26	0.0515464	194	0.00368495	TRUE	NA	NA	NA	NA	NA	NA
NC_045512.2	4872	A	G	169	49	27	12	12	26	0.0618557	194	0.00100554	TRUE	NA	NA	NA	NA	NA	NA
NC_045512.2	4872	A	C	169	49	27	3	3	27	0.0154639	194	0.269497	FALSE	NA	NA	NA	NA	NA	NA
NC_045512.2	4873	T	G	159	40	26	6	6	25	0.0315789	190	0.0415646	FALSE	NA	NA	NA	NA	NA	NA
NC_045512.2	4873	T	C	159	40	26	7	7	24	0.0368421	190	0.0219145	FALSE	NA	NA	NA	NA	NA	NA
NC_045512.2	4873	T	A	159	40	26	18	18	26	0.0947368	190	1.41057e-05	TRUE	NA	NA	NA	NA	NA	NA
NC_045512.2	4874	T	G	143	48	24	8	8	24	0.0470588	170	0.0118581	FALSE	NA	NA	NA	NA	NA	NA
NC_045512.2	4874	T	C	143	48	24	9	8	28	0.0529412	170	0.00618536	TRUE	NA	NA	NA	NA	NA	NA
NC_045512.2	4874	T	A	143	48	24	10	10	26	0.0588235	170	0.00320998	TRUE	NA	NA	NA	NA	NA	NA
NC_045512.2	4875	A	T	164	45	26	17	17	25	0.0880829	193	3.11004e-05	TRUE	NA	NA	NA	NA	NA	NA
NC_045512.2	4875	A	G	164	45	26	7	7	27	0.0362694	193	0.0230079	FALSE	NA	NA	NA	NA	NA	NA
NC_045512.2	4875	A	C	164	45	26	5	5	24	0.0259067	193	0.080511	FALSE	NA	NA	NA	NA	NA	NA
NC_045512.2	4876	C	T	159	41	26	13	13	25	0.0673575	193	0.000370578	TRUE	NA	NA	NA	NA	NA	NA
NC_045512.2	4876	C	G	159	41	26	14	14	24	0.0725389	193	0.000187489	TRUE	NA	NA	NA	NA	NA	NA
NC_045512.2	4876	C	A	159	41	26	7	7	25	0.0362694	193	0.0207681	FALSE	NA	NA	NA	NA	NA	NA
NC_045512.2	4877	A	T	75	24	26	7	7	26	0.0786517	89	0.00529197	TRUE	NA	NA	NA	NA	NA	NA
NC_045512.2	4877	A	G	75	24	26	4	4	26	0.0449438	89	0.0480699	FALSE	NA	NA	NA	NA	NA	NA
NC_045512.2	4877	A	C	75	24	26	3	3	27	0.0337079	89	0.101616	FALSE	NA	NA	NA	NA	NA	NA
NC_045512.2	4878	C	T	72	21	26	5	5	26	0.0568182	88	0.0212534	FALSE	NA	NA	NA	NA	NA	NA
NC_045512.2	4878	C	G	72	21	26	2	2	25	0.0227273	88	0.209705	FALSE	NA	NA	NA	NA	NA	NA
NC_045512.2	4878	C	A	72	21	26	9	9	27	0.102273	88	0.00110435	TRUE	NA	NA	NA	NA	NA	NA
NC_045512.2	4879	T	G	73	23	26	6	6	27	0.0697674	86	0.0112831	FALSE	NA	NA	NA	NA	NA	NA
NC_045512.2	4879	T	C	73	23	26	1	1	27	0.0116279	86	0.465409	FALSE	NA	NA	NA	NA	NA	NA
NC_045512.2	4879	T	A	73	23	26	6	6	24	0.0697674	86	0.0112831	FALSE	NA	NA	NA	NA	NA	NA
NC_045512.2	4880	A	T	74	23	26	4	4	27	0.045977	87	0.0491007	FALSE	NA	NA	NA	NA	NA	NA
NC_045512.2	4880	A	G	74	23	26	4	4	26	0.045977	87	0.0491007	FALSE	NA	NA	NA	NA	NA	NA
NC_045512.2	4880	A	C	74	23	26	5	5	24	0.0574713	87	0.0235088	FALSE	NA	NA	NA	NA	NA	NA
NC_045512.2	4881	G	T	67	19	26	5	5	26	0.060241	83	0.0206977	FALSE	NA	NA	NA	NA	NA	NA
NC_045512.2	4881	G	C	67	19	26	1	1	25	0.0120482	83	0.453333	FALSE	NA	NA	NA	NA	NA	NA
NC_045512.2	4881	G	A	67	19	26	10	9	26	0.120482	83	0.000514556	TRUE	NA	NA	NA	NA	NA	NA
NC_045512.2	4881	G	-T	67	19	26	1	0	20	0.0120482	83	0.453333	FALSE	NA	NA	NA	NA	NA	NA
NC_045512.2	4882	T	G	67	18	26	4	4	29	0.047619	84	0.0431203	FALSE	NA	NA	NA	NA	NA	NA
NC_045512.2	4882	T	C	67	18	26	4	4	27	0.047619	84	0.0431203	FALSE	NA	NA	NA	NA	NA	NA
NC_045512.2	4882	T	A	67	18	26	9	9	26	0.107143	84	0.00100238	TRUE	NA	NA	NA	NA	NA	NA
NC_045512.2	4883	A	T	75	26	26	3	3	25	0.0357143	84	0.111444	FALSE	NA	NA	NA	NA	NA	NA
NC_045512.2	4883	A	G	75	26	26	3	3	25	0.0357143	84	0.111444	FALSE	NA	NA	NA	NA	NA	NA
NC_045512.2	4883	A	C	75	26	26	3	3	22	0.0357143	84	0.111444	FALSE	NA	NA	NA	NA	NA	NA
NC_045512.2	4884	A	T	60	22	24	4	4	23	0.0555556	72	0.0480151	FALSE	NA	NA	NA	NA	NA	NA
NC_045512.2	4884	A	G	60	22	24	4	4	25	0.0555556	72	0.0480151	FALSE	NA	NA	NA	NA	NA	NA
NC_045512.2	4884	A	C	60	22	24	4	4	25	0.0555556	72	0.0480151	FALSE	NA	NA	NA	NA	NA	NA
NC_045512.2	4885	T	G	71	23	26	5	5	27	0.0595238	84	0.0232462	FALSE	NA	NA	NA	NA	NA	NA
NC_045512.2	4885	T	C	71	23	26	3	3	26	0.0357143	84	0.102455	FALSE	NA	NA	NA	NA	NA	NA
NC_045512.2	4885	T	A	71	23	26	5	5	26	0.0595238	84	0.0232462	FALSE	NA	NA	NA	NA	NA	NA
NC_045512.2	4886	C	T	61	16	26	10	10	27	0.126582	79	0.000422998	TRUE	NA	NA	NA	NA	NA	NA
NC_045512.2	4886	C	G	61	16	26	4	4	24	0.0506329	79	0.0405372	FALSE	NA	NA	NA	NA	NA	NA
NC_045512.2	4886	C	A	61	16	26	4	4	27	0.0506329	79	0.0405372	FALSE	NA	NA	NA	NA	NA	NA
NC_045512.2	4887	C	T	58	16	24	6	6	27	0.0769231	78	0.00765147	TRUE	NA	NA	NA	NA	NA	NA
NC_045512.2	4887	C	G	58	16	24	8	8	26	0.102564	78	0.00161651	TRUE	NA	NA	NA	NA	NA	NA
NC_045512.2	4887	C	A	58	16	24	6	6	27	0.0769231	78	0.00765147	TRUE	NA	NA	NA	NA	NA	NA
NC_045512.2	4888	T	G	67	22	27	4	4	26	0.05	80	0.0479576	FALSE	NA	NA	NA	NA	NA	NA
NC_045512.2	4888	T	C	67	22	27	3	3	28	0.0375	80	0.101319	FALSE	NA	NA	NA	NA	NA	NA
NC_045512.2	4888	T	A	67	22	27	6	6	27	0.075	80	0.0109823	FALSE	NA	NA	NA	NA	NA	NA
NC_045512.2	4889	A	T	65	20	26	12	12	26	0.151899	79	0.000141671	TRUE	NA	NA	NA	NA	NA	NA
NC_045512.2	4889	A	G	65	20	26	2	2	24	0.0253165	79	0.211782	FALSE	NA	NA	NA	NA	NA	NA
NC_045512.2	4890	C	T	63	18	26	8	8	26	0.1	80	0.00202372	TRUE	NA	NA	NA	NA	NA	NA
NC_045512.2	4890	C	G	63	18	26	4	4	25	0.05	80	0.0421981	FALSE	NA	NA	NA	NA	NA	NA
NC_045512.2	4890	C	A	63	18	26	5	5	25	0.0625	80	0.0195202	FALSE	NA	NA	NA	NA	NA	NA
NC_045512.2	4891	C	T	58	16	25	4	4	27	0.0526316	76	0.0397216	FALSE	NA	NA	NA	NA	NA	NA
NC_045512.2	4891	C	G	58	16	25	6	6	25	0.0789474	76	0.00834936	TRUE	NA	NA	NA	NA	NA	NA
NC_045512.2	4891	C	A	58	16	25	8	8	25	0.105263	76	0.00181453	TRUE	NA	NA	NA	NA	NA	NA
NC_045512.2	4892	A	T	29	9	26	1	0	23	0.03125	32	0.491803	FALSE	NA	NA	NA	NA	NA	NA
NC_045512.2	4892	A	G	29	9	26	1	1	26	0.03125	32	0.491803	FALSE	NA	NA	NA	NA	NA	NA
NC_045512.2	4892	A	C	29	9	26	1	1	27	0.03125	32	0.491803	FALSE	NA	NA	NA	NA	NA	NA
NC_045512.2	4893	C	T	24	5	26	1	1	24	0.0344828	29	0.471698	FALSE	NA	NA	NA	NA	NA	NA
NC_045512.2	4893	C	G	24	5	26	1	1	26	0.0344828	29	0.471698	FALSE	NA	NA	NA	NA	NA	NA
NC_045512.2	4893	C	A	24	5	26	3	3	26	0.103448	29	0.111492	FALSE	NA	NA	NA	NA	NA	NA
NC_045512.2	4894	A	T	22	5	25	3	3	26	0.115385	26	0.117347	FALSE	NA	NA	NA	NA	NA	NA
NC_045512.2	4894	A	G	22	5	25	1	1	27	0.0384615	26	0.479167	FALSE	NA	NA	NA	NA	NA	NA
NC_045512.2	4894	A	-T	22	5	25	1	0	20	0.0384615	26	0.479167	FALSE	NA	NA	NA	NA	NA	NA
NC_045512.2	4895	T	A	22	6	25	1	1	29	0.0434783	23	0.511111	FALSE	NA	NA	NA	NA	NA	NA
NC_045512.2	4896	T	G	13	5	24	1	1	24	0.0625	16	0.482759	FALSE	NA	NA	NA	NA	NA	NA
NC_045512.2	4896	T	C	13	5	24	1	1	28	0.0625	16	0.482759	FALSE	NA	NA	NA	NA	NA	NA
NC_045512.2	4896	T	A	13	5	24	1	1	27	0.0625	16	0.482759	FALSE	NA	NA	NA	NA	NA	NA
NC_045512.2	4897	C	T	21	5	25	2	2	23	0.08	25	0.234043	FALSE	NA	NA	NA	NA	NA	NA
NC_045512.2	4897	C	A	21	5	25	2	2	25	0.08	25	0.234043	FALSE	NA	NA	NA	NA	NA	NA
NC_045512.2	4898	C	A	18	7	24	2	2	24	0.1	20	0.25641	FALSE	NA	NA	NA	NA	NA	NA
NC_045512.2	4899	A	T	20	5	26	2	2	27	0.0833333	24	0.233333	FALSE	NA	NA	NA	NA	NA	NA
NC_045512.2	4899	A	G	20	5	26	1	1	24	0.0416667	24	0.477273	FALSE	NA	NA	NA	NA	NA	NA
NC_045512.2	4899	A	C	20	5	26	1	1	27	0.0416667	24	0.477273	FALSE	NA	NA	NA	NA	NA	NA
NC_045512.2	4900	C	T	19	5	25	2	2	27	0.0869565	23	0.232558	FALSE	NA	NA	NA	NA	NA	NA
NC_045512.2	4900	C	A	19	5	25	2	2	27	0.0869565	23	0.232558	FALSE	NA	NA	NA	NA	NA	NA
NC_045512.2	4901	C	T	14	5	24	1	1	22	0.0555556	18	0.46875	FALSE	NA	NA	NA	NA	NA	NA
NC_045512.2	4901	C	G	14	5	24	2	2	27	0.111111	18	0.227273	FALSE	NA	NA	NA	NA	NA	NA
NC_045512.2	4901	C	A	14	5	24	1	1	28	0.0555556	18	0.46875	FALSE	NA	NA	NA	NA	NA	NA
NC_045512.2	4902	T	C	22	8	27	1	1	23	0.0434783	23	0.511111	FALSE	NA	NA	NA	NA	NA	NA
NC_045512.2	4903	A	C	22	8	25	1	1	29	0.0434783	23	0.511111	FALSE	NA	NA	NA	NA	NA	NA
NC_045512.2	4904	G	T	19	5	26	1	1	27	0.0434783	23	0.47619	FALSE	NA	NA	NA	NA	NA	NA
NC_045512.2	4904	G	C	19	5	26	1	1	27	0.0434783	23	0.47619	FALSE	NA	NA	NA	NA	NA	NA
NC_045512.2	4904	G	A	19	5	26	2	2	28	0.0869565	23	0.232558	FALSE	NA	NA	NA	NA	NA	NA
NC_045512.2	4905	A	T	21	7	26	1	1	29	0.0434783	23	0.5	FALSE	NA	NA	NA	NA	NA	NA
NC_045512.2	4905	A	C	21	7	26	1	1	26	0.0434783	23	0.5	FALSE	NA	NA	NA	NA	NA	NA
NC_045512.2	4906	T	C	20	6	27	2	2	25	0.0869565	23	0.244186	FALSE	NA	NA	NA	NA	NA	NA
NC_045512.2	4906	T	A	20	6	27	1	1	27	0.0434783	23	0.488372	FALSE	NA	NA	NA	NA	NA	NA
NC_045512.2	4907	G	T	19	5	26	3	3	25	0.130435	23	0.116279	FALSE	NA	NA	NA	NA	NA	NA
NC_045512.2	4907	G	C	19	5	26	1	1	32	0.0434783	23	0.47619	FALSE	NA	NA	NA	NA	NA	NA
NC_045512.2	4908	G	T	16	5	24	2	2	28	0.1	20	0.22973	FALSE	NA	NA	NA	NA	NA	NA
NC_045512.2	4908	G	A	16	5	24	2	2	25	0.1	20	0.22973	FALSE	NA	NA	NA	NA	NA	NA
NC_045512.2	4909	T	C	18	5	26	2	2	25	0.0909091	22	0.231707	FALSE	NA	NA	NA	NA	NA	NA
NC_045512.2	4909	T	A	18	5	26	2	2	28	0.0909091	22	0.231707	FALSE	NA	NA	NA	NA	NA	NA
NC_045512.2	4910	G	T	18	5	26	1	1	28	0.0454545	22	0.475	FALSE	NA	NA	NA	NA	NA	NA
NC_045512.2	4910	G	C	18	5	26	2	2	26	0.0909091	22	0.231707	FALSE	NA	NA	NA	NA	NA	NA
NC_045512.2	4910	G	A	18	5	26	1	1	29	0.0454545	22	0.475	FALSE	NA	NA	NA	NA	NA	NA
NC_045512.2	4911	A	C	20	7	25	2	2	28	0.0909091	22	0.255814	FALSE	NA	NA	NA	NA	NA	NA
NC_045512.2	4912	A	T	18	7	24	1	1	28	0.05	20	0.5	FALSE	NA	NA	NA	NA	NA	NA
NC_045512.2	4912	A	C	18	7	24	1	1	24	0.05	20	0.5	FALSE	NA	NA	NA	NA	NA	NA
NC_045512.2	4913	G	T	18	5	27	1	1	22	0.0454545	22	0.475	FALSE	NA	NA	NA	NA	NA	NA
NC_045512.2	4913	G	C	18	5	27	2	2	28	0.0909091	22	0.231707	FALSE	NA	NA	NA	NA	NA	NA
NC_045512.2	4913	G	A	18	5	27	1	1	28	0.0454545	22	0.475	FALSE	NA	NA	NA	NA	NA	NA
NC_045512.2	4914	T	G	18	6	26	1	1	29	0.05	20	0.5	FALSE	NA	NA	NA	NA	NA	NA
NC_045512.2	4914	T	A	18	6	26	1	1	27	0.05	20	0.5	FALSE	NA	NA	NA	NA	NA	NA
NC_045512.2	4915	T	C	17	7	24	1	1	24	0.0526316	19	0.5	FALSE	NA	NA	NA	NA	NA	NA
NC_045512.2	4915	T	A	17	7	24	1	1	24	0.0526316	19	0.5	FALSE	NA	NA	NA	NA	NA	NA
NC_045512.2	4916	A	T	18	6	27	2	2	28	0.0952381	21	0.24359	FALSE	NA	NA	NA	NA	NA	NA
NC_045512.2	4916	A	G	18	6	27	1	1	24	0.047619	21	0.487179	FALSE	NA	NA	NA	NA	NA	NA
NC_045512.2	4917	T	C	17	5	27	1	1	24	0.047619	21	0.473684	FALSE	NA	NA	NA	NA	NA	NA
NC_045512.2	4917	T	A	17	5	27	3	3	26	0.142857	21	0.115385	FALSE	NA	NA	NA	NA	NA	NA
NC_045512.2	4918	C	T	42	11	26	2	2	27	0.0454545	44	0.252874	FALSE	NA	NA	NA	NA	NA	NA
NC_045512.2	4919	A	G	41	10	27	1	1	24	0.0227273	44	0.494118	FALSE	NA	NA	NA	NA	NA	NA
NC_045512.2	4919	A	C	41	10	27	2	2	24	0.0454545	44	0.247059	FALSE	NA	NA	NA	NA	NA	NA
NC_045512.2	4920	C	G	40	10	26	1	1	31	0.0238095	42	0.5	FALSE	NA	NA	NA	NA	NA	NA
NC_045512.2	4920	C	A	40	10	26	1	1	28	0.0238095	42	0.5	FALSE	NA	NA	NA	NA	NA	NA
NC_045512.2	4921	C	T	32	11	24	2	2	26	0.0588235	34	0.253731	FALSE	NA	NA	NA	NA	NA	NA
NC_045512.2	4922	T	G	33	9	26	1	1	27	0.0277778	36	0.478873	FALSE	NA	NA	NA	NA	NA	NA
NC_045512.2	4922	T	A	33	9	26	2	2	27	0.0555556	36	0.232786	FALSE	NA	NA	NA	NA	NA	NA
NC_045512.2	4923	T	C	35	10	27	1	1	24	0.0263158	38	0.493151	FALSE	NA	NA	NA	NA	NA	NA
NC_045512.2	4923	T	A	35	10	27	2	2	23	0.0526316	38	0.246575	FALSE	NA	NA	NA	NA	NA	NA
NC_045512.2	4924	T	G	27	10	23	1	1	24	0.0333333	30	0.491228	FALSE	NA	NA	NA	NA	NA	NA
NC_045512.2	4924	T	C	27	10	23	1	1	27	0.0333333	30	0.491228	FALSE	NA	NA	NA	NA	NA	NA
NC_045512.2	4924	T	A	27	10	23	1	1	27	0.0333333	30	0.491228	FALSE	NA	NA	NA	NA	NA	NA
NC_045512.2	4925	G	C	35	10	26	1	1	24	0.0263158	38	0.493151	FALSE	NA	NA	NA	NA	NA	NA
NC_045512.2	4925	G	A	35	10	26	2	2	25	0.0526316	38	0.246575	FALSE	NA	NA	NA	NA	NA	NA
NC_045512.2	4926	A	T	33	9	27	2	2	25	0.0526316	38	0.232786	FALSE	NA	NA	NA	NA	NA	NA
NC_045512.2	4926	A	G	33	9	27	1	0	21	0.0263158	38	0.478873	FALSE	NA	NA	NA	NA	NA	NA
NC_045512.2	4926	A	C	33	9	27	2	2	28	0.0526316	38	0.232786	FALSE	NA	NA	NA	NA	NA	NA
NC_045512.2	4927	C	T	34	9	25	1	1	27	0.0263158	38	0.486111	FALSE	NA	NA	NA	NA	NA	NA
NC_045512.2	4927	C	G	34	9	25	1	1	24	0.0263158	38	0.486111	FALSE	NA	NA	NA	NA	NA	NA
NC_045512.2	4927	C	A	34	9	25	2	2	27	0.0526316	38	0.239726	FALSE	NA	NA	NA	NA	NA	NA
NC_045512.2	4927	C	-A	34	9	25	1	0	20	0.0263158	38	0.486111	FALSE	NA	NA	NA	NA	NA	NA
NC_045512.2	4928	A	T	29	5	25	1	1	24	0.03125	32	0.483871	FALSE	NA	NA	NA	NA	NA	NA
NC_045512.2	4928	A	G	29	5	25	1	1	28	0.03125	32	0.483871	FALSE	NA	NA	NA	NA	NA	NA
NC_045512.2	4928	A	C	29	5	25	1	1	23	0.03125	32	0.483871	FALSE	NA	NA	NA	NA	NA	NA
NC_045512.2	4929	A	T	22	9	23	3	3	28	0.115385	26	0.117347	FALSE	NA	NA	NA	NA	NA	NA
NC_045512.2	4929	A	C	22	9	23	1	1	27	0.0384615	26	0.479167	FALSE	NA	NA	NA	NA	NA	NA
NC_045512.2	4930	T	G	35	10	24	1	1	28	0.0263158	38	0.493151	FALSE	NA	NA	NA	NA	NA	NA
NC_045512.2	4930	T	C	35	10	24	2	2	27	0.0526316	38	0.246575	FALSE	NA	NA	NA	NA	NA	NA
NC_045512.2	4931	C	A	35	10	26	3	3	25	0.0789474	38	0.124932	FALSE	NA	NA	NA	NA	NA	NA
NC_045512.2	4932	T	G	32	8	26	1	1	24	0.0277778	36	0.485294	FALSE	NA	NA	NA	NA	NA	NA
NC_045512.2	4932	T	C	32	8	26	1	1	24	0.0277778	36	0.485294	FALSE	NA	NA	NA	NA	NA	NA
NC_045512.2	4932	T	A	32	8	26	2	2	28	0.0555556	36	0.23913	FALSE	NA	NA	NA	NA	NA	NA
NC_045512.2	4933	T	G	32	9	24	1	1	29	0.0277778	36	0.485294	FALSE	NA	NA	NA	NA	NA	NA
NC_045512.2	4933	T	C	32	9	24	2	2	26	0.0555556	36	0.23913	FALSE	NA	NA	NA	NA	NA	NA
NC_045512.2	4933	T	A	32	9	24	1	1	24	0.0277778	36	0.485294	FALSE	NA	NA	NA	NA	NA	NA
NC_045512.2	4934	A	T	32	8	27	3	3	24	0.0833333	36	0.119565	FALSE	NA	NA	NA	NA	NA	NA
NC_045512.2	4934	A	C	32	8	27	1	1	28	0.0277778	36	0.485294	FALSE	NA	NA	NA	NA	NA	NA
NC_045512.2	4935	A	T	32	9	24	3	3	30	0.0833333	36	0.119565	FALSE	NA	NA	NA	NA	NA	NA
NC_045512.2	4935	A	G	32	9	24	1	1	24	0.0277778	36	0.485294	FALSE	NA	NA	NA	NA	NA	NA
NC_045512.2	4936	G	T	34	10	27	1	1	29	0.027027	37	0.492958	FALSE	NA	NA	NA	NA	NA	NA
NC_045512.2	4936	G	A	34	10	27	2	2	29	0.0540541	37	0.246479	FALSE	NA	NA	NA	NA	NA	NA
NC_045512.2	4937	A	T	33	9	27	2	2	28	0.0540541	37	0.239437	FALSE	NA	NA	NA	NA	NA	NA
NC_045512.2	4937	A	G	33	9	27	2	2	27	0.0540541	37	0.239437	FALSE	NA	NA	NA	NA	NA	NA
NC_045512.2	4938	C	G	33	10	27	1	1	28	0.027027	37	0.485714	FALSE	NA	NA	NA	NA	NA	NA
NC_045512.2	4938	C	A	33	10	27	3	2	27	0.0810811	37	0.119718	FALSE	NA	NA	NA	NA	NA	NA
NC_045512.2	4939	A	T	35	11	27	1	1	29	0.027027	37	0.5	FALSE	NA	NA	NA	NA	NA	NA
NC_045512.2	4939	A	C	35	11	27	1	1	27	0.027027	37	0.5	FALSE	NA	NA	NA	NA	NA	NA
NC_045512.2	4940	C	G	34	10	26	1	1	24	0.027027	37	0.492958	FALSE	NA	NA	NA	NA	NA	NA
NC_045512.2	4940	C	A	34	10	26	2	2	25	0.0540541	37	0.246479	FALSE	NA	NA	NA	NA	NA	NA
NC_045512.2	4941	T	G	32	8	26	2	2	28	0.0555556	36	0.23913	FALSE	NA	NA	NA	NA	NA	NA
NC_045512.2	4941	T	C	32	8	26	1	1	28	0.0277778	36	0.485294	FALSE	NA	NA	NA	NA	NA	NA
NC_045512.2	4941	T	A	32	8	26	1	1	27	0.0277778	36	0.485294	FALSE	NA	NA	NA	NA	NA	NA
NC_045512.2	4943	C	T	34	11	26	2	2	28	0.0540541	37	0.246479	FALSE	NA	NA	NA	NA	NA	NA
NC_045512.2	4943	C	G	34	11	26	1	1	26	0.027027	37	0.492958	FALSE	NA	NA	NA	NA	NA	NA
NC_045512.2	4943	C	-T	34	11	26	1	0	20	0.027027	37	0.492958	FALSE	NA	NA	NA	NA	NA	NA
NC_045512.2	4944	T	C	28	6	26	1	1	28	0.03125	32	0.47541	FALSE	NA	NA	NA	NA	NA	NA
NC_045512.2	4944	T	A	28	6	26	3	3	26	0.09375	32	0.113193	FALSE	NA	NA	NA	NA	NA	NA
NC_045512.2	4945	T	G	34	11	27	1	1	29	0.0263158	38	0.486111	FALSE	NA	NA	NA	NA	NA	NA
NC_045512.2	4945	T	C	34	11	27	1	1	24	0.0263158	38	0.486111	FALSE	NA	NA	NA	NA	NA	NA
NC_045512.2	4945	T	A	34	11	27	2	2	28	0.0526316	38	0.239726	FALSE	NA	NA	NA	NA	NA	NA
NC_045512.2	4946	T	G	24	9	23	1	1	28	0.0333333	30	0.462963	FALSE	NA	NA	NA	NA	NA	NA
NC_045512.2	4946	T	C	24	9	23	3	3	25	0.1	30	0.105519	FALSE	NA	NA	NA	NA	NA	NA
NC_045512.2	4946	T	A	24	9	23	2	2	27	0.0666667	30	0.218855	FALSE	NA	NA	NA	NA	NA	NA
NC_045512.2	4947	C	T	34	11	25	2	2	23	0.0526316	38	0.239726	FALSE	NA	NA	NA	NA	NA	NA
NC_045512.2	4947	C	A	34	11	25	2	2	27	0.0526316	38	0.239726	FALSE	NA	NA	NA	NA	NA	NA
NC_045512.2	4948	T	G	35	12	25	1	1	29	0.0263158	38	0.493151	FALSE	NA	NA	NA	NA	NA	NA
NC_045512.2	4948	T	C	35	12	25	1	1	24	0.0263158	38	0.493151	FALSE	NA	NA	NA	NA	NA	NA
NC_045512.2	4948	T	A	35	12	25	1	1	21	0.0263158	38	0.493151	FALSE	NA	NA	NA	NA	NA	NA
NC_045512.2	4949	T	C	34	11	27	1	1	28	0.0263158	38	0.486111	FALSE	NA	NA	NA	NA	NA	NA
NC_045512.2	4949	T	A	34	11	27	3	3	29	0.0789474	38	0.119863	FALSE	NA	NA	NA	NA	NA	NA
NC_045512.2	4950	T	G	25	13	24	1	1	27	0.0357143	28	0.490566	FALSE	NA	NA	NA	NA	NA	NA
NC_045512.2	4950	T	C	25	13	24	2	2	26	0.0714286	28	0.245283	FALSE	NA	NA	NA	NA	NA	NA
NC_045512.2	4951	G	T	33	10	26	1	1	28	0.025641	39	0.472222	FALSE	NA	NA	NA	NA	NA	NA
NC_045512.2	4951	G	C	33	10	26	2	2	25	0.0512821	39	0.226408	FALSE	NA	NA	NA	NA	NA	NA
NC_045512.2	4951	G	A	33	10	26	3	3	28	0.0769231	39	0.110144	FALSE	NA	NA	NA	NA	NA	NA
NC_045512.2	4952	A	T	34	11	27	2	2	26	0.0512821	39	0.233247	FALSE	NA	NA	NA	NA	NA	NA
NC_045512.2	4952	A	C	34	11	27	3	3	26	0.0769231	39	0.115068	FALSE	NA	NA	NA	NA	NA	NA
NC_045512.2	4953	G	T	33	10	27	2	2	24	0.0512821	39	0.226408	FALSE	NA	NA	NA	NA	NA	NA
NC_045512.2	4953	G	C	33	10	27	3	3	26	0.0769231	39	0.110144	FALSE	NA	NA	NA	NA	NA	NA
NC_045512.2	4953	G	A	33	10	27	1	1	24	0.025641	39	0.472222	FALSE	NA	NA	NA	NA	NA	NA
NC_045512.2	4954	A	T	36	13	26	2	2	26	0.0512821	39	0.246667	FALSE	NA	NA	NA	NA	NA	NA
NC_045512.2	4954	A	C	36	13	26	1	1	27	0.025641	39	0.493333	FALSE	NA	NA	NA	NA	NA	NA
NC_045512.2	4955	G	T	32	9	26	3	3	27	0.0769231	39	0.105232	FALSE	NA	NA	NA	NA	NA	NA
NC_045512.2	4955	G	C	32	9	26	2	2	27	0.0512821	39	0.219484	FALSE	NA	NA	NA	NA	NA	NA
NC_045512.2	4955	G	A	32	9	26	2	2	27	0.0512821	39	0.219484	FALSE	NA	NA	NA	NA	NA	NA
NC_045512.2	4956	A	T	33	10	25	4	4	26	0.102564	39	0.0543379	FALSE	NA	NA	NA	NA	NA	NA
NC_045512.2	4956	A	G	33	10	25	1	1	32	0.025641	39	0.472222	FALSE	NA	NA	NA	NA	NA	NA
NC_045512.2	4956	A	C	33	10	25	1	1	27	0.025641	39	0.472222	FALSE	NA	NA	NA	NA	NA	NA
NC_045512.2	4957	A	T	30	11	24	3	3	25	0.0857143	35	0.113892	FALSE	NA	NA	NA	NA	NA	NA
NC_045512.2	4957	A	G	30	11	24	1	1	28	0.0285714	35	0.476923	FALSE	NA	NA	NA	NA	NA	NA
NC_045512.2	4957	A	C	30	11	24	1	1	28	0.0285714	35	0.476923	FALSE	NA	NA	NA	NA	NA	NA
NC_045512.2	4958	G	T	33	10	27	4	4	26	0.102564	39	0.0543379	FALSE	NA	NA	NA	NA	NA	NA
NC_045512.2	4958	G	C	33	10	27	1	1	28	0.025641	39	0.472222	FALSE	NA	NA	NA	NA	NA	NA
NC_045512.2	4958	G	A	33	10	27	1	1	28	0.025641	39	0.472222	FALSE	NA	NA	NA	NA	NA	NA
NC_045512.2	4959	T	C	33	10	27	3	3	29	0.0769231	39	0.110144	FALSE	NA	NA	NA	NA	NA	NA
NC_045512.2	4959	T	A	33	10	27	3	3	26	0.0769231	39	0.110144	FALSE	NA	NA	NA	NA	NA	NA
NC_045512.2	4960	G	T	31	9	27	2	2	24	0.0526316	38	0.218634	FALSE	NA	NA	NA	NA	NA	NA
NC_045512.2	4960	G	C	31	9	27	2	2	26	0.0526316	38	0.218634	FALSE	NA	NA	NA	NA	NA	NA
NC_045512.2	4960	G	A	31	9	27	3	3	25	0.0789474	38	0.104698	FALSE	NA	NA	NA	NA	NA	NA
NC_045512.2	4961	A	T	33	11	26	3	3	29	0.0810811	37	0.119718	FALSE	NA	NA	NA	NA	NA	NA
NC_045512.2	4961	A	G	33	11	26	1	1	28	0.027027	37	0.485714	FALSE	NA	NA	NA	NA	NA	NA
NC_045512.2	4962	G	T	32	10	26	3	3	26	0.0789474	38	0.109742	FALSE	NA	NA	NA	NA	NA	NA
NC_045512.2	4962	G	A	32	10	26	3	3	26	0.0789474	38	0.109742	FALSE	NA	NA	NA	NA	NA	NA
NC_045512.2	4963	G	T	29	10	24	1	1	24	0.0285714	35	0.46875	FALSE	NA	NA	NA	NA	NA	NA
NC_045512.2	4963	G	C	29	10	24	3	3	25	0.0857143	35	0.108392	FALSE	NA	NA	NA	NA	NA	NA
NC_045512.2	4963	G	A	29	10	24	2	2	29	0.0571429	35	0.223558	FALSE	NA	NA	NA	NA	NA	NA
NC_045512.2	4964	A	T	33	11	26	1	1	24	0.027027	37	0.485714	FALSE	NA	NA	NA	NA	NA	NA
NC_045512.2	4964	A	G	33	11	26	1	1	36	0.027027	37	0.485714	FALSE	NA	NA	NA	NA	NA	NA
NC_045512.2	4964	A	C	33	11	26	2	2	30	0.0540541	37	0.239437	FALSE	NA	NA	NA	NA	NA	NA
NC_045512.2	4965	C	T	31	10	26	3	3	26	0.0789474	38	0.104698	FALSE	NA	NA	NA	NA	NA	NA
NC_045512.2	4965	C	G	31	10	26	1	1	26	0.0263158	38	0.463768	FALSE	NA	NA	NA	NA	NA	NA
NC_045512.2	4965	C	A	31	10	26	3	2	27	0.0789474	38	0.104698	FALSE	NA	NA	NA	NA	NA	NA
NC_045512.2	4966	T	C	33	12	27	4	4	28	0.102564	39	0.0543379	FALSE	NA	NA	NA	NA	NA	NA
NC_045512.2	4966	T	A	33	12	27	2	2	25	0.0512821	39	0.226408	FALSE	NA	NA	NA	NA	NA	NA
NC_045512.2	4967	A	T	36	14	27	2	2	26	0.05	40	0.24026	FALSE	NA	NA	NA	NA	NA	NA
NC_045512.2	4967	A	G	36	14	27	1	1	29	0.025	40	0.486842	FALSE	NA	NA	NA	NA	NA	NA
NC_045512.2	4967	A	C	36	14	27	1	1	25	0.025	40	0.486842	FALSE	NA	NA	NA	NA	NA	NA
NC_045512.2	4968	T	G	32	10	26	1	1	31	0.025641	39	0.464789	FALSE	NA	NA	NA	NA	NA	NA
NC_045512.2	4968	T	C	32	10	26	4	4	23	0.102564	39	0.0511939	FALSE	NA	NA	NA	NA	NA	NA
NC_045512.2	4968	T	A	32	10	26	2	2	26	0.0512821	39	0.219484	FALSE	NA	NA	NA	NA	NA	NA
NC_045512.2	4969	T	G	30	11	24	1	1	30	0.0277778	36	0.469697	FALSE	NA	NA	NA	NA	NA	NA
NC_045512.2	4969	T	C	30	11	24	3	3	27	0.0833333	36	0.108867	FALSE	NA	NA	NA	NA	NA	NA
NC_045512.2	4969	T	A	30	11	24	2	2	28	0.0555556	36	0.224333	FALSE	NA	NA	NA	NA	NA	NA
NC_045512.2	4970	A	T	30	9	26	6	6	24	0.157895	38	0.0114421	FALSE	NA	NA	NA	NA	NA	NA
NC_045512.2	4970	A	G	30	9	26	1	1	29	0.0263158	38	0.455882	FALSE	NA	NA	NA	NA	NA	NA
NC_045512.2	4970	A	C	30	9	26	1	1	28	0.0263158	38	0.455882	FALSE	NA	NA	NA	NA	NA	NA
NC_045512.2	4971	A	T	29	10	25	5	5	27	0.131579	38	0.0213716	FALSE	NA	NA	NA	NA	NA	NA
NC_045512.2	4971	A	G	29	10	25	1	1	30	0.0263158	38	0.447761	FALSE	NA	NA	NA	NA	NA	NA
NC_045512.2	4971	A	C	29	10	25	3	3	27	0.0789474	38	0.0946673	FALSE	NA	NA	NA	NA	NA	NA
NC_045512.2	4972	G	T	31	10	26	4	4	26	0.1	40	0.0455057	FALSE	NA	NA	NA	NA	NA	NA
NC_045512.2	4972	G	C	31	10	26	2	2	25	0.05	40	0.206573	FALSE	NA	NA	NA	NA	NA	NA
NC_045512.2	4972	G	A	31	10	26	3	3	25	0.075	40	0.096212	FALSE	NA	NA	NA	NA	NA	NA
NC_045512.2	4973	G	T	32	12	24	3	3	24	0.0789474	38	0.109742	FALSE	NA	NA	NA	NA	NA	NA
NC_045512.2	4973	G	C	32	12	24	2	2	26	0.0526316	38	0.225755	FALSE	NA	NA	NA	NA	NA	NA
NC_045512.2	4973	G	A	32	12	24	1	1	29	0.0263158	38	0.471429	FALSE	NA	NA	NA	NA	NA	NA
NC_045512.2	4974	T	G	34	14	27	1	1	23	0.025	40	0.472973	FALSE	NA	NA	NA	NA	NA	NA
NC_045512.2	4974	T	C	34	14	27	2	1	26	0.05	40	0.227027	FALSE	NA	NA	NA	NA	NA	NA
NC_045512.2	4974	T	A	34	14	27	3	3	27	0.075	40	0.110526	FALSE	NA	NA	NA	NA	NA	NA
NC_045512.2	4975	G	T	32	11	26	3	3	28	0.0769231	39	0.105232	FALSE	NA	NA	NA	NA	NA	NA
NC_045512.2	4975	G	C	32	11	26	4	4	26	0.102564	39	0.0511939	FALSE	NA	NA	NA	NA	NA	NA
NC_045512.2	4976	T	G	32	11	26	1	1	29	0.027027	37	0.478261	FALSE	NA	NA	NA	NA	NA	NA
NC_045512.2	4976	T	C	32	11	26	1	1	27	0.027027	37	0.478261	FALSE	NA	NA	NA	NA	NA	NA
NC_045512.2	4976	T	A	32	11	26	3	3	24	0.0810811	37	0.114513	FALSE	NA	NA	NA	NA	NA	NA
NC_045512.2	4977	T	G	34	13	27	1	1	27	0.025	40	0.472973	FALSE	NA	NA	NA	NA	NA	NA
NC_045512.2	4977	T	C	34	13	27	1	1	23	0.025	40	0.472973	FALSE	NA	NA	NA	NA	NA	NA
NC_045512.2	4977	T	A	34	13	27	4	4	26	0.1	40	0.0545455	FALSE	NA	NA	NA	NA	NA	NA
NC_045512.2	4978	T	G	22	15	25	3	3	25	0.115385	26	0.117347	FALSE	NA	NA	NA	NA	NA	NA
NC_045512.2	4978	T	A	22	15	25	1	1	27	0.0384615	26	0.479167	FALSE	NA	NA	NA	NA	NA	NA
NC_045512.2	4979	A	T	33	12	25	2	2	27	0.05	40	0.220289	FALSE	NA	NA	NA	NA	NA	NA
NC_045512.2	4979	A	G	33	12	25	2	2	27	0.05	40	0.220289	FALSE	NA	NA	NA	NA	NA	NA
NC_045512.2	4979	A	C	33	12	25	3	3	28	0.075	40	0.105739	FALSE	NA	NA	NA	NA	NA	NA
NC_045512.2	4980	C	T	31	11	26	4	4	24	0.102564	39	0.048106	FALSE	NA	NA	NA	NA	NA	NA
NC_045512.2	4980	C	G	31	11	26	2	2	27	0.0512821	39	0.212475	FALSE	NA	NA	NA	NA	NA	NA
NC_045512.2	4980	C	A	31	11	26	2	2	27	0.0512821	39	0.212475	FALSE	NA	NA	NA	NA	NA	NA
NC_045512.2	4981	A	T	31	11	26	5	5	27	0.131579	38	0.0250988	FALSE	NA	NA	NA	NA	NA	NA
NC_045512.2	4981	A	G	31	11	26	2	2	27	0.0526316	38	0.218634	FALSE	NA	NA	NA	NA	NA	NA
NC_045512.2	4982	A	T	35	16	25	2	2	28	0.0526316	38	0.246575	FALSE	NA	NA	NA	NA	NA	NA
NC_045512.2	4982	A	G	35	16	25	1	1	21	0.0263158	38	0.493151	FALSE	NA	NA	NA	NA	NA	NA
NC_045512.2	4983	C	T	29	9	28	2	2	26	0.0512821	39	0.19821	FALSE	NA	NA	NA	NA	NA	NA
NC_045512.2	4983	C	G	29	9	28	4	4	27	0.102564	39	0.0421146	FALSE	NA	NA	NA	NA	NA	NA
NC_045512.2	4983	C	A	29	9	28	4	4	28	0.102564	39	0.0421146	FALSE	NA	NA	NA	NA	NA	NA
NC_045512.2	4984	A	T	32	12	27	1	1	29	0.025641	39	0.464789	FALSE	NA	NA	NA	NA	NA	NA
NC_045512.2	4984	A	G	32	12	27	5	5	28	0.128205	39	0.0252556	FALSE	NA	NA	NA	NA	NA	NA
NC_045512.2	4984	A	C	32	12	27	1	1	28	0.025641	39	0.464789	FALSE	NA	NA	NA	NA	NA	NA
NC_045512.2	4985	G	T	32	12	28	2	2	25	0.0512821	39	0.219484	FALSE	NA	NA	NA	NA	NA	NA
NC_045512.2	4985	G	C	32	12	28	1	1	28	0.025641	39	0.464789	FALSE	NA	NA	NA	NA	NA	NA
NC_045512.2	4985	G	A	32	12	28	4	4	27	0.102564	39	0.0511939	FALSE	NA	NA	NA	NA	NA	NA
NC_045512.2	4986	T	G	32	12	27	3	3	27	0.075	40	0.100966	FALSE	NA	NA	NA	NA	NA	NA
NC_045512.2	4986	T	C	32	12	27	3	3	27	0.075	40	0.100966	FALSE	NA	NA	NA	NA	NA	NA
NC_045512.2	4986	T	A	32	12	27	2	2	28	0.05	40	0.21347	FALSE	NA	NA	NA	NA	NA	NA
NC_045512.2	4987	A	T	36	16	27	1	1	29	0.025	40	0.486842	FALSE	NA	NA	NA	NA	NA	NA
NC_045512.2	4987	A	G	36	16	27	3	3	28	0.075	40	0.12013	FALSE	NA	NA	NA	NA	NA	NA
NC_045512.2	4988	G	T	32	12	27	3	3	28	0.075	40	0.100966	FALSE	NA	NA	NA	NA	NA	NA
NC_045512.2	4988	G	C	32	12	27	3	3	25	0.075	40	0.100966	FALSE	NA	NA	NA	NA	NA	NA
NC_045512.2	4988	G	A	32	12	27	2	2	28	0.05	40	0.21347	FALSE	NA	NA	NA	NA	NA	NA
NC_045512.2	4989	A	T	33	13	27	4	4	26	0.1	40	0.051478	FALSE	NA	NA	NA	NA	NA	NA
NC_045512.2	4989	A	G	33	13	27	2	2	27	0.05	40	0.220289	FALSE	NA	NA	NA	NA	NA	NA
NC_045512.2	4989	A	C	33	13	27	1	1	26	0.025	40	0.465753	FALSE	NA	NA	NA	NA	NA	NA
NC_045512.2	4990	C	T	30	10	27	4	4	26	0.1	40	0.0426082	FALSE	NA	NA	NA	NA	NA	NA
NC_045512.2	4990	C	G	30	10	27	2	2	26	0.05	40	0.199598	FALSE	NA	NA	NA	NA	NA	NA
NC_045512.2	4990	C	A	30	10	27	4	4	27	0.1	40	0.0426082	FALSE	NA	NA	NA	NA	NA	NA
NC_045512.2	4991	A	T	31	11	26	3	3	28	0.075	40	0.096212	FALSE	NA	NA	NA	NA	NA	NA
NC_045512.2	4991	A	G	31	11	26	2	2	28	0.05	40	0.206573	FALSE	NA	NA	NA	NA	NA	NA
NC_045512.2	4991	A	C	31	11	26	4	4	26	0.1	40	0.0455057	FALSE	NA	NA	NA	NA	NA	NA
NC_045512.2	4992	A	T	31	12	24	5	5	24	0.128205	39	0.0234029	FALSE	NA	NA	NA	NA	NA	NA
NC_045512.2	4992	A	G	31	12	24	2	2	27	0.0512821	39	0.212475	FALSE	NA	NA	NA	NA	NA	NA
NC_045512.2	4992	A	C	31	12	24	1	1	24	0.025641	39	0.457143	FALSE	NA	NA	NA	NA	NA	NA
NC_045512.2	4993	C	T	31	11	26	3	3	25	0.0769231	39	0.100335	FALSE	NA	NA	NA	NA	NA	NA
NC_045512.2	4993	C	G	31	11	26	3	3	27	0.0769231	39	0.100335	FALSE	NA	NA	NA	NA	NA	NA
NC_045512.2	4993	C	A	31	11	26	2	2	29	0.0512821	39	0.212475	FALSE	NA	NA	NA	NA	NA	NA
NC_045512.2	4994	A	T	32	12	26	6	6	27	0.142857	42	0.00993184	TRUE	NA	NA	NA	NA	NA	NA
NC_045512.2	4994	A	G	32	12	26	1	1	24	0.0238095	42	0.445946	FALSE	NA	NA	NA	NA	NA	NA
NC_045512.2	4994	A	C	32	12	26	3	3	27	0.0714286	42	0.093101	FALSE	NA	NA	NA	NA	NA	NA
NC_045512.2	4995	T	G	31	11	25	3	3	26	0.0697674	43	0.0851209	FALSE	NA	NA	NA	NA	NA	NA
NC_045512.2	4995	T	C	31	11	25	4	4	26	0.0930233	43	0.0386913	FALSE	NA	NA	NA	NA	NA	NA
NC_045512.2	4995	T	A	31	11	25	5	5	27	0.116279	43	0.0178575	FALSE	NA	NA	NA	NA	NA	NA
NC_045512.2	4996	T	G	25	13	24	1	1	29	0.0277778	36	0.42623	FALSE	NA	NA	NA	NA	NA	NA
NC_045512.2	4996	T	C	25	13	24	5	5	25	0.138889	36	0.0172528	FALSE	NA	NA	NA	NA	NA	NA
NC_045512.2	4996	T	A	25	13	24	5	5	25	0.138889	36	0.0172528	FALSE	NA	NA	NA	NA	NA	NA
NC_045512.2	4997	A	T	33	13	25	4	4	27	0.0930233	43	0.0439567	FALSE	NA	NA	NA	NA	NA	NA
NC_045512.2	4997	A	G	33	13	25	2	2	24	0.0465116	43	0.203349	FALSE	NA	NA	NA	NA	NA	NA
NC_045512.2	4997	A	C	33	13	25	4	4	27	0.0930233	43	0.0439567	FALSE	NA	NA	NA	NA	NA	NA
NC_045512.2	4998	A	T	22	9	24	10	10	26	0.25641	39	0.00016262	TRUE	NA	NA	NA	NA	NA	NA
NC_045512.2	4998	A	G	22	9	24	3	2	23	0.0769231	39	0.0579185	FALSE	NA	NA	NA	NA	NA	NA
NC_045512.2	4998	A	C	22	9	24	4	4	26	0.102564	39	0.0235294	FALSE	NA	NA	NA	NA	NA	NA
NC_045512.2	4999	C	T	32	12	25	6	6	26	0.12766	47	0.00679165	TRUE	NA	NA	NA	NA	NA	NA
NC_045512.2	4999	C	G	32	12	25	3	3	27	0.0638298	47	0.0767112	FALSE	NA	NA	NA	NA	NA	NA
NC_045512.2	4999	C	A	32	12	25	6	6	27	0.12766	47	0.00679165	TRUE	NA	NA	NA	NA	NA	NA
NC_045512.2	5000	C	T	31	13	24	6	6	26	0.139535	43	0.00836365	TRUE	NA	NA	NA	NA	NA	NA
NC_045512.2	5000	C	G	31	13	24	2	2	25	0.0465116	43	0.19027	FALSE	NA	NA	NA	NA	NA	NA
NC_045512.2	5000	C	A	31	13	24	4	4	26	0.0930233	43	0.0386913	FALSE	NA	NA	NA	NA	NA	NA
NC_045512.2	5001	T	G	34	14	26	7	7	27	0.152174	46	0.00418409	TRUE	NA	NA	NA	NA	NA	NA
NC_045512.2	5001	T	C	34	14	26	3	3	26	0.0652174	46	0.0877371	FALSE	NA	NA	NA	NA	NA	NA
NC_045512.2	5001	T	A	34	14	26	2	2	26	0.0434783	46	0.194444	FALSE	NA	NA	NA	NA	NA	NA
NC_045512.2	5002	C	T	30	10	26	7	7	25	0.155556	45	0.00296084	TRUE	NA	NA	NA	NA	NA	NA
NC_045512.2	5002	C	A	30	10	26	8	8	25	0.177778	45	0.0013721	TRUE	NA	NA	NA	NA	NA	NA
NC_045512.2	5003	C	T	32	13	24	6	6	25	0.130435	46	0.00731409	TRUE	NA	NA	NA	NA	NA	NA
NC_045512.2	5003	C	G	32	13	24	4	4	25	0.0869565	46	0.0354052	FALSE	NA	NA	NA	NA	NA	NA
NC_045512.2	5003	C	A	32	13	24	4	4	24	0.0869565	46	0.0354052	FALSE	NA	NA	NA	NA	NA	NA
NC_045512.2	5004	A	T	37	17	26	4	4	28	0.0888889	45	0.0500152	FALSE	NA	NA	NA	NA	NA	NA
NC_045512.2	5004	A	G	37	17	26	3	3	25	0.0666667	45	0.10369	FALSE	NA	NA	NA	NA	NA	NA
NC_045512.2	5004	A	C	37	17	26	1	1	28	0.0222222	45	0.463415	FALSE	NA	NA	NA	NA	NA	NA
NC_045512.2	5005	C	T	33	13	27	2	2	28	0.0408163	49	0.174846	FALSE	NA	NA	NA	NA	NA	NA
NC_045512.2	5005	C	G	33	13	27	5	5	28	0.102041	49	0.0144127	FALSE	NA	NA	NA	NA	NA	NA
NC_045512.2	5005	C	A	33	13	27	9	9	26	0.183673	49	0.000631349	TRUE	NA	NA	NA	NA	NA	NA
NC_045512.2	5006	A	T	35	15	26	6	6	27	0.117647	51	0.00674562	TRUE	NA	NA	NA	NA	NA	NA
NC_045512.2	5006	A	G	35	15	26	5	5	25	0.0980392	51	0.014972	FALSE	NA	NA	NA	NA	NA	NA
NC_045512.2	5006	A	C	35	15	26	5	5	26	0.0980392	51	0.014972	FALSE	NA	NA	NA	NA	NA	NA
NC_045512.2	5007	C	T	37	17	27	4	4	26	0.0769231	52	0.0362435	FALSE	NA	NA	NA	NA	NA	NA
NC_045512.2	5007	C	G	37	17	27	2	2	28	0.0384615	52	0.185019	FALSE	NA	NA	NA	NA	NA	NA
NC_045512.2	5007	C	A	37	17	27	9	9	26	0.173077	52	0.000770892	TRUE	NA	NA	NA	NA	NA	NA
NC_045512.2	5008	G	T	34	14	27	7	7	24	0.132075	53	0.00237311	TRUE	NA	NA	NA	NA	NA	NA
NC_045512.2	5008	G	C	34	14	27	8	8	26	0.150943	53	0.00106033	TRUE	NA	NA	NA	NA	NA	NA
NC_045512.2	5008	G	A	34	14	27	4	4	25	0.0754717	53	0.0288883	FALSE	NA	NA	NA	NA	NA	NA
NC_045512.2	5009	C	T	32	14	26	10	8	26	0.188679	53	0.000162748	TRUE	NA	NA	NA	NA	NA	NA
NC_045512.2	5009	C	A	32	14	26	11	11	25	0.207547	53	7.36647e-05	TRUE	NA	NA	NA	NA	NA	NA
NC_045512.2	5010	A	T	35	16	26	10	10	27	0.192308	52	0.00028282	TRUE	NA	NA	NA	NA	NA	NA
NC_045512.2	5010	A	G	35	16	26	4	3	24	0.0769231	52	0.0321898	FALSE	NA	NA	NA	NA	NA	NA
NC_045512.2	5010	A	C	35	16	26	3	3	26	0.0576923	52	0.0742841	FALSE	NA	NA	NA	NA	NA	NA
NC_045512.2	5011	A	T	34	14	25	8	8	27	0.150943	53	0.00106033	TRUE	NA	NA	NA	NA	NA	NA
NC_045512.2	5011	A	G	34	14	25	5	5	26	0.0943396	53	0.0123807	FALSE	NA	NA	NA	NA	NA	NA
NC_045512.2	5011	A	C	34	14	25	6	6	25	0.113208	53	0.00538291	TRUE	NA	NA	NA	NA	NA	NA
NC_045512.2	5012	G	T	34	14	28	7	7	26	0.137255	51	0.00277761	TRUE	NA	NA	NA	NA	NA	NA
NC_045512.2	5012	G	C	34	14	28	3	3	27	0.0588235	51	0.0733053	FALSE	NA	NA	NA	NA	NA	NA
NC_045512.2	5012	G	A	34	14	28	7	7	25	0.137255	51	0.00277761	TRUE	NA	NA	NA	NA	NA	NA
NC_045512.2	5013	T	G	34	16	26	5	5	26	0.0943396	53	0.0123807	FALSE	NA	NA	NA	NA	NA	NA
NC_045512.2	5013	T	C	34	16	26	7	7	26	0.132075	53	0.00237311	TRUE	NA	NA	NA	NA	NA	NA
NC_045512.2	5013	T	A	34	16	26	7	7	26	0.132075	53	0.00237311	TRUE	NA	NA	NA	NA	NA	NA
NC_045512.2	5014	T	G	26	15	25	3	3	27	0.0652174	46	0.056368	FALSE	NA	NA	NA	NA	NA	NA
NC_045512.2	5014	T	C	26	15	25	5	5	26	0.108696	46	0.00919689	TRUE	NA	NA	NA	NA	NA	NA
NC_045512.2	5014	T	A	26	15	25	12	12	25	0.26087	46	2.7955e-05	TRUE	NA	NA	NA	NA	NA	NA
NC_045512.2	5015	G	T	29	11	25	1	1	24	0.0181818	55	0.357143	FALSE	NA	NA	NA	NA	NA	NA
NC_045512.2	5015	G	C	29	11	25	10	10	26	0.181818	55	7.8687e-05	TRUE	NA	NA	NA	NA	NA	NA
NC_045512.2	5015	G	A	29	11	25	15	15	27	0.272727	55	1.25834e-06	TRUE	NA	NA	NA	NA	NA	NA
NC_045512.2	5016	T	G	32	14	25	4	4	28	0.0727273	55	0.0230531	FALSE	NA	NA	NA	NA	NA	NA
NC_045512.2	5016	T	C	32	14	25	9	9	28	0.163636	55	0.000298167	TRUE	NA	NA	NA	NA	NA	NA
NC_045512.2	5016	T	A	32	14	25	10	10	26	0.181818	55	0.000130448	TRUE	NA	NA	NA	NA	NA	NA
NC_045512.2	5017	G	T	27	9	26	9	9	25	0.169811	53	0.000164773	TRUE	NA	NA	NA	NA	NA	NA
NC_045512.2	5017	G	C	27	9	26	5	5	25	0.0943396	53	0.00652293	TRUE	NA	NA	NA	NA	NA	NA
NC_045512.2	5017	G	A	27	9	26	12	12	27	0.226415	53	1.23955e-05	TRUE	NA	NA	NA	NA	NA	NA
NC_045512.2	5018	G	T	28	10	24	10	10	27	0.178571	56	5.85108e-05	TRUE	NA	NA	NA	NA	NA	NA
NC_045512.2	5018	G	C	28	10	24	10	10	27	0.178571	56	5.85108e-05	TRUE	NA	NA	NA	NA	NA	NA
NC_045512.2	5018	G	A	28	10	24	8	8	25	0.142857	56	0.000356059	TRUE	NA	NA	NA	NA	NA	NA
NC_045512.2	5019	A	T	36	18	27	9	9	26	0.160714	56	0.000465854	TRUE	NA	NA	NA	NA	NA	NA
NC_045512.2	5019	A	G	36	18	27	1	1	27	0.0178571	56	0.402174	FALSE	NA	NA	NA	NA	NA	NA
NC_045512.2	5019	A	C	36	18	27	10	10	26	0.178571	56	0.000212171	TRUE	NA	NA	NA	NA	NA	NA
NC_045512.2	5019	A	-C	36	18	27	1	0	20	0.0178571	56	0.402174	FALSE	NA	NA	NA	NA	NA	NA
NC_045512.2	5020	C	T	31	13	27	8	8	25	0.150943	53	0.000660971	TRUE	NA	NA	NA	NA	NA	NA
NC_045512.2	5020	C	G	31	13	27	6	6	27	0.113208	53	0.00373391	TRUE	NA	NA	NA	NA	NA	NA
NC_045512.2	5020	C	A	31	13	27	8	8	26	0.150943	53	0.000660971	TRUE	NA	NA	NA	NA	NA	NA
NC_045512.2	5021	A	T	32	14	27	13	13	25	0.232143	56	1.02673e-05	TRUE	NA	NA	NA	NA	NA	NA
NC_045512.2	5021	A	G	32	14	27	4	4	27	0.0714286	56	0.0220398	FALSE	NA	NA	NA	NA	NA	NA
NC_045512.2	5021	A	C	32	14	27	7	7	26	0.125	56	0.00150265	TRUE	NA	NA	NA	NA	NA	NA
NC_045512.2	5022	T	G	39	21	26	3	3	27	0.0535714	56	0.0778622	FALSE	NA	NA	NA	NA	NA	NA
NC_045512.2	5022	T	C	39	21	26	5	5	26	0.0892857	56	0.015184	FALSE	NA	NA	NA	NA	NA	NA
NC_045512.2	5022	T	A	39	21	26	9	9	24	0.160714	56	0.000668247	TRUE	NA	NA	NA	NA	NA	NA
NC_045512.2	5023	G	T	31	13	27	6	6	25	0.107143	56	0.00326025	TRUE	NA	NA	NA	NA	NA	NA
NC_045512.2	5023	G	C	31	13	27	8	8	25	0.142857	56	0.000552699	TRUE	NA	NA	NA	NA	NA	NA
NC_045512.2	5023	G	A	31	13	27	11	11	25	0.196429	56	4.30344e-05	TRUE	NA	NA	NA	NA	NA	NA
NC_045512.2	5024	T	G	35	17	27	3	3	27	0.0545455	55	0.0671763	FALSE	NA	NA	NA	NA	NA	NA
NC_045512.2	5024	T	C	35	17	27	6	6	25	0.109091	55	0.00517357	TRUE	NA	NA	NA	NA	NA	NA
NC_045512.2	5024	T	A	35	17	27	11	11	25	0.2	55	9.41947e-05	TRUE	NA	NA	NA	NA	NA	NA
NC_045512.2	5024	T	-C	35	17	27	1	0	20	0.0181818	55	0.4	FALSE	NA	NA	NA	NA	NA	NA
NC_045512.2	5025	C	T	32	14	28	11	11	26	0.2	55	5.78274e-05	TRUE	NA	NA	NA	NA	NA	NA
NC_045512.2	5025	C	G	32	14	28	3	3	26	0.0545455	55	0.0576327	FALSE	NA	NA	NA	NA	NA	NA
NC_045512.2	5025	C	A	32	14	28	9	9	26	0.163636	55	0.000298167	TRUE	NA	NA	NA	NA	NA	NA
NC_045512.2	5026	A	T	34	16	27	11	11	25	0.186441	59	5.0892e-05	TRUE	NA	NA	NA	NA	NA	NA
NC_045512.2	5026	A	G	34	16	27	4	4	28	0.0677966	59	0.0222203	FALSE	NA	NA	NA	NA	NA	NA
NC_045512.2	5026	A	C	34	16	27	10	10	27	0.169492	59	0.000116486	TRUE	NA	NA	NA	NA	NA	NA
NC_045512.2	5027	A	T	36	19	25	11	11	25	0.189655	58	7.80881e-05	TRUE	NA	NA	NA	NA	NA	NA
NC_045512.2	5027	A	G	36	19	25	4	4	26	0.0689655	58	0.0263764	FALSE	NA	NA	NA	NA	NA	NA
NC_045512.2	5027	A	C	36	19	25	7	7	26	0.12069	58	0.00201306	TRUE	NA	NA	NA	NA	NA	NA
NC_045512.2	5028	T	G	36	18	27	4	4	26	0.0677966	59	0.0252998	FALSE	NA	NA	NA	NA	NA	NA
NC_045512.2	5028	T	C	36	18	27	14	14	26	0.237288	59	6.71146e-06	TRUE	NA	NA	NA	NA	NA	NA
NC_045512.2	5028	T	A	36	18	27	5	5	26	0.0847458	59	0.0104777	FALSE	NA	NA	NA	NA	NA	NA
NC_045512.2	5029	G	T	32	14	27	11	11	24	0.180328	61	2.88388e-05	TRUE	NA	NA	NA	NA	NA	NA
NC_045512.2	5029	G	C	32	14	27	7	7	26	0.114754	61	0.00103318	TRUE	NA	NA	NA	NA	NA	NA
NC_045512.2	5029	G	A	32	14	27	11	11	25	0.180328	61	2.88388e-05	TRUE	NA	NA	NA	NA	NA	NA
NC_045512.2	5030	A	T	36	19	27	11	11	26	0.211538	52	0.000155448	TRUE	NA	NA	NA	NA	NA	NA
NC_045512.2	5030	A	G	36	19	27	1	1	24	0.0192308	52	0.420455	FALSE	NA	NA	NA	NA	NA	NA
NC_045512.2	5030	A	C	36	19	27	4	4	26	0.0769231	52	0.0341943	FALSE	NA	NA	NA	NA	NA	NA
NC_045512.2	5031	C	T	31	14	28	9	9	27	0.166667	54	0.000284289	TRUE	NA	NA	NA	NA	NA	NA
NC_045512.2	5031	C	G	31	14	28	9	9	28	0.166667	54	0.000284289	TRUE	NA	NA	NA	NA	NA	NA
NC_045512.2	5031	C	A	31	14	28	5	5	25	0.0925926	54	0.00908247	TRUE	NA	NA	NA	NA	NA	NA
NC_045512.2	5031	C	-A	31	14	28	2	0	20	0.037037	54	0.14446	FALSE	NA	NA	NA	NA	NA	NA
NC_045512.2	5032	A	T	40	23	27	7	7	26	0.127273	55	0.00317417	TRUE	NA	NA	NA	NA	NA	NA
NC_045512.2	5032	A	G	40	23	27	1	1	27	0.0181818	55	0.42268	FALSE	NA	NA	NA	NA	NA	NA
NC_045512.2	5032	A	C	40	23	27	7	7	26	0.127273	55	0.00317417	TRUE	NA	NA	NA	NA	NA	NA
NC_045512.2	5032	A	-T	40	23	27	1	0	20	0.0175439	57	0.42268	FALSE	NA	NA	NA	NA	NA	NA
NC_045512.2	5033	T	G	30	13	27	11	11	27	0.192982	57	2.81982e-05	TRUE	NA	NA	NA	NA	NA	NA
NC_045512.2	5033	T	C	30	13	27	10	10	27	0.175439	57	6.74005e-05	TRUE	NA	NA	NA	NA	NA	NA
NC_045512.2	5033	T	A	30	13	27	6	6	28	0.105263	57	0.00255533	TRUE	NA	NA	NA	NA	NA	NA
NC_045512.2	5034	A	T	36	19	27	11	11	25	0.189655	58	7.80881e-05	TRUE	NA	NA	NA	NA	NA	NA
NC_045512.2	5034	A	G	36	19	27	5	5	27	0.0862069	58	0.011035	FALSE	NA	NA	NA	NA	NA	NA
NC_045512.2	5034	A	C	36	19	27	6	6	24	0.103448	58	0.00468153	TRUE	NA	NA	NA	NA	NA	NA
NC_045512.2	5035	T	G	31	14	27	2	2	26	0.0357143	56	0.137931	FALSE	NA	NA	NA	NA	NA	NA
NC_045512.2	5035	T	C	31	14	27	14	14	26	0.25	56	3.77649e-06	TRUE	NA	NA	NA	NA	NA	NA
NC_045512.2	5035	T	A	31	14	27	9	9	26	0.160714	56	0.000232715	TRUE	NA	NA	NA	NA	NA	NA
NC_045512.2	5036	G	T	31	14	27	12	12	24	0.206897	58	1.46024e-05	TRUE	NA	NA	NA	NA	NA	NA
NC_045512.2	5036	G	C	31	14	27	4	4	26	0.0689655	58	0.0187391	FALSE	NA	NA	NA	NA	NA	NA
NC_045512.2	5036	G	A	31	14	27	11	11	24	0.189655	58	3.39591e-05	TRUE	NA	NA	NA	NA	NA	NA
NC_045512.2	5036	G	-G	31	14	27	1	0	20	0.0172414	58	0.359551	FALSE	NA	NA	NA	NA	NA	NA
NC_045512.2	5037	G	T	26	9	24	10	10	27	0.175439	57	3.1461e-05	TRUE	NA	NA	NA	NA	NA	NA
NC_045512.2	5037	G	C	26	9	24	5	5	26	0.0877193	57	0.00433715	TRUE	NA	NA	NA	NA	NA	NA
NC_045512.2	5037	G	A	26	9	24	16	16	26	0.280702	57	1.47286e-07	TRUE	NA	NA	NA	NA	NA	NA
NC_045512.2	5038	A	T	30	13	26	13	13	24	0.216667	60	3.9107e-06	TRUE	NA	NA	NA	NA	NA	NA
NC_045512.2	5038	A	G	30	13	26	10	10	26	0.166667	60	5.44095e-05	TRUE	NA	NA	NA	NA	NA	NA
NC_045512.2	5038	A	C	30	13	26	7	7	26	0.116667	60	0.000863773	TRUE	NA	NA	NA	NA	NA	NA
NC_045512.2	5039	C	T	29	12	26	12	12	25	0.20339	59	8.5449e-06	TRUE	NA	NA	NA	NA	NA	NA
NC_045512.2	5039	C	G	29	12	26	10	10	27	0.169492	59	5.05504e-05	TRUE	NA	NA	NA	NA	NA	NA
NC_045512.2	5039	C	A	29	12	26	8	8	26	0.135593	59	0.000317628	TRUE	NA	NA	NA	NA	NA	NA
NC_045512.2	5040	A	T	36	19	26	8	8	26	0.131148	61	0.00068808	TRUE	NA	NA	NA	NA	NA	NA
NC_045512.2	5040	A	G	36	19	26	9	9	26	0.147541	61	0.000294892	TRUE	NA	NA	NA	NA	NA	NA
NC_045512.2	5040	A	C	36	19	26	8	8	25	0.131148	61	0.00068808	TRUE	NA	NA	NA	NA	NA	NA
NC_045512.2	5041	A	T	29	13	25	7	7	27	0.118644	59	0.000815532	TRUE	NA	NA	NA	NA	NA	NA
NC_045512.2	5041	A	G	29	13	25	10	10	28	0.169492	59	5.05504e-05	TRUE	NA	NA	NA	NA	NA	NA
NC_045512.2	5041	A	C	29	13	25	13	13	26	0.220339	59	3.58886e-06	TRUE	NA	NA	NA	NA	NA	NA
NC_045512.2	5042	C	T	31	14	27	10	10	27	0.16129	62	5.26316e-05	TRUE	NA	NA	NA	NA	NA	NA
NC_045512.2	5042	C	G	31	14	27	4	4	25	0.0645161	62	0.0157618	FALSE	NA	NA	NA	NA	NA	NA
NC_045512.2	5042	C	A	31	14	27	17	17	25	0.274194	62	1.30055e-07	TRUE	NA	NA	NA	NA	NA	NA
NC_045512.2	5043	A	T	35	18	27	11	11	24	0.180328	61	4.79894e-05	TRUE	NA	NA	NA	NA	NA	NA
NC_045512.2	5043	A	G	35	18	27	9	9	27	0.147541	61	0.00025803	TRUE	NA	NA	NA	NA	NA	NA
NC_045512.2	5043	A	C	35	18	27	6	6	27	0.0983607	61	0.00354789	TRUE	NA	NA	NA	NA	NA	NA
NC_045512.2	5044	G	T	30	13	27	16	16	26	0.258065	62	2.28672e-07	TRUE	NA	NA	NA	NA	NA	NA
NC_045512.2	5044	G	C	30	13	27	6	6	25	0.0967742	62	0.00197111	TRUE	NA	NA	NA	NA	NA	NA
NC_045512.2	5044	G	A	30	13	27	10	10	26	0.16129	62	4.41202e-05	TRUE	NA	NA	NA	NA	NA	NA
NC_045512.2	5045	T	G	38	21	26	3	3	26	0.047619	63	0.0602767	FALSE	NA	NA	NA	NA	NA	NA
NC_045512.2	5045	T	C	38	21	26	10	10	27	0.15873	63	0.000139468	TRUE	NA	NA	NA	NA	NA	NA
NC_045512.2	5045	T	A	38	21	26	12	12	27	0.190476	63	2.74852e-05	TRUE	NA	NA	NA	NA	NA	NA
NC_045512.2	5046	T	G	37	20	27	6	6	27	0.0909091	66	0.00318593	TRUE	NA	NA	NA	NA	NA	NA
NC_045512.2	5046	T	C	37	20	27	11	11	27	0.166667	66	3.88651e-05	TRUE	NA	NA	NA	NA	NA	NA
NC_045512.2	5046	T	A	37	20	27	12	12	26	0.181818	66	1.67052e-05	TRUE	NA	NA	NA	NA	NA	NA
NC_045512.2	5046	T	-T	37	20	27	1	0	20	0.0151515	66	0.368932	FALSE	NA	NA	NA	NA	NA	NA
NC_045512.2	5047	T	G	31	18	25	4	4	26	0.0655738	61	0.0157618	FALSE	NA	NA	NA	NA	NA	NA
NC_045512.2	5047	T	C	31	18	25	7	7	24	0.114754	61	0.000847735	TRUE	NA	NA	NA	NA	NA	NA
NC_045512.2	5047	T	A	31	18	25	19	19	26	0.311475	61	2.60962e-08	TRUE	NA	NA	NA	NA	NA	NA
NC_045512.2	5048	G	T	34	17	26	11	11	25	0.164179	67	2.14492e-05	TRUE	NA	NA	NA	NA	NA	NA
NC_045512.2	5048	G	C	34	17	26	13	13	26	0.19403	67	3.66412e-06	TRUE	NA	NA	NA	NA	NA	NA
NC_045512.2	5048	G	A	34	17	26	9	9	24	0.134328	67	0.00013227	TRUE	NA	NA	NA	NA	NA	NA
NC_045512.2	5049	G	T	31	14	25	18	18	25	0.276923	65	3.42488e-08	TRUE	NA	NA	NA	NA	NA	NA
NC_045512.2	5049	G	C	31	14	25	2	2	27	0.0307692	65	0.113402	FALSE	NA	NA	NA	NA	NA	NA
NC_045512.2	5049	G	A	31	14	25	14	14	27	0.215385	65	1.04079e-06	TRUE	NA	NA	NA	NA	NA	NA
NC_045512.2	5050	T	G	36	19	27	13	13	27	0.191176	68	4.77237e-06	TRUE	NA	NA	NA	NA	NA	NA
NC_045512.2	5050	T	C	36	19	27	9	9	25	0.132353	68	0.00016128	TRUE	NA	NA	NA	NA	NA	NA
NC_045512.2	5050	T	A	36	19	27	10	10	25	0.147059	68	6.56538e-05	TRUE	NA	NA	NA	NA	NA	NA
NC_045512.2	5051	C	T	33	16	26	8	8	25	0.115942	69	0.000251503	TRUE	NA	NA	NA	NA	NA	NA
NC_045512.2	5051	C	G	33	16	26	10	10	27	0.144928	69	3.72002e-05	TRUE	NA	NA	NA	NA	NA	NA
NC_045512.2	5051	C	A	33	16	26	18	18	26	0.26087	69	3.02045e-08	TRUE	NA	NA	NA	NA	NA	NA
NC_045512.2	5052	C	T	31	14	24	14	14	25	0.2	70	5.33767e-07	TRUE	NA	NA	NA	NA	NA	NA
NC_045512.2	5052	C	G	31	14	24	10	10	26	0.142857	70	2.39052e-05	TRUE	NA	NA	NA	NA	NA	NA
NC_045512.2	5052	C	A	31	14	24	15	15	27	0.214286	70	2.13507e-07	TRUE	NA	NA	NA	NA	NA	NA
NC_045512.2	5053	A	T	37	20	26	12	12	28	0.171429	70	1.08142e-05	TRUE	NA	NA	NA	NA	NA	NA
NC_045512.2	5053	A	G	37	20	26	10	10	27	0.142857	70	6.34781e-05	TRUE	NA	NA	NA	NA	NA	NA
NC_045512.2	5053	A	C	37	20	26	11	11	27	0.157143	70	2.60423e-05	TRUE	NA	NA	NA	NA	NA	NA
NC_045512.2	5054	A	T	33	16	25	25	25	27	0.357143	70	8.63895e-11	TRUE	NA	NA	NA	NA	NA	NA
NC_045512.2	5054	A	G	33	16	25	4	4	27	0.0571429	70	0.0132949	FALSE	NA	NA	NA	NA	NA	NA
NC_045512.2	5054	A	C	33	16	25	8	8	26	0.114286	70	0.000233212	TRUE	NA	NA	NA	NA	NA	NA
NC_045512.2	5055	C	T	32	15	27	13	13	26	0.188406	69	1.90155e-06	TRUE	NA	NA	NA	NA	NA	NA
NC_045512.2	5055	C	G	32	15	27	11	11	27	0.15942	69	1.21545e-05	TRUE	NA	NA	NA	NA	NA	NA
NC_045512.2	5055	C	A	32	15	27	13	13	26	0.188406	69	1.90155e-06	TRUE	NA	NA	NA	NA	NA	NA
NC_045512.2	5056	T	G	42	25	26	7	7	27	0.0985915	71	0.00153346	TRUE	NA	NA	NA	NA	NA	NA
NC_045512.2	5056	T	C	42	25	26	9	9	28	0.126761	71	0.000269306	TRUE	NA	NA	NA	NA	NA	NA
NC_045512.2	5056	T	A	42	25	26	13	13	26	0.183099	71	9.47731e-06	TRUE	NA	NA	NA	NA	NA	NA
NC_045512.2	5057	T	G	38	22	25	6	6	27	0.08	75	0.00214226	TRUE	NA	NA	NA	NA	NA	NA
NC_045512.2	5057	T	C	38	22	25	12	12	26	0.16	75	7.62337e-06	TRUE	NA	NA	NA	NA	NA	NA
NC_045512.2	5057	T	A	38	22	25	19	19	27	0.253333	75	1.806e-08	TRUE	NA	NA	NA	NA	NA	NA
NC_045512.2	5057	T	-A	38	22	25	1	0	20	0.0133333	75	0.345133	FALSE	NA	NA	NA	NA	NA	NA
NC_045512.2	5058	A	T	45	28	26	13	13	28	0.173333	75	8.83819e-06	TRUE	NA	NA	NA	NA	NA	NA
NC_045512.2	5058	A	G	45	28	26	6	6	28	0.08	75	0.00365663	TRUE	NA	NA	NA	NA	NA	NA
NC_045512.2	5058	A	C	45	28	26	11	11	26	0.146667	75	4.69339e-05	TRUE	NA	NA	NA	NA	NA	NA
NC_045512.2	5059	T	G	30	13	26	10	10	26	0.12987	77	1.03915e-05	TRUE	NA	NA	NA	NA	NA	NA
NC_045512.2	5059	T	C	30	13	26	16	16	26	0.207792	77	2.40803e-08	TRUE	NA	NA	NA	NA	NA	NA
NC_045512.2	5059	T	A	30	13	26	21	21	27	0.272727	77	2.22498e-10	TRUE	NA	NA	NA	NA	NA	NA
NC_045512.2	5060	T	G	35	18	27	10	10	26	0.128205	78	2.31472e-05	TRUE	NA	NA	NA	NA	NA	NA
NC_045512.2	5060	T	C	35	18	27	13	13	28	0.166667	78	1.25997e-06	TRUE	NA	NA	NA	NA	NA	NA
NC_045512.2	5060	T	A	35	18	27	20	20	27	0.25641	78	2.16954e-09	TRUE	NA	NA	NA	NA	NA	NA
NC_045512.2	5061	T	G	36	21	24	16	16	26	0.207792	77	1.11023e-07	TRUE	NA	NA	NA	NA	NA	NA
NC_045512.2	5061	T	C	36	21	24	12	12	26	0.155844	77	4.37488e-06	TRUE	NA	NA	NA	NA	NA	NA
NC_045512.2	5061	T	A	36	21	24	13	13	26	0.168831	77	1.71495e-06	TRUE	NA	NA	NA	NA	NA	NA
NC_045512.2	5061	T	+T	36	21	24	1	0	20	0.012987	77	0.327434	FALSE	NA	NA	NA	NA	NA	NA
NC_045512.2	5062	G	T	26	10	26	24	24	26	0.307692	78	2.47895e-12	TRUE	NA	NA	NA	NA	NA	NA
NC_045512.2	5062	G	C	26	10	26	9	9	26	0.115385	78	1.28504e-05	TRUE	NA	NA	NA	NA	NA	NA
NC_045512.2	5062	G	A	26	10	26	19	19	27	0.24359	78	2.97452e-10	TRUE	NA	NA	NA	NA	NA	NA
NC_045512.2	5062	G	-G	26	10	26	1	0	20	0.0128205	78	0.259615	FALSE	NA	NA	NA	NA	NA	NA
NC_045512.2	5063	G	T	37	22	25	20	20	26	0.27027	74	6.12749e-09	TRUE	NA	NA	NA	NA	NA	NA
NC_045512.2	5063	G	C	37	22	25	8	8	27	0.108108	74	0.000274855	TRUE	NA	NA	NA	NA	NA	NA
NC_045512.2	5063	G	A	37	22	25	9	9	26	0.121622	74	0.000105361	TRUE	NA	NA	NA	NA	NA	NA
NC_045512.2	5064	A	T	38	22	27	24	24	26	0.307692	78	1.83035e-10	TRUE	NA	NA	NA	NA	NA	NA
NC_045512.2	5064	A	G	38	22	27	12	12	27	0.153846	78	5.64604e-06	TRUE	NA	NA	NA	NA	NA	NA
NC_045512.2	5064	A	C	38	22	27	4	4	27	0.0512821	78	0.0140956	FALSE	NA	NA	NA	NA	NA	NA
NC_045512.2	5065	T	G	37	21	27	10	10	25	0.123457	81	2.47608e-05	TRUE	NA	NA	NA	NA	NA	NA
NC_045512.2	5065	T	C	37	21	27	15	15	26	0.185185	81	2.08045e-07	TRUE	NA	NA	NA	NA	NA	NA
NC_045512.2	5065	T	A	37	21	27	19	19	27	0.234568	81	5.60464e-09	TRUE	NA	NA	NA	NA	NA	NA
NC_045512.2	5065	T	-G	37	21	27	1	0	20	0.0123457	81	0.322034	FALSE	NA	NA	NA	NA	NA	NA
NC_045512.2	5066	G	T	33	17	27	14	14	27	0.175	80	2.4791e-07	TRUE	NA	NA	NA	NA	NA	NA
NC_045512.2	5066	G	C	33	17	27	12	12	27	0.15	80	1.80601e-06	TRUE	NA	NA	NA	NA	NA	NA
NC_045512.2	5066	G	A	33	17	27	21	21	26	0.2625	80	3.5294e-10	TRUE	NA	NA	NA	NA	NA	NA
NC_045512.2	5067	G	T	24	8	24	13	13	27	0.160494	81	5.75497e-08	TRUE	NA	NA	NA	NA	NA	NA
NC_045512.2	5067	G	C	24	8	24	14	14	25	0.17284	81	1.8533e-08	TRUE	NA	NA	NA	NA	NA	NA
NC_045512.2	5067	G	A	24	8	24	30	30	26	0.37037	81	1.92271e-15	TRUE	NA	NA	NA	NA	NA	NA
NC_045512.2	5068	A	T	38	23	27	11	11	23	0.134146	82	1.00254e-05	TRUE	NA	NA	NA	NA	NA	NA
NC_045512.2	5068	A	G	38	23	27	14	13	28	0.170732	82	5.7803e-07	TRUE	NA	NA	NA	NA	NA	NA
NC_045512.2	5068	A	C	38	23	27	19	19	27	0.231707	82	6.24408e-09	TRUE	NA	NA	NA	NA	NA	NA
NC_045512.2	5068	A	-G	38	23	27	1	0	20	0.0121951	82	0.325	FALSE	NA	NA	NA	NA	NA	NA
NC_045512.2	5069	G	T	26	11	27	25	25	25	0.304878	82	3.42558e-13	TRUE	NA	NA	NA	NA	NA	NA
NC_045512.2	5069	G	C	26	11	27	9	9	26	0.109756	82	8.54926e-06	TRUE	NA	NA	NA	NA	NA	NA
NC_045512.2	5069	G	A	26	11	27	22	22	26	0.268293	82	6.30514e-12	TRUE	NA	NA	NA	NA	NA	NA
NC_045512.2	5070	C	T	37	21	26	18	18	26	0.214286	84	8.92012e-09	TRUE	NA	NA	NA	NA	NA	NA
NC_045512.2	5070	C	G	37	21	26	12	12	25	0.142857	84	2.64377e-06	TRUE	NA	NA	NA	NA	NA	NA
NC_045512.2	5070	C	A	37	21	26	17	17	26	0.202381	84	2.23814e-08	TRUE	NA	NA	NA	NA	NA	NA
NC_045512.2	5070	C	-T	37	21	26	1	0	20	0.0119048	84	0.31405	FALSE	NA	NA	NA	NA	NA	NA
NC_045512.2	5071	T	G	46	30	26	9	9	27	0.115385	78	0.000250621	TRUE	NA	NA	NA	NA	NA	NA
NC_045512.2	5071	T	C	46	30	26	9	9	27	0.115385	78	0.000250621	TRUE	NA	NA	NA	NA	NA	NA
NC_045512.2	5071	T	A	46	30	26	14	14	25	0.179487	78	3.66405e-06	TRUE	NA	NA	NA	NA	NA	NA
NC_045512.2	5071	T	-G	46	30	26	1	0	20	0.0128205	78	0.379032	FALSE	NA	NA	NA	NA	NA	NA
NC_045512.2	5072	G	T	33	17	27	24	24	26	0.292683	82	1.41976e-11	TRUE	NA	NA	NA	NA	NA	NA
NC_045512.2	5072	G	C	33	17	27	7	7	26	0.0853659	82	0.00027833	TRUE	NA	NA	NA	NA	NA	NA
NC_045512.2	5072	G	A	33	17	27	18	18	26	0.219512	82	3.51325e-09	TRUE	NA	NA	NA	NA	NA	NA
NC_045512.2	5073	A	T	42	26	26	22	22	24	0.261905	84	9.84375e-10	TRUE	NA	NA	NA	NA	NA	NA
NC_045512.2	5073	A	G	42	26	26	9	9	26	0.107143	84	0.000104291	TRUE	NA	NA	NA	NA	NA	NA
NC_045512.2	5073	A	C	42	26	26	11	11	26	0.130952	84	1.5655e-05	TRUE	NA	NA	NA	NA	NA	NA
NC_045512.2	5074	T	G	37	21	27	13	13	26	0.160494	81	1.35653e-06	TRUE	NA	NA	NA	NA	NA	NA
NC_045512.2	5074	T	C	37	21	27	11	11	25	0.135802	81	9.28529e-06	TRUE	NA	NA	NA	NA	NA	NA
NC_045512.2	5074	T	A	37	21	27	20	20	27	0.246914	81	2.33186e-09	TRUE	NA	NA	NA	NA	NA	NA
NC_045512.2	5075	G	T	33	17	27	12	12	26	0.15	80	1.80601e-06	TRUE	NA	NA	NA	NA	NA	NA
NC_045512.2	5075	G	C	33	17	27	9	9	25	0.1125	80	3.94704e-05	TRUE	NA	NA	NA	NA	NA	NA
NC_045512.2	5075	G	A	33	17	27	26	26	26	0.325	80	4.55858e-12	TRUE	NA	NA	NA	NA	NA	NA
NC_045512.2	5075	G	-T	33	17	27	1	0	20	0.0125	80	0.300885	FALSE	NA	NA	NA	NA	NA	NA
NC_045512.2	5076	T	G	36	20	26	14	14	25	0.175	80	4.28987e-07	TRUE	NA	NA	NA	NA	NA	NA
NC_045512.2	5076	T	C	36	20	26	8	8	25	0.1	80	0.000160989	TRUE	NA	NA	NA	NA	NA	NA
NC_045512.2	5076	T	A	36	20	26	22	22	27	0.275	80	3.09932e-10	TRUE	NA	NA	NA	NA	NA	NA
NC_045512.2	5077	T	G	42	27	25	11	11	27	0.13253	83	1.70327e-05	TRUE	NA	NA	NA	NA	NA	NA
NC_045512.2	5077	T	C	42	27	25	13	13	26	0.156627	83	2.71507e-06	TRUE	NA	NA	NA	NA	NA	NA
NC_045512.2	5077	T	A	42	27	25	17	17	25	0.204819	83	7.83217e-08	TRUE	NA	NA	NA	NA	NA	NA
NC_045512.2	5077	T	-A	42	27	25	1	0	20	0.0120482	83	0.344	FALSE	NA	NA	NA	NA	NA	NA
NC_045512.2	5078	A	T	45	29	26	7	7	27	0.0886076	79	0.00126645	TRUE	NA	NA	NA	NA	NA	NA
NC_045512.2	5078	A	G	45	29	26	9	9	25	0.113924	79	0.00020961	TRUE	NA	NA	NA	NA	NA	NA
NC_045512.2	5078	A	C	45	29	26	18	18	26	0.227848	79	1.06057e-07	TRUE	NA	NA	NA	NA	NA	NA
NC_045512.2	5079	C	T	39	23	27	14	14	25	0.170732	82	7.03458e-07	TRUE	NA	NA	NA	NA	NA	NA
NC_045512.2	5079	C	G	39	23	27	4	4	25	0.0487805	82	0.013155	FALSE	NA	NA	NA	NA	NA	NA
NC_045512.2	5079	C	A	39	23	27	25	25	26	0.304878	82	5.17061e-11	TRUE	NA	NA	NA	NA	NA	NA
NC_045512.2	5080	T	G	38	22	26	13	13	25	0.156627	83	1.33392e-06	TRUE	NA	NA	NA	NA	NA	NA
NC_045512.2	5080	T	C	38	22	26	13	13	25	0.156627	83	1.33392e-06	TRUE	NA	NA	NA	NA	NA	NA
NC_045512.2	5080	T	A	38	22	26	19	19	26	0.228916	83	5.39057e-09	TRUE	NA	NA	NA	NA	NA	NA
NC_045512.2	5080	T	-A	38	22	26	1	0	20	0.0120482	83	0.322314	FALSE	NA	NA	NA	NA	NA	NA
NC_045512.2	5081	A	T	34	20	26	21	21	26	0.269231	78	5.70932e-10	TRUE	NA	NA	NA	NA	NA	NA
NC_045512.2	5081	A	G	34	20	26	9	9	27	0.115385	78	4.99185e-05	TRUE	NA	NA	NA	NA	NA	NA
NC_045512.2	5081	A	C	34	20	26	14	14	26	0.179487	78	3.49991e-07	TRUE	NA	NA	NA	NA	NA	NA
NC_045512.2	5081	A	-A	34	20	26	1	0	20	0.0126582	79	0.309735	FALSE	NA	NA	NA	NA	NA	NA
NC_045512.2	5082	A	T	43	28	27	21	21	26	0.259259	81	3.93054e-09	TRUE	NA	NA	NA	NA	NA	NA
NC_045512.2	5082	A	G	43	28	27	10	10	26	0.123457	81	5.34747e-05	TRUE	NA	NA	NA	NA	NA	NA
NC_045512.2	5082	A	C	43	28	27	7	7	24	0.0864198	81	0.000895014	TRUE	NA	NA	NA	NA	NA	NA
NC_045512.2	5083	A	T	30	15	26	19	19	25	0.2375	80	8.58637e-10	TRUE	NA	NA	NA	NA	NA	NA
NC_045512.2	5083	A	G	30	15	26	19	19	27	0.2375	80	8.58637e-10	TRUE	NA	NA	NA	NA	NA	NA
NC_045512.2	5083	A	C	30	15	26	12	12	26	0.15	80	9.44852e-07	TRUE	NA	NA	NA	NA	NA	NA
NC_045512.2	5083	A	-A	30	15	26	1	0	20	0.0125	80	0.281818	FALSE	NA	NA	NA	NA	NA	NA
NC_045512.2	5084	A	T	42	33	25	15	15	25	0.208333	72	1.47488e-06	TRUE	NA	NA	NA	NA	NA	NA
NC_045512.2	5084	A	G	42	33	25	8	8	26	0.111111	72	0.00055757	TRUE	NA	NA	NA	NA	NA	NA
NC_045512.2	5084	A	C	42	33	25	7	7	28	0.0972222	72	0.00136047	TRUE	NA	NA	NA	NA	NA	NA
NC_045512.2	5084	A	-T	42	33	25	1	0	20	0.0136986	73	0.373913	FALSE	NA	NA	NA	NA	NA	NA
NC_045512.2	5085	T	G	31	17	26	18	18	26	0.227848	79	3.04678e-09	TRUE	NA	NA	NA	NA	NA	NA
NC_045512.2	5085	T	C	31	17	26	16	16	26	0.202532	79	2.1058e-08	TRUE	NA	NA	NA	NA	NA	NA
NC_045512.2	5085	T	A	31	17	26	14	14	26	0.177215	79	1.53406e-07	TRUE	NA	NA	NA	NA	NA	NA
NC_045512.2	5086	A	T	42	28	26	17	17	27	0.223684	76	1.96623e-07	TRUE	NA	NA	NA	NA	NA	NA
NC_045512.2	5086	A	G	42	28	26	9	9	27	0.118421	76	0.000184758	TRUE	NA	NA	NA	NA	NA	NA
NC_045512.2	5086	A	C	42	28	26	8	8	26	0.105263	76	0.000456462	TRUE	NA	NA	NA	NA	NA	NA
NC_045512.2	5087	A	T	36	22	28	12	12	26	0.151899	79	3.57824e-06	TRUE	NA	NA	NA	NA	NA	NA
NC_045512.2	5087	A	G	36	22	28	12	12	26	0.151899	79	3.57824e-06	TRUE	NA	NA	NA	NA	NA	NA
NC_045512.2	5087	A	C	36	22	28	19	19	26	0.240506	79	5.8371e-09	TRUE	NA	NA	NA	NA	NA	NA
NC_045512.2	5088	A	T	33	20	27	20	20	25	0.246914	81	7.3856e-10	TRUE	NA	NA	NA	NA	NA	NA
NC_045512.2	5088	A	G	33	20	27	14	14	26	0.17284	81	2.20581e-07	TRUE	NA	NA	NA	NA	NA	NA
NC_045512.2	5088	A	C	33	20	27	14	14	26	0.17284	81	2.20581e-07	TRUE	NA	NA	NA	NA	NA	NA
NC_045512.2	5089	A	T	27	21	25	22	22	26	0.318841	69	1.45358e-10	TRUE	NA	NA	NA	NA	NA	NA
NC_045512.2	5089	A	G	27	21	25	13	13	26	0.188406	69	5.84337e-07	TRUE	NA	NA	NA	NA	NA	NA
NC_045512.2	5089	A	C	27	21	25	7	7	26	0.101449	69	0.00029131	TRUE	NA	NA	NA	NA	NA	NA
NC_045512.2	5090	C	T	33	20	25	18	18	25	0.227848	79	6.33068e-09	TRUE	NA	NA	NA	NA	NA	NA
NC_045512.2	5090	C	G	33	20	25	13	13	27	0.164557	79	7.41752e-07	TRUE	NA	NA	NA	NA	NA	NA
NC_045512.2	5090	C	A	33	20	25	15	15	27	0.189873	79	1.06247e-07	TRUE	NA	NA	NA	NA	NA	NA
NC_045512.2	5091	C	T	24	12	25	19	19	26	0.25	76	1.9399e-10	TRUE	NA	NA	NA	NA	NA	NA
NC_045512.2	5091	C	G	24	12	25	11	11	26	0.144737	76	9.78618e-07	TRUE	NA	NA	NA	NA	NA	NA
NC_045512.2	5091	C	A	24	12	25	22	22	26	0.289474	76	1.02256e-11	TRUE	NA	NA	NA	NA	NA	NA
NC_045512.2	5092	T	G	35	22	26	18	18	26	0.222222	81	8.13657e-09	TRUE	NA	NA	NA	NA	NA	NA
NC_045512.2	5092	T	C	35	22	26	8	8	25	0.0987654	81	0.000140802	TRUE	NA	NA	NA	NA	NA	NA
NC_045512.2	5092	T	A	35	22	26	20	20	26	0.246914	81	1.33585e-09	TRUE	NA	NA	NA	NA	NA	NA
NC_045512.2	5092	T	-C	35	22	26	1	0	20	0.0123457	81	0.310345	FALSE	NA	NA	NA	NA	NA	NA
NC_045512.2	5093	C	T	26	13	27	19	19	26	0.246753	77	3.52321e-10	TRUE	NA	NA	NA	NA	NA	NA
NC_045512.2	5093	C	G	26	13	27	13	13	26	0.168831	77	1.66246e-07	TRUE	NA	NA	NA	NA	NA	NA
NC_045512.2	5093	C	A	26	13	27	19	19	26	0.246753	77	3.52321e-10	TRUE	NA	NA	NA	NA	NA	NA
NC_045512.2	5094	A	T	36	24	26	12	12	27	0.155844	77	4.37488e-06	TRUE	NA	NA	NA	NA	NA	NA
NC_045512.2	5094	A	G	36	24	26	18	18	26	0.233766	77	1.89473e-08	TRUE	NA	NA	NA	NA	NA	NA
NC_045512.2	5094	A	C	36	24	26	11	11	25	0.142857	77	1.13018e-05	TRUE	NA	NA	NA	NA	NA	NA
NC_045512.2	5095	T	G	29	17	25	12	12	26	0.153846	78	9.25796e-07	TRUE	NA	NA	NA	NA	NA	NA
NC_045512.2	5095	T	C	29	17	25	10	10	26	0.128205	78	7.79362e-06	TRUE	NA	NA	NA	NA	NA	NA
NC_045512.2	5095	T	A	29	17	25	27	27	26	0.346154	78	6.1977e-13	TRUE	NA	NA	NA	NA	NA	NA
NC_045512.2	5096	A	T	30	18	26	20	20	27	0.25974	77	5.54063e-10	TRUE	NA	NA	NA	NA	NA	NA
NC_045512.2	5096	A	G	30	18	26	16	16	27	0.207792	77	2.40803e-08	TRUE	NA	NA	NA	NA	NA	NA
NC_045512.2	5096	A	C	30	18	26	11	11	25	0.142857	77	3.64147e-06	TRUE	NA	NA	NA	NA	NA	NA
NC_045512.2	5097	A	T	30	20	25	18	18	26	0.243243	74	5.72574e-09	TRUE	NA	NA	NA	NA	NA	NA
NC_045512.2	5097	A	G	30	20	25	16	16	25	0.216216	74	3.68519e-08	TRUE	NA	NA	NA	NA	NA	NA
NC_045512.2	5097	A	C	30	20	25	10	10	25	0.135135	74	1.36524e-05	TRUE	NA	NA	NA	NA	NA	NA
NC_045512.2	5098	T	G	33	22	26	18	18	27	0.25	72	1.86301e-08	TRUE	NA	NA	NA	NA	NA	NA
NC_045512.2	5098	T	C	33	22	26	8	8	27	0.111111	72	0.000200946	TRUE	NA	NA	NA	NA	NA	NA
NC_045512.2	5098	T	A	33	22	26	13	13	26	0.180556	72	1.64398e-06	TRUE	NA	NA	NA	NA	NA	NA
NC_045512.2	5099	T	G	26	16	25	18	18	26	0.24	75	1.31316e-09	TRUE	NA	NA	NA	NA	NA	NA
NC_045512.2	5099	T	C	26	16	25	7	7	25	0.0933333	75	0.000163831	TRUE	NA	NA	NA	NA	NA	NA
NC_045512.2	5099	T	A	26	16	25	24	24	26	0.32	75	4.67298e-12	TRUE	NA	NA	NA	NA	NA	NA
NC_045512.2	5100	C	T	26	15	27	18	18	26	0.227848	79	6.87444e-10	TRUE	NA	NA	NA	NA	NA	NA
NC_045512.2	5100	C	G	26	15	27	18	18	26	0.227848	79	6.87444e-10	TRUE	NA	NA	NA	NA	NA	NA
NC_045512.2	5100	C	A	26	15	27	17	17	25	0.21519	79	1.90609e-09	TRUE	NA	NA	NA	NA	NA	NA
NC_045512.2	5101	A	T	35	27	27	15	15	26	0.202703	74	3.20994e-07	TRUE	NA	NA	NA	NA	NA	NA
NC_045512.2	5101	A	G	35	27	27	15	15	26	0.202703	74	3.20994e-07	TRUE	NA	NA	NA	NA	NA	NA
NC_045512.2	5101	A	C	35	27	27	9	9	26	0.121622	74	8.58384e-05	TRUE	NA	NA	NA	NA	NA	NA
NC_045512.2	5102	C	T	19	13	25	14	14	26	0.189189	74	7.74578e-09	TRUE	NA	NA	NA	NA	NA	NA
NC_045512.2	5102	C	G	19	13	25	20	20	27	0.27027	74	1.05632e-11	TRUE	NA	NA	NA	NA	NA	NA
NC_045512.2	5102	C	A	19	13	25	21	21	26	0.283784	74	3.7392e-12	TRUE	NA	NA	NA	NA	NA	NA
NC_045512.2	5103	A	T	32	28	26	16	16	25	0.222222	72	8.38083e-08	TRUE	NA	NA	NA	NA	NA	NA
NC_045512.2	5103	A	G	32	28	26	13	13	26	0.180556	72	1.3268e-06	TRUE	NA	NA	NA	NA	NA	NA
NC_045512.2	5103	A	C	32	28	26	11	11	26	0.152778	72	8.93913e-06	TRUE	NA	NA	NA	NA	NA	NA
NC_045512.2	5104	T	G	29	25	27	12	12	25	0.169014	71	2.00287e-06	TRUE	NA	NA	NA	NA	NA	NA
NC_045512.2	5104	T	C	29	25	27	15	15	26	0.211268	71	1.10312e-07	TRUE	NA	NA	NA	NA	NA	NA
NC_045512.2	5104	T	A	29	25	27	15	15	26	0.211268	71	1.10312e-07	TRUE	NA	NA	NA	NA	NA	NA
NC_045512.2	5105	G	T	27	23	27	14	14	28	0.197183	71	1.67629e-07	TRUE	NA	NA	NA	NA	NA	NA
NC_045512.2	5105	G	C	27	23	27	10	10	26	0.140845	71	9.91338e-06	TRUE	NA	NA	NA	NA	NA	NA
NC_045512.2	5105	G	A	27	23	27	20	20	25	0.28169	71	5.75498e-10	TRUE	NA	NA	NA	NA	NA	NA
NC_045512.2	5106	A	T	38	34	26	18	18	26	0.257143	70	8.85619e-08	TRUE	NA	NA	NA	NA	NA	NA
NC_045512.2	5106	A	G	38	34	26	5	5	25	0.0714286	70	0.00717534	TRUE	NA	NA	NA	NA	NA	NA
NC_045512.2	5106	A	C	38	34	26	9	9	26	0.128571	70	0.000178741	TRUE	NA	NA	NA	NA	NA	NA
NC_045512.2	5107	A	T	22	22	26	11	11	25	0.169231	65	1.94571e-06	TRUE	NA	NA	NA	NA	NA	NA
NC_045512.2	5107	A	G	22	22	26	17	17	27	0.261538	65	4.43974e-09	TRUE	NA	NA	NA	NA	NA	NA
NC_045512.2	5107	A	C	22	22	26	15	15	26	0.230769	65	3.14736e-08	TRUE	NA	NA	NA	NA	NA	NA
NC_045512.2	5108	G	T	10	7	25	19	19	25	0.279412	68	3.56715e-13	TRUE	NA	NA	NA	NA	NA	NA
NC_045512.2	5108	G	C	10	7	25	11	11	27	0.161765	68	1.10203e-08	TRUE	NA	NA	NA	NA	NA	NA
NC_045512.2	5108	G	A	10	7	25	28	28	27	0.411765	68	1.93503e-17	TRUE	NA	NA	NA	NA	NA	NA
NC_045512.2	5109	G	T	19	19	26	22	22	27	0.328358	67	6.3163e-12	TRUE	NA	NA	NA	NA	NA	NA
NC_045512.2	5109	G	C	19	19	26	4	4	26	0.0597015	67	0.00362668	TRUE	NA	NA	NA	NA	NA	NA
NC_045512.2	5109	G	A	19	19	26	22	22	26	0.328358	67	6.3163e-12	TRUE	NA	NA	NA	NA	NA	NA
NC_045512.2	5110	T	G	23	20	25	14	14	27	0.202899	69	6.65633e-08	TRUE	NA	NA	NA	NA	NA	NA
NC_045512.2	5110	T	C	23	20	25	12	12	26	0.173913	69	5.45699e-07	TRUE	NA	NA	NA	NA	NA	NA
NC_045512.2	5110	T	A	23	20	25	20	20	26	0.289855	69	1.79221e-10	TRUE	NA	NA	NA	NA	NA	NA
NC_045512.2	5111	A	T	32	29	25	14	14	26	0.205882	68	8.74711e-07	TRUE	NA	NA	NA	NA	NA	NA
NC_045512.2	5111	A	G	32	29	25	13	13	25	0.191176	68	2.14875e-06	TRUE	NA	NA	NA	NA	NA	NA
NC_045512.2	5111	A	C	32	29	25	9	9	27	0.132353	68	8.957e-05	TRUE	NA	NA	NA	NA	NA	NA
NC_045512.2	5112	A	T	28	25	26	7	7	27	0.106061	66	0.000420084	TRUE	NA	NA	NA	NA	NA	NA
NC_045512.2	5112	A	G	28	25	26	19	19	26	0.287879	66	4.96954e-09	TRUE	NA	NA	NA	NA	NA	NA
NC_045512.2	5112	A	C	28	25	26	12	12	27	0.181818	66	2.86264e-06	TRUE	NA	NA	NA	NA	NA	NA
NC_045512.2	5113	A	T	21	19	26	22	22	26	0.323529	68	1.38098e-11	TRUE	NA	NA	NA	NA	NA	NA
NC_045512.2	5113	A	G	21	19	26	14	14	27	0.205882	68	3.90182e-08	TRUE	NA	NA	NA	NA	NA	NA
NC_045512.2	5113	A	C	21	19	26	11	11	25	0.161765	68	1.02359e-06	TRUE	NA	NA	NA	NA	NA	NA
NC_045512.2	5114	A	T	36	36	26	13	13	26	0.19403	67	5.37471e-06	TRUE	NA	NA	NA	NA	NA	NA
NC_045512.2	5114	A	G	36	36	26	11	11	25	0.164179	67	2.99585e-05	TRUE	NA	NA	NA	NA	NA	NA
NC_045512.2	5114	A	C	36	36	26	7	7	26	0.104478	67	0.00108146	TRUE	NA	NA	NA	NA	NA	NA
NC_045512.2	5115	C	T	22	20	26	21	21	25	0.308824	68	5.5867e-11	TRUE	NA	NA	NA	NA	NA	NA
NC_045512.2	5115	C	G	22	20	26	14	14	27	0.205882	68	5.51695e-08	TRUE	NA	NA	NA	NA	NA	NA
NC_045512.2	5115	C	A	22	20	26	11	11	25	0.161765	68	1.3665e-06	TRUE	NA	NA	NA	NA	NA	NA
NC_045512.2	5116	A	T	30	28	26	21	21	27	0.304348	69	9.88874e-10	TRUE	NA	NA	NA	NA	NA	NA
NC_045512.2	5116	A	G	30	28	26	12	12	25	0.173913	69	3.1439e-06	TRUE	NA	NA	NA	NA	NA	NA
NC_045512.2	5116	A	C	30	28	26	6	6	24	0.0869565	69	0.00128365	TRUE	NA	NA	NA	NA	NA	NA
NC_045512.2	5117	T	G	22	20	26	10	10	27	0.149254	67	4.60617e-06	TRUE	NA	NA	NA	NA	NA	NA
NC_045512.2	5117	T	C	22	20	26	16	16	25	0.238806	67	8.38034e-09	TRUE	NA	NA	NA	NA	NA	NA
NC_045512.2	5117	T	A	22	20	26	19	19	26	0.283582	67	4.50081e-10	TRUE	NA	NA	NA	NA	NA	NA
NC_045512.2	5118	T	G	16	16	28	8	8	26	0.129032	62	1.52827e-05	TRUE	NA	NA	NA	NA	NA	NA
NC_045512.2	5118	T	C	16	16	28	14	14	27	0.225806	62	1.36138e-08	TRUE	NA	NA	NA	NA	NA	NA
NC_045512.2	5118	T	A	16	16	28	24	24	26	0.387097	62	6.00643e-13	TRUE	NA	NA	NA	NA	NA	NA
NC_045512.2	5119	T	G	16	16	27	9	9	24	0.134328	67	2.60661e-06	TRUE	NA	NA	NA	NA	NA	NA
NC_045512.2	5119	T	C	16	16	27	13	13	26	0.19403	67	1.94467e-08	TRUE	NA	NA	NA	NA	NA	NA
NC_045512.2	5119	T	A	16	16	27	29	29	26	0.432836	67	1.54162e-15	TRUE	NA	NA	NA	NA	NA	NA
NC_045512.2	5120	T	G	10	10	27	19	19	27	0.279412	68	3.56715e-13	TRUE	NA	NA	NA	NA	NA	NA
NC_045512.2	5120	T	C	10	10	27	16	16	25	0.235294	68	1.39484e-11	TRUE	NA	NA	NA	NA	NA	NA
NC_045512.2	5120	T	A	10	10	27	23	23	25	0.338235	68	3.7225e-15	TRUE	NA	NA	NA	NA	NA	NA
NC_045512.2	5121	A	T	34	34	25	19	19	25	0.279412	68	2.04029e-08	TRUE	NA	NA	NA	NA	NA	NA
NC_045512.2	5121	A	G	34	34	25	3	3	25	0.0441176	68	0.0426679	FALSE	NA	NA	NA	NA	NA	NA
NC_045512.2	5121	A	C	34	34	25	12	12	26	0.176471	68	7.87396e-06	TRUE	NA	NA	NA	NA	NA	NA
NC_045512.2	5122	T	G	18	18	26	12	12	26	0.181818	66	1.58243e-07	TRUE	NA	NA	NA	NA	NA	NA
NC_045512.2	5122	T	C	18	18	26	17	17	26	0.257576	66	6.82327e-10	TRUE	NA	NA	NA	NA	NA	NA
NC_045512.2	5122	T	A	18	18	26	19	19	26	0.287879	66	8.82217e-11	TRUE	NA	NA	NA	NA	NA	NA
NC_045512.2	5123	G	T	14	14	26	22	22	24	0.328358	67	3.17636e-13	TRUE	NA	NA	NA	NA	NA	NA
NC_045512.2	5123	G	C	14	14	26	13	13	25	0.19403	67	7.72777e-09	TRUE	NA	NA	NA	NA	NA	NA
NC_045512.2	5123	G	A	14	14	26	18	18	25	0.268657	67	2.29151e-11	TRUE	NA	NA	NA	NA	NA	NA
NC_045512.2	5124	T	G	23	23	26	13	13	26	0.220339	59	7.67145e-07	TRUE	NA	NA	NA	NA	NA	NA
NC_045512.2	5124	T	C	23	23	26	8	8	26	0.135593	59	0.000111698	TRUE	NA	NA	NA	NA	NA	NA
NC_045512.2	5124	T	A	23	23	26	15	15	25	0.254237	59	1.18268e-07	TRUE	NA	NA	NA	NA	NA	NA
NC_045512.2	5125	T	G	27	27	26	12	12	25	0.1875	64	2.89476e-06	TRUE	NA	NA	NA	NA	NA	NA
NC_045512.2	5125	T	C	27	27	26	9	9	26	0.140625	64	5.43857e-05	TRUE	NA	NA	NA	NA	NA	NA
NC_045512.2	5125	T	A	27	27	26	16	16	26	0.25	64	7.19132e-08	TRUE	NA	NA	NA	NA	NA	NA
NC_045512.2	5126	T	G	16	16	25	15	15	27	0.223881	67	1.94217e-09	TRUE	NA	NA	NA	NA	NA	NA
NC_045512.2	5126	T	C	16	16	25	11	11	25	0.164179	67	2.13866e-07	TRUE	NA	NA	NA	NA	NA	NA
NC_045512.2	5126	T	A	16	16	25	25	25	26	0.373134	67	6.19671e-14	TRUE	NA	NA	NA	NA	NA	NA
NC_045512.2	5127	T	G	19	19	25	8	8	26	0.121212	66	2.3851e-05	TRUE	NA	NA	NA	NA	NA	NA
NC_045512.2	5127	T	C	19	19	25	22	22	25	0.333333	66	7.9511e-12	TRUE	NA	NA	NA	NA	NA	NA
NC_045512.2	5127	T	A	19	19	25	17	17	26	0.257576	66	1.07523e-09	TRUE	NA	NA	NA	NA	NA	NA
NC_045512.2	5128	A	T	25	25	25	16	16	26	0.242424	66	2.7953e-08	TRUE	NA	NA	NA	NA	NA	NA
NC_045512.2	5128	A	G	25	25	25	6	6	25	0.0909091	66	0.000794221	TRUE	NA	NA	NA	NA	NA	NA
NC_045512.2	5128	A	C	25	25	25	19	19	25	0.287879	66	1.76346e-09	TRUE	NA	NA	NA	NA	NA	NA
NC_045512.2	5129	C	T	16	16	24	8	8	25	0.129032	62	1.52827e-05	TRUE	NA	NA	NA	NA	NA	NA
NC_045512.2	5129	C	G	16	16	24	9	9	27	0.145161	62	4.44264e-06	TRUE	NA	NA	NA	NA	NA	NA
NC_045512.2	5129	C	A	16	16	24	29	29	25	0.467742	62	7.24131e-15	TRUE	NA	NA	NA	NA	NA	NA
NC_045512.2	5130	C	T	21	21	26	15	15	26	0.220588	68	1.36374e-08	TRUE	NA	NA	NA	NA	NA	NA
NC_045512.2	5130	C	G	21	21	26	8	8	25	0.117647	68	3.23689e-05	TRUE	NA	NA	NA	NA	NA	NA
NC_045512.2	5130	C	A	21	21	26	24	24	25	0.352941	68	2.19944e-12	TRUE	NA	NA	NA	NA	NA	NA
NC_045512.2	5131	T	G	9	9	26	11	11	24	0.177419	62	1.38533e-08	TRUE	NA	NA	NA	NA	NA	NA
NC_045512.2	5131	T	C	9	9	26	15	15	24	0.241935	62	7.27017e-11	TRUE	NA	NA	NA	NA	NA	NA
NC_045512.2	5131	T	A	9	9	26	27	27	25	0.435484	62	1.27654e-16	TRUE	NA	NA	NA	NA	NA	NA
NC_045512.2	5132	A	T	16	16	25	2	2	27	0.0408163	49	0.0713287	FALSE	NA	NA	NA	NA	NA	NA
NC_045512.2	5132	A	G	16	16	25	13	13	26	0.265306	49	3.69335e-07	TRUE	NA	NA	NA	NA	NA	NA
NC_045512.2	5132	A	C	16	16	25	18	18	26	0.367347	49	3.76648e-09	TRUE	NA	NA	NA	NA	NA	NA
NC_045512.2	5133	A	T	19	19	25	14	14	25	0.318182	44	1.19141e-06	TRUE	NA	NA	NA	NA	NA	NA
NC_045512.2	5133	A	G	19	19	25	5	5	26	0.113636	44	0.00440107	TRUE	NA	NA	NA	NA	NA	NA
NC_045512.2	5133	A	C	19	19	25	6	6	27	0.136364	44	0.00161804	TRUE	NA	NA	NA	NA	NA	NA
NC_045512.2	5134	T	G	13	13	24	5	5	25	0.121951	41	0.00186988	TRUE	NA	NA	NA	NA	NA	NA
NC_045512.2	5134	T	C	13	13	24	8	8	25	0.195122	41	6.91008e-05	TRUE	NA	NA	NA	NA	NA	NA
NC_045512.2	5134	T	A	13	13	24	15	15	26	0.365854	41	8.4397e-08	TRUE	NA	NA	NA	NA	NA	NA
NC_045512.2	5135	G	T	11	11	25	15	15	25	0.357143	42	2.23441e-08	TRUE	NA	NA	NA	NA	NA	NA
NC_045512.2	5135	G	C	11	11	25	3	3	24	0.0714286	42	0.0138746	FALSE	NA	NA	NA	NA	NA	NA
NC_045512.2	5135	G	A	11	11	25	13	13	25	0.309524	42	1.52009e-07	TRUE	NA	NA	NA	NA	NA	NA
NC_045512.2	5136	A	T	16	16	25	16	16	25	0.410256	39	2.42362e-07	TRUE	NA	NA	NA	NA	NA	NA
NC_045512.2	5136	A	G	16	16	25	5	5	24	0.128205	39	0.00406461	TRUE	NA	NA	NA	NA	NA	NA
NC_045512.2	5136	A	C	16	16	25	2	2	24	0.0512821	39	0.0993506	FALSE	NA	NA	NA	NA	NA	NA
NC_045512.2	5137	T	G	13	13	25	14	14	25	0.333333	42	1.62766e-07	TRUE	NA	NA	NA	NA	NA	NA
NC_045512.2	5137	T	C	13	13	25	7	7	25	0.166667	42	0.000177688	TRUE	NA	NA	NA	NA	NA	NA
NC_045512.2	5137	T	A	13	13	25	8	8	25	0.190476	42	6.01846e-05	TRUE	NA	NA	NA	NA	NA	NA
NC_045512.2	5138	G	T	8	8	25	9	9	25	0.230769	39	3.82329e-06	TRUE	NA	NA	NA	NA	NA	NA
NC_045512.2	5138	G	C	8	8	25	4	4	23	0.102564	39	0.00214937	TRUE	NA	NA	NA	NA	NA	NA
NC_045512.2	5138	G	A	8	8	25	18	18	24	0.461538	39	4.33762e-10	TRUE	NA	NA	NA	NA	NA	NA
NC_045512.2	5139	A	T	13	13	26	7	7	23	0.170732	41	0.000200721	TRUE	NA	NA	NA	NA	NA	NA
NC_045512.2	5139	A	G	13	13	26	7	7	25	0.170732	41	0.000200721	TRUE	NA	NA	NA	NA	NA	NA
NC_045512.2	5139	A	C	13	13	26	14	14	24	0.341463	41	2.04964e-07	TRUE	NA	NA	NA	NA	NA	NA
NC_045512.2	5140	C	T	17	17	25	10	10	24	0.25641	39	4.71265e-05	TRUE	NA	NA	NA	NA	NA	NA
NC_045512.2	5140	C	G	17	17	25	3	3	24	0.0769231	39	0.0369458	FALSE	NA	NA	NA	NA	NA	NA
NC_045512.2	5140	C	A	17	17	25	9	9	25	0.230769	39	0.000113453	TRUE	NA	NA	NA	NA	NA	NA
NC_045512.2	5141	A	T	17	17	25	11	11	25	0.275	40	1.67106e-05	TRUE	NA	NA	NA	NA	NA	NA
NC_045512.2	5141	A	G	17	17	25	4	4	24	0.1	40	0.0122735	FALSE	NA	NA	NA	NA	NA	NA
NC_045512.2	5141	A	C	17	17	25	8	8	25	0.2	40	0.000244359	TRUE	NA	NA	NA	NA	NA	NA
NC_045512.2	5142	C	T	11	11	25	12	12	24	0.285714	42	4.1169e-07	TRUE	NA	NA	NA	NA	NA	NA
NC_045512.2	5142	C	G	11	11	25	8	8	23	0.190476	42	2.95401e-05	TRUE	NA	NA	NA	NA	NA	NA
NC_045512.2	5142	C	A	11	11	25	11	11	25	0.261905	42	1.14557e-06	TRUE	NA	NA	NA	NA	NA	NA
NC_045512.2	5143	T	G	15	15	26	7	7	26	0.175	40	0.000390913	TRUE	NA	NA	NA	NA	NA	NA
NC_045512.2	5143	T	C	15	15	26	8	8	25	0.2	40	0.000145016	TRUE	NA	NA	NA	NA	NA	NA
NC_045512.2	5143	T	A	15	15	26	10	10	24	0.25	40	2.15798e-05	TRUE	NA	NA	NA	NA	NA	NA
NC_045512.2	5144	C	T	12	12	25	6	6	23	0.153846	39	0.000571755	TRUE	NA	NA	NA	NA	NA	NA
NC_045512.2	5144	C	G	12	12	25	7	7	24	0.179487	39	0.000190585	TRUE	NA	NA	NA	NA	NA	NA
NC_045512.2	5144	C	A	12	12	25	14	14	24	0.358974	39	2.01809e-07	TRUE	NA	NA	NA	NA	NA	NA
NC_045512.2	5145	T	G	12	12	25	5	5	25	0.135135	37	0.00215633	TRUE	NA	NA	NA	NA	NA	NA
NC_045512.2	5145	T	C	12	12	25	7	7	25	0.189189	37	0.000248305	TRUE	NA	NA	NA	NA	NA	NA
NC_045512.2	5145	T	A	12	12	25	13	13	24	0.351351	37	7.91977e-07	TRUE	NA	NA	NA	NA	NA	NA
NC_045512.2	5146	A	T	4	4	23	5	5	25	0.333333	15	0.00374454	TRUE	NA	NA	NA	NA	NA	NA
NC_045512.2	5146	A	C	4	4	23	6	6	23	0.4	15	0.00156022	TRUE	NA	NA	NA	NA	NA	NA
NC_045512.2	5147	C	T	0	0	0	3	3	24	0.6	5	0.0285714	FALSE	NA	NA	NA	NA	NA	NA
NC_045512.2	5147	C	G	0	0	0	1	1	23	0.2	5	0.2	FALSE	NA	NA	NA	NA	NA	NA
NC_045512.2	5147	C	A	0	0	0	1	1	25	0.2	5	0.2	FALSE	NA	NA	NA	NA	NA	NA
NC_045512.2	5149	T	G	0	0	0	1	1	27	1	1	1	FALSE	NA	NA	NA	NA	NA	NA
NC_045512.2	5150	G	T	0	0	0	1	1	27	1	1	1	FALSE	NA	NA	NA	NA	NA	NA
NC_045512.2	5151	T	C	0	0	0	1	1	23	1	1	1	FALSE	NA	NA	NA	NA	NA	NA
NC_045512.2	5152	T	C	0	0	0	1	1	27	1	1	1	FALSE	NA	NA	NA	NA	NA	NA
NC_045512.2	5153	G	A	0	0	0	1	1	22	1	1	1	FALSE	NA	NA	NA	NA	NA	NA
NC_045512.2	5155	G	C	0	0	0	1	1	26	1	1	1	FALSE	NA	NA	NA	NA	NA	NA
NC_045512.2	5156	G	T	0	0	0	1	1	21	1	1	1	FALSE	NA	NA	NA	NA	NA	NA
NC_045512.2	5157	C	T	0	0	0	1	1	26	1	1	1	FALSE	NA	NA	NA	NA	NA	NA
NC_045512.2	5158	T	A	0	0	0	1	1	27	1	1	1	FALSE	NA	NA	NA	NA	NA	NA
NC_045512.2	5163	A	G	0	0	0	1	1	27	1	1	1	FALSE	NA	NA	NA	NA	NA	NA
NC_045512.2	5164	G	A	0	0	0	1	1	27	1	1	1	FALSE	NA	NA	NA	NA	NA	NA
NC_045512.2	5166	A	G	0	0	0	1	1	23	1	1	1	FALSE	NA	NA	NA	NA	NA	NA
NC_045512.2	5167	C	G	0	0	0	1	1	27	1	1	1	FALSE	NA	NA	NA	NA	NA	NA
NC_045512.2	5168	T	A	0	0	0	1	1	22	1	1	1	FALSE	NA	NA	NA	NA	NA	NA
NC_045512.2	5169	A	G	8	0	28	1	1	22	0.111111	9	0.529412	FALSE	NA	NA	NA	NA	NA	NA
NC_045512.2	5171	C	T	8	0	24	1	1	27	0.111111	9	0.529412	FALSE	NA	NA	NA	NA	NA	NA
NC_045512.2	5172	A	G	8	0	26	1	1	21	0.111111	9	0.529412	FALSE	NA	NA	NA	NA	NA	NA
NC_045512.2	5173	C	A	8	0	26	1	1	22	0.111111	9	0.529412	FALSE	NA	NA	NA	NA	NA	NA
NC_045512.2	5174	A	T	8	0	27	1	1	22	0.111111	9	0.529412	FALSE	NA	NA	NA	NA	NA	NA
NC_045512.2	5175	C	G	8	0	27	1	1	27	0.111111	9	0.529412	FALSE	NA	NA	NA	NA	NA	NA
NC_045512.2	5176	A	T	8	0	27	1	1	22	0.111111	9	0.529412	FALSE	NA	NA	NA	NA	NA	NA
NC_045512.2	5177	A	T	7	0	23	1	1	27	0.125	8	0.533333	FALSE	NA	NA	NA	NA	NA	NA
NC_045512.2	5178	C	A	8	0	26	1	1	27	0.111111	9	0.529412	FALSE	NA	NA	NA	NA	NA	NA
NC_045512.2	5179	T	C	8	0	26	1	1	27	0.111111	9	0.529412	FALSE	NA	NA	NA	NA	NA	NA
NC_045512.2	5229	A	G	0	0	0	1	0	26	1	1	1	FALSE	NA	NA	NA	NA	NA	NA
NC_045512.2	5295	C	A	4	0	29	1	1	25	0.2	5	0.555556	FALSE	NA	NA	NA	NA	NA	NA
NC_045512.2	5297	A	C	4	0	29	1	1	27	0.2	5	0.555556	FALSE	NA	NA	NA	NA	NA	NA
NC_045512.2	5298	C	A	4	0	28	1	1	27	0.2	5	0.555556	FALSE	NA	NA	NA	NA	NA	NA
NC_045512.2	5299	T	C	4	0	28	1	1	27	0.2	5	0.555556	FALSE	NA	NA	NA	NA	NA	NA
NC_045512.2	5300	G	A	4	0	27	1	1	27	0.2	5	0.555556	FALSE	NA	NA	NA	NA	NA	NA
NC_045512.2	5303	T	A	4	0	28	1	1	28	0.2	5	0.555556	FALSE	NA	NA	NA	NA	NA	NA
NC_045512.2	5304	T	C	4	0	23	1	1	24	0.2	5	0.555556	FALSE	NA	NA	NA	NA	NA	NA
NC_045512.2	5305	G	T	4	0	28	1	1	24	0.2	5	0.555556	FALSE	NA	NA	NA	NA	NA	NA
NC_045512.2	5306	T	G	4	0	28	1	1	24	0.2	5	0.555556	FALSE	NA	NA	NA	NA	NA	NA
NC_045512.2	5307	T	A	4	0	23	1	1	27	0.2	5	0.555556	FALSE	NA	NA	NA	NA	NA	NA
NC_045512.2	5308	A	T	5	0	27	1	1	27	0.166667	6	0.545455	FALSE	NA	NA	NA	NA	NA	NA
NC_045512.2	5309	A	C	5	0	23	1	1	26	0.166667	6	0.545455	FALSE	NA	NA	NA	NA	NA	NA
NC_045512.2	5310	C	G	5	1	27	1	0	29	0.166667	6	0.545455	FALSE	NA	NA	NA	NA	NA	NA
NC_045512.2	5311	A	T	5	0	26	1	1	31	0.166667	6	0.545455	FALSE	NA	NA	NA	NA	NA	NA
NC_045512.2	5312	C	A	5	0	28	1	1	28	0.166667	6	0.545455	FALSE	NA	NA	NA	NA	NA	NA
NC_045512.2	5313	T	G	5	0	28	1	1	28	0.166667	6	0.545455	FALSE	NA	NA	NA	NA	NA	NA
NC_045512.2	5314	C	T	5	0	27	1	1	22	0.166667	6	0.545455	FALSE	NA	NA	NA	NA	NA	NA
NC_045512.2	5315	C	T	5	0	23	1	1	31	0.166667	6	0.545455	FALSE	NA	NA	NA	NA	NA	NA
NC_045512.2	5316	A	T	5	0	28	1	1	31	0.166667	6	0.545455	FALSE	NA	NA	NA	NA	NA	NA
NC_045512.2	5317	A	T	5	0	23	1	1	31	0.166667	6	0.545455	FALSE	NA	NA	NA	NA	NA	NA
NC_045512.2	5319	A	T	5	0	27	1	1	29	0.166667	6	0.545455	FALSE	NA	NA	NA	NA	NA	NA
NC_045512.2	5320	A	G	5	0	27	1	1	23	0.166667	6	0.545455	FALSE	NA	NA	NA	NA	NA	NA
NC_045512.2	5321	A	G	4	0	22	1	1	30	0.2	5	0.555556	FALSE	NA	NA	NA	NA	NA	NA
NC_045512.2	5322	T	G	5	0	27	1	1	28	0.166667	6	0.545455	FALSE	NA	NA	NA	NA	NA	NA
NC_045512.2	5323	A	T	16	0	26	1	1	28	0.0588235	17	0.515152	FALSE	NA	NA	NA	NA	NA	NA
NC_045512.2	5324	G	A	16	0	27	1	1	28	0.0588235	17	0.515152	FALSE	NA	NA	NA	NA	NA	NA
NC_045512.2	5325	A	G	16	0	27	1	1	24	0.0588235	17	0.515152	FALSE	NA	NA	NA	NA	NA	NA
NC_045512.2	5328	T	A	15	0	24	1	1	28	0.0625	16	0.516129	FALSE	NA	NA	NA	NA	NA	NA
NC_045512.2	5329	G	C	16	0	28	1	1	27	0.0588235	17	0.515152	FALSE	NA	NA	NA	NA	NA	NA
NC_045512.2	5331	A	T	16	0	23	1	1	26	0.0588235	17	0.515152	FALSE	NA	NA	NA	NA	NA	NA
NC_045512.2	5334	T	C	16	0	28	1	1	29	0.0588235	17	0.515152	FALSE	NA	NA	NA	NA	NA	NA
NC_045512.2	5335	T	A	14	0	22	1	1	27	0.0666667	15	0.517241	FALSE	NA	NA	NA	NA	NA	NA
NC_045512.2	5336	A	G	16	0	27	1	1	27	0.0588235	17	0.515152	FALSE	NA	NA	NA	NA	NA	NA
NC_045512.2	5337	A	C	16	0	22	1	1	27	0.0588235	17	0.515152	FALSE	NA	NA	NA	NA	NA	NA
NC_045512.2	5338	T	A	16	0	27	1	1	27	0.0588235	17	0.515152	FALSE	NA	NA	NA	NA	NA	NA
NC_045512.2	5339	C	T	16	0	28	1	1	23	0.0588235	17	0.515152	FALSE	NA	NA	NA	NA	NA	NA
NC_045512.2	5340	C	T	15	0	23	1	1	27	0.0625	16	0.516129	FALSE	NA	NA	NA	NA	NA	NA
NC_045512.2	5342	C	A	16	0	27	1	1	25	0.0588235	17	0.515152	FALSE	NA	NA	NA	NA	NA	NA
NC_045512.2	5343	C	T	14	0	23	1	0	27	0.0625	16	0.5	FALSE	NA	NA	NA	NA	NA	NA
NC_045512.2	5343	C	A	14	0	23	1	1	24	0.0625	16	0.5	FALSE	NA	NA	NA	NA	NA	NA
NC_045512.2	5345	G	C	16	0	26	1	1	25	0.0588235	17	0.515152	FALSE	NA	NA	NA	NA	NA	NA
NC_045512.2	5346	C	A	16	0	26	1	1	25	0.0588235	17	0.515152	FALSE	NA	NA	NA	NA	NA	NA
NC_045512.2	5347	T	C	16	0	26	1	1	27	0.0588235	17	0.515152	FALSE	NA	NA	NA	NA	NA	NA
NC_045512.2	5348	C	A	16	0	27	1	1	22	0.0588235	17	0.515152	FALSE	NA	NA	NA	NA	NA	NA
NC_045512.2	5349	T	A	16	0	27	1	1	26	0.0588235	17	0.515152	FALSE	NA	NA	NA	NA	NA	NA
NC_045512.2	5350	A	C	16	0	27	1	1	25	0.0588235	17	0.515152	FALSE	NA	NA	NA	NA	NA	NA
NC_045512.2	5351	C	T	16	0	26	1	1	25	0.0588235	17	0.515152	FALSE	NA	NA	NA	NA	NA	NA
NC_045512.2	5354	G	A	16	0	27	1	1	28	0.0588235	17	0.515152	FALSE	NA	NA	NA	NA	NA	NA
NC_045512.2	5356	T	A	16	0	26	1	1	26	0.0588235	17	0.515152	FALSE	NA	NA	NA	NA	NA	NA
NC_045512.2	5358	C	T	16	0	25	1	1	25	0.0588235	17	0.515152	FALSE	NA	NA	NA	NA	NA	NA
NC_045512.2	5359	T	G	16	0	26	1	1	20	0.0588235	17	0.515152	FALSE	NA	NA	NA	NA	NA	NA
NC_045512.2	5360	T	G	15	0	23	1	1	26	0.0625	16	0.516129	FALSE	NA	NA	NA	NA	NA	NA
NC_045512.2	5362	T	A	16	0	27	1	1	28	0.0588235	17	0.515152	FALSE	NA	NA	NA	NA	NA	NA
NC_045512.2	5366	A	C	16	0	27	1	1	31	0.0588235	17	0.515152	FALSE	NA	NA	NA	NA	NA	NA
NC_045512.2	5367	G	C	16	0	26	1	1	29	0.0588235	17	0.515152	FALSE	NA	NA	NA	NA	NA	NA
NC_045512.2	5369	G	C	16	0	27	1	1	23	0.0588235	17	0.515152	FALSE	NA	NA	NA	NA	NA	NA
NC_045512.2	5372	A	G	11	0	22	1	1	26	0.0833333	12	0.521739	FALSE	NA	NA	NA	NA	NA	NA
NC_045512.2	5373	G	T	15	0	26	1	1	20	0.0625	16	0.516129	FALSE	NA	NA	NA	NA	NA	NA
NC_045512.2	5374	G	T	15	0	28	1	1	27	0.0625	16	0.516129	FALSE	NA	NA	NA	NA	NA	NA
NC_045512.2	5375	G	A	5	0	22	1	1	21	0.166667	6	0.545455	FALSE	NA	NA	NA	NA	NA	NA
NC_045512.2	5376	C	A	15	0	25	1	1	27	0.0625	16	0.516129	FALSE	NA	NA	NA	NA	NA	NA
NC_045512.2	5381	G	T	14	0	25	1	1	27	0.0666667	15	0.517241	FALSE	NA	NA	NA	NA	NA	NA
NC_045512.2	5382	A	T	14	0	26	1	1	27	0.0666667	15	0.517241	FALSE	NA	NA	NA	NA	NA	NA
NC_045512.2	5384	G	A	14	0	27	1	1	27	0.0666667	15	0.517241	FALSE	NA	NA	NA	NA	NA	NA
NC_045512.2	5387	G	T	14	0	27	1	1	28	0.0666667	15	0.517241	FALSE	NA	NA	NA	NA	NA	NA
NC_045512.2	5389	T	-A	15	1	26	1	0	20	0.0666667	15	0.533333	FALSE	NA	NA	NA	NA	NA	NA
NC_045512.2	5391	A	T	13	0	22	1	1	23	0.0714286	14	0.518519	FALSE	NA	NA	NA	NA	NA	NA
NC_045512.2	5392	C	T	14	0	25	1	1	27	0.0666667	15	0.517241	FALSE	NA	NA	NA	NA	NA	NA
NC_045512.2	5393	T	A	13	0	26	1	1	20	0.0714286	14	0.518519	FALSE	NA	NA	NA	NA	NA	NA
NC_045512.2	5394	T	A	12	0	27	1	1	27	0.0769231	13	0.52	FALSE	NA	NA	NA	NA	NA	NA
NC_045512.2	5395	T	A	12	0	27	1	1	23	0.0769231	13	0.52	FALSE	NA	NA	NA	NA	NA	NA
NC_045512.2	5398	T	G	12	0	26	1	1	25	0.0769231	13	0.52	FALSE	NA	NA	NA	NA	NA	NA
NC_045512.2	5412	C	T	11	0	26	1	0	27	0.0833333	12	0.521739	FALSE	NA	NA	NA	NA	NA	NA
NC_045512.2	5417	T	G	9	0	27	1	0	28	0.1	10	0.526316	FALSE	NA	NA	NA	NA	NA	NA
NC_045512.2	5424	A	C	7	0	22	1	0	25	0.125	8	0.533333	FALSE	NA	NA	NA	NA	NA	NA
NC_045512.2	5464	T	C	17	1	27	1	0	27	0.0555556	18	0.514286	FALSE	NA	NA	NA	NA	NA	NA
NC_045512.2	5472	T	A	18	1	28	1	1	27	0.0526316	19	0.513514	FALSE	NA	NA	NA	NA	NA	NA
NC_045512.2	5473	T	G	15	1	22	1	1	28	0.0625	16	0.516129	FALSE	NA	NA	NA	NA	NA	NA
NC_045512.2	5474	C	A	18	1	26	1	1	28	0.0526316	19	0.513514	FALSE	NA	NA	NA	NA	NA	NA
NC_045512.2	5475	A	G	17	0	27	1	1	27	0.0555556	18	0.514286	FALSE	NA	NA	NA	NA	NA	NA
NC_045512.2	5476	A	T	18	1	22	1	1	22	0.0526316	19	0.513514	FALSE	NA	NA	NA	NA	NA	NA
NC_045512.2	5477	C	T	18	1	27	1	1	28	0.0526316	19	0.513514	FALSE	NA	NA	NA	NA	NA	NA
NC_045512.2	5478	A	G	18	1	27	1	1	27	0.0526316	19	0.513514	FALSE	NA	NA	NA	NA	NA	NA
NC_045512.2	5479	T	C	18	2	27	1	0	27	0.05	20	0.5	FALSE	NA	NA	NA	NA	NA	NA
NC_045512.2	5479	T	A	18	2	27	1	1	22	0.05	20	0.5	FALSE	NA	NA	NA	NA	NA	NA
NC_045512.2	5480	G	A	17	1	27	2	2	28	0.105263	19	0.256757	FALSE	NA	NA	NA	NA	NA	NA
NC_045512.2	5481	C	G	16	0	27	2	2	28	0.111111	18	0.257143	FALSE	NA	NA	NA	NA	NA	NA
NC_045512.2	5482	C	T	17	1	23	1	1	22	0.0526316	19	0.5	FALSE	NA	NA	NA	NA	NA	NA
NC_045512.2	5482	C	A	17	1	23	1	1	29	0.0526316	19	0.5	FALSE	NA	NA	NA	NA	NA	NA
NC_045512.2	5483	A	T	16	0	27	1	1	28	0.0555556	18	0.5	FALSE	NA	NA	NA	NA	NA	NA
NC_045512.2	5483	A	G	16	0	27	1	1	28	0.0555556	18	0.5	FALSE	NA	NA	NA	NA	NA	NA
NC_045512.2	5484	A	T	18	2	23	1	1	27	0.0526316	19	0.513514	FALSE	NA	NA	NA	NA	NA	NA
NC_045512.2	5485	T	A	17	1	27	2	2	25	0.105263	19	0.256757	FALSE	NA	NA	NA	NA	NA	NA
NC_045512.2	5486	T	A	17	1	29	2	2	28	0.105263	19	0.256757	FALSE	NA	NA	NA	NA	NA	NA
NC_045512.2	5487	T	C	17	2	23	1	1	27	0.0555556	18	0.514286	FALSE	NA	NA	NA	NA	NA	NA
NC_045512.2	5488	A	C	18	2	27	1	1	23	0.0526316	19	0.513514	FALSE	NA	NA	NA	NA	NA	NA
NC_045512.2	5489	G	C	17	1	27	1	1	28	0.0526316	19	0.5	FALSE	NA	NA	NA	NA	NA	NA
NC_045512.2	5489	G	A	17	1	27	1	1	28	0.0526316	19	0.5	FALSE	NA	NA	NA	NA	NA	NA
NC_045512.2	5490	A	T	18	2	26	1	1	28	0.0526316	19	0.513514	FALSE	NA	NA	NA	NA	NA	NA
NC_045512.2	5491	T	G	16	0	28	1	1	28	0.0555556	18	0.5	FALSE	NA	NA	NA	NA	NA	NA
NC_045512.2	5491	T	C	16	0	28	1	1	21	0.0555556	18	0.5	FALSE	NA	NA	NA	NA	NA	NA
NC_045512.2	5492	T	C	16	1	23	2	1	27	0.105263	19	0.242857	FALSE	NA	NA	NA	NA	NA	NA
NC_045512.2	5492	T	A	16	1	23	1	1	27	0.0526316	19	0.485714	FALSE	NA	NA	NA	NA	NA	NA
NC_045512.2	5493	C	T	17	1	27	1	1	27	0.0526316	19	0.5	FALSE	NA	NA	NA	NA	NA	NA
NC_045512.2	5493	C	G	17	1	27	1	1	27	0.0526316	19	0.5	FALSE	NA	NA	NA	NA	NA	NA
NC_045512.2	5494	T	G	18	2	27	1	1	30	0.0526316	19	0.513514	FALSE	NA	NA	NA	NA	NA	NA
NC_045512.2	5495	T	C	15	2	23	1	1	27	0.0625	16	0.516129	FALSE	NA	NA	NA	NA	NA	NA
NC_045512.2	5496	G	T	17	1	26	1	1	27	0.0526316	19	0.5	FALSE	NA	NA	NA	NA	NA	NA
NC_045512.2	5496	G	A	17	1	26	1	1	25	0.0526316	19	0.5	FALSE	NA	NA	NA	NA	NA	NA
NC_045512.2	5498	A	T	16	1	26	1	1	27	0.0588235	17	0.515152	FALSE	NA	NA	NA	NA	NA	NA
NC_045512.2	5499	A	T	16	2	27	1	1	28	0.0555556	18	0.5	FALSE	NA	NA	NA	NA	NA	NA
NC_045512.2	5499	A	G	16	2	27	1	0	27	0.0555556	18	0.5	FALSE	NA	NA	NA	NA	NA	NA
NC_045512.2	5500	A	G	16	1	27	1	1	28	0.0555556	18	0.5	FALSE	NA	NA	NA	NA	NA	NA
NC_045512.2	5500	A	C	16	1	27	1	1	27	0.0555556	18	0.5	FALSE	NA	NA	NA	NA	NA	NA
NC_045512.2	5501	A	T	10	2	22	1	1	20	0.0909091	11	0.52381	FALSE	NA	NA	NA	NA	NA	NA
NC_045512.2	5502	G	T	16	1	26	1	1	27	0.0555556	18	0.5	FALSE	NA	NA	NA	NA	NA	NA
NC_045512.2	5502	G	A	16	1	26	1	1	27	0.0555556	18	0.5	FALSE	NA	NA	NA	NA	NA	NA
NC_045512.2	5503	A	T	16	1	27	1	1	25	0.0555556	18	0.5	FALSE	NA	NA	NA	NA	NA	NA
NC_045512.2	5503	A	G	16	1	27	1	1	27	0.0555556	18	0.5	FALSE	NA	NA	NA	NA	NA	NA
NC_045512.2	5504	G	C	16	1	27	1	1	25	0.0555556	18	0.5	FALSE	NA	NA	NA	NA	NA	NA
NC_045512.2	5504	G	A	16	1	27	1	1	27	0.0555556	18	0.5	FALSE	NA	NA	NA	NA	NA	NA
NC_045512.2	5506	C	G	16	1	27	1	1	27	0.0555556	18	0.5	FALSE	NA	NA	NA	NA	NA	NA
NC_045512.2	5506	C	A	16	1	27	1	1	27	0.0555556	18	0.5	FALSE	NA	NA	NA	NA	NA	NA
NC_045512.2	5507	T	C	16	1	27	2	2	26	0.111111	18	0.257143	FALSE	NA	NA	NA	NA	NA	NA
NC_045512.2	5508	T	A	17	2	23	1	1	27	0.0555556	18	0.514286	FALSE	NA	NA	NA	NA	NA	NA
NC_045512.2	5509	G	T	16	1	27	2	2	29	0.111111	18	0.257143	FALSE	NA	NA	NA	NA	NA	NA
NC_045512.2	5510	A	G	17	2	27	1	1	25	0.0555556	18	0.514286	FALSE	NA	NA	NA	NA	NA	NA
NC_045512.2	5511	A	T	14	1	23	1	1	26	0.0625	16	0.5	FALSE	NA	NA	NA	NA	NA	NA
NC_045512.2	5511	A	C	14	1	23	1	1	22	0.0625	16	0.5	FALSE	NA	NA	NA	NA	NA	NA
NC_045512.2	5512	C	T	16	2	26	1	1	28	0.0588235	17	0.515152	FALSE	NA	NA	NA	NA	NA	NA
NC_045512.2	5513	G	A	15	1	26	1	1	28	0.0625	16	0.516129	FALSE	NA	NA	NA	NA	NA	NA
NC_045512.2	5514	T	C	15	1	26	1	1	29	0.0588235	17	0.5	FALSE	NA	NA	NA	NA	NA	NA
NC_045512.2	5514	T	A	15	1	26	1	1	25	0.0588235	17	0.5	FALSE	NA	NA	NA	NA	NA	NA
NC_045512.2	5515	G	A	15	1	26	1	1	27	0.0625	16	0.516129	FALSE	NA	NA	NA	NA	NA	NA
NC_045512.2	5516	G	T	15	2	23	1	1	29	0.0625	16	0.516129	FALSE	NA	NA	NA	NA	NA	NA
NC_045512.2	5517	T	A	16	2	27	1	1	27	0.0588235	17	0.515152	FALSE	NA	NA	NA	NA	NA	NA
NC_045512.2	5518	G	A	16	2	27	1	1	28	0.0588235	17	0.515152	FALSE	NA	NA	NA	NA	NA	NA
NC_045512.2	5519	T	G	15	1	27	1	1	28	0.0588235	17	0.5	FALSE	NA	NA	NA	NA	NA	NA
NC_045512.2	5519	T	C	15	1	27	1	1	27	0.0588235	17	0.5	FALSE	NA	NA	NA	NA	NA	NA
NC_045512.2	5520	G	A	15	1	28	2	2	25	0.117647	17	0.257576	FALSE	NA	NA	NA	NA	NA	NA
NC_045512.2	5521	T	A	16	2	25	1	1	29	0.0588235	17	0.515152	FALSE	NA	NA	NA	NA	NA	NA
NC_045512.2	5521	T	-A	16	2	25	1	0	20	0.0588235	17	0.515152	FALSE	NA	NA	NA	NA	NA	NA
NC_045512.2	5522	A	T	10	1	26	1	1	30	0.0833333	12	0.478261	FALSE	NA	NA	NA	NA	NA	NA
NC_045512.2	5522	A	G	10	1	26	1	1	21	0.0833333	12	0.478261	FALSE	NA	NA	NA	NA	NA	NA
NC_045512.2	5523	A	G	11	1	26	1	1	28	0.0769231	13	0.5	FALSE	NA	NA	NA	NA	NA	NA
NC_045512.2	5523	A	C	11	1	26	1	1	30	0.0769231	13	0.5	FALSE	NA	NA	NA	NA	NA	NA
NC_045512.2	5524	A	T	11	1	26	1	1	25	0.0769231	13	0.5	FALSE	NA	NA	NA	NA	NA	NA
NC_045512.2	5524	A	G	11	1	26	1	1	28	0.0769231	13	0.5	FALSE	NA	NA	NA	NA	NA	NA
NC_045512.2	5525	A	T	3	1	23	1	1	30	0.2	5	0.5	FALSE	NA	NA	NA	NA	NA	NA
NC_045512.2	5525	A	C	3	1	23	1	1	28	0.2	5	0.5	FALSE	NA	NA	NA	NA	NA	NA
NC_045512.2	5526	C	T	10	1	25	1	1	27	0.0833333	12	0.5	FALSE	NA	NA	NA	NA	NA	NA
NC_045512.2	5526	C	G	10	1	25	1	1	28	0.0833333	12	0.5	FALSE	NA	NA	NA	NA	NA	NA
NC_045512.2	5527	T	G	10	1	26	1	1	21	0.0833333	12	0.5	FALSE	NA	NA	NA	NA	NA	NA
NC_045512.2	5527	T	C	10	1	26	1	1	28	0.0833333	12	0.5	FALSE	NA	NA	NA	NA	NA	NA
NC_045512.2	5528	T	G	9	1	23	1	1	23	0.0909091	11	0.5	FALSE	NA	NA	NA	NA	NA	NA
NC_045512.2	5528	T	A	9	1	23	1	1	21	0.0909091	11	0.5	FALSE	NA	NA	NA	NA	NA	NA
NC_045512.2	5529	G	T	10	1	27	1	1	24	0.0833333	12	0.5	FALSE	NA	NA	NA	NA	NA	NA
NC_045512.2	5529	G	A	10	1	27	1	1	28	0.0833333	12	0.5	FALSE	NA	NA	NA	NA	NA	NA
NC_045512.2	5530	T	G	10	1	27	1	1	24	0.0833333	12	0.5	FALSE	NA	NA	NA	NA	NA	NA
NC_045512.2	5530	T	A	10	1	27	1	1	28	0.0833333	12	0.5	FALSE	NA	NA	NA	NA	NA	NA
NC_045512.2	5531	G	A	10	1	27	1	1	28	0.0909091	11	0.52381	FALSE	NA	NA	NA	NA	NA	NA
NC_045512.2	5532	G	A	11	2	24	1	1	24	0.0833333	12	0.521739	FALSE	NA	NA	NA	NA	NA	NA
NC_045512.2	5533	A	G	11	2	27	1	1	23	0.0833333	12	0.521739	FALSE	NA	NA	NA	NA	NA	NA
NC_045512.2	5534	C	G	11	2	27	1	1	27	0.0833333	12	0.521739	FALSE	NA	NA	NA	NA	NA	NA
NC_045512.2	5535	A	T	10	1	26	2	2	28	0.166667	12	0.26087	FALSE	NA	NA	NA	NA	NA	NA
NC_045512.2	5536	A	G	8	1	23	2	1	28	0.181818	11	0.236842	FALSE	NA	NA	NA	NA	NA	NA
NC_045512.2	5536	A	C	8	1	23	1	1	27	0.0909091	11	0.473684	FALSE	NA	NA	NA	NA	NA	NA
NC_045512.2	5537	C	T	11	2	27	1	1	23	0.0833333	12	0.521739	FALSE	NA	NA	NA	NA	NA	NA
NC_045512.2	5538	A	T	10	1	27	2	2	28	0.166667	12	0.26087	FALSE	NA	NA	NA	NA	NA	NA
NC_045512.2	5539	G	A	10	2	27	1	1	23	0.0909091	11	0.52381	FALSE	NA	NA	NA	NA	NA	NA
NC_045512.2	5540	C	A	9	1	27	1	1	28	0.1	10	0.526316	FALSE	NA	NA	NA	NA	NA	NA
NC_045512.2	5541	A	C	10	2	28	1	1	28	0.0909091	11	0.52381	FALSE	NA	NA	NA	NA	NA	NA
NC_045512.2	5542	G	T	9	1	27	1	1	22	0.0909091	11	0.5	FALSE	NA	NA	NA	NA	NA	NA
NC_045512.2	5542	G	C	9	1	27	1	1	26	0.0909091	11	0.5	FALSE	NA	NA	NA	NA	NA	NA
NC_045512.2	5543	A	T	9	1	27	1	1	29	0.0909091	11	0.5	FALSE	NA	NA	NA	NA	NA	NA
NC_045512.2	5543	A	G	9	1	27	1	1	27	0.0909091	11	0.5	FALSE	NA	NA	NA	NA	NA	NA
NC_045512.2	5544	C	T	8	1	26	2	2	28	0.2	10	0.263158	FALSE	NA	NA	NA	NA	NA	NA
NC_045512.2	5545	A	G	8	1	26	1	1	22	0.1	10	0.5	FALSE	NA	NA	NA	NA	NA	NA
NC_045512.2	5545	A	C	8	1	26	1	1	28	0.1	10	0.5	FALSE	NA	NA	NA	NA	NA	NA
NC_045512.2	5546	A	G	4	1	24	2	2	27	0.333333	6	0.272727	FALSE	NA	NA	NA	NA	NA	NA
NC_045512.2	5547	C	T	5	1	25	2	2	26	0.285714	7	0.269231	FALSE	NA	NA	NA	NA	NA	NA
NC_045512.2	5548	C	G	5	1	27	2	2	26	0.285714	7	0.269231	FALSE	NA	NA	NA	NA	NA	NA
NC_045512.2	5549	C	T	5	2	24	1	1	27	0.166667	6	0.545455	FALSE	NA	NA	NA	NA	NA	NA
NC_045512.2	5550	T	G	5	1	26	1	1	27	0.142857	7	0.5	FALSE	NA	NA	NA	NA	NA	NA
NC_045512.2	5550	T	A	5	1	26	1	1	28	0.142857	7	0.5	FALSE	NA	NA	NA	NA	NA	NA
NC_045512.2	5551	T	C	5	2	24	1	1	26	0.166667	6	0.545455	FALSE	NA	NA	NA	NA	NA	NA
NC_045512.2	5552	A	T	6	2	25	1	1	22	0.142857	7	0.538462	FALSE	NA	NA	NA	NA	NA	NA
NC_045512.2	5553	A	T	5	2	25	1	1	28	0.166667	6	0.545455	FALSE	NA	NA	NA	NA	NA	NA
NC_045512.2	5554	G	A	4	1	26	2	2	27	0.333333	6	0.272727	FALSE	NA	NA	NA	NA	NA	NA
NC_045512.2	5555	G	T	5	2	30	1	1	29	0.142857	7	0.5	FALSE	NA	NA	NA	NA	NA	NA
NC_045512.2	5555	G	A	5	2	30	1	1	29	0.142857	7	0.5	FALSE	NA	NA	NA	NA	NA	NA
NC_045512.2	5556	G	C	4	1	23	2	2	27	0.285714	7	0.227273	FALSE	NA	NA	NA	NA	NA	NA
NC_045512.2	5556	G	A	4	1	23	1	1	28	0.142857	7	0.454545	FALSE	NA	NA	NA	NA	NA	NA
NC_045512.2	5557	T	G	6	3	25	1	1	27	0.142857	7	0.538462	FALSE	NA	NA	NA	NA	NA	NA
NC_045512.2	5558	G	T	4	1	27	3	3	24	0.428571	7	0.122378	FALSE	NA	NA	NA	NA	NA	NA
NC_045512.2	5559	T	G	5	2	27	1	1	27	0.142857	7	0.5	FALSE	NA	NA	NA	NA	NA	NA
NC_045512.2	5559	T	A	5	2	27	1	1	24	0.142857	7	0.5	FALSE	NA	NA	NA	NA	NA	NA
NC_045512.2	5560	A	T	5	2	27	1	1	27	0.166667	6	0.545455	FALSE	NA	NA	NA	NA	NA	NA
NC_045512.2	5562	A	G	4	1	27	2	2	25	0.333333	6	0.272727	FALSE	NA	NA	NA	NA	NA	NA
NC_045512.2	5563	A	T	5	2	25	1	1	24	0.166667	6	0.545455	FALSE	NA	NA	NA	NA	NA	NA
NC_045512.2	5564	G	C	5	2	28	1	1	28	0.166667	6	0.545455	FALSE	NA	NA	NA	NA	NA	NA
NC_045512.2	5565	C	A	4	1	28	2	2	24	0.333333	6	0.272727	FALSE	NA	NA	NA	NA	NA	NA
NC_045512.2	5566	T	A	5	2	27	1	1	28	0.166667	6	0.545455	FALSE	NA	NA	NA	NA	NA	NA
NC_045512.2	5567	G	C	4	2	28	1	1	28	0.166667	6	0.5	FALSE	NA	NA	NA	NA	NA	NA
NC_045512.2	5567	G	A	4	2	28	1	0	27	0.166667	6	0.5	FALSE	NA	NA	NA	NA	NA	NA
NC_045512.2	5568	T	A	5	2	26	1	1	28	0.166667	6	0.545455	FALSE	NA	NA	NA	NA	NA	NA
NC_045512.2	5569	T	G	5	2	24	1	1	30	0.166667	6	0.545455	FALSE	NA	NA	NA	NA	NA	NA
NC_045512.2	5570	A	C	5	2	27	1	1	28	0.166667	6	0.545455	FALSE	NA	NA	NA	NA	NA	NA
NC_045512.2	5571	T	G	3	1	28	1	1	23	0.2	5	0.5	FALSE	NA	NA	NA	NA	NA	NA
NC_045512.2	5571	T	A	3	1	28	1	1	28	0.2	5	0.5	FALSE	NA	NA	NA	NA	NA	NA
NC_045512.2	5572	G	A	4	2	28	1	1	22	0.2	5	0.555556	FALSE	NA	NA	NA	NA	NA	NA
NC_045512.2	5573	T	G	3	1	27	1	1	22	0.2	5	0.5	FALSE	NA	NA	NA	NA	NA	NA
NC_045512.2	5573	T	A	3	1	27	1	1	27	0.2	5	0.5	FALSE	NA	NA	NA	NA	NA	NA
NC_045512.2	5573	T	-A	3	1	27	1	0	20	0.2	5	0.5	FALSE	NA	NA	NA	NA	NA	NA
NC_045512.2	5574	A	C	3	1	27	1	1	27	0.25	4	0.571429	FALSE	NA	NA	NA	NA	NA	NA
NC_045512.2	5575	C	A	3	1	27	1	1	22	0.25	4	0.571429	FALSE	NA	NA	NA	NA	NA	NA
NC_045512.2	5577	T	C	3	1	28	2	2	22	0.4	5	0.277778	FALSE	NA	NA	NA	NA	NA	NA
NC_045512.2	5578	G	C	3	1	27	1	1	27	0.25	4	0.571429	FALSE	NA	NA	NA	NA	NA	NA
NC_045512.2	5579	G	C	3	1	29	1	1	27	0.2	5	0.5	FALSE	NA	NA	NA	NA	NA	NA
NC_045512.2	5579	G	A	3	1	29	1	1	23	0.2	5	0.5	FALSE	NA	NA	NA	NA	NA	NA
NC_045512.2	5580	G	T	3	1	24	2	2	22	0.4	5	0.277778	FALSE	NA	NA	NA	NA	NA	NA
NC_045512.2	5581	C	T	3	1	27	1	1	27	0.2	5	0.5	FALSE	NA	NA	NA	NA	NA	NA
NC_045512.2	5581	C	G	3	1	27	1	1	28	0.2	5	0.5	FALSE	NA	NA	NA	NA	NA	NA
NC_045512.2	5583	C	G	3	1	26	1	1	29	0.2	5	0.5	FALSE	NA	NA	NA	NA	NA	NA
NC_045512.2	5583	C	A	3	1	26	1	1	27	0.2	5	0.5	FALSE	NA	NA	NA	NA	NA	NA
NC_045512.2	5584	A	T	3	1	26	1	1	23	0.2	5	0.5	FALSE	NA	NA	NA	NA	NA	NA
NC_045512.2	5584	A	G	3	1	26	1	1	22	0.2	5	0.5	FALSE	NA	NA	NA	NA	NA	NA
NC_045512.2	5585	C	T	3	1	26	1	1	28	0.2	5	0.5	FALSE	NA	NA	NA	NA	NA	NA
NC_045512.2	5585	C	G	3	1	26	1	1	27	0.2	5	0.5	FALSE	NA	NA	NA	NA	NA	NA
NC_045512.2	5586	T	G	2	0	26	1	1	27	0.25	4	0.5	FALSE	NA	NA	NA	NA	NA	NA
NC_045512.2	5586	T	A	2	0	26	1	1	28	0.25	4	0.5	FALSE	NA	NA	NA	NA	NA	NA
NC_045512.2	5587	T	C	4	2	26	1	1	28	0.2	5	0.555556	FALSE	NA	NA	NA	NA	NA	NA
NC_045512.2	5588	T	G	3	2	23	1	1	28	0.25	4	0.571429	FALSE	NA	NA	NA	NA	NA	NA
NC_045512.2	5589	C	T	16	2	26	2	2	28	0.111111	18	0.257143	FALSE	NA	NA	NA	NA	NA	NA
NC_045512.2	5590	T	G	16	2	26	1	1	28	0.0555556	18	0.5	FALSE	NA	NA	NA	NA	NA	NA
NC_045512.2	5590	T	A	16	2	26	1	1	27	0.0555556	18	0.5	FALSE	NA	NA	NA	NA	NA	NA
NC_045512.2	5591	T	G	17	3	23	1	1	28	0.0555556	18	0.514286	FALSE	NA	NA	NA	NA	NA	NA
NC_045512.2	5592	A	T	17	3	27	1	1	27	0.0555556	18	0.514286	FALSE	NA	NA	NA	NA	NA	NA
NC_045512.2	5593	T	A	17	3	27	1	1	34	0.0555556	18	0.514286	FALSE	NA	NA	NA	NA	NA	NA
NC_045512.2	5594	G	C	17	3	27	1	1	27	0.0555556	18	0.514286	FALSE	NA	NA	NA	NA	NA	NA
NC_045512.2	5595	A	G	17	3	27	1	1	27	0.0526316	19	0.5	FALSE	NA	NA	NA	NA	NA	NA
NC_045512.2	5595	A	C	17	3	27	1	1	29	0.0526316	19	0.5	FALSE	NA	NA	NA	NA	NA	NA
NC_045512.2	5596	A	T	18	4	23	1	1	28	0.0526316	19	0.513514	FALSE	NA	NA	NA	NA	NA	NA
NC_045512.2	5597	C	G	17	3	27	2	2	28	0.105263	19	0.256757	FALSE	NA	NA	NA	NA	NA	NA
NC_045512.2	5598	A	T	16	2	27	2	2	24	0.111111	18	0.257143	FALSE	NA	NA	NA	NA	NA	NA
NC_045512.2	5599	A	T	15	2	24	3	3	28	0.166667	18	0.124675	FALSE	NA	NA	NA	NA	NA	NA
NC_045512.2	5600	T	G	16	2	27	1	1	28	0.0526316	19	0.485714	FALSE	NA	NA	NA	NA	NA	NA
NC_045512.2	5600	T	A	16	2	27	2	2	28	0.105263	19	0.242857	FALSE	NA	NA	NA	NA	NA	NA
NC_045512.2	5601	T	G	17	3	29	1	1	23	0.0526316	19	0.5	FALSE	NA	NA	NA	NA	NA	NA
NC_045512.2	5601	T	C	17	3	29	1	1	23	0.0526316	19	0.5	FALSE	NA	NA	NA	NA	NA	NA
NC_045512.2	5602	T	G	15	2	23	2	2	27	0.111111	18	0.242424	FALSE	NA	NA	NA	NA	NA	NA
NC_045512.2	5602	T	C	15	2	23	1	1	29	0.0555556	18	0.484848	FALSE	NA	NA	NA	NA	NA	NA
NC_045512.2	5603	A	T	18	3	27	2	2	28	0.1	20	0.25641	FALSE	NA	NA	NA	NA	NA	NA
NC_045512.2	5604	A	G	19	4	23	1	1	27	0.05	20	0.512821	FALSE	NA	NA	NA	NA	NA	NA
NC_045512.2	5605	G	T	17	2	27	1	1	21	0.05	20	0.486486	FALSE	NA	NA	NA	NA	NA	NA
NC_045512.2	5605	G	C	17	2	27	1	1	26	0.05	20	0.486486	FALSE	NA	NA	NA	NA	NA	NA
NC_045512.2	5605	G	A	17	2	27	1	1	28	0.05	20	0.486486	FALSE	NA	NA	NA	NA	NA	NA
NC_045512.2	5606	A	T	17	2	27	2	2	29	0.105263	19	0.256757	FALSE	NA	NA	NA	NA	NA	NA
NC_045512.2	5607	A	T	17	2	28	2	2	27	0.1	20	0.243243	FALSE	NA	NA	NA	NA	NA	NA
NC_045512.2	5607	A	G	17	2	28	1	1	29	0.05	20	0.486486	FALSE	NA	NA	NA	NA	NA	NA
NC_045512.2	5608	A	T	16	3	23	1	1	23	0.0555556	18	0.5	FALSE	NA	NA	NA	NA	NA	NA
NC_045512.2	5608	A	G	16	3	23	1	1	21	0.0555556	18	0.5	FALSE	NA	NA	NA	NA	NA	NA
NC_045512.2	5609	G	T	19	4	26	1	1	28	0.05	20	0.512821	FALSE	NA	NA	NA	NA	NA	NA
NC_045512.2	5610	G	A	17	3	24	2	2	26	0.105263	19	0.256757	FALSE	NA	NA	NA	NA	NA	NA
NC_045512.2	5611	T	G	17	2	27	1	1	29	0.0526316	19	0.5	FALSE	NA	NA	NA	NA	NA	NA
NC_045512.2	5611	T	C	17	2	27	1	1	26	0.0526316	19	0.5	FALSE	NA	NA	NA	NA	NA	NA
NC_045512.2	5612	G	T	17	2	27	1	1	25	0.05	20	0.486486	FALSE	NA	NA	NA	NA	NA	NA
NC_045512.2	5612	G	A	17	2	27	2	2	26	0.1	20	0.243243	FALSE	NA	NA	NA	NA	NA	NA
NC_045512.2	5613	T	G	17	2	27	1	1	28	0.05	20	0.486486	FALSE	NA	NA	NA	NA	NA	NA
NC_045512.2	5613	T	C	17	2	27	2	2	25	0.1	20	0.243243	FALSE	NA	NA	NA	NA	NA	NA
NC_045512.2	5614	T	A	17	3	23	1	1	27	0.0555556	18	0.514286	FALSE	NA	NA	NA	NA	NA	NA
NC_045512.2	5615	C	T	18	3	27	1	1	23	0.05	20	0.5	FALSE	NA	NA	NA	NA	NA	NA
NC_045512.2	5615	C	A	18	3	27	1	1	27	0.05	20	0.5	FALSE	NA	NA	NA	NA	NA	NA
NC_045512.2	5616	A	T	18	3	28	1	1	23	0.05	20	0.5	FALSE	NA	NA	NA	NA	NA	NA
NC_045512.2	5616	A	G	18	3	28	1	1	22	0.05	20	0.5	FALSE	NA	NA	NA	NA	NA	NA
NC_045512.2	5617	G	T	17	2	28	1	1	30	0.05	20	0.486486	FALSE	NA	NA	NA	NA	NA	NA
NC_045512.2	5617	G	C	17	2	28	2	2	23	0.1	20	0.243243	FALSE	NA	NA	NA	NA	NA	NA
NC_045512.2	5618	A	T	18	3	27	1	1	29	0.0526316	19	0.513514	FALSE	NA	NA	NA	NA	NA	NA
NC_045512.2	5619	T	C	17	2	26	1	1	29	0.05	20	0.486486	FALSE	NA	NA	NA	NA	NA	NA
NC_045512.2	5619	T	A	17	2	26	2	2	26	0.1	20	0.243243	FALSE	NA	NA	NA	NA	NA	NA
NC_045512.2	5620	A	T	18	3	26	2	2	25	0.1	20	0.25641	FALSE	NA	NA	NA	NA	NA	NA
NC_045512.2	5621	C	T	17	2	26	1	1	29	0.05	20	0.486486	FALSE	NA	NA	NA	NA	NA	NA
NC_045512.2	5621	C	G	17	2	26	1	1	26	0.05	20	0.486486	FALSE	NA	NA	NA	NA	NA	NA
NC_045512.2	5621	C	A	17	2	26	1	1	25	0.05	20	0.486486	FALSE	NA	NA	NA	NA	NA	NA
NC_045512.2	5622	C	G	16	2	24	1	1	25	0.0526316	19	0.485714	FALSE	NA	NA	NA	NA	NA	NA
NC_045512.2	5622	C	A	16	2	24	2	2	28	0.105263	19	0.242857	FALSE	NA	NA	NA	NA	NA	NA
NC_045512.2	5623	T	G	18	3	27	1	1	24	0.05	20	0.5	FALSE	NA	NA	NA	NA	NA	NA
NC_045512.2	5623	T	A	18	3	27	1	1	24	0.05	20	0.5	FALSE	NA	NA	NA	NA	NA	NA
NC_045512.2	5624	T	G	16	2	24	2	2	24	0.111111	18	0.257143	FALSE	NA	NA	NA	NA	NA	NA
NC_045512.2	5625	G	T	17	2	27	2	2	24	0.1	20	0.243243	FALSE	NA	NA	NA	NA	NA	NA
NC_045512.2	5625	G	A	17	2	27	1	1	24	0.05	20	0.486486	FALSE	NA	NA	NA	NA	NA	NA
NC_045512.2	5626	T	C	17	2	28	1	1	20	0.05	20	0.486486	FALSE	NA	NA	NA	NA	NA	NA
NC_045512.2	5626	T	A	17	2	28	2	2	26	0.1	20	0.243243	FALSE	NA	NA	NA	NA	NA	NA
NC_045512.2	5627	A	T	17	2	27	1	1	21	0.05	20	0.486486	FALSE	NA	NA	NA	NA	NA	NA
NC_045512.2	5627	A	C	17	2	27	2	2	26	0.1	20	0.243243	FALSE	NA	NA	NA	NA	NA	NA
NC_045512.2	5628	C	T	17	2	28	2	2	22	0.1	20	0.243243	FALSE	NA	NA	NA	NA	NA	NA
NC_045512.2	5628	C	A	17	2	28	1	1	20	0.05	20	0.486486	FALSE	NA	NA	NA	NA	NA	NA
NC_045512.2	5629	G	T	18	3	27	1	1	30	0.05	20	0.5	FALSE	NA	NA	NA	NA	NA	NA
NC_045512.2	5629	G	A	18	3	27	1	1	29	0.05	20	0.5	FALSE	NA	NA	NA	NA	NA	NA
NC_045512.2	5630	T	G	18	3	27	1	1	29	0.0526316	19	0.513514	FALSE	NA	NA	NA	NA	NA	NA
NC_045512.2	5631	G	T	17	2	27	2	2	25	0.1	20	0.243243	FALSE	NA	NA	NA	NA	NA	NA
NC_045512.2	5631	G	A	17	2	27	1	1	25	0.05	20	0.486486	FALSE	NA	NA	NA	NA	NA	NA
NC_045512.2	5632	T	C	19	4	27	1	1	25	0.05	20	0.512821	FALSE	NA	NA	NA	NA	NA	NA
NC_045512.2	5633	G	T	18	3	27	1	1	28	0.0526316	19	0.513514	FALSE	NA	NA	NA	NA	NA	NA
NC_045512.2	5634	G	T	16	2	24	1	1	24	0.0526316	19	0.485714	FALSE	NA	NA	NA	NA	NA	NA
NC_045512.2	5634	G	C	16	2	24	1	1	28	0.0526316	19	0.485714	FALSE	NA	NA	NA	NA	NA	NA
NC_045512.2	5634	G	A	16	2	24	1	1	23	0.0526316	19	0.485714	FALSE	NA	NA	NA	NA	NA	NA
NC_045512.2	5635	T	G	17	2	26	1	1	23	0.0526316	19	0.5	FALSE	NA	NA	NA	NA	NA	NA
NC_045512.2	5635	T	A	17	2	26	1	1	23	0.0526316	19	0.5	FALSE	NA	NA	NA	NA	NA	NA
NC_045512.2	5636	A	G	19	4	26	1	1	25	0.05	20	0.512821	FALSE	NA	NA	NA	NA	NA	NA
NC_045512.2	5637	A	T	17	3	27	1	1	25	0.0526316	19	0.5	FALSE	NA	NA	NA	NA	NA	NA
NC_045512.2	5637	A	C	17	3	27	1	1	28	0.0526316	19	0.5	FALSE	NA	NA	NA	NA	NA	NA
NC_045512.2	5638	A	G	15	4	24	1	1	25	0.0625	16	0.516129	FALSE	NA	NA	NA	NA	NA	NA
NC_045512.2	5639	C	T	16	2	26	2	2	27	0.105263	19	0.242857	FALSE	NA	NA	NA	NA	NA	NA
NC_045512.2	5639	C	G	16	2	26	1	1	24	0.0526316	19	0.485714	FALSE	NA	NA	NA	NA	NA	NA
NC_045512.2	5640	A	G	16	2	27	3	3	26	0.157895	19	0.12471	FALSE	NA	NA	NA	NA	NA	NA
NC_045512.2	5641	A	T	14	2	24	2	2	27	0.117647	17	0.241935	FALSE	NA	NA	NA	NA	NA	NA
NC_045512.2	5641	A	C	14	2	24	1	1	23	0.0588235	17	0.483871	FALSE	NA	NA	NA	NA	NA	NA
NC_045512.2	5642	G	C	17	3	27	1	1	27	0.0555556	18	0.514286	FALSE	NA	NA	NA	NA	NA	NA
NC_045512.2	5643	C	T	16	2	27	1	1	24	0.0526316	19	0.485714	FALSE	NA	NA	NA	NA	NA	NA
NC_045512.2	5643	C	A	16	2	27	2	2	24	0.105263	19	0.242857	FALSE	NA	NA	NA	NA	NA	NA
NC_045512.2	5644	T	A	17	3	27	2	2	27	0.105263	19	0.256757	FALSE	NA	NA	NA	NA	NA	NA
NC_045512.2	5645	A	T	17	3	27	1	1	22	0.0526316	19	0.5	FALSE	NA	NA	NA	NA	NA	NA
NC_045512.2	5645	A	C	17	3	27	1	1	28	0.0526316	19	0.5	FALSE	NA	NA	NA	NA	NA	NA
NC_045512.2	5646	C	T	17	3	27	1	1	29	0.0526316	19	0.5	FALSE	NA	NA	NA	NA	NA	NA
NC_045512.2	5646	C	A	17	3	27	1	1	27	0.0526316	19	0.5	FALSE	NA	NA	NA	NA	NA	NA
NC_045512.2	5647	A	T	16	2	26	2	2	25	0.105263	19	0.242857	FALSE	NA	NA	NA	NA	NA	NA
NC_045512.2	5647	A	G	16	2	26	1	1	27	0.0526316	19	0.485714	FALSE	NA	NA	NA	NA	NA	NA
NC_045512.2	5648	A	T	18	4	28	1	1	29	0.0526316	19	0.513514	FALSE	NA	NA	NA	NA	NA	NA
NC_045512.2	5649	A	T	16	2	28	1	1	27	0.0526316	19	0.485714	FALSE	NA	NA	NA	NA	NA	NA
NC_045512.2	5649	A	G	16	2	28	2	2	27	0.105263	19	0.242857	FALSE	NA	NA	NA	NA	NA	NA
NC_045512.2	5650	A	T	14	4	22	1	1	27	0.0666667	15	0.517241	FALSE	NA	NA	NA	NA	NA	NA
NC_045512.2	5651	T	G	16	2	27	1	1	23	0.0555556	18	0.5	FALSE	NA	NA	NA	NA	NA	NA
NC_045512.2	5651	T	C	16	2	27	1	1	24	0.0555556	18	0.5	FALSE	NA	NA	NA	NA	NA	NA
NC_045512.2	5652	A	T	16	2	27	1	1	23	0.0526316	19	0.485714	FALSE	NA	NA	NA	NA	NA	NA
NC_045512.2	5652	A	G	16	2	27	1	1	27	0.0526316	19	0.485714	FALSE	NA	NA	NA	NA	NA	NA
NC_045512.2	5652	A	C	16	2	27	1	1	27	0.0526316	19	0.485714	FALSE	NA	NA	NA	NA	NA	NA
NC_045512.2	5653	T	C	17	3	26	1	1	23	0.0526316	19	0.5	FALSE	NA	NA	NA	NA	NA	NA
NC_045512.2	5653	T	A	17	3	26	1	1	27	0.0526316	19	0.5	FALSE	NA	NA	NA	NA	NA	NA
NC_045512.2	5654	C	T	17	3	27	2	2	24	0.105263	19	0.256757	FALSE	NA	NA	NA	NA	NA	NA
NC_045512.2	5655	T	G	17	3	27	1	1	27	0.0526316	19	0.5	FALSE	NA	NA	NA	NA	NA	NA
NC_045512.2	5655	T	A	17	3	27	1	1	22	0.0526316	19	0.5	FALSE	NA	NA	NA	NA	NA	NA
NC_045512.2	5656	A	T	17	3	27	1	1	27	0.0526316	19	0.5	FALSE	NA	NA	NA	NA	NA	NA
NC_045512.2	5656	A	G	17	3	27	1	1	28	0.0526316	19	0.5	FALSE	NA	NA	NA	NA	NA	NA
NC_045512.2	5657	G	C	16	2	27	2	2	27	0.105263	19	0.242857	FALSE	NA	NA	NA	NA	NA	NA
NC_045512.2	5657	G	A	16	2	27	1	1	26	0.0526316	19	0.485714	FALSE	NA	NA	NA	NA	NA	NA
NC_045512.2	5658	T	C	16	2	27	1	1	25	0.0555556	18	0.5	FALSE	NA	NA	NA	NA	NA	NA
NC_045512.2	5658	T	A	16	2	27	1	1	28	0.0555556	18	0.5	FALSE	NA	NA	NA	NA	NA	NA
NC_045512.2	5659	A	G	17	3	27	2	2	26	0.105263	19	0.256757	FALSE	NA	NA	NA	NA	NA	NA
NC_045512.2	5660	C	T	17	3	27	1	1	26	0.0526316	19	0.5	FALSE	NA	NA	NA	NA	NA	NA
NC_045512.2	5660	C	A	17	3	27	1	1	25	0.0526316	19	0.5	FALSE	NA	NA	NA	NA	NA	NA
NC_045512.2	5661	A	G	18	4	27	1	1	26	0.0526316	19	0.513514	FALSE	NA	NA	NA	NA	NA	NA
NC_045512.2	5662	A	T	16	2	23	1	1	26	0.0526316	19	0.485714	FALSE	NA	NA	NA	NA	NA	NA
NC_045512.2	5662	A	G	16	2	23	2	2	26	0.105263	19	0.242857	FALSE	NA	NA	NA	NA	NA	NA
NC_045512.2	5663	C	G	16	2	27	1	1	21	0.0526316	19	0.485714	FALSE	NA	NA	NA	NA	NA	NA
NC_045512.2	5663	C	A	16	2	27	2	2	27	0.105263	19	0.242857	FALSE	NA	NA	NA	NA	NA	NA
NC_045512.2	5664	A	G	16	2	27	2	2	27	0.111111	18	0.257143	FALSE	NA	NA	NA	NA	NA	NA
NC_045512.2	5665	G	T	16	2	26	2	2	25	0.111111	18	0.257143	FALSE	NA	NA	NA	NA	NA	NA
NC_045512.2	5666	G	C	16	2	23	1	1	28	0.0588235	17	0.515152	FALSE	NA	NA	NA	NA	NA	NA
NC_045512.2	5667	A	T	17	3	26	1	1	23	0.0555556	18	0.514286	FALSE	NA	NA	NA	NA	NA	NA
NC_045512.2	5668	G	T	16	2	26	1	1	27	0.0555556	18	0.5	FALSE	NA	NA	NA	NA	NA	NA
NC_045512.2	5668	G	A	16	2	26	1	1	24	0.0555556	18	0.5	FALSE	NA	NA	NA	NA	NA	NA
NC_045512.2	5669	T	G	16	2	26	1	1	22	0.0555556	18	0.5	FALSE	NA	NA	NA	NA	NA	NA
NC_045512.2	5669	T	C	16	2	26	1	1	22	0.0555556	18	0.5	FALSE	NA	NA	NA	NA	NA	NA
NC_045512.2	5670	C	A	16	2	27	1	1	22	0.0588235	17	0.515152	FALSE	NA	NA	NA	NA	NA	NA
NC_045512.2	5672	C	G	17	3	26	1	1	25	0.0555556	18	0.514286	FALSE	NA	NA	NA	NA	NA	NA
NC_045512.2	5673	C	G	9	3	23	1	1	25	0.1	10	0.526316	FALSE	NA	NA	NA	NA	NA	NA
NC_045512.2	5676	T	G	11	2	27	1	1	27	0.0833333	12	0.521739	FALSE	NA	NA	NA	NA	NA	NA
NC_045512.2	5680	T	G	9	2	24	1	1	26	0.1	10	0.526316	FALSE	NA	NA	NA	NA	NA	NA
NC_045512.2	5685	T	C	9	1	28	1	1	23	0.1	10	0.526316	FALSE	NA	NA	NA	NA	NA	NA
NC_045512.2	5688	C	A	8	1	27	1	1	28	0.111111	9	0.529412	FALSE	NA	NA	NA	NA	NA	NA
NC_045512.2	5689	A	T	8	1	28	1	1	28	0.111111	9	0.529412	FALSE	NA	NA	NA	NA	NA	NA
NC_045512.2	5690	G	C	9	2	28	1	1	27	0.1	10	0.526316	FALSE	NA	NA	NA	NA	NA	NA
NC_045512.2	5691	C	T	8	1	28	1	1	22	0.1	10	0.5	FALSE	NA	NA	NA	NA	NA	NA
NC_045512.2	5691	C	A	8	1	28	1	1	23	0.1	10	0.5	FALSE	NA	NA	NA	NA	NA	NA
NC_045512.2	5692	A	T	9	2	28	1	1	27	0.1	10	0.526316	FALSE	NA	NA	NA	NA	NA	NA
NC_045512.2	5693	C	A	9	2	27	1	1	27	0.1	10	0.526316	FALSE	NA	NA	NA	NA	NA	NA
NC_045512.2	5694	C	T	7	1	24	1	1	27	0.111111	9	0.5	FALSE	NA	NA	NA	NA	NA	NA
NC_045512.2	5694	C	A	7	1	24	1	1	24	0.111111	9	0.5	FALSE	NA	NA	NA	NA	NA	NA
NC_045512.2	5695	A	G	8	2	27	1	1	27	0.111111	9	0.529412	FALSE	NA	NA	NA	NA	NA	NA
NC_045512.2	5696	C	T	7	1	27	1	1	22	0.111111	9	0.5	FALSE	NA	NA	NA	NA	NA	NA
NC_045512.2	5696	C	A	7	1	27	1	1	24	0.111111	9	0.5	FALSE	NA	NA	NA	NA	NA	NA
NC_045512.2	5697	C	T	7	1	24	1	1	28	0.111111	9	0.5	FALSE	NA	NA	NA	NA	NA	NA
NC_045512.2	5697	C	A	7	1	24	1	1	27	0.111111	9	0.5	FALSE	NA	NA	NA	NA	NA	NA
NC_045512.2	5698	T	C	8	2	27	1	1	27	0.111111	9	0.529412	FALSE	NA	NA	NA	NA	NA	NA
NC_045512.2	5699	G	A	7	1	27	2	2	22	0.222222	9	0.264706	FALSE	NA	NA	NA	NA	NA	NA
NC_045512.2	5700	C	A	7	1	27	2	2	27	0.222222	9	0.264706	FALSE	NA	NA	NA	NA	NA	NA
NC_045512.2	5701	T	G	7	1	27	1	1	27	0.125	8	0.533333	FALSE	NA	NA	NA	NA	NA	NA
NC_045512.2	5702	C	T	7	1	28	1	1	28	0.111111	9	0.5	FALSE	NA	NA	NA	NA	NA	NA
NC_045512.2	5702	C	A	7	1	28	1	1	21	0.111111	9	0.5	FALSE	NA	NA	NA	NA	NA	NA
NC_045512.2	5703	A	T	8	2	27	1	1	27	0.111111	9	0.529412	FALSE	NA	NA	NA	NA	NA	NA
NC_045512.2	5704	G	A	7	1	27	2	2	26	0.222222	9	0.264706	FALSE	NA	NA	NA	NA	NA	NA
NC_045512.2	5705	T	G	7	1	27	1	1	24	0.111111	9	0.5	FALSE	NA	NA	NA	NA	NA	NA
NC_045512.2	5705	T	A	7	1	27	1	1	28	0.111111	9	0.5	FALSE	NA	NA	NA	NA	NA	NA
NC_045512.2	5706	A	G	7	1	27	2	2	29	0.222222	9	0.264706	FALSE	NA	NA	NA	NA	NA	NA
NC_045512.2	5707	T	C	7	2	28	1	0	28	0.111111	9	0.5	FALSE	NA	NA	NA	NA	NA	NA
NC_045512.2	5707	T	A	7	2	28	1	1	23	0.111111	9	0.5	FALSE	NA	NA	NA	NA	NA	NA
NC_045512.2	5708	G	A	8	2	27	1	1	28	0.111111	9	0.529412	FALSE	NA	NA	NA	NA	NA	NA
NC_045512.2	5709	A	T	8	2	27	1	1	24	0.111111	9	0.529412	FALSE	NA	NA	NA	NA	NA	NA
NC_045512.2	5710	A	T	7	1	24	1	1	27	0.111111	9	0.5	FALSE	NA	NA	NA	NA	NA	NA
NC_045512.2	5710	A	G	7	1	24	1	1	24	0.111111	9	0.5	FALSE	NA	NA	NA	NA	NA	NA
NC_045512.2	5711	C	G	8	2	28	1	1	28	0.111111	9	0.529412	FALSE	NA	NA	NA	NA	NA	NA
NC_045512.2	5712	T	C	8	2	27	1	1	27	0.1	10	0.5	FALSE	NA	NA	NA	NA	NA	NA
NC_045512.2	5712	T	A	8	2	27	1	1	27	0.1	10	0.5	FALSE	NA	NA	NA	NA	NA	NA
NC_045512.2	5713	T	G	8	2	23	2	2	28	0.2	10	0.263158	FALSE	NA	NA	NA	NA	NA	NA
NC_045512.2	5714	A	T	14	2	27	2	2	25	0.125	16	0.258065	FALSE	NA	NA	NA	NA	NA	NA
NC_045512.2	5715	A	T	14	2	24	2	2	27	0.125	16	0.258065	FALSE	NA	NA	NA	NA	NA	NA
NC_045512.2	5716	G	T	13	1	27	1	1	27	0.0625	16	0.482759	FALSE	NA	NA	NA	NA	NA	NA
NC_045512.2	5716	G	C	13	1	27	1	1	27	0.0625	16	0.482759	FALSE	NA	NA	NA	NA	NA	NA
NC_045512.2	5716	G	A	13	1	27	1	1	27	0.0625	16	0.482759	FALSE	NA	NA	NA	NA	NA	NA
NC_045512.2	5717	C	G	14	2	27	1	1	27	0.0625	16	0.5	FALSE	NA	NA	NA	NA	NA	NA
NC_045512.2	5717	C	A	14	2	27	1	1	27	0.0625	16	0.5	FALSE	NA	NA	NA	NA	NA	NA
NC_045512.2	5718	A	G	13	2	27	2	1	29	0.125	16	0.241379	FALSE	NA	NA	NA	NA	NA	NA
NC_045512.2	5718	A	C	13	2	27	1	1	27	0.0625	16	0.482759	FALSE	NA	NA	NA	NA	NA	NA
NC_045512.2	5719	T	A	14	2	27	2	2	27	0.125	16	0.258065	FALSE	NA	NA	NA	NA	NA	NA
NC_045512.2	5720	G	T	1	0	28	2	2	27	0.125	16	0.0196078	FALSE	NA	NA	NA	NA	NA	NA
NC_045512.2	5720	G	C	1	0	28	1	1	27	0.0625	16	0.117647	FALSE	NA	NA	NA	NA	NA	NA
NC_045512.2	5720	G	A	1	0	28	12	1	27	0.75	16	4.27326e-07	TRUE	NA	NA	NA	NA	NA	NA
NC_045512.2	5721	G	A	15	2	27	2	2	25	0.117647	17	0.257576	FALSE	NA	NA	NA	NA	NA	NA
NC_045512.2	5722	T	C	15	2	28	1	1	23	0.0588235	17	0.5	FALSE	NA	NA	NA	NA	NA	NA
NC_045512.2	5722	T	A	15	2	28	1	1	27	0.0588235	17	0.5	FALSE	NA	NA	NA	NA	NA	NA
NC_045512.2	5723	A	T	15	2	27	1	1	20	0.0588235	17	0.5	FALSE	NA	NA	NA	NA	NA	NA
NC_045512.2	5723	A	C	15	2	27	1	1	27	0.0588235	17	0.5	FALSE	NA	NA	NA	NA	NA	NA
NC_045512.2	5724	C	T	15	2	27	2	2	25	0.117647	17	0.257576	FALSE	NA	NA	NA	NA	NA	NA
NC_045512.2	5725	A	T	14	1	27	2	2	27	0.117647	17	0.241935	FALSE	NA	NA	NA	NA	NA	NA
NC_045512.2	5725	A	G	14	1	27	1	1	27	0.0588235	17	0.483871	FALSE	NA	NA	NA	NA	NA	NA
NC_045512.2	5726	T	G	15	2	27	1	1	28	0.0588235	17	0.5	FALSE	NA	NA	NA	NA	NA	NA
NC_045512.2	5726	T	A	15	2	27	1	1	21	0.0588235	17	0.5	FALSE	NA	NA	NA	NA	NA	NA
NC_045512.2	5727	T	G	15	2	28	1	1	27	0.0588235	17	0.5	FALSE	NA	NA	NA	NA	NA	NA
NC_045512.2	5727	T	A	15	2	28	1	1	26	0.0588235	17	0.5	FALSE	NA	NA	NA	NA	NA	NA
NC_045512.2	5728	T	G	14	2	23	1	1	26	0.0588235	17	0.483871	FALSE	NA	NA	NA	NA	NA	NA
NC_045512.2	5728	T	C	14	2	23	1	1	28	0.0588235	17	0.483871	FALSE	NA	NA	NA	NA	NA	NA
NC_045512.2	5728	T	A	14	2	23	1	1	27	0.0588235	17	0.483871	FALSE	NA	NA	NA	NA	NA	NA
NC_045512.2	5729	A	T	14	1	27	1	1	26	0.0588235	17	0.483871	FALSE	NA	NA	NA	NA	NA	NA
NC_045512.2	5729	A	G	14	1	27	1	1	24	0.0588235	17	0.483871	FALSE	NA	NA	NA	NA	NA	NA
NC_045512.2	5729	A	C	14	1	27	1	1	27	0.0588235	17	0.483871	FALSE	NA	NA	NA	NA	NA	NA
NC_045512.2	5730	C	T	14	1	27	1	1	29	0.0555556	18	0.46875	FALSE	NA	NA	NA	NA	NA	NA
NC_045512.2	5730	C	G	14	1	27	2	2	28	0.111111	18	0.227273	FALSE	NA	NA	NA	NA	NA	NA
NC_045512.2	5730	C	A	14	1	27	1	1	26	0.0555556	18	0.46875	FALSE	NA	NA	NA	NA	NA	NA
NC_045512.2	5731	T	A	16	3	27	2	2	27	0.111111	18	0.257143	FALSE	NA	NA	NA	NA	NA	NA
NC_045512.2	5732	T	G	15	2	23	2	2	24	0.111111	18	0.242424	FALSE	NA	NA	NA	NA	NA	NA
NC_045512.2	5732	T	A	15	2	23	1	1	23	0.0555556	18	0.484848	FALSE	NA	NA	NA	NA	NA	NA
NC_045512.2	5733	G	T	16	3	27	1	1	27	0.0555556	18	0.5	FALSE	NA	NA	NA	NA	NA	NA
NC_045512.2	5733	G	A	16	3	27	1	1	32	0.0555556	18	0.5	FALSE	NA	NA	NA	NA	NA	NA
NC_045512.2	5734	T	G	15	2	26	1	1	24	0.0555556	18	0.484848	FALSE	NA	NA	NA	NA	NA	NA
NC_045512.2	5734	T	A	15	2	26	2	2	27	0.111111	18	0.242424	FALSE	NA	NA	NA	NA	NA	NA
NC_045512.2	5735	G	C	16	3	28	1	1	28	0.0555556	18	0.5	FALSE	NA	NA	NA	NA	NA	NA
NC_045512.2	5735	G	A	16	3	28	1	1	30	0.0555556	18	0.5	FALSE	NA	NA	NA	NA	NA	NA
NC_045512.2	5736	C	T	15	2	28	2	2	22	0.111111	18	0.242424	FALSE	NA	NA	NA	NA	NA	NA
NC_045512.2	5736	C	G	15	2	28	1	1	28	0.0555556	18	0.484848	FALSE	NA	NA	NA	NA	NA	NA
NC_045512.2	5737	T	C	15	2	27	1	1	27	0.0555556	18	0.484848	FALSE	NA	NA	NA	NA	NA	NA
NC_045512.2	5737	T	A	15	2	27	2	2	27	0.111111	18	0.242424	FALSE	NA	NA	NA	NA	NA	NA
NC_045512.2	5738	A	T	16	3	27	1	1	21	0.0526316	19	0.485714	FALSE	NA	NA	NA	NA	NA	NA
NC_045512.2	5738	A	G	16	3	27	1	1	28	0.0526316	19	0.485714	FALSE	NA	NA	NA	NA	NA	NA
NC_045512.2	5738	A	C	16	3	27	1	1	27	0.0526316	19	0.485714	FALSE	NA	NA	NA	NA	NA	NA
NC_045512.2	5739	G	T	14	1	27	2	2	25	0.105263	19	0.213904	FALSE	NA	NA	NA	NA	NA	NA
NC_045512.2	5739	G	C	14	1	27	1	1	29	0.0526316	19	0.454545	FALSE	NA	NA	NA	NA	NA	NA
NC_045512.2	5739	G	A	14	1	27	2	2	25	0.105263	19	0.213904	FALSE	NA	NA	NA	NA	NA	NA
NC_045512.2	5740	T	G	16	3	27	1	1	28	0.0526316	19	0.485714	FALSE	NA	NA	NA	NA	NA	NA
NC_045512.2	5740	T	C	16	3	27	1	1	23	0.0526316	19	0.485714	FALSE	NA	NA	NA	NA	NA	NA
NC_045512.2	5740	T	A	16	3	27	1	1	27	0.0526316	19	0.485714	FALSE	NA	NA	NA	NA	NA	NA
NC_045512.2	5741	G	T	14	1	28	2	2	27	0.105263	19	0.213904	FALSE	NA	NA	NA	NA	NA	NA
NC_045512.2	5741	G	A	14	1	28	3	3	26	0.157895	19	0.103896	FALSE	NA	NA	NA	NA	NA	NA
NC_045512.2	5742	A	T	15	3	27	1	1	28	0.0555556	18	0.484848	FALSE	NA	NA	NA	NA	NA	NA
NC_045512.2	5742	A	G	15	3	27	1	1	27	0.0555556	18	0.484848	FALSE	NA	NA	NA	NA	NA	NA
NC_045512.2	5742	A	C	15	3	27	1	1	27	0.0555556	18	0.484848	FALSE	NA	NA	NA	NA	NA	NA
NC_045512.2	5743	G	A	14	2	27	3	3	26	0.176471	17	0.124633	FALSE	NA	NA	NA	NA	NA	NA
NC_045512.2	5744	T	G	13	1	27	1	1	26	0.0555556	18	0.451613	FALSE	NA	NA	NA	NA	NA	NA
NC_045512.2	5744	T	C	13	1	27	2	2	25	0.111111	18	0.211694	FALSE	NA	NA	NA	NA	NA	NA
NC_045512.2	5744	T	A	13	1	27	2	2	27	0.111111	18	0.211694	FALSE	NA	NA	NA	NA	NA	NA
NC_045512.2	5745	A	T	14	2	27	1	1	28	0.0588235	17	0.483871	FALSE	NA	NA	NA	NA	NA	NA
NC_045512.2	5745	A	C	14	2	27	2	2	27	0.117647	17	0.241935	FALSE	NA	NA	NA	NA	NA	NA
NC_045512.2	5746	C	T	13	1	27	1	1	23	0.0555556	18	0.451613	FALSE	NA	NA	NA	NA	NA	NA
NC_045512.2	5746	C	A	13	1	27	4	4	27	0.222222	18	0.0513196	FALSE	NA	NA	NA	NA	NA	NA
NC_045512.2	5747	A	T	15	3	26	2	2	27	0.111111	18	0.242424	FALSE	NA	NA	NA	NA	NA	NA
NC_045512.2	5747	A	C	15	3	26	1	1	27	0.0555556	18	0.484848	FALSE	NA	NA	NA	NA	NA	NA
NC_045512.2	5748	C	T	13	1	27	1	1	21	0.0588235	17	0.466667	FALSE	NA	NA	NA	NA	NA	NA
NC_045512.2	5748	C	G	13	1	27	1	1	27	0.0588235	17	0.466667	FALSE	NA	NA	NA	NA	NA	NA
NC_045512.2	5748	C	A	13	1	27	2	2	27	0.117647	17	0.225806	FALSE	NA	NA	NA	NA	NA	NA
NC_045512.2	5749	T	G	16	4	28	1	1	23	0.0555556	18	0.5	FALSE	NA	NA	NA	NA	NA	NA
NC_045512.2	5749	T	A	16	4	28	1	1	31	0.0555556	18	0.5	FALSE	NA	NA	NA	NA	NA	NA
NC_045512.2	5750	G	T	13	1	28	2	2	25	0.111111	18	0.211694	FALSE	NA	NA	NA	NA	NA	NA
NC_045512.2	5750	G	C	13	1	28	1	1	28	0.0555556	18	0.451613	FALSE	NA	NA	NA	NA	NA	NA
NC_045512.2	5750	G	A	13	1	28	2	2	27	0.111111	18	0.211694	FALSE	NA	NA	NA	NA	NA	NA
NC_045512.2	5751	G	T	13	2	24	1	1	28	0.0588235	17	0.466667	FALSE	NA	NA	NA	NA	NA	NA
NC_045512.2	5751	G	C	13	2	24	1	1	26	0.0588235	17	0.466667	FALSE	NA	NA	NA	NA	NA	NA
NC_045512.2	5751	G	A	13	2	24	2	2	26	0.117647	17	0.225806	FALSE	NA	NA	NA	NA	NA	NA
NC_045512.2	5752	T	G	15	3	27	1	1	27	0.0555556	18	0.484848	FALSE	NA	NA	NA	NA	NA	NA
NC_045512.2	5752	T	A	15	3	27	2	2	27	0.111111	18	0.242424	FALSE	NA	NA	NA	NA	NA	NA
NC_045512.2	5753	A	T	14	2	27	2	2	27	0.111111	18	0.227273	FALSE	NA	NA	NA	NA	NA	NA
NC_045512.2	5753	A	G	14	2	27	2	2	27	0.111111	18	0.227273	FALSE	NA	NA	NA	NA	NA	NA
NC_045512.2	5754	A	T	13	2	23	2	2	28	0.117647	17	0.225806	FALSE	NA	NA	NA	NA	NA	NA
NC_045512.2	5754	A	G	13	2	23	1	1	28	0.0588235	17	0.466667	FALSE	NA	NA	NA	NA	NA	NA
NC_045512.2	5754	A	C	13	2	23	1	1	26	0.0588235	17	0.466667	FALSE	NA	NA	NA	NA	NA	NA
NC_045512.2	5755	T	C	14	2	27	1	1	28	0.0555556	18	0.46875	FALSE	NA	NA	NA	NA	NA	NA
NC_045512.2	5755	T	A	14	2	27	3	3	27	0.166667	18	0.113636	FALSE	NA	NA	NA	NA	NA	NA
NC_045512.2	5756	T	G	12	2	23	2	2	25	0.125	16	0.224138	FALSE	NA	NA	NA	NA	NA	NA
NC_045512.2	5756	T	C	12	2	23	1	1	27	0.0625	16	0.464286	FALSE	NA	NA	NA	NA	NA	NA
NC_045512.2	5756	T	A	12	2	23	1	1	30	0.0625	16	0.464286	FALSE	NA	NA	NA	NA	NA	NA
NC_045512.2	5757	A	G	16	4	27	2	2	27	0.111111	18	0.257143	FALSE	NA	NA	NA	NA	NA	NA
NC_045512.2	5758	C	T	13	1	27	2	2	25	0.111111	18	0.211694	FALSE	NA	NA	NA	NA	NA	NA
NC_045512.2	5758	C	G	13	1	27	2	2	28	0.111111	18	0.211694	FALSE	NA	NA	NA	NA	NA	NA
NC_045512.2	5758	C	A	13	1	27	1	1	27	0.0555556	18	0.451613	FALSE	NA	NA	NA	NA	NA	NA
NC_045512.2	5759	C	T	13	2	24	2	2	28	0.125	16	0.241379	FALSE	NA	NA	NA	NA	NA	NA
NC_045512.2	5759	C	A	13	2	24	1	1	32	0.0625	16	0.482759	FALSE	NA	NA	NA	NA	NA	NA
NC_045512.2	5760	A	G	14	4	28	2	1	27	0.117647	17	0.241935	FALSE	NA	NA	NA	NA	NA	NA
NC_045512.2	5760	A	C	14	4	28	1	1	23	0.0588235	17	0.483871	FALSE	NA	NA	NA	NA	NA	NA
NC_045512.2	5761	G	T	13	2	25	1	1	24	0.0588235	17	0.466667	FALSE	NA	NA	NA	NA	NA	NA
NC_045512.2	5761	G	C	13	2	25	2	2	29	0.117647	17	0.225806	FALSE	NA	NA	NA	NA	NA	NA
NC_045512.2	5761	G	A	13	2	25	1	1	23	0.0588235	17	0.466667	FALSE	NA	NA	NA	NA	NA	NA
NC_045512.2	5762	T	G	14	3	25	1	1	29	0.0588235	17	0.483871	FALSE	NA	NA	NA	NA	NA	NA
NC_045512.2	5762	T	C	14	3	25	1	1	23	0.0588235	17	0.483871	FALSE	NA	NA	NA	NA	NA	NA
NC_045512.2	5762	T	A	14	3	25	1	1	26	0.0588235	17	0.483871	FALSE	NA	NA	NA	NA	NA	NA
NC_045512.2	5763	G	T	12	1	25	1	1	27	0.0588235	17	0.448276	FALSE	NA	NA	NA	NA	NA	NA
NC_045512.2	5763	G	C	12	1	25	1	1	27	0.0588235	17	0.448276	FALSE	NA	NA	NA	NA	NA	NA
NC_045512.2	5763	G	A	12	1	25	3	3	30	0.176471	17	0.101224	FALSE	NA	NA	NA	NA	NA	NA
NC_045512.2	5764	T	G	11	1	26	2	2	28	0.117647	17	0.192118	FALSE	NA	NA	NA	NA	NA	NA
NC_045512.2	5764	T	C	11	1	26	2	1	24	0.117647	17	0.192118	FALSE	NA	NA	NA	NA	NA	NA
NC_045512.2	5764	T	A	11	1	26	2	2	26	0.117647	17	0.192118	FALSE	NA	NA	NA	NA	NA	NA
NC_045512.2	5765	G	T	14	3	26	2	2	27	0.117647	17	0.241935	FALSE	NA	NA	NA	NA	NA	NA
NC_045512.2	5765	G	A	14	3	26	1	1	29	0.0588235	17	0.483871	FALSE	NA	NA	NA	NA	NA	NA
NC_045512.2	5766	G	C	13	2	22	2	2	26	0.117647	17	0.225806	FALSE	NA	NA	NA	NA	NA	NA
NC_045512.2	5766	G	A	13	2	22	2	2	27	0.117647	17	0.225806	FALSE	NA	NA	NA	NA	NA	NA
NC_045512.2	5767	T	G	14	3	26	1	1	34	0.0588235	17	0.483871	FALSE	NA	NA	NA	NA	NA	NA
NC_045512.2	5767	T	C	14	3	26	1	1	27	0.0588235	17	0.483871	FALSE	NA	NA	NA	NA	NA	NA
NC_045512.2	5767	T	A	14	3	26	1	1	28	0.0588235	17	0.483871	FALSE	NA	NA	NA	NA	NA	NA
NC_045512.2	5768	C	G	13	2	26	1	1	23	0.0588235	17	0.466667	FALSE	NA	NA	NA	NA	NA	NA
NC_045512.2	5768	C	A	13	2	26	3	3	27	0.176471	17	0.112903	FALSE	NA	NA	NA	NA	NA	NA
NC_045512.2	5769	A	T	12	1	26	1	1	24	0.0625	16	0.464286	FALSE	NA	NA	NA	NA	NA	NA
NC_045512.2	5769	A	G	12	1	26	1	1	28	0.0625	16	0.464286	FALSE	NA	NA	NA	NA	NA	NA
NC_045512.2	5769	A	C	12	1	26	2	2	27	0.125	16	0.224138	FALSE	NA	NA	NA	NA	NA	NA
NC_045512.2	5770	C	T	13	2	26	1	1	27	0.0666667	15	0.5	FALSE	NA	NA	NA	NA	NA	NA
NC_045512.2	5770	C	G	13	2	26	1	1	23	0.0666667	15	0.5	FALSE	NA	NA	NA	NA	NA	NA
NC_045512.2	5771	T	C	14	3	27	1	1	29	0.0625	16	0.5	FALSE	NA	NA	NA	NA	NA	NA
NC_045512.2	5771	T	A	14	3	27	1	1	27	0.0625	16	0.5	FALSE	NA	NA	NA	NA	NA	NA
NC_045512.2	5772	A	T	14	3	27	2	2	27	0.125	16	0.258065	FALSE	NA	NA	NA	NA	NA	NA
NC_045512.2	5773	T	G	12	2	27	2	2	27	0.125	16	0.224138	FALSE	NA	NA	NA	NA	NA	NA
NC_045512.2	5773	T	C	12	2	27	1	1	24	0.0625	16	0.464286	FALSE	NA	NA	NA	NA	NA	NA
NC_045512.2	5773	T	A	12	2	27	1	1	27	0.0625	16	0.464286	FALSE	NA	NA	NA	NA	NA	NA
NC_045512.2	5774	A	T	10	0	27	3	3	26	0.2	15	0.0977778	FALSE	NA	NA	NA	NA	NA	NA
NC_045512.2	5774	A	G	10	0	27	1	1	26	0.0666667	15	0.44	FALSE	NA	NA	NA	NA	NA	NA
NC_045512.2	5774	A	C	10	0	27	1	1	28	0.0666667	15	0.44	FALSE	NA	NA	NA	NA	NA	NA
NC_045512.2	5775	A	T	12	3	28	2	2	24	0.133333	15	0.240741	FALSE	NA	NA	NA	NA	NA	NA
NC_045512.2	5775	A	C	12	3	28	1	0	27	0.0666667	15	0.481481	FALSE	NA	NA	NA	NA	NA	NA
NC_045512.2	5776	A	T	10	2	23	3	3	26	0.214286	14	0.11	FALSE	NA	NA	NA	NA	NA	NA
NC_045512.2	5776	A	C	10	2	23	1	1	28	0.0714286	14	0.458333	FALSE	NA	NA	NA	NA	NA	NA
NC_045512.2	5777	C	G	13	3	27	1	1	28	0.0625	16	0.482759	FALSE	NA	NA	NA	NA	NA	NA
NC_045512.2	5777	C	A	13	3	27	2	2	27	0.125	16	0.241379	FALSE	NA	NA	NA	NA	NA	NA
NC_045512.2	5778	A	T	11	1	27	4	4	26	0.25	16	0.0498084	FALSE	NA	NA	NA	NA	NA	NA
NC_045512.2	5778	A	C	11	1	27	1	1	23	0.0625	16	0.444444	FALSE	NA	NA	NA	NA	NA	NA
NC_045512.2	5779	T	G	11	1	27	3	3	26	0.2	15	0.111111	FALSE	NA	NA	NA	NA	NA	NA
NC_045512.2	5779	T	A	11	1	27	1	1	23	0.0666667	15	0.461538	FALSE	NA	NA	NA	NA	NA	NA
NC_045512.2	5780	A	T	13	3	27	2	2	24	0.125	16	0.241379	FALSE	NA	NA	NA	NA	NA	NA
NC_045512.2	5780	A	G	13	3	27	1	1	23	0.0625	16	0.482759	FALSE	NA	NA	NA	NA	NA	NA
NC_045512.2	5781	T	G	14	4	26	2	2	24	0.125	16	0.258065	FALSE	NA	NA	NA	NA	NA	NA
NC_045512.2	5782	A	G	13	3	26	2	2	28	0.125	16	0.241379	FALSE	NA	NA	NA	NA	NA	NA
NC_045512.2	5782	A	C	13	3	26	1	1	26	0.0625	16	0.482759	FALSE	NA	NA	NA	NA	NA	NA
NC_045512.2	5783	A	T	9	1	23	4	4	28	0.285714	14	0.0478261	FALSE	NA	NA	NA	NA	NA	NA
NC_045512.2	5783	A	C	9	1	23	1	1	28	0.0714286	14	0.434783	FALSE	NA	NA	NA	NA	NA	NA
NC_045512.2	5784	C	G	12	2	26	1	1	28	0.0625	16	0.464286	FALSE	NA	NA	NA	NA	NA	NA
NC_045512.2	5784	C	A	12	2	26	3	3	24	0.1875	16	0.112069	FALSE	NA	NA	NA	NA	NA	NA
NC_045512.2	5785	T	C	10	1	28	1	1	26	0.0666667	15	0.44	FALSE	NA	NA	NA	NA	NA	NA
NC_045512.2	5785	T	A	10	1	28	4	4	29	0.266667	15	0.0488889	FALSE	NA	NA	NA	NA	NA	NA
NC_045512.2	5786	T	G	11	2	24	1	1	30	0.0714286	14	0.48	FALSE	NA	NA	NA	NA	NA	NA
NC_045512.2	5786	T	C	11	2	24	1	1	28	0.0714286	14	0.48	FALSE	NA	NA	NA	NA	NA	NA
NC_045512.2	5786	T	A	11	2	24	1	1	26	0.0714286	14	0.48	FALSE	NA	NA	NA	NA	NA	NA
NC_045512.2	5787	C	G	12	3	27	1	1	28	0.0666667	15	0.481481	FALSE	NA	NA	NA	NA	NA	NA
NC_045512.2	5787	C	A	12	3	27	2	2	26	0.133333	15	0.240741	FALSE	NA	NA	NA	NA	NA	NA
NC_045512.2	5788	T	G	11	2	27	1	1	26	0.0714286	14	0.48	FALSE	NA	NA	NA	NA	NA	NA
NC_045512.2	5788	T	A	11	2	27	2	2	25	0.142857	14	0.24	FALSE	NA	NA	NA	NA	NA	NA
NC_045512.2	5789	A	G	12	3	27	1	1	32	0.0714286	14	0.5	FALSE	NA	NA	NA	NA	NA	NA
NC_045512.2	5789	A	C	12	3	27	1	1	28	0.0714286	14	0.5	FALSE	NA	NA	NA	NA	NA	NA
NC_045512.2	5790	A	T	12	3	28	1	1	27	0.0666667	15	0.481481	FALSE	NA	NA	NA	NA	NA	NA
NC_045512.2	5790	A	G	12	3	28	1	1	27	0.0666667	15	0.481481	FALSE	NA	NA	NA	NA	NA	NA
NC_045512.2	5790	A	C	12	3	28	1	1	25	0.0666667	15	0.481481	FALSE	NA	NA	NA	NA	NA	NA
NC_045512.2	5791	A	G	8	3	24	2	2	29	0.181818	11	0.236842	FALSE	NA	NA	NA	NA	NA	NA
NC_045512.2	5791	A	C	8	3	24	1	1	28	0.0909091	11	0.473684	FALSE	NA	NA	NA	NA	NA	NA
NC_045512.2	5792	G	T	10	1	26	3	3	27	0.2	15	0.0977778	FALSE	NA	NA	NA	NA	NA	NA
NC_045512.2	5792	G	C	10	1	26	2	2	24	0.133333	15	0.203077	FALSE	NA	NA	NA	NA	NA	NA
NC_045512.2	5793	A	C	12	3	27	3	3	27	0.2	15	0.124521	FALSE	NA	NA	NA	NA	NA	NA
NC_045512.2	5794	A	T	9	1	29	2	2	27	0.153846	13	0.217391	FALSE	NA	NA	NA	NA	NA	NA
NC_045512.2	5794	A	C	9	1	29	2	2	24	0.153846	13	0.217391	FALSE	NA	NA	NA	NA	NA	NA
NC_045512.2	5795	A	G	9	2	23	1	1	27	0.0909091	11	0.5	FALSE	NA	NA	NA	NA	NA	NA
NC_045512.2	5795	A	C	9	2	23	1	1	30	0.0909091	11	0.5	FALSE	NA	NA	NA	NA	NA	NA
NC_045512.2	5796	C	G	10	2	27	1	1	27	0.0769231	13	0.478261	FALSE	NA	NA	NA	NA	NA	NA
NC_045512.2	5796	C	A	10	2	27	2	2	28	0.153846	13	0.23913	FALSE	NA	NA	NA	NA	NA	NA
NC_045512.2	5797	T	C	11	3	27	1	1	23	0.0769231	13	0.5	FALSE	NA	NA	NA	NA	NA	NA
NC_045512.2	5797	T	A	11	3	27	1	1	28	0.0769231	13	0.5	FALSE	NA	NA	NA	NA	NA	NA
NC_045512.2	5798	T	C	9	1	27	2	2	26	0.153846	13	0.217391	FALSE	NA	NA	NA	NA	NA	NA
NC_045512.2	5798	T	A	9	1	27	2	2	27	0.153846	13	0.217391	FALSE	NA	NA	NA	NA	NA	NA
NC_045512.2	5799	T	C	9	3	24	2	1	26	0.166667	12	0.238095	FALSE	NA	NA	NA	NA	NA	NA
NC_045512.2	5799	T	A	9	3	24	1	1	25	0.0833333	12	0.47619	FALSE	NA	NA	NA	NA	NA	NA
NC_045512.2	5800	G	A	11	3	27	1	1	28	0.0833333	12	0.521739	FALSE	NA	NA	NA	NA	NA	NA
NC_045512.2	5801	T	C	11	3	27	1	1	27	0.0769231	13	0.5	FALSE	NA	NA	NA	NA	NA	NA
NC_045512.2	5801	T	A	11	3	27	1	1	23	0.0769231	13	0.5	FALSE	NA	NA	NA	NA	NA	NA
NC_045512.2	5802	A	T	10	2	27	1	1	26	0.0769231	13	0.478261	FALSE	NA	NA	NA	NA	NA	NA
NC_045512.2	5802	A	C	10	2	27	2	2	25	0.153846	13	0.23913	FALSE	NA	NA	NA	NA	NA	NA
NC_045512.2	5803	T	C	9	2	28	3	2	26	0.230769	13	0.108696	FALSE	NA	NA	NA	NA	NA	NA
NC_045512.2	5803	T	A	9	2	28	1	1	27	0.0769231	13	0.454545	FALSE	NA	NA	NA	NA	NA	NA
NC_045512.2	5804	T	G	7	1	23	2	2	25	0.181818	11	0.210526	FALSE	NA	NA	NA	NA	NA	NA
NC_045512.2	5804	T	A	7	1	23	2	2	28	0.181818	11	0.210526	FALSE	NA	NA	NA	NA	NA	NA
NC_045512.2	5805	G	A	12	4	26	1	1	24	0.0769231	13	0.52	FALSE	NA	NA	NA	NA	NA	NA
NC_045512.2	5806	C	T	9	1	26	2	2	26	0.153846	13	0.217391	FALSE	NA	NA	NA	NA	NA	NA
NC_045512.2	5806	C	A	9	1	26	2	2	27	0.153846	13	0.217391	FALSE	NA	NA	NA	NA	NA	NA
NC_045512.2	5807	A	G	11	3	27	1	1	27	0.0769231	13	0.5	FALSE	NA	NA	NA	NA	NA	NA
NC_045512.2	5807	A	C	11	3	27	1	1	28	0.0769231	13	0.5	FALSE	NA	NA	NA	NA	NA	NA
NC_045512.2	5808	T	C	12	4	27	1	1	27	0.0769231	13	0.52	FALSE	NA	NA	NA	NA	NA	NA
NC_045512.2	5809	A	T	10	2	26	1	1	28	0.0769231	13	0.478261	FALSE	NA	NA	NA	NA	NA	NA
NC_045512.2	5809	A	G	10	2	26	1	1	25	0.0769231	13	0.478261	FALSE	NA	NA	NA	NA	NA	NA
NC_045512.2	5809	A	C	10	2	26	1	1	27	0.0769231	13	0.478261	FALSE	NA	NA	NA	NA	NA	NA
NC_045512.2	5810	G	A	9	1	27	2	2	28	0.181818	11	0.261905	FALSE	NA	NA	NA	NA	NA	NA
NC_045512.2	5811	A	C	10	2	27	1	1	28	0.0909091	11	0.52381	FALSE	NA	NA	NA	NA	NA	NA
NC_045512.2	5812	C	A	10	2	26	1	1	28	0.0909091	11	0.52381	FALSE	NA	NA	NA	NA	NA	NA
NC_045512.2	5813	G	T	10	2	25	1	1	24	0.0909091	11	0.52381	FALSE	NA	NA	NA	NA	NA	NA
NC_045512.2	5814	G	T	9	2	23	1	1	28	0.1	10	0.526316	FALSE	NA	NA	NA	NA	NA	NA
NC_045512.2	5815	T	A	9	1	26	2	2	26	0.181818	11	0.261905	FALSE	NA	NA	NA	NA	NA	NA
NC_045512.2	5816	G	A	10	2	27	1	1	30	0.0909091	11	0.52381	FALSE	NA	NA	NA	NA	NA	NA
NC_045512.2	5817	C	T	9	1	27	1	1	29	0.0909091	11	0.5	FALSE	NA	NA	NA	NA	NA	NA
NC_045512.2	5817	C	G	9	1	27	1	1	27	0.0909091	11	0.5	FALSE	NA	NA	NA	NA	NA	NA
NC_045512.2	5818	T	C	9	1	27	2	2	28	0.181818	11	0.261905	FALSE	NA	NA	NA	NA	NA	NA
NC_045512.2	5835	C	T	4	0	28	2	0	23	0.285714	7	0.227273	FALSE	NA	NA	NA	NA	NA	NA
NC_045512.2	5835	C	A	4	0	28	1	1	23	0.142857	7	0.454545	FALSE	NA	NA	NA	NA	NA	NA
NC_045512.2	5837	G	A	7	1	28	1	1	28	0.125	8	0.533333	FALSE	NA	NA	NA	NA	NA	NA
NC_045512.2	5838	A	G	6	0	29	1	1	28	0.125	8	0.5	FALSE	NA	NA	NA	NA	NA	NA
NC_045512.2	5838	A	C	6	0	29	1	1	27	0.125	8	0.5	FALSE	NA	NA	NA	NA	NA	NA
NC_045512.2	5839	A	C	7	1	23	1	1	26	0.125	8	0.533333	FALSE	NA	NA	NA	NA	NA	NA
NC_045512.2	5840	T	A	7	1	26	1	1	26	0.125	8	0.533333	FALSE	NA	NA	NA	NA	NA	NA
NC_045512.2	5841	A	T	7	1	25	1	1	26	0.125	8	0.533333	FALSE	NA	NA	NA	NA	NA	NA
NC_045512.2	5842	C	G	6	0	23	2	2	24	0.25	8	0.266667	FALSE	NA	NA	NA	NA	NA	NA
NC_045512.2	5843	A	T	6	0	25	1	1	26	0.125	8	0.5	FALSE	NA	NA	NA	NA	NA	NA
NC_045512.2	5843	A	G	6	0	25	1	1	28	0.125	8	0.5	FALSE	NA	NA	NA	NA	NA	NA
NC_045512.2	5844	A	T	7	1	26	1	1	29	0.125	8	0.533333	FALSE	NA	NA	NA	NA	NA	NA
NC_045512.2	5845	A	C	4	1	22	1	1	26	0.2	5	0.555556	FALSE	NA	NA	NA	NA	NA	NA
NC_045512.2	5846	G	C	6	0	25	1	1	26	0.125	8	0.5	FALSE	NA	NA	NA	NA	NA	NA
NC_045512.2	5846	G	A	6	0	25	1	1	26	0.125	8	0.5	FALSE	NA	NA	NA	NA	NA	NA
NC_045512.2	5847	G	T	5	0	23	1	1	23	0.142857	7	0.5	FALSE	NA	NA	NA	NA	NA	NA
NC_045512.2	5847	G	A	5	0	23	1	1	26	0.142857	7	0.5	FALSE	NA	NA	NA	NA	NA	NA
NC_045512.2	5849	C	T	6	0	27	2	2	27	0.25	8	0.266667	FALSE	NA	NA	NA	NA	NA	NA
NC_045512.2	5850	C	T	5	0	23	1	1	20	0.142857	7	0.5	FALSE	NA	NA	NA	NA	NA	NA
NC_045512.2	5850	C	A	5	0	23	1	1	27	0.142857	7	0.5	FALSE	NA	NA	NA	NA	NA	NA
NC_045512.2	5851	T	C	6	0	27	1	1	26	0.125	8	0.5	FALSE	NA	NA	NA	NA	NA	NA
NC_045512.2	5851	T	A	6	0	27	1	1	22	0.125	8	0.5	FALSE	NA	NA	NA	NA	NA	NA
NC_045512.2	5851	T	-A	6	0	27	1	0	20	0.125	8	0.5	FALSE	NA	NA	NA	NA	NA	NA
NC_045512.2	5852	A	T	5	0	27	1	1	22	0.166667	6	0.545455	FALSE	NA	NA	NA	NA	NA	NA
NC_045512.2	5854	T	G	5	1	23	1	1	30	0.166667	6	0.545455	FALSE	NA	NA	NA	NA	NA	NA
NC_045512.2	5855	A	T	5	0	26	1	1	30	0.142857	7	0.5	FALSE	NA	NA	NA	NA	NA	NA
NC_045512.2	5855	A	G	5	0	26	1	1	27	0.142857	7	0.5	FALSE	NA	NA	NA	NA	NA	NA
NC_045512.2	5856	C	T	5	0	27	1	1	27	0.142857	7	0.5	FALSE	NA	NA	NA	NA	NA	NA
NC_045512.2	5856	C	G	5	0	27	1	1	30	0.142857	7	0.5	FALSE	NA	NA	NA	NA	NA	NA
NC_045512.2	5857	G	C	5	1	27	1	1	28	0.166667	6	0.545455	FALSE	NA	NA	NA	NA	NA	NA
NC_045512.2	5858	G	T	3	0	22	1	1	28	0.2	5	0.5	FALSE	NA	NA	NA	NA	NA	NA
NC_045512.2	5858	G	C	3	0	22	1	1	27	0.2	5	0.5	FALSE	NA	NA	NA	NA	NA	NA
NC_045512.2	5859	A	T	5	1	25	1	1	27	0.166667	6	0.545455	FALSE	NA	NA	NA	NA	NA	NA
NC_045512.2	5860	T	G	4	0	23	1	1	29	0.166667	6	0.5	FALSE	NA	NA	NA	NA	NA	NA
NC_045512.2	5860	T	A	4	0	23	1	1	25	0.166667	6	0.5	FALSE	NA	NA	NA	NA	NA	NA
NC_045512.2	5861	G	T	5	1	23	1	1	27	0.166667	6	0.545455	FALSE	NA	NA	NA	NA	NA	NA
NC_045512.2	5862	T	G	3	1	23	1	1	26	0.25	4	0.571429	FALSE	NA	NA	NA	NA	NA	NA
NC_045512.2	5863	T	G	1	0	24	1	1	28	0.333333	3	0.5	FALSE	NA	NA	NA	NA	NA	NA
NC_045512.2	5863	T	A	1	0	24	1	1	26	0.333333	3	0.5	FALSE	NA	NA	NA	NA	NA	NA
NC_045512.2	5864	T	G	1	0	24	1	1	27	0.333333	3	0.5	FALSE	NA	NA	NA	NA	NA	NA
NC_045512.2	5864	T	A	1	0	24	1	1	27	0.333333	3	0.5	FALSE	NA	NA	NA	NA	NA	NA
NC_045512.2	5865	T	G	1	1	28	1	1	27	0.333333	3	0.5	FALSE	NA	NA	NA	NA	NA	NA
NC_045512.2	5865	T	A	1	1	28	1	1	25	0.333333	3	0.5	FALSE	NA	NA	NA	NA	NA	NA
NC_045512.2	5866	C	T	1	1	25	1	1	27	0.333333	3	0.5	FALSE	NA	NA	NA	NA	NA	NA
NC_045512.2	5866	C	A	1	1	25	1	1	27	0.333333	3	0.5	FALSE	NA	NA	NA	NA	NA	NA
NC_045512.2	5867	T	G	0	0	0	1	1	22	0.25	4	0.25	FALSE	NA	NA	NA	NA	NA	NA
NC_045512.2	5867	T	C	0	0	0	1	1	27	0.25	4	0.25	FALSE	NA	NA	NA	NA	NA	NA
NC_045512.2	5867	T	A	0	0	0	2	2	26	0.5	4	0.1	FALSE	NA	NA	NA	NA	NA	NA
NC_045512.2	5868	A	G	1	1	27	1	1	27	0.25	4	0.4	FALSE	NA	NA	NA	NA	NA	NA
NC_045512.2	5868	A	C	1	1	27	2	2	22	0.5	4	0.2	FALSE	NA	NA	NA	NA	NA	NA
NC_045512.2	5869	C	A	1	1	29	2	2	25	0.666667	3	0.3	FALSE	NA	NA	NA	NA	NA	NA
NC_045512.2	5870	A	T	0	0	0	2	2	26	0.5	4	0.1	FALSE	NA	NA	NA	NA	NA	NA
NC_045512.2	5870	A	G	0	0	0	1	1	22	0.25	4	0.25	FALSE	NA	NA	NA	NA	NA	NA
NC_045512.2	5870	A	C	0	0	0	1	1	23	0.25	4	0.25	FALSE	NA	NA	NA	NA	NA	NA
NC_045512.2	5871	A	T	1	1	23	1	1	27	0.333333	3	0.5	FALSE	NA	NA	NA	NA	NA	NA
NC_045512.2	5871	A	G	1	1	23	1	1	27	0.333333	3	0.5	FALSE	NA	NA	NA	NA	NA	NA
NC_045512.2	5872	A	T	0	0	0	1	1	25	0.333333	3	0.333333	FALSE	NA	NA	NA	NA	NA	NA
NC_045512.2	5872	A	G	0	0	0	2	2	23	0.666667	3	0.166667	FALSE	NA	NA	NA	NA	NA	NA
NC_045512.2	5873	G	T	2	2	26	2	2	25	0.5	4	0.285714	FALSE	NA	NA	NA	NA	NA	NA
NC_045512.2	5874	A	T	1	1	21	2	2	27	0.666667	3	0.3	FALSE	NA	NA	NA	NA	NA	NA
NC_045512.2	5875	A	T	2	2	23	2	2	27	0.5	4	0.285714	FALSE	NA	NA	NA	NA	NA	NA
NC_045512.2	5876	A	T	1	1	27	2	2	26	0.5	4	0.2	FALSE	NA	NA	NA	NA	NA	NA
NC_045512.2	5876	A	C	1	1	27	1	1	27	0.25	4	0.4	FALSE	NA	NA	NA	NA	NA	NA
NC_045512.2	5877	A	T	0	0	0	3	3	25	0.75	4	0.05	FALSE	NA	NA	NA	NA	NA	NA
NC_045512.2	5877	A	C	0	0	0	1	1	25	0.25	4	0.25	FALSE	NA	NA	NA	NA	NA	NA
NC_045512.2	5878	C	T	1	1	27	1	1	27	0.25	4	0.4	FALSE	NA	NA	NA	NA	NA	NA
NC_045512.2	5878	C	A	1	1	27	2	2	25	0.5	4	0.2	FALSE	NA	NA	NA	NA	NA	NA
NC_045512.2	5879	A	T	1	1	23	1	1	31	0.25	4	0.4	FALSE	NA	NA	NA	NA	NA	NA
NC_045512.2	5879	A	C	1	1	23	2	2	24	0.5	4	0.2	FALSE	NA	NA	NA	NA	NA	NA
NC_045512.2	5880	G	C	0	0	0	1	1	27	0.5	2	0.5	FALSE	NA	NA	NA	NA	NA	NA
NC_045512.2	5880	G	A	0	0	0	1	1	27	0.5	2	0.5	FALSE	NA	NA	NA	NA	NA	NA
NC_045512.2	5881	T	C	0	0	0	2	2	25	0.5	4	0.1	FALSE	NA	NA	NA	NA	NA	NA
NC_045512.2	5881	T	A	0	0	0	2	2	27	0.5	4	0.1	FALSE	NA	NA	NA	NA	NA	NA
NC_045512.2	5882	T	G	0	0	0	1	1	27	0.25	4	0.25	FALSE	NA	NA	NA	NA	NA	NA
NC_045512.2	5882	T	A	0	0	0	3	3	24	0.75	4	0.05	FALSE	NA	NA	NA	NA	NA	NA
NC_045512.2	5883	A	T	1	1	27	1	1	27	0.25	4	0.4	FALSE	NA	NA	NA	NA	NA	NA
NC_045512.2	5883	A	G	1	1	27	2	2	28	0.5	4	0.2	FALSE	NA	NA	NA	NA	NA	NA
NC_045512.2	5884	C	T	0	0	0	1	1	30	0.333333	3	0.333333	FALSE	NA	NA	NA	NA	NA	NA
NC_045512.2	5884	C	G	0	0	0	1	1	27	0.333333	3	0.333333	FALSE	NA	NA	NA	NA	NA	NA
NC_045512.2	5884	C	A	0	0	0	1	1	27	0.333333	3	0.333333	FALSE	NA	NA	NA	NA	NA	NA
NC_045512.2	5885	A	T	1	1	27	1	1	31	0.25	4	0.4	FALSE	NA	NA	NA	NA	NA	NA
NC_045512.2	5885	A	G	1	1	27	2	2	28	0.5	4	0.2	FALSE	NA	NA	NA	NA	NA	NA
NC_045512.2	5886	C	T	0	0	0	1	1	28	0.25	4	0.25	FALSE	NA	NA	NA	NA	NA	NA
NC_045512.2	5886	C	G	0	0	0	1	1	20	0.25	4	0.25	FALSE	NA	NA	NA	NA	NA	NA
NC_045512.2	5886	C	A	0	0	0	2	2	23	0.5	4	0.1	FALSE	NA	NA	NA	NA	NA	NA
NC_045512.2	5887	A	G	2	2	30	2	2	24	0.5	4	0.285714	FALSE	NA	NA	NA	NA	NA	NA
NC_045512.2	5888	A	T	1	1	31	1	1	25	0.25	4	0.4	FALSE	NA	NA	NA	NA	NA	NA
NC_045512.2	5888	A	G	1	1	31	1	1	23	0.25	4	0.4	FALSE	NA	NA	NA	NA	NA	NA
NC_045512.2	5888	A	C	1	1	31	1	1	27	0.25	4	0.4	FALSE	NA	NA	NA	NA	NA	NA
NC_045512.2	5889	C	T	1	1	26	1	1	23	0.25	4	0.4	FALSE	NA	NA	NA	NA	NA	NA
NC_045512.2	5889	C	A	1	1	26	2	2	26	0.5	4	0.2	FALSE	NA	NA	NA	NA	NA	NA
NC_045512.2	5890	A	G	1	1	27	1	1	27	0.25	4	0.4	FALSE	NA	NA	NA	NA	NA	NA
NC_045512.2	5890	A	C	1	1	27	2	2	24	0.5	4	0.2	FALSE	NA	NA	NA	NA	NA	NA
NC_045512.2	5891	A	T	2	2	26	1	1	22	0.25	4	0.5	FALSE	NA	NA	NA	NA	NA	NA
NC_045512.2	5891	A	C	2	2	26	1	1	31	0.25	4	0.5	FALSE	NA	NA	NA	NA	NA	NA
NC_045512.2	5892	C	T	1	1	27	2	2	27	0.5	4	0.2	FALSE	NA	NA	NA	NA	NA	NA
NC_045512.2	5892	C	G	1	1	27	1	1	30	0.25	4	0.4	FALSE	NA	NA	NA	NA	NA	NA
NC_045512.2	5893	C	T	0	0	0	2	2	26	0.4	5	0.0666667	FALSE	NA	NA	NA	NA	NA	NA
NC_045512.2	5893	C	A	0	0	0	3	3	28	0.6	5	0.0285714	FALSE	NA	NA	NA	NA	NA	NA
NC_045512.2	5894	A	T	1	1	27	2	2	26	0.4	5	0.142857	FALSE	NA	NA	NA	NA	NA	NA
NC_045512.2	5894	A	C	1	1	27	2	2	26	0.4	5	0.142857	FALSE	NA	NA	NA	NA	NA	NA
NC_045512.2	5895	T	G	1	1	27	1	1	23	0.25	4	0.4	FALSE	NA	NA	NA	NA	NA	NA
NC_045512.2	5895	T	A	1	1	27	2	2	28	0.5	4	0.2	FALSE	NA	NA	NA	NA	NA	NA
NC_045512.2	5896	A	G	2	2	22	1	1	31	0.2	5	0.428571	FALSE	NA	NA	NA	NA	NA	NA
NC_045512.2	5896	A	C	2	2	22	2	2	27	0.4	5	0.214286	FALSE	NA	NA	NA	NA	NA	NA
NC_045512.2	5898	A	T	2	2	26	1	1	29	0.2	5	0.428571	FALSE	NA	NA	NA	NA	NA	NA
NC_045512.2	5898	A	C	2	2	26	2	2	24	0.4	5	0.214286	FALSE	NA	NA	NA	NA	NA	NA
NC_045512.2	5899	A	G	2	2	22	1	1	28	0.2	5	0.428571	FALSE	NA	NA	NA	NA	NA	NA
NC_045512.2	5899	A	C	2	2	22	2	2	27	0.4	5	0.214286	FALSE	NA	NA	NA	NA	NA	NA
NC_045512.2	5900	C	T	0	0	0	2	2	23	0.4	5	0.0666667	FALSE	NA	NA	NA	NA	NA	NA
NC_045512.2	5900	C	A	0	0	0	3	3	24	0.6	5	0.0285714	FALSE	NA	NA	NA	NA	NA	NA
NC_045512.2	5901	C	T	1	1	27	2	2	28	0.4	5	0.142857	FALSE	NA	NA	NA	NA	NA	NA
NC_045512.2	5901	C	A	1	1	27	2	2	26	0.4	5	0.142857	FALSE	NA	NA	NA	NA	NA	NA
NC_045512.2	5902	A	T	2	2	23	2	2	28	0.4	5	0.214286	FALSE	NA	NA	NA	NA	NA	NA
NC_045512.2	5902	A	C	2	2	23	1	1	20	0.2	5	0.428571	FALSE	NA	NA	NA	NA	NA	NA
NC_045512.2	5903	G	T	0	0	0	2	2	26	0.4	5	0.0666667	FALSE	NA	NA	NA	NA	NA	NA
NC_045512.2	5903	G	C	0	0	0	1	1	27	0.2	5	0.2	FALSE	NA	NA	NA	NA	NA	NA
NC_045512.2	5903	G	A	0	0	0	2	2	23	0.4	5	0.0666667	FALSE	NA	NA	NA	NA	NA	NA
NC_045512.2	5904	T	C	0	0	0	2	2	24	0.4	5	0.0666667	FALSE	NA	NA	NA	NA	NA	NA
NC_045512.2	5904	T	A	0	0	0	3	3	25	0.6	5	0.0285714	FALSE	NA	NA	NA	NA	NA	NA
NC_045512.2	5905	T	C	2	2	26	2	2	26	0.4	5	0.214286	FALSE	NA	NA	NA	NA	NA	NA
NC_045512.2	5905	T	A	2	2	26	1	1	28	0.2	5	0.428571	FALSE	NA	NA	NA	NA	NA	NA
NC_045512.2	5906	A	C	3	3	24	1	1	27	0.25	4	0.571429	FALSE	NA	NA	NA	NA	NA	NA
NC_045512.2	5907	C	T	1	1	23	3	3	25	0.6	5	0.0714286	FALSE	NA	NA	NA	NA	NA	NA
NC_045512.2	5907	C	A	1	1	23	1	1	38	0.2	5	0.333333	FALSE	NA	NA	NA	NA	NA	NA
NC_045512.2	5908	T	C	1	1	27	1	1	25	0.25	4	0.4	FALSE	NA	NA	NA	NA	NA	NA
NC_045512.2	5908	T	A	1	1	27	2	2	28	0.5	4	0.2	FALSE	NA	NA	NA	NA	NA	NA
NC_045512.2	5909	T	C	1	1	27	1	1	27	0.2	5	0.333333	FALSE	NA	NA	NA	NA	NA	NA
NC_045512.2	5909	T	A	1	1	27	3	3	28	0.6	5	0.0714286	FALSE	NA	NA	NA	NA	NA	NA
NC_045512.2	5910	A	T	3	3	26	1	1	24	0.2	5	0.5	FALSE	NA	NA	NA	NA	NA	NA
NC_045512.2	5910	A	C	3	3	26	1	1	24	0.2	5	0.5	FALSE	NA	NA	NA	NA	NA	NA
NC_045512.2	5911	T	G	0	0	0	1	1	28	0.25	4	0.25	FALSE	NA	NA	NA	NA	NA	NA
NC_045512.2	5911	T	C	0	0	0	1	1	31	0.25	4	0.25	FALSE	NA	NA	NA	NA	NA	NA
NC_045512.2	5911	T	A	0	0	0	2	2	27	0.5	4	0.1	FALSE	NA	NA	NA	NA	NA	NA
NC_045512.2	5912	A	C	4	4	25	1	1	20	0.2	5	0.555556	FALSE	NA	NA	NA	NA	NA	NA
NC_045512.2	5913	A	G	2	2	26	2	2	27	0.4	5	0.214286	FALSE	NA	NA	NA	NA	NA	NA
NC_045512.2	5913	A	C	2	2	26	1	1	27	0.2	5	0.428571	FALSE	NA	NA	NA	NA	NA	NA
NC_045512.2	5914	A	T	2	2	27	1	1	28	0.25	4	0.5	FALSE	NA	NA	NA	NA	NA	NA
NC_045512.2	5914	A	G	2	2	27	1	1	24	0.25	4	0.5	FALSE	NA	NA	NA	NA	NA	NA
NC_045512.2	5915	T	G	1	1	29	1	1	27	0.2	5	0.333333	FALSE	NA	NA	NA	NA	NA	NA
NC_045512.2	5915	T	A	1	1	29	3	3	25	0.6	5	0.0714286	FALSE	NA	NA	NA	NA	NA	NA
NC_045512.2	5916	T	C	1	1	24	1	1	27	0.2	5	0.333333	FALSE	NA	NA	NA	NA	NA	NA
NC_045512.2	5916	T	A	1	1	24	3	3	28	0.6	5	0.0714286	FALSE	NA	NA	NA	NA	NA	NA
NC_045512.2	5917	G	T	0	0	0	1	1	27	0.2	5	0.2	FALSE	NA	NA	NA	NA	NA	NA
NC_045512.2	5917	G	C	0	0	0	2	2	27	0.4	5	0.0666667	FALSE	NA	NA	NA	NA	NA	NA
NC_045512.2	5917	G	A	0	0	0	2	2	27	0.4	5	0.0666667	FALSE	NA	NA	NA	NA	NA	NA
NC_045512.2	5918	G	T	1	1	29	2	2	22	0.4	5	0.142857	FALSE	NA	NA	NA	NA	NA	NA
NC_045512.2	5918	G	C	1	1	29	1	1	27	0.2	5	0.333333	FALSE	NA	NA	NA	NA	NA	NA
NC_045512.2	5918	G	A	1	1	29	1	1	27	0.2	5	0.333333	FALSE	NA	NA	NA	NA	NA	NA
NC_045512.2	5919	A	T	0	0	0	4	4	25	0.8	5	0.0142857	FALSE	NA	NA	NA	NA	NA	NA
NC_045512.2	5919	A	C	0	0	0	1	1	29	0.2	5	0.2	FALSE	NA	NA	NA	NA	NA	NA
NC_045512.2	5920	T	A	4	4	29	1	1	27	0.2	5	0.555556	FALSE	NA	NA	NA	NA	NA	NA
NC_045512.2	5921	G	T	1	1	27	3	3	28	0.6	5	0.0714286	FALSE	NA	NA	NA	NA	NA	NA
NC_045512.2	5921	G	A	1	1	27	1	1	27	0.2	5	0.333333	FALSE	NA	NA	NA	NA	NA	NA
NC_045512.2	5922	G	T	1	1	26	1	1	26	0.25	4	0.4	FALSE	NA	NA	NA	NA	NA	NA
NC_045512.2	5922	G	C	1	1	26	1	1	27	0.25	4	0.4	FALSE	NA	NA	NA	NA	NA	NA
NC_045512.2	5922	G	A	1	1	26	1	1	24	0.25	4	0.4	FALSE	NA	NA	NA	NA	NA	NA
NC_045512.2	5923	T	A	2	2	24	3	3	26	0.6	5	0.119048	FALSE	NA	NA	NA	NA	NA	NA
NC_045512.2	5924	G	C	0	0	0	1	1	26	0.333333	3	0.333333	FALSE	NA	NA	NA	NA	NA	NA
NC_045512.2	5924	G	A	0	0	0	2	2	26	0.666667	3	0.166667	FALSE	NA	NA	NA	NA	NA	NA
NC_045512.2	5925	T	A	2	2	26	2	2	23	0.5	4	0.285714	FALSE	NA	NA	NA	NA	NA	NA
NC_045512.2	5926	T	G	2	2	26	1	1	27	0.2	5	0.428571	FALSE	NA	NA	NA	NA	NA	NA
NC_045512.2	5926	T	A	2	2	26	2	2	25	0.4	5	0.214286	FALSE	NA	NA	NA	NA	NA	NA
NC_045512.2	5927	G	T	2	2	24	1	1	20	0.2	5	0.428571	FALSE	NA	NA	NA	NA	NA	NA
NC_045512.2	5927	G	C	2	2	24	2	2	23	0.4	5	0.214286	FALSE	NA	NA	NA	NA	NA	NA
NC_045512.2	5928	T	G	1	1	28	1	1	29	0.25	4	0.4	FALSE	NA	NA	NA	NA	NA	NA
NC_045512.2	5928	T	C	1	1	28	1	1	25	0.25	4	0.4	FALSE	NA	NA	NA	NA	NA	NA
NC_045512.2	5928	T	A	1	1	28	1	1	23	0.25	4	0.4	FALSE	NA	NA	NA	NA	NA	NA
NC_045512.2	5929	T	G	1	1	23	1	1	22	0.2	5	0.333333	FALSE	NA	NA	NA	NA	NA	NA
NC_045512.2	5929	T	A	1	1	23	3	3	27	0.6	5	0.0714286	FALSE	NA	NA	NA	NA	NA	NA
NC_045512.2	5930	T	G	2	2	28	1	1	28	0.2	5	0.428571	FALSE	NA	NA	NA	NA	NA	NA
NC_045512.2	5930	T	C	2	2	28	1	1	21	0.2	5	0.428571	FALSE	NA	NA	NA	NA	NA	NA
NC_045512.2	5930	T	A	2	2	28	1	1	22	0.2	5	0.428571	FALSE	NA	NA	NA	NA	NA	NA
NC_045512.2	5931	G	C	2	2	23	1	1	28	0.2	5	0.428571	FALSE	NA	NA	NA	NA	NA	NA
NC_045512.2	5931	G	A	2	2	23	2	2	25	0.4	5	0.214286	FALSE	NA	NA	NA	NA	NA	NA
NC_045512.2	5932	T	G	1	1	27	2	2	25	0.4	5	0.142857	FALSE	NA	NA	NA	NA	NA	NA
NC_045512.2	5932	T	A	1	1	27	2	2	23	0.4	5	0.142857	FALSE	NA	NA	NA	NA	NA	NA
NC_045512.2	5933	A	T	1	1	23	2	2	26	0.5	4	0.2	FALSE	NA	NA	NA	NA	NA	NA
NC_045512.2	5933	A	G	1	1	23	1	1	24	0.25	4	0.4	FALSE	NA	NA	NA	NA	NA	NA
NC_045512.2	5934	C	G	1	1	23	2	2	27	0.666667	3	0.3	FALSE	NA	NA	NA	NA	NA	NA
NC_045512.2	5935	A	T	1	1	24	2	2	25	0.5	4	0.2	FALSE	NA	NA	NA	NA	NA	NA
NC_045512.2	5935	A	G	1	1	24	1	1	21	0.25	4	0.4	FALSE	NA	NA	NA	NA	NA	NA
NC_045512.2	5936	G	T	2	2	27	1	1	27	0.25	4	0.5	FALSE	NA	NA	NA	NA	NA	NA
NC_045512.2	5936	G	A	2	2	27	1	1	24	0.25	4	0.5	FALSE	NA	NA	NA	NA	NA	NA
NC_045512.2	5937	A	T	1	1	24	2	2	25	0.5	4	0.2	FALSE	NA	NA	NA	NA	NA	NA
NC_045512.2	5937	A	G	1	1	24	1	1	28	0.25	4	0.4	FALSE	NA	NA	NA	NA	NA	NA
NC_045512.2	5938	A	T	0	0	0	2	2	25	0.666667	3	0.166667	FALSE	NA	NA	NA	NA	NA	NA
NC_045512.2	5938	A	G	0	0	0	1	1	26	0.333333	3	0.333333	FALSE	NA	NA	NA	NA	NA	NA
NC_045512.2	5939	A	T	0	0	0	1	1	29	0.25	4	0.25	FALSE	NA	NA	NA	NA	NA	NA
NC_045512.2	5939	A	G	0	0	0	1	1	28	0.25	4	0.25	FALSE	NA	NA	NA	NA	NA	NA
NC_045512.2	5939	A	C	0	0	0	2	2	28	0.5	4	0.1	FALSE	NA	NA	NA	NA	NA	NA
NC_045512.2	5940	T	A	3	3	24	1	1	29	0.25	4	0.571429	FALSE	NA	NA	NA	NA	NA	NA
NC_045512.2	5941	T	G	2	2	28	2	2	28	0.5	4	0.285714	FALSE	NA	NA	NA	NA	NA	NA
NC_045512.2	5942	G	T	0	0	0	4	4	26	1	4	0.0285714	FALSE	NA	NA	NA	NA	NA	NA
NC_045512.2	5943	A	T	2	2	25	1	1	30	0.25	4	0.5	FALSE	NA	NA	NA	NA	NA	NA
NC_045512.2	5943	A	G	2	2	25	1	1	23	0.25	4	0.5	FALSE	NA	NA	NA	NA	NA	NA
NC_045512.2	5944	C	T	2	2	25	1	1	23	0.25	4	0.5	FALSE	NA	NA	NA	NA	NA	NA
NC_045512.2	5944	C	A	2	2	25	1	1	32	0.25	4	0.5	FALSE	NA	NA	NA	NA	NA	NA
NC_045512.2	5945	C	T	1	1	28	1	1	21	0.25	4	0.4	FALSE	NA	NA	NA	NA	NA	NA
NC_045512.2	5945	C	A	1	1	28	2	2	26	0.5	4	0.2	FALSE	NA	NA	NA	NA	NA	NA
NC_045512.2	5946	C	T	1	1	29	2	2	24	0.5	4	0.2	FALSE	NA	NA	NA	NA	NA	NA
NC_045512.2	5946	C	G	1	1	29	1	1	27	0.25	4	0.4	FALSE	NA	NA	NA	NA	NA	NA
NC_045512.2	5947	T	A	1	1	27	3	3	25	0.75	4	0.114286	FALSE	NA	NA	NA	NA	NA	NA
NC_045512.2	5948	A	G	2	2	27	1	1	29	0.333333	3	0.6	FALSE	NA	NA	NA	NA	NA	NA
NC_045512.2	5949	A	T	2	2	27	1	1	26	0.333333	3	0.6	FALSE	NA	NA	NA	NA	NA	NA
NC_045512.2	5950	G	T	0	0	0	1	1	21	0.5	2	0.5	FALSE	NA	NA	NA	NA	NA	NA
NC_045512.2	5950	G	A	0	0	0	1	1	30	0.5	2	0.5	FALSE	NA	NA	NA	NA	NA	NA
NC_045512.2	5951	T	A	1	1	27	2	2	28	0.666667	3	0.3	FALSE	NA	NA	NA	NA	NA	NA
NC_045512.2	5952	T	G	1	1	24	1	1	27	0.333333	3	0.5	FALSE	NA	NA	NA	NA	NA	NA
NC_045512.2	5952	T	A	1	1	24	1	1	26	0.333333	3	0.5	FALSE	NA	NA	NA	NA	NA	NA
NC_045512.2	5953	G	T	0	0	0	1	1	29	0.5	2	0.5	FALSE	NA	NA	NA	NA	NA	NA
NC_045512.2	5953	G	A	0	0	0	1	1	26	0.5	2	0.5	FALSE	NA	NA	NA	NA	NA	NA
NC_045512.2	5954	G	T	1	1	27	1	1	26	0.333333	3	0.5	FALSE	NA	NA	NA	NA	NA	NA
NC_045512.2	5954	G	C	1	1	27	1	1	21	0.333333	3	0.5	FALSE	NA	NA	NA	NA	NA	NA
NC_045512.2	5955	A	G	1	1	27	1	1	21	0.333333	3	0.5	FALSE	NA	NA	NA	NA	NA	NA
NC_045512.2	5955	A	C	1	1	27	1	1	26	0.333333	3	0.5	FALSE	NA	NA	NA	NA	NA	NA
NC_045512.2	5956	C	G	2	2	24	1	1	31	0.333333	3	0.6	FALSE	NA	NA	NA	NA	NA	NA
NC_045512.2	5957	A	T	1	1	25	1	1	26	0.333333	3	0.5	FALSE	NA	NA	NA	NA	NA	NA
NC_045512.2	5957	A	C	1	1	25	1	1	28	0.333333	3	0.5	FALSE	NA	NA	NA	NA	NA	NA
NC_045512.2	5958	A	T	1	1	23	1	1	27	0.333333	3	0.5	FALSE	NA	NA	NA	NA	NA	NA
NC_045512.2	5958	A	C	1	1	23	1	1	28	0.333333	3	0.5	FALSE	NA	NA	NA	NA	NA	NA
NC_045512.2	5959	T	G	1	1	28	1	1	20	0.333333	3	0.5	FALSE	NA	NA	NA	NA	NA	NA
NC_045512.2	5959	T	A	1	1	28	1	1	27	0.333333	3	0.5	FALSE	NA	NA	NA	NA	NA	NA
NC_045512.2	5960	T	G	0	0	0	2	2	27	0.5	4	0.1	FALSE	NA	NA	NA	NA	NA	NA
NC_045512.2	5960	T	A	0	0	0	2	2	25	0.5	4	0.1	FALSE	NA	NA	NA	NA	NA	NA
NC_045512.2	5961	A	T	1	1	29	2	2	25	0.5	4	0.2	FALSE	NA	NA	NA	NA	NA	NA
NC_045512.2	5961	A	C	1	1	29	1	1	26	0.25	4	0.4	FALSE	NA	NA	NA	NA	NA	NA
NC_045512.2	5962	T	G	1	1	26	3	3	25	0.75	4	0.114286	FALSE	NA	NA	NA	NA	NA	NA
NC_045512.2	5963	T	G	2	2	23	2	2	23	0.5	4	0.285714	FALSE	NA	NA	NA	NA	NA	NA
NC_045512.2	5964	A	T	1	1	27	2	2	26	0.5	4	0.2	FALSE	NA	NA	NA	NA	NA	NA
NC_045512.2	5964	A	G	1	1	27	1	1	26	0.25	4	0.4	FALSE	NA	NA	NA	NA	NA	NA
NC_045512.2	5965	T	G	1	1	26	2	2	25	0.5	4	0.2	FALSE	NA	NA	NA	NA	NA	NA
NC_045512.2	5965	T	A	1	1	26	1	1	27	0.25	4	0.4	FALSE	NA	NA	NA	NA	NA	NA
NC_045512.2	5966	A	T	0	0	0	1	1	22	0.25	4	0.25	FALSE	NA	NA	NA	NA	NA	NA
NC_045512.2	5966	A	G	0	0	0	2	2	27	0.5	4	0.1	FALSE	NA	NA	NA	NA	NA	NA
NC_045512.2	5966	A	C	0	0	0	1	1	27	0.25	4	0.25	FALSE	NA	NA	NA	NA	NA	NA
NC_045512.2	5967	A	T	2	2	27	1	1	31	0.333333	3	0.6	FALSE	NA	NA	NA	NA	NA	NA
NC_045512.2	5968	G	T	0	0	0	2	2	27	0.5	4	0.1	FALSE	NA	NA	NA	NA	NA	NA
NC_045512.2	5968	G	C	0	0	0	1	1	27	0.25	4	0.25	FALSE	NA	NA	NA	NA	NA	NA
NC_045512.2	5968	G	A	0	0	0	1	1	27	0.25	4	0.25	FALSE	NA	NA	NA	NA	NA	NA
NC_045512.2	5969	A	T	1	1	24	2	2	25	0.5	4	0.2	FALSE	NA	NA	NA	NA	NA	NA
NC_045512.2	5969	A	G	1	1	24	1	1	28	0.25	4	0.4	FALSE	NA	NA	NA	NA	NA	NA
NC_045512.2	5970	A	T	1	1	27	3	3	27	0.75	4	0.114286	FALSE	NA	NA	NA	NA	NA	NA
NC_045512.2	5971	A	T	2	2	28	1	1	24	0.25	4	0.5	FALSE	NA	NA	NA	NA	NA	NA
NC_045512.2	5971	A	C	2	2	28	1	1	27	0.25	4	0.5	FALSE	NA	NA	NA	NA	NA	NA
NC_045512.2	5972	G	T	0	0	0	3	3	28	0.75	4	0.05	FALSE	NA	NA	NA	NA	NA	NA
NC_045512.2	5972	G	C	0	0	0	1	1	28	0.25	4	0.25	FALSE	NA	NA	NA	NA	NA	NA
NC_045512.2	5973	A	T	3	3	27	1	1	30	0.25	4	0.571429	FALSE	NA	NA	NA	NA	NA	NA
NC_045512.2	5974	C	T	1	1	23	1	1	24	0.25	4	0.4	FALSE	NA	NA	NA	NA	NA	NA
NC_045512.2	5974	C	G	1	1	23	1	1	29	0.25	4	0.4	FALSE	NA	NA	NA	NA	NA	NA
NC_045512.2	5974	C	A	1	1	23	1	1	28	0.25	4	0.4	FALSE	NA	NA	NA	NA	NA	NA
NC_045512.2	5975	A	T	1	1	23	2	2	29	0.666667	3	0.3	FALSE	NA	NA	NA	NA	NA	NA
NC_045512.2	5977	T	A	1	1	27	3	3	25	0.75	4	0.114286	FALSE	NA	NA	NA	NA	NA	NA
NC_045512.2	5978	T	G	0	0	0	2	2	25	0.666667	3	0.166667	FALSE	NA	NA	NA	NA	NA	NA
NC_045512.2	5978	T	A	0	0	0	1	1	26	0.333333	3	0.333333	FALSE	NA	NA	NA	NA	NA	NA
NC_045512.2	5979	C	T	0	0	0	1	1	28	0.333333	3	0.333333	FALSE	NA	NA	NA	NA	NA	NA
NC_045512.2	5979	C	A	0	0	0	2	2	26	0.666667	3	0.166667	FALSE	NA	NA	NA	NA	NA	NA
NC_045512.2	5980	T	G	0	0	0	2	2	27	0.5	4	0.1	FALSE	NA	NA	NA	NA	NA	NA
NC_045512.2	5980	T	A	0	0	0	2	2	28	0.5	4	0.1	FALSE	NA	NA	NA	NA	NA	NA
NC_045512.2	5981	T	A	0	0	0	4	4	25	1	4	0.0285714	FALSE	NA	NA	NA	NA	NA	NA
NC_045512.2	5982	A	G	2	2	28	1	1	27	0.333333	3	0.6	FALSE	NA	NA	NA	NA	NA	NA
NC_045512.2	5983	T	C	0	0	0	2	2	26	0.5	4	0.1	FALSE	NA	NA	NA	NA	NA	NA
NC_045512.2	5983	T	A	0	0	0	2	2	27	0.5	4	0.1	FALSE	NA	NA	NA	NA	NA	NA
NC_045512.2	5984	T	G	0	0	0	1	1	29	0.25	4	0.25	FALSE	NA	NA	NA	NA	NA	NA
NC_045512.2	5984	T	C	0	0	0	2	2	26	0.5	4	0.1	FALSE	NA	NA	NA	NA	NA	NA
NC_045512.2	5984	T	A	0	0	0	1	1	27	0.25	4	0.25	FALSE	NA	NA	NA	NA	NA	NA
NC_045512.2	5985	T	G	1	1	26	1	1	27	0.25	4	0.4	FALSE	NA	NA	NA	NA	NA	NA
NC_045512.2	5985	T	A	1	1	26	2	2	24	0.5	4	0.2	FALSE	NA	NA	NA	NA	NA	NA
NC_045512.2	5986	C	T	1	1	27	1	1	23	0.25	4	0.4	FALSE	NA	NA	NA	NA	NA	NA
NC_045512.2	5986	C	A	1	1	27	2	2	24	0.5	4	0.2	FALSE	NA	NA	NA	NA	NA	NA
NC_045512.2	5987	A	T	2	2	24	2	2	24	0.5	4	0.285714	FALSE	NA	NA	NA	NA	NA	NA
NC_045512.2	5988	C	T	0	0	0	1	1	26	0.25	4	0.25	FALSE	NA	NA	NA	NA	NA	NA
NC_045512.2	5988	C	G	0	0	0	1	1	27	0.25	4	0.25	FALSE	NA	NA	NA	NA	NA	NA
NC_045512.2	5988	C	A	0	0	0	2	2	26	0.5	4	0.1	FALSE	NA	NA	NA	NA	NA	NA
NC_045512.2	5989	A	T	0	0	0	2	2	22	0.5	4	0.1	FALSE	NA	NA	NA	NA	NA	NA
NC_045512.2	5989	A	C	0	0	0	2	2	26	0.5	4	0.1	FALSE	NA	NA	NA	NA	NA	NA
NC_045512.2	5990	G	T	0	0	0	2	2	27	0.666667	3	0.166667	FALSE	NA	NA	NA	NA	NA	NA
NC_045512.2	5990	G	A	0	0	0	1	1	28	0.333333	3	0.333333	FALSE	NA	NA	NA	NA	NA	NA
NC_045512.2	5991	A	T	0	0	0	1	1	28	0.25	4	0.25	FALSE	NA	NA	NA	NA	NA	NA
NC_045512.2	5991	A	G	0	0	0	1	1	24	0.25	4	0.25	FALSE	NA	NA	NA	NA	NA	NA
NC_045512.2	5991	A	C	0	0	0	2	2	27	0.5	4	0.1	FALSE	NA	NA	NA	NA	NA	NA
NC_045512.2	5992	G	T	1	1	28	1	1	24	0.25	4	0.4	FALSE	NA	NA	NA	NA	NA	NA
NC_045512.2	5992	G	A	1	1	28	2	2	22	0.5	4	0.2	FALSE	NA	NA	NA	NA	NA	NA
NC_045512.2	5993	C	T	0	0	0	1	1	28	0.333333	3	0.333333	FALSE	NA	NA	NA	NA	NA	NA
NC_045512.2	5993	C	A	0	0	0	2	2	27	0.666667	3	0.166667	FALSE	NA	NA	NA	NA	NA	NA
NC_045512.2	5994	A	T	1	1	28	1	1	23	0.25	4	0.4	FALSE	NA	NA	NA	NA	NA	NA
NC_045512.2	5994	A	C	1	1	28	2	2	28	0.5	4	0.2	FALSE	NA	NA	NA	NA	NA	NA
NC_045512.2	5995	A	T	2	2	23	2	2	23	0.5	4	0.285714	FALSE	NA	NA	NA	NA	NA	NA
NC_045512.2	5996	C	T	1	1	24	1	1	28	0.25	4	0.4	FALSE	NA	NA	NA	NA	NA	NA
NC_045512.2	5996	C	A	1	1	24	2	2	27	0.5	4	0.2	FALSE	NA	NA	NA	NA	NA	NA
NC_045512.2	5997	C	T	1	1	20	2	2	26	0.5	4	0.2	FALSE	NA	NA	NA	NA	NA	NA
NC_045512.2	5997	C	A	1	1	20	1	1	31	0.25	4	0.4	FALSE	NA	NA	NA	NA	NA	NA
NC_045512.2	5998	A	T	0	0	0	1	1	28	0.25	4	0.25	FALSE	NA	NA	NA	NA	NA	NA
NC_045512.2	5998	A	C	0	0	0	3	3	28	0.75	4	0.05	FALSE	NA	NA	NA	NA	NA	NA
NC_045512.2	6000	T	G	2	2	28	1	1	28	0.25	4	0.5	FALSE	NA	NA	NA	NA	NA	NA
NC_045512.2	6000	T	C	2	2	28	1	1	29	0.25	4	0.5	FALSE	NA	NA	NA	NA	NA	NA
NC_045512.2	6001	T	A	1	1	34	2	2	28	0.666667	3	0.3	FALSE	NA	NA	NA	NA	NA	NA
NC_045512.2	6002	G	A	2	2	28	2	2	29	0.5	4	0.285714	FALSE	NA	NA	NA	NA	NA	NA
NC_045512.2	6003	A	T	2	2	29	1	1	27	0.25	4	0.5	FALSE	NA	NA	NA	NA	NA	NA
NC_045512.2	6003	A	C	2	2	29	1	1	27	0.25	4	0.5	FALSE	NA	NA	NA	NA	NA	NA
NC_045512.2	6004	T	G	0	0	0	1	1	29	0.25	4	0.25	FALSE	NA	NA	NA	NA	NA	NA
NC_045512.2	6004	T	A	0	0	0	3	3	24	0.75	4	0.05	FALSE	NA	NA	NA	NA	NA	NA
NC_045512.2	6005	C	A	2	2	25	2	2	28	0.5	4	0.285714	FALSE	NA	NA	NA	NA	NA	NA
NC_045512.2	6006	T	G	0	0	0	1	1	27	0.25	4	0.25	FALSE	NA	NA	NA	NA	NA	NA
NC_045512.2	6006	T	C	0	0	0	2	2	23	0.5	4	0.1	FALSE	NA	NA	NA	NA	NA	NA
NC_045512.2	6006	T	A	0	0	0	1	1	24	0.25	4	0.25	FALSE	NA	NA	NA	NA	NA	NA
NC_045512.2	6007	T	C	0	0	0	1	1	27	0.25	4	0.25	FALSE	NA	NA	NA	NA	NA	NA
NC_045512.2	6007	T	A	0	0	0	3	3	25	0.75	4	0.05	FALSE	NA	NA	NA	NA	NA	NA
NC_045512.2	6008	G	C	1	1	24	1	1	24	0.25	4	0.4	FALSE	NA	NA	NA	NA	NA	NA
NC_045512.2	6008	G	A	1	1	24	2	2	24	0.5	4	0.2	FALSE	NA	NA	NA	NA	NA	NA
NC_045512.2	6009	T	C	1	1	24	1	1	28	0.25	4	0.4	FALSE	NA	NA	NA	NA	NA	NA
NC_045512.2	6009	T	A	1	1	24	2	2	26	0.5	4	0.2	FALSE	NA	NA	NA	NA	NA	NA
NC_045512.2	6010	A	T	2	1	27	2	2	25	0.4	5	0.214286	FALSE	NA	NA	NA	NA	NA	NA
NC_045512.2	6010	A	G	2	1	27	1	1	27	0.2	5	0.428571	FALSE	NA	NA	NA	NA	NA	NA
NC_045512.2	6011	C	T	1	0	27	1	1	26	0.2	5	0.333333	FALSE	NA	NA	NA	NA	NA	NA
NC_045512.2	6011	C	A	1	0	27	3	3	27	0.6	5	0.0714286	FALSE	NA	NA	NA	NA	NA	NA
NC_045512.2	6012	C	T	3	2	25	1	1	24	0.2	5	0.5	FALSE	NA	NA	NA	NA	NA	NA
NC_045512.2	6012	C	G	3	2	25	1	1	27	0.2	5	0.5	FALSE	NA	NA	NA	NA	NA	NA
NC_045512.2	6013	A	T	3	2	26	2	2	26	0.4	5	0.277778	FALSE	NA	NA	NA	NA	NA	NA
NC_045512.2	6014	A	T	2	1	28	2	2	27	0.4	5	0.214286	FALSE	NA	NA	NA	NA	NA	NA
NC_045512.2	6014	A	G	2	1	28	1	1	29	0.2	5	0.428571	FALSE	NA	NA	NA	NA	NA	NA
NC_045512.2	6015	A	T	3	2	25	1	1	24	0.2	5	0.5	FALSE	NA	NA	NA	NA	NA	NA
NC_045512.2	6015	A	C	3	2	25	1	1	28	0.2	5	0.5	FALSE	NA	NA	NA	NA	NA	NA
NC_045512.2	6016	C	T	1	0	26	4	4	27	0.8	5	0.0396825	FALSE	NA	NA	NA	NA	NA	NA
NC_045512.2	6017	C	T	3	2	26	1	1	27	0.2	5	0.5	FALSE	NA	NA	NA	NA	NA	NA
NC_045512.2	6017	C	A	3	2	26	1	1	21	0.2	5	0.5	FALSE	NA	NA	NA	NA	NA	NA
NC_045512.2	6018	A	T	2	1	27	2	2	24	0.4	5	0.214286	FALSE	NA	NA	NA	NA	NA	NA
NC_045512.2	6018	A	G	2	1	27	1	1	27	0.2	5	0.428571	FALSE	NA	NA	NA	NA	NA	NA
NC_045512.2	6019	A	T	2	1	25	3	3	29	0.6	5	0.119048	FALSE	NA	NA	NA	NA	NA	NA
NC_045512.2	6020	C	T	1	0	29	1	1	22	0.2	5	0.333333	FALSE	NA	NA	NA	NA	NA	NA
NC_045512.2	6020	C	G	1	0	29	1	1	29	0.2	5	0.333333	FALSE	NA	NA	NA	NA	NA	NA
NC_045512.2	6020	C	A	1	0	29	2	2	25	0.4	5	0.142857	FALSE	NA	NA	NA	NA	NA	NA
NC_045512.2	6021	C	T	2	1	23	2	2	28	0.5	4	0.285714	FALSE	NA	NA	NA	NA	NA	NA
NC_045512.2	6022	A	T	2	1	29	1	1	24	0.2	5	0.428571	FALSE	NA	NA	NA	NA	NA	NA
NC_045512.2	6022	A	G	2	1	29	1	1	24	0.2	5	0.428571	FALSE	NA	NA	NA	NA	NA	NA
NC_045512.2	6022	A	C	2	1	29	1	1	27	0.2	5	0.428571	FALSE	NA	NA	NA	NA	NA	NA
NC_045512.2	6023	T	G	2	1	25	1	1	28	0.2	5	0.428571	FALSE	NA	NA	NA	NA	NA	NA
NC_045512.2	6023	T	C	2	1	25	1	1	24	0.2	5	0.428571	FALSE	NA	NA	NA	NA	NA	NA
NC_045512.2	6023	T	A	2	1	25	1	1	21	0.2	5	0.428571	FALSE	NA	NA	NA	NA	NA	NA
NC_045512.2	6024	A	C	3	2	28	2	2	26	0.4	5	0.277778	FALSE	NA	NA	NA	NA	NA	NA
NC_045512.2	6025	T	A	2	1	28	3	3	26	0.6	5	0.119048	FALSE	NA	NA	NA	NA	NA	NA
NC_045512.2	6026	C	G	11	2	27	1	1	24	0.0769231	13	0.5	FALSE	NA	NA	NA	NA	NA	NA
NC_045512.2	6026	C	A	11	2	27	1	1	29	0.0769231	13	0.5	FALSE	NA	NA	NA	NA	NA	NA
NC_045512.2	6027	C	G	9	1	23	1	1	32	0.0833333	12	0.47619	FALSE	NA	NA	NA	NA	NA	NA
NC_045512.2	6027	C	A	9	1	23	2	2	29	0.166667	12	0.238095	FALSE	NA	NA	NA	NA	NA	NA
NC_045512.2	6028	A	T	10	1	27	1	1	30	0.0769231	13	0.478261	FALSE	NA	NA	NA	NA	NA	NA
NC_045512.2	6028	A	G	10	1	27	1	1	28	0.0769231	13	0.478261	FALSE	NA	NA	NA	NA	NA	NA
NC_045512.2	6028	A	C	10	1	27	1	1	24	0.0769231	13	0.478261	FALSE	NA	NA	NA	NA	NA	NA
NC_045512.2	6029	A	G	11	2	28	1	1	24	0.0769231	13	0.5	FALSE	NA	NA	NA	NA	NA	NA
NC_045512.2	6029	A	C	11	2	28	1	1	28	0.0769231	13	0.5	FALSE	NA	NA	NA	NA	NA	NA
NC_045512.2	6030	A	G	9	1	22	1	1	27	0.0909091	11	0.5	FALSE	NA	NA	NA	NA	NA	NA
NC_045512.2	6030	A	C	9	1	22	1	1	28	0.0909091	11	0.5	FALSE	NA	NA	NA	NA	NA	NA
NC_045512.2	6031	C	T	8	2	26	4	1	25	0.307692	13	0.0465839	FALSE	NA	NA	NA	NA	NA	NA
NC_045512.2	6031	C	A	8	2	26	1	1	29	0.0769231	13	0.428571	FALSE	NA	NA	NA	NA	NA	NA
NC_045512.2	6032	G	C	10	1	25	1	1	24	0.0769231	13	0.478261	FALSE	NA	NA	NA	NA	NA	NA
NC_045512.2	6032	G	A	10	1	25	2	2	25	0.153846	13	0.23913	FALSE	NA	NA	NA	NA	NA	NA
NC_045512.2	6033	C	T	10	1	25	1	1	29	0.0833333	12	0.5	FALSE	NA	NA	NA	NA	NA	NA
NC_045512.2	6033	C	A	10	1	25	1	1	24	0.0833333	12	0.5	FALSE	NA	NA	NA	NA	NA	NA
NC_045512.2	6034	A	T	11	2	27	1	1	26	0.0833333	12	0.521739	FALSE	NA	NA	NA	NA	NA	NA
NC_045512.2	6035	A	T	9	0	23	3	3	28	0.230769	13	0.108696	FALSE	NA	NA	NA	NA	NA	NA
NC_045512.2	6035	A	C	9	0	23	1	1	24	0.0769231	13	0.454545	FALSE	NA	NA	NA	NA	NA	NA
NC_045512.2	6036	G	C	10	1	27	1	1	26	0.0833333	12	0.5	FALSE	NA	NA	NA	NA	NA	NA
NC_045512.2	6036	G	A	10	1	27	1	1	29	0.0833333	12	0.5	FALSE	NA	NA	NA	NA	NA	NA
NC_045512.2	6037	C	T	10	1	26	2	2	31	0.153846	13	0.23913	FALSE	NA	NA	NA	NA	NA	NA
NC_045512.2	6037	C	A	10	1	26	1	1	27	0.0769231	13	0.478261	FALSE	NA	NA	NA	NA	NA	NA
NC_045512.2	6037	C	-T	10	1	26	1	0	20	0.0769231	13	0.478261	FALSE	NA	NA	NA	NA	NA	NA
NC_045512.2	6038	T	C	9	1	26	1	1	24	0.0833333	12	0.454545	FALSE	NA	NA	NA	NA	NA	NA
NC_045512.2	6038	T	A	9	1	26	2	2	26	0.166667	12	0.217391	FALSE	NA	NA	NA	NA	NA	NA
NC_045512.2	6039	T	C	9	1	23	2	2	29	0.166667	12	0.238095	FALSE	NA	NA	NA	NA	NA	NA
NC_045512.2	6039	T	A	9	1	23	1	1	28	0.0833333	12	0.47619	FALSE	NA	NA	NA	NA	NA	NA
NC_045512.2	6040	C	G	9	0	26	1	1	29	0.0769231	13	0.454545	FALSE	NA	NA	NA	NA	NA	NA
NC_045512.2	6040	C	A	9	0	26	3	3	26	0.230769	13	0.108696	FALSE	NA	NA	NA	NA	NA	NA
NC_045512.2	6041	G	C	10	1	28	1	1	32	0.0769231	13	0.478261	FALSE	NA	NA	NA	NA	NA	NA
NC_045512.2	6041	G	A	10	1	28	2	2	29	0.153846	13	0.23913	FALSE	NA	NA	NA	NA	NA	NA
NC_045512.2	6042	A	T	11	2	27	1	1	29	0.0769231	13	0.5	FALSE	NA	NA	NA	NA	NA	NA
NC_045512.2	6042	A	G	11	2	27	1	1	32	0.0769231	13	0.5	FALSE	NA	NA	NA	NA	NA	NA
NC_045512.2	6043	T	C	9	0	27	3	3	28	0.230769	13	0.108696	FALSE	NA	NA	NA	NA	NA	NA
NC_045512.2	6043	T	A	9	0	27	1	1	31	0.0769231	13	0.454545	FALSE	NA	NA	NA	NA	NA	NA
NC_045512.2	6044	A	T	11	2	27	1	1	24	0.0714286	14	0.48	FALSE	NA	NA	NA	NA	NA	NA
NC_045512.2	6044	A	G	11	2	27	1	1	27	0.0714286	14	0.48	FALSE	NA	NA	NA	NA	NA	NA
NC_045512.2	6044	A	C	11	2	27	1	1	21	0.0714286	14	0.48	FALSE	NA	NA	NA	NA	NA	NA
NC_045512.2	6045	A	T	10	1	22	2	2	25	0.142857	14	0.22	FALSE	NA	NA	NA	NA	NA	NA
NC_045512.2	6045	A	C	10	1	22	2	2	26	0.142857	14	0.22	FALSE	NA	NA	NA	NA	NA	NA
NC_045512.2	6046	T	G	10	1	26	2	2	27	0.153846	13	0.23913	FALSE	NA	NA	NA	NA	NA	NA
NC_045512.2	6046	T	A	10	1	26	1	1	23	0.0769231	13	0.478261	FALSE	NA	NA	NA	NA	NA	NA
NC_045512.2	6047	T	G	10	1	27	1	1	27	0.0714286	14	0.458333	FALSE	NA	NA	NA	NA	NA	NA
NC_045512.2	6047	T	C	10	1	27	1	1	28	0.0714286	14	0.458333	FALSE	NA	NA	NA	NA	NA	NA
NC_045512.2	6047	T	A	10	1	27	2	2	26	0.142857	14	0.22	FALSE	NA	NA	NA	NA	NA	NA
NC_045512.2	6048	T	G	10	1	26	1	1	28	0.0714286	14	0.458333	FALSE	NA	NA	NA	NA	NA	NA
NC_045512.2	6048	T	A	10	1	26	3	3	27	0.214286	14	0.11	FALSE	NA	NA	NA	NA	NA	NA
NC_045512.2	6049	T	C	2	1	24	4	4	24	0.666667	6	0.0454545	FALSE	NA	NA	NA	NA	NA	NA
NC_045512.2	6050	A	T	9	0	26	1	1	23	0.0714286	14	0.434783	FALSE	NA	NA	NA	NA	NA	NA
NC_045512.2	6050	A	G	9	0	26	1	1	25	0.0714286	14	0.434783	FALSE	NA	NA	NA	NA	NA	NA
NC_045512.2	6050	A	C	9	0	26	3	3	27	0.214286	14	0.0956522	FALSE	NA	NA	NA	NA	NA	NA
NC_045512.2	6051	A	T	9	1	23	1	1	27	0.0769231	13	0.454545	FALSE	NA	NA	NA	NA	NA	NA
NC_045512.2	6051	A	G	9	1	23	1	1	27	0.0769231	13	0.454545	FALSE	NA	NA	NA	NA	NA	NA
NC_045512.2	6051	A	C	9	1	23	2	2	25	0.153846	13	0.217391	FALSE	NA	NA	NA	NA	NA	NA
NC_045512.2	6052	G	T	9	0	27	1	1	26	0.0769231	13	0.454545	FALSE	NA	NA	NA	NA	NA	NA
NC_045512.2	6052	G	C	9	0	27	1	1	28	0.0769231	13	0.454545	FALSE	NA	NA	NA	NA	NA	NA
NC_045512.2	6052	G	A	9	0	27	2	2	29	0.153846	13	0.217391	FALSE	NA	NA	NA	NA	NA	NA
NC_045512.2	6053	T	G	10	1	27	1	1	27	0.0714286	14	0.458333	FALSE	NA	NA	NA	NA	NA	NA
NC_045512.2	6053	T	A	10	1	27	3	3	24	0.214286	14	0.11	FALSE	NA	NA	NA	NA	NA	NA
NC_045512.2	6054	T	G	9	0	28	1	1	22	0.0714286	14	0.434783	FALSE	NA	NA	NA	NA	NA	NA
NC_045512.2	6054	T	C	9	0	28	1	1	24	0.0714286	14	0.434783	FALSE	NA	NA	NA	NA	NA	NA
NC_045512.2	6054	T	A	9	0	28	3	3	25	0.214286	14	0.0956522	FALSE	NA	NA	NA	NA	NA	NA
NC_045512.2	6055	T	G	8	1	23	1	1	27	0.0833333	12	0.45	FALSE	NA	NA	NA	NA	NA	NA
NC_045512.2	6055	T	C	8	1	23	2	2	25	0.166667	12	0.214286	FALSE	NA	NA	NA	NA	NA	NA
NC_045512.2	6055	T	A	8	1	23	1	1	30	0.0833333	12	0.45	FALSE	NA	NA	NA	NA	NA	NA
NC_045512.2	6056	G	T	9	0	27	2	2	22	0.153846	13	0.217391	FALSE	NA	NA	NA	NA	NA	NA
NC_045512.2	6056	G	A	9	0	27	2	2	22	0.153846	13	0.217391	FALSE	NA	NA	NA	NA	NA	NA
NC_045512.2	6057	T	A	12	3	27	2	2	28	0.142857	14	0.259259	FALSE	NA	NA	NA	NA	NA	NA
NC_045512.2	6058	A	T	9	0	28	1	1	29	0.0769231	13	0.454545	FALSE	NA	NA	NA	NA	NA	NA
NC_045512.2	6058	A	G	9	0	28	1	1	22	0.0769231	13	0.454545	FALSE	NA	NA	NA	NA	NA	NA
NC_045512.2	6058	A	C	9	0	28	2	2	24	0.153846	13	0.217391	FALSE	NA	NA	NA	NA	NA	NA
NC_045512.2	6059	T	G	11	2	27	2	2	24	0.142857	14	0.24	FALSE	NA	NA	NA	NA	NA	NA
NC_045512.2	6059	T	C	11	2	27	1	1	27	0.0714286	14	0.48	FALSE	NA	NA	NA	NA	NA	NA
NC_045512.2	6060	G	T	9	0	27	1	1	27	0.0714286	14	0.434783	FALSE	NA	NA	NA	NA	NA	NA
NC_045512.2	6060	G	A	9	0	27	4	4	26	0.285714	14	0.0478261	FALSE	NA	NA	NA	NA	NA	NA
NC_045512.2	6061	T	C	12	3	27	1	1	26	0.0714286	14	0.5	FALSE	NA	NA	NA	NA	NA	NA
NC_045512.2	6061	T	A	12	3	27	1	1	28	0.0714286	14	0.5	FALSE	NA	NA	NA	NA	NA	NA
NC_045512.2	6062	G	A	10	1	28	4	4	23	0.285714	14	0.057037	FALSE	NA	NA	NA	NA	NA	NA
NC_045512.2	6063	A	T	12	3	27	2	2	25	0.142857	14	0.259259	FALSE	NA	NA	NA	NA	NA	NA
NC_045512.2	6064	T	G	11	2	26	1	1	25	0.0769231	13	0.5	FALSE	NA	NA	NA	NA	NA	NA
NC_045512.2	6064	T	C	11	2	26	1	1	24	0.0769231	13	0.5	FALSE	NA	NA	NA	NA	NA	NA
NC_045512.2	6065	A	T	9	0	27	3	3	25	0.230769	13	0.108696	FALSE	NA	NA	NA	NA	NA	NA
NC_045512.2	6065	A	C	9	0	27	1	1	33	0.0769231	13	0.454545	FALSE	NA	NA	NA	NA	NA	NA
NC_045512.2	6066	A	T	8	2	23	2	2	26	0.181818	11	0.236842	FALSE	NA	NA	NA	NA	NA	NA
NC_045512.2	6066	A	G	8	2	23	1	1	23	0.0909091	11	0.473684	FALSE	NA	NA	NA	NA	NA	NA
NC_045512.2	6067	T	A	13	4	26	1	1	29	0.0714286	14	0.518519	FALSE	NA	NA	NA	NA	NA	NA
NC_045512.2	6068	A	T	12	3	26	1	1	25	0.0714286	14	0.5	FALSE	NA	NA	NA	NA	NA	NA
NC_045512.2	6068	A	G	12	3	26	1	1	25	0.0714286	14	0.5	FALSE	NA	NA	NA	NA	NA	NA
NC_045512.2	6069	T	C	11	2	26	1	1	28	0.0714286	14	0.48	FALSE	NA	NA	NA	NA	NA	NA
NC_045512.2	6069	T	A	11	2	26	2	2	25	0.142857	14	0.24	FALSE	NA	NA	NA	NA	NA	NA
NC_045512.2	6070	C	T	9	0	26	1	1	22	0.0714286	14	0.434783	FALSE	NA	NA	NA	NA	NA	NA
NC_045512.2	6070	C	G	9	0	26	3	3	27	0.214286	14	0.0956522	FALSE	NA	NA	NA	NA	NA	NA
NC_045512.2	6070	C	A	9	0	26	1	1	27	0.0714286	14	0.434783	FALSE	NA	NA	NA	NA	NA	NA
NC_045512.2	6071	A	T	8	0	27	4	3	25	0.307692	13	0.0465839	FALSE	NA	NA	NA	NA	NA	NA
NC_045512.2	6071	A	C	8	0	27	1	1	22	0.0769231	13	0.428571	FALSE	NA	NA	NA	NA	NA	NA
NC_045512.2	6072	A	T	10	1	27	1	1	29	0.0769231	13	0.478261	FALSE	NA	NA	NA	NA	NA	NA
NC_045512.2	6072	A	G	10	1	27	2	2	28	0.153846	13	0.23913	FALSE	NA	NA	NA	NA	NA	NA
NC_045512.2	6073	A	T	9	2	22	2	2	29	0.166667	12	0.238095	FALSE	NA	NA	NA	NA	NA	NA
NC_045512.2	6073	A	G	9	2	22	1	1	25	0.0833333	12	0.47619	FALSE	NA	NA	NA	NA	NA	NA
NC_045512.2	6074	T	G	10	1	27	3	3	26	0.230769	13	0.124348	FALSE	NA	NA	NA	NA	NA	NA
NC_045512.2	6075	T	C	10	1	28	1	1	27	0.0714286	14	0.458333	FALSE	NA	NA	NA	NA	NA	NA
NC_045512.2	6075	T	A	10	1	28	3	3	24	0.214286	14	0.11	FALSE	NA	NA	NA	NA	NA	NA
NC_045512.2	6076	T	A	7	2	21	3	3	27	0.3	10	0.123839	FALSE	NA	NA	NA	NA	NA	NA
NC_045512.2	6077	G	T	10	1	26	3	3	27	0.230769	13	0.124348	FALSE	NA	NA	NA	NA	NA	NA
NC_045512.2	6078	C	G	10	1	26	1	1	27	0.0714286	14	0.458333	FALSE	NA	NA	NA	NA	NA	NA
NC_045512.2	6078	C	A	10	1	26	3	3	28	0.214286	14	0.11	FALSE	NA	NA	NA	NA	NA	NA
NC_045512.2	6079	T	G	12	3	26	1	1	27	0.0714286	14	0.5	FALSE	NA	NA	NA	NA	NA	NA
NC_045512.2	6079	T	C	12	3	26	1	1	25	0.0714286	14	0.5	FALSE	NA	NA	NA	NA	NA	NA
NC_045512.2	6080	G	C	10	1	26	1	1	25	0.0769231	13	0.478261	FALSE	NA	NA	NA	NA	NA	NA
NC_045512.2	6080	G	A	10	1	26	2	2	26	0.153846	13	0.23913	FALSE	NA	NA	NA	NA	NA	NA
NC_045512.2	6083	G	A	9	0	26	1	1	23	0.1	10	0.526316	FALSE	NA	NA	NA	NA	NA	NA
NC_045512.2	6086	T	A	9	0	25	1	1	28	0.1	10	0.526316	FALSE	NA	NA	NA	NA	NA	NA
NC_045512.2	6088	A	C	9	0	25	1	1	29	0.1	10	0.526316	FALSE	NA	NA	NA	NA	NA	NA
NC_045512.2	6091	C	A	8	0	27	1	1	28	0.111111	9	0.529412	FALSE	NA	NA	NA	NA	NA	NA
NC_045512.2	6092	C	T	6	0	21	1	1	22	0.142857	7	0.538462	FALSE	NA	NA	NA	NA	NA	NA
NC_045512.2	6093	A	T	8	0	26	1	1	29	0.111111	9	0.529412	FALSE	NA	NA	NA	NA	NA	NA
NC_045512.2	6094	G	T	8	0	25	1	1	28	0.111111	9	0.529412	FALSE	NA	NA	NA	NA	NA	NA
NC_045512.2	6095	T	G	8	0	26	1	1	28	0.111111	9	0.529412	FALSE	NA	NA	NA	NA	NA	NA
NC_045512.2	6096	T	C	5	0	22	1	1	27	0.142857	7	0.5	FALSE	NA	NA	NA	NA	NA	NA
NC_045512.2	6096	T	A	5	0	22	1	1	24	0.142857	7	0.5	FALSE	NA	NA	NA	NA	NA	NA
NC_045512.2	6097	A	T	8	0	26	1	1	23	0.111111	9	0.529412	FALSE	NA	NA	NA	NA	NA	NA
NC_045512.2	6098	A	G	7	0	22	1	1	26	0.111111	9	0.5	FALSE	NA	NA	NA	NA	NA	NA
NC_045512.2	6098	A	C	7	0	22	1	1	24	0.111111	9	0.5	FALSE	NA	NA	NA	NA	NA	NA
NC_045512.2	6099	C	A	8	0	25	1	1	23	0.111111	9	0.529412	FALSE	NA	NA	NA	NA	NA	NA
NC_045512.2	6100	T	A	9	1	26	1	1	36	0.1	10	0.526316	FALSE	NA	NA	NA	NA	NA	NA
NC_045512.2	6101	G	A	9	1	27	1	1	25	0.1	10	0.526316	FALSE	NA	NA	NA	NA	NA	NA
NC_045512.2	6102	G	C	6	0	22	1	1	20	0.125	8	0.5	FALSE	NA	NA	NA	NA	NA	NA
NC_045512.2	6102	G	A	6	0	22	1	1	29	0.125	8	0.5	FALSE	NA	NA	NA	NA	NA	NA
NC_045512.2	6103	T	C	9	1	26	1	1	26	0.1	10	0.526316	FALSE	NA	NA	NA	NA	NA	NA
NC_045512.2	6104	T	A	6	1	23	1	1	22	0.142857	7	0.538462	FALSE	NA	NA	NA	NA	NA	NA
NC_045512.2	6105	A	T	9	1	25	1	1	29	0.1	10	0.526316	FALSE	NA	NA	NA	NA	NA	NA
NC_045512.2	6106	T	C	7	0	25	1	1	24	0.111111	9	0.5	FALSE	NA	NA	NA	NA	NA	NA
NC_045512.2	6106	T	A	7	0	25	1	1	22	0.111111	9	0.5	FALSE	NA	NA	NA	NA	NA	NA
NC_045512.2	6107	A	C	8	1	27	1	1	28	0.111111	9	0.529412	FALSE	NA	NA	NA	NA	NA	NA
NC_045512.2	6109	G	T	7	0	26	1	1	28	0.111111	9	0.5	FALSE	NA	NA	NA	NA	NA	NA
NC_045512.2	6109	G	C	7	0	26	1	1	22	0.111111	9	0.5	FALSE	NA	NA	NA	NA	NA	NA
NC_045512.2	6109	G	+A	7	0	26	1	0	20	0.111111	9	0.5	FALSE	NA	NA	NA	NA	NA	NA
NC_045512.2	6110	A	C	7	1	28	1	1	26	0.125	8	0.533333	FALSE	NA	NA	NA	NA	NA	NA
NC_045512.2	6111	A	T	7	1	28	1	1	27	0.125	8	0.533333	FALSE	NA	NA	NA	NA	NA	NA
NC_045512.2	6112	A	G	4	0	21	1	1	27	0.166667	6	0.5	FALSE	NA	NA	NA	NA	NA	NA
NC_045512.2	6112	A	C	4	0	21	1	1	21	0.166667	6	0.5	FALSE	NA	NA	NA	NA	NA	NA
NC_045512.2	6113	C	T	7	1	28	1	1	23	0.125	8	0.533333	FALSE	NA	NA	NA	NA	NA	NA
NC_045512.2	6114	C	T	6	0	22	1	1	27	0.142857	7	0.538462	FALSE	NA	NA	NA	NA	NA	NA
NC_045512.2	6115	T	A	6	0	27	2	2	24	0.25	8	0.266667	FALSE	NA	NA	NA	NA	NA	NA
NC_045512.2	6116	G	A	6	0	26	2	2	26	0.25	8	0.266667	FALSE	NA	NA	NA	NA	NA	NA
NC_045512.2	6118	T	G	7	1	27	1	1	21	0.111111	9	0.5	FALSE	NA	NA	NA	NA	NA	NA
NC_045512.2	6118	T	C	7	1	27	1	1	21	0.111111	9	0.5	FALSE	NA	NA	NA	NA	NA	NA
NC_045512.2	6119	T	G	3	0	22	1	1	22	0.166667	6	0.444444	FALSE	NA	NA	NA	NA	NA	NA
NC_045512.2	6119	T	C	3	0	22	2	2	24	0.333333	6	0.222222	FALSE	NA	NA	NA	NA	NA	NA
NC_045512.2	6120	C	G	14	2	26	1	1	27	0.0666667	15	0.517241	FALSE	NA	NA	NA	NA	NA	NA
NC_045512.2	6121	A	T	15	3	26	1	1	23	0.0625	16	0.516129	FALSE	NA	NA	NA	NA	NA	NA
NC_045512.2	6122	A	T	15	3	23	1	1	29	0.0588235	17	0.5	FALSE	NA	NA	NA	NA	NA	NA
NC_045512.2	6122	A	G	15	3	23	1	1	23	0.0588235	17	0.5	FALSE	NA	NA	NA	NA	NA	NA
NC_045512.2	6123	G	C	14	2	27	2	2	24	0.117647	17	0.241935	FALSE	NA	NA	NA	NA	NA	NA
NC_045512.2	6123	G	A	14	2	27	1	1	28	0.0588235	17	0.483871	FALSE	NA	NA	NA	NA	NA	NA
NC_045512.2	6124	A	T	14	2	27	1	1	29	0.0625	16	0.5	FALSE	NA	NA	NA	NA	NA	NA
NC_045512.2	6124	A	G	14	2	27	1	1	22	0.0625	16	0.5	FALSE	NA	NA	NA	NA	NA	NA
NC_045512.2	6125	G	T	14	2	28	1	1	31	0.0588235	17	0.483871	FALSE	NA	NA	NA	NA	NA	NA
NC_045512.2	6125	G	C	14	2	28	1	1	23	0.0588235	17	0.483871	FALSE	NA	NA	NA	NA	NA	NA
NC_045512.2	6125	G	A	14	2	28	1	1	24	0.0588235	17	0.483871	FALSE	NA	NA	NA	NA	NA	NA
NC_045512.2	6126	A	C	15	3	28	1	1	27	0.0625	16	0.516129	FALSE	NA	NA	NA	NA	NA	NA
NC_045512.2	6127	G	A	16	4	27	1	1	31	0.0588235	17	0.515152	FALSE	NA	NA	NA	NA	NA	NA
NC_045512.2	6128	C	G	13	2	26	1	1	31	0.0625	16	0.482759	FALSE	NA	NA	NA	NA	NA	NA
NC_045512.2	6128	C	A	13	2	26	2	2	25	0.125	16	0.241379	FALSE	NA	NA	NA	NA	NA	NA
NC_045512.2	6129	T	C	13	2	27	1	1	29	0.0666667	15	0.5	FALSE	NA	NA	NA	NA	NA	NA
NC_045512.2	6129	T	A	13	2	27	1	1	27	0.0666667	15	0.5	FALSE	NA	NA	NA	NA	NA	NA
NC_045512.2	6130	T	A	12	3	23	2	2	25	0.142857	14	0.259259	FALSE	NA	NA	NA	NA	NA	NA
NC_045512.2	6131	A	T	13	2	26	1	1	28	0.0666667	15	0.5	FALSE	NA	NA	NA	NA	NA	NA
NC_045512.2	6131	A	C	13	2	26	1	1	22	0.0666667	15	0.5	FALSE	NA	NA	NA	NA	NA	NA
NC_045512.2	6132	A	T	13	2	28	1	1	26	0.0625	16	0.482759	FALSE	NA	NA	NA	NA	NA	NA
NC_045512.2	6132	A	C	13	2	28	2	2	27	0.125	16	0.241379	FALSE	NA	NA	NA	NA	NA	NA
NC_045512.2	6133	A	T	12	2	22	2	2	28	0.133333	15	0.240741	FALSE	NA	NA	NA	NA	NA	NA
NC_045512.2	6133	A	G	12	2	22	1	1	28	0.0666667	15	0.481481	FALSE	NA	NA	NA	NA	NA	NA
NC_045512.2	6134	G	T	14	3	27	1	1	30	0.0625	16	0.5	FALSE	NA	NA	NA	NA	NA	NA
NC_045512.2	6134	G	A	14	3	27	1	1	28	0.0625	16	0.5	FALSE	NA	NA	NA	NA	NA	NA
NC_045512.2	6135	T	C	15	4	27	1	1	28	0.0625	16	0.516129	FALSE	NA	NA	NA	NA	NA	NA
NC_045512.2	6136	T	A	12	3	24	2	2	25	0.142857	14	0.259259	FALSE	NA	NA	NA	NA	NA	NA
NC_045512.2	6137	A	T	15	4	26	1	1	29	0.0625	16	0.516129	FALSE	NA	NA	NA	NA	NA	NA
NC_045512.2	6138	C	T	14	3	26	1	1	21	0.0625	16	0.5	FALSE	NA	NA	NA	NA	NA	NA
NC_045512.2	6138	C	G	14	3	26	1	1	29	0.0625	16	0.5	FALSE	NA	NA	NA	NA	NA	NA
NC_045512.2	6139	A	T	14	3	25	2	2	25	0.125	16	0.258065	FALSE	NA	NA	NA	NA	NA	NA
NC_045512.2	6139	A	-T	14	3	25	3	0	20	0.1875	16	0.137097	FALSE	NA	NA	NA	NA	NA	NA
NC_045512.2	6139	A	+T	14	3	25	1	0	20	0.0625	16	0.5	FALSE	NA	NA	NA	NA	NA	NA
NC_045512.2	6140	T	C	12	2	26	1	1	25	0.0714286	14	0.464286	FALSE	NA	NA	NA	NA	NA	NA
NC_045512.2	6140	T	A	12	2	26	1	1	29	0.0714286	14	0.464286	FALSE	NA	NA	NA	NA	NA	NA
NC_045512.2	6141	T	G	13	3	26	1	1	29	0.0714286	14	0.518519	FALSE	NA	NA	NA	NA	NA	NA
NC_045512.2	6142	T	G	12	2	26	1	1	28	0.0625	16	0.464286	FALSE	NA	NA	NA	NA	NA	NA
NC_045512.2	6142	T	A	12	2	26	3	3	26	0.1875	16	0.112069	FALSE	NA	NA	NA	NA	NA	NA
NC_045512.2	6143	T	G	12	3	26	1	1	30	0.0625	16	0.464286	FALSE	NA	NA	NA	NA	NA	NA
NC_045512.2	6143	T	C	12	3	26	1	0	27	0.0625	16	0.464286	FALSE	NA	NA	NA	NA	NA	NA
NC_045512.2	6143	T	A	12	3	26	2	2	27	0.125	16	0.224138	FALSE	NA	NA	NA	NA	NA	NA
NC_045512.2	6144	T	G	3	2	26	1	1	23	0.142857	7	0.4	FALSE	NA	NA	NA	NA	NA	NA
NC_045512.2	6144	T	C	3	2	26	1	1	27	0.142857	7	0.4	FALSE	NA	NA	NA	NA	NA	NA
NC_045512.2	6144	T	A	3	2	26	2	2	27	0.285714	7	0.181818	FALSE	NA	NA	NA	NA	NA	NA
NC_045512.2	6145	C	T	9	1	25	1	1	27	0.0833333	12	0.47619	FALSE	NA	NA	NA	NA	NA	NA
NC_045512.2	6145	C	G	9	1	25	2	2	27	0.166667	12	0.238095	FALSE	NA	NA	NA	NA	NA	NA
NC_045512.2	6146	C	T	12	4	28	1	1	23	0.0714286	14	0.5	FALSE	NA	NA	NA	NA	NA	NA
NC_045512.2	6146	C	G	12	4	28	1	1	27	0.0714286	14	0.5	FALSE	NA	NA	NA	NA	NA	NA
NC_045512.2	6147	C	T	10	2	22	3	3	24	0.214286	14	0.11	FALSE	NA	NA	NA	NA	NA	NA
NC_045512.2	6147	C	A	10	2	22	1	1	23	0.0714286	14	0.458333	FALSE	NA	NA	NA	NA	NA	NA
NC_045512.2	6148	T	G	11	3	27	2	2	25	0.142857	14	0.24	FALSE	NA	NA	NA	NA	NA	NA
NC_045512.2	6148	T	A	11	3	27	1	1	28	0.0714286	14	0.48	FALSE	NA	NA	NA	NA	NA	NA
NC_045512.2	6149	G	T	11	3	27	1	1	26	0.0714286	14	0.48	FALSE	NA	NA	NA	NA	NA	NA
NC_045512.2	6149	G	A	11	3	27	2	2	24	0.142857	14	0.24	FALSE	NA	NA	NA	NA	NA	NA
NC_045512.2	6150	A	T	12	4	27	1	1	28	0.0714286	14	0.5	FALSE	NA	NA	NA	NA	NA	NA
NC_045512.2	6150	A	C	12	4	27	1	1	27	0.0714286	14	0.5	FALSE	NA	NA	NA	NA	NA	NA
NC_045512.2	6151	C	T	10	2	27	2	2	25	0.142857	14	0.22	FALSE	NA	NA	NA	NA	NA	NA
NC_045512.2	6151	C	A	10	2	27	2	2	26	0.142857	14	0.22	FALSE	NA	NA	NA	NA	NA	NA
NC_045512.2	6152	T	G	11	3	26	2	2	26	0.142857	14	0.24	FALSE	NA	NA	NA	NA	NA	NA
NC_045512.2	6152	T	A	11	3	26	1	1	29	0.0714286	14	0.48	FALSE	NA	NA	NA	NA	NA	NA
NC_045512.2	6153	T	C	12	4	24	1	1	33	0.0769231	13	0.52	FALSE	NA	NA	NA	NA	NA	NA
NC_045512.2	6153	T	-A	12	4	24	2	0	20	0.153846	13	0.28	FALSE	NA	NA	NA	NA	NA	NA
NC_045512.2	6154	A	T	9	1	27	1	1	25	0.0833333	12	0.454545	FALSE	NA	NA	NA	NA	NA	NA
NC_045512.2	6154	A	G	9	1	27	2	2	27	0.166667	12	0.217391	FALSE	NA	NA	NA	NA	NA	NA
NC_045512.2	6155	A	T	12	4	27	1	1	28	0.0769231	13	0.52	FALSE	NA	NA	NA	NA	NA	NA
NC_045512.2	6156	A	T	10	2	22	2	2	28	0.142857	14	0.22	FALSE	NA	NA	NA	NA	NA	NA
NC_045512.2	6156	A	C	10	2	22	2	2	27	0.142857	14	0.22	FALSE	NA	NA	NA	NA	NA	NA
NC_045512.2	6157	T	A	10	2	27	4	4	23	0.285714	14	0.057037	FALSE	NA	NA	NA	NA	NA	NA
NC_045512.2	6158	G	A	10	2	27	3	3	26	0.230769	13	0.124348	FALSE	NA	NA	NA	NA	NA	NA
NC_045512.2	6159	G	T	9	2	23	2	2	27	0.166667	12	0.238095	FALSE	NA	NA	NA	NA	NA	NA
NC_045512.2	6159	G	A	9	2	23	1	1	27	0.0833333	12	0.47619	FALSE	NA	NA	NA	NA	NA	NA
NC_045512.2	6160	T	C	12	4	27	1	1	23	0.0714286	14	0.5	FALSE	NA	NA	NA	NA	NA	NA
NC_045512.2	6160	T	A	12	4	27	1	1	27	0.0714286	14	0.5	FALSE	NA	NA	NA	NA	NA	NA
NC_045512.2	6161	G	T	10	2	27	4	4	26	0.266667	15	0.0488889	FALSE	NA	NA	NA	NA	NA	NA
NC_045512.2	6161	G	C	10	2	27	1	1	28	0.0666667	15	0.44	FALSE	NA	NA	NA	NA	NA	NA
NC_045512.2	6162	A	T	11	3	26	3	3	26	0.2	15	0.111111	FALSE	NA	NA	NA	NA	NA	NA
NC_045512.2	6162	A	C	11	3	26	1	1	26	0.0666667	15	0.461538	FALSE	NA	NA	NA	NA	NA	NA
NC_045512.2	6163	T	G	10	2	26	1	1	25	0.0666667	15	0.44	FALSE	NA	NA	NA	NA	NA	NA
NC_045512.2	6163	T	C	10	2	26	2	2	24	0.133333	15	0.203077	FALSE	NA	NA	NA	NA	NA	NA
NC_045512.2	6163	T	A	10	2	26	2	2	24	0.133333	15	0.203077	FALSE	NA	NA	NA	NA	NA	NA
NC_045512.2	6164	G	T	10	2	26	1	1	22	0.0625	16	0.423077	FALSE	NA	NA	NA	NA	NA	NA
NC_045512.2	6164	G	C	10	2	26	2	2	25	0.125	16	0.188034	FALSE	NA	NA	NA	NA	NA	NA
NC_045512.2	6164	G	A	10	2	26	3	3	26	0.1875	16	0.0873016	FALSE	NA	NA	NA	NA	NA	NA
NC_045512.2	6165	T	G	12	4	26	1	1	26	0.0588235	17	0.448276	FALSE	NA	NA	NA	NA	NA	NA
NC_045512.2	6165	T	C	12	4	26	3	3	25	0.176471	17	0.101224	FALSE	NA	NA	NA	NA	NA	NA
NC_045512.2	6165	T	A	12	4	26	1	1	27	0.0588235	17	0.448276	FALSE	NA	NA	NA	NA	NA	NA
NC_045512.2	6166	G	T	12	4	26	2	2	23	0.125	16	0.224138	FALSE	NA	NA	NA	NA	NA	NA
NC_045512.2	6166	G	C	12	4	26	2	2	24	0.125	16	0.224138	FALSE	NA	NA	NA	NA	NA	NA
NC_045512.2	6167	G	T	10	4	24	2	2	28	0.142857	14	0.22	FALSE	NA	NA	NA	NA	NA	NA
NC_045512.2	6167	G	C	10	4	24	1	1	29	0.0714286	14	0.458333	FALSE	NA	NA	NA	NA	NA	NA
NC_045512.2	6167	G	A	10	4	24	1	1	28	0.0714286	14	0.458333	FALSE	NA	NA	NA	NA	NA	NA
NC_045512.2	6168	T	A	12	5	27	4	4	24	0.25	16	0.057842	FALSE	NA	NA	NA	NA	NA	NA
NC_045512.2	6169	G	T	12	5	26	1	1	28	0.0625	16	0.464286	FALSE	NA	NA	NA	NA	NA	NA
NC_045512.2	6169	G	C	12	5	26	1	1	27	0.0625	16	0.464286	FALSE	NA	NA	NA	NA	NA	NA
NC_045512.2	6169	G	A	12	5	26	2	2	26	0.125	16	0.224138	FALSE	NA	NA	NA	NA	NA	NA
NC_045512.2	6170	G	T	8	3	24	2	2	26	0.142857	14	0.177866	FALSE	NA	NA	NA	NA	NA	NA
NC_045512.2	6170	G	C	8	3	24	2	2	23	0.142857	14	0.177866	FALSE	NA	NA	NA	NA	NA	NA
NC_045512.2	6170	G	A	8	3	24	2	2	25	0.142857	14	0.177866	FALSE	NA	NA	NA	NA	NA	NA
NC_045512.2	6171	C	T	10	3	26	3	3	25	0.1875	16	0.0873016	FALSE	NA	NA	NA	NA	NA	NA
NC_045512.2	6171	C	G	10	3	26	1	1	25	0.0625	16	0.423077	FALSE	NA	NA	NA	NA	NA	NA
NC_045512.2	6171	C	A	10	3	26	2	2	27	0.125	16	0.188034	FALSE	NA	NA	NA	NA	NA	NA
NC_045512.2	6171	C	-T	10	3	26	1	0	20	0.0625	16	0.423077	FALSE	NA	NA	NA	NA	NA	NA
NC_045512.2	6172	T	G	12	5	26	1	1	28	0.0714286	14	0.481481	FALSE	NA	NA	NA	NA	NA	NA
NC_045512.2	6172	T	C	12	5	26	1	1	25	0.0714286	14	0.481481	FALSE	NA	NA	NA	NA	NA	NA
NC_045512.2	6173	A	T	12	5	26	3	3	28	0.1875	16	0.112069	FALSE	NA	NA	NA	NA	NA	NA
NC_045512.2	6173	A	G	12	5	26	1	1	29	0.0625	16	0.464286	FALSE	NA	NA	NA	NA	NA	NA
NC_045512.2	6174	T	C	12	5	26	1	1	23	0.0625	16	0.464286	FALSE	NA	NA	NA	NA	NA	NA
NC_045512.2	6174	T	A	12	5	26	3	3	25	0.1875	16	0.112069	FALSE	NA	NA	NA	NA	NA	NA
NC_045512.2	6175	T	G	9	4	24	4	4	26	0.285714	14	0.0478261	FALSE	NA	NA	NA	NA	NA	NA
NC_045512.2	6175	T	A	9	4	24	1	1	31	0.0714286	14	0.434783	FALSE	NA	NA	NA	NA	NA	NA
NC_045512.2	6176	G	C	10	3	26	1	1	25	0.0625	16	0.423077	FALSE	NA	NA	NA	NA	NA	NA
NC_045512.2	6176	G	A	10	3	26	5	5	27	0.3125	16	0.0210728	FALSE	NA	NA	NA	NA	NA	NA
NC_045512.2	6177	A	T	10	3	26	4	4	26	0.25	16	0.0421456	FALSE	NA	NA	NA	NA	NA	NA
NC_045512.2	6177	A	G	10	3	26	1	1	28	0.0625	16	0.423077	FALSE	NA	NA	NA	NA	NA	NA
NC_045512.2	6177	A	C	10	3	26	1	1	25	0.0625	16	0.423077	FALSE	NA	NA	NA	NA	NA	NA
NC_045512.2	6178	T	G	12	5	26	1	1	25	0.0625	16	0.464286	FALSE	NA	NA	NA	NA	NA	NA
NC_045512.2	6178	T	C	12	5	26	1	1	28	0.0625	16	0.464286	FALSE	NA	NA	NA	NA	NA	NA
NC_045512.2	6178	T	A	12	5	26	2	2	25	0.125	16	0.224138	FALSE	NA	NA	NA	NA	NA	NA
NC_045512.2	6179	T	G	8	3	24	1	1	33	0.0769231	13	0.428571	FALSE	NA	NA	NA	NA	NA	NA
NC_045512.2	6179	T	C	8	3	24	1	1	26	0.0769231	13	0.428571	FALSE	NA	NA	NA	NA	NA	NA
NC_045512.2	6179	T	A	8	3	24	3	3	28	0.230769	13	0.0931677	FALSE	NA	NA	NA	NA	NA	NA
NC_045512.2	6180	A	T	11	4	26	2	2	27	0.133333	15	0.222222	FALSE	NA	NA	NA	NA	NA	NA
NC_045512.2	6180	A	G	11	4	26	2	2	27	0.133333	15	0.222222	FALSE	NA	NA	NA	NA	NA	NA
NC_045512.2	6181	T	A	13	6	26	3	3	28	0.1875	16	0.124583	FALSE	NA	NA	NA	NA	NA	NA
NC_045512.2	6182	A	T	10	3	26	4	4	27	0.25	16	0.0421456	FALSE	NA	NA	NA	NA	NA	NA
NC_045512.2	6182	A	G	10	3	26	2	2	27	0.125	16	0.188034	FALSE	NA	NA	NA	NA	NA	NA
NC_045512.2	6183	A	T	11	4	27	3	3	28	0.1875	16	0.0996169	FALSE	NA	NA	NA	NA	NA	NA
NC_045512.2	6183	A	C	11	4	27	2	2	24	0.125	16	0.206349	FALSE	NA	NA	NA	NA	NA	NA
NC_045512.2	6184	A	G	10	7	25	1	1	26	0.0833333	12	0.5	FALSE	NA	NA	NA	NA	NA	NA
NC_045512.2	6184	A	C	10	7	25	1	1	27	0.0833333	12	0.5	FALSE	NA	NA	NA	NA	NA	NA
NC_045512.2	6185	C	T	10	3	26	1	1	25	0.0666667	15	0.44	FALSE	NA	NA	NA	NA	NA	NA
NC_045512.2	6185	C	G	10	3	26	1	1	33	0.0666667	15	0.44	FALSE	NA	NA	NA	NA	NA	NA
NC_045512.2	6185	C	A	10	3	26	3	3	27	0.2	15	0.0977778	FALSE	NA	NA	NA	NA	NA	NA
NC_045512.2	6186	A	T	10	3	26	3	3	28	0.1875	16	0.0873016	FALSE	NA	NA	NA	NA	NA	NA
NC_045512.2	6186	A	G	10	3	26	3	3	26	0.1875	16	0.0873016	FALSE	NA	NA	NA	NA	NA	NA
NC_045512.2	6186	A	-C	10	3	26	1	0	20	0.0625	16	0.423077	FALSE	NA	NA	NA	NA	NA	NA
NC_045512.2	6187	C	T	8	2	26	5	5	23	0.333333	15	0.0130952	FALSE	NA	NA	NA	NA	NA	NA
NC_045512.2	6187	C	G	8	2	26	2	2	24	0.133333	15	0.15	FALSE	NA	NA	NA	NA	NA	NA
NC_045512.2	6188	T	G	13	6	27	3	3	26	0.1875	16	0.124583	FALSE	NA	NA	NA	NA	NA	NA
NC_045512.2	6189	A	T	11	4	27	3	3	24	0.2	15	0.111111	FALSE	NA	NA	NA	NA	NA	NA
NC_045512.2	6189	A	C	11	4	27	1	1	27	0.0666667	15	0.461538	FALSE	NA	NA	NA	NA	NA	NA
NC_045512.2	6190	C	T	9	2	26	3	3	26	0.1875	16	0.0752137	FALSE	NA	NA	NA	NA	NA	NA
NC_045512.2	6190	C	G	9	2	26	2	2	25	0.125	16	0.169231	FALSE	NA	NA	NA	NA	NA	NA
NC_045512.2	6190	C	A	9	2	26	2	2	31	0.125	16	0.169231	FALSE	NA	NA	NA	NA	NA	NA
NC_045512.2	6191	A	T	12	5	26	1	1	28	0.0625	16	0.464286	FALSE	NA	NA	NA	NA	NA	NA
NC_045512.2	6191	A	G	12	5	26	1	1	26	0.0625	16	0.464286	FALSE	NA	NA	NA	NA	NA	NA
NC_045512.2	6191	A	C	12	5	26	2	2	26	0.125	16	0.224138	FALSE	NA	NA	NA	NA	NA	NA
NC_045512.2	6192	C	T	9	2	27	4	4	26	0.266667	15	0.0407407	FALSE	NA	NA	NA	NA	NA	NA
NC_045512.2	6192	C	A	9	2	27	2	2	27	0.133333	15	0.183333	FALSE	NA	NA	NA	NA	NA	NA
NC_045512.2	6193	A	T	10	3	24	4	4	26	0.25	16	0.0421456	FALSE	NA	NA	NA	NA	NA	NA
NC_045512.2	6193	A	G	10	3	24	2	2	24	0.125	16	0.188034	FALSE	NA	NA	NA	NA	NA	NA
NC_045512.2	6194	C	T	7	0	25	1	1	26	0.0714286	14	0.380952	FALSE	NA	NA	NA	NA	NA	NA
NC_045512.2	6194	C	G	7	0	25	3	3	27	0.214286	14	0.0677583	FALSE	NA	NA	NA	NA	NA	NA
NC_045512.2	6194	C	A	7	0	25	3	3	28	0.214286	14	0.0677583	FALSE	NA	NA	NA	NA	NA	NA
NC_045512.2	6195	C	T	9	2	25	4	4	25	0.25	16	0.0349206	FALSE	NA	NA	NA	NA	NA	NA
NC_045512.2	6195	C	G	9	2	25	2	2	26	0.125	16	0.169231	FALSE	NA	NA	NA	NA	NA	NA
NC_045512.2	6195	C	A	9	2	25	1	1	28	0.0625	16	0.4	FALSE	NA	NA	NA	NA	NA	NA
NC_045512.2	6196	C	T	5	3	23	3	3	26	0.272727	11	0.0686275	FALSE	NA	NA	NA	NA	NA	NA
NC_045512.2	6196	C	G	5	3	23	2	2	28	0.181818	11	0.154412	FALSE	NA	NA	NA	NA	NA	NA
NC_045512.2	6196	C	A	5	3	23	1	1	21	0.0909091	11	0.375	FALSE	NA	NA	NA	NA	NA	NA
NC_045512.2	6197	T	A	10	3	24	5	5	28	0.333333	15	0.0252874	FALSE	NA	NA	NA	NA	NA	NA
NC_045512.2	6198	C	T	9	2	24	4	4	26	0.25	16	0.0349206	FALSE	NA	NA	NA	NA	NA	NA
NC_045512.2	6198	C	A	9	2	24	3	3	27	0.1875	16	0.0752137	FALSE	NA	NA	NA	NA	NA	NA
NC_045512.2	6199	T	G	10	3	24	1	1	29	0.0666667	15	0.44	FALSE	NA	NA	NA	NA	NA	NA
NC_045512.2	6199	T	C	10	3	24	1	1	21	0.0666667	15	0.44	FALSE	NA	NA	NA	NA	NA	NA
NC_045512.2	6199	T	A	10	3	24	3	3	23	0.2	15	0.0977778	FALSE	NA	NA	NA	NA	NA	NA
NC_045512.2	6200	T	C	11	4	26	1	1	31	0.0666667	15	0.461538	FALSE	NA	NA	NA	NA	NA	NA
NC_045512.2	6200	T	A	11	4	26	3	3	27	0.2	15	0.111111	FALSE	NA	NA	NA	NA	NA	NA
NC_045512.2	6201	T	G	9	5	27	2	2	27	0.153846	13	0.217391	FALSE	NA	NA	NA	NA	NA	NA
NC_045512.2	6201	T	A	9	5	27	2	2	27	0.153846	13	0.217391	FALSE	NA	NA	NA	NA	NA	NA
NC_045512.2	6202	T	G	4	3	24	1	1	27	0.1	10	0.357143	FALSE	NA	NA	NA	NA	NA	NA
NC_045512.2	6202	T	A	4	3	24	5	5	27	0.5	10	0.0147059	FALSE	NA	NA	NA	NA	NA	NA
NC_045512.2	6203	A	T	8	4	26	2	2	27	0.153846	13	0.194805	FALSE	NA	NA	NA	NA	NA	NA
NC_045512.2	6203	A	G	8	4	26	1	1	22	0.0769231	13	0.428571	FALSE	NA	NA	NA	NA	NA	NA
NC_045512.2	6203	A	C	8	4	26	2	2	29	0.153846	13	0.194805	FALSE	NA	NA	NA	NA	NA	NA
NC_045512.2	6204	A	T	8	5	24	1	1	24	0.0833333	12	0.45	FALSE	NA	NA	NA	NA	NA	NA
NC_045512.2	6204	A	C	8	5	24	3	3	24	0.25	12	0.107143	FALSE	NA	NA	NA	NA	NA	NA
NC_045512.2	6205	G	T	6	2	27	2	2	29	0.153846	13	0.147368	FALSE	NA	NA	NA	NA	NA	NA
NC_045512.2	6205	G	C	6	2	27	3	3	27	0.230769	13	0.0631579	FALSE	NA	NA	NA	NA	NA	NA
NC_045512.2	6205	G	A	6	2	27	2	2	24	0.153846	13	0.147368	FALSE	NA	NA	NA	NA	NA	NA
NC_045512.2	6206	A	T	8	4	25	2	2	27	0.153846	13	0.194805	FALSE	NA	NA	NA	NA	NA	NA
NC_045512.2	6206	A	G	8	4	25	1	1	27	0.0769231	13	0.428571	FALSE	NA	NA	NA	NA	NA	NA
NC_045512.2	6206	A	C	8	4	25	2	2	28	0.153846	13	0.194805	FALSE	NA	NA	NA	NA	NA	NA
NC_045512.2	6207	A	T	11	7	27	1	1	28	0.0769231	13	0.5	FALSE	NA	NA	NA	NA	NA	NA
NC_045512.2	6207	A	G	11	7	27	1	1	27	0.0769231	13	0.5	FALSE	NA	NA	NA	NA	NA	NA
NC_045512.2	6208	A	T	5	3	25	4	4	24	0.363636	11	0.0325077	FALSE	NA	NA	NA	NA	NA	NA
NC_045512.2	6208	A	G	5	3	25	1	1	28	0.0909091	11	0.375	FALSE	NA	NA	NA	NA	NA	NA
NC_045512.2	6208	A	C	5	3	25	1	1	28	0.0909091	11	0.375	FALSE	NA	NA	NA	NA	NA	NA
NC_045512.2	6209	G	T	8	4	26	2	2	29	0.153846	13	0.194805	FALSE	NA	NA	NA	NA	NA	NA
NC_045512.2	6209	G	C	8	4	26	2	2	27	0.153846	13	0.194805	FALSE	NA	NA	NA	NA	NA	NA
NC_045512.2	6209	G	A	8	4	26	1	1	27	0.0769231	13	0.428571	FALSE	NA	NA	NA	NA	NA	NA
NC_045512.2	6210	G	T	6	2	24	2	2	27	0.153846	13	0.147368	FALSE	NA	NA	NA	NA	NA	NA
NC_045512.2	6210	G	C	6	2	24	1	1	28	0.0769231	13	0.368421	FALSE	NA	NA	NA	NA	NA	NA
NC_045512.2	6210	G	A	6	2	24	4	4	25	0.307692	13	0.0287081	FALSE	NA	NA	NA	NA	NA	NA
NC_045512.2	6211	A	T	9	5	28	2	2	25	0.153846	13	0.217391	FALSE	NA	NA	NA	NA	NA	NA
NC_045512.2	6211	A	G	9	5	28	2	2	27	0.153846	13	0.217391	FALSE	NA	NA	NA	NA	NA	NA
NC_045512.2	6212	G	T	6	2	28	1	1	29	0.0769231	13	0.368421	FALSE	NA	NA	NA	NA	NA	NA
NC_045512.2	6212	G	C	6	2	28	4	4	25	0.307692	13	0.0287081	FALSE	NA	NA	NA	NA	NA	NA
NC_045512.2	6212	G	A	6	2	28	2	2	29	0.153846	13	0.147368	FALSE	NA	NA	NA	NA	NA	NA
NC_045512.2	6213	C	T	7	3	27	4	4	25	0.307692	13	0.0372671	FALSE	NA	NA	NA	NA	NA	NA
NC_045512.2	6213	C	G	7	3	27	1	1	27	0.0769231	13	0.4	FALSE	NA	NA	NA	NA	NA	NA
NC_045512.2	6213	C	A	7	3	27	1	1	24	0.0769231	13	0.4	FALSE	NA	NA	NA	NA	NA	NA
NC_045512.2	6214	T	G	7	3	27	1	1	27	0.0833333	12	0.421053	FALSE	NA	NA	NA	NA	NA	NA
NC_045512.2	6214	T	C	7	3	27	2	2	26	0.166667	12	0.189474	FALSE	NA	NA	NA	NA	NA	NA
NC_045512.2	6214	T	A	7	3	27	2	2	25	0.166667	12	0.189474	FALSE	NA	NA	NA	NA	NA	NA
NC_045512.2	6215	A	T	8	4	26	3	3	24	0.230769	13	0.0931677	FALSE	NA	NA	NA	NA	NA	NA
NC_045512.2	6215	A	G	8	4	26	2	2	26	0.153846	13	0.194805	FALSE	NA	NA	NA	NA	NA	NA
NC_045512.2	6216	A	T	7	4	29	2	2	26	0.181818	11	0.210526	FALSE	NA	NA	NA	NA	NA	NA
NC_045512.2	6216	A	G	7	4	29	1	1	26	0.0909091	11	0.444444	FALSE	NA	NA	NA	NA	NA	NA
NC_045512.2	6216	A	C	7	4	29	1	1	27	0.0909091	11	0.444444	FALSE	NA	NA	NA	NA	NA	NA
NC_045512.2	6217	A	T	6	3	24	2	2	24	0.166667	12	0.163743	FALSE	NA	NA	NA	NA	NA	NA
NC_045512.2	6217	A	G	6	3	24	2	2	27	0.166667	12	0.163743	FALSE	NA	NA	NA	NA	NA	NA
NC_045512.2	6217	A	C	6	3	24	2	2	25	0.166667	12	0.163743	FALSE	NA	NA	NA	NA	NA	NA
NC_045512.2	6218	T	C	7	4	26	1	1	29	0.0833333	12	0.421053	FALSE	NA	NA	NA	NA	NA	NA
NC_045512.2	6218	T	A	7	4	26	4	4	27	0.333333	12	0.0451128	FALSE	NA	NA	NA	NA	NA	NA
NC_045512.2	6219	T	G	8	5	25	2	2	26	0.166667	12	0.214286	FALSE	NA	NA	NA	NA	NA	NA
NC_045512.2	6219	T	A	8	5	25	2	2	27	0.166667	12	0.214286	FALSE	NA	NA	NA	NA	NA	NA
NC_045512.2	6220	G	T	7	4	26	2	2	29	0.166667	12	0.189474	FALSE	NA	NA	NA	NA	NA	NA
NC_045512.2	6220	G	C	7	4	26	1	1	26	0.0833333	12	0.421053	FALSE	NA	NA	NA	NA	NA	NA
NC_045512.2	6220	G	A	7	4	26	2	2	23	0.166667	12	0.189474	FALSE	NA	NA	NA	NA	NA	NA
NC_045512.2	6221	T	A	9	6	24	2	2	29	0.181818	11	0.261905	FALSE	NA	NA	NA	NA	NA	NA
NC_045512.2	6222	T	G	8	5	24	2	2	28	0.166667	12	0.214286	FALSE	NA	NA	NA	NA	NA	NA
NC_045512.2	6222	T	A	8	5	24	2	2	25	0.166667	12	0.214286	FALSE	NA	NA	NA	NA	NA	NA
NC_045512.2	6223	A	G	10	7	25	1	1	28	0.0909091	11	0.52381	FALSE	NA	NA	NA	NA	NA	NA
NC_045512.2	6224	C	T	5	2	27	1	1	23	0.0909091	11	0.375	FALSE	NA	NA	NA	NA	NA	NA
NC_045512.2	6224	C	A	5	2	27	5	5	26	0.454545	11	0.0162539	FALSE	NA	NA	NA	NA	NA	NA
NC_045512.2	6225	A	T	8	5	28	1	1	28	0.0909091	11	0.473684	FALSE	NA	NA	NA	NA	NA	NA
NC_045512.2	6225	A	C	8	5	28	2	2	24	0.181818	11	0.236842	FALSE	NA	NA	NA	NA	NA	NA
NC_045512.2	6226	T	G	7	4	27	1	1	27	0.0909091	11	0.444444	FALSE	NA	NA	NA	NA	NA	NA
NC_045512.2	6226	T	C	7	4	27	2	2	27	0.181818	11	0.210526	FALSE	NA	NA	NA	NA	NA	NA
NC_045512.2	6226	T	A	7	4	27	1	1	27	0.0909091	11	0.444444	FALSE	NA	NA	NA	NA	NA	NA
NC_045512.2	6227	A	T	6	3	25	1	1	21	0.1	10	0.4375	FALSE	NA	NA	NA	NA	NA	NA
NC_045512.2	6227	A	G	6	3	25	2	2	22	0.2	10	0.205882	FALSE	NA	NA	NA	NA	NA	NA
NC_045512.2	6227	A	C	6	3	25	1	1	28	0.1	10	0.4375	FALSE	NA	NA	NA	NA	NA	NA
NC_045512.2	6228	A	T	6	3	27	2	2	28	0.181818	11	0.183007	FALSE	NA	NA	NA	NA	NA	NA
NC_045512.2	6228	A	G	6	3	27	3	3	26	0.272727	11	0.0866873	FALSE	NA	NA	NA	NA	NA	NA
NC_045512.2	6229	A	T	7	5	25	1	1	22	0.111111	9	0.5	FALSE	NA	NA	NA	NA	NA	NA
NC_045512.2	6229	A	G	7	5	25	1	1	29	0.111111	9	0.5	FALSE	NA	NA	NA	NA	NA	NA
NC_045512.2	6230	C	T	8	5	25	2	2	27	0.181818	11	0.236842	FALSE	NA	NA	NA	NA	NA	NA
NC_045512.2	6230	C	G	8	5	25	1	1	27	0.0909091	11	0.473684	FALSE	NA	NA	NA	NA	NA	NA
NC_045512.2	6231	C	T	7	4	26	1	1	26	0.1	10	0.470588	FALSE	NA	NA	NA	NA	NA	NA
NC_045512.2	6231	C	A	7	4	26	2	2	25	0.2	10	0.235294	FALSE	NA	NA	NA	NA	NA	NA
NC_045512.2	6232	T	A	8	5	27	2	2	26	0.2	10	0.263158	FALSE	NA	NA	NA	NA	NA	NA
NC_045512.2	6233	A	T	7	4	24	1	1	27	0.0909091	11	0.444444	FALSE	NA	NA	NA	NA	NA	NA
NC_045512.2	6233	A	G	7	4	24	1	1	25	0.0909091	11	0.444444	FALSE	NA	NA	NA	NA	NA	NA
NC_045512.2	6233	A	C	7	4	24	2	2	27	0.181818	11	0.210526	FALSE	NA	NA	NA	NA	NA	NA
NC_045512.2	6233	A	-T	7	4	24	1	0	20	0.0909091	11	0.444444	FALSE	NA	NA	NA	NA	NA	NA
NC_045512.2	6234	T	A	7	4	25	3	3	25	0.3	10	0.105263	FALSE	NA	NA	NA	NA	NA	NA
NC_045512.2	6235	T	G	6	4	24	2	2	24	0.2	10	0.205882	FALSE	NA	NA	NA	NA	NA	NA
NC_045512.2	6235	T	A	6	4	24	2	2	27	0.2	10	0.205882	FALSE	NA	NA	NA	NA	NA	NA
NC_045512.2	6236	G	T	7	4	26	2	2	24	0.2	10	0.235294	FALSE	NA	NA	NA	NA	NA	NA
NC_045512.2	6236	G	A	7	4	26	1	1	21	0.1	10	0.470588	FALSE	NA	NA	NA	NA	NA	NA
NC_045512.2	6237	T	C	7	4	25	1	1	20	0.0909091	11	0.444444	FALSE	NA	NA	NA	NA	NA	NA
NC_045512.2	6237	T	A	7	4	25	3	3	25	0.272727	11	0.105263	FALSE	NA	NA	NA	NA	NA	NA
NC_045512.2	6238	T	G	6	3	26	2	2	27	0.166667	12	0.163743	FALSE	NA	NA	NA	NA	NA	NA
NC_045512.2	6238	T	C	6	3	26	3	3	23	0.25	12	0.0736842	FALSE	NA	NA	NA	NA	NA	NA
NC_045512.2	6238	T	A	6	3	26	1	1	27	0.0833333	12	0.388889	FALSE	NA	NA	NA	NA	NA	NA
NC_045512.2	6239	T	C	6	4	24	4	3	25	0.333333	12	0.0350877	FALSE	NA	NA	NA	NA	NA	NA
NC_045512.2	6239	T	A	6	4	24	2	2	26	0.166667	12	0.163743	FALSE	NA	NA	NA	NA	NA	NA
NC_045512.2	6240	G	T	6	3	26	3	3	26	0.25	12	0.0736842	FALSE	NA	NA	NA	NA	NA	NA
NC_045512.2	6240	G	C	6	3	26	1	1	28	0.0833333	12	0.388889	FALSE	NA	NA	NA	NA	NA	NA
NC_045512.2	6240	G	A	6	3	26	2	2	24	0.166667	12	0.163743	FALSE	NA	NA	NA	NA	NA	NA
NC_045512.2	6241	G	T	8	5	25	1	1	28	0.0714286	14	0.409091	FALSE	NA	NA	NA	NA	NA	NA
NC_045512.2	6241	G	C	8	5	25	2	2	26	0.142857	14	0.177866	FALSE	NA	NA	NA	NA	NA	NA
NC_045512.2	6241	G	A	8	5	25	3	3	26	0.214286	14	0.0815217	FALSE	NA	NA	NA	NA	NA	NA
NC_045512.2	6242	C	T	6	3	27	1	1	21	0.0769231	13	0.368421	FALSE	NA	NA	NA	NA	NA	NA
NC_045512.2	6242	C	G	6	3	27	2	2	27	0.153846	13	0.147368	FALSE	NA	NA	NA	NA	NA	NA
NC_045512.2	6242	C	A	6	3	27	4	4	26	0.307692	13	0.0287081	FALSE	NA	NA	NA	NA	NA	NA
NC_045512.2	6243	A	T	8	5	27	2	2	28	0.142857	14	0.177866	FALSE	NA	NA	NA	NA	NA	NA
NC_045512.2	6243	A	G	8	5	27	2	2	27	0.142857	14	0.177866	FALSE	NA	NA	NA	NA	NA	NA
NC_045512.2	6243	A	C	8	5	27	2	2	27	0.142857	14	0.177866	FALSE	NA	NA	NA	NA	NA	NA
NC_045512.2	6244	T	G	8	5	26	2	2	29	0.142857	14	0.177866	FALSE	NA	NA	NA	NA	NA	NA
NC_045512.2	6244	T	A	8	5	26	4	4	24	0.285714	14	0.0391304	FALSE	NA	NA	NA	NA	NA	NA
NC_045512.2	6245	G	T	6	3	27	3	3	27	0.214286	14	0.0545455	FALSE	NA	NA	NA	NA	NA	NA
NC_045512.2	6245	G	A	6	3	27	5	5	26	0.357143	14	0.0108696	FALSE	NA	NA	NA	NA	NA	NA
NC_045512.2	6245	G	-T	6	3	27	1	0	20	0.0714286	14	0.35	FALSE	NA	NA	NA	NA	NA	NA
NC_045512.2	6246	T	G	5	2	25	2	2	26	0.153846	13	0.110526	FALSE	NA	NA	NA	NA	NA	NA
NC_045512.2	6246	T	C	5	2	25	2	2	26	0.153846	13	0.110526	FALSE	NA	NA	NA	NA	NA	NA
NC_045512.2	6246	T	A	5	2	25	4	4	27	0.307692	13	0.0172249	FALSE	NA	NA	NA	NA	NA	NA
NC_045512.2	6247	T	G	5	3	24	1	1	24	0.0769231	13	0.333333	FALSE	NA	NA	NA	NA	NA	NA
NC_045512.2	6247	T	C	5	3	24	2	2	24	0.153846	13	0.122807	FALSE	NA	NA	NA	NA	NA	NA
NC_045512.2	6247	T	A	5	3	24	5	5	26	0.384615	13	0.00956938	TRUE	NA	NA	NA	NA	NA	NA
NC_045512.2	6248	A	T	7	4	26	2	2	23	0.153846	13	0.171429	FALSE	NA	NA	NA	NA	NA	NA
NC_045512.2	6248	A	G	7	4	26	2	2	28	0.153846	13	0.171429	FALSE	NA	NA	NA	NA	NA	NA
NC_045512.2	6248	A	C	7	4	26	2	2	22	0.153846	13	0.171429	FALSE	NA	NA	NA	NA	NA	NA
NC_045512.2	6249	A	T	5	2	24	2	2	26	0.222222	9	0.2	FALSE	NA	NA	NA	NA	NA	NA
NC_045512.2	6249	A	G	5	2	24	1	1	28	0.111111	9	0.428571	FALSE	NA	NA	NA	NA	NA	NA
NC_045512.2	6249	A	C	5	2	24	1	1	28	0.111111	9	0.428571	FALSE	NA	NA	NA	NA	NA	NA
NC_045512.2	6250	C	T	5	2	28	1	1	23	0.1	10	0.4	FALSE	NA	NA	NA	NA	NA	NA
NC_045512.2	6250	C	G	5	2	28	1	1	25	0.1	10	0.4	FALSE	NA	NA	NA	NA	NA	NA
NC_045512.2	6250	C	A	5	2	28	3	3	23	0.3	10	0.0823529	FALSE	NA	NA	NA	NA	NA	NA
NC_045512.2	6251	A	T	6	4	27	1	1	29	0.111111	9	0.466667	FALSE	NA	NA	NA	NA	NA	NA
NC_045512.2	6251	A	G	6	4	27	1	1	28	0.111111	9	0.466667	FALSE	NA	NA	NA	NA	NA	NA
NC_045512.2	6251	A	C	6	4	27	1	1	28	0.111111	9	0.466667	FALSE	NA	NA	NA	NA	NA	NA
NC_045512.2	6252	A	T	7	5	26	1	1	24	0.111111	9	0.5	FALSE	NA	NA	NA	NA	NA	NA
NC_045512.2	6252	A	G	7	5	26	1	1	26	0.111111	9	0.5	FALSE	NA	NA	NA	NA	NA	NA
NC_045512.2	6253	T	G	6	4	26	3	3	26	0.333333	9	0.123529	FALSE	NA	NA	NA	NA	NA	NA
NC_045512.2	6254	G	T	4	2	28	1	1	27	0.125	8	0.416667	FALSE	NA	NA	NA	NA	NA	NA
NC_045512.2	6254	G	C	4	2	28	2	2	28	0.25	8	0.192308	FALSE	NA	NA	NA	NA	NA	NA
NC_045512.2	6254	G	A	4	2	28	1	1	29	0.125	8	0.416667	FALSE	NA	NA	NA	NA	NA	NA
NC_045512.2	6255	C	T	4	2	25	2	2	23	0.222222	9	0.164835	FALSE	NA	NA	NA	NA	NA	NA
NC_045512.2	6255	C	G	4	2	25	1	1	28	0.111111	9	0.384615	FALSE	NA	NA	NA	NA	NA	NA
NC_045512.2	6255	C	A	4	2	25	2	2	25	0.222222	9	0.164835	FALSE	NA	NA	NA	NA	NA	NA
NC_045512.2	6256	A	T	5	3	26	2	2	26	0.25	8	0.230769	FALSE	NA	NA	NA	NA	NA	NA
NC_045512.2	6256	A	C	5	3	26	1	1	28	0.125	8	0.461538	FALSE	NA	NA	NA	NA	NA	NA
NC_045512.2	6257	A	T	6	4	25	1	1	28	0.111111	9	0.466667	FALSE	NA	NA	NA	NA	NA	NA
NC_045512.2	6257	A	G	6	4	25	1	1	28	0.111111	9	0.466667	FALSE	NA	NA	NA	NA	NA	NA
NC_045512.2	6257	A	C	6	4	25	1	1	27	0.111111	9	0.466667	FALSE	NA	NA	NA	NA	NA	NA
NC_045512.2	6258	C	A	5	3	27	4	4	25	0.444444	9	0.0529412	FALSE	NA	NA	NA	NA	NA	NA
NC_045512.2	6259	T	G	5	3	27	1	1	28	0.111111	9	0.428571	FALSE	NA	NA	NA	NA	NA	NA
NC_045512.2	6259	T	C	5	3	27	1	1	22	0.111111	9	0.428571	FALSE	NA	NA	NA	NA	NA	NA
NC_045512.2	6259	T	A	5	3	27	2	2	25	0.222222	9	0.2	FALSE	NA	NA	NA	NA	NA	NA
NC_045512.2	6260	A	T	7	5	25	2	2	25	0.2	10	0.235294	FALSE	NA	NA	NA	NA	NA	NA
NC_045512.2	6260	A	G	7	5	25	1	1	23	0.1	10	0.470588	FALSE	NA	NA	NA	NA	NA	NA
NC_045512.2	6261	A	T	4	2	25	2	2	26	0.25	8	0.192308	FALSE	NA	NA	NA	NA	NA	NA
NC_045512.2	6261	A	G	4	2	25	2	2	26	0.25	8	0.192308	FALSE	NA	NA	NA	NA	NA	NA
NC_045512.2	6262	T	A	8	6	25	1	1	21	0.111111	9	0.529412	FALSE	NA	NA	NA	NA	NA	NA
NC_045512.2	6263	A	T	4	2	24	2	2	26	0.285714	7	0.227273	FALSE	NA	NA	NA	NA	NA	NA
NC_045512.2	6263	A	G	4	2	24	1	1	21	0.142857	7	0.454545	FALSE	NA	NA	NA	NA	NA	NA
NC_045512.2	6264	A	T	5	3	27	1	1	27	0.142857	7	0.5	FALSE	NA	NA	NA	NA	NA	NA
NC_045512.2	6264	A	C	5	3	27	1	1	25	0.142857	7	0.5	FALSE	NA	NA	NA	NA	NA	NA
NC_045512.2	6265	A	T	4	2	25	1	1	27	0.125	8	0.416667	FALSE	NA	NA	NA	NA	NA	NA
NC_045512.2	6265	A	G	4	2	25	1	1	25	0.125	8	0.416667	FALSE	NA	NA	NA	NA	NA	NA
NC_045512.2	6265	A	C	4	2	25	2	2	28	0.25	8	0.192308	FALSE	NA	NA	NA	NA	NA	NA
NC_045512.2	6266	G	T	4	2	28	1	1	25	0.125	8	0.416667	FALSE	NA	NA	NA	NA	NA	NA
NC_045512.2	6266	G	C	4	2	28	3	3	24	0.375	8	0.0961538	FALSE	NA	NA	NA	NA	NA	NA
NC_045512.2	6267	C	T	5	3	26	2	2	25	0.25	8	0.230769	FALSE	NA	NA	NA	NA	NA	NA
NC_045512.2	6267	C	G	5	3	26	1	1	28	0.125	8	0.461538	FALSE	NA	NA	NA	NA	NA	NA
NC_045512.2	6268	C	T	5	3	25	1	1	27	0.125	8	0.461538	FALSE	NA	NA	NA	NA	NA	NA
NC_045512.2	6268	C	G	5	3	25	1	1	27	0.125	8	0.461538	FALSE	NA	NA	NA	NA	NA	NA
NC_045512.2	6268	C	A	5	3	25	1	1	26	0.125	8	0.461538	FALSE	NA	NA	NA	NA	NA	NA
NC_045512.2	6269	A	T	6	4	25	1	1	29	0.125	8	0.5	FALSE	NA	NA	NA	NA	NA	NA
NC_045512.2	6269	A	C	6	4	25	1	1	27	0.125	8	0.5	FALSE	NA	NA	NA	NA	NA	NA
NC_045512.2	6270	C	T	5	3	26	1	1	22	0.125	8	0.461538	FALSE	NA	NA	NA	NA	NA	NA
NC_045512.2	6270	C	G	5	3	26	1	1	27	0.125	8	0.461538	FALSE	NA	NA	NA	NA	NA	NA
NC_045512.2	6270	C	A	5	3	26	1	1	27	0.125	8	0.461538	FALSE	NA	NA	NA	NA	NA	NA
NC_045512.2	6271	G	T	4	2	27	2	2	22	0.25	8	0.192308	FALSE	NA	NA	NA	NA	NA	NA
NC_045512.2	6271	G	A	4	2	27	2	2	26	0.25	8	0.192308	FALSE	NA	NA	NA	NA	NA	NA
NC_045512.2	6271	G	-T	4	2	27	1	0	20	0.125	8	0.416667	FALSE	NA	NA	NA	NA	NA	NA
NC_045512.2	6272	T	G	5	3	27	1	1	26	0.142857	7	0.5	FALSE	NA	NA	NA	NA	NA	NA
NC_045512.2	6272	T	C	5	3	27	1	1	27	0.142857	7	0.5	FALSE	NA	NA	NA	NA	NA	NA
NC_045512.2	6272	T	-A	5	3	27	1	0	20	0.142857	7	0.5	FALSE	NA	NA	NA	NA	NA	NA
NC_045512.2	6273	A	T	4	2	27	2	2	22	0.333333	6	0.272727	FALSE	NA	NA	NA	NA	NA	NA
NC_045512.2	6274	T	A	6	4	26	1	1	25	0.142857	7	0.538462	FALSE	NA	NA	NA	NA	NA	NA
NC_045512.2	6274	T	-A	6	4	26	1	0	20	0.142857	7	0.538462	FALSE	NA	NA	NA	NA	NA	NA
NC_045512.2	6275	A	T	6	4	24	1	1	25	0.142857	7	0.5	FALSE	NA	NA	NA	NA	NA	NA
NC_045512.2	6276	A	T	5	3	28	1	1	26	0.142857	7	0.5	FALSE	NA	NA	NA	NA	NA	NA
NC_045512.2	6276	A	C	5	3	28	1	1	21	0.142857	7	0.5	FALSE	NA	NA	NA	NA	NA	NA
NC_045512.2	6277	A	G	6	4	26	2	2	24	0.25	8	0.266667	FALSE	NA	NA	NA	NA	NA	NA
NC_045512.2	6277	A	-C	6	4	26	1	0	20	0.125	8	0.5	FALSE	NA	NA	NA	NA	NA	NA
NC_045512.2	6278	C	T	4	2	25	2	2	26	0.285714	7	0.227273	FALSE	NA	NA	NA	NA	NA	NA
NC_045512.2	6278	C	G	4	2	25	1	1	27	0.142857	7	0.454545	FALSE	NA	NA	NA	NA	NA	NA
NC_045512.2	6279	C	T	4	2	24	1	1	27	0.142857	7	0.454545	FALSE	NA	NA	NA	NA	NA	NA
NC_045512.2	6279	C	G	4	2	24	2	2	27	0.285714	7	0.227273	FALSE	NA	NA	NA	NA	NA	NA
NC_045512.2	6280	A	T	4	2	26	1	1	25	0.142857	7	0.454545	FALSE	NA	NA	NA	NA	NA	NA
NC_045512.2	6280	A	G	4	2	26	2	2	28	0.285714	7	0.227273	FALSE	NA	NA	NA	NA	NA	NA
NC_045512.2	6281	A	T	5	3	28	3	3	26	0.375	8	0.123077	FALSE	NA	NA	NA	NA	NA	NA
NC_045512.2	6282	A	T	4	2	23	2	2	26	0.25	8	0.192308	FALSE	NA	NA	NA	NA	NA	NA
NC_045512.2	6282	A	G	4	2	23	2	2	27	0.25	8	0.192308	FALSE	NA	NA	NA	NA	NA	NA
NC_045512.2	6283	T	G	5	3	25	1	1	28	0.142857	7	0.5	FALSE	NA	NA	NA	NA	NA	NA
NC_045512.2	6283	T	A	5	3	25	1	1	32	0.142857	7	0.5	FALSE	NA	NA	NA	NA	NA	NA
NC_045512.2	6284	A	T	4	2	26	2	2	27	0.285714	7	0.227273	FALSE	NA	NA	NA	NA	NA	NA
NC_045512.2	6284	A	C	4	2	26	1	1	25	0.142857	7	0.454545	FALSE	NA	NA	NA	NA	NA	NA
NC_045512.2	6285	C	G	5	3	23	3	3	24	0.375	8	0.123077	FALSE	NA	NA	NA	NA	NA	NA
NC_045512.2	6286	C	T	3	2	26	3	3	24	0.428571	7	0.0909091	FALSE	NA	NA	NA	NA	NA	NA
NC_045512.2	6286	C	G	3	2	26	1	1	30	0.142857	7	0.4	FALSE	NA	NA	NA	NA	NA	NA
NC_045512.2	6287	T	G	5	3	27	3	3	23	0.375	8	0.123077	FALSE	NA	NA	NA	NA	NA	NA
NC_045512.2	6288	G	A	6	4	25	1	1	27	0.142857	7	0.538462	FALSE	NA	NA	NA	NA	NA	NA
NC_045512.2	6289	G	T	5	3	26	1	1	24	0.125	8	0.461538	FALSE	NA	NA	NA	NA	NA	NA
NC_045512.2	6289	G	C	5	3	26	2	2	26	0.25	8	0.230769	FALSE	NA	NA	NA	NA	NA	NA
NC_045512.2	6290	T	C	6	4	26	1	1	28	0.142857	7	0.538462	FALSE	NA	NA	NA	NA	NA	NA
NC_045512.2	6291	G	T	5	3	27	2	2	29	0.25	8	0.230769	FALSE	NA	NA	NA	NA	NA	NA
NC_045512.2	6291	G	A	5	3	27	1	1	27	0.125	8	0.461538	FALSE	NA	NA	NA	NA	NA	NA
NC_045512.2	6291	G	-T	5	3	27	1	0	20	0.125	8	0.461538	FALSE	NA	NA	NA	NA	NA	NA
NC_045512.2	6292	T	C	5	3	28	1	1	23	0.142857	7	0.461538	FALSE	NA	NA	NA	NA	NA	NA
NC_045512.2	6292	T	A	5	3	28	1	1	32	0.142857	7	0.461538	FALSE	NA	NA	NA	NA	NA	NA
NC_045512.2	6293	A	T	9	3	28	3	3	26	0.25	12	0.124224	FALSE	NA	NA	NA	NA	NA	NA
NC_045512.2	6294	T	G	9	3	28	1	1	27	0.0833333	12	0.47619	FALSE	NA	NA	NA	NA	NA	NA
NC_045512.2	6294	T	A	9	3	28	2	2	27	0.166667	12	0.238095	FALSE	NA	NA	NA	NA	NA	NA
NC_045512.2	6295	A	T	9	3	28	2	2	24	0.166667	12	0.238095	FALSE	NA	NA	NA	NA	NA	NA
NC_045512.2	6295	A	G	9	3	28	1	1	26	0.0833333	12	0.47619	FALSE	NA	NA	NA	NA	NA	NA
NC_045512.2	6296	C	T	8	2	27	2	2	26	0.166667	12	0.214286	FALSE	NA	NA	NA	NA	NA	NA
NC_045512.2	6296	C	G	8	2	27	1	1	22	0.0833333	12	0.45	FALSE	NA	NA	NA	NA	NA	NA
NC_045512.2	6296	C	A	8	2	27	1	1	26	0.0833333	12	0.45	FALSE	NA	NA	NA	NA	NA	NA
NC_045512.2	6297	G	T	10	4	27	2	2	25	0.166667	12	0.26087	FALSE	NA	NA	NA	NA	NA	NA
NC_045512.2	6298	T	A	9	3	27	2	2	28	0.181818	11	0.261905	FALSE	NA	NA	NA	NA	NA	NA
NC_045512.2	6299	T	G	8	4	24	1	1	28	0.1	10	0.5	FALSE	NA	NA	NA	NA	NA	NA
NC_045512.2	6299	T	A	8	4	24	1	1	28	0.1	10	0.5	FALSE	NA	NA	NA	NA	NA	NA
NC_045512.2	6300	G	T	8	2	25	2	2	28	0.166667	12	0.214286	FALSE	NA	NA	NA	NA	NA	NA
NC_045512.2	6300	G	A	8	2	25	2	2	24	0.166667	12	0.214286	FALSE	NA	NA	NA	NA	NA	NA
NC_045512.2	6300	G	+A	8	2	25	1	0	20	0.0833333	12	0.45	FALSE	NA	NA	NA	NA	NA	NA
NC_045512.2	6301	T	A	9	3	26	3	3	26	0.25	12	0.124224	FALSE	NA	NA	NA	NA	NA	NA
NC_045512.2	6302	C	T	8	2	27	1	1	27	0.0833333	12	0.45	FALSE	NA	NA	NA	NA	NA	NA
NC_045512.2	6302	C	G	8	2	27	1	1	23	0.0833333	12	0.45	FALSE	NA	NA	NA	NA	NA	NA
NC_045512.2	6302	C	A	8	2	27	2	2	28	0.166667	12	0.214286	FALSE	NA	NA	NA	NA	NA	NA
NC_045512.2	6303	T	C	8	2	26	1	1	28	0.0909091	11	0.473684	FALSE	NA	NA	NA	NA	NA	NA
NC_045512.2	6303	T	A	8	2	26	2	2	25	0.181818	11	0.236842	FALSE	NA	NA	NA	NA	NA	NA
NC_045512.2	6304	T	C	8	2	27	1	1	30	0.0909091	11	0.473684	FALSE	NA	NA	NA	NA	NA	NA
NC_045512.2	6304	T	A	8	2	27	2	2	27	0.181818	11	0.236842	FALSE	NA	NA	NA	NA	NA	NA
NC_045512.2	6305	T	G	8	2	22	1	1	26	0.0833333	12	0.45	FALSE	NA	NA	NA	NA	NA	NA
NC_045512.2	6305	T	C	8	2	22	1	1	28	0.0833333	12	0.45	FALSE	NA	NA	NA	NA	NA	NA
NC_045512.2	6305	T	A	8	2	22	2	2	27	0.166667	12	0.214286	FALSE	NA	NA	NA	NA	NA	NA
NC_045512.2	6306	G	T	8	2	26	2	2	27	0.166667	12	0.214286	FALSE	NA	NA	NA	NA	NA	NA
NC_045512.2	6306	G	C	8	2	26	2	2	27	0.166667	12	0.214286	FALSE	NA	NA	NA	NA	NA	NA
NC_045512.2	6307	G	T	9	3	23	1	1	27	0.0833333	12	0.47619	FALSE	NA	NA	NA	NA	NA	NA
NC_045512.2	6307	G	A	9	3	23	2	2	27	0.166667	12	0.238095	FALSE	NA	NA	NA	NA	NA	NA
NC_045512.2	6308	A	G	9	3	27	1	1	27	0.0833333	12	0.47619	FALSE	NA	NA	NA	NA	NA	NA
NC_045512.2	6308	A	C	9	3	27	2	2	27	0.166667	12	0.238095	FALSE	NA	NA	NA	NA	NA	NA
NC_045512.2	6309	G	T	8	2	26	1	1	30	0.0833333	12	0.45	FALSE	NA	NA	NA	NA	NA	NA
NC_045512.2	6309	G	C	8	2	26	2	2	28	0.166667	12	0.214286	FALSE	NA	NA	NA	NA	NA	NA
NC_045512.2	6309	G	A	8	2	26	1	1	26	0.0833333	12	0.45	FALSE	NA	NA	NA	NA	NA	NA
NC_045512.2	6310	C	T	9	3	27	1	1	27	0.0833333	12	0.47619	FALSE	NA	NA	NA	NA	NA	NA
NC_045512.2	6310	C	A	9	3	27	2	2	27	0.166667	12	0.238095	FALSE	NA	NA	NA	NA	NA	NA
NC_045512.2	6311	A	C	10	4	26	2	2	27	0.166667	12	0.26087	FALSE	NA	NA	NA	NA	NA	NA
NC_045512.2	6312	C	T	8	2	25	1	1	21	0.0909091	11	0.473684	FALSE	NA	NA	NA	NA	NA	NA
NC_045512.2	6312	C	A	8	2	25	2	2	25	0.181818	11	0.236842	FALSE	NA	NA	NA	NA	NA	NA
NC_045512.2	6312	C	-A	8	2	25	2	0	20	0.181818	11	0.236842	FALSE	NA	NA	NA	NA	NA	NA
NC_045512.2	6313	A	T	5	1	24	1	1	23	0.125	8	0.4	FALSE	NA	NA	NA	NA	NA	NA
NC_045512.2	6313	A	C	5	1	24	2	2	25	0.25	8	0.175	FALSE	NA	NA	NA	NA	NA	NA
NC_045512.2	6314	A	G	8	3	25	1	1	23	0.0909091	11	0.473684	FALSE	NA	NA	NA	NA	NA	NA
NC_045512.2	6314	A	C	8	3	25	2	2	23	0.181818	11	0.236842	FALSE	NA	NA	NA	NA	NA	NA
NC_045512.2	6315	A	T	7	3	24	1	1	24	0.1	10	0.470588	FALSE	NA	NA	NA	NA	NA	NA
NC_045512.2	6315	A	C	7	3	24	2	2	21	0.2	10	0.235294	FALSE	NA	NA	NA	NA	NA	NA
NC_045512.2	6316	A	T	2	2	28	2	2	21	0.285714	7	0.133333	FALSE	NA	NA	NA	NA	NA	NA
NC_045512.2	6316	A	G	2	2	28	1	0	22	0.142857	7	0.333333	FALSE	NA	NA	NA	NA	NA	NA
NC_045512.2	6316	A	C	2	2	28	2	2	26	0.285714	7	0.133333	FALSE	NA	NA	NA	NA	NA	NA
NC_045512.2	6317	C	T	8	4	24	1	1	29	0.111111	9	0.529412	FALSE	NA	NA	NA	NA	NA	NA
NC_045512.2	6318	C	T	5	2	24	2	2	26	0.25	8	0.230769	FALSE	NA	NA	NA	NA	NA	NA
NC_045512.2	6318	C	A	5	2	24	1	1	23	0.125	8	0.461538	FALSE	NA	NA	NA	NA	NA	NA
NC_045512.2	6319	A	T	6	2	27	3	3	25	0.3	10	0.102941	FALSE	NA	NA	NA	NA	NA	NA
NC_045512.2	6319	A	C	6	2	27	1	1	27	0.1	10	0.4375	FALSE	NA	NA	NA	NA	NA	NA
NC_045512.2	6320	G	T	6	2	26	2	2	27	0.25	8	0.266667	FALSE	NA	NA	NA	NA	NA	NA
NC_045512.2	6321	T	A	8	4	26	2	2	23	0.2	10	0.263158	FALSE	NA	NA	NA	NA	NA	NA
NC_045512.2	6322	T	A	7	3	23	3	3	26	0.3	10	0.123839	FALSE	NA	NA	NA	NA	NA	NA
NC_045512.2	6323	G	T	7	3	26	1	1	27	0.1	10	0.470588	FALSE	NA	NA	NA	NA	NA	NA
NC_045512.2	6323	G	C	7	3	26	1	1	28	0.1	10	0.470588	FALSE	NA	NA	NA	NA	NA	NA
NC_045512.2	6323	G	A	7	3	26	1	1	29	0.1	10	0.470588	FALSE	NA	NA	NA	NA	NA	NA
NC_045512.2	6324	A	G	9	5	25	1	1	26	0.1	10	0.526316	FALSE	NA	NA	NA	NA	NA	NA
NC_045512.2	6325	A	C	8	4	27	1	1	33	0.111111	9	0.529412	FALSE	NA	NA	NA	NA	NA	NA
NC_045512.2	6326	A	T	5	4	26	1	1	30	0.142857	7	0.5	FALSE	NA	NA	NA	NA	NA	NA
NC_045512.2	6326	A	G	5	4	26	1	1	26	0.142857	7	0.5	FALSE	NA	NA	NA	NA	NA	NA
NC_045512.2	6327	C	G	6	2	25	1	1	24	0.1	10	0.4375	FALSE	NA	NA	NA	NA	NA	NA
NC_045512.2	6327	C	A	6	2	25	3	3	25	0.3	10	0.102941	FALSE	NA	NA	NA	NA	NA	NA
NC_045512.2	6328	A	G	7	3	26	1	1	28	0.111111	9	0.5	FALSE	NA	NA	NA	NA	NA	NA
NC_045512.2	6328	A	C	7	3	26	1	1	30	0.111111	9	0.5	FALSE	NA	NA	NA	NA	NA	NA
NC_045512.2	6329	T	G	6	2	26	1	1	27	0.1	10	0.4375	FALSE	NA	NA	NA	NA	NA	NA
NC_045512.2	6329	T	A	6	2	26	3	3	28	0.3	10	0.102941	FALSE	NA	NA	NA	NA	NA	NA
NC_045512.2	6330	C	G	7	3	27	2	2	25	0.2	10	0.235294	FALSE	NA	NA	NA	NA	NA	NA
NC_045512.2	6330	C	A	7	3	27	1	1	22	0.1	10	0.470588	FALSE	NA	NA	NA	NA	NA	NA
NC_045512.2	6331	A	G	8	4	25	2	2	24	0.181818	11	0.236842	FALSE	NA	NA	NA	NA	NA	NA
NC_045512.2	6331	A	C	8	4	25	1	1	28	0.0909091	11	0.473684	FALSE	NA	NA	NA	NA	NA	NA
NC_045512.2	6331	A	-A	8	4	25	1	0	20	0.0909091	11	0.473684	FALSE	NA	NA	NA	NA	NA	NA
NC_045512.2	6332	A	T	7	3	26	2	2	27	0.2	10	0.235294	FALSE	NA	NA	NA	NA	NA	NA
NC_045512.2	6332	A	C	7	3	26	1	1	23	0.1	10	0.470588	FALSE	NA	NA	NA	NA	NA	NA
NC_045512.2	6333	A	T	5	4	25	1	1	27	0.142857	7	0.5	FALSE	NA	NA	NA	NA	NA	NA
NC_045512.2	6333	A	G	5	4	25	1	1	22	0.142857	7	0.5	FALSE	NA	NA	NA	NA	NA	NA
NC_045512.2	6334	T	C	5	2	24	3	3	24	0.3	10	0.0686275	FALSE	NA	NA	NA	NA	NA	NA
NC_045512.2	6334	T	A	5	2	24	2	2	24	0.2	10	0.154412	FALSE	NA	NA	NA	NA	NA	NA
NC_045512.2	6335	T	G	6	4	24	1	1	27	0.111111	9	0.466667	FALSE	NA	NA	NA	NA	NA	NA
NC_045512.2	6335	T	A	6	4	24	2	2	29	0.222222	9	0.233333	FALSE	NA	NA	NA	NA	NA	NA
NC_045512.2	6336	C	T	7	3	24	2	2	24	0.181818	11	0.210526	FALSE	NA	NA	NA	NA	NA	NA
NC_045512.2	6336	C	A	7	3	24	2	2	23	0.181818	11	0.210526	FALSE	NA	NA	NA	NA	NA	NA
NC_045512.2	6337	G	T	6	2	26	3	3	26	0.3	10	0.102941	FALSE	NA	NA	NA	NA	NA	NA
NC_045512.2	6337	G	A	6	2	26	1	1	27	0.1	10	0.4375	FALSE	NA	NA	NA	NA	NA	NA
NC_045512.2	6338	T	G	8	4	25	2	2	27	0.181818	11	0.236842	FALSE	NA	NA	NA	NA	NA	NA
NC_045512.2	6338	T	A	8	4	25	1	1	27	0.0909091	11	0.473684	FALSE	NA	NA	NA	NA	NA	NA
NC_045512.2	6339	T	G	10	6	26	1	1	23	0.0909091	11	0.52381	FALSE	NA	NA	NA	NA	NA	NA
NC_045512.2	6340	T	C	9	5	24	1	1	27	0.1	10	0.526316	FALSE	NA	NA	NA	NA	NA	NA
NC_045512.2	6341	G	T	7	3	26	2	2	20	0.2	10	0.235294	FALSE	NA	NA	NA	NA	NA	NA
NC_045512.2	6341	G	A	7	3	26	1	1	25	0.1	10	0.470588	FALSE	NA	NA	NA	NA	NA	NA
NC_045512.2	6342	A	T	6	2	25	2	2	24	0.222222	9	0.233333	FALSE	NA	NA	NA	NA	NA	NA
NC_045512.2	6342	A	C	6	2	25	1	1	25	0.111111	9	0.466667	FALSE	NA	NA	NA	NA	NA	NA
NC_045512.2	6343	T	G	6	2	26	1	1	26	0.142857	7	0.538462	FALSE	NA	NA	NA	NA	NA	NA
NC_045512.2	6344	G	A	5	1	26	1	1	24	0.166667	6	0.545455	FALSE	NA	NA	NA	NA	NA	NA
NC_045512.2	6345	T	G	4	0	27	1	1	28	0.166667	6	0.5	FALSE	NA	NA	NA	NA	NA	NA
NC_045512.2	6345	T	A	4	0	27	1	1	26	0.166667	6	0.5	FALSE	NA	NA	NA	NA	NA	NA
NC_045512.2	6347	C	G	4	0	26	2	2	23	0.333333	6	0.272727	FALSE	NA	NA	NA	NA	NA	NA
NC_045512.2	6348	T	G	4	0	27	1	1	30	0.166667	6	0.5	FALSE	NA	NA	NA	NA	NA	NA
NC_045512.2	6348	T	C	4	0	27	1	1	30	0.166667	6	0.5	FALSE	NA	NA	NA	NA	NA	NA
NC_045512.2	6349	G	A	4	0	27	2	2	27	0.333333	6	0.272727	FALSE	NA	NA	NA	NA	NA	NA
NC_045512.2	6350	A	G	4	0	27	1	1	27	0.166667	6	0.5	FALSE	NA	NA	NA	NA	NA	NA
NC_045512.2	6350	A	C	4	0	27	1	1	27	0.166667	6	0.5	FALSE	NA	NA	NA	NA	NA	NA
NC_045512.2	6351	A	C	4	0	21	1	1	27	0.2	5	0.555556	FALSE	NA	NA	NA	NA	NA	NA
NC_045512.2	6352	G	T	4	0	24	1	1	27	0.166667	6	0.5	FALSE	NA	NA	NA	NA	NA	NA
NC_045512.2	6352	G	A	4	0	24	1	1	27	0.166667	6	0.5	FALSE	NA	NA	NA	NA	NA	NA
NC_045512.2	6353	T	A	4	0	24	2	2	24	0.333333	6	0.272727	FALSE	NA	NA	NA	NA	NA	NA
NC_045512.2	6354	C	A	4	0	25	2	2	27	0.333333	6	0.272727	FALSE	NA	NA	NA	NA	NA	NA
NC_045512.2	6355	A	C	5	1	26	1	1	22	0.166667	6	0.545455	FALSE	NA	NA	NA	NA	NA	NA
NC_045512.2	6356	G	C	4	0	26	1	1	28	0.2	5	0.555556	FALSE	NA	NA	NA	NA	NA	NA
NC_045512.2	6359	G	T	2	0	23	1	1	24	0.333333	3	0.6	FALSE	NA	NA	NA	NA	NA	NA
NC_045512.2	6360	A	T	4	0	26	1	1	28	0.2	5	0.555556	FALSE	NA	NA	NA	NA	NA	NA
NC_045512.2	6361	C	G	4	0	26	1	1	28	0.2	5	0.555556	FALSE	NA	NA	NA	NA	NA	NA
NC_045512.2	6362	G	A	4	0	28	1	1	23	0.2	5	0.555556	FALSE	NA	NA	NA	NA	NA	NA
NC_045512.2	6363	C	A	4	0	26	1	1	28	0.2	5	0.555556	FALSE	NA	NA	NA	NA	NA	NA
NC_045512.2	6364	G	A	4	0	26	1	1	28	0.2	5	0.555556	FALSE	NA	NA	NA	NA	NA	NA
NC_045512.2	6367	G	T	4	0	26	1	1	28	0.2	5	0.555556	FALSE	NA	NA	NA	NA	NA	NA
NC_045512.2	6368	G	C	4	0	28	1	1	27	0.2	5	0.555556	FALSE	NA	NA	NA	NA	NA	NA
NC_045512.2	6369	G	A	2	0	22	1	1	22	0.333333	3	0.6	FALSE	NA	NA	NA	NA	NA	NA
NC_045512.2	6373	G	T	4	0	25	1	1	26	0.2	5	0.555556	FALSE	NA	NA	NA	NA	NA	NA
NC_045512.2	6374	G	C	4	0	22	1	1	25	0.2	5	0.555556	FALSE	NA	NA	NA	NA	NA	NA
NC_045512.2	6375	A	G	4	0	27	1	1	26	0.2	5	0.555556	FALSE	NA	NA	NA	NA	NA	NA
NC_045512.2	6377	A	T	4	0	27	1	1	26	0.2	5	0.555556	FALSE	NA	NA	NA	NA	NA	NA
NC_045512.2	6378	A	T	4	0	21	1	1	26	0.2	5	0.555556	FALSE	NA	NA	NA	NA	NA	NA
NC_045512.2	6379	T	G	4	0	25	1	1	26	0.2	5	0.555556	FALSE	NA	NA	NA	NA	NA	NA
NC_045512.2	6380	C	A	7	1	27	1	1	27	0.125	8	0.533333	FALSE	NA	NA	NA	NA	NA	NA
NC_045512.2	6382	T	G	5	1	24	1	1	23	0.166667	6	0.545455	FALSE	NA	NA	NA	NA	NA	NA
NC_045512.2	6383	G	T	7	1	26	1	1	24	0.125	8	0.533333	FALSE	NA	NA	NA	NA	NA	NA
NC_045512.2	6384	C	A	6	0	26	1	1	26	0.142857	7	0.538462	FALSE	NA	NA	NA	NA	NA	NA
NC_045512.2	6387	G	T	6	2	28	1	0	27	0.142857	7	0.538462	FALSE	NA	NA	NA	NA	NA	NA
NC_045512.2	6389	G	A	6	1	28	2	2	25	0.25	8	0.266667	FALSE	NA	NA	NA	NA	NA	NA
NC_045512.2	6390	A	G	6	1	28	1	1	24	0.125	8	0.5	FALSE	NA	NA	NA	NA	NA	NA
NC_045512.2	6390	A	C	6	1	28	1	1	24	0.125	8	0.5	FALSE	NA	NA	NA	NA	NA	NA
NC_045512.2	6391	A	T	6	1	24	1	1	29	0.125	8	0.5	FALSE	NA	NA	NA	NA	NA	NA
NC_045512.2	6391	A	C	6	1	24	1	1	27	0.125	8	0.5	FALSE	NA	NA	NA	NA	NA	NA
NC_045512.2	6392	G	T	6	1	27	1	1	28	0.125	8	0.5	FALSE	NA	NA	NA	NA	NA	NA
NC_045512.2	6392	G	C	6	1	27	1	1	29	0.125	8	0.5	FALSE	NA	NA	NA	NA	NA	NA
NC_045512.2	6393	A	G	7	2	28	1	1	24	0.125	8	0.533333	FALSE	NA	NA	NA	NA	NA	NA
NC_045512.2	6394	T	G	6	1	28	2	2	28	0.25	8	0.266667	FALSE	NA	NA	NA	NA	NA	NA
NC_045512.2	6395	C	T	6	1	27	1	1	28	0.125	8	0.5	FALSE	NA	NA	NA	NA	NA	NA
NC_045512.2	6395	C	A	6	1	27	1	1	29	0.125	8	0.5	FALSE	NA	NA	NA	NA	NA	NA
NC_045512.2	6396	T	G	6	1	27	2	2	27	0.25	8	0.266667	FALSE	NA	NA	NA	NA	NA	NA
NC_045512.2	6397	A	T	5	0	27	1	1	29	0.142857	7	0.5	FALSE	NA	NA	NA	NA	NA	NA
NC_045512.2	6397	A	G	5	0	27	1	1	28	0.142857	7	0.5	FALSE	NA	NA	NA	NA	NA	NA
NC_045512.2	6399	A	T	6	1	27	1	1	27	0.125	8	0.5	FALSE	NA	NA	NA	NA	NA	NA
NC_045512.2	6399	A	C	6	1	27	1	1	28	0.125	8	0.5	FALSE	NA	NA	NA	NA	NA	NA
NC_045512.2	6400	A	G	6	2	22	1	1	28	0.142857	7	0.538462	FALSE	NA	NA	NA	NA	NA	NA
NC_045512.2	6402	C	G	6	1	23	2	2	27	0.25	8	0.266667	FALSE	NA	NA	NA	NA	NA	NA
NC_045512.2	6403	A	T	6	1	26	1	1	22	0.125	8	0.5	FALSE	NA	NA	NA	NA	NA	NA
NC_045512.2	6403	A	C	6	1	26	1	1	25	0.125	8	0.5	FALSE	NA	NA	NA	NA	NA	NA
NC_045512.2	6404	G	T	6	1	27	1	1	27	0.125	8	0.5	FALSE	NA	NA	NA	NA	NA	NA
NC_045512.2	6404	G	A	6	1	27	1	1	25	0.125	8	0.5	FALSE	NA	NA	NA	NA	NA	NA
NC_045512.2	6405	T	G	5	1	27	1	1	27	0.142857	7	0.5	FALSE	NA	NA	NA	NA	NA	NA
NC_045512.2	6405	T	C	5	1	27	1	0	27	0.142857	7	0.5	FALSE	NA	NA	NA	NA	NA	NA
NC_045512.2	6406	C	T	6	1	27	1	1	27	0.125	8	0.5	FALSE	NA	NA	NA	NA	NA	NA
NC_045512.2	6406	C	G	6	1	27	1	1	31	0.125	8	0.5	FALSE	NA	NA	NA	NA	NA	NA
NC_045512.2	6407	T	G	6	1	27	1	1	22	0.125	8	0.5	FALSE	NA	NA	NA	NA	NA	NA
NC_045512.2	6407	T	C	6	1	27	1	1	27	0.125	8	0.5	FALSE	NA	NA	NA	NA	NA	NA
NC_045512.2	6408	C	T	6	1	27	1	1	21	0.142857	7	0.538462	FALSE	NA	NA	NA	NA	NA	NA
NC_045512.2	6409	T	A	7	2	27	1	1	23	0.125	8	0.533333	FALSE	NA	NA	NA	NA	NA	NA
NC_045512.2	6410	G	T	6	1	26	2	2	24	0.25	8	0.266667	FALSE	NA	NA	NA	NA	NA	NA
NC_045512.2	6411	A	G	6	1	26	2	2	21	0.25	8	0.266667	FALSE	NA	NA	NA	NA	NA	NA
NC_045512.2	6412	A	G	5	1	24	2	2	27	0.285714	7	0.269231	FALSE	NA	NA	NA	NA	NA	NA
NC_045512.2	6413	G	A	6	1	27	2	2	25	0.25	8	0.266667	FALSE	NA	NA	NA	NA	NA	NA
NC_045512.2	6414	A	T	6	1	26	1	1	22	0.125	8	0.5	FALSE	NA	NA	NA	NA	NA	NA
NC_045512.2	6414	A	G	6	1	26	1	1	28	0.125	8	0.5	FALSE	NA	NA	NA	NA	NA	NA
NC_045512.2	6415	A	C	6	1	23	1	1	28	0.142857	7	0.538462	FALSE	NA	NA	NA	NA	NA	NA
NC_045512.2	6416	G	A	6	1	27	2	2	27	0.25	8	0.266667	FALSE	NA	NA	NA	NA	NA	NA
NC_045512.2	6417	T	C	7	2	27	1	1	26	0.125	8	0.533333	FALSE	NA	NA	NA	NA	NA	NA
NC_045512.2	6418	A	C	6	1	27	1	1	26	0.142857	7	0.538462	FALSE	NA	NA	NA	NA	NA	NA
NC_045512.2	6419	G	T	6	1	27	1	1	21	0.125	8	0.5	FALSE	NA	NA	NA	NA	NA	NA
NC_045512.2	6419	G	A	6	1	27	1	1	26	0.125	8	0.5	FALSE	NA	NA	NA	NA	NA	NA
NC_045512.2	6420	T	A	7	2	26	1	1	26	0.125	8	0.533333	FALSE	NA	NA	NA	NA	NA	NA
NC_045512.2	6421	G	A	7	2	25	1	1	23	0.125	8	0.533333	FALSE	NA	NA	NA	NA	NA	NA
NC_045512.2	6423	A	C	5	0	26	2	2	22	0.285714	7	0.269231	FALSE	NA	NA	NA	NA	NA	NA
NC_045512.2	6424	A	T	7	2	26	1	1	22	0.125	8	0.533333	FALSE	NA	NA	NA	NA	NA	NA
NC_045512.2	6425	A	G	6	1	26	2	2	27	0.25	8	0.266667	FALSE	NA	NA	NA	NA	NA	NA
NC_045512.2	6426	A	T	3	1	22	1	1	24	0.2	5	0.5	FALSE	NA	NA	NA	NA	NA	NA
NC_045512.2	6426	A	C	3	1	22	1	1	25	0.2	5	0.5	FALSE	NA	NA	NA	NA	NA	NA
NC_045512.2	6427	T	G	7	2	26	1	1	25	0.125	8	0.533333	FALSE	NA	NA	NA	NA	NA	NA
NC_045512.2	6428	C	G	5	0	26	1	1	28	0.166667	6	0.545455	FALSE	NA	NA	NA	NA	NA	NA
NC_045512.2	6429	C	A	6	1	23	3	3	26	0.333333	9	0.123529	FALSE	NA	NA	NA	NA	NA	NA
NC_045512.2	6430	T	G	7	2	26	1	1	27	0.111111	9	0.5	FALSE	NA	NA	NA	NA	NA	NA
NC_045512.2	6430	T	A	7	2	26	1	1	29	0.111111	9	0.5	FALSE	NA	NA	NA	NA	NA	NA
NC_045512.2	6432	C	T	8	3	27	1	1	27	0.111111	9	0.529412	FALSE	NA	NA	NA	NA	NA	NA
NC_045512.2	6433	C	G	7	2	24	1	1	29	0.111111	9	0.5	FALSE	NA	NA	NA	NA	NA	NA
NC_045512.2	6433	C	A	7	2	24	1	1	29	0.111111	9	0.5	FALSE	NA	NA	NA	NA	NA	NA
NC_045512.2	6434	A	T	6	1	27	3	3	25	0.333333	9	0.123529	FALSE	NA	NA	NA	NA	NA	NA
NC_045512.2	6435	T	C	7	2	26	1	1	28	0.125	8	0.533333	FALSE	NA	NA	NA	NA	NA	NA
NC_045512.2	6436	A	G	9	4	25	1	1	28	0.1	10	0.526316	FALSE	NA	NA	NA	NA	NA	NA
NC_045512.2	6437	C	T	7	2	24	1	1	27	0.0909091	11	0.444444	FALSE	NA	NA	NA	NA	NA	NA
NC_045512.2	6437	C	A	7	2	24	3	3	25	0.272727	11	0.105263	FALSE	NA	NA	NA	NA	NA	NA
NC_045512.2	6438	A	C	8	3	26	2	2	28	0.2	10	0.263158	FALSE	NA	NA	NA	NA	NA	NA
NC_045512.2	6439	G	T	6	1	24	3	3	24	0.3	10	0.102941	FALSE	NA	NA	NA	NA	NA	NA
NC_045512.2	6439	G	C	6	1	24	1	1	23	0.1	10	0.4375	FALSE	NA	NA	NA	NA	NA	NA
NC_045512.2	6440	A	T	6	1	23	3	3	27	0.272727	11	0.0866873	FALSE	NA	NA	NA	NA	NA	NA
NC_045512.2	6440	A	G	6	1	23	1	1	22	0.0909091	11	0.411765	FALSE	NA	NA	NA	NA	NA	NA
NC_045512.2	6440	A	C	6	1	23	1	1	27	0.0909091	11	0.411765	FALSE	NA	NA	NA	NA	NA	NA
NC_045512.2	6441	A	T	7	2	27	1	1	28	0.1	10	0.470588	FALSE	NA	NA	NA	NA	NA	NA
NC_045512.2	6441	A	G	7	2	27	1	1	30	0.1	10	0.470588	FALSE	NA	NA	NA	NA	NA	NA
NC_045512.2	6441	A	C	7	2	27	1	1	28	0.1	10	0.470588	FALSE	NA	NA	NA	NA	NA	NA
NC_045512.2	6442	A	T	2	1	24	1	1	29	0.142857	7	0.333333	FALSE	NA	NA	NA	NA	NA	NA
NC_045512.2	6442	A	G	2	1	24	4	4	25	0.571429	7	0.030303	FALSE	NA	NA	NA	NA	NA	NA
NC_045512.2	6443	G	T	8	3	25	3	3	26	0.272727	11	0.12406	FALSE	NA	NA	NA	NA	NA	NA
NC_045512.2	6444	A	T	7	2	26	2	2	27	0.181818	11	0.210526	FALSE	NA	NA	NA	NA	NA	NA
NC_045512.2	6444	A	G	7	2	26	1	1	27	0.0909091	11	0.444444	FALSE	NA	NA	NA	NA	NA	NA
NC_045512.2	6444	A	C	7	2	26	1	1	27	0.0909091	11	0.444444	FALSE	NA	NA	NA	NA	NA	NA
NC_045512.2	6445	C	T	6	1	26	3	3	27	0.272727	11	0.0866873	FALSE	NA	NA	NA	NA	NA	NA
NC_045512.2	6445	C	G	6	1	26	1	1	27	0.0909091	11	0.411765	FALSE	NA	NA	NA	NA	NA	NA
NC_045512.2	6445	C	A	6	1	26	1	1	27	0.0909091	11	0.411765	FALSE	NA	NA	NA	NA	NA	NA
NC_045512.2	6446	G	T	7	2	26	1	1	23	0.0909091	11	0.444444	FALSE	NA	NA	NA	NA	NA	NA
NC_045512.2	6446	G	C	7	2	26	2	2	27	0.181818	11	0.210526	FALSE	NA	NA	NA	NA	NA	NA
NC_045512.2	6446	G	A	7	2	26	1	1	27	0.0909091	11	0.444444	FALSE	NA	NA	NA	NA	NA	NA
NC_045512.2	6447	T	A	8	3	26	4	4	25	0.333333	12	0.0559006	FALSE	NA	NA	NA	NA	NA	NA
NC_045512.2	6448	T	G	5	3	24	1	1	28	0.111111	9	0.428571	FALSE	NA	NA	NA	NA	NA	NA
NC_045512.2	6448	T	C	5	3	24	2	2	25	0.222222	9	0.2	FALSE	NA	NA	NA	NA	NA	NA
NC_045512.2	6448	T	A	5	3	24	1	1	23	0.111111	9	0.428571	FALSE	NA	NA	NA	NA	NA	NA
NC_045512.2	6449	C	G	7	2	25	2	2	27	0.166667	12	0.189474	FALSE	NA	NA	NA	NA	NA	NA
NC_045512.2	6449	C	A	7	2	25	3	3	22	0.25	12	0.0902256	FALSE	NA	NA	NA	NA	NA	NA
NC_045512.2	6450	T	G	7	3	24	1	1	27	0.0833333	12	0.421053	FALSE	NA	NA	NA	NA	NA	NA
NC_045512.2	6450	T	C	7	3	24	2	1	22	0.166667	12	0.189474	FALSE	NA	NA	NA	NA	NA	NA
NC_045512.2	6450	T	A	7	3	24	2	2	29	0.166667	12	0.189474	FALSE	NA	NA	NA	NA	NA	NA
NC_045512.2	6451	T	G	7	3	24	2	2	25	0.181818	11	0.210526	FALSE	NA	NA	NA	NA	NA	NA
NC_045512.2	6451	T	A	7	3	24	2	2	30	0.181818	11	0.210526	FALSE	NA	NA	NA	NA	NA	NA
NC_045512.2	6452	G	T	7	2	27	1	1	27	0.0909091	11	0.444444	FALSE	NA	NA	NA	NA	NA	NA
NC_045512.2	6452	G	C	7	2	27	1	1	28	0.0909091	11	0.444444	FALSE	NA	NA	NA	NA	NA	NA
NC_045512.2	6452	G	A	7	2	27	2	2	27	0.181818	11	0.210526	FALSE	NA	NA	NA	NA	NA	NA
NC_045512.2	6453	A	T	7	2	28	3	3	25	0.25	12	0.0902256	FALSE	NA	NA	NA	NA	NA	NA
NC_045512.2	6453	A	G	7	2	28	1	1	28	0.0833333	12	0.421053	FALSE	NA	NA	NA	NA	NA	NA
NC_045512.2	6453	A	C	7	2	28	1	1	24	0.0833333	12	0.421053	FALSE	NA	NA	NA	NA	NA	NA
NC_045512.2	6454	G	T	9	4	27	1	1	28	0.0833333	12	0.47619	FALSE	NA	NA	NA	NA	NA	NA
NC_045512.2	6454	G	C	9	4	27	2	2	27	0.166667	12	0.238095	FALSE	NA	NA	NA	NA	NA	NA
NC_045512.2	6455	T	C	8	3	27	1	1	28	0.0909091	11	0.473684	FALSE	NA	NA	NA	NA	NA	NA
NC_045512.2	6455	T	A	8	3	27	2	2	25	0.181818	11	0.236842	FALSE	NA	NA	NA	NA	NA	NA
NC_045512.2	6456	G	T	7	2	28	2	2	23	0.166667	12	0.189474	FALSE	NA	NA	NA	NA	NA	NA
NC_045512.2	6456	G	C	7	2	28	1	1	27	0.0833333	12	0.421053	FALSE	NA	NA	NA	NA	NA	NA
NC_045512.2	6456	G	A	7	2	28	2	2	28	0.166667	12	0.189474	FALSE	NA	NA	NA	NA	NA	NA
NC_045512.2	6457	T	G	10	5	26	2	2	26	0.166667	12	0.26087	FALSE	NA	NA	NA	NA	NA	NA
NC_045512.2	6458	A	T	6	1	27	5	5	27	0.454545	11	0.0227038	FALSE	NA	NA	NA	NA	NA	NA
NC_045512.2	6459	A	T	4	1	24	1	1	27	0.1	10	0.357143	FALSE	NA	NA	NA	NA	NA	NA
NC_045512.2	6459	A	G	4	1	24	4	4	22	0.4	10	0.0294118	FALSE	NA	NA	NA	NA	NA	NA
NC_045512.2	6459	A	C	4	1	24	1	1	30	0.1	10	0.357143	FALSE	NA	NA	NA	NA	NA	NA
NC_045512.2	6460	T	G	6	1	25	3	3	23	0.272727	11	0.0866873	FALSE	NA	NA	NA	NA	NA	NA
NC_045512.2	6460	T	A	6	1	25	2	2	28	0.181818	11	0.183007	FALSE	NA	NA	NA	NA	NA	NA
NC_045512.2	6461	G	A	9	4	25	2	2	23	0.181818	11	0.261905	FALSE	NA	NA	NA	NA	NA	NA
NC_045512.2	6462	T	G	5	1	26	1	1	24	0.0909091	11	0.375	FALSE	NA	NA	NA	NA	NA	NA
NC_045512.2	6462	T	C	5	1	26	1	1	28	0.0909091	11	0.375	FALSE	NA	NA	NA	NA	NA	NA
NC_045512.2	6462	T	A	5	1	26	4	4	25	0.363636	11	0.0325077	FALSE	NA	NA	NA	NA	NA	NA
NC_045512.2	6463	G	C	7	3	23	2	2	25	0.181818	11	0.210526	FALSE	NA	NA	NA	NA	NA	NA
NC_045512.2	6463	G	A	7	3	23	2	2	26	0.181818	11	0.210526	FALSE	NA	NA	NA	NA	NA	NA
NC_045512.2	6464	A	G	6	3	26	1	1	28	0.111111	9	0.466667	FALSE	NA	NA	NA	NA	NA	NA
NC_045512.2	6464	A	C	6	3	26	2	2	25	0.222222	9	0.233333	FALSE	NA	NA	NA	NA	NA	NA
NC_045512.2	6465	A	T	7	4	25	2	2	25	0.2	10	0.235294	FALSE	NA	NA	NA	NA	NA	NA
NC_045512.2	6465	A	C	7	4	25	1	1	27	0.1	10	0.470588	FALSE	NA	NA	NA	NA	NA	NA
NC_045512.2	6466	A	C	6	3	25	4	4	26	0.4	10	0.0541796	FALSE	NA	NA	NA	NA	NA	NA
NC_045512.2	6467	A	G	5	4	24	1	1	30	0.142857	7	0.5	FALSE	NA	NA	NA	NA	NA	NA
NC_045512.2	6467	A	C	5	4	24	1	1	29	0.142857	7	0.5	FALSE	NA	NA	NA	NA	NA	NA
NC_045512.2	6468	C	T	5	2	25	1	1	29	0.1	10	0.4	FALSE	NA	NA	NA	NA	NA	NA
NC_045512.2	6468	C	A	5	2	25	4	4	28	0.4	10	0.0411765	FALSE	NA	NA	NA	NA	NA	NA
NC_045512.2	6469	T	G	4	1	25	1	1	27	0.1	10	0.357143	FALSE	NA	NA	NA	NA	NA	NA
NC_045512.2	6469	T	C	4	1	25	1	1	23	0.1	10	0.357143	FALSE	NA	NA	NA	NA	NA	NA
NC_045512.2	6469	T	A	4	1	25	4	4	27	0.4	10	0.0294118	FALSE	NA	NA	NA	NA	NA	NA
NC_045512.2	6470	A	T	5	2	25	1	1	24	0.1	10	0.4	FALSE	NA	NA	NA	NA	NA	NA
NC_045512.2	6470	A	C	5	2	25	4	4	25	0.4	10	0.0411765	FALSE	NA	NA	NA	NA	NA	NA
NC_045512.2	6471	C	T	5	2	28	1	1	28	0.125	8	0.461538	FALSE	NA	NA	NA	NA	NA	NA
NC_045512.2	6471	C	A	5	2	28	2	2	27	0.25	8	0.230769	FALSE	NA	NA	NA	NA	NA	NA
NC_045512.2	6472	C	G	5	3	24	2	2	24	0.222222	9	0.2	FALSE	NA	NA	NA	NA	NA	NA
NC_045512.2	6472	C	A	5	3	24	2	2	29	0.222222	9	0.2	FALSE	NA	NA	NA	NA	NA	NA
NC_045512.2	6473	G	T	6	4	26	2	2	25	0.222222	9	0.233333	FALSE	NA	NA	NA	NA	NA	NA
NC_045512.2	6473	G	A	6	4	26	1	1	23	0.111111	9	0.466667	FALSE	NA	NA	NA	NA	NA	NA
NC_045512.2	6474	A	T	4	2	25	3	3	25	0.333333	9	0.0769231	FALSE	NA	NA	NA	NA	NA	NA
NC_045512.2	6474	A	G	4	2	25	2	2	23	0.222222	9	0.164835	FALSE	NA	NA	NA	NA	NA	NA
NC_045512.2	6475	A	T	3	1	24	2	2	32	0.285714	7	0.181818	FALSE	NA	NA	NA	NA	NA	NA
NC_045512.2	6475	A	G	3	1	24	1	1	23	0.142857	7	0.4	FALSE	NA	NA	NA	NA	NA	NA
NC_045512.2	6475	A	C	3	1	24	1	1	28	0.142857	7	0.4	FALSE	NA	NA	NA	NA	NA	NA
NC_045512.2	6476	G	T	4	2	26	2	2	29	0.25	8	0.192308	FALSE	NA	NA	NA	NA	NA	NA
NC_045512.2	6476	G	A	4	2	26	2	2	26	0.25	8	0.192308	FALSE	NA	NA	NA	NA	NA	NA
NC_045512.2	6477	T	G	3	1	26	3	3	27	0.375	8	0.0699301	FALSE	NA	NA	NA	NA	NA	NA
NC_045512.2	6477	T	A	3	1	26	2	2	22	0.25	8	0.151515	FALSE	NA	NA	NA	NA	NA	NA
NC_045512.2	6478	T	A	3	1	22	4	4	25	0.571429	7	0.048951	FALSE	NA	NA	NA	NA	NA	NA
NC_045512.2	6479	G	T	4	2	26	1	1	28	0.111111	9	0.384615	FALSE	NA	NA	NA	NA	NA	NA
NC_045512.2	6479	G	C	4	2	26	1	1	24	0.111111	9	0.384615	FALSE	NA	NA	NA	NA	NA	NA
NC_045512.2	6479	G	A	4	2	26	3	3	26	0.333333	9	0.0769231	FALSE	NA	NA	NA	NA	NA	NA
NC_045512.2	6480	T	G	3	1	27	1	1	24	0.111111	9	0.333333	FALSE	NA	NA	NA	NA	NA	NA
NC_045512.2	6480	T	C	3	1	27	1	1	25	0.111111	9	0.333333	FALSE	NA	NA	NA	NA	NA	NA
NC_045512.2	6480	T	A	3	1	27	4	4	26	0.444444	9	0.025641	FALSE	NA	NA	NA	NA	NA	NA
NC_045512.2	6481	A	T	4	2	27	3	3	26	0.333333	9	0.0769231	FALSE	NA	NA	NA	NA	NA	NA
NC_045512.2	6481	A	G	4	2	27	1	1	22	0.111111	9	0.384615	FALSE	NA	NA	NA	NA	NA	NA
NC_045512.2	6481	A	C	4	2	27	1	1	29	0.111111	9	0.384615	FALSE	NA	NA	NA	NA	NA	NA
NC_045512.2	6482	G	T	3	1	25	1	1	27	0.111111	9	0.333333	FALSE	NA	NA	NA	NA	NA	NA
NC_045512.2	6482	G	C	3	1	25	1	1	26	0.111111	9	0.333333	FALSE	NA	NA	NA	NA	NA	NA
NC_045512.2	6482	G	A	3	1	25	4	4	26	0.444444	9	0.025641	FALSE	NA	NA	NA	NA	NA	NA
NC_045512.2	6483	G	T	3	1	24	1	1	28	0.125	8	0.363636	FALSE	NA	NA	NA	NA	NA	NA
NC_045512.2	6483	G	C	3	1	24	3	3	25	0.375	8	0.0699301	FALSE	NA	NA	NA	NA	NA	NA
NC_045512.2	6483	G	A	3	1	24	1	1	28	0.125	8	0.363636	FALSE	NA	NA	NA	NA	NA	NA
NC_045512.2	6484	A	T	4	2	28	2	2	28	0.25	8	0.192308	FALSE	NA	NA	NA	NA	NA	NA
NC_045512.2	6484	A	G	4	2	28	1	1	27	0.125	8	0.416667	FALSE	NA	NA	NA	NA	NA	NA
NC_045512.2	6484	A	C	4	2	28	1	1	27	0.125	8	0.416667	FALSE	NA	NA	NA	NA	NA	NA
NC_045512.2	6485	G	T	4	2	26	1	1	21	0.111111	9	0.384615	FALSE	NA	NA	NA	NA	NA	NA
NC_045512.2	6485	G	C	4	2	26	1	1	28	0.111111	9	0.384615	FALSE	NA	NA	NA	NA	NA	NA
NC_045512.2	6485	G	A	4	2	26	3	3	24	0.333333	9	0.0769231	FALSE	NA	NA	NA	NA	NA	NA
NC_045512.2	6486	A	T	6	4	27	2	2	26	0.25	8	0.266667	FALSE	NA	NA	NA	NA	NA	NA
NC_045512.2	6487	C	T	4	2	26	2	2	28	0.25	8	0.192308	FALSE	NA	NA	NA	NA	NA	NA
NC_045512.2	6487	C	A	4	2	26	2	2	27	0.25	8	0.192308	FALSE	NA	NA	NA	NA	NA	NA
NC_045512.2	6488	A	T	3	1	27	3	3	24	0.333333	9	0.0549451	FALSE	NA	NA	NA	NA	NA	NA
NC_045512.2	6488	A	G	3	1	27	2	2	28	0.222222	9	0.128205	FALSE	NA	NA	NA	NA	NA	NA
NC_045512.2	6488	A	C	3	1	27	1	1	29	0.111111	9	0.333333	FALSE	NA	NA	NA	NA	NA	NA
NC_045512.2	6489	T	G	6	4	26	1	1	23	0.111111	9	0.466667	FALSE	NA	NA	NA	NA	NA	NA
NC_045512.2	6489	T	C	6	4	26	2	2	25	0.222222	9	0.233333	FALSE	NA	NA	NA	NA	NA	NA
NC_045512.2	6490	T	G	3	1	24	2	2	27	0.25	8	0.151515	FALSE	NA	NA	NA	NA	NA	NA
NC_045512.2	6490	T	C	3	1	24	3	3	26	0.375	8	0.0699301	FALSE	NA	NA	NA	NA	NA	NA
NC_045512.2	6491	A	T	5	3	27	3	3	24	0.333333	9	0.1	FALSE	NA	NA	NA	NA	NA	NA
NC_045512.2	6491	A	G	5	3	27	1	1	23	0.111111	9	0.428571	FALSE	NA	NA	NA	NA	NA	NA
NC_045512.2	6492	T	G	5	3	26	3	3	27	0.375	8	0.123077	FALSE	NA	NA	NA	NA	NA	NA
NC_045512.2	6493	A	T	4	2	27	3	3	25	0.333333	9	0.0769231	FALSE	NA	NA	NA	NA	NA	NA
NC_045512.2	6493	A	G	4	2	27	1	1	24	0.111111	9	0.384615	FALSE	NA	NA	NA	NA	NA	NA
NC_045512.2	6493	A	C	4	2	27	1	1	28	0.111111	9	0.384615	FALSE	NA	NA	NA	NA	NA	NA
NC_045512.2	6494	C	T	3	1	26	1	1	27	0.111111	9	0.333333	FALSE	NA	NA	NA	NA	NA	NA
NC_045512.2	6494	C	G	3	1	26	4	4	25	0.444444	9	0.025641	FALSE	NA	NA	NA	NA	NA	NA
NC_045512.2	6494	C	A	3	1	26	1	1	29	0.111111	9	0.333333	FALSE	NA	NA	NA	NA	NA	NA
NC_045512.2	6495	T	G	5	3	25	2	2	27	0.222222	9	0.2	FALSE	NA	NA	NA	NA	NA	NA
NC_045512.2	6495	T	A	5	3	25	2	2	25	0.222222	9	0.2	FALSE	NA	NA	NA	NA	NA	NA
NC_045512.2	6496	T	G	4	2	24	1	1	27	0.111111	9	0.384615	FALSE	NA	NA	NA	NA	NA	NA
NC_045512.2	6496	T	A	4	2	24	4	4	26	0.444444	9	0.0384615	FALSE	NA	NA	NA	NA	NA	NA
NC_045512.2	6497	A	T	4	2	25	2	2	25	0.222222	9	0.164835	FALSE	NA	NA	NA	NA	NA	NA
NC_045512.2	6497	A	G	4	2	25	2	2	27	0.222222	9	0.164835	FALSE	NA	NA	NA	NA	NA	NA
NC_045512.2	6497	A	C	4	2	25	1	1	28	0.111111	9	0.384615	FALSE	NA	NA	NA	NA	NA	NA
NC_045512.2	6498	A	T	5	3	27	2	2	28	0.222222	9	0.2	FALSE	NA	NA	NA	NA	NA	NA
NC_045512.2	6498	A	G	5	3	27	2	2	25	0.222222	9	0.2	FALSE	NA	NA	NA	NA	NA	NA
NC_045512.2	6499	A	T	4	2	24	2	2	25	0.222222	9	0.164835	FALSE	NA	NA	NA	NA	NA	NA
NC_045512.2	6499	A	G	4	2	24	1	1	27	0.111111	9	0.384615	FALSE	NA	NA	NA	NA	NA	NA
NC_045512.2	6499	A	C	4	2	24	2	2	28	0.222222	9	0.164835	FALSE	NA	NA	NA	NA	NA	NA
NC_045512.2	6500	C	T	6	4	26	2	2	28	0.2	10	0.205882	FALSE	NA	NA	NA	NA	NA	NA
NC_045512.2	6500	C	G	6	4	26	1	1	28	0.1	10	0.4375	FALSE	NA	NA	NA	NA	NA	NA
NC_045512.2	6500	C	A	6	4	26	1	1	28	0.1	10	0.4375	FALSE	NA	NA	NA	NA	NA	NA
NC_045512.2	6501	C	T	5	3	25	2	2	24	0.222222	9	0.2	FALSE	NA	NA	NA	NA	NA	NA
NC_045512.2	6501	C	G	5	3	25	2	2	25	0.222222	9	0.2	FALSE	NA	NA	NA	NA	NA	NA
NC_045512.2	6502	A	T	4	2	27	2	2	26	0.285714	7	0.227273	FALSE	NA	NA	NA	NA	NA	NA
NC_045512.2	6502	A	G	4	2	27	1	1	27	0.142857	7	0.454545	FALSE	NA	NA	NA	NA	NA	NA
NC_045512.2	6503	G	A	6	4	25	3	3	24	0.333333	9	0.123529	FALSE	NA	NA	NA	NA	NA	NA
NC_045512.2	6504	C	G	4	2	25	2	2	25	0.222222	9	0.164835	FALSE	NA	NA	NA	NA	NA	NA
NC_045512.2	6504	C	A	4	2	25	3	3	25	0.333333	9	0.0769231	FALSE	NA	NA	NA	NA	NA	NA
NC_045512.2	6505	A	T	5	3	25	1	1	28	0.111111	9	0.428571	FALSE	NA	NA	NA	NA	NA	NA
NC_045512.2	6505	A	G	5	3	25	2	2	27	0.222222	9	0.2	FALSE	NA	NA	NA	NA	NA	NA
NC_045512.2	6505	A	C	5	3	25	1	1	27	0.111111	9	0.428571	FALSE	NA	NA	NA	NA	NA	NA
NC_045512.2	6506	A	T	4	2	26	2	2	27	0.222222	9	0.164835	FALSE	NA	NA	NA	NA	NA	NA
NC_045512.2	6506	A	G	4	2	26	1	1	26	0.111111	9	0.384615	FALSE	NA	NA	NA	NA	NA	NA
NC_045512.2	6506	A	C	4	2	26	2	2	26	0.222222	9	0.164835	FALSE	NA	NA	NA	NA	NA	NA
NC_045512.2	6507	A	T	4	3	25	2	2	27	0.25	8	0.192308	FALSE	NA	NA	NA	NA	NA	NA
NC_045512.2	6507	A	G	4	3	25	1	1	27	0.125	8	0.416667	FALSE	NA	NA	NA	NA	NA	NA
NC_045512.2	6507	A	C	4	3	25	1	1	27	0.125	8	0.416667	FALSE	NA	NA	NA	NA	NA	NA
NC_045512.2	6508	T	G	3	2	27	1	1	26	0.125	8	0.363636	FALSE	NA	NA	NA	NA	NA	NA
NC_045512.2	6508	T	C	3	2	27	2	2	27	0.25	8	0.151515	FALSE	NA	NA	NA	NA	NA	NA
NC_045512.2	6508	T	A	3	2	27	2	2	27	0.25	8	0.151515	FALSE	NA	NA	NA	NA	NA	NA
NC_045512.2	6509	A	G	4	3	27	3	3	27	0.375	8	0.0961538	FALSE	NA	NA	NA	NA	NA	NA
NC_045512.2	6509	A	C	4	3	27	1	1	24	0.125	8	0.416667	FALSE	NA	NA	NA	NA	NA	NA
NC_045512.2	6510	A	G	4	3	24	3	3	26	0.375	8	0.0961538	FALSE	NA	NA	NA	NA	NA	NA
NC_045512.2	6510	A	C	4	3	24	1	1	28	0.125	8	0.416667	FALSE	NA	NA	NA	NA	NA	NA
NC_045512.2	6511	T	G	2	1	27	3	3	25	0.375	8	0.0454545	FALSE	NA	NA	NA	NA	NA	NA
NC_045512.2	6511	T	A	2	1	27	3	3	26	0.375	8	0.0454545	FALSE	NA	NA	NA	NA	NA	NA
NC_045512.2	6512	A	T	4	3	26	1	1	26	0.125	8	0.416667	FALSE	NA	NA	NA	NA	NA	NA
NC_045512.2	6512	A	G	4	3	26	3	3	26	0.375	8	0.0961538	FALSE	NA	NA	NA	NA	NA	NA
NC_045512.2	6513	G	C	3	2	28	1	1	29	0.142857	7	0.4	FALSE	NA	NA	NA	NA	NA	NA
NC_045512.2	6513	G	A	3	2	28	3	3	27	0.428571	7	0.0909091	FALSE	NA	NA	NA	NA	NA	NA
NC_045512.2	6514	T	G	3	2	25	2	2	28	0.25	8	0.151515	FALSE	NA	NA	NA	NA	NA	NA
NC_045512.2	6514	T	C	3	2	25	1	1	27	0.125	8	0.363636	FALSE	NA	NA	NA	NA	NA	NA
NC_045512.2	6514	T	A	3	2	25	2	2	27	0.25	8	0.151515	FALSE	NA	NA	NA	NA	NA	NA
NC_045512.2	6515	T	G	4	3	26	1	1	28	0.125	8	0.416667	FALSE	NA	NA	NA	NA	NA	NA
NC_045512.2	6515	T	C	4	3	26	3	3	27	0.375	8	0.0961538	FALSE	NA	NA	NA	NA	NA	NA
NC_045512.2	6516	T	G	3	3	26	2	2	26	0.285714	7	0.181818	FALSE	NA	NA	NA	NA	NA	NA
NC_045512.2	6516	T	C	3	3	26	2	2	27	0.285714	7	0.181818	FALSE	NA	NA	NA	NA	NA	NA
NC_045512.2	6517	A	T	2	1	23	1	1	24	0.142857	7	0.333333	FALSE	NA	NA	NA	NA	NA	NA
NC_045512.2	6517	A	G	2	1	23	2	2	27	0.285714	7	0.133333	FALSE	NA	NA	NA	NA	NA	NA
NC_045512.2	6517	A	C	2	1	23	2	2	24	0.285714	7	0.133333	FALSE	NA	NA	NA	NA	NA	NA
NC_045512.2	6518	A	T	4	3	27	2	2	30	0.25	8	0.192308	FALSE	NA	NA	NA	NA	NA	NA
NC_045512.2	6518	A	G	4	3	27	1	1	25	0.125	8	0.416667	FALSE	NA	NA	NA	NA	NA	NA
NC_045512.2	6518	A	C	4	3	27	1	1	27	0.125	8	0.416667	FALSE	NA	NA	NA	NA	NA	NA
NC_045512.2	6519	A	G	5	4	28	1	1	28	0.125	8	0.461538	FALSE	NA	NA	NA	NA	NA	NA
NC_045512.2	6519	A	C	5	4	28	2	2	24	0.25	8	0.230769	FALSE	NA	NA	NA	NA	NA	NA
NC_045512.2	6520	A	G	4	3	27	1	1	21	0.166667	6	0.5	FALSE	NA	NA	NA	NA	NA	NA
NC_045512.2	6520	A	C	4	3	27	1	1	24	0.166667	6	0.5	FALSE	NA	NA	NA	NA	NA	NA
NC_045512.2	6521	A	T	1	1	26	1	1	26	0.142857	7	0.25	FALSE	NA	NA	NA	NA	NA	NA
NC_045512.2	6521	A	G	1	1	26	2	2	27	0.285714	7	0.0833333	FALSE	NA	NA	NA	NA	NA	NA
NC_045512.2	6521	A	C	1	1	26	3	3	26	0.428571	7	0.0333333	FALSE	NA	NA	NA	NA	NA	NA
NC_045512.2	6522	T	G	3	2	26	3	3	27	0.375	8	0.0699301	FALSE	NA	NA	NA	NA	NA	NA
NC_045512.2	6522	T	C	3	2	26	1	1	30	0.125	8	0.363636	FALSE	NA	NA	NA	NA	NA	NA
NC_045512.2	6522	T	A	3	2	26	1	1	26	0.125	8	0.363636	FALSE	NA	NA	NA	NA	NA	NA
NC_045512.2	6523	T	G	3	2	26	3	3	25	0.333333	9	0.0549451	FALSE	NA	NA	NA	NA	NA	NA
NC_045512.2	6523	T	C	3	2	26	1	1	20	0.111111	9	0.333333	FALSE	NA	NA	NA	NA	NA	NA
NC_045512.2	6523	T	A	3	2	26	2	2	24	0.222222	9	0.128205	FALSE	NA	NA	NA	NA	NA	NA
NC_045512.2	6523	T	-A	3	2	26	1	0	20	0.111111	9	0.333333	FALSE	NA	NA	NA	NA	NA	NA
NC_045512.2	6524	A	G	4	3	27	2	2	27	0.25	8	0.164835	FALSE	NA	NA	NA	NA	NA	NA
NC_045512.2	6524	A	C	4	3	27	2	2	26	0.25	8	0.164835	FALSE	NA	NA	NA	NA	NA	NA
NC_045512.2	6525	C	T	4	3	25	3	3	26	0.333333	9	0.0769231	FALSE	NA	NA	NA	NA	NA	NA
NC_045512.2	6525	C	G	4	3	25	1	1	26	0.111111	9	0.384615	FALSE	NA	NA	NA	NA	NA	NA
NC_045512.2	6525	C	A	4	3	25	1	1	22	0.111111	9	0.384615	FALSE	NA	NA	NA	NA	NA	NA
NC_045512.2	6526	A	T	4	3	23	1	1	22	0.111111	9	0.384615	FALSE	NA	NA	NA	NA	NA	NA
NC_045512.2	6526	A	G	4	3	23	2	2	24	0.222222	9	0.164835	FALSE	NA	NA	NA	NA	NA	NA
NC_045512.2	6526	A	C	4	3	23	2	2	27	0.222222	9	0.164835	FALSE	NA	NA	NA	NA	NA	NA
NC_045512.2	6527	G	T	3	2	25	3	3	25	0.375	8	0.0699301	FALSE	NA	NA	NA	NA	NA	NA
NC_045512.2	6527	G	C	3	2	25	1	1	27	0.125	8	0.363636	FALSE	NA	NA	NA	NA	NA	NA
NC_045512.2	6527	G	A	3	2	25	1	1	27	0.125	8	0.363636	FALSE	NA	NA	NA	NA	NA	NA
NC_045512.2	6528	A	T	3	2	23	1	1	20	0.0909091	11	0.285714	FALSE	NA	NA	NA	NA	NA	NA
NC_045512.2	6528	A	G	3	2	23	4	4	25	0.363636	11	0.0147059	FALSE	NA	NA	NA	NA	NA	NA
NC_045512.2	6528	A	C	3	2	23	3	3	27	0.272727	11	0.0357143	FALSE	NA	NA	NA	NA	NA	NA
NC_045512.2	6529	A	T	5	4	23	4	4	25	0.333333	12	0.0260062	FALSE	NA	NA	NA	NA	NA	NA
NC_045512.2	6529	A	C	5	4	23	3	3	25	0.25	12	0.0577915	FALSE	NA	NA	NA	NA	NA	NA
NC_045512.2	6530	G	T	4	3	27	6	6	26	0.545455	11	0.00541796	TRUE	NA	NA	NA	NA	NA	NA
NC_045512.2	6530	G	A	4	3	27	1	1	23	0.0909091	11	0.333333	FALSE	NA	NA	NA	NA	NA	NA
NC_045512.2	6531	A	T	5	4	24	2	2	25	0.2	10	0.175	FALSE	NA	NA	NA	NA	NA	NA
NC_045512.2	6531	A	G	5	4	24	3	3	26	0.3	10	0.0823529	FALSE	NA	NA	NA	NA	NA	NA
NC_045512.2	6532	G	C	4	3	23	2	2	23	0.2	10	0.142857	FALSE	NA	NA	NA	NA	NA	NA
NC_045512.2	6532	G	A	4	3	23	4	4	29	0.4	10	0.0294118	FALSE	NA	NA	NA	NA	NA	NA
NC_045512.2	6533	G	T	4	3	27	1	1	27	0.111111	9	0.384615	FALSE	NA	NA	NA	NA	NA	NA
NC_045512.2	6533	G	C	4	3	27	4	4	24	0.444444	9	0.0384615	FALSE	NA	NA	NA	NA	NA	NA
NC_045512.2	6534	T	C	4	3	27	3	3	27	0.333333	9	0.0769231	FALSE	NA	NA	NA	NA	NA	NA
NC_045512.2	6534	T	A	4	3	27	2	2	25	0.222222	9	0.164835	FALSE	NA	NA	NA	NA	NA	NA
NC_045512.2	6535	T	G	6	5	26	2	2	28	0.222222	9	0.233333	FALSE	NA	NA	NA	NA	NA	NA
NC_045512.2	6535	T	A	6	5	26	1	1	28	0.111111	9	0.466667	FALSE	NA	NA	NA	NA	NA	NA
NC_045512.2	6536	G	C	5	4	26	3	3	27	0.375	8	0.123077	FALSE	NA	NA	NA	NA	NA	NA
NC_045512.2	6537	G	T	4	3	26	2	2	25	0.222222	9	0.164835	FALSE	NA	NA	NA	NA	NA	NA
NC_045512.2	6537	G	C	4	3	26	2	2	26	0.222222	9	0.164835	FALSE	NA	NA	NA	NA	NA	NA
NC_045512.2	6537	G	A	4	3	26	1	1	23	0.111111	9	0.384615	FALSE	NA	NA	NA	NA	NA	NA
NC_045512.2	6538	C	G	2	1	23	2	2	26	0.25	8	0.109091	FALSE	NA	NA	NA	NA	NA	NA
NC_045512.2	6538	C	A	2	1	23	4	4	22	0.5	8	0.020979	FALSE	NA	NA	NA	NA	NA	NA
NC_045512.2	6539	C	G	2	1	24	1	1	23	0.111111	9	0.272727	FALSE	NA	NA	NA	NA	NA	NA
NC_045512.2	6539	C	A	2	1	24	6	6	24	0.666667	9	0.0034965	TRUE	NA	NA	NA	NA	NA	NA
NC_045512.2	6540	A	T	5	4	28	1	1	27	0.125	8	0.461538	FALSE	NA	NA	NA	NA	NA	NA
NC_045512.2	6540	A	G	5	4	28	2	2	27	0.25	8	0.230769	FALSE	NA	NA	NA	NA	NA	NA
NC_045512.2	6541	C	G	2	2	28	3	3	26	0.375	8	0.0454545	FALSE	NA	NA	NA	NA	NA	NA
NC_045512.2	6541	C	A	2	2	28	3	3	26	0.375	8	0.0454545	FALSE	NA	NA	NA	NA	NA	NA
NC_045512.2	6542	A	T	4	4	27	2	2	26	0.285714	7	0.227273	FALSE	NA	NA	NA	NA	NA	NA
NC_045512.2	6542	A	G	4	4	27	1	1	27	0.142857	7	0.454545	FALSE	NA	NA	NA	NA	NA	NA
NC_045512.2	6543	C	T	4	4	26	2	2	28	0.25	8	0.192308	FALSE	NA	NA	NA	NA	NA	NA
NC_045512.2	6543	C	G	4	4	26	1	1	23	0.125	8	0.416667	FALSE	NA	NA	NA	NA	NA	NA
NC_045512.2	6543	C	A	4	4	26	1	1	20	0.125	8	0.416667	FALSE	NA	NA	NA	NA	NA	NA
NC_045512.2	6544	A	T	3	3	28	3	3	25	0.375	8	0.0699301	FALSE	NA	NA	NA	NA	NA	NA
NC_045512.2	6544	A	C	3	3	28	2	2	27	0.25	8	0.151515	FALSE	NA	NA	NA	NA	NA	NA
NC_045512.2	6545	G	T	2	2	26	2	2	27	0.333333	6	0.166667	FALSE	NA	NA	NA	NA	NA	NA
NC_045512.2	6545	G	C	2	2	26	1	1	28	0.166667	6	0.375	FALSE	NA	NA	NA	NA	NA	NA
NC_045512.2	6545	G	A	2	2	26	1	1	31	0.166667	6	0.375	FALSE	NA	NA	NA	NA	NA	NA
NC_045512.2	6546	A	T	5	5	27	2	2	26	0.285714	7	0.269231	FALSE	NA	NA	NA	NA	NA	NA
NC_045512.2	6547	T	C	2	2	27	2	2	26	0.25	8	0.109091	FALSE	NA	NA	NA	NA	NA	NA
NC_045512.2	6547	T	A	2	2	27	4	4	30	0.5	8	0.020979	FALSE	NA	NA	NA	NA	NA	NA
NC_045512.2	6548	C	T	2	2	25	2	2	27	0.25	8	0.109091	FALSE	NA	NA	NA	NA	NA	NA
NC_045512.2	6548	C	A	2	2	25	4	4	26	0.5	8	0.020979	FALSE	NA	NA	NA	NA	NA	NA
NC_045512.2	6549	T	G	1	1	28	1	1	28	0.142857	7	0.25	FALSE	NA	NA	NA	NA	NA	NA
NC_045512.2	6549	T	C	1	1	28	3	3	24	0.428571	7	0.0333333	FALSE	NA	NA	NA	NA	NA	NA
NC_045512.2	6549	T	A	1	1	28	2	2	27	0.285714	7	0.0833333	FALSE	NA	NA	NA	NA	NA	NA
NC_045512.2	6550	A	T	2	2	23	2	2	27	0.25	8	0.109091	FALSE	NA	NA	NA	NA	NA	NA
NC_045512.2	6550	A	C	2	2	23	4	4	23	0.5	8	0.020979	FALSE	NA	NA	NA	NA	NA	NA
NC_045512.2	6551	A	G	5	5	25	1	1	26	0.125	8	0.461538	FALSE	NA	NA	NA	NA	NA	NA
NC_045512.2	6551	A	C	5	5	25	2	2	28	0.25	8	0.230769	FALSE	NA	NA	NA	NA	NA	NA
NC_045512.2	6552	T	G	1	1	28	3	3	26	0.375	8	0.0242424	FALSE	NA	NA	NA	NA	NA	NA
NC_045512.2	6552	T	C	1	1	28	1	1	23	0.125	8	0.222222	FALSE	NA	NA	NA	NA	NA	NA
NC_045512.2	6552	T	A	1	1	28	3	3	25	0.375	8	0.0242424	FALSE	NA	NA	NA	NA	NA	NA
NC_045512.2	6553	G	T	7	5	27	2	2	24	0.166667	12	0.189474	FALSE	NA	NA	NA	NA	NA	NA
NC_045512.2	6553	G	C	7	5	27	1	1	29	0.0833333	12	0.421053	FALSE	NA	NA	NA	NA	NA	NA
NC_045512.2	6553	G	A	7	5	27	2	2	25	0.166667	12	0.189474	FALSE	NA	NA	NA	NA	NA	NA
NC_045512.2	6554	G	T	6	4	25	2	2	26	0.166667	12	0.163743	FALSE	NA	NA	NA	NA	NA	NA
NC_045512.2	6554	G	C	6	4	25	2	2	26	0.166667	12	0.163743	FALSE	NA	NA	NA	NA	NA	NA
NC_045512.2	6554	G	A	6	4	25	2	2	27	0.166667	12	0.163743	FALSE	NA	NA	NA	NA	NA	NA
NC_045512.2	6555	C	T	7	5	26	3	3	25	0.272727	11	0.105263	FALSE	NA	NA	NA	NA	NA	NA
NC_045512.2	6555	C	G	7	5	26	1	1	28	0.0909091	11	0.444444	FALSE	NA	NA	NA	NA	NA	NA
NC_045512.2	6556	T	C	8	6	26	2	2	24	0.166667	12	0.214286	FALSE	NA	NA	NA	NA	NA	NA
NC_045512.2	6556	T	A	8	6	26	2	2	24	0.166667	12	0.214286	FALSE	NA	NA	NA	NA	NA	NA
NC_045512.2	6557	G	T	6	4	27	2	2	23	0.166667	12	0.163743	FALSE	NA	NA	NA	NA	NA	NA
NC_045512.2	6557	G	C	6	4	27	3	3	27	0.25	12	0.0736842	FALSE	NA	NA	NA	NA	NA	NA
NC_045512.2	6557	G	A	6	4	27	1	1	23	0.0833333	12	0.388889	FALSE	NA	NA	NA	NA	NA	NA
NC_045512.2	6558	C	T	5	3	26	3	3	24	0.25	12	0.0577915	FALSE	NA	NA	NA	NA	NA	NA
NC_045512.2	6558	C	G	5	3	26	3	3	24	0.25	12	0.0577915	FALSE	NA	NA	NA	NA	NA	NA
NC_045512.2	6558	C	A	5	3	26	1	1	25	0.0833333	12	0.352941	FALSE	NA	NA	NA	NA	NA	NA
NC_045512.2	6559	T	G	6	4	25	3	3	23	0.272727	11	0.0866873	FALSE	NA	NA	NA	NA	NA	NA
NC_045512.2	6559	T	A	6	4	25	2	2	24	0.181818	11	0.183007	FALSE	NA	NA	NA	NA	NA	NA
NC_045512.2	6560	T	G	4	3	26	2	2	24	0.25	8	0.192308	FALSE	NA	NA	NA	NA	NA	NA
NC_045512.2	6560	T	A	4	3	26	2	2	26	0.25	8	0.192308	FALSE	NA	NA	NA	NA	NA	NA
NC_045512.2	6561	A	T	8	6	26	1	1	28	0.0833333	12	0.45	FALSE	NA	NA	NA	NA	NA	NA
NC_045512.2	6561	A	G	8	6	26	3	3	25	0.25	12	0.107143	FALSE	NA	NA	NA	NA	NA	NA
NC_045512.2	6562	T	G	5	3	27	3	3	24	0.272727	11	0.0686275	FALSE	NA	NA	NA	NA	NA	NA
NC_045512.2	6562	T	A	5	3	27	3	3	23	0.272727	11	0.0686275	FALSE	NA	NA	NA	NA	NA	NA
NC_045512.2	6563	G	A	7	5	27	5	5	24	0.416667	12	0.0235371	FALSE	NA	NA	NA	NA	NA	NA
NC_045512.2	6564	T	G	5	3	27	2	2	25	0.166667	12	0.137255	FALSE	NA	NA	NA	NA	NA	NA
NC_045512.2	6564	T	A	5	3	27	5	5	25	0.416667	12	0.0123839	FALSE	NA	NA	NA	NA	NA	NA
NC_045512.2	6565	A	T	11	5	27	2	2	24	0.125	16	0.206349	FALSE	NA	NA	NA	NA	NA	NA
NC_045512.2	6565	A	G	11	5	27	2	2	25	0.125	16	0.206349	FALSE	NA	NA	NA	NA	NA	NA
NC_045512.2	6565	A	C	11	5	27	1	1	26	0.0625	16	0.444444	FALSE	NA	NA	NA	NA	NA	NA
NC_045512.2	6566	G	T	10	4	28	3	3	26	0.1875	16	0.0873016	FALSE	NA	NA	NA	NA	NA	NA
NC_045512.2	6566	G	A	10	4	28	3	3	27	0.1875	16	0.0873016	FALSE	NA	NA	NA	NA	NA	NA
NC_045512.2	6567	A	T	12	6	26	1	1	22	0.0625	16	0.464286	FALSE	NA	NA	NA	NA	NA	NA
NC_045512.2	6567	A	G	12	6	26	2	2	28	0.125	16	0.224138	FALSE	NA	NA	NA	NA	NA	NA
NC_045512.2	6567	A	C	12	6	26	1	1	22	0.0625	16	0.464286	FALSE	NA	NA	NA	NA	NA	NA
NC_045512.2	6568	C	T	10	4	26	4	4	27	0.25	16	0.0421456	FALSE	NA	NA	NA	NA	NA	NA
NC_045512.2	6568	C	G	10	4	26	2	2	26	0.125	16	0.188034	FALSE	NA	NA	NA	NA	NA	NA
NC_045512.2	6569	A	T	8	2	25	3	3	27	0.2	15	0.0717391	FALSE	NA	NA	NA	NA	NA	NA
NC_045512.2	6569	A	G	8	2	25	2	2	22	0.133333	15	0.163043	FALSE	NA	NA	NA	NA	NA	NA
NC_045512.2	6569	A	C	8	2	25	2	2	25	0.133333	15	0.163043	FALSE	NA	NA	NA	NA	NA	NA
NC_045512.2	6570	A	T	9	4	24	1	1	23	0.0666667	15	0.416667	FALSE	NA	NA	NA	NA	NA	NA
NC_045512.2	6570	A	G	9	4	24	4	4	26	0.266667	15	0.0407407	FALSE	NA	NA	NA	NA	NA	NA
NC_045512.2	6570	A	C	9	4	24	1	1	31	0.0666667	15	0.416667	FALSE	NA	NA	NA	NA	NA	NA
NC_045512.2	6571	T	G	11	5	25	2	2	27	0.133333	15	0.222222	FALSE	NA	NA	NA	NA	NA	NA
NC_045512.2	6571	T	C	11	5	25	1	1	23	0.0666667	15	0.461538	FALSE	NA	NA	NA	NA	NA	NA
NC_045512.2	6571	T	A	11	5	25	1	1	20	0.0666667	15	0.461538	FALSE	NA	NA	NA	NA	NA	NA
NC_045512.2	6572	T	G	8	3	24	1	1	27	0.0714286	14	0.409091	FALSE	NA	NA	NA	NA	NA	NA
NC_045512.2	6572	T	C	8	3	24	1	1	24	0.0714286	14	0.409091	FALSE	NA	NA	NA	NA	NA	NA
NC_045512.2	6572	T	A	8	3	24	4	4	26	0.285714	14	0.0391304	FALSE	NA	NA	NA	NA	NA	NA
NC_045512.2	6573	C	A	10	4	26	6	6	27	0.375	16	0.0108763	FALSE	NA	NA	NA	NA	NA	NA
NC_045512.2	6574	T	G	10	4	28	1	1	28	0.0625	16	0.423077	FALSE	NA	NA	NA	NA	NA	NA
NC_045512.2	6574	T	C	10	4	28	1	1	28	0.0625	16	0.423077	FALSE	NA	NA	NA	NA	NA	NA
NC_045512.2	6574	T	A	10	4	28	4	4	28	0.25	16	0.0421456	FALSE	NA	NA	NA	NA	NA	NA
NC_045512.2	6575	A	T	13	7	27	3	3	26	0.1875	16	0.124583	FALSE	NA	NA	NA	NA	NA	NA
NC_045512.2	6576	G	T	10	4	28	3	3	26	0.2	15	0.0977778	FALSE	NA	NA	NA	NA	NA	NA
NC_045512.2	6576	G	C	10	4	28	2	2	23	0.133333	15	0.203077	FALSE	NA	NA	NA	NA	NA	NA
NC_045512.2	6577	T	C	10	4	27	3	3	26	0.2	15	0.0977778	FALSE	NA	NA	NA	NA	NA	NA
NC_045512.2	6577	T	A	10	4	27	2	2	26	0.133333	15	0.203077	FALSE	NA	NA	NA	NA	NA	NA
NC_045512.2	6578	C	T	12	6	27	2	2	27	0.125	16	0.224138	FALSE	NA	NA	NA	NA	NA	NA
NC_045512.2	6578	C	G	12	6	27	1	1	25	0.0625	16	0.464286	FALSE	NA	NA	NA	NA	NA	NA
NC_045512.2	6578	C	A	12	6	27	1	1	23	0.0625	16	0.464286	FALSE	NA	NA	NA	NA	NA	NA
NC_045512.2	6579	T	A	11	5	26	4	4	28	0.266667	15	0.0574713	FALSE	NA	NA	NA	NA	NA	NA
NC_045512.2	6580	T	G	9	4	25	1	1	34	0.0666667	15	0.416667	FALSE	NA	NA	NA	NA	NA	NA
NC_045512.2	6580	T	C	9	4	25	2	2	21	0.133333	15	0.183333	FALSE	NA	NA	NA	NA	NA	NA
NC_045512.2	6580	T	A	9	4	25	3	3	26	0.2	15	0.0846154	FALSE	NA	NA	NA	NA	NA	NA
NC_045512.2	6581	A	G	11	5	26	1	1	27	0.0625	16	0.444444	FALSE	NA	NA	NA	NA	NA	NA
NC_045512.2	6581	A	C	11	5	26	4	4	25	0.25	16	0.0498084	FALSE	NA	NA	NA	NA	NA	NA
NC_045512.2	6582	C	T	11	5	27	1	1	27	0.0625	16	0.444444	FALSE	NA	NA	NA	NA	NA	NA
NC_045512.2	6582	C	G	11	5	27	1	1	24	0.0625	16	0.444444	FALSE	NA	NA	NA	NA	NA	NA
NC_045512.2	6582	C	A	11	5	27	3	3	27	0.1875	16	0.0996169	FALSE	NA	NA	NA	NA	NA	NA
NC_045512.2	6583	T	G	11	5	27	1	1	27	0.0625	16	0.444444	FALSE	NA	NA	NA	NA	NA	NA
NC_045512.2	6583	T	A	11	5	27	4	4	26	0.25	16	0.0498084	FALSE	NA	NA	NA	NA	NA	NA
NC_045512.2	6584	A	T	12	6	27	2	2	28	0.125	16	0.224138	FALSE	NA	NA	NA	NA	NA	NA
NC_045512.2	6584	A	G	12	6	27	1	1	23	0.0625	16	0.464286	FALSE	NA	NA	NA	NA	NA	NA
NC_045512.2	6584	A	C	12	6	27	1	1	24	0.0625	16	0.464286	FALSE	NA	NA	NA	NA	NA	NA
NC_045512.2	6585	T	G	9	3	26	1	1	25	0.0625	16	0.4	FALSE	NA	NA	NA	NA	NA	NA
NC_045512.2	6585	T	C	9	3	26	2	2	27	0.125	16	0.169231	FALSE	NA	NA	NA	NA	NA	NA
NC_045512.2	6585	T	A	9	3	26	4	4	26	0.25	16	0.0349206	FALSE	NA	NA	NA	NA	NA	NA
NC_045512.2	6586	T	C	10	4	24	3	3	27	0.1875	16	0.0873016	FALSE	NA	NA	NA	NA	NA	NA
NC_045512.2	6586	T	A	10	4	24	3	3	26	0.1875	16	0.0873016	FALSE	NA	NA	NA	NA	NA	NA
NC_045512.2	6587	A	T	11	5	26	1	1	28	0.0625	16	0.444444	FALSE	NA	NA	NA	NA	NA	NA
NC_045512.2	6587	A	G	11	5	26	4	4	26	0.25	16	0.0498084	FALSE	NA	NA	NA	NA	NA	NA
NC_045512.2	6588	A	T	10	4	24	1	1	23	0.0666667	15	0.44	FALSE	NA	NA	NA	NA	NA	NA
NC_045512.2	6588	A	G	10	4	24	2	2	27	0.133333	15	0.203077	FALSE	NA	NA	NA	NA	NA	NA
NC_045512.2	6588	A	C	10	4	24	2	2	27	0.133333	15	0.203077	FALSE	NA	NA	NA	NA	NA	NA
NC_045512.2	6589	G	T	9	3	27	3	3	25	0.1875	16	0.0752137	FALSE	NA	NA	NA	NA	NA	NA
NC_045512.2	6589	G	A	9	3	27	4	4	24	0.25	16	0.0349206	FALSE	NA	NA	NA	NA	NA	NA
NC_045512.2	6590	A	T	13	7	26	1	1	28	0.0666667	15	0.5	FALSE	NA	NA	NA	NA	NA	NA
NC_045512.2	6590	A	C	13	7	26	1	1	27	0.0666667	15	0.5	FALSE	NA	NA	NA	NA	NA	NA
NC_045512.2	6591	A	T	11	5	28	1	1	22	0.0625	16	0.444444	FALSE	NA	NA	NA	NA	NA	NA
NC_045512.2	6591	A	G	11	5	28	3	3	27	0.1875	16	0.0996169	FALSE	NA	NA	NA	NA	NA	NA
NC_045512.2	6591	A	C	11	5	28	1	1	21	0.0625	16	0.444444	FALSE	NA	NA	NA	NA	NA	NA
NC_045512.2	6592	A	T	12	6	24	1	1	28	0.0625	16	0.464286	FALSE	NA	NA	NA	NA	NA	NA
NC_045512.2	6592	A	G	12	6	24	2	2	28	0.125	16	0.224138	FALSE	NA	NA	NA	NA	NA	NA
NC_045512.2	6592	A	C	12	6	24	1	1	26	0.0625	16	0.464286	FALSE	NA	NA	NA	NA	NA	NA
NC_045512.2	6593	C	G	11	5	25	3	3	24	0.1875	16	0.0996169	FALSE	NA	NA	NA	NA	NA	NA
NC_045512.2	6593	C	A	11	5	25	2	2	23	0.125	16	0.206349	FALSE	NA	NA	NA	NA	NA	NA
NC_045512.2	6594	C	T	11	5	24	1	1	26	0.0625	16	0.444444	FALSE	NA	NA	NA	NA	NA	NA
NC_045512.2	6594	C	G	11	5	24	2	2	25	0.125	16	0.206349	FALSE	NA	NA	NA	NA	NA	NA
NC_045512.2	6594	C	A	11	5	24	2	2	22	0.125	16	0.206349	FALSE	NA	NA	NA	NA	NA	NA
NC_045512.2	6595	T	G	11	5	25	4	4	25	0.25	16	0.0498084	FALSE	NA	NA	NA	NA	NA	NA
NC_045512.2	6595	T	A	11	5	25	1	1	28	0.0625	16	0.444444	FALSE	NA	NA	NA	NA	NA	NA
NC_045512.2	6596	A	T	7	1	26	6	6	25	0.428571	14	0.00745342	TRUE	NA	NA	NA	NA	NA	NA
NC_045512.2	6596	A	G	7	1	26	1	1	28	0.0714286	14	0.380952	FALSE	NA	NA	NA	NA	NA	NA
NC_045512.2	6597	A	T	9	4	24	3	3	26	0.2	15	0.0846154	FALSE	NA	NA	NA	NA	NA	NA
NC_045512.2	6597	A	G	9	4	24	1	1	27	0.0666667	15	0.416667	FALSE	NA	NA	NA	NA	NA	NA
NC_045512.2	6597	A	C	9	4	24	2	2	25	0.133333	15	0.183333	FALSE	NA	NA	NA	NA	NA	NA
NC_045512.2	6598	T	C	13	7	24	2	2	28	0.125	16	0.241379	FALSE	NA	NA	NA	NA	NA	NA
NC_045512.2	6598	T	A	13	7	24	1	1	30	0.0625	16	0.482759	FALSE	NA	NA	NA	NA	NA	NA
NC_045512.2	6599	G	T	10	4	26	5	5	25	0.3125	16	0.0210728	FALSE	NA	NA	NA	NA	NA	NA
NC_045512.2	6599	G	A	10	4	26	1	1	22	0.0625	16	0.423077	FALSE	NA	NA	NA	NA	NA	NA
NC_045512.2	6600	A	T	9	3	25	3	3	28	0.2	15	0.0846154	FALSE	NA	NA	NA	NA	NA	NA
NC_045512.2	6600	A	G	9	3	25	3	3	24	0.2	15	0.0846154	FALSE	NA	NA	NA	NA	NA	NA
NC_045512.2	6601	A	T	10	6	24	2	2	26	0.142857	14	0.22	FALSE	NA	NA	NA	NA	NA	NA
NC_045512.2	6601	A	G	10	6	24	2	2	27	0.142857	14	0.22	FALSE	NA	NA	NA	NA	NA	NA
NC_045512.2	6602	T	G	8	2	25	5	5	24	0.333333	15	0.015942	FALSE	NA	NA	NA	NA	NA	NA
NC_045512.2	6602	T	A	8	2	25	2	2	27	0.133333	15	0.163043	FALSE	NA	NA	NA	NA	NA	NA
NC_045512.2	6603	T	G	12	6	23	3	3	26	0.2	15	0.124521	FALSE	NA	NA	NA	NA	NA	NA
NC_045512.2	6604	A	T	11	5	26	2	2	24	0.125	16	0.206349	FALSE	NA	NA	NA	NA	NA	NA
NC_045512.2	6604	A	G	11	5	26	3	3	25	0.1875	16	0.0996169	FALSE	NA	NA	NA	NA	NA	NA
NC_045512.2	6605	T	G	11	5	26	3	3	27	0.2	15	0.111111	FALSE	NA	NA	NA	NA	NA	NA
NC_045512.2	6605	T	A	11	5	26	1	1	29	0.0666667	15	0.461538	FALSE	NA	NA	NA	NA	NA	NA
NC_045512.2	6606	C	T	9	3	26	2	2	24	0.125	16	0.169231	FALSE	NA	NA	NA	NA	NA	NA
NC_045512.2	6606	C	A	9	3	26	5	5	24	0.3125	16	0.0168582	FALSE	NA	NA	NA	NA	NA	NA
NC_045512.2	6607	T	C	9	3	27	2	2	26	0.133333	15	0.183333	FALSE	NA	NA	NA	NA	NA	NA
NC_045512.2	6607	T	A	9	3	27	4	4	25	0.266667	15	0.0407407	FALSE	NA	NA	NA	NA	NA	NA
NC_045512.2	6608	A	T	13	7	24	3	3	24	0.1875	16	0.124583	FALSE	NA	NA	NA	NA	NA	NA
NC_045512.2	6609	G	T	11	5	24	3	3	23	0.1875	16	0.0996169	FALSE	NA	NA	NA	NA	NA	NA
NC_045512.2	6609	G	C	11	5	24	1	1	25	0.0625	16	0.444444	FALSE	NA	NA	NA	NA	NA	NA
NC_045512.2	6609	G	A	11	5	24	1	1	26	0.0625	16	0.444444	FALSE	NA	NA	NA	NA	NA	NA
NC_045512.2	6610	A	T	8	2	24	1	1	28	0.111111	9	0.529412	FALSE	NA	NA	NA	NA	NA	NA
NC_045512.2	6611	G	A	8	2	26	1	1	28	0.111111	9	0.529412	FALSE	NA	NA	NA	NA	NA	NA
NC_045512.2	6614	T	C	7	1	26	1	1	27	0.125	8	0.533333	FALSE	NA	NA	NA	NA	NA	NA
NC_045512.2	6616	A	T	8	2	26	1	1	28	0.111111	9	0.529412	FALSE	NA	NA	NA	NA	NA	NA
NC_045512.2	6617	G	A	8	2	25	1	1	22	0.111111	9	0.529412	FALSE	NA	NA	NA	NA	NA	NA
NC_045512.2	6618	G	A	8	3	24	1	1	29	0.111111	9	0.529412	FALSE	NA	NA	NA	NA	NA	NA
NC_045512.2	6619	T	G	7	1	26	1	1	27	0.111111	9	0.5	FALSE	NA	NA	NA	NA	NA	NA
NC_045512.2	6619	T	A	7	1	26	1	1	29	0.111111	9	0.5	FALSE	NA	NA	NA	NA	NA	NA
NC_045512.2	6620	T	C	8	2	27	2	2	24	0.2	10	0.263158	FALSE	NA	NA	NA	NA	NA	NA
NC_045512.2	6621	T	C	7	3	23	1	1	27	0.125	8	0.533333	FALSE	NA	NA	NA	NA	NA	NA
NC_045512.2	6622	G	A	9	3	26	1	1	25	0.1	10	0.526316	FALSE	NA	NA	NA	NA	NA	NA
NC_045512.2	6623	A	C	6	0	26	1	1	27	0.142857	7	0.538462	FALSE	NA	NA	NA	NA	NA	NA
NC_045512.2	6624	A	T	8	2	26	1	1	21	0.111111	9	0.529412	FALSE	NA	NA	NA	NA	NA	NA
NC_045512.2	6625	A	T	8	2	26	1	1	27	0.111111	9	0.529412	FALSE	NA	NA	NA	NA	NA	NA
NC_045512.2	6627	C	T	7	1	25	1	1	28	0.125	8	0.533333	FALSE	NA	NA	NA	NA	NA	NA
NC_045512.2	6628	C	G	8	2	28	1	1	31	0.111111	9	0.529412	FALSE	NA	NA	NA	NA	NA	NA
NC_045512.2	6629	C	T	5	2	24	1	1	27	0.166667	6	0.545455	FALSE	NA	NA	NA	NA	NA	NA
NC_045512.2	6630	T	A	8	2	27	1	1	27	0.111111	9	0.529412	FALSE	NA	NA	NA	NA	NA	NA
NC_045512.2	6631	T	G	7	2	23	1	1	27	0.125	8	0.533333	FALSE	NA	NA	NA	NA	NA	NA
NC_045512.2	6632	G	A	8	2	26	1	1	27	0.111111	9	0.529412	FALSE	NA	NA	NA	NA	NA	NA
NC_045512.2	6636	C	T	8	2	27	1	1	23	0.111111	9	0.529412	FALSE	NA	NA	NA	NA	NA	NA
NC_045512.2	6639	A	T	15	2	25	1	1	23	0.0625	16	0.516129	FALSE	NA	NA	NA	NA	NA	NA
NC_045512.2	6640	T	A	15	2	25	1	1	24	0.0625	16	0.516129	FALSE	NA	NA	NA	NA	NA	NA
NC_045512.2	6642	G	T	14	2	23	1	1	23	0.0666667	15	0.517241	FALSE	NA	NA	NA	NA	NA	NA
NC_045512.2	6643	T	C	14	2	26	1	1	23	0.0666667	15	0.517241	FALSE	NA	NA	NA	NA	NA	NA
NC_045512.2	6647	G	C	14	2	26	1	1	24	0.0666667	15	0.517241	FALSE	NA	NA	NA	NA	NA	NA
NC_045512.2	6648	C	T	14	2	26	1	1	24	0.0666667	15	0.517241	FALSE	NA	NA	NA	NA	NA	NA
NC_045512.2	6649	T	A	13	2	26	1	1	25	0.0714286	14	0.518519	FALSE	NA	NA	NA	NA	NA	NA
NC_045512.2	6650	G	T	22	2	25	1	1	20	0.0434783	23	0.511111	FALSE	NA	NA	NA	NA	NA	NA
NC_045512.2	6651	C	T	23	2	25	1	1	24	0.0416667	24	0.510638	FALSE	NA	NA	NA	NA	NA	NA
NC_045512.2	6652	T	A	23	2	25	1	1	20	0.0416667	24	0.510638	FALSE	NA	NA	NA	NA	NA	NA
NC_045512.2	6653	G	A	23	2	26	1	1	25	0.0416667	24	0.510638	FALSE	NA	NA	NA	NA	NA	NA
NC_045512.2	6654	T	G	25	2	26	1	1	25	0.037037	27	0.5	FALSE	NA	NA	NA	NA	NA	NA
NC_045512.2	6654	T	C	25	2	26	1	0	28	0.037037	27	0.5	FALSE	NA	NA	NA	NA	NA	NA
NC_045512.2	6658	T	C	26	2	26	1	1	20	0.037037	27	0.509434	FALSE	NA	NA	NA	NA	NA	NA
NC_045512.2	6659	A	C	26	2	26	1	1	26	0.037037	27	0.509434	FALSE	NA	NA	NA	NA	NA	NA
NC_045512.2	6660	G	T	26	2	27	1	1	25	0.037037	27	0.509434	FALSE	NA	NA	NA	NA	NA	NA
NC_045512.2	6661	T	A	26	2	27	1	1	20	0.037037	27	0.509434	FALSE	NA	NA	NA	NA	NA	NA
NC_045512.2	6662	G	A	26	2	27	1	1	30	0.037037	27	0.509434	FALSE	NA	NA	NA	NA	NA	NA
NC_045512.2	6664	C	G	25	2	27	1	1	24	0.0384615	26	0.509804	FALSE	NA	NA	NA	NA	NA	NA
NC_045512.2	6665	C	A	25	2	28	1	1	20	0.0384615	26	0.509804	FALSE	NA	NA	NA	NA	NA	NA
NC_045512.2	6666	C	A	18	2	22	1	1	27	0.0526316	19	0.513514	FALSE	NA	NA	NA	NA	NA	NA
NC_045512.2	6669	G	A	24	2	27	1	1	25	0.04	25	0.510204	FALSE	NA	NA	NA	NA	NA	NA
NC_045512.2	6670	G	T	24	2	28	1	1	27	0.04	25	0.510204	FALSE	NA	NA	NA	NA	NA	NA
NC_045512.2	6671	G	C	20	2	23	1	1	29	0.047619	21	0.512195	FALSE	NA	NA	NA	NA	NA	NA
NC_045512.2	6672	A	T	24	2	27	1	1	27	0.04	25	0.510204	FALSE	NA	NA	NA	NA	NA	NA
NC_045512.2	6673	T	A	24	2	26	1	1	27	0.04	25	0.510204	FALSE	NA	NA	NA	NA	NA	NA
NC_045512.2	6674	A	G	24	2	27	1	1	26	0.04	25	0.510204	FALSE	NA	NA	NA	NA	NA	NA
NC_045512.2	6675	C	A	24	2	27	1	1	26	0.04	25	0.510204	FALSE	NA	NA	NA	NA	NA	NA
NC_045512.2	6676	T	G	24	2	27	1	1	21	0.04	25	0.510204	FALSE	NA	NA	NA	NA	NA	NA
NC_045512.2	6677	A	T	24	2	28	1	1	21	0.04	25	0.510204	FALSE	NA	NA	NA	NA	NA	NA
NC_045512.2	6678	T	A	24	2	27	1	1	22	0.04	25	0.510204	FALSE	NA	NA	NA	NA	NA	NA
NC_045512.2	6679	A	T	24	2	27	1	1	22	0.04	25	0.510204	FALSE	NA	NA	NA	NA	NA	NA
NC_045512.2	6680	G	T	24	2	27	1	1	26	0.04	25	0.510204	FALSE	NA	NA	NA	NA	NA	NA
NC_045512.2	6681	C	A	24	2	27	1	1	25	0.04	25	0.510204	FALSE	NA	NA	NA	NA	NA	NA
NC_045512.2	6682	T	G	24	2	26	1	1	21	0.04	25	0.510204	FALSE	NA	NA	NA	NA	NA	NA
NC_045512.2	6682	T	-A	24	2	26	1	0	20	0.04	25	0.510204	FALSE	NA	NA	NA	NA	NA	NA
NC_045512.2	6683	A	G	22	0	27	1	1	24	0.0434783	23	0.5	FALSE	NA	NA	NA	NA	NA	NA
NC_045512.2	6687	A	G	24	2	27	1	1	26	0.04	25	0.510204	FALSE	NA	NA	NA	NA	NA	NA
NC_045512.2	6689	G	A	24	2	27	1	1	27	0.04	25	0.510204	FALSE	NA	NA	NA	NA	NA	NA
NC_045512.2	6690	C	A	24	2	27	1	1	27	0.04	25	0.510204	FALSE	NA	NA	NA	NA	NA	NA
NC_045512.2	6691	T	A	24	2	27	1	1	24	0.04	25	0.510204	FALSE	NA	NA	NA	NA	NA	NA
NC_045512.2	6693	A	C	23	2	23	1	1	24	0.0416667	24	0.510638	FALSE	NA	NA	NA	NA	NA	NA
NC_045512.2	6694	G	C	24	2	27	1	1	24	0.04	25	0.510204	FALSE	NA	NA	NA	NA	NA	NA
NC_045512.2	6696	C	T	17	2	23	3	1	27	0.15	20	0.12474	FALSE	NA	NA	NA	NA	NA	NA
NC_045512.2	6697	T	G	20	0	27	1	1	26	0.0434783	23	0.488372	FALSE	NA	NA	NA	NA	NA	NA
NC_045512.2	6697	T	C	20	0	27	2	1	25	0.0869565	23	0.244186	FALSE	NA	NA	NA	NA	NA	NA
NC_045512.2	6698	T	G	23	2	27	1	1	22	0.0384615	26	0.489796	FALSE	NA	NA	NA	NA	NA	NA
NC_045512.2	6698	T	C	23	2	27	1	1	26	0.0384615	26	0.489796	FALSE	NA	NA	NA	NA	NA	NA
NC_045512.2	6698	T	A	23	2	27	1	1	28	0.0384615	26	0.489796	FALSE	NA	NA	NA	NA	NA	NA
NC_045512.2	6699	T	C	25	4	27	1	1	22	0.0384615	26	0.509804	FALSE	NA	NA	NA	NA	NA	NA
NC_045512.2	6700	T	G	10	3	23	1	1	24	0.0833333	12	0.5	FALSE	NA	NA	NA	NA	NA	NA
NC_045512.2	6700	T	A	10	3	23	1	1	27	0.0833333	12	0.5	FALSE	NA	NA	NA	NA	NA	NA
NC_045512.2	6701	C	G	24	3	26	2	2	27	0.0769231	26	0.254902	FALSE	NA	NA	NA	NA	NA	NA
NC_045512.2	6702	T	C	26	5	26	1	0	29	0.037037	27	0.509434	FALSE	NA	NA	NA	NA	NA	NA
NC_045512.2	6703	T	C	25	4	23	1	1	23	0.0384615	26	0.509804	FALSE	NA	NA	NA	NA	NA	NA
NC_045512.2	6703	T	+A	25	4	23	1	0	20	0.0384615	26	0.509804	FALSE	NA	NA	NA	NA	NA	NA
NC_045512.2	6704	A	T	23	3	27	2	1	28	0.08	25	0.255102	FALSE	NA	NA	NA	NA	NA	NA
NC_045512.2	6705	A	T	23	4	24	1	1	27	0.0416667	24	0.510638	FALSE	NA	NA	NA	NA	NA	NA
NC_045512.2	6706	C	T	21	1	26	1	1	26	0.04	25	0.478261	FALSE	NA	NA	NA	NA	NA	NA
NC_045512.2	6706	C	G	21	1	26	2	2	24	0.08	25	0.234043	FALSE	NA	NA	NA	NA	NA	NA
NC_045512.2	6706	C	A	21	1	26	1	0	22	0.04	25	0.478261	FALSE	NA	NA	NA	NA	NA	NA
NC_045512.2	6707	A	G	22	2	27	1	1	27	0.04	25	0.489362	FALSE	NA	NA	NA	NA	NA	NA
NC_045512.2	6707	A	C	22	2	27	2	1	25	0.08	25	0.244681	FALSE	NA	NA	NA	NA	NA	NA
NC_045512.2	6708	A	T	22	1	28	1	1	28	0.0416667	24	0.5	FALSE	NA	NA	NA	NA	NA	NA
NC_045512.2	6708	A	G	22	1	28	1	1	25	0.0416667	24	0.5	FALSE	NA	NA	NA	NA	NA	NA
NC_045512.2	6709	A	T	16	1	22	2	2	27	0.105263	19	0.242857	FALSE	NA	NA	NA	NA	NA	NA
NC_045512.2	6709	A	G	16	1	22	1	1	29	0.0526316	19	0.485714	FALSE	NA	NA	NA	NA	NA	NA
NC_045512.2	6710	G	T	23	2	26	1	1	29	0.04	25	0.5	FALSE	NA	NA	NA	NA	NA	NA
NC_045512.2	6710	G	C	23	2	26	1	1	29	0.04	25	0.5	FALSE	NA	NA	NA	NA	NA	NA
NC_045512.2	6711	T	A	24	3	27	1	1	27	0.04	25	0.510204	FALSE	NA	NA	NA	NA	NA	NA
NC_045512.2	6712	T	G	22	1	23	3	3	26	0.115385	26	0.117347	FALSE	NA	NA	NA	NA	NA	NA
NC_045512.2	6712	T	C	22	1	23	1	1	20	0.0384615	26	0.479167	FALSE	NA	NA	NA	NA	NA	NA
NC_045512.2	6713	G	T	23	2	27	1	1	22	0.037037	27	0.48	FALSE	NA	NA	NA	NA	NA	NA
NC_045512.2	6713	G	C	23	2	27	3	3	26	0.111111	27	0.117647	FALSE	NA	NA	NA	NA	NA	NA
NC_045512.2	6714	T	C	25	4	27	2	2	24	0.0740741	27	0.254717	FALSE	NA	NA	NA	NA	NA	NA
NC_045512.2	6715	T	G	23	3	23	2	2	27	0.0769231	26	0.244898	FALSE	NA	NA	NA	NA	NA	NA
NC_045512.2	6715	T	A	23	3	23	1	1	22	0.0384615	26	0.489796	FALSE	NA	NA	NA	NA	NA	NA
NC_045512.2	6716	A	T	22	2	28	2	2	23	0.0740741	27	0.225306	FALSE	NA	NA	NA	NA	NA	NA
NC_045512.2	6716	A	G	22	2	28	2	1	27	0.0740741	27	0.225306	FALSE	NA	NA	NA	NA	NA	NA
NC_045512.2	6716	A	C	22	2	28	1	1	27	0.037037	27	0.469388	FALSE	NA	NA	NA	NA	NA	NA
NC_045512.2	6717	G	T	22	1	27	3	3	25	0.115385	26	0.117347	FALSE	NA	NA	NA	NA	NA	NA
NC_045512.2	6717	G	C	22	1	27	1	1	26	0.0384615	26	0.479167	FALSE	NA	NA	NA	NA	NA	NA
NC_045512.2	6718	T	G	23	2	27	2	2	31	0.0714286	28	0.226244	FALSE	NA	NA	NA	NA	NA	NA
NC_045512.2	6718	T	C	23	2	27	1	1	27	0.0357143	28	0.470588	FALSE	NA	NA	NA	NA	NA	NA
NC_045512.2	6718	T	A	23	2	27	2	2	23	0.0714286	28	0.226244	FALSE	NA	NA	NA	NA	NA	NA
NC_045512.2	6719	A	T	25	4	27	1	1	24	0.0357143	28	0.490566	FALSE	NA	NA	NA	NA	NA	NA
NC_045512.2	6719	A	G	25	4	27	2	2	27	0.0714286	28	0.245283	FALSE	NA	NA	NA	NA	NA	NA
NC_045512.2	6720	C	T	22	1	27	4	4	25	0.142857	28	0.0510544	FALSE	NA	NA	NA	NA	NA	NA
NC_045512.2	6720	C	A	22	1	27	2	2	28	0.0714286	28	0.216471	FALSE	NA	NA	NA	NA	NA	NA
NC_045512.2	6721	A	T	24	3	27	2	2	26	0.0714286	28	0.235849	FALSE	NA	NA	NA	NA	NA	NA
NC_045512.2	6721	A	G	24	3	27	2	2	24	0.0714286	28	0.235849	FALSE	NA	NA	NA	NA	NA	NA
NC_045512.2	6722	A	T	25	4	23	1	1	26	0.0357143	28	0.490566	FALSE	NA	NA	NA	NA	NA	NA
NC_045512.2	6722	A	G	25	4	23	2	2	27	0.0714286	28	0.245283	FALSE	NA	NA	NA	NA	NA	NA
NC_045512.2	6723	C	T	24	3	27	3	3	25	0.107143	28	0.117925	FALSE	NA	NA	NA	NA	NA	NA
NC_045512.2	6723	C	G	24	3	27	1	1	23	0.0357143	28	0.480769	FALSE	NA	NA	NA	NA	NA	NA
NC_045512.2	6724	T	G	25	4	26	1	1	29	0.0357143	28	0.490566	FALSE	NA	NA	NA	NA	NA	NA
NC_045512.2	6724	T	C	25	4	26	1	1	31	0.0357143	28	0.490566	FALSE	NA	NA	NA	NA	NA	NA
NC_045512.2	6724	T	A	25	4	26	1	1	27	0.0357143	28	0.490566	FALSE	NA	NA	NA	NA	NA	NA
NC_045512.2	6725	A	T	23	2	26	2	2	24	0.0714286	28	0.226244	FALSE	NA	NA	NA	NA	NA	NA
NC_045512.2	6725	A	G	23	2	26	2	2	24	0.0714286	28	0.226244	FALSE	NA	NA	NA	NA	NA	NA
NC_045512.2	6725	A	C	23	2	26	1	1	28	0.0357143	28	0.470588	FALSE	NA	NA	NA	NA	NA	NA
NC_045512.2	6726	C	T	23	2	26	4	4	25	0.142857	28	0.0554939	FALSE	NA	NA	NA	NA	NA	NA
NC_045512.2	6726	C	A	23	2	26	1	1	21	0.0357143	28	0.470588	FALSE	NA	NA	NA	NA	NA	NA
NC_045512.2	6727	T	G	23	2	27	2	2	23	0.0740741	27	0.235294	FALSE	NA	NA	NA	NA	NA	NA
NC_045512.2	6727	T	C	23	2	27	1	1	26	0.037037	27	0.48	FALSE	NA	NA	NA	NA	NA	NA
NC_045512.2	6727	T	A	23	2	27	1	1	26	0.037037	27	0.48	FALSE	NA	NA	NA	NA	NA	NA
NC_045512.2	6728	A	T	22	1	27	1	1	23	0.0357143	28	0.46	FALSE	NA	NA	NA	NA	NA	NA
NC_045512.2	6728	A	G	22	1	27	2	2	24	0.0714286	28	0.216471	FALSE	NA	NA	NA	NA	NA	NA
NC_045512.2	6728	A	C	22	1	27	3	3	27	0.107143	28	0.104072	FALSE	NA	NA	NA	NA	NA	NA
NC_045512.2	6729	A	T	22	1	23	2	2	25	0.0740741	27	0.225306	FALSE	NA	NA	NA	NA	NA	NA
NC_045512.2	6729	A	G	22	1	23	1	1	29	0.037037	27	0.469388	FALSE	NA	NA	NA	NA	NA	NA
NC_045512.2	6729	A	C	22	1	23	2	2	26	0.0740741	27	0.225306	FALSE	NA	NA	NA	NA	NA	NA
NC_045512.2	6730	C	T	22	1	26	3	3	25	0.111111	27	0.110444	FALSE	NA	NA	NA	NA	NA	NA
NC_045512.2	6730	C	G	22	1	26	2	2	27	0.0740741	27	0.225306	FALSE	NA	NA	NA	NA	NA	NA
NC_045512.2	6730	C	-A	22	1	26	1	0	20	0.037037	27	0.469388	FALSE	NA	NA	NA	NA	NA	NA
NC_045512.2	6731	A	T	22	2	26	1	1	29	0.04	25	0.479167	FALSE	NA	NA	NA	NA	NA	NA
NC_045512.2	6731	A	G	22	2	26	1	1	21	0.04	25	0.479167	FALSE	NA	NA	NA	NA	NA	NA
NC_045512.2	6731	A	C	22	2	26	1	1	26	0.04	25	0.479167	FALSE	NA	NA	NA	NA	NA	NA
NC_045512.2	6732	T	G	23	3	26	2	2	24	0.0769231	26	0.244898	FALSE	NA	NA	NA	NA	NA	NA
NC_045512.2	6732	T	A	23	3	26	1	1	24	0.0384615	26	0.489796	FALSE	NA	NA	NA	NA	NA	NA
NC_045512.2	6733	A	G	22	2	27	4	4	27	0.153846	26	0.0598239	FALSE	NA	NA	NA	NA	NA	NA
NC_045512.2	6734	G	T	21	2	27	2	2	25	0.0769231	26	0.224291	FALSE	NA	NA	NA	NA	NA	NA
NC_045512.2	6734	G	C	21	2	27	2	2	27	0.0769231	26	0.224291	FALSE	NA	NA	NA	NA	NA	NA
NC_045512.2	6734	G	A	21	2	27	1	1	29	0.0384615	26	0.468085	FALSE	NA	NA	NA	NA	NA	NA
NC_045512.2	6735	T	A	24	5	27	2	2	27	0.0769231	26	0.254902	FALSE	NA	NA	NA	NA	NA	NA
NC_045512.2	6736	T	G	21	3	24	1	1	27	0.04	25	0.478261	FALSE	NA	NA	NA	NA	NA	NA
NC_045512.2	6736	T	A	21	3	24	3	3	25	0.12	25	0.117021	FALSE	NA	NA	NA	NA	NA	NA
NC_045512.2	6737	A	T	21	3	27	2	2	25	0.0769231	26	0.224291	FALSE	NA	NA	NA	NA	NA	NA
NC_045512.2	6737	A	G	21	3	27	2	1	28	0.0769231	26	0.224291	FALSE	NA	NA	NA	NA	NA	NA
NC_045512.2	6737	A	C	21	3	27	1	1	26	0.0384615	26	0.468085	FALSE	NA	NA	NA	NA	NA	NA
NC_045512.2	6738	C	T	22	3	27	3	3	24	0.115385	26	0.117347	FALSE	NA	NA	NA	NA	NA	NA
NC_045512.2	6738	C	A	22	3	27	1	1	28	0.0384615	26	0.479167	FALSE	NA	NA	NA	NA	NA	NA
NC_045512.2	6739	A	T	23	4	27	2	2	27	0.0769231	26	0.244898	FALSE	NA	NA	NA	NA	NA	NA
NC_045512.2	6739	A	G	23	4	27	1	1	28	0.0384615	26	0.489796	FALSE	NA	NA	NA	NA	NA	NA
NC_045512.2	6740	C	T	21	2	27	1	1	24	0.0384615	26	0.468085	FALSE	NA	NA	NA	NA	NA	NA
NC_045512.2	6740	C	G	21	2	27	1	1	22	0.0384615	26	0.468085	FALSE	NA	NA	NA	NA	NA	NA
NC_045512.2	6740	C	A	21	2	27	3	3	25	0.115385	26	0.109857	FALSE	NA	NA	NA	NA	NA	NA
NC_045512.2	6741	G	T	19	1	27	4	4	26	0.16	25	0.0496454	FALSE	NA	NA	NA	NA	NA	NA
NC_045512.2	6741	G	A	19	1	27	2	2	24	0.08	25	0.212121	FALSE	NA	NA	NA	NA	NA	NA
NC_045512.2	6742	G	A	19	4	23	3	3	23	0.136364	22	0.124787	FALSE	NA	NA	NA	NA	NA	NA
NC_045512.2	6743	T	G	19	2	26	2	2	24	0.08	25	0.212121	FALSE	NA	NA	NA	NA	NA	NA
NC_045512.2	6743	T	C	19	2	26	3	2	24	0.12	25	0.101449	FALSE	NA	NA	NA	NA	NA	NA
NC_045512.2	6743	T	A	19	2	26	1	1	29	0.04	25	0.454545	FALSE	NA	NA	NA	NA	NA	NA
NC_045512.2	6744	G	T	18	1	26	3	3	23	0.130435	23	0.107771	FALSE	NA	NA	NA	NA	NA	NA
NC_045512.2	6744	G	C	18	1	26	2	2	26	0.0869565	23	0.220674	FALSE	NA	NA	NA	NA	NA	NA
NC_045512.2	6744	G	-T	18	1	26	1	0	20	0.0434783	23	0.463415	FALSE	NA	NA	NA	NA	NA	NA
NC_045512.2	6745	T	G	19	2	27	1	1	28	0.047619	21	0.487805	FALSE	NA	NA	NA	NA	NA	NA
NC_045512.2	6745	T	C	19	2	27	1	1	23	0.047619	21	0.487805	FALSE	NA	NA	NA	NA	NA	NA
NC_045512.2	6745	T	-T	19	2	27	1	0	20	0.0454545	22	0.487805	FALSE	NA	NA	NA	NA	NA	NA
NC_045512.2	6746	T	G	20	3	28	1	1	28	0.0416667	24	0.466667	FALSE	NA	NA	NA	NA	NA	NA
NC_045512.2	6746	T	C	20	3	28	1	1	25	0.0416667	24	0.466667	FALSE	NA	NA	NA	NA	NA	NA
NC_045512.2	6746	T	A	20	3	28	2	2	25	0.0833333	24	0.223188	FALSE	NA	NA	NA	NA	NA	NA
NC_045512.2	6747	T	C	18	3	22	2	2	24	0.0952381	21	0.24359	FALSE	NA	NA	NA	NA	NA	NA
NC_045512.2	6747	T	A	18	3	22	1	1	23	0.047619	21	0.487179	FALSE	NA	NA	NA	NA	NA	NA
NC_045512.2	6748	A	T	17	0	27	4	4	26	0.173913	23	0.0484969	FALSE	NA	NA	NA	NA	NA	NA
NC_045512.2	6748	A	G	17	0	27	1	1	28	0.0434783	23	0.45	FALSE	NA	NA	NA	NA	NA	NA
NC_045512.2	6748	A	C	17	0	27	1	1	30	0.0434783	23	0.45	FALSE	NA	NA	NA	NA	NA	NA
NC_045512.2	6749	A	T	18	1	28	1	1	23	0.0416667	24	0.452381	FALSE	NA	NA	NA	NA	NA	NA
NC_045512.2	6749	A	G	18	1	28	2	2	27	0.0833333	24	0.21041	FALSE	NA	NA	NA	NA	NA	NA
NC_045512.2	6749	A	C	18	1	28	3	3	27	0.125	24	0.100423	FALSE	NA	NA	NA	NA	NA	NA
NC_045512.2	6750	A	T	15	1	22	5	5	24	0.217391	23	0.0182257	FALSE	NA	NA	NA	NA	NA	NA
NC_045512.2	6750	A	G	15	1	22	2	2	27	0.0869565	23	0.183536	FALSE	NA	NA	NA	NA	NA	NA
NC_045512.2	6750	A	C	15	1	22	1	1	22	0.0434783	23	0.421053	FALSE	NA	NA	NA	NA	NA	NA
NC_045512.2	6751	C	T	19	2	27	4	4	26	0.153846	26	0.0455083	FALSE	NA	NA	NA	NA	NA	NA
NC_045512.2	6751	C	G	19	2	27	2	2	26	0.0769231	26	0.202899	FALSE	NA	NA	NA	NA	NA	NA
NC_045512.2	6751	C	A	19	2	27	1	1	24	0.0384615	26	0.444444	FALSE	NA	NA	NA	NA	NA	NA
NC_045512.2	6752	C	T	17	1	22	1	1	25	0.0416667	24	0.439024	FALSE	NA	NA	NA	NA	NA	NA
NC_045512.2	6752	C	G	17	1	22	2	2	26	0.0833333	24	0.198606	FALSE	NA	NA	NA	NA	NA	NA
NC_045512.2	6752	C	A	17	1	22	4	4	24	0.166667	24	0.0440881	FALSE	NA	NA	NA	NA	NA	NA
NC_045512.2	6753	G	T	20	3	27	3	3	25	0.115385	26	0.102394	FALSE	NA	NA	NA	NA	NA	NA
NC_045512.2	6753	G	C	20	3	27	1	1	30	0.0384615	26	0.456522	FALSE	NA	NA	NA	NA	NA	NA
NC_045512.2	6753	G	A	20	3	27	2	2	27	0.0769231	26	0.213691	FALSE	NA	NA	NA	NA	NA	NA
NC_045512.2	6754	T	G	21	4	26	1	1	25	0.0384615	26	0.468085	FALSE	NA	NA	NA	NA	NA	NA
NC_045512.2	6754	T	C	21	4	26	2	2	25	0.0769231	26	0.224291	FALSE	NA	NA	NA	NA	NA	NA
NC_045512.2	6754	T	A	21	4	26	2	2	23	0.0769231	26	0.224291	FALSE	NA	NA	NA	NA	NA	NA
NC_045512.2	6755	G	T	17	0	26	1	1	23	0.04	25	0.428571	FALSE	NA	NA	NA	NA	NA	NA
NC_045512.2	6755	G	C	17	0	26	2	2	27	0.08	25	0.189369	FALSE	NA	NA	NA	NA	NA	NA
NC_045512.2	6755	G	A	17	0	26	5	5	23	0.2	25	0.0192113	FALSE	NA	NA	NA	NA	NA	NA
NC_045512.2	6755	G	+T	17	0	26	1	0	20	0.04	25	0.428571	FALSE	NA	NA	NA	NA	NA	NA
NC_045512.2	6756	T	G	20	3	27	2	2	26	0.08	25	0.223188	FALSE	NA	NA	NA	NA	NA	NA
NC_045512.2	6756	T	A	20	3	27	3	3	24	0.12	25	0.10922	FALSE	NA	NA	NA	NA	NA	NA
NC_045512.2	6757	T	G	20	3	27	1	1	23	0.0384615	26	0.456522	FALSE	NA	NA	NA	NA	NA	NA
NC_045512.2	6757	T	C	20	3	27	1	1	22	0.0384615	26	0.456522	FALSE	NA	NA	NA	NA	NA	NA
NC_045512.2	6757	T	A	20	3	27	4	4	23	0.153846	26	0.050152	FALSE	NA	NA	NA	NA	NA	NA
NC_045512.2	6758	T	G	14	3	23	2	2	24	0.105263	19	0.213904	FALSE	NA	NA	NA	NA	NA	NA
NC_045512.2	6758	T	C	14	3	23	2	2	24	0.105263	19	0.213904	FALSE	NA	NA	NA	NA	NA	NA
NC_045512.2	6758	T	A	14	3	23	1	1	25	0.0526316	19	0.454545	FALSE	NA	NA	NA	NA	NA	NA
NC_045512.2	6759	G	T	18	1	26	3	3	27	0.125	24	0.100423	FALSE	NA	NA	NA	NA	NA	NA
NC_045512.2	6759	G	C	18	1	26	1	1	27	0.0416667	24	0.452381	FALSE	NA	NA	NA	NA	NA	NA
NC_045512.2	6759	G	A	18	1	26	2	2	22	0.0833333	24	0.21041	FALSE	NA	NA	NA	NA	NA	NA
NC_045512.2	6760	T	G	20	3	26	2	2	23	0.08	25	0.223188	FALSE	NA	NA	NA	NA	NA	NA
NC_045512.2	6760	T	C	20	3	26	2	2	24	0.08	25	0.223188	FALSE	NA	NA	NA	NA	NA	NA
NC_045512.2	6760	T	A	20	3	26	1	1	25	0.04	25	0.466667	FALSE	NA	NA	NA	NA	NA	NA
NC_045512.2	6761	A	T	17	0	27	5	5	26	0.192308	26	0.0171676	FALSE	NA	NA	NA	NA	NA	NA
NC_045512.2	6761	A	G	17	0	27	2	2	24	0.0769231	26	0.180761	FALSE	NA	NA	NA	NA	NA	NA
NC_045512.2	6761	A	C	17	0	27	2	2	26	0.0769231	26	0.180761	FALSE	NA	NA	NA	NA	NA	NA
NC_045512.2	6762	C	T	18	1	27	6	6	27	0.230769	26	0.00962513	TRUE	NA	NA	NA	NA	NA	NA
NC_045512.2	6762	C	G	18	1	27	1	1	27	0.0384615	26	0.431818	FALSE	NA	NA	NA	NA	NA	NA
NC_045512.2	6762	C	A	18	1	27	1	1	25	0.0384615	26	0.431818	FALSE	NA	NA	NA	NA	NA	NA
NC_045512.2	6762	C	-T	18	1	27	1	0	20	0.0384615	26	0.431818	FALSE	NA	NA	NA	NA	NA	NA
NC_045512.2	6763	T	G	21	4	27	1	1	25	0.04	25	0.468085	FALSE	NA	NA	NA	NA	NA	NA
NC_045512.2	6763	T	C	21	4	27	2	2	23	0.08	25	0.224291	FALSE	NA	NA	NA	NA	NA	NA
NC_045512.2	6763	T	A	21	4	27	1	1	26	0.04	25	0.468085	FALSE	NA	NA	NA	NA	NA	NA
NC_045512.2	6764	A	T	19	3	26	2	2	23	0.08	25	0.212121	FALSE	NA	NA	NA	NA	NA	NA
NC_045512.2	6764	A	C	19	3	26	4	4	25	0.16	25	0.0496454	FALSE	NA	NA	NA	NA	NA	NA
NC_045512.2	6765	A	T	11	0	22	4	4	24	0.210526	19	0.0333578	FALSE	NA	NA	NA	NA	NA	NA
NC_045512.2	6765	A	G	11	0	22	1	1	28	0.0526316	19	0.4	FALSE	NA	NA	NA	NA	NA	NA
NC_045512.2	6765	A	C	11	0	22	3	3	27	0.157895	19	0.0733871	FALSE	NA	NA	NA	NA	NA	NA
NC_045512.2	6765	A	-T	11	0	22	1	0	20	0.0526316	19	0.4	FALSE	NA	NA	NA	NA	NA	NA
NC_045512.2	6766	T	G	19	4	26	1	1	28	0.0416667	24	0.454545	FALSE	NA	NA	NA	NA	NA	NA
NC_045512.2	6766	T	C	19	4	26	2	1	27	0.0833333	24	0.212121	FALSE	NA	NA	NA	NA	NA	NA
NC_045512.2	6766	T	A	19	4	26	2	2	21	0.0833333	24	0.212121	FALSE	NA	NA	NA	NA	NA	NA
NC_045512.2	6767	T	G	16	2	23	1	1	27	0.0434783	23	0.435897	FALSE	NA	NA	NA	NA	NA	NA
NC_045512.2	6767	T	A	16	2	23	6	6	25	0.26087	23	0.0105698	FALSE	NA	NA	NA	NA	NA	NA
NC_045512.2	6768	A	T	19	3	26	2	2	28	0.0869565	23	0.232558	FALSE	NA	NA	NA	NA	NA	NA
NC_045512.2	6768	A	C	19	3	26	2	2	27	0.0869565	23	0.232558	FALSE	NA	NA	NA	NA	NA	NA
NC_045512.2	6769	T	G	17	2	27	4	4	25	0.166667	24	0.0440881	FALSE	NA	NA	NA	NA	NA	NA
NC_045512.2	6769	T	C	17	2	27	1	1	26	0.0416667	24	0.439024	FALSE	NA	NA	NA	NA	NA	NA
NC_045512.2	6769	T	A	17	2	27	2	2	22	0.0833333	24	0.198606	FALSE	NA	NA	NA	NA	NA	NA
NC_045512.2	6770	A	T	19	4	27	1	1	24	0.0434783	23	0.47619	FALSE	NA	NA	NA	NA	NA	NA
NC_045512.2	6770	A	G	19	4	27	2	2	28	0.0869565	23	0.232558	FALSE	NA	NA	NA	NA	NA	NA
NC_045512.2	6770	A	C	19	4	27	1	1	27	0.0434783	23	0.47619	FALSE	NA	NA	NA	NA	NA	NA
NC_045512.2	6771	T	G	17	3	27	1	1	31	0.0416667	24	0.439024	FALSE	NA	NA	NA	NA	NA	NA
NC_045512.2	6771	T	C	17	3	27	3	2	27	0.125	24	0.092375	FALSE	NA	NA	NA	NA	NA	NA
NC_045512.2	6771	T	A	17	3	27	3	3	25	0.125	24	0.092375	FALSE	NA	NA	NA	NA	NA	NA
NC_045512.2	6772	G	T	18	3	26	3	3	27	0.125	24	0.100423	FALSE	NA	NA	NA	NA	NA	NA
NC_045512.2	6772	G	A	18	3	26	3	3	23	0.125	24	0.100423	FALSE	NA	NA	NA	NA	NA	NA
NC_045512.2	6773	C	T	16	1	27	2	2	26	0.0869565	23	0.196154	FALSE	NA	NA	NA	NA	NA	NA
NC_045512.2	6773	C	G	16	1	27	1	1	24	0.0434783	23	0.435897	FALSE	NA	NA	NA	NA	NA	NA
NC_045512.2	6773	C	A	16	1	27	4	4	26	0.173913	23	0.043286	FALSE	NA	NA	NA	NA	NA	NA
NC_045512.2	6774	C	T	13	2	23	4	4	29	0.210526	19	0.0454545	FALSE	NA	NA	NA	NA	NA	NA
NC_045512.2	6774	C	G	13	2	23	1	1	27	0.0526316	19	0.4375	FALSE	NA	NA	NA	NA	NA	NA
NC_045512.2	6774	C	A	13	2	23	1	1	27	0.0526316	19	0.4375	FALSE	NA	NA	NA	NA	NA	NA
NC_045512.2	6775	T	G	18	3	27	1	1	27	0.0416667	24	0.452381	FALSE	NA	NA	NA	NA	NA	NA
NC_045512.2	6775	T	C	18	3	27	2	2	25	0.0833333	24	0.21041	FALSE	NA	NA	NA	NA	NA	NA
NC_045512.2	6775	T	A	18	3	27	3	3	26	0.125	24	0.100423	FALSE	NA	NA	NA	NA	NA	NA
NC_045512.2	6776	T	G	14	2	23	3	3	27	0.142857	21	0.0875161	FALSE	NA	NA	NA	NA	NA	NA
NC_045512.2	6776	T	C	14	2	23	1	1	27	0.047619	21	0.428571	FALSE	NA	NA	NA	NA	NA	NA
NC_045512.2	6776	T	A	14	2	23	3	3	27	0.142857	21	0.0875161	FALSE	NA	NA	NA	NA	NA	NA
NC_045512.2	6777	A	T	17	2	27	4	4	25	0.173913	23	0.0484969	FALSE	NA	NA	NA	NA	NA	NA
NC_045512.2	6777	A	G	17	2	27	1	1	27	0.0434783	23	0.45	FALSE	NA	NA	NA	NA	NA	NA
NC_045512.2	6777	A	C	17	2	27	1	1	26	0.0434783	23	0.45	FALSE	NA	NA	NA	NA	NA	NA
NC_045512.2	6778	T	C	19	4	27	2	2	26	0.0833333	24	0.221987	FALSE	NA	NA	NA	NA	NA	NA
NC_045512.2	6778	T	A	19	4	27	3	3	26	0.125	24	0.108527	FALSE	NA	NA	NA	NA	NA	NA
NC_045512.2	6778	T	-T	19	4	27	1	0	20	0.0416667	24	0.465116	FALSE	NA	NA	NA	NA	NA	NA
NC_045512.2	6779	T	G	16	1	28	2	2	25	0.0869565	23	0.186585	FALSE	NA	NA	NA	NA	NA	NA
NC_045512.2	6779	T	C	16	1	28	2	2	26	0.0869565	23	0.186585	FALSE	NA	NA	NA	NA	NA	NA
NC_045512.2	6779	T	A	16	1	28	3	3	27	0.130435	23	0.0844077	FALSE	NA	NA	NA	NA	NA	NA
NC_045512.2	6780	T	G	15	4	22	2	2	24	0.105263	19	0.228571	FALSE	NA	NA	NA	NA	NA	NA
NC_045512.2	6780	T	C	15	4	22	1	1	23	0.0526316	19	0.470588	FALSE	NA	NA	NA	NA	NA	NA
NC_045512.2	6780	T	A	15	4	22	1	1	26	0.0526316	19	0.470588	FALSE	NA	NA	NA	NA	NA	NA
NC_045512.2	6781	C	T	17	2	26	4	4	26	0.166667	24	0.0440881	FALSE	NA	NA	NA	NA	NA	NA
NC_045512.2	6781	C	A	17	2	26	3	3	26	0.125	24	0.092375	FALSE	NA	NA	NA	NA	NA	NA
NC_045512.2	6782	T	G	19	4	26	1	1	27	0.0416667	24	0.465116	FALSE	NA	NA	NA	NA	NA	NA
NC_045512.2	6782	T	C	19	4	26	2	2	25	0.0833333	24	0.221987	FALSE	NA	NA	NA	NA	NA	NA
NC_045512.2	6782	T	A	19	4	26	2	2	25	0.0833333	24	0.221987	FALSE	NA	NA	NA	NA	NA	NA
NC_045512.2	6782	T	-T	19	4	26	1	0	20	0.0416667	24	0.465116	FALSE	NA	NA	NA	NA	NA	NA
NC_045512.2	6783	T	C	20	5	27	1	1	24	0.0434783	23	0.477273	FALSE	NA	NA	NA	NA	NA	NA
NC_045512.2	6783	T	A	20	5	27	2	2	29	0.0869565	23	0.233333	FALSE	NA	NA	NA	NA	NA	NA
NC_045512.2	6784	T	C	14	3	23	1	1	28	0.0526316	19	0.454545	FALSE	NA	NA	NA	NA	NA	NA
NC_045512.2	6784	T	A	14	3	23	4	4	26	0.210526	19	0.0519481	FALSE	NA	NA	NA	NA	NA	NA
NC_045512.2	6785	A	T	19	4	27	2	2	23	0.0833333	24	0.221987	FALSE	NA	NA	NA	NA	NA	NA
NC_045512.2	6785	A	G	19	4	27	1	1	27	0.0416667	24	0.465116	FALSE	NA	NA	NA	NA	NA	NA
NC_045512.2	6785	A	C	19	4	27	2	2	30	0.0833333	24	0.221987	FALSE	NA	NA	NA	NA	NA	NA
NC_045512.2	6786	C	T	18	4	26	5	5	28	0.217391	23	0.0275414	FALSE	NA	NA	NA	NA	NA	NA
NC_045512.2	6787	T	G	16	2	26	1	1	31	0.0434783	23	0.435897	FALSE	NA	NA	NA	NA	NA	NA
NC_045512.2	6787	T	A	16	2	26	6	6	25	0.26087	23	0.0105698	FALSE	NA	NA	NA	NA	NA	NA
NC_045512.2	6788	T	C	22	1	27	3	3	26	0.1	30	0.092727	FALSE	NA	NA	NA	NA	NA	NA
NC_045512.2	6788	T	A	22	1	27	5	5	27	0.166667	30	0.0211345	FALSE	NA	NA	NA	NA	NA	NA
NC_045512.2	6789	T	G	17	2	22	1	1	26	0.0434783	23	0.45	FALSE	NA	NA	NA	NA	NA	NA
NC_045512.2	6789	T	C	17	2	22	3	3	28	0.130435	23	0.0993031	FALSE	NA	NA	NA	NA	NA	NA
NC_045512.2	6789	T	A	17	2	22	2	2	27	0.0869565	23	0.208537	FALSE	NA	NA	NA	NA	NA	NA
NC_045512.2	6790	A	T	25	4	26	1	1	27	0.0333333	30	0.472727	FALSE	NA	NA	NA	NA	NA	NA
NC_045512.2	6790	A	G	25	4	26	3	3	27	0.1	30	0.111962	FALSE	NA	NA	NA	NA	NA	NA
NC_045512.2	6790	A	C	25	4	26	1	1	26	0.0333333	30	0.472727	FALSE	NA	NA	NA	NA	NA	NA
NC_045512.2	6791	T	C	25	4	27	1	1	22	0.0333333	30	0.472727	FALSE	NA	NA	NA	NA	NA	NA
NC_045512.2	6791	T	A	25	4	27	4	4	28	0.133333	30	0.0559809	FALSE	NA	NA	NA	NA	NA	NA
NC_045512.2	6792	T	G	18	1	22	2	2	26	0.0769231	26	0.191919	FALSE	NA	NA	NA	NA	NA	NA
NC_045512.2	6792	T	C	18	1	22	2	2	27	0.0769231	26	0.191919	FALSE	NA	NA	NA	NA	NA	NA
NC_045512.2	6792	T	A	18	1	22	4	4	26	0.153846	26	0.0410114	FALSE	NA	NA	NA	NA	NA	NA
NC_045512.2	6793	G	C	23	3	26	2	2	25	0.0740741	27	0.235294	FALSE	NA	NA	NA	NA	NA	NA
NC_045512.2	6793	G	A	23	3	26	2	2	29	0.0740741	27	0.235294	FALSE	NA	NA	NA	NA	NA	NA
NC_045512.2	6794	C	T	20	1	27	7	6	25	0.241379	29	0.00437609	TRUE	NA	NA	NA	NA	NA	NA
NC_045512.2	6794	C	G	20	1	27	1	1	25	0.0344828	29	0.428571	FALSE	NA	NA	NA	NA	NA	NA
NC_045512.2	6794	C	A	20	1	27	1	1	28	0.0344828	29	0.428571	FALSE	NA	NA	NA	NA	NA	NA
NC_045512.2	6795	T	C	26	6	27	1	1	20	0.0357143	28	0.5	FALSE	NA	NA	NA	NA	NA	NA
NC_045512.2	6795	T	A	26	6	27	1	1	28	0.0357143	28	0.5	FALSE	NA	NA	NA	NA	NA	NA
NC_045512.2	6796	A	T	24	4	27	2	2	27	0.0689655	29	0.227114	FALSE	NA	NA	NA	NA	NA	NA
NC_045512.2	6796	A	G	24	4	27	2	2	27	0.0689655	29	0.227114	FALSE	NA	NA	NA	NA	NA	NA
NC_045512.2	6796	A	C	24	4	27	1	1	23	0.0344828	29	0.471698	FALSE	NA	NA	NA	NA	NA	NA
NC_045512.2	6796	A	-C	24	4	27	1	0	20	0.0344828	29	0.471698	FALSE	NA	NA	NA	NA	NA	NA
NC_045512.2	6797	C	T	21	2	27	3	3	24	0.111111	27	0.103265	FALSE	NA	NA	NA	NA	NA	NA
NC_045512.2	6797	C	G	21	2	27	2	2	27	0.0740741	27	0.215136	FALSE	NA	NA	NA	NA	NA	NA
NC_045512.2	6797	C	A	21	2	27	1	1	27	0.037037	27	0.458333	FALSE	NA	NA	NA	NA	NA	NA
NC_045512.2	6798	A	T	21	2	27	6	6	24	0.222222	27	0.0128938	FALSE	NA	NA	NA	NA	NA	NA
NC_045512.2	6799	A	T	20	3	23	4	4	26	0.153846	26	0.050152	FALSE	NA	NA	NA	NA	NA	NA
NC_045512.2	6799	A	C	20	3	23	2	2	22	0.0769231	26	0.213691	FALSE	NA	NA	NA	NA	NA	NA
NC_045512.2	6800	T	G	19	1	27	2	2	28	0.0769231	26	0.202899	FALSE	NA	NA	NA	NA	NA	NA
NC_045512.2	6800	T	C	19	1	27	4	4	25	0.153846	26	0.0455083	FALSE	NA	NA	NA	NA	NA	NA
NC_045512.2	6800	T	A	19	1	27	1	1	23	0.0384615	26	0.444444	FALSE	NA	NA	NA	NA	NA	NA
NC_045512.2	6801	T	G	19	2	23	2	2	25	0.0769231	26	0.202899	FALSE	NA	NA	NA	NA	NA	NA
NC_045512.2	6801	T	C	19	2	23	2	2	25	0.0769231	26	0.202899	FALSE	NA	NA	NA	NA	NA	NA
NC_045512.2	6801	T	A	19	2	23	3	3	24	0.115385	26	0.0949738	FALSE	NA	NA	NA	NA	NA	NA
NC_045512.2	6802	G	T	18	0	26	4	4	25	0.148148	27	0.0375938	FALSE	NA	NA	NA	NA	NA	NA
NC_045512.2	6802	G	C	18	0	26	2	2	26	0.0740741	27	0.183575	FALSE	NA	NA	NA	NA	NA	NA
NC_045512.2	6802	G	A	18	0	26	3	3	27	0.111111	27	0.0820228	FALSE	NA	NA	NA	NA	NA	NA
NC_045512.2	6803	T	G	19	1	26	3	3	25	0.111111	27	0.0890379	FALSE	NA	NA	NA	NA	NA	NA
NC_045512.2	6803	T	C	19	1	26	4	3	26	0.148148	27	0.0417933	FALSE	NA	NA	NA	NA	NA	NA
NC_045512.2	6803	T	A	19	1	26	1	1	22	0.037037	27	0.434783	FALSE	NA	NA	NA	NA	NA	NA
NC_045512.2	6804	G	T	28	2	26	3	3	23	0.0882353	34	0.107887	FALSE	NA	NA	NA	NA	NA	NA
NC_045512.2	6804	G	A	28	2	26	3	3	25	0.0882353	34	0.107887	FALSE	NA	NA	NA	NA	NA	NA
NC_045512.2	6805	T	G	29	3	26	1	1	29	0.0285714	35	0.46875	FALSE	NA	NA	NA	NA	NA	NA
NC_045512.2	6805	T	C	29	3	26	1	1	31	0.0285714	35	0.46875	FALSE	NA	NA	NA	NA	NA	NA
NC_045512.2	6805	T	A	29	3	26	4	4	25	0.114286	35	0.0533869	FALSE	NA	NA	NA	NA	NA	NA
NC_045512.2	6806	A	T	27	1	26	3	3	27	0.0857143	35	0.0974462	FALSE	NA	NA	NA	NA	NA	NA
NC_045512.2	6806	A	G	27	1	26	2	2	25	0.0571429	35	0.207885	FALSE	NA	NA	NA	NA	NA	NA
NC_045512.2	6806	A	C	27	1	26	3	3	25	0.0857143	35	0.0974462	FALSE	NA	NA	NA	NA	NA	NA
NC_045512.2	6807	C	T	26	0	26	3	3	25	0.0909091	33	0.101528	FALSE	NA	NA	NA	NA	NA	NA
NC_045512.2	6807	C	G	26	0	26	2	2	27	0.0606061	33	0.213559	FALSE	NA	NA	NA	NA	NA	NA
NC_045512.2	6807	C	A	26	0	26	2	2	24	0.0606061	33	0.213559	FALSE	NA	NA	NA	NA	NA	NA
NC_045512.2	6808	T	C	28	4	26	2	0	21	0.0571429	35	0.215774	FALSE	NA	NA	NA	NA	NA	NA
NC_045512.2	6808	T	A	28	4	26	5	5	26	0.142857	35	0.0245749	FALSE	NA	NA	NA	NA	NA	NA
NC_045512.2	6809	T	G	28	2	27	2	2	25	0.0571429	35	0.215774	FALSE	NA	NA	NA	NA	NA	NA
NC_045512.2	6809	T	C	28	2	27	1	1	28	0.0285714	35	0.460317	FALSE	NA	NA	NA	NA	NA	NA
NC_045512.2	6809	T	A	28	2	27	4	4	26	0.114286	35	0.0498945	FALSE	NA	NA	NA	NA	NA	NA
NC_045512.2	6810	T	G	30	4	26	1	1	26	0.0294118	34	0.484375	FALSE	NA	NA	NA	NA	NA	NA
NC_045512.2	6810	T	C	30	4	26	2	2	27	0.0588235	34	0.238462	FALSE	NA	NA	NA	NA	NA	NA
NC_045512.2	6810	T	A	30	4	26	1	1	20	0.0294118	34	0.484375	FALSE	NA	NA	NA	NA	NA	NA
NC_045512.2	6811	T	C	12	4	23	3	1	27	0.157895	19	0.0833944	FALSE	NA	NA	NA	NA	NA	NA
NC_045512.2	6811	T	A	12	4	23	4	4	24	0.210526	19	0.0392444	FALSE	NA	NA	NA	NA	NA	NA
NC_045512.2	6812	A	T	31	5	26	2	2	27	0.0571429	35	0.238806	FALSE	NA	NA	NA	NA	NA	NA
NC_045512.2	6812	A	G	31	5	26	2	2	26	0.0571429	35	0.238806	FALSE	NA	NA	NA	NA	NA	NA
NC_045512.2	6813	C	T	28	2	27	2	2	25	0.0571429	35	0.215774	FALSE	NA	NA	NA	NA	NA	NA
NC_045512.2	6813	C	G	28	2	27	2	2	29	0.0571429	35	0.215774	FALSE	NA	NA	NA	NA	NA	NA
NC_045512.2	6813	C	A	28	2	27	3	3	27	0.0857143	35	0.102908	FALSE	NA	NA	NA	NA	NA	NA
NC_045512.2	6814	T	G	30	4	26	2	2	26	0.0571429	35	0.231235	FALSE	NA	NA	NA	NA	NA	NA
NC_045512.2	6814	T	C	30	4	26	2	2	24	0.0571429	35	0.231235	FALSE	NA	NA	NA	NA	NA	NA
NC_045512.2	6814	T	A	30	4	26	1	1	28	0.0285714	35	0.476923	FALSE	NA	NA	NA	NA	NA	NA
NC_045512.2	6815	A	T	28	2	27	5	5	25	0.142857	35	0.0245749	FALSE	NA	NA	NA	NA	NA	NA
NC_045512.2	6815	A	G	28	2	27	1	1	23	0.0285714	35	0.460317	FALSE	NA	NA	NA	NA	NA	NA
NC_045512.2	6815	A	C	28	2	27	1	1	23	0.0285714	35	0.460317	FALSE	NA	NA	NA	NA	NA	NA
NC_045512.2	6816	G	T	28	2	26	3	3	25	0.0857143	35	0.102908	FALSE	NA	NA	NA	NA	NA	NA
NC_045512.2	6816	G	C	28	2	26	1	1	28	0.0285714	35	0.460317	FALSE	NA	NA	NA	NA	NA	NA
NC_045512.2	6816	G	A	28	2	26	3	3	27	0.0857143	35	0.102908	FALSE	NA	NA	NA	NA	NA	NA
NC_045512.2	6817	A	T	28	2	27	4	4	26	0.114286	35	0.0498945	FALSE	NA	NA	NA	NA	NA	NA
NC_045512.2	6817	A	G	28	2	27	3	3	25	0.0857143	35	0.102908	FALSE	NA	NA	NA	NA	NA	NA
NC_045512.2	6818	A	T	29	3	23	2	2	23	0.0588235	34	0.230655	FALSE	NA	NA	NA	NA	NA	NA
NC_045512.2	6818	A	G	29	3	23	2	2	25	0.0588235	34	0.230655	FALSE	NA	NA	NA	NA	NA	NA
NC_045512.2	6818	A	C	29	3	23	1	1	25	0.0294118	34	0.47619	FALSE	NA	NA	NA	NA	NA	NA
NC_045512.2	6819	G	T	26	0	27	5	5	25	0.142857	35	0.0205706	FALSE	NA	NA	NA	NA	NA	NA
NC_045512.2	6819	G	C	26	0	27	2	2	29	0.0571429	35	0.199894	FALSE	NA	NA	NA	NA	NA	NA
NC_045512.2	6819	G	A	26	0	27	2	2	24	0.0571429	35	0.199894	FALSE	NA	NA	NA	NA	NA	NA
NC_045512.2	6820	T	G	29	3	27	1	1	29	0.0285714	35	0.46875	FALSE	NA	NA	NA	NA	NA	NA
NC_045512.2	6820	T	C	29	3	27	2	2	24	0.0571429	35	0.223558	FALSE	NA	NA	NA	NA	NA	NA
NC_045512.2	6820	T	A	29	3	27	3	3	24	0.0857143	35	0.108392	FALSE	NA	NA	NA	NA	NA	NA
NC_045512.2	6821	A	T	29	3	27	1	1	28	0.0294118	34	0.47619	FALSE	NA	NA	NA	NA	NA	NA
NC_045512.2	6821	A	G	29	3	27	1	1	22	0.0294118	34	0.47619	FALSE	NA	NA	NA	NA	NA	NA
NC_045512.2	6821	A	C	29	3	27	3	3	25	0.0882353	34	0.113553	FALSE	NA	NA	NA	NA	NA	NA
NC_045512.2	6822	C	T	26	3	26	2	2	25	0.0625	32	0.220923	FALSE	NA	NA	NA	NA	NA	NA
NC_045512.2	6822	C	G	26	3	26	2	2	27	0.0625	32	0.220923	FALSE	NA	NA	NA	NA	NA	NA
NC_045512.2	6822	C	A	26	3	26	2	2	26	0.0625	32	0.220923	FALSE	NA	NA	NA	NA	NA	NA
NC_045512.2	6822	C	-A	26	3	26	1	0	20	0.03125	32	0.465517	FALSE	NA	NA	NA	NA	NA	NA
NC_045512.2	6822	C	+A	26	3	26	2	0	20	0.0625	32	0.220923	FALSE	NA	NA	NA	NA	NA	NA
NC_045512.2	6823	A	T	24	2	26	5	5	25	0.16129	31	0.021744	FALSE	NA	NA	NA	NA	NA	NA
NC_045512.2	6823	A	C	24	2	26	2	2	24	0.0645161	31	0.203634	FALSE	NA	NA	NA	NA	NA	NA
NC_045512.2	6824	A	T	26	4	27	2	2	27	0.0666667	30	0.236842	FALSE	NA	NA	NA	NA	NA	NA
NC_045512.2	6824	A	G	26	4	27	1	1	26	0.0333333	30	0.482143	FALSE	NA	NA	NA	NA	NA	NA
NC_045512.2	6824	A	C	26	4	27	1	1	27	0.0333333	30	0.482143	FALSE	NA	NA	NA	NA	NA	NA
NC_045512.2	6825	A	T	20	3	22	2	2	24	0.08	25	0.223188	FALSE	NA	NA	NA	NA	NA	NA
NC_045512.2	6825	A	G	20	3	22	1	1	22	0.04	25	0.466667	FALSE	NA	NA	NA	NA	NA	NA
NC_045512.2	6825	A	C	20	3	22	2	2	26	0.08	25	0.223188	FALSE	NA	NA	NA	NA	NA	NA
NC_045512.2	6826	T	C	26	5	26	2	2	28	0.0689655	29	0.245455	FALSE	NA	NA	NA	NA	NA	NA
NC_045512.2	6826	T	A	26	5	26	1	1	21	0.0344828	29	0.490909	FALSE	NA	NA	NA	NA	NA	NA
NC_045512.2	6827	T	G	22	3	23	1	1	22	0.037037	27	0.469388	FALSE	NA	NA	NA	NA	NA	NA
NC_045512.2	6827	T	A	22	3	23	4	4	25	0.148148	27	0.0552221	FALSE	NA	NA	NA	NA	NA	NA
NC_045512.2	6828	C	T	21	0	27	4	4	24	0.142857	28	0.0467264	FALSE	NA	NA	NA	NA	NA	NA
NC_045512.2	6828	C	A	21	0	27	3	3	25	0.107143	28	0.0971909	FALSE	NA	NA	NA	NA	NA	NA
NC_045512.2	6829	T	C	24	3	27	2	2	26	0.0666667	30	0.218855	FALSE	NA	NA	NA	NA	NA	NA
NC_045512.2	6829	T	A	24	3	27	4	4	26	0.133333	30	0.0518341	FALSE	NA	NA	NA	NA	NA	NA
NC_045512.2	6830	A	T	24	3	27	3	3	25	0.103448	29	0.111492	FALSE	NA	NA	NA	NA	NA	NA
NC_045512.2	6830	A	G	24	3	27	1	1	26	0.0344828	29	0.471698	FALSE	NA	NA	NA	NA	NA	NA
NC_045512.2	6830	A	C	24	3	27	1	1	28	0.0344828	29	0.471698	FALSE	NA	NA	NA	NA	NA	NA
NC_045512.2	6831	G	T	21	0	27	4	4	25	0.142857	28	0.0467264	FALSE	NA	NA	NA	NA	NA	NA
NC_045512.2	6831	G	C	21	0	27	1	1	20	0.0357143	28	0.44898	FALSE	NA	NA	NA	NA	NA	NA
NC_045512.2	6831	G	A	21	0	27	2	2	25	0.0714286	28	0.206531	FALSE	NA	NA	NA	NA	NA	NA
NC_045512.2	6832	A	T	18	2	27	4	4	25	0.173913	23	0.0538854	FALSE	NA	NA	NA	NA	NA	NA
NC_045512.2	6832	A	C	18	2	27	1	1	22	0.0434783	23	0.463415	FALSE	NA	NA	NA	NA	NA	NA
NC_045512.2	6833	A	T	15	1	23	1	1	22	0.0625	16	0.516129	FALSE	NA	NA	NA	NA	NA	NA
NC_045512.2	6857	A	G	14	0	27	1	0	28	0.0666667	15	0.517241	FALSE	NA	NA	NA	NA	NA	NA
NC_045512.2	6882	T	C	12	0	27	1	0	29	0.0769231	13	0.52	FALSE	NA	NA	NA	NA	NA	NA
NC_045512.2	6886	T	C	16	0	27	1	0	27	0.0588235	17	0.515152	FALSE	NA	NA	NA	NA	NA	NA
NC_045512.2	6908	T	C	14	0	27	1	0	31	0.0666667	15	0.517241	FALSE	NA	NA	NA	NA	NA	NA
NC_045512.2	6931	T	A	10	0	26	2	0	20	0.166667	12	0.23913	FALSE	NA	NA	NA	NA	NA	NA
NC_045512.2	6937	T	C	10	0	26	1	0	23	0.0909091	11	0.52381	FALSE	NA	NA	NA	NA	NA	NA
NC_045512.2	6946	A	T	11	0	26	1	1	28	0.0833333	12	0.521739	FALSE	NA	NA	NA	NA	NA	NA
NC_045512.2	6948	A	T	7	0	21	1	1	23	0.125	8	0.533333	FALSE	NA	NA	NA	NA	NA	NA
NC_045512.2	6950	A	G	10	0	27	1	1	27	0.0909091	11	0.52381	FALSE	NA	NA	NA	NA	NA	NA
NC_045512.2	6951	T	C	10	0	28	1	1	27	0.0909091	11	0.52381	FALSE	NA	NA	NA	NA	NA	NA
NC_045512.2	6954	T	C	8	0	26	1	1	23	0.111111	9	0.529412	FALSE	NA	NA	NA	NA	NA	NA
NC_045512.2	6956	A	-T	4	1	23	1	0	20	0.25	4	0.625	FALSE	NA	NA	NA	NA	NA	NA
NC_045512.2	6959	T	G	3	0	22	1	1	27	0.25	4	0.571429	FALSE	NA	NA	NA	NA	NA	NA
NC_045512.2	6960	G	T	4	0	26	1	1	28	0.2	5	0.555556	FALSE	NA	NA	NA	NA	NA	NA
NC_045512.2	6963	T	A	4	0	29	1	1	26	0.2	5	0.555556	FALSE	NA	NA	NA	NA	NA	NA
NC_045512.2	6964	T	C	4	0	30	1	1	26	0.2	5	0.555556	FALSE	NA	NA	NA	NA	NA	NA
NC_045512.2	6964	T	-T	4	0	30	1	0	20	0.2	5	0.555556	FALSE	NA	NA	NA	NA	NA	NA
NC_045512.2	6967	A	T	4	0	27	1	1	30	0.2	5	0.555556	FALSE	NA	NA	NA	NA	NA	NA
NC_045512.2	6968	C	T	4	0	25	1	1	28	0.2	5	0.555556	FALSE	NA	NA	NA	NA	NA	NA
NC_045512.2	6969	T	A	4	0	25	1	1	26	0.2	5	0.555556	FALSE	NA	NA	NA	NA	NA	NA
NC_045512.2	6970	A	C	4	0	27	1	1	24	0.2	5	0.555556	FALSE	NA	NA	NA	NA	NA	NA
NC_045512.2	6972	T	A	4	0	22	1	1	27	0.2	5	0.555556	FALSE	NA	NA	NA	NA	NA	NA
NC_045512.2	6973	A	G	4	0	26	1	1	27	0.2	5	0.555556	FALSE	NA	NA	NA	NA	NA	NA
NC_045512.2	6975	G	A	4	0	24	1	1	27	0.2	5	0.555556	FALSE	NA	NA	NA	NA	NA	NA
NC_045512.2	6976	T	G	3	0	24	1	1	25	0.25	4	0.571429	FALSE	NA	NA	NA	NA	NA	NA
NC_045512.2	6977	G	T	1	0	23	1	1	24	0.5	2	0.666667	FALSE	NA	NA	NA	NA	NA	NA
NC_045512.2	6977	G	-T	1	0	23	1	0	20	0.5	2	0.666667	FALSE	NA	NA	NA	NA	NA	NA
NC_045512.2	6978	T	A	0	0	0	1	1	22	1	1	0.5	FALSE	NA	NA	NA	NA	NA	NA
NC_045512.2	6979	T	C	1	0	23	1	1	22	0.5	2	0.666667	FALSE	NA	NA	NA	NA	NA	NA
NC_045512.2	6981	G	A	0	0	0	1	1	25	1	1	1	FALSE	NA	NA	NA	NA	NA	NA
NC_045512.2	6982	C	A	0	0	0	1	1	25	1	1	1	FALSE	NA	NA	NA	NA	NA	NA
NC_045512.2	6985	A	C	0	0	0	1	1	27	1	1	1	FALSE	NA	NA	NA	NA	NA	NA
NC_045512.2	6986	G	T	0	0	0	1	1	27	1	1	1	FALSE	NA	NA	NA	NA	NA	NA
NC_045512.2	6987	G	A	0	0	0	1	1	25	1	1	1	FALSE	NA	NA	NA	NA	NA	NA
NC_045512.2	6988	T	G	0	0	0	1	1	24	1	1	1	FALSE	NA	NA	NA	NA	NA	NA
NC_045512.2	6989	T	A	0	0	0	1	1	21	1	1	1	FALSE	NA	NA	NA	NA	NA	NA
NC_045512.2	6990	C	A	0	0	0	1	1	27	1	1	1	FALSE	NA	NA	NA	NA	NA	NA
NC_045512.2	6993	T	A	0	0	0	1	1	22	1	1	1	FALSE	NA	NA	NA	NA	NA	NA
NC_045512.2	6996	T	G	0	0	0	1	1	26	1	1	1	FALSE	NA	NA	NA	NA	NA	NA
NC_045512.2	6998	T	A	0	0	0	1	1	27	1	1	1	FALSE	NA	NA	NA	NA	NA	NA
NC_045512.2	6999	A	T	0	0	0	1	1	27	1	1	1	FALSE	NA	NA	NA	NA	NA	NA
NC_045512.2	7002	C	A	0	0	0	1	1	28	1	1	1	FALSE	NA	NA	NA	NA	NA	NA
NC_045512.2	7003	A	T	0	0	0	1	1	28	1	1	1	FALSE	NA	NA	NA	NA	NA	NA
NC_045512.2	7004	A	G	0	0	0	1	1	25	1	1	1	FALSE	NA	NA	NA	NA	NA	NA
NC_045512.2	7008	C	A	0	0	0	1	1	24	1	1	1	FALSE	NA	NA	NA	NA	NA	NA
NC_045512.2	7009	T	C	0	0	0	1	1	27	1	1	1	FALSE	NA	NA	NA	NA	NA	NA
NC_045512.2	7010	G	T	0	0	0	1	1	26	1	1	1	FALSE	NA	NA	NA	NA	NA	NA
NC_045512.2	7011	C	A	0	0	0	1	1	24	1	1	1	FALSE	NA	NA	NA	NA	NA	NA
NC_045512.2	7012	T	C	0	0	0	1	1	24	1	1	1	FALSE	NA	NA	NA	NA	NA	NA
NC_045512.2	7014	T	A	0	0	0	1	1	27	1	1	1	FALSE	NA	NA	NA	NA	NA	NA
NC_045512.2	7015	A	T	0	0	0	1	1	26	1	1	1	FALSE	NA	NA	NA	NA	NA	NA
NC_045512.2	7016	G	A	0	0	0	1	1	26	1	1	1	FALSE	NA	NA	NA	NA	NA	NA
NC_045512.2	7018	T	C	0	0	0	1	1	26	1	1	1	FALSE	NA	NA	NA	NA	NA	NA
NC_045512.2	7020	T	A	0	0	0	1	1	24	1	1	1	FALSE	NA	NA	NA	NA	NA	NA
NC_045512.2	7021	T	A	0	0	0	1	1	24	1	1	1	FALSE	NA	NA	NA	NA	NA	NA
NC_045512.2	7022	T	G	0	0	0	1	1	21	1	1	1	FALSE	NA	NA	NA	NA	NA	NA
NC_045512.2	7078	G	T	24	0	27	1	0	22	0.04	25	0.510204	FALSE	NA	NA	NA	NA	NA	NA
NC_045512.2	7102	A	G	29	0	27	1	0	25	0.0333333	30	0.508475	FALSE	NA	NA	NA	NA	NA	NA
NC_045512.2	7103	A	T	26	0	23	2	0	27	0.0714286	28	0.254545	FALSE	NA	NA	NA	NA	NA	NA
NC_045512.2	7107	A	G	29	0	27	1	0	27	0.0333333	30	0.508475	FALSE	NA	NA	NA	NA	NA	NA
NC_045512.2	7109	T	C	29	0	27	1	0	23	0.0333333	30	0.508475	FALSE	NA	NA	NA	NA	NA	NA
NC_045512.2	7118	T	C	28	0	22	1	0	28	0.0344828	29	0.508772	FALSE	NA	NA	NA	NA	NA	NA
NC_045512.2	7133	G	A	28	0	27	1	1	26	0.0344828	29	0.508772	FALSE	NA	NA	NA	NA	NA	NA
NC_045512.2	7135	T	G	31	0	28	1	1	25	0.03125	32	0.507937	FALSE	NA	NA	NA	NA	NA	NA
NC_045512.2	7137	G	C	30	0	26	1	1	30	0.0322581	31	0.508197	FALSE	NA	NA	NA	NA	NA	NA
NC_045512.2	7138	T	C	29	0	26	1	0	25	0.0322581	31	0.5	FALSE	NA	NA	NA	NA	NA	NA
NC_045512.2	7138	T	A	29	0	26	1	1	25	0.0322581	31	0.5	FALSE	NA	NA	NA	NA	NA	NA
NC_045512.2	7141	T	A	27	0	23	1	1	22	0.0357143	28	0.509091	FALSE	NA	NA	NA	NA	NA	NA
NC_045512.2	7143	G	T	28	0	27	1	1	25	0.0344828	29	0.508772	FALSE	NA	NA	NA	NA	NA	NA
NC_045512.2	7144	T	G	28	0	26	1	1	24	0.0344828	29	0.508772	FALSE	NA	NA	NA	NA	NA	NA
NC_045512.2	7145	G	C	28	0	26	1	1	24	0.0344828	29	0.508772	FALSE	NA	NA	NA	NA	NA	NA
NC_045512.2	7147	T	A	27	0	27	1	1	26	0.0357143	28	0.509091	FALSE	NA	NA	NA	NA	NA	NA
NC_045512.2	7148	T	C	27	0	28	1	1	21	0.0357143	28	0.509091	FALSE	NA	NA	NA	NA	NA	NA
NC_045512.2	7149	T	C	26	0	21	1	1	20	0.037037	27	0.509434	FALSE	NA	NA	NA	NA	NA	NA
NC_045512.2	7150	A	T	28	0	27	1	1	21	0.0344828	29	0.508772	FALSE	NA	NA	NA	NA	NA	NA
NC_045512.2	7151	G	A	28	0	27	1	1	20	0.0344828	29	0.508772	FALSE	NA	NA	NA	NA	NA	NA
NC_045512.2	7152	A	C	28	0	27	1	1	29	0.0344828	29	0.508772	FALSE	NA	NA	NA	NA	NA	NA
NC_045512.2	7154	T	G	25	0	22	1	1	25	0.0384615	26	0.509804	FALSE	NA	NA	NA	NA	NA	NA
NC_045512.2	7155	C	T	26	0	26	1	1	20	0.037037	27	0.509434	FALSE	NA	NA	NA	NA	NA	NA
NC_045512.2	7156	T	A	26	0	27	1	1	20	0.037037	27	0.509434	FALSE	NA	NA	NA	NA	NA	NA
NC_045512.2	7157	T	C	26	0	28	1	1	20	0.037037	27	0.509434	FALSE	NA	NA	NA	NA	NA	NA
NC_045512.2	7159	A	G	25	0	27	1	1	23	0.0384615	26	0.509804	FALSE	NA	NA	NA	NA	NA	NA
NC_045512.2	7161	A	T	25	0	26	1	1	22	0.0384615	26	0.509804	FALSE	NA	NA	NA	NA	NA	NA
NC_045512.2	7162	C	T	25	0	26	1	1	29	0.0384615	26	0.509804	FALSE	NA	NA	NA	NA	NA	NA
NC_045512.2	7163	A	C	25	0	26	1	1	27	0.0384615	26	0.509804	FALSE	NA	NA	NA	NA	NA	NA
NC_045512.2	7164	C	T	25	0	27	1	1	27	0.0384615	26	0.509804	FALSE	NA	NA	NA	NA	NA	NA
NC_045512.2	7165	C	A	20	0	22	1	1	26	0.047619	21	0.512195	FALSE	NA	NA	NA	NA	NA	NA
NC_045512.2	7168	T	C	19	0	26	1	1	21	0.05	20	0.512821	FALSE	NA	NA	NA	NA	NA	NA
NC_045512.2	7170	C	T	12	0	21	1	1	21	0.0769231	13	0.52	FALSE	NA	NA	NA	NA	NA	NA
NC_045512.2	7172	T	G	12	0	21	1	1	22	0.0769231	13	0.52	FALSE	NA	NA	NA	NA	NA	NA
NC_045512.2	7173	C	T	13	0	26	1	1	23	0.0714286	14	0.518519	FALSE	NA	NA	NA	NA	NA	NA
NC_045512.2	7174	T	A	13	0	26	1	1	25	0.0714286	14	0.518519	FALSE	NA	NA	NA	NA	NA	NA
NC_045512.2	7175	T	G	12	0	28	1	1	25	0.0714286	14	0.5	FALSE	NA	NA	NA	NA	NA	NA
NC_045512.2	7175	T	C	12	0	28	1	0	22	0.0714286	14	0.5	FALSE	NA	NA	NA	NA	NA	NA
NC_045512.2	7177	A	G	13	0	26	1	1	25	0.0714286	14	0.518519	FALSE	NA	NA	NA	NA	NA	NA
NC_045512.2	7179	A	T	12	0	27	1	1	27	0.0769231	13	0.52	FALSE	NA	NA	NA	NA	NA	NA
NC_045512.2	7180	A	T	12	0	27	1	1	27	0.0769231	13	0.52	FALSE	NA	NA	NA	NA	NA	NA
NC_045512.2	7181	A	G	6	0	22	2	1	26	0.25	8	0.266667	FALSE	NA	NA	NA	NA	NA	NA
NC_045512.2	7182	C	T	11	0	26	1	1	25	0.0833333	12	0.521739	FALSE	NA	NA	NA	NA	NA	NA
NC_045512.2	7183	T	C	11	0	26	1	1	25	0.0833333	12	0.521739	FALSE	NA	NA	NA	NA	NA	NA
NC_045512.2	7184	A	T	11	0	27	1	1	21	0.0833333	12	0.521739	FALSE	NA	NA	NA	NA	NA	NA
NC_045512.2	7187	C	G	11	0	27	1	1	27	0.0833333	12	0.521739	FALSE	NA	NA	NA	NA	NA	NA
NC_045512.2	7188	A	T	11	0	27	1	1	28	0.0833333	12	0.521739	FALSE	NA	NA	NA	NA	NA	NA
NC_045512.2	7189	A	G	10	0	28	1	1	22	0.0909091	11	0.52381	FALSE	NA	NA	NA	NA	NA	NA
NC_045512.2	7190	A	G	8	0	22	1	1	26	0.111111	9	0.529412	FALSE	NA	NA	NA	NA	NA	NA
NC_045512.2	7193	A	T	9	0	28	1	1	25	0.1	10	0.526316	FALSE	NA	NA	NA	NA	NA	NA
NC_045512.2	7194	C	A	9	0	28	1	1	26	0.1	10	0.526316	FALSE	NA	NA	NA	NA	NA	NA
NC_045512.2	7195	C	G	9	0	24	1	1	27	0.1	10	0.526316	FALSE	NA	NA	NA	NA	NA	NA
NC_045512.2	7196	A	-T	10	1	24	6	0	20	0.6	10	0.0452174	FALSE	NA	NA	NA	NA	NA	NA
NC_045512.2	7199	T	C	3	0	22	1	1	28	0.25	4	0.571429	FALSE	NA	NA	NA	NA	NA	NA
NC_045512.2	7200	C	T	9	0	24	1	1	23	0.1	10	0.526316	FALSE	NA	NA	NA	NA	NA	NA
NC_045512.2	7201	A	T	9	0	27	1	1	30	0.1	10	0.526316	FALSE	NA	NA	NA	NA	NA	NA
NC_045512.2	7203	C	A	9	0	25	1	1	30	0.1	10	0.526316	FALSE	NA	NA	NA	NA	NA	NA
NC_045512.2	7204	T	G	7	0	28	1	1	27	0.125	8	0.533333	FALSE	NA	NA	NA	NA	NA	NA
NC_045512.2	7205	T	A	7	0	27	1	1	27	0.125	8	0.533333	FALSE	NA	NA	NA	NA	NA	NA
NC_045512.2	7206	T	C	7	0	28	1	1	27	0.125	8	0.533333	FALSE	NA	NA	NA	NA	NA	NA
NC_045512.2	7207	T	A	3	0	22	1	1	27	0.25	4	0.571429	FALSE	NA	NA	NA	NA	NA	NA
NC_045512.2	7208	A	C	7	0	27	1	1	24	0.125	8	0.533333	FALSE	NA	NA	NA	NA	NA	NA
NC_045512.2	7209	A	C	7	0	28	1	1	28	0.125	8	0.533333	FALSE	NA	NA	NA	NA	NA	NA
NC_045512.2	7210	A	T	6	0	22	1	1	29	0.142857	7	0.538462	FALSE	NA	NA	NA	NA	NA	NA
NC_045512.2	7211	T	C	6	0	27	1	0	27	0.125	8	0.5	FALSE	NA	NA	NA	NA	NA	NA
NC_045512.2	7211	T	A	6	0	27	1	1	28	0.125	8	0.5	FALSE	NA	NA	NA	NA	NA	NA
NC_045512.2	7212	G	T	7	0	28	1	1	29	0.125	8	0.533333	FALSE	NA	NA	NA	NA	NA	NA
NC_045512.2	7213	G	C	7	0	28	1	1	24	0.125	8	0.533333	FALSE	NA	NA	NA	NA	NA	NA
NC_045512.2	7214	G	C	7	0	21	1	1	28	0.125	8	0.533333	FALSE	NA	NA	NA	NA	NA	NA
NC_045512.2	7215	A	T	7	0	27	1	1	24	0.125	8	0.533333	FALSE	NA	NA	NA	NA	NA	NA
NC_045512.2	7217	T	C	7	0	28	1	1	27	0.125	8	0.533333	FALSE	NA	NA	NA	NA	NA	NA
NC_045512.2	7219	A	T	7	0	26	1	1	27	0.125	8	0.533333	FALSE	NA	NA	NA	NA	NA	NA
NC_045512.2	7220	A	T	7	0	23	1	1	27	0.125	8	0.533333	FALSE	NA	NA	NA	NA	NA	NA
NC_045512.2	7221	C	A	7	0	27	1	1	26	0.125	8	0.533333	FALSE	NA	NA	NA	NA	NA	NA
NC_045512.2	7222	T	G	7	0	27	1	1	25	0.125	8	0.533333	FALSE	NA	NA	NA	NA	NA	NA
NC_045512.2	7224	C	A	6	0	27	1	1	28	0.142857	7	0.538462	FALSE	NA	NA	NA	NA	NA	NA
NC_045512.2	7225	T	A	6	0	27	1	1	28	0.142857	7	0.538462	FALSE	NA	NA	NA	NA	NA	NA
NC_045512.2	7226	T	C	6	0	27	1	1	28	0.142857	7	0.538462	FALSE	NA	NA	NA	NA	NA	NA
NC_045512.2	7228	T	A	3	0	21	1	1	29	0.25	4	0.571429	FALSE	NA	NA	NA	NA	NA	NA
NC_045512.2	7229	G	T	5	0	27	1	1	27	0.166667	6	0.545455	FALSE	NA	NA	NA	NA	NA	NA
NC_045512.2	7230	G	A	5	0	23	1	1	27	0.166667	6	0.545455	FALSE	NA	NA	NA	NA	NA	NA
NC_045512.2	7232	T	A	5	0	28	1	1	21	0.166667	6	0.545455	FALSE	NA	NA	NA	NA	NA	NA
NC_045512.2	7233	T	A	5	0	23	1	1	28	0.166667	6	0.545455	FALSE	NA	NA	NA	NA	NA	NA
NC_045512.2	7235	G	T	5	0	27	1	1	22	0.166667	6	0.545455	FALSE	NA	NA	NA	NA	NA	NA
NC_045512.2	7237	T	A	5	0	23	1	1	27	0.166667	6	0.545455	FALSE	NA	NA	NA	NA	NA	NA
NC_045512.2	7238	G	C	5	0	27	1	1	21	0.166667	6	0.545455	FALSE	NA	NA	NA	NA	NA	NA
NC_045512.2	7241	G	T	5	0	27	1	1	22	0.166667	6	0.545455	FALSE	NA	NA	NA	NA	NA	NA
NC_045512.2	7242	A	T	5	0	28	1	1	29	0.166667	6	0.545455	FALSE	NA	NA	NA	NA	NA	NA
NC_045512.2	7243	G	T	5	0	28	1	1	28	0.166667	6	0.545455	FALSE	NA	NA	NA	NA	NA	NA
NC_045512.2	7244	T	C	5	0	27	1	1	29	0.166667	6	0.545455	FALSE	NA	NA	NA	NA	NA	NA
NC_045512.2	7245	G	A	5	0	27	1	1	28	0.166667	6	0.545455	FALSE	NA	NA	NA	NA	NA	NA
NC_045512.2	7246	G	T	4	0	21	1	1	28	0.2	5	0.555556	FALSE	NA	NA	NA	NA	NA	NA
NC_045512.2	7247	T	C	5	0	26	1	1	27	0.166667	6	0.545455	FALSE	NA	NA	NA	NA	NA	NA
NC_045512.2	7253	G	A	3	0	23	1	1	24	0.25	4	0.571429	FALSE	NA	NA	NA	NA	NA	NA
NC_045512.2	7254	C	A	3	0	28	1	1	23	0.25	4	0.571429	FALSE	NA	NA	NA	NA	NA	NA
NC_045512.2	7255	A	T	3	0	26	1	1	23	0.25	4	0.571429	FALSE	NA	NA	NA	NA	NA	NA
NC_045512.2	7257	A	G	2	0	28	1	1	32	0.333333	3	0.6	FALSE	NA	NA	NA	NA	NA	NA
NC_045512.2	7258	T	G	3	0	27	1	1	28	0.25	4	0.571429	FALSE	NA	NA	NA	NA	NA	NA
NC_045512.2	7337	T	G	23	9	27	1	1	27	0.0416667	24	0.510638	FALSE	NA	NA	NA	NA	NA	NA
NC_045512.2	7338	T	G	23	9	27	2	2	27	0.0769231	26	0.244898	FALSE	NA	NA	NA	NA	NA	NA
NC_045512.2	7338	T	C	23	9	27	1	1	27	0.0384615	26	0.489796	FALSE	NA	NA	NA	NA	NA	NA
NC_045512.2	7339	T	C	14	9	24	2	2	27	0.117647	17	0.241935	FALSE	NA	NA	NA	NA	NA	NA
NC_045512.2	7339	T	A	14	9	24	1	1	26	0.0588235	17	0.483871	FALSE	NA	NA	NA	NA	NA	NA
NC_045512.2	7340	A	G	24	10	26	2	2	25	0.0769231	26	0.254902	FALSE	NA	NA	NA	NA	NA	NA
NC_045512.2	7341	T	G	23	9	26	2	2	24	0.08	25	0.255102	FALSE	NA	NA	NA	NA	NA	NA
NC_045512.2	7342	T	A	25	11	25	1	1	28	0.0384615	26	0.509804	FALSE	NA	NA	NA	NA	NA	NA
NC_045512.2	7343	A	C	25	11	27	1	1	30	0.0384615	26	0.509804	FALSE	NA	NA	NA	NA	NA	NA
NC_045512.2	7344	G	C	23	9	27	2	2	27	0.0769231	26	0.244898	FALSE	NA	NA	NA	NA	NA	NA
NC_045512.2	7344	G	A	23	9	27	1	1	27	0.0384615	26	0.489796	FALSE	NA	NA	NA	NA	NA	NA
NC_045512.2	7345	T	A	23	9	28	2	2	27	0.08	25	0.255102	FALSE	NA	NA	NA	NA	NA	NA
NC_045512.2	7346	A	T	22	8	26	2	2	24	0.0833333	24	0.255319	FALSE	NA	NA	NA	NA	NA	NA
NC_045512.2	7347	A	T	23	9	25	3	3	27	0.115385	26	0.12485	FALSE	NA	NA	NA	NA	NA	NA
NC_045512.2	7349	T	A	25	11	25	1	1	27	0.0384615	26	0.509804	FALSE	NA	NA	NA	NA	NA	NA
NC_045512.2	7350	C	T	23	9	28	1	1	23	0.0384615	26	0.489796	FALSE	NA	NA	NA	NA	NA	NA
NC_045512.2	7350	C	A	23	9	28	2	2	27	0.0769231	26	0.244898	FALSE	NA	NA	NA	NA	NA	NA
NC_045512.2	7351	T	C	24	11	26	1	0	24	0.04	25	0.510204	FALSE	NA	NA	NA	NA	NA	NA
NC_045512.2	7352	T	A	24	11	25	1	1	27	0.04	25	0.510204	FALSE	NA	NA	NA	NA	NA	NA
NC_045512.2	7353	G	A	24	10	25	2	2	27	0.0769231	26	0.254902	FALSE	NA	NA	NA	NA	NA	NA
NC_045512.2	7354	G	T	23	11	24	1	1	26	0.0416667	24	0.510638	FALSE	NA	NA	NA	NA	NA	NA
NC_045512.2	7355	C	T	23	9	26	2	2	27	0.0769231	26	0.244898	FALSE	NA	NA	NA	NA	NA	NA
NC_045512.2	7355	C	A	23	9	26	1	1	21	0.0384615	26	0.489796	FALSE	NA	NA	NA	NA	NA	NA
NC_045512.2	7356	T	A	22	8	25	3	3	25	0.12	25	0.124837	FALSE	NA	NA	NA	NA	NA	NA
NC_045512.2	7357	T	A	19	10	25	2	2	27	0.0952381	21	0.256098	FALSE	NA	NA	NA	NA	NA	NA
NC_045512.2	7358	A	T	22	9	26	3	3	25	0.12	25	0.124837	FALSE	NA	NA	NA	NA	NA	NA
NC_045512.2	7359	T	C	24	11	26	1	1	25	0.04	25	0.510204	FALSE	NA	NA	NA	NA	NA	NA
NC_045512.2	7360	G	C	23	9	27	2	2	28	0.08	25	0.255102	FALSE	NA	NA	NA	NA	NA	NA
NC_045512.2	7362	G	T	23	9	26	2	2	28	0.08	25	0.255102	FALSE	NA	NA	NA	NA	NA	NA
NC_045512.2	7364	T	G	23	9	26	2	2	27	0.0769231	26	0.244898	FALSE	NA	NA	NA	NA	NA	NA
NC_045512.2	7364	T	C	23	9	26	1	1	26	0.0384615	26	0.489796	FALSE	NA	NA	NA	NA	NA	NA
NC_045512.2	7365	T	C	21	10	24	2	2	27	0.0869565	23	0.255556	FALSE	NA	NA	NA	NA	NA	NA
NC_045512.2	7366	A	T	23	9	25	3	3	23	0.115385	26	0.12485	FALSE	NA	NA	NA	NA	NA	NA
NC_045512.2	7367	A	T	24	10	24	2	2	27	0.0769231	26	0.254902	FALSE	NA	NA	NA	NA	NA	NA
NC_045512.2	7368	T	A	24	10	27	2	2	26	0.0769231	26	0.254902	FALSE	NA	NA	NA	NA	NA	NA
NC_045512.2	7369	A	T	23	9	25	2	2	27	0.0769231	26	0.244898	FALSE	NA	NA	NA	NA	NA	NA
NC_045512.2	7369	A	G	23	9	25	1	1	26	0.0384615	26	0.489796	FALSE	NA	NA	NA	NA	NA	NA
NC_045512.2	7370	A	T	21	9	24	1	1	28	0.0416667	24	0.488889	FALSE	NA	NA	NA	NA	NA	NA
NC_045512.2	7370	A	G	21	9	24	2	2	27	0.0833333	24	0.244444	FALSE	NA	NA	NA	NA	NA	NA
NC_045512.2	7371	T	G	25	11	25	1	1	22	0.0384615	26	0.509804	FALSE	NA	NA	NA	NA	NA	NA
NC_045512.2	7372	T	G	20	9	24	3	3	23	0.130435	23	0.124806	FALSE	NA	NA	NA	NA	NA	NA
NC_045512.2	7373	A	G	21	7	26	2	2	27	0.0869565	23	0.255556	FALSE	NA	NA	NA	NA	NA	NA
NC_045512.2	7374	A	T	20	9	24	3	3	23	0.130435	23	0.124806	FALSE	NA	NA	NA	NA	NA	NA
NC_045512.2	7375	T	A	25	11	26	1	1	20	0.0384615	26	0.509804	FALSE	NA	NA	NA	NA	NA	NA
NC_045512.2	7376	C	A	23	9	26	2	2	25	0.08	25	0.255102	FALSE	NA	NA	NA	NA	NA	NA
NC_045512.2	7377	T	A	24	10	25	2	2	25	0.0769231	26	0.254902	FALSE	NA	NA	NA	NA	NA	NA
NC_045512.2	7378	T	G	22	11	25	1	0	28	0.0416667	24	0.5	FALSE	NA	NA	NA	NA	NA	NA
NC_045512.2	7378	T	A	22	11	25	1	1	22	0.0416667	24	0.5	FALSE	NA	NA	NA	NA	NA	NA
NC_045512.2	7379	G	A	23	9	27	3	3	23	0.115385	26	0.12485	FALSE	NA	NA	NA	NA	NA	NA
NC_045512.2	7380	T	A	24	10	27	2	2	27	0.0769231	26	0.254902	FALSE	NA	NA	NA	NA	NA	NA
NC_045512.2	7381	A	T	23	9	27	3	3	22	0.115385	26	0.12485	FALSE	NA	NA	NA	NA	NA	NA
NC_045512.2	7382	C	T	23	9	26	2	2	27	0.0769231	26	0.244898	FALSE	NA	NA	NA	NA	NA	NA
NC_045512.2	7382	C	A	23	9	26	1	1	21	0.0384615	26	0.489796	FALSE	NA	NA	NA	NA	NA	NA
NC_045512.2	7383	A	G	24	10	25	2	2	27	0.0769231	26	0.254902	FALSE	NA	NA	NA	NA	NA	NA
NC_045512.2	7384	A	T	25	11	27	1	1	27	0.0344828	29	0.481481	FALSE	NA	NA	NA	NA	NA	NA
NC_045512.2	7384	A	G	25	11	27	1	1	28	0.0344828	29	0.481481	FALSE	NA	NA	NA	NA	NA	NA
NC_045512.2	7384	A	C	25	11	27	2	2	26	0.0689655	29	0.236364	FALSE	NA	NA	NA	NA	NA	NA
NC_045512.2	7385	A	T	19	11	24	2	2	27	0.0869565	23	0.232558	FALSE	NA	NA	NA	NA	NA	NA
NC_045512.2	7385	A	C	19	11	24	2	2	27	0.0869565	23	0.232558	FALSE	NA	NA	NA	NA	NA	NA
NC_045512.2	7386	T	G	24	10	26	2	2	27	0.0689655	29	0.227114	FALSE	NA	NA	NA	NA	NA	NA
NC_045512.2	7386	T	C	24	10	26	2	2	28	0.0689655	29	0.227114	FALSE	NA	NA	NA	NA	NA	NA
NC_045512.2	7386	T	A	24	10	26	1	1	29	0.0344828	29	0.471698	FALSE	NA	NA	NA	NA	NA	NA
NC_045512.2	7387	G	T	22	8	25	5	5	26	0.185185	27	0.028132	FALSE	NA	NA	NA	NA	NA	NA
NC_045512.2	7388	G	T	18	10	24	3	3	28	0.130435	23	0.107771	FALSE	NA	NA	NA	NA	NA	NA
NC_045512.2	7388	G	A	18	10	24	2	2	25	0.0869565	23	0.220674	FALSE	NA	NA	NA	NA	NA	NA
NC_045512.2	7389	C	T	19	5	25	1	1	27	0.0434783	23	0.47619	FALSE	NA	NA	NA	NA	NA	NA
NC_045512.2	7389	C	G	19	5	25	2	2	28	0.0869565	23	0.232558	FALSE	NA	NA	NA	NA	NA	NA
NC_045512.2	7389	C	A	19	5	25	1	1	28	0.0434783	23	0.47619	FALSE	NA	NA	NA	NA	NA	NA
NC_045512.2	7390	C	T	24	10	27	2	2	30	0.0689655	29	0.227114	FALSE	NA	NA	NA	NA	NA	NA
NC_045512.2	7390	C	A	24	10	27	3	3	25	0.103448	29	0.111492	FALSE	NA	NA	NA	NA	NA	NA
NC_045512.2	7391	C	T	24	10	27	1	1	22	0.0357143	28	0.480769	FALSE	NA	NA	NA	NA	NA	NA
NC_045512.2	7391	C	A	24	10	27	3	3	27	0.107143	28	0.117925	FALSE	NA	NA	NA	NA	NA	NA
NC_045512.2	7392	C	T	15	11	25	2	2	28	0.117647	17	0.257576	FALSE	NA	NA	NA	NA	NA	NA
NC_045512.2	7393	G	T	23	9	26	3	3	29	0.107143	28	0.110988	FALSE	NA	NA	NA	NA	NA	NA
NC_045512.2	7393	G	A	23	9	26	2	2	24	0.0714286	28	0.226244	FALSE	NA	NA	NA	NA	NA	NA
NC_045512.2	7394	A	T	26	12	27	3	3	28	0.103448	29	0.12488	FALSE	NA	NA	NA	NA	NA	NA
NC_045512.2	7395	T	A	23	9	25	4	4	26	0.148148	27	0.0599334	FALSE	NA	NA	NA	NA	NA	NA
NC_045512.2	7396	T	A	27	13	27	1	1	27	0.0357143	28	0.509091	FALSE	NA	NA	NA	NA	NA	NA
NC_045512.2	7397	T	G	18	12	24	2	2	26	0.1	20	0.25641	FALSE	NA	NA	NA	NA	NA	NA
NC_045512.2	7398	C	T	24	10	26	1	1	29	0.0344828	29	0.471698	FALSE	NA	NA	NA	NA	NA	NA
NC_045512.2	7398	C	G	24	10	26	2	2	27	0.0689655	29	0.227114	FALSE	NA	NA	NA	NA	NA	NA
NC_045512.2	7398	C	A	24	10	26	2	2	26	0.0689655	29	0.227114	FALSE	NA	NA	NA	NA	NA	NA
NC_045512.2	7399	A	G	24	10	27	2	2	27	0.0689655	29	0.227114	FALSE	NA	NA	NA	NA	NA	NA
NC_045512.2	7399	A	C	24	10	27	3	3	27	0.103448	29	0.111492	FALSE	NA	NA	NA	NA	NA	NA
NC_045512.2	7400	G	T	24	10	27	2	2	27	0.0689655	29	0.227114	FALSE	NA	NA	NA	NA	NA	NA
NC_045512.2	7400	G	C	24	10	27	3	3	31	0.103448	29	0.111492	FALSE	NA	NA	NA	NA	NA	NA
NC_045512.2	7401	C	A	26	12	27	3	3	23	0.103448	29	0.12488	FALSE	NA	NA	NA	NA	NA	NA
NC_045512.2	7402	T	G	24	10	26	1	1	30	0.0344828	29	0.471698	FALSE	NA	NA	NA	NA	NA	NA
NC_045512.2	7402	T	C	24	10	26	1	1	28	0.0344828	29	0.471698	FALSE	NA	NA	NA	NA	NA	NA
NC_045512.2	7402	T	A	24	10	26	3	3	27	0.103448	29	0.111492	FALSE	NA	NA	NA	NA	NA	NA
NC_045512.2	7403	A	T	25	11	27	2	2	22	0.0689655	29	0.236364	FALSE	NA	NA	NA	NA	NA	NA
NC_045512.2	7403	A	G	25	11	27	2	2	28	0.0689655	29	0.236364	FALSE	NA	NA	NA	NA	NA	NA
NC_045512.2	7404	T	A	27	13	26	2	2	28	0.0689655	29	0.254386	FALSE	NA	NA	NA	NA	NA	NA
NC_045512.2	7405	G	T	23	9	26	4	4	26	0.137931	29	0.051458	FALSE	NA	NA	NA	NA	NA	NA
NC_045512.2	7405	G	C	23	9	26	2	2	27	0.0689655	29	0.217707	FALSE	NA	NA	NA	NA	NA	NA
NC_045512.2	7406	G	T	23	10	25	5	5	27	0.172414	29	0.025729	FALSE	NA	NA	NA	NA	NA	NA
NC_045512.2	7406	G	C	23	10	25	1	1	28	0.0344828	29	0.461538	FALSE	NA	NA	NA	NA	NA	NA
NC_045512.2	7407	T	G	28	14	26	1	1	26	0.0322581	31	0.491525	FALSE	NA	NA	NA	NA	NA	NA
NC_045512.2	7407	T	C	28	14	26	2	2	28	0.0645161	31	0.245763	FALSE	NA	NA	NA	NA	NA	NA
NC_045512.2	7408	T	G	24	10	25	2	2	23	0.0645161	31	0.211039	FALSE	NA	NA	NA	NA	NA	NA
NC_045512.2	7408	T	C	24	10	25	3	3	26	0.0967742	31	0.0999658	FALSE	NA	NA	NA	NA	NA	NA
NC_045512.2	7408	T	A	24	10	25	2	2	27	0.0645161	31	0.211039	FALSE	NA	NA	NA	NA	NA	NA
NC_045512.2	7409	A	G	28	14	27	5	5	25	0.151515	33	0.0287336	FALSE	NA	NA	NA	NA	NA	NA
NC_045512.2	7410	G	T	28	15	26	1	1	27	0.03125	32	0.483333	FALSE	NA	NA	NA	NA	NA	NA
NC_045512.2	7410	G	C	28	15	26	3	3	26	0.09375	32	0.118852	FALSE	NA	NA	NA	NA	NA	NA
NC_045512.2	7411	A	T	24	11	25	4	4	23	0.129032	31	0.0482594	FALSE	NA	NA	NA	NA	NA	NA
NC_045512.2	7411	A	C	24	11	25	3	3	27	0.0967742	31	0.0999658	FALSE	NA	NA	NA	NA	NA	NA
NC_045512.2	7412	A	T	21	13	25	5	5	26	0.185185	27	0.0253101	FALSE	NA	NA	NA	NA	NA	NA
NC_045512.2	7412	A	C	21	13	25	1	1	24	0.037037	27	0.458333	FALSE	NA	NA	NA	NA	NA	NA
NC_045512.2	7413	T	G	26	13	26	1	1	27	0.030303	33	0.457627	FALSE	NA	NA	NA	NA	NA	NA
NC_045512.2	7413	T	C	26	13	26	1	1	26	0.030303	33	0.457627	FALSE	NA	NA	NA	NA	NA	NA
NC_045512.2	7413	T	A	26	13	26	5	5	26	0.151515	33	0.0241734	FALSE	NA	NA	NA	NA	NA	NA
NC_045512.2	7414	G	T	24	12	27	4	4	27	0.129032	31	0.0482594	FALSE	NA	NA	NA	NA	NA	NA
NC_045512.2	7414	G	C	24	12	27	1	1	27	0.0322581	31	0.454545	FALSE	NA	NA	NA	NA	NA	NA
NC_045512.2	7414	G	A	24	12	27	2	2	26	0.0645161	31	0.211039	FALSE	NA	NA	NA	NA	NA	NA
NC_045512.2	7415	T	G	25	13	27	8	8	26	0.235294	34	0.00241734	TRUE	NA	NA	NA	NA	NA	NA
NC_045512.2	7415	T	A	25	13	27	1	1	23	0.0294118	34	0.440678	FALSE	NA	NA	NA	NA	NA	NA
NC_045512.2	7416	A	T	23	11	27	5	5	26	0.142857	35	0.0151878	FALSE	NA	NA	NA	NA	NA	NA
NC_045512.2	7416	A	G	23	11	27	4	4	27	0.114286	35	0.03363	FALSE	NA	NA	NA	NA	NA	NA
NC_045512.2	7416	A	C	23	11	27	3	3	26	0.0857143	35	0.075979	FALSE	NA	NA	NA	NA	NA	NA
NC_045512.2	7417	C	T	23	11	27	7	7	26	0.2	35	0.00327712	TRUE	NA	NA	NA	NA	NA	NA
NC_045512.2	7417	C	G	23	11	27	2	2	21	0.0571429	35	0.175336	FALSE	NA	NA	NA	NA	NA	NA
NC_045512.2	7417	C	A	23	11	27	3	3	25	0.0857143	35	0.075979	FALSE	NA	NA	NA	NA	NA	NA
NC_045512.2	7418	A	T	26	14	26	3	3	28	0.0857143	35	0.0920148	FALSE	NA	NA	NA	NA	NA	NA
NC_045512.2	7418	A	G	26	14	26	6	6	25	0.171429	35	0.00997363	TRUE	NA	NA	NA	NA	NA	NA
NC_045512.2	7419	T	G	29	17	26	3	3	26	0.0833333	36	0.103538	FALSE	NA	NA	NA	NA	NA	NA
NC_045512.2	7419	T	C	29	17	26	1	1	27	0.0277778	36	0.461538	FALSE	NA	NA	NA	NA	NA	NA
NC_045512.2	7419	T	A	29	17	26	3	3	28	0.0833333	36	0.103538	FALSE	NA	NA	NA	NA	NA	NA
NC_045512.2	7420	C	T	24	12	26	5	5	26	0.138889	36	0.0155754	FALSE	NA	NA	NA	NA	NA	NA
NC_045512.2	7420	C	G	24	12	26	3	3	28	0.0833333	36	0.07734	FALSE	NA	NA	NA	NA	NA	NA
NC_045512.2	7420	C	A	24	12	26	4	4	26	0.111111	36	0.0343733	FALSE	NA	NA	NA	NA	NA	NA
NC_045512.2	7421	T	C	26	14	24	3	3	26	0.0833333	36	0.0877016	FALSE	NA	NA	NA	NA	NA	NA
NC_045512.2	7421	T	A	26	14	24	7	7	25	0.194444	36	0.0044067	TRUE	NA	NA	NA	NA	NA	NA
NC_045512.2	7422	T	G	22	13	25	2	2	30	0.0606061	33	0.179221	FALSE	NA	NA	NA	NA	NA	NA
NC_045512.2	7422	T	A	22	13	25	9	9	26	0.272727	33	0.000851797	TRUE	NA	NA	NA	NA	NA	NA
NC_045512.2	7423	C	T	23	11	26	8	8	27	0.235294	34	0.00178229	TRUE	NA	NA	NA	NA	NA	NA
NC_045512.2	7423	C	G	23	11	26	2	2	28	0.0588235	34	0.181488	FALSE	NA	NA	NA	NA	NA	NA
NC_045512.2	7423	C	A	23	11	26	1	1	28	0.0294118	34	0.421053	FALSE	NA	NA	NA	NA	NA	NA
NC_045512.2	7424	T	G	24	12	26	2	2	27	0.0666667	30	0.218855	FALSE	NA	NA	NA	NA	NA	NA
NC_045512.2	7424	T	A	24	12	26	4	4	24	0.133333	30	0.0518341	FALSE	NA	NA	NA	NA	NA	NA
NC_045512.2	7425	T	G	28	16	27	1	1	30	0.027027	37	0.446154	FALSE	NA	NA	NA	NA	NA	NA
NC_045512.2	7425	T	C	28	16	27	1	1	27	0.027027	37	0.446154	FALSE	NA	NA	NA	NA	NA	NA
NC_045512.2	7425	T	A	28	16	27	7	7	26	0.189189	37	0.00505645	TRUE	NA	NA	NA	NA	NA	NA
NC_045512.2	7426	T	C	34	24	25	2	2	26	0.0487805	41	0.221053	FALSE	NA	NA	NA	NA	NA	NA
NC_045512.2	7426	T	A	34	24	25	5	5	28	0.121951	41	0.0255466	FALSE	NA	NA	NA	NA	NA	NA
NC_045512.2	7427	G	T	33	17	26	7	7	25	0.148936	47	0.00346973	TRUE	NA	NA	NA	NA	NA	NA
NC_045512.2	7427	G	C	33	17	26	2	2	29	0.0425532	47	0.183642	FALSE	NA	NA	NA	NA	NA	NA
NC_045512.2	7427	G	A	33	17	26	5	5	27	0.106383	47	0.0162588	FALSE	NA	NA	NA	NA	NA	NA
NC_045512.2	7428	C	T	34	18	26	7	7	26	0.148936	47	0.00384744	TRUE	NA	NA	NA	NA	NA	NA
NC_045512.2	7428	C	G	34	18	26	1	1	28	0.0212766	47	0.432099	FALSE	NA	NA	NA	NA	NA	NA
NC_045512.2	7428	C	A	34	18	26	5	5	25	0.106383	47	0.0175528	FALSE	NA	NA	NA	NA	NA	NA
NC_045512.2	7429	A	T	36	20	26	8	8	27	0.170213	47	0.00228641	TRUE	NA	NA	NA	NA	NA	NA
NC_045512.2	7429	A	G	36	20	26	1	1	26	0.0212766	47	0.445783	FALSE	NA	NA	NA	NA	NA	NA
NC_045512.2	7429	A	C	36	20	26	2	2	26	0.0425532	47	0.201664	FALSE	NA	NA	NA	NA	NA	NA
NC_045512.2	7430	T	C	39	23	26	2	2	25	0.0434783	46	0.22435	FALSE	NA	NA	NA	NA	NA	NA
NC_045512.2	7430	T	A	39	23	26	5	5	28	0.108696	46	0.026164	FALSE	NA	NA	NA	NA	NA	NA
NC_045512.2	7431	C	T	36	20	26	5	5	24	0.106383	47	0.0202815	FALSE	NA	NA	NA	NA	NA	NA
NC_045512.2	7431	C	G	36	20	26	4	4	26	0.0851064	47	0.0430363	FALSE	NA	NA	NA	NA	NA	NA
NC_045512.2	7431	C	A	36	20	26	2	2	26	0.0425532	47	0.201664	FALSE	NA	NA	NA	NA	NA	NA
NC_045512.2	7432	A	T	35	19	25	8	8	26	0.170213	47	0.00205321	TRUE	NA	NA	NA	NA	NA	NA
NC_045512.2	7432	A	G	35	19	25	2	2	23	0.0425532	47	0.19571	FALSE	NA	NA	NA	NA	NA	NA
NC_045512.2	7432	A	C	35	19	25	2	2	26	0.0425532	47	0.19571	FALSE	NA	NA	NA	NA	NA	NA
NC_045512.2	7432	A	-T	35	19	25	2	0	20	0.0425532	47	0.19571	FALSE	NA	NA	NA	NA	NA	NA
NC_045512.2	7433	T	G	22	12	24	1	1	25	0.0344828	29	0.433962	FALSE	NA	NA	NA	NA	NA	NA
NC_045512.2	7433	T	C	22	12	24	3	3	23	0.103448	29	0.0876691	FALSE	NA	NA	NA	NA	NA	NA
NC_045512.2	7433	T	A	22	12	24	3	3	24	0.103448	29	0.0876691	FALSE	NA	NA	NA	NA	NA	NA
NC_045512.2	7434	T	G	33	21	27	2	2	27	0.05	40	0.220289	FALSE	NA	NA	NA	NA	NA	NA
NC_045512.2	7434	T	C	33	21	27	1	1	25	0.025	40	0.465753	FALSE	NA	NA	NA	NA	NA	NA
NC_045512.2	7434	T	A	33	21	27	4	4	29	0.1	40	0.051478	FALSE	NA	NA	NA	NA	NA	NA
NC_045512.2	7435	T	G	40	28	27	2	2	28	0.0465116	43	0.246988	FALSE	NA	NA	NA	NA	NA	NA
NC_045512.2	7435	T	C	40	28	27	1	1	27	0.0232558	43	0.493976	FALSE	NA	NA	NA	NA	NA	NA
NC_045512.2	7436	T	G	32	27	26	1	1	25	0.0277778	36	0.485294	FALSE	NA	NA	NA	NA	NA	NA
NC_045512.2	7436	T	A	32	27	26	3	3	26	0.0833333	36	0.119565	FALSE	NA	NA	NA	NA	NA	NA
NC_045512.2	7437	A	T	33	21	26	2	2	25	0.0465116	43	0.203349	FALSE	NA	NA	NA	NA	NA	NA
NC_045512.2	7437	A	G	33	21	26	2	2	23	0.0465116	43	0.203349	FALSE	NA	NA	NA	NA	NA	NA
NC_045512.2	7437	A	C	33	21	26	6	6	27	0.139535	43	0.0100531	FALSE	NA	NA	NA	NA	NA	NA
NC_045512.2	7438	T	G	34	22	24	3	3	27	0.0681818	44	0.0945716	FALSE	NA	NA	NA	NA	NA	NA
NC_045512.2	7438	T	C	34	22	24	3	3	28	0.0681818	44	0.0945716	FALSE	NA	NA	NA	NA	NA	NA
NC_045512.2	7438	T	A	34	22	24	4	4	24	0.0909091	44	0.0443669	FALSE	NA	NA	NA	NA	NA	NA
NC_045512.2	7439	T	G	34	24	26	4	4	25	0.0888889	45	0.0422027	FALSE	NA	NA	NA	NA	NA	NA
NC_045512.2	7439	T	C	34	24	26	2	2	27	0.0444444	45	0.199367	FALSE	NA	NA	NA	NA	NA	NA
NC_045512.2	7439	T	A	34	24	26	5	5	27	0.111111	45	0.0198302	FALSE	NA	NA	NA	NA	NA	NA
NC_045512.2	7440	A	T	35	23	27	4	4	27	0.0833333	48	0.0387327	FALSE	NA	NA	NA	NA	NA	NA
NC_045512.2	7440	A	G	35	23	27	5	5	24	0.104167	48	0.0178081	FALSE	NA	NA	NA	NA	NA	NA
NC_045512.2	7440	A	C	35	23	27	4	4	23	0.0833333	48	0.0387327	FALSE	NA	NA	NA	NA	NA	NA
NC_045512.2	7441	T	G	32	20	27	9	9	26	0.183673	49	0.000551178	TRUE	NA	NA	NA	NA	NA	NA
NC_045512.2	7441	T	C	32	20	27	4	4	27	0.0816327	49	0.0305286	FALSE	NA	NA	NA	NA	NA	NA
NC_045512.2	7441	T	A	32	20	27	4	4	24	0.0816327	49	0.0305286	FALSE	NA	NA	NA	NA	NA	NA
NC_045512.2	7442	G	T	33	21	27	7	7	25	0.148936	47	0.00346973	TRUE	NA	NA	NA	NA	NA	NA
NC_045512.2	7442	G	C	33	21	27	4	4	27	0.0851064	47	0.0359405	FALSE	NA	NA	NA	NA	NA	NA
NC_045512.2	7442	G	A	33	21	27	3	3	27	0.0638298	47	0.0806233	FALSE	NA	NA	NA	NA	NA	NA
NC_045512.2	7443	T	G	39	26	26	4	4	26	0.0833333	48	0.0482978	FALSE	NA	NA	NA	NA	NA	NA
NC_045512.2	7443	T	A	39	26	26	5	5	25	0.104167	48	0.0233528	FALSE	NA	NA	NA	NA	NA	NA
NC_045512.2	7444	A	T	34	21	27	9	9	28	0.183673	49	0.000719501	TRUE	NA	NA	NA	NA	NA	NA
NC_045512.2	7444	A	G	34	21	27	3	3	25	0.0612245	49	0.0786676	FALSE	NA	NA	NA	NA	NA	NA
NC_045512.2	7444	A	C	34	21	27	3	3	25	0.0612245	49	0.0786676	FALSE	NA	NA	NA	NA	NA	NA
NC_045512.2	7445	T	G	34	22	26	2	2	27	0.0408163	49	0.180723	FALSE	NA	NA	NA	NA	NA	NA
NC_045512.2	7445	T	C	34	22	26	5	5	28	0.102041	49	0.0155821	FALSE	NA	NA	NA	NA	NA	NA
NC_045512.2	7445	T	A	34	22	26	8	8	26	0.163265	49	0.00152267	TRUE	NA	NA	NA	NA	NA	NA
NC_045512.2	7446	G	T	28	16	24	9	9	28	0.191489	47	0.000378479	TRUE	NA	NA	NA	NA	NA	NA
NC_045512.2	7446	G	C	28	16	24	5	5	30	0.106383	47	0.0105307	FALSE	NA	NA	NA	NA	NA	NA
NC_045512.2	7446	G	A	28	16	24	5	5	25	0.106383	47	0.0105307	FALSE	NA	NA	NA	NA	NA	NA
NC_045512.2	7447	G	T	26	21	27	5	5	27	0.125	40	0.0140387	FALSE	NA	NA	NA	NA	NA	NA
NC_045512.2	7447	G	C	26	21	27	5	5	29	0.125	40	0.0140387	FALSE	NA	NA	NA	NA	NA	NA
NC_045512.2	7447	G	A	26	21	27	4	4	25	0.1	40	0.0317004	FALSE	NA	NA	NA	NA	NA	NA
NC_045512.2	7447	G	-A	26	21	27	2	0	20	0.05	40	0.170963	FALSE	NA	NA	NA	NA	NA	NA
NC_045512.2	7448	A	T	23	15	23	13	13	27	0.325	40	8.75542e-06	TRUE	NA	NA	NA	NA	NA	NA
NC_045512.2	7448	A	G	23	15	23	3	3	28	0.075	40	0.049624	FALSE	NA	NA	NA	NA	NA	NA
NC_045512.2	7448	A	C	23	15	23	1	1	30	0.025	40	0.358209	FALSE	NA	NA	NA	NA	NA	NA
NC_045512.2	7449	A	T	33	22	27	11	11	27	0.229167	48	0.000162056	TRUE	NA	NA	NA	NA	NA	NA
NC_045512.2	7449	A	G	33	22	27	4	4	24	0.0833333	48	0.0342291	FALSE	NA	NA	NA	NA	NA	NA
NC_045512.2	7450	A	T	33	22	27	9	9	28	0.195652	46	0.000869326	TRUE	NA	NA	NA	NA	NA	NA
NC_045512.2	7450	A	G	33	22	27	4	4	26	0.0869565	46	0.0377603	FALSE	NA	NA	NA	NA	NA	NA
NC_045512.2	7451	A	T	23	21	26	13	13	25	0.333333	39	2.20798e-05	TRUE	NA	NA	NA	NA	NA	NA
NC_045512.2	7451	A	G	23	21	26	3	3	27	0.0769231	39	0.062404	FALSE	NA	NA	NA	NA	NA	NA
NC_045512.2	7452	G	T	31	20	26	12	12	26	0.255319	47	6.46171e-05	TRUE	NA	NA	NA	NA	NA	NA
NC_045512.2	7452	G	C	31	20	26	1	1	28	0.0212766	47	0.410256	FALSE	NA	NA	NA	NA	NA	NA
NC_045512.2	7452	G	A	31	20	26	3	3	28	0.0638298	47	0.0728335	FALSE	NA	NA	NA	NA	NA	NA
NC_045512.2	7453	T	G	36	25	25	1	1	25	0.0208333	48	0.440476	FALSE	NA	NA	NA	NA	NA	NA
NC_045512.2	7453	T	C	36	25	25	3	3	26	0.0625	48	0.0893004	FALSE	NA	NA	NA	NA	NA	NA
NC_045512.2	7453	T	A	36	25	25	8	8	25	0.166667	48	0.00208541	TRUE	NA	NA	NA	NA	NA	NA
NC_045512.2	7454	T	G	30	22	25	4	4	27	0.0851064	47	0.0293226	FALSE	NA	NA	NA	NA	NA	NA
NC_045512.2	7454	T	C	30	22	25	2	2	25	0.0425532	47	0.165168	FALSE	NA	NA	NA	NA	NA	NA
NC_045512.2	7454	T	A	30	22	25	11	11	28	0.234043	47	0.000112817	TRUE	NA	NA	NA	NA	NA	NA
NC_045512.2	7455	A	T	32	21	26	9	9	26	0.18	50	0.00049606	TRUE	NA	NA	NA	NA	NA	NA
NC_045512.2	7455	A	G	32	21	26	7	7	26	0.14	50	0.00242283	TRUE	NA	NA	NA	NA	NA	NA
NC_045512.2	7455	A	C	32	21	26	2	2	26	0.04	50	0.164855	FALSE	NA	NA	NA	NA	NA	NA
NC_045512.2	7456	T	G	36	25	26	5	5	25	0.0980392	51	0.0161145	FALSE	NA	NA	NA	NA	NA	NA
NC_045512.2	7456	T	C	36	25	26	3	3	27	0.0588235	51	0.0804744	FALSE	NA	NA	NA	NA	NA	NA
NC_045512.2	7456	T	A	36	25	26	7	7	24	0.137255	51	0.00340146	TRUE	NA	NA	NA	NA	NA	NA
NC_045512.2	7457	G	T	32	22	27	5	5	27	0.1	50	0.0125163	FALSE	NA	NA	NA	NA	NA	NA
NC_045512.2	7457	G	C	32	22	27	1	1	28	0.02	50	0.402439	FALSE	NA	NA	NA	NA	NA	NA
NC_045512.2	7457	G	A	32	22	27	12	12	25	0.24	50	5.06282e-05	TRUE	NA	NA	NA	NA	NA	NA
NC_045512.2	7458	T	G	37	27	27	2	2	26	0.0416667	48	0.202736	FALSE	NA	NA	NA	NA	NA	NA
NC_045512.2	7458	T	C	37	27	27	1	1	26	0.0208333	48	0.447059	FALSE	NA	NA	NA	NA	NA	NA
NC_045512.2	7458	T	A	37	27	27	8	8	26	0.166667	48	0.00231576	TRUE	NA	NA	NA	NA	NA	NA
NC_045512.2	7459	G	T	28	18	26	12	12	26	0.24	50	2.35357e-05	TRUE	NA	NA	NA	NA	NA	NA
NC_045512.2	7459	G	A	28	18	26	10	10	26	0.2	50	0.000118161	TRUE	NA	NA	NA	NA	NA	NA
NC_045512.2	7460	C	T	32	21	27	6	6	26	0.117647	51	0.00509415	TRUE	NA	NA	NA	NA	NA	NA
NC_045512.2	7460	C	G	32	21	27	4	4	25	0.0784314	51	0.0277389	FALSE	NA	NA	NA	NA	NA	NA
NC_045512.2	7460	C	A	32	21	27	9	9	25	0.176471	51	0.000446999	TRUE	NA	NA	NA	NA	NA	NA
NC_045512.2	7461	A	T	35	25	26	6	6	24	0.113208	53	0.00589887	TRUE	NA	NA	NA	NA	NA	NA
NC_045512.2	7461	A	G	35	25	26	6	5	28	0.113208	53	0.00589887	TRUE	NA	NA	NA	NA	NA	NA
NC_045512.2	7461	A	C	35	25	26	6	6	27	0.113208	53	0.00589887	TRUE	NA	NA	NA	NA	NA	NA
NC_045512.2	7462	T	G	42	31	26	5	5	28	0.0961538	52	0.0225875	FALSE	NA	NA	NA	NA	NA	NA
NC_045512.2	7462	T	C	42	31	26	2	2	26	0.0384615	52	0.21187	FALSE	NA	NA	NA	NA	NA	NA
NC_045512.2	7462	T	A	42	31	26	3	3	24	0.0576923	52	0.0993141	FALSE	NA	NA	NA	NA	NA	NA
NC_045512.2	7463	G	T	32	21	26	13	13	26	0.236364	55	1.18015e-05	TRUE	NA	NA	NA	NA	NA	NA
NC_045512.2	7463	G	C	32	21	26	5	5	27	0.0909091	55	0.00937323	TRUE	NA	NA	NA	NA	NA	NA
NC_045512.2	7463	G	A	32	21	26	5	5	24	0.0909091	55	0.00937323	TRUE	NA	NA	NA	NA	NA	NA
NC_045512.2	7464	T	G	38	27	25	5	5	25	0.0943396	53	0.0166136	FALSE	NA	NA	NA	NA	NA	NA
NC_045512.2	7464	T	C	38	27	25	1	1	23	0.0188679	53	0.428571	FALSE	NA	NA	NA	NA	NA	NA
NC_045512.2	7464	T	A	38	27	25	9	9	26	0.169811	53	0.000787189	TRUE	NA	NA	NA	NA	NA	NA
NC_045512.2	7465	T	G	41	30	26	6	6	26	0.109091	55	0.00847253	TRUE	NA	NA	NA	NA	NA	NA
NC_045512.2	7465	T	C	41	30	26	2	2	25	0.0363636	55	0.193943	FALSE	NA	NA	NA	NA	NA	NA
NC_045512.2	7465	T	A	41	30	26	6	6	25	0.109091	55	0.00847253	TRUE	NA	NA	NA	NA	NA	NA
NC_045512.2	7466	G	T	38	27	26	7	7	26	0.12963	54	0.0032802	TRUE	NA	NA	NA	NA	NA	NA
NC_045512.2	7466	G	C	38	27	26	3	3	25	0.0555556	54	0.0795261	FALSE	NA	NA	NA	NA	NA	NA
NC_045512.2	7466	G	A	38	27	26	6	6	25	0.111111	54	0.00714354	TRUE	NA	NA	NA	NA	NA	NA
NC_045512.2	7467	T	G	39	28	27	4	4	27	0.0714286	56	0.034164	FALSE	NA	NA	NA	NA	NA	NA
NC_045512.2	7467	T	C	39	28	27	5	5	25	0.0892857	56	0.015184	FALSE	NA	NA	NA	NA	NA	NA
NC_045512.2	7467	T	A	39	28	27	8	8	26	0.142857	56	0.00143395	TRUE	NA	NA	NA	NA	NA	NA
NC_045512.2	7468	A	T	38	27	27	11	11	26	0.203704	54	0.000163545	TRUE	NA	NA	NA	NA	NA	NA
NC_045512.2	7468	A	G	38	27	27	2	2	26	0.037037	54	0.182328	FALSE	NA	NA	NA	NA	NA	NA
NC_045512.2	7468	A	C	38	27	27	3	3	28	0.0555556	54	0.0795261	FALSE	NA	NA	NA	NA	NA	NA
NC_045512.2	7469	G	T	32	21	27	11	11	26	0.196429	56	5.13366e-05	TRUE	NA	NA	NA	NA	NA	NA
NC_045512.2	7469	G	C	32	21	27	8	8	27	0.142857	56	0.000632695	TRUE	NA	NA	NA	NA	NA	NA
NC_045512.2	7469	G	A	32	21	27	5	5	27	0.0892857	56	0.00886382	TRUE	NA	NA	NA	NA	NA	NA
NC_045512.2	7470	A	T	37	26	26	8	8	27	0.148148	54	0.00136975	TRUE	NA	NA	NA	NA	NA	NA
NC_045512.2	7470	A	G	37	26	26	5	5	27	0.0925926	54	0.0146817	FALSE	NA	NA	NA	NA	NA	NA
NC_045512.2	7470	A	C	37	26	26	4	4	28	0.0740741	54	0.0332087	FALSE	NA	NA	NA	NA	NA	NA
NC_045512.2	7471	C	T	29	18	26	12	12	27	0.214286	56	1.26446e-05	TRUE	NA	NA	NA	NA	NA	NA
NC_045512.2	7471	C	G	29	18	26	4	4	28	0.0714286	56	0.017548	FALSE	NA	NA	NA	NA	NA	NA
NC_045512.2	7471	C	A	29	18	26	11	11	26	0.196429	56	2.96068e-05	TRUE	NA	NA	NA	NA	NA	NA
NC_045512.2	7472	G	T	30	19	25	11	11	27	0.211538	52	5.87782e-05	TRUE	NA	NA	NA	NA	NA	NA
NC_045512.2	7472	G	C	30	19	25	3	3	25	0.0576923	52	0.0572604	FALSE	NA	NA	NA	NA	NA	NA
NC_045512.2	7472	G	A	30	19	25	8	8	25	0.153846	52	0.000692436	TRUE	NA	NA	NA	NA	NA	NA
NC_045512.2	7473	G	T	34	25	26	11	11	25	0.2	55	8.0528e-05	TRUE	NA	NA	NA	NA	NA	NA
NC_045512.2	7473	G	C	34	25	26	3	3	27	0.0545455	55	0.0639585	FALSE	NA	NA	NA	NA	NA	NA
NC_045512.2	7473	G	A	34	25	26	7	7	26	0.127273	55	0.00203455	TRUE	NA	NA	NA	NA	NA	NA
NC_045512.2	7474	T	G	43	33	24	6	6	23	0.107143	56	0.00921575	TRUE	NA	NA	NA	NA	NA	NA
NC_045512.2	7474	T	C	43	33	24	2	2	26	0.0357143	56	0.2	FALSE	NA	NA	NA	NA	NA	NA
NC_045512.2	7474	T	A	43	33	24	5	5	26	0.0892857	56	0.01956	FALSE	NA	NA	NA	NA	NA	NA
NC_045512.2	7475	T	G	42	32	26	6	6	26	0.105263	57	0.00808729	TRUE	NA	NA	NA	NA	NA	NA
NC_045512.2	7475	T	C	42	32	26	6	6	26	0.105263	57	0.00808729	TRUE	NA	NA	NA	NA	NA	NA
NC_045512.2	7475	T	A	42	32	26	3	3	24	0.0526316	57	0.0851485	FALSE	NA	NA	NA	NA	NA	NA
NC_045512.2	7476	G	T	33	23	27	12	12	25	0.214286	56	2.73795e-05	TRUE	NA	NA	NA	NA	NA	NA
NC_045512.2	7476	G	C	33	23	27	6	6	25	0.107143	56	0.00400707	TRUE	NA	NA	NA	NA	NA	NA
NC_045512.2	7476	G	A	33	23	27	5	5	24	0.0892857	56	0.00965806	TRUE	NA	NA	NA	NA	NA	NA
NC_045512.2	7477	T	G	41	31	26	3	3	24	0.0526316	57	0.0819048	FALSE	NA	NA	NA	NA	NA	NA
NC_045512.2	7477	T	C	41	31	26	6	6	29	0.105263	57	0.00750963	TRUE	NA	NA	NA	NA	NA	NA
NC_045512.2	7477	T	A	41	31	26	7	7	26	0.122807	57	0.00346598	TRUE	NA	NA	NA	NA	NA	NA
NC_045512.2	7478	A	T	36	26	25	9	9	26	0.160714	56	0.000465854	TRUE	NA	NA	NA	NA	NA	NA
NC_045512.2	7478	A	G	36	26	25	6	6	25	0.107143	56	0.00530857	TRUE	NA	NA	NA	NA	NA	NA
NC_045512.2	7478	A	C	36	26	25	5	5	29	0.0892857	56	0.0122603	FALSE	NA	NA	NA	NA	NA	NA
NC_045512.2	7479	A	T	35	25	25	5	5	26	0.0925926	54	0.012661	FALSE	NA	NA	NA	NA	NA	NA
NC_045512.2	7479	A	G	35	25	25	6	6	26	0.111111	54	0.00552235	TRUE	NA	NA	NA	NA	NA	NA
NC_045512.2	7479	A	C	35	25	25	8	8	27	0.148148	54	0.00109357	TRUE	NA	NA	NA	NA	NA	NA
NC_045512.2	7480	T	G	34	24	24	6	6	25	0.109091	55	0.0047142	TRUE	NA	NA	NA	NA	NA	NA
NC_045512.2	7480	T	C	34	24	24	4	4	25	0.0727273	55	0.0264176	FALSE	NA	NA	NA	NA	NA	NA
NC_045512.2	7480	T	A	34	24	24	11	11	24	0.2	55	8.0528e-05	TRUE	NA	NA	NA	NA	NA	NA
NC_045512.2	7480	T	-T	34	24	24	1	0	20	0.0181818	55	0.393258	FALSE	NA	NA	NA	NA	NA	NA
NC_045512.2	7481	T	G	42	32	26	1	1	25	0.0169492	59	0.425743	FALSE	NA	NA	NA	NA	NA	NA
NC_045512.2	7481	T	C	42	32	26	3	3	25	0.0508475	59	0.080237	FALSE	NA	NA	NA	NA	NA	NA
NC_045512.2	7481	T	A	42	32	26	13	13	25	0.220339	59	3.7798e-05	TRUE	NA	NA	NA	NA	NA	NA
NC_045512.2	7482	C	T	31	21	27	14	14	25	0.241379	58	2.80652e-06	TRUE	NA	NA	NA	NA	NA	NA
NC_045512.2	7482	C	G	31	21	27	6	6	25	0.103448	58	0.00285524	TRUE	NA	NA	NA	NA	NA	NA
NC_045512.2	7482	C	A	31	21	27	7	7	25	0.12069	58	0.0011421	TRUE	NA	NA	NA	NA	NA	NA
NC_045512.2	7483	A	T	30	20	27	22	22	26	0.338462	65	9.74465e-10	TRUE	NA	NA	NA	NA	NA	NA
NC_045512.2	7483	A	G	30	20	27	4	4	26	0.0615385	65	0.0128384	FALSE	NA	NA	NA	NA	NA	NA
NC_045512.2	7483	A	C	30	20	27	9	9	26	0.138462	65	8.44381e-05	TRUE	NA	NA	NA	NA	NA	NA
NC_045512.2	7484	T	G	40	30	27	12	12	26	0.179104	67	2.41896e-05	TRUE	NA	NA	NA	NA	NA	NA
NC_045512.2	7484	T	C	40	30	27	2	2	27	0.0298507	67	0.149013	FALSE	NA	NA	NA	NA	NA	NA
NC_045512.2	7484	T	A	40	30	27	13	13	26	0.19403	67	1.07735e-05	TRUE	NA	NA	NA	NA	NA	NA
NC_045512.2	7485	C	T	37	28	27	17	17	26	0.261538	65	3.37474e-07	TRUE	NA	NA	NA	NA	NA	NA
NC_045512.2	7485	C	G	37	28	27	6	6	27	0.0923077	65	0.00337334	TRUE	NA	NA	NA	NA	NA	NA
NC_045512.2	7485	C	A	37	28	27	5	5	27	0.0769231	65	0.00839413	TRUE	NA	NA	NA	NA	NA	NA
NC_045512.2	7486	A	T	39	31	25	11	11	26	0.169231	65	5.80511e-05	TRUE	NA	NA	NA	NA	NA	NA
NC_045512.2	7486	A	G	39	31	25	6	6	25	0.0923077	65	0.00402221	TRUE	NA	NA	NA	NA	NA	NA
NC_045512.2	7486	A	C	39	31	25	9	9	26	0.138462	65	0.00030523	TRUE	NA	NA	NA	NA	NA	NA
NC_045512.2	7487	A	T	31	26	26	19	19	26	0.301587	63	2.16692e-08	TRUE	NA	NA	NA	NA	NA	NA
NC_045512.2	7487	A	G	31	26	26	7	7	27	0.111111	63	0.000788393	TRUE	NA	NA	NA	NA	NA	NA
NC_045512.2	7487	A	C	31	26	26	6	6	28	0.0952381	63	0.00207472	TRUE	NA	NA	NA	NA	NA	NA
NC_045512.2	7488	C	T	37	29	26	13	13	26	0.216667	60	1.51769e-05	TRUE	NA	NA	NA	NA	NA	NA
NC_045512.2	7488	C	G	37	29	26	4	4	24	0.0666667	60	0.0258261	FALSE	NA	NA	NA	NA	NA	NA
NC_045512.2	7488	C	A	37	29	26	6	6	26	0.1	60	0.00452747	TRUE	NA	NA	NA	NA	NA	NA
NC_045512.2	7489	T	G	40	32	25	8	8	27	0.126984	63	0.000921025	TRUE	NA	NA	NA	NA	NA	NA
NC_045512.2	7489	T	C	40	32	25	4	4	27	0.0634921	63	0.0273268	FALSE	NA	NA	NA	NA	NA	NA
NC_045512.2	7489	T	A	40	32	25	11	11	26	0.174603	63	8.19197e-05	TRUE	NA	NA	NA	NA	NA	NA
NC_045512.2	7490	T	G	45	37	25	6	6	28	0.0967742	62	0.00752775	TRUE	NA	NA	NA	NA	NA	NA
NC_045512.2	7490	T	C	45	37	25	3	3	27	0.0483871	62	0.0823878	FALSE	NA	NA	NA	NA	NA	NA
NC_045512.2	7490	T	A	45	37	25	8	8	26	0.129032	62	0.0016105	TRUE	NA	NA	NA	NA	NA	NA
NC_045512.2	7491	G	T	28	20	27	29	29	27	0.439394	66	1.55708e-12	TRUE	NA	NA	NA	NA	NA	NA
NC_045512.2	7491	G	C	28	20	27	1	1	26	0.0151515	66	0.308511	FALSE	NA	NA	NA	NA	NA	NA
NC_045512.2	7491	G	A	28	20	27	8	8	28	0.121212	66	0.000149733	TRUE	NA	NA	NA	NA	NA	NA
NC_045512.2	7492	T	G	42	34	27	6	6	25	0.0909091	66	0.004857	TRUE	NA	NA	NA	NA	NA	NA
NC_045512.2	7492	T	C	42	34	27	6	6	27	0.0909091	66	0.004857	TRUE	NA	NA	NA	NA	NA	NA
NC_045512.2	7492	T	A	42	34	27	12	12	26	0.181818	66	3.61495e-05	TRUE	NA	NA	NA	NA	NA	NA
NC_045512.2	7493	A	T	37	29	26	19	19	26	0.292308	65	7.27885e-08	TRUE	NA	NA	NA	NA	NA	NA
NC_045512.2	7493	A	G	37	29	26	5	5	28	0.0769231	65	0.00839413	TRUE	NA	NA	NA	NA	NA	NA
NC_045512.2	7493	A	C	37	29	26	4	4	27	0.0615385	65	0.0211852	FALSE	NA	NA	NA	NA	NA	NA
NC_045512.2	7494	T	G	44	36	26	4	4	26	0.0597015	67	0.0291598	FALSE	NA	NA	NA	NA	NA	NA
NC_045512.2	7494	T	C	44	36	26	2	2	25	0.0298507	67	0.166506	FALSE	NA	NA	NA	NA	NA	NA
NC_045512.2	7494	T	A	44	36	26	17	17	26	0.253731	67	1.00664e-06	TRUE	NA	NA	NA	NA	NA	NA
NC_045512.2	7495	G	T	29	21	27	17	17	26	0.261538	65	4.53274e-08	TRUE	NA	NA	NA	NA	NA	NA
NC_045512.2	7495	G	C	29	21	27	7	7	26	0.107692	65	0.000521484	TRUE	NA	NA	NA	NA	NA	NA
NC_045512.2	7495	G	A	29	21	27	12	12	26	0.184615	65	4.04718e-06	TRUE	NA	NA	NA	NA	NA	NA
NC_045512.2	7496	A	T	42	34	26	20	20	27	0.294118	68	6.5012e-08	TRUE	NA	NA	NA	NA	NA	NA
NC_045512.2	7496	A	G	42	34	26	4	4	24	0.0588235	68	0.0253442	FALSE	NA	NA	NA	NA	NA	NA
NC_045512.2	7496	A	C	42	34	26	2	2	27	0.0294118	68	0.154955	FALSE	NA	NA	NA	NA	NA	NA
NC_045512.2	7497	T	G	37	29	27	16	16	26	0.231884	69	4.14948e-07	TRUE	NA	NA	NA	NA	NA	NA
NC_045512.2	7497	T	C	37	29	27	2	2	27	0.0289855	69	0.130665	FALSE	NA	NA	NA	NA	NA	NA
NC_045512.2	7497	T	A	37	29	27	14	14	26	0.202899	69	2.18615e-06	TRUE	NA	NA	NA	NA	NA	NA
NC_045512.2	7497	T	+T	37	29	27	1	0	20	0.0144928	69	0.358491	FALSE	NA	NA	NA	NA	NA	NA
NC_045512.2	7498	G	T	32	24	26	22	22	26	0.318841	69	8.29108e-10	TRUE	NA	NA	NA	NA	NA	NA
NC_045512.2	7498	G	C	32	24	26	8	8	26	0.115942	69	0.000218463	TRUE	NA	NA	NA	NA	NA	NA
NC_045512.2	7498	G	A	32	24	26	7	7	25	0.101449	69	0.000589851	TRUE	NA	NA	NA	NA	NA	NA
NC_045512.2	7499	T	G	39	31	26	12	12	27	0.176471	68	1.86074e-05	TRUE	NA	NA	NA	NA	NA	NA
NC_045512.2	7499	T	C	39	31	26	2	2	24	0.0294118	68	0.141918	FALSE	NA	NA	NA	NA	NA	NA
NC_045512.2	7499	T	A	39	31	26	15	15	27	0.220588	68	1.60267e-06	TRUE	NA	NA	NA	NA	NA	NA
NC_045512.2	7499	T	-GT	39	31	26	1	0	20	0.0147059	68	0.373832	FALSE	NA	NA	NA	NA	NA	NA
NC_045512.2	7500	G	T	28	20	26	26	26	27	0.38806	67	9.66268e-12	TRUE	NA	NA	NA	NA	NA	NA
NC_045512.2	7500	G	C	28	20	26	5	5	26	0.0746269	67	0.00315239	TRUE	NA	NA	NA	NA	NA	NA
NC_045512.2	7500	G	A	28	20	26	8	8	26	0.119403	67	0.000127272	TRUE	NA	NA	NA	NA	NA	NA
NC_045512.2	7501	T	G	34	26	25	12	12	25	0.181818	66	8.80948e-06	TRUE	NA	NA	NA	NA	NA	NA
NC_045512.2	7501	T	C	34	26	25	8	8	27	0.121212	66	0.000335289	TRUE	NA	NA	NA	NA	NA	NA
NC_045512.2	7501	T	A	34	26	25	12	12	26	0.181818	66	8.80948e-06	TRUE	NA	NA	NA	NA	NA	NA
NC_045512.2	7502	T	G	41	34	26	7	7	26	0.107692	65	0.00203239	TRUE	NA	NA	NA	NA	NA	NA
NC_045512.2	7502	T	C	41	34	26	8	8	27	0.123077	65	0.0008813	TRUE	NA	NA	NA	NA	NA	NA
NC_045512.2	7502	T	A	41	34	26	9	9	25	0.138462	65	0.000386535	TRUE	NA	NA	NA	NA	NA	NA
NC_045512.2	7503	A	T	38	30	25	11	11	25	0.171875	64	5.55202e-05	TRUE	NA	NA	NA	NA	NA	NA
NC_045512.2	7503	A	G	38	30	25	9	9	24	0.140625	64	0.000293464	TRUE	NA	NA	NA	NA	NA	NA
NC_045512.2	7503	A	C	38	30	25	6	6	27	0.09375	64	0.00390597	TRUE	NA	NA	NA	NA	NA	NA
NC_045512.2	7504	C	T	30	22	25	15	15	27	0.220588	68	2.19703e-07	TRUE	NA	NA	NA	NA	NA	NA
NC_045512.2	7504	C	G	30	22	25	11	11	26	0.161765	68	9.15826e-06	TRUE	NA	NA	NA	NA	NA	NA
NC_045512.2	7504	C	A	30	22	25	12	12	27	0.176471	68	3.52887e-06	TRUE	NA	NA	NA	NA	NA	NA
NC_045512.2	7504	C	-AA	30	22	25	1	0	20	0.0147059	68	0.316327	FALSE	NA	NA	NA	NA	NA	NA
NC_045512.2	7504	C	-A	30	22	25	1	0	20	0.0147059	68	0.316327	FALSE	NA	NA	NA	NA	NA	NA
NC_045512.2	7505	A	T	31	24	25	14	14	26	0.259259	54	3.77649e-06	TRUE	NA	NA	NA	NA	NA	NA
NC_045512.2	7505	A	G	31	24	25	6	6	27	0.111111	54	0.00326025	TRUE	NA	NA	NA	NA	NA	NA
NC_045512.2	7505	A	C	31	24	25	3	3	29	0.0555556	54	0.0526928	FALSE	NA	NA	NA	NA	NA	NA
NC_045512.2	7506	A	T	43	35	27	17	17	26	0.253731	67	7.26099e-07	TRUE	NA	NA	NA	NA	NA	NA
NC_045512.2	7506	A	G	43	35	27	4	4	28	0.0597015	67	0.0267299	FALSE	NA	NA	NA	NA	NA	NA
NC_045512.2	7506	A	C	43	35	27	3	3	27	0.0447761	67	0.0648341	FALSE	NA	NA	NA	NA	NA	NA
NC_045512.2	7507	A	T	39	35	26	14	14	27	0.21875	64	5.93836e-06	TRUE	NA	NA	NA	NA	NA	NA
NC_045512.2	7507	A	G	39	35	26	7	7	27	0.109375	64	0.00179632	TRUE	NA	NA	NA	NA	NA	NA
NC_045512.2	7507	A	C	39	35	26	4	4	27	0.0625	64	0.0248425	FALSE	NA	NA	NA	NA	NA	NA
NC_045512.2	7508	C	T	31	23	26	18	18	25	0.276923	65	3.42488e-08	TRUE	NA	NA	NA	NA	NA	NA
NC_045512.2	7508	C	G	31	23	26	4	4	25	0.0615385	65	0.0139093	FALSE	NA	NA	NA	NA	NA	NA
NC_045512.2	7508	C	A	31	23	26	12	12	26	0.184615	65	6.18799e-06	TRUE	NA	NA	NA	NA	NA	NA
NC_045512.2	7509	G	T	36	28	26	19	19	27	0.283582	67	4.05407e-08	TRUE	NA	NA	NA	NA	NA	NA
NC_045512.2	7509	G	C	36	28	26	5	5	26	0.0746269	67	0.00704927	TRUE	NA	NA	NA	NA	NA	NA
NC_045512.2	7509	G	A	36	28	26	7	7	26	0.104478	67	0.00108146	TRUE	NA	NA	NA	NA	NA	NA
NC_045512.2	7510	T	G	43	35	26	4	4	27	0.0615385	65	0.0297821	FALSE	NA	NA	NA	NA	NA	NA
NC_045512.2	7510	T	C	43	35	26	7	7	26	0.107692	65	0.00242751	TRUE	NA	NA	NA	NA	NA	NA
NC_045512.2	7510	T	A	43	35	26	11	11	26	0.169231	65	0.000100042	TRUE	NA	NA	NA	NA	NA	NA
NC_045512.2	7511	A	T	30	22	24	22	22	27	0.34375	64	1.20253e-09	TRUE	NA	NA	NA	NA	NA	NA
NC_045512.2	7511	A	G	30	22	24	7	7	27	0.109375	64	0.000643163	TRUE	NA	NA	NA	NA	NA	NA
NC_045512.2	7511	A	C	30	22	24	5	5	27	0.078125	64	0.00478027	TRUE	NA	NA	NA	NA	NA	NA
NC_045512.2	7512	A	T	35	29	26	18	18	26	0.264706	68	5.94597e-08	TRUE	NA	NA	NA	NA	NA	NA
NC_045512.2	7512	A	G	35	29	26	12	12	27	0.176471	68	9.46059e-06	TRUE	NA	NA	NA	NA	NA	NA
NC_045512.2	7512	A	C	35	29	26	3	3	27	0.0441176	68	0.0450016	FALSE	NA	NA	NA	NA	NA	NA
NC_045512.2	7513	T	G	51	44	27	5	5	25	0.0694444	72	0.0150249	FALSE	NA	NA	NA	NA	NA	NA
NC_045512.2	7513	T	C	51	44	27	6	5	25	0.0833333	72	0.00669079	TRUE	NA	NA	NA	NA	NA	NA
NC_045512.2	7513	T	A	51	44	27	10	10	26	0.138889	72	0.000288975	TRUE	NA	NA	NA	NA	NA	NA
NC_045512.2	7514	A	T	32	24	26	10	10	27	0.142857	70	2.8549e-05	TRUE	NA	NA	NA	NA	NA	NA
NC_045512.2	7514	A	G	32	24	26	20	20	26	0.285714	70	3.56962e-09	TRUE	NA	NA	NA	NA	NA	NA
NC_045512.2	7514	A	C	32	24	26	8	8	26	0.114286	70	0.000202429	TRUE	NA	NA	NA	NA	NA	NA
NC_045512.2	7515	G	T	30	22	26	16	16	27	0.235294	68	8.94365e-08	TRUE	NA	NA	NA	NA	NA	NA
NC_045512.2	7515	G	C	30	22	26	12	12	27	0.176471	68	3.52887e-06	TRUE	NA	NA	NA	NA	NA	NA
NC_045512.2	7515	G	A	30	22	26	10	10	25	0.147059	68	2.41242e-05	TRUE	NA	NA	NA	NA	NA	NA
NC_045512.2	7516	A	T	44	37	27	8	8	25	0.115942	69	0.0008956	TRUE	NA	NA	NA	NA	NA	NA
NC_045512.2	7516	A	G	44	37	27	12	12	25	0.173913	69	3.50641e-05	TRUE	NA	NA	NA	NA	NA	NA
NC_045512.2	7516	A	C	44	37	27	5	5	27	0.0724638	69	0.011381	FALSE	NA	NA	NA	NA	NA	NA
NC_045512.2	7517	G	T	31	24	27	19	19	26	0.271429	70	6.19219e-09	TRUE	NA	NA	NA	NA	NA	NA
NC_045512.2	7517	G	C	31	24	27	12	12	26	0.171429	70	3.47272e-06	TRUE	NA	NA	NA	NA	NA	NA
NC_045512.2	7517	G	A	31	24	27	8	8	26	0.114286	70	0.000174771	TRUE	NA	NA	NA	NA	NA	NA
NC_045512.2	7518	C	T	32	26	27	11	11	25	0.164179	67	1.49906e-05	TRUE	NA	NA	NA	NA	NA	NA
NC_045512.2	7518	C	G	32	26	27	11	11	26	0.164179	67	1.49906e-05	TRUE	NA	NA	NA	NA	NA	NA
NC_045512.2	7518	C	A	32	26	27	13	13	26	0.19403	67	2.4309e-06	TRUE	NA	NA	NA	NA	NA	NA
NC_045512.2	7519	A	T	37	31	24	23	23	26	0.319444	72	9.45305e-10	TRUE	NA	NA	NA	NA	NA	NA
NC_045512.2	7519	A	G	37	31	24	9	9	27	0.125	72	0.000133397	TRUE	NA	NA	NA	NA	NA	NA
NC_045512.2	7519	A	C	37	31	24	3	3	26	0.0416667	72	0.0445416	FALSE	NA	NA	NA	NA	NA	NA
NC_045512.2	7520	A	T	34	29	25	20	20	26	0.294118	68	9.1054e-09	TRUE	NA	NA	NA	NA	NA	NA
NC_045512.2	7520	A	G	34	29	25	12	12	27	0.176471	68	7.87396e-06	TRUE	NA	NA	NA	NA	NA	NA
NC_045512.2	7520	A	C	34	29	25	2	2	26	0.0294118	68	0.119931	FALSE	NA	NA	NA	NA	NA	NA
NC_045512.2	7520	A	-C	34	29	25	1	0	20	0.0147059	68	0.343137	FALSE	NA	NA	NA	NA	NA	NA
NC_045512.2	7521	C	T	24	18	26	25	25	26	0.347222	72	1.20113e-12	TRUE	NA	NA	NA	NA	NA	NA
NC_045512.2	7521	C	G	24	18	26	13	13	26	0.180556	72	1.52362e-07	TRUE	NA	NA	NA	NA	NA	NA
NC_045512.2	7521	C	A	24	18	26	10	10	25	0.138889	72	4.1166e-06	TRUE	NA	NA	NA	NA	NA	NA
NC_045512.2	7522	A	T	30	24	25	25	25	28	0.367647	68	4.66256e-11	TRUE	NA	NA	NA	NA	NA	NA
NC_045512.2	7522	A	G	30	24	25	6	6	25	0.0882353	68	0.00136224	TRUE	NA	NA	NA	NA	NA	NA
NC_045512.2	7522	A	C	30	24	25	7	7	26	0.102941	68	0.000484645	TRUE	NA	NA	NA	NA	NA	NA
NC_045512.2	7522	A	-AG	30	24	25	1	0	20	0.0147059	68	0.316327	FALSE	NA	NA	NA	NA	NA	NA
NC_045512.2	7523	A	T	38	32	26	20	20	26	0.28169	71	1.30445e-08	TRUE	NA	NA	NA	NA	NA	NA
NC_045512.2	7523	A	G	38	32	26	9	9	29	0.126761	71	0.000152408	TRUE	NA	NA	NA	NA	NA	NA
NC_045512.2	7523	A	C	38	32	26	4	4	27	0.056338	71	0.0173838	FALSE	NA	NA	NA	NA	NA	NA
NC_045512.2	7524	G	T	36	30	27	17	17	27	0.246377	69	1.25845e-07	TRUE	NA	NA	NA	NA	NA	NA
NC_045512.2	7524	G	C	36	30	27	5	5	27	0.0724638	69	0.00612296	TRUE	NA	NA	NA	NA	NA	NA
NC_045512.2	7524	G	A	36	30	27	11	11	26	0.15942	69	2.21574e-05	TRUE	NA	NA	NA	NA	NA	NA
NC_045512.2	7525	A	T	42	37	27	13	13	25	0.180556	72	8.4995e-06	TRUE	NA	NA	NA	NA	NA	NA
NC_045512.2	7525	A	G	42	37	27	10	10	26	0.138889	72	0.000105454	TRUE	NA	NA	NA	NA	NA	NA
NC_045512.2	7525	A	C	42	37	27	7	7	27	0.0972222	72	0.00144401	TRUE	NA	NA	NA	NA	NA	NA
NC_045512.2	7526	G	T	35	30	27	20	20	26	0.277778	72	5.93735e-09	TRUE	NA	NA	NA	NA	NA	NA
NC_045512.2	7526	G	C	35	30	27	8	8	28	0.111111	72	0.000263489	TRUE	NA	NA	NA	NA	NA	NA
NC_045512.2	7526	G	A	35	30	27	9	9	27	0.125	72	0.000100813	TRUE	NA	NA	NA	NA	NA	NA
NC_045512.2	7527	T	G	32	27	27	16	16	26	0.222222	72	8.38083e-08	TRUE	NA	NA	NA	NA	NA	NA
NC_045512.2	7527	T	C	32	27	27	7	7	27	0.0972222	72	0.000483346	TRUE	NA	NA	NA	NA	NA	NA
NC_045512.2	7527	T	A	32	27	27	17	17	27	0.236111	72	3.42217e-08	TRUE	NA	NA	NA	NA	NA	NA
NC_045512.2	7528	C	T	36	31	27	16	16	27	0.219178	73	1.90698e-07	TRUE	NA	NA	NA	NA	NA	NA
NC_045512.2	7528	C	G	36	31	27	10	10	27	0.136986	73	4.1828e-05	TRUE	NA	NA	NA	NA	NA	NA
NC_045512.2	7528	C	A	36	31	27	11	11	26	0.150685	73	1.65203e-05	TRUE	NA	NA	NA	NA	NA	NA
NC_045512.2	7529	G	T	35	30	27	16	16	26	0.235294	68	3.08086e-07	TRUE	NA	NA	NA	NA	NA	NA
NC_045512.2	7529	G	C	35	30	27	2	2	26	0.0294118	68	0.124347	FALSE	NA	NA	NA	NA	NA	NA
NC_045512.2	7529	G	A	35	30	27	15	15	26	0.220588	68	7.12826e-07	TRUE	NA	NA	NA	NA	NA	NA
NC_045512.2	7530	A	T	33	28	25	22	22	28	0.309859	71	7.69098e-10	TRUE	NA	NA	NA	NA	NA	NA
NC_045512.2	7530	A	G	33	28	25	9	9	28	0.126761	71	8.11515e-05	TRUE	NA	NA	NA	NA	NA	NA
NC_045512.2	7530	A	C	33	28	25	7	7	27	0.0985915	71	0.000585874	TRUE	NA	NA	NA	NA	NA	NA
NC_045512.2	7531	A	T	36	31	27	19	19	26	0.267606	71	2.07807e-08	TRUE	NA	NA	NA	NA	NA	NA
NC_045512.2	7531	A	G	36	31	27	10	10	25	0.140845	71	4.99721e-05	TRUE	NA	NA	NA	NA	NA	NA
NC_045512.2	7531	A	C	36	31	27	6	6	27	0.084507	71	0.00219268	TRUE	NA	NA	NA	NA	NA	NA
NC_045512.2	7532	T	G	56	51	27	8	8	25	0.109589	73	0.00188079	TRUE	NA	NA	NA	NA	NA	NA
NC_045512.2	7532	T	C	56	51	27	2	2	26	0.0273973	73	0.197138	FALSE	NA	NA	NA	NA	NA	NA
NC_045512.2	7532	T	A	56	51	27	7	7	24	0.0958904	73	0.00399668	TRUE	NA	NA	NA	NA	NA	NA
NC_045512.2	7533	G	T	43	38	26	11	11	25	0.15493	71	5.66034e-05	TRUE	NA	NA	NA	NA	NA	NA
NC_045512.2	7533	G	C	43	38	26	6	6	25	0.084507	71	0.00402979	TRUE	NA	NA	NA	NA	NA	NA
NC_045512.2	7533	G	A	43	38	26	11	11	25	0.15493	71	5.66034e-05	TRUE	NA	NA	NA	NA	NA	NA
NC_045512.2	7534	T	G	44	39	26	13	13	27	0.180556	72	1.15644e-05	TRUE	NA	NA	NA	NA	NA	NA
NC_045512.2	7534	T	C	44	39	26	4	4	26	0.0555556	72	0.024504	FALSE	NA	NA	NA	NA	NA	NA
NC_045512.2	7534	T	A	44	39	26	11	11	26	0.152778	72	5.88945e-05	TRUE	NA	NA	NA	NA	NA	NA
NC_045512.2	7534	T	+A	44	39	26	1	0	20	0.0138889	72	0.387931	FALSE	NA	NA	NA	NA	NA	NA
NC_045512.2	7535	A	T	43	39	25	17	17	25	0.246377	69	6.29664e-07	TRUE	NA	NA	NA	NA	NA	NA
NC_045512.2	7535	A	G	43	39	25	6	6	27	0.0869565	69	0.00447111	TRUE	NA	NA	NA	NA	NA	NA
NC_045512.2	7535	A	C	43	39	25	3	3	25	0.0434783	69	0.063128	FALSE	NA	NA	NA	NA	NA	NA
NC_045512.2	7536	C	T	26	21	26	21	21	26	0.283784	74	8.94661e-11	TRUE	NA	NA	NA	NA	NA	NA
NC_045512.2	7536	C	G	26	21	26	7	7	27	0.0945946	74	0.000175299	TRUE	NA	NA	NA	NA	NA	NA
NC_045512.2	7536	C	A	26	21	26	20	20	27	0.27027	74	2.28424e-10	TRUE	NA	NA	NA	NA	NA	NA
NC_045512.2	7537	A	T	34	30	24	21	21	26	0.287671	73	1.63628e-09	TRUE	NA	NA	NA	NA	NA	NA
NC_045512.2	7537	A	G	34	30	24	10	9	24	0.136986	73	3.04178e-05	TRUE	NA	NA	NA	NA	NA	NA
NC_045512.2	7537	A	C	34	30	24	8	8	27	0.109589	73	0.000214468	TRUE	NA	NA	NA	NA	NA	NA
NC_045512.2	7538	A	T	35	31	27	15	15	26	0.205479	73	3.65576e-07	TRUE	NA	NA	NA	NA	NA	NA
NC_045512.2	7538	A	G	35	31	27	16	16	26	0.219178	73	1.5158e-07	TRUE	NA	NA	NA	NA	NA	NA
NC_045512.2	7538	A	C	35	31	27	7	7	26	0.0958904	73	0.000655659	TRUE	NA	NA	NA	NA	NA	NA
NC_045512.2	7539	C	T	32	27	27	19	19	26	0.253333	75	3.58912e-09	TRUE	NA	NA	NA	NA	NA	NA
NC_045512.2	7539	C	G	32	27	27	17	17	26	0.226667	75	2.18162e-08	TRUE	NA	NA	NA	NA	NA	NA
NC_045512.2	7539	C	A	32	27	27	7	7	26	0.0933333	75	0.00039826	TRUE	NA	NA	NA	NA	NA	NA
NC_045512.2	7540	T	G	38	33	26	6	6	25	0.0759494	79	0.00174638	TRUE	NA	NA	NA	NA	NA	NA
NC_045512.2	7540	T	C	38	33	26	9	9	26	0.113924	79	8.91187e-05	TRUE	NA	NA	NA	NA	NA	NA
NC_045512.2	7540	T	A	38	33	26	26	26	26	0.329114	79	3.05405e-11	TRUE	NA	NA	NA	NA	NA	NA
NC_045512.2	7541	A	T	37	32	26	28	28	26	0.358974	78	5.65481e-12	TRUE	NA	NA	NA	NA	NA	NA
NC_045512.2	7541	A	G	37	32	26	6	6	25	0.0769231	78	0.00166901	TRUE	NA	NA	NA	NA	NA	NA
NC_045512.2	7541	A	C	37	32	26	7	7	28	0.0897436	78	0.000606911	TRUE	NA	NA	NA	NA	NA	NA
NC_045512.2	7542	T	G	37	32	24	11	11	26	0.141026	78	1.21853e-05	TRUE	NA	NA	NA	NA	NA	NA
NC_045512.2	7542	T	C	37	32	24	9	9	26	0.115385	78	8.37203e-05	TRUE	NA	NA	NA	NA	NA	NA
NC_045512.2	7542	T	A	37	32	24	21	21	27	0.269231	78	1.61454e-09	TRUE	NA	NA	NA	NA	NA	NA
NC_045512.2	7543	T	G	45	42	26	13	13	27	0.1625	80	5.90388e-06	TRUE	NA	NA	NA	NA	NA	NA
NC_045512.2	7543	T	C	45	42	26	8	8	26	0.1	80	0.000481327	TRUE	NA	NA	NA	NA	NA	NA
NC_045512.2	7543	T	A	45	42	26	14	14	24	0.175	80	2.52412e-06	TRUE	NA	NA	NA	NA	NA	NA
NC_045512.2	7543	T	-GT	45	42	26	1	0	20	0.0125	80	0.368	FALSE	NA	NA	NA	NA	NA	NA
NC_045512.2	7544	G	T	37	33	27	22	22	26	0.275	80	4.15995e-10	TRUE	NA	NA	NA	NA	NA	NA
NC_045512.2	7544	G	C	37	33	27	6	6	25	0.075	80	0.00143466	TRUE	NA	NA	NA	NA	NA	NA
NC_045512.2	7544	G	A	37	33	27	15	15	26	0.1875	80	2.08045e-07	TRUE	NA	NA	NA	NA	NA	NA
NC_045512.2	7545	T	G	48	44	25	6	6	27	0.0740741	81	0.00343819	TRUE	NA	NA	NA	NA	NA	NA
NC_045512.2	7545	T	C	48	44	25	12	12	26	0.148148	81	1.75666e-05	TRUE	NA	NA	NA	NA	NA	NA
NC_045512.2	7545	T	A	48	44	25	15	15	25	0.185185	81	1.4314e-06	TRUE	NA	NA	NA	NA	NA	NA
NC_045512.2	7546	T	G	41	38	26	17	17	26	0.2125	80	9.37667e-08	TRUE	NA	NA	NA	NA	NA	NA
NC_045512.2	7546	T	C	41	38	26	7	7	26	0.0875	80	0.000823993	TRUE	NA	NA	NA	NA	NA	NA
NC_045512.2	7546	T	A	41	38	26	15	15	25	0.1875	80	5.28451e-07	TRUE	NA	NA	NA	NA	NA	NA
NC_045512.2	7547	A	T	35	31	25	31	31	27	0.378049	82	1.03487e-13	TRUE	NA	NA	NA	NA	NA	NA
NC_045512.2	7547	A	G	35	31	25	5	5	25	0.0609756	82	0.00331002	TRUE	NA	NA	NA	NA	NA	NA
NC_045512.2	7547	A	C	35	31	25	11	11	26	0.134146	82	5.9977e-06	TRUE	NA	NA	NA	NA	NA	NA
NC_045512.2	7548	A	T	45	42	25	18	18	25	0.219512	82	7.08362e-08	TRUE	NA	NA	NA	NA	NA	NA
NC_045512.2	7548	A	G	45	42	25	16	16	26	0.195122	82	3.73441e-07	TRUE	NA	NA	NA	NA	NA	NA
NC_045512.2	7548	A	C	45	42	25	3	3	25	0.0365854	82	0.0494873	FALSE	NA	NA	NA	NA	NA	NA
NC_045512.2	7548	A	-T	45	42	25	1	0	20	0.0121951	82	0.362205	FALSE	NA	NA	NA	NA	NA	NA
NC_045512.2	7549	T	G	60	57	26	4	4	23	0.0481928	83	0.0340284	FALSE	NA	NA	NA	NA	NA	NA
NC_045512.2	7549	T	C	60	57	26	8	8	26	0.0963855	83	0.00133158	TRUE	NA	NA	NA	NA	NA	NA
NC_045512.2	7549	T	A	60	57	26	11	11	25	0.13253	83	0.000127502	TRUE	NA	NA	NA	NA	NA	NA
NC_045512.2	7550	G	T	32	29	25	19	19	25	0.256757	74	4.23246e-09	TRUE	NA	NA	NA	NA	NA	NA
NC_045512.2	7550	G	C	32	29	25	5	5	24	0.0675676	74	0.0035615	TRUE	NA	NA	NA	NA	NA	NA
NC_045512.2	7550	G	A	32	29	25	18	18	26	0.243243	74	1.02907e-08	TRUE	NA	NA	NA	NA	NA	NA
NC_045512.2	7551	G	T	28	26	26	33	33	25	0.407407	81	1.1618e-15	TRUE	NA	NA	NA	NA	NA	NA
NC_045512.2	7551	G	C	28	26	26	4	4	26	0.0493827	81	0.0057899	TRUE	NA	NA	NA	NA	NA	NA
NC_045512.2	7551	G	A	28	26	26	16	16	27	0.197531	81	7.66816e-09	TRUE	NA	NA	NA	NA	NA	NA
NC_045512.2	7552	T	G	53	50	27	14	14	26	0.166667	84	5.46385e-06	TRUE	NA	NA	NA	NA	NA	NA
NC_045512.2	7552	T	C	53	50	27	9	9	26	0.107143	84	0.0003347	TRUE	NA	NA	NA	NA	NA	NA
NC_045512.2	7552	T	A	53	50	27	8	8	27	0.0952381	84	0.000782766	TRUE	NA	NA	NA	NA	NA	NA
NC_045512.2	7553	G	T	39	36	27	25	25	26	0.297619	84	3.55645e-11	TRUE	NA	NA	NA	NA	NA	NA
NC_045512.2	7553	G	C	39	36	27	2	2	25	0.0238095	84	0.107527	FALSE	NA	NA	NA	NA	NA	NA
NC_045512.2	7553	G	A	39	36	27	18	18	26	0.214286	84	1.45743e-08	TRUE	NA	NA	NA	NA	NA	NA
NC_045512.2	7554	T	G	59	56	25	11	11	25	0.134146	82	0.000134779	TRUE	NA	NA	NA	NA	NA	NA
NC_045512.2	7554	T	C	59	56	25	3	3	27	0.0365854	82	0.0792555	FALSE	NA	NA	NA	NA	NA	NA
NC_045512.2	7554	T	A	59	56	25	9	9	27	0.109756	82	0.000632036	TRUE	NA	NA	NA	NA	NA	NA
NC_045512.2	7555	T	G	38	36	25	19	19	27	0.231707	82	6.24408e-09	TRUE	NA	NA	NA	NA	NA	NA
NC_045512.2	7555	T	C	38	36	25	7	7	26	0.0853659	82	0.000537474	TRUE	NA	NA	NA	NA	NA	NA
NC_045512.2	7555	T	A	38	36	25	18	18	26	0.219512	82	1.51173e-08	TRUE	NA	NA	NA	NA	NA	NA
NC_045512.2	7556	A	T	23	21	26	23	23	25	0.418182	55	3.31122e-10	TRUE	NA	NA	NA	NA	NA	NA
NC_045512.2	7556	A	G	23	21	26	4	4	27	0.0727273	55	0.0105485	FALSE	NA	NA	NA	NA	NA	NA
NC_045512.2	7556	A	C	23	21	26	5	5	26	0.0909091	55	0.00360193	TRUE	NA	NA	NA	NA	NA	NA
NC_045512.2	7557	G	T	23	21	27	10	10	27	0.2	50	4.32674e-05	TRUE	NA	NA	NA	NA	NA	NA
NC_045512.2	7557	G	C	23	21	27	3	3	28	0.06	50	0.0385043	FALSE	NA	NA	NA	NA	NA	NA
NC_045512.2	7557	G	A	23	21	27	14	14	26	0.28	50	1.34567e-06	TRUE	NA	NA	NA	NA	NA	NA
NC_045512.2	7558	A	T	23	22	25	17	17	25	0.346939	49	1.44714e-07	TRUE	NA	NA	NA	NA	NA	NA
NC_045512.2	7558	A	G	23	22	25	4	4	27	0.0816327	49	0.0144391	FALSE	NA	NA	NA	NA	NA	NA
NC_045512.2	7558	A	C	23	22	25	5	5	27	0.102041	49	0.00531967	TRUE	NA	NA	NA	NA	NA	NA
NC_045512.2	7559	A	T	17	16	26	21	21	27	0.403846	52	2.20911e-10	TRUE	NA	NA	NA	NA	NA	NA
NC_045512.2	7559	A	G	17	16	26	11	11	25	0.211538	52	2.37625e-06	TRUE	NA	NA	NA	NA	NA	NA
NC_045512.2	7559	A	C	17	16	26	3	3	25	0.0576923	52	0.0199458	FALSE	NA	NA	NA	NA	NA	NA
NC_045512.2	7560	G	T	24	23	24	12	12	26	0.24	50	9.51361e-06	TRUE	NA	NA	NA	NA	NA	NA
NC_045512.2	7560	G	C	24	23	24	4	4	26	0.08	50	0.01513	FALSE	NA	NA	NA	NA	NA	NA
NC_045512.2	7560	G	A	24	23	24	10	10	26	0.2	50	5.39105e-05	TRUE	NA	NA	NA	NA	NA	NA
NC_045512.2	7561	G	T	19	18	27	12	12	26	0.244898	49	2.75574e-06	TRUE	NA	NA	NA	NA	NA	NA
NC_045512.2	7561	G	C	19	18	27	6	6	26	0.122449	49	0.00104035	TRUE	NA	NA	NA	NA	NA	NA
NC_045512.2	7561	G	A	19	18	27	12	12	27	0.244898	49	2.75574e-06	TRUE	NA	NA	NA	NA	NA	NA
NC_045512.2	7562	T	G	26	25	27	5	5	28	0.102041	49	0.00753903	TRUE	NA	NA	NA	NA	NA	NA
NC_045512.2	7562	T	C	26	25	27	1	1	27	0.0204082	49	0.36	FALSE	NA	NA	NA	NA	NA	NA
NC_045512.2	7562	T	A	26	25	27	17	17	26	0.346939	49	3.66523e-07	TRUE	NA	NA	NA	NA	NA	NA
NC_045512.2	7563	C	T	17	16	24	10	10	26	0.196078	51	7.69037e-06	TRUE	NA	NA	NA	NA	NA	NA
NC_045512.2	7563	C	G	17	16	24	8	8	25	0.156863	51	6.41083e-05	TRUE	NA	NA	NA	NA	NA	NA
NC_045512.2	7563	C	A	17	16	24	16	16	26	0.313725	51	2.25664e-08	TRUE	NA	NA	NA	NA	NA	NA
NC_045512.2	7564	C	T	12	11	26	13	13	26	0.270833	48	7.33392e-08	TRUE	NA	NA	NA	NA	NA	NA
NC_045512.2	7564	C	G	12	11	26	10	10	26	0.208333	48	1.90172e-06	TRUE	NA	NA	NA	NA	NA	NA
NC_045512.2	7564	C	A	12	11	26	13	13	27	0.270833	48	7.33392e-08	TRUE	NA	NA	NA	NA	NA	NA
NC_045512.2	7565	T	G	14	13	26	11	11	26	0.268293	41	4.97995e-06	TRUE	NA	NA	NA	NA	NA	NA
NC_045512.2	7565	T	C	14	13	26	6	6	27	0.146341	41	0.000774211	TRUE	NA	NA	NA	NA	NA	NA
NC_045512.2	7565	T	A	14	13	26	10	10	25	0.243902	41	1.29479e-05	TRUE	NA	NA	NA	NA	NA	NA
NC_045512.2	7566	T	G	22	21	27	11	11	27	0.229167	48	1.84713e-05	TRUE	NA	NA	NA	NA	NA	NA
NC_045512.2	7566	T	C	22	21	27	1	1	27	0.0208333	48	0.328571	FALSE	NA	NA	NA	NA	NA	NA
NC_045512.2	7566	T	A	22	21	27	14	14	26	0.291667	48	1.43539e-06	TRUE	NA	NA	NA	NA	NA	NA
NC_045512.2	7567	T	G	30	29	27	7	7	27	0.137255	51	0.00176191	TRUE	NA	NA	NA	NA	NA	NA
NC_045512.2	7567	T	C	30	29	27	4	4	28	0.0784314	51	0.0240352	FALSE	NA	NA	NA	NA	NA	NA
NC_045512.2	7567	T	A	30	29	27	10	10	25	0.196078	51	0.000148176	TRUE	NA	NA	NA	NA	NA	NA
NC_045512.2	7568	T	G	24	23	27	6	6	26	0.117647	51	0.00197596	TRUE	NA	NA	NA	NA	NA	NA
NC_045512.2	7568	T	C	24	23	27	2	2	27	0.0392157	51	0.114035	FALSE	NA	NA	NA	NA	NA	NA
NC_045512.2	7568	T	A	24	23	27	19	19	25	0.372549	51	2.78448e-08	TRUE	NA	NA	NA	NA	NA	NA
NC_045512.2	7569	A	T	29	28	27	8	8	27	0.166667	48	0.000885604	TRUE	NA	NA	NA	NA	NA	NA
NC_045512.2	7569	A	G	29	28	27	8	8	27	0.166667	48	0.000885604	TRUE	NA	NA	NA	NA	NA	NA
NC_045512.2	7569	A	C	29	28	27	3	3	30	0.0625	48	0.0627221	FALSE	NA	NA	NA	NA	NA	NA
NC_045512.2	7570	T	G	26	25	26	9	9	27	0.1875	48	0.000240938	TRUE	NA	NA	NA	NA	NA	NA
NC_045512.2	7570	T	C	26	25	26	4	4	26	0.0833333	48	0.0202509	FALSE	NA	NA	NA	NA	NA	NA
NC_045512.2	7570	T	A	26	25	26	9	9	27	0.1875	48	0.000240938	TRUE	NA	NA	NA	NA	NA	NA
NC_045512.2	7571	G	T	16	15	27	15	15	26	0.3125	48	6.88063e-08	TRUE	NA	NA	NA	NA	NA	NA
NC_045512.2	7571	G	C	16	15	27	3	3	27	0.0625	48	0.0211757	FALSE	NA	NA	NA	NA	NA	NA
NC_045512.2	7571	G	A	16	15	27	14	14	26	0.291667	48	1.73126e-07	TRUE	NA	NA	NA	NA	NA	NA
NC_045512.2	7572	T	G	22	21	27	13	13	26	0.276596	47	3.93288e-06	TRUE	NA	NA	NA	NA	NA	NA
NC_045512.2	7572	T	C	22	21	27	4	4	27	0.0851064	47	0.0145316	FALSE	NA	NA	NA	NA	NA	NA
NC_045512.2	7572	T	A	22	21	27	8	8	25	0.170213	47	0.000310403	TRUE	NA	NA	NA	NA	NA	NA
NC_045512.2	7573	C	T	19	18	27	7	7	27	0.148936	47	0.000446538	TRUE	NA	NA	NA	NA	NA	NA
NC_045512.2	7573	C	G	19	18	27	5	5	27	0.106383	47	0.00351185	TRUE	NA	NA	NA	NA	NA	NA
NC_045512.2	7573	C	A	19	18	27	16	16	26	0.340426	47	1.20852e-07	TRUE	NA	NA	NA	NA	NA	NA
NC_045512.2	7574	T	G	17	16	27	9	9	26	0.191489	47	3.67106e-05	TRUE	NA	NA	NA	NA	NA	NA
NC_045512.2	7574	T	C	17	16	27	5	5	27	0.106383	47	0.00252625	TRUE	NA	NA	NA	NA	NA	NA
NC_045512.2	7574	T	A	17	16	27	16	16	25	0.340426	47	5.41024e-08	TRUE	NA	NA	NA	NA	NA	NA
NC_045512.2	7575	A	T	22	21	27	12	12	26	0.25	48	7.7534e-06	TRUE	NA	NA	NA	NA	NA	NA
NC_045512.2	7575	A	G	22	21	27	4	4	27	0.0833333	48	0.0137354	FALSE	NA	NA	NA	NA	NA	NA
NC_045512.2	7575	A	C	22	21	27	10	10	26	0.208333	48	4.4779e-05	TRUE	NA	NA	NA	NA	NA	NA
NC_045512.2	7576	T	G	22	21	25	8	8	27	0.177778	45	0.000388345	TRUE	NA	NA	NA	NA	NA	NA
NC_045512.2	7576	T	C	22	21	25	4	4	28	0.0888889	45	0.016305	FALSE	NA	NA	NA	NA	NA	NA
NC_045512.2	7576	T	A	22	21	25	11	11	26	0.244444	45	2.89652e-05	TRUE	NA	NA	NA	NA	NA	NA
NC_045512.2	7577	G	T	18	17	26	13	13	27	0.270833	48	9.35406e-07	TRUE	NA	NA	NA	NA	NA	NA
NC_045512.2	7577	G	C	18	17	26	4	4	24	0.0833333	48	0.00846153	TRUE	NA	NA	NA	NA	NA	NA
NC_045512.2	7577	G	A	18	17	26	13	13	25	0.270833	48	9.35406e-07	TRUE	NA	NA	NA	NA	NA	NA
NC_045512.2	7578	C	T	23	22	26	3	3	26	0.0652174	46	0.0454903	FALSE	NA	NA	NA	NA	NA	NA
NC_045512.2	7578	C	G	23	22	26	8	8	26	0.173913	46	0.000418369	TRUE	NA	NA	NA	NA	NA	NA
NC_045512.2	7578	C	A	23	22	26	12	12	25	0.26087	46	1.38506e-05	TRUE	NA	NA	NA	NA	NA	NA
NC_045512.2	7579	T	G	22	21	26	7	7	28	0.148936	47	0.000786355	TRUE	NA	NA	NA	NA	NA	NA
NC_045512.2	7579	T	C	22	21	26	4	4	25	0.0851064	47	0.0145316	FALSE	NA	NA	NA	NA	NA	NA
NC_045512.2	7579	T	A	22	21	26	14	14	25	0.297872	47	1.72663e-06	TRUE	NA	NA	NA	NA	NA	NA
NC_045512.2	7580	A	T	26	25	25	12	12	26	0.26087	46	2.7955e-05	TRUE	NA	NA	NA	NA	NA	NA
NC_045512.2	7580	A	G	26	25	25	5	5	27	0.108696	46	0.00919689	TRUE	NA	NA	NA	NA	NA	NA
NC_045512.2	7580	A	C	26	25	25	3	3	28	0.0652174	46	0.056368	FALSE	NA	NA	NA	NA	NA	NA
NC_045512.2	7581	A	T	18	17	26	11	11	26	0.229167	48	6.04092e-06	TRUE	NA	NA	NA	NA	NA	NA
NC_045512.2	7581	A	G	18	17	26	15	15	28	0.3125	48	1.56296e-07	TRUE	NA	NA	NA	NA	NA	NA
NC_045512.2	7581	A	C	18	17	26	4	4	28	0.0833333	48	0.00846153	TRUE	NA	NA	NA	NA	NA	NA
NC_045512.2	7582	T	G	21	20	26	8	8	27	0.166667	48	0.000227629	TRUE	NA	NA	NA	NA	NA	NA
NC_045512.2	7582	T	C	21	20	26	1	1	34	0.0208333	48	0.318841	FALSE	NA	NA	NA	NA	NA	NA
NC_045512.2	7582	T	A	21	20	26	18	18	26	0.375	48	4.08693e-08	TRUE	NA	NA	NA	NA	NA	NA
NC_045512.2	7583	G	T	75	30	27	10	10	27	0.0990099	101	0.00207955	TRUE	NA	NA	NA	NA	NA	NA
NC_045512.2	7583	G	C	75	30	27	6	6	28	0.0594059	101	0.0320003	FALSE	NA	NA	NA	NA	NA	NA
NC_045512.2	7583	G	A	75	30	27	10	10	27	0.0990099	101	0.00207955	TRUE	NA	NA	NA	NA	NA	NA
NC_045512.2	7584	G	T	75	33	25	17	17	27	0.17	100	1.7015e-05	TRUE	NA	NA	NA	NA	NA	NA
NC_045512.2	7584	G	C	75	33	25	3	3	28	0.03	100	0.223434	FALSE	NA	NA	NA	NA	NA	NA
NC_045512.2	7584	G	A	75	33	25	5	5	26	0.05	100	0.0622802	FALSE	NA	NA	NA	NA	NA	NA
NC_045512.2	7585	A	T	73	28	27	10	10	26	0.0970874	103	0.00164397	TRUE	NA	NA	NA	NA	NA	NA
NC_045512.2	7585	A	G	73	28	27	10	10	26	0.0970874	103	0.00164397	TRUE	NA	NA	NA	NA	NA	NA
NC_045512.2	7585	A	C	73	28	27	10	10	28	0.0970874	103	0.00164397	TRUE	NA	NA	NA	NA	NA	NA
NC_045512.2	7586	G	T	77	32	26	12	12	26	0.118812	101	0.000608174	TRUE	NA	NA	NA	NA	NA	NA
NC_045512.2	7586	G	A	77	32	26	12	12	26	0.118812	101	0.000608174	TRUE	NA	NA	NA	NA	NA	NA
NC_045512.2	7587	G	T	75	33	25	8	8	26	0.08	100	0.00822673	TRUE	NA	NA	NA	NA	NA	NA
NC_045512.2	7587	G	C	75	33	25	1	1	27	0.01	100	0.678571	FALSE	NA	NA	NA	NA	NA	NA
NC_045512.2	7587	G	A	75	33	25	16	16	26	0.16	100	3.36157e-05	TRUE	NA	NA	NA	NA	NA	NA
NC_045512.2	7588	T	G	80	34	26	7	7	27	0.0666667	105	0.0175929	FALSE	NA	NA	NA	NA	NA	NA
NC_045512.2	7588	T	C	80	34	26	7	7	26	0.0666667	105	0.0175929	FALSE	NA	NA	NA	NA	NA	NA
NC_045512.2	7588	T	A	80	34	26	11	11	25	0.104762	105	0.0011722	TRUE	NA	NA	NA	NA	NA	NA
NC_045512.2	7589	A	T	75	29	26	20	20	26	0.196078	102	2.02388e-06	TRUE	NA	NA	NA	NA	NA	NA
NC_045512.2	7589	A	G	75	29	26	4	4	24	0.0392157	102	0.117064	FALSE	NA	NA	NA	NA	NA	NA
NC_045512.2	7589	A	C	75	29	26	3	3	24	0.0294118	102	0.22028	FALSE	NA	NA	NA	NA	NA	NA
NC_045512.2	7590	A	T	79	33	28	6	6	27	0.0582524	103	0.0349859	FALSE	NA	NA	NA	NA	NA	NA
NC_045512.2	7590	A	G	79	33	28	13	13	27	0.126214	103	0.000316686	TRUE	NA	NA	NA	NA	NA	NA
NC_045512.2	7590	A	C	79	33	28	5	5	26	0.0485437	103	0.0670688	FALSE	NA	NA	NA	NA	NA	NA
NC_045512.2	7591	A	T	72	28	24	10	10	27	0.0990099	101	0.00170614	TRUE	NA	NA	NA	NA	NA	NA
NC_045512.2	7591	A	G	72	28	24	10	10	26	0.0990099	101	0.00170614	TRUE	NA	NA	NA	NA	NA	NA
NC_045512.2	7591	A	C	72	28	24	9	9	25	0.0891089	101	0.0034637	TRUE	NA	NA	NA	NA	NA	NA
NC_045512.2	7592	G	T	71	25	26	10	10	25	0.0990099	101	0.00159308	TRUE	NA	NA	NA	NA	NA	NA
NC_045512.2	7592	G	C	71	25	26	1	1	27	0.00990099	101	0.663403	FALSE	NA	NA	NA	NA	NA	NA
NC_045512.2	7592	G	A	71	25	26	19	19	25	0.188119	101	2.71234e-06	TRUE	NA	NA	NA	NA	NA	NA
NC_045512.2	7593	G	T	70	26	24	10	10	26	0.0970874	103	0.00133554	TRUE	NA	NA	NA	NA	NA	NA
NC_045512.2	7593	G	C	70	26	24	9	9	26	0.0873786	103	0.00277835	TRUE	NA	NA	NA	NA	NA	NA
NC_045512.2	7593	G	A	70	26	24	14	14	28	0.135922	103	7.16477e-05	TRUE	NA	NA	NA	NA	NA	NA
NC_045512.2	7594	C	T	72	26	26	10	10	26	0.0952381	105	0.0013843	TRUE	NA	NA	NA	NA	NA	NA
NC_045512.2	7594	C	G	72	26	26	9	9	28	0.0857143	105	0.00287144	TRUE	NA	NA	NA	NA	NA	NA
NC_045512.2	7594	C	A	72	26	26	14	14	24	0.133333	105	7.50025e-05	TRUE	NA	NA	NA	NA	NA	NA
NC_045512.2	7594	C	-T	72	26	26	3	0	20	0.0285714	105	0.199194	FALSE	NA	NA	NA	NA	NA	NA
NC_045512.2	7595	T	G	61	15	26	5	5	26	0.0574713	87	0.0141257	FALSE	NA	NA	NA	NA	NA	NA
NC_045512.2	7595	T	C	61	15	26	6	6	25	0.0689655	87	0.00618576	TRUE	NA	NA	NA	NA	NA	NA
NC_045512.2	7595	T	A	61	15	26	15	15	26	0.172414	87	5.21768e-06	TRUE	NA	NA	NA	NA	NA	NA
NC_045512.2	7596	T	G	70	24	27	10	10	27	0.0990099	101	0.00148549	TRUE	NA	NA	NA	NA	NA	NA
NC_045512.2	7596	T	C	70	24	27	11	11	27	0.108911	101	0.000721597	TRUE	NA	NA	NA	NA	NA	NA
NC_045512.2	7596	T	A	70	24	27	10	10	26	0.0990099	101	0.00148549	TRUE	NA	NA	NA	NA	NA	NA
NC_045512.2	7597	T	G	89	43	26	3	3	30	0.0288462	104	0.1032	FALSE	NA	NA	NA	NA	NA	NA
NC_045512.2	7597	T	C	89	43	26	2	2	27	0.0192308	104	0.453426	FALSE	NA	NA	NA	NA	NA	NA
NC_045512.2	7597	T	A	89	43	26	10	10	25	0.0961538	104	0.00398904	TRUE	NA	NA	NA	NA	NA	NA
NC_045512.2	7598	T	G	46	35	25	3	3	29	0.0434783	69	0.0708261	FALSE	NA	NA	NA	NA	NA	NA
NC_045512.2	7598	T	C	46	35	25	4	4	27	0.057971	69	0.0300111	FALSE	NA	NA	NA	NA	NA	NA
NC_045512.2	7598	T	A	46	35	25	16	16	26	0.231884	69	2.24945e-06	TRUE	NA	NA	NA	NA	NA	NA
NC_045512.2	7599	G	T	128	43	26	13	13	26	0.081761	159	0.000343716	TRUE	NA	NA	NA	NA	NA	NA
NC_045512.2	7599	G	C	128	43	26	4	4	26	0.0251572	159	0.134365	FALSE	NA	NA	NA	NA	NA	NA
NC_045512.2	7599	G	A	128	43	26	14	14	25	0.0880503	159	0.000173678	TRUE	NA	NA	NA	NA	NA	NA
NC_045512.2	7600	C	T	127	41	25	15	15	27	0.0943396	159	8.29051e-05	TRUE	NA	NA	NA	NA	NA	NA
NC_045512.2	7600	C	G	127	41	25	4	4	28	0.0251572	159	0.132434	FALSE	NA	NA	NA	NA	NA	NA
NC_045512.2	7600	C	A	127	41	25	13	13	25	0.081761	159	0.000327214	TRUE	NA	NA	NA	NA	NA	NA
NC_045512.2	7601	A	T	113	27	26	11	11	26	0.0791367	139	0.00147394	TRUE	NA	NA	NA	NA	NA	NA
NC_045512.2	7601	A	G	113	27	26	11	11	27	0.0791367	139	0.00147394	TRUE	NA	NA	NA	NA	NA	NA
NC_045512.2	7601	A	C	113	27	26	4	4	25	0.028777	139	0.137846	FALSE	NA	NA	NA	NA	NA	NA
NC_045512.2	7602	A	T	131	45	27	19	19	25	0.11875	160	6.64603e-06	TRUE	NA	NA	NA	NA	NA	NA
NC_045512.2	7602	A	G	131	45	27	7	7	26	0.04375	160	0.0208114	FALSE	NA	NA	NA	NA	NA	NA
NC_045512.2	7602	A	C	131	45	27	3	3	24	0.01875	160	0.24991	FALSE	NA	NA	NA	NA	NA	NA
NC_045512.2	7603	A	T	111	51	24	9	9	27	0.0671642	134	0.00609317	TRUE	NA	NA	NA	NA	NA	NA
NC_045512.2	7603	A	G	111	51	24	7	6	26	0.0522388	134	0.0221825	FALSE	NA	NA	NA	NA	NA	NA
NC_045512.2	7603	A	C	111	51	24	7	6	28	0.0522388	134	0.0221825	FALSE	NA	NA	NA	NA	NA	NA
NC_045512.2	7604	C	T	129	43	26	11	11	26	0.06875	160	0.00135025	TRUE	NA	NA	NA	NA	NA	NA
NC_045512.2	7604	C	G	129	43	26	5	5	27	0.03125	160	0.0722007	FALSE	NA	NA	NA	NA	NA	NA
NC_045512.2	7604	C	A	129	43	26	15	15	24	0.09375	160	8.84079e-05	TRUE	NA	NA	NA	NA	NA	NA
NC_045512.2	7605	T	G	130	44	27	8	8	25	0.0496894	161	0.0102376	FALSE	NA	NA	NA	NA	NA	NA
NC_045512.2	7605	T	C	130	44	27	6	6	25	0.0372671	161	0.0381577	FALSE	NA	NA	NA	NA	NA	NA
NC_045512.2	7605	T	A	130	44	27	17	17	27	0.10559	161	2.27725e-05	TRUE	NA	NA	NA	NA	NA	NA
NC_045512.2	7606	A	T	133	47	27	15	15	25	0.0931677	161	0.000104898	TRUE	NA	NA	NA	NA	NA	NA
NC_045512.2	7606	A	G	133	47	27	6	6	27	0.0372671	161	0.0406978	FALSE	NA	NA	NA	NA	NA	NA
NC_045512.2	7606	A	C	133	47	27	7	7	27	0.0434783	161	0.0214175	FALSE	NA	NA	NA	NA	NA	NA
NC_045512.2	7607	C	T	127	41	27	13	13	26	0.0807453	161	0.000300897	TRUE	NA	NA	NA	NA	NA	NA
NC_045512.2	7607	C	G	127	41	27	9	9	24	0.0559006	161	0.00473734	TRUE	NA	NA	NA	NA	NA	NA
NC_045512.2	7607	C	A	127	41	27	12	12	25	0.0745342	161	0.000601195	TRUE	NA	NA	NA	NA	NA	NA
NC_045512.2	7608	A	T	136	50	27	6	6	26	0.037037	162	0.0425473	FALSE	NA	NA	NA	NA	NA	NA
NC_045512.2	7608	A	G	136	50	27	15	15	27	0.0925926	162	0.000117271	TRUE	NA	NA	NA	NA	NA	NA
NC_045512.2	7608	A	C	136	50	27	5	5	26	0.0308642	162	0.0792145	FALSE	NA	NA	NA	NA	NA	NA
NC_045512.2	7609	C	T	128	42	27	20	20	25	0.124224	161	2.5549e-06	TRUE	NA	NA	NA	NA	NA	NA
NC_045512.2	7609	C	G	128	42	27	9	9	26	0.0559006	161	0.00490255	TRUE	NA	NA	NA	NA	NA	NA
NC_045512.2	7609	C	A	128	42	27	4	4	26	0.0248447	161	0.131209	FALSE	NA	NA	NA	NA	NA	NA
NC_045512.2	7610	A	T	136	50	26	12	12	26	0.0745342	161	0.000891582	TRUE	NA	NA	NA	NA	NA	NA
NC_045512.2	7610	A	G	136	50	26	10	10	28	0.0621118	161	0.00331543	TRUE	NA	NA	NA	NA	NA	NA
NC_045512.2	7610	A	C	136	50	26	3	3	27	0.0186335	161	0.26034	FALSE	NA	NA	NA	NA	NA	NA
NC_045512.2	7611	A	T	131	52	25	14	14	24	0.0909091	154	0.000254058	TRUE	NA	NA	NA	NA	NA	NA
NC_045512.2	7611	A	G	131	52	25	8	8	27	0.0519481	154	0.0125616	FALSE	NA	NA	NA	NA	NA	NA
NC_045512.2	7611	A	C	131	52	25	1	1	27	0.00649351	154	0.712676	FALSE	NA	NA	NA	NA	NA	NA
NC_045512.2	7612	T	G	138	52	26	12	12	25	0.0740741	162	0.000933153	TRUE	NA	NA	NA	NA	NA	NA
NC_045512.2	7612	T	C	138	52	26	2	2	27	0.0123457	162	0.447585	FALSE	NA	NA	NA	NA	NA	NA
NC_045512.2	7612	T	A	138	52	26	10	10	26	0.0617284	162	0.00344432	TRUE	NA	NA	NA	NA	NA	NA
NC_045512.2	7613	T	G	126	47	25	13	13	27	0.083871	155	0.000368985	TRUE	NA	NA	NA	NA	NA	NA
NC_045512.2	7613	T	C	126	47	25	3	3	27	0.0193548	155	0.247803	FALSE	NA	NA	NA	NA	NA	NA
NC_045512.2	7613	T	A	126	47	25	13	13	25	0.083871	155	0.000368985	TRUE	NA	NA	NA	NA	NA	NA
NC_045512.2	7614	G	T	135	49	26	13	13	26	0.0797546	163	0.000406308	TRUE	NA	NA	NA	NA	NA	NA
NC_045512.2	7614	G	C	135	49	26	4	4	29	0.0245399	163	0.141336	FALSE	NA	NA	NA	NA	NA	NA
NC_045512.2	7614	G	A	135	49	26	11	11	26	0.0674847	163	0.00154774	TRUE	NA	NA	NA	NA	NA	NA
NC_045512.2	7615	G	T	127	47	24	11	11	26	0.0705128	156	0.00143198	TRUE	NA	NA	NA	NA	NA	NA
NC_045512.2	7615	G	C	127	47	24	4	4	25	0.025641	156	0.137295	FALSE	NA	NA	NA	NA	NA	NA
NC_045512.2	7615	G	A	127	47	24	14	14	24	0.0897436	156	0.000188869	TRUE	NA	NA	NA	NA	NA	NA
NC_045512.2	7616	A	T	141	54	26	9	8	27	0.054878	164	0.00682998	TRUE	NA	NA	NA	NA	NA	NA
NC_045512.2	7616	A	G	141	54	26	11	11	28	0.0670732	164	0.00187663	TRUE	NA	NA	NA	NA	NA	NA
NC_045512.2	7616	A	C	141	54	26	3	3	26	0.0182927	164	0.266212	FALSE	NA	NA	NA	NA	NA	NA
NC_045512.2	7617	A	T	130	49	24	10	10	26	0.0636943	157	0.00303464	TRUE	NA	NA	NA	NA	NA	NA
NC_045512.2	7617	A	G	130	49	24	14	13	25	0.089172	157	0.00021087	TRUE	NA	NA	NA	NA	NA	NA
NC_045512.2	7617	A	C	130	49	24	3	3	26	0.0191083	157	0.253822	FALSE	NA	NA	NA	NA	NA	NA
NC_045512.2	7617	A	-T	130	49	24	1	0	20	0.00636943	157	0.705417	FALSE	NA	NA	NA	NA	NA	NA
NC_045512.2	7618	T	G	133	46	26	12	12	27	0.0740741	162	0.000728484	TRUE	NA	NA	NA	NA	NA	NA
NC_045512.2	7618	T	C	133	46	26	5	5	25	0.0308642	162	0.0741414	FALSE	NA	NA	NA	NA	NA	NA
NC_045512.2	7618	T	A	133	46	26	12	12	26	0.0740741	162	0.000728484	TRUE	NA	NA	NA	NA	NA	NA
NC_045512.2	7619	T	G	142	58	24	8	8	25	0.05	160	0.0146031	FALSE	NA	NA	NA	NA	NA	NA
NC_045512.2	7619	T	C	142	58	24	5	4	26	0.03125	160	0.0898745	FALSE	NA	NA	NA	NA	NA	NA
NC_045512.2	7619	T	A	142	58	24	5	5	28	0.03125	160	0.0898745	FALSE	NA	NA	NA	NA	NA	NA
NC_045512.2	7620	G	T	136	48	27	7	7	24	0.0434783	161	0.023045	FALSE	NA	NA	NA	NA	NA	NA
NC_045512.2	7620	G	C	136	48	27	9	9	24	0.0559006	161	0.00636238	TRUE	NA	NA	NA	NA	NA	NA
NC_045512.2	7620	G	A	136	48	27	9	9	25	0.0559006	161	0.00636238	TRUE	NA	NA	NA	NA	NA	NA
NC_045512.2	7621	T	G	139	50	27	5	5	27	0.0301205	166	0.0786114	FALSE	NA	NA	NA	NA	NA	NA
NC_045512.2	7621	T	C	139	50	27	12	12	26	0.0722892	166	0.000840028	TRUE	NA	NA	NA	NA	NA	NA
NC_045512.2	7621	T	A	139	50	27	10	10	25	0.060241	166	0.00315829	TRUE	NA	NA	NA	NA	NA	NA
NC_045512.2	7622	G	T	131	42	27	13	13	25	0.08125	160	0.000381002	TRUE	NA	NA	NA	NA	NA	NA
NC_045512.2	7622	G	C	131	42	27	4	4	23	0.025	160	0.138544	FALSE	NA	NA	NA	NA	NA	NA
NC_045512.2	7622	G	A	131	42	27	12	12	24	0.075	160	0.000747611	TRUE	NA	NA	NA	NA	NA	NA
NC_045512.2	7623	T	G	143	54	26	8	8	26	0.0484848	165	0.0133185	FALSE	NA	NA	NA	NA	NA	NA
NC_045512.2	7623	T	C	143	54	26	4	4	24	0.0242424	165	0.153199	FALSE	NA	NA	NA	NA	NA	NA
NC_045512.2	7623	T	A	143	54	26	10	10	25	0.0606061	165	0.00371846	TRUE	NA	NA	NA	NA	NA	NA
NC_045512.2	7624	T	G	139	56	25	4	4	27	0.0248447	161	0.152345	FALSE	NA	NA	NA	NA	NA	NA
NC_045512.2	7624	T	C	139	56	25	3	3	27	0.0186335	161	0.267798	FALSE	NA	NA	NA	NA	NA	NA
NC_045512.2	7624	T	A	139	56	25	15	15	25	0.0931677	161	0.000143234	TRUE	NA	NA	NA	NA	NA	NA
NC_045512.2	7625	A	T	139	50	26	15	15	26	0.0877193	171	9.07645e-05	TRUE	NA	NA	NA	NA	NA	NA
NC_045512.2	7625	A	G	139	50	26	11	11	26	0.0643275	171	0.00138368	TRUE	NA	NA	NA	NA	NA	NA
NC_045512.2	7625	A	C	139	50	26	6	6	25	0.0350877	171	0.0386551	FALSE	NA	NA	NA	NA	NA	NA
NC_045512.2	7626	A	T	144	56	24	5	5	24	0.0295858	169	0.0817059	FALSE	NA	NA	NA	NA	NA	NA
NC_045512.2	7626	A	G	144	56	24	9	9	27	0.0532544	169	0.00653967	TRUE	NA	NA	NA	NA	NA	NA
NC_045512.2	7626	A	C	144	56	24	11	11	26	0.0650888	169	0.00177737	TRUE	NA	NA	NA	NA	NA	NA
NC_045512.2	7626	A	-T	144	56	24	2	0	20	0.0118343	169	0.44737	FALSE	NA	NA	NA	NA	NA	NA
NC_045512.2	7627	T	G	144	55	26	8	8	26	0.0484848	165	0.013046	FALSE	NA	NA	NA	NA	NA	NA
NC_045512.2	7627	T	C	144	55	26	2	2	25	0.0121212	165	0.451834	FALSE	NA	NA	NA	NA	NA	NA
NC_045512.2	7627	T	A	144	55	26	11	11	24	0.0666667	165	0.00189611	TRUE	NA	NA	NA	NA	NA	NA
NC_045512.2	7628	T	G	125	47	24	11	11	27	0.06875	160	0.00114108	TRUE	NA	NA	NA	NA	NA	NA
NC_045512.2	7628	T	C	125	47	24	6	6	27	0.0375	160	0.0347384	FALSE	NA	NA	NA	NA	NA	NA
NC_045512.2	7628	T	A	125	47	24	18	18	26	0.1125	160	8.70751e-06	TRUE	NA	NA	NA	NA	NA	NA
NC_045512.2	7629	G	T	135	47	26	18	18	26	0.105263	171	9.10237e-06	TRUE	NA	NA	NA	NA	NA	NA
NC_045512.2	7629	G	C	135	47	26	3	3	27	0.0175439	171	0.237457	FALSE	NA	NA	NA	NA	NA	NA
NC_045512.2	7629	G	A	135	47	26	15	15	25	0.0877193	171	7.34221e-05	TRUE	NA	NA	NA	NA	NA	NA
NC_045512.2	7630	T	G	139	50	26	7	7	25	0.0406977	172	0.0197406	FALSE	NA	NA	NA	NA	NA	NA
NC_045512.2	7630	T	C	139	50	26	14	14	26	0.0813953	172	0.000172245	TRUE	NA	NA	NA	NA	NA	NA
NC_045512.2	7630	T	A	139	50	26	12	12	25	0.0697674	172	0.000677068	TRUE	NA	NA	NA	NA	NA	NA
NC_045512.2	7631	G	T	134	45	27	22	22	26	0.127168	173	4.60718e-07	TRUE	NA	NA	NA	NA	NA	NA
NC_045512.2	7631	G	C	134	45	27	4	4	26	0.0231214	173	0.124488	FALSE	NA	NA	NA	NA	NA	NA
NC_045512.2	7631	G	A	134	45	27	13	13	26	0.0751445	173	0.0002604	TRUE	NA	NA	NA	NA	NA	NA
NC_045512.2	7632	A	T	149	60	27	10	10	25	0.0584795	171	0.00378358	TRUE	NA	NA	NA	NA	NA	NA
NC_045512.2	7632	A	G	149	60	27	7	7	28	0.0409357	171	0.0252999	FALSE	NA	NA	NA	NA	NA	NA
NC_045512.2	7632	A	C	149	60	27	5	5	25	0.0292398	171	0.0858795	FALSE	NA	NA	NA	NA	NA	NA
NC_045512.2	7633	T	G	140	51	27	7	7	26	0.0402299	174	0.0194236	FALSE	NA	NA	NA	NA	NA	NA
NC_045512.2	7633	T	C	140	51	27	12	12	26	0.0689655	174	0.000657551	TRUE	NA	NA	NA	NA	NA	NA
NC_045512.2	7633	T	A	140	51	27	15	15	26	0.0862069	174	8.36012e-05	TRUE	NA	NA	NA	NA	NA	NA
NC_045512.2	7634	A	T	143	55	27	12	12	26	0.0693642	173	0.000770046	TRUE	NA	NA	NA	NA	NA	NA
NC_045512.2	7634	A	G	143	55	27	15	14	26	0.0867052	173	0.000101828	TRUE	NA	NA	NA	NA	NA	NA
NC_045512.2	7634	A	C	143	55	27	3	3	28	0.017341	173	0.252465	FALSE	NA	NA	NA	NA	NA	NA
NC_045512.2	7635	C	T	147	59	27	9	8	25	0.0508475	177	0.00581344	TRUE	NA	NA	NA	NA	NA	NA
NC_045512.2	7635	C	G	147	59	27	8	8	24	0.0451977	177	0.0112303	FALSE	NA	NA	NA	NA	NA	NA
NC_045512.2	7635	C	A	147	59	27	13	13	25	0.0734463	177	0.000401225	TRUE	NA	NA	NA	NA	NA	NA
NC_045512.2	7636	A	T	142	53	27	17	17	27	0.0971429	175	2.25389e-05	TRUE	NA	NA	NA	NA	NA	NA
NC_045512.2	7636	A	G	142	53	27	12	12	25	0.0685714	175	0.000689442	TRUE	NA	NA	NA	NA	NA	NA
NC_045512.2	7636	A	C	142	53	27	4	4	26	0.0228571	175	0.135671	FALSE	NA	NA	NA	NA	NA	NA
NC_045512.2	7637	T	G	139	51	26	7	7	25	0.04	175	0.0185837	FALSE	NA	NA	NA	NA	NA	NA
NC_045512.2	7637	T	C	139	51	26	3	2	26	0.0171429	175	0.239249	FALSE	NA	NA	NA	NA	NA	NA
NC_045512.2	7637	T	A	139	51	26	26	26	25	0.148571	175	3.82279e-08	TRUE	NA	NA	NA	NA	NA	NA
NC_045512.2	7638	T	G	142	54	24	13	13	25	0.0747126	174	0.000361828	TRUE	NA	NA	NA	NA	NA	NA
NC_045512.2	7638	T	C	142	54	24	5	5	26	0.0287356	174	0.0738234	FALSE	NA	NA	NA	NA	NA	NA
NC_045512.2	7638	T	A	142	54	24	14	14	25	0.0804598	174	0.000183142	TRUE	NA	NA	NA	NA	NA	NA
NC_045512.2	7639	C	T	133	45	27	20	20	26	0.114286	175	1.54074e-06	TRUE	NA	NA	NA	NA	NA	NA
NC_045512.2	7639	C	G	133	45	27	10	9	26	0.0571429	175	0.00194637	TRUE	NA	NA	NA	NA	NA	NA
NC_045512.2	7639	C	A	133	45	27	12	12	25	0.0685714	175	0.000468734	TRUE	NA	NA	NA	NA	NA	NA
NC_045512.2	7640	T	G	138	51	27	19	19	25	0.109827	173	4.95397e-06	TRUE	NA	NA	NA	NA	NA	NA
NC_045512.2	7640	T	C	138	51	27	7	5	25	0.0404624	173	0.0188814	FALSE	NA	NA	NA	NA	NA	NA
NC_045512.2	7640	T	A	138	51	27	9	9	26	0.0520231	173	0.00490238	TRUE	NA	NA	NA	NA	NA	NA
NC_045512.2	7641	G	T	148	59	27	13	13	25	0.0742857	175	0.000450735	TRUE	NA	NA	NA	NA	NA	NA
NC_045512.2	7641	G	C	148	59	27	3	3	27	0.0171429	175	0.260082	FALSE	NA	NA	NA	NA	NA	NA
NC_045512.2	7641	G	A	148	59	27	11	11	24	0.0628571	175	0.00169413	TRUE	NA	NA	NA	NA	NA	NA
NC_045512.2	7642	T	G	138	50	26	13	13	25	0.0730337	178	0.000259111	TRUE	NA	NA	NA	NA	NA	NA
NC_045512.2	7642	T	C	138	50	26	4	3	25	0.0224719	178	0.124523	FALSE	NA	NA	NA	NA	NA	NA
NC_045512.2	7642	T	A	138	50	26	23	23	25	0.129213	178	2.24663e-07	TRUE	NA	NA	NA	NA	NA	NA
NC_045512.2	7643	G	T	143	56	26	9	9	26	0.0508475	177	0.00515974	TRUE	NA	NA	NA	NA	NA	NA
NC_045512.2	7643	G	C	143	56	26	4	3	28	0.0225989	177	0.134515	FALSE	NA	NA	NA	NA	NA	NA
NC_045512.2	7643	G	A	143	56	26	21	21	26	0.118644	177	1.3916e-06	TRUE	NA	NA	NA	NA	NA	NA
NC_045512.2	7644	C	T	132	43	26	13	13	25	0.0730337	178	0.000194219	TRUE	NA	NA	NA	NA	NA	NA
NC_045512.2	7644	C	G	132	43	26	18	18	26	0.101124	178	5.09227e-06	TRUE	NA	NA	NA	NA	NA	NA
NC_045512.2	7644	C	A	132	43	26	15	15	25	0.0842697	178	4.52326e-05	TRUE	NA	NA	NA	NA	NA	NA
NC_045512.2	7645	T	G	144	57	27	12	12	25	0.0677966	177	0.000697546	TRUE	NA	NA	NA	NA	NA	NA
NC_045512.2	7645	T	C	144	57	27	7	5	25	0.039548	177	0.0201159	FALSE	NA	NA	NA	NA	NA	NA
NC_045512.2	7645	T	A	144	57	27	14	14	25	0.079096	177	0.000178092	TRUE	NA	NA	NA	NA	NA	NA
NC_045512.2	7646	G	T	145	56	26	14	14	25	0.0777778	180	0.000165415	TRUE	NA	NA	NA	NA	NA	NA
NC_045512.2	7646	G	C	145	56	26	6	6	26	0.0333333	180	0.0374901	FALSE	NA	NA	NA	NA	NA	NA
NC_045512.2	7646	G	A	145	56	26	15	15	24	0.0833333	180	8.30099e-05	TRUE	NA	NA	NA	NA	NA	NA
NC_045512.2	7647	G	T	146	58	24	10	10	27	0.0564972	177	0.00289751	TRUE	NA	NA	NA	NA	NA	NA
NC_045512.2	7647	G	C	146	58	24	3	3	27	0.0169492	177	0.251592	FALSE	NA	NA	NA	NA	NA	NA
NC_045512.2	7647	G	A	146	58	24	18	18	24	0.101695	177	1.30022e-05	TRUE	NA	NA	NA	NA	NA	NA
NC_045512.2	7648	T	G	139	50	27	16	16	26	0.0893855	179	3.13669e-05	TRUE	NA	NA	NA	NA	NA	NA
NC_045512.2	7648	T	C	139	50	27	7	7	25	0.0391061	179	0.0171585	FALSE	NA	NA	NA	NA	NA	NA
NC_045512.2	7648	T	A	139	50	27	17	17	25	0.0949721	179	1.54743e-05	TRUE	NA	NA	NA	NA	NA	NA
NC_045512.2	7649	A	T	124	35	27	12	12	25	0.0833333	144	0.00103096	TRUE	NA	NA	NA	NA	NA	NA
NC_045512.2	7649	A	G	124	35	27	7	7	25	0.0486111	144	0.0248888	FALSE	NA	NA	NA	NA	NA	NA
NC_045512.2	7649	A	C	124	35	27	1	1	24	0.00694444	144	0.716222	FALSE	NA	NA	NA	NA	NA	NA
NC_045512.2	7649	A	-G	124	35	27	1	0	20	0.00694444	144	0.716222	FALSE	NA	NA	NA	NA	NA	NA
NC_045512.2	7650	G	T	124	36	27	9	9	27	0.0633803	142	0.0072735	TRUE	NA	NA	NA	NA	NA	NA
NC_045512.2	7650	G	C	124	36	27	6	6	25	0.0422535	142	0.0471072	FALSE	NA	NA	NA	NA	NA	NA
NC_045512.2	7650	G	A	124	36	27	3	3	25	0.0211268	142	0.27034	FALSE	NA	NA	NA	NA	NA	NA
NC_045512.2	7651	T	G	122	33	27	6	6	27	0.0425532	141	0.0468995	FALSE	NA	NA	NA	NA	NA	NA
NC_045512.2	7651	T	C	122	33	27	2	2	25	0.0141844	141	0.454428	FALSE	NA	NA	NA	NA	NA	NA
NC_045512.2	7651	T	A	122	33	27	11	11	24	0.0780142	141	0.00202374	TRUE	NA	NA	NA	NA	NA	NA
NC_045512.2	7652	A	T	135	46	26	3	3	29	0.020979	143	0.300474	FALSE	NA	NA	NA	NA	NA	NA
NC_045512.2	7652	A	G	135	46	26	1	1	22	0.00699301	143	0.739994	FALSE	NA	NA	NA	NA	NA	NA
NC_045512.2	7652	A	C	135	46	26	4	4	27	0.027972	143	0.178656	FALSE	NA	NA	NA	NA	NA	NA
NC_045512.2	7653	C	T	121	32	27	6	6	23	0.0422535	142	0.0449445	FALSE	NA	NA	NA	NA	NA	NA
NC_045512.2	7653	C	G	121	32	27	2	2	26	0.0140845	142	0.448748	FALSE	NA	NA	NA	NA	NA	NA
NC_045512.2	7653	C	A	121	32	27	13	13	25	0.0915493	142	0.000510464	TRUE	NA	NA	NA	NA	NA	NA
NC_045512.2	7654	A	T	129	40	27	8	8	26	0.0551724	145	0.0149625	FALSE	NA	NA	NA	NA	NA	NA
NC_045512.2	7654	A	G	129	40	27	3	3	24	0.0206897	145	0.27914	FALSE	NA	NA	NA	NA	NA	NA
NC_045512.2	7654	A	C	129	40	27	5	5	25	0.0344828	145	0.0909944	FALSE	NA	NA	NA	NA	NA	NA
NC_045512.2	7654	A	+T	129	40	27	1	0	20	0.00689655	145	0.724713	FALSE	NA	NA	NA	NA	NA	NA
NC_045512.2	7655	T	G	121	32	26	9	9	25	0.0642857	140	0.00720739	TRUE	NA	NA	NA	NA	NA	NA
NC_045512.2	7655	T	C	121	32	26	3	3	27	0.0214286	140	0.269404	FALSE	NA	NA	NA	NA	NA	NA
NC_045512.2	7655	T	A	121	32	26	7	7	27	0.05	140	0.0252831	FALSE	NA	NA	NA	NA	NA	NA
NC_045512.2	7656	T	G	127	38	28	5	5	24	0.0347222	144	0.0893052	FALSE	NA	NA	NA	NA	NA	NA
NC_045512.2	7656	T	C	127	38	28	6	6	27	0.0416667	144	0.0492824	FALSE	NA	NA	NA	NA	NA	NA
NC_045512.2	7656	T	A	127	38	28	6	6	26	0.0416667	144	0.0492824	FALSE	NA	NA	NA	NA	NA	NA
NC_045512.2	7657	T	G	112	37	24	6	6	27	0.0461538	130	0.0467785	FALSE	NA	NA	NA	NA	NA	NA
NC_045512.2	7657	T	C	112	37	24	6	6	26	0.0461538	130	0.0467785	FALSE	NA	NA	NA	NA	NA	NA
NC_045512.2	7657	T	A	112	37	24	6	6	24	0.0461538	130	0.0467785	FALSE	NA	NA	NA	NA	NA	NA
NC_045512.2	7658	A	T	134	45	26	6	6	25	0.0416667	144	0.0568306	FALSE	NA	NA	NA	NA	NA	NA
NC_045512.2	7658	A	G	134	45	26	1	1	24	0.00694444	144	0.736306	FALSE	NA	NA	NA	NA	NA	NA
NC_045512.2	7658	A	C	134	45	26	3	3	23	0.0208333	144	0.295196	FALSE	NA	NA	NA	NA	NA	NA
NC_045512.2	7659	T	G	127	38	26	4	4	26	0.028169	142	0.16306	FALSE	NA	NA	NA	NA	NA	NA
NC_045512.2	7659	T	C	127	38	26	9	9	26	0.0633803	142	0.00827308	TRUE	NA	NA	NA	NA	NA	NA
NC_045512.2	7659	T	A	127	38	26	2	2	25	0.0140845	142	0.466564	FALSE	NA	NA	NA	NA	NA	NA
NC_045512.2	7660	T	G	119	37	24	3	3	25	0.0218978	137	0.271336	FALSE	NA	NA	NA	NA	NA	NA
NC_045512.2	7660	T	C	119	37	24	2	2	25	0.0145985	137	0.456104	FALSE	NA	NA	NA	NA	NA	NA
NC_045512.2	7660	T	A	119	37	24	13	13	26	0.0948905	137	0.000581354	TRUE	NA	NA	NA	NA	NA	NA
NC_045512.2	7661	A	T	127	38	27	6	6	28	0.0413793	145	0.0483351	FALSE	NA	NA	NA	NA	NA	NA
NC_045512.2	7661	A	G	127	38	27	3	3	27	0.0206897	145	0.273682	FALSE	NA	NA	NA	NA	NA	NA
NC_045512.2	7661	A	C	127	38	27	9	9	28	0.062069	145	0.00755973	TRUE	NA	NA	NA	NA	NA	NA
NC_045512.2	7662	G	T	126	37	27	9	9	25	0.0608108	148	0.00668833	TRUE	NA	NA	NA	NA	NA	NA
NC_045512.2	7662	G	C	126	37	27	2	2	26	0.0135135	148	0.448075	FALSE	NA	NA	NA	NA	NA	NA
NC_045512.2	7662	G	A	126	37	27	11	11	26	0.0743243	148	0.00183612	TRUE	NA	NA	NA	NA	NA	NA
NC_045512.2	7663	T	G	129	40	27	6	6	24	0.04	150	0.0458289	FALSE	NA	NA	NA	NA	NA	NA
NC_045512.2	7663	T	C	129	40	27	7	7	25	0.0466667	150	0.0246495	FALSE	NA	NA	NA	NA	NA	NA
NC_045512.2	7663	T	A	129	40	27	8	8	27	0.0533333	150	0.0131395	FALSE	NA	NA	NA	NA	NA	NA
NC_045512.2	7664	G	T	127	38	27	13	13	25	0.0860927	151	0.000459994	TRUE	NA	NA	NA	NA	NA	NA
NC_045512.2	7664	G	C	127	38	27	5	5	24	0.0331126	151	0.079968	FALSE	NA	NA	NA	NA	NA	NA
NC_045512.2	7664	G	A	127	38	27	6	6	24	0.0397351	151	0.0430713	FALSE	NA	NA	NA	NA	NA	NA
NC_045512.2	7665	A	T	129	41	27	9	9	26	0.0573248	157	0.00568297	TRUE	NA	NA	NA	NA	NA	NA
NC_045512.2	7665	A	G	129	41	27	14	13	27	0.089172	157	0.000200307	TRUE	NA	NA	NA	NA	NA	NA
NC_045512.2	7665	A	C	129	41	27	5	5	27	0.0318471	157	0.0755638	FALSE	NA	NA	NA	NA	NA	NA
NC_045512.2	7666	T	G	125	36	27	17	17	25	0.103659	164	1.40015e-05	TRUE	NA	NA	NA	NA	NA	NA
NC_045512.2	7666	T	C	125	36	27	2	2	26	0.0121951	164	0.407056	FALSE	NA	NA	NA	NA	NA	NA
NC_045512.2	7666	T	A	125	36	27	20	20	25	0.121951	164	1.67584e-06	TRUE	NA	NA	NA	NA	NA	NA
NC_045512.2	7667	G	T	136	49	27	3	3	26	0.0180723	166	0.249826	FALSE	NA	NA	NA	NA	NA	NA
NC_045512.2	7667	G	C	136	49	27	9	9	26	0.0542169	166	0.00554981	TRUE	NA	NA	NA	NA	NA	NA
NC_045512.2	7667	G	A	136	49	27	18	18	26	0.108434	166	1.27837e-05	TRUE	NA	NA	NA	NA	NA	NA
NC_045512.2	7668	A	T	128	42	26	21	21	26	0.128049	164	1.05264e-06	TRUE	NA	NA	NA	NA	NA	NA
NC_045512.2	7668	A	G	128	42	26	12	12	25	0.0731707	164	0.000561264	TRUE	NA	NA	NA	NA	NA	NA
NC_045512.2	7668	A	C	128	42	26	3	3	25	0.0182927	164	0.234104	FALSE	NA	NA	NA	NA	NA	NA
NC_045512.2	7669	A	T	126	47	24	11	11	27	0.0691824	159	0.00123399	TRUE	NA	NA	NA	NA	NA	NA
NC_045512.2	7669	A	G	126	47	24	20	20	25	0.125786	159	2.50377e-06	TRUE	NA	NA	NA	NA	NA	NA
NC_045512.2	7669	A	C	126	47	24	2	2	27	0.0125786	159	0.421343	FALSE	NA	NA	NA	NA	NA	NA
NC_045512.2	7670	G	T	131	46	27	13	13	25	0.0783133	166	0.00029806	TRUE	NA	NA	NA	NA	NA	NA
NC_045512.2	7670	G	C	131	46	27	15	15	26	0.0903614	166	7.4297e-05	TRUE	NA	NA	NA	NA	NA	NA
NC_045512.2	7670	G	A	131	46	27	7	7	25	0.0421687	166	0.0183062	FALSE	NA	NA	NA	NA	NA	NA
NC_045512.2	7671	T	G	135	50	26	7	7	26	0.0432099	162	0.0220252	FALSE	NA	NA	NA	NA	NA	NA
NC_045512.2	7671	T	C	135	50	26	3	3	27	0.0185185	162	0.255706	FALSE	NA	NA	NA	NA	NA	NA
NC_045512.2	7671	T	A	135	50	26	17	17	25	0.104938	162	2.92632e-05	TRUE	NA	NA	NA	NA	NA	NA
NC_045512.2	7672	T	G	115	39	24	15	15	26	0.0961538	156	4.64988e-05	TRUE	NA	NA	NA	NA	NA	NA
NC_045512.2	7672	T	C	115	39	24	8	8	26	0.0512821	156	0.00720609	TRUE	NA	NA	NA	NA	NA	NA
NC_045512.2	7672	T	A	115	39	24	18	18	26	0.115385	156	5.33436e-06	TRUE	NA	NA	NA	NA	NA	NA
NC_045512.2	7673	G	T	123	38	26	14	14	26	0.0848485	165	0.000100754	TRUE	NA	NA	NA	NA	NA	NA
NC_045512.2	7673	G	C	123	38	26	2	2	27	0.0121212	165	0.399057	FALSE	NA	NA	NA	NA	NA	NA
NC_045512.2	7673	G	A	123	38	26	26	26	25	0.157576	165	1.88862e-08	TRUE	NA	NA	NA	NA	NA	NA
NC_045512.2	7674	C	T	115	30	26	17	17	27	0.10241	166	6.17012e-06	TRUE	NA	NA	NA	NA	NA	NA
NC_045512.2	7674	C	G	115	30	26	15	15	25	0.0903614	166	2.80132e-05	TRUE	NA	NA	NA	NA	NA	NA
NC_045512.2	7674	C	A	115	30	26	19	19	27	0.114458	166	1.36615e-06	TRUE	NA	NA	NA	NA	NA	NA
NC_045512.2	7675	G	T	131	46	26	14	14	24	0.0843373	166	0.000148839	TRUE	NA	NA	NA	NA	NA	NA
NC_045512.2	7675	G	C	131	46	26	3	3	27	0.0180723	166	0.237559	FALSE	NA	NA	NA	NA	NA	NA
NC_045512.2	7675	G	A	131	46	26	18	18	26	0.108434	166	9.25738e-06	TRUE	NA	NA	NA	NA	NA	NA
NC_045512.2	7676	A	T	123	38	26	18	18	26	0.109756	164	5.97785e-06	TRUE	NA	NA	NA	NA	NA	NA
NC_045512.2	7676	A	G	123	38	26	14	14	26	0.0853659	164	0.000105422	TRUE	NA	NA	NA	NA	NA	NA
NC_045512.2	7676	A	C	123	38	26	9	9	26	0.054878	164	0.00377248	TRUE	NA	NA	NA	NA	NA	NA
NC_045512.2	7677	G	T	128	44	26	16	15	26	0.1	160	4.20862e-05	TRUE	NA	NA	NA	NA	NA	NA
NC_045512.2	7677	G	C	128	44	26	6	6	26	0.0375	160	0.0371871	FALSE	NA	NA	NA	NA	NA	NA
NC_045512.2	7677	G	A	128	44	26	10	10	25	0.0625	160	0.00256059	TRUE	NA	NA	NA	NA	NA	NA
NC_045512.2	7678	A	T	126	43	26	15	15	27	0.09375	160	7.45664e-05	TRUE	NA	NA	NA	NA	NA	NA
NC_045512.2	7678	A	G	126	43	26	15	13	27	0.09375	160	7.45664e-05	TRUE	NA	NA	NA	NA	NA	NA
NC_045512.2	7678	A	C	126	43	26	4	4	27	0.025	160	0.128951	FALSE	NA	NA	NA	NA	NA	NA
NC_045512.2	7679	G	T	122	37	26	27	27	26	0.164634	164	9.18501e-09	TRUE	NA	NA	NA	NA	NA	NA
NC_045512.2	7679	G	C	122	37	26	6	6	27	0.0365854	164	0.0300158	FALSE	NA	NA	NA	NA	NA	NA
NC_045512.2	7679	G	A	122	37	26	9	9	23	0.054878	164	0.00363653	TRUE	NA	NA	NA	NA	NA	NA
NC_045512.2	7680	A	T	132	48	26	25	25	27	0.150602	166	8.17528e-08	TRUE	NA	NA	NA	NA	NA	NA
NC_045512.2	7680	A	G	132	48	26	6	6	25	0.0361446	166	0.0364105	FALSE	NA	NA	NA	NA	NA	NA
NC_045512.2	7680	A	C	132	48	26	3	3	26	0.0180723	166	0.240022	FALSE	NA	NA	NA	NA	NA	NA
NC_045512.2	7681	C	T	115	33	27	24	24	25	0.149068	161	4.87073e-08	TRUE	NA	NA	NA	NA	NA	NA
NC_045512.2	7681	C	G	115	33	27	17	17	26	0.10559	161	8.20634e-06	TRUE	NA	NA	NA	NA	NA	NA
NC_045512.2	7681	C	A	115	33	27	5	5	26	0.0310559	161	0.0538436	FALSE	NA	NA	NA	NA	NA	NA
NC_045512.2	7682	T	G	135	55	26	11	11	26	0.0691824	159	0.00177392	TRUE	NA	NA	NA	NA	NA	NA
NC_045512.2	7682	T	C	135	55	26	6	6	25	0.0377358	159	0.0439845	FALSE	NA	NA	NA	NA	NA	NA
NC_045512.2	7682	T	A	135	55	26	7	7	27	0.0440252	159	0.02347	FALSE	NA	NA	NA	NA	NA	NA
NC_045512.2	7683	T	G	123	47	24	16	16	26	0.103226	155	4.0288e-05	TRUE	NA	NA	NA	NA	NA	NA
NC_045512.2	7683	T	C	123	47	24	7	7	25	0.0451613	155	0.0188296	FALSE	NA	NA	NA	NA	NA	NA
NC_045512.2	7683	T	A	123	47	24	9	9	25	0.0580645	155	0.00490262	TRUE	NA	NA	NA	NA	NA	NA
NC_045512.2	7684	G	T	117	37	27	11	11	26	0.06875	160	0.000795156	TRUE	NA	NA	NA	NA	NA	NA
NC_045512.2	7684	G	C	117	37	27	6	6	26	0.0375	160	0.0286032	FALSE	NA	NA	NA	NA	NA	NA
NC_045512.2	7684	G	A	117	37	27	26	26	26	0.1625	160	1.55463e-08	TRUE	NA	NA	NA	NA	NA	NA
NC_045512.2	7685	T	G	123	44	27	10	10	25	0.0617284	162	0.00197577	TRUE	NA	NA	NA	NA	NA	NA
NC_045512.2	7685	T	C	123	44	27	10	9	27	0.0617284	162	0.00197577	TRUE	NA	NA	NA	NA	NA	NA
NC_045512.2	7685	T	A	123	44	27	19	19	26	0.117284	162	3.30997e-06	TRUE	NA	NA	NA	NA	NA	NA
NC_045512.2	7686	C	T	118	38	27	17	17	24	0.10559	161	1.02102e-05	TRUE	NA	NA	NA	NA	NA	NA
NC_045512.2	7686	C	G	118	38	27	3	3	27	0.0186335	161	0.21462	FALSE	NA	NA	NA	NA	NA	NA
NC_045512.2	7686	C	A	118	38	27	23	23	26	0.142857	161	1.34448e-07	TRUE	NA	NA	NA	NA	NA	NA
NC_045512.2	7687	A	T	125	45	27	24	24	25	0.148148	162	1.17991e-07	TRUE	NA	NA	NA	NA	NA	NA
NC_045512.2	7687	A	G	125	45	27	4	4	24	0.0246914	162	0.124028	FALSE	NA	NA	NA	NA	NA	NA
NC_045512.2	7687	A	C	125	45	27	9	9	26	0.0555556	162	0.00429308	TRUE	NA	NA	NA	NA	NA	NA
NC_045512.2	7688	C	T	118	38	27	19	19	26	0.117284	162	2.24765e-06	TRUE	NA	NA	NA	NA	NA	NA
NC_045512.2	7688	C	G	118	38	27	7	7	28	0.0432099	162	0.0139336	FALSE	NA	NA	NA	NA	NA	NA
NC_045512.2	7688	C	A	118	38	27	18	18	25	0.111111	162	4.65323e-06	TRUE	NA	NA	NA	NA	NA	NA
NC_045512.2	7689	T	G	131	51	27	1	1	23	0.00613497	163	0.697221	FALSE	NA	NA	NA	NA	NA	NA
NC_045512.2	7689	T	C	131	51	27	11	11	27	0.0674847	163	0.00132035	TRUE	NA	NA	NA	NA	NA	NA
NC_045512.2	7689	T	A	131	51	27	20	20	26	0.122699	163	2.8027e-06	TRUE	NA	NA	NA	NA	NA	NA
NC_045512.2	7690	A	T	124	44	27	16	16	24	0.1	160	3.29182e-05	TRUE	NA	NA	NA	NA	NA	NA
NC_045512.2	7690	A	G	124	44	27	10	10	26	0.0625	160	0.0021935	TRUE	NA	NA	NA	NA	NA	NA
NC_045512.2	7690	A	C	124	44	27	10	10	27	0.0625	160	0.0021935	TRUE	NA	NA	NA	NA	NA	NA
NC_045512.2	7691	C	T	123	44	27	17	17	26	0.104938	162	1.36704e-05	TRUE	NA	NA	NA	NA	NA	NA
NC_045512.2	7691	C	G	123	44	27	10	10	27	0.0617284	162	0.00197577	TRUE	NA	NA	NA	NA	NA	NA
NC_045512.2	7691	C	A	123	44	27	12	12	25	0.0740741	162	0.000478906	TRUE	NA	NA	NA	NA	NA	NA
NC_045512.2	7692	A	T	124	46	27	20	20	27	0.124224	161	1.88438e-06	TRUE	NA	NA	NA	NA	NA	NA
NC_045512.2	7692	A	G	124	46	27	12	12	25	0.0745342	161	0.000522407	TRUE	NA	NA	NA	NA	NA	NA
NC_045512.2	7692	A	C	124	46	27	5	5	26	0.0310559	161	0.0647458	FALSE	NA	NA	NA	NA	NA	NA
NC_045512.2	7693	G	T	118	46	26	14	14	26	0.0903226	155	0.000120182	TRUE	NA	NA	NA	NA	NA	NA
NC_045512.2	7693	G	C	118	46	26	6	6	27	0.0387097	155	0.0323357	FALSE	NA	NA	NA	NA	NA	NA
NC_045512.2	7693	G	A	118	46	26	17	17	26	0.109677	155	1.44081e-05	TRUE	NA	NA	NA	NA	NA	NA
NC_045512.2	7694	T	G	117	47	25	10	10	27	0.0666667	150	0.00230332	TRUE	NA	NA	NA	NA	NA	NA
NC_045512.2	7694	T	C	117	47	25	7	7	27	0.0466667	150	0.0178516	FALSE	NA	NA	NA	NA	NA	NA
NC_045512.2	7694	T	A	117	47	25	16	16	25	0.106667	150	3.59976e-05	TRUE	NA	NA	NA	NA	NA	NA
NC_045512.2	7695	T	G	114	49	28	11	11	26	0.0743243	148	0.00108418	TRUE	NA	NA	NA	NA	NA	NA
NC_045512.2	7695	T	C	114	49	28	4	4	27	0.027027	148	0.124275	FALSE	NA	NA	NA	NA	NA	NA
NC_045512.2	7695	T	A	114	49	28	19	19	27	0.128378	148	4.07799e-06	TRUE	NA	NA	NA	NA	NA	NA
NC_045512.2	7696	T	G	89	48	24	19	19	25	0.153226	124	2.54827e-06	TRUE	NA	NA	NA	NA	NA	NA
NC_045512.2	7696	T	C	89	48	24	5	5	26	0.0403226	124	0.055938	FALSE	NA	NA	NA	NA	NA	NA
NC_045512.2	7696	T	A	89	48	24	11	10	25	0.0887097	124	0.000790624	TRUE	NA	NA	NA	NA	NA	NA
NC_045512.2	7696	T	+A	89	48	24	1	0	20	0.00806452	124	0.667685	FALSE	NA	NA	NA	NA	NA	NA
NC_045512.2	7697	A	T	88	23	26	22	22	26	0.171875	128	1.86573e-07	TRUE	NA	NA	NA	NA	NA	NA
NC_045512.2	7697	A	G	88	23	26	16	16	26	0.125	128	1.50209e-05	TRUE	NA	NA	NA	NA	NA	NA
NC_045512.2	7697	A	C	88	23	26	2	2	23	0.015625	128	0.372781	FALSE	NA	NA	NA	NA	NA	NA
NC_045512.2	7698	A	T	109	44	27	14	14	26	0.0952381	147	0.000102997	TRUE	NA	NA	NA	NA	NA	NA
NC_045512.2	7698	A	G	109	44	27	17	17	25	0.115646	147	1.20326e-05	TRUE	NA	NA	NA	NA	NA	NA
NC_045512.2	7698	A	C	109	44	27	7	7	27	0.047619	147	0.0150562	FALSE	NA	NA	NA	NA	NA	NA
NC_045512.2	7699	A	T	118	55	27	7	7	24	0.0486111	144	0.0211785	FALSE	NA	NA	NA	NA	NA	NA
NC_045512.2	7699	A	G	118	55	27	14	14	27	0.0972222	144	0.000204825	TRUE	NA	NA	NA	NA	NA	NA
NC_045512.2	7699	A	C	118	55	27	5	5	27	0.0347222	144	0.0756135	FALSE	NA	NA	NA	NA	NA	NA
NC_045512.2	7700	A	T	94	43	23	29	29	24	0.219697	132	1.9146e-09	TRUE	NA	NA	NA	NA	NA	NA
NC_045512.2	7700	A	G	94	43	23	4	4	27	0.030303	132	0.107743	FALSE	NA	NA	NA	NA	NA	NA
NC_045512.2	7700	A	C	94	43	23	5	5	26	0.0378788	132	0.0544873	FALSE	NA	NA	NA	NA	NA	NA
NC_045512.2	7701	G	T	140	43	26	27	27	26	0.151685	178	1.66759e-08	TRUE	NA	NA	NA	NA	NA	NA
NC_045512.2	7701	G	C	140	43	26	1	1	28	0.00561798	178	0.690971	FALSE	NA	NA	NA	NA	NA	NA
NC_045512.2	7701	G	A	140	43	26	10	10	27	0.0561798	178	0.00229679	TRUE	NA	NA	NA	NA	NA	NA
NC_045512.2	7702	A	T	139	44	27	17	17	26	0.0955056	178	1.62677e-05	TRUE	NA	NA	NA	NA	NA	NA
NC_045512.2	7702	A	G	139	44	27	12	12	27	0.0674157	178	0.000547688	TRUE	NA	NA	NA	NA	NA	NA
NC_045512.2	7702	A	C	139	44	27	10	10	26	0.0561798	178	0.00221723	TRUE	NA	NA	NA	NA	NA	NA
NC_045512.2	7703	C	T	125	34	26	27	27	27	0.156977	172	6.30857e-09	TRUE	NA	NA	NA	NA	NA	NA
NC_045512.2	7703	C	G	125	34	26	16	16	27	0.0930233	172	1.89405e-05	TRUE	NA	NA	NA	NA	NA	NA
NC_045512.2	7703	C	A	125	34	26	4	4	27	0.0232558	172	0.11019	FALSE	NA	NA	NA	NA	NA	NA
NC_045512.2	7704	C	T	115	32	24	17	17	26	0.10241	166	6.17012e-06	TRUE	NA	NA	NA	NA	NA	NA
NC_045512.2	7704	C	G	115	32	24	19	19	27	0.114458	166	1.36615e-06	TRUE	NA	NA	NA	NA	NA	NA
NC_045512.2	7704	C	A	115	32	24	15	15	26	0.0903614	166	2.80132e-05	TRUE	NA	NA	NA	NA	NA	NA
NC_045512.2	7705	A	T	120	31	26	26	26	25	0.152941	170	9.09666e-09	TRUE	NA	NA	NA	NA	NA	NA
NC_045512.2	7705	A	G	120	31	26	17	17	27	0.1	170	7.12984e-06	TRUE	NA	NA	NA	NA	NA	NA
NC_045512.2	7705	A	C	120	31	26	7	7	27	0.0411765	170	0.0123755	FALSE	NA	NA	NA	NA	NA	NA
NC_045512.2	7706	A	T	126	45	24	21	21	27	0.128834	163	9.60766e-07	TRUE	NA	NA	NA	NA	NA	NA
NC_045512.2	7706	A	G	126	45	24	15	15	26	0.0920245	163	6.44701e-05	TRUE	NA	NA	NA	NA	NA	NA
NC_045512.2	7706	A	C	126	45	24	1	1	27	0.00613497	163	0.686635	FALSE	NA	NA	NA	NA	NA	NA
NC_045512.2	7707	T	G	141	55	26	6	6	25	0.0357143	168	0.0423679	FALSE	NA	NA	NA	NA	NA	NA
NC_045512.2	7707	T	C	141	55	26	11	11	27	0.0654762	168	0.00164542	TRUE	NA	NA	NA	NA	NA	NA
NC_045512.2	7707	T	A	141	55	26	10	10	25	0.0595238	168	0.00318437	TRUE	NA	NA	NA	NA	NA	NA
NC_045512.2	7708	A	T	115	31	26	26	26	26	0.171053	152	2.55782e-08	TRUE	NA	NA	NA	NA	NA	NA
NC_045512.2	7708	A	G	115	31	26	8	8	25	0.0526316	152	0.00802984	TRUE	NA	NA	NA	NA	NA	NA
NC_045512.2	7708	A	C	115	31	26	3	3	27	0.0197368	152	0.224892	FALSE	NA	NA	NA	NA	NA	NA
NC_045512.2	7709	A	T	127	43	27	24	24	26	0.147239	163	1.3084e-07	TRUE	NA	NA	NA	NA	NA	NA
NC_045512.2	7709	A	G	127	43	27	10	10	24	0.0613497	163	0.00224078	TRUE	NA	NA	NA	NA	NA	NA
NC_045512.2	7709	A	C	127	43	27	2	2	26	0.0122699	163	0.415022	FALSE	NA	NA	NA	NA	NA	NA
NC_045512.2	7710	A	T	108	43	23	21	21	25	0.142857	147	6.3852e-07	TRUE	NA	NA	NA	NA	NA	NA
NC_045512.2	7710	A	G	108	43	23	18	18	27	0.122449	147	5.43717e-06	TRUE	NA	NA	NA	NA	NA	NA
NC_045512.2	7711	T	G	142	60	26	14	14	26	0.0848485	165	0.000266396	TRUE	NA	NA	NA	NA	NA	NA
NC_045512.2	7711	T	C	142	60	26	1	1	25	0.00606061	165	0.715441	FALSE	NA	NA	NA	NA	NA	NA
NC_045512.2	7711	T	A	142	60	26	8	8	26	0.0484848	165	0.0129758	FALSE	NA	NA	NA	NA	NA	NA
NC_045512.2	7712	C	T	116	34	26	21	21	27	0.128834	163	4.11568e-07	TRUE	NA	NA	NA	NA	NA	NA
NC_045512.2	7712	C	G	116	34	26	13	13	28	0.0797546	163	0.000153786	TRUE	NA	NA	NA	NA	NA	NA
NC_045512.2	7712	C	A	116	34	26	13	13	27	0.0797546	163	0.000153786	TRUE	NA	NA	NA	NA	NA	NA
NC_045512.2	7713	C	T	110	31	24	16	16	26	0.0993789	161	1.19784e-05	TRUE	NA	NA	NA	NA	NA	NA
NC_045512.2	7713	C	G	110	31	24	19	19	27	0.118012	161	1.22991e-06	TRUE	NA	NA	NA	NA	NA	NA
NC_045512.2	7713	C	A	110	31	24	16	16	27	0.0993789	161	1.19784e-05	TRUE	NA	NA	NA	NA	NA	NA
NC_045512.2	7714	T	G	130	48	27	18	18	27	0.109756	164	9.70392e-06	TRUE	NA	NA	NA	NA	NA	NA
NC_045512.2	7714	T	C	130	48	27	7	7	28	0.0426829	164	0.0186145	FALSE	NA	NA	NA	NA	NA	NA
NC_045512.2	7714	T	A	130	48	27	9	9	27	0.054878	164	0.00482097	TRUE	NA	NA	NA	NA	NA	NA
NC_045512.2	7715	A	T	132	50	27	20	20	28	0.121951	164	2.82824e-06	TRUE	NA	NA	NA	NA	NA	NA
NC_045512.2	7715	A	G	132	50	27	8	8	27	0.0487805	164	0.0100815	FALSE	NA	NA	NA	NA	NA	NA
NC_045512.2	7715	A	C	132	50	27	4	4	26	0.0243902	164	0.134098	FALSE	NA	NA	NA	NA	NA	NA
NC_045512.2	7716	C	T	119	40	27	16	16	27	0.0987654	162	2.14176e-05	TRUE	NA	NA	NA	NA	NA	NA
NC_045512.2	7716	C	G	119	40	27	8	8	26	0.0493827	162	0.0070531	TRUE	NA	NA	NA	NA	NA	NA
NC_045512.2	7716	C	A	119	40	27	19	19	27	0.117284	162	2.43289e-06	TRUE	NA	NA	NA	NA	NA	NA
NC_045512.2	7717	T	G	119	39	27	10	10	26	0.0613497	163	0.00162101	TRUE	NA	NA	NA	NA	NA	NA
NC_045512.2	7717	T	C	119	39	27	13	13	27	0.0797546	163	0.000181906	TRUE	NA	NA	NA	NA	NA	NA
NC_045512.2	7717	T	A	119	39	27	21	21	26	0.128834	163	5.36185e-07	TRUE	NA	NA	NA	NA	NA	NA
NC_045512.2	7718	G	T	112	33	27	16	16	25	0.101266	158	1.63644e-05	TRUE	NA	NA	NA	NA	NA	NA
NC_045512.2	7718	G	C	112	33	27	6	6	26	0.0379747	158	0.0260886	FALSE	NA	NA	NA	NA	NA	NA
NC_045512.2	7718	G	A	112	33	27	24	24	26	0.151899	158	4.56969e-08	TRUE	NA	NA	NA	NA	NA	NA
NC_045512.2	7719	A	T	122	44	26	21	21	26	0.12963	162	7.41694e-07	TRUE	NA	NA	NA	NA	NA	NA
NC_045512.2	7719	A	G	122	44	26	13	12	26	0.0802469	162	0.000223175	TRUE	NA	NA	NA	NA	NA	NA
NC_045512.2	7719	A	C	122	44	26	6	6	24	0.037037	162	0.031167	FALSE	NA	NA	NA	NA	NA	NA
NC_045512.2	7720	C	T	112	33	26	26	26	26	0.1625	160	8.97991e-09	TRUE	NA	NA	NA	NA	NA	NA
NC_045512.2	7720	C	G	112	33	26	7	7	26	0.04375	160	0.0121247	FALSE	NA	NA	NA	NA	NA	NA
NC_045512.2	7720	C	A	112	33	26	15	15	24	0.09375	160	3.10076e-05	TRUE	NA	NA	NA	NA	NA	NA
NC_045512.2	7721	C	T	105	37	24	27	27	26	0.178808	151	4.40143e-09	TRUE	NA	NA	NA	NA	NA	NA
NC_045512.2	7721	C	G	105	37	24	3	3	26	0.0198675	151	0.199512	FALSE	NA	NA	NA	NA	NA	NA
NC_045512.2	7721	C	A	105	37	24	16	16	27	0.10596	151	1.44641e-05	TRUE	NA	NA	NA	NA	NA	NA
NC_045512.2	7722	A	T	115	36	27	29	29	25	0.179012	162	1.21268e-09	TRUE	NA	NA	NA	NA	NA	NA
NC_045512.2	7722	A	G	115	36	27	10	10	26	0.0617284	162	0.00140835	TRUE	NA	NA	NA	NA	NA	NA
NC_045512.2	7722	A	C	115	36	27	8	8	26	0.0493827	162	0.00614165	TRUE	NA	NA	NA	NA	NA	NA
NC_045512.2	7723	G	T	122	43	27	25	25	26	0.159236	157	6.69498e-08	TRUE	NA	NA	NA	NA	NA	NA
NC_045512.2	7723	G	C	122	43	27	6	6	27	0.0382166	157	0.0342746	FALSE	NA	NA	NA	NA	NA	NA
NC_045512.2	7723	G	A	122	43	27	4	4	24	0.0254777	157	0.125907	FALSE	NA	NA	NA	NA	NA	NA
NC_045512.2	7724	T	G	130	52	27	13	13	27	0.0802469	162	0.000334432	TRUE	NA	NA	NA	NA	NA	NA
NC_045512.2	7724	T	C	130	52	27	5	4	27	0.0308642	162	0.0713414	FALSE	NA	NA	NA	NA	NA	NA
NC_045512.2	7724	T	A	130	52	27	14	14	26	0.0864198	162	0.000168559	TRUE	NA	NA	NA	NA	NA	NA
NC_045512.2	7725	C	T	114	35	27	9	9	26	0.0555556	162	0.00283107	TRUE	NA	NA	NA	NA	NA	NA
NC_045512.2	7725	C	G	114	35	27	29	29	27	0.179012	162	1.07389e-09	TRUE	NA	NA	NA	NA	NA	NA
NC_045512.2	7725	C	A	114	35	27	10	10	25	0.0617284	162	0.0013468	TRUE	NA	NA	NA	NA	NA	NA
NC_045512.2	7726	T	G	129	50	26	12	12	27	0.0745342	161	0.000658481	TRUE	NA	NA	NA	NA	NA	NA
NC_045512.2	7726	T	C	129	50	26	10	10	27	0.0621118	161	0.00257585	TRUE	NA	NA	NA	NA	NA	NA
NC_045512.2	7726	T	A	129	50	26	10	10	26	0.0621118	161	0.00257585	TRUE	NA	NA	NA	NA	NA	NA
NC_045512.2	7727	T	G	119	44	24	27	27	25	0.170886	158	1.1404e-08	TRUE	NA	NA	NA	NA	NA	NA
NC_045512.2	7727	T	C	119	44	24	7	7	27	0.0443038	158	0.0157144	FALSE	NA	NA	NA	NA	NA	NA
NC_045512.2	7727	T	A	119	44	24	5	5	27	0.0316456	158	0.0614422	FALSE	NA	NA	NA	NA	NA	NA
NC_045512.2	7728	C	T	113	34	27	8	8	27	0.0496894	161	0.00587037	TRUE	NA	NA	NA	NA	NA	NA
NC_045512.2	7728	C	G	113	34	27	15	15	25	0.0931677	161	3.15235e-05	TRUE	NA	NA	NA	NA	NA	NA
NC_045512.2	7728	C	A	113	34	27	25	25	25	0.15528	161	1.90679e-08	TRUE	NA	NA	NA	NA	NA	NA
NC_045512.2	7729	T	G	120	42	26	22	22	25	0.138365	159	3.8168e-07	TRUE	NA	NA	NA	NA	NA	NA
NC_045512.2	7729	T	C	120	42	26	9	8	24	0.0566038	159	0.00390701	TRUE	NA	NA	NA	NA	NA	NA
NC_045512.2	7729	T	A	120	42	26	8	8	26	0.0503145	159	0.00788447	TRUE	NA	NA	NA	NA	NA	NA
NC_045512.2	7730	T	G	116	40	24	20	20	26	0.126582	158	1.20359e-06	TRUE	NA	NA	NA	NA	NA	NA
NC_045512.2	7730	T	C	116	40	24	8	8	27	0.0506329	158	0.00707176	TRUE	NA	NA	NA	NA	NA	NA
NC_045512.2	7730	T	A	116	40	24	14	14	26	0.0886076	158	9.25493e-05	TRUE	NA	NA	NA	NA	NA	NA
NC_045512.2	7731	A	T	134	55	26	9	9	26	0.0559006	161	0.005974	TRUE	NA	NA	NA	NA	NA	NA
NC_045512.2	7731	A	G	134	55	26	13	13	26	0.0807453	161	0.000420789	TRUE	NA	NA	NA	NA	NA	NA
NC_045512.2	7731	A	C	134	55	26	5	5	27	0.0310559	161	0.0776961	FALSE	NA	NA	NA	NA	NA	NA
NC_045512.2	7732	C	T	112	33	26	15	15	27	0.09375	160	3.10076e-05	TRUE	NA	NA	NA	NA	NA	NA
NC_045512.2	7732	C	G	112	33	26	11	11	25	0.06875	160	0.000622876	TRUE	NA	NA	NA	NA	NA	NA
NC_045512.2	7732	C	A	112	33	26	22	22	27	0.1375	160	1.68771e-07	TRUE	NA	NA	NA	NA	NA	NA
NC_045512.2	7733	A	T	119	40	26	20	20	27	0.126582	158	1.54399e-06	TRUE	NA	NA	NA	NA	NA	NA
NC_045512.2	7733	A	G	119	40	26	15	15	27	0.0949367	158	5.41343e-05	TRUE	NA	NA	NA	NA	NA	NA
NC_045512.2	7733	A	C	119	40	26	4	4	28	0.0253165	158	0.118633	FALSE	NA	NA	NA	NA	NA	NA
NC_045512.2	7733	A	-T	119	40	26	3	0	20	0.0189873	158	0.223156	FALSE	NA	NA	NA	NA	NA	NA
NC_045512.2	7734	T	G	124	45	26	14	14	27	0.0903226	155	0.000140042	TRUE	NA	NA	NA	NA	NA	NA
NC_045512.2	7734	T	C	124	45	26	5	5	26	0.0322581	155	0.0667778	FALSE	NA	NA	NA	NA	NA	NA
NC_045512.2	7734	T	A	124	45	26	12	12	25	0.0774194	155	0.000564851	TRUE	NA	NA	NA	NA	NA	NA
NC_045512.2	7735	C	T	118	39	26	25	25	27	0.15625	160	3.50598e-08	TRUE	NA	NA	NA	NA	NA	NA
NC_045512.2	7735	C	G	118	39	26	3	3	26	0.01875	160	0.21657	FALSE	NA	NA	NA	NA	NA	NA
NC_045512.2	7735	C	A	118	39	26	14	14	27	0.0875	160	9.49101e-05	TRUE	NA	NA	NA	NA	NA	NA
NC_045512.2	7736	G	T	121	43	26	8	8	26	0.0503145	159	0.00814744	TRUE	NA	NA	NA	NA	NA	NA
NC_045512.2	7736	G	C	121	43	26	11	11	28	0.0691824	159	0.000991885	TRUE	NA	NA	NA	NA	NA	NA
NC_045512.2	7736	G	A	121	43	26	19	19	26	0.119497	159	3.43365e-06	TRUE	NA	NA	NA	NA	NA	NA
NC_045512.2	7737	T	G	124	46	25	6	6	27	0.0384615	156	0.0366089	FALSE	NA	NA	NA	NA	NA	NA
NC_045512.2	7737	T	C	124	46	25	13	13	26	0.0833333	156	0.000319843	TRUE	NA	NA	NA	NA	NA	NA
NC_045512.2	7737	T	A	124	46	25	13	13	27	0.0833333	156	0.000319843	TRUE	NA	NA	NA	NA	NA	NA
NC_045512.2	7738	T	G	112	44	24	10	10	25	0.0680272	147	0.00206507	TRUE	NA	NA	NA	NA	NA	NA
NC_045512.2	7738	T	C	112	44	24	14	14	26	0.0952381	147	0.000124157	TRUE	NA	NA	NA	NA	NA	NA
NC_045512.2	7738	T	A	112	44	24	11	11	26	0.0748299	147	0.0010245	TRUE	NA	NA	NA	NA	NA	NA
NC_045512.2	7739	G	T	112	34	26	21	21	26	0.132911	158	4.08484e-07	TRUE	NA	NA	NA	NA	NA	NA
NC_045512.2	7739	G	C	112	34	26	7	7	27	0.0443038	158	0.0127066	FALSE	NA	NA	NA	NA	NA	NA
NC_045512.2	7739	G	A	112	34	26	18	18	26	0.113924	158	3.72088e-06	TRUE	NA	NA	NA	NA	NA	NA
NC_045512.2	7740	A	T	122	45	27	19	19	27	0.119497	159	3.70408e-06	TRUE	NA	NA	NA	NA	NA	NA
NC_045512.2	7740	A	G	122	45	27	12	11	25	0.0754717	159	0.000513262	TRUE	NA	NA	NA	NA	NA	NA
NC_045512.2	7740	A	C	122	45	27	6	6	27	0.0377358	159	0.0329906	FALSE	NA	NA	NA	NA	NA	NA
NC_045512.2	7741	T	G	124	46	27	4	4	24	0.0253165	158	0.128219	FALSE	NA	NA	NA	NA	NA	NA
NC_045512.2	7741	T	C	124	46	27	7	7	27	0.0443038	158	0.0180897	FALSE	NA	NA	NA	NA	NA	NA
NC_045512.2	7741	T	A	124	46	27	23	23	26	0.14557	158	2.92119e-07	TRUE	NA	NA	NA	NA	NA	NA
NC_045512.2	7742	A	T	126	48	27	17	17	26	0.106918	159	1.97028e-05	TRUE	NA	NA	NA	NA	NA	NA
NC_045512.2	7742	A	G	126	48	27	10	10	25	0.0628931	159	0.0024495	TRUE	NA	NA	NA	NA	NA	NA
NC_045512.2	7742	A	C	126	48	27	6	6	28	0.0377358	159	0.0362162	FALSE	NA	NA	NA	NA	NA	NA
NC_045512.2	7743	G	T	117	39	27	18	18	26	0.113208	159	5.17067e-06	TRUE	NA	NA	NA	NA	NA	NA
NC_045512.2	7743	G	C	117	39	27	7	7	26	0.0440252	159	0.0144808	FALSE	NA	NA	NA	NA	NA	NA
NC_045512.2	7743	G	A	117	39	27	17	17	27	0.106918	159	1.06538e-05	TRUE	NA	NA	NA	NA	NA	NA
NC_045512.2	7744	T	G	49	14	27	12	12	28	0.137931	87	1.29979e-05	TRUE	NA	NA	NA	NA	NA	NA
NC_045512.2	7744	T	C	49	14	27	11	11	27	0.126437	87	3.13229e-05	TRUE	NA	NA	NA	NA	NA	NA
NC_045512.2	7744	T	A	49	14	27	15	15	26	0.172414	87	9.82307e-07	TRUE	NA	NA	NA	NA	NA	NA
NC_045512.2	7745	G	T	50	15	27	24	24	26	0.275862	87	8.44086e-10	TRUE	NA	NA	NA	NA	NA	NA
NC_045512.2	7745	G	C	50	15	27	3	3	27	0.0344828	87	0.0534854	FALSE	NA	NA	NA	NA	NA	NA
NC_045512.2	7745	G	A	50	15	27	10	10	28	0.114943	87	8.51982e-05	TRUE	NA	NA	NA	NA	NA	NA
NC_045512.2	7746	T	G	61	26	27	12	12	28	0.139535	86	5.58357e-05	TRUE	NA	NA	NA	NA	NA	NA
NC_045512.2	7746	T	C	61	26	27	6	6	25	0.0697674	86	0.00643824	TRUE	NA	NA	NA	NA	NA	NA
NC_045512.2	7746	T	A	61	26	27	7	7	27	0.0813953	86	0.00286144	TRUE	NA	NA	NA	NA	NA	NA
NC_045512.2	7747	T	G	47	15	24	13	13	26	0.154762	84	5.39818e-06	TRUE	NA	NA	NA	NA	NA	NA
NC_045512.2	7747	T	C	47	15	24	7	7	27	0.0833333	84	0.00115148	TRUE	NA	NA	NA	NA	NA	NA
NC_045512.2	7747	T	A	47	15	24	17	17	26	0.202381	84	1.83691e-07	TRUE	NA	NA	NA	NA	NA	NA
NC_045512.2	7748	A	T	51	16	27	20	20	27	0.232558	86	2.68537e-08	TRUE	NA	NA	NA	NA	NA	NA
NC_045512.2	7748	A	G	51	16	27	10	10	28	0.116279	86	0.000101904	TRUE	NA	NA	NA	NA	NA	NA
NC_045512.2	7748	A	C	51	16	27	5	5	26	0.0581395	86	0.00883613	TRUE	NA	NA	NA	NA	NA	NA
NC_045512.2	7749	C	T	44	9	26	9	9	27	0.107143	84	0.000132406	TRUE	NA	NA	NA	NA	NA	NA
NC_045512.2	7749	C	G	44	9	26	13	13	27	0.154762	84	3.41181e-06	TRUE	NA	NA	NA	NA	NA	NA
NC_045512.2	7749	C	A	44	9	26	18	18	26	0.214286	84	4.43163e-08	TRUE	NA	NA	NA	NA	NA	NA
NC_045512.2	7750	A	T	65	30	26	10	10	26	0.116279	86	0.000364518	TRUE	NA	NA	NA	NA	NA	NA
NC_045512.2	7750	A	G	65	30	26	7	7	27	0.0813953	86	0.0036164	TRUE	NA	NA	NA	NA	NA	NA
NC_045512.2	7750	A	C	65	30	26	4	4	27	0.0465116	86	0.0383658	FALSE	NA	NA	NA	NA	NA	NA
NC_045512.2	7751	G	T	47	12	27	3	3	26	0.0352941	85	0.0499893	FALSE	NA	NA	NA	NA	NA	NA
NC_045512.2	7751	G	C	47	12	27	13	13	27	0.152941	85	4.91084e-06	TRUE	NA	NA	NA	NA	NA	NA
NC_045512.2	7751	G	A	47	12	27	22	22	26	0.258824	85	2.79382e-09	TRUE	NA	NA	NA	NA	NA	NA
NC_045512.2	7752	T	G	53	18	26	7	7	27	0.0833333	84	0.00184784	TRUE	NA	NA	NA	NA	NA	NA
NC_045512.2	7752	T	C	53	18	26	4	4	27	0.047619	84	0.0257678	FALSE	NA	NA	NA	NA	NA	NA
NC_045512.2	7752	T	A	53	18	26	20	20	26	0.238095	84	5.12129e-08	TRUE	NA	NA	NA	NA	NA	NA
NC_045512.2	7753	G	T	47	12	27	15	15	26	0.174419	86	7.87795e-07	TRUE	NA	NA	NA	NA	NA	NA
NC_045512.2	7753	G	C	47	12	27	8	8	24	0.0930233	86	0.000407795	TRUE	NA	NA	NA	NA	NA	NA
NC_045512.2	7753	G	A	47	12	27	16	16	25	0.186047	86	3.35345e-07	TRUE	NA	NA	NA	NA	NA	NA
NC_045512.2	7754	A	T	45	10	27	14	14	24	0.164706	85	1.49626e-06	TRUE	NA	NA	NA	NA	NA	NA
NC_045512.2	7754	A	G	45	10	27	9	9	26	0.105882	85	0.000138768	TRUE	NA	NA	NA	NA	NA	NA
NC_045512.2	7754	A	C	45	10	27	17	17	26	0.2	85	1.11378e-07	TRUE	NA	NA	NA	NA	NA	NA
NC_045512.2	7755	A	T	45	11	23	20	20	23	0.243902	82	1.39196e-08	TRUE	NA	NA	NA	NA	NA	NA
NC_045512.2	7755	A	G	45	11	23	8	8	25	0.097561	82	0.000425367	TRUE	NA	NA	NA	NA	NA	NA
NC_045512.2	7755	A	C	45	11	23	9	9	24	0.109756	82	0.000170147	TRUE	NA	NA	NA	NA	NA	NA
NC_045512.2	7756	G	T	48	13	26	10	10	26	0.126582	79	0.000122756	TRUE	NA	NA	NA	NA	NA	NA
NC_045512.2	7756	G	C	48	13	26	12	12	25	0.151899	79	2.2985e-05	TRUE	NA	NA	NA	NA	NA	NA
NC_045512.2	7756	G	A	48	13	26	9	9	26	0.113924	79	0.000287841	TRUE	NA	NA	NA	NA	NA	NA
NC_045512.2	7757	A	T	36	1	27	2	2	22	0.0465116	43	0.222468	FALSE	NA	NA	NA	NA	NA	NA
NC_045512.2	7757	A	G	36	1	27	3	3	25	0.0697674	43	0.107114	FALSE	NA	NA	NA	NA	NA	NA
NC_045512.2	7757	A	C	36	1	27	2	2	22	0.0465116	43	0.222468	FALSE	NA	NA	NA	NA	NA	NA
NC_045512.2	7758	A	T	33	0	22	3	3	29	0.0833333	36	0.124923	FALSE	NA	NA	NA	NA	NA	NA
NC_045512.2	7759	T	G	37	2	27	2	2	27	0.0512821	39	0.253247	FALSE	NA	NA	NA	NA	NA	NA
NC_045512.2	7760	G	C	36	1	27	1	1	27	0.0263158	38	0.5	FALSE	NA	NA	NA	NA	NA	NA
NC_045512.2	7760	G	A	36	1	27	1	1	28	0.0263158	38	0.5	FALSE	NA	NA	NA	NA	NA	NA
NC_045512.2	7761	G	T	33	1	22	2	2	25	0.0555556	36	0.246377	FALSE	NA	NA	NA	NA	NA	NA
NC_045512.2	7761	G	A	33	1	22	1	1	29	0.0277778	36	0.492754	FALSE	NA	NA	NA	NA	NA	NA
NC_045512.2	7762	T	G	35	0	27	1	1	28	0.025641	39	0.486486	FALSE	NA	NA	NA	NA	NA	NA
NC_045512.2	7762	T	C	35	0	27	1	1	21	0.025641	39	0.486486	FALSE	NA	NA	NA	NA	NA	NA
NC_045512.2	7762	T	A	35	0	27	2	2	25	0.0512821	39	0.24	FALSE	NA	NA	NA	NA	NA	NA
NC_045512.2	7763	T	G	31	0	22	1	1	23	0.0294118	34	0.492308	FALSE	NA	NA	NA	NA	NA	NA
NC_045512.2	7763	T	A	31	0	22	2	2	22	0.0588235	34	0.246154	FALSE	NA	NA	NA	NA	NA	NA
NC_045512.2	7764	C	A	36	1	27	2	2	25	0.0526316	38	0.253333	FALSE	NA	NA	NA	NA	NA	NA
NC_045512.2	7765	C	T	33	0	22	1	1	25	0.0277778	36	0.492754	FALSE	NA	NA	NA	NA	NA	NA
NC_045512.2	7765	C	G	33	0	22	2	2	25	0.0555556	36	0.246377	FALSE	NA	NA	NA	NA	NA	NA
NC_045512.2	7766	A	T	37	2	27	1	1	22	0.0263158	38	0.506667	FALSE	NA	NA	NA	NA	NA	NA
NC_045512.2	7767	T	C	36	1	27	2	2	26	0.0526316	38	0.253333	FALSE	NA	NA	NA	NA	NA	NA
NC_045512.2	7768	C	T	35	0	27	1	1	23	0.0263158	38	0.493151	FALSE	NA	NA	NA	NA	NA	NA
NC_045512.2	7768	C	G	35	0	27	1	1	27	0.0263158	38	0.493151	FALSE	NA	NA	NA	NA	NA	NA
NC_045512.2	7768	C	A	35	0	27	1	1	24	0.0263158	38	0.493151	FALSE	NA	NA	NA	NA	NA	NA
NC_045512.2	7769	C	T	26	0	22	2	2	29	0.0689655	29	0.245455	FALSE	NA	NA	NA	NA	NA	NA
NC_045512.2	7769	C	G	26	0	22	1	1	25	0.0344828	29	0.490909	FALSE	NA	NA	NA	NA	NA	NA
NC_045512.2	7770	A	G	35	0	25	2	2	28	0.0540541	37	0.253425	FALSE	NA	NA	NA	NA	NA	NA
NC_045512.2	7771	T	A	36	1	25	1	1	27	0.027027	37	0.506849	FALSE	NA	NA	NA	NA	NA	NA
NC_045512.2	7772	C	G	36	1	26	1	1	27	0.027027	37	0.506849	FALSE	NA	NA	NA	NA	NA	NA
NC_045512.2	7773	T	A	35	0	26	2	2	26	0.0540541	37	0.253425	FALSE	NA	NA	NA	NA	NA	NA
NC_045512.2	7774	T	G	35	0	27	1	1	27	0.027027	37	0.5	FALSE	NA	NA	NA	NA	NA	NA
NC_045512.2	7774	T	C	35	0	27	1	1	26	0.027027	37	0.5	FALSE	NA	NA	NA	NA	NA	NA
NC_045512.2	7775	T	A	21	1	21	1	1	28	0.0454545	22	0.511628	FALSE	NA	NA	NA	NA	NA	NA
NC_045512.2	7776	A	C	36	1	25	1	1	28	0.027027	37	0.506849	FALSE	NA	NA	NA	NA	NA	NA
NC_045512.2	7777	C	T	36	1	25	1	1	24	0.027027	37	0.506849	FALSE	NA	NA	NA	NA	NA	NA
NC_045512.2	7778	T	A	36	1	26	1	1	26	0.027027	37	0.506849	FALSE	NA	NA	NA	NA	NA	NA
NC_045512.2	7779	T	G	35	0	27	2	2	27	0.0526316	38	0.246575	FALSE	NA	NA	NA	NA	NA	NA
NC_045512.2	7779	T	A	35	0	27	1	1	23	0.0263158	38	0.493151	FALSE	NA	NA	NA	NA	NA	NA
NC_045512.2	7780	T	G	20	2	21	1	1	28	0.047619	21	0.512195	FALSE	NA	NA	NA	NA	NA	NA
NC_045512.2	7781	G	T	35	0	25	1	1	27	0.0263158	38	0.493151	FALSE	NA	NA	NA	NA	NA	NA
NC_045512.2	7781	G	C	35	0	25	1	1	28	0.0263158	38	0.493151	FALSE	NA	NA	NA	NA	NA	NA
NC_045512.2	7781	G	A	35	0	25	1	1	27	0.0263158	38	0.493151	FALSE	NA	NA	NA	NA	NA	NA
NC_045512.2	7782	A	T	35	1	26	1	1	27	0.027027	37	0.5	FALSE	NA	NA	NA	NA	NA	NA
NC_045512.2	7782	A	C	35	1	26	1	1	22	0.027027	37	0.5	FALSE	NA	NA	NA	NA	NA	NA
NC_045512.2	7783	T	C	32	0	26	2	2	27	0.0588235	34	0.253731	FALSE	NA	NA	NA	NA	NA	NA
NC_045512.2	7784	A	T	31	2	26	1	1	27	0.03125	32	0.507937	FALSE	NA	NA	NA	NA	NA	NA
NC_045512.2	7786	A	T	18	1	22	1	1	26	0.05	20	0.5	FALSE	NA	NA	NA	NA	NA	NA
NC_045512.2	7786	A	C	18	1	22	1	1	26	0.05	20	0.5	FALSE	NA	NA	NA	NA	NA	NA
NC_045512.2	7787	G	A	28	1	26	1	1	26	0.0344828	29	0.508772	FALSE	NA	NA	NA	NA	NA	NA
NC_045512.2	7788	C	G	26	0	26	1	1	26	0.0344828	29	0.490909	FALSE	NA	NA	NA	NA	NA	NA
NC_045512.2	7788	C	A	26	0	26	2	2	26	0.0689655	29	0.245455	FALSE	NA	NA	NA	NA	NA	NA
NC_045512.2	7789	T	A	27	1	25	1	1	26	0.0357143	28	0.509091	FALSE	NA	NA	NA	NA	NA	NA
NC_045512.2	7790	G	T	26	0	25	2	2	27	0.0689655	29	0.245455	FALSE	NA	NA	NA	NA	NA	NA
NC_045512.2	7790	G	C	26	0	25	1	1	24	0.0344828	29	0.490909	FALSE	NA	NA	NA	NA	NA	NA
NC_045512.2	7791	G	C	13	0	22	1	1	23	0.0714286	14	0.518519	FALSE	NA	NA	NA	NA	NA	NA
NC_045512.2	7792	T	C	25	0	24	1	1	27	0.0384615	26	0.509804	FALSE	NA	NA	NA	NA	NA	NA
NC_045512.2	7793	C	T	25	0	24	1	1	28	0.0384615	26	0.509804	FALSE	NA	NA	NA	NA	NA	NA
NC_045512.2	7795	A	C	21	0	26	1	1	28	0.0454545	22	0.511628	FALSE	NA	NA	NA	NA	NA	NA
NC_045512.2	7796	A	T	21	0	26	1	1	28	0.0454545	22	0.511628	FALSE	NA	NA	NA	NA	NA	NA
NC_045512.2	7797	A	G	10	0	20	1	1	28	0.0909091	11	0.52381	FALSE	NA	NA	NA	NA	NA	NA
NC_045512.2	7798	G	A	21	0	26	1	1	28	0.0454545	22	0.511628	FALSE	NA	NA	NA	NA	NA	NA
NC_045512.2	7799	A	C	21	0	27	1	1	24	0.0454545	22	0.511628	FALSE	NA	NA	NA	NA	NA	NA
NC_045512.2	7801	T	A	20	0	27	1	1	28	0.047619	21	0.512195	FALSE	NA	NA	NA	NA	NA	NA
NC_045512.2	7802	T	G	13	0	23	1	1	28	0.0714286	14	0.518519	FALSE	NA	NA	NA	NA	NA	NA
NC_045512.2	7803	A	T	20	0	26	1	1	28	0.047619	21	0.512195	FALSE	NA	NA	NA	NA	NA	NA
NC_045512.2	7804	T	C	20	0	26	1	1	28	0.047619	21	0.512195	FALSE	NA	NA	NA	NA	NA	NA
NC_045512.2	7805	G	T	52	0	27	1	1	24	0.0188679	53	0.504762	FALSE	NA	NA	NA	NA	NA	NA
NC_045512.2	7806	A	T	52	0	27	1	1	28	0.0188679	53	0.504762	FALSE	NA	NA	NA	NA	NA	NA
NC_045512.2	7807	A	C	52	0	28	1	1	27	0.0188679	53	0.504762	FALSE	NA	NA	NA	NA	NA	NA
NC_045512.2	7808	A	T	43	0	22	1	1	23	0.0227273	44	0.505747	FALSE	NA	NA	NA	NA	NA	NA
NC_045512.2	7809	G	T	52	0	27	1	1	26	0.0188679	53	0.504762	FALSE	NA	NA	NA	NA	NA	NA
NC_045512.2	7813	T	G	52	1	26	1	1	28	0.0188679	53	0.504762	FALSE	NA	NA	NA	NA	NA	NA
NC_045512.2	7814	T	C	38	0	22	2	1	27	0.0487805	41	0.246835	FALSE	NA	NA	NA	NA	NA	NA
NC_045512.2	7814	T	A	38	0	22	1	1	28	0.0243902	41	0.493671	FALSE	NA	NA	NA	NA	NA	NA
NC_045512.2	7815	C	G	51	1	26	1	1	27	0.0192308	52	0.504854	FALSE	NA	NA	NA	NA	NA	NA
NC_045512.2	7816	T	C	51	1	27	1	1	28	0.0192308	52	0.504854	FALSE	NA	NA	NA	NA	NA	NA
NC_045512.2	7816	T	+A	51	1	27	1	0	20	0.0192308	52	0.504854	FALSE	NA	NA	NA	NA	NA	NA
NC_045512.2	7817	C	T	50	0	27	1	1	28	0.0192308	52	0.5	FALSE	NA	NA	NA	NA	NA	NA
NC_045512.2	7817	C	A	50	0	27	1	1	24	0.0192308	52	0.5	FALSE	NA	NA	NA	NA	NA	NA
NC_045512.2	7818	T	G	50	0	27	1	1	28	0.0192308	52	0.5	FALSE	NA	NA	NA	NA	NA	NA
NC_045512.2	7818	T	A	50	0	27	1	1	28	0.0192308	52	0.5	FALSE	NA	NA	NA	NA	NA	NA
NC_045512.2	7819	C	T	50	0	26	1	1	29	0.0192308	52	0.5	FALSE	NA	NA	NA	NA	NA	NA
NC_045512.2	7819	C	A	50	0	26	1	1	28	0.0192308	52	0.5	FALSE	NA	NA	NA	NA	NA	NA
NC_045512.2	7820	T	A	50	1	27	1	1	24	0.0196078	51	0.50495	FALSE	NA	NA	NA	NA	NA	NA
NC_045512.2	7821	C	A	49	0	26	2	2	28	0.0392157	51	0.252475	FALSE	NA	NA	NA	NA	NA	NA
NC_045512.2	7822	T	G	49	0	27	1	1	27	0.0196078	51	0.5	FALSE	NA	NA	NA	NA	NA	NA
NC_045512.2	7822	T	A	49	0	27	1	1	28	0.0196078	51	0.5	FALSE	NA	NA	NA	NA	NA	NA
NC_045512.2	7823	C	T	49	0	26	2	2	28	0.0392157	51	0.252475	FALSE	NA	NA	NA	NA	NA	NA
NC_045512.2	7824	A	G	50	1	25	1	1	28	0.0192308	52	0.5	FALSE	NA	NA	NA	NA	NA	NA
NC_045512.2	7824	A	C	50	1	25	1	1	23	0.0192308	52	0.5	FALSE	NA	NA	NA	NA	NA	NA
NC_045512.2	7825	T	G	41	1	27	1	1	25	0.0227273	44	0.494118	FALSE	NA	NA	NA	NA	NA	NA
NC_045512.2	7825	T	C	41	1	27	2	1	24	0.0454545	44	0.247059	FALSE	NA	NA	NA	NA	NA	NA
NC_045512.2	7826	T	A	43	2	27	1	1	27	0.0227273	44	0.505747	FALSE	NA	NA	NA	NA	NA	NA
NC_045512.2	7827	T	C	41	0	27	1	1	22	0.0227273	44	0.494118	FALSE	NA	NA	NA	NA	NA	NA
NC_045512.2	7827	T	A	41	0	27	2	2	25	0.0454545	44	0.247059	FALSE	NA	NA	NA	NA	NA	NA
NC_045512.2	7828	T	C	17	0	21	3	3	26	0.15	20	0.12474	FALSE	NA	NA	NA	NA	NA	NA
NC_045512.2	7829	G	T	41	0	26	1	1	27	0.0227273	44	0.494118	FALSE	NA	NA	NA	NA	NA	NA
NC_045512.2	7829	G	A	41	0	26	2	2	24	0.0454545	44	0.247059	FALSE	NA	NA	NA	NA	NA	NA
NC_045512.2	7830	T	G	41	0	26	2	2	27	0.0454545	44	0.247059	FALSE	NA	NA	NA	NA	NA	NA
NC_045512.2	7830	T	A	41	0	26	1	1	27	0.0227273	44	0.494118	FALSE	NA	NA	NA	NA	NA	NA
NC_045512.2	7831	T	A	38	2	22	1	1	28	0.025641	39	0.506494	FALSE	NA	NA	NA	NA	NA	NA
NC_045512.2	7832	A	G	41	0	27	1	1	27	0.0232558	43	0.5	FALSE	NA	NA	NA	NA	NA	NA
NC_045512.2	7832	A	C	41	0	27	1	1	24	0.0232558	43	0.5	FALSE	NA	NA	NA	NA	NA	NA
NC_045512.2	7833	A	C	38	2	22	1	1	28	0.025641	39	0.506494	FALSE	NA	NA	NA	NA	NA	NA
NC_045512.2	7834	C	A	41	0	26	3	3	27	0.0681818	44	0.124949	FALSE	NA	NA	NA	NA	NA	NA
NC_045512.2	7835	T	G	41	1	27	2	2	26	0.0454545	44	0.247059	FALSE	NA	NA	NA	NA	NA	NA
NC_045512.2	7835	T	C	41	1	27	1	0	23	0.0227273	44	0.494118	FALSE	NA	NA	NA	NA	NA	NA
NC_045512.2	7836	T	C	34	1	23	1	1	22	0.0277778	36	0.5	FALSE	NA	NA	NA	NA	NA	NA
NC_045512.2	7836	T	A	34	1	23	1	1	20	0.0277778	36	0.5	FALSE	NA	NA	NA	NA	NA	NA
NC_045512.2	7837	A	C	41	1	26	2	2	27	0.0465116	43	0.252941	FALSE	NA	NA	NA	NA	NA	NA
NC_045512.2	7838	G	T	40	0	27	3	3	25	0.0697674	43	0.124947	FALSE	NA	NA	NA	NA	NA	NA
NC_045512.2	7839	A	T	41	1	27	1	1	27	0.0232558	43	0.5	FALSE	NA	NA	NA	NA	NA	NA
NC_045512.2	7839	A	G	41	1	27	1	1	22	0.0232558	43	0.5	FALSE	NA	NA	NA	NA	NA	NA
NC_045512.2	7840	C	T	39	2	26	3	0	26	0.0697674	43	0.120482	FALSE	NA	NA	NA	NA	NA	NA
NC_045512.2	7840	C	G	39	2	26	1	1	27	0.0232558	43	0.487805	FALSE	NA	NA	NA	NA	NA	NA
NC_045512.2	7841	A	T	40	0	26	3	3	22	0.0697674	43	0.124947	FALSE	NA	NA	NA	NA	NA	NA
NC_045512.2	7842	A	T	35	0	22	2	2	27	0.0526316	38	0.246575	FALSE	NA	NA	NA	NA	NA	NA
NC_045512.2	7842	A	G	35	0	22	1	1	23	0.0263158	38	0.493151	FALSE	NA	NA	NA	NA	NA	NA
NC_045512.2	7843	C	A	41	1	26	2	2	23	0.0465116	43	0.252941	FALSE	NA	NA	NA	NA	NA	NA
NC_045512.2	7845	T	C	40	0	26	1	1	29	0.0232558	43	0.493976	FALSE	NA	NA	NA	NA	NA	NA
NC_045512.2	7845	T	A	40	0	26	2	2	26	0.0465116	43	0.246988	FALSE	NA	NA	NA	NA	NA	NA
NC_045512.2	7846	G	T	40	0	26	2	2	25	0.0465116	43	0.246988	FALSE	NA	NA	NA	NA	NA	NA
NC_045512.2	7846	G	A	40	0	26	1	1	27	0.0232558	43	0.493976	FALSE	NA	NA	NA	NA	NA	NA
NC_045512.2	7847	A	G	40	0	27	1	1	27	0.0232558	43	0.493976	FALSE	NA	NA	NA	NA	NA	NA
NC_045512.2	7847	A	C	40	0	27	2	2	23	0.0465116	43	0.246988	FALSE	NA	NA	NA	NA	NA	NA
NC_045512.2	7848	G	T	41	1	27	1	1	26	0.0232558	43	0.5	FALSE	NA	NA	NA	NA	NA	NA
NC_045512.2	7848	G	C	41	1	27	1	1	28	0.0232558	43	0.5	FALSE	NA	NA	NA	NA	NA	NA
NC_045512.2	7849	A	T	41	1	27	1	1	20	0.0232558	43	0.5	FALSE	NA	NA	NA	NA	NA	NA
NC_045512.2	7849	A	C	41	1	27	1	1	26	0.0232558	43	0.5	FALSE	NA	NA	NA	NA	NA	NA
NC_045512.2	7850	G	T	39	0	24	3	3	28	0.0714286	42	0.124944	FALSE	NA	NA	NA	NA	NA	NA
NC_045512.2	7851	C	T	40	1	24	1	1	27	0.0238095	42	0.5	FALSE	NA	NA	NA	NA	NA	NA
NC_045512.2	7851	C	G	40	1	24	1	1	27	0.0238095	42	0.5	FALSE	NA	NA	NA	NA	NA	NA
NC_045512.2	7852	T	C	40	1	23	1	1	28	0.0238095	42	0.5	FALSE	NA	NA	NA	NA	NA	NA
NC_045512.2	7852	T	A	40	1	23	1	1	27	0.0238095	42	0.5	FALSE	NA	NA	NA	NA	NA	NA
NC_045512.2	7853	A	T	39	0	27	3	3	27	0.0714286	42	0.124944	FALSE	NA	NA	NA	NA	NA	NA
NC_045512.2	7854	A	T	35	1	23	2	2	29	0.0540541	37	0.253425	FALSE	NA	NA	NA	NA	NA	NA
NC_045512.2	7855	T	G	39	0	26	1	1	27	0.0238095	42	0.493827	FALSE	NA	NA	NA	NA	NA	NA
NC_045512.2	7855	T	A	39	0	26	2	2	27	0.047619	42	0.246914	FALSE	NA	NA	NA	NA	NA	NA
NC_045512.2	7856	A	T	38	0	27	1	1	28	0.0243902	41	0.493671	FALSE	NA	NA	NA	NA	NA	NA
NC_045512.2	7856	A	C	38	0	27	2	2	27	0.0487805	41	0.246835	FALSE	NA	NA	NA	NA	NA	NA
NC_045512.2	7857	A	T	37	1	22	1	1	21	0.025641	39	0.5	FALSE	NA	NA	NA	NA	NA	NA
NC_045512.2	7857	A	G	37	1	22	1	1	32	0.025641	39	0.5	FALSE	NA	NA	NA	NA	NA	NA
NC_045512.2	7858	C	T	38	0	26	3	3	25	0.0731707	41	0.124941	FALSE	NA	NA	NA	NA	NA	NA
NC_045512.2	7859	A	T	38	0	26	2	2	27	0.0487805	41	0.246835	FALSE	NA	NA	NA	NA	NA	NA
NC_045512.2	7859	A	C	38	0	26	1	1	23	0.0243902	41	0.493671	FALSE	NA	NA	NA	NA	NA	NA
NC_045512.2	7860	C	G	38	0	26	2	2	26	0.0487805	41	0.246835	FALSE	NA	NA	NA	NA	NA	NA
NC_045512.2	7860	C	A	38	0	26	1	1	28	0.0243902	41	0.493671	FALSE	NA	NA	NA	NA	NA	NA
NC_045512.2	7861	T	C	38	1	26	1	1	27	0.025	40	0.5	FALSE	NA	NA	NA	NA	NA	NA
NC_045512.2	7861	T	A	38	1	26	1	1	28	0.025	40	0.5	FALSE	NA	NA	NA	NA	NA	NA
NC_045512.2	7862	A	T	38	1	27	2	2	28	0.05	40	0.253165	FALSE	NA	NA	NA	NA	NA	NA
NC_045512.2	7863	A	G	38	1	28	2	2	27	0.05	40	0.253165	FALSE	NA	NA	NA	NA	NA	NA
NC_045512.2	7864	A	T	34	2	22	1	1	28	0.0285714	35	0.507246	FALSE	NA	NA	NA	NA	NA	NA
NC_045512.2	7865	G	T	38	1	28	1	1	28	0.025	40	0.5	FALSE	NA	NA	NA	NA	NA	NA
NC_045512.2	7865	G	A	38	1	28	1	1	32	0.025	40	0.5	FALSE	NA	NA	NA	NA	NA	NA
NC_045512.2	7866	G	A	34	1	23	2	2	24	0.0555556	36	0.253521	FALSE	NA	NA	NA	NA	NA	NA
NC_045512.2	7867	T	G	35	0	27	1	1	28	0.025641	39	0.486486	FALSE	NA	NA	NA	NA	NA	NA
NC_045512.2	7867	T	C	35	0	27	2	1	29	0.0512821	39	0.24	FALSE	NA	NA	NA	NA	NA	NA
NC_045512.2	7867	T	A	35	0	27	1	1	26	0.025641	39	0.486486	FALSE	NA	NA	NA	NA	NA	NA
NC_045512.2	7868	T	G	35	2	23	1	1	20	0.0277778	36	0.507042	FALSE	NA	NA	NA	NA	NA	NA
NC_045512.2	7869	C	G	36	0	26	2	2	26	0.0526316	38	0.253333	FALSE	NA	NA	NA	NA	NA	NA
NC_045512.2	7870	A	T	37	1	27	1	1	24	0.025641	39	0.5	FALSE	NA	NA	NA	NA	NA	NA
NC_045512.2	7870	A	G	37	1	27	1	1	28	0.025641	39	0.5	FALSE	NA	NA	NA	NA	NA	NA
NC_045512.2	7872	T	G	33	0	23	1	1	21	0.0277778	36	0.492754	FALSE	NA	NA	NA	NA	NA	NA
NC_045512.2	7872	T	C	33	0	23	1	1	26	0.0277778	36	0.492754	FALSE	NA	NA	NA	NA	NA	NA
NC_045512.2	7872	T	A	33	0	23	1	1	28	0.0277778	36	0.492754	FALSE	NA	NA	NA	NA	NA	NA
NC_045512.2	7873	G	C	36	1	26	1	1	27	0.027027	37	0.506849	FALSE	NA	NA	NA	NA	NA	NA
NC_045512.2	7874	C	T	35	0	27	1	1	21	0.0263158	38	0.493151	FALSE	NA	NA	NA	NA	NA	NA
NC_045512.2	7874	C	A	35	0	27	2	2	26	0.0526316	38	0.246575	FALSE	NA	NA	NA	NA	NA	NA
NC_045512.2	7875	C	T	30	0	23	2	1	26	0.0588235	34	0.238462	FALSE	NA	NA	NA	NA	NA	NA
NC_045512.2	7875	C	G	30	0	23	1	1	27	0.0294118	34	0.484375	FALSE	NA	NA	NA	NA	NA	NA
NC_045512.2	7875	C	A	30	0	23	1	1	27	0.0294118	34	0.484375	FALSE	NA	NA	NA	NA	NA	NA
NC_045512.2	7876	T	C	36	1	27	1	1	22	0.0263158	38	0.5	FALSE	NA	NA	NA	NA	NA	NA
NC_045512.2	7876	T	A	36	1	27	1	1	27	0.0263158	38	0.5	FALSE	NA	NA	NA	NA	NA	NA
NC_045512.2	7877	A	G	35	0	26	2	2	26	0.0526316	38	0.246575	FALSE	NA	NA	NA	NA	NA	NA
NC_045512.2	7877	A	C	35	0	26	1	1	27	0.0263158	38	0.493151	FALSE	NA	NA	NA	NA	NA	NA
NC_045512.2	7878	T	G	33	0	26	2	0	27	0.0526316	38	0.232786	FALSE	NA	NA	NA	NA	NA	NA
NC_045512.2	7878	T	A	33	0	26	3	3	25	0.0789474	38	0.114798	FALSE	NA	NA	NA	NA	NA	NA
NC_045512.2	7879	T	C	32	1	23	1	1	26	0.0294118	34	0.5	FALSE	NA	NA	NA	NA	NA	NA
NC_045512.2	7879	T	A	32	1	23	1	1	27	0.0294118	34	0.5	FALSE	NA	NA	NA	NA	NA	NA
NC_045512.2	7880	A	T	35	0	26	1	1	22	0.0263158	38	0.493151	FALSE	NA	NA	NA	NA	NA	NA
NC_045512.2	7880	A	G	35	0	26	1	1	27	0.0263158	38	0.493151	FALSE	NA	NA	NA	NA	NA	NA
NC_045512.2	7880	A	C	35	0	26	1	1	21	0.0263158	38	0.493151	FALSE	NA	NA	NA	NA	NA	NA
NC_045512.2	7881	A	T	35	1	23	1	1	27	0.027027	37	0.5	FALSE	NA	NA	NA	NA	NA	NA
NC_045512.2	7881	A	C	35	1	23	1	1	27	0.027027	37	0.5	FALSE	NA	NA	NA	NA	NA	NA
NC_045512.2	7882	T	A	34	0	27	3	3	26	0.0810811	37	0.124928	FALSE	NA	NA	NA	NA	NA	NA
NC_045512.2	7883	G	T	34	0	26	3	3	24	0.0810811	37	0.124928	FALSE	NA	NA	NA	NA	NA	NA
NC_045512.2	7884	T	G	34	0	27	2	2	21	0.0540541	37	0.246479	FALSE	NA	NA	NA	NA	NA	NA
NC_045512.2	7884	T	C	34	0	27	1	1	25	0.027027	37	0.492958	FALSE	NA	NA	NA	NA	NA	NA
NC_045512.2	7885	T	G	33	0	23	1	1	26	0.0294118	34	0.507463	FALSE	NA	NA	NA	NA	NA	NA
NC_045512.2	7886	A	T	35	1	27	2	2	23	0.0540541	37	0.253425	FALSE	NA	NA	NA	NA	NA	NA
NC_045512.2	7887	T	A	36	2	26	1	1	29	0.027027	37	0.506849	FALSE	NA	NA	NA	NA	NA	NA
NC_045512.2	7888	A	G	35	1	26	1	1	28	0.027027	37	0.5	FALSE	NA	NA	NA	NA	NA	NA
NC_045512.2	7888	A	C	35	1	26	1	1	24	0.027027	37	0.5	FALSE	NA	NA	NA	NA	NA	NA
NC_045512.2	7889	G	C	34	0	25	2	2	25	0.0540541	37	0.246479	FALSE	NA	NA	NA	NA	NA	NA
NC_045512.2	7889	G	A	34	0	25	1	1	28	0.027027	37	0.492958	FALSE	NA	NA	NA	NA	NA	NA
NC_045512.2	7889	G	-T	34	0	25	1	0	20	0.027027	37	0.492958	FALSE	NA	NA	NA	NA	NA	NA
NC_045512.2	7889	G	+T	34	0	25	5	0	20	0.135135	37	0.0333591	FALSE	NA	NA	NA	NA	NA	NA
NC_045512.2	7890	T	C	32	0	25	1	1	28	0.0294118	34	0.492537	FALSE	NA	NA	NA	NA	NA	NA
NC_045512.2	7890	T	A	32	0	25	1	1	26	0.0294118	34	0.492537	FALSE	NA	NA	NA	NA	NA	NA
NC_045512.2	7891	T	A	25	2	27	1	1	29	0.0384615	26	0.509804	FALSE	NA	NA	NA	NA	NA	NA
NC_045512.2	7892	T	C	25	2	27	1	1	22	0.0384615	26	0.509804	FALSE	NA	NA	NA	NA	NA	NA
NC_045512.2	7893	T	G	24	1	27	1	1	26	0.0384615	26	0.5	FALSE	NA	NA	NA	NA	NA	NA
NC_045512.2	7893	T	C	24	1	27	1	1	27	0.0384615	26	0.5	FALSE	NA	NA	NA	NA	NA	NA
NC_045512.2	7894	T	C	0	0	0	1	1	28	0.333333	3	0.333333	FALSE	NA	NA	NA	NA	NA	NA
NC_045512.2	7894	T	A	0	0	0	2	2	27	0.666667	3	0.166667	FALSE	NA	NA	NA	NA	NA	NA
NC_045512.2	7895	G	T	22	0	26	3	3	27	0.12	25	0.124837	FALSE	NA	NA	NA	NA	NA	NA
NC_045512.2	7896	A	C	23	1	26	2	2	27	0.08	25	0.255102	FALSE	NA	NA	NA	NA	NA	NA
NC_045512.2	7897	T	A	24	2	27	1	1	29	0.04	25	0.510204	FALSE	NA	NA	NA	NA	NA	NA
NC_045512.2	7898	G	T	22	0	27	1	1	28	0.04	25	0.489362	FALSE	NA	NA	NA	NA	NA	NA
NC_045512.2	7898	G	C	22	0	27	1	1	24	0.04	25	0.489362	FALSE	NA	NA	NA	NA	NA	NA
NC_045512.2	7898	G	A	22	0	27	1	1	28	0.04	25	0.489362	FALSE	NA	NA	NA	NA	NA	NA
NC_045512.2	7899	G	T	21	1	23	2	2	25	0.0869565	23	0.255556	FALSE	NA	NA	NA	NA	NA	NA
NC_045512.2	7900	T	C	22	0	26	2	2	26	0.08	25	0.244681	FALSE	NA	NA	NA	NA	NA	NA
NC_045512.2	7900	T	A	22	0	26	1	1	27	0.04	25	0.489362	FALSE	NA	NA	NA	NA	NA	NA
NC_045512.2	7901	A	T	22	0	27	2	2	26	0.08	25	0.244681	FALSE	NA	NA	NA	NA	NA	NA
NC_045512.2	7901	A	C	22	0	27	1	1	27	0.04	25	0.489362	FALSE	NA	NA	NA	NA	NA	NA
NC_045512.2	7902	A	T	22	0	27	1	1	20	0.0416667	24	0.5	FALSE	NA	NA	NA	NA	NA	NA
NC_045512.2	7902	A	G	22	0	27	1	1	23	0.0416667	24	0.5	FALSE	NA	NA	NA	NA	NA	NA
NC_045512.2	7903	A	T	15	0	21	1	1	26	0.0588235	17	0.5	FALSE	NA	NA	NA	NA	NA	NA
NC_045512.2	7903	A	G	15	0	21	1	1	26	0.0588235	17	0.5	FALSE	NA	NA	NA	NA	NA	NA
NC_045512.2	7905	C	+A	22	0	26	1	0	20	0.0454545	22	0.522727	FALSE	NA	NA	NA	NA	NA	NA
NC_045512.2	7910	T	C	20	0	26	1	0	26	0.047619	21	0.512195	FALSE	NA	NA	NA	NA	NA	NA
NC_045512.2	7944	A	G	11	0	27	2	2	25	0.153846	13	0.26	FALSE	NA	NA	NA	NA	NA	NA
NC_045512.2	7945	C	A	11	0	27	1	1	23	0.0833333	12	0.521739	FALSE	NA	NA	NA	NA	NA	NA
NC_045512.2	7946	T	A	11	0	27	2	2	25	0.153846	13	0.26	FALSE	NA	NA	NA	NA	NA	NA
NC_045512.2	7947	A	G	11	0	27	2	2	25	0.153846	13	0.26	FALSE	NA	NA	NA	NA	NA	NA
NC_045512.2	7948	C	A	11	0	27	2	2	26	0.153846	13	0.26	FALSE	NA	NA	NA	NA	NA	NA
NC_045512.2	7949	A	C	11	0	28	2	2	26	0.153846	13	0.26	FALSE	NA	NA	NA	NA	NA	NA
NC_045512.2	7950	G	A	11	0	27	2	2	25	0.153846	13	0.26	FALSE	NA	NA	NA	NA	NA	NA
NC_045512.2	7952	C	T	48	3	27	2	2	27	0.04	50	0.252525	FALSE	NA	NA	NA	NA	NA	NA
NC_045512.2	7953	A	C	48	3	27	2	2	27	0.04	50	0.252525	FALSE	NA	NA	NA	NA	NA	NA
NC_045512.2	7954	G	T	48	3	27	2	2	25	0.04	50	0.252525	FALSE	NA	NA	NA	NA	NA	NA
NC_045512.2	7957	T	C	46	3	23	2	2	24	0.0416667	48	0.252632	FALSE	NA	NA	NA	NA	NA	NA
NC_045512.2	7958	A	T	49	3	27	2	2	24	0.0392157	51	0.252475	FALSE	NA	NA	NA	NA	NA	NA
NC_045512.2	7959	T	C	48	3	27	3	2	26	0.0588235	51	0.124962	FALSE	NA	NA	NA	NA	NA	NA
NC_045512.2	7960	G	T	49	3	27	2	2	24	0.0392157	51	0.252475	FALSE	NA	NA	NA	NA	NA	NA
NC_045512.2	7961	T	C	49	3	27	2	2	25	0.0392157	51	0.252475	FALSE	NA	NA	NA	NA	NA	NA
NC_045512.2	7962	G	T	48	3	27	1	0	31	0.0196078	51	0.494949	FALSE	NA	NA	NA	NA	NA	NA
NC_045512.2	7962	G	A	48	3	27	2	2	24	0.0392157	51	0.247475	FALSE	NA	NA	NA	NA	NA	NA
NC_045512.2	7962	G	-T	48	3	27	1	0	20	0.0196078	51	0.494949	FALSE	NA	NA	NA	NA	NA	NA
NC_045512.2	7964	C	T	49	3	26	1	1	28	0.02	50	0.505051	FALSE	NA	NA	NA	NA	NA	NA
NC_045512.2	7965	A	T	47	2	26	2	2	24	0.04	50	0.247423	FALSE	NA	NA	NA	NA	NA	NA
NC_045512.2	7965	A	G	47	2	26	1	0	28	0.02	50	0.494845	FALSE	NA	NA	NA	NA	NA	NA
NC_045512.2	7965	A	-AC	47	2	26	1	0	20	0.02	50	0.494845	FALSE	NA	NA	NA	NA	NA	NA
NC_045512.2	7966	A	T	42	3	23	2	2	24	0.0454545	44	0.247126	FALSE	NA	NA	NA	NA	NA	NA
NC_045512.2	7967	C	G	47	2	27	2	2	24	0.0408163	49	0.247423	FALSE	NA	NA	NA	NA	NA	NA
NC_045512.2	7968	C	T	46	3	23	2	2	22	0.0416667	48	0.252632	FALSE	NA	NA	NA	NA	NA	NA
NC_045512.2	7971	T	A	49	3	26	2	2	27	0.0392157	51	0.252475	FALSE	NA	NA	NA	NA	NA	NA
NC_045512.2	7972	A	C	49	3	25	2	2	27	0.0392157	51	0.252475	FALSE	NA	NA	NA	NA	NA	NA
NC_045512.2	7973	C	T	49	3	25	2	2	22	0.0392157	51	0.252475	FALSE	NA	NA	NA	NA	NA	NA
NC_045512.2	7975	G	A	49	3	26	2	2	27	0.0392157	51	0.252475	FALSE	NA	NA	NA	NA	NA	NA
NC_045512.2	7976	T	G	49	3	27	2	2	27	0.0392157	51	0.252475	FALSE	NA	NA	NA	NA	NA	NA
NC_045512.2	7977	T	A	44	3	23	2	2	26	0.0434783	46	0.252747	FALSE	NA	NA	NA	NA	NA	NA
NC_045512.2	7978	A	C	49	3	27	2	2	25	0.0392157	51	0.252475	FALSE	NA	NA	NA	NA	NA	NA
NC_045512.2	7979	C	A	49	3	27	2	2	21	0.0392157	51	0.252475	FALSE	NA	NA	NA	NA	NA	NA
NC_045512.2	7980	T	A	49	3	27	2	2	26	0.0392157	51	0.252475	FALSE	NA	NA	NA	NA	NA	NA
NC_045512.2	7981	A	G	47	3	27	1	0	26	0.02	50	0.494845	FALSE	NA	NA	NA	NA	NA	NA
NC_045512.2	7981	A	C	47	3	27	2	1	24	0.04	50	0.247423	FALSE	NA	NA	NA	NA	NA	NA
NC_045512.2	7982	G	C	49	3	27	2	2	26	0.0392157	51	0.252475	FALSE	NA	NA	NA	NA	NA	NA
NC_045512.2	7983	A	T	48	3	27	2	2	26	0.04	50	0.252525	FALSE	NA	NA	NA	NA	NA	NA
NC_045512.2	7984	T	G	48	3	27	2	2	28	0.04	50	0.252525	FALSE	NA	NA	NA	NA	NA	NA
NC_045512.2	7985	C	A	48	3	26	2	2	28	0.04	50	0.252525	FALSE	NA	NA	NA	NA	NA	NA
NC_045512.2	7986	A	G	48	3	25	2	2	27	0.04	50	0.252525	FALSE	NA	NA	NA	NA	NA	NA
NC_045512.2	7987	G	A	47	3	25	2	2	25	0.0408163	49	0.252577	FALSE	NA	NA	NA	NA	NA	NA
NC_045512.2	7990	A	T	47	3	26	2	2	25	0.0408163	49	0.252577	FALSE	NA	NA	NA	NA	NA	NA
NC_045512.2	7991	T	A	47	3	26	1	1	22	0.0208333	48	0.505263	FALSE	NA	NA	NA	NA	NA	NA
NC_045512.2	7992	T	A	42	3	22	2	2	27	0.0454545	44	0.252874	FALSE	NA	NA	NA	NA	NA	NA
NC_045512.2	7993	A	T	47	3	26	2	2	26	0.0408163	49	0.252577	FALSE	NA	NA	NA	NA	NA	NA
NC_045512.2	7994	G	A	47	3	27	1	1	23	0.0208333	48	0.505263	FALSE	NA	NA	NA	NA	NA	NA
NC_045512.2	7995	T	C	46	3	27	1	0	25	0.0204082	49	0.494737	FALSE	NA	NA	NA	NA	NA	NA
NC_045512.2	7995	T	A	46	3	27	2	2	26	0.0408163	49	0.247368	FALSE	NA	NA	NA	NA	NA	NA
NC_045512.2	7996	G	C	47	3	27	2	2	26	0.0408163	49	0.252577	FALSE	NA	NA	NA	NA	NA	NA
NC_045512.2	7997	T	A	47	3	27	2	2	28	0.0408163	49	0.252577	FALSE	NA	NA	NA	NA	NA	NA
NC_045512.2	8000	G	A	47	3	27	1	1	24	0.0208333	48	0.505263	FALSE	NA	NA	NA	NA	NA	NA
NC_045512.2	8002	T	A	47	3	27	2	2	27	0.0408163	49	0.252577	FALSE	NA	NA	NA	NA	NA	NA
NC_045512.2	8004	T	G	45	3	27	2	2	29	0.0425532	47	0.252688	FALSE	NA	NA	NA	NA	NA	NA
NC_045512.2	8006	G	T	45	3	27	2	2	26	0.0425532	47	0.252688	FALSE	NA	NA	NA	NA	NA	NA
NC_045512.2	8007	G	C	41	3	24	2	2	27	0.0465116	43	0.252941	FALSE	NA	NA	NA	NA	NA	NA
NC_045512.2	8008	T	A	45	3	27	2	2	27	0.0425532	47	0.252688	FALSE	NA	NA	NA	NA	NA	NA
NC_045512.2	8009	G	T	45	3	28	1	1	24	0.0217391	46	0.505495	FALSE	NA	NA	NA	NA	NA	NA
NC_045512.2	8010	A	T	45	3	27	2	2	28	0.0425532	47	0.252688	FALSE	NA	NA	NA	NA	NA	NA
NC_045512.2	8011	T	G	45	3	27	1	1	27	0.0217391	46	0.505495	FALSE	NA	NA	NA	NA	NA	NA
NC_045512.2	8012	A	C	45	3	27	1	1	22	0.0217391	46	0.505495	FALSE	NA	NA	NA	NA	NA	NA
NC_045512.2	8013	G	C	44	3	27	2	2	24	0.0434783	46	0.252747	FALSE	NA	NA	NA	NA	NA	NA
NC_045512.2	8015	G	A	43	3	26	2	2	26	0.0444444	45	0.252809	FALSE	NA	NA	NA	NA	NA	NA
NC_045512.2	8016	C	T	43	3	26	1	1	20	0.0227273	44	0.505747	FALSE	NA	NA	NA	NA	NA	NA
NC_045512.2	8017	G	T	43	3	26	2	2	25	0.0444444	45	0.252809	FALSE	NA	NA	NA	NA	NA	NA
NC_045512.2	8018	G	A	37	3	23	2	2	20	0.0512821	39	0.253247	FALSE	NA	NA	NA	NA	NA	NA
NC_045512.2	8020	A	T	40	3	23	2	2	27	0.047619	42	0.253012	FALSE	NA	NA	NA	NA	NA	NA
NC_045512.2	8021	G	C	45	5	27	1	1	27	0.0217391	46	0.505495	FALSE	NA	NA	NA	NA	NA	NA
NC_045512.2	8022	T	C	44	5	27	1	0	23	0.0217391	46	0.5	FALSE	NA	NA	NA	NA	NA	NA
NC_045512.2	8022	T	A	44	5	27	1	1	27	0.0217391	46	0.5	FALSE	NA	NA	NA	NA	NA	NA
NC_045512.2	8023	T	G	44	5	23	1	1	26	0.0222222	45	0.505618	FALSE	NA	NA	NA	NA	NA	NA
NC_045512.2	8024	G	C	43	3	27	1	1	27	0.0217391	46	0.494382	FALSE	NA	NA	NA	NA	NA	NA
NC_045512.2	8024	G	A	43	3	27	2	2	24	0.0434783	46	0.247191	FALSE	NA	NA	NA	NA	NA	NA
NC_045512.2	8025	C	T	43	3	27	2	2	23	0.0444444	45	0.252809	FALSE	NA	NA	NA	NA	NA	NA
NC_045512.2	8026	A	T	39	4	27	1	1	27	0.025	40	0.506329	FALSE	NA	NA	NA	NA	NA	NA
NC_045512.2	8027	G	A	38	3	27	1	1	27	0.025641	39	0.506494	FALSE	NA	NA	NA	NA	NA	NA
NC_045512.2	8029	T	G	33	3	23	1	1	28	0.0294118	34	0.507463	FALSE	NA	NA	NA	NA	NA	NA
NC_045512.2	8029	T	-AA	33	3	23	1	0	20	0.0294118	34	0.507463	FALSE	NA	NA	NA	NA	NA	NA
NC_045512.2	8029	T	-A	33	3	23	2	0	20	0.0588235	34	0.261194	FALSE	NA	NA	NA	NA	NA	NA
NC_045512.2	8030	A	T	35	0	26	1	1	27	0.0277778	36	0.493151	FALSE	NA	NA	NA	NA	NA	NA
NC_045512.2	8031	A	G	36	1	28	1	1	27	0.027027	37	0.5	FALSE	NA	NA	NA	NA	NA	NA
NC_045512.2	8032	A	T	38	3	28	1	1	27	0.025641	39	0.506494	FALSE	NA	NA	NA	NA	NA	NA
NC_045512.2	8033	A	C	18	3	23	1	1	26	0.0526316	19	0.513514	FALSE	NA	NA	NA	NA	NA	NA
NC_045512.2	8034	T	A	37	3	26	1	1	20	0.0263158	38	0.506667	FALSE	NA	NA	NA	NA	NA	NA
NC_045512.2	8035	G	A	37	3	27	1	1	28	0.0263158	38	0.506667	FALSE	NA	NA	NA	NA	NA	NA
NC_045512.2	8036	T	C	35	2	27	2	1	23	0.0540541	37	0.253425	FALSE	NA	NA	NA	NA	NA	NA
NC_045512.2	8037	T	C	37	3	28	1	1	27	0.0263158	38	0.506667	FALSE	NA	NA	NA	NA	NA	NA
NC_045512.2	8039	G	A	37	3	26	1	1	27	0.0263158	38	0.506667	FALSE	NA	NA	NA	NA	NA	NA
NC_045512.2	8040	A	T	37	3	26	1	1	27	0.0263158	38	0.506667	FALSE	NA	NA	NA	NA	NA	NA
NC_045512.2	8041	T	A	37	3	27	1	1	27	0.0263158	38	0.506667	FALSE	NA	NA	NA	NA	NA	NA
NC_045512.2	8042	G	C	37	3	27	1	1	27	0.0263158	38	0.506667	FALSE	NA	NA	NA	NA	NA	NA
NC_045512.2	8043	C	T	37	3	26	1	1	26	0.0263158	38	0.506667	FALSE	NA	NA	NA	NA	NA	NA
NC_045512.2	8044	T	G	36	2	26	1	1	27	0.027027	37	0.506849	FALSE	NA	NA	NA	NA	NA	NA
NC_045512.2	8046	A	T	37	3	26	1	1	29	0.0263158	38	0.506667	FALSE	NA	NA	NA	NA	NA	NA
NC_045512.2	8047	C	A	36	3	27	1	1	26	0.027027	37	0.506849	FALSE	NA	NA	NA	NA	NA	NA
NC_045512.2	8048	G	C	35	3	27	1	1	26	0.0277778	36	0.507042	FALSE	NA	NA	NA	NA	NA	NA
NC_045512.2	8050	T	A	32	3	23	1	1	31	0.030303	33	0.507692	FALSE	NA	NA	NA	NA	NA	NA
NC_045512.2	8051	A	G	32	2	27	1	1	34	0.030303	33	0.507692	FALSE	NA	NA	NA	NA	NA	NA
NC_045512.2	8053	T	G	34	4	27	1	1	27	0.0285714	35	0.507246	FALSE	NA	NA	NA	NA	NA	NA
NC_045512.2	8054	A	T	33	3	28	1	1	21	0.0277778	36	0.492754	FALSE	NA	NA	NA	NA	NA	NA
NC_045512.2	8054	A	C	33	3	28	2	2	26	0.0555556	36	0.246377	FALSE	NA	NA	NA	NA	NA	NA
NC_045512.2	8055	C	T	33	3	27	1	1	27	0.0277778	36	0.492754	FALSE	NA	NA	NA	NA	NA	NA
NC_045512.2	8055	C	A	33	3	27	2	2	26	0.0555556	36	0.246377	FALSE	NA	NA	NA	NA	NA	NA
NC_045512.2	8056	G	T	35	5	26	1	1	27	0.0277778	36	0.507042	FALSE	NA	NA	NA	NA	NA	NA
NC_045512.2	8057	T	G	29	1	27	1	1	29	0.03125	32	0.491803	FALSE	NA	NA	NA	NA	NA	NA
NC_045512.2	8057	T	C	29	1	27	1	1	29	0.03125	32	0.491803	FALSE	NA	NA	NA	NA	NA	NA
NC_045512.2	8057	T	A	29	1	27	1	1	25	0.03125	32	0.491803	FALSE	NA	NA	NA	NA	NA	NA
NC_045512.2	8058	T	C	31	4	28	3	3	27	0.0882353	34	0.124914	FALSE	NA	NA	NA	NA	NA	NA
NC_045512.2	8059	T	A	31	5	29	2	2	28	0.0606061	33	0.253846	FALSE	NA	NA	NA	NA	NA	NA
NC_045512.2	8060	T	G	22	4	23	1	1	27	0.04	25	0.489362	FALSE	NA	NA	NA	NA	NA	NA
NC_045512.2	8060	T	A	22	4	23	2	2	27	0.08	25	0.244681	FALSE	NA	NA	NA	NA	NA	NA
NC_045512.2	8061	C	T	31	5	26	2	2	29	0.0606061	33	0.253846	FALSE	NA	NA	NA	NA	NA	NA
NC_045512.2	8062	A	T	31	5	27	1	1	21	0.030303	33	0.5	FALSE	NA	NA	NA	NA	NA	NA
NC_045512.2	8062	A	G	31	5	27	1	1	28	0.030303	33	0.5	FALSE	NA	NA	NA	NA	NA	NA
NC_045512.2	8063	T	G	30	5	27	2	2	27	0.0606061	33	0.246032	FALSE	NA	NA	NA	NA	NA	NA
NC_045512.2	8063	T	C	30	5	27	1	0	31	0.030303	33	0.492063	FALSE	NA	NA	NA	NA	NA	NA
NC_045512.2	8064	C	T	30	4	27	2	2	25	0.0588235	34	0.238462	FALSE	NA	NA	NA	NA	NA	NA
NC_045512.2	8064	C	G	30	4	27	1	1	28	0.0294118	34	0.484375	FALSE	NA	NA	NA	NA	NA	NA
NC_045512.2	8064	C	A	30	4	27	1	1	27	0.0294118	34	0.484375	FALSE	NA	NA	NA	NA	NA	NA
NC_045512.2	8065	A	T	29	3	28	2	2	28	0.0606061	33	0.238095	FALSE	NA	NA	NA	NA	NA	NA
NC_045512.2	8065	A	G	29	3	28	1	1	29	0.030303	33	0.483871	FALSE	NA	NA	NA	NA	NA	NA
NC_045512.2	8065	A	C	29	3	28	1	1	22	0.030303	33	0.483871	FALSE	NA	NA	NA	NA	NA	NA
NC_045512.2	8066	A	T	27	4	23	1	1	29	0.0322581	31	0.482759	FALSE	NA	NA	NA	NA	NA	NA
NC_045512.2	8066	A	G	27	4	23	2	2	26	0.0645161	31	0.237288	FALSE	NA	NA	NA	NA	NA	NA
NC_045512.2	8066	A	C	27	4	23	1	1	26	0.0322581	31	0.482759	FALSE	NA	NA	NA	NA	NA	NA
NC_045512.2	8067	C	T	31	5	26	1	1	27	0.0294118	34	0.492308	FALSE	NA	NA	NA	NA	NA	NA
NC_045512.2	8067	C	G	31	5	26	1	1	28	0.0294118	34	0.492308	FALSE	NA	NA	NA	NA	NA	NA
NC_045512.2	8067	C	A	31	5	26	1	1	22	0.0294118	34	0.492308	FALSE	NA	NA	NA	NA	NA	NA
NC_045512.2	8068	T	G	26	4	26	1	1	27	0.0344828	29	0.490909	FALSE	NA	NA	NA	NA	NA	NA
NC_045512.2	8068	T	C	26	4	26	1	1	28	0.0344828	29	0.490909	FALSE	NA	NA	NA	NA	NA	NA
NC_045512.2	8068	T	A	26	4	26	1	1	27	0.0344828	29	0.490909	FALSE	NA	NA	NA	NA	NA	NA
NC_045512.2	8069	T	G	27	6	28	1	1	28	0.0344828	29	0.5	FALSE	NA	NA	NA	NA	NA	NA
NC_045512.2	8069	T	C	27	6	28	1	1	21	0.0344828	29	0.5	FALSE	NA	NA	NA	NA	NA	NA
NC_045512.2	8070	T	C	23	4	29	2	2	27	0.0740741	27	0.235294	FALSE	NA	NA	NA	NA	NA	NA
NC_045512.2	8070	T	A	23	4	29	2	2	28	0.0740741	27	0.235294	FALSE	NA	NA	NA	NA	NA	NA
NC_045512.2	8071	T	A	20	6	23	2	2	25	0.0909091	22	0.255814	FALSE	NA	NA	NA	NA	NA	NA
NC_045512.2	8072	A	T	23	4	27	1	1	26	0.0384615	26	0.489796	FALSE	NA	NA	NA	NA	NA	NA
NC_045512.2	8072	A	G	23	4	27	2	2	27	0.0769231	26	0.244898	FALSE	NA	NA	NA	NA	NA	NA
NC_045512.2	8073	A	T	22	3	23	3	3	25	0.111111	27	0.110444	FALSE	NA	NA	NA	NA	NA	NA
NC_045512.2	8073	A	G	22	3	23	1	1	27	0.037037	27	0.469388	FALSE	NA	NA	NA	NA	NA	NA
NC_045512.2	8073	A	C	22	3	23	1	1	23	0.037037	27	0.469388	FALSE	NA	NA	NA	NA	NA	NA
NC_045512.2	8074	C	T	23	4	27	2	2	27	0.0740741	27	0.235294	FALSE	NA	NA	NA	NA	NA	NA
NC_045512.2	8074	C	G	23	4	27	1	1	26	0.037037	27	0.48	FALSE	NA	NA	NA	NA	NA	NA
NC_045512.2	8074	C	A	23	4	27	1	1	27	0.037037	27	0.48	FALSE	NA	NA	NA	NA	NA	NA
NC_045512.2	8075	G	T	24	5	27	2	2	27	0.0740741	27	0.245098	FALSE	NA	NA	NA	NA	NA	NA
NC_045512.2	8075	G	C	24	5	27	1	1	27	0.037037	27	0.490196	FALSE	NA	NA	NA	NA	NA	NA
NC_045512.2	8076	T	G	24	5	27	1	1	30	0.037037	27	0.490196	FALSE	NA	NA	NA	NA	NA	NA
NC_045512.2	8076	T	C	24	5	27	1	1	26	0.037037	27	0.490196	FALSE	NA	NA	NA	NA	NA	NA
NC_045512.2	8076	T	A	24	5	27	1	1	28	0.037037	27	0.490196	FALSE	NA	NA	NA	NA	NA	NA
NC_045512.2	8077	A	T	23	4	27	2	2	29	0.0740741	27	0.235294	FALSE	NA	NA	NA	NA	NA	NA
NC_045512.2	8077	A	G	23	4	27	1	1	28	0.037037	27	0.48	FALSE	NA	NA	NA	NA	NA	NA
NC_045512.2	8077	A	C	23	4	27	1	1	25	0.037037	27	0.48	FALSE	NA	NA	NA	NA	NA	NA
NC_045512.2	8078	C	T	18	3	27	1	1	23	0.0454545	22	0.475	FALSE	NA	NA	NA	NA	NA	NA
NC_045512.2	8078	C	G	18	3	27	1	1	28	0.0454545	22	0.475	FALSE	NA	NA	NA	NA	NA	NA
NC_045512.2	8078	C	A	18	3	27	2	2	25	0.0909091	22	0.231707	FALSE	NA	NA	NA	NA	NA	NA
NC_045512.2	8079	C	T	10	5	24	1	1	28	0.0769231	13	0.478261	FALSE	NA	NA	NA	NA	NA	NA
NC_045512.2	8079	C	A	10	5	24	2	2	23	0.153846	13	0.23913	FALSE	NA	NA	NA	NA	NA	NA
NC_045512.2	8080	A	T	11	5	26	2	2	24	0.142857	14	0.24	FALSE	NA	NA	NA	NA	NA	NA
NC_045512.2	8080	A	C	11	5	26	1	1	23	0.0714286	14	0.48	FALSE	NA	NA	NA	NA	NA	NA
NC_045512.2	8081	A	T	4	4	26	1	1	23	0.111111	9	0.384615	FALSE	NA	NA	NA	NA	NA	NA
NC_045512.2	8081	A	G	4	4	26	2	2	28	0.222222	9	0.164835	FALSE	NA	NA	NA	NA	NA	NA
NC_045512.2	8081	A	C	4	4	26	2	2	26	0.222222	9	0.164835	FALSE	NA	NA	NA	NA	NA	NA
NC_045512.2	8082	T	G	8	6	25	1	1	25	0.0909091	11	0.473684	FALSE	NA	NA	NA	NA	NA	NA
NC_045512.2	8082	T	C	8	6	25	1	1	28	0.0909091	11	0.473684	FALSE	NA	NA	NA	NA	NA	NA
NC_045512.2	8082	T	A	8	6	25	1	1	26	0.0909091	11	0.473684	FALSE	NA	NA	NA	NA	NA	NA
NC_045512.2	8083	G	T	5	3	22	4	4	26	0.363636	11	0.0325077	FALSE	NA	NA	NA	NA	NA	NA
NC_045512.2	8083	G	A	5	3	22	2	2	27	0.181818	11	0.154412	FALSE	NA	NA	NA	NA	NA	NA
NC_045512.2	8084	G	T	7	5	25	2	2	27	0.181818	11	0.210526	FALSE	NA	NA	NA	NA	NA	NA
NC_045512.2	8084	G	A	7	5	25	2	2	27	0.181818	11	0.210526	FALSE	NA	NA	NA	NA	NA	NA
NC_045512.2	8084	G	-A	7	5	25	1	0	20	0.0909091	11	0.444444	FALSE	NA	NA	NA	NA	NA	NA
NC_045512.2	8085	A	C	4	3	26	3	3	26	0.428571	7	0.0961538	FALSE	NA	NA	NA	NA	NA	NA
NC_045512.2	8086	A	T	5	3	27	4	4	27	0.363636	11	0.0325077	FALSE	NA	NA	NA	NA	NA	NA
NC_045512.2	8086	A	G	5	3	27	1	1	20	0.0909091	11	0.375	FALSE	NA	NA	NA	NA	NA	NA
NC_045512.2	8086	A	C	5	3	27	1	1	27	0.0909091	11	0.375	FALSE	NA	NA	NA	NA	NA	NA
NC_045512.2	8087	A	T	6	4	27	1	1	26	0.0909091	11	0.411765	FALSE	NA	NA	NA	NA	NA	NA
NC_045512.2	8087	A	G	6	4	27	3	3	26	0.272727	11	0.0866873	FALSE	NA	NA	NA	NA	NA	NA
NC_045512.2	8087	A	C	6	4	27	1	1	27	0.0909091	11	0.411765	FALSE	NA	NA	NA	NA	NA	NA
NC_045512.2	8088	A	T	7	5	26	2	2	25	0.181818	11	0.210526	FALSE	NA	NA	NA	NA	NA	NA
NC_045512.2	8088	A	G	7	5	26	2	2	27	0.181818	11	0.210526	FALSE	NA	NA	NA	NA	NA	NA
NC_045512.2	8089	A	T	5	5	27	2	2	23	0.222222	9	0.2	FALSE	NA	NA	NA	NA	NA	NA
NC_045512.2	8089	A	G	5	5	27	2	2	24	0.222222	9	0.2	FALSE	NA	NA	NA	NA	NA	NA
NC_045512.2	8090	C	T	5	3	26	3	3	27	0.272727	11	0.0686275	FALSE	NA	NA	NA	NA	NA	NA
NC_045512.2	8090	C	G	5	3	26	2	2	24	0.181818	11	0.154412	FALSE	NA	NA	NA	NA	NA	NA
NC_045512.2	8090	C	A	5	3	26	1	1	26	0.0909091	11	0.375	FALSE	NA	NA	NA	NA	NA	NA
NC_045512.2	8091	T	C	6	4	25	4	4	26	0.363636	11	0.0433437	FALSE	NA	NA	NA	NA	NA	NA
NC_045512.2	8091	T	A	6	4	25	1	1	28	0.0909091	11	0.411765	FALSE	NA	NA	NA	NA	NA	NA
NC_045512.2	8092	C	T	56	4	26	2	2	27	0.0333333	60	0.24359	FALSE	NA	NA	NA	NA	NA	NA
NC_045512.2	8092	C	A	56	4	26	2	2	24	0.0333333	60	0.24359	FALSE	NA	NA	NA	NA	NA	NA
NC_045512.2	8093	A	T	54	3	26	2	2	24	0.0333333	60	0.234935	FALSE	NA	NA	NA	NA	NA	NA
NC_045512.2	8093	A	G	54	3	26	3	3	25	0.05	60	0.115442	FALSE	NA	NA	NA	NA	NA	NA
NC_045512.2	8093	A	C	54	3	26	1	0	24	0.0166667	60	0.482456	FALSE	NA	NA	NA	NA	NA	NA
NC_045512.2	8094	A	T	56	4	27	1	1	27	0.0166667	60	0.491379	FALSE	NA	NA	NA	NA	NA	NA
NC_045512.2	8094	A	G	56	4	27	2	2	27	0.0333333	60	0.24359	FALSE	NA	NA	NA	NA	NA	NA
NC_045512.2	8094	A	C	56	4	27	1	1	27	0.0166667	60	0.491379	FALSE	NA	NA	NA	NA	NA	NA
NC_045512.2	8095	A	G	58	6	27	1	1	26	0.0163934	61	0.495798	FALSE	NA	NA	NA	NA	NA	NA
NC_045512.2	8095	A	C	58	6	27	2	2	25	0.0327869	61	0.247899	FALSE	NA	NA	NA	NA	NA	NA
NC_045512.2	8096	A	T	15	5	23	2	2	23	0.105263	19	0.228571	FALSE	NA	NA	NA	NA	NA	NA
NC_045512.2	8096	A	G	15	5	23	2	2	27	0.105263	19	0.228571	FALSE	NA	NA	NA	NA	NA	NA
NC_045512.2	8097	C	T	56	4	25	3	3	26	0.05	60	0.121795	FALSE	NA	NA	NA	NA	NA	NA
NC_045512.2	8097	C	A	56	4	25	1	1	25	0.0166667	60	0.491379	FALSE	NA	NA	NA	NA	NA	NA
NC_045512.2	8098	A	T	56	4	26	3	3	26	0.0491803	61	0.118724	FALSE	NA	NA	NA	NA	NA	NA
NC_045512.2	8098	A	G	56	4	26	1	1	29	0.0163934	61	0.487179	FALSE	NA	NA	NA	NA	NA	NA
NC_045512.2	8098	A	C	56	4	26	1	1	28	0.0163934	61	0.487179	FALSE	NA	NA	NA	NA	NA	NA
NC_045512.2	8098	A	-C	56	4	26	1	0	20	0.0163934	61	0.487179	FALSE	NA	NA	NA	NA	NA	NA
NC_045512.2	8099	C	T	55	3	25	1	1	28	0.0169492	59	0.491228	FALSE	NA	NA	NA	NA	NA	NA
NC_045512.2	8099	C	A	55	3	25	3	3	26	0.0508475	59	0.121739	FALSE	NA	NA	NA	NA	NA	NA
NC_045512.2	8100	T	G	55	3	26	3	3	25	0.0491803	61	0.115602	FALSE	NA	NA	NA	NA	NA	NA
NC_045512.2	8100	T	C	55	3	26	3	3	25	0.0491803	61	0.115602	FALSE	NA	NA	NA	NA	NA	NA
NC_045512.2	8101	A	T	56	4	26	3	3	27	0.0491803	61	0.118724	FALSE	NA	NA	NA	NA	NA	NA
NC_045512.2	8101	A	G	56	4	26	1	1	27	0.0163934	61	0.487179	FALSE	NA	NA	NA	NA	NA	NA
NC_045512.2	8101	A	C	56	4	26	1	1	24	0.0163934	61	0.487179	FALSE	NA	NA	NA	NA	NA	NA
NC_045512.2	8102	G	C	58	6	27	1	1	28	0.016129	62	0.491667	FALSE	NA	NA	NA	NA	NA	NA
NC_045512.2	8102	G	A	58	6	27	3	3	25	0.0483871	62	0.121901	FALSE	NA	NA	NA	NA	NA	NA
NC_045512.2	8103	T	A	59	7	27	3	3	27	0.0483871	62	0.124975	FALSE	NA	NA	NA	NA	NA	NA
NC_045512.2	8104	T	G	55	7	23	1	1	24	0.0169492	59	0.491228	FALSE	NA	NA	NA	NA	NA	NA
NC_045512.2	8104	T	C	55	7	23	3	2	27	0.0508475	59	0.121739	FALSE	NA	NA	NA	NA	NA	NA
NC_045512.2	8105	G	T	56	4	26	2	2	31	0.0327869	61	0.239461	FALSE	NA	NA	NA	NA	NA	NA
NC_045512.2	8105	G	A	56	4	26	3	3	26	0.0491803	61	0.118724	FALSE	NA	NA	NA	NA	NA	NA
NC_045512.2	8106	C	T	57	5	26	2	2	23	0.0322581	62	0.239636	FALSE	NA	NA	NA	NA	NA	NA
NC_045512.2	8106	C	G	57	5	26	2	2	26	0.0322581	62	0.239636	FALSE	NA	NA	NA	NA	NA	NA
NC_045512.2	8106	C	A	57	5	26	1	1	33	0.016129	62	0.487395	FALSE	NA	NA	NA	NA	NA	NA
NC_045512.2	8107	A	T	56	4	27	5	5	25	0.0806452	62	0.0286999	FALSE	NA	NA	NA	NA	NA	NA
NC_045512.2	8107	A	G	56	4	27	1	1	31	0.016129	62	0.483051	FALSE	NA	NA	NA	NA	NA	NA
NC_045512.2	8108	A	T	53	5	23	2	2	27	0.0350877	57	0.243243	FALSE	NA	NA	NA	NA	NA	NA
NC_045512.2	8108	A	G	53	5	23	2	2	25	0.0350877	57	0.243243	FALSE	NA	NA	NA	NA	NA	NA
NC_045512.2	8109	C	T	55	3	27	1	1	28	0.016129	62	0.478632	FALSE	NA	NA	NA	NA	NA	NA
NC_045512.2	8109	C	G	55	3	27	5	5	27	0.0806452	62	0.0274734	FALSE	NA	NA	NA	NA	NA	NA
NC_045512.2	8109	C	A	55	3	27	1	1	22	0.016129	62	0.478632	FALSE	NA	NA	NA	NA	NA	NA
NC_045512.2	8110	T	C	60	8	26	1	1	28	0.016129	62	0.5	FALSE	NA	NA	NA	NA	NA	NA
NC_045512.2	8110	T	A	60	8	26	1	1	23	0.016129	62	0.5	FALSE	NA	NA	NA	NA	NA	NA
NC_045512.2	8111	G	T	57	5	26	4	4	26	0.0645161	62	0.0594138	FALSE	NA	NA	NA	NA	NA	NA
NC_045512.2	8111	G	C	57	5	26	1	1	28	0.016129	62	0.487395	FALSE	NA	NA	NA	NA	NA	NA
NC_045512.2	8112	C	T	57	5	26	1	1	27	0.016129	62	0.487395	FALSE	NA	NA	NA	NA	NA	NA
NC_045512.2	8112	C	G	57	5	26	3	3	25	0.0483871	62	0.118828	FALSE	NA	NA	NA	NA	NA	NA
NC_045512.2	8112	C	A	57	5	26	1	1	28	0.016129	62	0.487395	FALSE	NA	NA	NA	NA	NA	NA
NC_045512.2	8113	A	T	57	5	27	2	2	25	0.0322581	62	0.239636	FALSE	NA	NA	NA	NA	NA	NA
NC_045512.2	8113	A	G	57	5	27	2	2	28	0.0322581	62	0.239636	FALSE	NA	NA	NA	NA	NA	NA
NC_045512.2	8113	A	C	57	5	27	1	1	28	0.016129	62	0.487395	FALSE	NA	NA	NA	NA	NA	NA
NC_045512.2	8114	G	T	56	4	26	3	3	28	0.047619	63	0.112886	FALSE	NA	NA	NA	NA	NA	NA
NC_045512.2	8114	G	C	56	4	26	1	1	24	0.015873	63	0.478992	FALSE	NA	NA	NA	NA	NA	NA
NC_045512.2	8114	G	A	56	4	26	3	3	27	0.047619	63	0.112886	FALSE	NA	NA	NA	NA	NA	NA
NC_045512.2	8115	A	T	56	5	26	1	1	29	0.016129	62	0.483051	FALSE	NA	NA	NA	NA	NA	NA
NC_045512.2	8115	A	G	56	5	26	5	4	26	0.0806452	62	0.0286999	FALSE	NA	NA	NA	NA	NA	NA
NC_045512.2	8116	A	T	49	5	23	2	2	25	0.0363636	55	0.233516	FALSE	NA	NA	NA	NA	NA	NA
NC_045512.2	8116	A	G	49	5	23	1	1	27	0.0181818	55	0.480769	FALSE	NA	NA	NA	NA	NA	NA
NC_045512.2	8116	A	C	49	5	23	3	3	24	0.0545455	55	0.114555	FALSE	NA	NA	NA	NA	NA	NA
NC_045512.2	8117	G	T	57	5	26	4	4	24	0.0634921	63	0.0574817	FALSE	NA	NA	NA	NA	NA	NA
NC_045512.2	8117	G	A	57	5	26	2	2	24	0.031746	63	0.235675	FALSE	NA	NA	NA	NA	NA	NA
NC_045512.2	8118	C	T	57	5	27	2	2	24	0.0327869	61	0.243697	FALSE	NA	NA	NA	NA	NA	NA
NC_045512.2	8118	C	G	57	5	27	1	1	27	0.0163934	61	0.491525	FALSE	NA	NA	NA	NA	NA	NA
NC_045512.2	8118	C	A	57	5	27	1	1	26	0.0163934	61	0.491525	FALSE	NA	NA	NA	NA	NA	NA
NC_045512.2	8119	T	G	57	5	27	4	4	24	0.0634921	63	0.0574817	FALSE	NA	NA	NA	NA	NA	NA
NC_045512.2	8119	T	C	57	5	27	1	1	27	0.015873	63	0.483333	FALSE	NA	NA	NA	NA	NA	NA
NC_045512.2	8119	T	A	57	5	27	1	1	29	0.015873	63	0.483333	FALSE	NA	NA	NA	NA	NA	NA
NC_045512.2	8120	G	T	57	5	27	2	2	26	0.031746	63	0.235675	FALSE	NA	NA	NA	NA	NA	NA
NC_045512.2	8120	G	C	57	5	27	1	1	30	0.015873	63	0.483333	FALSE	NA	NA	NA	NA	NA	NA
NC_045512.2	8120	G	A	57	5	27	3	3	24	0.047619	63	0.115906	FALSE	NA	NA	NA	NA	NA	NA
NC_045512.2	8121	A	T	57	5	28	2	2	26	0.031746	63	0.235675	FALSE	NA	NA	NA	NA	NA	NA
NC_045512.2	8121	A	G	57	5	28	4	4	27	0.0634921	63	0.0574817	FALSE	NA	NA	NA	NA	NA	NA
NC_045512.2	8122	A	T	56	7	24	2	2	25	0.0333333	60	0.24359	FALSE	NA	NA	NA	NA	NA	NA
NC_045512.2	8122	A	G	56	7	24	1	1	27	0.0166667	60	0.491379	FALSE	NA	NA	NA	NA	NA	NA
NC_045512.2	8122	A	C	56	7	24	1	1	28	0.0166667	60	0.491379	FALSE	NA	NA	NA	NA	NA	NA
NC_045512.2	8123	C	T	55	3	27	1	1	25	0.015873	63	0.474576	FALSE	NA	NA	NA	NA	NA	NA
NC_045512.2	8123	C	G	55	3	27	4	4	24	0.0634921	63	0.0535732	FALSE	NA	NA	NA	NA	NA	NA
NC_045512.2	8123	C	A	55	3	27	3	3	25	0.047619	63	0.10987	FALSE	NA	NA	NA	NA	NA	NA
NC_045512.2	8124	T	G	57	5	27	2	2	27	0.0327869	61	0.243697	FALSE	NA	NA	NA	NA	NA	NA
NC_045512.2	8124	T	C	57	5	27	1	1	20	0.0163934	61	0.491525	FALSE	NA	NA	NA	NA	NA	NA
NC_045512.2	8124	T	A	57	5	27	1	1	25	0.0163934	61	0.491525	FALSE	NA	NA	NA	NA	NA	NA
NC_045512.2	8125	T	G	54	5	23	2	2	22	0.0333333	60	0.234935	FALSE	NA	NA	NA	NA	NA	NA
NC_045512.2	8125	T	C	54	5	23	2	2	26	0.0333333	60	0.234935	FALSE	NA	NA	NA	NA	NA	NA
NC_045512.2	8125	T	A	54	5	23	2	2	24	0.0333333	60	0.234935	FALSE	NA	NA	NA	NA	NA	NA
NC_045512.2	8126	G	T	58	6	27	4	4	24	0.0634921	63	0.0594638	FALSE	NA	NA	NA	NA	NA	NA
NC_045512.2	8126	G	A	58	6	27	1	1	27	0.015873	63	0.487603	FALSE	NA	NA	NA	NA	NA	NA
NC_045512.2	8127	C	T	57	5	27	2	2	28	0.031746	63	0.235675	FALSE	NA	NA	NA	NA	NA	NA
NC_045512.2	8127	C	G	57	5	27	4	4	26	0.0634921	63	0.0574817	FALSE	NA	NA	NA	NA	NA	NA
NC_045512.2	8128	A	T	59	7	26	2	2	24	0.031746	63	0.243902	FALSE	NA	NA	NA	NA	NA	NA
NC_045512.2	8128	A	G	59	7	26	1	1	28	0.015873	63	0.491803	FALSE	NA	NA	NA	NA	NA	NA
NC_045512.2	8128	A	C	59	7	26	1	1	25	0.015873	63	0.491803	FALSE	NA	NA	NA	NA	NA	NA
NC_045512.2	8129	A	T	57	5	27	3	3	26	0.0483871	62	0.118828	FALSE	NA	NA	NA	NA	NA	NA
NC_045512.2	8129	A	G	57	5	27	1	1	27	0.016129	62	0.487395	FALSE	NA	NA	NA	NA	NA	NA
NC_045512.2	8129	A	C	57	5	27	1	1	29	0.016129	62	0.487395	FALSE	NA	NA	NA	NA	NA	NA
NC_045512.2	8130	A	T	41	3	22	1	1	20	0.02	50	0.461538	FALSE	NA	NA	NA	NA	NA	NA
NC_045512.2	8130	A	G	41	3	22	5	4	25	0.1	50	0.023658	FALSE	NA	NA	NA	NA	NA	NA
NC_045512.2	8130	A	C	41	3	22	3	3	28	0.06	50	0.102061	FALSE	NA	NA	NA	NA	NA	NA
NC_045512.2	8131	G	T	56	4	26	4	4	24	0.0645161	62	0.0573998	FALSE	NA	NA	NA	NA	NA	NA
NC_045512.2	8131	G	C	56	4	26	1	1	24	0.016129	62	0.483051	FALSE	NA	NA	NA	NA	NA	NA
NC_045512.2	8131	G	A	56	4	26	1	1	28	0.016129	62	0.483051	FALSE	NA	NA	NA	NA	NA	NA
NC_045512.2	8131	G	-A	56	4	26	1	0	20	0.016129	62	0.483051	FALSE	NA	NA	NA	NA	NA	NA
NC_045512.2	8131	G	+A	56	4	26	1	0	20	0.016129	62	0.483051	FALSE	NA	NA	NA	NA	NA	NA
NC_045512.2	8132	A	T	58	6	27	3	3	29	0.0483871	62	0.118928	FALSE	NA	NA	NA	NA	NA	NA
NC_045512.2	8132	A	G	58	6	27	1	1	26	0.016129	62	0.487603	FALSE	NA	NA	NA	NA	NA	NA
NC_045512.2	8133	A	G	48	5	23	5	4	26	0.0909091	55	0.0269939	FALSE	NA	NA	NA	NA	NA	NA
NC_045512.2	8133	A	C	48	5	23	2	2	26	0.0363636	55	0.228715	FALSE	NA	NA	NA	NA	NA	NA
NC_045512.2	8133	A	-T	48	5	23	1	0	20	0.0181818	55	0.475728	FALSE	NA	NA	NA	NA	NA	NA
NC_045512.2	8134	T	G	56	5	27	2	2	26	0.0322581	62	0.231513	FALSE	NA	NA	NA	NA	NA	NA
NC_045512.2	8134	T	C	56	5	27	1	1	24	0.016129	62	0.478992	FALSE	NA	NA	NA	NA	NA	NA
NC_045512.2	8134	T	A	56	5	27	3	3	25	0.0483871	62	0.112886	FALSE	NA	NA	NA	NA	NA	NA
NC_045512.2	8135	G	T	56	4	27	4	4	25	0.0645161	62	0.0573998	FALSE	NA	NA	NA	NA	NA	NA
NC_045512.2	8135	G	A	56	4	27	2	2	26	0.0322581	62	0.235437	FALSE	NA	NA	NA	NA	NA	NA
NC_045512.2	8135	G	-TG	56	4	27	1	0	20	0.016129	62	0.483051	FALSE	NA	NA	NA	NA	NA	NA
NC_045512.2	8136	T	G	57	5	27	2	2	26	0.0322581	62	0.239636	FALSE	NA	NA	NA	NA	NA	NA
NC_045512.2	8136	T	C	57	5	27	1	1	24	0.016129	62	0.487395	FALSE	NA	NA	NA	NA	NA	NA
NC_045512.2	8136	T	A	57	5	27	2	2	23	0.0322581	62	0.239636	FALSE	NA	NA	NA	NA	NA	NA
NC_045512.2	8137	G	C	57	5	28	1	1	28	0.0163934	61	0.491525	FALSE	NA	NA	NA	NA	NA	NA
NC_045512.2	8137	G	A	57	5	28	3	3	25	0.0491803	61	0.121849	FALSE	NA	NA	NA	NA	NA	NA
NC_045512.2	8138	T	G	58	6	27	2	2	25	0.0322581	62	0.243802	FALSE	NA	NA	NA	NA	NA	NA
NC_045512.2	8138	T	C	58	6	27	1	1	28	0.016129	62	0.491667	FALSE	NA	NA	NA	NA	NA	NA
NC_045512.2	8138	T	A	58	6	27	1	1	28	0.016129	62	0.491667	FALSE	NA	NA	NA	NA	NA	NA
NC_045512.2	8139	C	T	56	4	27	2	2	26	0.031746	63	0.231513	FALSE	NA	NA	NA	NA	NA	NA
NC_045512.2	8139	C	G	56	4	27	1	1	26	0.015873	63	0.478992	FALSE	NA	NA	NA	NA	NA	NA
NC_045512.2	8139	C	A	56	4	27	4	4	24	0.0634921	63	0.0555179	FALSE	NA	NA	NA	NA	NA	NA
NC_045512.2	8140	C	T	55	3	23	4	4	26	0.0645161	62	0.0554047	FALSE	NA	NA	NA	NA	NA	NA
NC_045512.2	8140	C	G	55	3	23	2	2	26	0.0322581	62	0.231204	FALSE	NA	NA	NA	NA	NA	NA
NC_045512.2	8140	C	A	55	3	23	1	1	29	0.016129	62	0.478632	FALSE	NA	NA	NA	NA	NA	NA
NC_045512.2	8141	T	G	59	7	27	3	3	27	0.0483871	62	0.124975	FALSE	NA	NA	NA	NA	NA	NA
NC_045512.2	8141	T	-TA	59	7	27	1	0	20	0.016129	62	0.495868	FALSE	NA	NA	NA	NA	NA	NA
NC_045512.2	8142	T	G	57	5	23	2	2	27	0.0322581	62	0.239636	FALSE	NA	NA	NA	NA	NA	NA
NC_045512.2	8142	T	A	57	5	23	3	3	26	0.0483871	62	0.118828	FALSE	NA	NA	NA	NA	NA	NA
NC_045512.2	8142	T	-A	57	5	23	1	0	20	0.016129	62	0.487395	FALSE	NA	NA	NA	NA	NA	NA
NC_045512.2	8143	A	T	56	4	27	3	3	27	0.0491803	61	0.118724	FALSE	NA	NA	NA	NA	NA	NA
NC_045512.2	8143	A	C	56	4	27	2	2	24	0.0327869	61	0.239461	FALSE	NA	NA	NA	NA	NA	NA
NC_045512.2	8144	G	T	59	7	27	1	1	28	0.0163934	61	0.5	FALSE	NA	NA	NA	NA	NA	NA
NC_045512.2	8144	G	C	59	7	27	1	1	27	0.0163934	61	0.5	FALSE	NA	NA	NA	NA	NA	NA
NC_045512.2	8145	A	T	57	5	27	3	3	25	0.047619	63	0.115906	FALSE	NA	NA	NA	NA	NA	NA
NC_045512.2	8145	A	G	57	5	27	2	2	27	0.031746	63	0.235675	FALSE	NA	NA	NA	NA	NA	NA
NC_045512.2	8145	A	C	57	5	27	1	1	26	0.015873	63	0.483333	FALSE	NA	NA	NA	NA	NA	NA
NC_045512.2	8146	C	T	56	4	27	2	2	24	0.0327869	61	0.239461	FALSE	NA	NA	NA	NA	NA	NA
NC_045512.2	8146	C	A	56	4	27	3	3	25	0.0491803	61	0.118724	FALSE	NA	NA	NA	NA	NA	NA
NC_045512.2	8147	A	T	55	3	27	3	3	26	0.0491803	61	0.115602	FALSE	NA	NA	NA	NA	NA	NA
NC_045512.2	8147	A	G	55	3	27	2	2	26	0.0327869	61	0.23519	FALSE	NA	NA	NA	NA	NA	NA
NC_045512.2	8147	A	C	55	3	27	1	1	32	0.0163934	61	0.482759	FALSE	NA	NA	NA	NA	NA	NA
NC_045512.2	8148	A	T	53	3	23	1	1	24	0.0172414	58	0.486486	FALSE	NA	NA	NA	NA	NA	NA
NC_045512.2	8148	A	G	53	3	23	3	3	27	0.0517241	58	0.118393	FALSE	NA	NA	NA	NA	NA	NA
NC_045512.2	8148	A	C	53	3	23	1	1	25	0.0172414	58	0.486486	FALSE	NA	NA	NA	NA	NA	NA
NC_045512.2	8149	T	C	59	7	26	1	1	28	0.0166667	60	0.504202	FALSE	NA	NA	NA	NA	NA	NA
NC_045512.2	8150	G	T	55	3	27	4	4	26	0.0655738	61	0.0573152	FALSE	NA	NA	NA	NA	NA	NA
NC_045512.2	8150	G	A	55	3	27	2	2	26	0.0327869	61	0.23519	FALSE	NA	NA	NA	NA	NA	NA
NC_045512.2	8151	T	G	56	5	27	3	3	24	0.0491803	61	0.118724	FALSE	NA	NA	NA	NA	NA	NA
NC_045512.2	8151	T	C	56	5	27	1	0	26	0.0163934	61	0.487179	FALSE	NA	NA	NA	NA	NA	NA
NC_045512.2	8151	T	A	56	5	27	1	1	25	0.0163934	61	0.487179	FALSE	NA	NA	NA	NA	NA	NA
NC_045512.2	8152	C	G	56	4	27	2	2	26	0.0327869	61	0.239461	FALSE	NA	NA	NA	NA	NA	NA
NC_045512.2	8152	C	A	56	4	27	3	3	25	0.0491803	61	0.118724	FALSE	NA	NA	NA	NA	NA	NA
NC_045512.2	8153	T	C	56	4	27	2	2	26	0.0327869	61	0.239461	FALSE	NA	NA	NA	NA	NA	NA
NC_045512.2	8153	T	A	56	4	27	3	3	23	0.0491803	61	0.118724	FALSE	NA	NA	NA	NA	NA	NA
NC_045512.2	8154	T	G	55	4	24	3	3	23	0.05	60	0.118618	FALSE	NA	NA	NA	NA	NA	NA
NC_045512.2	8154	T	A	55	4	24	2	2	25	0.0333333	60	0.23928	FALSE	NA	NA	NA	NA	NA	NA
NC_045512.2	8155	A	T	56	4	27	2	2	24	0.0333333	60	0.24359	FALSE	NA	NA	NA	NA	NA	NA
NC_045512.2	8155	A	G	56	4	27	1	1	20	0.0166667	60	0.491379	FALSE	NA	NA	NA	NA	NA	NA
NC_045512.2	8155	A	C	56	4	27	1	1	20	0.0166667	60	0.491379	FALSE	NA	NA	NA	NA	NA	NA
NC_045512.2	8156	T	G	59	7	27	1	1	25	0.0163934	61	0.5	FALSE	NA	NA	NA	NA	NA	NA
NC_045512.2	8156	T	C	59	7	27	1	1	23	0.0163934	61	0.5	FALSE	NA	NA	NA	NA	NA	NA
NC_045512.2	8156	T	-C	59	7	27	1	0	20	0.0163934	61	0.5	FALSE	NA	NA	NA	NA	NA	NA
NC_045512.2	8157	C	T	55	3	27	2	2	25	0.0338983	59	0.243478	FALSE	NA	NA	NA	NA	NA	NA
NC_045512.2	8157	C	G	55	3	27	1	1	28	0.0169492	59	0.491228	FALSE	NA	NA	NA	NA	NA	NA
NC_045512.2	8157	C	A	55	3	27	1	1	20	0.0169492	59	0.491228	FALSE	NA	NA	NA	NA	NA	NA
NC_045512.2	8158	T	G	57	5	27	1	1	25	0.0166667	60	0.495726	FALSE	NA	NA	NA	NA	NA	NA
NC_045512.2	8158	T	A	57	5	27	2	2	23	0.0333333	60	0.247863	FALSE	NA	NA	NA	NA	NA	NA
NC_045512.2	8159	A	T	53	2	27	2	2	24	0.0350877	57	0.243243	FALSE	NA	NA	NA	NA	NA	NA
NC_045512.2	8159	A	C	53	2	27	2	2	28	0.0350877	57	0.243243	FALSE	NA	NA	NA	NA	NA	NA
NC_045512.2	8160	C	T	52	1	26	1	1	24	0.0181818	55	0.495327	FALSE	NA	NA	NA	NA	NA	NA
NC_045512.2	8160	C	G	52	1	26	1	1	25	0.0181818	55	0.495327	FALSE	NA	NA	NA	NA	NA	NA
NC_045512.2	8160	C	A	52	1	26	1	1	25	0.0181818	55	0.495327	FALSE	NA	NA	NA	NA	NA	NA
NC_045512.2	8160	C	-T	52	1	26	12	0	20	0.218182	55	0.000384941	TRUE	NA	NA	NA	NA	NA	NA
NC_045512.2	8161	T	C	40	1	27	1	1	23	0.0243902	41	0.44086	FALSE	NA	NA	NA	NA	NA	NA
NC_045512.2	8162	T	A	51	0	27	1	1	29	0.0192308	52	0.504854	FALSE	NA	NA	NA	NA	NA	NA
NC_045512.2	8164	T	C	22	0	22	1	1	27	0.0416667	24	0.5	FALSE	NA	NA	NA	NA	NA	NA
NC_045512.2	8164	T	A	22	0	22	1	1	27	0.0416667	24	0.5	FALSE	NA	NA	NA	NA	NA	NA
NC_045512.2	8165	A	T	51	0	26	1	1	27	0.0188679	53	0.5	FALSE	NA	NA	NA	NA	NA	NA
NC_045512.2	8165	A	G	51	0	26	1	1	27	0.0188679	53	0.5	FALSE	NA	NA	NA	NA	NA	NA
NC_045512.2	8166	T	A	51	0	27	2	2	27	0.0377358	53	0.252381	FALSE	NA	NA	NA	NA	NA	NA
NC_045512.2	8167	T	C	51	0	28	2	2	29	0.0377358	53	0.252381	FALSE	NA	NA	NA	NA	NA	NA
NC_045512.2	8168	T	A	45	1	22	1	1	26	0.0217391	46	0.505495	FALSE	NA	NA	NA	NA	NA	NA
NC_045512.2	8169	C	T	51	0	27	1	1	28	0.0188679	53	0.5	FALSE	NA	NA	NA	NA	NA	NA
NC_045512.2	8169	C	A	51	0	27	1	1	28	0.0188679	53	0.5	FALSE	NA	NA	NA	NA	NA	NA
NC_045512.2	8170	A	T	51	0	28	2	2	27	0.0377358	53	0.252381	FALSE	NA	NA	NA	NA	NA	NA
NC_045512.2	8171	G	T	51	1	28	1	1	28	0.0188679	53	0.5	FALSE	NA	NA	NA	NA	NA	NA
NC_045512.2	8171	G	A	51	1	28	1	0	20	0.0188679	53	0.5	FALSE	NA	NA	NA	NA	NA	NA
NC_045512.2	8172	C	T	51	0	27	1	1	23	0.0188679	53	0.5	FALSE	NA	NA	NA	NA	NA	NA
NC_045512.2	8172	C	A	51	0	27	1	1	29	0.0188679	53	0.5	FALSE	NA	NA	NA	NA	NA	NA
NC_045512.2	8173	A	T	50	0	26	1	1	22	0.0188679	53	0.495146	FALSE	NA	NA	NA	NA	NA	NA
NC_045512.2	8173	A	G	50	0	26	1	0	29	0.0188679	53	0.495146	FALSE	NA	NA	NA	NA	NA	NA
NC_045512.2	8173	A	C	50	0	26	1	1	24	0.0188679	53	0.495146	FALSE	NA	NA	NA	NA	NA	NA
NC_045512.2	8174	G	T	51	0	26	2	2	24	0.0377358	53	0.252381	FALSE	NA	NA	NA	NA	NA	NA
NC_045512.2	8175	C	T	51	0	27	2	2	28	0.0377358	53	0.252381	FALSE	NA	NA	NA	NA	NA	NA
NC_045512.2	8176	T	C	50	0	27	2	1	28	0.0377358	53	0.247573	FALSE	NA	NA	NA	NA	NA	NA
NC_045512.2	8176	T	A	50	0	27	1	1	26	0.0188679	53	0.495146	FALSE	NA	NA	NA	NA	NA	NA
NC_045512.2	8177	C	T	51	0	27	1	1	25	0.0188679	53	0.5	FALSE	NA	NA	NA	NA	NA	NA
NC_045512.2	8177	C	A	51	0	27	1	1	29	0.0188679	53	0.5	FALSE	NA	NA	NA	NA	NA	NA
NC_045512.2	8177	C	-G	51	0	27	1	0	20	0.0188679	53	0.5	FALSE	NA	NA	NA	NA	NA	NA
NC_045512.2	8178	G	C	51	1	28	1	1	25	0.0192308	52	0.5	FALSE	NA	NA	NA	NA	NA	NA
NC_045512.2	8179	G	T	48	0	23	1	1	27	0.02	50	0.5	FALSE	NA	NA	NA	NA	NA	NA
NC_045512.2	8179	G	C	48	0	23	1	1	28	0.02	50	0.5	FALSE	NA	NA	NA	NA	NA	NA
NC_045512.2	8180	C	A	51	0	27	2	2	28	0.0377358	53	0.252381	FALSE	NA	NA	NA	NA	NA	NA
NC_045512.2	8181	A	G	51	0	27	1	1	28	0.0188679	53	0.5	FALSE	NA	NA	NA	NA	NA	NA
NC_045512.2	8181	A	C	51	0	27	1	1	25	0.0188679	53	0.5	FALSE	NA	NA	NA	NA	NA	NA
NC_045512.2	8182	A	C	46	0	23	1	1	27	0.0212766	47	0.505376	FALSE	NA	NA	NA	NA	NA	NA
NC_045512.2	8183	G	T	50	0	27	2	2	26	0.0384615	52	0.252427	FALSE	NA	NA	NA	NA	NA	NA
NC_045512.2	8184	G	T	50	0	28	1	1	25	0.0192308	52	0.5	FALSE	NA	NA	NA	NA	NA	NA
NC_045512.2	8184	G	C	50	0	28	1	1	25	0.0192308	52	0.5	FALSE	NA	NA	NA	NA	NA	NA
NC_045512.2	8185	G	T	33	0	22	1	1	26	0.0294118	34	0.507463	FALSE	NA	NA	NA	NA	NA	NA
NC_045512.2	8185	G	-T	33	0	22	2	0	20	0.0588235	34	0.261194	FALSE	NA	NA	NA	NA	NA	NA
NC_045512.2	8186	T	G	42	0	27	1	1	23	0.0227273	44	0.483146	FALSE	NA	NA	NA	NA	NA	NA
NC_045512.2	8186	T	A	42	0	27	1	1	26	0.0227273	44	0.483146	FALSE	NA	NA	NA	NA	NA	NA
NC_045512.2	8187	T	C	46	1	27	1	1	23	0.0212766	47	0.505376	FALSE	NA	NA	NA	NA	NA	NA
NC_045512.2	8189	G	T	50	0	27	1	1	27	0.0192308	52	0.5	FALSE	NA	NA	NA	NA	NA	NA
NC_045512.2	8189	G	A	50	0	27	1	1	25	0.0192308	52	0.5	FALSE	NA	NA	NA	NA	NA	NA
NC_045512.2	8190	T	C	50	0	27	1	1	27	0.0196078	51	0.50495	FALSE	NA	NA	NA	NA	NA	NA
NC_045512.2	8191	T	G	48	0	23	1	1	25	0.0196078	51	0.494949	FALSE	NA	NA	NA	NA	NA	NA
NC_045512.2	8191	T	A	48	0	23	2	1	27	0.0392157	51	0.247475	FALSE	NA	NA	NA	NA	NA	NA
NC_045512.2	8193	A	C	50	0	27	1	1	24	0.0196078	51	0.50495	FALSE	NA	NA	NA	NA	NA	NA
NC_045512.2	8194	T	A	51	1	28	1	1	24	0.0192308	52	0.504854	FALSE	NA	NA	NA	NA	NA	NA
NC_045512.2	8195	T	G	46	1	23	1	1	25	0.0212766	47	0.505376	FALSE	NA	NA	NA	NA	NA	NA
NC_045512.2	8196	C	G	51	1	27	1	1	27	0.0192308	52	0.504854	FALSE	NA	NA	NA	NA	NA	NA
NC_045512.2	8197	A	T	50	0	27	2	2	22	0.0384615	52	0.252427	FALSE	NA	NA	NA	NA	NA	NA
NC_045512.2	8198	G	T	50	0	28	1	1	31	0.0192308	52	0.5	FALSE	NA	NA	NA	NA	NA	NA
NC_045512.2	8198	G	C	50	0	28	1	1	22	0.0192308	52	0.5	FALSE	NA	NA	NA	NA	NA	NA
NC_045512.2	8199	A	G	50	0	27	1	1	28	0.0196078	51	0.50495	FALSE	NA	NA	NA	NA	NA	NA
NC_045512.2	8200	T	G	50	0	27	1	1	25	0.0192308	52	0.5	FALSE	NA	NA	NA	NA	NA	NA
NC_045512.2	8200	T	A	50	0	27	1	1	28	0.0192308	52	0.5	FALSE	NA	NA	NA	NA	NA	NA
NC_045512.2	8201	G	T	50	0	27	1	1	23	0.0192308	52	0.5	FALSE	NA	NA	NA	NA	NA	NA
NC_045512.2	8201	G	C	50	0	27	1	1	24	0.0192308	52	0.5	FALSE	NA	NA	NA	NA	NA	NA
NC_045512.2	8202	T	A	51	1	27	1	1	22	0.0192308	52	0.504854	FALSE	NA	NA	NA	NA	NA	NA
NC_045512.2	8203	A	C	56	1	27	1	1	26	0.0175439	57	0.504425	FALSE	NA	NA	NA	NA	NA	NA
NC_045512.2	8204	G	A	55	1	27	1	1	26	0.0178571	56	0.504505	FALSE	NA	NA	NA	NA	NA	NA
NC_045512.2	8205	A	G	54	0	27	2	2	28	0.0357143	56	0.252252	FALSE	NA	NA	NA	NA	NA	NA
NC_045512.2	8206	A	G	55	1	28	1	1	26	0.0178571	56	0.504505	FALSE	NA	NA	NA	NA	NA	NA
NC_045512.2	8206	A	-A	55	1	28	1	0	20	0.0178571	56	0.504505	FALSE	NA	NA	NA	NA	NA	NA
NC_045512.2	8207	A	T	43	0	22	1	1	27	0.0227273	44	0.505747	FALSE	NA	NA	NA	NA	NA	NA
NC_045512.2	8208	C	G	54	0	26	1	1	27	0.0181818	55	0.504587	FALSE	NA	NA	NA	NA	NA	NA
NC_045512.2	8210	A	G	54	1	27	1	1	24	0.0181818	55	0.504587	FALSE	NA	NA	NA	NA	NA	NA
NC_045512.2	8211	A	G	53	0	27	1	1	28	0.0185185	54	0.504673	FALSE	NA	NA	NA	NA	NA	NA
NC_045512.2	8212	A	T	47	1	22	1	1	26	0.0204082	49	0.5	FALSE	NA	NA	NA	NA	NA	NA
NC_045512.2	8212	A	G	47	1	22	1	0	27	0.0204082	49	0.5	FALSE	NA	NA	NA	NA	NA	NA
NC_045512.2	8213	G	A	55	1	27	1	1	28	0.0178571	56	0.504505	FALSE	NA	NA	NA	NA	NA	NA
NC_045512.2	8214	A	G	55	2	27	1	0	23	0.0178571	56	0.504505	FALSE	NA	NA	NA	NA	NA	NA
NC_045512.2	8215	T	C	54	0	26	1	1	27	0.0181818	55	0.504587	FALSE	NA	NA	NA	NA	NA	NA
NC_045512.2	8216	G	T	54	0	26	2	2	25	0.0357143	56	0.252252	FALSE	NA	NA	NA	NA	NA	NA
NC_045512.2	8217	T	C	56	0	26	1	1	23	0.0172414	58	0.5	FALSE	NA	NA	NA	NA	NA	NA
NC_045512.2	8217	T	A	56	0	26	1	1	23	0.0172414	58	0.5	FALSE	NA	NA	NA	NA	NA	NA
NC_045512.2	8218	T	A	56	0	23	2	2	31	0.0344828	58	0.252174	FALSE	NA	NA	NA	NA	NA	NA
NC_045512.2	8219	G	A	56	1	27	1	1	32	0.0175439	57	0.504425	FALSE	NA	NA	NA	NA	NA	NA
NC_045512.2	8220	T	G	55	0	28	1	1	30	0.0172414	58	0.495575	FALSE	NA	NA	NA	NA	NA	NA
NC_045512.2	8220	T	C	55	0	28	1	1	28	0.0172414	58	0.495575	FALSE	NA	NA	NA	NA	NA	NA
NC_045512.2	8220	T	A	55	0	28	1	1	23	0.0172414	58	0.495575	FALSE	NA	NA	NA	NA	NA	NA
NC_045512.2	8221	T	C	53	1	23	1	0	28	0.0178571	56	0.495413	FALSE	NA	NA	NA	NA	NA	NA
NC_045512.2	8221	T	A	53	1	23	2	2	25	0.0357143	56	0.247706	FALSE	NA	NA	NA	NA	NA	NA
NC_045512.2	8222	G	T	55	1	27	1	1	28	0.0175439	57	0.5	FALSE	NA	NA	NA	NA	NA	NA
NC_045512.2	8222	G	A	55	1	27	1	1	27	0.0175439	57	0.5	FALSE	NA	NA	NA	NA	NA	NA
NC_045512.2	8223	A	T	54	0	27	1	1	25	0.0175439	57	0.495495	FALSE	NA	NA	NA	NA	NA	NA
NC_045512.2	8223	A	G	54	0	27	1	1	27	0.0175439	57	0.495495	FALSE	NA	NA	NA	NA	NA	NA
NC_045512.2	8223	A	C	54	0	27	1	1	27	0.0175439	57	0.495495	FALSE	NA	NA	NA	NA	NA	NA
NC_045512.2	8224	A	T	52	2	23	1	1	23	0.0181818	55	0.495327	FALSE	NA	NA	NA	NA	NA	NA
NC_045512.2	8224	A	G	52	2	23	2	0	26	0.0363636	55	0.247664	FALSE	NA	NA	NA	NA	NA	NA
NC_045512.2	8225	T	G	55	1	26	1	1	25	0.0175439	57	0.5	FALSE	NA	NA	NA	NA	NA	NA
NC_045512.2	8225	T	C	55	1	26	1	1	27	0.0175439	57	0.5	FALSE	NA	NA	NA	NA	NA	NA
NC_045512.2	8226	G	T	55	1	26	1	1	27	0.0175439	57	0.5	FALSE	NA	NA	NA	NA	NA	NA
NC_045512.2	8226	G	C	55	1	26	1	1	24	0.0175439	57	0.5	FALSE	NA	NA	NA	NA	NA	NA
NC_045512.2	8227	T	A	55	1	26	2	2	26	0.0350877	57	0.252212	FALSE	NA	NA	NA	NA	NA	NA
NC_045512.2	8228	C	T	54	0	27	1	1	28	0.0172414	58	0.491071	FALSE	NA	NA	NA	NA	NA	NA
NC_045512.2	8228	C	G	54	0	27	1	1	27	0.0172414	58	0.491071	FALSE	NA	NA	NA	NA	NA	NA
NC_045512.2	8228	C	A	54	0	27	2	2	24	0.0344828	58	0.243363	FALSE	NA	NA	NA	NA	NA	NA
NC_045512.2	8229	T	G	54	1	27	1	1	28	0.0175439	57	0.495495	FALSE	NA	NA	NA	NA	NA	NA
NC_045512.2	8229	T	C	54	1	27	1	1	25	0.0175439	57	0.495495	FALSE	NA	NA	NA	NA	NA	NA
NC_045512.2	8229	T	A	54	1	27	1	1	24	0.0175439	57	0.495495	FALSE	NA	NA	NA	NA	NA	NA
NC_045512.2	8230	T	C	47	2	23	1	1	24	0.0204082	49	0.5	FALSE	NA	NA	NA	NA	NA	NA
NC_045512.2	8230	T	A	47	2	23	1	1	23	0.0204082	49	0.5	FALSE	NA	NA	NA	NA	NA	NA
NC_045512.2	8231	A	G	51	2	27	2	2	23	0.0377358	53	0.252381	FALSE	NA	NA	NA	NA	NA	NA
NC_045512.2	8232	A	T	48	1	28	1	1	25	0.0196078	51	0.494949	FALSE	NA	NA	NA	NA	NA	NA
NC_045512.2	8232	A	C	48	1	28	2	2	27	0.0392157	51	0.247475	FALSE	NA	NA	NA	NA	NA	NA
NC_045512.2	8233	A	T	41	2	22	2	2	26	0.0454545	44	0.247059	FALSE	NA	NA	NA	NA	NA	NA
NC_045512.2	8233	A	G	41	2	22	1	1	25	0.0227273	44	0.494118	FALSE	NA	NA	NA	NA	NA	NA
NC_045512.2	8234	T	G	47	1	27	2	2	25	0.0392157	51	0.242424	FALSE	NA	NA	NA	NA	NA	NA
NC_045512.2	8234	T	A	47	1	27	2	2	28	0.0392157	51	0.242424	FALSE	NA	NA	NA	NA	NA	NA
NC_045512.2	8235	T	G	28	0	22	1	1	28	0.030303	33	0.47541	FALSE	NA	NA	NA	NA	NA	NA
NC_045512.2	8235	T	C	28	0	22	2	2	26	0.0606061	33	0.230037	FALSE	NA	NA	NA	NA	NA	NA
NC_045512.2	8235	T	A	28	0	22	2	2	26	0.0606061	33	0.230037	FALSE	NA	NA	NA	NA	NA	NA
NC_045512.2	8236	G	T	45	0	25	5	5	24	0.1	50	0.0296234	FALSE	NA	NA	NA	NA	NA	NA
NC_045512.2	8237	T	G	47	3	25	2	2	26	0.04	50	0.247423	FALSE	NA	NA	NA	NA	NA	NA
NC_045512.2	8237	T	C	47	3	25	1	0	24	0.02	50	0.494845	FALSE	NA	NA	NA	NA	NA	NA
NC_045512.2	8238	C	T	47	3	27	1	1	23	0.02	50	0.494845	FALSE	NA	NA	NA	NA	NA	NA
NC_045512.2	8238	C	G	47	3	27	1	1	28	0.02	50	0.494845	FALSE	NA	NA	NA	NA	NA	NA
NC_045512.2	8238	C	A	47	3	27	1	1	22	0.02	50	0.494845	FALSE	NA	NA	NA	NA	NA	NA
NC_045512.2	8239	A	T	48	3	27	1	1	29	0.02	50	0.5	FALSE	NA	NA	NA	NA	NA	NA
NC_045512.2	8239	A	C	48	3	27	1	1	27	0.02	50	0.5	FALSE	NA	NA	NA	NA	NA	NA
NC_045512.2	8240	C	G	45	0	27	3	3	27	0.0588235	51	0.113718	FALSE	NA	NA	NA	NA	NA	NA
NC_045512.2	8240	C	A	45	0	27	3	3	25	0.0588235	51	0.113718	FALSE	NA	NA	NA	NA	NA	NA
NC_045512.2	8241	A	T	49	4	27	2	2	24	0.0392157	51	0.252475	FALSE	NA	NA	NA	NA	NA	NA
NC_045512.2	8242	T	C	48	3	28	2	2	26	0.0392157	51	0.247475	FALSE	NA	NA	NA	NA	NA	NA
NC_045512.2	8242	T	A	48	3	28	1	1	31	0.0196078	51	0.494949	FALSE	NA	NA	NA	NA	NA	NA
NC_045512.2	8243	C	T	45	0	28	1	1	27	0.0196078	51	0.479167	FALSE	NA	NA	NA	NA	NA	NA
NC_045512.2	8243	C	G	45	0	28	4	4	28	0.0784314	51	0.0562845	FALSE	NA	NA	NA	NA	NA	NA
NC_045512.2	8243	C	A	45	0	28	1	1	28	0.0196078	51	0.479167	FALSE	NA	NA	NA	NA	NA	NA
NC_045512.2	8244	A	T	46	1	28	2	2	27	0.0392157	51	0.237324	FALSE	NA	NA	NA	NA	NA	NA
NC_045512.2	8244	A	G	46	1	28	1	1	27	0.0196078	51	0.484536	FALSE	NA	NA	NA	NA	NA	NA
NC_045512.2	8244	A	C	46	1	28	2	2	29	0.0392157	51	0.237324	FALSE	NA	NA	NA	NA	NA	NA
NC_045512.2	8245	A	T	47	2	23	2	2	27	0.0392157	51	0.242424	FALSE	NA	NA	NA	NA	NA	NA
NC_045512.2	8245	A	C	47	2	23	2	2	27	0.0392157	51	0.242424	FALSE	NA	NA	NA	NA	NA	NA
NC_045512.2	8246	T	G	46	1	27	2	2	25	0.0392157	51	0.237324	FALSE	NA	NA	NA	NA	NA	NA
NC_045512.2	8246	T	A	46	1	27	3	3	26	0.0588235	51	0.117463	FALSE	NA	NA	NA	NA	NA	NA
NC_045512.2	8247	C	G	46	1	27	3	3	27	0.06	50	0.121134	FALSE	NA	NA	NA	NA	NA	NA
NC_045512.2	8247	C	A	46	1	27	1	1	22	0.02	50	0.489583	FALSE	NA	NA	NA	NA	NA	NA
NC_045512.2	8248	T	A	47	2	28	4	4	24	0.0784314	51	0.0612061	FALSE	NA	NA	NA	NA	NA	NA
NC_045512.2	8249	G	T	44	0	28	2	2	27	0.04	50	0.231803	FALSE	NA	NA	NA	NA	NA	NA
NC_045512.2	8249	G	C	44	0	28	2	2	26	0.04	50	0.231803	FALSE	NA	NA	NA	NA	NA	NA
NC_045512.2	8249	G	A	44	0	28	2	2	25	0.04	50	0.231803	FALSE	NA	NA	NA	NA	NA	NA
NC_045512.2	8250	A	T	44	0	27	1	1	23	0.0204082	49	0.483871	FALSE	NA	NA	NA	NA	NA	NA
NC_045512.2	8250	A	G	44	0	27	2	2	28	0.0408163	49	0.236788	FALSE	NA	NA	NA	NA	NA	NA
NC_045512.2	8250	A	C	44	0	27	2	2	25	0.0408163	49	0.236788	FALSE	NA	NA	NA	NA	NA	NA
NC_045512.2	8251	C	T	46	2	27	3	3	26	0.06	50	0.121134	FALSE	NA	NA	NA	NA	NA	NA
NC_045512.2	8251	C	A	46	2	27	1	1	24	0.02	50	0.489583	FALSE	NA	NA	NA	NA	NA	NA
NC_045512.2	8252	A	T	47	3	27	1	1	28	0.0204082	49	0.5	FALSE	NA	NA	NA	NA	NA	NA
NC_045512.2	8252	A	G	47	3	27	1	1	29	0.0204082	49	0.5	FALSE	NA	NA	NA	NA	NA	NA
NC_045512.2	8253	T	G	45	1	27	1	1	28	0.02	50	0.484211	FALSE	NA	NA	NA	NA	NA	NA
NC_045512.2	8253	T	C	45	1	27	1	1	26	0.02	50	0.484211	FALSE	NA	NA	NA	NA	NA	NA
NC_045512.2	8253	T	A	45	1	27	3	3	25	0.06	50	0.117309	FALSE	NA	NA	NA	NA	NA	NA
NC_045512.2	8254	A	C	48	4	27	2	2	27	0.04	50	0.252525	FALSE	NA	NA	NA	NA	NA	NA
NC_045512.2	8255	G	T	45	1	27	3	3	27	0.06	50	0.117309	FALSE	NA	NA	NA	NA	NA	NA
NC_045512.2	8255	G	A	45	1	27	2	2	27	0.04	50	0.237061	FALSE	NA	NA	NA	NA	NA	NA
NC_045512.2	8256	A	T	46	2	27	1	1	28	0.02	50	0.489583	FALSE	NA	NA	NA	NA	NA	NA
NC_045512.2	8256	A	G	46	2	27	2	2	29	0.04	50	0.242268	FALSE	NA	NA	NA	NA	NA	NA
NC_045512.2	8256	A	C	46	2	27	1	1	29	0.02	50	0.489583	FALSE	NA	NA	NA	NA	NA	NA
NC_045512.2	8257	A	T	42	1	23	2	2	26	0.0425532	47	0.236205	FALSE	NA	NA	NA	NA	NA	NA
NC_045512.2	8257	A	G	42	1	23	2	2	27	0.0425532	47	0.236205	FALSE	NA	NA	NA	NA	NA	NA
NC_045512.2	8257	A	C	42	1	23	1	1	27	0.0212766	47	0.483146	FALSE	NA	NA	NA	NA	NA	NA
NC_045512.2	8258	G	T	45	1	27	2	2	28	0.04	50	0.237061	FALSE	NA	NA	NA	NA	NA	NA
NC_045512.2	8258	G	C	45	1	27	1	1	28	0.02	50	0.484211	FALSE	NA	NA	NA	NA	NA	NA
NC_045512.2	8258	G	A	45	1	27	2	2	26	0.04	50	0.237061	FALSE	NA	NA	NA	NA	NA	NA
NC_045512.2	8259	T	G	45	1	27	2	2	28	0.04	50	0.237061	FALSE	NA	NA	NA	NA	NA	NA
NC_045512.2	8259	T	C	45	1	27	1	1	27	0.02	50	0.484211	FALSE	NA	NA	NA	NA	NA	NA
NC_045512.2	8259	T	A	45	1	27	2	2	27	0.04	50	0.237061	FALSE	NA	NA	NA	NA	NA	NA
NC_045512.2	8260	T	C	47	3	23	1	1	23	0.02	50	0.494845	FALSE	NA	NA	NA	NA	NA	NA
NC_045512.2	8260	T	A	47	3	23	2	2	25	0.04	50	0.247423	FALSE	NA	NA	NA	NA	NA	NA
NC_045512.2	8261	A	T	45	2	27	1	0	22	0.0204082	49	0.489362	FALSE	NA	NA	NA	NA	NA	NA
NC_045512.2	8261	A	G	45	2	27	2	2	28	0.0408163	49	0.242105	FALSE	NA	NA	NA	NA	NA	NA
NC_045512.2	8261	A	C	45	2	27	1	1	28	0.0204082	49	0.489362	FALSE	NA	NA	NA	NA	NA	NA
NC_045512.2	8262	C	T	44	0	27	2	2	26	0.04	50	0.231803	FALSE	NA	NA	NA	NA	NA	NA
NC_045512.2	8262	C	G	44	0	27	2	2	25	0.04	50	0.231803	FALSE	NA	NA	NA	NA	NA	NA
NC_045512.2	8262	C	A	44	0	27	2	2	25	0.04	50	0.231803	FALSE	NA	NA	NA	NA	NA	NA
NC_045512.2	8263	T	G	46	2	27	1	1	28	0.02	50	0.489583	FALSE	NA	NA	NA	NA	NA	NA
NC_045512.2	8263	T	C	46	2	27	1	1	23	0.02	50	0.489583	FALSE	NA	NA	NA	NA	NA	NA
NC_045512.2	8263	T	A	46	2	27	2	2	23	0.04	50	0.242268	FALSE	NA	NA	NA	NA	NA	NA
NC_045512.2	8264	G	T	46	2	27	2	2	26	0.04	50	0.242268	FALSE	NA	NA	NA	NA	NA	NA
NC_045512.2	8264	G	C	46	2	27	1	1	28	0.02	50	0.489583	FALSE	NA	NA	NA	NA	NA	NA
NC_045512.2	8264	G	A	46	2	27	1	1	28	0.02	50	0.489583	FALSE	NA	NA	NA	NA	NA	NA
NC_045512.2	8265	G	C	42	2	23	1	1	25	0.0217391	46	0.488636	FALSE	NA	NA	NA	NA	NA	NA
NC_045512.2	8265	G	A	42	2	23	3	3	23	0.0652174	46	0.120787	FALSE	NA	NA	NA	NA	NA	NA
NC_045512.2	8266	C	T	45	1	26	1	1	22	0.02	50	0.484211	FALSE	NA	NA	NA	NA	NA	NA
NC_045512.2	8266	C	A	45	1	26	4	4	26	0.08	50	0.0586544	FALSE	NA	NA	NA	NA	NA	NA
NC_045512.2	8267	G	T	44	0	26	5	5	25	0.1	50	0.0280792	FALSE	NA	NA	NA	NA	NA	NA
NC_045512.2	8267	G	A	44	0	26	1	1	28	0.02	50	0.478723	FALSE	NA	NA	NA	NA	NA	NA
NC_045512.2	8268	A	T	45	1	26	1	1	29	0.02	50	0.484211	FALSE	NA	NA	NA	NA	NA	NA
NC_045512.2	8268	A	G	45	1	26	2	2	25	0.04	50	0.237061	FALSE	NA	NA	NA	NA	NA	NA
NC_045512.2	8268	A	C	45	1	26	2	2	27	0.04	50	0.237061	FALSE	NA	NA	NA	NA	NA	NA
NC_045512.2	8269	T	C	48	4	26	1	1	23	0.02	50	0.5	FALSE	NA	NA	NA	NA	NA	NA
NC_045512.2	8269	T	A	48	4	26	1	1	29	0.02	50	0.5	FALSE	NA	NA	NA	NA	NA	NA
NC_045512.2	8270	A	T	44	0	27	2	2	25	0.04	50	0.231803	FALSE	NA	NA	NA	NA	NA	NA
NC_045512.2	8270	A	G	44	0	27	3	3	26	0.06	50	0.113487	FALSE	NA	NA	NA	NA	NA	NA
NC_045512.2	8270	A	C	44	0	27	1	1	27	0.02	50	0.478723	FALSE	NA	NA	NA	NA	NA	NA
NC_045512.2	8271	G	T	46	2	26	2	2	25	0.0408163	49	0.247368	FALSE	NA	NA	NA	NA	NA	NA
NC_045512.2	8271	G	A	46	2	26	1	1	27	0.0204082	49	0.494737	FALSE	NA	NA	NA	NA	NA	NA
NC_045512.2	8272	T	G	45	1	26	1	1	27	0.02	50	0.484211	FALSE	NA	NA	NA	NA	NA	NA
NC_045512.2	8272	T	C	45	1	26	4	4	25	0.08	50	0.0586544	FALSE	NA	NA	NA	NA	NA	NA
NC_045512.2	8273	T	C	38	0	23	2	2	28	0.0465116	43	0.234869	FALSE	NA	NA	NA	NA	NA	NA
NC_045512.2	8273	T	A	38	0	23	3	3	23	0.0697674	43	0.11602	FALSE	NA	NA	NA	NA	NA	NA
NC_045512.2	8274	G	T	45	1	27	2	2	25	0.04	50	0.237061	FALSE	NA	NA	NA	NA	NA	NA
NC_045512.2	8274	G	A	45	1	27	3	3	27	0.06	50	0.117309	FALSE	NA	NA	NA	NA	NA	NA
NC_045512.2	8275	T	A	46	2	27	4	4	28	0.08	50	0.0611788	FALSE	NA	NA	NA	NA	NA	NA
NC_045512.2	8276	A	T	45	1	27	2	2	26	0.04	50	0.237061	FALSE	NA	NA	NA	NA	NA	NA
NC_045512.2	8276	A	G	45	1	27	3	3	26	0.06	50	0.117309	FALSE	NA	NA	NA	NA	NA	NA
NC_045512.2	8277	A	T	46	3	23	2	2	27	0.0408163	49	0.247368	FALSE	NA	NA	NA	NA	NA	NA
NC_045512.2	8277	A	G	46	3	23	1	1	30	0.0204082	49	0.494737	FALSE	NA	NA	NA	NA	NA	NA
NC_045512.2	8278	T	G	44	0	27	2	2	29	0.04	50	0.231803	FALSE	NA	NA	NA	NA	NA	NA
NC_045512.2	8278	T	C	44	0	27	1	1	26	0.02	50	0.478723	FALSE	NA	NA	NA	NA	NA	NA
NC_045512.2	8278	T	A	44	0	27	3	3	27	0.06	50	0.113487	FALSE	NA	NA	NA	NA	NA	NA
NC_045512.2	8279	A	T	44	0	27	4	4	26	0.08	50	0.0561584	FALSE	NA	NA	NA	NA	NA	NA
NC_045512.2	8279	A	G	44	0	27	1	1	26	0.02	50	0.478723	FALSE	NA	NA	NA	NA	NA	NA
NC_045512.2	8279	A	C	44	0	27	1	1	27	0.02	50	0.478723	FALSE	NA	NA	NA	NA	NA	NA
NC_045512.2	8280	A	T	44	1	23	3	3	25	0.0612245	49	0.117148	FALSE	NA	NA	NA	NA	NA	NA
NC_045512.2	8280	A	G	44	1	23	1	1	28	0.0204082	49	0.483871	FALSE	NA	NA	NA	NA	NA	NA
NC_045512.2	8280	A	C	44	1	23	1	1	28	0.0204082	49	0.483871	FALSE	NA	NA	NA	NA	NA	NA
NC_045512.2	8281	C	T	44	0	27	2	2	26	0.04	50	0.231803	FALSE	NA	NA	NA	NA	NA	NA
NC_045512.2	8281	C	G	44	0	27	1	1	29	0.02	50	0.478723	FALSE	NA	NA	NA	NA	NA	NA
NC_045512.2	8281	C	A	44	0	27	3	3	27	0.06	50	0.113487	FALSE	NA	NA	NA	NA	NA	NA
NC_045512.2	8282	T	G	47	3	27	1	1	28	0.02	50	0.494845	FALSE	NA	NA	NA	NA	NA	NA
NC_045512.2	8282	T	C	47	3	27	1	1	28	0.02	50	0.494845	FALSE	NA	NA	NA	NA	NA	NA
NC_045512.2	8282	T	A	47	3	27	1	1	26	0.02	50	0.494845	FALSE	NA	NA	NA	NA	NA	NA
NC_045512.2	8283	A	T	46	2	26	1	1	28	0.02	50	0.489583	FALSE	NA	NA	NA	NA	NA	NA
NC_045512.2	8283	A	G	46	2	26	1	1	30	0.02	50	0.489583	FALSE	NA	NA	NA	NA	NA	NA
NC_045512.2	8283	A	C	46	2	26	2	2	28	0.04	50	0.242268	FALSE	NA	NA	NA	NA	NA	NA
NC_045512.2	8284	T	C	48	4	26	1	1	24	0.02	50	0.5	FALSE	NA	NA	NA	NA	NA	NA
NC_045512.2	8284	T	A	48	4	26	1	1	34	0.02	50	0.5	FALSE	NA	NA	NA	NA	NA	NA
NC_045512.2	8285	A	T	45	1	27	1	1	28	0.02	50	0.484211	FALSE	NA	NA	NA	NA	NA	NA
NC_045512.2	8285	A	G	45	1	27	1	1	24	0.02	50	0.484211	FALSE	NA	NA	NA	NA	NA	NA
NC_045512.2	8285	A	C	45	1	27	3	3	28	0.06	50	0.117309	FALSE	NA	NA	NA	NA	NA	NA
NC_045512.2	8286	T	G	46	2	26	1	1	23	0.02	50	0.489583	FALSE	NA	NA	NA	NA	NA	NA
NC_045512.2	8286	T	C	46	2	26	1	1	27	0.02	50	0.489583	FALSE	NA	NA	NA	NA	NA	NA
NC_045512.2	8286	T	A	46	2	26	2	2	26	0.04	50	0.242268	FALSE	NA	NA	NA	NA	NA	NA
NC_045512.2	8287	G	T	43	0	26	3	3	26	0.06	50	0.10967	FALSE	NA	NA	NA	NA	NA	NA
NC_045512.2	8287	G	C	43	0	26	1	1	23	0.02	50	0.473118	FALSE	NA	NA	NA	NA	NA	NA
NC_045512.2	8287	G	A	43	0	26	3	2	28	0.06	50	0.10967	FALSE	NA	NA	NA	NA	NA	NA
NC_045512.2	8288	C	T	45	1	26	2	2	27	0.04	50	0.237061	FALSE	NA	NA	NA	NA	NA	NA
NC_045512.2	8288	C	G	45	1	26	1	1	23	0.02	50	0.484211	FALSE	NA	NA	NA	NA	NA	NA
NC_045512.2	8288	C	A	45	1	26	2	2	30	0.04	50	0.237061	FALSE	NA	NA	NA	NA	NA	NA
NC_045512.2	8289	T	G	47	3	26	1	1	28	0.02	50	0.494845	FALSE	NA	NA	NA	NA	NA	NA
NC_045512.2	8289	T	C	47	3	26	1	1	28	0.02	50	0.494845	FALSE	NA	NA	NA	NA	NA	NA
NC_045512.2	8289	T	A	47	3	26	1	1	27	0.02	50	0.494845	FALSE	NA	NA	NA	NA	NA	NA
NC_045512.2	8290	C	T	45	1	27	3	3	27	0.06	50	0.117309	FALSE	NA	NA	NA	NA	NA	NA
NC_045512.2	8290	C	A	45	1	27	2	2	29	0.04	50	0.237061	FALSE	NA	NA	NA	NA	NA	NA
NC_045512.2	8291	A	T	45	2	27	2	2	28	0.0408163	49	0.242105	FALSE	NA	NA	NA	NA	NA	NA
NC_045512.2	8291	A	G	45	2	27	1	1	28	0.0204082	49	0.489362	FALSE	NA	NA	NA	NA	NA	NA
NC_045512.2	8291	A	C	45	2	27	1	1	31	0.0204082	49	0.489362	FALSE	NA	NA	NA	NA	NA	NA
NC_045512.2	8292	C	T	43	0	27	1	1	20	0.0204082	49	0.478261	FALSE	NA	NA	NA	NA	NA	NA
NC_045512.2	8292	C	G	43	0	27	1	1	28	0.0204082	49	0.478261	FALSE	NA	NA	NA	NA	NA	NA
NC_045512.2	8292	C	A	43	0	27	4	4	27	0.0816327	49	0.0560272	FALSE	NA	NA	NA	NA	NA	NA
NC_045512.2	8293	C	T	41	2	22	3	3	27	0.0666667	45	0.12069	FALSE	NA	NA	NA	NA	NA	NA
NC_045512.2	8293	C	A	41	2	22	1	1	28	0.0222222	45	0.488372	FALSE	NA	NA	NA	NA	NA	NA
NC_045512.2	8294	T	G	47	4	26	1	1	29	0.0204082	49	0.5	FALSE	NA	NA	NA	NA	NA	NA
NC_045512.2	8294	T	A	47	4	26	1	1	28	0.0204082	49	0.5	FALSE	NA	NA	NA	NA	NA	NA
NC_045512.2	8295	A	T	43	0	26	2	2	29	0.0408163	49	0.231417	FALSE	NA	NA	NA	NA	NA	NA
NC_045512.2	8295	A	G	43	0	26	2	2	28	0.0408163	49	0.231417	FALSE	NA	NA	NA	NA	NA	NA
NC_045512.2	8295	A	C	43	0	26	2	2	28	0.0408163	49	0.231417	FALSE	NA	NA	NA	NA	NA	NA
NC_045512.2	8296	T	A	47	4	26	2	2	28	0.0408163	49	0.252577	FALSE	NA	NA	NA	NA	NA	NA
NC_045512.2	8297	A	T	44	1	27	1	1	32	0.0204082	49	0.483871	FALSE	NA	NA	NA	NA	NA	NA
NC_045512.2	8297	A	G	44	1	27	2	2	27	0.0408163	49	0.236788	FALSE	NA	NA	NA	NA	NA	NA
NC_045512.2	8297	A	C	44	1	27	2	2	28	0.0408163	49	0.236788	FALSE	NA	NA	NA	NA	NA	NA
NC_045512.2	8298	A	T	39	4	22	1	1	24	0.0243902	41	0.5	FALSE	NA	NA	NA	NA	NA	NA
NC_045512.2	8298	A	C	39	4	22	1	1	28	0.0243902	41	0.5	FALSE	NA	NA	NA	NA	NA	NA
NC_045512.2	8299	C	T	41	1	26	3	3	27	0.0652174	46	0.116621	FALSE	NA	NA	NA	NA	NA	NA
NC_045512.2	8299	C	A	41	1	26	2	2	27	0.0434783	46	0.235893	FALSE	NA	NA	NA	NA	NA	NA
NC_045512.2	8300	A	T	41	2	27	1	1	29	0.0217391	46	0.482759	FALSE	NA	NA	NA	NA	NA	NA
NC_045512.2	8300	A	G	41	2	27	3	2	28	0.0652174	46	0.116621	FALSE	NA	NA	NA	NA	NA	NA
NC_045512.2	8300	A	C	41	2	27	1	1	27	0.0217391	46	0.482759	FALSE	NA	NA	NA	NA	NA	NA
NC_045512.2	8301	A	T	41	1	28	4	4	28	0.0869565	46	0.0583107	FALSE	NA	NA	NA	NA	NA	NA
NC_045512.2	8301	A	C	41	1	28	1	1	27	0.0217391	46	0.482759	FALSE	NA	NA	NA	NA	NA	NA
NC_045512.2	8302	A	T	27	1	21	2	2	30	0.0625	32	0.229379	FALSE	NA	NA	NA	NA	NA	NA
NC_045512.2	8302	A	C	27	1	21	3	3	29	0.09375	32	0.112809	FALSE	NA	NA	NA	NA	NA	NA
NC_045512.2	8303	G	T	39	0	26	3	3	27	0.0666667	45	0.112175	FALSE	NA	NA	NA	NA	NA	NA
NC_045512.2	8303	G	C	39	0	26	1	1	27	0.0222222	45	0.47619	FALSE	NA	NA	NA	NA	NA	NA
NC_045512.2	8303	G	A	39	0	26	2	2	32	0.0444444	45	0.229692	FALSE	NA	NA	NA	NA	NA	NA
NC_045512.2	8304	T	G	38	0	27	2	2	24	0.0454545	44	0.22921	FALSE	NA	NA	NA	NA	NA	NA
NC_045512.2	8304	T	C	38	0	27	1	1	34	0.0227273	44	0.47561	FALSE	NA	NA	NA	NA	NA	NA
NC_045512.2	8304	T	A	38	0	27	3	3	25	0.0681818	44	0.111876	FALSE	NA	NA	NA	NA	NA	NA
NC_045512.2	8305	T	G	23	2	22	1	1	27	0.037037	27	0.48	FALSE	NA	NA	NA	NA	NA	NA
NC_045512.2	8305	T	C	23	2	22	2	2	27	0.0740741	27	0.235294	FALSE	NA	NA	NA	NA	NA	NA
NC_045512.2	8305	T	A	23	2	22	1	1	27	0.037037	27	0.48	FALSE	NA	NA	NA	NA	NA	NA
NC_045512.2	8306	G	T	35	1	24	1	1	22	0.025	40	0.48	FALSE	NA	NA	NA	NA	NA	NA
NC_045512.2	8306	G	C	35	1	24	2	2	26	0.05	40	0.233684	FALSE	NA	NA	NA	NA	NA	NA
NC_045512.2	8306	G	A	35	1	24	2	2	25	0.05	40	0.233684	FALSE	NA	NA	NA	NA	NA	NA
NC_045512.2	8307	A	T	26	1	25	2	2	28	0.0666667	30	0.236842	FALSE	NA	NA	NA	NA	NA	NA
NC_045512.2	8307	A	G	26	1	25	2	2	28	0.0666667	30	0.236842	FALSE	NA	NA	NA	NA	NA	NA
NC_045512.2	8308	A	T	27	2	26	1	1	33	0.0322581	31	0.482759	FALSE	NA	NA	NA	NA	NA	NA
NC_045512.2	8308	A	G	27	2	26	1	1	26	0.0322581	31	0.482759	FALSE	NA	NA	NA	NA	NA	NA
NC_045512.2	8308	A	C	27	2	26	2	2	27	0.0645161	31	0.237288	FALSE	NA	NA	NA	NA	NA	NA
NC_045512.2	8309	A	T	26	1	26	2	2	27	0.0645161	31	0.228675	FALSE	NA	NA	NA	NA	NA	NA
NC_045512.2	8309	A	G	26	1	26	2	2	26	0.0645161	31	0.228675	FALSE	NA	NA	NA	NA	NA	NA
NC_045512.2	8309	A	C	26	1	26	1	1	27	0.0322581	31	0.473684	FALSE	NA	NA	NA	NA	NA	NA
NC_045512.2	8310	A	T	9	2	21	1	1	27	0.0769231	13	0.454545	FALSE	NA	NA	NA	NA	NA	NA
NC_045512.2	8310	A	G	9	2	21	2	2	27	0.153846	13	0.217391	FALSE	NA	NA	NA	NA	NA	NA
NC_045512.2	8310	A	C	9	2	21	1	1	25	0.0769231	13	0.454545	FALSE	NA	NA	NA	NA	NA	NA
NC_045512.2	8311	C	T	25	1	25	3	2	25	0.103448	29	0.118182	FALSE	NA	NA	NA	NA	NA	NA
NC_045512.2	8311	C	G	25	1	25	1	1	26	0.0344828	29	0.481481	FALSE	NA	NA	NA	NA	NA	NA
NC_045512.2	8311	C	-A	25	1	25	1	0	20	0.0344828	29	0.481481	FALSE	NA	NA	NA	NA	NA	NA
NC_045512.2	8312	A	T	27	2	26	1	1	34	0.0357143	28	0.5	FALSE	NA	NA	NA	NA	NA	NA
NC_045512.2	8313	T	G	27	2	26	1	1	27	0.0344828	29	0.5	FALSE	NA	NA	NA	NA	NA	NA
NC_045512.2	8313	T	C	27	2	26	1	1	22	0.0344828	29	0.5	FALSE	NA	NA	NA	NA	NA	NA
NC_045512.2	8314	G	T	25	0	27	2	2	25	0.0689655	29	0.236364	FALSE	NA	NA	NA	NA	NA	NA
NC_045512.2	8314	G	C	25	0	27	2	2	29	0.0689655	29	0.236364	FALSE	NA	NA	NA	NA	NA	NA
NC_045512.2	8315	A	T	26	1	26	2	2	27	0.0689655	29	0.245455	FALSE	NA	NA	NA	NA	NA	NA
NC_045512.2	8315	A	G	26	1	26	1	1	27	0.0344828	29	0.490909	FALSE	NA	NA	NA	NA	NA	NA
NC_045512.2	8316	C	T	25	0	26	1	1	23	0.0344828	29	0.481481	FALSE	NA	NA	NA	NA	NA	NA
NC_045512.2	8316	C	G	25	0	26	2	2	26	0.0689655	29	0.236364	FALSE	NA	NA	NA	NA	NA	NA
NC_045512.2	8316	C	A	25	0	26	1	1	29	0.0344828	29	0.481481	FALSE	NA	NA	NA	NA	NA	NA
NC_045512.2	8317	A	T	25	0	25	3	3	26	0.103448	29	0.118182	FALSE	NA	NA	NA	NA	NA	NA
NC_045512.2	8317	A	C	25	0	25	1	1	28	0.0344828	29	0.481481	FALSE	NA	NA	NA	NA	NA	NA
NC_045512.2	8318	C	G	23	0	26	1	1	31	0.0384615	26	0.489796	FALSE	NA	NA	NA	NA	NA	NA
NC_045512.2	8318	C	A	23	0	26	2	2	25	0.0769231	26	0.244898	FALSE	NA	NA	NA	NA	NA	NA
NC_045512.2	8319	C	G	22	0	26	1	1	27	0.0384615	26	0.479167	FALSE	NA	NA	NA	NA	NA	NA
NC_045512.2	8319	C	A	22	0	26	3	3	27	0.115385	26	0.117347	FALSE	NA	NA	NA	NA	NA	NA
NC_045512.2	8320	C	T	23	2	27	2	2	24	0.08	25	0.255102	FALSE	NA	NA	NA	NA	NA	NA
NC_045512.2	8321	C	T	4	0	20	2	2	27	0.25	8	0.192308	FALSE	NA	NA	NA	NA	NA	NA
NC_045512.2	8321	C	A	4	0	20	2	2	22	0.25	8	0.192308	FALSE	NA	NA	NA	NA	NA	NA
NC_045512.2	8322	G	C	21	0	25	2	2	26	0.08	25	0.234043	FALSE	NA	NA	NA	NA	NA	NA
NC_045512.2	8322	G	A	21	0	25	2	2	27	0.08	25	0.234043	FALSE	NA	NA	NA	NA	NA	NA
NC_045512.2	8323	T	C	21	0	25	1	1	28	0.0416667	24	0.488889	FALSE	NA	NA	NA	NA	NA	NA
NC_045512.2	8323	T	A	21	0	25	2	2	28	0.0833333	24	0.244444	FALSE	NA	NA	NA	NA	NA	NA
NC_045512.2	8324	G	T	24	3	25	1	1	34	0.04	25	0.510204	FALSE	NA	NA	NA	NA	NA	NA
NC_045512.2	8326	C	T	7	0	27	1	1	29	0.125	8	0.533333	FALSE	NA	NA	NA	NA	NA	NA
NC_045512.2	8327	C	A	6	0	22	1	1	32	0.142857	7	0.538462	FALSE	NA	NA	NA	NA	NA	NA
NC_045512.2	8329	T	G	6	0	23	1	1	27	0.142857	7	0.538462	FALSE	NA	NA	NA	NA	NA	NA
NC_045512.2	8330	G	C	7	0	28	1	1	27	0.125	8	0.533333	FALSE	NA	NA	NA	NA	NA	NA
NC_045512.2	8331	G	T	6	0	22	1	1	28	0.142857	7	0.538462	FALSE	NA	NA	NA	NA	NA	NA
NC_045512.2	8332	T	C	7	0	28	1	1	27	0.125	8	0.533333	FALSE	NA	NA	NA	NA	NA	NA
NC_045512.2	8333	G	A	7	0	29	1	1	28	0.125	8	0.533333	FALSE	NA	NA	NA	NA	NA	NA
NC_045512.2	8335	T	C	7	0	28	1	1	26	0.125	8	0.533333	FALSE	NA	NA	NA	NA	NA	NA
NC_045512.2	8337	G	A	7	0	27	1	1	26	0.125	8	0.533333	FALSE	NA	NA	NA	NA	NA	NA
NC_045512.2	8339	A	T	8	1	26	1	1	27	0.111111	9	0.529412	FALSE	NA	NA	NA	NA	NA	NA
NC_045512.2	8340	T	G	7	0	27	1	1	27	0.111111	9	0.5	FALSE	NA	NA	NA	NA	NA	NA
NC_045512.2	8340	T	A	7	0	27	1	1	27	0.111111	9	0.5	FALSE	NA	NA	NA	NA	NA	NA
NC_045512.2	8341	T	C	5	1	22	1	1	27	0.166667	6	0.545455	FALSE	NA	NA	NA	NA	NA	NA
NC_045512.2	8342	G	T	7	0	25	1	1	22	0.125	8	0.533333	FALSE	NA	NA	NA	NA	NA	NA
NC_045512.2	8343	A	G	8	1	26	1	1	22	0.111111	9	0.529412	FALSE	NA	NA	NA	NA	NA	NA
NC_045512.2	8344	C	A	7	0	25	1	1	27	0.125	8	0.533333	FALSE	NA	NA	NA	NA	NA	NA
NC_045512.2	8345	T	G	7	0	25	1	1	23	0.111111	9	0.5	FALSE	NA	NA	NA	NA	NA	NA
NC_045512.2	8345	T	A	7	0	25	1	1	28	0.111111	9	0.5	FALSE	NA	NA	NA	NA	NA	NA
NC_045512.2	8346	G	T	7	0	26	1	1	25	0.125	8	0.533333	FALSE	NA	NA	NA	NA	NA	NA
NC_045512.2	8347	T	G	8	1	26	1	1	25	0.111111	9	0.529412	FALSE	NA	NA	NA	NA	NA	NA
NC_045512.2	8348	A	T	7	0	26	1	1	25	0.111111	9	0.5	FALSE	NA	NA	NA	NA	NA	NA
NC_045512.2	8348	A	G	7	0	26	1	1	23	0.111111	9	0.5	FALSE	NA	NA	NA	NA	NA	NA
NC_045512.2	8349	G	C	7	0	26	1	1	27	0.125	8	0.533333	FALSE	NA	NA	NA	NA	NA	NA
NC_045512.2	8350	T	A	8	1	25	1	1	34	0.111111	9	0.529412	FALSE	NA	NA	NA	NA	NA	NA
NC_045512.2	8351	G	T	25	7	26	1	1	27	0.037037	27	0.5	FALSE	NA	NA	NA	NA	NA	NA
NC_045512.2	8351	G	A	25	7	26	1	1	31	0.037037	27	0.5	FALSE	NA	NA	NA	NA	NA	NA
NC_045512.2	8352	C	A	25	7	26	2	2	25	0.0740741	27	0.254717	FALSE	NA	NA	NA	NA	NA	NA
NC_045512.2	8353	G	C	25	7	27	1	1	29	0.037037	27	0.5	FALSE	NA	NA	NA	NA	NA	NA
NC_045512.2	8353	G	A	25	7	27	1	1	29	0.037037	27	0.5	FALSE	NA	NA	NA	NA	NA	NA
NC_045512.2	8354	C	A	25	7	27	2	2	28	0.0740741	27	0.254717	FALSE	NA	NA	NA	NA	NA	NA
NC_045512.2	8355	G	T	25	7	27	2	2	26	0.0740741	27	0.254717	FALSE	NA	NA	NA	NA	NA	NA
NC_045512.2	8356	T	G	26	8	27	1	1	27	0.037037	27	0.509434	FALSE	NA	NA	NA	NA	NA	NA
NC_045512.2	8357	C	G	25	7	27	1	1	25	0.037037	27	0.5	FALSE	NA	NA	NA	NA	NA	NA
NC_045512.2	8357	C	A	25	7	27	1	1	25	0.037037	27	0.5	FALSE	NA	NA	NA	NA	NA	NA
NC_045512.2	8358	A	T	24	7	27	1	1	25	0.0384615	26	0.5	FALSE	NA	NA	NA	NA	NA	NA
NC_045512.2	8358	A	C	24	7	27	1	1	25	0.0384615	26	0.5	FALSE	NA	NA	NA	NA	NA	NA
NC_045512.2	8359	T	C	24	7	26	1	1	28	0.0384615	26	0.5	FALSE	NA	NA	NA	NA	NA	NA
NC_045512.2	8359	T	A	24	7	26	1	1	25	0.0384615	26	0.5	FALSE	NA	NA	NA	NA	NA	NA
NC_045512.2	8360	A	C	25	8	27	1	1	22	0.0384615	26	0.509804	FALSE	NA	NA	NA	NA	NA	NA
NC_045512.2	8361	T	C	24	7	26	2	2	27	0.0769231	26	0.254902	FALSE	NA	NA	NA	NA	NA	NA
NC_045512.2	8362	T	C	21	7	24	1	1	28	0.0434783	23	0.5	FALSE	NA	NA	NA	NA	NA	NA
NC_045512.2	8362	T	A	21	7	24	1	1	27	0.0434783	23	0.5	FALSE	NA	NA	NA	NA	NA	NA
NC_045512.2	8363	A	T	34	16	25	1	1	27	0.0277778	36	0.5	FALSE	NA	NA	NA	NA	NA	NA
NC_045512.2	8363	A	C	34	16	25	1	1	28	0.0277778	36	0.5	FALSE	NA	NA	NA	NA	NA	NA
NC_045512.2	8364	A	G	31	17	25	2	2	31	0.0588235	34	0.246154	FALSE	NA	NA	NA	NA	NA	NA
NC_045512.2	8364	A	C	31	17	25	1	1	28	0.0294118	34	0.492308	FALSE	NA	NA	NA	NA	NA	NA
NC_045512.2	8365	T	C	35	18	26	1	1	29	0.027027	37	0.5	FALSE	NA	NA	NA	NA	NA	NA
NC_045512.2	8365	T	A	35	18	26	1	1	24	0.027027	37	0.5	FALSE	NA	NA	NA	NA	NA	NA
NC_045512.2	8366	G	A	36	19	26	1	1	28	0.027027	37	0.506849	FALSE	NA	NA	NA	NA	NA	NA
NC_045512.2	8367	C	T	36	18	26	1	1	28	0.0263158	38	0.5	FALSE	NA	NA	NA	NA	NA	NA
NC_045512.2	8367	C	A	36	18	26	1	1	28	0.0263158	38	0.5	FALSE	NA	NA	NA	NA	NA	NA
NC_045512.2	8368	G	C	36	18	26	2	2	26	0.0526316	38	0.253333	FALSE	NA	NA	NA	NA	NA	NA
NC_045512.2	8369	C	T	36	18	27	2	2	27	0.0526316	38	0.253333	FALSE	NA	NA	NA	NA	NA	NA
NC_045512.2	8370	A	T	35	17	27	1	1	24	0.0263158	38	0.493151	FALSE	NA	NA	NA	NA	NA	NA
NC_045512.2	8370	A	G	35	17	27	1	1	28	0.0263158	38	0.493151	FALSE	NA	NA	NA	NA	NA	NA
NC_045512.2	8370	A	C	35	17	27	1	1	27	0.0263158	38	0.493151	FALSE	NA	NA	NA	NA	NA	NA
NC_045512.2	8371	G	T	34	16	25	1	1	28	0.027027	37	0.492958	FALSE	NA	NA	NA	NA	NA	NA
NC_045512.2	8371	G	A	34	16	25	2	2	27	0.0540541	37	0.246479	FALSE	NA	NA	NA	NA	NA	NA
NC_045512.2	8372	G	T	35	18	25	1	1	27	0.027027	37	0.5	FALSE	NA	NA	NA	NA	NA	NA
NC_045512.2	8372	G	C	35	18	25	1	1	26	0.027027	37	0.5	FALSE	NA	NA	NA	NA	NA	NA
NC_045512.2	8373	T	G	35	17	27	1	1	28	0.0263158	38	0.493151	FALSE	NA	NA	NA	NA	NA	NA
NC_045512.2	8373	T	A	35	17	27	2	2	26	0.0526316	38	0.246575	FALSE	NA	NA	NA	NA	NA	NA
NC_045512.2	8374	A	T	34	17	27	3	3	25	0.0810811	37	0.124928	FALSE	NA	NA	NA	NA	NA	NA
NC_045512.2	8375	G	T	35	18	26	1	1	26	0.027027	37	0.5	FALSE	NA	NA	NA	NA	NA	NA
NC_045512.2	8375	G	A	35	18	26	1	1	27	0.027027	37	0.5	FALSE	NA	NA	NA	NA	NA	NA
NC_045512.2	8376	C	G	35	18	26	1	1	23	0.027027	37	0.5	FALSE	NA	NA	NA	NA	NA	NA
NC_045512.2	8376	C	A	35	18	26	1	1	21	0.027027	37	0.5	FALSE	NA	NA	NA	NA	NA	NA
NC_045512.2	8376	C	-A	35	18	26	7	0	20	0.189189	37	0.0102117	FALSE	NA	NA	NA	NA	NA	NA
NC_045512.2	8377	A	T	12	1	26	1	1	24	0.0714286	14	0.419355	FALSE	NA	NA	NA	NA	NA	NA
NC_045512.2	8377	A	C	12	1	26	1	0	29	0.0714286	14	0.419355	FALSE	NA	NA	NA	NA	NA	NA
NC_045512.2	8378	A	T	32	16	27	2	2	27	0.0588235	34	0.253731	FALSE	NA	NA	NA	NA	NA	NA
NC_045512.2	8379	A	G	33	17	27	4	4	28	0.108108	37	0.0606791	FALSE	NA	NA	NA	NA	NA	NA
NC_045512.2	8380	A	T	33	17	27	2	2	25	0.0540541	37	0.239437	FALSE	NA	NA	NA	NA	NA	NA
NC_045512.2	8380	A	C	33	17	27	2	2	28	0.0540541	37	0.239437	FALSE	NA	NA	NA	NA	NA	NA
NC_045512.2	8381	A	T	20	18	27	1	1	27	0.0384615	26	0.456522	FALSE	NA	NA	NA	NA	NA	NA
NC_045512.2	8381	A	G	20	18	27	5	4	29	0.192308	26	0.025076	FALSE	NA	NA	NA	NA	NA	NA
NC_045512.2	8382	G	T	33	17	26	1	1	24	0.025641	39	0.472222	FALSE	NA	NA	NA	NA	NA	NA
NC_045512.2	8382	G	C	33	17	26	4	4	29	0.102564	39	0.0543379	FALSE	NA	NA	NA	NA	NA	NA
NC_045512.2	8382	G	A	33	17	26	1	1	27	0.025641	39	0.472222	FALSE	NA	NA	NA	NA	NA	NA
NC_045512.2	8383	T	G	34	18	27	3	3	27	0.0769231	39	0.115068	FALSE	NA	NA	NA	NA	NA	NA
NC_045512.2	8383	T	C	34	18	27	1	1	28	0.025641	39	0.479452	FALSE	NA	NA	NA	NA	NA	NA
NC_045512.2	8383	T	A	34	18	27	1	1	28	0.025641	39	0.479452	FALSE	NA	NA	NA	NA	NA	NA
NC_045512.2	8384	C	T	35	19	27	2	2	28	0.0512821	39	0.24	FALSE	NA	NA	NA	NA	NA	NA
NC_045512.2	8384	C	G	35	19	27	2	2	26	0.0512821	39	0.24	FALSE	NA	NA	NA	NA	NA	NA
NC_045512.2	8385	A	G	34	18	27	5	5	27	0.125	40	0.0272727	FALSE	NA	NA	NA	NA	NA	NA
NC_045512.2	8385	A	C	34	18	27	1	1	31	0.025	40	0.472973	FALSE	NA	NA	NA	NA	NA	NA
NC_045512.2	8386	C	T	35	19	27	3	3	27	0.075	40	0.115325	FALSE	NA	NA	NA	NA	NA	NA
NC_045512.2	8386	C	G	35	19	27	1	1	27	0.025	40	0.48	FALSE	NA	NA	NA	NA	NA	NA
NC_045512.2	8386	C	A	35	19	27	1	1	29	0.025	40	0.48	FALSE	NA	NA	NA	NA	NA	NA
NC_045512.2	8387	A	T	33	17	26	2	2	29	0.0512821	39	0.226408	FALSE	NA	NA	NA	NA	NA	NA
NC_045512.2	8387	A	G	33	17	26	1	1	27	0.025641	39	0.472222	FALSE	NA	NA	NA	NA	NA	NA
NC_045512.2	8387	A	C	33	17	26	3	3	27	0.0769231	39	0.110144	FALSE	NA	NA	NA	NA	NA	NA
NC_045512.2	8388	A	G	36	20	25	3	3	27	0.075	40	0.12013	FALSE	NA	NA	NA	NA	NA	NA
NC_045512.2	8388	A	C	36	20	25	1	1	28	0.025	40	0.486842	FALSE	NA	NA	NA	NA	NA	NA
NC_045512.2	8389	C	T	34	18	27	4	4	25	0.1	40	0.0545455	FALSE	NA	NA	NA	NA	NA	NA
NC_045512.2	8389	C	G	34	18	27	1	1	28	0.025	40	0.472973	FALSE	NA	NA	NA	NA	NA	NA
NC_045512.2	8389	C	A	34	18	27	1	1	28	0.025	40	0.472973	FALSE	NA	NA	NA	NA	NA	NA
NC_045512.2	8389	C	-A	34	18	27	2	0	20	0.05	40	0.227027	FALSE	NA	NA	NA	NA	NA	NA
NC_045512.2	8390	A	T	35	20	27	3	3	27	0.0789474	38	0.12	FALSE	NA	NA	NA	NA	NA	NA
NC_045512.2	8391	T	G	35	19	25	1	1	26	0.0227273	44	0.455696	FALSE	NA	NA	NA	NA	NA	NA
NC_045512.2	8391	T	C	35	19	25	1	1	28	0.0227273	44	0.455696	FALSE	NA	NA	NA	NA	NA	NA
NC_045512.2	8391	T	A	35	19	25	7	7	22	0.159091	44	0.00546579	TRUE	NA	NA	NA	NA	NA	NA
NC_045512.2	8392	T	G	32	20	26	2	2	27	0.0465116	43	0.196842	FALSE	NA	NA	NA	NA	NA	NA
NC_045512.2	8392	T	A	32	20	26	9	9	26	0.209302	43	0.00106587	TRUE	NA	NA	NA	NA	NA	NA
NC_045512.2	8393	G	T	34	18	27	8	8	26	0.170213	47	0.00183628	TRUE	NA	NA	NA	NA	NA	NA
NC_045512.2	8393	G	C	34	18	27	1	1	28	0.0212766	47	0.432099	FALSE	NA	NA	NA	NA	NA	NA
NC_045512.2	8393	G	A	34	18	27	4	4	24	0.0851064	47	0.038256	FALSE	NA	NA	NA	NA	NA	NA
NC_045512.2	8394	C	T	34	18	27	2	2	28	0.0416667	48	0.185131	FALSE	NA	NA	NA	NA	NA	NA
NC_045512.2	8394	C	G	34	18	27	7	7	27	0.145833	48	0.00354139	TRUE	NA	NA	NA	NA	NA	NA
NC_045512.2	8394	C	A	34	18	27	5	5	24	0.104167	48	0.0165322	FALSE	NA	NA	NA	NA	NA	NA
NC_045512.2	8395	T	G	34	18	24	4	4	26	0.0888889	45	0.0422027	FALSE	NA	NA	NA	NA	NA	NA
NC_045512.2	8395	T	C	34	18	24	7	7	27	0.155556	45	0.00455483	TRUE	NA	NA	NA	NA	NA	NA
NC_045512.2	8396	T	G	36	20	28	10	10	27	0.208333	48	0.000504535	TRUE	NA	NA	NA	NA	NA	NA
NC_045512.2	8396	T	C	36	20	28	2	2	27	0.0416667	48	0.196919	FALSE	NA	NA	NA	NA	NA	NA
NC_045512.2	8397	T	G	31	18	25	2	2	27	0.0444444	45	0.180451	FALSE	NA	NA	NA	NA	NA	NA
NC_045512.2	8397	T	C	31	18	25	10	10	26	0.222222	45	0.000358275	TRUE	NA	NA	NA	NA	NA	NA
NC_045512.2	8397	T	A	31	18	25	2	2	23	0.0444444	45	0.180451	FALSE	NA	NA	NA	NA	NA	NA
NC_045512.2	8398	G	T	35	20	27	1	1	27	0.0212766	47	0.439024	FALSE	NA	NA	NA	NA	NA	NA
NC_045512.2	8398	G	C	35	20	27	2	2	30	0.0425532	47	0.19571	FALSE	NA	NA	NA	NA	NA	NA
NC_045512.2	8398	G	A	35	20	27	9	9	27	0.191489	47	0.00100379	TRUE	NA	NA	NA	NA	NA	NA
NC_045512.2	8399	A	T	34	19	27	2	2	29	0.0425532	47	0.189702	FALSE	NA	NA	NA	NA	NA	NA
NC_045512.2	8399	A	G	34	19	27	6	6	22	0.12766	47	0.00816407	TRUE	NA	NA	NA	NA	NA	NA
NC_045512.2	8399	A	C	34	19	27	5	5	27	0.106383	47	0.0175528	FALSE	NA	NA	NA	NA	NA	NA
NC_045512.2	8400	T	G	33	18	26	8	8	27	0.170213	47	0.00163516	TRUE	NA	NA	NA	NA	NA	NA
NC_045512.2	8400	T	A	33	18	26	6	6	26	0.12766	47	0.00745992	TRUE	NA	NA	NA	NA	NA	NA
NC_045512.2	8401	A	T	35	20	26	7	7	26	0.148936	47	0.00424967	TRUE	NA	NA	NA	NA	NA	NA
NC_045512.2	8401	A	G	35	20	26	4	4	24	0.0851064	47	0.0406221	FALSE	NA	NA	NA	NA	NA	NA
NC_045512.2	8401	A	C	35	20	26	1	1	27	0.0212766	47	0.439024	FALSE	NA	NA	NA	NA	NA	NA
NC_045512.2	8402	T	G	34	19	26	4	4	27	0.0851064	47	0.038256	FALSE	NA	NA	NA	NA	NA	NA
NC_045512.2	8402	T	C	34	19	26	2	2	27	0.0425532	47	0.189702	FALSE	NA	NA	NA	NA	NA	NA
NC_045512.2	8402	T	A	34	19	26	7	7	26	0.148936	47	0.00384744	TRUE	NA	NA	NA	NA	NA	NA
NC_045512.2	8403	G	T	32	17	25	6	6	27	0.146341	41	0.0107482	FALSE	NA	NA	NA	NA	NA	NA
NC_045512.2	8403	G	C	32	17	25	1	1	27	0.0243902	41	0.452055	FALSE	NA	NA	NA	NA	NA	NA
NC_045512.2	8403	G	A	32	17	25	2	2	27	0.0487805	41	0.207701	FALSE	NA	NA	NA	NA	NA	NA
NC_045512.2	8404	G	T	32	18	26	2	2	26	0.0434783	46	0.182084	FALSE	NA	NA	NA	NA	NA	NA
NC_045512.2	8404	G	C	32	18	26	6	6	26	0.130435	46	0.00731409	TRUE	NA	NA	NA	NA	NA	NA
NC_045512.2	8404	G	A	32	18	26	6	6	27	0.130435	46	0.00731409	TRUE	NA	NA	NA	NA	NA	NA
NC_045512.2	8405	A	T	33	18	24	2	2	27	0.047619	42	0.208772	FALSE	NA	NA	NA	NA	NA	NA
NC_045512.2	8405	A	G	33	18	24	6	6	27	0.142857	42	0.0108573	FALSE	NA	NA	NA	NA	NA	NA
NC_045512.2	8405	A	C	33	18	24	1	1	28	0.0238095	42	0.453333	FALSE	NA	NA	NA	NA	NA	NA
NC_045512.2	8406	A	T	41	26	25	1	1	25	0.0208333	48	0.47191	FALSE	NA	NA	NA	NA	NA	NA
NC_045512.2	8406	A	G	41	26	25	2	2	28	0.0416667	48	0.225468	FALSE	NA	NA	NA	NA	NA	NA
NC_045512.2	8406	A	C	41	26	25	4	4	26	0.0833333	48	0.0533238	FALSE	NA	NA	NA	NA	NA	NA
NC_045512.2	8406	A	-C	41	26	25	1	0	20	0.0208333	48	0.47191	FALSE	NA	NA	NA	NA	NA	NA
NC_045512.2	8407	C	T	34	19	27	3	3	26	0.0652174	46	0.0845659	FALSE	NA	NA	NA	NA	NA	NA
NC_045512.2	8407	C	G	34	19	27	2	2	27	0.0434783	46	0.189702	FALSE	NA	NA	NA	NA	NA	NA
NC_045512.2	8407	C	A	34	19	27	7	7	26	0.152174	46	0.00384744	TRUE	NA	NA	NA	NA	NA	NA
NC_045512.2	8408	G	C	35	20	26	2	2	27	0.0408163	49	0.186555	FALSE	NA	NA	NA	NA	NA	NA
NC_045512.2	8408	G	A	35	20	26	12	12	26	0.244898	49	9.55961e-05	TRUE	NA	NA	NA	NA	NA	NA
NC_045512.2	8409	T	G	29	14	25	3	3	27	0.0652174	46	0.0678059	FALSE	NA	NA	NA	NA	NA	NA
NC_045512.2	8409	T	C	29	14	25	3	3	27	0.0652174	46	0.0678059	FALSE	NA	NA	NA	NA	NA	NA
NC_045512.2	8409	T	A	29	14	25	11	11	27	0.23913	46	0.000108356	TRUE	NA	NA	NA	NA	NA	NA
NC_045512.2	8410	T	G	34	21	25	10	10	26	0.204082	49	0.000344109	TRUE	NA	NA	NA	NA	NA	NA
NC_045512.2	8410	T	C	34	21	25	2	2	27	0.0408163	49	0.180723	FALSE	NA	NA	NA	NA	NA	NA
NC_045512.2	8410	T	A	34	21	25	3	3	29	0.0612245	49	0.0786676	FALSE	NA	NA	NA	NA	NA	NA
NC_045512.2	8410	T	-A	34	21	25	1	0	20	0.0204082	49	0.421687	FALSE	NA	NA	NA	NA	NA	NA
NC_045512.2	8411	A	T	31	16	24	7	7	27	0.152174	46	0.00303962	TRUE	NA	NA	NA	NA	NA	NA
NC_045512.2	8411	A	G	31	16	24	4	4	27	0.0869565	46	0.0331061	FALSE	NA	NA	NA	NA	NA	NA
NC_045512.2	8411	A	C	31	16	24	4	4	27	0.0869565	46	0.0331061	FALSE	NA	NA	NA	NA	NA	NA
NC_045512.2	8412	A	T	36	21	28	1	1	28	0.0196078	51	0.425287	FALSE	NA	NA	NA	NA	NA	NA
NC_045512.2	8412	A	G	36	21	28	5	5	26	0.0980392	51	0.0161145	FALSE	NA	NA	NA	NA	NA	NA
NC_045512.2	8412	A	C	36	21	28	9	9	27	0.176471	51	0.000754186	TRUE	NA	NA	NA	NA	NA	NA
NC_045512.2	8413	A	T	38	25	25	5	5	29	0.1	50	0.0195741	FALSE	NA	NA	NA	NA	NA	NA
NC_045512.2	8413	A	G	38	25	25	4	4	26	0.08	50	0.0418795	FALSE	NA	NA	NA	NA	NA	NA
NC_045512.2	8413	A	C	38	25	25	3	3	24	0.06	50	0.0907388	FALSE	NA	NA	NA	NA	NA	NA
NC_045512.2	8414	G	T	34	19	27	2	2	26	0.0384615	52	0.168404	FALSE	NA	NA	NA	NA	NA	NA
NC_045512.2	8414	G	C	34	19	27	12	12	27	0.230769	52	5.4584e-05	TRUE	NA	NA	NA	NA	NA	NA
NC_045512.2	8414	G	A	34	19	27	4	4	28	0.0769231	52	0.0302319	FALSE	NA	NA	NA	NA	NA	NA
NC_045512.2	8415	A	T	45	30	27	5	5	27	0.0961538	52	0.0267491	FALSE	NA	NA	NA	NA	NA	NA
NC_045512.2	8415	A	G	45	30	27	1	1	27	0.0192308	52	0.474227	FALSE	NA	NA	NA	NA	NA	NA
NC_045512.2	8415	A	C	45	30	27	1	1	29	0.0192308	52	0.474227	FALSE	NA	NA	NA	NA	NA	NA
NC_045512.2	8416	T	G	33	18	24	4	4	25	0.08	50	0.0311011	FALSE	NA	NA	NA	NA	NA	NA
NC_045512.2	8416	T	C	33	18	24	4	4	27	0.08	50	0.0311011	FALSE	NA	NA	NA	NA	NA	NA
NC_045512.2	8416	T	A	33	18	24	9	9	28	0.18	50	0.000568908	TRUE	NA	NA	NA	NA	NA	NA
NC_045512.2	8417	T	G	35	20	28	3	3	28	0.0576923	52	0.0742841	FALSE	NA	NA	NA	NA	NA	NA
NC_045512.2	8417	T	C	35	20	28	8	8	28	0.153846	52	0.00130269	TRUE	NA	NA	NA	NA	NA	NA
NC_045512.2	8417	T	A	35	20	28	6	6	25	0.115385	52	0.00630569	TRUE	NA	NA	NA	NA	NA	NA
NC_045512.2	8417	T	-T	35	20	28	1	0	20	0.0192308	52	0.413793	FALSE	NA	NA	NA	NA	NA	NA
NC_045512.2	8418	T	C	32	19	25	3	3	29	0.0612245	49	0.0686894	FALSE	NA	NA	NA	NA	NA	NA
NC_045512.2	8418	T	A	32	19	25	14	14	27	0.285714	49	1.17358e-05	TRUE	NA	NA	NA	NA	NA	NA
NC_045512.2	8419	C	T	35	20	27	8	8	24	0.156863	51	0.00142387	TRUE	NA	NA	NA	NA	NA	NA
NC_045512.2	8419	C	A	35	20	27	8	8	27	0.156863	51	0.00142387	TRUE	NA	NA	NA	NA	NA	NA
NC_045512.2	8420	A	T	38	23	27	9	9	26	0.173077	52	0.000865908	TRUE	NA	NA	NA	NA	NA	NA
NC_045512.2	8420	A	G	38	23	27	2	2	25	0.0384615	52	0.190476	FALSE	NA	NA	NA	NA	NA	NA
NC_045512.2	8420	A	C	38	23	27	3	3	27	0.0576923	52	0.0848861	FALSE	NA	NA	NA	NA	NA	NA
NC_045512.2	8421	T	G	36	22	26	8	8	26	0.156863	51	0.00159217	TRUE	NA	NA	NA	NA	NA	NA
NC_045512.2	8421	T	C	36	22	26	3	2	25	0.0588235	51	0.0804744	FALSE	NA	NA	NA	NA	NA	NA
NC_045512.2	8421	T	A	36	22	26	4	4	26	0.0784314	51	0.0357664	FALSE	NA	NA	NA	NA	NA	NA
NC_045512.2	8422	G	T	34	19	26	5	5	26	0.0980392	51	0.0138711	FALSE	NA	NA	NA	NA	NA	NA
NC_045512.2	8422	G	C	34	19	26	7	7	24	0.137255	51	0.00277761	TRUE	NA	NA	NA	NA	NA	NA
NC_045512.2	8422	G	A	34	19	26	5	5	27	0.0980392	51	0.0138711	FALSE	NA	NA	NA	NA	NA	NA
NC_045512.2	8423	T	G	37	22	25	5	5	28	0.102041	49	0.0193557	FALSE	NA	NA	NA	NA	NA	NA
NC_045512.2	8423	T	C	37	22	25	3	3	26	0.0612245	49	0.0900343	FALSE	NA	NA	NA	NA	NA	NA
NC_045512.2	8423	T	A	37	22	25	4	4	27	0.0816327	49	0.0414765	FALSE	NA	NA	NA	NA	NA	NA
NC_045512.2	8424	C	T	36	21	26	9	9	27	0.173077	52	0.000683481	TRUE	NA	NA	NA	NA	NA	NA
NC_045512.2	8424	C	G	36	21	26	2	2	26	0.0384615	52	0.17952	FALSE	NA	NA	NA	NA	NA	NA
NC_045512.2	8424	C	A	36	21	26	5	5	26	0.0961538	52	0.0152388	FALSE	NA	NA	NA	NA	NA	NA
NC_045512.2	8425	A	T	34	20	26	12	12	26	0.244898	49	8.14809e-05	TRUE	NA	NA	NA	NA	NA	NA
NC_045512.2	8425	A	G	34	20	26	2	2	24	0.0408163	49	0.180723	FALSE	NA	NA	NA	NA	NA	NA
NC_045512.2	8425	A	C	34	20	26	1	1	29	0.0204082	49	0.421687	FALSE	NA	NA	NA	NA	NA	NA
NC_045512.2	8426	T	G	33	19	25	9	9	26	0.195652	46	0.000869326	TRUE	NA	NA	NA	NA	NA	NA
NC_045512.2	8426	T	C	33	19	25	1	1	27	0.0217391	46	0.43038	FALSE	NA	NA	NA	NA	NA	NA
NC_045512.2	8426	T	A	33	19	25	3	3	25	0.0652174	46	0.083685	FALSE	NA	NA	NA	NA	NA	NA
NC_045512.2	8427	T	G	33	21	25	6	6	27	0.12766	47	0.00745992	TRUE	NA	NA	NA	NA	NA	NA
NC_045512.2	8427	T	C	33	21	25	2	2	25	0.0425532	47	0.183642	FALSE	NA	NA	NA	NA	NA	NA
NC_045512.2	8427	T	A	33	21	25	6	6	26	0.12766	47	0.00745992	TRUE	NA	NA	NA	NA	NA	NA
NC_045512.2	8428	G	T	35	21	26	8	8	26	0.163265	49	0.00170625	TRUE	NA	NA	NA	NA	NA	NA
NC_045512.2	8428	G	C	35	21	26	2	2	25	0.0408163	49	0.186555	FALSE	NA	NA	NA	NA	NA	NA
NC_045512.2	8428	G	A	35	21	26	4	4	25	0.0816327	49	0.0369519	FALSE	NA	NA	NA	NA	NA	NA
NC_045512.2	8429	T	G	31	18	26	1	1	26	0.0212766	47	0.410256	FALSE	NA	NA	NA	NA	NA	NA
NC_045512.2	8429	T	C	31	18	26	3	2	27	0.0638298	47	0.0728335	FALSE	NA	NA	NA	NA	NA	NA
NC_045512.2	8429	T	A	31	18	26	12	12	26	0.255319	47	6.46171e-05	TRUE	NA	NA	NA	NA	NA	NA
NC_045512.2	8430	C	T	33	19	26	11	11	26	0.22449	49	0.000142679	TRUE	NA	NA	NA	NA	NA	NA
NC_045512.2	8430	C	G	33	19	26	2	2	25	0.0408163	49	0.174846	FALSE	NA	NA	NA	NA	NA	NA
NC_045512.2	8430	C	A	33	19	26	3	3	27	0.0612245	49	0.0749339	FALSE	NA	NA	NA	NA	NA	NA
NC_045512.2	8431	T	G	34	20	26	6	6	23	0.130435	46	0.00877638	TRUE	NA	NA	NA	NA	NA	NA
NC_045512.2	8431	T	C	34	20	26	2	2	27	0.0434783	46	0.194444	FALSE	NA	NA	NA	NA	NA	NA
NC_045512.2	8431	T	A	34	20	26	4	4	26	0.0869565	46	0.0401688	FALSE	NA	NA	NA	NA	NA	NA
NC_045512.2	8432	G	T	39	25	26	5	5	26	0.106383	47	0.0247105	FALSE	NA	NA	NA	NA	NA	NA
NC_045512.2	8432	G	C	39	25	26	1	1	25	0.0212766	47	0.465116	FALSE	NA	NA	NA	NA	NA	NA
NC_045512.2	8432	G	A	39	25	26	2	2	29	0.0425532	47	0.219193	FALSE	NA	NA	NA	NA	NA	NA
NC_045512.2	8433	A	T	34	20	25	2	2	28	0.0512821	39	0.233247	FALSE	NA	NA	NA	NA	NA	NA
NC_045512.2	8433	A	G	34	20	25	3	3	24	0.0769231	39	0.115068	FALSE	NA	NA	NA	NA	NA	NA
NC_045512.2	8434	A	T	41	27	25	2	2	27	0.0408163	49	0.220513	FALSE	NA	NA	NA	NA	NA	NA
NC_045512.2	8434	A	G	41	27	25	5	5	27	0.102041	49	0.0249723	FALSE	NA	NA	NA	NA	NA	NA
NC_045512.2	8434	A	C	41	27	25	1	1	29	0.0204082	49	0.466667	FALSE	NA	NA	NA	NA	NA	NA
NC_045512.2	8435	C	G	39	25	26	2	2	24	0.0416667	48	0.214211	FALSE	NA	NA	NA	NA	NA	NA
NC_045512.2	8435	C	A	39	25	26	7	7	25	0.145833	48	0.00564986	TRUE	NA	NA	NA	NA	NA	NA
NC_045512.2	8436	A	T	35	21	25	4	4	24	0.0833333	48	0.0387327	FALSE	NA	NA	NA	NA	NA	NA
NC_045512.2	8436	A	G	35	21	25	7	7	26	0.145833	48	0.00391542	TRUE	NA	NA	NA	NA	NA	NA
NC_045512.2	8436	A	C	35	21	25	2	2	25	0.0416667	48	0.19105	FALSE	NA	NA	NA	NA	NA	NA
NC_045512.2	8437	A	T	32	18	25	8	8	25	0.170213	47	0.00144938	TRUE	NA	NA	NA	NA	NA	NA
NC_045512.2	8437	A	G	32	18	25	3	3	26	0.0638298	47	0.0767112	FALSE	NA	NA	NA	NA	NA	NA
NC_045512.2	8437	A	C	32	18	25	4	4	25	0.0851064	47	0.0336781	FALSE	NA	NA	NA	NA	NA	NA
NC_045512.2	8438	C	T	32	18	27	9	9	27	0.183673	49	0.000551178	TRUE	NA	NA	NA	NA	NA	NA
NC_045512.2	8438	C	G	32	18	27	5	5	27	0.102041	49	0.0132889	FALSE	NA	NA	NA	NA	NA	NA
NC_045512.2	8438	C	A	32	18	27	3	3	26	0.0612245	49	0.0712334	FALSE	NA	NA	NA	NA	NA	NA
NC_045512.2	8439	T	G	35	21	26	1	1	28	0.0212766	47	0.439024	FALSE	NA	NA	NA	NA	NA	NA
NC_045512.2	8439	T	C	35	21	26	2	2	28	0.0425532	47	0.19571	FALSE	NA	NA	NA	NA	NA	NA
NC_045512.2	8439	T	A	35	21	26	9	9	23	0.191489	47	0.00100379	TRUE	NA	NA	NA	NA	NA	NA
NC_045512.2	8440	A	T	43	29	26	5	5	24	0.102041	49	0.0280136	FALSE	NA	NA	NA	NA	NA	NA
NC_045512.2	8440	A	C	43	29	26	1	1	29	0.0204082	49	0.478261	FALSE	NA	NA	NA	NA	NA	NA
NC_045512.2	8441	C	T	33	19	26	2	2	28	0.0425532	47	0.183642	FALSE	NA	NA	NA	NA	NA	NA
NC_045512.2	8441	C	G	33	19	26	2	2	26	0.0425532	47	0.183642	FALSE	NA	NA	NA	NA	NA	NA
NC_045512.2	8441	C	A	33	19	26	10	10	26	0.212766	47	0.000377056	TRUE	NA	NA	NA	NA	NA	NA
NC_045512.2	8442	G	T	39	25	27	3	3	26	0.0612245	49	0.0977188	FALSE	NA	NA	NA	NA	NA	NA
NC_045512.2	8442	G	A	39	25	27	7	7	27	0.142857	49	0.00522913	TRUE	NA	NA	NA	NA	NA	NA
NC_045512.2	8442	G	+A	39	25	27	1	0	20	0.0204082	49	0.454545	FALSE	NA	NA	NA	NA	NA	NA
NC_045512.2	8443	A	T	33	19	25	3	3	27	0.0731707	41	0.101565	FALSE	NA	NA	NA	NA	NA	NA
NC_045512.2	8443	A	G	33	19	25	2	2	25	0.0487805	41	0.214414	FALSE	NA	NA	NA	NA	NA	NA
NC_045512.2	8443	A	C	33	19	25	3	3	27	0.0731707	41	0.101565	FALSE	NA	NA	NA	NA	NA	NA
NC_045512.2	8444	A	T	35	21	27	7	7	22	0.145833	48	0.00391542	TRUE	NA	NA	NA	NA	NA	NA
NC_045512.2	8444	A	G	35	21	27	4	4	26	0.0833333	48	0.0387327	FALSE	NA	NA	NA	NA	NA	NA
NC_045512.2	8444	A	C	35	21	27	2	2	31	0.0416667	48	0.19105	FALSE	NA	NA	NA	NA	NA	NA
NC_045512.2	8445	A	T	37	23	27	8	8	27	0.166667	48	0.00231576	TRUE	NA	NA	NA	NA	NA	NA
NC_045512.2	8445	A	G	37	23	27	2	2	27	0.0416667	48	0.202736	FALSE	NA	NA	NA	NA	NA	NA
NC_045512.2	8445	A	C	37	23	27	1	1	28	0.0208333	48	0.447059	FALSE	NA	NA	NA	NA	NA	NA
NC_045512.2	8446	A	T	30	22	25	12	12	25	0.27907	43	9.78656e-05	TRUE	NA	NA	NA	NA	NA	NA
NC_045512.2	8446	A	C	30	22	25	1	1	28	0.0232558	43	0.424658	FALSE	NA	NA	NA	NA	NA	NA
NC_045512.2	8447	C	T	37	23	26	6	6	28	0.122449	49	0.00914609	TRUE	NA	NA	NA	NA	NA	NA
NC_045512.2	8447	C	G	37	23	26	1	1	27	0.0204082	49	0.44186	FALSE	NA	NA	NA	NA	NA	NA
NC_045512.2	8447	C	A	37	23	26	5	5	27	0.102041	49	0.0193557	FALSE	NA	NA	NA	NA	NA	NA
NC_045512.2	8448	A	T	36	22	25	3	3	26	0.0638298	47	0.0925281	FALSE	NA	NA	NA	NA	NA	NA
NC_045512.2	8448	A	G	36	22	25	3	3	26	0.0638298	47	0.0925281	FALSE	NA	NA	NA	NA	NA	NA
NC_045512.2	8448	A	C	36	22	25	5	5	27	0.106383	47	0.0202815	FALSE	NA	NA	NA	NA	NA	NA
NC_045512.2	8449	A	T	35	21	27	6	6	25	0.125	48	0.00829697	TRUE	NA	NA	NA	NA	NA	NA
NC_045512.2	8449	A	G	35	21	27	2	2	27	0.0416667	48	0.19105	FALSE	NA	NA	NA	NA	NA	NA
NC_045512.2	8449	A	C	35	21	27	5	5	26	0.104167	48	0.0178081	FALSE	NA	NA	NA	NA	NA	NA
NC_045512.2	8450	A	T	34	23	25	6	6	24	0.130435	46	0.00877638	TRUE	NA	NA	NA	NA	NA	NA
NC_045512.2	8450	A	G	34	23	25	6	6	24	0.130435	46	0.00877638	TRUE	NA	NA	NA	NA	NA	NA
NC_045512.2	8451	T	G	46	32	26	1	1	26	0.0204082	49	0.494737	FALSE	NA	NA	NA	NA	NA	NA
NC_045512.2	8451	T	C	46	32	26	1	1	28	0.0204082	49	0.494737	FALSE	NA	NA	NA	NA	NA	NA
NC_045512.2	8451	T	A	46	32	26	1	1	26	0.0204082	49	0.494737	FALSE	NA	NA	NA	NA	NA	NA
NC_045512.2	8452	A	T	32	18	27	5	5	27	0.102041	49	0.0132889	FALSE	NA	NA	NA	NA	NA	NA
NC_045512.2	8452	A	G	32	18	27	5	5	28	0.102041	49	0.0132889	FALSE	NA	NA	NA	NA	NA	NA
NC_045512.2	8452	A	C	32	18	27	7	7	25	0.142857	49	0.00263221	TRUE	NA	NA	NA	NA	NA	NA
NC_045512.2	8453	C	T	34	20	27	3	3	29	0.0612245	49	0.0786676	FALSE	NA	NA	NA	NA	NA	NA
NC_045512.2	8453	C	G	34	20	27	3	3	28	0.0612245	49	0.0786676	FALSE	NA	NA	NA	NA	NA	NA
NC_045512.2	8453	C	A	34	20	27	9	9	27	0.183673	49	0.000719501	TRUE	NA	NA	NA	NA	NA	NA
NC_045512.2	8454	G	T	30	17	27	8	8	23	0.166667	48	0.00101619	TRUE	NA	NA	NA	NA	NA	NA
NC_045512.2	8454	G	C	30	17	27	5	5	28	0.104167	48	0.0118977	FALSE	NA	NA	NA	NA	NA	NA
NC_045512.2	8454	G	A	30	17	27	5	4	26	0.104167	48	0.0118977	FALSE	NA	NA	NA	NA	NA	NA
NC_045512.2	8455	T	G	43	29	27	2	2	27	0.0408163	49	0.231417	FALSE	NA	NA	NA	NA	NA	NA
NC_045512.2	8455	T	A	43	29	27	4	4	27	0.0816327	49	0.0560272	FALSE	NA	NA	NA	NA	NA	NA
NC_045512.2	8456	A	T	35	21	26	7	7	26	0.142857	49	0.00361089	TRUE	NA	NA	NA	NA	NA	NA
NC_045512.2	8456	A	G	35	21	26	7	7	26	0.142857	49	0.00361089	TRUE	NA	NA	NA	NA	NA	NA
NC_045512.2	8457	G	T	33	19	27	12	12	27	0.255319	47	9.11563e-05	TRUE	NA	NA	NA	NA	NA	NA
NC_045512.2	8457	G	A	33	19	27	2	2	27	0.0425532	47	0.183642	FALSE	NA	NA	NA	NA	NA	NA
NC_045512.2	8458	T	G	33	19	27	6	6	26	0.122449	49	0.00646088	TRUE	NA	NA	NA	NA	NA	NA
NC_045512.2	8458	T	C	33	19	27	7	7	27	0.142857	49	0.00293676	TRUE	NA	NA	NA	NA	NA	NA
NC_045512.2	8458	T	A	33	19	27	3	3	28	0.0612245	49	0.0749339	FALSE	NA	NA	NA	NA	NA	NA
NC_045512.2	8459	G	T	33	19	27	11	11	25	0.229167	48	0.000162056	TRUE	NA	NA	NA	NA	NA	NA
NC_045512.2	8459	G	C	33	19	27	1	1	28	0.0208333	48	0.419753	FALSE	NA	NA	NA	NA	NA	NA
NC_045512.2	8459	G	A	33	19	27	3	3	28	0.0625	48	0.0777092	FALSE	NA	NA	NA	NA	NA	NA
NC_045512.2	8460	C	T	36	22	27	3	3	26	0.0612245	49	0.086221	FALSE	NA	NA	NA	NA	NA	NA
NC_045512.2	8460	C	G	36	22	27	6	6	25	0.122449	49	0.00842541	TRUE	NA	NA	NA	NA	NA	NA
NC_045512.2	8460	C	A	36	22	27	4	4	25	0.0816327	49	0.0391914	FALSE	NA	NA	NA	NA	NA	NA
NC_045512.2	8461	T	G	35	22	27	1	1	27	0.0217391	46	0.444444	FALSE	NA	NA	NA	NA	NA	NA
NC_045512.2	8461	T	C	35	22	27	2	2	25	0.0434783	46	0.200542	FALSE	NA	NA	NA	NA	NA	NA
NC_045512.2	8461	T	A	35	22	27	8	7	24	0.173913	46	0.002256	TRUE	NA	NA	NA	NA	NA	NA
NC_045512.2	8462	G	T	38	22	27	3	3	27	0.06	50	0.0907388	FALSE	NA	NA	NA	NA	NA	NA
NC_045512.2	8462	G	C	38	22	27	1	1	29	0.02	50	0.443182	FALSE	NA	NA	NA	NA	NA	NA
NC_045512.2	8462	G	A	38	22	27	8	8	26	0.16	50	0.0021467	TRUE	NA	NA	NA	NA	NA	NA
NC_045512.2	8463	C	T	39	23	27	2	2	27	0.0425532	47	0.219193	FALSE	NA	NA	NA	NA	NA	NA
NC_045512.2	8463	C	G	39	23	27	3	3	26	0.0638298	47	0.104615	FALSE	NA	NA	NA	NA	NA	NA
NC_045512.2	8463	C	A	39	23	27	3	3	24	0.0638298	47	0.104615	FALSE	NA	NA	NA	NA	NA	NA
NC_045512.2	8464	T	G	37	21	26	1	1	27	0.0208333	48	0.447059	FALSE	NA	NA	NA	NA	NA	NA
NC_045512.2	8464	T	C	37	21	26	3	3	26	0.0625	48	0.0932119	FALSE	NA	NA	NA	NA	NA	NA
NC_045512.2	8464	T	A	37	21	26	7	7	24	0.145833	48	0.00473445	TRUE	NA	NA	NA	NA	NA	NA
NC_045512.2	8464	T	-A	37	21	26	1	0	20	0.0208333	48	0.447059	FALSE	NA	NA	NA	NA	NA	NA
NC_045512.2	8464	T	+A	37	21	26	1	0	20	0.0208333	48	0.447059	FALSE	NA	NA	NA	NA	NA	NA
NC_045512.2	8465	A	T	27	12	25	2	2	25	0.0606061	33	0.214701	FALSE	NA	NA	NA	NA	NA	NA
NC_045512.2	8465	A	C	27	12	25	4	4	26	0.121212	33	0.0495219	FALSE	NA	NA	NA	NA	NA	NA
NC_045512.2	8466	A	T	32	24	27	1	1	28	0.0238095	42	0.445946	FALSE	NA	NA	NA	NA	NA	NA
NC_045512.2	8466	A	G	32	24	27	1	1	24	0.0238095	42	0.445946	FALSE	NA	NA	NA	NA	NA	NA
NC_045512.2	8466	A	C	32	24	27	8	8	26	0.190476	42	0.002391	TRUE	NA	NA	NA	NA	NA	NA
NC_045512.2	8467	A	T	31	23	27	7	7	24	0.162791	43	0.00397274	TRUE	NA	NA	NA	NA	NA	NA
NC_045512.2	8467	A	G	31	23	27	3	3	27	0.0697674	43	0.0851209	FALSE	NA	NA	NA	NA	NA	NA
NC_045512.2	8467	A	C	31	23	27	2	2	25	0.0465116	43	0.19027	FALSE	NA	NA	NA	NA	NA	NA
NC_045512.2	8468	A	T	33	25	27	5	5	26	0.116279	43	0.0208794	FALSE	NA	NA	NA	NA	NA	NA
NC_045512.2	8468	A	G	33	25	27	2	2	25	0.0465116	43	0.203349	FALSE	NA	NA	NA	NA	NA	NA
NC_045512.2	8468	A	C	33	25	27	3	3	27	0.0697674	43	0.0938535	FALSE	NA	NA	NA	NA	NA	NA
NC_045512.2	8469	A	T	20	20	27	4	4	27	0.117647	34	0.0269006	FALSE	NA	NA	NA	NA	NA	NA
NC_045512.2	8469	A	G	20	20	27	2	2	29	0.0588235	34	0.155556	FALSE	NA	NA	NA	NA	NA	NA
NC_045512.2	8469	A	C	20	20	27	8	8	26	0.235294	34	0.00105545	TRUE	NA	NA	NA	NA	NA	NA
NC_045512.2	8470	G	T	32	24	27	3	3	24	0.0714286	42	0.093101	FALSE	NA	NA	NA	NA	NA	NA
NC_045512.2	8470	G	C	32	24	27	1	1	27	0.0238095	42	0.445946	FALSE	NA	NA	NA	NA	NA	NA
NC_045512.2	8470	G	A	32	24	27	6	6	26	0.142857	42	0.00993184	TRUE	NA	NA	NA	NA	NA	NA
NC_045512.2	8471	A	T	29	21	25	4	4	24	0.105263	38	0.0446289	FALSE	NA	NA	NA	NA	NA	NA
NC_045512.2	8471	A	G	29	21	25	1	1	28	0.0263158	38	0.447761	FALSE	NA	NA	NA	NA	NA	NA
NC_045512.2	8471	A	C	29	21	25	4	4	28	0.105263	38	0.0446289	FALSE	NA	NA	NA	NA	NA	NA
NC_045512.2	8472	A	T	34	26	26	4	4	27	0.0930233	43	0.0466717	FALSE	NA	NA	NA	NA	NA	NA
NC_045512.2	8472	A	G	34	26	26	4	4	27	0.0930233	43	0.0466717	FALSE	NA	NA	NA	NA	NA	NA
NC_045512.2	8472	A	C	34	26	26	1	1	29	0.0232558	43	0.454545	FALSE	NA	NA	NA	NA	NA	NA
NC_045512.2	8473	T	G	27	19	27	3	3	27	0.0731707	41	0.0741688	FALSE	NA	NA	NA	NA	NA	NA
NC_045512.2	8473	T	C	27	19	27	2	2	24	0.0487805	41	0.173061	FALSE	NA	NA	NA	NA	NA	NA
NC_045512.2	8473	T	A	27	19	27	9	9	27	0.219512	41	0.000660809	TRUE	NA	NA	NA	NA	NA	NA
NC_045512.2	8473	T	-A	27	19	27	1	0	20	0.0243902	41	0.411765	FALSE	NA	NA	NA	NA	NA	NA
NC_045512.2	8474	A	T	38	31	25	2	2	27	0.047619	42	0.234869	FALSE	NA	NA	NA	NA	NA	NA
NC_045512.2	8474	A	G	38	31	25	1	1	27	0.0238095	42	0.481481	FALSE	NA	NA	NA	NA	NA	NA
NC_045512.2	8474	A	C	38	31	25	1	1	27	0.0238095	42	0.481481	FALSE	NA	NA	NA	NA	NA	NA
NC_045512.2	8475	A	T	31	24	26	1	1	23	0.0243902	41	0.444444	FALSE	NA	NA	NA	NA	NA	NA
NC_045512.2	8475	A	G	31	24	26	1	1	27	0.0243902	41	0.444444	FALSE	NA	NA	NA	NA	NA	NA
NC_045512.2	8475	A	C	31	24	26	8	8	27	0.195122	41	0.00235825	TRUE	NA	NA	NA	NA	NA	NA
NC_045512.2	8476	C	T	28	20	27	4	4	26	0.097561	41	0.0349537	FALSE	NA	NA	NA	NA	NA	NA
NC_045512.2	8476	C	G	28	20	27	2	2	27	0.0487805	41	0.180124	FALSE	NA	NA	NA	NA	NA	NA
NC_045512.2	8476	C	A	28	20	27	7	7	24	0.170732	41	0.00338796	TRUE	NA	NA	NA	NA	NA	NA
NC_045512.2	8477	T	G	29	21	25	2	2	27	0.047619	42	0.181925	FALSE	NA	NA	NA	NA	NA	NA
NC_045512.2	8477	T	C	29	21	25	3	3	28	0.0714286	42	0.0797479	FALSE	NA	NA	NA	NA	NA	NA
NC_045512.2	8477	T	A	29	21	25	8	8	26	0.190476	42	0.00164662	TRUE	NA	NA	NA	NA	NA	NA
NC_045512.2	8478	T	C	26	19	26	2	2	26	0.0487805	41	0.165935	FALSE	NA	NA	NA	NA	NA	NA
NC_045512.2	8478	T	A	26	19	26	13	13	26	0.317073	41	3.07753e-05	TRUE	NA	NA	NA	NA	NA	NA
NC_045512.2	8479	A	T	34	26	27	6	6	27	0.139535	43	0.0109617	FALSE	NA	NA	NA	NA	NA	NA
NC_045512.2	8479	A	C	34	26	27	3	3	27	0.0697674	43	0.0982562	FALSE	NA	NA	NA	NA	NA	NA
NC_045512.2	8480	C	T	24	16	25	3	3	28	0.075	40	0.0639205	FALSE	NA	NA	NA	NA	NA	NA
NC_045512.2	8480	C	A	24	16	25	13	13	27	0.325	40	2.33261e-05	TRUE	NA	NA	NA	NA	NA	NA
NC_045512.2	8481	C	T	27	24	27	6	6	25	0.157895	38	0.00844724	TRUE	NA	NA	NA	NA	NA	NA
NC_045512.2	8481	C	G	27	24	27	1	1	29	0.0263158	38	0.430769	FALSE	NA	NA	NA	NA	NA	NA
NC_045512.2	8481	C	A	27	24	27	4	4	25	0.105263	38	0.0386365	FALSE	NA	NA	NA	NA	NA	NA
NC_045512.2	8481	C	-T	27	24	27	3	0	20	0.0789474	38	0.0847511	FALSE	NA	NA	NA	NA	NA	NA
NC_045512.2	8482	T	G	19	17	22	8	8	26	0.228571	35	0.000439847	TRUE	NA	NA	NA	NA	NA	NA
NC_045512.2	8482	T	C	19	17	22	2	2	27	0.0571429	35	0.122735	FALSE	NA	NA	NA	NA	NA	NA
NC_045512.2	8482	T	A	19	17	22	6	6	25	0.171429	35	0.0026065	TRUE	NA	NA	NA	NA	NA	NA
NC_045512.2	8483	T	G	30	24	28	4	4	26	0.1	40	0.0426082	FALSE	NA	NA	NA	NA	NA	NA
NC_045512.2	8483	T	C	30	24	28	5	5	27	0.125	40	0.0201525	FALSE	NA	NA	NA	NA	NA	NA
NC_045512.2	8483	T	A	30	24	28	1	1	28	0.025	40	0.442857	FALSE	NA	NA	NA	NA	NA	NA
NC_045512.2	8484	T	G	26	20	28	3	3	27	0.075	40	0.0729108	FALSE	NA	NA	NA	NA	NA	NA
NC_045512.2	8484	T	C	26	20	28	2	2	27	0.05	40	0.170963	FALSE	NA	NA	NA	NA	NA	NA
NC_045512.2	8484	T	A	26	20	28	9	9	25	0.225	40	0.000638842	TRUE	NA	NA	NA	NA	NA	NA
NC_045512.2	8485	T	G	26	23	27	6	6	25	0.157895	38	0.00755932	TRUE	NA	NA	NA	NA	NA	NA
NC_045512.2	8485	T	C	26	23	27	1	1	29	0.0263158	38	0.421875	FALSE	NA	NA	NA	NA	NA	NA
NC_045512.2	8485	T	A	26	23	27	5	5	26	0.131579	38	0.0162998	FALSE	NA	NA	NA	NA	NA	NA
NC_045512.2	8486	A	T	28	22	24	10	10	25	0.243902	41	0.000375688	TRUE	NA	NA	NA	NA	NA	NA
NC_045512.2	8486	A	G	28	22	24	2	2	28	0.0487805	41	0.180124	FALSE	NA	NA	NA	NA	NA	NA
NC_045512.2	8486	A	C	28	22	24	1	1	28	0.0243902	41	0.42029	FALSE	NA	NA	NA	NA	NA	NA
NC_045512.2	8487	A	T	24	19	25	2	2	27	0.05	40	0.15625	FALSE	NA	NA	NA	NA	NA	NA
NC_045512.2	8487	A	G	24	19	25	13	13	26	0.325	40	2.33261e-05	TRUE	NA	NA	NA	NA	NA	NA
NC_045512.2	8487	A	C	24	19	25	1	1	28	0.025	40	0.390625	FALSE	NA	NA	NA	NA	NA	NA
NC_045512.2	8488	G	T	26	20	26	4	4	26	0.1	40	0.0317004	FALSE	NA	NA	NA	NA	NA	NA
NC_045512.2	8488	G	C	26	20	26	7	7	26	0.175	40	0.00290002	TRUE	NA	NA	NA	NA	NA	NA
NC_045512.2	8488	G	A	26	20	26	3	3	24	0.075	40	0.0729108	FALSE	NA	NA	NA	NA	NA	NA
NC_045512.2	8489	T	G	30	24	24	3	3	24	0.075	40	0.0914822	FALSE	NA	NA	NA	NA	NA	NA
NC_045512.2	8489	T	C	30	24	24	4	4	25	0.1	40	0.0426082	FALSE	NA	NA	NA	NA	NA	NA
NC_045512.2	8489	T	A	30	24	24	3	3	25	0.075	40	0.0914822	FALSE	NA	NA	NA	NA	NA	NA
NC_045512.2	8490	T	G	25	21	26	5	5	26	0.135135	37	0.0159457	FALSE	NA	NA	NA	NA	NA	NA
NC_045512.2	8490	T	C	25	21	26	4	4	26	0.108108	37	0.0350806	FALSE	NA	NA	NA	NA	NA	NA
NC_045512.2	8490	T	A	25	21	26	3	3	27	0.0810811	37	0.078629	FALSE	NA	NA	NA	NA	NA	NA
NC_045512.2	8491	G	T	25	20	27	5	5	24	0.128205	39	0.0136708	FALSE	NA	NA	NA	NA	NA	NA
NC_045512.2	8491	G	C	25	20	27	5	5	26	0.128205	39	0.0136708	FALSE	NA	NA	NA	NA	NA	NA
NC_045512.2	8491	G	A	25	20	27	4	4	26	0.102564	39	0.0309871	FALSE	NA	NA	NA	NA	NA	NA
NC_045512.2	8492	A	T	5	1	27	2	2	28	0.222222	9	0.2	FALSE	NA	NA	NA	NA	NA	NA
NC_045512.2	8492	A	G	5	1	27	2	2	24	0.222222	9	0.2	FALSE	NA	NA	NA	NA	NA	NA
NC_045512.2	8493	C	A	5	1	27	1	1	27	0.166667	6	0.545455	FALSE	NA	NA	NA	NA	NA	NA
NC_045512.2	8494	A	C	5	1	27	1	1	28	0.166667	6	0.545455	FALSE	NA	NA	NA	NA	NA	NA
NC_045512.2	8495	T	G	5	1	27	1	1	28	0.166667	6	0.545455	FALSE	NA	NA	NA	NA	NA	NA
NC_045512.2	8496	G	T	5	1	26	1	1	28	0.166667	6	0.545455	FALSE	NA	NA	NA	NA	NA	NA
NC_045512.2	8497	T	A	5	1	26	1	1	27	0.166667	6	0.545455	FALSE	NA	NA	NA	NA	NA	NA
NC_045512.2	8499	C	T	5	1	26	1	1	29	0.166667	6	0.545455	FALSE	NA	NA	NA	NA	NA	NA
NC_045512.2	8500	A	G	5	1	25	1	1	25	0.166667	6	0.545455	FALSE	NA	NA	NA	NA	NA	NA
NC_045512.2	8501	A	C	4	1	25	1	1	28	0.2	5	0.555556	FALSE	NA	NA	NA	NA	NA	NA
NC_045512.2	8502	C	T	5	1	27	1	1	25	0.166667	6	0.545455	FALSE	NA	NA	NA	NA	NA	NA
NC_045512.2	8503	T	G	5	1	28	1	1	26	0.166667	6	0.545455	FALSE	NA	NA	NA	NA	NA	NA
NC_045512.2	8504	A	C	2	0	29	1	1	25	0.333333	3	0.6	FALSE	NA	NA	NA	NA	NA	NA
NC_045512.2	8541	C	T	1	0	27	1	0	26	0.5	2	0.666667	FALSE	NA	NA	NA	NA	NA	NA
NC_045512.2	8546	A	T	27	1	27	1	0	22	0.0357143	28	0.509091	FALSE	NA	NA	NA	NA	NA	NA
NC_045512.2	8574	T	C	27	2	23	1	0	27	0.0357143	28	0.509091	FALSE	NA	NA	NA	NA	NA	NA
NC_045512.2	8582	T	C	28	2	28	1	0	26	0.0344828	29	0.508772	FALSE	NA	NA	NA	NA	NA	NA
NC_045512.2	8585	A	G	29	2	24	1	1	23	0.0333333	30	0.508475	FALSE	NA	NA	NA	NA	NA	NA
NC_045512.2	8586	T	C	29	2	28	1	1	23	0.0333333	30	0.508475	FALSE	NA	NA	NA	NA	NA	NA
NC_045512.2	8591	G	A	29	2	27	1	1	29	0.0333333	30	0.508475	FALSE	NA	NA	NA	NA	NA	NA
NC_045512.2	8592	T	A	29	2	27	1	1	28	0.0333333	30	0.508475	FALSE	NA	NA	NA	NA	NA	NA
NC_045512.2	8593	T	G	28	2	24	1	1	27	0.0344828	29	0.508772	FALSE	NA	NA	NA	NA	NA	NA
NC_045512.2	8595	C	A	29	2	28	1	1	27	0.0333333	30	0.508475	FALSE	NA	NA	NA	NA	NA	NA
NC_045512.2	8596	A	T	29	2	28	1	1	27	0.0333333	30	0.508475	FALSE	NA	NA	NA	NA	NA	NA
NC_045512.2	8597	C	A	29	2	28	1	1	24	0.0333333	30	0.508475	FALSE	NA	NA	NA	NA	NA	NA
NC_045512.2	8598	T	A	29	2	28	1	1	28	0.0333333	30	0.508475	FALSE	NA	NA	NA	NA	NA	NA
NC_045512.2	8599	T	C	27	2	23	1	1	27	0.0357143	28	0.509091	FALSE	NA	NA	NA	NA	NA	NA
NC_045512.2	8600	G	T	29	2	27	1	1	23	0.0333333	30	0.508475	FALSE	NA	NA	NA	NA	NA	NA
NC_045512.2	8602	G	A	29	2	27	1	1	27	0.0333333	30	0.508475	FALSE	NA	NA	NA	NA	NA	NA
NC_045512.2	8603	T	C	29	2	27	1	1	22	0.0333333	30	0.508475	FALSE	NA	NA	NA	NA	NA	NA
NC_045512.2	8604	T	C	28	2	24	1	1	27	0.0344828	29	0.508772	FALSE	NA	NA	NA	NA	NA	NA
NC_045512.2	8606	C	T	25	2	23	1	1	27	0.0384615	26	0.509804	FALSE	NA	NA	NA	NA	NA	NA
NC_045512.2	8606	C	-T	25	2	23	3	0	20	0.115385	26	0.139845	FALSE	NA	NA	NA	NA	NA	NA
NC_045512.2	8609	T	A	28	2	27	1	1	21	0.0344828	29	0.508772	FALSE	NA	NA	NA	NA	NA	NA
NC_045512.2	8610	T	A	28	2	27	1	1	29	0.0344828	29	0.508772	FALSE	NA	NA	NA	NA	NA	NA
NC_045512.2	8611	T	G	3	2	23	2	2	27	0.4	5	0.277778	FALSE	NA	NA	NA	NA	NA	NA
NC_045512.2	8612	G	T	28	2	26	1	1	21	0.0333333	30	0.5	FALSE	NA	NA	NA	NA	NA	NA
NC_045512.2	8612	G	C	28	2	26	1	1	26	0.0333333	30	0.5	FALSE	NA	NA	NA	NA	NA	NA
NC_045512.2	8613	T	-T	29	3	27	1	0	20	0.0344828	29	0.517241	FALSE	NA	NA	NA	NA	NA	NA
NC_045512.2	8614	T	G	26	2	23	1	1	26	0.037037	27	0.509434	FALSE	NA	NA	NA	NA	NA	NA
NC_045512.2	8615	G	A	28	2	27	1	1	27	0.0344828	29	0.508772	FALSE	NA	NA	NA	NA	NA	NA
NC_045512.2	8616	C	A	29	3	27	1	1	29	0.0333333	30	0.508475	FALSE	NA	NA	NA	NA	NA	NA
NC_045512.2	8617	T	A	28	2	27	2	2	26	0.0666667	30	0.254237	FALSE	NA	NA	NA	NA	NA	NA
NC_045512.2	8618	G	T	28	2	27	1	1	25	0.0333333	30	0.5	FALSE	NA	NA	NA	NA	NA	NA
NC_045512.2	8618	G	A	28	2	27	1	1	28	0.0333333	30	0.5	FALSE	NA	NA	NA	NA	NA	NA
NC_045512.2	8619	C	G	28	2	27	2	2	27	0.0666667	30	0.254237	FALSE	NA	NA	NA	NA	NA	NA
NC_045512.2	8620	T	A	29	3	26	1	1	22	0.0333333	30	0.508475	FALSE	NA	NA	NA	NA	NA	NA
NC_045512.2	8621	A	G	29	3	26	2	2	26	0.0645161	31	0.254098	FALSE	NA	NA	NA	NA	NA	NA
NC_045512.2	8622	T	G	28	2	26	1	1	21	0.0322581	31	0.491525	FALSE	NA	NA	NA	NA	NA	NA
NC_045512.2	8622	T	C	28	2	26	2	2	26	0.0645161	31	0.245763	FALSE	NA	NA	NA	NA	NA	NA
NC_045512.2	8623	T	C	29	3	27	1	1	20	0.03125	32	0.491803	FALSE	NA	NA	NA	NA	NA	NA
NC_045512.2	8623	T	A	29	3	27	2	2	21	0.0625	32	0.245902	FALSE	NA	NA	NA	NA	NA	NA
NC_045512.2	8624	T	A	29	3	26	2	2	28	0.0645161	31	0.254098	FALSE	NA	NA	NA	NA	NA	NA
NC_045512.2	8624	T	-T	29	3	26	1	0	20	0.0322581	31	0.5	FALSE	NA	NA	NA	NA	NA	NA
NC_045512.2	8625	T	C	6	2	23	2	2	27	0.222222	9	0.205882	FALSE	NA	NA	NA	NA	NA	NA
NC_045512.2	8625	T	A	6	2	23	1	1	27	0.111111	9	0.4375	FALSE	NA	NA	NA	NA	NA	NA
NC_045512.2	8626	C	T	28	2	26	2	2	25	0.0625	32	0.237705	FALSE	NA	NA	NA	NA	NA	NA
NC_045512.2	8626	C	A	28	2	26	2	2	24	0.0625	32	0.237705	FALSE	NA	NA	NA	NA	NA	NA
NC_045512.2	8627	T	A	29	3	26	3	3	28	0.09375	32	0.124902	FALSE	NA	NA	NA	NA	NA	NA
NC_045512.2	8628	A	C	31	5	26	1	1	28	0.03125	32	0.507937	FALSE	NA	NA	NA	NA	NA	NA
NC_045512.2	8629	T	G	26	2	26	1	1	27	0.0344828	29	0.490909	FALSE	NA	NA	NA	NA	NA	NA
NC_045512.2	8629	T	C	26	2	26	1	1	22	0.0344828	29	0.490909	FALSE	NA	NA	NA	NA	NA	NA
NC_045512.2	8629	T	A	26	2	26	1	1	26	0.0344828	29	0.490909	FALSE	NA	NA	NA	NA	NA	NA
NC_045512.2	8630	T	G	26	2	28	1	1	27	0.0333333	30	0.482143	FALSE	NA	NA	NA	NA	NA	NA
NC_045512.2	8630	T	C	26	2	28	1	1	27	0.0333333	30	0.482143	FALSE	NA	NA	NA	NA	NA	NA
NC_045512.2	8630	T	A	26	2	28	2	2	24	0.0666667	30	0.236842	FALSE	NA	NA	NA	NA	NA	NA
NC_045512.2	8631	T	G	21	2	22	1	1	25	0.0416667	24	0.488889	FALSE	NA	NA	NA	NA	NA	NA
NC_045512.2	8631	T	A	21	2	22	2	2	26	0.0833333	24	0.244444	FALSE	NA	NA	NA	NA	NA	NA
NC_045512.2	8632	A	T	27	4	26	2	2	27	0.0666667	30	0.245614	FALSE	NA	NA	NA	NA	NA	NA
NC_045512.2	8632	A	G	27	4	26	1	0	28	0.0333333	30	0.491228	FALSE	NA	NA	NA	NA	NA	NA
NC_045512.2	8633	A	T	24	3	23	2	2	27	0.0740741	27	0.245098	FALSE	NA	NA	NA	NA	NA	NA
NC_045512.2	8633	A	C	24	3	23	1	1	25	0.037037	27	0.490196	FALSE	NA	NA	NA	NA	NA	NA
NC_045512.2	8634	T	A	27	3	26	3	3	25	0.1	30	0.124888	FALSE	NA	NA	NA	NA	NA	NA
NC_045512.2	8635	A	C	29	5	26	1	1	28	0.0333333	30	0.508475	FALSE	NA	NA	NA	NA	NA	NA
NC_045512.2	8636	A	T	26	3	23	1	1	24	0.0344828	29	0.490909	FALSE	NA	NA	NA	NA	NA	NA
NC_045512.2	8636	A	G	26	3	23	1	1	27	0.0344828	29	0.490909	FALSE	NA	NA	NA	NA	NA	NA
NC_045512.2	8636	A	C	26	3	23	1	1	28	0.0344828	29	0.490909	FALSE	NA	NA	NA	NA	NA	NA
NC_045512.2	8637	C	T	25	2	27	3	3	24	0.103448	29	0.118182	FALSE	NA	NA	NA	NA	NA	NA
NC_045512.2	8637	C	G	25	2	27	1	1	25	0.0344828	29	0.481481	FALSE	NA	NA	NA	NA	NA	NA
NC_045512.2	8638	A	T	26	3	27	2	2	27	0.0714286	28	0.254545	FALSE	NA	NA	NA	NA	NA	NA
NC_045512.2	8639	C	T	26	3	26	1	1	25	0.0344828	29	0.490909	FALSE	NA	NA	NA	NA	NA	NA
NC_045512.2	8639	C	G	26	3	26	1	1	28	0.0344828	29	0.490909	FALSE	NA	NA	NA	NA	NA	NA
NC_045512.2	8639	C	A	26	3	26	1	1	26	0.0344828	29	0.490909	FALSE	NA	NA	NA	NA	NA	NA
NC_045512.2	8640	C	T	23	3	23	1	1	23	0.04	25	0.5	FALSE	NA	NA	NA	NA	NA	NA
NC_045512.2	8640	C	G	23	3	23	1	1	25	0.04	25	0.5	FALSE	NA	NA	NA	NA	NA	NA
NC_045512.2	8641	T	C	26	3	26	1	1	26	0.0357143	28	0.5	FALSE	NA	NA	NA	NA	NA	NA
NC_045512.2	8641	T	A	26	3	26	1	1	25	0.0357143	28	0.5	FALSE	NA	NA	NA	NA	NA	NA
NC_045512.2	8642	G	T	25	2	26	1	1	26	0.0357143	28	0.490566	FALSE	NA	NA	NA	NA	NA	NA
NC_045512.2	8642	G	C	25	2	26	1	1	25	0.0357143	28	0.490566	FALSE	NA	NA	NA	NA	NA	NA
NC_045512.2	8642	G	A	25	2	26	1	1	22	0.0357143	28	0.490566	FALSE	NA	NA	NA	NA	NA	NA
NC_045512.2	8643	T	G	27	4	26	1	1	22	0.0344828	29	0.5	FALSE	NA	NA	NA	NA	NA	NA
NC_045512.2	8643	T	A	27	4	26	1	1	26	0.0344828	29	0.5	FALSE	NA	NA	NA	NA	NA	NA
NC_045512.2	8644	T	C	24	6	23	1	0	28	0.04	25	0.510204	FALSE	NA	NA	NA	NA	NA	NA
NC_045512.2	8645	C	T	20	2	27	1	1	26	0.0416667	24	0.477273	FALSE	NA	NA	NA	NA	NA	NA
NC_045512.2	8645	C	G	20	2	27	2	2	23	0.0833333	24	0.233333	FALSE	NA	NA	NA	NA	NA	NA
NC_045512.2	8645	C	A	20	2	27	1	1	20	0.0416667	24	0.477273	FALSE	NA	NA	NA	NA	NA	NA
NC_045512.2	8646	A	T	21	4	27	1	1	26	0.0454545	22	0.511628	FALSE	NA	NA	NA	NA	NA	NA
NC_045512.2	8647	T	G	20	3	24	2	2	27	0.0869565	23	0.244186	FALSE	NA	NA	NA	NA	NA	NA
NC_045512.2	8647	T	A	20	3	24	1	1	31	0.0434783	23	0.488372	FALSE	NA	NA	NA	NA	NA	NA
NC_045512.2	8648	G	T	21	4	23	1	1	21	0.0434783	23	0.5	FALSE	NA	NA	NA	NA	NA	NA
NC_045512.2	8648	G	C	21	4	23	1	1	27	0.0434783	23	0.5	FALSE	NA	NA	NA	NA	NA	NA
NC_045512.2	8649	T	A	22	5	23	1	1	22	0.0434783	23	0.511111	FALSE	NA	NA	NA	NA	NA	NA
NC_045512.2	8650	C	T	19	2	26	1	1	28	0.0454545	22	0.487805	FALSE	NA	NA	NA	NA	NA	NA
NC_045512.2	8650	C	G	19	2	26	1	1	27	0.0454545	22	0.487805	FALSE	NA	NA	NA	NA	NA	NA
NC_045512.2	8650	C	A	19	2	26	1	1	26	0.0454545	22	0.487805	FALSE	NA	NA	NA	NA	NA	NA
NC_045512.2	8651	A	G	21	4	27	1	1	26	0.0434783	23	0.5	FALSE	NA	NA	NA	NA	NA	NA
NC_045512.2	8651	A	C	21	4	27	1	1	27	0.0434783	23	0.5	FALSE	NA	NA	NA	NA	NA	NA
NC_045512.2	8652	T	C	20	3	26	2	2	25	0.0869565	23	0.244186	FALSE	NA	NA	NA	NA	NA	NA
NC_045512.2	8652	T	A	20	3	26	1	1	25	0.0434783	23	0.488372	FALSE	NA	NA	NA	NA	NA	NA
NC_045512.2	8653	G	C	19	2	27	1	1	25	0.0454545	22	0.487805	FALSE	NA	NA	NA	NA	NA	NA
NC_045512.2	8653	G	A	19	2	27	2	2	27	0.0909091	22	0.243902	FALSE	NA	NA	NA	NA	NA	NA
NC_045512.2	8654	T	C	20	3	27	1	1	27	0.0434783	23	0.488372	FALSE	NA	NA	NA	NA	NA	NA
NC_045512.2	8654	T	A	20	3	27	2	2	23	0.0869565	23	0.244186	FALSE	NA	NA	NA	NA	NA	NA
NC_045512.2	8655	C	T	20	3	28	2	2	24	0.0869565	23	0.244186	FALSE	NA	NA	NA	NA	NA	NA
NC_045512.2	8655	C	G	20	3	28	1	1	27	0.0434783	23	0.488372	FALSE	NA	NA	NA	NA	NA	NA
NC_045512.2	8656	T	G	20	3	27	1	1	22	0.0454545	22	0.5	FALSE	NA	NA	NA	NA	NA	NA
NC_045512.2	8656	T	A	20	3	27	1	1	27	0.0454545	22	0.5	FALSE	NA	NA	NA	NA	NA	NA
NC_045512.2	8657	A	T	20	3	26	1	1	29	0.0434783	23	0.488372	FALSE	NA	NA	NA	NA	NA	NA
NC_045512.2	8657	A	G	20	3	26	2	2	24	0.0869565	23	0.244186	FALSE	NA	NA	NA	NA	NA	NA
NC_045512.2	8658	A	G	21	4	27	1	1	28	0.0434783	23	0.5	FALSE	NA	NA	NA	NA	NA	NA
NC_045512.2	8658	A	C	21	4	27	1	1	22	0.0434783	23	0.5	FALSE	NA	NA	NA	NA	NA	NA
NC_045512.2	8659	A	G	16	2	23	2	2	22	0.1	20	0.22973	FALSE	NA	NA	NA	NA	NA	NA
NC_045512.2	8659	A	C	16	2	23	2	2	26	0.1	20	0.22973	FALSE	NA	NA	NA	NA	NA	NA
NC_045512.2	8660	C	A	19	2	27	4	4	23	0.173913	23	0.0594315	FALSE	NA	NA	NA	NA	NA	NA
NC_045512.2	8661	A	T	21	4	27	1	1	21	0.0434783	23	0.5	FALSE	NA	NA	NA	NA	NA	NA
NC_045512.2	8661	A	C	21	4	27	1	1	27	0.0434783	23	0.5	FALSE	NA	NA	NA	NA	NA	NA
NC_045512.2	8662	T	G	20	3	27	1	1	27	0.0434783	23	0.488372	FALSE	NA	NA	NA	NA	NA	NA
NC_045512.2	8662	T	C	20	3	27	1	1	27	0.0434783	23	0.488372	FALSE	NA	NA	NA	NA	NA	NA
NC_045512.2	8662	T	A	20	3	27	1	1	22	0.0434783	23	0.488372	FALSE	NA	NA	NA	NA	NA	NA
NC_045512.2	8663	A	T	20	3	27	2	2	25	0.0869565	23	0.244186	FALSE	NA	NA	NA	NA	NA	NA
NC_045512.2	8663	A	G	20	3	27	1	1	24	0.0434783	23	0.488372	FALSE	NA	NA	NA	NA	NA	NA
NC_045512.2	8664	C	T	21	4	27	1	1	28	0.0434783	23	0.5	FALSE	NA	NA	NA	NA	NA	NA
NC_045512.2	8664	C	A	21	4	27	1	1	27	0.0434783	23	0.5	FALSE	NA	NA	NA	NA	NA	NA
NC_045512.2	8665	T	G	20	3	28	1	1	27	0.0434783	23	0.488372	FALSE	NA	NA	NA	NA	NA	NA
NC_045512.2	8665	T	C	20	3	28	1	1	27	0.0434783	23	0.488372	FALSE	NA	NA	NA	NA	NA	NA
NC_045512.2	8665	T	A	20	3	28	1	1	24	0.0434783	23	0.488372	FALSE	NA	NA	NA	NA	NA	NA
NC_045512.2	8666	G	T	19	2	28	2	2	25	0.0869565	23	0.232558	FALSE	NA	NA	NA	NA	NA	NA
NC_045512.2	8666	G	C	19	2	28	1	1	24	0.0434783	23	0.47619	FALSE	NA	NA	NA	NA	NA	NA
NC_045512.2	8666	G	A	19	2	28	1	1	27	0.0434783	23	0.47619	FALSE	NA	NA	NA	NA	NA	NA
NC_045512.2	8667	A	T	20	3	27	2	2	24	0.0869565	23	0.244186	FALSE	NA	NA	NA	NA	NA	NA
NC_045512.2	8667	A	G	20	3	27	1	1	27	0.0434783	23	0.488372	FALSE	NA	NA	NA	NA	NA	NA
NC_045512.2	8668	C	T	19	2	26	1	1	27	0.0434783	23	0.47619	FALSE	NA	NA	NA	NA	NA	NA
NC_045512.2	8668	C	G	19	2	26	1	1	25	0.0434783	23	0.47619	FALSE	NA	NA	NA	NA	NA	NA
NC_045512.2	8668	C	A	19	2	26	2	2	25	0.0869565	23	0.232558	FALSE	NA	NA	NA	NA	NA	NA
NC_045512.2	8669	T	C	17	2	26	1	1	27	0.047619	21	0.473684	FALSE	NA	NA	NA	NA	NA	NA
NC_045512.2	8669	T	A	17	2	26	3	3	24	0.142857	21	0.115385	FALSE	NA	NA	NA	NA	NA	NA
NC_045512.2	8670	T	C	17	3	27	2	1	27	0.0952381	21	0.230769	FALSE	NA	NA	NA	NA	NA	NA
NC_045512.2	8670	T	A	17	3	27	2	2	22	0.0952381	21	0.230769	FALSE	NA	NA	NA	NA	NA	NA
NC_045512.2	8670	T	-T	17	3	27	1	0	20	0.047619	21	0.473684	FALSE	NA	NA	NA	NA	NA	NA
NC_045512.2	8671	T	G	17	2	28	1	1	27	0.0526316	19	0.5	FALSE	NA	NA	NA	NA	NA	NA
NC_045512.2	8671	T	A	17	2	28	1	1	27	0.0526316	19	0.5	FALSE	NA	NA	NA	NA	NA	NA
NC_045512.2	8672	T	G	10	3	25	1	1	27	0.0833333	12	0.5	FALSE	NA	NA	NA	NA	NA	NA
NC_045512.2	8672	T	A	10	3	25	1	1	27	0.0833333	12	0.5	FALSE	NA	NA	NA	NA	NA	NA
NC_045512.2	8673	C	T	17	2	27	2	2	26	0.0952381	21	0.230769	FALSE	NA	NA	NA	NA	NA	NA
NC_045512.2	8673	C	G	17	2	27	2	2	24	0.0952381	21	0.230769	FALSE	NA	NA	NA	NA	NA	NA
NC_045512.2	8674	A	T	16	1	27	3	3	24	0.142857	21	0.106029	FALSE	NA	NA	NA	NA	NA	NA
NC_045512.2	8674	A	G	16	1	27	2	2	27	0.0952381	21	0.217639	FALSE	NA	NA	NA	NA	NA	NA
NC_045512.2	8675	A	T	17	2	23	2	2	27	0.0952381	21	0.230769	FALSE	NA	NA	NA	NA	NA	NA
NC_045512.2	8675	A	G	17	2	23	2	2	23	0.0952381	21	0.230769	FALSE	NA	NA	NA	NA	NA	NA
NC_045512.2	8676	G	A	19	4	27	1	1	22	0.05	20	0.512821	FALSE	NA	NA	NA	NA	NA	NA
NC_045512.2	8677	T	A	20	5	27	1	1	29	0.047619	21	0.512195	FALSE	NA	NA	NA	NA	NA	NA
NC_045512.2	8678	G	T	16	2	26	1	1	28	0.0526316	19	0.485714	FALSE	NA	NA	NA	NA	NA	NA
NC_045512.2	8678	G	C	16	2	26	1	1	28	0.0526316	19	0.485714	FALSE	NA	NA	NA	NA	NA	NA
NC_045512.2	8678	G	A	16	2	26	1	1	21	0.0526316	19	0.485714	FALSE	NA	NA	NA	NA	NA	NA
NC_045512.2	8680	A	T	19	5	26	1	1	23	0.05	20	0.512821	FALSE	NA	NA	NA	NA	NA	NA
NC_045512.2	8681	A	T	14	4	23	1	1	28	0.0588235	17	0.483871	FALSE	NA	NA	NA	NA	NA	NA
NC_045512.2	8681	A	G	14	4	23	1	1	23	0.0588235	17	0.483871	FALSE	NA	NA	NA	NA	NA	NA
NC_045512.2	8681	A	C	14	4	23	1	1	23	0.0588235	17	0.483871	FALSE	NA	NA	NA	NA	NA	NA
NC_045512.2	8682	T	G	18	4	26	1	1	27	0.0526316	19	0.513514	FALSE	NA	NA	NA	NA	NA	NA
NC_045512.2	8683	C	T	15	2	28	4	3	24	0.190476	21	0.047124	FALSE	NA	NA	NA	NA	NA	NA
NC_045512.2	8683	C	G	15	2	28	1	1	27	0.047619	21	0.444444	FALSE	NA	NA	NA	NA	NA	NA
NC_045512.2	8683	C	A	15	2	28	1	1	22	0.047619	21	0.444444	FALSE	NA	NA	NA	NA	NA	NA
NC_045512.2	8684	A	T	17	3	27	1	1	26	0.047619	21	0.473684	FALSE	NA	NA	NA	NA	NA	NA
NC_045512.2	8684	A	G	17	3	27	3	3	26	0.142857	21	0.115385	FALSE	NA	NA	NA	NA	NA	NA
NC_045512.2	8685	T	G	18	4	27	2	2	25	0.1	20	0.25641	FALSE	NA	NA	NA	NA	NA	NA
NC_045512.2	8686	A	T	18	4	27	2	2	26	0.0952381	21	0.24359	FALSE	NA	NA	NA	NA	NA	NA
NC_045512.2	8686	A	G	18	4	27	1	1	24	0.047619	21	0.487179	FALSE	NA	NA	NA	NA	NA	NA
NC_045512.2	8687	G	T	17	3	28	1	1	25	0.05	20	0.486486	FALSE	NA	NA	NA	NA	NA	NA
NC_045512.2	8687	G	A	17	3	28	2	2	26	0.1	20	0.243243	FALSE	NA	NA	NA	NA	NA	NA
NC_045512.2	8688	G	T	16	2	24	1	1	28	0.047619	21	0.459459	FALSE	NA	NA	NA	NA	NA	NA
NC_045512.2	8688	G	C	16	2	24	1	1	28	0.047619	21	0.459459	FALSE	NA	NA	NA	NA	NA	NA
NC_045512.2	8688	G	A	16	2	24	3	3	25	0.142857	21	0.106029	FALSE	NA	NA	NA	NA	NA	NA
NC_045512.2	8689	A	T	18	4	27	1	1	23	0.047619	21	0.487179	FALSE	NA	NA	NA	NA	NA	NA
NC_045512.2	8689	A	G	18	4	27	1	1	26	0.047619	21	0.487179	FALSE	NA	NA	NA	NA	NA	NA
NC_045512.2	8689	A	C	18	4	27	1	1	23	0.047619	21	0.487179	FALSE	NA	NA	NA	NA	NA	NA
NC_045512.2	8690	T	C	16	2	28	1	1	27	0.0526316	19	0.485714	FALSE	NA	NA	NA	NA	NA	NA
NC_045512.2	8690	T	A	16	2	28	2	2	27	0.105263	19	0.242857	FALSE	NA	NA	NA	NA	NA	NA
NC_045512.2	8691	A	C	19	6	27	1	1	27	0.05	20	0.512821	FALSE	NA	NA	NA	NA	NA	NA
NC_045512.2	8692	C	T	16	3	27	1	1	20	0.0526316	19	0.485714	FALSE	NA	NA	NA	NA	NA	NA
NC_045512.2	8692	C	A	16	3	27	2	2	24	0.105263	19	0.242857	FALSE	NA	NA	NA	NA	NA	NA
NC_045512.2	8693	A	T	15	3	27	2	2	25	0.117647	17	0.257576	FALSE	NA	NA	NA	NA	NA	NA
NC_045512.2	8694	A	T	16	4	24	1	1	28	0.0555556	18	0.5	FALSE	NA	NA	NA	NA	NA	NA
NC_045512.2	8694	A	G	16	4	24	1	1	23	0.0555556	18	0.5	FALSE	NA	NA	NA	NA	NA	NA
NC_045512.2	8695	G	A	17	5	26	1	1	27	0.0555556	18	0.514286	FALSE	NA	NA	NA	NA	NA	NA
NC_045512.2	8696	G	T	15	3	24	2	2	23	0.111111	18	0.242424	FALSE	NA	NA	NA	NA	NA	NA
NC_045512.2	8696	G	A	15	3	24	1	1	27	0.0555556	18	0.484848	FALSE	NA	NA	NA	NA	NA	NA
NC_045512.2	8697	C	T	14	2	27	3	3	28	0.166667	18	0.113636	FALSE	NA	NA	NA	NA	NA	NA
NC_045512.2	8697	C	A	14	2	27	1	1	27	0.0555556	18	0.46875	FALSE	NA	NA	NA	NA	NA	NA
NC_045512.2	8698	T	G	15	3	27	1	1	28	0.0555556	18	0.484848	FALSE	NA	NA	NA	NA	NA	NA
NC_045512.2	8698	T	A	15	3	27	2	2	26	0.111111	18	0.242424	FALSE	NA	NA	NA	NA	NA	NA
NC_045512.2	8699	A	G	17	5	27	1	1	27	0.0555556	18	0.514286	FALSE	NA	NA	NA	NA	NA	NA
NC_045512.2	8700	T	G	15	3	26	1	1	24	0.0555556	18	0.484848	FALSE	NA	NA	NA	NA	NA	NA
NC_045512.2	8700	T	C	15	3	26	1	1	27	0.0555556	18	0.484848	FALSE	NA	NA	NA	NA	NA	NA
NC_045512.2	8700	T	A	15	3	26	1	1	30	0.0555556	18	0.484848	FALSE	NA	NA	NA	NA	NA	NA
NC_045512.2	8701	T	G	14	2	23	1	1	25	0.0555556	18	0.46875	FALSE	NA	NA	NA	NA	NA	NA
NC_045512.2	8701	T	C	14	2	23	1	1	24	0.0555556	18	0.46875	FALSE	NA	NA	NA	NA	NA	NA
NC_045512.2	8701	T	A	14	2	23	2	2	25	0.111111	18	0.227273	FALSE	NA	NA	NA	NA	NA	NA
NC_045512.2	8702	G	C	14	2	27	1	1	28	0.0588235	17	0.483871	FALSE	NA	NA	NA	NA	NA	NA
NC_045512.2	8702	G	A	14	2	27	2	2	24	0.117647	17	0.241935	FALSE	NA	NA	NA	NA	NA	NA
NC_045512.2	8703	A	T	14	2	26	1	1	24	0.0625	16	0.5	FALSE	NA	NA	NA	NA	NA	NA
NC_045512.2	8703	A	C	14	2	26	1	1	23	0.0625	16	0.5	FALSE	NA	NA	NA	NA	NA	NA
NC_045512.2	8708	G	T	13	2	27	1	1	29	0.0714286	14	0.518519	FALSE	NA	NA	NA	NA	NA	NA
NC_045512.2	8710	T	A	12	2	27	1	1	24	0.0769231	13	0.52	FALSE	NA	NA	NA	NA	NA	NA
NC_045512.2	8711	G	A	12	2	26	1	1	28	0.0769231	13	0.52	FALSE	NA	NA	NA	NA	NA	NA
NC_045512.2	8712	T	G	12	2	26	1	1	26	0.0769231	13	0.52	FALSE	NA	NA	NA	NA	NA	NA
NC_045512.2	8715	C	G	9	2	26	1	1	29	0.1	10	0.526316	FALSE	NA	NA	NA	NA	NA	NA
NC_045512.2	8717	C	T	9	2	26	1	1	28	0.1	10	0.526316	FALSE	NA	NA	NA	NA	NA	NA
NC_045512.2	8718	G	A	9	2	26	1	1	24	0.1	10	0.526316	FALSE	NA	NA	NA	NA	NA	NA
NC_045512.2	8719	T	A	9	2	25	1	1	29	0.1	10	0.526316	FALSE	NA	NA	NA	NA	NA	NA
NC_045512.2	8720	G	T	8	2	26	1	1	24	0.111111	9	0.529412	FALSE	NA	NA	NA	NA	NA	NA
NC_045512.2	8721	A	T	7	2	27	1	1	26	0.125	8	0.533333	FALSE	NA	NA	NA	NA	NA	NA
NC_045512.2	8722	C	A	7	2	27	1	1	22	0.125	8	0.533333	FALSE	NA	NA	NA	NA	NA	NA
NC_045512.2	8724	T	A	7	2	26	1	1	26	0.125	8	0.533333	FALSE	NA	NA	NA	NA	NA	NA
NC_045512.2	8725	A	G	7	2	26	1	1	26	0.125	8	0.533333	FALSE	NA	NA	NA	NA	NA	NA
NC_045512.2	8727	C	T	7	2	26	1	1	26	0.125	8	0.533333	FALSE	NA	NA	NA	NA	NA	NA
NC_045512.2	8729	T	C	7	2	27	1	1	25	0.125	8	0.533333	FALSE	NA	NA	NA	NA	NA	NA
NC_045512.2	8730	C	A	7	2	27	1	1	24	0.125	8	0.533333	FALSE	NA	NA	NA	NA	NA	NA
NC_045512.2	8731	T	C	7	2	27	1	1	26	0.125	8	0.533333	FALSE	NA	NA	NA	NA	NA	NA
NC_045512.2	8732	A	T	9	2	27	1	1	20	0.1	10	0.526316	FALSE	NA	NA	NA	NA	NA	NA
NC_045512.2	8733	C	T	9	2	26	1	1	28	0.1	10	0.526316	FALSE	NA	NA	NA	NA	NA	NA
NC_045512.2	8734	A	G	9	2	27	1	1	25	0.1	10	0.526316	FALSE	NA	NA	NA	NA	NA	NA
NC_045512.2	8735	G	T	9	2	27	1	1	25	0.1	10	0.526316	FALSE	NA	NA	NA	NA	NA	NA
NC_045512.2	8736	A	G	9	2	27	1	1	25	0.1	10	0.526316	FALSE	NA	NA	NA	NA	NA	NA
NC_045512.2	8738	A	T	9	2	27	1	1	26	0.1	10	0.526316	FALSE	NA	NA	NA	NA	NA	NA
NC_045512.2	8740	T	C	8	2	26	1	1	25	0.111111	9	0.529412	FALSE	NA	NA	NA	NA	NA	NA
NC_045512.2	8742	G	T	8	2	26	1	1	27	0.111111	9	0.529412	FALSE	NA	NA	NA	NA	NA	NA
NC_045512.2	8746	T	G	5	2	24	1	1	23	0.166667	6	0.545455	FALSE	NA	NA	NA	NA	NA	NA
NC_045512.2	8747	G	A	8	2	27	1	1	25	0.111111	9	0.529412	FALSE	NA	NA	NA	NA	NA	NA
NC_045512.2	8748	C	T	9	3	26	1	1	28	0.1	10	0.526316	FALSE	NA	NA	NA	NA	NA	NA
NC_045512.2	8749	T	G	8	2	26	1	1	25	0.1	10	0.5	FALSE	NA	NA	NA	NA	NA	NA
NC_045512.2	8749	T	A	8	2	26	1	1	26	0.1	10	0.5	FALSE	NA	NA	NA	NA	NA	NA
NC_045512.2	8750	A	G	8	2	25	1	1	27	0.1	10	0.5	FALSE	NA	NA	NA	NA	NA	NA
NC_045512.2	8750	A	C	8	2	25	1	1	24	0.1	10	0.5	FALSE	NA	NA	NA	NA	NA	NA
NC_045512.2	8751	A	T	8	3	23	1	1	25	0.111111	9	0.529412	FALSE	NA	NA	NA	NA	NA	NA
NC_045512.2	8752	C	T	8	2	26	1	1	27	0.1	10	0.5	FALSE	NA	NA	NA	NA	NA	NA
NC_045512.2	8752	C	G	8	2	26	1	1	28	0.1	10	0.5	FALSE	NA	NA	NA	NA	NA	NA
NC_045512.2	8753	A	C	8	2	25	1	1	28	0.111111	9	0.529412	FALSE	NA	NA	NA	NA	NA	NA
NC_045512.2	8754	A	T	8	2	26	1	1	28	0.1	10	0.5	FALSE	NA	NA	NA	NA	NA	NA
NC_045512.2	8754	A	C	8	2	26	1	1	27	0.1	10	0.5	FALSE	NA	NA	NA	NA	NA	NA
NC_045512.2	8755	A	T	7	3	23	1	1	23	0.125	8	0.533333	FALSE	NA	NA	NA	NA	NA	NA
NC_045512.2	8756	C	T	8	2	25	1	1	28	0.111111	9	0.529412	FALSE	NA	NA	NA	NA	NA	NA
NC_045512.2	8757	A	T	8	2	26	1	1	25	0.1	10	0.5	FALSE	NA	NA	NA	NA	NA	NA
NC_045512.2	8757	A	G	8	2	26	1	1	27	0.1	10	0.5	FALSE	NA	NA	NA	NA	NA	NA
NC_045512.2	8759	G	T	8	2	26	2	2	24	0.2	10	0.263158	FALSE	NA	NA	NA	NA	NA	NA
NC_045512.2	8759	G	+T	8	2	26	1	0	20	0.1	10	0.5	FALSE	NA	NA	NA	NA	NA	NA
NC_045512.2	8760	C	T	8	3	26	1	1	28	0.111111	9	0.529412	FALSE	NA	NA	NA	NA	NA	NA
NC_045512.2	8762	G	A	9	3	25	1	1	25	0.1	10	0.526316	FALSE	NA	NA	NA	NA	NA	NA
NC_045512.2	8763	A	C	2	0	28	1	1	28	0.333333	3	0.6	FALSE	NA	NA	NA	NA	NA	NA
NC_045512.2	8765	T	A	2	0	29	1	1	23	0.333333	3	0.6	FALSE	NA	NA	NA	NA	NA	NA
NC_045512.2	8766	T	A	2	0	29	1	1	29	0.333333	3	0.6	FALSE	NA	NA	NA	NA	NA	NA
NC_045512.2	8767	T	C	1	0	22	1	1	29	0.5	2	0.666667	FALSE	NA	NA	NA	NA	NA	NA
NC_045512.2	8768	G	A	2	0	27	1	1	23	0.333333	3	0.6	FALSE	NA	NA	NA	NA	NA	NA
NC_045512.2	8770	C	A	2	0	27	1	1	28	0.333333	3	0.6	FALSE	NA	NA	NA	NA	NA	NA
NC_045512.2	8771	A	C	2	0	28	1	1	25	0.333333	3	0.6	FALSE	NA	NA	NA	NA	NA	NA
NC_045512.2	8772	C	A	2	0	29	1	1	26	0.333333	3	0.6	FALSE	NA	NA	NA	NA	NA	NA
NC_045512.2	8773	A	T	2	0	28	1	1	25	0.333333	3	0.6	FALSE	NA	NA	NA	NA	NA	NA
NC_045512.2	8774	T	G	2	0	27	1	1	24	0.333333	3	0.6	FALSE	NA	NA	NA	NA	NA	NA
NC_045512.2	8775	G	C	2	0	27	1	1	25	0.333333	3	0.6	FALSE	NA	NA	NA	NA	NA	NA
NC_045512.2	8776	G	T	1	0	20	1	1	26	0.5	2	0.666667	FALSE	NA	NA	NA	NA	NA	NA
NC_045512.2	8777	T	G	2	0	25	1	1	25	0.333333	3	0.6	FALSE	NA	NA	NA	NA	NA	NA
NC_045512.2	8778	T	A	2	0	25	1	1	25	0.333333	3	0.6	FALSE	NA	NA	NA	NA	NA	NA
NC_045512.2	8780	A	T	2	0	25	1	1	25	0.333333	3	0.6	FALSE	NA	NA	NA	NA	NA	NA
NC_045512.2	8781	G	T	2	0	26	1	1	25	0.25	4	0.5	FALSE	NA	NA	NA	NA	NA	NA
NC_045512.2	8781	G	A	2	0	26	1	1	29	0.25	4	0.5	FALSE	NA	NA	NA	NA	NA	NA
NC_045512.2	8782	C	T	3	1	27	1	1	25	0.25	4	0.571429	FALSE	NA	NA	NA	NA	NA	NA
NC_045512.2	8783	C	G	2	0	22	1	1	25	0.25	4	0.5	FALSE	NA	NA	NA	NA	NA	NA
NC_045512.2	8783	C	A	2	0	22	1	1	28	0.25	4	0.5	FALSE	NA	NA	NA	NA	NA	NA
NC_045512.2	8784	A	G	3	1	27	1	1	28	0.25	4	0.571429	FALSE	NA	NA	NA	NA	NA	NA
NC_045512.2	8785	G	C	2	0	26	1	1	27	0.25	4	0.5	FALSE	NA	NA	NA	NA	NA	NA
NC_045512.2	8785	G	A	2	0	26	1	1	28	0.25	4	0.5	FALSE	NA	NA	NA	NA	NA	NA
NC_045512.2	8786	C	T	2	0	26	1	1	28	0.25	4	0.5	FALSE	NA	NA	NA	NA	NA	NA
NC_045512.2	8786	C	A	2	0	26	1	1	27	0.25	4	0.5	FALSE	NA	NA	NA	NA	NA	NA
NC_045512.2	8787	G	C	2	0	27	1	1	27	0.25	4	0.5	FALSE	NA	NA	NA	NA	NA	NA
NC_045512.2	8787	G	A	2	0	27	1	1	29	0.25	4	0.5	FALSE	NA	NA	NA	NA	NA	NA
NC_045512.2	8788	T	C	2	0	28	1	1	27	0.25	4	0.5	FALSE	NA	NA	NA	NA	NA	NA
NC_045512.2	8788	T	A	2	0	28	1	1	28	0.25	4	0.5	FALSE	NA	NA	NA	NA	NA	NA
NC_045512.2	8789	G	T	6	1	28	2	2	25	0.25	8	0.266667	FALSE	NA	NA	NA	NA	NA	NA
NC_045512.2	8790	G	T	7	2	22	1	1	27	0.125	8	0.533333	FALSE	NA	NA	NA	NA	NA	NA
NC_045512.2	8791	T	G	6	1	26	2	2	27	0.25	8	0.266667	FALSE	NA	NA	NA	NA	NA	NA
NC_045512.2	8792	G	T	6	1	25	1	1	22	0.142857	7	0.538462	FALSE	NA	NA	NA	NA	NA	NA
NC_045512.2	8793	G	T	6	1	23	2	2	27	0.25	8	0.266667	FALSE	NA	NA	NA	NA	NA	NA
NC_045512.2	8795	A	T	7	2	28	1	1	23	0.125	8	0.533333	FALSE	NA	NA	NA	NA	NA	NA
NC_045512.2	8797	T	C	7	1	27	2	2	22	0.222222	9	0.264706	FALSE	NA	NA	NA	NA	NA	NA
NC_045512.2	8798	T	C	8	2	23	1	1	28	0.111111	9	0.529412	FALSE	NA	NA	NA	NA	NA	NA
NC_045512.2	8800	T	G	7	1	28	1	1	22	0.111111	9	0.5	FALSE	NA	NA	NA	NA	NA	NA
NC_045512.2	8800	T	A	7	1	28	1	1	28	0.111111	9	0.5	FALSE	NA	NA	NA	NA	NA	NA
NC_045512.2	8801	A	C	11	2	29	2	2	25	0.153846	13	0.26	FALSE	NA	NA	NA	NA	NA	NA
NC_045512.2	8802	C	G	11	2	28	1	1	27	0.0769231	13	0.5	FALSE	NA	NA	NA	NA	NA	NA
NC_045512.2	8802	C	A	11	2	28	1	1	23	0.0769231	13	0.5	FALSE	NA	NA	NA	NA	NA	NA
NC_045512.2	8803	T	A	12	3	28	1	1	30	0.0769231	13	0.52	FALSE	NA	NA	NA	NA	NA	NA
NC_045512.2	8804	A	G	12	3	28	1	1	23	0.0769231	13	0.52	FALSE	NA	NA	NA	NA	NA	NA
NC_045512.2	8805	A	G	11	2	25	1	1	27	0.0769231	13	0.5	FALSE	NA	NA	NA	NA	NA	NA
NC_045512.2	8805	A	C	11	2	25	1	1	28	0.0769231	13	0.5	FALSE	NA	NA	NA	NA	NA	NA
NC_045512.2	8806	T	A	12	3	28	1	1	28	0.0769231	13	0.52	FALSE	NA	NA	NA	NA	NA	NA
NC_045512.2	8807	G	T	12	3	27	1	1	28	0.0769231	13	0.52	FALSE	NA	NA	NA	NA	NA	NA
NC_045512.2	8808	A	G	11	2	28	2	2	27	0.153846	13	0.26	FALSE	NA	NA	NA	NA	NA	NA
NC_045512.2	8809	C	T	12	3	27	1	1	27	0.0769231	13	0.52	FALSE	NA	NA	NA	NA	NA	NA
NC_045512.2	8810	A	T	11	2	27	1	1	29	0.0833333	12	0.521739	FALSE	NA	NA	NA	NA	NA	NA
NC_045512.2	8811	A	G	11	2	29	2	2	28	0.153846	13	0.26	FALSE	NA	NA	NA	NA	NA	NA
NC_045512.2	8812	A	T	11	3	23	1	1	23	0.0833333	12	0.521739	FALSE	NA	NA	NA	NA	NA	NA
NC_045512.2	8813	G	T	11	2	27	2	2	26	0.153846	13	0.26	FALSE	NA	NA	NA	NA	NA	NA
NC_045512.2	8814	C	T	11	2	28	1	1	27	0.0769231	13	0.5	FALSE	NA	NA	NA	NA	NA	NA
NC_045512.2	8814	C	A	11	2	28	1	1	29	0.0769231	13	0.5	FALSE	NA	NA	NA	NA	NA	NA
NC_045512.2	8816	T	A	12	3	24	1	1	27	0.0769231	13	0.52	FALSE	NA	NA	NA	NA	NA	NA
NC_045512.2	8817	G	C	12	3	27	1	1	28	0.0769231	13	0.52	FALSE	NA	NA	NA	NA	NA	NA
NC_045512.2	8818	C	T	11	2	26	1	1	21	0.0769231	13	0.5	FALSE	NA	NA	NA	NA	NA	NA
NC_045512.2	8818	C	A	11	2	26	1	1	28	0.0769231	13	0.5	FALSE	NA	NA	NA	NA	NA	NA
NC_045512.2	8820	C	A	11	2	22	2	2	25	0.153846	13	0.26	FALSE	NA	NA	NA	NA	NA	NA
NC_045512.2	8821	A	T	11	2	27	1	1	23	0.0769231	13	0.5	FALSE	NA	NA	NA	NA	NA	NA
NC_045512.2	8821	A	C	11	2	27	1	1	28	0.0769231	13	0.5	FALSE	NA	NA	NA	NA	NA	NA
NC_045512.2	8822	T	G	11	2	27	1	1	23	0.0769231	13	0.5	FALSE	NA	NA	NA	NA	NA	NA
NC_045512.2	8822	T	A	11	2	27	1	1	29	0.0769231	13	0.5	FALSE	NA	NA	NA	NA	NA	NA
NC_045512.2	8823	T	A	12	3	24	1	1	27	0.0769231	13	0.52	FALSE	NA	NA	NA	NA	NA	NA
NC_045512.2	8824	G	C	12	3	27	1	1	27	0.0769231	13	0.52	FALSE	NA	NA	NA	NA	NA	NA
NC_045512.2	8825	A	G	12	3	27	1	1	29	0.0769231	13	0.52	FALSE	NA	NA	NA	NA	NA	NA
NC_045512.2	8826	T	A	12	3	27	1	1	29	0.0769231	13	0.52	FALSE	NA	NA	NA	NA	NA	NA
NC_045512.2	8827	T	A	12	3	24	1	1	29	0.0769231	13	0.52	FALSE	NA	NA	NA	NA	NA	NA
NC_045512.2	8828	G	T	12	3	27	1	1	30	0.0769231	13	0.52	FALSE	NA	NA	NA	NA	NA	NA
NC_045512.2	8829	C	A	12	3	26	1	1	28	0.0769231	13	0.52	FALSE	NA	NA	NA	NA	NA	NA
NC_045512.2	8830	T	G	12	3	26	1	1	28	0.0769231	13	0.52	FALSE	NA	NA	NA	NA	NA	NA
NC_045512.2	8831	G	T	11	2	26	1	1	28	0.0769231	13	0.5	FALSE	NA	NA	NA	NA	NA	NA
NC_045512.2	8831	G	C	11	2	26	1	1	24	0.0769231	13	0.5	FALSE	NA	NA	NA	NA	NA	NA
NC_045512.2	8832	C	G	12	3	27	1	1	28	0.0769231	13	0.52	FALSE	NA	NA	NA	NA	NA	NA
NC_045512.2	8833	A	C	12	3	27	1	1	23	0.0769231	13	0.52	FALSE	NA	NA	NA	NA	NA	NA
NC_045512.2	8834	G	C	12	3	26	1	1	28	0.0769231	13	0.52	FALSE	NA	NA	NA	NA	NA	NA
NC_045512.2	8835	T	C	11	2	27	2	2	27	0.153846	13	0.26	FALSE	NA	NA	NA	NA	NA	NA
NC_045512.2	8836	C	G	11	2	27	1	1	27	0.0769231	13	0.5	FALSE	NA	NA	NA	NA	NA	NA
NC_045512.2	8836	C	A	11	2	27	1	1	29	0.0769231	13	0.5	FALSE	NA	NA	NA	NA	NA	NA
NC_045512.2	8837	A	T	11	2	27	2	2	25	0.153846	13	0.26	FALSE	NA	NA	NA	NA	NA	NA
NC_045512.2	8838	T	G	12	3	27	1	1	22	0.0769231	13	0.52	FALSE	NA	NA	NA	NA	NA	NA
NC_045512.2	8839	A	G	11	2	27	2	2	26	0.153846	13	0.26	FALSE	NA	NA	NA	NA	NA	NA
NC_045512.2	8840	A	T	11	3	25	1	1	23	0.0833333	12	0.521739	FALSE	NA	NA	NA	NA	NA	NA
NC_045512.2	8841	C	T	11	2	27	1	1	24	0.0833333	12	0.521739	FALSE	NA	NA	NA	NA	NA	NA
NC_045512.2	8842	A	T	11	2	27	1	1	29	0.0769231	13	0.5	FALSE	NA	NA	NA	NA	NA	NA
NC_045512.2	8842	A	G	11	2	27	1	1	28	0.0769231	13	0.5	FALSE	NA	NA	NA	NA	NA	NA
NC_045512.2	8843	A	T	11	2	23	1	1	28	0.0769231	13	0.5	FALSE	NA	NA	NA	NA	NA	NA
NC_045512.2	8843	A	G	11	2	23	1	1	29	0.0769231	13	0.5	FALSE	NA	NA	NA	NA	NA	NA
NC_045512.2	8844	G	C	11	2	27	1	1	29	0.0769231	13	0.5	FALSE	NA	NA	NA	NA	NA	NA
NC_045512.2	8844	G	A	11	2	27	1	1	29	0.0769231	13	0.5	FALSE	NA	NA	NA	NA	NA	NA
NC_045512.2	8845	A	T	11	2	28	1	1	29	0.0769231	13	0.5	FALSE	NA	NA	NA	NA	NA	NA
NC_045512.2	8845	A	G	11	2	28	1	1	27	0.0769231	13	0.5	FALSE	NA	NA	NA	NA	NA	NA
NC_045512.2	8846	G	T	12	3	28	1	1	23	0.0769231	13	0.52	FALSE	NA	NA	NA	NA	NA	NA
NC_045512.2	8847	A	T	11	2	26	1	1	27	0.0769231	13	0.5	FALSE	NA	NA	NA	NA	NA	NA
NC_045512.2	8847	A	C	11	2	26	1	1	27	0.0769231	13	0.5	FALSE	NA	NA	NA	NA	NA	NA
NC_045512.2	8849	G	T	12	3	27	1	1	28	0.0769231	13	0.52	FALSE	NA	NA	NA	NA	NA	NA
NC_045512.2	8850	T	A	12	3	27	1	1	28	0.0769231	13	0.52	FALSE	NA	NA	NA	NA	NA	NA
NC_045512.2	8851	G	C	10	1	27	2	2	27	0.166667	12	0.26087	FALSE	NA	NA	NA	NA	NA	NA
NC_045512.2	8852	G	T	11	2	28	1	1	29	0.0769231	13	0.5	FALSE	NA	NA	NA	NA	NA	NA
NC_045512.2	8852	G	A	11	2	28	1	1	27	0.0769231	13	0.5	FALSE	NA	NA	NA	NA	NA	NA
NC_045512.2	8853	G	T	7	2	23	1	1	27	0.111111	9	0.5	FALSE	NA	NA	NA	NA	NA	NA
NC_045512.2	8853	G	A	7	2	23	1	1	24	0.111111	9	0.5	FALSE	NA	NA	NA	NA	NA	NA
NC_045512.2	8854	T	C	9	1	25	1	0	27	0.0833333	12	0.47619	FALSE	NA	NA	NA	NA	NA	NA
NC_045512.2	8854	T	A	9	1	25	2	2	25	0.166667	12	0.238095	FALSE	NA	NA	NA	NA	NA	NA
NC_045512.2	8855	T	A	12	3	27	1	1	24	0.0769231	13	0.52	FALSE	NA	NA	NA	NA	NA	NA
NC_045512.2	8856	T	G	11	2	27	1	1	26	0.0714286	14	0.48	FALSE	NA	NA	NA	NA	NA	NA
NC_045512.2	8856	T	C	11	2	27	1	1	24	0.0714286	14	0.48	FALSE	NA	NA	NA	NA	NA	NA
NC_045512.2	8856	T	A	11	2	27	1	1	26	0.0714286	14	0.48	FALSE	NA	NA	NA	NA	NA	NA
NC_045512.2	8857	T	C	6	2	23	1	1	26	0.125	8	0.5	FALSE	NA	NA	NA	NA	NA	NA
NC_045512.2	8857	T	A	6	2	23	1	1	28	0.125	8	0.5	FALSE	NA	NA	NA	NA	NA	NA
NC_045512.2	8858	G	T	11	2	26	1	1	27	0.0714286	14	0.48	FALSE	NA	NA	NA	NA	NA	NA
NC_045512.2	8858	G	C	11	2	26	1	1	28	0.0714286	14	0.48	FALSE	NA	NA	NA	NA	NA	NA
NC_045512.2	8858	G	A	11	2	26	1	1	28	0.0714286	14	0.48	FALSE	NA	NA	NA	NA	NA	NA
NC_045512.2	8859	T	G	10	2	26	1	1	27	0.0714286	14	0.458333	FALSE	NA	NA	NA	NA	NA	NA
NC_045512.2	8859	T	C	10	2	26	1	0	27	0.0714286	14	0.458333	FALSE	NA	NA	NA	NA	NA	NA
NC_045512.2	8859	T	A	10	2	26	2	2	22	0.142857	14	0.22	FALSE	NA	NA	NA	NA	NA	NA
NC_045512.2	8860	C	A	10	2	25	3	3	28	0.230769	13	0.124348	FALSE	NA	NA	NA	NA	NA	NA
NC_045512.2	8861	G	T	12	3	25	1	1	27	0.0714286	14	0.5	FALSE	NA	NA	NA	NA	NA	NA
NC_045512.2	8861	G	A	12	3	25	1	1	28	0.0714286	14	0.5	FALSE	NA	NA	NA	NA	NA	NA
NC_045512.2	8862	T	G	11	2	25	2	2	28	0.142857	14	0.24	FALSE	NA	NA	NA	NA	NA	NA
NC_045512.2	8862	T	A	11	2	25	1	1	24	0.0714286	14	0.48	FALSE	NA	NA	NA	NA	NA	NA
NC_045512.2	8863	G	C	11	2	26	1	1	21	0.0714286	14	0.48	FALSE	NA	NA	NA	NA	NA	NA
NC_045512.2	8863	G	A	11	2	26	2	2	28	0.142857	14	0.24	FALSE	NA	NA	NA	NA	NA	NA
NC_045512.2	8864	C	G	12	3	26	1	1	28	0.0769231	13	0.52	FALSE	NA	NA	NA	NA	NA	NA
NC_045512.2	8865	C	T	8	2	23	1	1	28	0.1	10	0.5	FALSE	NA	NA	NA	NA	NA	NA
NC_045512.2	8865	C	A	8	2	23	1	1	23	0.1	10	0.5	FALSE	NA	NA	NA	NA	NA	NA
NC_045512.2	8866	T	G	11	2	26	2	2	26	0.142857	14	0.24	FALSE	NA	NA	NA	NA	NA	NA
NC_045512.2	8866	T	A	11	2	26	1	1	31	0.0714286	14	0.48	FALSE	NA	NA	NA	NA	NA	NA
NC_045512.2	8867	G	A	13	4	27	1	1	27	0.0714286	14	0.518519	FALSE	NA	NA	NA	NA	NA	NA
NC_045512.2	8868	G	T	13	4	24	1	1	27	0.0714286	14	0.518519	FALSE	NA	NA	NA	NA	NA	NA
NC_045512.2	8869	T	G	11	2	26	1	1	22	0.0769231	13	0.5	FALSE	NA	NA	NA	NA	NA	NA
NC_045512.2	8869	T	C	11	2	26	1	1	27	0.0769231	13	0.5	FALSE	NA	NA	NA	NA	NA	NA
NC_045512.2	8870	T	G	12	4	27	1	1	27	0.0714286	14	0.5	FALSE	NA	NA	NA	NA	NA	NA
NC_045512.2	8870	T	C	12	4	27	1	0	27	0.0714286	14	0.5	FALSE	NA	NA	NA	NA	NA	NA
NC_045512.2	8872	G	T	12	3	27	1	1	27	0.0714286	14	0.5	FALSE	NA	NA	NA	NA	NA	NA
NC_045512.2	8872	G	A	12	3	27	1	1	27	0.0714286	14	0.5	FALSE	NA	NA	NA	NA	NA	NA
NC_045512.2	8873	C	T	11	2	27	1	1	28	0.0714286	14	0.48	FALSE	NA	NA	NA	NA	NA	NA
NC_045512.2	8873	C	G	11	2	27	2	2	26	0.142857	14	0.24	FALSE	NA	NA	NA	NA	NA	NA
NC_045512.2	8874	C	T	12	3	25	2	2	24	0.142857	14	0.259259	FALSE	NA	NA	NA	NA	NA	NA
NC_045512.2	8875	T	C	12	3	27	2	2	27	0.142857	14	0.259259	FALSE	NA	NA	NA	NA	NA	NA
NC_045512.2	8876	G	A	12	3	27	2	2	26	0.142857	14	0.259259	FALSE	NA	NA	NA	NA	NA	NA
NC_045512.2	8877	G	T	10	2	23	3	3	27	0.230769	13	0.124348	FALSE	NA	NA	NA	NA	NA	NA
NC_045512.2	8878	C	T	11	2	26	1	1	26	0.0714286	14	0.48	FALSE	NA	NA	NA	NA	NA	NA
NC_045512.2	8878	C	G	11	2	26	1	1	26	0.0714286	14	0.48	FALSE	NA	NA	NA	NA	NA	NA
NC_045512.2	8878	C	A	11	2	26	1	1	29	0.0714286	14	0.48	FALSE	NA	NA	NA	NA	NA	NA
NC_045512.2	8879	A	G	9	2	27	1	1	27	0.0909091	11	0.5	FALSE	NA	NA	NA	NA	NA	NA
NC_045512.2	8879	A	C	9	2	27	1	1	31	0.0909091	11	0.5	FALSE	NA	NA	NA	NA	NA	NA
NC_045512.2	8880	C	T	9	2	27	1	1	27	0.0833333	12	0.47619	FALSE	NA	NA	NA	NA	NA	NA
NC_045512.2	8880	C	G	9	2	27	1	1	29	0.0833333	12	0.47619	FALSE	NA	NA	NA	NA	NA	NA
NC_045512.2	8880	C	A	9	2	27	1	1	24	0.0833333	12	0.47619	FALSE	NA	NA	NA	NA	NA	NA
NC_045512.2	8881	G	A	10	3	26	1	1	22	0.0909091	11	0.52381	FALSE	NA	NA	NA	NA	NA	NA
NC_045512.2	8882	A	T	10	3	26	2	2	25	0.166667	12	0.26087	FALSE	NA	NA	NA	NA	NA	NA
NC_045512.2	8883	T	G	10	3	26	2	2	23	0.166667	12	0.26087	FALSE	NA	NA	NA	NA	NA	NA
NC_045512.2	8884	A	G	9	2	27	2	2	27	0.166667	12	0.238095	FALSE	NA	NA	NA	NA	NA	NA
NC_045512.2	8884	A	C	9	2	27	1	1	26	0.0833333	12	0.47619	FALSE	NA	NA	NA	NA	NA	NA
NC_045512.2	8885	T	A	11	4	26	1	1	26	0.0833333	12	0.521739	FALSE	NA	NA	NA	NA	NA	NA
NC_045512.2	8886	T	G	8	2	24	1	1	24	0.0909091	11	0.473684	FALSE	NA	NA	NA	NA	NA	NA
NC_045512.2	8886	T	C	8	2	24	1	1	26	0.0909091	11	0.473684	FALSE	NA	NA	NA	NA	NA	NA
NC_045512.2	8886	T	A	8	2	24	1	1	28	0.0909091	11	0.473684	FALSE	NA	NA	NA	NA	NA	NA
NC_045512.2	8887	A	G	9	2	26	1	1	27	0.0909091	11	0.5	FALSE	NA	NA	NA	NA	NA	NA
NC_045512.2	8887	A	C	9	2	26	1	1	25	0.0909091	11	0.5	FALSE	NA	NA	NA	NA	NA	NA
NC_045512.2	8888	C	T	9	2	26	1	1	22	0.0833333	12	0.47619	FALSE	NA	NA	NA	NA	NA	NA
NC_045512.2	8888	C	A	9	2	26	2	2	25	0.166667	12	0.238095	FALSE	NA	NA	NA	NA	NA	NA
NC_045512.2	8889	G	T	10	3	26	1	1	27	0.0833333	12	0.5	FALSE	NA	NA	NA	NA	NA	NA
NC_045512.2	8889	G	A	10	3	26	1	1	26	0.0833333	12	0.5	FALSE	NA	NA	NA	NA	NA	NA
NC_045512.2	8890	C	T	9	2	26	1	1	24	0.0833333	12	0.47619	FALSE	NA	NA	NA	NA	NA	NA
NC_045512.2	8890	C	G	9	2	26	1	1	26	0.0833333	12	0.47619	FALSE	NA	NA	NA	NA	NA	NA
NC_045512.2	8890	C	A	9	2	26	1	1	27	0.0833333	12	0.47619	FALSE	NA	NA	NA	NA	NA	NA
NC_045512.2	8891	A	T	9	2	25	1	1	27	0.0833333	12	0.47619	FALSE	NA	NA	NA	NA	NA	NA
NC_045512.2	8891	A	C	9	2	25	2	2	25	0.166667	12	0.238095	FALSE	NA	NA	NA	NA	NA	NA
NC_045512.2	8892	C	T	9	2	25	1	1	20	0.0833333	12	0.47619	FALSE	NA	NA	NA	NA	NA	NA
NC_045512.2	8892	C	A	9	2	25	2	2	27	0.166667	12	0.238095	FALSE	NA	NA	NA	NA	NA	NA
NC_045512.2	8893	A	T	8	1	26	2	2	26	0.181818	11	0.236842	FALSE	NA	NA	NA	NA	NA	NA
NC_045512.2	8893	A	C	8	1	26	1	1	30	0.0909091	11	0.473684	FALSE	NA	NA	NA	NA	NA	NA
NC_045512.2	8894	A	T	8	3	24	1	1	28	0.1	10	0.5	FALSE	NA	NA	NA	NA	NA	NA
NC_045512.2	8894	A	G	8	3	24	1	1	23	0.1	10	0.5	FALSE	NA	NA	NA	NA	NA	NA
NC_045512.2	8895	C	A	9	2	26	2	2	25	0.181818	11	0.261905	FALSE	NA	NA	NA	NA	NA	NA
NC_045512.2	8896	T	C	9	2	26	2	2	25	0.166667	12	0.238095	FALSE	NA	NA	NA	NA	NA	NA
NC_045512.2	8896	T	A	9	2	26	1	1	28	0.0833333	12	0.47619	FALSE	NA	NA	NA	NA	NA	NA
NC_045512.2	8897	A	T	10	3	25	1	1	27	0.0833333	12	0.5	FALSE	NA	NA	NA	NA	NA	NA
NC_045512.2	8897	A	C	10	3	25	1	1	23	0.0833333	12	0.5	FALSE	NA	NA	NA	NA	NA	NA
NC_045512.2	8898	A	G	10	4	23	1	1	27	0.0909091	11	0.52381	FALSE	NA	NA	NA	NA	NA	NA
NC_045512.2	8899	T	G	9	2	26	1	1	25	0.0909091	11	0.5	FALSE	NA	NA	NA	NA	NA	NA
NC_045512.2	8899	T	A	9	2	26	1	1	27	0.0909091	11	0.5	FALSE	NA	NA	NA	NA	NA	NA
NC_045512.2	8900	G	T	9	2	26	1	1	30	0.0833333	12	0.47619	FALSE	NA	NA	NA	NA	NA	NA
NC_045512.2	8900	G	C	9	2	26	1	1	27	0.0833333	12	0.47619	FALSE	NA	NA	NA	NA	NA	NA
NC_045512.2	8900	G	A	9	2	26	1	1	25	0.0833333	12	0.47619	FALSE	NA	NA	NA	NA	NA	NA
NC_045512.2	8901	G	A	11	4	24	1	1	21	0.0833333	12	0.521739	FALSE	NA	NA	NA	NA	NA	NA
NC_045512.2	8902	T	A	9	2	27	3	3	25	0.25	12	0.124224	FALSE	NA	NA	NA	NA	NA	NA
NC_045512.2	8903	G	A	9	2	26	2	2	27	0.181818	11	0.261905	FALSE	NA	NA	NA	NA	NA	NA
NC_045512.2	8904	A	T	9	2	26	1	1	23	0.0833333	12	0.47619	FALSE	NA	NA	NA	NA	NA	NA
NC_045512.2	8904	A	G	9	2	26	2	2	26	0.166667	12	0.238095	FALSE	NA	NA	NA	NA	NA	NA
NC_045512.2	8905	C	T	10	3	25	1	1	27	0.0833333	12	0.5	FALSE	NA	NA	NA	NA	NA	NA
NC_045512.2	8905	C	G	10	3	25	1	1	24	0.0833333	12	0.5	FALSE	NA	NA	NA	NA	NA	NA
NC_045512.2	8905	C	+T	10	3	25	1	0	20	0.0833333	12	0.5	FALSE	NA	NA	NA	NA	NA	NA
NC_045512.2	8906	T	G	8	1	25	1	1	22	0.1	10	0.5	FALSE	NA	NA	NA	NA	NA	NA
NC_045512.2	8906	T	C	8	1	25	1	1	27	0.1	10	0.5	FALSE	NA	NA	NA	NA	NA	NA
NC_045512.2	8907	T	G	9	4	28	1	1	27	0.1	10	0.526316	FALSE	NA	NA	NA	NA	NA	NA
NC_045512.2	8908	T	G	7	2	28	3	3	27	0.3	10	0.123839	FALSE	NA	NA	NA	NA	NA	NA
NC_045512.2	8909	T	C	7	2	28	2	2	26	0.222222	9	0.264706	FALSE	NA	NA	NA	NA	NA	NA
NC_045512.2	8910	T	C	3	3	27	1	1	29	0.2	5	0.5	FALSE	NA	NA	NA	NA	NA	NA
NC_045512.2	8910	T	A	3	3	27	1	1	28	0.2	5	0.5	FALSE	NA	NA	NA	NA	NA	NA
NC_045512.2	8911	G	T	18	6	27	1	1	25	0.05	20	0.5	FALSE	NA	NA	NA	NA	NA	NA
NC_045512.2	8911	G	C	18	6	27	1	1	28	0.05	20	0.5	FALSE	NA	NA	NA	NA	NA	NA
NC_045512.2	8912	C	T	17	5	27	2	2	24	0.1	20	0.243243	FALSE	NA	NA	NA	NA	NA	NA
NC_045512.2	8912	C	A	17	5	27	1	1	28	0.05	20	0.486486	FALSE	NA	NA	NA	NA	NA	NA
NC_045512.2	8913	A	T	17	5	27	1	1	24	0.05	20	0.486486	FALSE	NA	NA	NA	NA	NA	NA
NC_045512.2	8913	A	G	17	5	27	1	1	25	0.05	20	0.486486	FALSE	NA	NA	NA	NA	NA	NA
NC_045512.2	8913	A	C	17	5	27	1	1	23	0.05	20	0.486486	FALSE	NA	NA	NA	NA	NA	NA
NC_045512.2	8914	T	A	18	6	26	1	1	23	0.0526316	19	0.513514	FALSE	NA	NA	NA	NA	NA	NA
NC_045512.2	8915	T	G	18	6	28	1	1	27	0.05	20	0.5	FALSE	NA	NA	NA	NA	NA	NA
NC_045512.2	8915	T	C	18	6	28	1	1	27	0.05	20	0.5	FALSE	NA	NA	NA	NA	NA	NA
NC_045512.2	8916	T	G	15	5	24	1	1	26	0.0555556	18	0.484848	FALSE	NA	NA	NA	NA	NA	NA
NC_045512.2	8916	T	A	15	5	24	2	2	23	0.111111	18	0.242424	FALSE	NA	NA	NA	NA	NA	NA
NC_045512.2	8917	C	T	17	5	27	2	2	25	0.1	20	0.243243	FALSE	NA	NA	NA	NA	NA	NA
NC_045512.2	8917	C	A	17	5	27	1	1	27	0.05	20	0.486486	FALSE	NA	NA	NA	NA	NA	NA
NC_045512.2	8918	T	G	18	6	26	1	1	27	0.05	20	0.5	FALSE	NA	NA	NA	NA	NA	NA
NC_045512.2	8918	T	C	18	6	26	1	1	26	0.05	20	0.5	FALSE	NA	NA	NA	NA	NA	NA
NC_045512.2	8919	T	G	16	5	24	1	1	23	0.0555556	18	0.5	FALSE	NA	NA	NA	NA	NA	NA
NC_045512.2	8919	T	C	16	5	24	1	1	21	0.0555556	18	0.5	FALSE	NA	NA	NA	NA	NA	NA
NC_045512.2	8920	A	C	18	6	27	2	2	25	0.1	20	0.25641	FALSE	NA	NA	NA	NA	NA	NA
NC_045512.2	8921	C	T	17	5	26	2	2	25	0.1	20	0.243243	FALSE	NA	NA	NA	NA	NA	NA
NC_045512.2	8921	C	G	17	5	26	1	1	25	0.05	20	0.486486	FALSE	NA	NA	NA	NA	NA	NA
NC_045512.2	8922	C	G	17	5	25	2	2	25	0.1	20	0.243243	FALSE	NA	NA	NA	NA	NA	NA
NC_045512.2	8922	C	A	17	5	25	1	1	27	0.05	20	0.486486	FALSE	NA	NA	NA	NA	NA	NA
NC_045512.2	8923	T	G	17	5	27	2	2	27	0.1	20	0.243243	FALSE	NA	NA	NA	NA	NA	NA
NC_045512.2	8923	T	C	17	5	27	1	1	27	0.05	20	0.486486	FALSE	NA	NA	NA	NA	NA	NA
NC_045512.2	8924	A	T	19	7	27	1	1	20	0.05	20	0.512821	FALSE	NA	NA	NA	NA	NA	NA
NC_045512.2	8925	G	T	18	6	27	1	1	26	0.047619	21	0.487179	FALSE	NA	NA	NA	NA	NA	NA
NC_045512.2	8925	G	A	18	6	27	2	2	28	0.0952381	21	0.24359	FALSE	NA	NA	NA	NA	NA	NA
NC_045512.2	8926	A	T	17	5	26	2	2	26	0.0952381	21	0.230769	FALSE	NA	NA	NA	NA	NA	NA
NC_045512.2	8926	A	G	17	5	26	1	1	28	0.047619	21	0.473684	FALSE	NA	NA	NA	NA	NA	NA
NC_045512.2	8926	A	C	17	5	26	1	1	27	0.047619	21	0.473684	FALSE	NA	NA	NA	NA	NA	NA
NC_045512.2	8927	G	T	18	6	26	2	2	27	0.0952381	21	0.24359	FALSE	NA	NA	NA	NA	NA	NA
NC_045512.2	8927	G	C	18	6	26	1	1	26	0.047619	21	0.487179	FALSE	NA	NA	NA	NA	NA	NA
NC_045512.2	8927	G	+T	18	6	26	2	0	20	0.0952381	21	0.24359	FALSE	NA	NA	NA	NA	NA	NA
NC_045512.2	8928	T	G	13	1	26	1	1	22	0.0588235	17	0.466667	FALSE	NA	NA	NA	NA	NA	NA
NC_045512.2	8928	T	C	13	1	26	1	1	23	0.0588235	17	0.466667	FALSE	NA	NA	NA	NA	NA	NA
NC_045512.2	8928	T	A	13	1	26	2	2	25	0.117647	17	0.225806	FALSE	NA	NA	NA	NA	NA	NA
NC_045512.2	8929	T	G	17	6	27	1	1	30	0.05	20	0.486486	FALSE	NA	NA	NA	NA	NA	NA
NC_045512.2	8929	T	C	17	6	27	1	1	26	0.05	20	0.486486	FALSE	NA	NA	NA	NA	NA	NA
NC_045512.2	8929	T	A	17	6	27	1	1	29	0.05	20	0.486486	FALSE	NA	NA	NA	NA	NA	NA
NC_045512.2	8930	T	G	18	7	27	1	1	23	0.05	20	0.5	FALSE	NA	NA	NA	NA	NA	NA
NC_045512.2	8930	T	A	18	7	27	1	1	23	0.05	20	0.5	FALSE	NA	NA	NA	NA	NA	NA
NC_045512.2	8930	T	-T	18	7	27	1	0	20	0.05	20	0.5	FALSE	NA	NA	NA	NA	NA	NA
NC_045512.2	8931	T	G	16	5	27	2	2	23	0.105263	19	0.242857	FALSE	NA	NA	NA	NA	NA	NA
NC_045512.2	8931	T	A	16	5	27	1	1	29	0.0526316	19	0.485714	FALSE	NA	NA	NA	NA	NA	NA
NC_045512.2	8932	T	G	5	5	27	1	1	24	0.125	8	0.461538	FALSE	NA	NA	NA	NA	NA	NA
NC_045512.2	8932	T	C	5	5	27	1	1	26	0.125	8	0.461538	FALSE	NA	NA	NA	NA	NA	NA
NC_045512.2	8932	T	A	5	5	27	1	1	26	0.125	8	0.461538	FALSE	NA	NA	NA	NA	NA	NA
NC_045512.2	8933	A	T	17	6	26	1	1	23	0.05	20	0.486486	FALSE	NA	NA	NA	NA	NA	NA
NC_045512.2	8933	A	C	17	6	26	2	2	22	0.1	20	0.243243	FALSE	NA	NA	NA	NA	NA	NA
NC_045512.2	8934	G	T	16	5	26	1	1	23	0.0526316	19	0.485714	FALSE	NA	NA	NA	NA	NA	NA
NC_045512.2	8934	G	A	16	5	26	2	2	24	0.105263	19	0.242857	FALSE	NA	NA	NA	NA	NA	NA
NC_045512.2	8935	T	G	15	5	27	2	2	24	0.105263	19	0.228571	FALSE	NA	NA	NA	NA	NA	NA
NC_045512.2	8935	T	C	15	5	27	1	1	25	0.0526316	19	0.470588	FALSE	NA	NA	NA	NA	NA	NA
NC_045512.2	8935	T	A	15	5	27	1	1	23	0.0526316	19	0.470588	FALSE	NA	NA	NA	NA	NA	NA
NC_045512.2	8936	G	T	16	6	26	1	1	26	0.0526316	19	0.485714	FALSE	NA	NA	NA	NA	NA	NA
NC_045512.2	8936	G	A	16	6	26	2	2	24	0.105263	19	0.242857	FALSE	NA	NA	NA	NA	NA	NA
NC_045512.2	8937	C	T	15	6	26	1	0	29	0.0526316	19	0.470588	FALSE	NA	NA	NA	NA	NA	NA
NC_045512.2	8937	C	G	15	6	26	2	2	24	0.105263	19	0.228571	FALSE	NA	NA	NA	NA	NA	NA
NC_045512.2	8937	C	A	15	6	26	1	1	27	0.0526316	19	0.470588	FALSE	NA	NA	NA	NA	NA	NA
NC_045512.2	8938	A	T	16	5	26	1	1	27	0.0526316	19	0.485714	FALSE	NA	NA	NA	NA	NA	NA
NC_045512.2	8938	A	G	16	5	26	1	1	26	0.0526316	19	0.485714	FALSE	NA	NA	NA	NA	NA	NA
NC_045512.2	8938	A	C	16	5	26	1	1	27	0.0526316	19	0.485714	FALSE	NA	NA	NA	NA	NA	NA
NC_045512.2	8939	G	T	16	5	27	2	2	24	0.1	20	0.22973	FALSE	NA	NA	NA	NA	NA	NA
NC_045512.2	8939	G	A	16	5	27	2	2	27	0.1	20	0.22973	FALSE	NA	NA	NA	NA	NA	NA
NC_045512.2	8940	T	G	15	5	26	2	2	26	0.117647	17	0.257576	FALSE	NA	NA	NA	NA	NA	NA
NC_045512.2	8941	T	G	17	7	25	1	1	27	0.0526316	19	0.5	FALSE	NA	NA	NA	NA	NA	NA
NC_045512.2	8941	T	C	17	7	25	1	1	20	0.0526316	19	0.5	FALSE	NA	NA	NA	NA	NA	NA
NC_045512.2	8942	G	C	16	6	25	2	2	23	0.105263	19	0.242857	FALSE	NA	NA	NA	NA	NA	NA
NC_045512.2	8942	G	A	16	6	25	1	1	28	0.0526316	19	0.485714	FALSE	NA	NA	NA	NA	NA	NA
NC_045512.2	8943	G	T	16	6	25	1	1	26	0.0526316	19	0.485714	FALSE	NA	NA	NA	NA	NA	NA
NC_045512.2	8943	G	C	16	6	25	2	2	28	0.105263	19	0.242857	FALSE	NA	NA	NA	NA	NA	NA
NC_045512.2	8944	T	G	15	5	27	3	3	25	0.157895	19	0.114286	FALSE	NA	NA	NA	NA	NA	NA
NC_045512.2	8944	T	C	15	5	27	1	1	25	0.0526316	19	0.470588	FALSE	NA	NA	NA	NA	NA	NA
NC_045512.2	8945	A	T	15	5	26	1	1	22	0.0555556	18	0.484848	FALSE	NA	NA	NA	NA	NA	NA
NC_045512.2	8945	A	G	15	5	26	1	1	26	0.0555556	18	0.484848	FALSE	NA	NA	NA	NA	NA	NA
NC_045512.2	8945	A	C	15	5	26	1	1	27	0.0555556	18	0.484848	FALSE	NA	NA	NA	NA	NA	NA
NC_045512.2	8946	A	T	16	6	25	2	2	25	0.111111	18	0.257143	FALSE	NA	NA	NA	NA	NA	NA
NC_045512.2	8947	C	T	16	6	27	3	3	27	0.157895	19	0.12471	FALSE	NA	NA	NA	NA	NA	NA
NC_045512.2	8948	A	T	16	6	27	2	2	27	0.105263	19	0.242857	FALSE	NA	NA	NA	NA	NA	NA
NC_045512.2	8948	A	G	16	6	27	1	1	27	0.0526316	19	0.485714	FALSE	NA	NA	NA	NA	NA	NA
NC_045512.2	8949	T	G	15	5	27	2	2	26	0.105263	19	0.228571	FALSE	NA	NA	NA	NA	NA	NA
NC_045512.2	8949	T	A	15	5	27	2	2	27	0.105263	19	0.228571	FALSE	NA	NA	NA	NA	NA	NA
NC_045512.2	8950	C	T	17	7	26	2	2	24	0.105263	19	0.256757	FALSE	NA	NA	NA	NA	NA	NA
NC_045512.2	8951	T	C	17	7	27	2	2	27	0.105263	19	0.256757	FALSE	NA	NA	NA	NA	NA	NA
NC_045512.2	8952	G	C	17	7	27	1	1	27	0.0526316	19	0.5	FALSE	NA	NA	NA	NA	NA	NA
NC_045512.2	8952	G	A	17	7	27	1	1	24	0.0526316	19	0.5	FALSE	NA	NA	NA	NA	NA	NA
NC_045512.2	8953	T	G	15	5	26	1	1	22	0.0555556	18	0.484848	FALSE	NA	NA	NA	NA	NA	NA
NC_045512.2	8953	T	C	15	5	26	1	1	28	0.0555556	18	0.484848	FALSE	NA	NA	NA	NA	NA	NA
NC_045512.2	8953	T	A	15	5	26	1	1	28	0.0555556	18	0.484848	FALSE	NA	NA	NA	NA	NA	NA
NC_045512.2	8954	T	G	17	7	25	2	2	27	0.105263	19	0.256757	FALSE	NA	NA	NA	NA	NA	NA
NC_045512.2	8955	A	G	15	5	27	2	2	26	0.105263	19	0.228571	FALSE	NA	NA	NA	NA	NA	NA
NC_045512.2	8955	A	C	15	5	27	2	2	25	0.105263	19	0.228571	FALSE	NA	NA	NA	NA	NA	NA
NC_045512.2	8956	C	G	17	7	27	1	1	28	0.0526316	19	0.5	FALSE	NA	NA	NA	NA	NA	NA
NC_045512.2	8956	C	A	17	7	27	1	1	27	0.0526316	19	0.5	FALSE	NA	NA	NA	NA	NA	NA
NC_045512.2	8957	A	T	16	6	27	2	2	28	0.105263	19	0.242857	FALSE	NA	NA	NA	NA	NA	NA
NC_045512.2	8957	A	C	16	6	27	1	1	23	0.0526316	19	0.485714	FALSE	NA	NA	NA	NA	NA	NA
NC_045512.2	8958	C	G	15	5	27	4	4	25	0.210526	19	0.0586873	FALSE	NA	NA	NA	NA	NA	NA
NC_045512.2	8959	A	T	17	7	27	1	1	27	0.0526316	19	0.5	FALSE	NA	NA	NA	NA	NA	NA
NC_045512.2	8959	A	G	17	7	27	1	1	27	0.0526316	19	0.5	FALSE	NA	NA	NA	NA	NA	NA
NC_045512.2	8960	C	T	17	7	25	2	2	24	0.105263	19	0.256757	FALSE	NA	NA	NA	NA	NA	NA
NC_045512.2	8961	C	T	10	5	24	1	1	27	0.0769231	13	0.478261	FALSE	NA	NA	NA	NA	NA	NA
NC_045512.2	8961	C	A	10	5	24	2	2	28	0.153846	13	0.23913	FALSE	NA	NA	NA	NA	NA	NA
NC_045512.2	8962	A	T	12	5	25	4	4	29	0.25	16	0.057842	FALSE	NA	NA	NA	NA	NA	NA
NC_045512.2	8962	A	+C	12	5	25	1	0	20	0.0625	16	0.464286	FALSE	NA	NA	NA	NA	NA	NA
NC_045512.2	8963	T	G	14	7	24	1	1	27	0.0625	16	0.5	FALSE	NA	NA	NA	NA	NA	NA
NC_045512.2	8963	T	A	14	7	24	1	1	22	0.0625	16	0.5	FALSE	NA	NA	NA	NA	NA	NA
NC_045512.2	8964	C	T	12	6	24	1	1	38	0.0625	16	0.464286	FALSE	NA	NA	NA	NA	NA	NA
NC_045512.2	8964	C	G	12	6	24	1	0	21	0.0625	16	0.464286	FALSE	NA	NA	NA	NA	NA	NA
NC_045512.2	8964	C	A	12	6	24	2	2	27	0.125	16	0.224138	FALSE	NA	NA	NA	NA	NA	NA
NC_045512.2	8965	A	T	9	2	23	1	1	32	0.0769231	13	0.454545	FALSE	NA	NA	NA	NA	NA	NA
NC_045512.2	8965	A	C	9	2	23	3	3	28	0.230769	13	0.108696	FALSE	NA	NA	NA	NA	NA	NA
NC_045512.2	8966	A	T	13	6	28	1	1	27	0.0625	16	0.482759	FALSE	NA	NA	NA	NA	NA	NA
NC_045512.2	8966	A	G	13	6	28	2	2	30	0.125	16	0.241379	FALSE	NA	NA	NA	NA	NA	NA
NC_045512.2	8967	A	G	13	6	28	1	1	22	0.0625	16	0.482759	FALSE	NA	NA	NA	NA	NA	NA
NC_045512.2	8967	A	C	13	6	28	2	2	28	0.125	16	0.241379	FALSE	NA	NA	NA	NA	NA	NA
NC_045512.2	8968	A	G	10	7	25	2	2	26	0.166667	12	0.26087	FALSE	NA	NA	NA	NA	NA	NA
NC_045512.2	8969	C	T	14	7	27	1	1	22	0.0625	16	0.5	FALSE	NA	NA	NA	NA	NA	NA
NC_045512.2	8969	C	A	14	7	27	1	1	26	0.0625	16	0.5	FALSE	NA	NA	NA	NA	NA	NA
NC_045512.2	8970	T	G	12	6	25	1	1	27	0.0625	16	0.464286	FALSE	NA	NA	NA	NA	NA	NA
NC_045512.2	8970	T	C	12	6	25	1	0	20	0.0625	16	0.464286	FALSE	NA	NA	NA	NA	NA	NA
NC_045512.2	8970	T	A	12	6	25	2	2	24	0.125	16	0.224138	FALSE	NA	NA	NA	NA	NA	NA
NC_045512.2	8971	T	C	12	6	25	1	1	23	0.0666667	15	0.481481	FALSE	NA	NA	NA	NA	NA	NA
NC_045512.2	8971	T	A	12	6	25	2	2	24	0.133333	15	0.240741	FALSE	NA	NA	NA	NA	NA	NA
NC_045512.2	8972	A	G	13	6	27	1	1	23	0.0625	16	0.482759	FALSE	NA	NA	NA	NA	NA	NA
NC_045512.2	8972	A	C	13	6	27	2	2	27	0.125	16	0.241379	FALSE	NA	NA	NA	NA	NA	NA
NC_045512.2	8973	T	G	14	7	27	1	1	26	0.0625	16	0.5	FALSE	NA	NA	NA	NA	NA	NA
NC_045512.2	8973	T	A	14	7	27	1	1	23	0.0625	16	0.5	FALSE	NA	NA	NA	NA	NA	NA
NC_045512.2	8974	A	T	13	6	27	3	3	27	0.1875	16	0.124583	FALSE	NA	NA	NA	NA	NA	NA
NC_045512.2	8975	G	A	13	6	27	3	3	28	0.1875	16	0.124583	FALSE	NA	NA	NA	NA	NA	NA
NC_045512.2	8976	A	T	12	5	27	2	2	26	0.125	16	0.224138	FALSE	NA	NA	NA	NA	NA	NA
NC_045512.2	8976	A	G	12	5	27	1	1	27	0.0625	16	0.464286	FALSE	NA	NA	NA	NA	NA	NA
NC_045512.2	8976	A	C	12	5	27	1	1	24	0.0625	16	0.464286	FALSE	NA	NA	NA	NA	NA	NA
NC_045512.2	8977	G	T	13	6	28	1	1	29	0.0666667	15	0.5	FALSE	NA	NA	NA	NA	NA	NA
NC_045512.2	8977	G	C	13	6	28	1	1	28	0.0666667	15	0.5	FALSE	NA	NA	NA	NA	NA	NA
NC_045512.2	8978	T	G	13	6	28	1	1	25	0.0666667	15	0.5	FALSE	NA	NA	NA	NA	NA	NA
NC_045512.2	8978	T	A	13	6	28	1	1	29	0.0666667	15	0.5	FALSE	NA	NA	NA	NA	NA	NA
NC_045512.2	8979	A	T	13	6	27	2	2	25	0.125	16	0.241379	FALSE	NA	NA	NA	NA	NA	NA
NC_045512.2	8979	A	C	13	6	27	1	1	29	0.0625	16	0.482759	FALSE	NA	NA	NA	NA	NA	NA
NC_045512.2	8980	C	T	11	4	28	2	2	27	0.125	16	0.206349	FALSE	NA	NA	NA	NA	NA	NA
NC_045512.2	8980	C	G	11	4	28	3	3	27	0.1875	16	0.0996169	FALSE	NA	NA	NA	NA	NA	NA
NC_045512.2	8981	A	T	14	7	27	1	1	27	0.0625	16	0.5	FALSE	NA	NA	NA	NA	NA	NA
NC_045512.2	8981	A	C	14	7	27	1	1	27	0.0625	16	0.5	FALSE	NA	NA	NA	NA	NA	NA
NC_045512.2	8982	C	G	13	6	26	2	2	25	0.125	16	0.241379	FALSE	NA	NA	NA	NA	NA	NA
NC_045512.2	8982	C	A	13	6	26	1	1	27	0.0625	16	0.482759	FALSE	NA	NA	NA	NA	NA	NA
NC_045512.2	8983	T	C	13	6	26	1	1	28	0.0714286	14	0.518519	FALSE	NA	NA	NA	NA	NA	NA
NC_045512.2	8984	G	T	12	5	27	2	2	26	0.125	16	0.224138	FALSE	NA	NA	NA	NA	NA	NA
NC_045512.2	8984	G	C	12	5	27	1	1	26	0.0625	16	0.464286	FALSE	NA	NA	NA	NA	NA	NA
NC_045512.2	8984	G	A	12	5	27	1	1	23	0.0625	16	0.464286	FALSE	NA	NA	NA	NA	NA	NA
NC_045512.2	8985	A	T	13	6	28	2	2	26	0.125	16	0.241379	FALSE	NA	NA	NA	NA	NA	NA
NC_045512.2	8985	A	G	13	6	28	1	1	28	0.0625	16	0.482759	FALSE	NA	NA	NA	NA	NA	NA
NC_045512.2	8986	C	T	13	6	28	3	3	26	0.1875	16	0.124583	FALSE	NA	NA	NA	NA	NA	NA
NC_045512.2	8987	T	G	13	6	26	1	1	27	0.0714286	14	0.518519	FALSE	NA	NA	NA	NA	NA	NA
NC_045512.2	8988	T	G	10	3	28	1	1	24	0.0769231	13	0.478261	FALSE	NA	NA	NA	NA	NA	NA
NC_045512.2	8988	T	C	10	3	28	1	1	22	0.0769231	13	0.478261	FALSE	NA	NA	NA	NA	NA	NA
NC_045512.2	8988	T	A	10	3	28	1	1	29	0.0769231	13	0.478261	FALSE	NA	NA	NA	NA	NA	NA
NC_045512.2	8989	T	G	10	3	24	1	1	28	0.0714286	14	0.458333	FALSE	NA	NA	NA	NA	NA	NA
NC_045512.2	8989	T	C	10	3	24	2	2	27	0.142857	14	0.22	FALSE	NA	NA	NA	NA	NA	NA
NC_045512.2	8989	T	A	10	3	24	1	1	23	0.0714286	14	0.458333	FALSE	NA	NA	NA	NA	NA	NA
NC_045512.2	8990	G	T	10	3	27	3	3	26	0.214286	14	0.11	FALSE	NA	NA	NA	NA	NA	NA
NC_045512.2	8990	G	A	10	3	27	1	1	28	0.0714286	14	0.458333	FALSE	NA	NA	NA	NA	NA	NA
NC_045512.2	8991	C	T	10	3	26	1	1	22	0.0714286	14	0.458333	FALSE	NA	NA	NA	NA	NA	NA
NC_045512.2	8991	C	G	10	3	26	3	3	22	0.214286	14	0.11	FALSE	NA	NA	NA	NA	NA	NA
NC_045512.2	8992	A	T	9	3	26	1	1	30	0.0714286	14	0.434783	FALSE	NA	NA	NA	NA	NA	NA
NC_045512.2	8992	A	G	9	3	26	3	2	27	0.214286	14	0.0956522	FALSE	NA	NA	NA	NA	NA	NA
NC_045512.2	8992	A	C	9	3	26	1	1	24	0.0714286	14	0.434783	FALSE	NA	NA	NA	NA	NA	NA
NC_045512.2	8993	A	T	11	4	25	3	3	25	0.214286	14	0.124444	FALSE	NA	NA	NA	NA	NA	NA
NC_045512.2	8994	C	T	11	4	27	1	1	27	0.0714286	14	0.48	FALSE	NA	NA	NA	NA	NA	NA
NC_045512.2	8994	C	G	11	4	27	2	2	26	0.142857	14	0.24	FALSE	NA	NA	NA	NA	NA	NA
NC_045512.2	8995	A	T	11	4	27	3	3	24	0.214286	14	0.124444	FALSE	NA	NA	NA	NA	NA	NA
NC_045512.2	8996	T	G	12	5	27	1	1	27	0.0714286	14	0.5	FALSE	NA	NA	NA	NA	NA	NA
NC_045512.2	8996	T	C	12	5	27	1	1	24	0.0714286	14	0.5	FALSE	NA	NA	NA	NA	NA	NA
NC_045512.2	8997	C	G	11	4	27	1	1	20	0.0769231	13	0.5	FALSE	NA	NA	NA	NA	NA	NA
NC_045512.2	8997	C	A	11	4	27	1	1	28	0.0769231	13	0.5	FALSE	NA	NA	NA	NA	NA	NA
NC_045512.2	8998	A	T	10	3	27	1	1	24	0.0714286	14	0.458333	FALSE	NA	NA	NA	NA	NA	NA
NC_045512.2	8998	A	G	10	3	27	1	1	24	0.0714286	14	0.458333	FALSE	NA	NA	NA	NA	NA	NA
NC_045512.2	8998	A	C	10	3	27	2	2	25	0.142857	14	0.22	FALSE	NA	NA	NA	NA	NA	NA
NC_045512.2	8999	G	T	10	3	27	3	3	25	0.214286	14	0.11	FALSE	NA	NA	NA	NA	NA	NA
NC_045512.2	8999	G	C	10	3	27	1	1	31	0.0714286	14	0.458333	FALSE	NA	NA	NA	NA	NA	NA
NC_045512.2	9000	C	T	10	3	27	2	2	26	0.153846	13	0.23913	FALSE	NA	NA	NA	NA	NA	NA
NC_045512.2	9000	C	G	10	3	27	1	1	26	0.0769231	13	0.478261	FALSE	NA	NA	NA	NA	NA	NA
NC_045512.2	9001	T	G	11	4	25	1	1	28	0.0714286	14	0.48	FALSE	NA	NA	NA	NA	NA	NA
NC_045512.2	9001	T	A	11	4	25	2	2	31	0.142857	14	0.24	FALSE	NA	NA	NA	NA	NA	NA
NC_045512.2	9002	T	G	9	3	25	2	2	25	0.153846	13	0.217391	FALSE	NA	NA	NA	NA	NA	NA
NC_045512.2	9002	T	C	9	3	25	2	2	27	0.153846	13	0.217391	FALSE	NA	NA	NA	NA	NA	NA
NC_045512.2	9003	G	C	10	3	27	1	1	28	0.0714286	14	0.458333	FALSE	NA	NA	NA	NA	NA	NA
NC_045512.2	9003	G	A	10	3	27	3	3	26	0.214286	14	0.11	FALSE	NA	NA	NA	NA	NA	NA
NC_045512.2	9004	T	G	10	4	27	1	1	27	0.0714286	14	0.458333	FALSE	NA	NA	NA	NA	NA	NA
NC_045512.2	9004	T	C	10	4	27	2	1	26	0.142857	14	0.22	FALSE	NA	NA	NA	NA	NA	NA
NC_045512.2	9004	T	A	10	4	27	1	1	27	0.0714286	14	0.458333	FALSE	NA	NA	NA	NA	NA	NA
NC_045512.2	9005	G	T	10	4	26	1	1	22	0.0833333	12	0.5	FALSE	NA	NA	NA	NA	NA	NA
NC_045512.2	9005	G	C	10	4	26	1	1	25	0.0833333	12	0.5	FALSE	NA	NA	NA	NA	NA	NA
NC_045512.2	9006	T	A	10	4	26	1	1	27	0.0909091	11	0.52381	FALSE	NA	NA	NA	NA	NA	NA
NC_045512.2	9007	T	G	12	6	27	1	1	25	0.0769231	13	0.52	FALSE	NA	NA	NA	NA	NA	NA
NC_045512.2	9008	T	C	10	5	26	2	1	29	0.153846	13	0.23913	FALSE	NA	NA	NA	NA	NA	NA
NC_045512.2	9008	T	A	10	5	26	1	1	27	0.0769231	13	0.478261	FALSE	NA	NA	NA	NA	NA	NA
NC_045512.2	9010	G	T	9	3	25	2	2	27	0.153846	13	0.217391	FALSE	NA	NA	NA	NA	NA	NA
NC_045512.2	9010	G	A	9	3	25	2	2	26	0.153846	13	0.217391	FALSE	NA	NA	NA	NA	NA	NA
NC_045512.2	9011	G	C	10	4	23	1	1	27	0.0769231	13	0.478261	FALSE	NA	NA	NA	NA	NA	NA
NC_045512.2	9011	G	A	10	4	23	2	2	26	0.153846	13	0.23913	FALSE	NA	NA	NA	NA	NA	NA
NC_045512.2	9012	C	T	11	5	27	1	1	27	0.0769231	13	0.5	FALSE	NA	NA	NA	NA	NA	NA
NC_045512.2	9012	C	A	11	5	27	1	1	27	0.0769231	13	0.5	FALSE	NA	NA	NA	NA	NA	NA
NC_045512.2	9013	T	G	9	3	27	2	2	27	0.153846	13	0.217391	FALSE	NA	NA	NA	NA	NA	NA
NC_045512.2	9013	T	C	9	3	27	2	2	27	0.153846	13	0.217391	FALSE	NA	NA	NA	NA	NA	NA
NC_045512.2	9014	G	T	10	4	28	1	1	28	0.0714286	14	0.458333	FALSE	NA	NA	NA	NA	NA	NA
NC_045512.2	9014	G	C	10	4	28	2	2	27	0.142857	14	0.22	FALSE	NA	NA	NA	NA	NA	NA
NC_045512.2	9014	G	A	10	4	28	1	1	23	0.0714286	14	0.458333	FALSE	NA	NA	NA	NA	NA	NA
NC_045512.2	9015	C	G	10	4	26	1	1	27	0.0714286	14	0.458333	FALSE	NA	NA	NA	NA	NA	NA
NC_045512.2	9015	C	A	10	4	26	3	3	28	0.214286	14	0.11	FALSE	NA	NA	NA	NA	NA	NA
NC_045512.2	9016	T	G	9	3	26	2	2	26	0.133333	15	0.183333	FALSE	NA	NA	NA	NA	NA	NA
NC_045512.2	9016	T	C	9	3	26	3	3	27	0.2	15	0.0846154	FALSE	NA	NA	NA	NA	NA	NA
NC_045512.2	9016	T	A	9	3	26	1	1	26	0.0666667	15	0.416667	FALSE	NA	NA	NA	NA	NA	NA
NC_045512.2	9017	G	T	9	3	26	2	2	20	0.142857	14	0.199275	FALSE	NA	NA	NA	NA	NA	NA
NC_045512.2	9017	G	A	9	3	26	3	3	24	0.214286	14	0.0956522	FALSE	NA	NA	NA	NA	NA	NA
NC_045512.2	9018	A	T	9	3	25	3	3	24	0.25	12	0.124224	FALSE	NA	NA	NA	NA	NA	NA
NC_045512.2	9019	A	T	8	3	24	2	2	27	0.2	10	0.263158	FALSE	NA	NA	NA	NA	NA	NA
NC_045512.2	9020	T	C	10	4	26	1	1	26	0.0909091	11	0.52381	FALSE	NA	NA	NA	NA	NA	NA
NC_045512.2	9021	G	T	9	3	27	1	1	22	0.0909091	11	0.5	FALSE	NA	NA	NA	NA	NA	NA
NC_045512.2	9021	G	C	9	3	27	1	1	27	0.0909091	11	0.5	FALSE	NA	NA	NA	NA	NA	NA
NC_045512.2	9023	A	T	10	4	28	1	1	28	0.0909091	11	0.52381	FALSE	NA	NA	NA	NA	NA	NA
NC_045512.2	9024	C	A	10	4	26	1	1	28	0.0909091	11	0.52381	FALSE	NA	NA	NA	NA	NA	NA
NC_045512.2	9025	A	C	8	2	26	2	2	25	0.2	10	0.263158	FALSE	NA	NA	NA	NA	NA	NA
NC_045512.2	9026	A	T	7	3	24	2	1	27	0.2	10	0.235294	FALSE	NA	NA	NA	NA	NA	NA
NC_045512.2	9026	A	C	7	3	24	1	1	24	0.1	10	0.470588	FALSE	NA	NA	NA	NA	NA	NA
NC_045512.2	9027	T	A	7	1	27	1	1	26	0.125	8	0.533333	FALSE	NA	NA	NA	NA	NA	NA
NC_045512.2	9028	T	G	9	3	28	1	1	26	0.0909091	11	0.5	FALSE	NA	NA	NA	NA	NA	NA
NC_045512.2	9028	T	A	9	3	28	1	1	24	0.0909091	11	0.5	FALSE	NA	NA	NA	NA	NA	NA
NC_045512.2	9029	T	G	9	3	28	1	1	28	0.0909091	11	0.5	FALSE	NA	NA	NA	NA	NA	NA
NC_045512.2	9029	T	A	9	3	28	1	1	23	0.0909091	11	0.5	FALSE	NA	NA	NA	NA	NA	NA
NC_045512.2	9030	T	G	9	3	28	1	1	23	0.0909091	11	0.5	FALSE	NA	NA	NA	NA	NA	NA
NC_045512.2	9030	T	A	9	3	28	1	1	27	0.0909091	11	0.5	FALSE	NA	NA	NA	NA	NA	NA
NC_045512.2	9031	T	G	3	3	24	1	1	27	0.25	4	0.571429	FALSE	NA	NA	NA	NA	NA	NA
NC_045512.2	9032	A	T	6	1	27	1	1	29	0.142857	7	0.538462	FALSE	NA	NA	NA	NA	NA	NA
NC_045512.2	9033	A	T	8	3	29	2	2	31	0.2	10	0.263158	FALSE	NA	NA	NA	NA	NA	NA
NC_045512.2	9034	A	T	7	3	24	2	2	30	0.222222	9	0.264706	FALSE	NA	NA	NA	NA	NA	NA
NC_045512.2	9035	G	T	8	3	26	2	2	29	0.2	10	0.263158	FALSE	NA	NA	NA	NA	NA	NA
NC_045512.2	9036	A	T	9	4	28	1	1	29	0.1	10	0.526316	FALSE	NA	NA	NA	NA	NA	NA
NC_045512.2	9037	T	G	8	3	27	1	1	28	0.1	10	0.5	FALSE	NA	NA	NA	NA	NA	NA
NC_045512.2	9037	T	A	8	3	27	1	1	29	0.1	10	0.5	FALSE	NA	NA	NA	NA	NA	NA
NC_045512.2	9038	G	T	9	4	27	1	1	21	0.1	10	0.526316	FALSE	NA	NA	NA	NA	NA	NA
NC_045512.2	9039	C	T	8	3	27	1	1	27	0.1	10	0.5	FALSE	NA	NA	NA	NA	NA	NA
NC_045512.2	9039	C	G	8	3	27	1	1	21	0.1	10	0.5	FALSE	NA	NA	NA	NA	NA	NA
NC_045512.2	9040	T	G	8	3	26	2	2	27	0.181818	11	0.236842	FALSE	NA	NA	NA	NA	NA	NA
NC_045512.2	9040	T	C	8	3	26	1	1	21	0.0909091	11	0.473684	FALSE	NA	NA	NA	NA	NA	NA
NC_045512.2	9041	T	C	7	3	26	2	2	26	0.2	10	0.235294	FALSE	NA	NA	NA	NA	NA	NA
NC_045512.2	9041	T	A	7	3	26	1	1	22	0.1	10	0.470588	FALSE	NA	NA	NA	NA	NA	NA
NC_045512.2	9042	C	G	66	10	27	2	2	25	0.0285714	70	0.244526	FALSE	NA	NA	NA	NA	NA	NA
NC_045512.2	9042	C	A	66	10	27	2	2	26	0.0285714	70	0.244526	FALSE	NA	NA	NA	NA	NA	NA
NC_045512.2	9043	T	G	81	25	27	1	1	27	0.0120482	83	0.5	FALSE	NA	NA	NA	NA	NA	NA
NC_045512.2	9043	T	C	81	25	27	1	1	28	0.0120482	83	0.5	FALSE	NA	NA	NA	NA	NA	NA
NC_045512.2	9044	G	T	80	24	26	3	3	27	0.0357143	84	0.122727	FALSE	NA	NA	NA	NA	NA	NA
NC_045512.2	9044	G	A	80	24	26	1	1	28	0.0119048	84	0.493902	FALSE	NA	NA	NA	NA	NA	NA
NC_045512.2	9045	G	T	77	25	24	2	2	24	0.025	80	0.248408	FALSE	NA	NA	NA	NA	NA	NA
NC_045512.2	9045	G	C	77	25	24	1	1	27	0.0125	80	0.496815	FALSE	NA	NA	NA	NA	NA	NA
NC_045512.2	9046	T	G	82	25	26	2	2	24	0.0235294	85	0.248503	FALSE	NA	NA	NA	NA	NA	NA
NC_045512.2	9046	T	C	82	25	26	1	1	26	0.0117647	85	0.497006	FALSE	NA	NA	NA	NA	NA	NA
NC_045512.2	9047	A	T	81	23	26	3	3	24	0.0348837	86	0.120575	FALSE	NA	NA	NA	NA	NA	NA
NC_045512.2	9047	A	G	81	23	26	1	1	28	0.0116279	86	0.491018	FALSE	NA	NA	NA	NA	NA	NA
NC_045512.2	9047	A	C	81	23	26	1	1	23	0.0116279	86	0.491018	FALSE	NA	NA	NA	NA	NA	NA
NC_045512.2	9048	A	T	81	25	24	3	3	27	0.0348837	86	0.120575	FALSE	NA	NA	NA	NA	NA	NA
NC_045512.2	9048	A	C	81	25	24	2	2	26	0.0232558	86	0.242586	FALSE	NA	NA	NA	NA	NA	NA
NC_045512.2	9049	G	T	83	25	27	2	2	25	0.0224719	89	0.239952	FALSE	NA	NA	NA	NA	NA	NA
NC_045512.2	9049	G	C	83	25	27	1	1	27	0.011236	89	0.488372	FALSE	NA	NA	NA	NA	NA	NA
NC_045512.2	9049	G	A	83	25	27	3	3	24	0.0337079	89	0.118597	FALSE	NA	NA	NA	NA	NA	NA
NC_045512.2	9050	C	T	86	28	26	2	2	31	0.021978	91	0.243001	FALSE	NA	NA	NA	NA	NA	NA
NC_045512.2	9050	C	G	86	28	26	2	2	23	0.021978	91	0.243001	FALSE	NA	NA	NA	NA	NA	NA
NC_045512.2	9050	C	A	86	28	26	1	1	27	0.010989	91	0.491525	FALSE	NA	NA	NA	NA	NA	NA
NC_045512.2	9051	C	T	80	26	24	6	6	27	0.0666667	90	0.0128519	FALSE	NA	NA	NA	NA	NA	NA
NC_045512.2	9051	C	G	80	26	24	2	2	25	0.0222222	90	0.228483	FALSE	NA	NA	NA	NA	NA	NA
NC_045512.2	9051	C	A	80	26	24	2	2	27	0.0222222	90	0.228483	FALSE	NA	NA	NA	NA	NA	NA
NC_045512.2	9052	A	T	83	25	26	3	3	26	0.0319149	94	0.108881	FALSE	NA	NA	NA	NA	NA	NA
NC_045512.2	9052	A	G	83	25	26	6	6	25	0.0638298	94	0.0125118	FALSE	NA	NA	NA	NA	NA	NA
NC_045512.2	9052	A	C	83	25	26	2	2	23	0.0212766	94	0.226624	FALSE	NA	NA	NA	NA	NA	NA
NC_045512.2	9053	G	T	87	29	27	3	3	26	0.03125	96	0.113155	FALSE	NA	NA	NA	NA	NA	NA
NC_045512.2	9053	G	C	87	29	27	3	3	25	0.03125	96	0.113155	FALSE	NA	NA	NA	NA	NA	NA
NC_045512.2	9053	G	A	87	29	27	3	3	25	0.03125	96	0.113155	FALSE	NA	NA	NA	NA	NA	NA
NC_045512.2	9054	T	G	90	32	27	3	3	25	0.03125	96	0.119069	FALSE	NA	NA	NA	NA	NA	NA
NC_045512.2	9054	T	C	90	32	27	1	1	28	0.0104167	96	0.489247	FALSE	NA	NA	NA	NA	NA	NA
NC_045512.2	9054	T	A	90	32	27	2	2	26	0.0208333	96	0.240699	FALSE	NA	NA	NA	NA	NA	NA
NC_045512.2	9055	A	T	98	34	27	1	1	29	0.00961538	104	0.741244	FALSE	NA	NA	NA	NA	NA	NA
NC_045512.2	9055	A	G	98	34	27	4	4	25	0.0384615	104	0.18138	FALSE	NA	NA	NA	NA	NA	NA
NC_045512.2	9055	A	C	98	34	27	1	1	23	0.00961538	104	0.741244	FALSE	NA	NA	NA	NA	NA	NA
NC_045512.2	9056	C	T	91	27	26	1	1	27	0.00980392	102	0.72744	FALSE	NA	NA	NA	NA	NA	NA
NC_045512.2	9056	C	G	91	27	26	5	5	27	0.0490196	102	0.0944515	FALSE	NA	NA	NA	NA	NA	NA
NC_045512.2	9056	C	A	91	27	26	5	5	29	0.0490196	102	0.0944515	FALSE	NA	NA	NA	NA	NA	NA
NC_045512.2	9057	C	T	89	28	24	3	3	27	0.03	100	0.279789	FALSE	NA	NA	NA	NA	NA	NA
NC_045512.2	9057	C	G	89	28	24	5	5	26	0.05	100	0.0920434	FALSE	NA	NA	NA	NA	NA	NA
NC_045512.2	9057	C	A	89	28	24	3	3	24	0.03	100	0.279789	FALSE	NA	NA	NA	NA	NA	NA
NC_045512.2	9058	A	T	94	30	27	2	2	29	0.0194175	103	0.477164	FALSE	NA	NA	NA	NA	NA	NA
NC_045512.2	9058	A	G	94	30	27	2	2	27	0.0194175	103	0.477164	FALSE	NA	NA	NA	NA	NA	NA
NC_045512.2	9058	A	C	94	30	27	5	5	24	0.0485437	103	0.0990754	FALSE	NA	NA	NA	NA	NA	NA
NC_045512.2	9059	T	G	92	28	27	2	2	27	0.0194175	103	0.469247	FALSE	NA	NA	NA	NA	NA	NA
NC_045512.2	9059	T	C	92	28	27	6	6	26	0.0582524	103	0.0530679	FALSE	NA	NA	NA	NA	NA	NA
NC_045512.2	9059	T	A	92	28	27	3	3	27	0.0291262	103	0.28428	FALSE	NA	NA	NA	NA	NA	NA
NC_045512.2	9060	A	T	98	34	27	3	3	27	0.0283019	106	0.296169	FALSE	NA	NA	NA	NA	NA	NA
NC_045512.2	9060	A	G	98	34	27	2	2	28	0.0188679	106	0.481621	FALSE	NA	NA	NA	NA	NA	NA
NC_045512.2	9060	A	C	98	34	27	3	3	24	0.0283019	106	0.296169	FALSE	NA	NA	NA	NA	NA	NA
NC_045512.2	9061	T	G	94	30	26	5	5	28	0.0471698	106	0.0928559	FALSE	NA	NA	NA	NA	NA	NA
NC_045512.2	9061	T	C	94	30	26	5	5	25	0.0471698	106	0.0928559	FALSE	NA	NA	NA	NA	NA	NA
NC_045512.2	9061	T	A	94	30	26	2	2	27	0.0188679	106	0.466272	FALSE	NA	NA	NA	NA	NA	NA
NC_045512.2	9062	T	G	94	32	24	1	1	25	0.00961538	104	0.730657	FALSE	NA	NA	NA	NA	NA	NA
NC_045512.2	9062	T	C	94	32	24	5	5	26	0.0480769	104	0.0969496	FALSE	NA	NA	NA	NA	NA	NA
NC_045512.2	9062	T	A	94	32	24	4	4	26	0.0384615	104	0.1692	FALSE	NA	NA	NA	NA	NA	NA
NC_045512.2	9063	G	T	93	29	27	1	1	27	0.00952381	105	0.725376	FALSE	NA	NA	NA	NA	NA	NA
NC_045512.2	9063	G	C	93	29	27	2	2	24	0.0190476	105	0.465931	FALSE	NA	NA	NA	NA	NA	NA
NC_045512.2	9063	G	A	93	29	27	9	9	27	0.0857143	105	0.00854275	TRUE	NA	NA	NA	NA	NA	NA
NC_045512.2	9064	T	G	93	27	26	1	1	27	0.00970874	103	0.730455	FALSE	NA	NA	NA	NA	NA	NA
NC_045512.2	9064	T	C	93	27	26	7	7	24	0.0679612	103	0.0304416	FALSE	NA	NA	NA	NA	NA	NA
NC_045512.2	9064	T	A	93	27	26	2	2	27	0.0194175	103	0.473225	FALSE	NA	NA	NA	NA	NA	NA
NC_045512.2	9065	T	G	89	28	24	2	2	26	0.0192308	104	0.453426	FALSE	NA	NA	NA	NA	NA	NA
NC_045512.2	9065	T	C	89	28	24	7	6	27	0.0673077	104	0.0257165	FALSE	NA	NA	NA	NA	NA	NA
NC_045512.2	9065	T	A	89	28	24	6	6	25	0.0576923	104	0.0472943	FALSE	NA	NA	NA	NA	NA	NA
NC_045512.2	9066	A	T	101	35	26	5	5	26	0.046729	107	0.106027	FALSE	NA	NA	NA	NA	NA	NA
NC_045512.2	9066	A	C	101	35	26	1	1	23	0.00934579	107	0.741499	FALSE	NA	NA	NA	NA	NA	NA
NC_045512.2	9067	T	G	100	35	27	2	2	26	0.0186916	107	0.485509	FALSE	NA	NA	NA	NA	NA	NA
NC_045512.2	9067	T	C	100	35	27	3	2	25	0.0280374	107	0.299946	FALSE	NA	NA	NA	NA	NA	NA
NC_045512.2	9067	T	A	100	35	27	2	2	25	0.0186916	107	0.485509	FALSE	NA	NA	NA	NA	NA	NA
NC_045512.2	9068	G	T	94	29	27	1	1	27	0.00943396	106	0.725628	FALSE	NA	NA	NA	NA	NA	NA
NC_045512.2	9068	G	C	94	29	27	4	4	25	0.0377358	106	0.16359	FALSE	NA	NA	NA	NA	NA	NA
NC_045512.2	9068	G	A	94	29	27	7	6	26	0.0660377	106	0.0286496	FALSE	NA	NA	NA	NA	NA	NA
NC_045512.2	9068	G	-A	94	29	27	1	0	20	0.00943396	106	0.725628	FALSE	NA	NA	NA	NA	NA	NA
NC_045512.2	9069	A	T	96	30	27	9	9	23	0.0841121	107	0.00894936	TRUE	NA	NA	NA	NA	NA	NA
NC_045512.2	9069	A	G	96	30	27	1	1	27	0.00934579	107	0.728576	FALSE	NA	NA	NA	NA	NA	NA
NC_045512.2	9069	A	C	96	30	27	1	1	28	0.00934579	107	0.728576	FALSE	NA	NA	NA	NA	NA	NA
NC_045512.2	9070	T	G	103	37	27	2	2	24	0.0185185	108	0.492891	FALSE	NA	NA	NA	NA	NA	NA
NC_045512.2	9070	T	A	103	37	27	3	3	25	0.0277778	108	0.307189	FALSE	NA	NA	NA	NA	NA	NA
NC_045512.2	9071	A	T	96	32	27	2	2	24	0.0190476	105	0.477618	FALSE	NA	NA	NA	NA	NA	NA
NC_045512.2	9071	A	G	96	32	27	7	6	25	0.0666667	105	0.0315242	FALSE	NA	NA	NA	NA	NA	NA
NC_045512.2	9072	C	T	92	28	26	12	12	25	0.11215	107	0.00115108	TRUE	NA	NA	NA	NA	NA	NA
NC_045512.2	9072	C	G	92	28	26	1	1	29	0.00934579	107	0.717527	FALSE	NA	NA	NA	NA	NA	NA
NC_045512.2	9072	C	A	92	28	26	2	2	27	0.0186916	107	0.454827	FALSE	NA	NA	NA	NA	NA	NA
NC_045512.2	9073	C	T	91	29	24	10	10	25	0.0925926	108	0.00366936	TRUE	NA	NA	NA	NA	NA	NA
NC_045512.2	9073	C	G	91	29	24	5	5	24	0.0462963	108	0.0827762	FALSE	NA	NA	NA	NA	NA	NA
NC_045512.2	9073	C	A	91	29	24	2	2	24	0.0185185	108	0.447321	FALSE	NA	NA	NA	NA	NA	NA
NC_045512.2	9074	A	T	99	36	26	6	6	26	0.0545455	110	0.0536597	FALSE	NA	NA	NA	NA	NA	NA
NC_045512.2	9074	A	G	99	36	26	4	4	27	0.0363636	110	0.167339	FALSE	NA	NA	NA	NA	NA	NA
NC_045512.2	9074	A	C	99	36	26	1	1	22	0.00909091	110	0.729205	FALSE	NA	NA	NA	NA	NA	NA
NC_045512.2	9075	A	T	91	30	24	14	14	26	0.12844	109	0.000268957	TRUE	NA	NA	NA	NA	NA	NA
NC_045512.2	9075	A	G	91	30	24	3	3	24	0.0275229	109	0.260297	FALSE	NA	NA	NA	NA	NA	NA
NC_045512.2	9075	A	C	91	30	24	1	1	23	0.00917431	109	0.709648	FALSE	NA	NA	NA	NA	NA	NA
NC_045512.2	9076	T	G	92	30	26	8	8	27	0.0727273	110	0.0125998	FALSE	NA	NA	NA	NA	NA	NA
NC_045512.2	9076	T	C	92	30	26	2	1	25	0.0181818	110	0.444407	FALSE	NA	NA	NA	NA	NA	NA
NC_045512.2	9076	T	A	92	30	26	8	8	25	0.0727273	110	0.0125998	FALSE	NA	NA	NA	NA	NA	NA
NC_045512.2	9077	G	T	91	28	26	6	6	26	0.0535714	112	0.0406025	FALSE	NA	NA	NA	NA	NA	NA
NC_045512.2	9077	G	C	91	28	26	3	3	24	0.0267857	112	0.250912	FALSE	NA	NA	NA	NA	NA	NA
NC_045512.2	9077	G	A	91	28	26	12	12	27	0.107143	112	0.000825469	TRUE	NA	NA	NA	NA	NA	NA
NC_045512.2	9078	T	G	100	37	27	3	3	25	0.027027	111	0.286375	FALSE	NA	NA	NA	NA	NA	NA
NC_045512.2	9078	T	C	100	37	27	4	4	27	0.036036	111	0.167523	FALSE	NA	NA	NA	NA	NA	NA
NC_045512.2	9078	T	A	100	37	27	4	4	26	0.036036	111	0.167523	FALSE	NA	NA	NA	NA	NA	NA
NC_045512.2	9079	A	T	101	40	27	1	1	21	0.00900901	111	0.731959	FALSE	NA	NA	NA	NA	NA	NA
NC_045512.2	9079	A	G	101	40	27	5	3	26	0.045045	111	0.0977342	FALSE	NA	NA	NA	NA	NA	NA
NC_045512.2	9079	A	C	101	40	27	4	4	25	0.036036	111	0.170369	FALSE	NA	NA	NA	NA	NA	NA
NC_045512.2	9080	C	T	98	35	27	4	4	27	0.0357143	112	0.15926	FALSE	NA	NA	NA	NA	NA	NA
NC_045512.2	9080	C	G	98	35	27	4	4	25	0.0357143	112	0.15926	FALSE	NA	NA	NA	NA	NA	NA
NC_045512.2	9080	C	A	98	35	27	6	6	26	0.0535714	112	0.0496844	FALSE	NA	NA	NA	NA	NA	NA
NC_045512.2	9081	T	G	94	32	27	4	4	25	0.0357143	112	0.14806	FALSE	NA	NA	NA	NA	NA	NA
NC_045512.2	9081	T	C	94	32	27	10	9	26	0.0892857	112	0.00356021	TRUE	NA	NA	NA	NA	NA	NA
NC_045512.2	9081	T	A	94	32	27	4	4	27	0.0357143	112	0.14806	FALSE	NA	NA	NA	NA	NA	NA
NC_045512.2	9082	A	T	99	36	27	4	4	27	0.0363636	110	0.167339	FALSE	NA	NA	NA	NA	NA	NA
NC_045512.2	9082	A	G	99	36	27	3	3	28	0.0272727	110	0.28613	FALSE	NA	NA	NA	NA	NA	NA
NC_045512.2	9082	A	C	99	36	27	4	4	23	0.0363636	110	0.167339	FALSE	NA	NA	NA	NA	NA	NA
NC_045512.2	9083	G	T	92	29	27	6	6	26	0.0535714	112	0.04185	FALSE	NA	NA	NA	NA	NA	NA
NC_045512.2	9083	G	C	92	29	27	4	4	25	0.0357143	112	0.142493	FALSE	NA	NA	NA	NA	NA	NA
NC_045512.2	9083	G	A	92	29	27	10	10	28	0.0892857	112	0.00322315	TRUE	NA	NA	NA	NA	NA	NA
NC_045512.2	9084	A	T	97	34	26	8	8	28	0.0720721	111	0.014751	FALSE	NA	NA	NA	NA	NA	NA
NC_045512.2	9084	A	G	97	34	26	4	4	26	0.036036	111	0.159003	FALSE	NA	NA	NA	NA	NA	NA
NC_045512.2	9084	A	C	97	34	26	2	2	28	0.018018	111	0.460372	FALSE	NA	NA	NA	NA	NA	NA
NC_045512.2	9085	A	T	90	31	24	5	5	27	0.046729	107	0.0825341	FALSE	NA	NA	NA	NA	NA	NA
NC_045512.2	9085	A	G	90	31	24	7	7	26	0.0654206	107	0.0242156	FALSE	NA	NA	NA	NA	NA	NA
NC_045512.2	9085	A	C	90	31	24	5	5	27	0.046729	107	0.0825341	FALSE	NA	NA	NA	NA	NA	NA
NC_045512.2	9086	G	T	90	27	26	11	11	27	0.0990991	111	0.0015798	TRUE	NA	NA	NA	NA	NA	NA
NC_045512.2	9086	G	C	90	27	26	4	4	27	0.036036	111	0.139289	FALSE	NA	NA	NA	NA	NA	NA
NC_045512.2	9086	G	A	90	27	26	6	6	28	0.0540541	111	0.0404211	FALSE	NA	NA	NA	NA	NA	NA
NC_045512.2	9087	G	T	90	29	24	3	3	28	0.0275229	109	0.256589	FALSE	NA	NA	NA	NA	NA	NA
NC_045512.2	9087	G	C	90	29	24	4	4	26	0.0366972	109	0.144107	FALSE	NA	NA	NA	NA	NA	NA
NC_045512.2	9087	G	A	90	29	24	12	12	27	0.110092	109	0.000914319	TRUE	NA	NA	NA	NA	NA	NA
NC_045512.2	9088	T	G	93	30	26	5	5	27	0.045045	111	0.0814957	FALSE	NA	NA	NA	NA	NA	NA
NC_045512.2	9088	T	C	93	30	26	9	9	27	0.0810811	111	0.00670738	TRUE	NA	NA	NA	NA	NA	NA
NC_045512.2	9088	T	A	93	30	26	4	4	27	0.036036	111	0.147702	FALSE	NA	NA	NA	NA	NA	NA
NC_045512.2	9089	T	G	94	34	24	1	1	27	0.00917431	109	0.718188	FALSE	NA	NA	NA	NA	NA	NA
NC_045512.2	9089	T	C	94	34	24	5	5	24	0.0458716	109	0.0870889	FALSE	NA	NA	NA	NA	NA	NA
NC_045512.2	9089	T	A	94	34	24	9	9	26	0.0825688	109	0.00759057	TRUE	NA	NA	NA	NA	NA	NA
NC_045512.2	9090	C	T	94	31	26	3	3	24	0.027027	111	0.264903	FALSE	NA	NA	NA	NA	NA	NA
NC_045512.2	9090	C	G	94	31	26	1	1	27	0.00900901	111	0.713295	FALSE	NA	NA	NA	NA	NA	NA
NC_045512.2	9090	C	A	94	31	26	13	13	26	0.117117	111	0.000550981	TRUE	NA	NA	NA	NA	NA	NA
NC_045512.2	9091	T	G	94	31	27	8	8	26	0.0695652	115	0.011456	FALSE	NA	NA	NA	NA	NA	NA
NC_045512.2	9091	T	C	94	31	27	8	8	24	0.0695652	115	0.011456	FALSE	NA	NA	NA	NA	NA	NA
NC_045512.2	9091	T	A	94	31	27	5	5	26	0.0434783	115	0.0767681	FALSE	NA	NA	NA	NA	NA	NA
NC_045512.2	9092	G	T	94	31	27	10	10	25	0.0869565	115	0.0031222	TRUE	NA	NA	NA	NA	NA	NA
NC_045512.2	9092	G	C	94	31	27	2	2	27	0.0173913	115	0.435564	FALSE	NA	NA	NA	NA	NA	NA
NC_045512.2	9092	G	A	94	31	27	9	9	24	0.0782609	115	0.00599114	TRUE	NA	NA	NA	NA	NA	NA
NC_045512.2	9093	T	G	98	35	26	8	8	23	0.0677966	118	0.0120857	FALSE	NA	NA	NA	NA	NA	NA
NC_045512.2	9093	T	C	98	35	26	2	2	25	0.0169492	118	0.441092	FALSE	NA	NA	NA	NA	NA	NA
NC_045512.2	9093	T	A	98	35	26	10	10	27	0.0847458	118	0.00333445	TRUE	NA	NA	NA	NA	NA	NA
NC_045512.2	9094	T	G	94	37	24	16	16	24	0.140351	114	6.596e-05	TRUE	NA	NA	NA	NA	NA	NA
NC_045512.2	9094	T	C	94	37	24	3	3	24	0.0263158	114	0.255599	FALSE	NA	NA	NA	NA	NA	NA
NC_045512.2	9094	T	A	94	37	24	1	1	20	0.00877193	114	0.706057	FALSE	NA	NA	NA	NA	NA	NA
NC_045512.2	9095	G	T	101	38	27	9	9	25	0.075	120	0.00669439	TRUE	NA	NA	NA	NA	NA	NA
NC_045512.2	9095	G	C	101	38	27	4	4	26	0.0333333	120	0.148098	FALSE	NA	NA	NA	NA	NA	NA
NC_045512.2	9095	G	A	101	38	27	6	6	26	0.05	120	0.0443287	FALSE	NA	NA	NA	NA	NA	NA
NC_045512.2	9096	C	T	91	28	27	16	16	25	0.134454	119	3.64219e-05	TRUE	NA	NA	NA	NA	NA	NA
NC_045512.2	9096	C	G	91	28	27	5	5	24	0.0420168	119	0.0654882	FALSE	NA	NA	NA	NA	NA	NA
NC_045512.2	9096	C	A	91	28	27	7	7	24	0.0588235	119	0.0173645	FALSE	NA	NA	NA	NA	NA	NA
NC_045512.2	9097	T	G	100	37	26	7	7	26	0.0583333	120	0.0230267	FALSE	NA	NA	NA	NA	NA	NA
NC_045512.2	9097	T	C	100	37	26	2	2	29	0.0166667	120	0.442159	FALSE	NA	NA	NA	NA	NA	NA
NC_045512.2	9097	T	A	100	37	26	11	11	26	0.0916667	120	0.00176352	TRUE	NA	NA	NA	NA	NA	NA
NC_045512.2	9098	T	G	88	35	24	8	8	25	0.0714286	112	0.00993456	TRUE	NA	NA	NA	NA	NA	NA
NC_045512.2	9098	T	C	88	35	24	9	9	27	0.0803571	112	0.00510604	TRUE	NA	NA	NA	NA	NA	NA
NC_045512.2	9098	T	A	88	35	24	7	7	26	0.0625	112	0.0192339	FALSE	NA	NA	NA	NA	NA	NA
NC_045512.2	9099	A	T	96	33	26	16	16	26	0.133333	120	5.07947e-05	TRUE	NA	NA	NA	NA	NA	NA
NC_045512.2	9099	A	G	96	33	26	5	5	26	0.0416667	120	0.0727385	FALSE	NA	NA	NA	NA	NA	NA
NC_045512.2	9099	A	C	96	33	26	3	3	22	0.025	120	0.245031	FALSE	NA	NA	NA	NA	NA	NA
NC_045512.2	9100	T	G	97	34	26	11	11	27	0.0901639	122	0.00137499	TRUE	NA	NA	NA	NA	NA	NA
NC_045512.2	9100	T	C	97	34	26	8	8	25	0.0655738	122	0.0101863	FALSE	NA	NA	NA	NA	NA	NA
NC_045512.2	9100	T	A	97	34	26	6	6	27	0.0491803	122	0.0377547	FALSE	NA	NA	NA	NA	NA	NA
NC_045512.2	9101	G	T	94	31	26	10	10	24	0.0826446	121	0.00241258	TRUE	NA	NA	NA	NA	NA	NA
NC_045512.2	9101	G	C	94	31	26	8	8	25	0.0661157	121	0.00934078	TRUE	NA	NA	NA	NA	NA	NA
NC_045512.2	9101	G	A	94	31	26	9	9	25	0.0743802	121	0.00475534	TRUE	NA	NA	NA	NA	NA	NA
NC_045512.2	9102	A	T	92	29	25	13	13	27	0.110169	118	0.000323645	TRUE	NA	NA	NA	NA	NA	NA
NC_045512.2	9102	A	G	92	29	25	7	7	26	0.059322	118	0.0185593	FALSE	NA	NA	NA	NA	NA	NA
NC_045512.2	9102	A	C	92	29	25	6	6	25	0.0508475	118	0.0358844	FALSE	NA	NA	NA	NA	NA	NA
NC_045512.2	9103	A	T	97	34	27	8	8	26	0.0655738	122	0.0101863	FALSE	NA	NA	NA	NA	NA	NA
NC_045512.2	9103	A	G	97	34	27	11	11	27	0.0901639	122	0.00137499	TRUE	NA	NA	NA	NA	NA	NA
NC_045512.2	9103	A	C	97	34	27	6	6	25	0.0491803	122	0.0377547	FALSE	NA	NA	NA	NA	NA	NA
NC_045512.2	9104	A	T	81	37	24	6	6	26	0.0594059	101	0.0397845	FALSE	NA	NA	NA	NA	NA	NA
NC_045512.2	9104	A	G	81	37	24	4	4	26	0.039604	101	0.137586	FALSE	NA	NA	NA	NA	NA	NA
NC_045512.2	9104	A	C	81	37	24	10	10	27	0.0990099	101	0.0029927	TRUE	NA	NA	NA	NA	NA	NA
NC_045512.2	9105	G	T	94	31	26	16	16	25	0.132231	121	4.05074e-05	TRUE	NA	NA	NA	NA	NA	NA
NC_045512.2	9105	G	C	94	31	26	5	5	23	0.0413223	121	0.0678556	FALSE	NA	NA	NA	NA	NA	NA
NC_045512.2	9105	G	A	94	31	26	6	6	26	0.0495868	121	0.0353904	FALSE	NA	NA	NA	NA	NA	NA
NC_045512.2	9106	T	G	99	36	26	7	7	27	0.0583333	120	0.0222888	FALSE	NA	NA	NA	NA	NA	NA
NC_045512.2	9106	T	C	99	36	26	6	6	25	0.05	120	0.0419542	FALSE	NA	NA	NA	NA	NA	NA
NC_045512.2	9106	T	A	99	36	26	8	8	26	0.0666667	120	0.0117475	FALSE	NA	NA	NA	NA	NA	NA
NC_045512.2	9107	T	G	98	35	28	3	3	29	0.0245902	122	0.246188	FALSE	NA	NA	NA	NA	NA	NA
NC_045512.2	9107	T	C	98	35	28	5	5	24	0.0409836	122	0.0733088	FALSE	NA	NA	NA	NA	NA	NA
NC_045512.2	9107	T	A	98	35	28	16	16	26	0.131148	122	5.1737e-05	TRUE	NA	NA	NA	NA	NA	NA
NC_045512.2	9108	T	G	79	42	24	5	5	26	0.0520833	96	0.021328	FALSE	NA	NA	NA	NA	NA	NA
NC_045512.2	9108	T	C	79	42	24	6	6	26	0.0625	96	0.0100715	FALSE	NA	NA	NA	NA	NA	NA
NC_045512.2	9108	T	A	79	42	24	6	6	25	0.0625	96	0.0100715	FALSE	NA	NA	NA	NA	NA	NA
NC_045512.2	9109	A	T	102	40	25	6	6	28	0.0495868	121	0.04447	FALSE	NA	NA	NA	NA	NA	NA
NC_045512.2	9109	A	G	102	40	25	9	8	26	0.0743802	121	0.00672347	TRUE	NA	NA	NA	NA	NA	NA
NC_045512.2	9109	A	C	102	40	25	4	4	26	0.0330579	121	0.148425	FALSE	NA	NA	NA	NA	NA	NA
NC_045512.2	9110	C	T	91	28	25	9	9	24	0.075	120	0.00429232	TRUE	NA	NA	NA	NA	NA	NA
NC_045512.2	9110	C	G	91	28	25	3	3	28	0.025	120	0.227911	FALSE	NA	NA	NA	NA	NA	NA
NC_045512.2	9110	C	A	91	28	25	17	17	25	0.141667	120	1.70643e-05	TRUE	NA	NA	NA	NA	NA	NA
NC_045512.2	9111	G	T	92	29	27	15	15	25	0.121951	123	6.02443e-05	TRUE	NA	NA	NA	NA	NA	NA
NC_045512.2	9111	G	C	92	29	27	5	5	26	0.0406504	123	0.0618925	FALSE	NA	NA	NA	NA	NA	NA
NC_045512.2	9111	G	A	92	29	27	11	11	27	0.0894309	123	0.00099183	TRUE	NA	NA	NA	NA	NA	NA
NC_045512.2	9112	C	T	90	27	26	12	12	26	0.0983607	122	0.000455769	TRUE	NA	NA	NA	NA	NA	NA
NC_045512.2	9112	C	G	90	27	26	9	9	26	0.0737705	122	0.00378377	TRUE	NA	NA	NA	NA	NA	NA
NC_045512.2	9112	C	A	90	27	26	11	11	26	0.0901639	122	0.000923935	TRUE	NA	NA	NA	NA	NA	NA
NC_045512.2	9113	C	T	92	29	28	15	15	24	0.122951	122	6.42627e-05	TRUE	NA	NA	NA	NA	NA	NA
NC_045512.2	9113	C	G	92	29	28	11	11	27	0.0901639	122	0.00103963	TRUE	NA	NA	NA	NA	NA	NA
NC_045512.2	9113	C	A	92	29	28	4	4	26	0.0327869	122	0.120974	FALSE	NA	NA	NA	NA	NA	NA
NC_045512.2	9114	C	T	75	28	24	18	18	25	0.166667	108	4.53177e-06	TRUE	NA	NA	NA	NA	NA	NA
NC_045512.2	9114	C	G	75	28	24	6	6	25	0.0555556	108	0.0259719	FALSE	NA	NA	NA	NA	NA	NA
NC_045512.2	9114	C	A	75	28	24	9	9	26	0.0833333	108	0.00300818	TRUE	NA	NA	NA	NA	NA	NA
NC_045512.2	9115	T	G	102	39	27	9	9	24	0.072	125	0.00581696	TRUE	NA	NA	NA	NA	NA	NA
NC_045512.2	9115	T	C	102	39	27	5	5	27	0.04	125	0.075836	FALSE	NA	NA	NA	NA	NA	NA
NC_045512.2	9115	T	A	102	39	27	9	9	26	0.072	125	0.00581696	TRUE	NA	NA	NA	NA	NA	NA
NC_045512.2	9116	G	T	96	33	27	22	22	26	0.174603	126	5.55981e-07	TRUE	NA	NA	NA	NA	NA	NA
NC_045512.2	9116	G	C	96	33	27	2	2	27	0.015873	126	0.409231	FALSE	NA	NA	NA	NA	NA	NA
NC_045512.2	9116	G	A	96	33	27	6	6	27	0.047619	126	0.0332781	FALSE	NA	NA	NA	NA	NA	NA
NC_045512.2	9117	A	T	102	39	27	9	9	25	0.0708661	127	0.00541495	TRUE	NA	NA	NA	NA	NA	NA
NC_045512.2	9117	A	G	102	39	27	12	12	25	0.0944882	127	0.000731108	TRUE	NA	NA	NA	NA	NA	NA
NC_045512.2	9117	A	C	102	39	27	4	4	25	0.0314961	127	0.135606	FALSE	NA	NA	NA	NA	NA	NA
NC_045512.2	9117	A	-C	102	39	27	1	0	20	0.00787402	127	0.698345	FALSE	NA	NA	NA	NA	NA	NA
NC_045512.2	9118	C	T	102	39	27	9	9	27	0.0714286	126	0.00541495	TRUE	NA	NA	NA	NA	NA	NA
NC_045512.2	9118	C	G	102	39	27	8	8	26	0.0634921	126	0.0104921	FALSE	NA	NA	NA	NA	NA	NA
NC_045512.2	9118	C	A	102	39	27	7	7	27	0.0555556	126	0.0202155	FALSE	NA	NA	NA	NA	NA	NA
NC_045512.2	9119	A	T	93	31	27	16	16	26	0.122137	131	1.90033e-05	TRUE	NA	NA	NA	NA	NA	NA
NC_045512.2	9119	A	G	93	31	27	13	12	27	0.0992366	131	0.000168942	TRUE	NA	NA	NA	NA	NA	NA
NC_045512.2	9119	A	C	93	31	27	9	9	25	0.0687023	131	0.00312004	TRUE	NA	NA	NA	NA	NA	NA
NC_045512.2	9120	C	T	101	38	27	12	12	26	0.0916031	131	0.000570536	TRUE	NA	NA	NA	NA	NA	NA
NC_045512.2	9120	C	G	101	38	27	6	6	25	0.0458015	131	0.0342532	FALSE	NA	NA	NA	NA	NA	NA
NC_045512.2	9120	C	A	101	38	27	12	12	26	0.0916031	131	0.000570536	TRUE	NA	NA	NA	NA	NA	NA
NC_045512.2	9121	A	T	98	35	27	6	6	28	0.0454545	132	0.0306613	FALSE	NA	NA	NA	NA	NA	NA
NC_045512.2	9121	A	G	98	35	27	13	13	26	0.0984848	132	0.000224335	TRUE	NA	NA	NA	NA	NA	NA
NC_045512.2	9121	A	C	98	35	27	15	15	27	0.113636	132	5.43785e-05	TRUE	NA	NA	NA	NA	NA	NA
NC_045512.2	9122	C	T	106	43	27	10	10	27	0.0763359	131	0.00285708	TRUE	NA	NA	NA	NA	NA	NA
NC_045512.2	9122	C	G	106	43	27	7	7	27	0.0534351	131	0.0206132	FALSE	NA	NA	NA	NA	NA	NA
NC_045512.2	9122	C	A	106	43	27	8	8	27	0.0610687	131	0.0107233	FALSE	NA	NA	NA	NA	NA	NA
NC_045512.2	9123	G	T	96	33	28	12	12	27	0.0923077	130	0.000444858	TRUE	NA	NA	NA	NA	NA	NA
NC_045512.2	9123	G	C	96	33	28	9	9	27	0.0692308	130	0.00373156	TRUE	NA	NA	NA	NA	NA	NA
NC_045512.2	9123	G	A	96	33	28	13	13	25	0.1	130	0.000218561	TRUE	NA	NA	NA	NA	NA	NA
NC_045512.2	9124	T	G	96	34	26	10	10	26	0.0763359	131	0.00176681	TRUE	NA	NA	NA	NA	NA	NA
NC_045512.2	9124	T	C	96	34	26	9	9	26	0.0687023	131	0.00359855	TRUE	NA	NA	NA	NA	NA	NA
NC_045512.2	9124	T	A	96	34	26	16	16	27	0.122137	131	2.43723e-05	TRUE	NA	NA	NA	NA	NA	NA
NC_045512.2	9125	T	G	98	40	25	4	4	26	0.0314961	127	0.125947	FALSE	NA	NA	NA	NA	NA	NA
NC_045512.2	9125	T	C	98	40	25	10	10	26	0.0787402	127	0.00229842	TRUE	NA	NA	NA	NA	NA	NA
NC_045512.2	9125	T	A	98	40	25	15	15	27	0.11811	127	7.37625e-05	TRUE	NA	NA	NA	NA	NA	NA
NC_045512.2	9126	A	T	101	39	27	8	8	27	0.0610687	131	0.00891191	TRUE	NA	NA	NA	NA	NA	NA
NC_045512.2	9126	A	G	101	39	27	10	10	28	0.0763359	131	0.00226614	TRUE	NA	NA	NA	NA	NA	NA
NC_045512.2	9126	A	C	101	39	27	12	12	26	0.0916031	131	0.000570536	TRUE	NA	NA	NA	NA	NA	NA
NC_045512.2	9127	T	G	99	37	27	4	4	27	0.0307692	130	0.122669	FALSE	NA	NA	NA	NA	NA	NA
NC_045512.2	9127	T	C	99	37	27	13	13	26	0.1	130	0.000265613	TRUE	NA	NA	NA	NA	NA	NA
NC_045512.2	9127	T	A	99	37	27	14	14	29	0.107692	130	0.000132424	TRUE	NA	NA	NA	NA	NA	NA
NC_045512.2	9128	G	T	94	32	27	6	6	26	0.0458015	131	0.0277523	FALSE	NA	NA	NA	NA	NA	NA
NC_045512.2	9128	G	C	94	32	27	17	17	27	0.129771	131	1.00582e-05	TRUE	NA	NA	NA	NA	NA	NA
NC_045512.2	9128	G	A	94	32	27	14	14	26	0.10687	131	8.77331e-05	TRUE	NA	NA	NA	NA	NA	NA
NC_045512.2	9129	T	G	100	38	26	7	7	28	0.0534351	131	0.0169609	FALSE	NA	NA	NA	NA	NA	NA
NC_045512.2	9129	T	C	100	38	26	9	9	27	0.0687023	131	0.00431069	TRUE	NA	NA	NA	NA	NA	NA
NC_045512.2	9129	T	A	100	38	26	15	15	26	0.114504	131	6.68781e-05	TRUE	NA	NA	NA	NA	NA	NA
NC_045512.2	9130	G	T	95	33	27	16	16	27	0.123077	130	2.39855e-05	TRUE	NA	NA	NA	NA	NA	NA
NC_045512.2	9130	G	C	95	33	27	10	10	27	0.0769231	130	0.00174694	TRUE	NA	NA	NA	NA	NA	NA
NC_045512.2	9130	G	A	95	33	27	9	9	27	0.0692308	130	0.00356145	TRUE	NA	NA	NA	NA	NA	NA
NC_045512.2	9131	C	T	95	33	26	11	11	28	0.0852713	129	0.000894553	TRUE	NA	NA	NA	NA	NA	NA
NC_045512.2	9131	C	G	95	33	26	8	8	28	0.0620155	129	0.00747394	TRUE	NA	NA	NA	NA	NA	NA
NC_045512.2	9131	C	A	95	33	26	15	15	26	0.116279	129	5.2059e-05	TRUE	NA	NA	NA	NA	NA	NA
NC_045512.2	9132	T	G	110	48	26	8	8	26	0.0610687	131	0.0123216	FALSE	NA	NA	NA	NA	NA	NA
NC_045512.2	9132	T	C	110	48	26	6	6	26	0.0458015	131	0.0435652	FALSE	NA	NA	NA	NA	NA	NA
NC_045512.2	9132	T	A	110	48	26	7	7	28	0.0534351	131	0.0232662	FALSE	NA	NA	NA	NA	NA	NA
NC_045512.2	9133	C	T	94	32	27	19	19	27	0.147287	129	2.80374e-06	TRUE	NA	NA	NA	NA	NA	NA
NC_045512.2	9133	C	G	94	32	27	6	6	26	0.0465116	129	0.0291142	FALSE	NA	NA	NA	NA	NA	NA
NC_045512.2	9133	C	A	94	32	27	10	10	26	0.0775194	129	0.00172691	TRUE	NA	NA	NA	NA	NA	NA
NC_045512.2	9134	A	T	105	45	26	8	8	24	0.0650407	123	0.0132603	FALSE	NA	NA	NA	NA	NA	NA
NC_045512.2	9134	A	G	105	45	26	7	7	27	0.0569106	123	0.0247801	FALSE	NA	NA	NA	NA	NA	NA
NC_045512.2	9134	A	C	105	45	26	3	3	28	0.0243902	123	0.266467	FALSE	NA	NA	NA	NA	NA	NA
NC_045512.2	9135	T	G	103	43	26	9	9	25	0.0737705	122	0.00675215	TRUE	NA	NA	NA	NA	NA	NA
NC_045512.2	9135	T	C	103	43	26	1	1	22	0.00819672	122	0.711905	FALSE	NA	NA	NA	NA	NA	NA
NC_045512.2	9135	T	A	103	43	26	9	9	26	0.0737705	122	0.00675215	TRUE	NA	NA	NA	NA	NA	NA
NC_045512.2	9136	G	T	96	37	26	8	8	27	0.0683761	117	0.0115751	FALSE	NA	NA	NA	NA	NA	NA
NC_045512.2	9136	G	C	96	37	26	3	3	26	0.025641	117	0.253661	FALSE	NA	NA	NA	NA	NA	NA
NC_045512.2	9136	G	A	96	37	26	10	10	26	0.0854701	117	0.00316027	TRUE	NA	NA	NA	NA	NA	NA
NC_045512.2	9137	G	T	81	31	24	21	21	24	0.185841	113	6.94433e-07	TRUE	NA	NA	NA	NA	NA	NA
NC_045512.2	9137	G	C	81	31	24	1	1	27	0.00884956	113	0.667966	FALSE	NA	NA	NA	NA	NA	NA
NC_045512.2	9137	G	A	81	31	24	10	10	26	0.0884956	113	0.00167233	TRUE	NA	NA	NA	NA	NA	NA
NC_045512.2	9138	A	T	85	29	26	16	16	27	0.134454	119	2.15807e-05	TRUE	NA	NA	NA	NA	NA	NA
NC_045512.2	9138	A	G	85	29	26	13	13	25	0.109244	119	0.000185744	TRUE	NA	NA	NA	NA	NA	NA
NC_045512.2	9138	A	C	85	29	26	5	4	28	0.0420168	119	0.0555425	FALSE	NA	NA	NA	NA	NA	NA
NC_045512.2	9139	T	G	92	36	26	6	6	27	0.0504202	119	0.0349883	FALSE	NA	NA	NA	NA	NA	NA
NC_045512.2	9139	T	C	92	36	26	12	12	26	0.10084	119	0.00060548	TRUE	NA	NA	NA	NA	NA	NA
NC_045512.2	9139	T	A	92	36	26	9	9	27	0.0756303	119	0.00467911	TRUE	NA	NA	NA	NA	NA	NA
NC_045512.2	9140	G	T	85	30	25	22	22	26	0.189655	116	4.18291e-07	TRUE	NA	NA	NA	NA	NA	NA
NC_045512.2	9140	G	C	85	30	25	4	4	26	0.0344828	116	0.115009	FALSE	NA	NA	NA	NA	NA	NA
NC_045512.2	9140	G	A	85	30	25	5	5	26	0.0431034	116	0.0592894	FALSE	NA	NA	NA	NA	NA	NA
NC_045512.2	9141	G	T	82	36	24	10	10	25	0.0925926	108	0.00225206	TRUE	NA	NA	NA	NA	NA	NA
NC_045512.2	9141	G	C	82	36	24	12	12	27	0.111111	108	0.000572983	TRUE	NA	NA	NA	NA	NA	NA
NC_045512.2	9141	G	A	82	36	24	4	4	27	0.037037	108	0.123724	FALSE	NA	NA	NA	NA	NA	NA
NC_045512.2	9142	C	T	85	31	26	14	14	25	0.119658	117	0.000102783	TRUE	NA	NA	NA	NA	NA	NA
NC_045512.2	9142	C	G	85	31	26	7	7	26	0.0598291	117	0.01463	FALSE	NA	NA	NA	NA	NA	NA
NC_045512.2	9142	C	A	85	31	26	11	11	26	0.0940171	117	0.000866235	TRUE	NA	NA	NA	NA	NA	NA
NC_045512.2	9143	T	G	99	45	27	4	4	27	0.0347826	115	0.15454	FALSE	NA	NA	NA	NA	NA	NA
NC_045512.2	9143	T	C	99	45	27	6	6	26	0.0521739	115	0.0473945	FALSE	NA	NA	NA	NA	NA	NA
NC_045512.2	9143	T	A	99	45	27	6	6	27	0.0521739	115	0.0473945	FALSE	NA	NA	NA	NA	NA	NA
NC_045512.2	9144	C	T	86	32	26	10	10	26	0.0854701	117	0.00186694	TRUE	NA	NA	NA	NA	NA	NA
NC_045512.2	9144	C	G	86	32	26	15	15	25	0.128205	117	5.50822e-05	TRUE	NA	NA	NA	NA	NA	NA
NC_045512.2	9144	C	A	86	32	26	6	6	26	0.0512821	117	0.0303115	FALSE	NA	NA	NA	NA	NA	NA
NC_045512.2	9145	T	G	86	33	26	13	13	26	0.112069	116	0.000238793	TRUE	NA	NA	NA	NA	NA	NA
NC_045512.2	9145	T	C	86	33	26	11	11	27	0.0948276	116	0.000969757	TRUE	NA	NA	NA	NA	NA	NA
NC_045512.2	9145	T	A	86	33	26	6	6	26	0.0517241	116	0.0311226	FALSE	NA	NA	NA	NA	NA	NA
NC_045512.2	9146	A	T	87	35	27	14	14	27	0.123894	113	0.000155298	TRUE	NA	NA	NA	NA	NA	NA
NC_045512.2	9146	A	G	87	35	27	9	9	25	0.079646	113	0.00466709	TRUE	NA	NA	NA	NA	NA	NA
NC_045512.2	9146	A	C	87	35	27	3	3	29	0.0265487	113	0.233366	FALSE	NA	NA	NA	NA	NA	NA
NC_045512.2	9147	T	G	93	41	26	10	10	27	0.0877193	114	0.00310278	TRUE	NA	NA	NA	NA	NA	NA
NC_045512.2	9147	T	C	93	41	26	6	6	26	0.0526316	114	0.0409565	FALSE	NA	NA	NA	NA	NA	NA
NC_045512.2	9147	T	A	93	41	26	5	5	27	0.0438596	114	0.0764937	FALSE	NA	NA	NA	NA	NA	NA
NC_045512.2	9148	T	G	79	34	24	11	11	24	0.101852	108	0.000932429	TRUE	NA	NA	NA	NA	NA	NA
NC_045512.2	9148	T	C	79	34	24	7	7	26	0.0648148	108	0.0152355	FALSE	NA	NA	NA	NA	NA	NA
NC_045512.2	9148	T	A	79	34	24	11	11	27	0.101852	108	0.000932429	TRUE	NA	NA	NA	NA	NA	NA
NC_045512.2	9149	A	T	78	28	27	14	14	26	0.123894	113	7.41903e-05	TRUE	NA	NA	NA	NA	NA	NA
NC_045512.2	9149	A	G	78	28	27	9	9	26	0.079646	113	0.00288101	TRUE	NA	NA	NA	NA	NA	NA
NC_045512.2	9149	A	C	78	28	27	12	12	27	0.106195	113	0.000320222	TRUE	NA	NA	NA	NA	NA	NA
NC_045512.2	9150	T	G	83	33	26	8	8	25	0.0714286	112	0.00793315	TRUE	NA	NA	NA	NA	NA	NA
NC_045512.2	9150	T	C	83	33	26	12	12	27	0.107143	112	0.000488819	TRUE	NA	NA	NA	NA	NA	NA
NC_045512.2	9150	T	A	83	33	26	9	9	26	0.0803571	112	0.00396415	TRUE	NA	NA	NA	NA	NA	NA
NC_045512.2	9151	T	G	79	37	24	5	5	26	0.047619	105	0.0639365	FALSE	NA	NA	NA	NA	NA	NA
NC_045512.2	9151	T	C	79	37	24	7	7	26	0.0666667	105	0.0168661	FALSE	NA	NA	NA	NA	NA	NA
NC_045512.2	9151	T	A	79	37	24	14	14	25	0.133333	105	0.000140143	TRUE	NA	NA	NA	NA	NA	NA
NC_045512.2	9152	C	T	83	33	27	10	10	27	0.0884956	113	0.00188511	TRUE	NA	NA	NA	NA	NA	NA
NC_045512.2	9152	C	G	83	33	27	4	4	25	0.0353982	113	0.115785	FALSE	NA	NA	NA	NA	NA	NA
NC_045512.2	9152	C	A	83	33	27	16	16	27	0.141593	113	2.79779e-05	TRUE	NA	NA	NA	NA	NA	NA
NC_045512.2	9153	A	T	84	35	26	15	15	26	0.136364	110	7.57885e-05	TRUE	NA	NA	NA	NA	NA	NA
NC_045512.2	9153	A	G	84	35	26	6	5	27	0.0545455	110	0.0341823	FALSE	NA	NA	NA	NA	NA	NA
NC_045512.2	9153	A	C	84	35	26	5	5	27	0.0454545	110	0.0658544	FALSE	NA	NA	NA	NA	NA	NA
NC_045512.2	9154	A	T	82	41	24	8	8	26	0.0769231	104	0.0102567	FALSE	NA	NA	NA	NA	NA	NA
NC_045512.2	9154	A	G	82	41	24	12	12	27	0.115385	104	0.000723758	TRUE	NA	NA	NA	NA	NA	NA
NC_045512.2	9154	A	C	82	41	24	2	2	26	0.0192308	104	0.423651	FALSE	NA	NA	NA	NA	NA	NA
NC_045512.2	9154	A	-T	82	41	24	1	0	20	0.00961538	104	0.694682	FALSE	NA	NA	NA	NA	NA	NA
NC_045512.2	9155	T	G	81	33	25	6	6	26	0.0594059	101	0.0386465	FALSE	NA	NA	NA	NA	NA	NA
NC_045512.2	9155	T	C	81	33	25	3	3	28	0.029703	101	0.244569	FALSE	NA	NA	NA	NA	NA	NA
NC_045512.2	9155	T	A	81	33	25	11	11	27	0.108911	101	0.00147238	TRUE	NA	NA	NA	NA	NA	NA
NC_045512.2	9156	T	G	88	42	27	5	5	26	0.046729	107	0.0784524	FALSE	NA	NA	NA	NA	NA	NA
NC_045512.2	9156	T	C	88	42	27	5	5	27	0.046729	107	0.0784524	FALSE	NA	NA	NA	NA	NA	NA
NC_045512.2	9156	T	A	88	42	27	9	9	27	0.0841121	107	0.00627524	TRUE	NA	NA	NA	NA	NA	NA
NC_045512.2	9157	T	G	73	38	24	5	5	26	0.0520833	96	0.0173295	FALSE	NA	NA	NA	NA	NA	NA
NC_045512.2	9157	T	C	73	38	24	5	5	27	0.0520833	96	0.0173295	FALSE	NA	NA	NA	NA	NA	NA
NC_045512.2	9157	T	A	73	38	24	13	13	26	0.135417	96	3.76512e-05	TRUE	NA	NA	NA	NA	NA	NA
NC_045512.2	9158	C	T	67	22	25	20	20	25	0.196078	102	7.05313e-07	TRUE	NA	NA	NA	NA	NA	NA
NC_045512.2	9158	C	G	67	22	25	3	3	28	0.0294118	102	0.187429	FALSE	NA	NA	NA	NA	NA	NA
NC_045512.2	9158	C	A	67	22	25	12	12	26	0.117647	102	0.000253357	TRUE	NA	NA	NA	NA	NA	NA
NC_045512.2	9159	C	T	71	30	25	16	16	26	0.15534	103	1.87415e-05	TRUE	NA	NA	NA	NA	NA	NA
NC_045512.2	9159	C	G	71	30	25	9	9	26	0.0873786	103	0.00296124	TRUE	NA	NA	NA	NA	NA	NA
NC_045512.2	9159	C	A	71	30	25	7	7	25	0.0679612	103	0.0125489	FALSE	NA	NA	NA	NA	NA	NA
NC_045512.2	9160	T	G	75	32	27	10	10	27	0.0970874	103	0.00187595	TRUE	NA	NA	NA	NA	NA	NA
NC_045512.2	9160	T	C	75	32	27	10	10	25	0.0970874	103	0.00187595	TRUE	NA	NA	NA	NA	NA	NA
NC_045512.2	9160	T	A	75	32	27	8	8	25	0.0776699	103	0.00758111	TRUE	NA	NA	NA	NA	NA	NA
NC_045512.2	9161	A	T	79	36	26	13	13	25	0.127451	102	0.000338146	TRUE	NA	NA	NA	NA	NA	NA
NC_045512.2	9161	A	G	79	36	26	3	3	26	0.0294118	102	0.236517	FALSE	NA	NA	NA	NA	NA	NA
NC_045512.2	9161	A	C	79	36	26	7	7	23	0.0686275	102	0.0186969	FALSE	NA	NA	NA	NA	NA	NA
NC_045512.2	9162	A	T	70	32	25	11	11	26	0.108911	101	0.000721597	TRUE	NA	NA	NA	NA	NA	NA
NC_045512.2	9162	A	G	70	32	25	6	6	26	0.0594059	101	0.0261452	FALSE	NA	NA	NA	NA	NA	NA
NC_045512.2	9162	A	C	70	32	25	14	14	25	0.138614	101	8.32188e-05	TRUE	NA	NA	NA	NA	NA	NA
NC_045512.2	9163	C	T	78	35	27	14	14	24	0.133333	105	0.000128779	TRUE	NA	NA	NA	NA	NA	NA
NC_045512.2	9163	C	G	78	35	27	9	9	26	0.0857143	105	0.0040924	TRUE	NA	NA	NA	NA	NA	NA
NC_045512.2	9163	C	A	78	35	27	4	4	25	0.0380952	105	0.11904	FALSE	NA	NA	NA	NA	NA	NA
NC_045512.2	9164	A	T	71	28	27	20	20	26	0.190476	105	8.88677e-07	TRUE	NA	NA	NA	NA	NA	NA
NC_045512.2	9164	A	G	71	28	27	3	3	29	0.0285714	105	0.195197	FALSE	NA	NA	NA	NA	NA	NA
NC_045512.2	9164	A	C	71	28	27	11	11	27	0.104762	105	0.000617782	TRUE	NA	NA	NA	NA	NA	NA
NC_045512.2	9165	C	T	74	32	26	18	18	25	0.171429	105	5.31521e-06	TRUE	NA	NA	NA	NA	NA	NA
NC_045512.2	9165	C	G	74	32	26	9	9	26	0.0857143	105	0.003246	TRUE	NA	NA	NA	NA	NA	NA
NC_045512.2	9165	C	A	74	32	26	4	4	27	0.0380952	105	0.107634	FALSE	NA	NA	NA	NA	NA	NA
NC_045512.2	9166	C	T	78	38	25	14	14	26	0.135922	103	0.000148305	TRUE	NA	NA	NA	NA	NA	NA
NC_045512.2	9166	C	G	78	38	25	4	4	26	0.038835	103	0.123624	FALSE	NA	NA	NA	NA	NA	NA
NC_045512.2	9166	C	A	78	38	25	7	7	26	0.0679612	103	0.0173106	FALSE	NA	NA	NA	NA	NA	NA
NC_045512.2	9167	T	G	77	36	27	5	5	25	0.0485437	103	0.0631227	FALSE	NA	NA	NA	NA	NA	NA
NC_045512.2	9167	T	C	77	36	27	14	14	28	0.135922	103	0.000136189	TRUE	NA	NA	NA	NA	NA	NA
NC_045512.2	9167	T	A	77	36	27	7	7	27	0.0679612	103	0.0165764	FALSE	NA	NA	NA	NA	NA	NA
NC_045512.2	9168	A	T	73	32	27	14	14	26	0.134615	104	8.86197e-05	TRUE	NA	NA	NA	NA	NA	NA
NC_045512.2	9168	A	G	73	32	27	9	9	26	0.0865385	104	0.00319935	TRUE	NA	NA	NA	NA	NA	NA
NC_045512.2	9168	A	C	73	32	27	8	8	27	0.0769231	104	0.00654401	TRUE	NA	NA	NA	NA	NA	NA
NC_045512.2	9169	C	T	74	34	26	7	7	25	0.0693069	101	0.0155552	FALSE	NA	NA	NA	NA	NA	NA
NC_045512.2	9169	C	G	74	34	26	4	4	28	0.039604	101	0.11638	FALSE	NA	NA	NA	NA	NA	NA
NC_045512.2	9169	C	A	74	34	26	16	16	25	0.158416	101	3.0395e-05	TRUE	NA	NA	NA	NA	NA	NA
NC_045512.2	9170	C	T	72	32	25	13	13	25	0.126214	103	0.000177719	TRUE	NA	NA	NA	NA	NA	NA
NC_045512.2	9170	C	G	72	32	25	2	2	25	0.0194175	103	0.381019	FALSE	NA	NA	NA	NA	NA	NA
NC_045512.2	9170	C	A	72	32	25	16	16	28	0.15534	103	2.08683e-05	TRUE	NA	NA	NA	NA	NA	NA
NC_045512.2	9171	T	G	67	29	26	7	7	24	0.0686275	102	0.0106122	FALSE	NA	NA	NA	NA	NA	NA
NC_045512.2	9171	T	C	67	29	26	16	16	27	0.156863	102	1.30226e-05	TRUE	NA	NA	NA	NA	NA	NA
NC_045512.2	9171	T	A	67	29	26	12	10	26	0.117647	102	0.000253357	TRUE	NA	NA	NA	NA	NA	NA
NC_045512.2	9172	T	G	64	29	26	11	11	27	0.113402	97	7.42802e-05	TRUE	NA	NA	NA	NA	NA	NA
NC_045512.2	9172	T	C	64	29	26	8	8	27	0.0824742	97	0.000900718	TRUE	NA	NA	NA	NA	NA	NA
NC_045512.2	9172	T	A	64	29	26	14	14	27	0.14433	97	6.54859e-06	TRUE	NA	NA	NA	NA	NA	NA
NC_045512.2	9173	G	T	69	29	27	9	9	25	0.0891089	101	0.00286604	TRUE	NA	NA	NA	NA	NA	NA
NC_045512.2	9173	G	C	69	29	27	15	15	26	0.148515	101	3.66429e-05	TRUE	NA	NA	NA	NA	NA	NA
NC_045512.2	9173	G	A	69	29	27	8	8	28	0.0792079	101	0.00592862	TRUE	NA	NA	NA	NA	NA	NA
NC_045512.2	9174	A	T	70	30	26	15	15	27	0.15	100	4.0671e-05	TRUE	NA	NA	NA	NA	NA	NA
NC_045512.2	9174	A	G	70	30	26	3	3	28	0.03	100	0.202765	FALSE	NA	NA	NA	NA	NA	NA
NC_045512.2	9174	A	C	70	30	26	12	12	27	0.12	100	0.000350715	TRUE	NA	NA	NA	NA	NA	NA
NC_045512.2	9175	A	T	73	36	25	15	15	27	0.151515	99	6.71564e-06	TRUE	NA	NA	NA	NA	NA	NA
NC_045512.2	9175	A	G	73	36	25	4	4	26	0.040404	99	0.0358456	FALSE	NA	NA	NA	NA	NA	NA
NC_045512.2	9175	A	C	73	36	25	7	7	25	0.0707071	99	0.0031867	TRUE	NA	NA	NA	NA	NA	NA
NC_045512.2	9176	G	T	63	25	25	15	15	27	0.153061	98	2.39491e-06	TRUE	NA	NA	NA	NA	NA	NA
NC_045512.2	9176	G	C	63	25	25	7	7	26	0.0714286	98	0.00189447	TRUE	NA	NA	NA	NA	NA	NA
NC_045512.2	9176	G	A	63	25	25	13	13	27	0.132653	98	1.2142e-05	TRUE	NA	NA	NA	NA	NA	NA
NC_045512.2	9177	G	T	68	32	25	12	12	28	0.122449	98	4.46845e-05	TRUE	NA	NA	NA	NA	NA	NA
NC_045512.2	9177	G	C	68	32	25	12	12	25	0.122449	98	4.46845e-05	TRUE	NA	NA	NA	NA	NA	NA
NC_045512.2	9177	G	A	68	32	25	6	6	28	0.0612245	98	0.00582944	TRUE	NA	NA	NA	NA	NA	NA
NC_045512.2	9178	T	G	78	41	25	7	7	26	0.0707071	99	0.00406511	TRUE	NA	NA	NA	NA	NA	NA
NC_045512.2	9178	T	C	78	41	25	8	8	28	0.0808081	99	0.0019	TRUE	NA	NA	NA	NA	NA	NA
NC_045512.2	9178	T	A	78	41	25	6	6	26	0.0606061	99	0.00875194	TRUE	NA	NA	NA	NA	NA	NA
NC_045512.2	9179	T	G	78	42	25	8	8	27	0.0824742	97	0.00207717	TRUE	NA	NA	NA	NA	NA	NA
NC_045512.2	9179	T	C	78	42	25	2	2	24	0.0206186	97	0.205195	FALSE	NA	NA	NA	NA	NA	NA
NC_045512.2	9179	T	A	78	42	25	9	9	23	0.0927835	97	0.000987505	TRUE	NA	NA	NA	NA	NA	NA
NC_045512.2	9180	C	T	69	32	27	14	14	27	0.14	100	7.54561e-05	TRUE	NA	NA	NA	NA	NA	NA
NC_045512.2	9180	C	G	69	32	27	4	4	27	0.04	100	0.101676	FALSE	NA	NA	NA	NA	NA	NA
NC_045512.2	9180	C	A	69	32	27	13	13	26	0.13	100	0.000155764	TRUE	NA	NA	NA	NA	NA	NA
NC_045512.2	9181	T	G	73	36	27	13	13	26	0.13	100	0.000222237	TRUE	NA	NA	NA	NA	NA	NA
NC_045512.2	9181	T	C	73	36	27	6	6	26	0.06	100	0.0295874	FALSE	NA	NA	NA	NA	NA	NA
NC_045512.2	9181	T	A	73	36	27	8	8	26	0.08	100	0.00740736	TRUE	NA	NA	NA	NA	NA	NA
NC_045512.2	9182	G	T	71	34	27	9	9	24	0.0918367	98	0.000606855	TRUE	NA	NA	NA	NA	NA	NA
NC_045512.2	9182	G	C	71	34	27	8	8	27	0.0816327	98	0.00134267	TRUE	NA	NA	NA	NA	NA	NA
NC_045512.2	9182	G	A	71	34	27	10	10	24	0.102041	98	0.000276153	TRUE	NA	NA	NA	NA	NA	NA
NC_045512.2	9183	T	G	70	35	26	5	5	27	0.0515464	97	0.0150262	FALSE	NA	NA	NA	NA	NA	NA
NC_045512.2	9183	T	C	70	35	26	10	9	25	0.103093	97	0.000271826	TRUE	NA	NA	NA	NA	NA	NA
NC_045512.2	9183	T	A	70	35	26	12	11	27	0.123711	97	5.73055e-05	TRUE	NA	NA	NA	NA	NA	NA
NC_045512.2	9184	T	G	75	39	25	11	11	26	0.112245	98	0.000172117	TRUE	NA	NA	NA	NA	NA	NA
NC_045512.2	9184	T	C	75	39	25	7	7	27	0.0714286	98	0.00366457	TRUE	NA	NA	NA	NA	NA	NA
NC_045512.2	9184	T	A	75	39	25	5	5	25	0.0510204	98	0.0175791	FALSE	NA	NA	NA	NA	NA	NA
NC_045512.2	9185	A	T	70	34	27	9	9	26	0.0909091	99	0.000538584	TRUE	NA	NA	NA	NA	NA	NA
NC_045512.2	9185	A	G	70	34	27	11	11	26	0.111111	99	0.000109536	TRUE	NA	NA	NA	NA	NA	NA
NC_045512.2	9185	A	C	70	34	27	9	9	27	0.0909091	99	0.000538584	TRUE	NA	NA	NA	NA	NA	NA
NC_045512.2	9186	G	T	67	31	27	17	17	25	0.173469	98	8.21511e-07	TRUE	NA	NA	NA	NA	NA	NA
NC_045512.2	9186	G	C	67	31	27	7	7	26	0.0714286	98	0.00240244	TRUE	NA	NA	NA	NA	NA	NA
NC_045512.2	9186	G	A	67	31	27	7	7	27	0.0714286	98	0.00240244	TRUE	NA	NA	NA	NA	NA	NA
NC_045512.2	9187	A	T	65	30	27	14	14	26	0.14433	97	7.32234e-06	TRUE	NA	NA	NA	NA	NA	NA
NC_045512.2	9187	A	G	65	30	27	10	10	26	0.103093	97	0.000183986	TRUE	NA	NA	NA	NA	NA	NA
NC_045512.2	9187	A	C	65	30	27	8	8	25	0.0824742	97	0.00096369	TRUE	NA	NA	NA	NA	NA	NA
NC_045512.2	9188	G	T	69	34	27	11	11	25	0.114583	96	0.000122267	TRUE	NA	NA	NA	NA	NA	NA
NC_045512.2	9188	G	C	69	34	27	12	12	27	0.125	96	5.62706e-05	TRUE	NA	NA	NA	NA	NA	NA
NC_045512.2	9188	G	A	69	34	27	4	4	24	0.0416667	96	0.0339933	FALSE	NA	NA	NA	NA	NA	NA
NC_045512.2	9189	T	G	74	39	27	6	6	26	0.0631579	95	0.00850593	TRUE	NA	NA	NA	NA	NA	NA
NC_045512.2	9189	T	C	74	39	27	7	7	23	0.0736842	95	0.00393703	TRUE	NA	NA	NA	NA	NA	NA
NC_045512.2	9189	T	A	74	39	27	8	8	26	0.0842105	95	0.0018343	TRUE	NA	NA	NA	NA	NA	NA
NC_045512.2	9190	G	T	68	33	26	7	7	25	0.0744681	94	0.003006	TRUE	NA	NA	NA	NA	NA	NA
NC_045512.2	9190	G	C	68	33	26	11	11	27	0.117021	94	0.000128279	TRUE	NA	NA	NA	NA	NA	NA
NC_045512.2	9190	G	A	68	33	26	8	8	26	0.0851064	94	0.00135181	TRUE	NA	NA	NA	NA	NA	NA
NC_045512.2	9191	G	T	65	32	25	15	15	26	0.16129	93	4.7684e-06	TRUE	NA	NA	NA	NA	NA	NA
NC_045512.2	9191	G	C	65	32	25	9	9	25	0.0967742	93	0.000522494	TRUE	NA	NA	NA	NA	NA	NA
NC_045512.2	9191	G	A	65	32	25	4	4	28	0.0430108	93	0.032061	FALSE	NA	NA	NA	NA	NA	NA
NC_045512.2	9192	T	G	74	39	27	10	10	26	0.103093	97	0.000361946	TRUE	NA	NA	NA	NA	NA	NA
NC_045512.2	9192	T	C	74	39	27	4	4	28	0.0412371	97	0.038667	FALSE	NA	NA	NA	NA	NA	NA
NC_045512.2	9192	T	A	74	39	27	9	9	25	0.0927835	97	0.000775599	TRUE	NA	NA	NA	NA	NA	NA
NC_045512.2	9193	A	T	74	40	26	4	4	25	0.0425532	94	0.0414781	FALSE	NA	NA	NA	NA	NA	NA
NC_045512.2	9193	A	G	74	40	26	8	8	27	0.0851064	94	0.00192165	TRUE	NA	NA	NA	NA	NA	NA
NC_045512.2	9193	A	C	74	40	26	8	8	26	0.0851064	94	0.00192165	TRUE	NA	NA	NA	NA	NA	NA
NC_045512.2	9194	A	T	63	30	25	12	12	25	0.126316	95	3.43814e-05	TRUE	NA	NA	NA	NA	NA	NA
NC_045512.2	9194	A	G	63	30	25	10	10	26	0.105263	95	0.000175884	TRUE	NA	NA	NA	NA	NA	NA
NC_045512.2	9194	A	C	63	30	25	10	10	26	0.105263	95	0.000175884	TRUE	NA	NA	NA	NA	NA	NA
NC_045512.2	9195	C	T	65	32	26	9	9	25	0.0947368	95	0.000467854	TRUE	NA	NA	NA	NA	NA	NA
NC_045512.2	9195	C	G	65	32	26	7	7	25	0.0736842	95	0.00242986	TRUE	NA	NA	NA	NA	NA	NA
NC_045512.2	9195	C	A	65	32	26	14	14	26	0.147368	95	8.65548e-06	TRUE	NA	NA	NA	NA	NA	NA
NC_045512.2	9196	A	T	62	29	25	11	11	25	0.11828	93	8.09163e-05	TRUE	NA	NA	NA	NA	NA	NA
NC_045512.2	9196	A	G	62	29	25	13	13	26	0.139785	93	1.61996e-05	TRUE	NA	NA	NA	NA	NA	NA
NC_045512.2	9196	A	C	62	29	25	7	7	26	0.0752688	93	0.00221337	TRUE	NA	NA	NA	NA	NA	NA
NC_045512.2	9197	A	T	67	36	25	19	19	27	0.197917	96	2.24646e-07	TRUE	NA	NA	NA	NA	NA	NA
NC_045512.2	9197	A	G	67	36	25	4	4	26	0.0416667	96	0.0318486	FALSE	NA	NA	NA	NA	NA	NA
NC_045512.2	9197	A	C	67	36	25	6	6	25	0.0625	96	0.00596651	TRUE	NA	NA	NA	NA	NA	NA
NC_045512.2	9198	C	T	73	35	26	10	10	27	0.0961538	104	0.00156098	TRUE	NA	NA	NA	NA	NA	NA
NC_045512.2	9198	C	G	73	35	26	10	10	25	0.0961538	104	0.00156098	TRUE	NA	NA	NA	NA	NA	NA
NC_045512.2	9198	C	A	73	35	26	11	11	25	0.105769	104	0.000761076	TRUE	NA	NA	NA	NA	NA	NA
NC_045512.2	9199	T	G	59	24	26	10	10	26	0.121951	82	0.000290737	TRUE	NA	NA	NA	NA	NA	NA
NC_045512.2	9199	T	C	59	24	26	5	5	25	0.0609756	82	0.0153045	FALSE	NA	NA	NA	NA	NA	NA
NC_045512.2	9199	T	A	59	24	26	8	8	26	0.097561	82	0.0013849	TRUE	NA	NA	NA	NA	NA	NA
NC_045512.2	9200	T	G	80	48	27	7	7	25	0.0721649	97	0.00481253	TRUE	NA	NA	NA	NA	NA	NA
NC_045512.2	9200	T	C	80	48	27	5	5	24	0.0515464	97	0.0214229	FALSE	NA	NA	NA	NA	NA	NA
NC_045512.2	9200	T	A	80	48	27	5	5	27	0.0515464	97	0.0214229	FALSE	NA	NA	NA	NA	NA	NA
NC_045512.2	9201	T	G	66	39	25	4	4	25	0.0434783	92	0.0340041	FALSE	NA	NA	NA	NA	NA	NA
NC_045512.2	9201	T	C	66	39	25	11	11	26	0.119565	92	0.000123845	TRUE	NA	NA	NA	NA	NA	NA
NC_045512.2	9201	T	A	66	39	25	11	11	23	0.119565	92	0.000123845	TRUE	NA	NA	NA	NA	NA	NA
NC_045512.2	9202	T	G	47	44	26	23	2	27	0.258427	89	6.72399e-10	TRUE	NA	NA	NA	NA	NA	NA
NC_045512.2	9202	T	C	47	44	26	4	4	24	0.0449438	89	0.0167812	FALSE	NA	NA	NA	NA	NA	NA
NC_045512.2	9202	T	A	47	44	26	15	15	25	0.168539	89	5.73012e-07	TRUE	NA	NA	NA	NA	NA	NA
NC_045512.2	9203	G	T	37	29	27	10	10	26	0.149254	67	8.33981e-05	TRUE	NA	NA	NA	NA	NA	NA
NC_045512.2	9203	G	C	37	29	27	10	10	25	0.149254	67	8.33981e-05	TRUE	NA	NA	NA	NA	NA	NA
NC_045512.2	9203	G	A	37	29	27	10	10	24	0.149254	67	8.33981e-05	TRUE	NA	NA	NA	NA	NA	NA
NC_045512.2	9204	A	T	13	6	27	1	1	21	0.0714286	14	0.518519	FALSE	NA	NA	NA	NA	NA	NA
NC_045512.2	9205	T	A	11	4	27	1	1	28	0.0833333	12	0.521739	FALSE	NA	NA	NA	NA	NA	NA
NC_045512.2	9206	T	G	11	4	24	1	1	28	0.0769231	13	0.5	FALSE	NA	NA	NA	NA	NA	NA
NC_045512.2	9206	T	C	11	4	24	1	1	30	0.0769231	13	0.5	FALSE	NA	NA	NA	NA	NA	NA
NC_045512.2	9207	C	T	11	4	26	1	1	21	0.0769231	13	0.5	FALSE	NA	NA	NA	NA	NA	NA
NC_045512.2	9207	C	A	11	4	26	1	1	23	0.0769231	13	0.5	FALSE	NA	NA	NA	NA	NA	NA
NC_045512.2	9208	T	A	12	5	27	1	1	28	0.0769231	13	0.52	FALSE	NA	NA	NA	NA	NA	NA
NC_045512.2	9209	G	T	11	4	26	1	1	30	0.0769231	13	0.5	FALSE	NA	NA	NA	NA	NA	NA
NC_045512.2	9209	G	A	11	4	26	1	1	28	0.0769231	13	0.5	FALSE	NA	NA	NA	NA	NA	NA
NC_045512.2	9210	A	T	11	4	26	1	1	28	0.0769231	13	0.5	FALSE	NA	NA	NA	NA	NA	NA
NC_045512.2	9210	A	G	11	4	26	1	1	28	0.0769231	13	0.5	FALSE	NA	NA	NA	NA	NA	NA
NC_045512.2	9211	G	T	11	5	27	1	1	22	0.0833333	12	0.521739	FALSE	NA	NA	NA	NA	NA	NA
NC_045512.2	9212	T	A	12	5	27	1	1	28	0.0769231	13	0.52	FALSE	NA	NA	NA	NA	NA	NA
NC_045512.2	9213	A	T	11	4	26	2	2	26	0.153846	13	0.26	FALSE	NA	NA	NA	NA	NA	NA
NC_045512.2	9214	C	T	11	4	26	1	1	28	0.0769231	13	0.5	FALSE	NA	NA	NA	NA	NA	NA
NC_045512.2	9214	C	A	11	4	26	1	1	26	0.0769231	13	0.5	FALSE	NA	NA	NA	NA	NA	NA
NC_045512.2	9215	T	C	11	4	26	2	2	25	0.153846	13	0.26	FALSE	NA	NA	NA	NA	NA	NA
NC_045512.2	9216	G	T	12	5	26	1	1	27	0.0769231	13	0.52	FALSE	NA	NA	NA	NA	NA	NA
NC_045512.2	9217	T	G	11	4	27	1	1	27	0.0833333	12	0.521739	FALSE	NA	NA	NA	NA	NA	NA
NC_045512.2	9218	A	C	12	5	27	1	1	29	0.0769231	13	0.52	FALSE	NA	NA	NA	NA	NA	NA
NC_045512.2	9219	G	C	12	5	26	1	1	28	0.0769231	13	0.52	FALSE	NA	NA	NA	NA	NA	NA
NC_045512.2	9220	G	T	10	4	24	2	2	28	0.166667	12	0.26087	FALSE	NA	NA	NA	NA	NA	NA
NC_045512.2	9221	C	G	11	4	27	1	1	28	0.0769231	13	0.5	FALSE	NA	NA	NA	NA	NA	NA
NC_045512.2	9221	C	A	11	4	27	1	1	27	0.0769231	13	0.5	FALSE	NA	NA	NA	NA	NA	NA
NC_045512.2	9222	A	C	12	5	27	1	1	27	0.0769231	13	0.52	FALSE	NA	NA	NA	NA	NA	NA
NC_045512.2	9223	C	T	12	5	27	1	1	27	0.0769231	13	0.52	FALSE	NA	NA	NA	NA	NA	NA
NC_045512.2	9224	G	A	11	4	26	1	1	29	0.0833333	12	0.521739	FALSE	NA	NA	NA	NA	NA	NA
NC_045512.2	9225	G	T	11	4	24	1	1	26	0.0769231	13	0.5	FALSE	NA	NA	NA	NA	NA	NA
NC_045512.2	9225	G	C	11	4	24	1	1	30	0.0769231	13	0.5	FALSE	NA	NA	NA	NA	NA	NA
NC_045512.2	9226	C	A	11	4	26	2	2	26	0.153846	13	0.26	FALSE	NA	NA	NA	NA	NA	NA
NC_045512.2	9227	A	C	11	4	27	1	1	28	0.0833333	12	0.521739	FALSE	NA	NA	NA	NA	NA	NA
NC_045512.2	9228	C	G	11	4	26	2	2	25	0.142857	14	0.24	FALSE	NA	NA	NA	NA	NA	NA
NC_045512.2	9228	C	A	11	4	26	1	1	27	0.0714286	14	0.48	FALSE	NA	NA	NA	NA	NA	NA
NC_045512.2	9229	T	C	12	5	25	2	2	25	0.142857	14	0.259259	FALSE	NA	NA	NA	NA	NA	NA
NC_045512.2	9230	T	A	11	5	25	1	1	26	0.0833333	12	0.521739	FALSE	NA	NA	NA	NA	NA	NA
NC_045512.2	9231	G	T	11	4	27	1	1	27	0.0714286	14	0.48	FALSE	NA	NA	NA	NA	NA	NA
NC_045512.2	9231	G	C	11	4	27	1	1	27	0.0714286	14	0.48	FALSE	NA	NA	NA	NA	NA	NA
NC_045512.2	9231	G	A	11	4	27	1	1	27	0.0714286	14	0.48	FALSE	NA	NA	NA	NA	NA	NA
NC_045512.2	9232	T	G	13	6	27	1	1	20	0.0714286	14	0.518519	FALSE	NA	NA	NA	NA	NA	NA
NC_045512.2	9233	G	T	13	6	26	1	1	27	0.0714286	14	0.518519	FALSE	NA	NA	NA	NA	NA	NA
NC_045512.2	9234	A	T	8	1	27	1	1	26	0.0909091	11	0.473684	FALSE	NA	NA	NA	NA	NA	NA
NC_045512.2	9234	A	G	8	1	27	1	1	27	0.0909091	11	0.473684	FALSE	NA	NA	NA	NA	NA	NA
NC_045512.2	9234	A	C	8	1	27	1	1	27	0.0909091	11	0.473684	FALSE	NA	NA	NA	NA	NA	NA
NC_045512.2	9235	A	G	13	6	27	1	1	26	0.0714286	14	0.518519	FALSE	NA	NA	NA	NA	NA	NA
NC_045512.2	9236	A	T	10	4	22	1	1	23	0.0769231	13	0.478261	FALSE	NA	NA	NA	NA	NA	NA
NC_045512.2	9236	A	C	10	4	22	2	2	24	0.153846	13	0.23913	FALSE	NA	NA	NA	NA	NA	NA
NC_045512.2	9237	G	T	11	4	26	3	3	24	0.214286	14	0.124444	FALSE	NA	NA	NA	NA	NA	NA
NC_045512.2	9238	A	T	11	4	28	1	1	28	0.0769231	13	0.5	FALSE	NA	NA	NA	NA	NA	NA
NC_045512.2	9238	A	C	11	4	28	1	1	28	0.0769231	13	0.5	FALSE	NA	NA	NA	NA	NA	NA
NC_045512.2	9239	T	G	12	5	28	1	1	32	0.0769231	13	0.52	FALSE	NA	NA	NA	NA	NA	NA
NC_045512.2	9240	C	T	13	5	27	1	1	27	0.0666667	15	0.5	FALSE	NA	NA	NA	NA	NA	NA
NC_045512.2	9240	C	G	13	5	27	1	1	27	0.0666667	15	0.5	FALSE	NA	NA	NA	NA	NA	NA
NC_045512.2	9241	A	G	14	6	27	1	1	24	0.0666667	15	0.517241	FALSE	NA	NA	NA	NA	NA	NA
NC_045512.2	9243	A	T	14	6	25	1	1	28	0.0666667	15	0.517241	FALSE	NA	NA	NA	NA	NA	NA
NC_045512.2	9245	G	C	14	6	26	1	1	27	0.0666667	15	0.517241	FALSE	NA	NA	NA	NA	NA	NA
NC_045512.2	9246	C	T	13	5	26	1	1	27	0.0666667	15	0.5	FALSE	NA	NA	NA	NA	NA	NA
NC_045512.2	9246	C	A	13	5	26	1	1	26	0.0666667	15	0.5	FALSE	NA	NA	NA	NA	NA	NA
NC_045512.2	9247	T	G	14	6	27	1	1	28	0.0666667	15	0.517241	FALSE	NA	NA	NA	NA	NA	NA
NC_045512.2	9248	G	T	12	4	25	1	1	28	0.0714286	14	0.5	FALSE	NA	NA	NA	NA	NA	NA
NC_045512.2	9248	G	C	12	4	25	1	1	27	0.0714286	14	0.5	FALSE	NA	NA	NA	NA	NA	NA
NC_045512.2	9249	G	A	13	5	24	2	2	25	0.133333	15	0.258621	FALSE	NA	NA	NA	NA	NA	NA
NC_045512.2	9250	T	G	13	5	27	2	2	23	0.125	16	0.241379	FALSE	NA	NA	NA	NA	NA	NA
NC_045512.2	9250	T	A	13	5	27	1	1	26	0.0625	16	0.482759	FALSE	NA	NA	NA	NA	NA	NA
NC_045512.2	9251	G	C	32	6	27	1	1	26	0.0294118	34	0.5	FALSE	NA	NA	NA	NA	NA	NA
NC_045512.2	9251	G	A	32	6	27	1	1	23	0.0294118	34	0.5	FALSE	NA	NA	NA	NA	NA	NA
NC_045512.2	9252	T	C	29	3	26	1	1	29	0.0322581	31	0.5	FALSE	NA	NA	NA	NA	NA	NA
NC_045512.2	9252	T	A	29	3	26	1	1	28	0.0322581	31	0.5	FALSE	NA	NA	NA	NA	NA	NA
NC_045512.2	9253	T	G	32	6	27	1	1	29	0.0294118	34	0.5	FALSE	NA	NA	NA	NA	NA	NA
NC_045512.2	9253	T	A	32	6	27	1	1	28	0.0294118	34	0.5	FALSE	NA	NA	NA	NA	NA	NA
NC_045512.2	9254	T	C	27	6	22	2	2	28	0.0689655	29	0.254386	FALSE	NA	NA	NA	NA	NA	NA
NC_045512.2	9255	G	T	32	6	26	2	2	26	0.0588235	34	0.253731	FALSE	NA	NA	NA	NA	NA	NA
NC_045512.2	9256	T	G	31	5	27	3	3	25	0.0857143	35	0.119403	FALSE	NA	NA	NA	NA	NA	NA
NC_045512.2	9256	T	A	31	5	27	1	1	27	0.0285714	35	0.484848	FALSE	NA	NA	NA	NA	NA	NA
NC_045512.2	9257	G	C	32	6	27	2	2	27	0.0571429	35	0.246269	FALSE	NA	NA	NA	NA	NA	NA
NC_045512.2	9257	G	A	32	6	27	1	1	23	0.0285714	35	0.492537	FALSE	NA	NA	NA	NA	NA	NA
NC_045512.2	9258	T	A	32	6	27	1	1	28	0.030303	33	0.507692	FALSE	NA	NA	NA	NA	NA	NA
NC_045512.2	9259	A	T	32	5	27	2	2	25	0.0555556	36	0.23913	FALSE	NA	NA	NA	NA	NA	NA
NC_045512.2	9259	A	G	32	5	27	1	1	26	0.0277778	36	0.485294	FALSE	NA	NA	NA	NA	NA	NA
NC_045512.2	9259	A	C	32	5	27	1	1	27	0.0277778	36	0.485294	FALSE	NA	NA	NA	NA	NA	NA
NC_045512.2	9260	T	C	34	7	26	1	1	23	0.0285714	35	0.507246	FALSE	NA	NA	NA	NA	NA	NA
NC_045512.2	9261	C	T	32	5	27	4	4	27	0.111111	36	0.0606246	FALSE	NA	NA	NA	NA	NA	NA
NC_045512.2	9262	T	G	32	6	27	3	3	26	0.0833333	36	0.119565	FALSE	NA	NA	NA	NA	NA	NA
NC_045512.2	9262	T	C	32	6	27	1	0	24	0.0277778	36	0.485294	FALSE	NA	NA	NA	NA	NA	NA
NC_045512.2	9263	A	T	34	7	25	1	1	30	0.0277778	36	0.5	FALSE	NA	NA	NA	NA	NA	NA
NC_045512.2	9263	A	G	34	7	25	1	1	26	0.0277778	36	0.5	FALSE	NA	NA	NA	NA	NA	NA
NC_045512.2	9264	C	T	32	5	25	2	2	26	0.0555556	36	0.23913	FALSE	NA	NA	NA	NA	NA	NA
NC_045512.2	9264	C	G	32	5	25	2	2	26	0.0555556	36	0.23913	FALSE	NA	NA	NA	NA	NA	NA
NC_045512.2	9265	T	G	34	7	26	1	1	23	0.0285714	35	0.507246	FALSE	NA	NA	NA	NA	NA	NA
NC_045512.2	9266	A	T	34	7	27	1	1	23	0.0277778	36	0.5	FALSE	NA	NA	NA	NA	NA	NA
NC_045512.2	9266	A	C	34	7	27	1	1	28	0.0277778	36	0.5	FALSE	NA	NA	NA	NA	NA	NA
NC_045512.2	9267	G	T	32	5	27	1	1	28	0.0277778	36	0.485294	FALSE	NA	NA	NA	NA	NA	NA
NC_045512.2	9267	G	C	32	5	27	1	1	27	0.0277778	36	0.485294	FALSE	NA	NA	NA	NA	NA	NA
NC_045512.2	9267	G	A	32	5	27	2	2	25	0.0555556	36	0.23913	FALSE	NA	NA	NA	NA	NA	NA
NC_045512.2	9268	T	G	34	7	27	2	2	27	0.0555556	36	0.253521	FALSE	NA	NA	NA	NA	NA	NA
NC_045512.2	9269	G	C	31	4	27	1	1	27	0.0294118	34	0.492308	FALSE	NA	NA	NA	NA	NA	NA
NC_045512.2	9269	G	A	31	4	27	2	2	27	0.0588235	34	0.246154	FALSE	NA	NA	NA	NA	NA	NA
NC_045512.2	9270	G	T	35	6	24	3	3	27	0.0769231	39	0.12	FALSE	NA	NA	NA	NA	NA	NA
NC_045512.2	9270	G	A	35	6	24	1	1	32	0.025641	39	0.486486	FALSE	NA	NA	NA	NA	NA	NA
NC_045512.2	9271	T	C	35	6	27	2	2	25	0.0512821	39	0.24	FALSE	NA	NA	NA	NA	NA	NA
NC_045512.2	9271	T	A	35	6	27	2	2	27	0.0512821	39	0.24	FALSE	NA	NA	NA	NA	NA	NA
NC_045512.2	9272	A	G	36	7	27	1	1	23	0.0263158	38	0.5	FALSE	NA	NA	NA	NA	NA	NA
NC_045512.2	9272	A	C	36	7	27	1	1	28	0.0263158	38	0.5	FALSE	NA	NA	NA	NA	NA	NA
NC_045512.2	9273	G	T	36	7	26	2	2	21	0.0512821	39	0.246667	FALSE	NA	NA	NA	NA	NA	NA
NC_045512.2	9273	G	C	36	7	26	1	1	29	0.025641	39	0.493333	FALSE	NA	NA	NA	NA	NA	NA
NC_045512.2	9274	A	T	36	7	26	2	2	26	0.0512821	39	0.246667	FALSE	NA	NA	NA	NA	NA	NA
NC_045512.2	9274	A	C	36	7	26	1	1	23	0.025641	39	0.493333	FALSE	NA	NA	NA	NA	NA	NA
NC_045512.2	9275	T	G	35	6	26	2	2	24	0.0512821	39	0.24	FALSE	NA	NA	NA	NA	NA	NA
NC_045512.2	9275	T	A	35	6	26	2	2	25	0.0512821	39	0.24	FALSE	NA	NA	NA	NA	NA	NA
NC_045512.2	9276	G	T	31	2	26	2	2	30	0.0588235	34	0.246154	FALSE	NA	NA	NA	NA	NA	NA
NC_045512.2	9276	G	C	31	2	26	1	1	24	0.0294118	34	0.492308	FALSE	NA	NA	NA	NA	NA	NA
NC_045512.2	9277	G	C	36	7	26	1	1	27	0.025641	39	0.493333	FALSE	NA	NA	NA	NA	NA	NA
NC_045512.2	9277	G	A	36	7	26	2	2	27	0.0512821	39	0.246667	FALSE	NA	NA	NA	NA	NA	NA
NC_045512.2	9278	G	T	28	8	23	1	1	28	0.0344828	29	0.508772	FALSE	NA	NA	NA	NA	NA	NA
NC_045512.2	9279	T	G	36	7	26	3	3	25	0.075	40	0.12013	FALSE	NA	NA	NA	NA	NA	NA
NC_045512.2	9279	T	C	36	7	26	1	1	27	0.025	40	0.486842	FALSE	NA	NA	NA	NA	NA	NA
NC_045512.2	9280	A	G	36	7	26	1	1	28	0.025641	39	0.493333	FALSE	NA	NA	NA	NA	NA	NA
NC_045512.2	9280	A	C	36	7	26	2	2	27	0.0512821	39	0.246667	FALSE	NA	NA	NA	NA	NA	NA
NC_045512.2	9281	C	T	35	6	27	3	3	27	0.075	40	0.115325	FALSE	NA	NA	NA	NA	NA	NA
NC_045512.2	9281	C	G	35	6	27	1	1	25	0.025	40	0.48	FALSE	NA	NA	NA	NA	NA	NA
NC_045512.2	9281	C	A	35	6	27	1	1	27	0.025	40	0.48	FALSE	NA	NA	NA	NA	NA	NA
NC_045512.2	9282	T	G	35	6	26	3	3	26	0.075	40	0.115325	FALSE	NA	NA	NA	NA	NA	NA
NC_045512.2	9282	T	C	35	6	26	1	1	27	0.025	40	0.48	FALSE	NA	NA	NA	NA	NA	NA
NC_045512.2	9282	T	A	35	6	26	1	1	26	0.025	40	0.48	FALSE	NA	NA	NA	NA	NA	NA
NC_045512.2	9283	T	G	36	9	23	2	2	25	0.05	40	0.24026	FALSE	NA	NA	NA	NA	NA	NA
NC_045512.2	9283	T	C	36	9	23	1	0	28	0.025	40	0.486842	FALSE	NA	NA	NA	NA	NA	NA
NC_045512.2	9283	T	A	36	9	23	1	1	28	0.025	40	0.486842	FALSE	NA	NA	NA	NA	NA	NA
NC_045512.2	9284	A	T	35	6	26	2	2	23	0.047619	42	0.221778	FALSE	NA	NA	NA	NA	NA	NA
NC_045512.2	9284	A	G	35	6	26	5	5	25	0.119048	42	0.0256818	FALSE	NA	NA	NA	NA	NA	NA
NC_045512.2	9285	A	T	32	5	23	5	5	26	0.125	40	0.0235941	FALSE	NA	NA	NA	NA	NA	NA
NC_045512.2	9285	A	G	32	5	23	1	1	31	0.025	40	0.458333	FALSE	NA	NA	NA	NA	NA	NA
NC_045512.2	9285	A	C	32	5	23	2	2	28	0.05	40	0.21347	FALSE	NA	NA	NA	NA	NA	NA
NC_045512.2	9286	C	T	33	5	25	1	1	27	0.025	40	0.465753	FALSE	NA	NA	NA	NA	NA	NA
NC_045512.2	9286	C	G	33	5	25	3	3	27	0.075	40	0.105739	FALSE	NA	NA	NA	NA	NA	NA
NC_045512.2	9286	C	A	33	5	25	3	3	27	0.075	40	0.105739	FALSE	NA	NA	NA	NA	NA	NA
NC_045512.2	9287	A	T	30	3	25	4	4	28	0.105263	38	0.0477299	FALSE	NA	NA	NA	NA	NA	NA
NC_045512.2	9287	A	G	30	3	25	2	1	26	0.0526316	38	0.211424	FALSE	NA	NA	NA	NA	NA	NA
NC_045512.2	9287	A	C	30	3	25	2	2	32	0.0526316	38	0.211424	FALSE	NA	NA	NA	NA	NA	NA
NC_045512.2	9288	A	T	29	7	23	4	4	26	0.114286	35	0.0533869	FALSE	NA	NA	NA	NA	NA	NA
NC_045512.2	9288	A	G	29	7	23	1	1	29	0.0285714	35	0.46875	FALSE	NA	NA	NA	NA	NA	NA
NC_045512.2	9288	A	C	29	7	23	1	1	28	0.0285714	35	0.46875	FALSE	NA	NA	NA	NA	NA	NA
NC_045512.2	9289	T	G	37	9	26	2	2	25	0.0487805	41	0.240506	FALSE	NA	NA	NA	NA	NA	NA
NC_045512.2	9289	T	C	37	9	26	1	1	26	0.0243902	41	0.487179	FALSE	NA	NA	NA	NA	NA	NA
NC_045512.2	9289	T	A	37	9	26	1	1	28	0.0243902	41	0.487179	FALSE	NA	NA	NA	NA	NA	NA
NC_045512.2	9290	G	T	36	8	27	3	3	23	0.0731707	41	0.115568	FALSE	NA	NA	NA	NA	NA	NA
NC_045512.2	9290	G	A	36	8	27	2	2	29	0.0487805	41	0.234099	FALSE	NA	NA	NA	NA	NA	NA
NC_045512.2	9291	A	T	37	9	26	3	3	27	0.0731707	41	0.120253	FALSE	NA	NA	NA	NA	NA	NA
NC_045512.2	9291	A	C	37	9	26	1	1	26	0.0243902	41	0.487179	FALSE	NA	NA	NA	NA	NA	NA
NC_045512.2	9292	T	G	36	8	26	2	2	24	0.05	40	0.24026	FALSE	NA	NA	NA	NA	NA	NA
NC_045512.2	9292	T	C	36	8	26	1	1	27	0.025	40	0.486842	FALSE	NA	NA	NA	NA	NA	NA
NC_045512.2	9292	T	A	36	8	26	1	1	21	0.025	40	0.486842	FALSE	NA	NA	NA	NA	NA	NA
NC_045512.2	9293	T	G	30	7	24	1	1	28	0.0285714	35	0.476923	FALSE	NA	NA	NA	NA	NA	NA
NC_045512.2	9293	T	C	30	7	24	2	2	24	0.0571429	35	0.231235	FALSE	NA	NA	NA	NA	NA	NA
NC_045512.2	9293	T	A	30	7	24	2	2	26	0.0571429	35	0.231235	FALSE	NA	NA	NA	NA	NA	NA
NC_045512.2	9294	A	T	36	8	26	1	1	21	0.0243902	41	0.480519	FALSE	NA	NA	NA	NA	NA	NA
NC_045512.2	9294	A	G	36	8	26	1	1	27	0.0243902	41	0.480519	FALSE	NA	NA	NA	NA	NA	NA
NC_045512.2	9294	A	C	36	8	26	3	3	27	0.0731707	41	0.115568	FALSE	NA	NA	NA	NA	NA	NA
NC_045512.2	9295	T	G	34	7	26	1	1	27	0.025	40	0.472973	FALSE	NA	NA	NA	NA	NA	NA
NC_045512.2	9295	T	C	34	7	26	1	1	29	0.025	40	0.472973	FALSE	NA	NA	NA	NA	NA	NA
NC_045512.2	9295	T	A	34	7	26	4	4	23	0.1	40	0.0545455	FALSE	NA	NA	NA	NA	NA	NA
NC_045512.2	9296	T	G	25	6	24	3	3	24	0.09375	32	0.100772	FALSE	NA	NA	NA	NA	NA	NA
NC_045512.2	9296	T	C	25	6	24	2	2	27	0.0625	32	0.212341	FALSE	NA	NA	NA	NA	NA	NA
NC_045512.2	9296	T	A	25	6	24	2	2	25	0.0625	32	0.212341	FALSE	NA	NA	NA	NA	NA	NA
NC_045512.2	9296	T	-A	25	6	24	1	0	20	0.03125	32	0.45614	FALSE	NA	NA	NA	NA	NA	NA
NC_045512.2	9297	A	T	35	9	26	2	2	26	0.0512821	39	0.233684	FALSE	NA	NA	NA	NA	NA	NA
NC_045512.2	9297	A	G	35	9	26	2	2	23	0.0512821	39	0.233684	FALSE	NA	NA	NA	NA	NA	NA
NC_045512.2	9298	C	T	32	5	26	2	2	24	0.05	40	0.21347	FALSE	NA	NA	NA	NA	NA	NA
NC_045512.2	9298	C	G	32	5	26	5	5	27	0.125	40	0.0235941	FALSE	NA	NA	NA	NA	NA	NA
NC_045512.2	9298	C	A	32	5	26	1	1	25	0.025	40	0.458333	FALSE	NA	NA	NA	NA	NA	NA
NC_045512.2	9299	A	T	34	7	26	2	2	28	0.05	40	0.227027	FALSE	NA	NA	NA	NA	NA	NA
NC_045512.2	9299	A	G	34	7	26	1	1	25	0.025	40	0.472973	FALSE	NA	NA	NA	NA	NA	NA
NC_045512.2	9299	A	C	34	7	26	3	3	28	0.075	40	0.110526	FALSE	NA	NA	NA	NA	NA	NA
NC_045512.2	9300	G	T	34	7	26	3	3	27	0.0714286	42	0.102135	FALSE	NA	NA	NA	NA	NA	NA
NC_045512.2	9300	G	A	34	7	26	5	5	27	0.119048	42	0.0239499	FALSE	NA	NA	NA	NA	NA	NA
NC_045512.2	9301	A	T	33	6	27	1	1	26	0.0238095	42	0.453333	FALSE	NA	NA	NA	NA	NA	NA
NC_045512.2	9301	A	G	33	6	27	4	4	26	0.0952381	42	0.0463011	FALSE	NA	NA	NA	NA	NA	NA
NC_045512.2	9301	A	C	33	6	27	4	4	27	0.0952381	42	0.0463011	FALSE	NA	NA	NA	NA	NA	NA
NC_045512.2	9302	T	G	37	10	26	2	2	26	0.0487805	41	0.240506	FALSE	NA	NA	NA	NA	NA	NA
NC_045512.2	9302	T	A	37	10	26	2	2	24	0.0487805	41	0.240506	FALSE	NA	NA	NA	NA	NA	NA
NC_045512.2	9303	C	T	31	5	27	6	6	26	0.15	40	0.010634	FALSE	NA	NA	NA	NA	NA	NA
NC_045512.2	9303	C	G	31	5	27	1	1	26	0.025	40	0.450704	FALSE	NA	NA	NA	NA	NA	NA
NC_045512.2	9303	C	A	31	5	27	2	2	24	0.05	40	0.206573	FALSE	NA	NA	NA	NA	NA	NA
NC_045512.2	9304	T	G	34	8	26	5	5	25	0.125	40	0.0272727	FALSE	NA	NA	NA	NA	NA	NA
NC_045512.2	9304	T	A	34	8	26	1	1	24	0.025	40	0.472973	FALSE	NA	NA	NA	NA	NA	NA
NC_045512.2	9305	T	G	35	9	27	2	2	25	0.0487805	41	0.227614	FALSE	NA	NA	NA	NA	NA	NA
NC_045512.2	9305	T	C	35	9	27	1	1	29	0.0243902	41	0.473684	FALSE	NA	NA	NA	NA	NA	NA
NC_045512.2	9305	T	A	35	9	27	3	3	25	0.0731707	41	0.110889	FALSE	NA	NA	NA	NA	NA	NA
NC_045512.2	9306	T	G	30	9	23	4	4	26	0.111111	36	0.0536448	FALSE	NA	NA	NA	NA	NA	NA
NC_045512.2	9306	T	C	30	9	23	1	1	22	0.0277778	36	0.469697	FALSE	NA	NA	NA	NA	NA	NA
NC_045512.2	9306	T	A	30	9	23	1	1	26	0.0277778	36	0.469697	FALSE	NA	NA	NA	NA	NA	NA
NC_045512.2	9307	A	T	35	9	26	2	2	26	0.05	40	0.233684	FALSE	NA	NA	NA	NA	NA	NA
NC_045512.2	9307	A	G	35	9	26	3	3	24	0.075	40	0.115325	FALSE	NA	NA	NA	NA	NA	NA
NC_045512.2	9308	C	T	32	6	26	2	2	23	0.0512821	39	0.219484	FALSE	NA	NA	NA	NA	NA	NA
NC_045512.2	9308	C	G	32	6	26	4	4	26	0.102564	39	0.0511939	FALSE	NA	NA	NA	NA	NA	NA
NC_045512.2	9308	C	A	32	6	26	1	1	28	0.025641	39	0.464789	FALSE	NA	NA	NA	NA	NA	NA
NC_045512.2	9309	C	T	29	5	23	4	4	27	0.105263	38	0.0446289	FALSE	NA	NA	NA	NA	NA	NA
NC_045512.2	9309	C	G	29	5	23	2	2	26	0.0526316	38	0.204126	FALSE	NA	NA	NA	NA	NA	NA
NC_045512.2	9309	C	A	29	5	23	3	3	26	0.0789474	38	0.0946673	FALSE	NA	NA	NA	NA	NA	NA
NC_045512.2	9310	A	T	31	5	26	3	3	25	0.0731707	41	0.0923115	FALSE	NA	NA	NA	NA	NA	NA
NC_045512.2	9310	A	G	31	5	26	4	4	25	0.097561	41	0.0430787	FALSE	NA	NA	NA	NA	NA	NA
NC_045512.2	9310	A	C	31	5	26	3	3	27	0.0731707	41	0.0923115	FALSE	NA	NA	NA	NA	NA	NA
NC_045512.2	9311	G	T	32	6	26	4	4	26	0.1	40	0.0484635	FALSE	NA	NA	NA	NA	NA	NA
NC_045512.2	9311	G	C	32	6	26	1	1	23	0.025	40	0.458333	FALSE	NA	NA	NA	NA	NA	NA
NC_045512.2	9311	G	A	32	6	26	3	3	25	0.075	40	0.100966	FALSE	NA	NA	NA	NA	NA	NA
NC_045512.2	9312	G	T	29	8	24	2	2	27	0.0571429	35	0.223558	FALSE	NA	NA	NA	NA	NA	NA
NC_045512.2	9312	G	C	29	8	24	1	1	28	0.0285714	35	0.46875	FALSE	NA	NA	NA	NA	NA	NA
NC_045512.2	9312	G	A	29	8	24	3	3	27	0.0857143	35	0.108392	FALSE	NA	NA	NA	NA	NA	NA
NC_045512.2	9313	A	T	32	7	27	4	4	27	0.1	40	0.0484635	FALSE	NA	NA	NA	NA	NA	NA
NC_045512.2	9313	A	C	32	7	27	4	4	27	0.1	40	0.0484635	FALSE	NA	NA	NA	NA	NA	NA
NC_045512.2	9314	G	T	33	8	26	3	3	26	0.075	40	0.105739	FALSE	NA	NA	NA	NA	NA	NA
NC_045512.2	9314	G	C	33	8	26	1	1	26	0.025	40	0.465753	FALSE	NA	NA	NA	NA	NA	NA
NC_045512.2	9314	G	A	33	8	26	3	3	25	0.075	40	0.105739	FALSE	NA	NA	NA	NA	NA	NA
NC_045512.2	9314	G	-TT	33	8	26	1	0	20	0.025	40	0.465753	FALSE	NA	NA	NA	NA	NA	NA
NC_045512.2	9314	G	-T	33	8	26	9	0	20	0.225	40	0.00170913	TRUE	NA	NA	NA	NA	NA	NA
NC_045512.2	9315	T	G	19	6	26	2	1	25	0.08	25	0.141414	FALSE	NA	NA	NA	NA	NA	NA
NC_045512.2	9315	T	C	19	6	26	1	1	27	0.04	25	0.37037	FALSE	NA	NA	NA	NA	NA	NA
NC_045512.2	9315	T	A	19	6	26	3	3	26	0.12	25	0.0555556	FALSE	NA	NA	NA	NA	NA	NA
NC_045512.2	9316	T	G	29	7	26	1	1	27	0.027027	37	0.447761	FALSE	NA	NA	NA	NA	NA	NA
NC_045512.2	9316	T	C	29	7	26	1	1	24	0.027027	37	0.447761	FALSE	NA	NA	NA	NA	NA	NA
NC_045512.2	9316	T	A	29	7	26	6	6	25	0.162162	37	0.010389	FALSE	NA	NA	NA	NA	NA	NA
NC_045512.2	9317	T	G	30	7	27	1	1	29	0.025641	39	0.449275	FALSE	NA	NA	NA	NA	NA	NA
NC_045512.2	9317	T	C	30	7	27	5	5	27	0.128205	39	0.0216128	FALSE	NA	NA	NA	NA	NA	NA
NC_045512.2	9317	T	A	30	7	27	3	3	27	0.0769231	39	0.0954597	FALSE	NA	NA	NA	NA	NA	NA
NC_045512.2	9318	T	G	18	9	23	2	2	27	0.08	25	0.200846	FALSE	NA	NA	NA	NA	NA	NA
NC_045512.2	9318	T	C	18	9	23	1	1	25	0.04	25	0.44186	FALSE	NA	NA	NA	NA	NA	NA
NC_045512.2	9318	T	A	18	9	23	4	4	26	0.16	25	0.0448264	FALSE	NA	NA	NA	NA	NA	NA
NC_045512.2	9319	C	T	29	6	25	4	4	26	0.105263	38	0.0446289	FALSE	NA	NA	NA	NA	NA	NA
NC_045512.2	9319	C	G	29	6	25	3	3	26	0.0789474	38	0.0946673	FALSE	NA	NA	NA	NA	NA	NA
NC_045512.2	9319	C	A	29	6	25	2	2	23	0.0526316	38	0.204126	FALSE	NA	NA	NA	NA	NA	NA
NC_045512.2	9320	T	G	33	10	26	3	3	25	0.0769231	39	0.110144	FALSE	NA	NA	NA	NA	NA	NA
NC_045512.2	9320	T	C	33	10	26	2	2	29	0.0512821	39	0.226408	FALSE	NA	NA	NA	NA	NA	NA
NC_045512.2	9320	T	A	33	10	26	1	1	25	0.025641	39	0.472222	FALSE	NA	NA	NA	NA	NA	NA
NC_045512.2	9321	G	T	30	7	25	4	4	25	0.105263	38	0.0477299	FALSE	NA	NA	NA	NA	NA	NA
NC_045512.2	9321	G	A	30	7	25	4	4	25	0.105263	38	0.0477299	FALSE	NA	NA	NA	NA	NA	NA
NC_045512.2	9322	T	G	28	5	25	6	6	25	0.162162	37	0.0102574	FALSE	NA	NA	NA	NA	NA	NA
NC_045512.2	9322	T	A	28	5	25	3	3	26	0.0810811	37	0.0938315	FALSE	NA	NA	NA	NA	NA	NA
NC_045512.2	9323	G	T	31	8	25	3	3	25	0.0789474	38	0.104698	FALSE	NA	NA	NA	NA	NA	NA
NC_045512.2	9323	G	C	31	8	25	1	1	27	0.0263158	38	0.463768	FALSE	NA	NA	NA	NA	NA	NA
NC_045512.2	9323	G	A	31	8	25	3	3	23	0.0789474	38	0.104698	FALSE	NA	NA	NA	NA	NA	NA
NC_045512.2	9324	G	T	29	8	24	5	5	26	0.135135	37	0.0229906	FALSE	NA	NA	NA	NA	NA	NA
NC_045512.2	9324	G	C	29	8	24	2	2	27	0.0540541	37	0.210312	FALSE	NA	NA	NA	NA	NA	NA
NC_045512.2	9324	G	A	29	8	24	1	1	23	0.027027	37	0.454545	FALSE	NA	NA	NA	NA	NA	NA
NC_045512.2	9325	T	C	32	9	26	1	1	23	0.025641	39	0.464789	FALSE	NA	NA	NA	NA	NA	NA
NC_045512.2	9325	T	A	32	9	26	6	6	27	0.153846	39	0.0126278	FALSE	NA	NA	NA	NA	NA	NA
NC_045512.2	9326	G	T	30	7	27	4	4	26	0.102564	39	0.0450782	FALSE	NA	NA	NA	NA	NA	NA
NC_045512.2	9326	G	C	30	7	27	2	2	27	0.0512821	39	0.205383	FALSE	NA	NA	NA	NA	NA	NA
NC_045512.2	9326	G	A	30	7	27	3	3	25	0.0769231	39	0.0954597	FALSE	NA	NA	NA	NA	NA	NA
NC_045512.2	9327	T	G	32	9	27	3	3	25	0.0769231	39	0.105232	FALSE	NA	NA	NA	NA	NA	NA
NC_045512.2	9327	T	C	32	9	27	3	3	27	0.0769231	39	0.105232	FALSE	NA	NA	NA	NA	NA	NA
NC_045512.2	9327	T	A	32	9	27	1	1	27	0.025641	39	0.464789	FALSE	NA	NA	NA	NA	NA	NA
NC_045512.2	9328	A	T	31	8	27	4	4	27	0.102564	39	0.048106	FALSE	NA	NA	NA	NA	NA	NA
NC_045512.2	9328	A	G	31	8	27	4	4	26	0.102564	39	0.048106	FALSE	NA	NA	NA	NA	NA	NA
NC_045512.2	9329	G	T	33	10	27	2	2	27	0.0512821	39	0.226408	FALSE	NA	NA	NA	NA	NA	NA
NC_045512.2	9329	G	C	33	10	27	3	3	28	0.0769231	39	0.110144	FALSE	NA	NA	NA	NA	NA	NA
NC_045512.2	9329	G	A	33	10	27	1	1	28	0.025641	39	0.472222	FALSE	NA	NA	NA	NA	NA	NA
NC_045512.2	9330	A	T	32	9	27	3	3	26	0.0769231	39	0.105232	FALSE	NA	NA	NA	NA	NA	NA
NC_045512.2	9330	A	G	32	9	27	2	2	31	0.0512821	39	0.219484	FALSE	NA	NA	NA	NA	NA	NA
NC_045512.2	9330	A	C	32	9	27	2	2	26	0.0512821	39	0.219484	FALSE	NA	NA	NA	NA	NA	NA
NC_045512.2	9331	T	G	29	6	27	3	3	26	0.0789474	38	0.0946673	FALSE	NA	NA	NA	NA	NA	NA
NC_045512.2	9331	T	C	29	6	27	2	2	28	0.0526316	38	0.204126	FALSE	NA	NA	NA	NA	NA	NA
NC_045512.2	9331	T	A	29	6	27	4	4	23	0.105263	38	0.0446289	FALSE	NA	NA	NA	NA	NA	NA
NC_045512.2	9332	G	T	33	10	26	4	4	25	0.102564	39	0.0543379	FALSE	NA	NA	NA	NA	NA	NA
NC_045512.2	9332	G	A	33	10	26	2	2	28	0.0512821	39	0.226408	FALSE	NA	NA	NA	NA	NA	NA
NC_045512.2	9333	C	T	29	6	26	6	6	27	0.153846	39	0.00953507	TRUE	NA	NA	NA	NA	NA	NA
NC_045512.2	9333	C	G	29	6	26	1	1	28	0.025641	39	0.441176	FALSE	NA	NA	NA	NA	NA	NA
NC_045512.2	9333	C	A	29	6	26	3	3	23	0.0769231	39	0.0906102	FALSE	NA	NA	NA	NA	NA	NA
NC_045512.2	9334	T	G	31	8	26	3	3	27	0.0769231	39	0.100335	FALSE	NA	NA	NA	NA	NA	NA
NC_045512.2	9334	T	C	31	8	26	4	4	26	0.102564	39	0.048106	FALSE	NA	NA	NA	NA	NA	NA
NC_045512.2	9334	T	A	31	8	26	1	1	25	0.025641	39	0.457143	FALSE	NA	NA	NA	NA	NA	NA
NC_045512.2	9335	G	T	29	6	27	5	5	27	0.131579	38	0.0213716	FALSE	NA	NA	NA	NA	NA	NA
NC_045512.2	9335	G	C	29	6	27	3	3	25	0.0789474	38	0.0946673	FALSE	NA	NA	NA	NA	NA	NA
NC_045512.2	9335	G	A	29	6	27	1	1	28	0.0263158	38	0.447761	FALSE	NA	NA	NA	NA	NA	NA
NC_045512.2	9336	T	G	31	8	26	4	4	27	0.102564	39	0.048106	FALSE	NA	NA	NA	NA	NA	NA
NC_045512.2	9336	T	C	31	8	26	2	2	27	0.0512821	39	0.212475	FALSE	NA	NA	NA	NA	NA	NA
NC_045512.2	9336	T	A	31	8	26	2	2	28	0.0512821	39	0.212475	FALSE	NA	NA	NA	NA	NA	NA
NC_045512.2	9337	A	T	31	8	25	3	3	27	0.0789474	38	0.104698	FALSE	NA	NA	NA	NA	NA	NA
NC_045512.2	9337	A	G	31	8	25	3	3	27	0.0789474	38	0.104698	FALSE	NA	NA	NA	NA	NA	NA
NC_045512.2	9337	A	C	31	8	25	1	1	24	0.0263158	38	0.463768	FALSE	NA	NA	NA	NA	NA	NA
NC_045512.2	9338	A	T	33	10	27	3	3	26	0.0769231	39	0.110144	FALSE	NA	NA	NA	NA	NA	NA
NC_045512.2	9338	A	G	33	10	27	3	3	25	0.0769231	39	0.110144	FALSE	NA	NA	NA	NA	NA	NA
NC_045512.2	9339	A	T	24	10	24	1	1	27	0.0344828	29	0.471698	FALSE	NA	NA	NA	NA	NA	NA
NC_045512.2	9339	A	G	24	10	24	1	1	28	0.0344828	29	0.471698	FALSE	NA	NA	NA	NA	NA	NA
NC_045512.2	9339	A	C	24	10	24	3	3	26	0.103448	29	0.111492	FALSE	NA	NA	NA	NA	NA	NA
NC_045512.2	9340	T	G	26	6	26	4	4	27	0.114286	35	0.0431319	FALSE	NA	NA	NA	NA	NA	NA
NC_045512.2	9340	T	C	26	6	26	2	2	28	0.0571429	35	0.199894	FALSE	NA	NA	NA	NA	NA	NA
NC_045512.2	9340	T	A	26	6	26	3	3	26	0.0857143	35	0.0920148	FALSE	NA	NA	NA	NA	NA	NA
NC_045512.2	9341	T	G	27	7	28	1	1	28	0.0277778	36	0.444444	FALSE	NA	NA	NA	NA	NA	NA
NC_045512.2	9341	T	C	27	7	28	4	4	26	0.111111	36	0.0436577	FALSE	NA	NA	NA	NA	NA	NA
NC_045512.2	9341	T	A	27	7	28	4	4	28	0.111111	36	0.0436577	FALSE	NA	NA	NA	NA	NA	NA
NC_045512.2	9342	T	G	25	12	24	2	2	25	0.0714286	28	0.245283	FALSE	NA	NA	NA	NA	NA	NA
NC_045512.2	9342	T	A	25	12	24	1	1	24	0.0357143	28	0.490566	FALSE	NA	NA	NA	NA	NA	NA
NC_045512.2	9343	A	T	24	6	26	3	3	27	0.0882353	34	0.0854763	FALSE	NA	NA	NA	NA	NA	NA
NC_045512.2	9343	A	G	24	6	26	5	5	25	0.147059	34	0.0183519	FALSE	NA	NA	NA	NA	NA	NA
NC_045512.2	9343	A	C	24	6	26	2	2	28	0.0588235	34	0.189947	FALSE	NA	NA	NA	NA	NA	NA
NC_045512.2	9343	A	-C	24	6	26	2	0	20	0.0588235	34	0.189947	FALSE	NA	NA	NA	NA	NA	NA
NC_045512.2	9344	C	T	0	0	0	23	5	25	0.741935	31	9.2087e-16	TRUE	NA	NA	NA	NA	NA	NA
NC_045512.2	9344	C	G	0	0	0	3	3	26	0.0967742	31	0.000167112	TRUE	NA	NA	NA	NA	NA	NA
NC_045512.2	9344	C	A	0	0	0	5	5	27	0.16129	31	2.65258e-06	TRUE	NA	NA	NA	NA	NA	NA
NC_045512.2	9345	T	G	26	8	27	3	3	26	0.0909091	33	0.101528	FALSE	NA	NA	NA	NA	NA	NA
NC_045512.2	9345	T	C	26	8	27	1	1	28	0.030303	33	0.457627	FALSE	NA	NA	NA	NA	NA	NA
NC_045512.2	9345	T	A	26	8	27	3	3	25	0.0909091	33	0.101528	FALSE	NA	NA	NA	NA	NA	NA
NC_045512.2	9346	T	G	16	7	23	3	3	27	0.12	25	0.0785188	FALSE	NA	NA	NA	NA	NA	NA
NC_045512.2	9346	T	C	16	7	23	1	1	27	0.04	25	0.414634	FALSE	NA	NA	NA	NA	NA	NA
NC_045512.2	9346	T	A	16	7	23	5	5	23	0.2	25	0.0166555	FALSE	NA	NA	NA	NA	NA	NA
NC_045512.2	9347	A	T	29	12	26	4	4	25	0.121212	33	0.0604396	FALSE	NA	NA	NA	NA	NA	NA
NC_045512.2	9348	C	T	23	6	26	6	6	25	0.181818	33	0.00855501	TRUE	NA	NA	NA	NA	NA	NA
NC_045512.2	9348	C	G	23	6	26	3	3	24	0.0909091	33	0.0842624	FALSE	NA	NA	NA	NA	NA	NA
NC_045512.2	9348	C	A	23	6	26	1	1	28	0.030303	33	0.428571	FALSE	NA	NA	NA	NA	NA	NA
NC_045512.2	9349	T	G	27	10	26	1	1	31	0.03125	32	0.474576	FALSE	NA	NA	NA	NA	NA	NA
NC_045512.2	9349	T	C	27	10	26	3	3	26	0.09375	32	0.112809	FALSE	NA	NA	NA	NA	NA	NA
NC_045512.2	9349	T	A	27	10	26	1	1	27	0.03125	32	0.474576	FALSE	NA	NA	NA	NA	NA	NA
NC_045512.2	9350	A	T	24	7	25	4	4	29	0.125	32	0.0449875	FALSE	NA	NA	NA	NA	NA	NA
NC_045512.2	9350	A	G	24	7	25	3	3	27	0.09375	32	0.0947952	FALSE	NA	NA	NA	NA	NA	NA
NC_045512.2	9350	A	C	24	7	25	1	1	28	0.03125	32	0.446429	FALSE	NA	NA	NA	NA	NA	NA
NC_045512.2	9351	A	T	21	7	24	2	2	25	0.0666667	30	0.190799	FALSE	NA	NA	NA	NA	NA	NA
NC_045512.2	9351	A	G	21	7	24	4	4	24	0.133333	30	0.0399999	FALSE	NA	NA	NA	NA	NA	NA
NC_045512.2	9351	A	C	21	7	24	3	3	27	0.1	30	0.0863997	FALSE	NA	NA	NA	NA	NA	NA
NC_045512.2	9351	A	-T	21	7	24	1	0	20	0.0333333	30	0.431373	FALSE	NA	NA	NA	NA	NA	NA
NC_045512.2	9352	T	G	28	11	26	3	3	27	0.09375	32	0.113193	FALSE	NA	NA	NA	NA	NA	NA
NC_045512.2	9352	T	A	28	11	26	1	1	28	0.03125	32	0.47541	FALSE	NA	NA	NA	NA	NA	NA
NC_045512.2	9353	A	T	25	8	26	4	4	26	0.121212	33	0.0455126	FALSE	NA	NA	NA	NA	NA	NA
NC_045512.2	9353	A	G	25	8	26	3	3	25	0.0909091	33	0.0957335	FALSE	NA	NA	NA	NA	NA	NA
NC_045512.2	9353	A	C	25	8	26	1	1	27	0.030303	33	0.448276	FALSE	NA	NA	NA	NA	NA	NA
NC_045512.2	9354	T	G	26	9	26	4	4	24	0.121212	33	0.0491265	FALSE	NA	NA	NA	NA	NA	NA
NC_045512.2	9354	T	C	26	9	26	1	1	26	0.030303	33	0.457627	FALSE	NA	NA	NA	NA	NA	NA
NC_045512.2	9354	T	A	26	9	26	2	2	27	0.0606061	33	0.213559	FALSE	NA	NA	NA	NA	NA	NA
NC_045512.2	9355	G	T	25	8	26	4	4	24	0.129032	31	0.0521855	FALSE	NA	NA	NA	NA	NA	NA
NC_045512.2	9355	G	A	25	8	26	2	2	25	0.0645161	31	0.219925	FALSE	NA	NA	NA	NA	NA	NA
NC_045512.2	9355	G	-T	25	8	26	1	0	20	0.0322581	31	0.464286	FALSE	NA	NA	NA	NA	NA	NA
NC_045512.2	9356	T	G	26	9	25	2	2	27	0.0625	32	0.213559	FALSE	NA	NA	NA	NA	NA	NA
NC_045512.2	9356	T	C	26	9	25	2	2	26	0.0625	32	0.213559	FALSE	NA	NA	NA	NA	NA	NA
NC_045512.2	9356	T	A	26	9	25	2	2	25	0.0625	32	0.213559	FALSE	NA	NA	NA	NA	NA	NA
NC_045512.2	9357	T	G	25	10	26	2	2	28	0.0625	32	0.212341	FALSE	NA	NA	NA	NA	NA	NA
NC_045512.2	9357	T	C	25	10	26	2	1	28	0.0625	32	0.212341	FALSE	NA	NA	NA	NA	NA	NA
NC_045512.2	9357	T	A	25	10	26	3	3	25	0.09375	32	0.100772	FALSE	NA	NA	NA	NA	NA	NA
NC_045512.2	9358	T	G	17	9	25	4	4	24	0.166667	24	0.0440881	FALSE	NA	NA	NA	NA	NA	NA
NC_045512.2	9358	T	A	17	9	25	3	3	26	0.125	24	0.092375	FALSE	NA	NA	NA	NA	NA	NA
NC_045512.2	9359	A	T	23	8	25	4	4	26	0.129032	31	0.0444293	FALSE	NA	NA	NA	NA	NA	NA
NC_045512.2	9359	A	G	23	8	25	2	2	27	0.0645161	31	0.20202	FALSE	NA	NA	NA	NA	NA	NA
NC_045512.2	9359	A	C	23	8	25	2	2	24	0.0645161	31	0.20202	FALSE	NA	NA	NA	NA	NA	NA
NC_045512.2	9360	C	T	21	6	25	2	2	27	0.0666667	30	0.190799	FALSE	NA	NA	NA	NA	NA	NA
NC_045512.2	9360	C	G	21	6	25	4	4	27	0.133333	30	0.0399999	FALSE	NA	NA	NA	NA	NA	NA
NC_045512.2	9360	C	A	21	6	25	3	3	28	0.1	30	0.0863997	FALSE	NA	NA	NA	NA	NA	NA
NC_045512.2	9361	A	T	24	9	27	4	4	27	0.129032	31	0.0482594	FALSE	NA	NA	NA	NA	NA	NA
NC_045512.2	9361	A	G	24	9	27	2	2	25	0.0645161	31	0.211039	FALSE	NA	NA	NA	NA	NA	NA
NC_045512.2	9361	A	C	24	9	27	1	1	21	0.0322581	31	0.454545	FALSE	NA	NA	NA	NA	NA	NA
NC_045512.2	9362	C	T	22	7	26	4	4	25	0.129032	31	0.0407035	FALSE	NA	NA	NA	NA	NA	NA
NC_045512.2	9362	C	G	22	7	26	2	2	25	0.0645161	31	0.192872	FALSE	NA	NA	NA	NA	NA	NA
NC_045512.2	9362	C	A	22	7	26	3	3	28	0.0967742	31	0.0876691	FALSE	NA	NA	NA	NA	NA	NA
NC_045512.2	9363	C	T	19	5	24	6	6	27	0.222222	27	0.00983372	TRUE	NA	NA	NA	NA	NA	NA
NC_045512.2	9363	C	G	19	5	24	2	2	27	0.0740741	27	0.194265	FALSE	NA	NA	NA	NA	NA	NA
NC_045512.2	9364	A	T	22	7	26	1	1	28	0.0344828	29	0.45098	FALSE	NA	NA	NA	NA	NA	NA
NC_045512.2	9364	A	G	22	7	26	3	3	26	0.103448	29	0.0981815	FALSE	NA	NA	NA	NA	NA	NA
NC_045512.2	9364	A	C	22	7	26	3	3	27	0.103448	29	0.0981815	FALSE	NA	NA	NA	NA	NA	NA
NC_045512.2	9365	C	T	21	6	27	5	5	26	0.178571	28	0.0229224	FALSE	NA	NA	NA	NA	NA	NA
NC_045512.2	9365	C	G	21	6	27	1	1	23	0.0357143	28	0.44898	FALSE	NA	NA	NA	NA	NA	NA
NC_045512.2	9365	C	A	21	6	27	1	1	27	0.0357143	28	0.44898	FALSE	NA	NA	NA	NA	NA	NA
NC_045512.2	9366	T	G	24	9	27	1	1	28	0.0344828	29	0.471698	FALSE	NA	NA	NA	NA	NA	NA
NC_045512.2	9366	T	A	24	9	27	4	4	28	0.137931	29	0.0557461	FALSE	NA	NA	NA	NA	NA	NA
NC_045512.2	9367	A	T	22	7	26	3	3	25	0.103448	29	0.0981815	FALSE	NA	NA	NA	NA	NA	NA
NC_045512.2	9367	A	G	22	7	26	1	1	28	0.0344828	29	0.45098	FALSE	NA	NA	NA	NA	NA	NA
NC_045512.2	9367	A	C	22	7	26	3	3	26	0.103448	29	0.0981815	FALSE	NA	NA	NA	NA	NA	NA
NC_045512.2	9368	A	T	20	6	24	5	5	27	0.178571	28	0.0204428	FALSE	NA	NA	NA	NA	NA	NA
NC_045512.2	9368	A	G	20	6	24	1	1	28	0.0357143	28	0.4375	FALSE	NA	NA	NA	NA	NA	NA
NC_045512.2	9368	A	C	20	6	24	2	2	27	0.0714286	28	0.196429	FALSE	NA	NA	NA	NA	NA	NA
NC_045512.2	9369	T	A	24	9	26	5	5	26	0.172414	29	0.0283621	FALSE	NA	NA	NA	NA	NA	NA
NC_045512.2	9370	T	G	21	6	24	4	4	25	0.137931	29	0.0431999	FALSE	NA	NA	NA	NA	NA	NA
NC_045512.2	9370	T	A	21	6	24	4	4	26	0.137931	29	0.0431999	FALSE	NA	NA	NA	NA	NA	NA
NC_045512.2	9370	T	-C	21	6	24	1	0	20	0.0344828	29	0.44	FALSE	NA	NA	NA	NA	NA	NA
NC_045512.2	9371	C	T	21	6	26	4	4	25	0.142857	28	0.0467264	FALSE	NA	NA	NA	NA	NA	NA
NC_045512.2	9371	C	G	21	6	26	1	1	26	0.0357143	28	0.44898	FALSE	NA	NA	NA	NA	NA	NA
NC_045512.2	9371	C	A	21	6	26	2	2	26	0.0714286	28	0.206531	FALSE	NA	NA	NA	NA	NA	NA
NC_045512.2	9372	A	T	23	8	26	2	2	24	0.0740741	27	0.235294	FALSE	NA	NA	NA	NA	NA	NA
NC_045512.2	9372	A	G	23	8	26	2	2	22	0.0740741	27	0.235294	FALSE	NA	NA	NA	NA	NA	NA
NC_045512.2	9373	A	T	17	5	24	4	4	26	0.16	25	0.0401691	FALSE	NA	NA	NA	NA	NA	NA
NC_045512.2	9373	A	G	17	5	24	3	3	26	0.12	25	0.0860767	FALSE	NA	NA	NA	NA	NA	NA
NC_045512.2	9373	A	C	17	5	24	1	1	21	0.04	25	0.428571	FALSE	NA	NA	NA	NA	NA	NA
NC_045512.2	9374	C	T	21	6	25	3	3	26	0.12	25	0.117021	FALSE	NA	NA	NA	NA	NA	NA
NC_045512.2	9374	C	A	21	6	25	1	1	23	0.04	25	0.478261	FALSE	NA	NA	NA	NA	NA	NA
NC_045512.2	9375	C	T	16	6	25	1	1	28	0.047619	21	0.459459	FALSE	NA	NA	NA	NA	NA	NA
NC_045512.2	9375	C	A	16	6	25	4	4	25	0.190476	21	0.0530146	FALSE	NA	NA	NA	NA	NA	NA
NC_045512.2	9376	T	G	20	7	26	2	2	25	0.0869565	23	0.244186	FALSE	NA	NA	NA	NA	NA	NA
NC_045512.2	9376	T	A	20	7	26	1	1	29	0.0434783	23	0.488372	FALSE	NA	NA	NA	NA	NA	NA
NC_045512.2	9377	A	T	18	8	26	1	1	23	0.047619	21	0.487179	FALSE	NA	NA	NA	NA	NA	NA
NC_045512.2	9377	A	G	18	8	26	1	1	28	0.047619	21	0.487179	FALSE	NA	NA	NA	NA	NA	NA
NC_045512.2	9377	A	C	18	8	26	1	1	25	0.047619	21	0.487179	FALSE	NA	NA	NA	NA	NA	NA
NC_045512.2	9378	T	A	18	9	24	2	2	25	0.1	20	0.25641	FALSE	NA	NA	NA	NA	NA	NA
NC_045512.2	9379	T	C	13	7	25	2	1	27	0.117647	17	0.225806	FALSE	NA	NA	NA	NA	NA	NA
NC_045512.2	9379	T	A	13	7	25	2	2	22	0.117647	17	0.225806	FALSE	NA	NA	NA	NA	NA	NA
NC_045512.2	9380	G	T	16	8	25	1	1	24	0.047619	21	0.459459	FALSE	NA	NA	NA	NA	NA	NA
NC_045512.2	9380	G	C	16	8	25	1	1	27	0.047619	21	0.459459	FALSE	NA	NA	NA	NA	NA	NA
NC_045512.2	9380	G	A	16	8	25	3	2	27	0.142857	21	0.106029	FALSE	NA	NA	NA	NA	NA	NA
NC_045512.2	9381	G	T	15	8	25	3	3	25	0.157895	19	0.114286	FALSE	NA	NA	NA	NA	NA	NA
NC_045512.2	9381	G	A	15	8	25	1	1	24	0.0526316	19	0.470588	FALSE	NA	NA	NA	NA	NA	NA
NC_045512.2	9382	T	G	16	7	26	2	2	22	0.1	20	0.22973	FALSE	NA	NA	NA	NA	NA	NA
NC_045512.2	9382	T	A	16	7	26	2	2	23	0.1	20	0.22973	FALSE	NA	NA	NA	NA	NA	NA
NC_045512.2	9383	G	T	15	6	27	1	1	27	0.05	20	0.457143	FALSE	NA	NA	NA	NA	NA	NA
NC_045512.2	9383	G	A	15	6	27	4	4	26	0.2	20	0.0525097	FALSE	NA	NA	NA	NA	NA	NA
NC_045512.2	9384	C	T	16	7	27	3	3	27	0.142857	21	0.106029	FALSE	NA	NA	NA	NA	NA	NA
NC_045512.2	9384	C	G	16	7	27	1	1	22	0.047619	21	0.459459	FALSE	NA	NA	NA	NA	NA	NA
NC_045512.2	9384	C	A	16	7	27	1	1	25	0.047619	21	0.459459	FALSE	NA	NA	NA	NA	NA	NA
NC_045512.2	9385	T	C	17	8	25	2	2	24	0.0952381	21	0.230769	FALSE	NA	NA	NA	NA	NA	NA
NC_045512.2	9385	T	A	17	8	25	2	2	27	0.0952381	21	0.230769	FALSE	NA	NA	NA	NA	NA	NA
NC_045512.2	9386	T	G	18	9	28	1	1	27	0.047619	21	0.487179	FALSE	NA	NA	NA	NA	NA	NA
NC_045512.2	9386	T	A	18	9	28	2	2	27	0.0952381	21	0.24359	FALSE	NA	NA	NA	NA	NA	NA
NC_045512.2	9387	T	G	13	5	24	2	2	25	0.111111	18	0.211694	FALSE	NA	NA	NA	NA	NA	NA
NC_045512.2	9387	T	C	13	5	24	1	1	28	0.0555556	18	0.451613	FALSE	NA	NA	NA	NA	NA	NA
NC_045512.2	9387	T	A	13	5	24	2	2	25	0.111111	18	0.211694	FALSE	NA	NA	NA	NA	NA	NA
NC_045512.2	9388	G	T	15	6	26	2	2	25	0.105263	19	0.228571	FALSE	NA	NA	NA	NA	NA	NA
NC_045512.2	9388	G	A	15	6	26	2	2	28	0.105263	19	0.228571	FALSE	NA	NA	NA	NA	NA	NA
NC_045512.2	9389	G	T	15	6	24	2	2	25	0.111111	18	0.242424	FALSE	NA	NA	NA	NA	NA	NA
NC_045512.2	9389	G	C	15	6	24	1	1	24	0.0555556	18	0.484848	FALSE	NA	NA	NA	NA	NA	NA
NC_045512.2	9390	A	T	14	5	28	1	1	27	0.0555556	18	0.46875	FALSE	NA	NA	NA	NA	NA	NA
NC_045512.2	9390	A	G	14	5	28	2	2	24	0.111111	18	0.227273	FALSE	NA	NA	NA	NA	NA	NA
NC_045512.2	9390	A	C	14	5	28	1	1	29	0.0555556	18	0.46875	FALSE	NA	NA	NA	NA	NA	NA
NC_045512.2	9391	C	G	14	5	28	2	2	24	0.111111	18	0.227273	FALSE	NA	NA	NA	NA	NA	NA
NC_045512.2	9391	C	A	14	5	28	2	2	28	0.111111	18	0.227273	FALSE	NA	NA	NA	NA	NA	NA
NC_045512.2	9392	A	T	12	3	28	2	2	26	0.125	16	0.224138	FALSE	NA	NA	NA	NA	NA	NA
NC_045512.2	9392	A	C	12	3	28	2	2	28	0.125	16	0.224138	FALSE	NA	NA	NA	NA	NA	NA
NC_045512.2	9393	T	A	15	6	27	2	2	27	0.117647	17	0.257576	FALSE	NA	NA	NA	NA	NA	NA
NC_045512.2	9394	A	T	13	4	27	1	1	22	0.0588235	17	0.466667	FALSE	NA	NA	NA	NA	NA	NA
NC_045512.2	9394	A	G	13	4	27	1	1	24	0.0588235	17	0.466667	FALSE	NA	NA	NA	NA	NA	NA
NC_045512.2	9394	A	C	13	4	27	2	2	25	0.117647	17	0.225806	FALSE	NA	NA	NA	NA	NA	NA
NC_045512.2	9395	T	G	14	5	27	1	1	22	0.0588235	17	0.483871	FALSE	NA	NA	NA	NA	NA	NA
NC_045512.2	9395	T	C	14	5	27	1	1	28	0.0588235	17	0.483871	FALSE	NA	NA	NA	NA	NA	NA
NC_045512.2	9395	T	A	14	5	27	1	1	27	0.0588235	17	0.483871	FALSE	NA	NA	NA	NA	NA	NA
NC_045512.2	9396	C	T	12	3	28	3	3	25	0.176471	17	0.101224	FALSE	NA	NA	NA	NA	NA	NA
NC_045512.2	9396	C	G	12	3	28	1	1	24	0.0588235	17	0.448276	FALSE	NA	NA	NA	NA	NA	NA
NC_045512.2	9396	C	A	12	3	28	1	1	28	0.0588235	17	0.448276	FALSE	NA	NA	NA	NA	NA	NA
NC_045512.2	9397	A	T	9	4	27	2	2	25	0.153846	13	0.217391	FALSE	NA	NA	NA	NA	NA	NA
NC_045512.2	9397	A	G	9	4	27	1	1	27	0.0769231	13	0.454545	FALSE	NA	NA	NA	NA	NA	NA
NC_045512.2	9397	A	C	9	4	27	1	1	31	0.0769231	13	0.454545	FALSE	NA	NA	NA	NA	NA	NA
NC_045512.2	9398	G	T	8	3	26	2	2	28	0.153846	13	0.194805	FALSE	NA	NA	NA	NA	NA	NA
NC_045512.2	9398	G	C	8	3	26	1	1	27	0.0769231	13	0.428571	FALSE	NA	NA	NA	NA	NA	NA
NC_045512.2	9398	G	A	8	3	26	2	2	25	0.153846	13	0.194805	FALSE	NA	NA	NA	NA	NA	NA
NC_045512.2	9399	C	T	9	4	25	1	1	24	0.0769231	13	0.454545	FALSE	NA	NA	NA	NA	NA	NA
NC_045512.2	9399	C	A	9	4	25	3	3	25	0.230769	13	0.108696	FALSE	NA	NA	NA	NA	NA	NA
NC_045512.2	9400	A	T	10	5	25	1	1	26	0.0833333	12	0.5	FALSE	NA	NA	NA	NA	NA	NA
NC_045512.2	9400	A	C	10	5	25	1	1	24	0.0833333	12	0.5	FALSE	NA	NA	NA	NA	NA	NA
NC_045512.2	9401	T	C	10	5	27	2	2	23	0.153846	13	0.23913	FALSE	NA	NA	NA	NA	NA	NA
NC_045512.2	9401	T	A	10	5	27	1	1	23	0.0769231	13	0.478261	FALSE	NA	NA	NA	NA	NA	NA
NC_045512.2	9402	C	T	9	4	27	3	3	25	0.230769	13	0.108696	FALSE	NA	NA	NA	NA	NA	NA
NC_045512.2	9402	C	A	9	4	27	1	1	25	0.0769231	13	0.454545	FALSE	NA	NA	NA	NA	NA	NA
NC_045512.2	9403	T	G	9	4	28	1	1	25	0.0769231	13	0.454545	FALSE	NA	NA	NA	NA	NA	NA
NC_045512.2	9403	T	C	9	4	28	2	2	25	0.153846	13	0.217391	FALSE	NA	NA	NA	NA	NA	NA
NC_045512.2	9403	T	A	9	4	28	1	1	21	0.0769231	13	0.454545	FALSE	NA	NA	NA	NA	NA	NA
NC_045512.2	9404	A	T	10	5	27	1	1	26	0.0833333	12	0.5	FALSE	NA	NA	NA	NA	NA	NA
NC_045512.2	9404	A	C	10	5	27	1	1	21	0.0833333	12	0.5	FALSE	NA	NA	NA	NA	NA	NA
NC_045512.2	9405	T	A	10	5	26	2	2	26	0.166667	12	0.26087	FALSE	NA	NA	NA	NA	NA	NA
NC_045512.2	9406	A	T	7	2	27	1	1	28	0.111111	9	0.5	FALSE	NA	NA	NA	NA	NA	NA
NC_045512.2	9406	A	G	7	2	27	1	1	26	0.111111	9	0.5	FALSE	NA	NA	NA	NA	NA	NA
NC_045512.2	9407	G	T	8	3	27	1	1	26	0.1	10	0.5	FALSE	NA	NA	NA	NA	NA	NA
NC_045512.2	9407	G	C	8	3	27	1	1	26	0.1	10	0.5	FALSE	NA	NA	NA	NA	NA	NA
NC_045512.2	9408	T	G	8	3	27	2	2	25	0.2	10	0.263158	FALSE	NA	NA	NA	NA	NA	NA
NC_045512.2	9409	A	T	6	2	27	1	1	27	0.111111	9	0.466667	FALSE	NA	NA	NA	NA	NA	NA
NC_045512.2	9409	A	G	6	2	27	2	1	26	0.222222	9	0.233333	FALSE	NA	NA	NA	NA	NA	NA
NC_045512.2	9410	G	T	8	3	27	2	2	21	0.2	10	0.263158	FALSE	NA	NA	NA	NA	NA	NA
NC_045512.2	9411	C	T	7	2	27	2	2	27	0.2	10	0.235294	FALSE	NA	NA	NA	NA	NA	NA
NC_045512.2	9411	C	A	7	2	27	1	1	21	0.1	10	0.470588	FALSE	NA	NA	NA	NA	NA	NA
NC_045512.2	9412	T	G	7	2	27	2	2	21	0.2	10	0.235294	FALSE	NA	NA	NA	NA	NA	NA
NC_045512.2	9412	T	A	7	2	27	1	1	27	0.1	10	0.470588	FALSE	NA	NA	NA	NA	NA	NA
NC_045512.2	9413	G	T	8	3	28	1	1	29	0.1	10	0.5	FALSE	NA	NA	NA	NA	NA	NA
NC_045512.2	9413	G	A	8	3	28	1	1	23	0.1	10	0.5	FALSE	NA	NA	NA	NA	NA	NA
NC_045512.2	9414	G	T	5	1	24	3	3	27	0.333333	9	0.1	FALSE	NA	NA	NA	NA	NA	NA
NC_045512.2	9414	G	A	5	1	24	1	1	27	0.111111	9	0.428571	FALSE	NA	NA	NA	NA	NA	NA
NC_045512.2	9415	T	G	7	2	26	2	2	26	0.222222	9	0.264706	FALSE	NA	NA	NA	NA	NA	NA
NC_045512.2	9416	G	C	9	4	26	1	1	30	0.1	10	0.526316	FALSE	NA	NA	NA	NA	NA	NA
NC_045512.2	9417	G	T	7	3	25	1	1	33	0.111111	9	0.5	FALSE	NA	NA	NA	NA	NA	NA
NC_045512.2	9417	G	A	7	3	25	1	1	27	0.111111	9	0.5	FALSE	NA	NA	NA	NA	NA	NA
NC_045512.2	9418	T	G	8	3	28	1	1	26	0.1	10	0.5	FALSE	NA	NA	NA	NA	NA	NA
NC_045512.2	9418	T	C	8	3	28	1	1	30	0.1	10	0.5	FALSE	NA	NA	NA	NA	NA	NA
NC_045512.2	9419	A	T	8	3	28	2	2	28	0.2	10	0.263158	FALSE	NA	NA	NA	NA	NA	NA
NC_045512.2	9420	T	G	7	2	28	1	1	24	0.1	10	0.470588	FALSE	NA	NA	NA	NA	NA	NA
NC_045512.2	9420	T	C	7	2	28	1	1	29	0.1	10	0.470588	FALSE	NA	NA	NA	NA	NA	NA
NC_045512.2	9420	T	A	7	2	28	1	1	26	0.1	10	0.470588	FALSE	NA	NA	NA	NA	NA	NA
NC_045512.2	9421	T	G	7	2	25	1	1	29	0.1	10	0.470588	FALSE	NA	NA	NA	NA	NA	NA
NC_045512.2	9421	T	C	7	2	25	1	1	25	0.1	10	0.470588	FALSE	NA	NA	NA	NA	NA	NA
NC_045512.2	9421	T	A	7	2	25	1	1	28	0.1	10	0.470588	FALSE	NA	NA	NA	NA	NA	NA
NC_045512.2	9422	G	T	6	1	27	2	2	28	0.222222	9	0.233333	FALSE	NA	NA	NA	NA	NA	NA
NC_045512.2	9422	G	A	6	1	27	1	1	28	0.111111	9	0.466667	FALSE	NA	NA	NA	NA	NA	NA
NC_045512.2	9423	T	C	7	2	27	2	2	28	0.2	10	0.235294	FALSE	NA	NA	NA	NA	NA	NA
NC_045512.2	9423	T	A	7	2	27	1	1	23	0.1	10	0.470588	FALSE	NA	NA	NA	NA	NA	NA
NC_045512.2	9424	A	G	3	3	26	6	1	27	0.666667	9	0.00678733	TRUE	NA	NA	NA	NA	NA	NA
NC_045512.2	9425	G	T	6	2	26	1	1	28	0.111111	9	0.466667	FALSE	NA	NA	NA	NA	NA	NA
NC_045512.2	9425	G	C	6	2	26	1	1	23	0.111111	9	0.466667	FALSE	NA	NA	NA	NA	NA	NA
NC_045512.2	9425	G	A	6	2	26	1	1	28	0.111111	9	0.466667	FALSE	NA	NA	NA	NA	NA	NA
NC_045512.2	9426	C	A	8	3	27	1	1	28	0.111111	9	0.529412	FALSE	NA	NA	NA	NA	NA	NA
NC_045512.2	9427	T	A	7	2	28	3	3	25	0.3	10	0.123839	FALSE	NA	NA	NA	NA	NA	NA
NC_045512.2	9428	A	T	7	2	28	2	2	27	0.2	10	0.235294	FALSE	NA	NA	NA	NA	NA	NA
NC_045512.2	9428	A	C	7	2	28	1	1	31	0.1	10	0.470588	FALSE	NA	NA	NA	NA	NA	NA
NC_045512.2	9429	T	G	7	2	27	1	1	27	0.1	10	0.470588	FALSE	NA	NA	NA	NA	NA	NA
NC_045512.2	9429	T	C	7	2	27	1	1	27	0.1	10	0.470588	FALSE	NA	NA	NA	NA	NA	NA
NC_045512.2	9429	T	A	7	2	27	1	1	31	0.1	10	0.470588	FALSE	NA	NA	NA	NA	NA	NA
NC_045512.2	9430	C	T	6	1	28	1	1	28	0.1	10	0.4375	FALSE	NA	NA	NA	NA	NA	NA
NC_045512.2	9430	C	G	6	1	28	2	2	27	0.2	10	0.205882	FALSE	NA	NA	NA	NA	NA	NA
NC_045512.2	9430	C	A	6	1	28	1	1	29	0.1	10	0.4375	FALSE	NA	NA	NA	NA	NA	NA
NC_045512.2	9431	G	T	6	1	27	1	1	24	0.1	10	0.4375	FALSE	NA	NA	NA	NA	NA	NA
NC_045512.2	9431	G	C	6	1	27	1	1	28	0.1	10	0.4375	FALSE	NA	NA	NA	NA	NA	NA
NC_045512.2	9431	G	A	6	1	27	2	2	26	0.2	10	0.205882	FALSE	NA	NA	NA	NA	NA	NA
NC_045512.2	9432	T	A	9	4	27	1	1	28	0.1	10	0.526316	FALSE	NA	NA	NA	NA	NA	NA
NC_045512.2	9433	A	T	8	3	27	2	2	28	0.2	10	0.263158	FALSE	NA	NA	NA	NA	NA	NA
NC_045512.2	9434	G	T	6	2	28	1	1	24	0.111111	9	0.466667	FALSE	NA	NA	NA	NA	NA	NA
NC_045512.2	9434	G	C	6	2	28	1	1	27	0.111111	9	0.466667	FALSE	NA	NA	NA	NA	NA	NA
NC_045512.2	9434	G	A	6	2	28	1	1	29	0.111111	9	0.466667	FALSE	NA	NA	NA	NA	NA	NA
NC_045512.2	9436	A	T	8	4	26	1	1	29	0.111111	9	0.529412	FALSE	NA	NA	NA	NA	NA	NA
NC_045512.2	9437	A	T	5	2	24	1	1	28	0.125	8	0.461538	FALSE	NA	NA	NA	NA	NA	NA
NC_045512.2	9437	A	G	5	2	24	1	1	25	0.125	8	0.461538	FALSE	NA	NA	NA	NA	NA	NA
NC_045512.2	9437	A	C	5	2	24	1	1	29	0.125	8	0.461538	FALSE	NA	NA	NA	NA	NA	NA
NC_045512.2	9438	C	A	6	3	26	2	2	28	0.25	8	0.266667	FALSE	NA	NA	NA	NA	NA	NA
NC_045512.2	9439	A	T	5	2	27	1	1	27	0.125	8	0.461538	FALSE	NA	NA	NA	NA	NA	NA
NC_045512.2	9439	A	G	5	2	27	2	2	29	0.25	8	0.230769	FALSE	NA	NA	NA	NA	NA	NA
NC_045512.2	9440	T	G	5	2	26	2	2	25	0.25	8	0.230769	FALSE	NA	NA	NA	NA	NA	NA
NC_045512.2	9440	T	A	5	2	26	1	1	28	0.125	8	0.461538	FALSE	NA	NA	NA	NA	NA	NA
NC_045512.2	9440	T	-G	5	2	26	1	0	20	0.125	8	0.461538	FALSE	NA	NA	NA	NA	NA	NA
NC_045512.2	9441	G	T	4	2	26	1	1	28	0.142857	7	0.416667	FALSE	NA	NA	NA	NA	NA	NA
NC_045512.2	9441	G	A	4	2	26	2	2	27	0.285714	7	0.192308	FALSE	NA	NA	NA	NA	NA	NA
NC_045512.2	9442	C	T	5	2	26	2	2	24	0.25	8	0.230769	FALSE	NA	NA	NA	NA	NA	NA
NC_045512.2	9442	C	G	5	2	26	1	1	27	0.125	8	0.461538	FALSE	NA	NA	NA	NA	NA	NA
NC_045512.2	9443	C	T	5	3	25	1	1	21	0.166667	6	0.545455	FALSE	NA	NA	NA	NA	NA	NA
NC_045512.2	9444	T	G	6	4	26	1	1	27	0.142857	7	0.538462	FALSE	NA	NA	NA	NA	NA	NA
NC_045512.2	9445	T	G	6	4	25	1	1	24	0.142857	7	0.538462	FALSE	NA	NA	NA	NA	NA	NA
NC_045512.2	9446	G	T	4	2	27	1	1	27	0.142857	7	0.454545	FALSE	NA	NA	NA	NA	NA	NA
NC_045512.2	9446	G	A	4	2	27	2	2	22	0.285714	7	0.227273	FALSE	NA	NA	NA	NA	NA	NA
NC_045512.2	9447	C	T	3	1	26	1	1	27	0.2	5	0.5	FALSE	NA	NA	NA	NA	NA	NA
NC_045512.2	9447	C	A	3	1	26	1	1	27	0.2	5	0.5	FALSE	NA	NA	NA	NA	NA	NA
NC_045512.2	9448	C	T	5	3	24	1	1	23	0.142857	7	0.5	FALSE	NA	NA	NA	NA	NA	NA
NC_045512.2	9448	C	G	5	3	24	1	1	21	0.142857	7	0.5	FALSE	NA	NA	NA	NA	NA	NA
NC_045512.2	9449	T	G	3	1	27	2	2	25	0.285714	7	0.181818	FALSE	NA	NA	NA	NA	NA	NA
NC_045512.2	9449	T	C	3	1	27	1	1	27	0.142857	7	0.4	FALSE	NA	NA	NA	NA	NA	NA
NC_045512.2	9449	T	A	3	1	27	1	1	23	0.142857	7	0.4	FALSE	NA	NA	NA	NA	NA	NA
NC_045512.2	9450	A	T	4	2	26	2	2	26	0.285714	7	0.227273	FALSE	NA	NA	NA	NA	NA	NA
NC_045512.2	9450	A	G	4	2	26	1	1	21	0.142857	7	0.454545	FALSE	NA	NA	NA	NA	NA	NA
NC_045512.2	9451	C	G	3	1	25	3	3	22	0.428571	7	0.0909091	FALSE	NA	NA	NA	NA	NA	NA
NC_045512.2	9451	C	A	3	1	25	1	1	28	0.142857	7	0.4	FALSE	NA	NA	NA	NA	NA	NA
NC_045512.2	9452	T	G	4	2	26	2	2	27	0.285714	7	0.227273	FALSE	NA	NA	NA	NA	NA	NA
NC_045512.2	9452	T	A	4	2	26	1	1	25	0.142857	7	0.454545	FALSE	NA	NA	NA	NA	NA	NA
NC_045512.2	9453	A	T	4	2	24	1	1	28	0.142857	7	0.454545	FALSE	NA	NA	NA	NA	NA	NA
NC_045512.2	9453	A	G	4	2	24	1	1	25	0.142857	7	0.454545	FALSE	NA	NA	NA	NA	NA	NA
NC_045512.2	9453	A	C	4	2	24	1	1	27	0.142857	7	0.454545	FALSE	NA	NA	NA	NA	NA	NA
NC_045512.2	9454	T	G	1	1	26	2	2	28	0.666667	3	0.3	FALSE	NA	NA	NA	NA	NA	NA
NC_045512.2	9455	T	A	4	4	26	1	1	23	0.2	5	0.555556	FALSE	NA	NA	NA	NA	NA	NA
NC_045512.2	9456	T	G	4	4	26	1	1	24	0.2	5	0.555556	FALSE	NA	NA	NA	NA	NA	NA
NC_045512.2	9457	T	G	3	3	28	1	1	29	0.2	5	0.5	FALSE	NA	NA	NA	NA	NA	NA
NC_045512.2	9457	T	C	3	3	28	1	1	23	0.2	5	0.5	FALSE	NA	NA	NA	NA	NA	NA
NC_045512.2	9458	A	T	1	1	28	1	1	28	0.2	5	0.333333	FALSE	NA	NA	NA	NA	NA	NA
NC_045512.2	9458	A	G	1	1	28	1	1	29	0.2	5	0.333333	FALSE	NA	NA	NA	NA	NA	NA
NC_045512.2	9458	A	C	1	1	28	2	2	27	0.4	5	0.142857	FALSE	NA	NA	NA	NA	NA	NA
NC_045512.2	9459	T	C	4	4	27	1	1	28	0.2	5	0.555556	FALSE	NA	NA	NA	NA	NA	NA
NC_045512.2	9460	G	T	2	2	26	1	1	29	0.2	5	0.428571	FALSE	NA	NA	NA	NA	NA	NA
NC_045512.2	9460	G	A	2	2	26	2	2	26	0.4	5	0.214286	FALSE	NA	NA	NA	NA	NA	NA
NC_045512.2	9461	A	T	1	1	24	2	2	28	0.4	5	0.142857	FALSE	NA	NA	NA	NA	NA	NA
NC_045512.2	9461	A	G	1	1	24	2	2	25	0.4	5	0.142857	FALSE	NA	NA	NA	NA	NA	NA
NC_045512.2	9462	G	T	1	1	23	2	2	25	0.5	4	0.2	FALSE	NA	NA	NA	NA	NA	NA
NC_045512.2	9462	G	C	1	1	23	1	1	26	0.25	4	0.4	FALSE	NA	NA	NA	NA	NA	NA
NC_045512.2	9464	T	G	2	2	27	1	1	28	0.25	4	0.5	FALSE	NA	NA	NA	NA	NA	NA
NC_045512.2	9464	T	A	2	2	27	1	1	22	0.25	4	0.5	FALSE	NA	NA	NA	NA	NA	NA
NC_045512.2	9465	T	G	2	2	26	1	1	27	0.2	5	0.428571	FALSE	NA	NA	NA	NA	NA	NA
NC_045512.2	9465	T	C	2	2	26	1	1	22	0.2	5	0.428571	FALSE	NA	NA	NA	NA	NA	NA
NC_045512.2	9465	T	A	2	2	26	1	1	27	0.2	5	0.428571	FALSE	NA	NA	NA	NA	NA	NA
NC_045512.2	9466	T	G	2	2	26	2	2	27	0.4	5	0.214286	FALSE	NA	NA	NA	NA	NA	NA
NC_045512.2	9466	T	A	2	2	26	1	1	22	0.2	5	0.428571	FALSE	NA	NA	NA	NA	NA	NA
NC_045512.2	9467	A	T	2	2	26	3	3	27	0.6	5	0.119048	FALSE	NA	NA	NA	NA	NA	NA
NC_045512.2	9468	G	A	3	3	26	2	2	25	0.4	5	0.277778	FALSE	NA	NA	NA	NA	NA	NA
NC_045512.2	9469	A	G	2	2	27	1	1	31	0.25	4	0.5	FALSE	NA	NA	NA	NA	NA	NA
NC_045512.2	9469	A	C	2	2	27	1	1	22	0.25	4	0.5	FALSE	NA	NA	NA	NA	NA	NA
NC_045512.2	9470	A	T	2	2	26	1	1	28	0.2	5	0.428571	FALSE	NA	NA	NA	NA	NA	NA
NC_045512.2	9470	A	C	2	2	26	2	2	26	0.4	5	0.214286	FALSE	NA	NA	NA	NA	NA	NA
NC_045512.2	9471	G	T	2	2	25	2	2	25	0.4	5	0.214286	FALSE	NA	NA	NA	NA	NA	NA
NC_045512.2	9471	G	A	2	2	25	1	1	25	0.2	5	0.428571	FALSE	NA	NA	NA	NA	NA	NA
NC_045512.2	9472	A	T	1	1	26	2	2	26	0.4	5	0.142857	FALSE	NA	NA	NA	NA	NA	NA
NC_045512.2	9472	A	G	1	1	26	1	1	28	0.2	5	0.333333	FALSE	NA	NA	NA	NA	NA	NA
NC_045512.2	9472	A	C	1	1	26	1	1	28	0.2	5	0.333333	FALSE	NA	NA	NA	NA	NA	NA
NC_045512.2	9473	G	T	3	3	25	1	1	29	0.2	5	0.5	FALSE	NA	NA	NA	NA	NA	NA
NC_045512.2	9473	G	C	3	3	25	1	1	28	0.2	5	0.5	FALSE	NA	NA	NA	NA	NA	NA
NC_045512.2	9474	C	T	2	2	25	1	1	28	0.25	4	0.5	FALSE	NA	NA	NA	NA	NA	NA
NC_045512.2	9474	C	G	2	2	25	1	1	28	0.25	4	0.5	FALSE	NA	NA	NA	NA	NA	NA
NC_045512.2	9475	T	G	2	2	25	1	1	28	0.2	5	0.428571	FALSE	NA	NA	NA	NA	NA	NA
NC_045512.2	9475	T	C	2	2	25	2	2	24	0.4	5	0.214286	FALSE	NA	NA	NA	NA	NA	NA
NC_045512.2	9476	T	A	4	4	25	1	1	21	0.2	5	0.555556	FALSE	NA	NA	NA	NA	NA	NA
NC_045512.2	9477	T	A	2	2	27	3	3	25	0.6	5	0.119048	FALSE	NA	NA	NA	NA	NA	NA
NC_045512.2	9478	T	G	1	1	28	1	1	27	0.2	5	0.333333	FALSE	NA	NA	NA	NA	NA	NA
NC_045512.2	9478	T	C	1	1	28	1	1	25	0.2	5	0.333333	FALSE	NA	NA	NA	NA	NA	NA
NC_045512.2	9478	T	A	1	1	28	2	2	28	0.4	5	0.142857	FALSE	NA	NA	NA	NA	NA	NA
NC_045512.2	9479	G	T	1	1	24	1	1	21	0.25	4	0.4	FALSE	NA	NA	NA	NA	NA	NA
NC_045512.2	9479	G	C	1	1	24	1	1	22	0.25	4	0.4	FALSE	NA	NA	NA	NA	NA	NA
NC_045512.2	9479	G	A	1	1	24	1	1	28	0.25	4	0.4	FALSE	NA	NA	NA	NA	NA	NA
NC_045512.2	9480	G	T	1	1	28	2	2	25	0.5	4	0.2	FALSE	NA	NA	NA	NA	NA	NA
NC_045512.2	9480	G	C	1	1	28	1	1	27	0.25	4	0.4	FALSE	NA	NA	NA	NA	NA	NA
NC_045512.2	9482	G	T	1	1	27	1	1	28	0.333333	3	0.5	FALSE	NA	NA	NA	NA	NA	NA
NC_045512.2	9482	G	A	1	1	27	1	1	23	0.333333	3	0.5	FALSE	NA	NA	NA	NA	NA	NA
NC_045512.2	9587	A	-T	9	0	24	3	0	20	0.333333	9	0.192982	FALSE	NA	NA	NA	NA	NA	NA
NC_045512.2	9627	C	-T	9	0	26	3	0	20	0.333333	9	0.192982	FALSE	NA	NA	NA	NA	NA	NA
NC_045512.2	9634	A	G	8	0	26	1	0	26	0.111111	9	0.529412	FALSE	NA	NA	NA	NA	NA	NA
NC_045512.2	9693	C	T	6	0	26	8	0	28	0.571429	14	0.00135266	TRUE	NA	NA	NA	NA	NA	NA
NC_045512.2	9699	T	G	13	0	27	1	0	27	0.0714286	14	0.518519	FALSE	NA	NA	NA	NA	NA	NA
NC_045512.2	9716	A	G	13	0	27	1	0	29	0.0714286	14	0.518519	FALSE	NA	NA	NA	NA	NA	NA
NC_045512.2	9743	T	C	8	0	22	1	0	29	0.111111	9	0.529412	FALSE	NA	NA	NA	NA	NA	NA
NC_045512.2	9747	T	-A	11	0	25	1	0	20	0.0909091	11	0.545455	FALSE	NA	NA	NA	NA	NA	NA
NC_045512.2	9762	T	C	10	0	27	1	0	28	0.0909091	11	0.52381	FALSE	NA	NA	NA	NA	NA	NA
NC_045512.2	9763	C	T	10	0	26	1	0	26	0.0909091	11	0.52381	FALSE	NA	NA	NA	NA	NA	NA
NC_045512.2	9795	A	G	5	0	27	1	0	24	0.166667	6	0.545455	FALSE	NA	NA	NA	NA	NA	NA
NC_045512.2	9858	T	G	33	9	27	1	1	27	0.0294118	34	0.507463	FALSE	NA	NA	NA	NA	NA	NA
NC_045512.2	9859	A	C	33	9	27	1	1	27	0.0294118	34	0.507463	FALSE	NA	NA	NA	NA	NA	NA
NC_045512.2	9861	T	A	32	9	23	1	1	28	0.030303	33	0.507692	FALSE	NA	NA	NA	NA	NA	NA
NC_045512.2	9862	A	T	33	9	26	1	1	24	0.0294118	34	0.507463	FALSE	NA	NA	NA	NA	NA	NA
NC_045512.2	9863	C	T	33	9	25	1	1	29	0.0294118	34	0.507463	FALSE	NA	NA	NA	NA	NA	NA
NC_045512.2	9864	C	A	20	9	24	1	1	27	0.047619	21	0.512195	FALSE	NA	NA	NA	NA	NA	NA
NC_045512.2	9865	T	C	26	2	25	1	1	24	0.037037	27	0.509434	FALSE	NA	NA	NA	NA	NA	NA
NC_045512.2	9866	C	T	1	1	27	33	9	26	0.970588	34	2.3899e-18	TRUE	NA	NA	NA	NA	NA	NA
NC_045512.2	9868	T	G	15	10	25	1	1	28	0.0625	16	0.516129	FALSE	NA	NA	NA	NA	NA	NA
NC_045512.2	9869	A	T	33	9	25	1	1	29	0.0285714	35	0.5	FALSE	NA	NA	NA	NA	NA	NA
NC_045512.2	9869	A	C	33	9	25	1	1	28	0.0285714	35	0.5	FALSE	NA	NA	NA	NA	NA	NA
NC_045512.2	9870	C	T	33	9	26	2	2	29	0.0571429	35	0.253623	FALSE	NA	NA	NA	NA	NA	NA
NC_045512.2	9871	G	A	33	9	27	2	2	28	0.0571429	35	0.253623	FALSE	NA	NA	NA	NA	NA	NA
NC_045512.2	9872	C	T	34	10	27	1	1	24	0.0285714	35	0.507246	FALSE	NA	NA	NA	NA	NA	NA
NC_045512.2	9873	A	T	33	9	26	1	1	27	0.0285714	35	0.5	FALSE	NA	NA	NA	NA	NA	NA
NC_045512.2	9873	A	G	33	9	26	1	1	27	0.0285714	35	0.5	FALSE	NA	NA	NA	NA	NA	NA
NC_045512.2	9874	A	G	27	10	25	1	1	27	0.0344828	29	0.5	FALSE	NA	NA	NA	NA	NA	NA
NC_045512.2	9874	A	C	27	10	25	1	1	28	0.0344828	29	0.5	FALSE	NA	NA	NA	NA	NA	NA
NC_045512.2	9875	T	C	33	9	26	2	2	25	0.0555556	36	0.246377	FALSE	NA	NA	NA	NA	NA	NA
NC_045512.2	9875	T	A	33	9	26	1	1	24	0.0277778	36	0.492754	FALSE	NA	NA	NA	NA	NA	NA
NC_045512.2	9876	A	T	34	10	26	1	1	27	0.0277778	36	0.5	FALSE	NA	NA	NA	NA	NA	NA
NC_045512.2	9876	A	C	34	10	26	1	1	27	0.0277778	36	0.5	FALSE	NA	NA	NA	NA	NA	NA
NC_045512.2	9877	T	A	34	10	25	1	1	27	0.0285714	35	0.507246	FALSE	NA	NA	NA	NA	NA	NA
NC_045512.2	9878	A	T	28	3	27	2	2	25	0.0666667	30	0.254237	FALSE	NA	NA	NA	NA	NA	NA
NC_045512.2	9879	A	T	31	9	23	3	3	25	0.0882353	34	0.124914	FALSE	NA	NA	NA	NA	NA	NA
NC_045512.2	9880	T	A	35	10	25	1	1	27	0.0277778	36	0.507042	FALSE	NA	NA	NA	NA	NA	NA
NC_045512.2	9881	A	C	36	11	27	1	1	24	0.027027	37	0.506849	FALSE	NA	NA	NA	NA	NA	NA
NC_045512.2	9882	G	T	34	9	27	1	1	23	0.027027	37	0.492958	FALSE	NA	NA	NA	NA	NA	NA
NC_045512.2	9882	G	C	34	9	27	2	2	28	0.0540541	37	0.246479	FALSE	NA	NA	NA	NA	NA	NA
NC_045512.2	9883	A	T	35	10	27	1	1	22	0.027027	37	0.5	FALSE	NA	NA	NA	NA	NA	NA
NC_045512.2	9883	A	G	35	10	27	1	1	27	0.027027	37	0.5	FALSE	NA	NA	NA	NA	NA	NA
NC_045512.2	9884	T	G	35	10	27	1	1	29	0.027027	37	0.5	FALSE	NA	NA	NA	NA	NA	NA
NC_045512.2	9884	T	C	35	10	27	1	1	28	0.027027	37	0.5	FALSE	NA	NA	NA	NA	NA	NA
NC_045512.2	9885	A	T	36	11	27	1	1	29	0.027027	37	0.506849	FALSE	NA	NA	NA	NA	NA	NA
NC_045512.2	9886	C	T	34	9	27	2	2	28	0.0540541	37	0.246479	FALSE	NA	NA	NA	NA	NA	NA
NC_045512.2	9886	C	A	34	9	27	1	1	28	0.027027	37	0.492958	FALSE	NA	NA	NA	NA	NA	NA
NC_045512.2	9887	T	A	35	10	26	2	2	27	0.0540541	37	0.253425	FALSE	NA	NA	NA	NA	NA	NA
NC_045512.2	9888	T	C	32	9	24	2	2	28	0.0571429	35	0.246269	FALSE	NA	NA	NA	NA	NA	NA
NC_045512.2	9888	T	A	32	9	24	1	1	27	0.0285714	35	0.492537	FALSE	NA	NA	NA	NA	NA	NA
NC_045512.2	9889	A	T	34	9	27	2	2	25	0.0540541	37	0.246479	FALSE	NA	NA	NA	NA	NA	NA
NC_045512.2	9889	A	G	34	9	27	1	1	27	0.027027	37	0.492958	FALSE	NA	NA	NA	NA	NA	NA
NC_045512.2	9890	G	T	34	9	26	1	1	28	0.027027	37	0.492958	FALSE	NA	NA	NA	NA	NA	NA
NC_045512.2	9890	G	C	34	9	26	1	1	27	0.027027	37	0.492958	FALSE	NA	NA	NA	NA	NA	NA
NC_045512.2	9890	G	A	34	9	26	1	1	21	0.027027	37	0.492958	FALSE	NA	NA	NA	NA	NA	NA
NC_045512.2	9891	C	A	34	9	26	3	3	26	0.0810811	37	0.124928	FALSE	NA	NA	NA	NA	NA	NA
NC_045512.2	9892	T	G	35	10	26	1	1	28	0.027027	37	0.5	FALSE	NA	NA	NA	NA	NA	NA
NC_045512.2	9892	T	A	35	10	26	1	1	31	0.027027	37	0.5	FALSE	NA	NA	NA	NA	NA	NA
NC_045512.2	9893	C	T	35	10	27	1	1	27	0.027027	37	0.5	FALSE	NA	NA	NA	NA	NA	NA
NC_045512.2	9893	C	A	35	10	27	1	1	25	0.027027	37	0.5	FALSE	NA	NA	NA	NA	NA	NA
NC_045512.2	9894	T	G	30	5	26	1	1	25	0.03125	32	0.5	FALSE	NA	NA	NA	NA	NA	NA
NC_045512.2	9894	T	A	30	5	26	1	1	27	0.03125	32	0.5	FALSE	NA	NA	NA	NA	NA	NA
NC_045512.2	9895	T	C	35	10	28	1	1	28	0.027027	37	0.5	FALSE	NA	NA	NA	NA	NA	NA
NC_045512.2	9895	T	A	35	10	28	1	1	27	0.027027	37	0.5	FALSE	NA	NA	NA	NA	NA	NA
NC_045512.2	9897	A	T	36	11	26	1	1	29	0.027027	37	0.506849	FALSE	NA	NA	NA	NA	NA	NA
NC_045512.2	9898	T	C	36	11	26	1	1	27	0.027027	37	0.506849	FALSE	NA	NA	NA	NA	NA	NA
NC_045512.2	9899	A	T	36	11	26	1	1	24	0.027027	37	0.506849	FALSE	NA	NA	NA	NA	NA	NA
NC_045512.2	9900	A	T	32	9	24	2	2	30	0.0571429	35	0.246269	FALSE	NA	NA	NA	NA	NA	NA
NC_045512.2	9900	A	G	32	9	24	1	1	27	0.0285714	35	0.492537	FALSE	NA	NA	NA	NA	NA	NA
NC_045512.2	9901	T	A	34	9	27	3	3	28	0.0810811	37	0.124928	FALSE	NA	NA	NA	NA	NA	NA
NC_045512.2	9902	A	T	35	10	26	1	1	28	0.027027	37	0.5	FALSE	NA	NA	NA	NA	NA	NA
NC_045512.2	9902	A	G	35	10	26	1	1	27	0.027027	37	0.5	FALSE	NA	NA	NA	NA	NA	NA
NC_045512.2	9903	A	T	34	10	24	1	1	30	0.0277778	36	0.5	FALSE	NA	NA	NA	NA	NA	NA
NC_045512.2	9903	A	C	34	10	24	1	1	27	0.0277778	36	0.5	FALSE	NA	NA	NA	NA	NA	NA
NC_045512.2	9904	G	T	34	9	27	1	1	27	0.027027	37	0.492958	FALSE	NA	NA	NA	NA	NA	NA
NC_045512.2	9904	G	C	34	9	27	1	1	26	0.027027	37	0.492958	FALSE	NA	NA	NA	NA	NA	NA
NC_045512.2	9904	G	A	34	9	27	1	1	30	0.027027	37	0.492958	FALSE	NA	NA	NA	NA	NA	NA
NC_045512.2	9905	T	C	35	10	27	1	1	27	0.027027	37	0.5	FALSE	NA	NA	NA	NA	NA	NA
NC_045512.2	9905	T	A	35	10	27	1	1	34	0.027027	37	0.5	FALSE	NA	NA	NA	NA	NA	NA
NC_045512.2	9906	A	T	34	9	27	2	2	24	0.0540541	37	0.246479	FALSE	NA	NA	NA	NA	NA	NA
NC_045512.2	9906	A	G	34	9	27	1	1	29	0.027027	37	0.492958	FALSE	NA	NA	NA	NA	NA	NA
NC_045512.2	9907	C	T	34	9	27	2	2	28	0.0540541	37	0.246479	FALSE	NA	NA	NA	NA	NA	NA
NC_045512.2	9907	C	A	34	9	27	1	1	28	0.027027	37	0.492958	FALSE	NA	NA	NA	NA	NA	NA
NC_045512.2	9908	A	T	31	9	26	1	1	29	0.030303	33	0.5	FALSE	NA	NA	NA	NA	NA	NA
NC_045512.2	9908	A	G	31	9	26	1	1	27	0.030303	33	0.5	FALSE	NA	NA	NA	NA	NA	NA
NC_045512.2	9909	A	C	29	10	24	2	2	28	0.0645161	31	0.254098	FALSE	NA	NA	NA	NA	NA	NA
NC_045512.2	9910	G	T	31	9	27	2	2	28	0.0588235	34	0.246154	FALSE	NA	NA	NA	NA	NA	NA
NC_045512.2	9910	G	A	31	9	27	1	1	27	0.0294118	34	0.492308	FALSE	NA	NA	NA	NA	NA	NA
NC_045512.2	9911	T	C	31	9	27	1	1	27	0.0294118	34	0.492308	FALSE	NA	NA	NA	NA	NA	NA
NC_045512.2	9911	T	A	31	9	27	2	2	26	0.0588235	34	0.246154	FALSE	NA	NA	NA	NA	NA	NA
NC_045512.2	9912	A	T	32	10	27	1	1	22	0.0294118	34	0.5	FALSE	NA	NA	NA	NA	NA	NA
NC_045512.2	9912	A	G	32	10	27	1	1	29	0.0294118	34	0.5	FALSE	NA	NA	NA	NA	NA	NA
NC_045512.2	9914	T	A	32	10	28	2	2	28	0.0588235	34	0.253731	FALSE	NA	NA	NA	NA	NA	NA
NC_045512.2	9915	T	A	32	10	27	2	2	27	0.0588235	34	0.253731	FALSE	NA	NA	NA	NA	NA	NA
NC_045512.2	9916	T	G	18	11	25	2	2	26	0.1	20	0.25641	FALSE	NA	NA	NA	NA	NA	NA
NC_045512.2	9917	A	T	32	10	25	2	2	30	0.0571429	35	0.246269	FALSE	NA	NA	NA	NA	NA	NA
NC_045512.2	9917	A	C	32	10	25	1	1	26	0.0285714	35	0.492537	FALSE	NA	NA	NA	NA	NA	NA
NC_045512.2	9918	G	T	31	9	26	2	2	28	0.0571429	35	0.238806	FALSE	NA	NA	NA	NA	NA	NA
NC_045512.2	9918	G	A	31	9	26	2	2	28	0.0571429	35	0.238806	FALSE	NA	NA	NA	NA	NA	NA
NC_045512.2	9919	T	C	32	10	26	1	1	28	0.0285714	35	0.492537	FALSE	NA	NA	NA	NA	NA	NA
NC_045512.2	9919	T	A	32	10	26	2	2	27	0.0571429	35	0.246269	FALSE	NA	NA	NA	NA	NA	NA
NC_045512.2	9920	G	T	32	10	26	1	1	23	0.0285714	35	0.492537	FALSE	NA	NA	NA	NA	NA	NA
NC_045512.2	9920	G	A	32	10	26	2	2	23	0.0571429	35	0.246269	FALSE	NA	NA	NA	NA	NA	NA
NC_045512.2	9921	G	T	31	9	24	2	2	27	0.0571429	35	0.238806	FALSE	NA	NA	NA	NA	NA	NA
NC_045512.2	9921	G	A	31	9	24	2	2	27	0.0571429	35	0.238806	FALSE	NA	NA	NA	NA	NA	NA
NC_045512.2	9922	A	G	31	10	27	4	3	26	0.114286	35	0.0605667	FALSE	NA	NA	NA	NA	NA	NA
NC_045512.2	9923	G	T	34	13	27	2	2	26	0.0540541	37	0.246479	FALSE	NA	NA	NA	NA	NA	NA
NC_045512.2	9923	G	C	34	13	27	1	1	23	0.027027	37	0.492958	FALSE	NA	NA	NA	NA	NA	NA
NC_045512.2	9924	C	G	34	13	27	1	1	29	0.0263158	38	0.486111	FALSE	NA	NA	NA	NA	NA	NA
NC_045512.2	9924	C	A	34	13	27	3	3	26	0.0789474	38	0.119863	FALSE	NA	NA	NA	NA	NA	NA
NC_045512.2	9925	A	T	30	9	27	4	4	25	0.105263	38	0.0477299	FALSE	NA	NA	NA	NA	NA	NA
NC_045512.2	9925	A	G	30	9	27	2	2	28	0.0526316	38	0.211424	FALSE	NA	NA	NA	NA	NA	NA
NC_045512.2	9925	A	C	30	9	27	2	2	25	0.0526316	38	0.211424	FALSE	NA	NA	NA	NA	NA	NA
NC_045512.2	9926	A	T	30	12	24	3	3	28	0.0857143	35	0.113892	FALSE	NA	NA	NA	NA	NA	NA
NC_045512.2	9926	A	C	30	12	24	2	2	27	0.0571429	35	0.231235	FALSE	NA	NA	NA	NA	NA	NA
NC_045512.2	9927	T	A	36	15	26	3	3	25	0.0769231	39	0.124935	FALSE	NA	NA	NA	NA	NA	NA
NC_045512.2	9928	G	T	31	10	24	5	5	27	0.131579	38	0.0250988	FALSE	NA	NA	NA	NA	NA	NA
NC_045512.2	9928	G	A	31	10	24	2	2	28	0.0526316	38	0.218634	FALSE	NA	NA	NA	NA	NA	NA
NC_045512.2	9929	G	T	27	9	24	4	4	25	0.111111	36	0.0436577	FALSE	NA	NA	NA	NA	NA	NA
NC_045512.2	9929	G	A	27	9	24	5	5	26	0.138889	36	0.0208515	FALSE	NA	NA	NA	NA	NA	NA
NC_045512.2	9930	A	T	32	11	24	1	1	28	0.0263158	38	0.471429	FALSE	NA	NA	NA	NA	NA	NA
NC_045512.2	9930	A	G	32	11	24	2	2	26	0.0526316	38	0.225755	FALSE	NA	NA	NA	NA	NA	NA
NC_045512.2	9930	A	C	32	11	24	3	3	24	0.0789474	38	0.109742	FALSE	NA	NA	NA	NA	NA	NA
NC_045512.2	9931	T	G	32	11	24	2	2	27	0.0512821	39	0.219484	FALSE	NA	NA	NA	NA	NA	NA
NC_045512.2	9931	T	C	32	11	24	4	4	24	0.102564	39	0.0511939	FALSE	NA	NA	NA	NA	NA	NA
NC_045512.2	9931	T	A	32	11	24	1	1	27	0.025641	39	0.464789	FALSE	NA	NA	NA	NA	NA	NA
NC_045512.2	9932	A	T	30	10	24	1	1	29	0.0285714	35	0.476923	FALSE	NA	NA	NA	NA	NA	NA
NC_045512.2	9932	A	G	30	10	24	1	1	24	0.0285714	35	0.476923	FALSE	NA	NA	NA	NA	NA	NA
NC_045512.2	9932	A	C	30	10	24	3	3	24	0.0857143	35	0.113892	FALSE	NA	NA	NA	NA	NA	NA
NC_045512.2	9933	C	T	31	10	25	5	5	30	0.131579	38	0.0250988	FALSE	NA	NA	NA	NA	NA	NA
NC_045512.2	9933	C	G	31	10	25	1	1	29	0.0263158	38	0.463768	FALSE	NA	NA	NA	NA	NA	NA
NC_045512.2	9933	C	A	31	10	25	1	1	21	0.0263158	38	0.463768	FALSE	NA	NA	NA	NA	NA	NA
NC_045512.2	9934	A	T	30	9	25	5	5	28	0.142857	35	0.0288857	FALSE	NA	NA	NA	NA	NA	NA
NC_045512.2	9935	A	T	27	10	24	6	6	26	0.171429	35	0.0110984	FALSE	NA	NA	NA	NA	NA	NA
NC_045512.2	9935	A	G	27	10	24	1	1	28	0.0285714	35	0.451613	FALSE	NA	NA	NA	NA	NA	NA
NC_045512.2	9935	A	C	27	10	24	1	1	26	0.0285714	35	0.451613	FALSE	NA	NA	NA	NA	NA	NA
NC_045512.2	9936	C	T	31	10	26	2	2	26	0.0512821	39	0.212475	FALSE	NA	NA	NA	NA	NA	NA
NC_045512.2	9936	C	G	31	10	26	1	1	26	0.025641	39	0.457143	FALSE	NA	NA	NA	NA	NA	NA
NC_045512.2	9936	C	A	31	10	26	5	5	25	0.128205	39	0.0234029	FALSE	NA	NA	NA	NA	NA	NA
NC_045512.2	9937	T	C	33	12	25	3	3	25	0.0769231	39	0.110144	FALSE	NA	NA	NA	NA	NA	NA
NC_045512.2	9937	T	A	33	12	25	3	3	25	0.0769231	39	0.110144	FALSE	NA	NA	NA	NA	NA	NA
NC_045512.2	9938	A	G	32	11	24	4	4	24	0.105263	38	0.0541192	FALSE	NA	NA	NA	NA	NA	NA
NC_045512.2	9938	A	C	32	11	24	2	2	25	0.0526316	38	0.225755	FALSE	NA	NA	NA	NA	NA	NA
NC_045512.2	9939	G	T	32	11	24	2	2	28	0.0512821	39	0.219484	FALSE	NA	NA	NA	NA	NA	NA
NC_045512.2	9939	G	C	32	11	24	4	4	25	0.102564	39	0.0511939	FALSE	NA	NA	NA	NA	NA	NA
NC_045512.2	9939	G	A	32	11	24	1	1	23	0.025641	39	0.464789	FALSE	NA	NA	NA	NA	NA	NA
NC_045512.2	9940	C	T	30	10	25	1	1	23	0.0263158	38	0.455882	FALSE	NA	NA	NA	NA	NA	NA
NC_045512.2	9940	C	G	30	10	25	2	2	25	0.0526316	38	0.211424	FALSE	NA	NA	NA	NA	NA	NA
NC_045512.2	9940	C	A	30	10	25	5	5	24	0.131579	38	0.023202	FALSE	NA	NA	NA	NA	NA	NA
NC_045512.2	9941	T	G	27	9	26	3	3	27	0.0857143	35	0.0974462	FALSE	NA	NA	NA	NA	NA	NA
NC_045512.2	9941	T	C	27	9	26	1	1	27	0.0285714	35	0.451613	FALSE	NA	NA	NA	NA	NA	NA
NC_045512.2	9941	T	A	27	9	26	4	4	27	0.114286	35	0.0464744	FALSE	NA	NA	NA	NA	NA	NA
NC_045512.2	9942	A	T	38	13	26	3	3	27	0.0681818	44	0.111876	FALSE	NA	NA	NA	NA	NA	NA
NC_045512.2	9942	A	G	38	13	26	1	1	27	0.0227273	44	0.47561	FALSE	NA	NA	NA	NA	NA	NA
NC_045512.2	9942	A	C	38	13	26	2	2	27	0.0454545	44	0.22921	FALSE	NA	NA	NA	NA	NA	NA
NC_045512.2	9943	C	T	35	10	26	3	3	27	0.0666667	45	0.0952575	FALSE	NA	NA	NA	NA	NA	NA
NC_045512.2	9943	C	G	35	10	26	1	1	23	0.0222222	45	0.45	FALSE	NA	NA	NA	NA	NA	NA
NC_045512.2	9943	C	A	35	10	26	6	6	26	0.133333	45	0.0102809	FALSE	NA	NA	NA	NA	NA	NA
NC_045512.2	9944	A	T	39	14	26	5	5	26	0.111111	45	0.0277214	FALSE	NA	NA	NA	NA	NA	NA
NC_045512.2	9944	A	C	39	14	26	1	1	22	0.0222222	45	0.47619	FALSE	NA	NA	NA	NA	NA	NA
NC_045512.2	9945	G	T	35	10	26	3	3	24	0.0697674	43	0.102678	FALSE	NA	NA	NA	NA	NA	NA
NC_045512.2	9945	G	C	35	10	26	2	2	28	0.0465116	43	0.216164	FALSE	NA	NA	NA	NA	NA	NA
NC_045512.2	9945	G	A	35	10	26	3	3	25	0.0697674	43	0.102678	FALSE	NA	NA	NA	NA	NA	NA
NC_045512.2	9946	A	T	41	16	26	1	1	23	0.0227273	44	0.494118	FALSE	NA	NA	NA	NA	NA	NA
NC_045512.2	9946	A	G	41	16	26	1	1	24	0.0227273	44	0.494118	FALSE	NA	NA	NA	NA	NA	NA
NC_045512.2	9946	A	C	41	16	26	1	1	27	0.0227273	44	0.494118	FALSE	NA	NA	NA	NA	NA	NA
NC_045512.2	9947	G	T	37	12	27	5	5	23	0.113636	44	0.0259338	FALSE	NA	NA	NA	NA	NA	NA
NC_045512.2	9947	G	A	37	12	27	2	2	25	0.0454545	44	0.223126	FALSE	NA	NA	NA	NA	NA	NA
NC_045512.2	9948	A	T	41	16	25	3	3	25	0.0666667	45	0.12069	FALSE	NA	NA	NA	NA	NA	NA
NC_045512.2	9948	A	C	41	16	25	1	1	28	0.0222222	45	0.488372	FALSE	NA	NA	NA	NA	NA	NA
NC_045512.2	9949	A	T	32	13	24	3	3	27	0.0769231	39	0.105232	FALSE	NA	NA	NA	NA	NA	NA
NC_045512.2	9949	A	G	32	13	24	4	4	25	0.102564	39	0.0511939	FALSE	NA	NA	NA	NA	NA	NA
NC_045512.2	9950	G	C	36	12	26	1	1	22	0.0227273	44	0.45679	FALSE	NA	NA	NA	NA	NA	NA
NC_045512.2	9950	G	A	36	12	26	7	7	25	0.159091	44	0.00551466	TRUE	NA	NA	NA	NA	NA	NA
NC_045512.2	9951	C	T	38	13	26	3	3	26	0.0666667	45	0.107928	FALSE	NA	NA	NA	NA	NA	NA
NC_045512.2	9951	C	G	38	13	26	2	2	25	0.0444444	45	0.223752	FALSE	NA	NA	NA	NA	NA	NA
NC_045512.2	9951	C	A	38	13	26	2	2	29	0.0444444	45	0.223752	FALSE	NA	NA	NA	NA	NA	NA
NC_045512.2	9952	T	G	38	13	26	2	2	28	0.0434783	46	0.218487	FALSE	NA	NA	NA	NA	NA	NA
NC_045512.2	9952	T	C	38	13	26	1	1	23	0.0217391	46	0.464286	FALSE	NA	NA	NA	NA	NA	NA
NC_045512.2	9952	T	A	38	13	26	5	5	25	0.108696	46	0.0245713	FALSE	NA	NA	NA	NA	NA	NA
NC_045512.2	9953	G	T	48	10	27	3	3	26	0.0508475	59	0.0991978	FALSE	NA	NA	NA	NA	NA	NA
NC_045512.2	9953	G	C	48	10	27	6	6	27	0.101695	59	0.0107955	FALSE	NA	NA	NA	NA	NA	NA
NC_045512.2	9953	G	A	48	10	27	2	2	27	0.0338983	59	0.212011	FALSE	NA	NA	NA	NA	NA	NA
NC_045512.2	9954	C	T	51	13	27	6	6	23	0.101695	59	0.0128969	FALSE	NA	NA	NA	NA	NA	NA
NC_045512.2	9954	C	A	51	13	27	2	2	28	0.0338983	59	0.225717	FALSE	NA	NA	NA	NA	NA	NA
NC_045512.2	9955	T	G	55	17	26	1	1	28	0.0169492	59	0.491228	FALSE	NA	NA	NA	NA	NA	NA
NC_045512.2	9955	T	C	55	17	26	2	2	27	0.0338983	59	0.243478	FALSE	NA	NA	NA	NA	NA	NA
NC_045512.2	9955	T	A	55	17	26	1	1	27	0.0169492	59	0.491228	FALSE	NA	NA	NA	NA	NA	NA
NC_045512.2	9956	T	C	49	14	24	1	1	28	0.0178571	56	0.47619	FALSE	NA	NA	NA	NA	NA	NA
NC_045512.2	9956	T	A	49	14	24	6	6	27	0.107143	56	0.0135349	FALSE	NA	NA	NA	NA	NA	NA
NC_045512.2	9957	G	T	53	15	27	3	3	26	0.0508475	59	0.115277	FALSE	NA	NA	NA	NA	NA	NA
NC_045512.2	9957	G	C	53	15	27	1	1	22	0.0169492	59	0.482143	FALSE	NA	NA	NA	NA	NA	NA
NC_045512.2	9957	G	A	53	15	27	2	2	30	0.0338983	59	0.234671	FALSE	NA	NA	NA	NA	NA	NA
NC_045512.2	9958	T	G	45	8	26	2	2	25	0.0363636	55	0.214059	FALSE	NA	NA	NA	NA	NA	NA
NC_045512.2	9958	T	C	45	8	26	5	4	25	0.0909091	55	0.0230394	FALSE	NA	NA	NA	NA	NA	NA
NC_045512.2	9958	T	A	45	8	26	3	3	28	0.0545455	55	0.100734	FALSE	NA	NA	NA	NA	NA	NA
NC_045512.2	9959	T	G	52	14	23	3	3	25	0.0517241	58	0.115106	FALSE	NA	NA	NA	NA	NA	NA
NC_045512.2	9959	T	C	52	14	23	2	2	27	0.0344828	58	0.234398	FALSE	NA	NA	NA	NA	NA	NA
NC_045512.2	9959	T	A	52	14	23	1	1	24	0.0172414	58	0.481818	FALSE	NA	NA	NA	NA	NA	NA
NC_045512.2	9960	G	T	48	10	27	1	1	28	0.0172414	58	0.462264	FALSE	NA	NA	NA	NA	NA	NA
NC_045512.2	9960	G	C	48	10	27	5	5	25	0.0862069	58	0.0234468	FALSE	NA	NA	NA	NA	NA	NA
NC_045512.2	9960	G	A	48	10	27	4	4	25	0.0689655	58	0.0486631	FALSE	NA	NA	NA	NA	NA	NA
NC_045512.2	9961	T	G	51	14	27	1	1	27	0.0175439	57	0.481481	FALSE	NA	NA	NA	NA	NA	NA
NC_045512.2	9961	T	C	51	14	27	3	2	27	0.0526316	57	0.114929	FALSE	NA	NA	NA	NA	NA	NA
NC_045512.2	9961	T	A	51	14	27	2	2	25	0.0350877	57	0.234115	FALSE	NA	NA	NA	NA	NA	NA
NC_045512.2	9962	C	T	50	12	27	6	6	25	0.1	60	0.0115393	FALSE	NA	NA	NA	NA	NA	NA
NC_045512.2	9962	C	G	50	12	27	2	2	26	0.0333333	60	0.217199	FALSE	NA	NA	NA	NA	NA	NA
NC_045512.2	9962	C	A	50	12	27	2	2	24	0.0333333	60	0.217199	FALSE	NA	NA	NA	NA	NA	NA
NC_045512.2	9963	A	T	50	12	27	7	7	26	0.118644	59	0.00603431	TRUE	NA	NA	NA	NA	NA	NA
NC_045512.2	9963	A	G	50	12	27	1	1	27	0.0169492	59	0.46789	FALSE	NA	NA	NA	NA	NA	NA
NC_045512.2	9963	A	C	50	12	27	1	1	28	0.0169492	59	0.46789	FALSE	NA	NA	NA	NA	NA	NA
NC_045512.2	9964	T	G	53	15	27	2	2	25	0.0327869	61	0.226545	FALSE	NA	NA	NA	NA	NA	NA
NC_045512.2	9964	T	C	53	15	27	1	1	23	0.0163934	61	0.473684	FALSE	NA	NA	NA	NA	NA	NA
NC_045512.2	9964	T	A	53	15	27	5	5	26	0.0819672	61	0.026189	FALSE	NA	NA	NA	NA	NA	NA
NC_045512.2	9965	C	T	49	11	27	5	5	26	0.0847458	59	0.0235738	FALSE	NA	NA	NA	NA	NA	NA
NC_045512.2	9965	C	G	49	11	27	2	2	27	0.0338983	59	0.216616	FALSE	NA	NA	NA	NA	NA	NA
NC_045512.2	9965	C	A	49	11	27	3	3	26	0.0508475	59	0.1024	FALSE	NA	NA	NA	NA	NA	NA
NC_045512.2	9966	T	G	52	14	27	1	1	26	0.016129	62	0.464912	FALSE	NA	NA	NA	NA	NA	NA
NC_045512.2	9966	T	C	52	14	27	2	2	27	0.0322581	62	0.218307	FALSE	NA	NA	NA	NA	NA	NA
NC_045512.2	9966	T	A	52	14	27	7	7	23	0.112903	62	0.0057348	TRUE	NA	NA	NA	NA	NA	NA
NC_045512.2	9967	C	T	51	13	27	3	3	24	0.047619	63	0.0978616	FALSE	NA	NA	NA	NA	NA	NA
NC_045512.2	9967	C	G	51	13	27	2	2	25	0.031746	63	0.210221	FALSE	NA	NA	NA	NA	NA	NA
NC_045512.2	9967	C	A	51	13	27	7	7	26	0.111111	63	0.0050544	TRUE	NA	NA	NA	NA	NA	NA
NC_045512.2	9968	G	T	48	11	26	7	7	27	0.114754	61	0.0046316	TRUE	NA	NA	NA	NA	NA	NA
NC_045512.2	9968	G	C	48	11	26	2	2	25	0.0327869	61	0.204337	FALSE	NA	NA	NA	NA	NA	NA
NC_045512.2	9968	G	A	48	11	26	4	4	24	0.0655738	61	0.0435893	FALSE	NA	NA	NA	NA	NA	NA
NC_045512.2	9969	C	T	47	13	26	3	3	27	0.0517241	58	0.098748	FALSE	NA	NA	NA	NA	NA	NA
NC_045512.2	9969	C	G	47	13	26	2	2	25	0.0344828	58	0.211321	FALSE	NA	NA	NA	NA	NA	NA
NC_045512.2	9969	C	A	47	13	26	6	6	25	0.103448	58	0.0107185	FALSE	NA	NA	NA	NA	NA	NA
NC_045512.2	9970	A	T	49	16	26	4	4	23	0.0714286	56	0.0546408	FALSE	NA	NA	NA	NA	NA	NA
NC_045512.2	9970	A	G	49	16	26	3	3	27	0.0535714	56	0.111343	FALSE	NA	NA	NA	NA	NA	NA
NC_045512.2	9971	A	T	44	12	27	6	6	26	0.103448	58	0.00879277	TRUE	NA	NA	NA	NA	NA	NA
NC_045512.2	9971	A	G	44	12	27	5	5	27	0.0862069	58	0.0188165	FALSE	NA	NA	NA	NA	NA	NA
NC_045512.2	9971	A	C	44	12	27	3	3	25	0.0517241	58	0.0890425	FALSE	NA	NA	NA	NA	NA	NA
NC_045512.2	9972	A	T	39	16	23	6	6	25	0.117647	51	0.00937175	TRUE	NA	NA	NA	NA	NA	NA
NC_045512.2	9972	A	G	39	16	23	3	2	25	0.0588235	51	0.0914158	FALSE	NA	NA	NA	NA	NA	NA
NC_045512.2	9972	A	C	39	16	23	3	3	27	0.0588235	51	0.0914158	FALSE	NA	NA	NA	NA	NA	NA
NC_045512.2	9973	G	T	42	10	25	7	7	24	0.122807	57	0.00377407	TRUE	NA	NA	NA	NA	NA	NA
NC_045512.2	9973	G	C	42	10	25	2	2	23	0.0350877	57	0.191111	FALSE	NA	NA	NA	NA	NA	NA
NC_045512.2	9973	G	A	42	10	25	6	6	26	0.105263	57	0.00808729	TRUE	NA	NA	NA	NA	NA	NA
NC_045512.2	9974	G	T	42	10	23	6	6	26	0.101695	59	0.00719355	TRUE	NA	NA	NA	NA	NA	NA
NC_045512.2	9974	G	C	42	10	23	6	6	25	0.101695	59	0.00719355	TRUE	NA	NA	NA	NA	NA	NA
NC_045512.2	9974	G	A	42	10	23	5	5	27	0.0847458	59	0.0158858	FALSE	NA	NA	NA	NA	NA	NA
NC_045512.2	9975	C	T	45	13	27	5	5	26	0.0847458	59	0.0190076	FALSE	NA	NA	NA	NA	NA	NA
NC_045512.2	9975	C	G	45	13	27	3	3	26	0.0508475	59	0.0896537	FALSE	NA	NA	NA	NA	NA	NA
NC_045512.2	9975	C	A	45	13	27	6	6	24	0.101695	59	0.00889346	TRUE	NA	NA	NA	NA	NA	NA
NC_045512.2	9976	T	G	49	17	27	3	3	27	0.05	60	0.0996326	FALSE	NA	NA	NA	NA	NA	NA
NC_045512.2	9976	T	C	49	17	27	2	2	26	0.0333333	60	0.212677	FALSE	NA	NA	NA	NA	NA	NA
NC_045512.2	9976	T	A	49	17	27	6	6	26	0.1	60	0.0108701	FALSE	NA	NA	NA	NA	NA	NA
NC_045512.2	9977	C	T	47	15	27	4	4	26	0.0634921	63	0.0388119	FALSE	NA	NA	NA	NA	NA	NA
NC_045512.2	9977	C	G	47	15	27	6	6	27	0.0952381	63	0.00815909	TRUE	NA	NA	NA	NA	NA	NA
NC_045512.2	9977	C	A	47	15	27	6	6	26	0.0952381	63	0.00815909	TRUE	NA	NA	NA	NA	NA	NA
NC_045512.2	9978	T	G	51	19	27	4	4	27	0.0634921	63	0.0460033	FALSE	NA	NA	NA	NA	NA	NA
NC_045512.2	9978	T	C	51	19	27	6	6	26	0.0952381	63	0.0104574	FALSE	NA	NA	NA	NA	NA	NA
NC_045512.2	9978	T	A	51	19	27	2	2	24	0.031746	63	0.210221	FALSE	NA	NA	NA	NA	NA	NA
NC_045512.2	9979	C	T	45	13	27	7	7	27	0.112903	62	0.0034641	TRUE	NA	NA	NA	NA	NA	NA
NC_045512.2	9979	C	G	45	13	27	3	3	27	0.0483871	62	0.0823878	FALSE	NA	NA	NA	NA	NA	NA
NC_045512.2	9979	C	A	45	13	27	7	7	27	0.112903	62	0.0034641	TRUE	NA	NA	NA	NA	NA	NA
NC_045512.2	9980	A	T	46	14	26	7	7	26	0.118644	59	0.00453847	TRUE	NA	NA	NA	NA	NA	NA
NC_045512.2	9980	A	G	46	14	26	2	2	25	0.0338983	59	0.202695	FALSE	NA	NA	NA	NA	NA	NA
NC_045512.2	9980	A	C	46	14	26	4	4	26	0.0677966	59	0.0429737	FALSE	NA	NA	NA	NA	NA	NA
NC_045512.2	9980	A	-A	46	14	26	1	0	20	0.0169492	59	0.447619	FALSE	NA	NA	NA	NA	NA	NA
NC_045512.2	9981	A	T	46	15	24	9	9	26	0.15	60	0.000980966	TRUE	NA	NA	NA	NA	NA	NA
NC_045512.2	9981	A	G	46	15	24	2	2	28	0.0333333	60	0.198907	FALSE	NA	NA	NA	NA	NA	NA
NC_045512.2	9981	A	C	46	15	24	3	3	26	0.05	60	0.0902447	FALSE	NA	NA	NA	NA	NA	NA
NC_045512.2	9982	T	G	52	20	27	2	2	23	0.0327869	61	0.22217	FALSE	NA	NA	NA	NA	NA	NA
NC_045512.2	9982	T	C	52	20	27	2	2	25	0.0327869	61	0.22217	FALSE	NA	NA	NA	NA	NA	NA
NC_045512.2	9982	T	A	52	20	27	5	5	26	0.0819672	61	0.0249902	FALSE	NA	NA	NA	NA	NA	NA
NC_045512.2	9982	T	+A	52	20	27	1	0	20	0.0163934	61	0.469027	FALSE	NA	NA	NA	NA	NA	NA
NC_045512.2	9983	G	T	43	11	27	10	10	26	0.16129	62	0.000286504	TRUE	NA	NA	NA	NA	NA	NA
NC_045512.2	9983	G	C	43	11	27	3	3	24	0.0483871	62	0.0764793	FALSE	NA	NA	NA	NA	NA	NA
NC_045512.2	9983	G	A	43	11	27	6	6	25	0.0967742	62	0.00652884	TRUE	NA	NA	NA	NA	NA	NA
NC_045512.2	9984	A	T	51	19	27	5	5	26	0.0819672	61	0.0238159	FALSE	NA	NA	NA	NA	NA	NA
NC_045512.2	9984	A	C	51	19	27	5	5	26	0.0819672	61	0.0238159	FALSE	NA	NA	NA	NA	NA	NA
NC_045512.2	9985	C	T	46	14	27	6	6	25	0.0952381	63	0.0076337	TRUE	NA	NA	NA	NA	NA	NA
NC_045512.2	9985	C	G	46	14	27	6	6	25	0.0952381	63	0.0076337	TRUE	NA	NA	NA	NA	NA	NA
NC_045512.2	9985	C	A	46	14	27	5	5	25	0.0793651	63	0.0167354	FALSE	NA	NA	NA	NA	NA	NA
NC_045512.2	9986	T	G	47	16	27	5	5	25	0.0833333	60	0.0202783	FALSE	NA	NA	NA	NA	NA	NA
NC_045512.2	9986	T	C	47	16	27	2	1	23	0.0333333	60	0.203531	FALSE	NA	NA	NA	NA	NA	NA
NC_045512.2	9986	T	A	47	16	27	6	6	26	0.1	60	0.00959597	TRUE	NA	NA	NA	NA	NA	NA
NC_045512.2	9987	T	G	46	16	25	6	6	25	0.0983607	61	0.00850964	TRUE	NA	NA	NA	NA	NA	NA
NC_045512.2	9987	T	C	46	16	25	6	6	26	0.0983607	61	0.00850964	TRUE	NA	NA	NA	NA	NA	NA
NC_045512.2	9987	T	A	46	16	25	3	3	26	0.0491803	61	0.0877609	FALSE	NA	NA	NA	NA	NA	NA
NC_045512.2	9988	C	T	43	11	27	11	11	26	0.174603	63	0.000121775	TRUE	NA	NA	NA	NA	NA	NA
NC_045512.2	9988	C	G	43	11	27	5	5	26	0.0793651	63	0.0139904	FALSE	NA	NA	NA	NA	NA	NA
NC_045512.2	9988	C	A	43	11	27	4	4	25	0.0634921	63	0.0320613	FALSE	NA	NA	NA	NA	NA	NA
NC_045512.2	9989	A	T	52	20	27	6	6	27	0.09375	64	0.0105313	FALSE	NA	NA	NA	NA	NA	NA
NC_045512.2	9989	A	G	52	20	27	3	3	26	0.046875	64	0.0982893	FALSE	NA	NA	NA	NA	NA	NA
NC_045512.2	9989	A	C	52	20	27	3	3	27	0.046875	64	0.0982893	FALSE	NA	NA	NA	NA	NA	NA
NC_045512.2	9990	G	T	48	16	27	3	3	27	0.047619	63	0.088944	FALSE	NA	NA	NA	NA	NA	NA
NC_045512.2	9990	G	C	48	16	27	2	2	27	0.031746	63	0.197072	FALSE	NA	NA	NA	NA	NA	NA
NC_045512.2	9990	G	A	48	16	27	10	10	27	0.15873	63	0.000449559	TRUE	NA	NA	NA	NA	NA	NA
NC_045512.2	9991	T	G	45	14	27	4	4	25	0.0645161	62	0.0367	FALSE	NA	NA	NA	NA	NA	NA
NC_045512.2	9991	T	C	45	14	27	8	8	27	0.129032	62	0.0016105	TRUE	NA	NA	NA	NA	NA	NA
NC_045512.2	9991	T	A	45	14	27	5	5	27	0.0806452	62	0.0165315	FALSE	NA	NA	NA	NA	NA	NA
NC_045512.2	9992	A	T	48	17	26	6	6	26	0.0967742	62	0.00917898	TRUE	NA	NA	NA	NA	NA	NA
NC_045512.2	9992	A	G	48	17	26	6	6	26	0.0967742	62	0.00917898	TRUE	NA	NA	NA	NA	NA	NA
NC_045512.2	9992	A	C	48	17	26	2	2	25	0.0322581	62	0.200655	FALSE	NA	NA	NA	NA	NA	NA
NC_045512.2	9993	A	T	54	23	25	2	2	25	0.0322581	62	0.226938	FALSE	NA	NA	NA	NA	NA	NA
NC_045512.2	9993	A	G	54	23	25	1	1	21	0.016129	62	0.474138	FALSE	NA	NA	NA	NA	NA	NA
NC_045512.2	9993	A	C	54	23	25	5	5	25	0.0806452	62	0.0262695	FALSE	NA	NA	NA	NA	NA	NA
NC_045512.2	9994	C	T	44	13	27	8	8	27	0.129032	62	0.00147061	TRUE	NA	NA	NA	NA	NA	NA
NC_045512.2	9994	C	A	44	13	27	10	10	24	0.16129	62	0.000321044	TRUE	NA	NA	NA	NA	NA	NA
NC_045512.2	9995	T	G	46	15	27	6	6	24	0.0967742	62	0.0080578	TRUE	NA	NA	NA	NA	NA	NA
NC_045512.2	9995	T	C	46	15	27	2	2	28	0.0322581	62	0.191641	FALSE	NA	NA	NA	NA	NA	NA
NC_045512.2	9995	T	A	46	15	27	8	8	26	0.129032	62	0.00175907	TRUE	NA	NA	NA	NA	NA	NA
NC_045512.2	9996	C	T	45	14	27	5	5	28	0.0806452	62	0.0165315	FALSE	NA	NA	NA	NA	NA	NA
NC_045512.2	9996	C	G	45	14	27	6	6	27	0.0967742	62	0.00752775	TRUE	NA	NA	NA	NA	NA	NA
NC_045512.2	9996	C	A	45	14	27	6	6	25	0.0967742	62	0.00752775	TRUE	NA	NA	NA	NA	NA	NA
NC_045512.2	9997	A	T	48	17	26	7	7	26	0.111111	63	0.00409172	TRUE	NA	NA	NA	NA	NA	NA
NC_045512.2	9997	A	G	48	17	26	4	4	26	0.0634921	63	0.040571	FALSE	NA	NA	NA	NA	NA	NA
NC_045512.2	9997	A	C	48	17	26	4	4	26	0.0634921	63	0.040571	FALSE	NA	NA	NA	NA	NA	NA
NC_045512.2	9998	G	T	42	12	26	11	11	26	0.180328	61	0.000131109	TRUE	NA	NA	NA	NA	NA	NA
NC_045512.2	9998	G	C	42	12	26	2	2	26	0.0327869	61	0.176624	FALSE	NA	NA	NA	NA	NA	NA
NC_045512.2	9998	G	A	42	12	26	6	6	25	0.0983607	61	0.00641294	TRUE	NA	NA	NA	NA	NA	NA
NC_045512.2	9999	G	T	35	11	24	5	5	26	0.0925926	54	0.012661	FALSE	NA	NA	NA	NA	NA	NA
NC_045512.2	9999	G	C	35	11	24	2	2	27	0.037037	54	0.166292	FALSE	NA	NA	NA	NA	NA	NA
NC_045512.2	9999	G	A	35	11	24	12	12	25	0.222222	54	4.97433e-05	TRUE	NA	NA	NA	NA	NA	NA
NC_045512.2	10000	T	G	44	15	26	3	3	24	0.0508475	59	0.0864985	FALSE	NA	NA	NA	NA	NA	NA
NC_045512.2	10000	T	C	44	15	26	6	6	25	0.101695	59	0.00830429	TRUE	NA	NA	NA	NA	NA	NA
NC_045512.2	10000	T	A	44	15	26	6	6	24	0.101695	59	0.00830429	TRUE	NA	NA	NA	NA	NA	NA
NC_045512.2	10001	T	G	41	17	24	3	3	26	0.0545455	55	0.0870766	FALSE	NA	NA	NA	NA	NA	NA
NC_045512.2	10001	T	C	41	17	24	6	6	25	0.109091	55	0.00847253	TRUE	NA	NA	NA	NA	NA	NA
NC_045512.2	10001	T	A	41	17	24	5	5	23	0.0909091	55	0.0182069	FALSE	NA	NA	NA	NA	NA	NA
NC_045512.2	10002	C	T	41	12	26	3	3	28	0.0526316	57	0.0819048	FALSE	NA	NA	NA	NA	NA	NA
NC_045512.2	10002	C	G	41	12	26	3	3	27	0.0526316	57	0.0819048	FALSE	NA	NA	NA	NA	NA	NA
NC_045512.2	10002	C	A	41	12	26	10	10	26	0.175439	57	0.00036365	TRUE	NA	NA	NA	NA	NA	NA
NC_045512.2	10003	T	G	46	17	27	2	2	26	0.0333333	60	0.198907	FALSE	NA	NA	NA	NA	NA	NA
NC_045512.2	10003	T	C	46	17	27	8	8	27	0.133333	60	0.00203328	TRUE	NA	NA	NA	NA	NA	NA
NC_045512.2	10003	T	A	46	17	27	4	4	28	0.0666667	60	0.0413967	FALSE	NA	NA	NA	NA	NA	NA
NC_045512.2	10004	G	T	39	11	27	8	8	27	0.133333	60	0.0010427	TRUE	NA	NA	NA	NA	NA	NA
NC_045512.2	10004	G	C	39	11	27	3	3	26	0.05	60	0.0688869	FALSE	NA	NA	NA	NA	NA	NA
NC_045512.2	10004	G	A	39	11	27	10	10	27	0.166667	60	0.000212222	TRUE	NA	NA	NA	NA	NA	NA
NC_045512.2	10005	A	T	47	19	27	7	7	26	0.116667	60	0.00458569	TRUE	NA	NA	NA	NA	NA	NA
NC_045512.2	10005	A	G	47	19	27	4	4	26	0.0666667	60	0.0432863	FALSE	NA	NA	NA	NA	NA	NA
NC_045512.2	10005	A	C	47	19	27	2	2	26	0.0333333	60	0.203531	FALSE	NA	NA	NA	NA	NA	NA
NC_045512.2	10006	T	G	46	18	26	5	5	27	0.0833333	60	0.019193	FALSE	NA	NA	NA	NA	NA	NA
NC_045512.2	10006	T	C	46	18	26	4	4	26	0.0666667	60	0.0413967	FALSE	NA	NA	NA	NA	NA	NA
NC_045512.2	10006	T	A	46	18	26	5	5	26	0.0833333	60	0.019193	FALSE	NA	NA	NA	NA	NA	NA
NC_045512.2	10007	G	T	41	13	26	5	5	25	0.0847458	59	0.0149056	FALSE	NA	NA	NA	NA	NA	NA
NC_045512.2	10007	G	C	41	13	26	7	7	27	0.118644	59	0.00302129	TRUE	NA	NA	NA	NA	NA	NA
NC_045512.2	10007	G	A	41	13	26	6	6	26	0.101695	59	0.00667202	TRUE	NA	NA	NA	NA	NA	NA
NC_045512.2	10008	T	G	48	20	26	3	3	27	0.0508475	59	0.0991978	FALSE	NA	NA	NA	NA	NA	NA
NC_045512.2	10008	T	C	48	20	26	3	3	26	0.0508475	59	0.0991978	FALSE	NA	NA	NA	NA	NA	NA
NC_045512.2	10008	T	A	48	20	26	5	5	25	0.0847458	59	0.0223906	FALSE	NA	NA	NA	NA	NA	NA
NC_045512.2	10009	T	G	46	20	24	2	2	27	0.0350877	57	0.210605	FALSE	NA	NA	NA	NA	NA	NA
NC_045512.2	10009	T	C	46	20	24	1	1	27	0.0175439	57	0.456311	FALSE	NA	NA	NA	NA	NA	NA
NC_045512.2	10009	T	A	46	20	24	8	8	27	0.140351	57	0.00253954	TRUE	NA	NA	NA	NA	NA	NA
NC_045512.2	10010	C	T	40	14	26	6	6	26	0.101695	59	0.00617301	TRUE	NA	NA	NA	NA	NA	NA
NC_045512.2	10010	C	G	40	14	26	5	5	25	0.0847458	59	0.0139564	FALSE	NA	NA	NA	NA	NA	NA
NC_045512.2	10010	C	A	40	14	26	8	8	25	0.135593	59	0.00125124	TRUE	NA	NA	NA	NA	NA	NA
NC_045512.2	10011	T	G	40	14	26	3	3	27	0.0517241	58	0.0763203	FALSE	NA	NA	NA	NA	NA	NA
NC_045512.2	10011	T	C	40	14	26	5	5	28	0.0862069	58	0.0146684	FALSE	NA	NA	NA	NA	NA	NA
NC_045512.2	10011	T	A	40	14	26	10	10	27	0.172414	58	0.000292346	TRUE	NA	NA	NA	NA	NA	NA
NC_045512.2	10012	T	G	43	17	28	5	5	28	0.0847458	59	0.0168965	FALSE	NA	NA	NA	NA	NA	NA
NC_045512.2	10012	T	C	43	17	28	6	6	27	0.101695	59	0.00773764	TRUE	NA	NA	NA	NA	NA	NA
NC_045512.2	10012	T	A	43	17	28	5	5	27	0.0847458	59	0.0168965	FALSE	NA	NA	NA	NA	NA	NA
NC_045512.2	10013	T	G	41	19	24	3	3	26	0.0545455	55	0.0870766	FALSE	NA	NA	NA	NA	NA	NA
NC_045512.2	10013	T	C	41	19	24	1	1	28	0.0181818	55	0.4375	FALSE	NA	NA	NA	NA	NA	NA
NC_045512.2	10013	T	A	41	19	24	10	10	26	0.181818	55	0.000442925	TRUE	NA	NA	NA	NA	NA	NA
NC_045512.2	10014	A	T	43	18	26	3	3	27	0.0517241	58	0.085835	FALSE	NA	NA	NA	NA	NA	NA
NC_045512.2	10014	A	G	43	18	26	7	7	26	0.12069	58	0.00383051	TRUE	NA	NA	NA	NA	NA	NA
NC_045512.2	10014	A	C	43	18	26	5	5	26	0.0862069	58	0.0177329	FALSE	NA	NA	NA	NA	NA	NA
NC_045512.2	10015	C	T	34	10	26	9	9	25	0.169811	53	0.000479937	TRUE	NA	NA	NA	NA	NA	NA
NC_045512.2	10015	C	G	34	10	26	4	4	25	0.0754717	53	0.0288883	FALSE	NA	NA	NA	NA	NA	NA
NC_045512.2	10015	C	A	34	10	26	6	6	26	0.113208	53	0.00538291	TRUE	NA	NA	NA	NA	NA	NA
NC_045512.2	10016	C	T	33	11	24	8	8	26	0.148148	54	0.000858359	TRUE	NA	NA	NA	NA	NA	NA
NC_045512.2	10016	C	G	33	11	24	4	4	26	0.0740741	54	0.0258474	FALSE	NA	NA	NA	NA	NA	NA
NC_045512.2	10016	C	A	33	11	24	9	9	25	0.166667	54	0.000379485	TRUE	NA	NA	NA	NA	NA	NA
NC_045512.2	10017	A	T	42	19	26	3	3	27	0.0545455	55	0.0904692	FALSE	NA	NA	NA	NA	NA	NA
NC_045512.2	10017	A	G	42	19	26	7	7	25	0.127273	55	0.00433546	TRUE	NA	NA	NA	NA	NA	NA
NC_045512.2	10017	A	C	42	19	26	3	3	25	0.0545455	55	0.0904692	FALSE	NA	NA	NA	NA	NA	NA
NC_045512.2	10018	A	T	34	16	24	7	7	25	0.14	50	0.00300908	TRUE	NA	NA	NA	NA	NA	NA
NC_045512.2	10018	A	G	34	16	24	3	3	28	0.06	50	0.0759234	FALSE	NA	NA	NA	NA	NA	NA
NC_045512.2	10018	A	C	34	16	24	6	6	27	0.12	50	0.00660529	TRUE	NA	NA	NA	NA	NA	NA
NC_045512.2	10018	A	-C	34	16	24	1	0	20	0.02	50	0.416667	FALSE	NA	NA	NA	NA	NA	NA
NC_045512.2	10019	C	T	34	12	25	12	12	26	0.218182	55	3.26417e-05	TRUE	NA	NA	NA	NA	NA	NA
NC_045512.2	10019	C	G	34	12	25	4	4	27	0.0727273	55	0.0252814	FALSE	NA	NA	NA	NA	NA	NA
NC_045512.2	10019	C	A	34	12	25	5	5	25	0.0909091	55	0.0104891	FALSE	NA	NA	NA	NA	NA	NA
NC_045512.2	10020	C	T	32	14	24	4	4	25	0.0784314	51	0.0277389	FALSE	NA	NA	NA	NA	NA	NA
NC_045512.2	10020	C	G	32	14	24	7	7	26	0.137255	51	0.00223227	TRUE	NA	NA	NA	NA	NA	NA
NC_045512.2	10020	C	A	32	14	24	8	8	26	0.156863	51	0.00099212	TRUE	NA	NA	NA	NA	NA	NA
NC_045512.2	10021	A	T	38	15	26	10	10	26	0.175439	57	0.000250593	TRUE	NA	NA	NA	NA	NA	NA
NC_045512.2	10021	A	G	38	15	26	4	4	25	0.0701754	57	0.030986	FALSE	NA	NA	NA	NA	NA	NA
NC_045512.2	10021	A	C	38	15	26	5	5	26	0.0877193	57	0.0134586	FALSE	NA	NA	NA	NA	NA	NA
NC_045512.2	10022	C	T	41	18	27	8	8	24	0.142857	56	0.00175086	TRUE	NA	NA	NA	NA	NA	NA
NC_045512.2	10022	C	G	41	18	27	2	2	27	0.0357143	56	0.189985	FALSE	NA	NA	NA	NA	NA	NA
NC_045512.2	10022	C	A	41	18	27	5	5	25	0.0892857	56	0.0173056	FALSE	NA	NA	NA	NA	NA	NA
NC_045512.2	10023	C	T	32	12	24	11	11	26	0.203704	54	6.5224e-05	TRUE	NA	NA	NA	NA	NA	NA
NC_045512.2	10023	C	G	32	12	24	1	1	27	0.0185185	54	0.383721	FALSE	NA	NA	NA	NA	NA	NA
NC_045512.2	10023	C	A	32	12	24	10	10	25	0.185185	54	0.000145616	TRUE	NA	NA	NA	NA	NA	NA
NC_045512.2	10024	A	T	35	13	27	9	9	27	0.166667	54	0.000496052	TRUE	NA	NA	NA	NA	NA	NA
NC_045512.2	10024	A	G	35	13	27	6	6	26	0.111111	54	0.00552235	TRUE	NA	NA	NA	NA	NA	NA
NC_045512.2	10024	A	C	35	13	27	4	4	28	0.0740741	54	0.0294368	FALSE	NA	NA	NA	NA	NA	NA
NC_045512.2	10025	C	T	35	13	26	11	11	25	0.196429	56	8.39359e-05	TRUE	NA	NA	NA	NA	NA	NA
NC_045512.2	10025	C	G	35	13	26	8	8	25	0.142857	56	0.00092147	TRUE	NA	NA	NA	NA	NA	NA
NC_045512.2	10025	C	A	35	13	26	2	2	27	0.0357143	56	0.159102	FALSE	NA	NA	NA	NA	NA	NA
NC_045512.2	10025	C	-A	35	13	26	2	0	20	0.0357143	56	0.159102	FALSE	NA	NA	NA	NA	NA	NA
NC_045512.2	10026	A	T	34	14	25	12	12	27	0.230769	52	4.20942e-05	TRUE	NA	NA	NA	NA	NA	NA
NC_045512.2	10026	A	G	34	14	25	5	5	27	0.0961538	52	0.0117078	FALSE	NA	NA	NA	NA	NA	NA
NC_045512.2	10026	A	C	34	14	25	1	1	27	0.0192308	52	0.397727	FALSE	NA	NA	NA	NA	NA	NA
NC_045512.2	10027	A	T	39	17	27	7	7	25	0.127273	55	0.00334371	TRUE	NA	NA	NA	NA	NA	NA
NC_045512.2	10027	A	G	39	17	27	3	3	27	0.0545455	55	0.0803471	FALSE	NA	NA	NA	NA	NA	NA
NC_045512.2	10027	A	C	39	17	27	6	6	25	0.109091	55	0.00726894	TRUE	NA	NA	NA	NA	NA	NA
NC_045512.2	10028	A	T	26	15	25	7	7	27	0.162791	43	0.00215235	TRUE	NA	NA	NA	NA	NA	NA
NC_045512.2	10028	A	G	26	15	25	6	6	26	0.139535	43	0.0048917	TRUE	NA	NA	NA	NA	NA	NA
NC_045512.2	10028	A	C	26	15	25	4	4	26	0.0930233	43	0.0266381	FALSE	NA	NA	NA	NA	NA	NA
NC_045512.2	10029	C	T	7	7	26	38	16	26	0.678571	56	8.00339e-21	TRUE	NA	NA	NA	NA	NA	NA
NC_045512.2	10029	C	G	7	7	26	4	4	28	0.0714286	56	0.000457875	TRUE	NA	NA	NA	NA	NA	NA
NC_045512.2	10029	C	A	7	7	26	7	7	25	0.125	56	3.18103e-06	TRUE	NA	NA	NA	NA	NA	NA
NC_045512.2	10030	C	T	34	12	27	6	6	27	0.111111	54	0.00503562	TRUE	NA	NA	NA	NA	NA	NA
NC_045512.2	10030	C	G	34	12	27	3	3	25	0.0555556	54	0.0661389	FALSE	NA	NA	NA	NA	NA	NA
NC_045512.2	10030	C	A	34	12	27	11	11	26	0.203704	54	9.0594e-05	TRUE	NA	NA	NA	NA	NA	NA
NC_045512.2	10031	T	G	40	18	27	6	6	26	0.107143	56	0.00739093	TRUE	NA	NA	NA	NA	NA	NA
NC_045512.2	10031	T	C	40	18	27	2	2	23	0.0357143	56	0.184923	FALSE	NA	NA	NA	NA	NA	NA
NC_045512.2	10031	T	A	40	18	27	8	8	26	0.142857	56	0.00158709	TRUE	NA	NA	NA	NA	NA	NA
NC_045512.2	10032	C	T	41	19	27	5	5	28	0.0892857	56	0.0173056	FALSE	NA	NA	NA	NA	NA	NA
NC_045512.2	10032	C	G	41	19	27	3	3	27	0.0535714	56	0.0844379	FALSE	NA	NA	NA	NA	NA	NA
NC_045512.2	10032	C	A	41	19	27	7	7	26	0.125	56	0.00371611	TRUE	NA	NA	NA	NA	NA	NA
NC_045512.2	10033	T	G	40	20	27	5	5	23	0.0925926	54	0.0179906	FALSE	NA	NA	NA	NA	NA	NA
NC_045512.2	10033	T	C	40	20	27	2	2	26	0.037037	54	0.192833	FALSE	NA	NA	NA	NA	NA	NA
NC_045512.2	10033	T	A	40	20	27	7	7	26	0.12963	54	0.00392886	TRUE	NA	NA	NA	NA	NA	NA
NC_045512.2	10034	A	T	33	13	27	5	5	27	0.0943396	53	0.0114209	FALSE	NA	NA	NA	NA	NA	NA
NC_045512.2	10034	A	G	33	13	27	6	6	25	0.113208	53	0.00489469	TRUE	NA	NA	NA	NA	NA	NA
NC_045512.2	10034	A	C	33	13	27	9	9	27	0.169811	53	0.000419198	TRUE	NA	NA	NA	NA	NA	NA
NC_045512.2	10035	T	G	38	18	27	7	7	25	0.12963	54	0.0032802	TRUE	NA	NA	NA	NA	NA	NA
NC_045512.2	10035	T	C	38	18	27	5	5	28	0.0925926	54	0.0157483	FALSE	NA	NA	NA	NA	NA	NA
NC_045512.2	10035	T	A	38	18	27	4	4	23	0.0740741	54	0.0351589	FALSE	NA	NA	NA	NA	NA	NA
NC_045512.2	10036	C	T	36	16	26	7	7	26	0.12963	54	0.00270355	TRUE	NA	NA	NA	NA	NA	NA
NC_045512.2	10036	C	G	36	16	26	3	3	27	0.0555556	54	0.0727743	FALSE	NA	NA	NA	NA	NA	NA
NC_045512.2	10036	C	A	36	16	26	8	8	26	0.148148	54	0.00122635	TRUE	NA	NA	NA	NA	NA	NA
NC_045512.2	10037	A	T	38	18	26	5	5	26	0.0961538	52	0.0175365	FALSE	NA	NA	NA	NA	NA	NA
NC_045512.2	10037	A	G	38	18	26	4	4	27	0.0769231	52	0.0383357	FALSE	NA	NA	NA	NA	NA	NA
NC_045512.2	10037	A	C	38	18	26	5	5	26	0.0961538	52	0.0175365	FALSE	NA	NA	NA	NA	NA	NA
NC_045512.2	10038	C	T	38	18	25	3	3	27	0.0566038	53	0.0821479	FALSE	NA	NA	NA	NA	NA	NA
NC_045512.2	10038	C	G	38	18	25	3	3	24	0.0566038	53	0.0821479	FALSE	NA	NA	NA	NA	NA	NA
NC_045512.2	10038	C	A	38	18	25	9	9	26	0.169811	53	0.000787189	TRUE	NA	NA	NA	NA	NA	NA
NC_045512.2	10039	C	T	31	14	25	4	4	25	0.0816327	49	0.0284934	FALSE	NA	NA	NA	NA	NA	NA
NC_045512.2	10039	C	G	31	14	25	4	4	26	0.0816327	49	0.0284934	FALSE	NA	NA	NA	NA	NA	NA
NC_045512.2	10039	C	A	31	14	25	10	10	25	0.204082	49	0.000220471	TRUE	NA	NA	NA	NA	NA	NA
NC_045512.2	10040	T	G	32	12	26	7	7	24	0.132075	53	0.00190029	TRUE	NA	NA	NA	NA	NA	NA
NC_045512.2	10040	T	C	32	12	26	2	2	24	0.0377358	53	0.153488	FALSE	NA	NA	NA	NA	NA	NA
NC_045512.2	10040	T	A	32	12	26	12	12	25	0.226415	53	3.3763e-05	TRUE	NA	NA	NA	NA	NA	NA
NC_045512.2	10041	C	T	36	16	27	3	3	24	0.0555556	54	0.0727743	FALSE	NA	NA	NA	NA	NA	NA
NC_045512.2	10041	C	G	36	16	27	9	9	25	0.166667	54	0.000563121	TRUE	NA	NA	NA	NA	NA	NA
NC_045512.2	10041	C	A	36	16	27	6	6	27	0.111111	54	0.00603583	TRUE	NA	NA	NA	NA	NA	NA
NC_045512.2	10042	A	T	35	15	27	8	8	26	0.148148	54	0.00109357	TRUE	NA	NA	NA	NA	NA	NA
NC_045512.2	10042	A	G	35	15	27	5	5	26	0.0925926	54	0.012661	FALSE	NA	NA	NA	NA	NA	NA
NC_045512.2	10042	A	C	35	15	27	6	6	27	0.111111	54	0.00552235	TRUE	NA	NA	NA	NA	NA	NA
NC_045512.2	10043	G	T	37	17	26	6	6	27	0.111111	54	0.0065762	TRUE	NA	NA	NA	NA	NA	NA
NC_045512.2	10043	G	C	37	17	26	4	4	26	0.0740741	54	0.0332087	FALSE	NA	NA	NA	NA	NA	NA
NC_045512.2	10043	G	A	37	17	26	7	7	26	0.12963	54	0.00298302	TRUE	NA	NA	NA	NA	NA	NA
NC_045512.2	10043	G	-C	37	17	26	1	0	20	0.0185185	54	0.417582	FALSE	NA	NA	NA	NA	NA	NA
NC_045512.2	10044	C	T	39	19	26	2	2	26	0.04	50	0.204744	FALSE	NA	NA	NA	NA	NA	NA
NC_045512.2	10044	C	G	39	19	26	5	5	28	0.1	50	0.0208963	FALSE	NA	NA	NA	NA	NA	NA
NC_045512.2	10044	C	A	39	19	26	4	4	26	0.08	50	0.0441672	FALSE	NA	NA	NA	NA	NA	NA
NC_045512.2	10045	T	G	38	18	26	1	1	28	0.0188679	53	0.428571	FALSE	NA	NA	NA	NA	NA	NA
NC_045512.2	10045	T	C	38	18	26	8	8	26	0.150943	53	0.00165812	TRUE	NA	NA	NA	NA	NA	NA
NC_045512.2	10045	T	A	38	18	26	6	6	26	0.113208	53	0.00761455	TRUE	NA	NA	NA	NA	NA	NA
NC_045512.2	10046	G	T	31	11	25	6	6	24	0.109091	55	0.00348771	TRUE	NA	NA	NA	NA	NA	NA
NC_045512.2	10046	G	C	31	11	25	8	8	27	0.145455	55	0.000604113	TRUE	NA	NA	NA	NA	NA	NA
NC_045512.2	10046	G	A	31	11	25	10	10	26	0.181818	55	0.000110946	TRUE	NA	NA	NA	NA	NA	NA
NC_045512.2	10047	T	G	32	14	25	3	3	26	0.0612245	49	0.0712334	FALSE	NA	NA	NA	NA	NA	NA
NC_045512.2	10047	T	C	32	14	25	5	5	27	0.102041	49	0.0132889	FALSE	NA	NA	NA	NA	NA	NA
NC_045512.2	10047	T	A	32	14	25	9	9	25	0.183673	49	0.000551178	TRUE	NA	NA	NA	NA	NA	NA
NC_045512.2	10048	T	G	34	16	26	3	3	26	0.0566038	53	0.0684196	FALSE	NA	NA	NA	NA	NA	NA
NC_045512.2	10048	T	C	34	16	26	8	8	26	0.150943	53	0.00106033	TRUE	NA	NA	NA	NA	NA	NA
NC_045512.2	10048	T	A	34	16	26	8	8	25	0.150943	53	0.00106033	TRUE	NA	NA	NA	NA	NA	NA
NC_045512.2	10049	T	G	34	15	26	6	6	25	0.113208	53	0.00538291	TRUE	NA	NA	NA	NA	NA	NA
NC_045512.2	10049	T	C	34	15	26	1	1	24	0.0188679	53	0.402299	FALSE	NA	NA	NA	NA	NA	NA
NC_045512.2	10049	T	A	34	15	26	12	12	26	0.226415	53	4.79003e-05	TRUE	NA	NA	NA	NA	NA	NA
NC_045512.2	10050	T	G	18	12	25	11	11	27	0.268293	41	1.89698e-05	TRUE	NA	NA	NA	NA	NA	NA
NC_045512.2	10050	T	C	18	12	25	5	5	25	0.121951	41	0.00478727	TRUE	NA	NA	NA	NA	NA	NA
NC_045512.2	10050	T	A	18	12	25	7	7	28	0.170732	41	0.000690472	TRUE	NA	NA	NA	NA	NA	NA
NC_045512.2	10051	G	T	29	11	26	9	9	26	0.169811	53	0.000230812	TRUE	NA	NA	NA	NA	NA	NA
NC_045512.2	10051	G	C	29	11	26	5	5	28	0.0943396	53	0.00798982	TRUE	NA	NA	NA	NA	NA	NA
NC_045512.2	10051	G	A	29	11	26	10	9	26	0.188679	53	9.89195e-05	TRUE	NA	NA	NA	NA	NA	NA
NC_045512.2	10052	C	T	35	16	26	6	6	28	0.111111	54	0.00552235	TRUE	NA	NA	NA	NA	NA	NA
NC_045512.2	10052	C	G	35	16	26	3	3	26	0.0555556	54	0.0694407	FALSE	NA	NA	NA	NA	NA	NA
NC_045512.2	10052	C	A	35	16	26	10	10	25	0.185185	54	0.000227779	TRUE	NA	NA	NA	NA	NA	NA
NC_045512.2	10053	A	T	37	19	26	6	6	24	0.113208	53	0.00701461	TRUE	NA	NA	NA	NA	NA	NA
NC_045512.2	10053	A	G	37	19	26	5	5	26	0.0943396	53	0.0154974	FALSE	NA	NA	NA	NA	NA	NA
NC_045512.2	10053	A	C	37	19	26	5	5	27	0.0943396	53	0.0154974	FALSE	NA	NA	NA	NA	NA	NA
NC_045512.2	10054	G	T	31	13	26	4	4	27	0.0754717	53	0.0235231	FALSE	NA	NA	NA	NA	NA	NA
NC_045512.2	10054	G	C	31	13	26	12	12	26	0.226415	53	2.80627e-05	TRUE	NA	NA	NA	NA	NA	NA
NC_045512.2	10054	G	A	31	13	26	6	6	25	0.113208	53	0.00400061	TRUE	NA	NA	NA	NA	NA	NA
NC_045512.2	10055	A	T	33	16	26	8	8	26	0.153846	52	0.00102651	TRUE	NA	NA	NA	NA	NA	NA
NC_045512.2	10055	A	G	33	16	26	6	6	24	0.115385	52	0.0052402	TRUE	NA	NA	NA	NA	NA	NA
NC_045512.2	10055	A	C	33	16	26	5	5	26	0.0961538	52	0.0120928	FALSE	NA	NA	NA	NA	NA	NA
NC_045512.2	10056	G	T	32	15	26	2	2	26	0.0392157	51	0.160929	FALSE	NA	NA	NA	NA	NA	NA
NC_045512.2	10056	G	C	32	15	26	8	8	25	0.156863	51	0.00099212	TRUE	NA	NA	NA	NA	NA	NA
NC_045512.2	10056	G	A	32	15	26	9	9	25	0.176471	51	0.000446999	TRUE	NA	NA	NA	NA	NA	NA
NC_045512.2	10057	T	G	32	15	26	4	4	26	0.0784314	51	0.0277389	FALSE	NA	NA	NA	NA	NA	NA
NC_045512.2	10057	T	C	32	15	26	7	7	26	0.137255	51	0.00223227	TRUE	NA	NA	NA	NA	NA	NA
NC_045512.2	10057	T	A	32	15	26	8	8	26	0.156863	51	0.00099212	TRUE	NA	NA	NA	NA	NA	NA
NC_045512.2	10058	G	T	35	18	24	10	10	25	0.196078	51	0.000315706	TRUE	NA	NA	NA	NA	NA	NA
NC_045512.2	10058	G	C	35	18	24	2	2	27	0.0392157	51	0.178027	FALSE	NA	NA	NA	NA	NA	NA
NC_045512.2	10058	G	A	35	18	24	4	4	28	0.0784314	51	0.033687	FALSE	NA	NA	NA	NA	NA	NA
NC_045512.2	10059	G	T	25	17	25	3	3	27	0.0714286	42	0.0625262	FALSE	NA	NA	NA	NA	NA	NA
NC_045512.2	10059	G	C	25	17	25	4	4	26	0.0952381	42	0.0259037	FALSE	NA	NA	NA	NA	NA	NA
NC_045512.2	10059	G	A	25	17	25	10	10	26	0.238095	42	0.000192325	TRUE	NA	NA	NA	NA	NA	NA
NC_045512.2	10060	T	G	23	11	25	8	8	26	0.195122	41	0.000741482	TRUE	NA	NA	NA	NA	NA	NA
NC_045512.2	10060	T	C	23	11	25	3	3	26	0.0731707	41	0.0568182	FALSE	NA	NA	NA	NA	NA	NA
NC_045512.2	10060	T	A	23	11	25	7	7	26	0.170732	41	0.00169823	TRUE	NA	NA	NA	NA	NA	NA
NC_045512.2	10061	T	G	30	18	26	6	6	25	0.12766	47	0.00556255	TRUE	NA	NA	NA	NA	NA	NA
NC_045512.2	10061	T	C	30	18	26	7	7	27	0.148936	47	0.00247969	TRUE	NA	NA	NA	NA	NA	NA
NC_045512.2	10061	T	A	30	18	26	4	4	26	0.0851064	47	0.0293226	FALSE	NA	NA	NA	NA	NA	NA
NC_045512.2	10062	T	G	32	21	27	3	3	26	0.0666667	45	0.0827653	FALSE	NA	NA	NA	NA	NA	NA
NC_045512.2	10062	T	C	32	21	27	7	7	26	0.155556	45	0.00370454	TRUE	NA	NA	NA	NA	NA	NA
NC_045512.2	10062	T	A	32	21	27	3	3	27	0.0666667	45	0.0827653	FALSE	NA	NA	NA	NA	NA	NA
NC_045512.2	10063	T	G	22	18	25	4	4	26	0.105263	38	0.025098	FALSE	NA	NA	NA	NA	NA	NA
NC_045512.2	10063	T	C	22	18	25	7	7	27	0.184211	38	0.00200411	TRUE	NA	NA	NA	NA	NA	NA
NC_045512.2	10063	T	A	22	18	25	5	5	25	0.131579	38	0.0105882	FALSE	NA	NA	NA	NA	NA	NA
NC_045512.2	10064	A	T	25	16	26	6	6	26	0.136364	44	0.00397451	TRUE	NA	NA	NA	NA	NA	NA
NC_045512.2	10064	A	G	25	16	26	6	6	24	0.136364	44	0.00397451	TRUE	NA	NA	NA	NA	NA	NA
NC_045512.2	10064	A	C	25	16	26	7	7	27	0.159091	44	0.00169579	TRUE	NA	NA	NA	NA	NA	NA
NC_045512.2	10065	G	T	27	18	25	4	4	25	0.0930233	43	0.0289086	FALSE	NA	NA	NA	NA	NA	NA
NC_045512.2	10065	G	C	27	18	25	5	5	26	0.116279	43	0.012501	FALSE	NA	NA	NA	NA	NA	NA
NC_045512.2	10065	G	A	27	18	25	7	7	26	0.162791	43	0.00246073	TRUE	NA	NA	NA	NA	NA	NA
NC_045512.2	10065	G	-A	27	18	25	2	0	20	0.0465116	43	0.16338	FALSE	NA	NA	NA	NA	NA	NA
NC_045512.2	10066	A	T	11	5	25	9	9	25	0.290323	31	4.56528e-05	TRUE	NA	NA	NA	NA	NA	NA
NC_045512.2	10066	A	G	11	5	25	8	8	26	0.258065	31	0.000118697	TRUE	NA	NA	NA	NA	NA	NA
NC_045512.2	10066	A	C	11	5	25	3	3	28	0.0967742	31	0.0239789	FALSE	NA	NA	NA	NA	NA	NA
NC_045512.2	10067	A	T	17	14	27	9	9	26	0.25	36	0.000180175	TRUE	NA	NA	NA	NA	NA	NA
NC_045512.2	10067	A	G	17	14	27	7	7	25	0.194444	36	0.00101452	TRUE	NA	NA	NA	NA	NA	NA
NC_045512.2	10067	A	C	17	14	27	3	3	27	0.0833333	36	0.0434534	FALSE	NA	NA	NA	NA	NA	NA
NC_045512.2	10068	A	T	16	13	26	10	10	24	0.277778	36	5.89033e-05	TRUE	NA	NA	NA	NA	NA	NA
NC_045512.2	10068	A	G	16	13	26	7	7	27	0.194444	36	0.000815358	TRUE	NA	NA	NA	NA	NA	NA
NC_045512.2	10068	A	C	16	13	26	3	3	27	0.0833333	36	0.0390663	FALSE	NA	NA	NA	NA	NA	NA
NC_045512.2	10069	A	T	17	14	26	13	13	25	0.361111	36	7.29306e-06	TRUE	NA	NA	NA	NA	NA	NA
NC_045512.2	10069	A	G	17	14	26	2	2	24	0.0555556	36	0.119497	FALSE	NA	NA	NA	NA	NA	NA
NC_045512.2	10069	A	C	17	14	26	4	4	25	0.111111	36	0.016295	FALSE	NA	NA	NA	NA	NA	NA
NC_045512.2	10070	A	T	12	12	26	9	9	26	0.264706	34	5.52714e-05	TRUE	NA	NA	NA	NA	NA	NA
NC_045512.2	10070	A	G	12	12	26	5	5	25	0.147059	34	0.00292058	TRUE	NA	NA	NA	NA	NA	NA
NC_045512.2	10070	A	C	12	12	26	8	8	26	0.235294	34	0.000142127	TRUE	NA	NA	NA	NA	NA	NA
NC_045512.2	10071	T	G	20	17	25	7	7	25	0.194444	36	0.00180569	TRUE	NA	NA	NA	NA	NA	NA
NC_045512.2	10071	T	C	20	17	25	4	4	23	0.111111	36	0.0233474	FALSE	NA	NA	NA	NA	NA	NA
NC_045512.2	10071	T	A	20	17	25	5	5	25	0.138889	36	0.00972808	TRUE	NA	NA	NA	NA	NA	NA
NC_045512.2	10072	G	T	13	10	24	8	8	26	0.242424	33	0.000229589	TRUE	NA	NA	NA	NA	NA	NA
NC_045512.2	10072	G	C	13	10	24	8	8	26	0.242424	33	0.000229589	TRUE	NA	NA	NA	NA	NA	NA
NC_045512.2	10072	G	A	13	10	24	4	4	24	0.121212	33	0.011233	FALSE	NA	NA	NA	NA	NA	NA
NC_045512.2	10073	G	T	17	14	25	11	11	24	0.297297	37	2.88788e-05	TRUE	NA	NA	NA	NA	NA	NA
NC_045512.2	10073	G	C	17	14	25	3	3	25	0.0810811	37	0.0411255	FALSE	NA	NA	NA	NA	NA	NA
NC_045512.2	10073	G	A	17	14	25	6	6	24	0.162162	37	0.00224041	TRUE	NA	NA	NA	NA	NA	NA
NC_045512.2	10074	C	T	18	15	26	6	6	24	0.171429	35	0.00332538	TRUE	NA	NA	NA	NA	NA	NA
NC_045512.2	10074	C	G	18	15	26	6	6	23	0.171429	35	0.00332538	TRUE	NA	NA	NA	NA	NA	NA
NC_045512.2	10074	C	A	18	15	26	5	5	26	0.142857	35	0.00803634	TRUE	NA	NA	NA	NA	NA	NA
NC_045512.2	10075	A	T	9	6	26	2	2	27	0.153846	13	0.217391	FALSE	NA	NA	NA	NA	NA	NA
NC_045512.2	10075	A	G	9	6	26	1	1	25	0.0769231	13	0.454545	FALSE	NA	NA	NA	NA	NA	NA
NC_045512.2	10075	A	C	9	6	26	1	1	24	0.0769231	13	0.454545	FALSE	NA	NA	NA	NA	NA	NA
NC_045512.2	10076	T	G	4	1	25	3	3	25	0.272727	11	0.0514706	FALSE	NA	NA	NA	NA	NA	NA
NC_045512.2	10076	T	C	4	1	25	4	4	25	0.363636	11	0.0228758	FALSE	NA	NA	NA	NA	NA	NA
NC_045512.2	10077	T	G	4	2	25	3	3	27	0.272727	11	0.0514706	FALSE	NA	NA	NA	NA	NA	NA
NC_045512.2	10077	T	C	4	2	25	1	1	28	0.0909091	11	0.333333	FALSE	NA	NA	NA	NA	NA	NA
NC_045512.2	10077	T	A	4	2	25	3	3	25	0.272727	11	0.0514706	FALSE	NA	NA	NA	NA	NA	NA
NC_045512.2	10078	C	G	7	4	27	2	2	27	0.181818	11	0.210526	FALSE	NA	NA	NA	NA	NA	NA
NC_045512.2	10078	C	A	7	4	27	2	2	27	0.181818	11	0.210526	FALSE	NA	NA	NA	NA	NA	NA
NC_045512.2	10079	C	T	6	3	26	3	3	27	0.272727	11	0.0866873	FALSE	NA	NA	NA	NA	NA	NA
NC_045512.2	10079	C	A	6	3	26	2	2	23	0.181818	11	0.183007	FALSE	NA	NA	NA	NA	NA	NA
NC_045512.2	10080	C	G	7	5	26	1	1	28	0.1	10	0.470588	FALSE	NA	NA	NA	NA	NA	NA
NC_045512.2	10080	C	A	7	5	26	2	2	29	0.2	10	0.235294	FALSE	NA	NA	NA	NA	NA	NA
NC_045512.2	10081	A	T	7	4	27	2	2	28	0.181818	11	0.210526	FALSE	NA	NA	NA	NA	NA	NA
NC_045512.2	10081	A	G	7	4	27	2	2	27	0.181818	11	0.210526	FALSE	NA	NA	NA	NA	NA	NA
NC_045512.2	10082	T	C	5	2	26	4	4	27	0.444444	9	0.0529412	FALSE	NA	NA	NA	NA	NA	NA
NC_045512.2	10083	C	T	5	2	27	1	1	30	0.111111	9	0.428571	FALSE	NA	NA	NA	NA	NA	NA
NC_045512.2	10083	C	G	5	2	27	1	1	27	0.111111	9	0.428571	FALSE	NA	NA	NA	NA	NA	NA
NC_045512.2	10083	C	A	5	2	27	2	2	24	0.222222	9	0.2	FALSE	NA	NA	NA	NA	NA	NA
NC_045512.2	10084	T	C	5	2	27	1	1	26	0.1	10	0.4	FALSE	NA	NA	NA	NA	NA	NA
NC_045512.2	10084	T	A	5	2	27	4	4	27	0.4	10	0.0411765	FALSE	NA	NA	NA	NA	NA	NA
NC_045512.2	10085	G	T	4	1	26	4	4	28	0.4	10	0.0294118	FALSE	NA	NA	NA	NA	NA	NA
NC_045512.2	10085	G	C	4	1	26	1	1	28	0.1	10	0.357143	FALSE	NA	NA	NA	NA	NA	NA
NC_045512.2	10085	G	A	4	1	26	1	1	26	0.1	10	0.357143	FALSE	NA	NA	NA	NA	NA	NA
NC_045512.2	10086	G	T	6	3	25	1	1	26	0.1	10	0.4375	FALSE	NA	NA	NA	NA	NA	NA
NC_045512.2	10086	G	C	6	3	25	1	1	28	0.1	10	0.4375	FALSE	NA	NA	NA	NA	NA	NA
NC_045512.2	10086	G	A	6	3	25	2	2	25	0.2	10	0.205882	FALSE	NA	NA	NA	NA	NA	NA
NC_045512.2	10087	T	G	5	2	27	1	1	26	0.1	10	0.4	FALSE	NA	NA	NA	NA	NA	NA
NC_045512.2	10087	T	C	5	2	27	1	1	26	0.1	10	0.4	FALSE	NA	NA	NA	NA	NA	NA
NC_045512.2	10087	T	A	5	2	27	3	3	29	0.3	10	0.0823529	FALSE	NA	NA	NA	NA	NA	NA
NC_045512.2	10088	A	T	5	2	27	1	1	27	0.111111	9	0.428571	FALSE	NA	NA	NA	NA	NA	NA
NC_045512.2	10088	A	C	5	2	27	3	3	27	0.333333	9	0.1	FALSE	NA	NA	NA	NA	NA	NA
NC_045512.2	10089	A	T	5	2	28	3	3	27	0.333333	9	0.1	FALSE	NA	NA	NA	NA	NA	NA
NC_045512.2	10089	A	C	5	2	28	1	1	27	0.111111	9	0.428571	FALSE	NA	NA	NA	NA	NA	NA
NC_045512.2	10090	A	T	6	3	24	3	3	27	0.3	10	0.102941	FALSE	NA	NA	NA	NA	NA	NA
NC_045512.2	10090	A	C	6	3	24	1	1	29	0.1	10	0.4375	FALSE	NA	NA	NA	NA	NA	NA
NC_045512.2	10091	G	T	4	1	26	2	2	26	0.2	10	0.142857	FALSE	NA	NA	NA	NA	NA	NA
NC_045512.2	10091	G	C	4	1	26	2	2	27	0.2	10	0.142857	FALSE	NA	NA	NA	NA	NA	NA
NC_045512.2	10091	G	A	4	1	26	2	2	26	0.2	10	0.142857	FALSE	NA	NA	NA	NA	NA	NA
NC_045512.2	10092	T	G	5	2	25	1	1	26	0.1	10	0.4	FALSE	NA	NA	NA	NA	NA	NA
NC_045512.2	10092	T	C	5	2	25	1	1	28	0.1	10	0.4	FALSE	NA	NA	NA	NA	NA	NA
NC_045512.2	10092	T	A	5	2	25	3	3	27	0.3	10	0.0823529	FALSE	NA	NA	NA	NA	NA	NA
NC_045512.2	10093	T	G	5	3	25	2	2	27	0.222222	9	0.2	FALSE	NA	NA	NA	NA	NA	NA
NC_045512.2	10093	T	C	5	3	25	1	1	26	0.111111	9	0.428571	FALSE	NA	NA	NA	NA	NA	NA
NC_045512.2	10093	T	A	5	3	25	1	1	25	0.111111	9	0.428571	FALSE	NA	NA	NA	NA	NA	NA
NC_045512.2	10094	G	T	5	2	25	2	2	28	0.2	10	0.175	FALSE	NA	NA	NA	NA	NA	NA
NC_045512.2	10094	G	C	5	2	25	1	1	27	0.1	10	0.4	FALSE	NA	NA	NA	NA	NA	NA
NC_045512.2	10094	G	A	5	2	25	2	2	27	0.2	10	0.175	FALSE	NA	NA	NA	NA	NA	NA
NC_045512.2	10095	A	T	5	3	26	2	2	24	0.222222	9	0.2	FALSE	NA	NA	NA	NA	NA	NA
NC_045512.2	10095	A	G	5	3	26	1	1	29	0.111111	9	0.428571	FALSE	NA	NA	NA	NA	NA	NA
NC_045512.2	10095	A	C	5	3	26	1	1	22	0.111111	9	0.428571	FALSE	NA	NA	NA	NA	NA	NA
NC_045512.2	10096	G	T	2	0	27	1	1	21	0.125	8	0.3	FALSE	NA	NA	NA	NA	NA	NA
NC_045512.2	10096	G	C	2	0	27	3	3	28	0.375	8	0.0454545	FALSE	NA	NA	NA	NA	NA	NA
NC_045512.2	10096	G	A	2	0	27	2	2	29	0.25	8	0.109091	FALSE	NA	NA	NA	NA	NA	NA
NC_045512.2	10097	G	T	3	1	26	1	1	26	0.111111	9	0.333333	FALSE	NA	NA	NA	NA	NA	NA
NC_045512.2	10097	G	C	3	1	26	3	3	26	0.333333	9	0.0549451	FALSE	NA	NA	NA	NA	NA	NA
NC_045512.2	10097	G	A	3	1	26	2	2	28	0.222222	9	0.128205	FALSE	NA	NA	NA	NA	NA	NA
NC_045512.2	10098	G	T	2	1	24	3	3	27	0.375	8	0.0454545	FALSE	NA	NA	NA	NA	NA	NA
NC_045512.2	10098	G	C	2	1	24	2	2	25	0.25	8	0.109091	FALSE	NA	NA	NA	NA	NA	NA
NC_045512.2	10098	G	A	2	1	24	1	1	21	0.125	8	0.3	FALSE	NA	NA	NA	NA	NA	NA
NC_045512.2	10099	T	G	3	1	27	1	1	27	0.125	8	0.363636	FALSE	NA	NA	NA	NA	NA	NA
NC_045512.2	10099	T	C	3	1	27	3	3	28	0.375	8	0.0699301	FALSE	NA	NA	NA	NA	NA	NA
NC_045512.2	10099	T	A	3	1	27	1	1	27	0.125	8	0.363636	FALSE	NA	NA	NA	NA	NA	NA
NC_045512.2	10100	T	G	5	3	25	1	1	27	0.111111	9	0.428571	FALSE	NA	NA	NA	NA	NA	NA
NC_045512.2	10100	T	C	5	3	25	1	1	23	0.111111	9	0.428571	FALSE	NA	NA	NA	NA	NA	NA
NC_045512.2	10100	T	A	5	3	25	2	2	28	0.222222	9	0.2	FALSE	NA	NA	NA	NA	NA	NA
NC_045512.2	10101	G	C	5	3	24	3	3	27	0.333333	9	0.1	FALSE	NA	NA	NA	NA	NA	NA
NC_045512.2	10101	G	A	5	3	24	1	1	21	0.111111	9	0.428571	FALSE	NA	NA	NA	NA	NA	NA
NC_045512.2	10102	T	G	4	2	25	2	2	27	0.222222	9	0.164835	FALSE	NA	NA	NA	NA	NA	NA
NC_045512.2	10102	T	C	4	2	25	1	1	28	0.111111	9	0.384615	FALSE	NA	NA	NA	NA	NA	NA
NC_045512.2	10102	T	A	4	2	25	2	2	27	0.222222	9	0.164835	FALSE	NA	NA	NA	NA	NA	NA
NC_045512.2	10103	A	T	4	2	25	2	2	23	0.222222	9	0.164835	FALSE	NA	NA	NA	NA	NA	NA
NC_045512.2	10103	A	G	4	2	25	2	2	26	0.222222	9	0.164835	FALSE	NA	NA	NA	NA	NA	NA
NC_045512.2	10103	A	C	4	2	25	1	1	27	0.111111	9	0.384615	FALSE	NA	NA	NA	NA	NA	NA
NC_045512.2	10104	T	C	88	20	27	1	1	27	0.011236	89	0.502825	FALSE	NA	NA	NA	NA	NA	NA
NC_045512.2	10105	G	T	81	13	27	2	2	29	0.0229885	87	0.239715	FALSE	NA	NA	NA	NA	NA	NA
NC_045512.2	10105	G	C	81	13	27	4	4	27	0.045977	87	0.0588775	FALSE	NA	NA	NA	NA	NA	NA
NC_045512.2	10106	G	T	83	16	24	4	4	28	0.0454545	88	0.0603387	FALSE	NA	NA	NA	NA	NA	NA
NC_045512.2	10106	G	A	83	16	24	1	1	29	0.0113636	88	0.491228	FALSE	NA	NA	NA	NA	NA	NA
NC_045512.2	10107	T	G	84	16	27	4	4	25	0.0454545	88	0.0617671	FALSE	NA	NA	NA	NA	NA	NA
NC_045512.2	10108	A	T	85	17	27	1	1	24	0.011236	89	0.494253	FALSE	NA	NA	NA	NA	NA	NA
NC_045512.2	10108	A	G	85	17	27	3	3	28	0.0337079	89	0.122857	FALSE	NA	NA	NA	NA	NA	NA
NC_045512.2	10109	C	T	84	16	26	5	5	26	0.0561798	89	0.0303522	FALSE	NA	NA	NA	NA	NA	NA
NC_045512.2	10110	A	T	81	14	26	2	2	26	0.0232558	86	0.242586	FALSE	NA	NA	NA	NA	NA	NA
NC_045512.2	10110	A	G	81	14	26	3	2	26	0.0348837	86	0.120575	FALSE	NA	NA	NA	NA	NA	NA
NC_045512.2	10111	A	T	83	16	23	5	5	23	0.0549451	91	0.0278423	FALSE	NA	NA	NA	NA	NA	NA
NC_045512.2	10111	A	G	83	16	23	2	2	25	0.021978	91	0.234483	FALSE	NA	NA	NA	NA	NA	NA
NC_045512.2	10111	A	C	83	16	23	1	1	28	0.010989	91	0.482759	FALSE	NA	NA	NA	NA	NA	NA
NC_045512.2	10112	G	T	84	16	27	4	4	27	0.043956	91	0.0576734	FALSE	NA	NA	NA	NA	NA	NA
NC_045512.2	10112	G	C	84	16	27	1	1	28	0.010989	91	0.485714	FALSE	NA	NA	NA	NA	NA	NA
NC_045512.2	10112	G	A	84	16	27	2	2	27	0.021978	91	0.237338	FALSE	NA	NA	NA	NA	NA	NA
NC_045512.2	10113	T	G	84	16	27	7	7	26	0.0744681	94	0.00641252	TRUE	NA	NA	NA	NA	NA	NA
NC_045512.2	10113	T	C	84	16	27	2	2	27	0.0212766	94	0.229427	FALSE	NA	NA	NA	NA	NA	NA
NC_045512.2	10113	T	A	84	16	27	1	1	29	0.0106383	94	0.477528	FALSE	NA	NA	NA	NA	NA	NA
NC_045512.2	10114	A	T	150	22	26	7	7	24	0.04375	160	0.0321056	FALSE	NA	NA	NA	NA	NA	NA
NC_045512.2	10114	A	G	150	22	26	3	3	25	0.01875	160	0.296961	FALSE	NA	NA	NA	NA	NA	NA
NC_045512.2	10115	A	T	146	29	24	5	5	27	0.0326797	153	0.10551	FALSE	NA	NA	NA	NA	NA	NA
NC_045512.2	10115	A	G	146	29	24	2	2	25	0.0130719	153	0.489967	FALSE	NA	NA	NA	NA	NA	NA
NC_045512.2	10116	C	T	156	28	27	3	3	27	0.0182927	164	0.302039	FALSE	NA	NA	NA	NA	NA	NA
NC_045512.2	10116	C	G	156	28	27	4	4	27	0.0243902	164	0.1798	FALSE	NA	NA	NA	NA	NA	NA
NC_045512.2	10116	C	A	156	28	27	1	1	26	0.00609756	164	0.741321	FALSE	NA	NA	NA	NA	NA	NA
NC_045512.2	10117	T	C	151	23	27	2	2	26	0.0125	160	0.485532	FALSE	NA	NA	NA	NA	NA	NA
NC_045512.2	10117	T	A	151	23	27	7	7	24	0.04375	160	0.0327692	FALSE	NA	NA	NA	NA	NA	NA
NC_045512.2	10118	T	G	131	27	23	4	4	21	0.028169	142	0.171928	FALSE	NA	NA	NA	NA	NA	NA
NC_045512.2	10118	T	C	131	27	23	3	3	24	0.0211268	142	0.292214	FALSE	NA	NA	NA	NA	NA	NA
NC_045512.2	10118	T	A	131	27	23	4	4	27	0.028169	142	0.171928	FALSE	NA	NA	NA	NA	NA	NA
NC_045512.2	10119	G	T	160	32	26	1	1	27	0.00598802	167	0.743063	FALSE	NA	NA	NA	NA	NA	NA
NC_045512.2	10119	G	C	160	32	26	3	3	26	0.0179641	167	0.304523	FALSE	NA	NA	NA	NA	NA	NA
NC_045512.2	10119	G	A	160	32	26	3	3	25	0.0179641	167	0.304523	FALSE	NA	NA	NA	NA	NA	NA
NC_045512.2	10120	T	G	162	32	26	2	2	28	0.0119048	168	0.493182	FALSE	NA	NA	NA	NA	NA	NA
NC_045512.2	10120	T	C	162	32	26	1	1	25	0.00595238	168	0.744662	FALSE	NA	NA	NA	NA	NA	NA
NC_045512.2	10120	T	A	162	32	26	3	3	23	0.0178571	168	0.306844	FALSE	NA	NA	NA	NA	NA	NA
NC_045512.2	10121	G	T	154	24	26	6	6	24	0.0357143	168	0.0538682	FALSE	NA	NA	NA	NA	NA	NA
NC_045512.2	10121	G	A	154	24	26	8	8	24	0.047619	168	0.0163067	FALSE	NA	NA	NA	NA	NA	NA
NC_045512.2	10122	G	T	148	27	24	5	5	26	0.0310559	161	0.0970508	FALSE	NA	NA	NA	NA	NA	NA
NC_045512.2	10122	G	C	148	27	24	4	4	23	0.0248447	161	0.169872	FALSE	NA	NA	NA	NA	NA	NA
NC_045512.2	10122	G	A	148	27	24	4	4	27	0.0248447	161	0.169872	FALSE	NA	NA	NA	NA	NA	NA
NC_045512.2	10123	T	G	158	27	27	3	3	28	0.0175439	171	0.291189	FALSE	NA	NA	NA	NA	NA	NA
NC_045512.2	10123	T	C	158	27	27	5	5	28	0.0292398	171	0.097768	FALSE	NA	NA	NA	NA	NA	NA
NC_045512.2	10123	T	A	158	27	27	5	5	24	0.0292398	171	0.097768	FALSE	NA	NA	NA	NA	NA	NA
NC_045512.2	10124	A	T	164	33	27	6	6	24	0.0348837	172	0.0596277	FALSE	NA	NA	NA	NA	NA	NA
NC_045512.2	10124	A	C	164	33	27	2	2	23	0.0116279	172	0.48884	FALSE	NA	NA	NA	NA	NA	NA
NC_045512.2	10125	C	T	161	30	26	4	4	26	0.0231214	173	0.172922	FALSE	NA	NA	NA	NA	NA	NA
NC_045512.2	10125	C	G	161	30	26	4	4	26	0.0231214	173	0.172922	FALSE	NA	NA	NA	NA	NA	NA
NC_045512.2	10125	C	A	161	30	26	4	4	24	0.0231214	173	0.172922	FALSE	NA	NA	NA	NA	NA	NA
NC_045512.2	10126	A	T	148	18	26	5	5	25	0.0306748	163	0.0943944	FALSE	NA	NA	NA	NA	NA	NA
NC_045512.2	10126	A	G	148	18	26	6	5	27	0.0368098	163	0.0526563	FALSE	NA	NA	NA	NA	NA	NA
NC_045512.2	10126	A	C	148	18	26	4	4	25	0.0245399	163	0.166231	FALSE	NA	NA	NA	NA	NA	NA
NC_045512.2	10127	A	T	157	34	23	5	5	27	0.0304878	164	0.105772	FALSE	NA	NA	NA	NA	NA	NA
NC_045512.2	10127	A	G	157	34	23	2	2	24	0.0121951	164	0.490655	FALSE	NA	NA	NA	NA	NA	NA
NC_045512.2	10128	C	T	161	30	26	3	3	25	0.0172414	174	0.291565	FALSE	NA	NA	NA	NA	NA	NA
NC_045512.2	10128	C	G	161	30	26	5	5	24	0.0287356	174	0.0979672	FALSE	NA	NA	NA	NA	NA	NA
NC_045512.2	10128	C	A	161	30	26	5	5	26	0.0287356	174	0.0979672	FALSE	NA	NA	NA	NA	NA	NA
NC_045512.2	10129	T	G	160	29	26	7	7	25	0.0404624	173	0.030522	FALSE	NA	NA	NA	NA	NA	NA
NC_045512.2	10129	T	C	160	29	26	4	4	27	0.0231214	173	0.171104	FALSE	NA	NA	NA	NA	NA	NA
NC_045512.2	10129	T	A	160	29	26	2	2	25	0.0115607	173	0.477484	FALSE	NA	NA	NA	NA	NA	NA
NC_045512.2	10130	A	T	163	32	26	8	8	25	0.0462428	173	0.0179209	FALSE	NA	NA	NA	NA	NA	NA
NC_045512.2	10130	A	G	163	32	26	2	2	26	0.0115607	173	0.484377	FALSE	NA	NA	NA	NA	NA	NA
NC_045512.2	10131	C	T	160	29	26	4	4	27	0.0229885	174	0.169391	FALSE	NA	NA	NA	NA	NA	NA
NC_045512.2	10131	C	G	160	29	26	3	3	24	0.0172414	174	0.28933	FALSE	NA	NA	NA	NA	NA	NA
NC_045512.2	10131	C	A	160	29	26	7	7	24	0.0402299	174	0.0299591	FALSE	NA	NA	NA	NA	NA	NA
NC_045512.2	10132	A	T	157	30	27	4	4	26	0.0229885	174	0.163976	FALSE	NA	NA	NA	NA	NA	NA
NC_045512.2	10132	A	G	157	30	27	8	4	25	0.045977	174	0.0153264	FALSE	NA	NA	NA	NA	NA	NA
NC_045512.2	10132	A	C	157	30	27	5	5	24	0.0287356	174	0.0927187	FALSE	NA	NA	NA	NA	NA	NA
NC_045512.2	10133	C	T	161	30	27	7	7	25	0.0404624	173	0.0311199	FALSE	NA	NA	NA	NA	NA	NA
NC_045512.2	10133	C	G	161	30	27	2	2	24	0.0115607	173	0.479795	FALSE	NA	NA	NA	NA	NA	NA
NC_045512.2	10133	C	A	161	30	27	3	3	27	0.017341	173	0.293683	FALSE	NA	NA	NA	NA	NA	NA
NC_045512.2	10134	T	G	159	28	26	5	5	25	0.0289017	173	0.0965747	FALSE	NA	NA	NA	NA	NA	NA
NC_045512.2	10134	T	C	159	28	26	3	3	25	0.017341	173	0.289193	FALSE	NA	NA	NA	NA	NA	NA
NC_045512.2	10134	T	A	159	28	26	6	6	26	0.0346821	173	0.054113	FALSE	NA	NA	NA	NA	NA	NA
NC_045512.2	10135	T	G	150	29	23	4	4	28	0.0242424	165	0.166491	FALSE	NA	NA	NA	NA	NA	NA
NC_045512.2	10135	T	C	150	29	23	8	8	25	0.0484848	165	0.0158654	FALSE	NA	NA	NA	NA	NA	NA
NC_045512.2	10135	T	A	150	29	23	3	3	25	0.0181818	165	0.285667	FALSE	NA	NA	NA	NA	NA	NA
NC_045512.2	10136	A	T	161	30	26	11	11	26	0.0628571	175	0.00260541	TRUE	NA	NA	NA	NA	NA	NA
NC_045512.2	10136	A	G	161	30	26	1	1	27	0.00571429	175	0.732569	FALSE	NA	NA	NA	NA	NA	NA
NC_045512.2	10136	A	C	161	30	26	2	2	28	0.0114286	175	0.475455	FALSE	NA	NA	NA	NA	NA	NA
NC_045512.2	10137	A	T	164	38	23	3	3	25	0.017341	173	0.300374	FALSE	NA	NA	NA	NA	NA	NA
NC_045512.2	10137	A	G	164	38	23	2	1	22	0.0115607	173	0.486648	FALSE	NA	NA	NA	NA	NA	NA
NC_045512.2	10137	A	C	164	38	23	4	4	25	0.0231214	173	0.178383	FALSE	NA	NA	NA	NA	NA	NA
NC_045512.2	10138	C	T	166	35	26	5	5	26	0.0284091	176	0.102038	FALSE	NA	NA	NA	NA	NA	NA
NC_045512.2	10138	C	G	166	35	26	2	2	24	0.0113636	176	0.484651	FALSE	NA	NA	NA	NA	NA	NA
NC_045512.2	10138	C	A	166	35	26	3	3	25	0.0170455	176	0.298399	FALSE	NA	NA	NA	NA	NA	NA
NC_045512.2	10138	C	-G	166	35	26	1	0	20	0.00568182	176	0.7389	FALSE	NA	NA	NA	NA	NA	NA
NC_045512.2	10139	G	T	151	21	26	5	5	26	0.0295858	169	0.0896801	FALSE	NA	NA	NA	NA	NA	NA
NC_045512.2	10139	G	C	151	21	26	5	5	26	0.0295858	169	0.0896801	FALSE	NA	NA	NA	NA	NA	NA
NC_045512.2	10139	G	A	151	21	26	8	8	24	0.0473373	169	0.0145185	FALSE	NA	NA	NA	NA	NA	NA
NC_045512.2	10140	G	T	137	26	23	3	3	27	0.0191083	157	0.271693	FALSE	NA	NA	NA	NA	NA	NA
NC_045512.2	10140	G	C	137	26	23	7	7	26	0.044586	157	0.0256793	FALSE	NA	NA	NA	NA	NA	NA
NC_045512.2	10140	G	A	137	26	23	10	10	26	0.0636943	157	0.00388179	TRUE	NA	NA	NA	NA	NA	NA
NC_045512.2	10141	T	G	162	31	26	3	3	28	0.0169492	177	0.28753	FALSE	NA	NA	NA	NA	NA	NA
NC_045512.2	10141	T	C	162	31	26	8	8	25	0.0451977	177	0.016103	FALSE	NA	NA	NA	NA	NA	NA
NC_045512.2	10141	T	A	162	31	26	4	4	25	0.0225989	177	0.167925	FALSE	NA	NA	NA	NA	NA	NA
NC_045512.2	10142	C	T	161	31	26	11	11	27	0.0628571	175	0.00260541	TRUE	NA	NA	NA	NA	NA	NA
NC_045512.2	10142	C	G	161	31	26	1	1	21	0.00571429	175	0.732569	FALSE	NA	NA	NA	NA	NA	NA
NC_045512.2	10142	C	A	161	31	26	2	2	27	0.0114286	175	0.475455	FALSE	NA	NA	NA	NA	NA	NA
NC_045512.2	10143	T	G	150	20	26	2	2	25	0.0121212	165	0.471442	FALSE	NA	NA	NA	NA	NA	NA
NC_045512.2	10143	T	C	150	20	26	3	3	27	0.0181818	165	0.285667	FALSE	NA	NA	NA	NA	NA	NA
NC_045512.2	10143	T	A	150	20	26	10	10	24	0.0606061	165	0.00463473	TRUE	NA	NA	NA	NA	NA	NA
NC_045512.2	10144	T	G	161	31	27	3	3	27	0.0170455	176	0.287385	FALSE	NA	NA	NA	NA	NA	NA
NC_045512.2	10144	T	C	161	31	27	4	4	26	0.0227273	176	0.167813	FALSE	NA	NA	NA	NA	NA	NA
NC_045512.2	10144	T	A	161	31	27	8	8	27	0.0454545	176	0.0160843	FALSE	NA	NA	NA	NA	NA	NA
NC_045512.2	10145	T	G	114	30	23	1	1	23	0.00775194	129	0.723566	FALSE	NA	NA	NA	NA	NA	NA
NC_045512.2	10145	T	C	114	30	23	8	8	27	0.0620155	129	0.0149049	FALSE	NA	NA	NA	NA	NA	NA
NC_045512.2	10145	T	A	114	30	23	6	6	26	0.0465116	129	0.0501432	FALSE	NA	NA	NA	NA	NA	NA
NC_045512.2	10146	G	T	155	27	26	3	3	24	0.0176471	170	0.286476	FALSE	NA	NA	NA	NA	NA	NA
NC_045512.2	10146	G	C	155	27	26	4	4	27	0.0235294	170	0.167113	FALSE	NA	NA	NA	NA	NA	NA
NC_045512.2	10146	G	A	155	27	26	8	6	25	0.0470588	170	0.0159683	FALSE	NA	NA	NA	NA	NA	NA
NC_045512.2	10147	G	T	150	29	23	7	7	24	0.0419162	167	0.0279502	FALSE	NA	NA	NA	NA	NA	NA
NC_045512.2	10147	G	C	150	29	23	5	5	25	0.0299401	167	0.0920301	FALSE	NA	NA	NA	NA	NA	NA
NC_045512.2	10147	G	A	150	29	23	5	4	27	0.0299401	167	0.0920301	FALSE	NA	NA	NA	NA	NA	NA
NC_045512.2	10148	C	T	158	29	27	9	9	27	0.0517241	174	0.00848074	TRUE	NA	NA	NA	NA	NA	NA
NC_045512.2	10148	C	G	158	29	27	5	5	26	0.0287356	174	0.0940234	FALSE	NA	NA	NA	NA	NA	NA
NC_045512.2	10148	C	A	158	29	27	2	2	23	0.0114943	174	0.470647	FALSE	NA	NA	NA	NA	NA	NA
NC_045512.2	10149	T	G	159	30	26	4	4	26	0.0231214	173	0.169286	FALSE	NA	NA	NA	NA	NA	NA
NC_045512.2	10149	T	C	159	30	26	3	3	27	0.017341	173	0.289193	FALSE	NA	NA	NA	NA	NA	NA
NC_045512.2	10149	T	A	159	30	26	7	7	25	0.0404624	173	0.0299299	FALSE	NA	NA	NA	NA	NA	NA
NC_045512.2	10150	T	G	152	31	24	5	5	24	0.0299401	167	0.0947499	FALSE	NA	NA	NA	NA	NA	NA
NC_045512.2	10150	T	C	152	31	24	6	5	27	0.0359281	167	0.0528864	FALSE	NA	NA	NA	NA	NA	NA
NC_045512.2	10150	T	A	152	31	24	4	4	27	0.0239521	167	0.166744	FALSE	NA	NA	NA	NA	NA	NA
NC_045512.2	10151	G	T	161	32	27	11	11	26	0.0621469	177	0.00245449	TRUE	NA	NA	NA	NA	NA	NA
NC_045512.2	10151	G	C	161	32	27	4	4	27	0.0225989	177	0.16615	FALSE	NA	NA	NA	NA	NA	NA
NC_045512.2	10151	G	A	161	32	27	1	1	29	0.00564972	177	0.729602	FALSE	NA	NA	NA	NA	NA	NA
NC_045512.2	10152	A	T	157	28	27	13	13	26	0.0734463	177	0.000600674	TRUE	NA	NA	NA	NA	NA	NA
NC_045512.2	10152	A	G	157	28	27	5	5	25	0.0282486	177	0.0891773	FALSE	NA	NA	NA	NA	NA	NA
NC_045512.2	10152	A	C	157	28	27	2	2	27	0.0112994	177	0.461859	FALSE	NA	NA	NA	NA	NA	NA
NC_045512.2	10153	T	G	163	34	27	7	7	24	0.0397727	176	0.0305991	FALSE	NA	NA	NA	NA	NA	NA
NC_045512.2	10153	T	C	163	34	27	3	3	28	0.0170455	176	0.291808	FALSE	NA	NA	NA	NA	NA	NA
NC_045512.2	10153	T	A	163	34	27	3	3	23	0.0170455	176	0.291808	FALSE	NA	NA	NA	NA	NA	NA
NC_045512.2	10154	G	T	165	36	27	7	7	28	0.0393258	178	0.0306491	FALSE	NA	NA	NA	NA	NA	NA
NC_045512.2	10154	G	C	165	36	27	3	3	25	0.0168539	178	0.292045	FALSE	NA	NA	NA	NA	NA	NA
NC_045512.2	10154	G	A	165	36	27	3	3	25	0.0168539	178	0.292045	FALSE	NA	NA	NA	NA	NA	NA
NC_045512.2	10155	A	T	157	28	27	4	4	24	0.0232558	172	0.167352	FALSE	NA	NA	NA	NA	NA	NA
NC_045512.2	10155	A	G	157	28	27	5	5	25	0.0290698	172	0.0951713	FALSE	NA	NA	NA	NA	NA	NA
NC_045512.2	10155	A	C	157	28	27	6	6	26	0.0348837	172	0.0531595	FALSE	NA	NA	NA	NA	NA	NA
NC_045512.2	10156	C	T	156	27	27	7	7	24	0.0406977	172	0.0287276	FALSE	NA	NA	NA	NA	NA	NA
NC_045512.2	10156	C	G	156	27	27	5	5	23	0.0290698	172	0.0938468	FALSE	NA	NA	NA	NA	NA	NA
NC_045512.2	10156	C	A	156	27	27	4	4	25	0.0232558	172	0.165526	FALSE	NA	NA	NA	NA	NA	NA
NC_045512.2	10157	G	T	156	28	27	8	8	27	0.0465116	172	0.0156417	FALSE	NA	NA	NA	NA	NA	NA
NC_045512.2	10157	G	C	156	28	27	5	5	26	0.0290698	172	0.0938468	FALSE	NA	NA	NA	NA	NA	NA
NC_045512.2	10157	G	A	156	28	27	3	2	24	0.0174419	172	0.284513	FALSE	NA	NA	NA	NA	NA	NA
NC_045512.2	10158	T	G	159	33	27	5	5	25	0.0297619	168	0.103074	FALSE	NA	NA	NA	NA	NA	NA
NC_045512.2	10158	T	C	159	33	27	2	2	24	0.0119048	168	0.48624	FALSE	NA	NA	NA	NA	NA	NA
NC_045512.2	10158	T	A	159	33	27	2	2	24	0.0119048	168	0.48624	FALSE	NA	NA	NA	NA	NA	NA
NC_045512.2	10159	A	T	159	34	27	2	2	23	0.0119048	168	0.48624	FALSE	NA	NA	NA	NA	NA	NA
NC_045512.2	10159	A	G	159	34	27	6	5	25	0.0357143	168	0.0585948	FALSE	NA	NA	NA	NA	NA	NA
NC_045512.2	10159	A	C	159	34	27	1	1	26	0.00595238	168	0.739949	FALSE	NA	NA	NA	NA	NA	NA
NC_045512.2	10160	G	T	157	28	27	7	7	24	0.0404624	173	0.0287633	FALSE	NA	NA	NA	NA	NA	NA
NC_045512.2	10160	G	C	157	28	27	7	7	27	0.0404624	173	0.0287633	FALSE	NA	NA	NA	NA	NA	NA
NC_045512.2	10160	G	A	157	28	27	2	2	26	0.0115607	173	0.470469	FALSE	NA	NA	NA	NA	NA	NA
NC_045512.2	10161	T	G	156	27	26	7	7	25	0.0411765	170	0.0298404	FALSE	NA	NA	NA	NA	NA	NA
NC_045512.2	10161	T	C	156	27	26	2	2	28	0.0117647	170	0.474703	FALSE	NA	NA	NA	NA	NA	NA
NC_045512.2	10161	T	A	156	27	26	5	5	24	0.0294118	170	0.0963503	FALSE	NA	NA	NA	NA	NA	NA
NC_045512.2	10162	T	G	161	32	28	2	2	27	0.0114943	174	0.477618	FALSE	NA	NA	NA	NA	NA	NA
NC_045512.2	10162	T	C	161	32	28	3	3	28	0.0172414	174	0.291565	FALSE	NA	NA	NA	NA	NA	NA
NC_045512.2	10162	T	A	161	32	28	8	8	27	0.045977	174	0.0167856	FALSE	NA	NA	NA	NA	NA	NA
NC_045512.2	10163	T	G	135	31	23	4	4	25	0.0268456	149	0.166327	FALSE	NA	NA	NA	NA	NA	NA
NC_045512.2	10163	T	C	135	31	23	6	6	28	0.0402685	149	0.0527922	FALSE	NA	NA	NA	NA	NA	NA
NC_045512.2	10163	T	A	135	31	23	4	4	25	0.0268456	149	0.166327	FALSE	NA	NA	NA	NA	NA	NA
NC_045512.2	10163	T	-A	135	31	23	1	0	20	0.00671141	149	0.729309	FALSE	NA	NA	NA	NA	NA	NA
NC_045512.2	10164	A	T	158	30	27	6	6	27	0.0344828	174	0.0515523	FALSE	NA	NA	NA	NA	NA	NA
NC_045512.2	10164	A	G	158	30	27	8	8	27	0.045977	174	0.015349	FALSE	NA	NA	NA	NA	NA	NA
NC_045512.2	10164	A	C	158	30	27	2	2	27	0.0114943	174	0.468487	FALSE	NA	NA	NA	NA	NA	NA
NC_045512.2	10165	C	T	159	30	27	8	8	26	0.0457143	175	0.0157049	FALSE	NA	NA	NA	NA	NA	NA
NC_045512.2	10165	C	G	159	30	27	2	2	25	0.0114286	175	0.470823	FALSE	NA	NA	NA	NA	NA	NA
NC_045512.2	10165	C	A	159	30	27	6	6	26	0.0342857	175	0.0524311	FALSE	NA	NA	NA	NA	NA	NA
NC_045512.2	10166	T	G	162	33	27	6	6	27	0.0342857	175	0.055104	FALSE	NA	NA	NA	NA	NA	NA
NC_045512.2	10166	T	C	162	33	27	2	2	27	0.0114286	175	0.477751	FALSE	NA	NA	NA	NA	NA	NA
NC_045512.2	10166	T	A	162	33	27	5	5	27	0.0285714	175	0.0980321	FALSE	NA	NA	NA	NA	NA	NA
NC_045512.2	10167	G	T	162	33	27	8	8	27	0.0451977	177	0.016103	FALSE	NA	NA	NA	NA	NA	NA
NC_045512.2	10167	G	C	162	33	27	2	2	28	0.0112994	177	0.473462	FALSE	NA	NA	NA	NA	NA	NA
NC_045512.2	10167	G	A	162	33	27	5	5	27	0.0282486	177	0.0955691	FALSE	NA	NA	NA	NA	NA	NA
NC_045512.2	10168	T	G	159	30	27	7	7	25	0.0397727	176	0.0283022	FALSE	NA	NA	NA	NA	NA	NA
NC_045512.2	10168	T	C	159	30	27	3	3	27	0.0170455	176	0.28294	FALSE	NA	NA	NA	NA	NA	NA
NC_045512.2	10168	T	A	159	30	27	7	7	26	0.0397727	176	0.0283022	FALSE	NA	NA	NA	NA	NA	NA
NC_045512.2	10168	T	-C	159	30	27	1	0	20	0.00568182	176	0.727858	FALSE	NA	NA	NA	NA	NA	NA
NC_045512.2	10169	C	T	158	30	26	9	9	26	0.0508475	177	0.00769241	TRUE	NA	NA	NA	NA	NA	NA
NC_045512.2	10169	C	G	158	30	26	6	6	26	0.0338983	177	0.0491725	FALSE	NA	NA	NA	NA	NA	NA
NC_045512.2	10169	C	A	158	30	26	4	4	24	0.0225989	177	0.159225	FALSE	NA	NA	NA	NA	NA	NA
NC_045512.2	10170	C	T	147	27	23	14	14	26	0.0828402	169	0.000282943	TRUE	NA	NA	NA	NA	NA	NA
NC_045512.2	10170	C	G	147	27	23	6	6	25	0.035503	169	0.0467392	FALSE	NA	NA	NA	NA	NA	NA
NC_045512.2	10170	C	A	147	27	23	2	2	22	0.0118343	169	0.454959	FALSE	NA	NA	NA	NA	NA	NA
NC_045512.2	10171	A	T	161	33	26	5	5	28	0.0284091	176	0.0954913	FALSE	NA	NA	NA	NA	NA	NA
NC_045512.2	10171	A	G	161	33	26	8	7	26	0.0454545	176	0.0160843	FALSE	NA	NA	NA	NA	NA	NA
NC_045512.2	10171	A	C	161	33	26	2	2	26	0.0113636	176	0.473305	FALSE	NA	NA	NA	NA	NA	NA
NC_045512.2	10172	A	T	150	32	24	7	7	25	0.0419162	167	0.0279502	FALSE	NA	NA	NA	NA	NA	NA
NC_045512.2	10172	A	G	150	32	24	4	4	27	0.0239521	167	0.162984	FALSE	NA	NA	NA	NA	NA	NA
NC_045512.2	10172	A	C	150	32	24	6	6	27	0.0359281	167	0.0510444	FALSE	NA	NA	NA	NA	NA	NA
NC_045512.2	10173	G	T	158	29	27	12	12	26	0.0670391	179	0.00110634	TRUE	NA	NA	NA	NA	NA	NA
NC_045512.2	10173	G	C	158	29	27	5	5	26	0.027933	179	0.088149	FALSE	NA	NA	NA	NA	NA	NA
NC_045512.2	10173	G	A	158	29	27	4	4	25	0.0223464	179	0.157636	FALSE	NA	NA	NA	NA	NA	NA
NC_045512.2	10174	A	T	160	31	27	7	7	26	0.0393258	178	0.0278214	FALSE	NA	NA	NA	NA	NA	NA
NC_045512.2	10174	A	G	160	31	27	6	6	26	0.0337079	178	0.0508724	FALSE	NA	NA	NA	NA	NA	NA
NC_045512.2	10174	A	C	160	31	27	5	5	27	0.0280899	178	0.0918167	FALSE	NA	NA	NA	NA	NA	NA
NC_045512.2	10175	C	T	157	29	27	11	10	26	0.0614525	179	0.00203437	TRUE	NA	NA	NA	NA	NA	NA
NC_045512.2	10175	C	G	157	29	27	5	5	26	0.027933	179	0.0869044	FALSE	NA	NA	NA	NA	NA	NA
NC_045512.2	10175	C	A	157	29	27	6	6	24	0.0335196	179	0.047577	FALSE	NA	NA	NA	NA	NA	NA
NC_045512.2	10176	A	T	162	34	27	8	8	26	0.0449438	178	0.0157661	FALSE	NA	NA	NA	NA	NA	NA
NC_045512.2	10176	A	G	162	34	27	3	3	28	0.0168539	178	0.28548	FALSE	NA	NA	NA	NA	NA	NA
NC_045512.2	10176	A	C	162	34	27	5	5	24	0.0280899	178	0.0943647	FALSE	NA	NA	NA	NA	NA	NA
NC_045512.2	10177	T	G	156	29	27	5	5	26	0.0276243	181	0.0834832	FALSE	NA	NA	NA	NA	NA	NA
NC_045512.2	10177	T	C	156	29	27	14	12	26	0.0773481	181	0.000259575	TRUE	NA	NA	NA	NA	NA	NA
NC_045512.2	10177	T	A	156	29	27	6	6	25	0.0331492	181	0.0453036	FALSE	NA	NA	NA	NA	NA	NA
NC_045512.2	10178	G	T	157	28	27	8	8	25	0.0451977	177	0.014364	FALSE	NA	NA	NA	NA	NA	NA
NC_045512.2	10178	G	C	157	28	27	5	5	26	0.0282486	177	0.0891773	FALSE	NA	NA	NA	NA	NA	NA
NC_045512.2	10178	G	A	157	28	27	7	7	25	0.039548	177	0.0266846	FALSE	NA	NA	NA	NA	NA	NA
NC_045512.2	10179	T	G	164	35	27	3	3	26	0.0165746	181	0.283777	FALSE	NA	NA	NA	NA	NA	NA
NC_045512.2	10179	T	C	164	35	27	6	6	26	0.0331492	181	0.0519048	FALSE	NA	NA	NA	NA	NA	NA
NC_045512.2	10179	T	A	164	35	27	8	8	25	0.0441989	181	0.0154799	FALSE	NA	NA	NA	NA	NA	NA
NC_045512.2	10180	G	T	160	33	27	5	5	26	0.027933	179	0.0906535	FALSE	NA	NA	NA	NA	NA	NA
NC_045512.2	10180	G	C	160	33	27	5	5	26	0.027933	179	0.0906535	FALSE	NA	NA	NA	NA	NA	NA
NC_045512.2	10180	G	A	160	33	27	9	8	25	0.0502793	179	0.00791089	TRUE	NA	NA	NA	NA	NA	NA
NC_045512.2	10181	A	T	165	36	27	10	10	25	0.0552486	181	0.00460788	TRUE	NA	NA	NA	NA	NA	NA
NC_045512.2	10181	A	G	165	36	27	2	2	24	0.0110497	181	0.471834	FALSE	NA	NA	NA	NA	NA	NA
NC_045512.2	10181	A	C	165	36	27	4	4	25	0.0220994	181	0.166625	FALSE	NA	NA	NA	NA	NA	NA
NC_045512.2	10182	T	G	159	31	27	6	6	26	0.0337079	178	0.0500194	FALSE	NA	NA	NA	NA	NA	NA
NC_045512.2	10182	T	C	159	31	27	10	10	26	0.0561798	178	0.00421078	TRUE	NA	NA	NA	NA	NA	NA
NC_045512.2	10182	T	A	159	31	27	3	3	27	0.0168539	178	0.278865	FALSE	NA	NA	NA	NA	NA	NA
NC_045512.2	10183	C	T	182	34	27	9	9	25	0.0436893	206	0.0234807	FALSE	NA	NA	NA	NA	NA	NA
NC_045512.2	10183	C	G	182	34	27	7	7	25	0.0339806	206	0.0691428	FALSE	NA	NA	NA	NA	NA	NA
NC_045512.2	10183	C	A	182	34	27	8	8	24	0.038835	206	0.0405995	FALSE	NA	NA	NA	NA	NA	NA
NC_045512.2	10183	C	+T	182	34	27	1	0	20	0.00485437	206	0.85353	FALSE	NA	NA	NA	NA	NA	NA
NC_045512.2	10184	T	G	185	37	27	5	5	26	0.0243902	205	0.196302	FALSE	NA	NA	NA	NA	NA	NA
NC_045512.2	10184	T	C	185	37	27	3	3	24	0.0146341	205	0.461581	FALSE	NA	NA	NA	NA	NA	NA
NC_045512.2	10184	T	A	185	37	27	12	12	25	0.0585366	205	0.0047579	TRUE	NA	NA	NA	NA	NA	NA
NC_045512.2	10185	G	T	184	36	27	7	7	26	0.0341463	205	0.0723575	FALSE	NA	NA	NA	NA	NA	NA
NC_045512.2	10185	G	C	184	36	27	6	6	27	0.0292683	205	0.120004	FALSE	NA	NA	NA	NA	NA	NA
NC_045512.2	10185	G	A	184	36	27	8	8	26	0.0390244	205	0.0428106	FALSE	NA	NA	NA	NA	NA	NA
NC_045512.2	10186	C	T	181	34	27	11	10	27	0.0539216	204	0.00775735	TRUE	NA	NA	NA	NA	NA	NA
NC_045512.2	10186	C	G	181	34	27	8	8	26	0.0392157	204	0.0412248	FALSE	NA	NA	NA	NA	NA	NA
NC_045512.2	10186	C	A	181	34	27	4	4	25	0.0196078	204	0.299899	FALSE	NA	NA	NA	NA	NA	NA
NC_045512.2	10187	A	T	184	38	27	6	6	27	0.0292683	205	0.120004	FALSE	NA	NA	NA	NA	NA	NA
NC_045512.2	10187	A	G	184	38	27	10	9	26	0.0487805	205	0.0143618	FALSE	NA	NA	NA	NA	NA	NA
NC_045512.2	10187	A	C	184	38	27	5	5	26	0.0243902	205	0.194295	FALSE	NA	NA	NA	NA	NA	NA
NC_045512.2	10188	C	T	176	29	27	7	7	26	0.0351759	199	0.0261193	FALSE	NA	NA	NA	NA	NA	NA
NC_045512.2	10188	C	G	176	29	27	5	5	27	0.0251256	199	0.0879931	FALSE	NA	NA	NA	NA	NA	NA
NC_045512.2	10188	C	A	176	29	27	11	11	26	0.0552764	199	0.00207309	TRUE	NA	NA	NA	NA	NA	NA
NC_045512.2	10189	C	T	171	32	24	9	9	26	0.0459184	196	0.00704664	TRUE	NA	NA	NA	NA	NA	NA
NC_045512.2	10189	C	G	171	32	24	9	9	26	0.0459184	196	0.00704664	TRUE	NA	NA	NA	NA	NA	NA
NC_045512.2	10189	C	A	171	32	24	7	7	26	0.0357143	196	0.0250332	FALSE	NA	NA	NA	NA	NA	NA
NC_045512.2	10190	T	G	186	39	27	5	5	26	0.0245098	204	0.200193	FALSE	NA	NA	NA	NA	NA	NA
NC_045512.2	10190	T	C	186	39	27	7	7	28	0.0343137	204	0.0756648	FALSE	NA	NA	NA	NA	NA	NA
NC_045512.2	10190	T	A	186	39	27	6	6	25	0.0294118	204	0.124559	FALSE	NA	NA	NA	NA	NA	NA
NC_045512.2	10191	C	T	183	36	27	11	11	27	0.0541872	203	0.00837097	TRUE	NA	NA	NA	NA	NA	NA
NC_045512.2	10191	C	G	183	36	27	4	4	26	0.0197044	203	0.306939	FALSE	NA	NA	NA	NA	NA	NA
NC_045512.2	10191	C	A	183	36	27	5	5	27	0.0246305	203	0.196002	FALSE	NA	NA	NA	NA	NA	NA
NC_045512.2	10192	T	G	187	40	27	7	7	28	0.0343137	204	0.0768088	FALSE	NA	NA	NA	NA	NA	NA
NC_045512.2	10192	T	C	187	40	27	5	5	27	0.0245098	204	0.202216	FALSE	NA	NA	NA	NA	NA	NA
NC_045512.2	10192	T	A	187	40	27	5	5	25	0.0245098	204	0.202216	FALSE	NA	NA	NA	NA	NA	NA
NC_045512.2	10193	G	T	182	33	27	7	7	26	0.0338164	207	0.0681586	FALSE	NA	NA	NA	NA	NA	NA
NC_045512.2	10193	G	C	182	33	27	9	9	27	0.0434783	207	0.0230344	FALSE	NA	NA	NA	NA	NA	NA
NC_045512.2	10193	G	A	182	33	27	9	9	26	0.0434783	207	0.0230344	FALSE	NA	NA	NA	NA	NA	NA
NC_045512.2	10194	A	T	182	34	27	10	10	26	0.0487805	205	0.0137083	FALSE	NA	NA	NA	NA	NA	NA
NC_045512.2	10194	A	G	182	34	27	4	3	25	0.0195122	205	0.300119	FALSE	NA	NA	NA	NA	NA	NA
NC_045512.2	10194	A	C	182	34	27	9	9	26	0.0439024	205	0.0239364	FALSE	NA	NA	NA	NA	NA	NA
NC_045512.2	10195	A	T	178	34	24	10	10	25	0.049505	202	0.0133101	FALSE	NA	NA	NA	NA	NA	NA
NC_045512.2	10195	A	G	178	34	24	7	7	26	0.0346535	202	0.0687509	FALSE	NA	NA	NA	NA	NA	NA
NC_045512.2	10195	A	C	178	34	24	7	7	25	0.0346535	202	0.0687509	FALSE	NA	NA	NA	NA	NA	NA
NC_045512.2	10196	G	T	183	34	27	7	7	25	0.0339806	206	0.0702346	FALSE	NA	NA	NA	NA	NA	NA
NC_045512.2	10196	G	C	183	34	27	11	11	27	0.0533981	206	0.00778746	TRUE	NA	NA	NA	NA	NA	NA
NC_045512.2	10196	G	A	183	34	27	5	5	25	0.0242718	206	0.190461	FALSE	NA	NA	NA	NA	NA	NA
NC_045512.2	10197	A	T	183	34	27	16	16	26	0.0772947	207	0.000398733	TRUE	NA	NA	NA	NA	NA	NA
NC_045512.2	10197	A	G	183	34	27	3	3	26	0.0144928	207	0.452006	FALSE	NA	NA	NA	NA	NA	NA
NC_045512.2	10197	A	C	183	34	27	5	5	24	0.0241546	207	0.188653	FALSE	NA	NA	NA	NA	NA	NA
NC_045512.2	10198	C	T	10	10	25	185	36	27	0.898058	206	8.18387e-99	TRUE	NA	NA	NA	NA	NA	NA
NC_045512.2	10198	C	G	10	10	25	6	6	25	0.0291262	206	1.3677e-06	TRUE	NA	NA	NA	NA	NA	NA
NC_045512.2	10198	C	A	10	10	25	5	5	26	0.0242718	206	1.42015e-05	TRUE	NA	NA	NA	NA	NA	NA
NC_045512.2	10199	A	T	183	36	27	8	8	26	0.038835	206	0.0413479	FALSE	NA	NA	NA	NA	NA	NA
NC_045512.2	10199	A	G	183	36	27	5	4	27	0.0242718	206	0.190461	FALSE	NA	NA	NA	NA	NA	NA
NC_045512.2	10199	A	C	183	36	27	10	10	26	0.0485437	206	0.0137329	FALSE	NA	NA	NA	NA	NA	NA
NC_045512.2	10200	T	G	186	38	27	6	6	25	0.0291262	206	0.121659	FALSE	NA	NA	NA	NA	NA	NA
NC_045512.2	10200	T	C	186	38	27	6	6	26	0.0291262	206	0.121659	FALSE	NA	NA	NA	NA	NA	NA
NC_045512.2	10200	T	A	186	38	27	8	8	25	0.038835	206	0.0436345	FALSE	NA	NA	NA	NA	NA	NA
NC_045512.2	10201	G	T	178	33	27	8	8	27	0.0394089	203	0.0396542	FALSE	NA	NA	NA	NA	NA	NA
NC_045512.2	10201	G	C	178	33	27	8	8	25	0.0394089	203	0.0396542	FALSE	NA	NA	NA	NA	NA	NA
NC_045512.2	10201	G	A	178	33	27	9	9	25	0.044335	203	0.0228609	FALSE	NA	NA	NA	NA	NA	NA
NC_045512.2	10202	C	T	176	35	27	9	8	25	0.0447761	201	0.0227717	FALSE	NA	NA	NA	NA	NA	NA
NC_045512.2	10202	C	G	176	35	27	9	9	26	0.0447761	201	0.0227717	FALSE	NA	NA	NA	NA	NA	NA
NC_045512.2	10202	C	A	176	35	27	7	7	26	0.0348259	201	0.0675422	FALSE	NA	NA	NA	NA	NA	NA
NC_045512.2	10203	T	G	171	33	26	9	9	26	0.0459184	196	0.00704664	TRUE	NA	NA	NA	NA	NA	NA
NC_045512.2	10203	T	C	171	33	26	6	6	28	0.0306122	196	0.0465478	FALSE	NA	NA	NA	NA	NA	NA
NC_045512.2	10203	T	A	171	33	26	10	10	26	0.0510204	196	0.003704	TRUE	NA	NA	NA	NA	NA	NA
NC_045512.2	10204	T	G	134	30	24	5	5	26	0.0274725	182	0.0574675	FALSE	NA	NA	NA	NA	NA	NA
NC_045512.2	10204	T	C	134	30	24	32	13	26	0.175824	182	1.96049e-10	TRUE	NA	NA	NA	NA	NA	NA
NC_045512.2	10204	T	A	134	30	24	11	11	26	0.0604396	182	0.000793258	TRUE	NA	NA	NA	NA	NA	NA
NC_045512.2	10205	A	T	167	34	26	9	9	27	0.047619	189	0.00730525	TRUE	NA	NA	NA	NA	NA	NA
NC_045512.2	10205	A	G	167	34	26	7	7	26	0.037037	189	0.0257214	FALSE	NA	NA	NA	NA	NA	NA
NC_045512.2	10205	A	C	167	34	26	6	6	26	0.031746	189	0.0476198	FALSE	NA	NA	NA	NA	NA	NA
NC_045512.2	10206	A	T	154	35	24	12	12	26	0.0674157	178	0.00099016	TRUE	NA	NA	NA	NA	NA	NA
NC_045512.2	10206	A	G	154	35	24	9	8	26	0.0505618	178	0.00691031	TRUE	NA	NA	NA	NA	NA	NA
NC_045512.2	10206	A	C	154	35	24	3	3	28	0.0168539	178	0.267736	FALSE	NA	NA	NA	NA	NA	NA
NC_045512.2	10207	C	T	158	29	26	11	11	26	0.0588235	187	0.00165836	TRUE	NA	NA	NA	NA	NA	NA
NC_045512.2	10207	C	G	158	29	26	8	8	25	0.0427807	187	0.0118933	FALSE	NA	NA	NA	NA	NA	NA
NC_045512.2	10207	C	A	158	29	26	10	10	26	0.0534759	187	0.00321244	TRUE	NA	NA	NA	NA	NA	NA
NC_045512.2	10208	C	T	164	35	28	8	8	26	0.0425532	188	0.0133966	FALSE	NA	NA	NA	NA	NA	NA
NC_045512.2	10208	C	G	164	35	28	9	9	27	0.0478723	188	0.00708958	TRUE	NA	NA	NA	NA	NA	NA
NC_045512.2	10208	C	A	164	35	28	7	7	26	0.037234	188	0.0251305	FALSE	NA	NA	NA	NA	NA	NA
NC_045512.2	10209	C	T	142	34	23	10	10	25	0.0598802	167	0.00339139	TRUE	NA	NA	NA	NA	NA	NA
NC_045512.2	10209	C	G	142	34	23	9	9	26	0.0538922	167	0.00649667	TRUE	NA	NA	NA	NA	NA	NA
NC_045512.2	10209	C	A	142	34	23	6	6	25	0.0359281	167	0.0439558	FALSE	NA	NA	NA	NA	NA	NA
NC_045512.2	10210	T	G	166	42	26	7	7	25	0.0378378	185	0.0275552	FALSE	NA	NA	NA	NA	NA	NA
NC_045512.2	10210	T	C	166	42	26	5	4	25	0.027027	185	0.0912509	FALSE	NA	NA	NA	NA	NA	NA
NC_045512.2	10210	T	A	166	42	26	7	7	27	0.0378378	185	0.0275552	FALSE	NA	NA	NA	NA	NA	NA
NC_045512.2	10211	A	T	157	32	26	15	15	26	0.0819672	183	0.000129534	TRUE	NA	NA	NA	NA	NA	NA
NC_045512.2	10211	A	G	157	32	26	5	5	26	0.0273224	183	0.0825593	FALSE	NA	NA	NA	NA	NA	NA
NC_045512.2	10211	A	C	157	32	26	6	6	25	0.0327869	183	0.0446901	FALSE	NA	NA	NA	NA	NA	NA
NC_045512.2	10212	A	T	148	37	24	11	11	26	0.0647059	170	0.00198299	TRUE	NA	NA	NA	NA	NA	NA
NC_045512.2	10212	A	G	148	37	24	5	5	26	0.0294118	170	0.0857448	FALSE	NA	NA	NA	NA	NA	NA
NC_045512.2	10212	A	C	148	37	24	6	6	30	0.0352941	170	0.0111527	FALSE	NA	NA	NA	NA	NA	NA
NC_045512.2	10213	T	G	164	42	26	5	5	27	0.0271739	184	0.0899315	FALSE	NA	NA	NA	NA	NA	NA
NC_045512.2	10213	T	C	164	42	26	4	4	25	0.0217391	184	0.160151	FALSE	NA	NA	NA	NA	NA	NA
NC_045512.2	10213	T	A	164	42	26	11	11	25	0.0597826	184	0.00219464	TRUE	NA	NA	NA	NA	NA	NA
NC_045512.2	10214	T	G	136	36	24	11	11	26	0.0670732	164	0.00155538	TRUE	NA	NA	NA	NA	NA	NA
NC_045512.2	10214	T	C	136	36	24	13	13	25	0.0792683	164	0.000408567	TRUE	NA	NA	NA	NA	NA	NA
NC_045512.2	10214	T	A	136	36	24	4	4	26	0.0243902	164	0.141617	FALSE	NA	NA	NA	NA	NA	NA
NC_045512.2	10215	A	T	160	39	26	10	10	26	0.0540541	185	0.00359497	TRUE	NA	NA	NA	NA	NA	NA
NC_045512.2	10215	A	G	160	39	26	6	6	27	0.0324324	185	0.0456538	FALSE	NA	NA	NA	NA	NA	NA
NC_045512.2	10215	A	C	160	39	26	9	9	27	0.0486486	185	0.0068553	TRUE	NA	NA	NA	NA	NA	NA
NC_045512.2	10216	T	G	155	38	26	6	6	26	0.0331492	181	0.0445058	FALSE	NA	NA	NA	NA	NA	NA
NC_045512.2	10216	T	C	155	38	26	9	9	26	0.0497238	181	0.00659896	TRUE	NA	NA	NA	NA	NA	NA
NC_045512.2	10216	T	A	155	38	26	11	11	27	0.0607735	181	0.00179298	TRUE	NA	NA	NA	NA	NA	NA
NC_045512.2	10217	G	T	152	37	26	12	12	26	0.0670391	179	0.000889298	TRUE	NA	NA	NA	NA	NA	NA
NC_045512.2	10217	G	C	152	37	26	11	11	26	0.0614525	179	0.00172065	TRUE	NA	NA	NA	NA	NA	NA
NC_045512.2	10217	G	A	152	37	26	4	4	24	0.0223464	179	0.147186	FALSE	NA	NA	NA	NA	NA	NA
NC_045512.2	10218	A	T	156	42	26	10	10	27	0.0561798	178	0.00385481	TRUE	NA	NA	NA	NA	NA	NA
NC_045512.2	10218	A	G	156	42	26	2	2	29	0.011236	178	0.457381	FALSE	NA	NA	NA	NA	NA	NA
NC_045512.2	10218	A	C	156	42	26	10	10	26	0.0561798	178	0.00385481	TRUE	NA	NA	NA	NA	NA	NA
NC_045512.2	10219	A	T	135	43	24	8	8	27	0.0512821	156	0.0133611	FALSE	NA	NA	NA	NA	NA	NA
NC_045512.2	10219	A	G	135	43	24	3	3	28	0.0192308	156	0.268871	FALSE	NA	NA	NA	NA	NA	NA
NC_045512.2	10219	A	C	135	43	24	10	10	26	0.0641026	156	0.00374029	TRUE	NA	NA	NA	NA	NA	NA
NC_045512.2	10220	G	T	147	35	26	9	9	24	0.0508475	177	0.00581344	TRUE	NA	NA	NA	NA	NA	NA
NC_045512.2	10220	G	C	147	35	26	8	8	25	0.0451977	177	0.0112303	FALSE	NA	NA	NA	NA	NA	NA
NC_045512.2	10220	G	A	147	35	26	13	13	27	0.0734463	177	0.000401225	TRUE	NA	NA	NA	NA	NA	NA
NC_045512.2	10221	A	T	131	35	26	15	15	26	0.0925926	162	8.975e-05	TRUE	NA	NA	NA	NA	NA	NA
NC_045512.2	10221	A	G	131	35	26	6	6	27	0.037037	162	0.0382931	FALSE	NA	NA	NA	NA	NA	NA
NC_045512.2	10221	A	C	131	35	26	10	10	27	0.0617284	162	0.00268859	TRUE	NA	NA	NA	NA	NA	NA
NC_045512.2	10221	A	-T	131	35	26	1	0	20	0.00617284	162	0.698911	FALSE	NA	NA	NA	NA	NA	NA
NC_045512.2	10222	T	G	128	34	25	7	7	27	0.0451613	155	0.0215016	FALSE	NA	NA	NA	NA	NA	NA
NC_045512.2	10222	T	C	128	34	25	7	7	26	0.0451613	155	0.0215016	FALSE	NA	NA	NA	NA	NA	NA
NC_045512.2	10222	T	A	128	34	25	13	13	25	0.083871	155	0.000406834	TRUE	NA	NA	NA	NA	NA	NA
NC_045512.2	10223	T	G	134	41	27	6	6	27	0.0377358	159	0.0430876	FALSE	NA	NA	NA	NA	NA	NA
NC_045512.2	10223	T	C	134	41	27	5	5	28	0.0314465	159	0.0800288	FALSE	NA	NA	NA	NA	NA	NA
NC_045512.2	10223	T	A	134	41	27	14	14	25	0.0880503	159	0.000235704	TRUE	NA	NA	NA	NA	NA	NA
NC_045512.2	10224	T	G	97	40	23	9	9	27	0.0714286	126	0.00452047	TRUE	NA	NA	NA	NA	NA	NA
NC_045512.2	10224	T	C	97	40	23	6	6	27	0.047619	126	0.0342869	FALSE	NA	NA	NA	NA	NA	NA
NC_045512.2	10224	T	A	97	40	23	14	14	26	0.111111	126	0.000145088	TRUE	NA	NA	NA	NA	NA	NA
NC_045512.2	10225	A	T	134	42	26	8	8	27	0.05	160	0.0117754	FALSE	NA	NA	NA	NA	NA	NA
NC_045512.2	10225	A	G	134	42	26	10	10	25	0.0625	160	0.00318832	TRUE	NA	NA	NA	NA	NA	NA
NC_045512.2	10225	A	C	134	42	26	8	8	26	0.05	160	0.0117754	FALSE	NA	NA	NA	NA	NA	NA
NC_045512.2	10226	C	T	124	34	26	18	18	24	0.109091	165	6.05798e-06	TRUE	NA	NA	NA	NA	NA	NA
NC_045512.2	10226	C	G	124	34	26	8	8	26	0.0484848	165	0.00770016	TRUE	NA	NA	NA	NA	NA	NA
NC_045512.2	10226	C	A	124	34	26	15	15	25	0.0909091	165	5.20066e-05	TRUE	NA	NA	NA	NA	NA	NA
NC_045512.2	10227	T	G	133	48	26	11	11	27	0.06875	160	0.0015859	TRUE	NA	NA	NA	NA	NA	NA
NC_045512.2	10227	T	C	133	48	26	3	2	26	0.01875	160	0.254967	FALSE	NA	NA	NA	NA	NA	NA
NC_045512.2	10227	T	A	133	48	26	13	13	26	0.08125	160	0.000418513	TRUE	NA	NA	NA	NA	NA	NA
NC_045512.2	10228	C	T	118	36	26	10	10	28	0.0632911	158	0.00183256	TRUE	NA	NA	NA	NA	NA	NA
NC_045512.2	10228	C	G	118	36	26	12	12	26	0.0759494	158	0.000438126	TRUE	NA	NA	NA	NA	NA	NA
NC_045512.2	10228	C	A	118	36	26	18	18	26	0.113924	158	5.92503e-06	TRUE	NA	NA	NA	NA	NA	NA
NC_045512.2	10229	A	T	120	42	25	22	22	26	0.144737	152	6.42268e-07	TRUE	NA	NA	NA	NA	NA	NA
NC_045512.2	10229	A	G	120	42	25	7	7	27	0.0460526	152	0.0185582	FALSE	NA	NA	NA	NA	NA	NA
NC_045512.2	10229	A	C	120	42	25	3	3	26	0.0197368	152	0.238417	FALSE	NA	NA	NA	NA	NA	NA
NC_045512.2	10229	A	-T	120	42	25	1	0	20	0.00657895	152	0.692723	FALSE	NA	NA	NA	NA	NA	NA
NC_045512.2	10230	T	G	121	44	25	12	12	25	0.0784314	153	0.000596957	TRUE	NA	NA	NA	NA	NA	NA
NC_045512.2	10230	T	C	121	44	25	8	8	26	0.0522876	153	0.00928641	TRUE	NA	NA	NA	NA	NA	NA
NC_045512.2	10230	T	A	121	44	25	12	12	26	0.0784314	153	0.000596957	TRUE	NA	NA	NA	NA	NA	NA
NC_045512.2	10231	T	G	106	48	24	11	11	27	0.0808824	136	0.00118916	TRUE	NA	NA	NA	NA	NA	NA
NC_045512.2	10231	T	C	106	48	24	10	10	27	0.0735294	136	0.00236094	TRUE	NA	NA	NA	NA	NA	NA
NC_045512.2	10231	T	A	106	48	24	9	9	24	0.0661765	136	0.00467512	TRUE	NA	NA	NA	NA	NA	NA
NC_045512.2	10232	C	T	112	34	26	22	22	25	0.139241	158	1.96381e-07	TRUE	NA	NA	NA	NA	NA	NA
NC_045512.2	10232	C	G	112	34	26	10	10	26	0.0632911	158	0.00140839	TRUE	NA	NA	NA	NA	NA	NA
NC_045512.2	10232	C	A	112	34	26	14	14	26	0.0886076	158	7.22801e-05	TRUE	NA	NA	NA	NA	NA	NA
NC_045512.2	10233	G	T	120	42	27	16	16	27	0.100629	159	2.68486e-05	TRUE	NA	NA	NA	NA	NA	NA
NC_045512.2	10233	G	C	120	42	27	12	12	26	0.0754717	159	0.000465324	TRUE	NA	NA	NA	NA	NA	NA
NC_045512.2	10233	G	A	120	42	27	11	11	25	0.0691824	159	0.000948005	TRUE	NA	NA	NA	NA	NA	NA
NC_045512.2	10234	T	G	120	43	26	17	17	27	0.107595	158	1.39415e-05	TRUE	NA	NA	NA	NA	NA	NA
NC_045512.2	10234	T	C	120	43	26	9	9	26	0.056962	158	0.00402425	TRUE	NA	NA	NA	NA	NA	NA
NC_045512.2	10234	T	A	120	43	26	12	12	25	0.0759494	158	0.000484249	TRUE	NA	NA	NA	NA	NA	NA
NC_045512.2	10235	A	T	121	44	26	21	21	25	0.132075	159	8.40244e-07	TRUE	NA	NA	NA	NA	NA	NA
NC_045512.2	10235	A	G	121	44	26	4	4	25	0.0251572	159	0.120951	FALSE	NA	NA	NA	NA	NA	NA
NC_045512.2	10235	A	C	121	44	26	13	13	26	0.081761	159	0.000240631	TRUE	NA	NA	NA	NA	NA	NA
NC_045512.2	10236	A	T	120	52	24	12	12	26	0.0805369	149	0.00069726	TRUE	NA	NA	NA	NA	NA	NA
NC_045512.2	10236	A	G	120	52	24	6	6	26	0.0402685	149	0.0381951	FALSE	NA	NA	NA	NA	NA	NA
NC_045512.2	10236	A	C	120	52	24	11	11	26	0.0738255	149	0.00137194	TRUE	NA	NA	NA	NA	NA	NA
NC_045512.2	10237	G	T	115	39	27	10	10	25	0.0632911	158	0.0016105	TRUE	NA	NA	NA	NA	NA	NA
NC_045512.2	10237	G	C	115	39	27	15	15	26	0.0949367	158	4.19614e-05	TRUE	NA	NA	NA	NA	NA	NA
NC_045512.2	10237	G	A	115	39	27	18	18	26	0.113924	158	4.71498e-06	TRUE	NA	NA	NA	NA	NA	NA
NC_045512.2	10238	T	G	122	46	26	3	3	28	0.0192308	156	0.235155	FALSE	NA	NA	NA	NA	NA	NA
NC_045512.2	10238	T	C	122	46	26	18	18	26	0.115385	156	8.95043e-06	TRUE	NA	NA	NA	NA	NA	NA
NC_045512.2	10238	T	A	122	46	26	13	13	25	0.0833333	156	0.000288653	TRUE	NA	NA	NA	NA	NA	NA
NC_045512.2	10239	C	T	117	41	27	16	16	24	0.101266	158	2.31989e-05	TRUE	NA	NA	NA	NA	NA	NA
NC_045512.2	10239	C	G	117	41	27	3	3	26	0.0189873	158	0.217919	FALSE	NA	NA	NA	NA	NA	NA
NC_045512.2	10239	C	A	117	41	27	22	22	26	0.139241	158	3.14014e-07	TRUE	NA	NA	NA	NA	NA	NA
NC_045512.2	10240	T	G	119	44	27	10	10	27	0.0641026	156	0.00204279	TRUE	NA	NA	NA	NA	NA	NA
NC_045512.2	10240	T	C	119	44	27	17	17	26	0.108974	156	1.45843e-05	TRUE	NA	NA	NA	NA	NA	NA
NC_045512.2	10240	T	A	119	44	27	10	10	25	0.0641026	156	0.00204279	TRUE	NA	NA	NA	NA	NA	NA
NC_045512.2	10241	A	T	117	44	26	16	16	27	0.103896	154	2.88563e-05	TRUE	NA	NA	NA	NA	NA	NA
NC_045512.2	10241	A	G	117	44	26	13	12	26	0.0844156	154	0.000241402	TRUE	NA	NA	NA	NA	NA	NA
NC_045512.2	10241	A	C	117	44	26	8	8	26	0.0519481	154	0.00814257	TRUE	NA	NA	NA	NA	NA	NA
NC_045512.2	10242	A	T	119	52	25	18	18	26	0.120805	149	1.1098e-05	TRUE	NA	NA	NA	NA	NA	NA
NC_045512.2	10242	A	G	119	52	25	3	3	28	0.0201342	149	0.242345	FALSE	NA	NA	NA	NA	NA	NA
NC_045512.2	10242	A	C	119	52	25	9	9	26	0.0604027	149	0.00508558	TRUE	NA	NA	NA	NA	NA	NA
NC_045512.2	10243	T	G	118	44	27	9	9	25	0.0576923	156	0.00396354	TRUE	NA	NA	NA	NA	NA	NA
NC_045512.2	10243	T	C	118	44	27	13	13	26	0.0833333	156	0.000233368	TRUE	NA	NA	NA	NA	NA	NA
NC_045512.2	10243	T	A	118	44	27	16	16	26	0.102564	156	2.76535e-05	TRUE	NA	NA	NA	NA	NA	NA
NC_045512.2	10244	C	T	109	36	27	18	18	26	0.113924	158	2.91059e-06	TRUE	NA	NA	NA	NA	NA	NA
NC_045512.2	10244	C	G	109	36	27	11	11	27	0.0696203	158	0.000576182	TRUE	NA	NA	NA	NA	NA	NA
NC_045512.2	10244	C	A	109	36	27	20	20	26	0.126582	158	6.49493e-07	TRUE	NA	NA	NA	NA	NA	NA
NC_045512.2	10245	A	T	116	42	27	23	23	26	0.142857	161	1.11008e-07	TRUE	NA	NA	NA	NA	NA	NA
NC_045512.2	10245	A	G	116	42	27	9	9	26	0.0559006	161	0.00315933	TRUE	NA	NA	NA	NA	NA	NA
NC_045512.2	10245	A	C	116	42	27	13	13	26	0.0807453	161	0.00016776	TRUE	NA	NA	NA	NA	NA	NA
NC_045512.2	10246	T	G	119	46	26	11	11	26	0.0696203	158	0.000939318	TRUE	NA	NA	NA	NA	NA	NA
NC_045512.2	10246	T	C	119	46	26	13	13	27	0.0822785	158	0.000225742	TRUE	NA	NA	NA	NA	NA	NA
NC_045512.2	10246	T	A	119	46	26	15	15	27	0.0949367	158	5.41343e-05	TRUE	NA	NA	NA	NA	NA	NA
NC_045512.2	10247	A	T	111	40	26	27	27	27	0.171975	157	5.10309e-09	TRUE	NA	NA	NA	NA	NA	NA
NC_045512.2	10247	A	G	111	40	26	8	8	27	0.0509554	157	0.00607909	TRUE	NA	NA	NA	NA	NA	NA
NC_045512.2	10247	A	C	111	40	26	11	11	27	0.0700637	157	0.000663195	TRUE	NA	NA	NA	NA	NA	NA
NC_045512.2	10248	A	T	79	46	24	21	21	26	0.173554	121	2.461e-07	TRUE	NA	NA	NA	NA	NA	NA
NC_045512.2	10248	A	G	79	46	24	13	13	26	0.107438	121	0.000102376	TRUE	NA	NA	NA	NA	NA	NA
NC_045512.2	10248	A	C	79	46	24	8	8	27	0.0661157	121	0.00466786	TRUE	NA	NA	NA	NA	NA	NA
NC_045512.2	10248	A	-T	79	46	24	1	0	20	0.00826446	121	0.641206	FALSE	NA	NA	NA	NA	NA	NA
NC_045512.2	10249	T	G	83	39	25	14	14	26	0.110236	127	4.36365e-05	TRUE	NA	NA	NA	NA	NA	NA
NC_045512.2	10249	T	C	83	39	25	9	9	26	0.0708661	127	0.0020705	TRUE	NA	NA	NA	NA	NA	NA
NC_045512.2	10249	T	A	83	39	25	21	21	26	0.165354	127	2.11154e-07	TRUE	NA	NA	NA	NA	NA	NA
NC_045512.2	10250	T	G	94	49	27	14	14	26	0.104478	134	7.38812e-05	TRUE	NA	NA	NA	NA	NA	NA
NC_045512.2	10250	T	C	94	49	27	9	9	26	0.0671642	134	0.00293576	TRUE	NA	NA	NA	NA	NA	NA
NC_045512.2	10250	T	A	94	49	27	17	17	26	0.126866	134	8.16162e-06	TRUE	NA	NA	NA	NA	NA	NA
NC_045512.2	10251	T	G	68	47	25	12	12	24	0.111111	108	0.000188673	TRUE	NA	NA	NA	NA	NA	NA
NC_045512.2	10251	T	C	68	47	25	17	17	26	0.157407	108	4.09966e-06	TRUE	NA	NA	NA	NA	NA	NA
NC_045512.2	10251	T	A	68	47	25	11	11	26	0.101852	108	0.00040868	TRUE	NA	NA	NA	NA	NA	NA
NC_045512.2	10252	C	T	78	41	26	17	17	26	0.133858	127	2.75605e-06	TRUE	NA	NA	NA	NA	NA	NA
NC_045512.2	10252	C	G	78	41	26	11	11	26	0.0866142	127	0.000324772	TRUE	NA	NA	NA	NA	NA	NA
NC_045512.2	10252	C	A	78	41	26	21	21	26	0.165354	127	1.21233e-07	TRUE	NA	NA	NA	NA	NA	NA
NC_045512.2	10253	T	G	89	53	25	8	8	26	0.064	125	0.0065853	TRUE	NA	NA	NA	NA	NA	NA
NC_045512.2	10253	T	C	89	53	25	14	14	26	0.112	125	8.56638e-05	TRUE	NA	NA	NA	NA	NA	NA
NC_045512.2	10253	T	A	89	53	25	14	14	26	0.112	125	8.56638e-05	TRUE	NA	NA	NA	NA	NA	NA
NC_045512.2	10254	T	G	75	46	25	5	5	26	0.0434783	115	0.0444067	FALSE	NA	NA	NA	NA	NA	NA
NC_045512.2	10254	T	C	75	46	25	15	15	26	0.130435	115	2.31186e-05	TRUE	NA	NA	NA	NA	NA	NA
NC_045512.2	10254	T	A	75	46	25	20	20	25	0.173913	115	5.49946e-07	TRUE	NA	NA	NA	NA	NA	NA
NC_045512.2	10255	G	T	71	36	25	20	20	26	0.16129	124	1.33968e-07	TRUE	NA	NA	NA	NA	NA	NA
NC_045512.2	10255	G	C	71	36	25	11	11	26	0.0887097	124	0.000217931	TRUE	NA	NA	NA	NA	NA	NA
NC_045512.2	10255	G	A	71	36	25	22	22	26	0.177419	124	2.69698e-08	TRUE	NA	NA	NA	NA	NA	NA
NC_045512.2	10256	G	T	72	38	25	24	24	25	0.193548	124	6.52541e-09	TRUE	NA	NA	NA	NA	NA	NA
NC_045512.2	10256	G	C	72	38	25	14	14	26	0.112903	124	2.00054e-05	TRUE	NA	NA	NA	NA	NA	NA
NC_045512.2	10256	G	A	72	38	25	14	14	26	0.112903	124	2.00054e-05	TRUE	NA	NA	NA	NA	NA	NA
NC_045512.2	10257	T	G	87	52	27	5	5	28	0.0406504	123	0.0540071	FALSE	NA	NA	NA	NA	NA	NA
NC_045512.2	10257	T	C	87	52	27	18	18	26	0.146341	123	4.60481e-06	TRUE	NA	NA	NA	NA	NA	NA
NC_045512.2	10257	T	A	87	52	27	13	13	26	0.105691	123	0.000171021	TRUE	NA	NA	NA	NA	NA	NA
NC_045512.2	10258	A	T	84	49	27	26	26	26	0.208	125	8.4097e-09	TRUE	NA	NA	NA	NA	NA	NA
NC_045512.2	10258	A	G	84	49	27	7	7	25	0.056	125	0.010968	FALSE	NA	NA	NA	NA	NA	NA
NC_045512.2	10258	A	C	84	49	27	8	8	26	0.064	125	0.0052099	TRUE	NA	NA	NA	NA	NA	NA
NC_045512.2	10259	C	T	75	40	27	23	23	26	0.181102	127	1.6592e-08	TRUE	NA	NA	NA	NA	NA	NA
NC_045512.2	10259	C	G	75	40	27	13	13	26	0.102362	127	5.02537e-05	TRUE	NA	NA	NA	NA	NA	NA
NC_045512.2	10259	C	A	75	40	27	16	16	25	0.125984	127	4.38201e-06	TRUE	NA	NA	NA	NA	NA	NA
NC_045512.2	10260	A	T	85	50	26	20	20	26	0.15873	126	6.75666e-07	TRUE	NA	NA	NA	NA	NA	NA
NC_045512.2	10260	A	G	85	50	26	7	7	26	0.0555556	126	0.0111022	FALSE	NA	NA	NA	NA	NA	NA
NC_045512.2	10260	A	C	85	50	26	14	14	26	0.111111	126	5.84591e-05	TRUE	NA	NA	NA	NA	NA	NA
NC_045512.2	10261	G	T	73	40	25	22	22	25	0.176	125	3.30776e-08	TRUE	NA	NA	NA	NA	NA	NA
NC_045512.2	10261	G	C	73	40	25	16	16	26	0.128	125	4.05811e-06	TRUE	NA	NA	NA	NA	NA	NA
NC_045512.2	10261	G	A	73	40	25	14	14	26	0.112	125	2.07369e-05	TRUE	NA	NA	NA	NA	NA	NA
NC_045512.2	10262	G	T	70	42	25	26	26	26	0.216667	120	1.57935e-09	TRUE	NA	NA	NA	NA	NA	NA
NC_045512.2	10262	G	C	70	42	25	7	7	27	0.0583333	120	0.00657298	TRUE	NA	NA	NA	NA	NA	NA
NC_045512.2	10262	G	A	70	42	25	17	17	26	0.141667	120	1.87366e-06	TRUE	NA	NA	NA	NA	NA	NA
NC_045512.2	10263	C	T	77	43	27	28	28	27	0.222222	126	5.63388e-10	TRUE	NA	NA	NA	NA	NA	NA
NC_045512.2	10263	C	G	77	43	27	14	14	26	0.111111	126	2.87567e-05	TRUE	NA	NA	NA	NA	NA	NA
NC_045512.2	10263	C	A	77	43	27	7	7	27	0.0555556	126	0.00773402	TRUE	NA	NA	NA	NA	NA	NA
NC_045512.2	10264	T	G	84	51	26	14	14	27	0.112	125	5.72031e-05	TRUE	NA	NA	NA	NA	NA	NA
NC_045512.2	10264	T	C	84	51	26	7	7	27	0.056	125	0.010968	FALSE	NA	NA	NA	NA	NA	NA
NC_045512.2	10264	T	A	84	51	26	20	20	26	0.16	125	6.57318e-07	TRUE	NA	NA	NA	NA	NA	NA
NC_045512.2	10265	G	T	71	39	25	24	24	26	0.196721	122	6.93863e-09	TRUE	NA	NA	NA	NA	NA	NA
NC_045512.2	10265	G	C	71	39	25	9	9	28	0.0737705	122	0.00125734	TRUE	NA	NA	NA	NA	NA	NA
NC_045512.2	10265	G	A	71	39	25	18	18	26	0.147541	122	8.03746e-07	TRUE	NA	NA	NA	NA	NA	NA
NC_045512.2	10266	G	T	74	50	26	19	19	26	0.162393	117	8.46437e-07	TRUE	NA	NA	NA	NA	NA	NA
NC_045512.2	10266	G	C	74	50	26	10	10	27	0.0854701	117	0.000873806	TRUE	NA	NA	NA	NA	NA	NA
NC_045512.2	10266	G	A	74	50	26	14	14	25	0.119658	117	3.90809e-05	TRUE	NA	NA	NA	NA	NA	NA
NC_045512.2	10267	T	G	81	51	27	11	11	25	0.088	125	0.000445503	TRUE	NA	NA	NA	NA	NA	NA
NC_045512.2	10267	T	C	81	51	27	10	10	26	0.08	125	0.000963301	TRUE	NA	NA	NA	NA	NA	NA
NC_045512.2	10267	T	A	81	51	27	23	23	26	0.184	125	4.88902e-08	TRUE	NA	NA	NA	NA	NA	NA
NC_045512.2	10268	A	T	71	41	25	14	14	25	0.115702	121	2.20692e-05	TRUE	NA	NA	NA	NA	NA	NA
NC_045512.2	10268	A	G	71	41	25	20	20	25	0.165289	121	1.78569e-07	TRUE	NA	NA	NA	NA	NA	NA
NC_045512.2	10268	A	C	71	41	25	16	16	26	0.132231	121	4.369e-06	TRUE	NA	NA	NA	NA	NA	NA
NC_045512.2	10269	A	T	62	37	25	19	19	26	0.159664	119	1.26279e-07	TRUE	NA	NA	NA	NA	NA	NA
NC_045512.2	10269	A	G	62	37	25	27	27	26	0.226891	119	1.70003e-10	TRUE	NA	NA	NA	NA	NA	NA
NC_045512.2	10269	A	C	62	37	25	11	11	27	0.092437	119	0.000126728	TRUE	NA	NA	NA	NA	NA	NA
NC_045512.2	10270	T	G	84	54	26	8	8	26	0.0645161	124	0.00539565	TRUE	NA	NA	NA	NA	NA	NA
NC_045512.2	10270	T	C	84	54	26	18	18	26	0.145161	124	3.12298e-06	TRUE	NA	NA	NA	NA	NA	NA
NC_045512.2	10270	T	A	84	54	26	14	14	25	0.112903	124	6.08749e-05	TRUE	NA	NA	NA	NA	NA	NA
NC_045512.2	10271	G	T	65	35	26	27	27	25	0.221311	122	2.12918e-10	TRUE	NA	NA	NA	NA	NA	NA
NC_045512.2	10271	G	C	65	35	26	12	12	27	0.0983607	122	5.99869e-05	TRUE	NA	NA	NA	NA	NA	NA
NC_045512.2	10271	G	A	65	35	26	18	18	25	0.147541	122	3.51578e-07	TRUE	NA	NA	NA	NA	NA	NA
NC_045512.2	10272	T	G	70	41	25	16	16	26	0.140351	114	6.75819e-06	TRUE	NA	NA	NA	NA	NA	NA
NC_045512.2	10272	T	C	70	41	25	16	15	25	0.140351	114	6.75819e-06	TRUE	NA	NA	NA	NA	NA	NA
NC_045512.2	10272	T	A	70	41	25	12	12	25	0.105263	114	0.000155942	TRUE	NA	NA	NA	NA	NA	NA
NC_045512.2	10273	T	G	74	50	25	15	15	25	0.130435	115	2.08941e-05	TRUE	NA	NA	NA	NA	NA	NA
NC_045512.2	10273	T	C	74	50	25	9	9	25	0.0782609	115	0.00207467	TRUE	NA	NA	NA	NA	NA	NA
NC_045512.2	10273	T	A	74	50	25	17	17	26	0.147826	115	4.58343e-06	TRUE	NA	NA	NA	NA	NA	NA
NC_045512.2	10274	C	T	70	42	27	25	25	26	0.204918	122	2.67925e-09	TRUE	NA	NA	NA	NA	NA	NA
NC_045512.2	10274	C	G	70	42	27	12	12	25	0.0983607	122	9.70995e-05	TRUE	NA	NA	NA	NA	NA	NA
NC_045512.2	10274	C	A	70	42	27	15	15	25	0.122951	122	8.15521e-06	TRUE	NA	NA	NA	NA	NA	NA
NC_045512.2	10275	A	T	66	38	25	30	30	26	0.247934	121	2.83761e-11	TRUE	NA	NA	NA	NA	NA	NA
NC_045512.2	10275	A	G	66	38	25	14	14	25	0.115702	121	1.28244e-05	TRUE	NA	NA	NA	NA	NA	NA
NC_045512.2	10275	A	C	66	38	25	11	11	26	0.0909091	121	0.000165458	TRUE	NA	NA	NA	NA	NA	NA
NC_045512.2	10276	A	T	68	49	25	15	15	25	0.12931	116	1.01377e-05	TRUE	NA	NA	NA	NA	NA	NA
NC_045512.2	10276	A	G	68	49	25	16	16	26	0.137931	116	4.53717e-06	TRUE	NA	NA	NA	NA	NA	NA
NC_045512.2	10276	A	C	68	49	25	17	17	27	0.146552	116	2.03791e-06	TRUE	NA	NA	NA	NA	NA	NA
NC_045512.2	10277	C	T	71	44	26	27	27	26	0.212598	127	3.62071e-10	TRUE	NA	NA	NA	NA	NA	NA
NC_045512.2	10277	C	G	71	44	26	7	7	27	0.0551181	127	0.00550403	TRUE	NA	NA	NA	NA	NA	NA
NC_045512.2	10277	C	A	71	44	26	22	22	26	0.173228	127	1.97616e-08	TRUE	NA	NA	NA	NA	NA	NA
NC_045512.2	10278	T	G	85	58	26	13	13	26	0.101562	128	0.000110533	TRUE	NA	NA	NA	NA	NA	NA
NC_045512.2	10278	T	C	85	58	26	14	14	26	0.109375	128	5.17202e-05	TRUE	NA	NA	NA	NA	NA	NA
NC_045512.2	10278	T	A	85	58	26	16	16	25	0.125	128	1.13813e-05	TRUE	NA	NA	NA	NA	NA	NA
NC_045512.2	10279	C	T	69	42	27	25	25	25	0.192308	130	8.71157e-10	TRUE	NA	NA	NA	NA	NA	NA
NC_045512.2	10279	C	G	69	42	27	20	20	26	0.153846	130	5.65791e-08	TRUE	NA	NA	NA	NA	NA	NA
NC_045512.2	10279	C	A	69	42	27	16	16	25	0.123077	130	1.72717e-06	TRUE	NA	NA	NA	NA	NA	NA
NC_045512.2	10280	A	T	77	51	26	30	30	26	0.230769	130	7.44517e-11	TRUE	NA	NA	NA	NA	NA	NA
NC_045512.2	10280	A	G	77	51	26	12	12	28	0.0923077	130	0.000114372	TRUE	NA	NA	NA	NA	NA	NA
NC_045512.2	10280	A	C	77	51	26	11	11	26	0.0846154	130	0.000259544	TRUE	NA	NA	NA	NA	NA	NA
NC_045512.2	10281	G	T	62	36	25	23	23	26	0.18254	126	1.98611e-09	TRUE	NA	NA	NA	NA	NA	NA
NC_045512.2	10281	G	C	62	36	25	16	16	25	0.126984	126	9.28338e-07	TRUE	NA	NA	NA	NA	NA	NA
NC_045512.2	10281	G	A	62	36	25	25	25	26	0.198413	126	3.59326e-10	TRUE	NA	NA	NA	NA	NA	NA
NC_045512.2	10282	G	T	70	46	27	21	21	26	0.168	125	4.66411e-08	TRUE	NA	NA	NA	NA	NA	NA
NC_045512.2	10282	G	C	70	46	27	18	18	26	0.144	125	5.43713e-07	TRUE	NA	NA	NA	NA	NA	NA
NC_045512.2	10282	G	A	70	46	27	16	16	27	0.128	125	2.85202e-06	TRUE	NA	NA	NA	NA	NA	NA
NC_045512.2	10283	G	T	58	40	25	22	22	27	0.186441	118	5.37393e-09	TRUE	NA	NA	NA	NA	NA	NA
NC_045512.2	10283	G	C	58	40	25	13	13	25	0.110169	118	1.46267e-05	TRUE	NA	NA	NA	NA	NA	NA
NC_045512.2	10283	G	A	58	40	25	25	25	26	0.211864	118	4.23944e-10	TRUE	NA	NA	NA	NA	NA	NA
NC_045512.2	10284	T	G	66	44	25	11	11	25	0.0916667	120	0.000174787	TRUE	NA	NA	NA	NA	NA	NA
NC_045512.2	10284	T	C	66	44	25	23	23	26	0.191667	120	8.18979e-09	TRUE	NA	NA	NA	NA	NA	NA
NC_045512.2	10284	T	A	66	44	25	20	20	26	0.166667	120	9.35812e-08	TRUE	NA	NA	NA	NA	NA	NA
NC_045512.2	10285	T	G	70	52	25	19	19	27	0.155738	122	3.13903e-07	TRUE	NA	NA	NA	NA	NA	NA
NC_045512.2	10285	T	C	70	52	25	15	15	26	0.122951	122	8.15521e-06	TRUE	NA	NA	NA	NA	NA	NA
NC_045512.2	10285	T	A	70	52	25	18	18	26	0.147541	122	7.04677e-07	TRUE	NA	NA	NA	NA	NA	NA
NC_045512.2	10286	A	T	66	45	26	31	31	26	0.25	124	8.34738e-12	TRUE	NA	NA	NA	NA	NA	NA
NC_045512.2	10286	A	G	66	45	26	14	14	26	0.112903	124	1.04197e-05	TRUE	NA	NA	NA	NA	NA	NA
NC_045512.2	10286	A	C	66	45	26	13	13	27	0.104839	124	2.47383e-05	TRUE	NA	NA	NA	NA	NA	NA
NC_045512.2	10287	T	G	71	50	25	19	19	27	0.153226	124	3.00446e-07	TRUE	NA	NA	NA	NA	NA	NA
NC_045512.2	10287	T	C	71	50	25	17	17	26	0.137097	124	1.52912e-06	TRUE	NA	NA	NA	NA	NA	NA
NC_045512.2	10287	T	A	71	50	25	17	17	26	0.137097	124	1.52912e-06	TRUE	NA	NA	NA	NA	NA	NA
NC_045512.2	10288	T	G	72	52	26	12	12	25	0.0967742	124	0.000103704	TRUE	NA	NA	NA	NA	NA	NA
NC_045512.2	10288	T	C	72	52	26	13	13	27	0.104839	124	4.54984e-05	TRUE	NA	NA	NA	NA	NA	NA
NC_045512.2	10288	T	A	72	52	26	27	27	26	0.217742	124	6.35661e-10	TRUE	NA	NA	NA	NA	NA	NA
NC_045512.2	10289	G	T	67	46	25	22	22	27	0.177419	124	1.41084e-08	TRUE	NA	NA	NA	NA	NA	NA
NC_045512.2	10289	G	C	67	46	25	10	10	25	0.0806452	124	0.000365177	TRUE	NA	NA	NA	NA	NA	NA
NC_045512.2	10289	G	A	67	46	25	25	25	27	0.201613	124	1.22293e-09	TRUE	NA	NA	NA	NA	NA	NA
NC_045512.2	10290	G	T	72	52	26	24	24	26	0.195122	123	7.3078e-09	TRUE	NA	NA	NA	NA	NA	NA
NC_045512.2	10290	G	C	72	52	26	10	10	26	0.0813008	123	0.000567152	TRUE	NA	NA	NA	NA	NA	NA
NC_045512.2	10290	G	A	72	52	26	17	17	25	0.138211	123	1.8761e-06	TRUE	NA	NA	NA	NA	NA	NA
NC_045512.2	10291	A	T	67	46	26	31	31	27	0.254098	122	1.40629e-11	TRUE	NA	NA	NA	NA	NA	NA
NC_045512.2	10291	A	G	67	46	26	10	10	27	0.0819672	122	0.000402703	TRUE	NA	NA	NA	NA	NA	NA
NC_045512.2	10291	A	C	67	46	26	14	14	25	0.114754	122	1.33957e-05	TRUE	NA	NA	NA	NA	NA	NA
NC_045512.2	10292	C	T	66	45	26	25	25	26	0.198413	126	7.95648e-10	TRUE	NA	NA	NA	NA	NA	NA
NC_045512.2	10292	C	G	66	45	26	14	14	26	0.111111	126	9.08767e-06	TRUE	NA	NA	NA	NA	NA	NA
NC_045512.2	10292	C	A	66	45	26	21	21	27	0.166667	126	2.22981e-08	TRUE	NA	NA	NA	NA	NA	NA
NC_045512.2	10293	A	T	71	51	26	25	25	26	0.2	125	2.23602e-09	TRUE	NA	NA	NA	NA	NA	NA
NC_045512.2	10293	A	G	71	51	26	18	17	26	0.144	125	6.21016e-07	TRUE	NA	NA	NA	NA	NA	NA
NC_045512.2	10293	A	C	71	51	26	11	11	25	0.088	125	0.000206828	TRUE	NA	NA	NA	NA	NA	NA
NC_045512.2	10294	T	G	81	60	25	16	16	26	0.129032	124	1.02577e-05	TRUE	NA	NA	NA	NA	NA	NA
NC_045512.2	10294	T	C	81	60	25	12	12	26	0.0967742	124	0.000217465	TRUE	NA	NA	NA	NA	NA	NA
NC_045512.2	10294	T	A	81	60	25	15	15	25	0.120968	124	2.19475e-05	TRUE	NA	NA	NA	NA	NA	NA
NC_045512.2	10295	T	G	67	51	26	17	17	27	0.141667	120	1.27309e-06	TRUE	NA	NA	NA	NA	NA	NA
NC_045512.2	10295	T	C	67	51	26	22	22	27	0.183333	120	2.17004e-08	TRUE	NA	NA	NA	NA	NA	NA
NC_045512.2	10295	T	A	67	51	26	14	14	26	0.116667	120	1.53879e-05	TRUE	NA	NA	NA	NA	NA	NA
NC_045512.2	10296	C	T	63	42	27	30	30	25	0.24	125	8.03865e-12	TRUE	NA	NA	NA	NA	NA	NA
NC_045512.2	10296	C	G	63	42	27	15	15	25	0.12	125	2.79982e-06	TRUE	NA	NA	NA	NA	NA	NA
NC_045512.2	10296	C	A	63	42	27	17	17	26	0.136	125	4.79056e-07	TRUE	NA	NA	NA	NA	NA	NA
NC_045512.2	10297	T	G	81	60	26	20	20	26	0.16	125	4.59694e-07	TRUE	NA	NA	NA	NA	NA	NA
NC_045512.2	10297	T	C	81	60	26	11	11	24	0.088	125	0.000445503	TRUE	NA	NA	NA	NA	NA	NA
NC_045512.2	10297	T	A	81	60	26	13	13	26	0.104	125	9.53405e-05	TRUE	NA	NA	NA	NA	NA	NA
NC_045512.2	10298	A	T	70	50	27	22	22	26	0.177419	124	2.30356e-08	TRUE	NA	NA	NA	NA	NA	NA
NC_045512.2	10298	A	G	70	50	27	13	13	26	0.104839	124	3.74178e-05	TRUE	NA	NA	NA	NA	NA	NA
NC_045512.2	10298	A	C	70	50	27	19	19	26	0.153226	124	2.61476e-07	TRUE	NA	NA	NA	NA	NA	NA
NC_045512.2	10299	T	G	77	58	26	7	7	26	0.0564516	124	0.00823926	TRUE	NA	NA	NA	NA	NA	NA
NC_045512.2	10299	T	C	77	58	26	14	14	26	0.112903	124	3.27099e-05	TRUE	NA	NA	NA	NA	NA	NA
NC_045512.2	10299	T	A	77	58	26	26	26	25	0.209677	124	3.21122e-09	TRUE	NA	NA	NA	NA	NA	NA
NC_045512.2	10300	G	T	65	46	26	14	14	25	0.113821	123	9.94276e-06	TRUE	NA	NA	NA	NA	NA	NA
NC_045512.2	10300	G	C	65	46	26	19	19	25	0.154472	123	1.37833e-07	TRUE	NA	NA	NA	NA	NA	NA
NC_045512.2	10300	G	A	65	46	26	25	25	26	0.203252	123	9.44544e-10	TRUE	NA	NA	NA	NA	NA	NA
NC_045512.2	10301	C	T	64	45	25	23	23	26	0.193277	119	6.43482e-09	TRUE	NA	NA	NA	NA	NA	NA
NC_045512.2	10301	C	G	64	45	25	10	10	26	0.0840336	119	0.000363694	TRUE	NA	NA	NA	NA	NA	NA
NC_045512.2	10301	C	A	64	45	25	22	22	25	0.184874	119	1.45447e-08	TRUE	NA	NA	NA	NA	NA	NA
NC_045512.2	10302	A	T	48	33	25	24	24	26	0.23301	103	7.59673e-10	TRUE	NA	NA	NA	NA	NA	NA
NC_045512.2	10302	A	G	48	33	25	17	17	26	0.165049	103	3.17079e-07	TRUE	NA	NA	NA	NA	NA	NA
NC_045512.2	10302	A	C	48	33	25	14	14	26	0.135922	103	4.6352e-06	TRUE	NA	NA	NA	NA	NA	NA
NC_045512.2	10303	A	T	60	46	27	18	18	27	0.153846	117	2.60657e-07	TRUE	NA	NA	NA	NA	NA	NA
NC_045512.2	10303	A	G	60	46	27	16	15	26	0.136752	117	1.45844e-06	TRUE	NA	NA	NA	NA	NA	NA
NC_045512.2	10303	A	C	60	46	27	23	23	27	0.196581	117	3.84539e-09	TRUE	NA	NA	NA	NA	NA	NA
NC_045512.2	10304	A	T	68	56	27	30	30	26	0.254237	118	6.74656e-11	TRUE	NA	NA	NA	NA	NA	NA
NC_045512.2	10304	A	G	68	56	27	6	6	26	0.0508475	118	0.0142588	FALSE	NA	NA	NA	NA	NA	NA
NC_045512.2	10304	A	C	68	56	27	14	14	26	0.118644	118	1.97464e-05	TRUE	NA	NA	NA	NA	NA	NA
NC_045512.2	10305	A	T	55	50	26	21	21	26	0.194444	108	2.24229e-08	TRUE	NA	NA	NA	NA	NA	NA
NC_045512.2	10305	A	G	55	50	26	14	14	26	0.12963	108	8.58151e-06	TRUE	NA	NA	NA	NA	NA	NA
NC_045512.2	10305	A	C	55	50	26	18	18	26	0.166667	108	2.77766e-07	TRUE	NA	NA	NA	NA	NA	NA
NC_045512.2	10306	T	G	64	53	25	11	11	27	0.0982143	112	0.000228722	TRUE	NA	NA	NA	NA	NA	NA
NC_045512.2	10306	T	C	64	53	25	11	11	26	0.0982143	112	0.000228722	TRUE	NA	NA	NA	NA	NA	NA
NC_045512.2	10306	T	A	64	53	25	26	26	25	0.232143	112	1.45278e-09	TRUE	NA	NA	NA	NA	NA	NA
NC_045512.2	10307	T	G	73	65	26	11	11	26	0.0982143	112	0.000486739	TRUE	NA	NA	NA	NA	NA	NA
NC_045512.2	10307	T	C	73	65	26	8	8	27	0.0714286	112	0.00474282	TRUE	NA	NA	NA	NA	NA	NA
NC_045512.2	10307	T	A	73	65	26	20	20	26	0.178571	112	5.68164e-07	TRUE	NA	NA	NA	NA	NA	NA
NC_045512.2	10308	G	T	56	45	27	22	22	26	0.188034	117	4.05083e-09	TRUE	NA	NA	NA	NA	NA	NA
NC_045512.2	10308	G	C	56	45	27	15	15	25	0.128205	117	1.97945e-06	TRUE	NA	NA	NA	NA	NA	NA
NC_045512.2	10308	G	A	56	45	27	24	24	26	0.205128	117	7.26888e-10	TRUE	NA	NA	NA	NA	NA	NA
NC_045512.2	10309	T	G	66	55	27	9	9	26	0.0789474	114	0.00126078	TRUE	NA	NA	NA	NA	NA	NA
NC_045512.2	10309	T	C	66	55	27	14	14	26	0.122807	114	2.10706e-05	TRUE	NA	NA	NA	NA	NA	NA
NC_045512.2	10309	T	A	66	55	27	25	25	27	0.219298	114	3.50822e-09	TRUE	NA	NA	NA	NA	NA	NA
NC_045512.2	10309	T	-G	66	55	27	1	0	20	0.00877193	114	0.6072	FALSE	NA	NA	NA	NA	NA	NA
NC_045512.2	10310	G	T	57	46	27	29	29	26	0.252174	115	1.6413e-11	TRUE	NA	NA	NA	NA	NA	NA
NC_045512.2	10310	G	C	57	46	27	8	8	26	0.0695652	115	0.00137283	TRUE	NA	NA	NA	NA	NA	NA
NC_045512.2	10310	G	A	57	46	27	21	21	26	0.182609	115	1.30936e-08	TRUE	NA	NA	NA	NA	NA	NA
NC_045512.2	10311	T	G	58	47	27	13	13	26	0.112069	116	1.68004e-05	TRUE	NA	NA	NA	NA	NA	NA
NC_045512.2	10311	T	C	58	47	27	18	18	27	0.155172	116	2.07714e-07	TRUE	NA	NA	NA	NA	NA	NA
NC_045512.2	10311	T	A	58	47	27	27	27	26	0.232759	116	1.06331e-10	TRUE	NA	NA	NA	NA	NA	NA
NC_045512.2	10312	A	T	65	54	27	27	27	26	0.234783	115	5.46909e-10	TRUE	NA	NA	NA	NA	NA	NA
NC_045512.2	10312	A	G	65	54	27	11	11	25	0.0956522	115	0.000211007	TRUE	NA	NA	NA	NA	NA	NA
NC_045512.2	10312	A	C	65	54	27	12	12	26	0.104348	115	9.1833e-05	TRUE	NA	NA	NA	NA	NA	NA
NC_045512.2	10313	C	T	50	39	27	28	28	26	0.243478	115	7.05534e-12	TRUE	NA	NA	NA	NA	NA	NA
NC_045512.2	10313	C	G	50	39	27	21	21	27	0.182609	115	3.47786e-09	TRUE	NA	NA	NA	NA	NA	NA
NC_045512.2	10313	C	A	50	39	27	16	16	27	0.13913	115	3.55001e-07	TRUE	NA	NA	NA	NA	NA	NA
NC_045512.2	10314	T	G	63	53	25	18	18	27	0.160714	112	6.60638e-07	TRUE	NA	NA	NA	NA	NA	NA
NC_045512.2	10314	T	C	63	53	25	17	17	26	0.151786	112	1.48593e-06	TRUE	NA	NA	NA	NA	NA	NA
NC_045512.2	10314	T	A	63	53	25	14	14	25	0.125	112	1.73341e-05	TRUE	NA	NA	NA	NA	NA	NA
NC_045512.2	10315	T	G	59	51	26	13	13	26	0.116071	112	2.51054e-05	TRUE	NA	NA	NA	NA	NA	NA
NC_045512.2	10315	T	C	59	51	26	13	13	27	0.116071	112	2.51054e-05	TRUE	NA	NA	NA	NA	NA	NA
NC_045512.2	10315	T	A	59	51	26	27	27	26	0.241071	112	2.36004e-10	TRUE	NA	NA	NA	NA	NA	NA
NC_045512.2	10316	A	T	55	46	25	30	30	26	0.275229	109	1.35519e-11	TRUE	NA	NA	NA	NA	NA	NA
NC_045512.2	10316	A	G	55	46	25	11	11	25	0.100917	109	0.000110852	TRUE	NA	NA	NA	NA	NA	NA
NC_045512.2	10316	A	C	55	46	25	13	13	25	0.119266	109	1.90191e-05	TRUE	NA	NA	NA	NA	NA	NA
NC_045512.2	10317	A	T	58	50	26	27	27	26	0.243243	111	2.18174e-10	TRUE	NA	NA	NA	NA	NA	NA
NC_045512.2	10317	A	G	58	50	26	12	12	27	0.108108	111	5.67547e-05	TRUE	NA	NA	NA	NA	NA	NA
NC_045512.2	10317	A	C	58	50	26	14	14	26	0.126126	111	1.01095e-05	TRUE	NA	NA	NA	NA	NA	NA
NC_045512.2	10318	G	T	52	43	27	28	28	25	0.245614	114	1.41723e-11	TRUE	NA	NA	NA	NA	NA	NA
NC_045512.2	10318	G	C	52	43	27	13	13	26	0.114035	114	8.8088e-06	TRUE	NA	NA	NA	NA	NA	NA
NC_045512.2	10318	G	A	52	43	27	21	21	25	0.184211	114	6.02998e-09	TRUE	NA	NA	NA	NA	NA	NA
NC_045512.2	10319	C	T	58	49	27	28	28	26	0.241379	116	4.70907e-11	TRUE	NA	NA	NA	NA	NA	NA
NC_045512.2	10319	C	G	58	49	27	9	9	26	0.0775862	116	0.000604546	TRUE	NA	NA	NA	NA	NA	NA
NC_045512.2	10319	C	A	58	49	27	21	21	27	0.181034	116	1.58181e-08	TRUE	NA	NA	NA	NA	NA	NA
NC_045512.2	10320	T	G	70	61	25	11	11	25	0.0948276	116	0.000307816	TRUE	NA	NA	NA	NA	NA	NA
NC_045512.2	10320	T	C	70	61	25	18	18	27	0.155172	116	1.19702e-06	TRUE	NA	NA	NA	NA	NA	NA
NC_045512.2	10320	T	A	70	61	25	17	17	26	0.146552	116	2.6205e-06	TRUE	NA	NA	NA	NA	NA	NA
NC_045512.2	10321	T	G	58	49	26	16	16	26	0.135593	118	1.0011e-06	TRUE	NA	NA	NA	NA	NA	NA
NC_045512.2	10321	T	C	58	49	26	23	23	27	0.194915	118	2.292e-09	TRUE	NA	NA	NA	NA	NA	NA
NC_045512.2	10321	T	A	58	49	26	21	21	26	0.177966	118	1.26701e-08	TRUE	NA	NA	NA	NA	NA	NA
NC_045512.2	10322	A	T	60	51	24	25	25	26	0.213675	117	7.38703e-10	TRUE	NA	NA	NA	NA	NA	NA
NC_045512.2	10322	A	G	60	51	24	11	11	26	0.0940171	117	0.00011638	TRUE	NA	NA	NA	NA	NA	NA
NC_045512.2	10322	A	C	60	51	24	21	21	26	0.179487	117	2.04461e-08	TRUE	NA	NA	NA	NA	NA	NA
NC_045512.2	10323	A	T	65	57	25	25	25	26	0.219298	114	2.91511e-09	TRUE	NA	NA	NA	NA	NA	NA
NC_045512.2	10323	A	G	65	57	25	12	12	26	0.105263	114	9.77118e-05	TRUE	NA	NA	NA	NA	NA	NA
NC_045512.2	10323	A	C	65	57	25	12	12	26	0.105263	114	9.77118e-05	TRUE	NA	NA	NA	NA	NA	NA
NC_045512.2	10324	G	T	41	33	24	24	24	26	0.218182	110	3.49635e-11	TRUE	NA	NA	NA	NA	NA	NA
NC_045512.2	10324	G	C	41	33	24	16	16	25	0.145455	110	8.79694e-08	TRUE	NA	NA	NA	NA	NA	NA
NC_045512.2	10324	G	A	41	33	24	29	29	25	0.263636	110	3.40232e-13	TRUE	NA	NA	NA	NA	NA	NA
NC_045512.2	10325	G	T	51	43	25	27	27	25	0.226891	119	1.21795e-11	TRUE	NA	NA	NA	NA	NA	NA
NC_045512.2	10325	G	C	51	43	25	15	15	26	0.12605	119	7.7137e-07	TRUE	NA	NA	NA	NA	NA	NA
NC_045512.2	10325	G	A	51	43	25	26	26	26	0.218487	119	2.95285e-11	TRUE	NA	NA	NA	NA	NA	NA
NC_045512.2	10326	T	G	55	47	25	14	14	26	0.135922	103	1.28606e-05	TRUE	NA	NA	NA	NA	NA	NA
NC_045512.2	10326	T	C	55	47	25	19	19	26	0.184466	103	2.06055e-07	TRUE	NA	NA	NA	NA	NA	NA
NC_045512.2	10326	T	A	55	47	25	15	15	25	0.145631	103	5.57077e-06	TRUE	NA	NA	NA	NA	NA	NA
NC_045512.2	10327	T	G	59	52	26	13	13	27	0.114035	114	2.18121e-05	TRUE	NA	NA	NA	NA	NA	NA
NC_045512.2	10327	T	C	59	52	26	17	17	25	0.149123	114	6.93127e-07	TRUE	NA	NA	NA	NA	NA	NA
NC_045512.2	10327	T	A	59	52	26	25	25	25	0.219298	114	8.88147e-10	TRUE	NA	NA	NA	NA	NA	NA
NC_045512.2	10328	G	T	44	36	26	40	40	26	0.344828	116	2.78857e-17	TRUE	NA	NA	NA	NA	NA	NA
NC_045512.2	10328	G	C	44	36	26	9	9	26	0.0775862	116	0.000140871	TRUE	NA	NA	NA	NA	NA	NA
NC_045512.2	10328	G	A	44	36	26	23	23	26	0.198276	116	1.07732e-10	TRUE	NA	NA	NA	NA	NA	NA
NC_045512.2	10329	A	T	59	51	26	24	24	25	0.212389	113	2.2775e-09	TRUE	NA	NA	NA	NA	NA	NA
NC_045512.2	10329	A	G	59	51	26	24	24	26	0.212389	113	2.2775e-09	TRUE	NA	NA	NA	NA	NA	NA
NC_045512.2	10329	A	C	59	51	26	6	6	26	0.0530973	113	0.010387	FALSE	NA	NA	NA	NA	NA	NA
NC_045512.2	10330	T	G	55	47	26	11	11	27	0.125	88	5.75978e-05	TRUE	NA	NA	NA	NA	NA	NA
NC_045512.2	10330	T	C	55	47	26	7	7	26	0.0795455	88	0.00175401	TRUE	NA	NA	NA	NA	NA	NA
NC_045512.2	10330	T	A	55	47	26	15	15	25	0.170455	88	2.168e-06	TRUE	NA	NA	NA	NA	NA	NA
NC_045512.2	10331	A	T	53	46	26	13	13	26	0.147727	88	8.54387e-06	TRUE	NA	NA	NA	NA	NA	NA
NC_045512.2	10331	A	G	53	46	26	14	14	26	0.159091	88	3.71714e-06	TRUE	NA	NA	NA	NA	NA	NA
NC_045512.2	10331	A	C	53	46	26	8	8	26	0.0909091	88	0.00062528	TRUE	NA	NA	NA	NA	NA	NA
NC_045512.2	10332	C	T	45	38	26	16	16	26	0.190476	84	2.94806e-07	TRUE	NA	NA	NA	NA	NA	NA
NC_045512.2	10332	C	G	45	38	26	12	12	26	0.142857	84	9.70469e-06	TRUE	NA	NA	NA	NA	NA	NA
NC_045512.2	10332	C	A	45	38	26	11	11	25	0.130952	84	2.38361e-05	TRUE	NA	NA	NA	NA	NA	NA
NC_045512.2	10333	A	T	24	17	25	11	11	26	0.261905	42	7.28504e-05	TRUE	NA	NA	NA	NA	NA	NA
NC_045512.2	10333	A	G	24	17	25	3	3	27	0.0714286	42	0.0583646	FALSE	NA	NA	NA	NA	NA	NA
NC_045512.2	10333	A	C	24	17	25	4	4	27	0.0952381	42	0.0236842	FALSE	NA	NA	NA	NA	NA	NA
NC_045512.2	10334	G	T	13	6	27	11	11	28	0.282051	39	4.91105e-06	TRUE	NA	NA	NA	NA	NA	NA
NC_045512.2	10334	G	C	13	6	27	3	3	26	0.0769231	39	0.022577	FALSE	NA	NA	NA	NA	NA	NA
NC_045512.2	10334	G	A	13	6	27	12	12	26	0.307692	39	1.94883e-06	TRUE	NA	NA	NA	NA	NA	NA
NC_045512.2	10335	C	T	14	7	26	7	7	25	0.179487	39	0.000340848	TRUE	NA	NA	NA	NA	NA	NA
NC_045512.2	10335	C	G	14	7	26	3	3	27	0.0769231	39	0.0259196	FALSE	NA	NA	NA	NA	NA	NA
NC_045512.2	10335	C	A	14	7	26	15	15	26	0.384615	39	2.243e-07	TRUE	NA	NA	NA	NA	NA	NA
NC_045512.2	10336	C	T	13	6	24	12	12	26	0.307692	39	1.94883e-06	TRUE	NA	NA	NA	NA	NA	NA
NC_045512.2	10336	C	G	13	6	24	5	5	27	0.128205	39	0.00224304	TRUE	NA	NA	NA	NA	NA	NA
NC_045512.2	10336	C	A	13	6	24	9	9	27	0.230769	39	3.36478e-05	TRUE	NA	NA	NA	NA	NA	NA
NC_045512.2	10337	A	T	17	10	25	11	11	26	0.282051	39	1.9993e-05	TRUE	NA	NA	NA	NA	NA	NA
NC_045512.2	10337	A	G	17	10	25	3	3	27	0.0769231	39	0.0369458	FALSE	NA	NA	NA	NA	NA	NA
NC_045512.2	10337	A	C	17	10	25	8	8	27	0.205128	39	0.000279268	TRUE	NA	NA	NA	NA	NA	NA
NC_045512.2	10338	A	T	19	12	25	12	12	26	0.307692	39	1.6009e-05	TRUE	NA	NA	NA	NA	NA	NA
NC_045512.2	10338	A	G	19	12	25	1	1	23	0.025641	39	0.344828	FALSE	NA	NA	NA	NA	NA	NA
NC_045512.2	10338	A	C	19	12	25	7	7	27	0.179487	39	0.00105889	TRUE	NA	NA	NA	NA	NA	NA
NC_045512.2	10339	T	G	22	15	26	7	7	27	0.184211	38	0.00200411	TRUE	NA	NA	NA	NA	NA	NA
NC_045512.2	10339	T	C	22	15	26	4	4	27	0.105263	38	0.025098	FALSE	NA	NA	NA	NA	NA	NA
NC_045512.2	10339	T	A	22	15	26	5	5	27	0.131579	38	0.0105882	FALSE	NA	NA	NA	NA	NA	NA
NC_045512.2	10340	C	T	14	7	25	13	13	27	0.342105	38	1.52687e-06	TRUE	NA	NA	NA	NA	NA	NA
NC_045512.2	10340	C	G	14	7	25	1	1	27	0.0263158	38	0.288462	FALSE	NA	NA	NA	NA	NA	NA
NC_045512.2	10340	C	A	14	7	25	10	10	23	0.263158	38	2.17489e-05	TRUE	NA	NA	NA	NA	NA	NA
NC_045512.2	10341	C	T	13	7	25	3	3	23	0.0810811	37	0.0253394	FALSE	NA	NA	NA	NA	NA	NA
NC_045512.2	10341	C	G	13	7	25	3	3	25	0.0810811	37	0.0253394	FALSE	NA	NA	NA	NA	NA	NA
NC_045512.2	10341	C	A	13	7	25	18	18	25	0.486486	37	2.20241e-08	TRUE	NA	NA	NA	NA	NA	NA
NC_045512.2	10342	T	G	20	13	25	3	3	24	0.0857143	35	0.0605263	FALSE	NA	NA	NA	NA	NA	NA
NC_045512.2	10342	T	C	20	13	25	3	3	26	0.0857143	35	0.0605263	FALSE	NA	NA	NA	NA	NA	NA
NC_045512.2	10342	T	A	20	13	25	9	9	27	0.257143	35	0.000423151	TRUE	NA	NA	NA	NA	NA	NA
NC_045512.2	10343	A	T	19	13	25	9	9	25	0.28125	32	0.000549664	TRUE	NA	NA	NA	NA	NA	NA
NC_045512.2	10343	A	C	19	13	25	4	4	24	0.125	32	0.0279999	FALSE	NA	NA	NA	NA	NA	NA
NC_045512.2	10344	A	T	14	8	25	10	10	27	0.294118	34	4.54173e-05	TRUE	NA	NA	NA	NA	NA	NA
NC_045512.2	10344	A	G	14	8	25	2	2	23	0.0588235	34	0.102041	FALSE	NA	NA	NA	NA	NA	NA
NC_045512.2	10344	A	C	14	8	25	8	8	26	0.235294	34	0.00026263	TRUE	NA	NA	NA	NA	NA	NA
NC_045512.2	10345	G	T	12	6	27	10	10	25	0.294118	34	2.21086e-05	TRUE	NA	NA	NA	NA	NA	NA
NC_045512.2	10345	G	C	12	6	27	7	7	26	0.205882	34	0.000376635	TRUE	NA	NA	NA	NA	NA	NA
NC_045512.2	10345	G	A	12	6	27	5	5	26	0.147059	34	0.00292058	TRUE	NA	NA	NA	NA	NA	NA
NC_045512.2	10346	A	T	12	6	26	14	14	25	0.424242	33	9.5216e-07	TRUE	NA	NA	NA	NA	NA	NA
NC_045512.2	10346	A	G	12	6	26	1	1	28	0.030303	33	0.288889	FALSE	NA	NA	NA	NA	NA	NA
NC_045512.2	10346	A	C	12	6	26	6	6	26	0.181818	33	0.00116823	TRUE	NA	NA	NA	NA	NA	NA
NC_045512.2	10347	C	T	13	7	26	11	11	26	0.333333	33	1.67636e-05	TRUE	NA	NA	NA	NA	NA	NA
NC_045512.2	10347	C	G	13	7	26	2	2	27	0.0606061	33	0.0971323	FALSE	NA	NA	NA	NA	NA	NA
NC_045512.2	10347	C	A	13	7	26	7	7	23	0.212121	33	0.000579439	TRUE	NA	NA	NA	NA	NA	NA
NC_045512.2	10348	A	T	16	10	26	10	10	26	0.294118	34	8.45436e-05	TRUE	NA	NA	NA	NA	NA	NA
NC_045512.2	10348	A	G	16	10	26	4	4	23	0.117647	34	0.0165457	FALSE	NA	NA	NA	NA	NA	NA
NC_045512.2	10348	A	C	16	10	26	4	4	27	0.117647	34	0.0165457	FALSE	NA	NA	NA	NA	NA	NA
NC_045512.2	10349	C	T	11	5	25	8	8	24	0.242424	33	0.000118697	TRUE	NA	NA	NA	NA	NA	NA
NC_045512.2	10349	C	G	11	5	25	12	12	26	0.363636	33	3.0818e-06	TRUE	NA	NA	NA	NA	NA	NA
NC_045512.2	10349	C	A	11	5	25	2	2	26	0.0606061	33	0.0787879	FALSE	NA	NA	NA	NA	NA	NA
NC_045512.2	10350	C	T	12	7	25	12	12	27	0.375	32	6.1636e-06	TRUE	NA	NA	NA	NA	NA	NA
NC_045512.2	10350	C	G	12	7	25	4	4	28	0.125	32	0.0102038	FALSE	NA	NA	NA	NA	NA	NA
NC_045512.2	10350	C	A	12	7	25	4	4	26	0.125	32	0.0102038	FALSE	NA	NA	NA	NA	NA	NA
NC_045512.2	10351	T	G	21	15	26	3	3	25	0.0882353	34	0.0691729	FALSE	NA	NA	NA	NA	NA	NA
NC_045512.2	10351	T	A	21	15	26	10	10	25	0.294118	34	0.000292805	TRUE	NA	NA	NA	NA	NA	NA
NC_045512.2	10352	A	T	17	11	26	10	10	26	0.294118	34	0.000111896	TRUE	NA	NA	NA	NA	NA	NA
NC_045512.2	10352	A	G	17	11	26	4	4	25	0.117647	34	0.0189248	FALSE	NA	NA	NA	NA	NA	NA
NC_045512.2	10352	A	C	17	11	26	3	3	27	0.0882353	34	0.0486639	FALSE	NA	NA	NA	NA	NA	NA
NC_045512.2	10353	A	T	20	14	24	4	4	27	0.117647	34	0.0269006	FALSE	NA	NA	NA	NA	NA	NA
NC_045512.2	10353	A	G	20	14	24	5	5	25	0.147059	34	0.0115951	FALSE	NA	NA	NA	NA	NA	NA
NC_045512.2	10353	A	C	20	14	24	5	5	26	0.147059	34	0.0115951	FALSE	NA	NA	NA	NA	NA	NA
NC_045512.2	10354	G	T	13	7	26	3	3	27	0.09375	32	0.0345359	FALSE	NA	NA	NA	NA	NA	NA
NC_045512.2	10354	G	C	13	7	26	3	3	29	0.09375	32	0.0345359	FALSE	NA	NA	NA	NA	NA	NA
NC_045512.2	10354	G	A	13	7	26	13	13	26	0.40625	32	4.2481e-06	TRUE	NA	NA	NA	NA	NA	NA
NC_045512.2	10355	T	G	12	6	26	12	12	24	0.352941	34	3.82329e-06	TRUE	NA	NA	NA	NA	NA	NA
NC_045512.2	10355	T	C	12	6	26	4	4	26	0.117647	34	0.00858993	TRUE	NA	NA	NA	NA	NA	NA
NC_045512.2	10355	T	A	12	6	26	6	6	24	0.176471	34	0.00103079	TRUE	NA	NA	NA	NA	NA	NA
NC_045512.2	10356	A	T	15	9	27	3	3	27	0.0909091	33	0.0416327	FALSE	NA	NA	NA	NA	NA	NA
NC_045512.2	10356	A	G	15	9	27	10	10	26	0.30303	33	7.56955e-05	TRUE	NA	NA	NA	NA	NA	NA
NC_045512.2	10356	A	C	15	9	27	5	5	27	0.151515	33	0.00596546	TRUE	NA	NA	NA	NA	NA	NA
NC_045512.2	10357	T	G	16	10	26	2	2	22	0.0606061	33	0.124898	FALSE	NA	NA	NA	NA	NA	NA
NC_045512.2	10357	T	C	16	10	26	7	7	28	0.212121	33	0.0012081	TRUE	NA	NA	NA	NA	NA	NA
NC_045512.2	10357	T	A	16	10	26	8	8	25	0.242424	33	0.000517757	TRUE	NA	NA	NA	NA	NA	NA
NC_045512.2	10358	A	T	14	8	26	12	12	26	0.363636	33	1.08295e-05	TRUE	NA	NA	NA	NA	NA	NA
NC_045512.2	10358	A	G	14	8	26	6	6	24	0.181818	33	0.00190387	TRUE	NA	NA	NA	NA	NA	NA
NC_045512.2	10358	A	C	14	8	26	1	1	24	0.030303	33	0.319149	FALSE	NA	NA	NA	NA	NA	NA
NC_045512.2	10359	A	T	13	7	26	8	8	26	0.235294	34	0.000195576	TRUE	NA	NA	NA	NA	NA	NA
NC_045512.2	10359	A	G	13	7	26	11	11	26	0.323529	34	1.35286e-05	TRUE	NA	NA	NA	NA	NA	NA
NC_045512.2	10359	A	C	13	7	26	2	2	26	0.0588235	34	0.0930851	FALSE	NA	NA	NA	NA	NA	NA
NC_045512.2	10360	G	T	14	9	28	9	9	27	0.272727	33	0.000128521	TRUE	NA	NA	NA	NA	NA	NA
NC_045512.2	10360	G	C	14	9	28	3	3	27	0.0909091	33	0.0369084	FALSE	NA	NA	NA	NA	NA	NA
NC_045512.2	10360	G	A	14	9	28	7	7	26	0.212121	33	0.000754364	TRUE	NA	NA	NA	NA	NA	NA
NC_045512.2	10361	T	G	20	15	26	2	2	25	0.0625	32	0.167634	FALSE	NA	NA	NA	NA	NA	NA
NC_045512.2	10361	T	C	20	15	26	2	2	26	0.0625	32	0.167634	FALSE	NA	NA	NA	NA	NA	NA
NC_045512.2	10361	T	A	20	15	26	8	8	25	0.25	32	0.00140164	TRUE	NA	NA	NA	NA	NA	NA
NC_045512.2	10362	T	G	16	12	28	3	3	26	0.0967742	31	0.0525944	FALSE	NA	NA	NA	NA	NA	NA
NC_045512.2	10362	T	C	16	12	28	4	4	28	0.129032	31	0.0210378	FALSE	NA	NA	NA	NA	NA	NA
NC_045512.2	10362	T	A	16	12	28	8	8	26	0.258065	31	0.000706867	TRUE	NA	NA	NA	NA	NA	NA
NC_045512.2	10363	T	G	14	12	26	3	3	26	0.1	30	0.0447958	FALSE	NA	NA	NA	NA	NA	NA
NC_045512.2	10363	T	C	14	12	26	4	4	26	0.133333	30	0.0171558	FALSE	NA	NA	NA	NA	NA	NA
NC_045512.2	10363	T	A	14	12	26	9	9	26	0.3	30	0.000222118	TRUE	NA	NA	NA	NA	NA	NA
NC_045512.2	10364	G	T	11	7	26	6	6	28	0.2	30	0.00132126	TRUE	NA	NA	NA	NA	NA	NA
NC_045512.2	10364	G	C	11	7	26	4	4	25	0.133333	30	0.0100552	FALSE	NA	NA	NA	NA	NA	NA
NC_045512.2	10364	G	A	11	7	26	9	9	25	0.3	30	8.1754e-05	TRUE	NA	NA	NA	NA	NA	NA
NC_045512.2	10365	T	G	15	11	24	8	8	27	0.266667	30	0.000651547	TRUE	NA	NA	NA	NA	NA	NA
NC_045512.2	10365	T	C	15	11	24	1	1	25	0.0333333	30	0.355556	FALSE	NA	NA	NA	NA	NA	NA
NC_045512.2	10365	T	A	15	11	24	6	6	25	0.2	30	0.00341483	TRUE	NA	NA	NA	NA	NA	NA
NC_045512.2	10366	T	G	20	19	25	3	3	26	0.103448	29	0.085042	FALSE	NA	NA	NA	NA	NA	NA
NC_045512.2	10366	T	C	20	19	25	3	3	22	0.103448	29	0.085042	FALSE	NA	NA	NA	NA	NA	NA
NC_045512.2	10366	T	A	20	19	25	3	3	29	0.103448	29	0.085042	FALSE	NA	NA	NA	NA	NA	NA
NC_045512.2	10367	C	T	16	12	25	12	12	26	0.387097	31	3.4113e-05	TRUE	NA	NA	NA	NA	NA	NA
NC_045512.2	10367	C	G	16	12	25	1	1	29	0.0322581	31	0.361702	FALSE	NA	NA	NA	NA	NA	NA
NC_045512.2	10367	C	A	16	12	25	2	2	26	0.0645161	31	0.135638	FALSE	NA	NA	NA	NA	NA	NA
NC_045512.2	10368	G	T	12	8	25	5	5	25	0.166667	30	0.0045143	TRUE	NA	NA	NA	NA	NA	NA
NC_045512.2	10368	G	C	12	8	25	8	8	27	0.266667	30	0.000279326	TRUE	NA	NA	NA	NA	NA	NA
NC_045512.2	10368	G	A	12	8	25	5	5	22	0.166667	30	0.0045143	TRUE	NA	NA	NA	NA	NA	NA
NC_045512.2	10369	C	T	9	5	26	7	7	24	0.225806	31	0.000213733	TRUE	NA	NA	NA	NA	NA	NA
NC_045512.2	10369	C	G	9	5	26	4	4	28	0.129032	31	0.0057937	TRUE	NA	NA	NA	NA	NA	NA
NC_045512.2	10369	C	A	9	5	26	11	11	25	0.354839	31	4.49647e-06	TRUE	NA	NA	NA	NA	NA	NA
NC_045512.2	10370	A	T	14	10	26	10	10	26	0.333333	30	0.000100582	TRUE	NA	NA	NA	NA	NA	NA
NC_045512.2	10370	A	G	14	10	26	1	1	28	0.0333333	30	0.340909	FALSE	NA	NA	NA	NA	NA	NA
NC_045512.2	10370	A	C	14	10	26	5	5	28	0.166667	30	0.00679085	TRUE	NA	NA	NA	NA	NA	NA
NC_045512.2	10371	T	G	13	9	26	2	2	25	0.0645161	31	0.106061	FALSE	NA	NA	NA	NA	NA	NA
NC_045512.2	10371	T	C	13	9	26	8	8	26	0.258065	31	0.000319569	TRUE	NA	NA	NA	NA	NA	NA
NC_045512.2	10371	T	A	13	9	26	8	8	25	0.258065	31	0.000319569	TRUE	NA	NA	NA	NA	NA	NA
NC_045512.2	10372	T	G	14	10	26	5	5	26	0.16129	31	0.00609791	TRUE	NA	NA	NA	NA	NA	NA
NC_045512.2	10372	T	C	14	10	26	7	7	27	0.225806	31	0.00100436	TRUE	NA	NA	NA	NA	NA	NA
NC_045512.2	10372	T	A	14	10	26	5	5	26	0.16129	31	0.00609791	TRUE	NA	NA	NA	NA	NA	NA
NC_045512.2	10373	C	T	34	10	27	7	7	27	0.134615	52	0.00256627	TRUE	NA	NA	NA	NA	NA	NA
NC_045512.2	10373	C	G	34	10	27	4	4	27	0.0769231	52	0.0302319	FALSE	NA	NA	NA	NA	NA	NA
NC_045512.2	10373	C	A	34	10	27	7	7	27	0.134615	52	0.00256627	TRUE	NA	NA	NA	NA	NA	NA
NC_045512.2	10374	A	T	37	14	27	5	5	26	0.1	50	0.0182922	FALSE	NA	NA	NA	NA	NA	NA
NC_045512.2	10374	A	G	37	14	27	3	3	22	0.06	50	0.0869994	FALSE	NA	NA	NA	NA	NA	NA
NC_045512.2	10374	A	C	37	14	27	5	5	27	0.1	50	0.0182922	FALSE	NA	NA	NA	NA	NA	NA
NC_045512.2	10375	A	T	28	9	25	5	5	28	0.106383	47	0.0105307	FALSE	NA	NA	NA	NA	NA	NA
NC_045512.2	10375	A	G	28	9	25	8	8	27	0.170213	47	0.000849021	TRUE	NA	NA	NA	NA	NA	NA
NC_045512.2	10375	A	C	28	9	25	6	6	27	0.12766	47	0.00447555	TRUE	NA	NA	NA	NA	NA	NA
NC_045512.2	10376	C	T	33	10	27	4	4	27	0.0784314	51	0.0296712	FALSE	NA	NA	NA	NA	NA	NA
NC_045512.2	10376	C	G	33	10	27	9	9	27	0.176471	51	0.000513254	TRUE	NA	NA	NA	NA	NA	NA
NC_045512.2	10376	C	A	33	10	27	5	5	25	0.0980392	51	0.0128126	FALSE	NA	NA	NA	NA	NA	NA
NC_045512.2	10377	C	T	25	6	24	6	6	24	0.12766	47	0.00310544	TRUE	NA	NA	NA	NA	NA	NA
NC_045512.2	10377	C	G	25	6	24	7	7	25	0.148936	47	0.00127403	TRUE	NA	NA	NA	NA	NA	NA
NC_045512.2	10377	C	A	25	6	24	9	9	26	0.191489	47	0.00022618	TRUE	NA	NA	NA	NA	NA	NA
NC_045512.2	10378	A	T	32	9	27	11	11	26	0.22449	49	0.000121542	TRUE	NA	NA	NA	NA	NA	NA
NC_045512.2	10378	A	G	32	9	27	3	3	27	0.0612245	49	0.0712334	FALSE	NA	NA	NA	NA	NA	NA
NC_045512.2	10378	A	C	32	9	27	3	3	25	0.0612245	49	0.0712334	FALSE	NA	NA	NA	NA	NA	NA
NC_045512.2	10379	G	T	30	7	26	11	11	26	0.215686	51	6.67605e-05	TRUE	NA	NA	NA	NA	NA	NA
NC_045512.2	10379	G	C	30	7	26	4	4	27	0.0784314	51	0.0240352	FALSE	NA	NA	NA	NA	NA	NA
NC_045512.2	10379	G	A	30	7	26	6	6	27	0.117647	51	0.00414287	TRUE	NA	NA	NA	NA	NA	NA
NC_045512.2	10380	G	T	29	7	24	7	7	24	0.142857	49	0.00184301	TRUE	NA	NA	NA	NA	NA	NA
NC_045512.2	10380	G	C	29	7	24	6	6	26	0.122449	49	0.00430036	TRUE	NA	NA	NA	NA	NA	NA
NC_045512.2	10380	G	A	29	7	24	7	7	27	0.142857	49	0.00184301	TRUE	NA	NA	NA	NA	NA	NA
NC_045512.2	10381	A	T	34	11	27	11	11	26	0.22	50	0.00014702	TRUE	NA	NA	NA	NA	NA	NA
NC_045512.2	10381	A	G	34	11	27	2	2	23	0.04	50	0.176471	FALSE	NA	NA	NA	NA	NA	NA
NC_045512.2	10381	A	C	34	11	27	3	3	27	0.06	50	0.0759234	FALSE	NA	NA	NA	NA	NA	NA
NC_045512.2	10382	C	T	28	6	27	15	14	27	0.294118	51	1.93985e-06	TRUE	NA	NA	NA	NA	NA	NA
NC_045512.2	10382	C	G	28	6	27	4	4	23	0.0784314	51	0.0205596	FALSE	NA	NA	NA	NA	NA	NA
NC_045512.2	10382	C	A	28	6	27	4	4	25	0.0784314	51	0.0205596	FALSE	NA	NA	NA	NA	NA	NA
NC_045512.2	10383	A	T	38	15	26	3	3	25	0.06	50	0.0907388	FALSE	NA	NA	NA	NA	NA	NA
NC_045512.2	10383	A	G	38	15	26	8	8	25	0.16	50	0.0021467	TRUE	NA	NA	NA	NA	NA	NA
NC_045512.2	10383	A	C	38	15	26	1	1	27	0.02	50	0.443182	FALSE	NA	NA	NA	NA	NA	NA
NC_045512.2	10384	G	T	32	10	27	5	5	25	0.102041	49	0.0132889	FALSE	NA	NA	NA	NA	NA	NA
NC_045512.2	10384	G	C	32	10	27	1	1	26	0.0204082	49	0.407407	FALSE	NA	NA	NA	NA	NA	NA
NC_045512.2	10384	G	A	32	10	27	11	11	26	0.22449	49	0.000121542	TRUE	NA	NA	NA	NA	NA	NA
NC_045512.2	10385	A	T	35	13	26	6	6	26	0.122449	49	0.00773763	TRUE	NA	NA	NA	NA	NA	NA
NC_045512.2	10385	A	G	35	13	26	5	5	26	0.102041	49	0.0167963	FALSE	NA	NA	NA	NA	NA	NA
NC_045512.2	10385	A	C	35	13	26	3	3	26	0.0612245	49	0.0824311	FALSE	NA	NA	NA	NA	NA	NA
NC_045512.2	10386	C	T	31	9	26	10	10	26	0.2	50	0.000195974	TRUE	NA	NA	NA	NA	NA	NA
NC_045512.2	10386	C	G	31	9	26	2	2	26	0.04	50	0.158988	FALSE	NA	NA	NA	NA	NA	NA
NC_045512.2	10386	C	A	31	9	26	7	7	25	0.14	50	0.00215976	TRUE	NA	NA	NA	NA	NA	NA
NC_045512.2	10386	C	-T	31	9	26	1	0	20	0.02	50	0.395062	FALSE	NA	NA	NA	NA	NA	NA
NC_045512.2	10386	C	+T	31	9	26	1	0	20	0.02	50	0.395062	FALSE	NA	NA	NA	NA	NA	NA
NC_045512.2	10387	T	G	28	7	26	2	2	25	0.0465116	43	0.165525	FALSE	NA	NA	NA	NA	NA	NA
NC_045512.2	10387	T	C	28	7	26	4	4	28	0.0930233	43	0.0295858	FALSE	NA	NA	NA	NA	NA	NA
NC_045512.2	10387	T	A	28	7	26	9	9	26	0.209302	43	0.000536453	TRUE	NA	NA	NA	NA	NA	NA
NC_045512.2	10388	T	G	40	19	27	1	1	29	0.0208333	48	0.465909	FALSE	NA	NA	NA	NA	NA	NA
NC_045512.2	10388	T	C	40	19	27	4	4	26	0.0833333	48	0.0507923	FALSE	NA	NA	NA	NA	NA	NA
NC_045512.2	10388	T	A	40	19	27	3	3	28	0.0625	48	0.105048	FALSE	NA	NA	NA	NA	NA	NA
NC_045512.2	10389	T	C	41	20	27	4	4	27	0.0816327	49	0.0510303	FALSE	NA	NA	NA	NA	NA	NA
NC_045512.2	10389	T	A	41	20	27	4	4	25	0.0816327	49	0.0510303	FALSE	NA	NA	NA	NA	NA	NA
NC_045512.2	10390	T	G	36	15	28	3	3	24	0.0612245	49	0.086221	FALSE	NA	NA	NA	NA	NA	NA
NC_045512.2	10390	T	C	36	15	28	6	6	27	0.122449	49	0.00842541	TRUE	NA	NA	NA	NA	NA	NA
NC_045512.2	10390	T	A	36	15	28	4	4	27	0.0816327	49	0.0391914	FALSE	NA	NA	NA	NA	NA	NA
NC_045512.2	10391	T	G	15	14	27	7	7	26	0.25	28	0.00198536	TRUE	NA	NA	NA	NA	NA	NA
NC_045512.2	10391	T	C	15	14	27	2	2	27	0.0714286	28	0.143763	FALSE	NA	NA	NA	NA	NA	NA
NC_045512.2	10391	T	A	15	14	27	4	4	26	0.142857	28	0.0237522	FALSE	NA	NA	NA	NA	NA	NA
NC_045512.2	10392	C	T	28	7	27	12	12	26	0.244898	49	2.72036e-05	TRUE	NA	NA	NA	NA	NA	NA
NC_045512.2	10392	C	G	28	7	27	3	3	26	0.0612245	49	0.0568419	FALSE	NA	NA	NA	NA	NA	NA
NC_045512.2	10392	C	A	28	7	27	6	6	28	0.122449	49	0.00384081	TRUE	NA	NA	NA	NA	NA	NA
NC_045512.2	10393	A	T	30	9	27	11	11	28	0.22449	49	8.6514e-05	TRUE	NA	NA	NA	NA	NA	NA
NC_045512.2	10393	A	G	30	9	27	5	5	26	0.102041	49	0.0111809	FALSE	NA	NA	NA	NA	NA	NA
NC_045512.2	10393	A	C	30	9	27	3	3	28	0.0612245	49	0.0639475	FALSE	NA	NA	NA	NA	NA	NA
NC_045512.2	10394	G	T	32	11	27	8	8	28	0.163265	49	0.00119646	TRUE	NA	NA	NA	NA	NA	NA
NC_045512.2	10394	G	C	32	11	27	5	5	27	0.102041	49	0.0132889	FALSE	NA	NA	NA	NA	NA	NA
NC_045512.2	10394	G	A	32	11	27	4	4	27	0.0816327	49	0.0305286	FALSE	NA	NA	NA	NA	NA	NA
NC_045512.2	10395	T	G	29	8	27	4	4	28	0.0869565	46	0.0286871	FALSE	NA	NA	NA	NA	NA	NA
NC_045512.2	10395	T	C	29	8	27	8	8	26	0.173913	46	0.00108323	TRUE	NA	NA	NA	NA	NA	NA
NC_045512.2	10395	T	A	29	8	27	5	5	26	0.108696	46	0.0123463	FALSE	NA	NA	NA	NA	NA	NA
NC_045512.2	10396	G	T	29	8	26	4	4	25	0.0888889	45	0.0302378	FALSE	NA	NA	NA	NA	NA	NA
NC_045512.2	10396	G	C	29	8	26	2	2	25	0.0444444	45	0.167568	FALSE	NA	NA	NA	NA	NA	NA
NC_045512.2	10396	G	A	29	8	26	10	10	26	0.222222	45	0.000261373	TRUE	NA	NA	NA	NA	NA	NA
NC_045512.2	10396	G	-T	29	8	26	1	0	20	0.0222222	45	0.405405	FALSE	NA	NA	NA	NA	NA	NA
NC_045512.2	10397	T	G	28	9	26	7	6	24	0.152174	46	0.00193388	TRUE	NA	NA	NA	NA	NA	NA
NC_045512.2	10397	T	C	28	9	26	2	2	26	0.0434783	46	0.152632	FALSE	NA	NA	NA	NA	NA	NA
NC_045512.2	10397	T	A	28	9	26	9	9	26	0.195652	46	0.000378479	TRUE	NA	NA	NA	NA	NA	NA
NC_045512.2	10398	T	G	27	7	24	5	5	25	0.104167	48	0.00893515	TRUE	NA	NA	NA	NA	NA	NA
NC_045512.2	10398	T	C	27	7	24	6	6	28	0.125	48	0.00368575	TRUE	NA	NA	NA	NA	NA	NA
NC_045512.2	10398	T	A	27	7	24	10	10	25	0.208333	48	0.00012616	TRUE	NA	NA	NA	NA	NA	NA
NC_045512.2	10399	A	T	33	12	26	4	4	27	0.0888889	45	0.0396967	FALSE	NA	NA	NA	NA	NA	NA
NC_045512.2	10399	A	G	33	12	26	4	4	24	0.0888889	45	0.0396967	FALSE	NA	NA	NA	NA	NA	NA
NC_045512.2	10399	A	C	33	12	26	4	4	26	0.0888889	45	0.0396967	FALSE	NA	NA	NA	NA	NA	NA
NC_045512.2	10400	G	T	30	9	26	9	9	25	0.2	45	0.000644719	TRUE	NA	NA	NA	NA	NA	NA
NC_045512.2	10400	G	C	30	9	26	3	3	26	0.0666667	45	0.0745865	FALSE	NA	NA	NA	NA	NA	NA
NC_045512.2	10400	G	A	30	9	26	3	3	26	0.0666667	45	0.0745865	FALSE	NA	NA	NA	NA	NA	NA
NC_045512.2	10401	C	T	27	6	27	7	7	26	0.148936	47	0.00169345	TRUE	NA	NA	NA	NA	NA	NA
NC_045512.2	10401	C	G	27	6	27	9	9	25	0.191489	47	0.000321251	TRUE	NA	NA	NA	NA	NA	NA
NC_045512.2	10401	C	A	27	6	27	4	4	27	0.0851064	47	0.023251	FALSE	NA	NA	NA	NA	NA	NA
NC_045512.2	10402	T	G	37	16	26	7	7	27	0.145833	48	0.00473445	TRUE	NA	NA	NA	NA	NA	NA
NC_045512.2	10402	T	C	37	16	26	1	1	26	0.0208333	48	0.447059	FALSE	NA	NA	NA	NA	NA	NA
NC_045512.2	10402	T	A	37	16	26	3	3	25	0.0625	48	0.0932119	FALSE	NA	NA	NA	NA	NA	NA
NC_045512.2	10403	T	G	37	18	25	6	6	26	0.130435	46	0.0112495	FALSE	NA	NA	NA	NA	NA	NA
NC_045512.2	10403	T	A	37	18	25	3	3	25	0.0652174	46	0.10003	FALSE	NA	NA	NA	NA	NA	NA
NC_045512.2	10404	G	T	34	13	27	6	6	27	0.12766	47	0.00816407	TRUE	NA	NA	NA	NA	NA	NA
NC_045512.2	10404	G	C	34	13	27	2	2	28	0.0425532	47	0.189702	FALSE	NA	NA	NA	NA	NA	NA
NC_045512.2	10404	G	A	34	13	27	5	5	25	0.106383	47	0.0175528	FALSE	NA	NA	NA	NA	NA	NA
NC_045512.2	10405	T	G	35	14	26	5	5	25	0.104167	48	0.0178081	FALSE	NA	NA	NA	NA	NA	NA
NC_045512.2	10405	T	A	35	14	26	8	8	27	0.166667	48	0.0018707	TRUE	NA	NA	NA	NA	NA	NA
NC_045512.2	10406	T	G	31	11	24	4	4	27	0.0869565	46	0.0331061	FALSE	NA	NA	NA	NA	NA	NA
NC_045512.2	10406	T	C	31	11	24	3	3	29	0.0652174	46	0.0756712	FALSE	NA	NA	NA	NA	NA	NA
NC_045512.2	10406	T	A	31	11	24	8	8	27	0.173913	46	0.00141125	TRUE	NA	NA	NA	NA	NA	NA
NC_045512.2	10407	A	T	29	8	27	7	7	25	0.148936	47	0.00219574	TRUE	NA	NA	NA	NA	NA	NA
NC_045512.2	10407	A	G	29	8	27	4	4	28	0.0851064	47	0.0272346	FALSE	NA	NA	NA	NA	NA	NA
NC_045512.2	10407	A	C	29	8	27	7	7	26	0.148936	47	0.00219574	TRUE	NA	NA	NA	NA	NA	NA
NC_045512.2	10408	C	T	30	9	26	13	13	26	0.276596	47	2.60147e-05	TRUE	NA	NA	NA	NA	NA	NA
NC_045512.2	10408	C	G	30	9	26	1	1	27	0.0212766	47	0.402597	FALSE	NA	NA	NA	NA	NA	NA
NC_045512.2	10408	C	A	30	9	26	3	3	26	0.0638298	47	0.0689943	FALSE	NA	NA	NA	NA	NA	NA
NC_045512.2	10409	A	T	33	12	26	9	9	27	0.191489	47	0.000780417	TRUE	NA	NA	NA	NA	NA	NA
NC_045512.2	10409	A	G	33	12	26	2	2	22	0.0425532	47	0.183642	FALSE	NA	NA	NA	NA	NA	NA
NC_045512.2	10409	A	C	33	12	26	3	3	27	0.0638298	47	0.0806233	FALSE	NA	NA	NA	NA	NA	NA
NC_045512.2	10410	A	T	33	14	24	3	3	27	0.0681818	44	0.0902895	FALSE	NA	NA	NA	NA	NA	NA
NC_045512.2	10410	A	G	33	14	24	4	4	24	0.0909091	44	0.0417589	FALSE	NA	NA	NA	NA	NA	NA
NC_045512.2	10410	A	C	33	14	24	4	4	27	0.0909091	44	0.0417589	FALSE	NA	NA	NA	NA	NA	NA
NC_045512.2	10411	T	G	31	10	26	5	5	27	0.104167	48	0.0129843	FALSE	NA	NA	NA	NA	NA	NA
NC_045512.2	10411	T	C	31	10	26	1	1	26	0.0208333	48	0.405063	FALSE	NA	NA	NA	NA	NA	NA
NC_045512.2	10411	T	A	31	10	26	11	11	25	0.229167	48	0.000117212	TRUE	NA	NA	NA	NA	NA	NA
NC_045512.2	10412	G	T	28	8	26	4	3	25	0.0833333	48	0.0239334	FALSE	NA	NA	NA	NA	NA	NA
NC_045512.2	10412	G	C	28	8	26	8	8	26	0.166667	48	0.000767187	TRUE	NA	NA	NA	NA	NA	NA
NC_045512.2	10412	G	A	28	8	26	8	8	27	0.166667	48	0.000767187	TRUE	NA	NA	NA	NA	NA	NA
NC_045512.2	10413	G	T	25	7	24	6	6	25	0.133333	45	0.00365655	TRUE	NA	NA	NA	NA	NA	NA
NC_045512.2	10413	G	C	25	7	24	10	10	27	0.222222	45	0.000127425	TRUE	NA	NA	NA	NA	NA	NA
NC_045512.2	10413	G	A	25	7	24	4	4	25	0.0888889	45	0.0218213	FALSE	NA	NA	NA	NA	NA	NA
NC_045512.2	10414	T	G	36	15	26	3	3	25	0.0638298	47	0.0925281	FALSE	NA	NA	NA	NA	NA	NA
NC_045512.2	10414	T	C	36	15	26	3	3	27	0.0638298	47	0.0925281	FALSE	NA	NA	NA	NA	NA	NA
NC_045512.2	10414	T	A	36	15	26	5	5	27	0.106383	47	0.0202815	FALSE	NA	NA	NA	NA	NA	NA
NC_045512.2	10415	T	G	30	12	24	3	3	26	0.0666667	45	0.0745865	FALSE	NA	NA	NA	NA	NA	NA
NC_045512.2	10415	T	C	30	12	24	7	6	25	0.155556	45	0.00296084	TRUE	NA	NA	NA	NA	NA	NA
NC_045512.2	10415	T	A	30	12	24	5	5	23	0.111111	45	0.0144041	FALSE	NA	NA	NA	NA	NA	NA
NC_045512.2	10416	C	G	29	8	26	1	1	25	0.027027	37	0.454545	FALSE	NA	NA	NA	NA	NA	NA
NC_045512.2	10416	C	A	29	8	26	7	7	23	0.189189	37	0.00566671	TRUE	NA	NA	NA	NA	NA	NA
NC_045512.2	10426	T	C	22	1	26	1	1	29	0.0434783	23	0.511111	FALSE	NA	NA	NA	NA	NA	NA
NC_045512.2	10427	G	A	22	1	27	1	1	26	0.0434783	23	0.511111	FALSE	NA	NA	NA	NA	NA	NA
NC_045512.2	10428	T	A	22	1	27	1	1	27	0.0434783	23	0.511111	FALSE	NA	NA	NA	NA	NA	NA
NC_045512.2	10429	T	C	22	1	29	1	1	27	0.0434783	23	0.511111	FALSE	NA	NA	NA	NA	NA	NA
NC_045512.2	10430	T	C	20	1	22	1	1	27	0.047619	21	0.512195	FALSE	NA	NA	NA	NA	NA	NA
NC_045512.2	10432	C	G	22	1	28	1	1	27	0.0434783	23	0.511111	FALSE	NA	NA	NA	NA	NA	NA
NC_045512.2	10433	C	G	21	1	23	1	1	31	0.0454545	22	0.511628	FALSE	NA	NA	NA	NA	NA	NA
NC_045512.2	10435	A	C	20	1	22	1	1	28	0.047619	21	0.512195	FALSE	NA	NA	NA	NA	NA	NA
NC_045512.2	10436	T	A	22	1	26	1	1	28	0.0434783	23	0.511111	FALSE	NA	NA	NA	NA	NA	NA
NC_045512.2	10438	T	A	22	1	26	1	1	31	0.0434783	23	0.511111	FALSE	NA	NA	NA	NA	NA	NA
NC_045512.2	10439	G	C	22	1	26	1	1	27	0.0434783	23	0.511111	FALSE	NA	NA	NA	NA	NA	NA
NC_045512.2	10442	A	T	22	1	26	1	1	27	0.0434783	23	0.511111	FALSE	NA	NA	NA	NA	NA	NA
NC_045512.2	10444	G	T	22	1	27	1	1	27	0.0434783	23	0.511111	FALSE	NA	NA	NA	NA	NA	NA
NC_045512.2	10445	A	C	22	1	27	1	1	27	0.0434783	23	0.511111	FALSE	NA	NA	NA	NA	NA	NA
NC_045512.2	10446	G	A	22	1	27	1	1	31	0.0434783	23	0.511111	FALSE	NA	NA	NA	NA	NA	NA
NC_045512.2	10447	G	A	2	1	26	21	1	27	0.913043	23	6.70437e-11	TRUE	NA	NA	NA	NA	NA	NA
NC_045512.2	10448	C	T	22	1	27	1	1	29	0.0434783	23	0.511111	FALSE	NA	NA	NA	NA	NA	NA
NC_045512.2	10449	C	G	0	0	0	1	1	27	0.0434783	23	0.0434783	FALSE	NA	NA	NA	NA	NA	NA
NC_045512.2	10449	C	A	0	0	0	22	1	27	0.956522	23	4.75263e-13	TRUE	NA	NA	NA	NA	NA	NA
NC_045512.2	10450	C	T	22	1	27	1	1	23	0.0434783	23	0.511111	FALSE	NA	NA	NA	NA	NA	NA
NC_045512.2	10451	A	T	22	1	27	1	1	27	0.0434783	23	0.511111	FALSE	NA	NA	NA	NA	NA	NA
NC_045512.2	10453	T	G	21	1	27	1	1	27	0.0454545	22	0.511628	FALSE	NA	NA	NA	NA	NA	NA
NC_045512.2	10454	T	C	21	1	28	1	1	27	0.0454545	22	0.511628	FALSE	NA	NA	NA	NA	NA	NA
NC_045512.2	10456	C	T	21	1	27	1	1	29	0.0454545	22	0.511628	FALSE	NA	NA	NA	NA	NA	NA
NC_045512.2	10457	A	G	20	1	27	2	1	26	0.0909091	22	0.255814	FALSE	NA	NA	NA	NA	NA	NA
NC_045512.2	10458	C	T	21	1	26	1	1	21	0.0454545	22	0.511628	FALSE	NA	NA	NA	NA	NA	NA
NC_045512.2	10460	A	G	20	2	26	1	0	22	0.047619	21	0.512195	FALSE	NA	NA	NA	NA	NA	NA
NC_045512.2	10461	T	C	19	1	27	2	2	23	0.0952381	21	0.256098	FALSE	NA	NA	NA	NA	NA	NA
NC_045512.2	10462	T	A	16	0	22	2	2	22	0.111111	18	0.257143	FALSE	NA	NA	NA	NA	NA	NA
NC_045512.2	10464	A	T	14	0	23	1	1	28	0.0625	16	0.5	FALSE	NA	NA	NA	NA	NA	NA
NC_045512.2	10464	A	C	14	0	23	1	1	21	0.0625	16	0.5	FALSE	NA	NA	NA	NA	NA	NA
NC_045512.2	10465	G	C	16	1	27	1	1	27	0.0588235	17	0.515152	FALSE	NA	NA	NA	NA	NA	NA
NC_045512.2	10466	G	A	16	1	28	1	1	27	0.0588235	17	0.515152	FALSE	NA	NA	NA	NA	NA	NA
NC_045512.2	10467	G	T	13	1	22	1	1	23	0.0666667	15	0.5	FALSE	NA	NA	NA	NA	NA	NA
NC_045512.2	10467	G	C	13	1	22	1	1	27	0.0666667	15	0.5	FALSE	NA	NA	NA	NA	NA	NA
NC_045512.2	10468	T	G	16	1	27	1	1	29	0.0555556	18	0.5	FALSE	NA	NA	NA	NA	NA	NA
NC_045512.2	10468	T	A	16	1	27	1	1	22	0.0555556	18	0.5	FALSE	NA	NA	NA	NA	NA	NA
NC_045512.2	10469	T	C	15	0	22	2	2	25	0.105263	19	0.228571	FALSE	NA	NA	NA	NA	NA	NA
NC_045512.2	10469	T	A	15	0	22	2	2	28	0.105263	19	0.228571	FALSE	NA	NA	NA	NA	NA	NA
NC_045512.2	10470	C	A	17	2	27	2	2	24	0.105263	19	0.256757	FALSE	NA	NA	NA	NA	NA	NA
NC_045512.2	10471	A	C	17	2	26	2	2	27	0.105263	19	0.256757	FALSE	NA	NA	NA	NA	NA	NA
NC_045512.2	10472	T	G	14	0	27	1	1	24	0.0555556	18	0.46875	FALSE	NA	NA	NA	NA	NA	NA
NC_045512.2	10472	T	C	14	0	27	2	2	27	0.111111	18	0.227273	FALSE	NA	NA	NA	NA	NA	NA
NC_045512.2	10472	T	A	14	0	27	1	1	27	0.0555556	18	0.46875	FALSE	NA	NA	NA	NA	NA	NA
NC_045512.2	10473	T	G	12	0	22	1	1	24	0.0625	16	0.464286	FALSE	NA	NA	NA	NA	NA	NA
NC_045512.2	10473	T	C	12	0	22	1	1	27	0.0625	16	0.464286	FALSE	NA	NA	NA	NA	NA	NA
NC_045512.2	10473	T	A	12	0	22	2	2	27	0.125	16	0.224138	FALSE	NA	NA	NA	NA	NA	NA
NC_045512.2	10474	C	T	14	1	26	1	1	26	0.0588235	17	0.483871	FALSE	NA	NA	NA	NA	NA	NA
NC_045512.2	10474	C	G	14	1	26	1	1	28	0.0588235	17	0.483871	FALSE	NA	NA	NA	NA	NA	NA
NC_045512.2	10474	C	A	14	1	26	1	1	27	0.0588235	17	0.483871	FALSE	NA	NA	NA	NA	NA	NA
NC_045512.2	10474	C	-C	14	1	26	1	0	20	0.0588235	17	0.483871	FALSE	NA	NA	NA	NA	NA	NA
NC_045512.2	10475	C	G	15	3	23	1	1	24	0.0588235	17	0.5	FALSE	NA	NA	NA	NA	NA	NA
NC_045512.2	10475	C	A	15	3	23	1	1	27	0.0588235	17	0.5	FALSE	NA	NA	NA	NA	NA	NA
NC_045512.2	10476	T	G	14	1	27	1	1	29	0.0588235	17	0.483871	FALSE	NA	NA	NA	NA	NA	NA
NC_045512.2	10476	T	C	14	1	27	1	1	31	0.0588235	17	0.483871	FALSE	NA	NA	NA	NA	NA	NA
NC_045512.2	10476	T	A	14	1	27	1	1	21	0.0588235	17	0.483871	FALSE	NA	NA	NA	NA	NA	NA
NC_045512.2	10477	T	G	12	1	23	1	1	23	0.0588235	17	0.448276	FALSE	NA	NA	NA	NA	NA	NA
NC_045512.2	10477	T	A	12	1	23	4	4	27	0.235294	17	0.0506118	FALSE	NA	NA	NA	NA	NA	NA
NC_045512.2	10478	A	T	12	0	27	1	1	27	0.0555556	18	0.433333	FALSE	NA	NA	NA	NA	NA	NA
NC_045512.2	10478	A	G	12	0	27	3	2	27	0.166667	18	0.0917339	FALSE	NA	NA	NA	NA	NA	NA
NC_045512.2	10478	A	C	12	0	27	2	2	24	0.111111	18	0.195699	FALSE	NA	NA	NA	NA	NA	NA
NC_045512.2	10479	A	T	14	2	23	2	2	27	0.111111	18	0.227273	FALSE	NA	NA	NA	NA	NA	NA
NC_045512.2	10479	A	C	14	2	23	2	2	27	0.111111	18	0.227273	FALSE	NA	NA	NA	NA	NA	NA
NC_045512.2	10480	T	G	13	0	25	2	2	27	0.105263	19	0.198864	FALSE	NA	NA	NA	NA	NA	NA
NC_045512.2	10480	T	C	13	0	25	2	2	25	0.105263	19	0.198864	FALSE	NA	NA	NA	NA	NA	NA
NC_045512.2	10480	T	A	13	0	25	2	2	27	0.105263	19	0.198864	FALSE	NA	NA	NA	NA	NA	NA
NC_045512.2	10481	G	T	14	2	25	1	1	23	0.0588235	17	0.483871	FALSE	NA	NA	NA	NA	NA	NA
NC_045512.2	10481	G	A	14	2	25	2	2	27	0.117647	17	0.241935	FALSE	NA	NA	NA	NA	NA	NA
NC_045512.2	10482	G	T	13	3	23	2	2	27	0.125	16	0.241379	FALSE	NA	NA	NA	NA	NA	NA
NC_045512.2	10482	G	C	13	3	23	1	1	24	0.0625	16	0.482759	FALSE	NA	NA	NA	NA	NA	NA
NC_045512.2	10483	T	A	15	3	26	2	2	27	0.117647	17	0.257576	FALSE	NA	NA	NA	NA	NA	NA
NC_045512.2	10484	T	G	7	2	23	1	1	29	0.0909091	11	0.444444	FALSE	NA	NA	NA	NA	NA	NA
NC_045512.2	10484	T	C	7	2	23	2	2	27	0.181818	11	0.210526	FALSE	NA	NA	NA	NA	NA	NA
NC_045512.2	10484	T	A	7	2	23	1	1	25	0.0909091	11	0.444444	FALSE	NA	NA	NA	NA	NA	NA
NC_045512.2	10485	C	T	13	1	25	3	3	24	0.166667	18	0.102639	FALSE	NA	NA	NA	NA	NA	NA
NC_045512.2	10485	C	A	13	1	25	2	2	27	0.111111	18	0.211694	FALSE	NA	NA	NA	NA	NA	NA
NC_045512.2	10486	A	T	12	0	25	2	2	26	0.111111	18	0.195699	FALSE	NA	NA	NA	NA	NA	NA
NC_045512.2	10486	A	G	12	0	25	2	2	27	0.111111	18	0.195699	FALSE	NA	NA	NA	NA	NA	NA
NC_045512.2	10486	A	C	12	0	25	2	2	26	0.111111	18	0.195699	FALSE	NA	NA	NA	NA	NA	NA
NC_045512.2	10487	T	A	13	1	25	5	5	27	0.277778	18	0.026393	FALSE	NA	NA	NA	NA	NA	NA
NC_045512.2	10488	G	C	14	2	25	4	4	26	0.210526	19	0.0519481	FALSE	NA	NA	NA	NA	NA	NA
NC_045512.2	10488	G	A	14	2	25	1	1	28	0.0526316	19	0.454545	FALSE	NA	NA	NA	NA	NA	NA
NC_045512.2	10489	T	C	15	3	24	1	1	32	0.0555556	18	0.484848	FALSE	NA	NA	NA	NA	NA	NA
NC_045512.2	10489	T	A	15	3	24	2	2	26	0.111111	18	0.242424	FALSE	NA	NA	NA	NA	NA	NA
NC_045512.2	10490	G	T	14	3	25	3	3	27	0.166667	18	0.113636	FALSE	NA	NA	NA	NA	NA	NA
NC_045512.2	10490	G	A	14	3	25	1	1	28	0.0555556	18	0.46875	FALSE	NA	NA	NA	NA	NA	NA
NC_045512.2	10491	G	T	9	0	22	6	6	27	0.375	16	0.00842912	TRUE	NA	NA	NA	NA	NA	NA
NC_045512.2	10491	G	C	9	0	22	1	1	24	0.0625	16	0.4	FALSE	NA	NA	NA	NA	NA	NA
NC_045512.2	10492	T	G	13	2	26	3	3	28	0.157895	19	0.0935829	FALSE	NA	NA	NA	NA	NA	NA
NC_045512.2	10492	T	C	13	2	26	3	3	27	0.157895	19	0.0935829	FALSE	NA	NA	NA	NA	NA	NA
NC_045512.2	10493	A	T	14	3	25	4	4	25	0.210526	19	0.0519481	FALSE	NA	NA	NA	NA	NA	NA
NC_045512.2	10493	A	C	14	3	25	1	1	29	0.0526316	19	0.454545	FALSE	NA	NA	NA	NA	NA	NA
NC_045512.2	10494	G	T	13	2	26	3	3	28	0.157895	19	0.0935829	FALSE	NA	NA	NA	NA	NA	NA
NC_045512.2	10494	G	C	13	2	26	2	2	27	0.105263	19	0.198864	FALSE	NA	NA	NA	NA	NA	NA
NC_045512.2	10494	G	A	13	2	26	1	1	26	0.0526316	19	0.4375	FALSE	NA	NA	NA	NA	NA	NA
NC_045512.2	10495	T	G	10	0	26	1	1	30	0.0588235	17	0.407407	FALSE	NA	NA	NA	NA	NA	NA
NC_045512.2	10495	T	C	10	0	26	1	1	28	0.0588235	17	0.407407	FALSE	NA	NA	NA	NA	NA	NA
NC_045512.2	10495	T	A	10	0	26	5	5	27	0.294118	17	0.017674	FALSE	NA	NA	NA	NA	NA	NA
NC_045512.2	10496	G	T	12	3	26	2	2	25	0.111111	18	0.195699	FALSE	NA	NA	NA	NA	NA	NA
NC_045512.2	10496	G	C	12	3	26	3	3	27	0.166667	18	0.0917339	FALSE	NA	NA	NA	NA	NA	NA
NC_045512.2	10496	G	A	12	3	26	1	1	27	0.0555556	18	0.433333	FALSE	NA	NA	NA	NA	NA	NA
NC_045512.2	10497	T	G	11	3	27	1	1	28	0.0555556	18	0.413793	FALSE	NA	NA	NA	NA	NA	NA
NC_045512.2	10497	T	C	11	3	27	3	3	27	0.166667	18	0.0809789	FALSE	NA	NA	NA	NA	NA	NA
NC_045512.2	10497	T	A	11	3	27	3	3	24	0.166667	18	0.0809789	FALSE	NA	NA	NA	NA	NA	NA
NC_045512.2	10498	T	G	8	1	21	4	4	26	0.235294	17	0.0241758	FALSE	NA	NA	NA	NA	NA	NA
NC_045512.2	10498	T	A	8	1	21	5	5	26	0.294118	17	0.0108374	FALSE	NA	NA	NA	NA	NA	NA
NC_045512.2	10499	G	T	11	3	26	5	5	26	0.263158	19	0.0156978	FALSE	NA	NA	NA	NA	NA	NA
NC_045512.2	10499	G	C	11	3	26	2	2	24	0.105263	19	0.167742	FALSE	NA	NA	NA	NA	NA	NA
NC_045512.2	10499	G	A	11	3	26	1	1	38	0.0526316	19	0.4	FALSE	NA	NA	NA	NA	NA	NA
NC_045512.2	10500	G	T	5	3	24	3	3	29	0.230769	13	0.0491228	FALSE	NA	NA	NA	NA	NA	NA
NC_045512.2	10500	G	C	5	3	24	2	2	27	0.153846	13	0.122807	FALSE	NA	NA	NA	NA	NA	NA
NC_045512.2	10500	G	A	5	3	24	3	3	25	0.230769	13	0.0491228	FALSE	NA	NA	NA	NA	NA	NA
NC_045512.2	10501	T	G	7	1	24	1	1	27	0.0555556	18	0.32	FALSE	NA	NA	NA	NA	NA	NA
NC_045512.2	10501	T	C	7	1	24	5	5	27	0.277778	18	0.00666919	TRUE	NA	NA	NA	NA	NA	NA
NC_045512.2	10501	T	A	7	1	24	5	5	27	0.277778	18	0.00666919	TRUE	NA	NA	NA	NA	NA	NA
NC_045512.2	10502	T	G	8	2	25	3	3	26	0.176471	17	0.0564103	FALSE	NA	NA	NA	NA	NA	NA
NC_045512.2	10502	T	C	8	2	25	2	2	26	0.117647	17	0.138462	FALSE	NA	NA	NA	NA	NA	NA
NC_045512.2	10502	T	A	8	2	25	4	4	25	0.235294	17	0.0241758	FALSE	NA	NA	NA	NA	NA	NA
NC_045512.2	10503	T	G	7	2	26	3	3	25	0.176471	17	0.0461538	FALSE	NA	NA	NA	NA	NA	NA
NC_045512.2	10503	T	C	7	2	26	4	4	29	0.235294	17	0.0188034	FALSE	NA	NA	NA	NA	NA	NA
NC_045512.2	10503	T	A	7	2	26	3	3	26	0.176471	17	0.0461538	FALSE	NA	NA	NA	NA	NA	NA
NC_045512.2	10504	T	G	3	3	26	1	1	29	0.0833333	12	0.266667	FALSE	NA	NA	NA	NA	NA	NA
NC_045512.2	10504	T	C	3	3	26	3	3	28	0.25	12	0.0294118	FALSE	NA	NA	NA	NA	NA	NA
NC_045512.2	10504	T	A	3	3	26	5	5	26	0.416667	12	0.00481596	TRUE	NA	NA	NA	NA	NA	NA
NC_045512.2	10505	A	T	9	4	26	4	4	28	0.235294	17	0.030104	FALSE	NA	NA	NA	NA	NA	NA
NC_045512.2	10505	A	G	9	4	26	1	1	28	0.0588235	17	0.384615	FALSE	NA	NA	NA	NA	NA	NA
NC_045512.2	10505	A	C	9	4	26	3	3	27	0.176471	17	0.0671551	FALSE	NA	NA	NA	NA	NA	NA
NC_045512.2	10506	A	T	8	3	24	2	2	25	0.125	16	0.15	FALSE	NA	NA	NA	NA	NA	NA
NC_045512.2	10506	A	G	8	3	24	4	4	28	0.25	16	0.0282051	FALSE	NA	NA	NA	NA	NA	NA
NC_045512.2	10506	A	C	8	3	24	2	2	25	0.125	16	0.15	FALSE	NA	NA	NA	NA	NA	NA
NC_045512.2	10507	C	T	7	2	27	5	5	25	0.294118	17	0.00805861	TRUE	NA	NA	NA	NA	NA	NA
NC_045512.2	10507	C	G	7	2	27	3	3	26	0.176471	17	0.0461538	FALSE	NA	NA	NA	NA	NA	NA
NC_045512.2	10507	C	A	7	2	27	2	2	28	0.117647	17	0.12	FALSE	NA	NA	NA	NA	NA	NA
NC_045512.2	10508	A	T	8	3	27	5	5	26	0.294118	17	0.0108374	FALSE	NA	NA	NA	NA	NA	NA
NC_045512.2	10508	A	G	8	3	27	3	3	27	0.176471	17	0.0564103	FALSE	NA	NA	NA	NA	NA	NA
NC_045512.2	10508	A	C	8	3	27	1	1	27	0.0588235	17	0.36	FALSE	NA	NA	NA	NA	NA	NA
NC_045512.2	10509	T	G	8	3	27	2	2	26	0.117647	17	0.138462	FALSE	NA	NA	NA	NA	NA	NA
NC_045512.2	10509	T	C	8	3	27	2	2	25	0.117647	17	0.138462	FALSE	NA	NA	NA	NA	NA	NA
NC_045512.2	10509	T	A	8	3	27	5	5	27	0.294118	17	0.0108374	FALSE	NA	NA	NA	NA	NA	NA
NC_045512.2	10510	A	T	6	1	26	2	2	27	0.133333	15	0.121212	FALSE	NA	NA	NA	NA	NA	NA
NC_045512.2	10510	A	G	6	1	26	1	1	26	0.0666667	15	0.333333	FALSE	NA	NA	NA	NA	NA	NA
NC_045512.2	10510	A	C	6	1	26	6	6	27	0.4	15	0.00401338	TRUE	NA	NA	NA	NA	NA	NA
NC_045512.2	10511	G	T	6	1	28	3	3	24	0.1875	16	0.041502	FALSE	NA	NA	NA	NA	NA	NA
NC_045512.2	10511	G	C	6	1	28	2	2	28	0.125	16	0.110672	FALSE	NA	NA	NA	NA	NA	NA
NC_045512.2	10511	G	A	6	1	28	5	5	26	0.3125	16	0.00702341	TRUE	NA	NA	NA	NA	NA	NA
NC_045512.2	10512	A	T	7	3	26	4	4	26	0.25	16	0.0220736	FALSE	NA	NA	NA	NA	NA	NA
NC_045512.2	10512	A	G	7	3	26	2	2	25	0.125	16	0.130435	FALSE	NA	NA	NA	NA	NA	NA
NC_045512.2	10512	A	C	7	3	26	3	3	24	0.1875	16	0.0521739	FALSE	NA	NA	NA	NA	NA	NA
NC_045512.2	10513	T	G	9	5	26	2	2	24	0.133333	15	0.183333	FALSE	NA	NA	NA	NA	NA	NA
NC_045512.2	10513	T	C	9	5	26	1	1	27	0.0666667	15	0.416667	FALSE	NA	NA	NA	NA	NA	NA
NC_045512.2	10513	T	A	9	5	26	3	3	27	0.2	15	0.0846154	FALSE	NA	NA	NA	NA	NA	NA
NC_045512.2	10514	T	G	9	6	23	1	1	21	0.0714286	14	0.434783	FALSE	NA	NA	NA	NA	NA	NA
NC_045512.2	10514	T	C	9	6	23	2	2	22	0.142857	14	0.199275	FALSE	NA	NA	NA	NA	NA	NA
NC_045512.2	10514	T	A	9	6	23	2	2	28	0.142857	14	0.199275	FALSE	NA	NA	NA	NA	NA	NA
NC_045512.2	10515	A	T	4	0	27	4	4	25	0.266667	15	0.00956938	TRUE	NA	NA	NA	NA	NA	NA
NC_045512.2	10515	A	G	4	0	27	5	5	26	0.333333	15	0.00374454	TRUE	NA	NA	NA	NA	NA	NA
NC_045512.2	10515	A	C	4	0	27	2	2	25	0.133333	15	0.0789474	FALSE	NA	NA	NA	NA	NA	NA
NC_045512.2	10516	T	C	8	4	25	3	3	26	0.214286	14	0.0815217	FALSE	NA	NA	NA	NA	NA	NA
NC_045512.2	10516	T	A	8	4	25	3	3	25	0.214286	14	0.0815217	FALSE	NA	NA	NA	NA	NA	NA
NC_045512.2	10517	G	T	5	1	28	9	9	26	0.5625	16	0.0001999	TRUE	NA	NA	NA	NA	NA	NA
NC_045512.2	10517	G	A	5	1	28	2	2	29	0.125	16	0.0909091	FALSE	NA	NA	NA	NA	NA	NA
NC_045512.2	10518	A	T	5	1	27	4	4	26	0.25	16	0.0118577	FALSE	NA	NA	NA	NA	NA	NA
NC_045512.2	10518	A	G	5	1	27	3	3	24	0.1875	16	0.0316206	FALSE	NA	NA	NA	NA	NA	NA
NC_045512.2	10518	A	C	5	1	27	4	4	26	0.25	16	0.0118577	FALSE	NA	NA	NA	NA	NA	NA
NC_045512.2	10519	C	T	4	0	26	3	3	26	0.1875	16	0.0227273	FALSE	NA	NA	NA	NA	NA	NA
NC_045512.2	10519	C	G	4	0	26	5	5	27	0.3125	16	0.00296443	TRUE	NA	NA	NA	NA	NA	NA
NC_045512.2	10519	C	A	4	0	26	4	4	25	0.25	16	0.00790514	TRUE	NA	NA	NA	NA	NA	NA
NC_045512.2	10520	T	G	6	2	26	4	4	26	0.285714	14	0.0237154	FALSE	NA	NA	NA	NA	NA	NA
NC_045512.2	10520	T	C	6	2	26	4	4	23	0.285714	14	0.0237154	FALSE	NA	NA	NA	NA	NA	NA
NC_045512.2	10521	G	T	6	2	27	6	6	26	0.375	16	0.00312152	TRUE	NA	NA	NA	NA	NA	NA
NC_045512.2	10521	G	C	6	2	27	3	3	26	0.1875	16	0.041502	FALSE	NA	NA	NA	NA	NA	NA
NC_045512.2	10521	G	A	6	2	27	1	1	29	0.0625	16	0.318182	FALSE	NA	NA	NA	NA	NA	NA
NC_045512.2	10522	T	G	9	5	26	2	2	27	0.117647	17	0.156695	FALSE	NA	NA	NA	NA	NA	NA
NC_045512.2	10522	T	C	9	5	26	1	1	27	0.0588235	17	0.384615	FALSE	NA	NA	NA	NA	NA	NA
NC_045512.2	10522	T	A	9	5	26	5	5	25	0.294118	17	0.0140485	FALSE	NA	NA	NA	NA	NA	NA
NC_045512.2	10523	G	T	7	3	26	5	5	26	0.294118	17	0.00805861	TRUE	NA	NA	NA	NA	NA	NA
NC_045512.2	10523	G	C	7	3	26	2	2	27	0.117647	17	0.12	FALSE	NA	NA	NA	NA	NA	NA
NC_045512.2	10523	G	A	7	3	26	3	3	24	0.176471	17	0.0461538	FALSE	NA	NA	NA	NA	NA	NA
NC_045512.2	10524	T	G	8	4	25	2	2	28	0.117647	17	0.138462	FALSE	NA	NA	NA	NA	NA	NA
NC_045512.2	10524	T	C	8	4	25	4	4	26	0.235294	17	0.0241758	FALSE	NA	NA	NA	NA	NA	NA
NC_045512.2	10524	T	A	8	4	25	3	3	25	0.176471	17	0.0564103	FALSE	NA	NA	NA	NA	NA	NA
NC_045512.2	10525	C	T	8	4	25	7	7	25	0.35	20	0.00119618	TRUE	NA	NA	NA	NA	NA	NA
NC_045512.2	10525	C	G	8	4	25	1	1	22	0.05	20	0.321429	FALSE	NA	NA	NA	NA	NA	NA
NC_045512.2	10525	C	A	8	4	25	4	4	25	0.2	20	0.0157318	FALSE	NA	NA	NA	NA	NA	NA
NC_045512.2	10526	T	G	11	7	26	3	3	23	0.15	20	0.0667155	FALSE	NA	NA	NA	NA	NA	NA
NC_045512.2	10526	T	C	11	7	26	2	2	26	0.1	20	0.157258	FALSE	NA	NA	NA	NA	NA	NA
NC_045512.2	10526	T	A	11	7	26	4	4	24	0.2	20	0.0294333	FALSE	NA	NA	NA	NA	NA	NA
NC_045512.2	10527	C	T	8	5	24	1	1	29	0.0555556	18	0.346154	FALSE	NA	NA	NA	NA	NA	NA
NC_045512.2	10527	C	G	8	5	24	4	4	27	0.222222	18	0.0208412	FALSE	NA	NA	NA	NA	NA	NA
NC_045512.2	10527	C	A	8	5	24	5	5	27	0.277778	18	0.0090312	TRUE	NA	NA	NA	NA	NA	NA
NC_045512.2	10528	T	G	7	4	23	4	4	27	0.210526	19	0.0138942	FALSE	NA	NA	NA	NA	NA	NA
NC_045512.2	10528	T	C	7	4	23	6	6	24	0.315789	19	0.00233063	TRUE	NA	NA	NA	NA	NA	NA
NC_045512.2	10528	T	A	7	4	23	2	2	23	0.105263	19	0.102564	FALSE	NA	NA	NA	NA	NA	NA
NC_045512.2	10529	T	G	8	6	24	3	3	25	0.166667	18	0.0503663	FALSE	NA	NA	NA	NA	NA	NA
NC_045512.2	10529	T	C	8	6	24	4	4	28	0.222222	18	0.0208412	FALSE	NA	NA	NA	NA	NA	NA
NC_045512.2	10529	T	A	8	6	24	3	3	27	0.166667	18	0.0503663	FALSE	NA	NA	NA	NA	NA	NA
NC_045512.2	10530	T	G	8	6	26	2	2	24	0.125	16	0.15	FALSE	NA	NA	NA	NA	NA	NA
NC_045512.2	10530	T	A	8	6	26	6	6	26	0.375	16	0.00632184	TRUE	NA	NA	NA	NA	NA	NA
NC_045512.2	10531	T	G	6	5	25	4	4	26	0.25	16	0.0166008	FALSE	NA	NA	NA	NA	NA	NA
NC_045512.2	10531	T	C	6	5	25	3	3	29	0.1875	16	0.041502	FALSE	NA	NA	NA	NA	NA	NA
NC_045512.2	10531	T	A	6	5	25	3	3	25	0.1875	16	0.041502	FALSE	NA	NA	NA	NA	NA	NA
NC_045512.2	10532	T	G	5	5	26	5	5	27	0.3125	16	0.00474308	TRUE	NA	NA	NA	NA	NA	NA
NC_045512.2	10532	T	C	5	5	26	1	1	28	0.0625	16	0.285714	FALSE	NA	NA	NA	NA	NA	NA
NC_045512.2	10532	T	A	5	5	26	5	5	26	0.3125	16	0.00474308	TRUE	NA	NA	NA	NA	NA	NA
NC_045512.2	10533	G	T	4	3	26	3	3	24	0.176471	17	0.0197628	FALSE	NA	NA	NA	NA	NA	NA
NC_045512.2	10533	G	C	4	3	26	2	2	25	0.117647	17	0.0649351	FALSE	NA	NA	NA	NA	NA	NA
NC_045512.2	10533	G	A	4	3	26	8	8	25	0.470588	17	0.000159261	TRUE	NA	NA	NA	NA	NA	NA
NC_045512.2	10534	T	G	5	4	27	2	2	24	0.117647	17	0.083004	FALSE	NA	NA	NA	NA	NA	NA
NC_045512.2	10534	T	C	5	4	27	7	7	24	0.411765	17	0.000668896	TRUE	NA	NA	NA	NA	NA	NA
NC_045512.2	10534	T	A	5	4	27	3	3	26	0.176471	17	0.027668	FALSE	NA	NA	NA	NA	NA	NA
NC_045512.2	10535	T	G	2	2	25	4	4	25	0.266667	15	0.00309598	TRUE	NA	NA	NA	NA	NA	NA
NC_045512.2	10535	T	C	2	2	25	4	4	26	0.266667	15	0.00309598	TRUE	NA	NA	NA	NA	NA	NA
NC_045512.2	10535	T	A	2	2	25	5	5	25	0.333333	15	0.00103199	TRUE	NA	NA	NA	NA	NA	NA
NC_045512.2	10536	A	T	7	6	25	2	2	24	0.133333	15	0.142292	FALSE	NA	NA	NA	NA	NA	NA
NC_045512.2	10536	A	G	7	6	25	3	3	28	0.2	15	0.0592885	FALSE	NA	NA	NA	NA	NA	NA
NC_045512.2	10536	A	C	7	6	25	3	3	26	0.2	15	0.0592885	FALSE	NA	NA	NA	NA	NA	NA
NC_045512.2	10537	C	T	4	3	24	6	6	26	0.375	16	0.00118577	TRUE	NA	NA	NA	NA	NA	NA
NC_045512.2	10537	C	G	4	3	24	1	1	24	0.0625	16	0.25	FALSE	NA	NA	NA	NA	NA	NA
NC_045512.2	10537	C	A	4	3	24	5	5	27	0.3125	16	0.00296443	TRUE	NA	NA	NA	NA	NA	NA
NC_045512.2	10538	A	T	3	2	26	5	5	27	0.333333	15	0.00212653	TRUE	NA	NA	NA	NA	NA	NA
NC_045512.2	10538	A	G	3	2	26	2	2	25	0.133333	15	0.0584795	FALSE	NA	NA	NA	NA	NA	NA
NC_045512.2	10538	A	C	3	2	26	5	5	25	0.333333	15	0.00212653	TRUE	NA	NA	NA	NA	NA	NA
NC_045512.2	10539	T	G	6	5	25	4	4	26	0.285714	14	0.0237154	FALSE	NA	NA	NA	NA	NA	NA
NC_045512.2	10539	T	C	6	5	25	1	1	28	0.0714286	14	0.35	FALSE	NA	NA	NA	NA	NA	NA
NC_045512.2	10539	T	A	6	5	25	3	3	26	0.214286	14	0.0545455	FALSE	NA	NA	NA	NA	NA	NA
NC_045512.2	10540	G	T	4	3	25	9	9	25	0.5625	16	0.00010352	TRUE	NA	NA	NA	NA	NA	NA
NC_045512.2	10540	G	C	4	3	25	1	1	27	0.0625	16	0.25	FALSE	NA	NA	NA	NA	NA	NA
NC_045512.2	10540	G	A	4	3	25	2	2	27	0.125	16	0.0714286	FALSE	NA	NA	NA	NA	NA	NA
NC_045512.2	10541	C	T	3	3	24	6	6	25	0.375	16	0.00062409	TRUE	NA	NA	NA	NA	NA	NA
NC_045512.2	10541	C	G	3	3	24	4	4	26	0.25	16	0.00478469	TRUE	NA	NA	NA	NA	NA	NA
NC_045512.2	10541	C	A	3	3	24	3	3	27	0.1875	16	0.0150376	FALSE	NA	NA	NA	NA	NA	NA
NC_045512.2	10542	A	T	1	1	30	6	6	26	0.4	15	0.000128999	TRUE	NA	NA	NA	NA	NA	NA
NC_045512.2	10542	A	G	1	1	30	2	2	26	0.133333	15	0.0220588	FALSE	NA	NA	NA	NA	NA	NA
NC_045512.2	10542	A	C	1	1	30	6	6	26	0.4	15	0.000128999	TRUE	NA	NA	NA	NA	NA	NA
NC_045512.2	10543	C	T	2	2	26	7	7	26	0.4375	16	0.000104015	TRUE	NA	NA	NA	NA	NA	NA
NC_045512.2	10543	C	G	2	2	26	3	3	22	0.1875	16	0.00877193	TRUE	NA	NA	NA	NA	NA	NA
NC_045512.2	10543	C	A	2	2	26	4	4	27	0.25	16	0.00250627	TRUE	NA	NA	NA	NA	NA	NA
NC_045512.2	10544	C	T	7	7	26	3	3	28	0.1875	16	0.0521739	FALSE	NA	NA	NA	NA	NA	NA
NC_045512.2	10544	C	G	7	7	26	2	2	24	0.125	16	0.130435	FALSE	NA	NA	NA	NA	NA	NA
NC_045512.2	10544	C	A	7	7	26	4	4	26	0.25	16	0.0220736	FALSE	NA	NA	NA	NA	NA	NA
NC_045512.2	10545	A	T	6	6	25	6	6	26	0.375	16	0.00312152	TRUE	NA	NA	NA	NA	NA	NA
NC_045512.2	10545	A	G	6	6	25	2	2	27	0.125	16	0.110672	FALSE	NA	NA	NA	NA	NA	NA
NC_045512.2	10545	A	C	6	6	25	2	2	31	0.125	16	0.110672	FALSE	NA	NA	NA	NA	NA	NA
NC_045512.2	10546	T	G	3	3	26	5	5	26	0.3125	16	0.00166424	TRUE	NA	NA	NA	NA	NA	NA
NC_045512.2	10546	T	C	3	3	26	4	4	25	0.25	16	0.00478469	TRUE	NA	NA	NA	NA	NA	NA
NC_045512.2	10546	T	A	3	3	26	4	4	27	0.25	16	0.00478469	TRUE	NA	NA	NA	NA	NA	NA
NC_045512.2	10547	A	T	3	3	26	7	7	25	0.466667	15	0.000346717	TRUE	NA	NA	NA	NA	NA	NA
NC_045512.2	10547	A	G	3	3	26	3	3	25	0.2	15	0.0175439	FALSE	NA	NA	NA	NA	NA	NA
NC_045512.2	10547	A	C	3	3	26	2	2	23	0.133333	15	0.0584795	FALSE	NA	NA	NA	NA	NA	NA
NC_045512.2	10548	T	G	4	4	25	5	5	26	0.333333	15	0.00374454	TRUE	NA	NA	NA	NA	NA	NA
NC_045512.2	10548	T	C	4	4	25	2	2	29	0.133333	15	0.0789474	FALSE	NA	NA	NA	NA	NA	NA
NC_045512.2	10548	T	A	4	4	25	4	4	27	0.266667	15	0.00956938	TRUE	NA	NA	NA	NA	NA	NA
NC_045512.2	10549	G	T	3	3	25	10	10	25	0.625	16	2.17936e-05	TRUE	NA	NA	NA	NA	NA	NA
NC_045512.2	10549	G	A	3	3	25	3	3	26	0.1875	16	0.0150376	FALSE	NA	NA	NA	NA	NA	NA
NC_045512.2	10550	G	T	2	2	23	6	6	26	0.375	16	0.000277373	TRUE	NA	NA	NA	NA	NA	NA
NC_045512.2	10550	G	C	2	2	23	5	5	27	0.3125	16	0.000797448	TRUE	NA	NA	NA	NA	NA	NA
NC_045512.2	10550	G	A	2	2	23	3	3	26	0.1875	16	0.00877193	TRUE	NA	NA	NA	NA	NA	NA
NC_045512.2	10551	A	T	6	6	27	5	5	26	0.333333	15	0.00869565	TRUE	NA	NA	NA	NA	NA	NA
NC_045512.2	10551	A	G	6	6	27	3	3	27	0.2	15	0.0474308	FALSE	NA	NA	NA	NA	NA	NA
NC_045512.2	10551	A	C	6	6	27	1	1	20	0.0666667	15	0.333333	FALSE	NA	NA	NA	NA	NA	NA
NC_045512.2	10552	A	T	1	1	29	4	4	25	0.25	16	0.00103199	TRUE	NA	NA	NA	NA	NA	NA
NC_045512.2	10552	A	G	1	1	29	5	5	25	0.3125	16	0.000294855	TRUE	NA	NA	NA	NA	NA	NA
NC_045512.2	10552	A	C	1	1	29	6	6	27	0.375	16	9.38174e-05	TRUE	NA	NA	NA	NA	NA	NA
NC_045512.2	10553	T	G	5	5	28	5	5	25	0.3125	16	0.00474308	TRUE	NA	NA	NA	NA	NA	NA
NC_045512.2	10553	T	C	5	5	28	2	2	28	0.125	16	0.0909091	FALSE	NA	NA	NA	NA	NA	NA
NC_045512.2	10553	T	A	5	5	28	4	4	23	0.25	16	0.0118577	FALSE	NA	NA	NA	NA	NA	NA
NC_045512.2	10554	T	G	8	8	24	2	2	29	0.125	16	0.15	FALSE	NA	NA	NA	NA	NA	NA
NC_045512.2	10554	T	C	8	8	24	1	1	30	0.0625	16	0.375	FALSE	NA	NA	NA	NA	NA	NA
NC_045512.2	10554	T	A	8	8	24	5	5	27	0.3125	16	0.0130952	FALSE	NA	NA	NA	NA	NA	NA
NC_045512.2	10555	A	T	1	1	28	10	10	26	0.625	16	2.07089e-06	TRUE	NA	NA	NA	NA	NA	NA
NC_045512.2	10555	A	G	1	1	28	3	3	28	0.1875	16	0.00412797	TRUE	NA	NA	NA	NA	NA	NA
NC_045512.2	10555	A	C	1	1	28	2	2	25	0.125	16	0.0196078	FALSE	NA	NA	NA	NA	NA	NA
NC_045512.2	10556	C	T	2	2	26	9	9	26	0.5625	16	1.76025e-05	TRUE	NA	NA	NA	NA	NA	NA
NC_045512.2	10556	C	G	2	2	26	3	3	28	0.1875	16	0.00877193	TRUE	NA	NA	NA	NA	NA	NA
NC_045512.2	10556	C	A	2	2	26	2	2	28	0.125	16	0.0350877	FALSE	NA	NA	NA	NA	NA	NA
NC_045512.2	10557	C	T	2	2	26	9	9	27	0.6	15	2.69215e-05	TRUE	NA	NA	NA	NA	NA	NA
NC_045512.2	10557	C	A	2	2	26	4	4	24	0.266667	15	0.00309598	TRUE	NA	NA	NA	NA	NA	NA
NC_045512.2	10558	A	T	5	5	25	5	5	27	0.357143	14	0.00748908	TRUE	NA	NA	NA	NA	NA	NA
NC_045512.2	10558	A	G	5	5	25	1	1	27	0.0714286	14	0.315789	FALSE	NA	NA	NA	NA	NA	NA
NC_045512.2	10558	A	C	5	5	25	3	3	27	0.214286	14	0.0421053	FALSE	NA	NA	NA	NA	NA	NA
NC_045512.2	10559	A	T	10	10	26	1	1	27	0.0625	16	0.423077	FALSE	NA	NA	NA	NA	NA	NA
NC_045512.2	10559	A	G	10	10	26	2	2	24	0.125	16	0.188034	FALSE	NA	NA	NA	NA	NA	NA
NC_045512.2	10559	A	C	10	10	26	3	3	26	0.1875	16	0.0873016	FALSE	NA	NA	NA	NA	NA	NA
NC_045512.2	10560	C	T	6	6	26	4	4	25	0.266667	15	0.0197628	FALSE	NA	NA	NA	NA	NA	NA
NC_045512.2	10560	C	G	6	6	26	2	2	28	0.133333	15	0.121212	FALSE	NA	NA	NA	NA	NA	NA
NC_045512.2	10560	C	A	6	6	26	3	3	22	0.2	15	0.0474308	FALSE	NA	NA	NA	NA	NA	NA
NC_045512.2	10561	T	G	4	4	29	4	4	24	0.266667	15	0.00956938	TRUE	NA	NA	NA	NA	NA	NA
NC_045512.2	10561	T	C	4	4	29	1	1	28	0.0666667	15	0.263158	FALSE	NA	NA	NA	NA	NA	NA
NC_045512.2	10561	T	A	4	4	29	6	6	25	0.4	15	0.00156022	TRUE	NA	NA	NA	NA	NA	NA
NC_045512.2	10562	G	T	3	3	25	6	6	26	0.375	16	0.00062409	TRUE	NA	NA	NA	NA	NA	NA
NC_045512.2	10562	G	C	3	3	25	1	1	24	0.0625	16	0.210526	FALSE	NA	NA	NA	NA	NA	NA
NC_045512.2	10562	G	A	3	3	25	6	6	26	0.375	16	0.00062409	TRUE	NA	NA	NA	NA	NA	NA
NC_045512.2	10563	G	T	5	5	26	5	5	27	0.333333	15	0.00592885	TRUE	NA	NA	NA	NA	NA	NA
NC_045512.2	10563	G	C	5	5	26	3	3	26	0.2	15	0.0363636	FALSE	NA	NA	NA	NA	NA	NA
NC_045512.2	10563	G	A	5	5	26	2	2	28	0.133333	15	0.1	FALSE	NA	NA	NA	NA	NA	NA
NC_045512.2	10564	A	T	2	2	28	7	7	27	0.466667	15	0.000146845	TRUE	NA	NA	NA	NA	NA	NA
NC_045512.2	10564	A	G	2	2	28	4	4	24	0.266667	15	0.00309598	TRUE	NA	NA	NA	NA	NA	NA
NC_045512.2	10564	A	C	2	2	28	2	2	27	0.133333	15	0.0392157	FALSE	NA	NA	NA	NA	NA	NA
NC_045512.2	10565	G	T	5	5	27	3	3	30	0.2	15	0.0363636	FALSE	NA	NA	NA	NA	NA	NA
NC_045512.2	10565	G	C	5	5	27	2	2	27	0.133333	15	0.1	FALSE	NA	NA	NA	NA	NA	NA
NC_045512.2	10565	G	A	5	5	27	5	5	25	0.333333	15	0.00592885	TRUE	NA	NA	NA	NA	NA	NA
NC_045512.2	10566	T	C	7	7	24	2	2	27	0.125	16	0.130435	FALSE	NA	NA	NA	NA	NA	NA
NC_045512.2	10566	T	A	7	7	24	7	7	26	0.4375	16	0.0021989	TRUE	NA	NA	NA	NA	NA	NA
NC_045512.2	10567	T	G	6	6	27	2	2	28	0.142857	14	0.133333	FALSE	NA	NA	NA	NA	NA	NA
NC_045512.2	10567	T	C	6	6	27	3	3	25	0.214286	14	0.0545455	FALSE	NA	NA	NA	NA	NA	NA
NC_045512.2	10567	T	A	6	6	27	3	3	28	0.214286	14	0.0545455	FALSE	NA	NA	NA	NA	NA	NA
NC_045512.2	10568	C	T	5	5	27	3	3	26	0.1875	16	0.0316206	FALSE	NA	NA	NA	NA	NA	NA
NC_045512.2	10568	C	G	5	5	27	3	3	25	0.1875	16	0.0316206	FALSE	NA	NA	NA	NA	NA	NA
NC_045512.2	10568	C	A	5	5	27	5	5	26	0.3125	16	0.00474308	TRUE	NA	NA	NA	NA	NA	NA
NC_045512.2	10569	A	T	4	4	26	5	5	28	0.333333	15	0.00374454	TRUE	NA	NA	NA	NA	NA	NA
NC_045512.2	10569	A	G	4	4	26	4	4	24	0.266667	15	0.00956938	TRUE	NA	NA	NA	NA	NA	NA
NC_045512.2	10569	A	C	4	4	26	2	2	25	0.133333	15	0.0789474	FALSE	NA	NA	NA	NA	NA	NA
NC_045512.2	10570	T	G	3	3	27	4	4	28	0.333333	12	0.0114379	FALSE	NA	NA	NA	NA	NA	NA
NC_045512.2	10570	T	C	3	3	27	3	3	24	0.25	12	0.0294118	FALSE	NA	NA	NA	NA	NA	NA
NC_045512.2	10570	T	A	3	3	27	2	2	29	0.166667	12	0.0833333	FALSE	NA	NA	NA	NA	NA	NA
NC_045512.2	10571	G	T	0	0	0	5	5	27	0.3125	16	6.44995e-05	TRUE	NA	NA	NA	NA	NA	NA
NC_045512.2	10571	G	C	0	0	0	6	6	26	0.375	16	1.84284e-05	TRUE	NA	NA	NA	NA	NA	NA
NC_045512.2	10571	G	A	0	0	0	5	5	26	0.3125	16	6.44995e-05	TRUE	NA	NA	NA	NA	NA	NA
NC_045512.2	10572	C	T	4	4	27	4	4	25	0.266667	15	0.00956938	TRUE	NA	NA	NA	NA	NA	NA
NC_045512.2	10572	C	G	4	4	27	2	2	27	0.133333	15	0.0789474	FALSE	NA	NA	NA	NA	NA	NA
NC_045512.2	10572	C	A	4	4	27	5	5	25	0.333333	15	0.00374454	TRUE	NA	NA	NA	NA	NA	NA
NC_045512.2	10573	T	G	5	5	27	1	1	23	0.0625	16	0.285714	FALSE	NA	NA	NA	NA	NA	NA
NC_045512.2	10573	T	C	5	5	27	4	4	26	0.25	16	0.0118577	FALSE	NA	NA	NA	NA	NA	NA
NC_045512.2	10573	T	A	5	5	27	6	6	27	0.375	16	0.00200669	TRUE	NA	NA	NA	NA	NA	NA
NC_045512.2	10574	G	T	3	3	26	6	6	25	0.375	16	0.00062409	TRUE	NA	NA	NA	NA	NA	NA
NC_045512.2	10574	G	C	3	3	26	4	4	28	0.25	16	0.00478469	TRUE	NA	NA	NA	NA	NA	NA
NC_045512.2	10574	G	A	3	3	26	3	3	24	0.1875	16	0.0150376	FALSE	NA	NA	NA	NA	NA	NA
NC_045512.2	10575	G	T	2	2	23	7	7	26	0.4375	16	0.000104015	TRUE	NA	NA	NA	NA	NA	NA
NC_045512.2	10575	G	C	2	2	23	1	1	26	0.0625	16	0.166667	FALSE	NA	NA	NA	NA	NA	NA
NC_045512.2	10575	G	A	2	2	23	6	6	27	0.375	16	0.000277373	TRUE	NA	NA	NA	NA	NA	NA
NC_045512.2	10576	C	T	4	4	23	3	3	25	0.1875	16	0.0227273	FALSE	NA	NA	NA	NA	NA	NA
NC_045512.2	10576	C	G	4	4	23	7	7	24	0.4375	16	0.000501672	TRUE	NA	NA	NA	NA	NA	NA
NC_045512.2	10576	C	A	4	4	23	2	2	30	0.125	16	0.0714286	FALSE	NA	NA	NA	NA	NA	NA
NC_045512.2	10577	A	T	1	1	27	7	7	26	0.5	14	6.87994e-05	TRUE	NA	NA	NA	NA	NA	NA
NC_045512.2	10577	A	G	1	1	27	3	3	25	0.214286	14	0.00588235	TRUE	NA	NA	NA	NA	NA	NA
NC_045512.2	10577	A	C	1	1	27	3	3	28	0.214286	14	0.00588235	TRUE	NA	NA	NA	NA	NA	NA
NC_045512.2	10578	C	T	2	2	25	9	9	26	0.5625	16	1.76025e-05	TRUE	NA	NA	NA	NA	NA	NA
NC_045512.2	10578	C	G	2	2	25	3	3	26	0.1875	16	0.00877193	TRUE	NA	NA	NA	NA	NA	NA
NC_045512.2	10578	C	A	2	2	25	2	2	25	0.125	16	0.0350877	FALSE	NA	NA	NA	NA	NA	NA
NC_045512.2	10579	A	T	3	3	26	8	8	25	0.5	16	0.000105615	TRUE	NA	NA	NA	NA	NA	NA
NC_045512.2	10579	A	G	3	3	26	3	3	24	0.1875	16	0.0150376	FALSE	NA	NA	NA	NA	NA	NA
NC_045512.2	10579	A	C	3	3	26	2	2	29	0.125	16	0.0526316	FALSE	NA	NA	NA	NA	NA	NA
NC_045512.2	10580	G	T	1	1	22	6	6	26	0.4	15	0.000128999	TRUE	NA	NA	NA	NA	NA	NA
NC_045512.2	10580	G	C	1	1	22	2	2	28	0.133333	15	0.0220588	FALSE	NA	NA	NA	NA	NA	NA
NC_045512.2	10580	G	A	1	1	22	6	6	26	0.4	15	0.000128999	TRUE	NA	NA	NA	NA	NA	NA
NC_045512.2	10581	A	T	4	4	27	7	7	26	0.466667	15	0.000686499	TRUE	NA	NA	NA	NA	NA	NA
NC_045512.2	10581	A	G	4	4	27	1	1	28	0.0666667	15	0.263158	FALSE	NA	NA	NA	NA	NA	NA
NC_045512.2	10581	A	C	4	4	27	3	3	26	0.2	15	0.0263158	FALSE	NA	NA	NA	NA	NA	NA
NC_045512.2	10582	C	T	3	3	28	7	7	28	0.4375	16	0.000249636	TRUE	NA	NA	NA	NA	NA	NA
NC_045512.2	10582	C	G	3	3	28	3	3	25	0.1875	16	0.0150376	FALSE	NA	NA	NA	NA	NA	NA
NC_045512.2	10582	C	A	3	3	28	3	3	25	0.1875	16	0.0150376	FALSE	NA	NA	NA	NA	NA	NA
NC_045512.2	10583	T	G	7	7	26	2	2	25	0.125	16	0.130435	FALSE	NA	NA	NA	NA	NA	NA
NC_045512.2	10583	T	C	7	7	26	1	1	23	0.0625	16	0.347826	FALSE	NA	NA	NA	NA	NA	NA
NC_045512.2	10583	T	A	7	7	26	6	6	26	0.375	16	0.00455487	TRUE	NA	NA	NA	NA	NA	NA
NC_045512.2	10584	T	G	3	3	27	5	5	25	0.333333	15	0.00212653	TRUE	NA	NA	NA	NA	NA	NA
NC_045512.2	10584	T	C	3	3	27	5	5	25	0.333333	15	0.00212653	TRUE	NA	NA	NA	NA	NA	NA
NC_045512.2	10584	T	A	3	3	27	2	2	27	0.133333	15	0.0584795	FALSE	NA	NA	NA	NA	NA	NA
NC_045512.2	10585	A	T	2	2	25	9	9	26	0.5625	16	1.76025e-05	TRUE	NA	NA	NA	NA	NA	NA
NC_045512.2	10585	A	G	2	2	25	2	2	26	0.125	16	0.0350877	FALSE	NA	NA	NA	NA	NA	NA
NC_045512.2	10585	A	C	2	2	25	3	3	27	0.1875	16	0.00877193	TRUE	NA	NA	NA	NA	NA	NA
NC_045512.2	10586	G	T	4	4	25	5	5	28	0.3125	16	0.00296443	TRUE	NA	NA	NA	NA	NA	NA
NC_045512.2	10586	G	C	4	4	25	1	1	30	0.0625	16	0.25	FALSE	NA	NA	NA	NA	NA	NA
NC_045512.2	10586	G	A	4	4	25	6	6	24	0.375	16	0.00118577	TRUE	NA	NA	NA	NA	NA	NA
NC_045512.2	10587	A	T	5	5	26	7	7	24	0.4375	16	0.000891862	TRUE	NA	NA	NA	NA	NA	NA
NC_045512.2	10587	A	G	5	5	26	2	2	24	0.125	16	0.0909091	FALSE	NA	NA	NA	NA	NA	NA
NC_045512.2	10587	A	C	5	5	26	2	2	29	0.125	16	0.0909091	FALSE	NA	NA	NA	NA	NA	NA
NC_045512.2	10588	A	T	4	4	29	7	7	26	0.4375	16	0.000501672	TRUE	NA	NA	NA	NA	NA	NA
NC_045512.2	10588	A	G	4	4	29	5	5	25	0.3125	16	0.00296443	TRUE	NA	NA	NA	NA	NA	NA
NC_045512.2	10589	G	T	4	4	26	6	6	25	0.375	16	0.00118577	TRUE	NA	NA	NA	NA	NA	NA
NC_045512.2	10589	G	C	4	4	26	3	3	23	0.1875	16	0.0227273	FALSE	NA	NA	NA	NA	NA	NA
NC_045512.2	10589	G	A	4	4	26	3	3	24	0.1875	16	0.0227273	FALSE	NA	NA	NA	NA	NA	NA
NC_045512.2	10590	G	T	7	7	26	5	5	29	0.3125	16	0.00981048	TRUE	NA	NA	NA	NA	NA	NA
NC_045512.2	10590	G	C	7	7	26	2	2	26	0.125	16	0.130435	FALSE	NA	NA	NA	NA	NA	NA
NC_045512.2	10590	G	A	7	7	26	2	2	26	0.125	16	0.130435	FALSE	NA	NA	NA	NA	NA	NA
NC_045512.2	10591	T	G	6	6	26	4	4	25	0.285714	14	0.0237154	FALSE	NA	NA	NA	NA	NA	NA
NC_045512.2	10591	T	C	6	6	26	1	1	28	0.0714286	14	0.35	FALSE	NA	NA	NA	NA	NA	NA
NC_045512.2	10591	T	A	6	6	26	3	3	26	0.214286	14	0.0545455	FALSE	NA	NA	NA	NA	NA	NA
NC_045512.2	10592	A	T	1	1	27	9	9	26	0.5625	16	4.89482e-06	TRUE	NA	NA	NA	NA	NA	NA
NC_045512.2	10592	A	G	1	1	27	4	4	26	0.25	16	0.00103199	TRUE	NA	NA	NA	NA	NA	NA
NC_045512.2	10592	A	C	1	1	27	2	2	27	0.125	16	0.0196078	FALSE	NA	NA	NA	NA	NA	NA
NC_045512.2	10593	A	T	2	2	25	4	4	26	0.266667	15	0.00309598	TRUE	NA	NA	NA	NA	NA	NA
NC_045512.2	10593	A	G	2	2	25	7	7	25	0.466667	15	0.000146845	TRUE	NA	NA	NA	NA	NA	NA
NC_045512.2	10593	A	C	2	2	25	2	2	26	0.133333	15	0.0392157	FALSE	NA	NA	NA	NA	NA	NA
NC_045512.2	10594	C	T	3	3	28	5	5	26	0.3125	16	0.00166424	TRUE	NA	NA	NA	NA	NA	NA
NC_045512.2	10594	C	G	3	3	28	2	2	27	0.125	16	0.0526316	FALSE	NA	NA	NA	NA	NA	NA
NC_045512.2	10594	C	A	3	3	28	6	6	26	0.375	16	0.00062409	TRUE	NA	NA	NA	NA	NA	NA
NC_045512.2	10595	T	G	7	7	24	4	4	25	0.25	16	0.0220736	FALSE	NA	NA	NA	NA	NA	NA
NC_045512.2	10595	T	C	7	7	24	1	1	25	0.0625	16	0.347826	FALSE	NA	NA	NA	NA	NA	NA
NC_045512.2	10595	T	A	7	7	24	4	4	27	0.25	16	0.0220736	FALSE	NA	NA	NA	NA	NA	NA
NC_045512.2	10596	T	G	5	5	26	6	6	26	0.375	16	0.00200669	TRUE	NA	NA	NA	NA	NA	NA
NC_045512.2	10596	T	C	5	5	26	2	2	23	0.125	16	0.0909091	FALSE	NA	NA	NA	NA	NA	NA
NC_045512.2	10596	T	A	5	5	26	3	3	25	0.1875	16	0.0316206	FALSE	NA	NA	NA	NA	NA	NA
NC_045512.2	10597	T	G	6	6	28	2	2	26	0.133333	15	0.121212	FALSE	NA	NA	NA	NA	NA	NA
NC_045512.2	10597	T	C	6	6	28	3	3	27	0.2	15	0.0474308	FALSE	NA	NA	NA	NA	NA	NA
NC_045512.2	10597	T	A	6	6	28	4	4	26	0.266667	15	0.0197628	FALSE	NA	NA	NA	NA	NA	NA
NC_045512.2	10598	T	G	4	4	25	4	4	27	0.25	16	0.00790514	TRUE	NA	NA	NA	NA	NA	NA
NC_045512.2	10598	T	C	4	4	25	3	3	29	0.1875	16	0.0227273	FALSE	NA	NA	NA	NA	NA	NA
NC_045512.2	10598	T	A	4	4	25	5	5	26	0.3125	16	0.00296443	TRUE	NA	NA	NA	NA	NA	NA
NC_045512.2	10599	A	T	4	4	26	8	8	25	0.5	16	0.000222965	TRUE	NA	NA	NA	NA	NA	NA
NC_045512.2	10599	A	G	4	4	26	1	1	25	0.0625	16	0.25	FALSE	NA	NA	NA	NA	NA	NA
NC_045512.2	10599	A	C	4	4	26	3	3	28	0.1875	16	0.0227273	FALSE	NA	NA	NA	NA	NA	NA
NC_045512.2	10600	T	G	6	6	26	1	1	22	0.0625	16	0.318182	FALSE	NA	NA	NA	NA	NA	NA
NC_045512.2	10600	T	C	6	6	26	4	4	27	0.25	16	0.0166008	FALSE	NA	NA	NA	NA	NA	NA
NC_045512.2	10600	T	A	6	6	26	5	5	25	0.3125	16	0.00702341	TRUE	NA	NA	NA	NA	NA	NA
NC_045512.2	10601	G	T	4	4	24	3	3	27	0.1875	16	0.0227273	FALSE	NA	NA	NA	NA	NA	NA
NC_045512.2	10601	G	C	4	4	24	3	3	27	0.1875	16	0.0227273	FALSE	NA	NA	NA	NA	NA	NA
NC_045512.2	10601	G	A	4	4	24	6	6	26	0.375	16	0.00118577	TRUE	NA	NA	NA	NA	NA	NA
NC_045512.2	10602	G	T	2	2	26	5	5	25	0.333333	15	0.00103199	TRUE	NA	NA	NA	NA	NA	NA
NC_045512.2	10602	G	C	2	2	26	3	3	26	0.2	15	0.0103199	FALSE	NA	NA	NA	NA	NA	NA
NC_045512.2	10602	G	A	2	2	26	5	5	26	0.333333	15	0.00103199	TRUE	NA	NA	NA	NA	NA	NA
NC_045512.2	10603	A	T	5	5	28	5	5	28	0.357143	14	0.00748908	TRUE	NA	NA	NA	NA	NA	NA
NC_045512.2	10603	A	G	5	5	28	2	2	23	0.142857	14	0.110526	FALSE	NA	NA	NA	NA	NA	NA
NC_045512.2	10603	A	C	5	5	28	2	2	27	0.142857	14	0.110526	FALSE	NA	NA	NA	NA	NA	NA
NC_045512.2	10604	C	T	1	1	27	8	8	25	0.5	16	1.22371e-05	TRUE	NA	NA	NA	NA	NA	NA
NC_045512.2	10604	C	G	1	1	27	1	1	24	0.0625	16	0.117647	FALSE	NA	NA	NA	NA	NA	NA
NC_045512.2	10604	C	A	1	1	27	6	6	26	0.375	16	9.38174e-05	TRUE	NA	NA	NA	NA	NA	NA
NC_045512.2	10605	C	T	1	1	28	7	7	26	0.4375	16	3.26322e-05	TRUE	NA	NA	NA	NA	NA	NA
NC_045512.2	10605	C	G	1	1	28	4	4	29	0.25	16	0.00103199	TRUE	NA	NA	NA	NA	NA	NA
NC_045512.2	10605	C	A	1	1	28	4	4	25	0.25	16	0.00103199	TRUE	NA	NA	NA	NA	NA	NA
NC_045512.2	10606	T	G	8	8	27	2	2	25	0.133333	15	0.163043	FALSE	NA	NA	NA	NA	NA	NA
NC_045512.2	10606	T	A	8	8	27	5	5	27	0.333333	15	0.015942	FALSE	NA	NA	NA	NA	NA	NA
NC_045512.2	10607	T	G	6	6	25	4	4	26	0.25	16	0.0166008	FALSE	NA	NA	NA	NA	NA	NA
NC_045512.2	10607	T	C	6	6	25	3	3	29	0.1875	16	0.041502	FALSE	NA	NA	NA	NA	NA	NA
NC_045512.2	10607	T	A	6	6	25	3	3	23	0.1875	16	0.041502	FALSE	NA	NA	NA	NA	NA	NA
NC_045512.2	10608	T	G	7	7	27	1	1	29	0.0625	16	0.347826	FALSE	NA	NA	NA	NA	NA	NA
NC_045512.2	10608	T	C	7	7	27	3	3	28	0.1875	16	0.0521739	FALSE	NA	NA	NA	NA	NA	NA
NC_045512.2	10608	T	A	7	7	27	5	5	26	0.3125	16	0.00981048	TRUE	NA	NA	NA	NA	NA	NA
NC_045512.2	10609	T	G	2	2	23	3	3	26	0.214286	14	0.0122549	FALSE	NA	NA	NA	NA	NA	NA
NC_045512.2	10609	T	C	2	2	23	4	4	26	0.285714	14	0.00386997	TRUE	NA	NA	NA	NA	NA	NA
NC_045512.2	10609	T	A	2	2	23	5	5	27	0.357143	14	0.00135449	TRUE	NA	NA	NA	NA	NA	NA
NC_045512.2	10610	G	T	2	2	27	8	8	27	0.5	16	4.1606e-05	TRUE	NA	NA	NA	NA	NA	NA
NC_045512.2	10610	G	C	2	2	27	3	3	27	0.1875	16	0.00877193	TRUE	NA	NA	NA	NA	NA	NA
NC_045512.2	10610	G	A	2	2	27	3	3	27	0.1875	16	0.00877193	TRUE	NA	NA	NA	NA	NA	NA
NC_045512.2	10611	T	G	8	8	25	4	4	24	0.25	16	0.0282051	FALSE	NA	NA	NA	NA	NA	NA
NC_045512.2	10611	T	C	8	8	25	1	1	29	0.0625	16	0.375	FALSE	NA	NA	NA	NA	NA	NA
NC_045512.2	10611	T	A	8	8	25	3	3	23	0.1875	16	0.0634615	FALSE	NA	NA	NA	NA	NA	NA
NC_045512.2	10612	T	G	4	4	26	1	1	24	0.0769231	13	0.294118	FALSE	NA	NA	NA	NA	NA	NA
NC_045512.2	10612	T	A	4	4	26	8	8	26	0.615385	13	0.000673038	TRUE	NA	NA	NA	NA	NA	NA
NC_045512.2	10613	G	T	4	4	24	3	3	23	0.3	10	0.0625	FALSE	NA	NA	NA	NA	NA	NA
NC_045512.2	10613	G	C	4	4	24	2	2	24	0.2	10	0.142857	FALSE	NA	NA	NA	NA	NA	NA
NC_045512.2	10613	G	A	4	4	24	1	1	24	0.1	10	0.357143	FALSE	NA	NA	NA	NA	NA	NA
NC_045512.2	10664	G	-T	34	2	26	1	0	20	0.0294118	34	0.514706	FALSE	NA	NA	NA	NA	NA	NA
NC_045512.2	10673	T	A	33	2	23	1	1	26	0.0294118	34	0.507463	FALSE	NA	NA	NA	NA	NA	NA
NC_045512.2	10675	G	T	33	2	23	1	1	23	0.0294118	34	0.507463	FALSE	NA	NA	NA	NA	NA	NA
NC_045512.2	10677	T	C	29	1	22	1	1	29	0.0322581	31	0.5	FALSE	NA	NA	NA	NA	NA	NA
NC_045512.2	10677	T	A	29	1	22	1	1	23	0.0322581	31	0.5	FALSE	NA	NA	NA	NA	NA	NA
NC_045512.2	10678	G	A	35	2	27	1	1	28	0.0277778	36	0.507042	FALSE	NA	NA	NA	NA	NA	NA
NC_045512.2	10680	A	G	35	2	27	1	1	29	0.0277778	36	0.507042	FALSE	NA	NA	NA	NA	NA	NA
NC_045512.2	10681	C	T	35	2	27	1	1	20	0.0277778	36	0.507042	FALSE	NA	NA	NA	NA	NA	NA
NC_045512.2	10682	G	T	30	2	27	6	1	28	0.166667	36	0.0136001	FALSE	NA	NA	NA	NA	NA	NA
NC_045512.2	10683	C	T	35	2	27	1	1	31	0.0277778	36	0.507042	FALSE	NA	NA	NA	NA	NA	NA
NC_045512.2	10685	G	A	34	2	27	1	1	28	0.0285714	35	0.507246	FALSE	NA	NA	NA	NA	NA	NA
NC_045512.2	10686	C	G	35	2	27	1	1	28	0.0277778	36	0.507042	FALSE	NA	NA	NA	NA	NA	NA
NC_045512.2	10687	T	C	35	2	27	1	1	27	0.0277778	36	0.507042	FALSE	NA	NA	NA	NA	NA	NA
NC_045512.2	10690	T	A	34	2	23	1	1	29	0.0285714	35	0.507246	FALSE	NA	NA	NA	NA	NA	NA
NC_045512.2	10691	A	G	35	2	27	1	1	25	0.027027	37	0.5	FALSE	NA	NA	NA	NA	NA	NA
NC_045512.2	10691	A	C	35	2	27	1	1	27	0.027027	37	0.5	FALSE	NA	NA	NA	NA	NA	NA
NC_045512.2	10692	T	G	35	2	26	1	1	22	0.0277778	36	0.507042	FALSE	NA	NA	NA	NA	NA	NA
NC_045512.2	10693	A	T	33	0	27	1	1	25	0.0285714	35	0.5	FALSE	NA	NA	NA	NA	NA	NA
NC_045512.2	10693	A	G	33	0	27	1	1	27	0.0285714	35	0.5	FALSE	NA	NA	NA	NA	NA	NA
NC_045512.2	10694	A	G	37	4	27	1	1	25	0.0263158	38	0.506667	FALSE	NA	NA	NA	NA	NA	NA
NC_045512.2	10695	A	T	23	2	22	1	1	27	0.0384615	26	0.489796	FALSE	NA	NA	NA	NA	NA	NA
NC_045512.2	10695	A	C	23	2	22	2	2	24	0.0769231	26	0.244898	FALSE	NA	NA	NA	NA	NA	NA
NC_045512.2	10696	T	A	35	2	26	3	3	25	0.0789474	38	0.124932	FALSE	NA	NA	NA	NA	NA	NA
NC_045512.2	10697	G	C	36	3	27	2	2	26	0.0526316	38	0.253333	FALSE	NA	NA	NA	NA	NA	NA
NC_045512.2	10698	G	T	34	3	23	1	1	23	0.0277778	36	0.5	FALSE	NA	NA	NA	NA	NA	NA
NC_045512.2	10698	G	A	34	3	23	1	1	21	0.0277778	36	0.5	FALSE	NA	NA	NA	NA	NA	NA
NC_045512.2	10699	A	T	36	3	27	1	1	29	0.0263158	38	0.5	FALSE	NA	NA	NA	NA	NA	NA
NC_045512.2	10699	A	C	36	3	27	1	1	27	0.0263158	38	0.5	FALSE	NA	NA	NA	NA	NA	NA
NC_045512.2	10700	G	T	35	2	27	1	1	27	0.0263158	38	0.493151	FALSE	NA	NA	NA	NA	NA	NA
NC_045512.2	10700	G	C	35	2	27	1	1	30	0.0263158	38	0.493151	FALSE	NA	NA	NA	NA	NA	NA
NC_045512.2	10700	G	A	35	2	27	1	1	23	0.0263158	38	0.493151	FALSE	NA	NA	NA	NA	NA	NA
NC_045512.2	10701	A	T	36	3	27	1	1	25	0.0263158	38	0.5	FALSE	NA	NA	NA	NA	NA	NA
NC_045512.2	10701	A	G	36	3	27	1	1	23	0.0263158	38	0.5	FALSE	NA	NA	NA	NA	NA	NA
NC_045512.2	10702	C	T	36	3	27	1	1	28	0.0263158	38	0.5	FALSE	NA	NA	NA	NA	NA	NA
NC_045512.2	10702	C	A	36	3	27	1	1	25	0.0263158	38	0.5	FALSE	NA	NA	NA	NA	NA	NA
NC_045512.2	10703	A	T	35	2	27	1	1	23	0.027027	37	0.5	FALSE	NA	NA	NA	NA	NA	NA
NC_045512.2	10703	A	G	35	2	27	1	1	26	0.027027	37	0.5	FALSE	NA	NA	NA	NA	NA	NA
NC_045512.2	10704	G	T	36	3	27	1	1	27	0.027027	37	0.506849	FALSE	NA	NA	NA	NA	NA	NA
NC_045512.2	10705	G	T	32	2	23	2	2	25	0.0571429	35	0.246269	FALSE	NA	NA	NA	NA	NA	NA
NC_045512.2	10705	G	A	32	2	23	1	1	25	0.0285714	35	0.492537	FALSE	NA	NA	NA	NA	NA	NA
NC_045512.2	10706	T	C	37	4	26	1	1	23	0.0263158	38	0.506667	FALSE	NA	NA	NA	NA	NA	NA
NC_045512.2	10707	G	T	43	2	27	1	1	29	0.0217391	46	0.494382	FALSE	NA	NA	NA	NA	NA	NA
NC_045512.2	10707	G	A	43	2	27	2	2	25	0.0434783	46	0.247191	FALSE	NA	NA	NA	NA	NA	NA
NC_045512.2	10708	G	T	39	3	22	1	1	28	0.0243902	41	0.5	FALSE	NA	NA	NA	NA	NA	NA
NC_045512.2	10708	G	A	39	3	22	1	1	29	0.0243902	41	0.5	FALSE	NA	NA	NA	NA	NA	NA
NC_045512.2	10709	T	G	44	3	27	1	1	27	0.0217391	46	0.5	FALSE	NA	NA	NA	NA	NA	NA
NC_045512.2	10709	T	A	44	3	27	1	1	22	0.0217391	46	0.5	FALSE	NA	NA	NA	NA	NA	NA
NC_045512.2	10710	T	C	44	3	28	1	1	27	0.0217391	46	0.5	FALSE	NA	NA	NA	NA	NA	NA
NC_045512.2	10710	T	A	44	3	28	1	1	29	0.0217391	46	0.5	FALSE	NA	NA	NA	NA	NA	NA
NC_045512.2	10711	T	A	35	3	22	2	2	25	0.0540541	37	0.253425	FALSE	NA	NA	NA	NA	NA	NA
NC_045512.2	10712	C	T	43	2	27	2	2	27	0.0434783	46	0.247191	FALSE	NA	NA	NA	NA	NA	NA
NC_045512.2	10712	C	A	43	2	27	1	1	29	0.0217391	46	0.494382	FALSE	NA	NA	NA	NA	NA	NA
NC_045512.2	10713	T	G	43	3	27	2	2	23	0.0434783	46	0.247191	FALSE	NA	NA	NA	NA	NA	NA
NC_045512.2	10713	T	C	43	3	27	1	0	32	0.0217391	46	0.494382	FALSE	NA	NA	NA	NA	NA	NA
NC_045512.2	10714	C	G	43	2	27	3	3	27	0.0652174	46	0.124954	FALSE	NA	NA	NA	NA	NA	NA
NC_045512.2	10715	A	T	44	3	27	1	1	23	0.0222222	45	0.505618	FALSE	NA	NA	NA	NA	NA	NA
NC_045512.2	10716	A	T	33	2	23	2	2	26	0.0555556	36	0.246377	FALSE	NA	NA	NA	NA	NA	NA
NC_045512.2	10716	A	G	33	2	23	1	1	22	0.0277778	36	0.492754	FALSE	NA	NA	NA	NA	NA	NA
NC_045512.2	10717	T	G	44	3	25	1	1	28	0.0217391	46	0.5	FALSE	NA	NA	NA	NA	NA	NA
NC_045512.2	10717	T	A	44	3	25	1	1	23	0.0217391	46	0.5	FALSE	NA	NA	NA	NA	NA	NA
NC_045512.2	10718	C	T	44	3	25	2	2	28	0.0434783	46	0.252747	FALSE	NA	NA	NA	NA	NA	NA
NC_045512.2	10719	G	A	43	2	26	3	3	28	0.0652174	46	0.124954	FALSE	NA	NA	NA	NA	NA	NA
NC_045512.2	10720	A	G	42	2	27	2	2	22	0.0444444	45	0.247126	FALSE	NA	NA	NA	NA	NA	NA
NC_045512.2	10720	A	C	42	2	27	1	1	29	0.0222222	45	0.494253	FALSE	NA	NA	NA	NA	NA	NA
NC_045512.2	10721	T	G	43	3	27	1	1	27	0.0222222	45	0.5	FALSE	NA	NA	NA	NA	NA	NA
NC_045512.2	10721	T	C	43	3	27	1	1	24	0.0222222	45	0.5	FALSE	NA	NA	NA	NA	NA	NA
NC_045512.2	10722	T	C	43	3	28	1	1	27	0.0227273	44	0.505747	FALSE	NA	NA	NA	NA	NA	NA
NC_045512.2	10723	T	G	37	4	22	1	1	23	0.0263158	38	0.506667	FALSE	NA	NA	NA	NA	NA	NA
NC_045512.2	10724	A	G	41	2	27	3	3	26	0.0681818	44	0.124949	FALSE	NA	NA	NA	NA	NA	NA
NC_045512.2	10725	C	T	42	3	27	1	1	22	0.0227273	44	0.5	FALSE	NA	NA	NA	NA	NA	NA
NC_045512.2	10725	C	G	42	3	27	1	1	29	0.0227273	44	0.5	FALSE	NA	NA	NA	NA	NA	NA
NC_045512.2	10726	C	T	39	2	23	3	3	27	0.0714286	42	0.124944	FALSE	NA	NA	NA	NA	NA	NA
NC_045512.2	10727	A	T	41	2	27	2	2	29	0.0454545	44	0.247059	FALSE	NA	NA	NA	NA	NA	NA
NC_045512.2	10727	A	G	41	2	27	1	1	29	0.0227273	44	0.494118	FALSE	NA	NA	NA	NA	NA	NA
NC_045512.2	10728	C	T	42	3	26	1	1	23	0.0227273	44	0.5	FALSE	NA	NA	NA	NA	NA	NA
NC_045512.2	10728	C	G	42	3	26	1	1	28	0.0227273	44	0.5	FALSE	NA	NA	NA	NA	NA	NA
NC_045512.2	10729	A	T	41	2	26	3	3	28	0.0681818	44	0.124949	FALSE	NA	NA	NA	NA	NA	NA
NC_045512.2	10730	A	C	34	4	23	1	1	23	0.0285714	35	0.507246	FALSE	NA	NA	NA	NA	NA	NA
NC_045512.2	10731	C	T	42	3	26	1	1	23	0.0232558	43	0.505882	FALSE	NA	NA	NA	NA	NA	NA
NC_045512.2	10732	T	G	41	2	27	1	1	28	0.0232558	43	0.5	FALSE	NA	NA	NA	NA	NA	NA
NC_045512.2	10732	T	A	41	2	27	1	1	23	0.0232558	43	0.5	FALSE	NA	NA	NA	NA	NA	NA
NC_045512.2	10733	C	T	42	3	27	1	1	22	0.0227273	44	0.5	FALSE	NA	NA	NA	NA	NA	NA
NC_045512.2	10733	C	A	42	3	27	1	1	23	0.0227273	44	0.5	FALSE	NA	NA	NA	NA	NA	NA
NC_045512.2	10734	T	C	41	3	27	1	1	27	0.0232558	43	0.5	FALSE	NA	NA	NA	NA	NA	NA
NC_045512.2	10734	T	A	41	3	27	1	1	23	0.0232558	43	0.5	FALSE	NA	NA	NA	NA	NA	NA
NC_045512.2	10735	T	G	38	3	23	2	2	28	0.05	40	0.253165	FALSE	NA	NA	NA	NA	NA	NA
NC_045512.2	10736	A	G	40	3	27	1	1	23	0.0238095	42	0.5	FALSE	NA	NA	NA	NA	NA	NA
NC_045512.2	10736	A	C	40	3	27	1	1	29	0.0238095	42	0.5	FALSE	NA	NA	NA	NA	NA	NA
NC_045512.2	10737	A	T	36	2	23	2	2	25	0.0512821	39	0.246667	FALSE	NA	NA	NA	NA	NA	NA
NC_045512.2	10737	A	G	36	2	23	1	1	29	0.025641	39	0.493333	FALSE	NA	NA	NA	NA	NA	NA
NC_045512.2	10738	T	G	40	3	27	1	1	29	0.0238095	42	0.5	FALSE	NA	NA	NA	NA	NA	NA
NC_045512.2	10738	T	A	40	3	27	1	1	28	0.0238095	42	0.5	FALSE	NA	NA	NA	NA	NA	NA
NC_045512.2	10739	G	T	40	3	27	2	2	25	0.047619	42	0.253012	FALSE	NA	NA	NA	NA	NA	NA
NC_045512.2	10740	A	T	41	4	27	1	1	28	0.0238095	42	0.506024	FALSE	NA	NA	NA	NA	NA	NA
NC_045512.2	10741	C	A	40	4	27	1	1	28	0.0243902	41	0.506173	FALSE	NA	NA	NA	NA	NA	NA
NC_045512.2	10742	T	C	38	3	27	1	1	25	0.025	40	0.5	FALSE	NA	NA	NA	NA	NA	NA
NC_045512.2	10742	T	A	38	3	27	1	1	28	0.025	40	0.5	FALSE	NA	NA	NA	NA	NA	NA
NC_045512.2	10743	T	G	36	2	28	1	1	23	0.0263158	38	0.5	FALSE	NA	NA	NA	NA	NA	NA
NC_045512.2	10743	T	A	36	2	28	1	1	25	0.0263158	38	0.5	FALSE	NA	NA	NA	NA	NA	NA
NC_045512.2	10744	T	G	30	2	22	1	1	27	0.030303	33	0.492063	FALSE	NA	NA	NA	NA	NA	NA
NC_045512.2	10744	T	C	30	2	22	1	1	28	0.030303	33	0.492063	FALSE	NA	NA	NA	NA	NA	NA
NC_045512.2	10744	T	A	30	2	22	1	1	23	0.030303	33	0.492063	FALSE	NA	NA	NA	NA	NA	NA
NC_045512.2	10745	A	T	38	4	27	1	1	27	0.025641	39	0.506494	FALSE	NA	NA	NA	NA	NA	NA
NC_045512.2	10746	A	T	35	3	23	1	1	22	0.027027	37	0.5	FALSE	NA	NA	NA	NA	NA	NA
NC_045512.2	10746	A	G	35	3	23	1	1	21	0.027027	37	0.5	FALSE	NA	NA	NA	NA	NA	NA
NC_045512.2	10747	C	G	71	3	27	2	2	24	0.0273973	73	0.251724	FALSE	NA	NA	NA	NA	NA	NA
NC_045512.2	10748	C	T	68	2	23	2	2	24	0.028169	71	0.248201	FALSE	NA	NA	NA	NA	NA	NA
NC_045512.2	10748	C	G	68	2	23	1	1	25	0.0140845	71	0.496403	FALSE	NA	NA	NA	NA	NA	NA
NC_045512.2	10749	T	C	70	2	28	1	1	28	0.0138889	72	0.5	FALSE	NA	NA	NA	NA	NA	NA
NC_045512.2	10749	T	A	70	2	28	1	1	25	0.0138889	72	0.5	FALSE	NA	NA	NA	NA	NA	NA
NC_045512.2	10750	T	G	56	4	22	1	1	25	0.0175439	57	0.504425	FALSE	NA	NA	NA	NA	NA	NA
NC_045512.2	10751	G	T	69	2	25	1	1	28	0.0138889	72	0.496454	FALSE	NA	NA	NA	NA	NA	NA
NC_045512.2	10751	G	C	69	2	25	1	1	28	0.0138889	72	0.496454	FALSE	NA	NA	NA	NA	NA	NA
NC_045512.2	10751	G	A	69	2	25	1	1	26	0.0138889	72	0.496454	FALSE	NA	NA	NA	NA	NA	NA
NC_045512.2	10752	T	C	70	3	26	1	1	27	0.0138889	72	0.5	FALSE	NA	NA	NA	NA	NA	NA
NC_045512.2	10752	T	A	70	3	26	1	1	23	0.0138889	72	0.5	FALSE	NA	NA	NA	NA	NA	NA
NC_045512.2	10753	G	C	68	1	28	1	1	25	0.0140845	71	0.496403	FALSE	NA	NA	NA	NA	NA	NA
NC_045512.2	10753	G	A	68	1	28	2	2	27	0.028169	71	0.248201	FALSE	NA	NA	NA	NA	NA	NA
NC_045512.2	10754	G	T	69	3	23	1	1	28	0.0138889	72	0.496454	FALSE	NA	NA	NA	NA	NA	NA
NC_045512.2	10754	G	A	69	3	23	2	1	24	0.0277778	72	0.248227	FALSE	NA	NA	NA	NA	NA	NA
NC_045512.2	10755	C	G	69	2	27	2	2	26	0.0277778	72	0.248227	FALSE	NA	NA	NA	NA	NA	NA
NC_045512.2	10755	C	A	69	2	27	1	1	27	0.0138889	72	0.496454	FALSE	NA	NA	NA	NA	NA	NA
NC_045512.2	10756	T	A	71	4	27	1	1	28	0.0138889	72	0.503497	FALSE	NA	NA	NA	NA	NA	NA
NC_045512.2	10757	A	G	68	2	27	1	0	27	0.0140845	71	0.496403	FALSE	NA	NA	NA	NA	NA	NA
NC_045512.2	10757	A	C	68	2	27	2	2	27	0.028169	71	0.248201	FALSE	NA	NA	NA	NA	NA	NA
NC_045512.2	10758	T	G	70	3	27	2	2	27	0.0277778	72	0.251748	FALSE	NA	NA	NA	NA	NA	NA
NC_045512.2	10759	G	T	69	2	27	2	2	25	0.0277778	72	0.248227	FALSE	NA	NA	NA	NA	NA	NA
NC_045512.2	10759	G	A	69	2	27	1	1	28	0.0138889	72	0.496454	FALSE	NA	NA	NA	NA	NA	NA
NC_045512.2	10760	A	T	69	2	28	3	3	26	0.0416667	72	0.124981	FALSE	NA	NA	NA	NA	NA	NA
NC_045512.2	10761	A	T	66	3	23	2	2	27	0.0294118	68	0.251852	FALSE	NA	NA	NA	NA	NA	NA
NC_045512.2	10762	G	T	69	2	27	1	1	28	0.0138889	72	0.496454	FALSE	NA	NA	NA	NA	NA	NA
NC_045512.2	10762	G	C	69	2	27	1	1	27	0.0138889	72	0.496454	FALSE	NA	NA	NA	NA	NA	NA
NC_045512.2	10762	G	A	69	2	27	1	1	28	0.0138889	72	0.496454	FALSE	NA	NA	NA	NA	NA	NA
NC_045512.2	10763	T	C	70	3	27	1	1	23	0.0138889	72	0.5	FALSE	NA	NA	NA	NA	NA	NA
NC_045512.2	10763	T	A	70	3	27	1	1	28	0.0138889	72	0.5	FALSE	NA	NA	NA	NA	NA	NA
NC_045512.2	10764	A	C	69	2	27	3	3	25	0.0416667	72	0.124981	FALSE	NA	NA	NA	NA	NA	NA
NC_045512.2	10765	C	T	70	3	27	1	1	22	0.0140845	71	0.503546	FALSE	NA	NA	NA	NA	NA	NA
NC_045512.2	10766	A	T	71	4	28	1	1	28	0.0138889	72	0.503497	FALSE	NA	NA	NA	NA	NA	NA
NC_045512.2	10767	A	T	67	2	23	1	1	25	0.0142857	70	0.49635	FALSE	NA	NA	NA	NA	NA	NA
NC_045512.2	10767	A	G	67	2	23	1	1	28	0.0142857	70	0.49635	FALSE	NA	NA	NA	NA	NA	NA
NC_045512.2	10767	A	C	67	2	23	1	1	25	0.0142857	70	0.49635	FALSE	NA	NA	NA	NA	NA	NA
NC_045512.2	10768	T	C	70	3	28	1	1	31	0.0138889	72	0.5	FALSE	NA	NA	NA	NA	NA	NA
NC_045512.2	10768	T	A	70	3	28	1	1	20	0.0138889	72	0.5	FALSE	NA	NA	NA	NA	NA	NA
NC_045512.2	10769	T	G	60	2	23	2	2	24	0.031746	63	0.247967	FALSE	NA	NA	NA	NA	NA	NA
NC_045512.2	10769	T	A	60	2	23	1	1	25	0.015873	63	0.495935	FALSE	NA	NA	NA	NA	NA	NA
NC_045512.2	10770	A	G	69	3	27	2	1	24	0.0277778	72	0.248227	FALSE	NA	NA	NA	NA	NA	NA
NC_045512.2	10770	A	C	69	3	27	1	1	25	0.0138889	72	0.496454	FALSE	NA	NA	NA	NA	NA	NA
NC_045512.2	10771	T	C	70	4	27	2	1	27	0.0277778	72	0.251748	FALSE	NA	NA	NA	NA	NA	NA
NC_045512.2	10772	G	T	69	2	27	2	2	28	0.0277778	72	0.248227	FALSE	NA	NA	NA	NA	NA	NA
NC_045512.2	10772	G	C	69	2	27	1	1	29	0.0138889	72	0.496454	FALSE	NA	NA	NA	NA	NA	NA
NC_045512.2	10773	A	T	69	3	27	2	2	25	0.0277778	72	0.248227	FALSE	NA	NA	NA	NA	NA	NA
NC_045512.2	10773	A	G	69	3	27	1	0	22	0.0138889	72	0.496454	FALSE	NA	NA	NA	NA	NA	NA
NC_045512.2	10774	A	T	58	3	23	2	2	27	0.0333333	60	0.252101	FALSE	NA	NA	NA	NA	NA	NA
NC_045512.2	10775	C	G	70	3	26	1	1	28	0.0138889	72	0.5	FALSE	NA	NA	NA	NA	NA	NA
NC_045512.2	10775	C	A	70	3	26	1	1	24	0.0138889	72	0.5	FALSE	NA	NA	NA	NA	NA	NA
NC_045512.2	10776	C	A	60	3	23	2	2	26	0.0322581	62	0.252033	FALSE	NA	NA	NA	NA	NA	NA
NC_045512.2	10777	T	A	70	3	26	2	2	28	0.0277778	72	0.251748	FALSE	NA	NA	NA	NA	NA	NA
NC_045512.2	10778	C	G	70	3	28	2	2	28	0.0277778	72	0.251748	FALSE	NA	NA	NA	NA	NA	NA
NC_045512.2	10779	T	A	70	3	28	2	2	25	0.0277778	72	0.251748	FALSE	NA	NA	NA	NA	NA	NA
NC_045512.2	10780	A	G	70	4	28	1	0	27	0.0138889	72	0.5	FALSE	NA	NA	NA	NA	NA	NA
NC_045512.2	10780	A	C	70	4	28	1	1	28	0.0138889	72	0.5	FALSE	NA	NA	NA	NA	NA	NA
NC_045512.2	10781	A	T	66	2	23	1	1	23	0.0144928	69	0.496296	FALSE	NA	NA	NA	NA	NA	NA
NC_045512.2	10781	A	C	66	2	23	2	2	27	0.0289855	69	0.248148	FALSE	NA	NA	NA	NA	NA	NA
NC_045512.2	10782	C	T	69	2	27	2	2	28	0.0277778	72	0.248227	FALSE	NA	NA	NA	NA	NA	NA
NC_045512.2	10782	C	A	69	2	27	1	1	24	0.0138889	72	0.496454	FALSE	NA	NA	NA	NA	NA	NA
NC_045512.2	10783	A	T	70	3	27	1	1	28	0.0138889	72	0.5	FALSE	NA	NA	NA	NA	NA	NA
NC_045512.2	10783	A	C	70	3	27	1	1	27	0.0138889	72	0.5	FALSE	NA	NA	NA	NA	NA	NA
NC_045512.2	10784	C	T	69	2	27	2	2	24	0.0277778	72	0.248227	FALSE	NA	NA	NA	NA	NA	NA
NC_045512.2	10784	C	A	69	2	27	1	1	22	0.0138889	72	0.496454	FALSE	NA	NA	NA	NA	NA	NA
NC_045512.2	10785	A	T	70	3	28	2	2	31	0.0277778	72	0.251748	FALSE	NA	NA	NA	NA	NA	NA
NC_045512.2	10786	A	C	69	4	23	1	1	23	0.0142857	70	0.503597	FALSE	NA	NA	NA	NA	NA	NA
NC_045512.2	10787	G	T	69	2	27	1	1	29	0.0138889	72	0.496454	FALSE	NA	NA	NA	NA	NA	NA
NC_045512.2	10787	G	C	69	2	27	1	1	27	0.0138889	72	0.496454	FALSE	NA	NA	NA	NA	NA	NA
NC_045512.2	10787	G	A	69	2	27	1	1	29	0.0138889	72	0.496454	FALSE	NA	NA	NA	NA	NA	NA
NC_045512.2	10788	A	T	69	2	27	2	2	25	0.0277778	72	0.248227	FALSE	NA	NA	NA	NA	NA	NA
NC_045512.2	10788	A	G	69	2	27	1	1	29	0.0138889	72	0.496454	FALSE	NA	NA	NA	NA	NA	NA
NC_045512.2	10789	C	T	68	2	27	1	1	27	0.0140845	71	0.496403	FALSE	NA	NA	NA	NA	NA	NA
NC_045512.2	10789	C	G	68	2	27	1	1	28	0.0140845	71	0.496403	FALSE	NA	NA	NA	NA	NA	NA
NC_045512.2	10789	C	A	68	2	27	1	1	24	0.0140845	71	0.496403	FALSE	NA	NA	NA	NA	NA	NA
NC_045512.2	10790	C	G	65	2	23	1	1	27	0.0147059	68	0.496241	FALSE	NA	NA	NA	NA	NA	NA
NC_045512.2	10790	C	A	65	2	23	2	2	28	0.0294118	68	0.24812	FALSE	NA	NA	NA	NA	NA	NA
NC_045512.2	10791	A	T	68	2	27	1	1	26	0.0140845	71	0.496403	FALSE	NA	NA	NA	NA	NA	NA
NC_045512.2	10791	A	C	68	2	27	2	2	25	0.028169	71	0.248201	FALSE	NA	NA	NA	NA	NA	NA
NC_045512.2	10792	T	G	69	3	27	1	1	22	0.0140845	71	0.5	FALSE	NA	NA	NA	NA	NA	NA
NC_045512.2	10792	T	C	69	3	27	1	1	28	0.0140845	71	0.5	FALSE	NA	NA	NA	NA	NA	NA
NC_045512.2	10793	G	T	69	3	27	2	2	28	0.028169	71	0.251773	FALSE	NA	NA	NA	NA	NA	NA
NC_045512.2	10794	T	C	68	2	27	2	2	27	0.0285714	70	0.251799	FALSE	NA	NA	NA	NA	NA	NA
NC_045512.2	10795	T	A	69	4	23	1	1	21	0.0142857	70	0.503597	FALSE	NA	NA	NA	NA	NA	NA
NC_045512.2	10796	G	A	68	2	27	3	3	26	0.0422535	71	0.124981	FALSE	NA	NA	NA	NA	NA	NA
NC_045512.2	10797	A	T	69	3	27	1	1	28	0.0140845	71	0.5	FALSE	NA	NA	NA	NA	NA	NA
NC_045512.2	10797	A	C	69	3	27	1	1	22	0.0140845	71	0.5	FALSE	NA	NA	NA	NA	NA	NA
NC_045512.2	10798	C	G	70	4	27	1	1	34	0.0140845	71	0.503546	FALSE	NA	NA	NA	NA	NA	NA
NC_045512.2	10799	A	T	70	4	27	1	1	24	0.0140845	71	0.503546	FALSE	NA	NA	NA	NA	NA	NA
NC_045512.2	10800	T	C	69	3	27	1	1	28	0.0140845	71	0.5	FALSE	NA	NA	NA	NA	NA	NA
NC_045512.2	10800	T	A	69	3	27	1	1	28	0.0140845	71	0.5	FALSE	NA	NA	NA	NA	NA	NA
NC_045512.2	10801	A	G	69	3	27	2	2	27	0.028169	71	0.251773	FALSE	NA	NA	NA	NA	NA	NA
NC_045512.2	10802	C	T	68	2	27	2	2	29	0.028169	71	0.248201	FALSE	NA	NA	NA	NA	NA	NA
NC_045512.2	10802	C	A	68	2	27	1	1	27	0.0140845	71	0.496403	FALSE	NA	NA	NA	NA	NA	NA
NC_045512.2	10803	T	G	68	2	28	2	2	25	0.028169	71	0.248201	FALSE	NA	NA	NA	NA	NA	NA
NC_045512.2	10803	T	A	68	2	28	1	1	28	0.0140845	71	0.496403	FALSE	NA	NA	NA	NA	NA	NA
NC_045512.2	10804	A	G	69	3	27	1	1	28	0.0140845	71	0.5	FALSE	NA	NA	NA	NA	NA	NA
NC_045512.2	10804	A	C	69	3	27	1	1	29	0.0140845	71	0.5	FALSE	NA	NA	NA	NA	NA	NA
NC_045512.2	10805	G	C	68	2	27	2	2	25	0.028169	71	0.248201	FALSE	NA	NA	NA	NA	NA	NA
NC_045512.2	10805	G	A	68	2	27	1	1	24	0.0140845	71	0.496403	FALSE	NA	NA	NA	NA	NA	NA
NC_045512.2	10806	G	T	67	2	23	1	1	28	0.0142857	70	0.49635	FALSE	NA	NA	NA	NA	NA	NA
NC_045512.2	10806	G	C	67	2	23	1	1	27	0.0142857	70	0.49635	FALSE	NA	NA	NA	NA	NA	NA
NC_045512.2	10806	G	A	67	2	23	1	1	29	0.0142857	70	0.49635	FALSE	NA	NA	NA	NA	NA	NA
NC_045512.2	10807	A	T	70	4	27	1	1	24	0.0140845	71	0.503546	FALSE	NA	NA	NA	NA	NA	NA
NC_045512.2	10808	C	T	68	2	28	3	3	29	0.0422535	71	0.124981	FALSE	NA	NA	NA	NA	NA	NA
NC_045512.2	10809	C	G	67	2	23	2	2	30	0.0285714	70	0.248175	FALSE	NA	NA	NA	NA	NA	NA
NC_045512.2	10809	C	A	67	2	23	1	1	29	0.0142857	70	0.49635	FALSE	NA	NA	NA	NA	NA	NA
NC_045512.2	10810	T	A	70	4	27	1	1	27	0.0140845	71	0.503546	FALSE	NA	NA	NA	NA	NA	NA
NC_045512.2	10811	C	T	68	2	27	1	1	30	0.0140845	71	0.496403	FALSE	NA	NA	NA	NA	NA	NA
NC_045512.2	10811	C	G	68	2	27	1	1	27	0.0140845	71	0.496403	FALSE	NA	NA	NA	NA	NA	NA
NC_045512.2	10811	C	A	68	2	27	1	1	28	0.0140845	71	0.496403	FALSE	NA	NA	NA	NA	NA	NA
NC_045512.2	10812	T	G	68	2	27	2	2	28	0.028169	71	0.248201	FALSE	NA	NA	NA	NA	NA	NA
NC_045512.2	10812	T	A	68	2	27	1	1	22	0.0140845	71	0.496403	FALSE	NA	NA	NA	NA	NA	NA
NC_045512.2	10813	T	A	69	3	27	2	2	28	0.028169	71	0.251773	FALSE	NA	NA	NA	NA	NA	NA
NC_045512.2	10814	T	C	57	2	22	3	2	25	0.0491803	61	0.121849	FALSE	NA	NA	NA	NA	NA	NA
NC_045512.2	10814	T	A	57	2	22	1	1	28	0.0163934	61	0.491525	FALSE	NA	NA	NA	NA	NA	NA
NC_045512.2	10815	C	A	70	4	26	1	1	27	0.0140845	71	0.503546	FALSE	NA	NA	NA	NA	NA	NA
NC_045512.2	10816	T	A	70	4	27	1	1	24	0.0140845	71	0.503546	FALSE	NA	NA	NA	NA	NA	NA
NC_045512.2	10817	G	C	68	2	27	1	1	28	0.0140845	71	0.496403	FALSE	NA	NA	NA	NA	NA	NA
NC_045512.2	10817	G	A	68	2	27	2	2	28	0.028169	71	0.248201	FALSE	NA	NA	NA	NA	NA	NA
NC_045512.2	10818	C	T	68	3	27	3	2	26	0.0422535	71	0.124981	FALSE	NA	NA	NA	NA	NA	NA
NC_045512.2	10819	T	C	69	4	27	1	0	25	0.0140845	71	0.5	FALSE	NA	NA	NA	NA	NA	NA
NC_045512.2	10819	T	A	69	4	27	1	1	24	0.0140845	71	0.5	FALSE	NA	NA	NA	NA	NA	NA
NC_045512.2	10820	C	A	66	2	27	3	3	29	0.0434783	69	0.12498	FALSE	NA	NA	NA	NA	NA	NA
NC_045512.2	10820	C	+A	66	2	27	3	0	20	0.0434783	69	0.12498	FALSE	NA	NA	NA	NA	NA	NA
NC_045512.2	10821	A	T	66	2	27	1	1	28	0.0144928	69	0.496296	FALSE	NA	NA	NA	NA	NA	NA
NC_045512.2	10821	A	G	66	2	27	1	1	24	0.0144928	69	0.496296	FALSE	NA	NA	NA	NA	NA	NA
NC_045512.2	10821	A	C	66	2	27	1	1	28	0.0144928	69	0.496296	FALSE	NA	NA	NA	NA	NA	NA
NC_045512.2	10822	A	G	67	3	28	2	2	28	0.0289855	69	0.251825	FALSE	NA	NA	NA	NA	NA	NA
NC_045512.2	10823	A	C	60	4	22	2	2	24	0.0322581	62	0.252033	FALSE	NA	NA	NA	NA	NA	NA
NC_045512.2	10824	C	A	68	4	26	2	2	25	0.0285714	70	0.251799	FALSE	NA	NA	NA	NA	NA	NA
NC_045512.2	10825	T	G	66	3	27	1	1	23	0.0142857	70	0.492647	FALSE	NA	NA	NA	NA	NA	NA
NC_045512.2	10825	T	C	66	3	27	2	2	25	0.0285714	70	0.244526	FALSE	NA	NA	NA	NA	NA	NA
NC_045512.2	10825	T	A	66	3	27	1	1	27	0.0142857	70	0.492647	FALSE	NA	NA	NA	NA	NA	NA
NC_045512.2	10826	G	T	64	4	27	2	2	27	0.0298507	67	0.248092	FALSE	NA	NA	NA	NA	NA	NA
NC_045512.2	10826	G	C	64	4	27	1	1	27	0.0149254	67	0.496183	FALSE	NA	NA	NA	NA	NA	NA
NC_045512.2	10827	G	T	49	3	22	1	1	27	0.0192308	52	0.49505	FALSE	NA	NA	NA	NA	NA	NA
NC_045512.2	10827	G	C	49	3	22	1	1	28	0.0192308	52	0.49505	FALSE	NA	NA	NA	NA	NA	NA
NC_045512.2	10827	G	A	49	3	22	1	1	27	0.0192308	52	0.49505	FALSE	NA	NA	NA	NA	NA	NA
NC_045512.2	10828	A	T	58	2	27	3	3	24	0.047619	63	0.118928	FALSE	NA	NA	NA	NA	NA	NA
NC_045512.2	10828	A	C	58	2	27	2	2	25	0.031746	63	0.239805	FALSE	NA	NA	NA	NA	NA	NA
NC_045512.2	10829	A	T	45	2	22	3	3	26	0.06	50	0.117309	FALSE	NA	NA	NA	NA	NA	NA
NC_045512.2	10829	A	G	45	2	22	1	1	21	0.02	50	0.484211	FALSE	NA	NA	NA	NA	NA	NA
NC_045512.2	10829	A	C	45	2	22	1	1	29	0.02	50	0.484211	FALSE	NA	NA	NA	NA	NA	NA
NC_045512.2	10830	T	G	53	3	27	1	1	27	0.0175439	57	0.490909	FALSE	NA	NA	NA	NA	NA	NA
NC_045512.2	10830	T	C	53	3	27	1	1	23	0.0175439	57	0.490909	FALSE	NA	NA	NA	NA	NA	NA
NC_045512.2	10830	T	A	53	3	27	2	2	26	0.0350877	57	0.243243	FALSE	NA	NA	NA	NA	NA	NA
NC_045512.2	10831	T	C	35	4	22	2	2	28	0.0526316	38	0.246575	FALSE	NA	NA	NA	NA	NA	NA
NC_045512.2	10831	T	A	35	4	22	1	1	27	0.0263158	38	0.493151	FALSE	NA	NA	NA	NA	NA	NA
NC_045512.2	10832	G	T	51	3	25	2	2	26	0.0363636	55	0.242991	FALSE	NA	NA	NA	NA	NA	NA
NC_045512.2	10832	G	C	51	3	25	2	2	25	0.0363636	55	0.242991	FALSE	NA	NA	NA	NA	NA	NA
NC_045512.2	10833	C	T	51	3	25	1	1	24	0.0181818	55	0.490566	FALSE	NA	NA	NA	NA	NA	NA
NC_045512.2	10833	C	G	51	3	25	1	1	30	0.0181818	55	0.490566	FALSE	NA	NA	NA	NA	NA	NA
NC_045512.2	10833	C	A	51	3	25	2	2	25	0.0363636	55	0.242991	FALSE	NA	NA	NA	NA	NA	NA
NC_045512.2	10834	C	T	49	6	22	2	2	26	0.0384615	52	0.247525	FALSE	NA	NA	NA	NA	NA	NA
NC_045512.2	10834	C	A	49	6	22	1	1	27	0.0192308	52	0.49505	FALSE	NA	NA	NA	NA	NA	NA
NC_045512.2	10835	G	T	52	4	25	4	4	24	0.0701754	57	0.0591371	FALSE	NA	NA	NA	NA	NA	NA
NC_045512.2	10835	G	A	52	4	25	1	1	22	0.0175439	57	0.486239	FALSE	NA	NA	NA	NA	NA	NA
NC_045512.2	10836	T	C	41	3	26	2	2	26	0.0434783	46	0.235893	FALSE	NA	NA	NA	NA	NA	NA
NC_045512.2	10836	T	A	41	3	26	3	3	25	0.0652174	46	0.116621	FALSE	NA	NA	NA	NA	NA	NA
NC_045512.2	10837	T	G	40	2	27	4	4	26	0.0833333	48	0.0507923	FALSE	NA	NA	NA	NA	NA	NA
NC_045512.2	10837	T	C	40	2	27	2	2	25	0.0416667	48	0.219867	FALSE	NA	NA	NA	NA	NA	NA
NC_045512.2	10837	T	A	40	2	27	2	2	23	0.0416667	48	0.219867	FALSE	NA	NA	NA	NA	NA	NA
NC_045512.2	10838	T	G	42	4	27	1	1	23	0.0204082	49	0.472527	FALSE	NA	NA	NA	NA	NA	NA
NC_045512.2	10838	T	C	42	4	27	2	2	25	0.0408163	49	0.225991	FALSE	NA	NA	NA	NA	NA	NA
NC_045512.2	10838	T	A	42	4	27	4	4	28	0.0816327	49	0.053512	FALSE	NA	NA	NA	NA	NA	NA
NC_045512.2	10839	T	G	19	5	21	2	2	21	0.0869565	23	0.232558	FALSE	NA	NA	NA	NA	NA	NA
NC_045512.2	10839	T	C	19	5	21	1	1	23	0.0434783	23	0.47619	FALSE	NA	NA	NA	NA	NA	NA
NC_045512.2	10839	T	A	19	5	21	1	1	27	0.0434783	23	0.47619	FALSE	NA	NA	NA	NA	NA	NA
NC_045512.2	10840	A	T	41	4	26	3	3	27	0.0612245	49	0.105463	FALSE	NA	NA	NA	NA	NA	NA
NC_045512.2	10840	A	G	41	4	26	3	2	27	0.0612245	49	0.105463	FALSE	NA	NA	NA	NA	NA	NA
NC_045512.2	10840	A	C	41	4	26	2	2	27	0.0408163	49	0.220513	FALSE	NA	NA	NA	NA	NA	NA
NC_045512.2	10841	G	T	42	4	26	2	2	26	0.0408163	49	0.225991	FALSE	NA	NA	NA	NA	NA	NA
NC_045512.2	10841	G	C	42	4	26	4	4	26	0.0816327	49	0.053512	FALSE	NA	NA	NA	NA	NA	NA
NC_045512.2	10841	G	A	42	4	26	1	1	27	0.0204082	49	0.472527	FALSE	NA	NA	NA	NA	NA	NA
NC_045512.2	10842	A	T	42	4	26	6	6	26	0.122449	49	0.0132372	FALSE	NA	NA	NA	NA	NA	NA
NC_045512.2	10842	A	G	42	4	26	1	1	24	0.0204082	49	0.472527	FALSE	NA	NA	NA	NA	NA	NA
NC_045512.2	10843	T	G	39	2	26	3	3	26	0.0638298	47	0.104615	FALSE	NA	NA	NA	NA	NA	NA
NC_045512.2	10843	T	C	39	2	26	1	1	23	0.0212766	47	0.465116	FALSE	NA	NA	NA	NA	NA	NA
NC_045512.2	10843	T	A	39	2	26	4	4	26	0.0851064	47	0.0505442	FALSE	NA	NA	NA	NA	NA	NA
NC_045512.2	10844	A	T	40	3	25	4	4	24	0.0833333	48	0.0507923	FALSE	NA	NA	NA	NA	NA	NA
NC_045512.2	10844	A	G	40	3	25	3	3	25	0.0625	48	0.105048	FALSE	NA	NA	NA	NA	NA	NA
NC_045512.2	10844	A	C	40	3	25	1	1	28	0.0208333	48	0.465909	FALSE	NA	NA	NA	NA	NA	NA
NC_045512.2	10845	T	G	39	4	26	3	3	28	0.0638298	47	0.104615	FALSE	NA	NA	NA	NA	NA	NA
NC_045512.2	10845	T	C	39	4	26	3	3	25	0.0638298	47	0.104615	FALSE	NA	NA	NA	NA	NA	NA
NC_045512.2	10845	T	A	39	4	26	2	2	28	0.0425532	47	0.219193	FALSE	NA	NA	NA	NA	NA	NA
NC_045512.2	10846	G	T	37	3	26	3	3	27	0.0666667	45	0.10369	FALSE	NA	NA	NA	NA	NA	NA
NC_045512.2	10846	G	C	37	3	26	2	2	27	0.0444444	45	0.217749	FALSE	NA	NA	NA	NA	NA	NA
NC_045512.2	10846	G	A	37	3	26	3	3	27	0.0666667	45	0.10369	FALSE	NA	NA	NA	NA	NA	NA
NC_045512.2	10847	T	C	41	5	26	1	1	26	0.0208333	48	0.47191	FALSE	NA	NA	NA	NA	NA	NA
NC_045512.2	10847	T	A	41	5	26	6	6	26	0.125	48	0.0131876	FALSE	NA	NA	NA	NA	NA	NA
NC_045512.2	10848	G	T	43	6	26	3	3	27	0.0612245	49	0.113246	FALSE	NA	NA	NA	NA	NA	NA
NC_045512.2	10848	G	C	43	6	26	2	2	27	0.0408163	49	0.231417	FALSE	NA	NA	NA	NA	NA	NA
NC_045512.2	10848	G	A	43	6	26	1	1	27	0.0204082	49	0.478261	FALSE	NA	NA	NA	NA	NA	NA
NC_045512.2	10849	T	G	41	5	26	3	3	27	0.0638298	47	0.112734	FALSE	NA	NA	NA	NA	NA	NA
NC_045512.2	10849	T	C	41	5	26	1	1	27	0.0212766	47	0.477273	FALSE	NA	NA	NA	NA	NA	NA
NC_045512.2	10849	T	A	41	5	26	2	2	25	0.0425532	47	0.230592	FALSE	NA	NA	NA	NA	NA	NA
NC_045512.2	10850	G	T	37	2	26	3	3	27	0.0638298	47	0.0965409	FALSE	NA	NA	NA	NA	NA	NA
NC_045512.2	10850	G	C	37	2	26	2	2	25	0.0425532	47	0.207563	FALSE	NA	NA	NA	NA	NA	NA
NC_045512.2	10850	G	A	37	2	26	5	5	24	0.106383	47	0.0217141	FALSE	NA	NA	NA	NA	NA	NA
NC_045512.2	10851	C	T	40	6	26	1	1	24	0.0217391	46	0.476744	FALSE	NA	NA	NA	NA	NA	NA
NC_045512.2	10851	C	G	40	6	26	2	2	22	0.0434783	46	0.230152	FALSE	NA	NA	NA	NA	NA	NA
NC_045512.2	10851	C	A	40	6	26	3	3	27	0.0652174	46	0.112461	FALSE	NA	NA	NA	NA	NA	NA
NC_045512.2	10852	T	G	39	5	26	3	3	26	0.0666667	45	0.112175	FALSE	NA	NA	NA	NA	NA	NA
NC_045512.2	10852	T	C	39	5	26	2	2	28	0.0444444	45	0.229692	FALSE	NA	NA	NA	NA	NA	NA
NC_045512.2	10852	T	A	39	5	26	1	1	22	0.0222222	45	0.47619	FALSE	NA	NA	NA	NA	NA	NA
NC_045512.2	10853	T	C	40	9	23	1	1	26	0.0232558	43	0.493976	FALSE	NA	NA	NA	NA	NA	NA
NC_045512.2	10853	T	A	40	9	23	2	2	29	0.0465116	43	0.246988	FALSE	NA	NA	NA	NA	NA	NA
NC_045512.2	10854	C	T	36	4	26	4	4	26	0.0909091	44	0.0497328	FALSE	NA	NA	NA	NA	NA	NA
NC_045512.2	10854	C	A	36	4	26	4	4	27	0.0909091	44	0.0497328	FALSE	NA	NA	NA	NA	NA	NA
NC_045512.2	10855	A	T	34	4	26	5	5	29	0.119048	42	0.0239499	FALSE	NA	NA	NA	NA	NA	NA
NC_045512.2	10855	A	G	34	4	26	1	1	24	0.0238095	42	0.460526	FALSE	NA	NA	NA	NA	NA	NA
NC_045512.2	10855	A	C	34	4	26	2	2	27	0.047619	42	0.215311	FALSE	NA	NA	NA	NA	NA	NA
NC_045512.2	10856	T	G	33	4	27	2	2	29	0.0487805	41	0.214414	FALSE	NA	NA	NA	NA	NA	NA
NC_045512.2	10856	T	A	33	4	27	6	6	25	0.146341	41	0.0117376	FALSE	NA	NA	NA	NA	NA	NA
NC_045512.2	10857	T	G	31	4	23	3	3	27	0.0769231	39	0.100335	FALSE	NA	NA	NA	NA	NA	NA
NC_045512.2	10857	T	C	31	4	23	1	1	28	0.025641	39	0.457143	FALSE	NA	NA	NA	NA	NA	NA
NC_045512.2	10857	T	A	31	4	23	4	4	26	0.102564	39	0.048106	FALSE	NA	NA	NA	NA	NA	NA
NC_045512.2	10857	T	-A	31	4	23	2	0	20	0.0512821	39	0.212475	FALSE	NA	NA	NA	NA	NA	NA
NC_045512.2	10858	A	T	32	3	27	2	2	26	0.0526316	38	0.21347	FALSE	NA	NA	NA	NA	NA	NA
NC_045512.2	10858	A	G	32	3	27	2	2	27	0.0526316	38	0.21347	FALSE	NA	NA	NA	NA	NA	NA
NC_045512.2	10858	A	C	32	3	27	2	2	25	0.0526316	38	0.21347	FALSE	NA	NA	NA	NA	NA	NA
NC_045512.2	10859	A	T	35	6	27	3	3	25	0.0731707	41	0.110889	FALSE	NA	NA	NA	NA	NA	NA
NC_045512.2	10859	A	C	35	6	27	3	3	28	0.0731707	41	0.110889	FALSE	NA	NA	NA	NA	NA	NA
NC_045512.2	10860	A	T	37	8	28	2	2	24	0.0487805	41	0.240506	FALSE	NA	NA	NA	NA	NA	NA
NC_045512.2	10860	A	G	37	8	28	1	1	27	0.0243902	41	0.487179	FALSE	NA	NA	NA	NA	NA	NA
NC_045512.2	10860	A	C	37	8	28	1	1	29	0.0243902	41	0.487179	FALSE	NA	NA	NA	NA	NA	NA
NC_045512.2	10861	A	T	16	4	22	5	5	25	0.208333	24	0.0187374	FALSE	NA	NA	NA	NA	NA	NA
NC_045512.2	10861	A	C	16	4	22	3	3	24	0.125	24	0.0844077	FALSE	NA	NA	NA	NA	NA	NA
NC_045512.2	10862	G	T	33	5	26	2	2	24	0.05	40	0.220289	FALSE	NA	NA	NA	NA	NA	NA
NC_045512.2	10862	G	C	33	5	26	2	2	28	0.05	40	0.220289	FALSE	NA	NA	NA	NA	NA	NA
NC_045512.2	10862	G	A	33	5	26	3	3	25	0.075	40	0.105739	FALSE	NA	NA	NA	NA	NA	NA
NC_045512.2	10863	A	T	31	5	27	4	4	29	0.105263	38	0.0508947	FALSE	NA	NA	NA	NA	NA	NA
NC_045512.2	10863	A	G	31	5	27	1	1	28	0.0263158	38	0.463768	FALSE	NA	NA	NA	NA	NA	NA
NC_045512.2	10863	A	C	31	5	27	2	2	24	0.0526316	38	0.218634	FALSE	NA	NA	NA	NA	NA	NA
NC_045512.2	10864	A	T	29	6	24	2	2	27	0.0588235	34	0.230655	FALSE	NA	NA	NA	NA	NA	NA
NC_045512.2	10864	A	G	29	6	24	1	1	27	0.0294118	34	0.47619	FALSE	NA	NA	NA	NA	NA	NA
NC_045512.2	10864	A	C	29	6	24	2	2	28	0.0588235	34	0.230655	FALSE	NA	NA	NA	NA	NA	NA
NC_045512.2	10865	T	G	30	5	27	1	1	24	0.027027	37	0.462687	FALSE	NA	NA	NA	NA	NA	NA
NC_045512.2	10865	T	C	30	5	27	5	5	24	0.135135	37	0.0249335	FALSE	NA	NA	NA	NA	NA	NA
NC_045512.2	10865	T	A	30	5	27	1	1	28	0.027027	37	0.462687	FALSE	NA	NA	NA	NA	NA	NA
NC_045512.2	10866	T	G	21	4	23	2	2	28	0.0689655	29	0.198431	FALSE	NA	NA	NA	NA	NA	NA
NC_045512.2	10866	T	C	21	4	23	4	4	27	0.137931	29	0.0431999	FALSE	NA	NA	NA	NA	NA	NA
NC_045512.2	10866	T	A	21	4	23	2	2	23	0.0689655	29	0.198431	FALSE	NA	NA	NA	NA	NA	NA
NC_045512.2	10867	A	T	27	6	26	3	3	28	0.0857143	35	0.0974462	FALSE	NA	NA	NA	NA	NA	NA
NC_045512.2	10867	A	G	27	6	26	1	1	26	0.0285714	35	0.451613	FALSE	NA	NA	NA	NA	NA	NA
NC_045512.2	10867	A	C	27	6	26	4	1	26	0.114286	35	0.0464744	FALSE	NA	NA	NA	NA	NA	NA
NC_045512.2	10868	C	T	28	7	26	3	3	24	0.0909091	33	0.113193	FALSE	NA	NA	NA	NA	NA	NA
NC_045512.2	10868	C	A	28	7	26	2	2	28	0.0606061	33	0.230037	FALSE	NA	NA	NA	NA	NA	NA
NC_045512.2	10869	T	G	31	8	26	2	2	25	0.0571429	35	0.238806	FALSE	NA	NA	NA	NA	NA	NA
NC_045512.2	10869	T	A	31	8	26	2	2	28	0.0571429	35	0.238806	FALSE	NA	NA	NA	NA	NA	NA
NC_045512.2	10870	G	T	24	3	25	3	3	25	0.0967742	31	0.0999658	FALSE	NA	NA	NA	NA	NA	NA
NC_045512.2	10870	G	C	24	3	25	3	3	26	0.0967742	31	0.0999658	FALSE	NA	NA	NA	NA	NA	NA
NC_045512.2	10870	G	A	24	3	25	1	1	24	0.0322581	31	0.454545	FALSE	NA	NA	NA	NA	NA	NA
NC_045512.2	10871	C	T	22	2	25	1	1	27	0.0357143	28	0.46	FALSE	NA	NA	NA	NA	NA	NA
NC_045512.2	10871	C	G	22	2	25	1	1	20	0.0357143	28	0.46	FALSE	NA	NA	NA	NA	NA	NA
NC_045512.2	10871	C	A	22	2	25	4	4	23	0.142857	28	0.0510544	FALSE	NA	NA	NA	NA	NA	NA
NC_045512.2	10872	A	G	13	3	26	2	2	27	0.117647	17	0.225806	FALSE	NA	NA	NA	NA	NA	NA
NC_045512.2	10872	A	C	13	3	26	2	2	25	0.117647	17	0.225806	FALSE	NA	NA	NA	NA	NA	NA
NC_045512.2	10873	A	G	12	3	27	2	2	27	0.125	16	0.224138	FALSE	NA	NA	NA	NA	NA	NA
NC_045512.2	10873	A	C	12	3	27	2	2	23	0.125	16	0.224138	FALSE	NA	NA	NA	NA	NA	NA
NC_045512.2	10874	A	T	10	2	27	1	1	27	0.0666667	15	0.44	FALSE	NA	NA	NA	NA	NA	NA
NC_045512.2	10874	A	C	10	2	27	4	4	26	0.266667	15	0.0488889	FALSE	NA	NA	NA	NA	NA	NA
NC_045512.2	10875	A	T	6	4	23	1	1	24	0.125	8	0.5	FALSE	NA	NA	NA	NA	NA	NA
NC_045512.2	10875	A	C	6	4	23	1	1	24	0.125	8	0.5	FALSE	NA	NA	NA	NA	NA	NA
NC_045512.2	10876	T	C	8	2	26	3	3	24	0.230769	13	0.0931677	FALSE	NA	NA	NA	NA	NA	NA
NC_045512.2	10876	T	A	8	2	26	2	2	24	0.153846	13	0.194805	FALSE	NA	NA	NA	NA	NA	NA
NC_045512.2	10877	G	T	9	3	26	1	1	23	0.0769231	13	0.454545	FALSE	NA	NA	NA	NA	NA	NA
NC_045512.2	10877	G	A	9	3	26	3	3	24	0.230769	13	0.108696	FALSE	NA	NA	NA	NA	NA	NA
NC_045512.2	10878	G	T	5	0	22	2	2	24	0.181818	11	0.154412	FALSE	NA	NA	NA	NA	NA	NA
NC_045512.2	10878	G	C	5	0	22	1	1	28	0.0909091	11	0.375	FALSE	NA	NA	NA	NA	NA	NA
NC_045512.2	10878	G	A	5	0	22	3	3	24	0.272727	11	0.0686275	FALSE	NA	NA	NA	NA	NA	NA
NC_045512.2	10879	T	G	7	1	26	2	2	24	0.153846	13	0.171429	FALSE	NA	NA	NA	NA	NA	NA
NC_045512.2	10879	T	C	7	1	26	2	2	24	0.153846	13	0.171429	FALSE	NA	NA	NA	NA	NA	NA
NC_045512.2	10879	T	A	7	1	26	2	2	28	0.153846	13	0.171429	FALSE	NA	NA	NA	NA	NA	NA
NC_045512.2	10880	A	T	7	1	27	2	2	22	0.153846	13	0.171429	FALSE	NA	NA	NA	NA	NA	NA
NC_045512.2	10880	A	G	7	1	27	1	1	28	0.0769231	13	0.4	FALSE	NA	NA	NA	NA	NA	NA
NC_045512.2	10880	A	C	7	1	27	3	3	29	0.230769	13	0.0779221	FALSE	NA	NA	NA	NA	NA	NA
NC_045512.2	10881	T	G	9	3	26	1	1	24	0.0769231	13	0.454545	FALSE	NA	NA	NA	NA	NA	NA
NC_045512.2	10881	T	A	9	3	26	3	3	26	0.230769	13	0.108696	FALSE	NA	NA	NA	NA	NA	NA
NC_045512.2	10882	G	T	9	3	26	2	2	25	0.153846	13	0.217391	FALSE	NA	NA	NA	NA	NA	NA
NC_045512.2	10882	G	C	9	3	26	1	1	25	0.0769231	13	0.454545	FALSE	NA	NA	NA	NA	NA	NA
NC_045512.2	10882	G	A	9	3	26	1	1	23	0.0769231	13	0.454545	FALSE	NA	NA	NA	NA	NA	NA
NC_045512.2	10883	A	G	9	3	27	2	2	25	0.166667	12	0.238095	FALSE	NA	NA	NA	NA	NA	NA
NC_045512.2	10883	A	C	9	3	27	1	1	23	0.0833333	12	0.47619	FALSE	NA	NA	NA	NA	NA	NA
NC_045512.2	10884	A	T	7	2	22	2	2	23	0.166667	12	0.189474	FALSE	NA	NA	NA	NA	NA	NA
NC_045512.2	10884	A	C	7	2	22	3	3	25	0.25	12	0.0902256	FALSE	NA	NA	NA	NA	NA	NA
NC_045512.2	10885	T	G	7	2	27	1	1	25	0.0833333	12	0.421053	FALSE	NA	NA	NA	NA	NA	NA
NC_045512.2	10885	T	C	7	2	27	1	1	27	0.0833333	12	0.421053	FALSE	NA	NA	NA	NA	NA	NA
NC_045512.2	10885	T	A	7	2	27	3	3	25	0.25	12	0.0902256	FALSE	NA	NA	NA	NA	NA	NA
NC_045512.2	10886	G	T	7	2	27	4	4	24	0.333333	12	0.0451128	FALSE	NA	NA	NA	NA	NA	NA
NC_045512.2	10886	G	A	7	2	27	1	1	25	0.0833333	12	0.421053	FALSE	NA	NA	NA	NA	NA	NA
NC_045512.2	10887	G	T	4	0	23	1	1	27	0.1	10	0.357143	FALSE	NA	NA	NA	NA	NA	NA
NC_045512.2	10887	G	C	4	0	23	1	1	27	0.1	10	0.357143	FALSE	NA	NA	NA	NA	NA	NA
NC_045512.2	10887	G	A	4	0	23	4	4	26	0.4	10	0.0294118	FALSE	NA	NA	NA	NA	NA	NA
NC_045512.2	10888	A	T	6	1	27	1	1	21	0.0833333	12	0.388889	FALSE	NA	NA	NA	NA	NA	NA
NC_045512.2	10888	A	C	6	1	27	5	5	27	0.416667	12	0.0175439	FALSE	NA	NA	NA	NA	NA	NA
NC_045512.2	10889	C	T	5	0	27	4	4	28	0.333333	12	0.0260062	FALSE	NA	NA	NA	NA	NA	NA
NC_045512.2	10889	C	A	5	0	27	3	3	25	0.25	12	0.0577915	FALSE	NA	NA	NA	NA	NA	NA
NC_045512.2	10890	G	T	6	1	27	4	4	25	0.333333	12	0.0350877	FALSE	NA	NA	NA	NA	NA	NA
NC_045512.2	10890	G	A	6	1	27	2	2	28	0.166667	12	0.163743	FALSE	NA	NA	NA	NA	NA	NA
NC_045512.2	10891	T	G	5	0	27	3	3	22	0.25	12	0.0577915	FALSE	NA	NA	NA	NA	NA	NA
NC_045512.2	10891	T	C	5	0	27	1	1	28	0.0833333	12	0.352941	FALSE	NA	NA	NA	NA	NA	NA
NC_045512.2	10891	T	A	5	0	27	3	3	26	0.25	12	0.0577915	FALSE	NA	NA	NA	NA	NA	NA
NC_045512.2	10892	A	T	6	1	27	2	2	25	0.166667	12	0.163743	FALSE	NA	NA	NA	NA	NA	NA
NC_045512.2	10892	A	G	6	1	27	2	2	27	0.166667	12	0.163743	FALSE	NA	NA	NA	NA	NA	NA
NC_045512.2	10892	A	C	6	1	27	2	2	26	0.166667	12	0.163743	FALSE	NA	NA	NA	NA	NA	NA
NC_045512.2	10893	C	T	6	1	26	3	3	27	0.25	12	0.0736842	FALSE	NA	NA	NA	NA	NA	NA
NC_045512.2	10893	C	G	6	1	26	1	1	27	0.0833333	12	0.388889	FALSE	NA	NA	NA	NA	NA	NA
NC_045512.2	10893	C	A	6	1	26	2	2	27	0.166667	12	0.163743	FALSE	NA	NA	NA	NA	NA	NA
NC_045512.2	10894	C	G	9	4	23	1	1	28	0.0833333	12	0.47619	FALSE	NA	NA	NA	NA	NA	NA
NC_045512.2	10894	C	A	9	4	23	2	2	27	0.166667	12	0.238095	FALSE	NA	NA	NA	NA	NA	NA
NC_045512.2	10895	A	T	6	1	25	2	2	28	0.166667	12	0.163743	FALSE	NA	NA	NA	NA	NA	NA
NC_045512.2	10895	A	G	6	1	25	2	2	24	0.166667	12	0.163743	FALSE	NA	NA	NA	NA	NA	NA
NC_045512.2	10895	A	C	6	1	25	2	2	26	0.166667	12	0.163743	FALSE	NA	NA	NA	NA	NA	NA
NC_045512.2	10896	T	G	7	2	26	2	2	28	0.166667	12	0.189474	FALSE	NA	NA	NA	NA	NA	NA
NC_045512.2	10896	T	C	7	2	26	3	3	29	0.25	12	0.0902256	FALSE	NA	NA	NA	NA	NA	NA
NC_045512.2	10897	A	T	9	4	25	1	1	28	0.0833333	12	0.47619	FALSE	NA	NA	NA	NA	NA	NA
NC_045512.2	10897	A	C	9	4	25	2	2	26	0.166667	12	0.238095	FALSE	NA	NA	NA	NA	NA	NA
NC_045512.2	10898	T	C	7	3	25	2	2	24	0.181818	11	0.210526	FALSE	NA	NA	NA	NA	NA	NA
NC_045512.2	10898	T	A	7	3	25	2	2	26	0.181818	11	0.210526	FALSE	NA	NA	NA	NA	NA	NA
NC_045512.2	10899	T	C	5	2	24	2	2	29	0.2	10	0.175	FALSE	NA	NA	NA	NA	NA	NA
NC_045512.2	10899	T	A	5	2	24	3	3	28	0.3	10	0.0823529	FALSE	NA	NA	NA	NA	NA	NA
NC_045512.2	10900	G	T	17	1	27	4	4	27	0.166667	24	0.0440881	FALSE	NA	NA	NA	NA	NA	NA
NC_045512.2	10900	G	C	17	1	27	3	3	27	0.125	24	0.092375	FALSE	NA	NA	NA	NA	NA	NA
NC_045512.2	10901	G	T	18	1	27	2	2	27	0.08	25	0.200846	FALSE	NA	NA	NA	NA	NA	NA
NC_045512.2	10901	G	C	18	1	27	4	4	26	0.16	25	0.0448264	FALSE	NA	NA	NA	NA	NA	NA
NC_045512.2	10901	G	A	18	1	27	1	1	28	0.04	25	0.44186	FALSE	NA	NA	NA	NA	NA	NA
NC_045512.2	10902	G	T	15	2	22	4	4	24	0.190476	21	0.047124	FALSE	NA	NA	NA	NA	NA	NA
NC_045512.2	10902	G	C	15	2	22	1	1	27	0.047619	21	0.444444	FALSE	NA	NA	NA	NA	NA	NA
NC_045512.2	10902	G	A	15	2	22	1	1	26	0.047619	21	0.444444	FALSE	NA	NA	NA	NA	NA	NA
NC_045512.2	10903	T	G	20	3	26	4	4	25	0.16	25	0.0546099	FALSE	NA	NA	NA	NA	NA	NA
NC_045512.2	10903	T	A	20	3	26	1	1	24	0.04	25	0.466667	FALSE	NA	NA	NA	NA	NA	NA
NC_045512.2	10904	A	T	20	3	27	2	2	28	0.08	25	0.223188	FALSE	NA	NA	NA	NA	NA	NA
NC_045512.2	10904	A	G	20	3	27	1	1	27	0.04	25	0.466667	FALSE	NA	NA	NA	NA	NA	NA
NC_045512.2	10904	A	C	20	3	27	2	2	27	0.08	25	0.223188	FALSE	NA	NA	NA	NA	NA	NA
NC_045512.2	10905	G	T	19	2	27	2	2	27	0.08	25	0.212121	FALSE	NA	NA	NA	NA	NA	NA
NC_045512.2	10905	G	C	19	2	27	2	2	28	0.08	25	0.212121	FALSE	NA	NA	NA	NA	NA	NA
NC_045512.2	10905	G	A	19	2	27	2	2	27	0.08	25	0.212121	FALSE	NA	NA	NA	NA	NA	NA
NC_045512.2	10906	T	C	21	4	26	3	3	26	0.12	25	0.117021	FALSE	NA	NA	NA	NA	NA	NA
NC_045512.2	10906	T	A	21	4	26	1	1	27	0.04	25	0.478261	FALSE	NA	NA	NA	NA	NA	NA
NC_045512.2	10907	G	T	20	3	26	1	1	29	0.04	25	0.466667	FALSE	NA	NA	NA	NA	NA	NA
NC_045512.2	10907	G	C	20	3	26	2	2	26	0.08	25	0.223188	FALSE	NA	NA	NA	NA	NA	NA
NC_045512.2	10907	G	A	20	3	26	2	2	22	0.08	25	0.223188	FALSE	NA	NA	NA	NA	NA	NA
NC_045512.2	10908	C	T	20	4	26	1	1	28	0.0416667	24	0.477273	FALSE	NA	NA	NA	NA	NA	NA
NC_045512.2	10908	C	G	20	4	26	1	1	22	0.0416667	24	0.477273	FALSE	NA	NA	NA	NA	NA	NA
NC_045512.2	10908	C	A	20	4	26	2	2	27	0.0833333	24	0.233333	FALSE	NA	NA	NA	NA	NA	NA
NC_045512.2	10909	T	C	19	3	26	1	1	28	0.0434783	23	0.47619	FALSE	NA	NA	NA	NA	NA	NA
NC_045512.2	10909	T	A	19	3	26	3	3	27	0.130435	23	0.116279	FALSE	NA	NA	NA	NA	NA	NA
NC_045512.2	10910	T	C	19	3	26	5	5	25	0.208333	24	0.0277091	FALSE	NA	NA	NA	NA	NA	NA
NC_045512.2	10911	T	G	14	4	23	2	2	25	0.117647	17	0.241935	FALSE	NA	NA	NA	NA	NA	NA
NC_045512.2	10911	T	A	14	4	23	1	1	21	0.0588235	17	0.483871	FALSE	NA	NA	NA	NA	NA	NA
NC_045512.2	10912	A	T	19	3	26	2	2	25	0.0869565	23	0.232558	FALSE	NA	NA	NA	NA	NA	NA
NC_045512.2	10912	A	G	19	3	26	2	2	22	0.0869565	23	0.232558	FALSE	NA	NA	NA	NA	NA	NA
NC_045512.2	10913	T	G	19	3	26	2	2	26	0.0833333	24	0.221987	FALSE	NA	NA	NA	NA	NA	NA
NC_045512.2	10913	T	C	19	3	26	1	1	28	0.0416667	24	0.465116	FALSE	NA	NA	NA	NA	NA	NA
NC_045512.2	10913	T	A	19	3	26	2	2	25	0.0833333	24	0.221987	FALSE	NA	NA	NA	NA	NA	NA
NC_045512.2	10914	T	G	22	3	23	1	1	29	0.037037	27	0.469388	FALSE	NA	NA	NA	NA	NA	NA
NC_045512.2	10914	T	C	22	3	23	2	2	25	0.0740741	27	0.225306	FALSE	NA	NA	NA	NA	NA	NA
NC_045512.2	10914	T	A	22	3	23	2	2	22	0.0740741	27	0.225306	FALSE	NA	NA	NA	NA	NA	NA
NC_045512.2	10915	A	T	26	4	26	3	3	27	0.1	30	0.118421	FALSE	NA	NA	NA	NA	NA	NA
NC_045512.2	10915	A	G	26	4	26	1	1	27	0.0333333	30	0.482143	FALSE	NA	NA	NA	NA	NA	NA
NC_045512.2	10916	G	T	25	3	26	1	1	23	0.0344828	29	0.481481	FALSE	NA	NA	NA	NA	NA	NA
NC_045512.2	10916	G	C	25	3	26	2	2	27	0.0689655	29	0.236364	FALSE	NA	NA	NA	NA	NA	NA
NC_045512.2	10916	G	A	25	3	26	1	1	23	0.0344828	29	0.481481	FALSE	NA	NA	NA	NA	NA	NA
NC_045512.2	10917	A	T	24	2	27	2	2	27	0.0689655	29	0.227114	FALSE	NA	NA	NA	NA	NA	NA
NC_045512.2	10917	A	G	24	2	27	3	3	25	0.103448	29	0.111492	FALSE	NA	NA	NA	NA	NA	NA
NC_045512.2	10918	A	T	23	3	23	1	1	32	0.04	25	0.5	FALSE	NA	NA	NA	NA	NA	NA
NC_045512.2	10918	A	C	23	3	23	1	1	27	0.04	25	0.5	FALSE	NA	NA	NA	NA	NA	NA
NC_045512.2	10919	G	A	23	1	26	4	4	25	0.148148	27	0.0599334	FALSE	NA	NA	NA	NA	NA	NA
NC_045512.2	10920	A	C	24	2	27	1	1	29	0.04	25	0.510204	FALSE	NA	NA	NA	NA	NA	NA
NC_045512.2	10921	T	A	24	2	27	1	1	28	0.04	25	0.510204	FALSE	NA	NA	NA	NA	NA	NA
NC_045512.2	10922	G	C	23	1	26	1	1	25	0.04	25	0.5	FALSE	NA	NA	NA	NA	NA	NA
NC_045512.2	10922	G	A	23	1	26	1	1	28	0.04	25	0.5	FALSE	NA	NA	NA	NA	NA	NA
NC_045512.2	10923	A	T	23	1	26	1	1	25	0.04	25	0.5	FALSE	NA	NA	NA	NA	NA	NA
NC_045512.2	10923	A	G	23	1	26	1	1	24	0.04	25	0.5	FALSE	NA	NA	NA	NA	NA	NA
NC_045512.2	10924	A	G	20	1	23	2	2	26	0.0909091	22	0.255814	FALSE	NA	NA	NA	NA	NA	NA
NC_045512.2	10925	T	G	23	1	26	1	1	28	0.04	25	0.5	FALSE	NA	NA	NA	NA	NA	NA
NC_045512.2	10925	T	A	23	1	26	1	1	27	0.04	25	0.5	FALSE	NA	NA	NA	NA	NA	NA
NC_045512.2	10926	T	C	23	1	27	1	1	24	0.04	25	0.5	FALSE	NA	NA	NA	NA	NA	NA
NC_045512.2	10926	T	A	23	1	27	1	1	24	0.04	25	0.5	FALSE	NA	NA	NA	NA	NA	NA
NC_045512.2	10927	T	C	16	1	22	1	1	29	0.0555556	18	0.5	FALSE	NA	NA	NA	NA	NA	NA
NC_045512.2	10927	T	A	16	1	22	1	1	31	0.0555556	18	0.5	FALSE	NA	NA	NA	NA	NA	NA
NC_045512.2	10928	A	T	23	1	27	2	2	26	0.08	25	0.255102	FALSE	NA	NA	NA	NA	NA	NA
NC_045512.2	10929	C	T	24	2	27	1	1	28	0.04	25	0.510204	FALSE	NA	NA	NA	NA	NA	NA
NC_045512.2	10930	A	T	23	1	27	1	1	21	0.04	25	0.5	FALSE	NA	NA	NA	NA	NA	NA
NC_045512.2	10930	A	G	23	1	27	1	1	28	0.04	25	0.5	FALSE	NA	NA	NA	NA	NA	NA
NC_045512.2	10931	C	T	24	2	27	1	1	26	0.04	25	0.510204	FALSE	NA	NA	NA	NA	NA	NA
NC_045512.2	10932	C	T	22	2	23	1	1	26	0.0434783	23	0.511111	FALSE	NA	NA	NA	NA	NA	NA
NC_045512.2	10933	T	C	23	1	26	1	1	25	0.0416667	24	0.510638	FALSE	NA	NA	NA	NA	NA	NA
NC_045512.2	10935	T	G	23	1	27	1	1	27	0.0416667	24	0.510638	FALSE	NA	NA	NA	NA	NA	NA
NC_045512.2	10936	T	C	11	1	21	1	1	27	0.0833333	12	0.521739	FALSE	NA	NA	NA	NA	NA	NA
NC_045512.2	10937	G	T	23	1	26	1	1	27	0.0416667	24	0.510638	FALSE	NA	NA	NA	NA	NA	NA
NC_045512.2	10938	A	C	23	1	27	1	1	28	0.0416667	24	0.510638	FALSE	NA	NA	NA	NA	NA	NA
NC_045512.2	10939	T	A	23	1	27	1	1	23	0.0416667	24	0.510638	FALSE	NA	NA	NA	NA	NA	NA
NC_045512.2	10940	G	A	23	1	27	1	1	31	0.0416667	24	0.510638	FALSE	NA	NA	NA	NA	NA	NA
NC_045512.2	10941	T	A	23	1	27	1	1	26	0.0416667	24	0.510638	FALSE	NA	NA	NA	NA	NA	NA
NC_045512.2	10942	T	C	23	1	23	1	1	26	0.0416667	24	0.510638	FALSE	NA	NA	NA	NA	NA	NA
NC_045512.2	10943	G	T	23	1	27	1	1	26	0.0416667	24	0.510638	FALSE	NA	NA	NA	NA	NA	NA
NC_045512.2	10944	T	G	22	1	27	1	1	23	0.0416667	24	0.5	FALSE	NA	NA	NA	NA	NA	NA
NC_045512.2	10944	T	C	22	1	27	1	0	28	0.0416667	24	0.5	FALSE	NA	NA	NA	NA	NA	NA
NC_045512.2	10945	T	G	22	1	24	1	1	27	0.0434783	23	0.511111	FALSE	NA	NA	NA	NA	NA	NA
NC_045512.2	10947	G	A	23	1	27	1	1	27	0.0416667	24	0.510638	FALSE	NA	NA	NA	NA	NA	NA
NC_045512.2	10977	C	G	22	1	27	1	1	23	0.0434783	23	0.511111	FALSE	NA	NA	NA	NA	NA	NA
NC_045512.2	10978	A	G	22	1	27	1	1	23	0.0434783	23	0.511111	FALSE	NA	NA	NA	NA	NA	NA
NC_045512.2	10981	G	A	26	1	27	1	1	26	0.037037	27	0.509434	FALSE	NA	NA	NA	NA	NA	NA
NC_045512.2	10982	A	G	26	1	26	1	1	28	0.037037	27	0.509434	FALSE	NA	NA	NA	NA	NA	NA
NC_045512.2	10983	A	T	26	1	27	1	1	26	0.037037	27	0.509434	FALSE	NA	NA	NA	NA	NA	NA
NC_045512.2	10984	A	G	26	1	28	1	1	23	0.037037	27	0.509434	FALSE	NA	NA	NA	NA	NA	NA
NC_045512.2	10985	A	C	13	1	22	1	1	23	0.0714286	14	0.518519	FALSE	NA	NA	NA	NA	NA	NA
NC_045512.2	10987	A	T	26	1	27	1	1	29	0.037037	27	0.509434	FALSE	NA	NA	NA	NA	NA	NA
NC_045512.2	10988	A	T	25	1	23	1	1	29	0.0384615	26	0.509804	FALSE	NA	NA	NA	NA	NA	NA
NC_045512.2	10989	C	A	26	1	27	1	1	29	0.037037	27	0.509434	FALSE	NA	NA	NA	NA	NA	NA
NC_045512.2	10990	A	T	25	1	27	2	1	26	0.0740741	27	0.254717	FALSE	NA	NA	NA	NA	NA	NA
NC_045512.2	10991	A	T	21	1	24	1	1	30	0.0454545	22	0.511628	FALSE	NA	NA	NA	NA	NA	NA
NC_045512.2	10992	T	A	26	1	27	1	1	28	0.037037	27	0.509434	FALSE	NA	NA	NA	NA	NA	NA
NC_045512.2	10993	C	G	41	1	27	1	1	28	0.0238095	42	0.506024	FALSE	NA	NA	NA	NA	NA	NA
NC_045512.2	10994	A	T	41	2	27	1	0	29	0.0238095	42	0.506024	FALSE	NA	NA	NA	NA	NA	NA
NC_045512.2	10997	G	A	38	1	27	1	1	28	0.025641	39	0.506494	FALSE	NA	NA	NA	NA	NA	NA
NC_045512.2	10998	G	T	34	1	22	1	1	29	0.0285714	35	0.507246	FALSE	NA	NA	NA	NA	NA	NA
NC_045512.2	10999	T	G	38	1	27	1	1	27	0.025641	39	0.506494	FALSE	NA	NA	NA	NA	NA	NA
NC_045512.2	11001	C	A	37	1	27	1	1	27	0.0263158	38	0.506667	FALSE	NA	NA	NA	NA	NA	NA
NC_045512.2	11002	A	T	38	1	27	1	1	21	0.025641	39	0.506494	FALSE	NA	NA	NA	NA	NA	NA
NC_045512.2	11003	C	T	38	1	27	1	1	29	0.025641	39	0.506494	FALSE	NA	NA	NA	NA	NA	NA
NC_045512.2	11004	A	T	38	1	27	1	1	29	0.025641	39	0.506494	FALSE	NA	NA	NA	NA	NA	NA
NC_045512.2	11005	C	A	36	1	28	1	1	28	0.027027	37	0.506849	FALSE	NA	NA	NA	NA	NA	NA
NC_045512.2	11007	A	G	36	2	27	1	1	29	0.027027	37	0.506849	FALSE	NA	NA	NA	NA	NA	NA
NC_045512.2	11008	C	G	36	2	26	1	1	29	0.027027	37	0.506849	FALSE	NA	NA	NA	NA	NA	NA
NC_045512.2	11009	T	G	35	1	27	1	1	28	0.027027	37	0.5	FALSE	NA	NA	NA	NA	NA	NA
NC_045512.2	11009	T	C	35	1	27	1	1	28	0.027027	37	0.5	FALSE	NA	NA	NA	NA	NA	NA
NC_045512.2	11010	G	T	35	1	27	2	2	26	0.0540541	37	0.253425	FALSE	NA	NA	NA	NA	NA	NA
NC_045512.2	11011	G	T	34	1	23	1	1	31	0.0277778	36	0.5	FALSE	NA	NA	NA	NA	NA	NA
NC_045512.2	11011	G	A	34	1	23	1	1	27	0.0277778	36	0.5	FALSE	NA	NA	NA	NA	NA	NA
NC_045512.2	11012	T	G	35	2	28	1	1	27	0.0277778	36	0.507042	FALSE	NA	NA	NA	NA	NA	NA
NC_045512.2	11015	T	C	34	1	27	1	1	23	0.0277778	36	0.5	FALSE	NA	NA	NA	NA	NA	NA
NC_045512.2	11015	T	A	34	1	27	1	1	31	0.0277778	36	0.5	FALSE	NA	NA	NA	NA	NA	NA
NC_045512.2	11017	A	T	34	1	27	1	1	27	0.0277778	36	0.5	FALSE	NA	NA	NA	NA	NA	NA
NC_045512.2	11017	A	G	34	1	27	1	1	30	0.0277778	36	0.5	FALSE	NA	NA	NA	NA	NA	NA
NC_045512.2	11018	C	T	34	1	27	2	2	24	0.0555556	36	0.253521	FALSE	NA	NA	NA	NA	NA	NA
NC_045512.2	11019	T	A	35	2	27	1	1	27	0.0277778	36	0.507042	FALSE	NA	NA	NA	NA	NA	NA
NC_045512.2	11020	C	T	34	1	27	1	1	22	0.0277778	36	0.5	FALSE	NA	NA	NA	NA	NA	NA
NC_045512.2	11020	C	G	34	1	27	1	1	27	0.0277778	36	0.5	FALSE	NA	NA	NA	NA	NA	NA
NC_045512.2	11021	A	T	34	1	27	2	2	25	0.0555556	36	0.253521	FALSE	NA	NA	NA	NA	NA	NA
NC_045512.2	11021	A	+T	34	1	27	1	0	20	0.0277778	36	0.5	FALSE	NA	NA	NA	NA	NA	NA
NC_045512.2	11022	C	T	34	1	27	1	1	28	0.0277778	36	0.5	FALSE	NA	NA	NA	NA	NA	NA
NC_045512.2	11022	C	A	34	1	27	1	1	27	0.0277778	36	0.5	FALSE	NA	NA	NA	NA	NA	NA
NC_045512.2	11023	A	G	35	2	27	1	1	26	0.0277778	36	0.507042	FALSE	NA	NA	NA	NA	NA	NA
NC_045512.2	11024	A	G	29	2	23	2	1	29	0.0645161	31	0.254098	FALSE	NA	NA	NA	NA	NA	NA
NC_045512.2	11025	T	A	30	0	27	2	2	28	0.0625	32	0.253968	FALSE	NA	NA	NA	NA	NA	NA
NC_045512.2	11026	T	G	31	1	28	1	1	27	0.030303	33	0.5	FALSE	NA	NA	NA	NA	NA	NA
NC_045512.2	11026	T	C	31	1	28	1	1	28	0.030303	33	0.5	FALSE	NA	NA	NA	NA	NA	NA
NC_045512.2	11027	T	A	31	1	28	2	2	28	0.0606061	33	0.253846	FALSE	NA	NA	NA	NA	NA	NA
NC_045512.2	11028	T	A	20	2	22	1	1	28	0.047619	21	0.512195	FALSE	NA	NA	NA	NA	NA	NA
NC_045512.2	11029	G	T	33	2	27	1	1	27	0.0294118	34	0.507463	FALSE	NA	NA	NA	NA	NA	NA
NC_045512.2	11030	A	G	32	1	27	1	1	27	0.030303	33	0.507692	FALSE	NA	NA	NA	NA	NA	NA
NC_045512.2	11031	C	A	33	2	27	1	1	28	0.0294118	34	0.507463	FALSE	NA	NA	NA	NA	NA	NA
NC_045512.2	11033	T	C	32	2	23	1	1	28	0.030303	33	0.507692	FALSE	NA	NA	NA	NA	NA	NA
NC_045512.2	11034	C	T	32	1	27	1	1	29	0.0294118	34	0.5	FALSE	NA	NA	NA	NA	NA	NA
NC_045512.2	11034	C	A	32	1	27	1	1	28	0.0294118	34	0.5	FALSE	NA	NA	NA	NA	NA	NA
NC_045512.2	11035	A	G	32	2	27	1	1	24	0.030303	33	0.507692	FALSE	NA	NA	NA	NA	NA	NA
NC_045512.2	11036	C	G	32	2	26	1	1	31	0.030303	33	0.507692	FALSE	NA	NA	NA	NA	NA	NA
NC_045512.2	11037	T	A	28	1	27	1	1	26	0.0344828	29	0.508772	FALSE	NA	NA	NA	NA	NA	NA
NC_045512.2	11038	T	G	28	1	27	1	1	28	0.0333333	30	0.5	FALSE	NA	NA	NA	NA	NA	NA
NC_045512.2	11038	T	C	28	1	27	1	1	21	0.0333333	30	0.5	FALSE	NA	NA	NA	NA	NA	NA
NC_045512.2	11039	T	C	29	2	27	1	1	26	0.0333333	30	0.508475	FALSE	NA	NA	NA	NA	NA	NA
NC_045512.2	11041	A	T	29	2	26	1	1	27	0.0333333	30	0.508475	FALSE	NA	NA	NA	NA	NA	NA
NC_045512.2	11042	G	T	28	1	26	1	1	27	0.0333333	30	0.5	FALSE	NA	NA	NA	NA	NA	NA
NC_045512.2	11042	G	C	28	1	26	1	1	23	0.0333333	30	0.5	FALSE	NA	NA	NA	NA	NA	NA
NC_045512.2	11044	T	G	26	2	28	1	1	27	0.0344828	29	0.490909	FALSE	NA	NA	NA	NA	NA	NA
NC_045512.2	11044	T	C	26	2	28	2	0	29	0.0689655	29	0.245455	FALSE	NA	NA	NA	NA	NA	NA
NC_045512.2	11045	T	A	28	2	28	1	1	27	0.0344828	29	0.508772	FALSE	NA	NA	NA	NA	NA	NA
NC_045512.2	11046	T	C	18	2	21	1	1	21	0.0526316	19	0.513514	FALSE	NA	NA	NA	NA	NA	NA
NC_045512.2	11047	A	G	27	1	26	1	1	28	0.0344828	29	0.5	FALSE	NA	NA	NA	NA	NA	NA
NC_045512.2	11047	A	C	27	1	26	1	1	27	0.0344828	29	0.5	FALSE	NA	NA	NA	NA	NA	NA
NC_045512.2	11048	G	T	27	1	26	1	1	24	0.0357143	28	0.509091	FALSE	NA	NA	NA	NA	NA	NA
NC_045512.2	11049	T	A	27	2	26	1	1	28	0.0357143	28	0.509091	FALSE	NA	NA	NA	NA	NA	NA
NC_045512.2	11050	C	G	26	1	27	1	1	28	0.0357143	28	0.5	FALSE	NA	NA	NA	NA	NA	NA
NC_045512.2	11050	C	A	26	1	27	1	1	27	0.0357143	28	0.5	FALSE	NA	NA	NA	NA	NA	NA
NC_045512.2	11051	C	T	24	1	23	1	1	24	0.0384615	26	0.5	FALSE	NA	NA	NA	NA	NA	NA
NC_045512.2	11051	C	G	24	1	23	1	1	26	0.0384615	26	0.5	FALSE	NA	NA	NA	NA	NA	NA
NC_045512.2	11052	A	T	26	1	26	2	2	27	0.0714286	28	0.254545	FALSE	NA	NA	NA	NA	NA	NA
NC_045512.2	11053	G	A	27	2	27	1	1	28	0.0357143	28	0.509091	FALSE	NA	NA	NA	NA	NA	NA
NC_045512.2	11054	A	G	26	1	27	1	1	28	0.0357143	28	0.5	FALSE	NA	NA	NA	NA	NA	NA
NC_045512.2	11054	A	C	26	1	27	1	1	27	0.0357143	28	0.5	FALSE	NA	NA	NA	NA	NA	NA
NC_045512.2	11055	G	A	26	1	27	2	2	27	0.0714286	28	0.254545	FALSE	NA	NA	NA	NA	NA	NA
NC_045512.2	11056	T	G	26	1	27	1	1	27	0.0357143	28	0.5	FALSE	NA	NA	NA	NA	NA	NA
NC_045512.2	11056	T	C	26	1	27	1	1	28	0.0357143	28	0.5	FALSE	NA	NA	NA	NA	NA	NA
NC_045512.2	11057	A	T	27	2	27	1	1	27	0.0357143	28	0.509091	FALSE	NA	NA	NA	NA	NA	NA
NC_045512.2	11058	C	G	26	1	26	1	1	27	0.0357143	28	0.5	FALSE	NA	NA	NA	NA	NA	NA
NC_045512.2	11058	C	A	26	1	26	1	1	28	0.0357143	28	0.5	FALSE	NA	NA	NA	NA	NA	NA
NC_045512.2	11060	C	G	26	1	27	1	1	30	0.0357143	28	0.5	FALSE	NA	NA	NA	NA	NA	NA
NC_045512.2	11060	C	A	26	1	27	1	1	27	0.0357143	28	0.5	FALSE	NA	NA	NA	NA	NA	NA
NC_045512.2	11061	A	C	27	2	28	1	1	29	0.0357143	28	0.509091	FALSE	NA	NA	NA	NA	NA	NA
NC_045512.2	11062	A	T	25	2	23	1	1	28	0.0384615	26	0.509804	FALSE	NA	NA	NA	NA	NA	NA
NC_045512.2	11063	T	G	26	1	27	1	1	27	0.0357143	28	0.5	FALSE	NA	NA	NA	NA	NA	NA
NC_045512.2	11063	T	C	26	1	27	1	1	33	0.0357143	28	0.5	FALSE	NA	NA	NA	NA	NA	NA
NC_045512.2	11064	G	A	26	1	27	2	2	26	0.0714286	28	0.254545	FALSE	NA	NA	NA	NA	NA	NA
NC_045512.2	11065	G	A	25	2	23	1	1	27	0.0384615	26	0.509804	FALSE	NA	NA	NA	NA	NA	NA
NC_045512.2	11066	T	G	26	1	27	1	1	31	0.0357143	28	0.5	FALSE	NA	NA	NA	NA	NA	NA
NC_045512.2	11066	T	C	26	1	27	1	1	27	0.0357143	28	0.5	FALSE	NA	NA	NA	NA	NA	NA
NC_045512.2	11067	C	T	26	1	27	1	1	30	0.0357143	28	0.5	FALSE	NA	NA	NA	NA	NA	NA
NC_045512.2	11067	C	A	26	1	27	1	1	27	0.0357143	28	0.5	FALSE	NA	NA	NA	NA	NA	NA
NC_045512.2	11068	T	G	26	1	27	2	2	27	0.0714286	28	0.254545	FALSE	NA	NA	NA	NA	NA	NA
NC_045512.2	11070	T	C	22	2	22	1	1	26	0.0434783	23	0.511111	FALSE	NA	NA	NA	NA	NA	NA
NC_045512.2	11071	G	A	26	1	27	2	2	25	0.0714286	28	0.254545	FALSE	NA	NA	NA	NA	NA	NA
NC_045512.2	11072	T	C	26	1	27	1	1	27	0.0357143	28	0.5	FALSE	NA	NA	NA	NA	NA	NA
NC_045512.2	11072	T	A	26	1	27	1	1	27	0.0357143	28	0.5	FALSE	NA	NA	NA	NA	NA	NA
NC_045512.2	11073	T	G	21	2	22	1	1	20	0.0454545	22	0.511628	FALSE	NA	NA	NA	NA	NA	NA
NC_045512.2	11074	C	T	26	1	25	1	1	27	0.0357143	28	0.5	FALSE	NA	NA	NA	NA	NA	NA
NC_045512.2	11074	C	G	26	1	25	1	1	27	0.0357143	28	0.5	FALSE	NA	NA	NA	NA	NA	NA
NC_045512.2	11074	C	-T	26	1	25	12	0	20	0.428571	28	0.000672195	TRUE	NA	NA	NA	NA	NA	NA
NC_045512.2	11075	T	G	15	2	25	1	1	26	0.0625	16	0.372093	FALSE	NA	NA	NA	NA	NA	NA
NC_045512.2	11076	T	C	27	2	26	1	1	22	0.0357143	28	0.509091	FALSE	NA	NA	NA	NA	NA	NA
NC_045512.2	11077	T	C	26	1	26	1	1	29	0.0357143	28	0.5	FALSE	NA	NA	NA	NA	NA	NA
NC_045512.2	11077	T	A	26	1	26	1	1	26	0.0357143	28	0.5	FALSE	NA	NA	NA	NA	NA	NA
NC_045512.2	11078	T	C	25	0	26	2	2	29	0.0714286	28	0.245283	FALSE	NA	NA	NA	NA	NA	NA
NC_045512.2	11078	T	A	25	0	26	1	1	22	0.0357143	28	0.490566	FALSE	NA	NA	NA	NA	NA	NA
NC_045512.2	11079	T	A	17	1	27	2	2	29	0.105263	19	0.256757	FALSE	NA	NA	NA	NA	NA	NA
NC_045512.2	11080	T	C	17	1	28	1	1	27	0.0526316	19	0.5	FALSE	NA	NA	NA	NA	NA	NA
NC_045512.2	11080	T	A	17	1	28	1	1	27	0.0526316	19	0.5	FALSE	NA	NA	NA	NA	NA	NA
NC_045512.2	11081	T	G	16	1	28	1	1	30	0.0555556	18	0.5	FALSE	NA	NA	NA	NA	NA	NA
NC_045512.2	11081	T	A	16	1	28	1	1	27	0.0555556	18	0.5	FALSE	NA	NA	NA	NA	NA	NA
NC_045512.2	11082	T	C	2	2	27	1	1	27	0.333333	3	0.6	FALSE	NA	NA	NA	NA	NA	NA
NC_045512.2	11083	G	C	14	2	26	1	1	28	0.0666667	15	0.517241	FALSE	NA	NA	NA	NA	NA	NA
NC_045512.2	11084	T	C	13	1	26	1	1	27	0.0666667	15	0.5	FALSE	NA	NA	NA	NA	NA	NA
NC_045512.2	11084	T	A	13	1	26	1	1	27	0.0666667	15	0.5	FALSE	NA	NA	NA	NA	NA	NA
NC_045512.2	11085	A	C	14	2	26	1	1	27	0.0666667	15	0.517241	FALSE	NA	NA	NA	NA	NA	NA
NC_045512.2	11086	T	G	14	2	26	1	1	28	0.0666667	15	0.517241	FALSE	NA	NA	NA	NA	NA	NA
NC_045512.2	11087	G	T	13	2	24	1	1	24	0.0714286	14	0.518519	FALSE	NA	NA	NA	NA	NA	NA
NC_045512.2	11087	G	-A	13	2	24	1	0	20	0.0714286	14	0.518519	FALSE	NA	NA	NA	NA	NA	NA
NC_045512.2	11088	A	G	7	0	26	2	2	28	0.222222	9	0.235294	FALSE	NA	NA	NA	NA	NA	NA
NC_045512.2	11089	A	T	8	0	26	1	1	23	0.111111	9	0.529412	FALSE	NA	NA	NA	NA	NA	NA
NC_045512.2	11090	A	T	8	1	26	1	1	29	0.111111	9	0.529412	FALSE	NA	NA	NA	NA	NA	NA
NC_045512.2	11091	A	G	2	1	22	1	1	28	0.333333	3	0.6	FALSE	NA	NA	NA	NA	NA	NA
NC_045512.2	11092	T	A	8	1	26	1	1	24	0.111111	9	0.529412	FALSE	NA	NA	NA	NA	NA	NA
NC_045512.2	11093	G	T	8	1	26	1	1	27	0.111111	9	0.529412	FALSE	NA	NA	NA	NA	NA	NA
NC_045512.2	11094	C	A	7	0	27	2	2	23	0.222222	9	0.264706	FALSE	NA	NA	NA	NA	NA	NA
NC_045512.2	11095	C	A	5	1	23	1	1	24	0.166667	6	0.545455	FALSE	NA	NA	NA	NA	NA	NA
NC_045512.2	11096	T	C	8	1	27	1	1	24	0.111111	9	0.529412	FALSE	NA	NA	NA	NA	NA	NA
NC_045512.2	11097	T	C	6	0	28	1	1	25	0.142857	7	0.538462	FALSE	NA	NA	NA	NA	NA	NA
NC_045512.2	11098	T	A	6	0	29	2	2	24	0.25	8	0.266667	FALSE	NA	NA	NA	NA	NA	NA
NC_045512.2	11098	T	+T	6	0	29	1	0	20	0.125	8	0.5	FALSE	NA	NA	NA	NA	NA	NA
NC_045512.2	11099	T	C	7	1	29	1	1	21	0.125	8	0.533333	FALSE	NA	NA	NA	NA	NA	NA
NC_045512.2	11100	T	C	0	0	0	1	1	26	0.5	2	0.5	FALSE	NA	NA	NA	NA	NA	NA
NC_045512.2	11100	T	A	0	0	0	1	1	23	0.5	2	0.5	FALSE	NA	NA	NA	NA	NA	NA
NC_045512.2	11102	C	A	4	0	26	1	1	26	0.2	5	0.555556	FALSE	NA	NA	NA	NA	NA	NA
NC_045512.2	11103	C	T	2	0	24	1	1	26	0.333333	3	0.6	FALSE	NA	NA	NA	NA	NA	NA
NC_045512.2	11104	T	G	3	1	29	1	1	27	0.25	4	0.571429	FALSE	NA	NA	NA	NA	NA	NA
NC_045512.2	11105	T	G	3	1	29	1	1	27	0.25	4	0.571429	FALSE	NA	NA	NA	NA	NA	NA
NC_045512.2	11106	T	G	3	1	29	1	1	27	0.25	4	0.571429	FALSE	NA	NA	NA	NA	NA	NA
NC_045512.2	11107	T	A	2	0	22	2	2	27	0.5	4	0.285714	FALSE	NA	NA	NA	NA	NA	NA
NC_045512.2	11108	G	C	2	0	27	2	2	27	0.5	4	0.285714	FALSE	NA	NA	NA	NA	NA	NA
NC_045512.2	11109	C	T	2	0	28	1	1	23	0.25	4	0.5	FALSE	NA	NA	NA	NA	NA	NA
NC_045512.2	11109	C	A	2	0	28	1	1	26	0.25	4	0.5	FALSE	NA	NA	NA	NA	NA	NA
NC_045512.2	11110	T	C	3	1	27	1	1	26	0.25	4	0.571429	FALSE	NA	NA	NA	NA	NA	NA
NC_045512.2	11111	A	C	3	1	28	1	1	27	0.25	4	0.571429	FALSE	NA	NA	NA	NA	NA	NA
NC_045512.2	11153	A	C	41	0	26	4	4	23	0.0888889	45	0.0610229	FALSE	NA	NA	NA	NA	NA	NA
NC_045512.2	11172	T	C	44	4	27	1	0	28	0.0222222	45	0.505618	FALSE	NA	NA	NA	NA	NA	NA
NC_045512.2	11179	G	C	45	4	26	1	1	23	0.0217391	46	0.505495	FALSE	NA	NA	NA	NA	NA	NA
NC_045512.2	11181	T	A	44	4	27	1	1	23	0.0222222	45	0.505618	FALSE	NA	NA	NA	NA	NA	NA
NC_045512.2	11182	T	C	43	4	27	2	1	26	0.0444444	45	0.252809	FALSE	NA	NA	NA	NA	NA	NA
NC_045512.2	11183	T	C	43	4	27	1	0	27	0.0222222	45	0.5	FALSE	NA	NA	NA	NA	NA	NA
NC_045512.2	11183	T	A	43	4	27	1	1	25	0.0222222	45	0.5	FALSE	NA	NA	NA	NA	NA	NA
NC_045512.2	11186	T	C	43	4	27	1	0	28	0.0222222	45	0.5	FALSE	NA	NA	NA	NA	NA	NA
NC_045512.2	11186	T	A	43	4	27	1	1	25	0.0222222	45	0.5	FALSE	NA	NA	NA	NA	NA	NA
NC_045512.2	11187	T	G	44	4	24	1	1	25	0.0222222	45	0.505618	FALSE	NA	NA	NA	NA	NA	NA
NC_045512.2	11188	A	C	44	4	28	1	1	25	0.0222222	45	0.505618	FALSE	NA	NA	NA	NA	NA	NA
NC_045512.2	11189	C	A	43	3	27	1	1	25	0.0227273	44	0.505747	FALSE	NA	NA	NA	NA	NA	NA
NC_045512.2	11190	C	T	43	4	24	1	1	26	0.0227273	44	0.505747	FALSE	NA	NA	NA	NA	NA	NA
NC_045512.2	11191	T	G	44	4	27	1	1	26	0.0222222	45	0.505618	FALSE	NA	NA	NA	NA	NA	NA
NC_045512.2	11192	T	C	43	4	23	2	1	27	0.0444444	45	0.252809	FALSE	NA	NA	NA	NA	NA	NA
NC_045512.2	11193	C	A	44	4	26	1	1	29	0.0222222	45	0.505618	FALSE	NA	NA	NA	NA	NA	NA
NC_045512.2	11195	C	T	44	4	27	1	1	29	0.0222222	45	0.505618	FALSE	NA	NA	NA	NA	NA	NA
NC_045512.2	11197	T	C	41	4	22	1	1	28	0.0238095	42	0.506024	FALSE	NA	NA	NA	NA	NA	NA
NC_045512.2	11198	G	T	44	4	26	1	1	26	0.0222222	45	0.505618	FALSE	NA	NA	NA	NA	NA	NA
NC_045512.2	11200	C	T	43	5	23	1	1	26	0.0227273	44	0.505747	FALSE	NA	NA	NA	NA	NA	NA
NC_045512.2	11201	A	G	45	5	26	1	1	26	0.0217391	46	0.505495	FALSE	NA	NA	NA	NA	NA	NA
NC_045512.2	11204	G	T	45	5	27	1	1	26	0.0217391	46	0.505495	FALSE	NA	NA	NA	NA	NA	NA
NC_045512.2	11205	T	G	45	5	27	1	1	28	0.0217391	46	0.505495	FALSE	NA	NA	NA	NA	NA	NA
NC_045512.2	11207	G	T	45	5	28	1	1	29	0.0217391	46	0.505495	FALSE	NA	NA	NA	NA	NA	NA
NC_045512.2	11208	C	T	45	5	27	1	1	29	0.0217391	46	0.505495	FALSE	NA	NA	NA	NA	NA	NA
NC_045512.2	11211	A	G	45	5	26	1	1	28	0.0217391	46	0.505495	FALSE	NA	NA	NA	NA	NA	NA
NC_045512.2	11213	T	C	45	5	27	1	1	26	0.0217391	46	0.505495	FALSE	NA	NA	NA	NA	NA	NA
NC_045512.2	11214	T	A	45	5	28	1	1	27	0.0217391	46	0.505495	FALSE	NA	NA	NA	NA	NA	NA
NC_045512.2	11215	T	C	27	5	22	1	1	22	0.0357143	28	0.509091	FALSE	NA	NA	NA	NA	NA	NA
NC_045512.2	11216	A	C	44	4	26	1	1	28	0.0222222	45	0.505618	FALSE	NA	NA	NA	NA	NA	NA
NC_045512.2	11217	A	T	42	5	24	1	1	23	0.0232558	43	0.505882	FALSE	NA	NA	NA	NA	NA	NA
NC_045512.2	11219	A	C	45	5	27	1	1	28	0.0217391	46	0.505495	FALSE	NA	NA	NA	NA	NA	NA
NC_045512.2	11221	G	C	44	4	27	1	1	25	0.0222222	45	0.505618	FALSE	NA	NA	NA	NA	NA	NA
NC_045512.2	11224	C	G	45	5	26	1	1	25	0.0217391	46	0.505495	FALSE	NA	NA	NA	NA	NA	NA
NC_045512.2	11225	T	C	45	5	26	1	1	22	0.0217391	46	0.505495	FALSE	NA	NA	NA	NA	NA	NA
NC_045512.2	11226	A	C	45	5	27	1	1	28	0.0217391	46	0.505495	FALSE	NA	NA	NA	NA	NA	NA
NC_045512.2	11227	T	A	45	5	27	1	1	27	0.0217391	46	0.505495	FALSE	NA	NA	NA	NA	NA	NA
NC_045512.2	11228	A	C	45	5	27	1	1	27	0.0217391	46	0.505495	FALSE	NA	NA	NA	NA	NA	NA
NC_045512.2	11231	C	T	44	5	26	2	1	25	0.0434783	46	0.252747	FALSE	NA	NA	NA	NA	NA	NA
NC_045512.2	11232	C	A	35	5	23	1	1	27	0.0277778	36	0.507042	FALSE	NA	NA	NA	NA	NA	NA
NC_045512.2	11233	T	G	44	5	26	1	1	25	0.0222222	45	0.505618	FALSE	NA	NA	NA	NA	NA	NA
NC_045512.2	11234	G	C	44	5	26	1	1	25	0.0222222	45	0.505618	FALSE	NA	NA	NA	NA	NA	NA
NC_045512.2	11235	C	T	44	5	26	1	1	27	0.0222222	45	0.505618	FALSE	NA	NA	NA	NA	NA	NA
NC_045512.2	11236	T	C	44	5	26	1	1	27	0.0222222	45	0.505618	FALSE	NA	NA	NA	NA	NA	NA
NC_045512.2	11241	G	T	37	3	26	1	1	25	0.0263158	38	0.506667	FALSE	NA	NA	NA	NA	NA	NA
NC_045512.2	11243	G	A	24	5	23	1	1	27	0.04	25	0.510204	FALSE	NA	NA	NA	NA	NA	NA
NC_045512.2	11245	G	A	45	6	26	1	1	28	0.0217391	46	0.505495	FALSE	NA	NA	NA	NA	NA	NA
NC_045512.2	11246	A	T	46	6	26	1	1	29	0.0212766	47	0.505376	FALSE	NA	NA	NA	NA	NA	NA
NC_045512.2	11247	T	G	46	6	26	1	1	24	0.0212766	47	0.505376	FALSE	NA	NA	NA	NA	NA	NA
NC_045512.2	11249	C	T	47	7	26	1	1	28	0.0208333	48	0.505263	FALSE	NA	NA	NA	NA	NA	NA
NC_045512.2	11250	G	C	46	6	26	1	1	28	0.0212766	47	0.505376	FALSE	NA	NA	NA	NA	NA	NA
NC_045512.2	11251	T	A	47	7	27	1	1	22	0.0208333	48	0.505263	FALSE	NA	NA	NA	NA	NA	NA
NC_045512.2	11252	A	C	46	7	27	1	1	22	0.0212766	47	0.505376	FALSE	NA	NA	NA	NA	NA	NA
NC_045512.2	11253	T	A	44	5	27	1	1	25	0.0222222	45	0.505618	FALSE	NA	NA	NA	NA	NA	NA
NC_045512.2	11254	T	A	41	7	23	1	1	27	0.0238095	42	0.506024	FALSE	NA	NA	NA	NA	NA	NA
NC_045512.2	11255	A	T	45	6	26	1	1	28	0.0217391	46	0.505495	FALSE	NA	NA	NA	NA	NA	NA
NC_045512.2	11256	T	G	44	6	27	1	1	27	0.0212766	47	0.494505	FALSE	NA	NA	NA	NA	NA	NA
NC_045512.2	11256	T	C	44	6	27	1	0	23	0.0212766	47	0.494505	FALSE	NA	NA	NA	NA	NA	NA
NC_045512.2	11256	T	A	44	6	27	1	1	28	0.0212766	47	0.494505	FALSE	NA	NA	NA	NA	NA	NA
NC_045512.2	11257	G	C	92	14	27	1	1	22	0.0107527	93	0.502703	FALSE	NA	NA	NA	NA	NA	NA
NC_045512.2	11258	A	C	91	13	27	2	2	27	0.0215054	93	0.251351	FALSE	NA	NA	NA	NA	NA	NA
NC_045512.2	11259	C	T	90	12	27	2	2	28	0.0215054	93	0.248634	FALSE	NA	NA	NA	NA	NA	NA
NC_045512.2	11259	C	A	90	12	27	1	1	27	0.0107527	93	0.497268	FALSE	NA	NA	NA	NA	NA	NA
NC_045512.2	11260	A	T	91	13	26	1	1	27	0.0107527	93	0.5	FALSE	NA	NA	NA	NA	NA	NA
NC_045512.2	11260	A	G	91	13	26	1	1	27	0.0107527	93	0.5	FALSE	NA	NA	NA	NA	NA	NA
NC_045512.2	11261	T	G	91	13	26	1	1	29	0.0105263	95	0.494624	FALSE	NA	NA	NA	NA	NA	NA
NC_045512.2	11261	T	C	91	13	26	3	3	25	0.0315789	95	0.122995	FALSE	NA	NA	NA	NA	NA	NA
NC_045512.2	11262	G	T	88	11	26	1	1	27	0.010989	91	0.497207	FALSE	NA	NA	NA	NA	NA	NA
NC_045512.2	11262	G	C	88	11	26	1	1	25	0.010989	91	0.497207	FALSE	NA	NA	NA	NA	NA	NA
NC_045512.2	11262	G	A	88	11	26	1	1	25	0.010989	91	0.497207	FALSE	NA	NA	NA	NA	NA	NA
NC_045512.2	11263	G	A	86	13	24	4	4	25	0.0444444	90	0.0617839	FALSE	NA	NA	NA	NA	NA	NA
NC_045512.2	11264	T	G	91	13	26	1	1	27	0.0106383	94	0.497297	FALSE	NA	NA	NA	NA	NA	NA
NC_045512.2	11264	T	C	91	13	26	2	2	25	0.0212766	94	0.248649	FALSE	NA	NA	NA	NA	NA	NA
NC_045512.2	11265	T	A	88	15	24	2	2	26	0.0222222	90	0.251397	FALSE	NA	NA	NA	NA	NA	NA
NC_045512.2	11266	G	T	89	13	27	4	4	29	0.0425532	94	0.0604785	FALSE	NA	NA	NA	NA	NA	NA
NC_045512.2	11266	G	A	89	13	27	1	0	28	0.0106383	94	0.491803	FALSE	NA	NA	NA	NA	NA	NA
NC_045512.2	11267	G	C	90	14	24	1	1	28	0.0107527	93	0.497268	FALSE	NA	NA	NA	NA	NA	NA
NC_045512.2	11267	G	A	90	14	24	2	2	23	0.0215054	93	0.248634	FALSE	NA	NA	NA	NA	NA	NA
NC_045512.2	11268	A	T	94	15	27	1	1	27	0.0104167	96	0.5	FALSE	NA	NA	NA	NA	NA	NA
NC_045512.2	11268	A	G	94	15	27	1	1	29	0.0104167	96	0.5	FALSE	NA	NA	NA	NA	NA	NA
NC_045512.2	11269	T	G	92	13	27	3	3	27	0.03125	96	0.123016	FALSE	NA	NA	NA	NA	NA	NA
NC_045512.2	11269	T	C	92	13	27	1	1	20	0.0104167	96	0.494681	FALSE	NA	NA	NA	NA	NA	NA
NC_045512.2	11270	A	T	92	13	27	2	2	25	0.0208333	96	0.246032	FALSE	NA	NA	NA	NA	NA	NA
NC_045512.2	11270	A	C	92	13	27	2	2	27	0.0208333	96	0.246032	FALSE	NA	NA	NA	NA	NA	NA
NC_045512.2	11271	T	G	92	13	27	2	2	25	0.0208333	96	0.246032	FALSE	NA	NA	NA	NA	NA	NA
NC_045512.2	11271	T	A	92	13	27	2	2	27	0.0208333	96	0.246032	FALSE	NA	NA	NA	NA	NA	NA
NC_045512.2	11272	G	T	92	13	27	2	2	26	0.0210526	95	0.248663	FALSE	NA	NA	NA	NA	NA	NA
NC_045512.2	11272	G	A	92	13	27	1	1	31	0.0105263	95	0.497326	FALSE	NA	NA	NA	NA	NA	NA
NC_045512.2	11273	G	T	92	15	24	2	2	29	0.0210526	95	0.248663	FALSE	NA	NA	NA	NA	NA	NA
NC_045512.2	11273	G	C	92	15	24	1	1	20	0.0105263	95	0.497326	FALSE	NA	NA	NA	NA	NA	NA
NC_045512.2	11274	T	G	94	14	27	1	1	28	0.0103093	97	0.497382	FALSE	NA	NA	NA	NA	NA	NA
NC_045512.2	11274	T	C	94	14	27	2	2	26	0.0206186	97	0.248691	FALSE	NA	NA	NA	NA	NA	NA
NC_045512.2	11275	T	G	89	13	24	1	1	25	0.0106383	94	0.491803	FALSE	NA	NA	NA	NA	NA	NA
NC_045512.2	11275	T	C	89	13	24	1	1	28	0.0106383	94	0.491803	FALSE	NA	NA	NA	NA	NA	NA
NC_045512.2	11275	T	A	89	13	24	3	3	24	0.0319149	94	0.120957	FALSE	NA	NA	NA	NA	NA	NA
NC_045512.2	11276	G	T	93	14	27	3	2	21	0.0306122	98	0.121124	FALSE	NA	NA	NA	NA	NA	NA
NC_045512.2	11276	G	C	93	14	27	2	2	23	0.0204082	98	0.24351	FALSE	NA	NA	NA	NA	NA	NA
NC_045512.2	11277	A	T	96	14	27	4	4	27	0.039604	101	0.184335	FALSE	NA	NA	NA	NA	NA	NA
NC_045512.2	11277	A	G	96	14	27	1	0	24	0.00990099	101	0.743603	FALSE	NA	NA	NA	NA	NA	NA
NC_045512.2	11278	T	A	100	17	27	2	2	25	0.0196078	102	0.503713	FALSE	NA	NA	NA	NA	NA	NA
NC_045512.2	11279	A	T	97	14	27	2	2	24	0.0196078	102	0.492462	FALSE	NA	NA	NA	NA	NA	NA
NC_045512.2	11279	A	C	97	14	27	3	3	25	0.0294118	102	0.30687	FALSE	NA	NA	NA	NA	NA	NA
NC_045512.2	11280	C	T	96	13	27	4	4	25	0.0392157	102	0.181258	FALSE	NA	NA	NA	NA	NA	NA
NC_045512.2	11280	C	A	96	13	27	2	2	27	0.0196078	102	0.488637	FALSE	NA	NA	NA	NA	NA	NA
NC_045512.2	11281	T	G	97	14	27	2	2	25	0.0196078	102	0.492462	FALSE	NA	NA	NA	NA	NA	NA
NC_045512.2	11281	T	C	97	14	27	2	2	25	0.0196078	102	0.492462	FALSE	NA	NA	NA	NA	NA	NA
NC_045512.2	11281	T	A	97	14	27	1	1	27	0.00980392	102	0.743668	FALSE	NA	NA	NA	NA	NA	NA
NC_045512.2	11282	A	T	96	13	27	4	4	25	0.039604	101	0.184335	FALSE	NA	NA	NA	NA	NA	NA
NC_045512.2	11282	A	C	96	13	27	1	1	25	0.00990099	101	0.743603	FALSE	NA	NA	NA	NA	NA	NA
NC_045512.2	11283	G	T	96	16	27	1	1	23	0.010101	99	0.497436	FALSE	NA	NA	NA	NA	NA	NA
NC_045512.2	11283	G	A	96	16	27	2	2	25	0.020202	99	0.248718	FALSE	NA	NA	NA	NA	NA	NA
NC_045512.2	11284	T	G	94	14	26	2	2	27	0.0204082	98	0.246114	FALSE	NA	NA	NA	NA	NA	NA
NC_045512.2	11284	T	A	94	14	26	2	2	25	0.0204082	98	0.246114	FALSE	NA	NA	NA	NA	NA	NA
NC_045512.2	11285	T	G	95	15	27	1	1	28	0.01	100	0.740973	FALSE	NA	NA	NA	NA	NA	NA
NC_045512.2	11285	T	C	95	15	27	3	3	24	0.03	100	0.303007	FALSE	NA	NA	NA	NA	NA	NA
NC_045512.2	11285	T	A	95	15	27	1	1	27	0.01	100	0.740973	FALSE	NA	NA	NA	NA	NA	NA
NC_045512.2	11286	T	C	76	15	23	4	3	28	0.0487805	82	0.0586546	FALSE	NA	NA	NA	NA	NA	NA
NC_045512.2	11286	T	A	76	15	23	2	2	26	0.0243902	82	0.239073	FALSE	NA	NA	NA	NA	NA	NA
NC_045512.2	11287	G	T	94	15	26	1	1	27	0.010101	99	0.492228	FALSE	NA	NA	NA	NA	NA	NA
NC_045512.2	11287	G	C	94	15	26	2	2	26	0.020202	99	0.243577	FALSE	NA	NA	NA	NA	NA	NA
NC_045512.2	11287	G	A	94	15	26	2	2	28	0.020202	99	0.243577	FALSE	NA	NA	NA	NA	NA	NA
NC_045512.2	11287	G	-TCTGGTTTT	94	15	26	92	0	20	0.929293	99	2.34353e-22	TRUE	NA	NA	NA	NA	NA	NA
NC_045512.2	11287	G	-T	94	15	26	1	0	20	0.010101	99	0.492228	FALSE	NA	NA	NA	NA	NA	NA
NC_045512.2	11288	T	G	3	3	25	2	2	24	0.4	5	0.0020202	TRUE	NA	NA	NA	NA	NA	NA
NC_045512.2	11289	C	T	2	2	27	2	2	28	0.333333	6	0.00121212	TRUE	NA	NA	NA	NA	NA	NA
NC_045512.2	11289	C	G	2	2	27	2	2	25	0.333333	6	0.00121212	TRUE	NA	NA	NA	NA	NA	NA
NC_045512.2	11290	T	G	5	5	25	1	1	29	0.142857	7	0.0582524	FALSE	NA	NA	NA	NA	NA	NA
NC_045512.2	11290	T	A	5	5	25	1	1	27	0.142857	7	0.0582524	FALSE	NA	NA	NA	NA	NA	NA
NC_045512.2	11291	G	T	0	0	0	5	5	25	0.714286	7	1.2006e-08	TRUE	NA	NA	NA	NA	NA	NA
NC_045512.2	11291	G	C	0	0	0	2	2	26	0.285714	7	0.000206143	TRUE	NA	NA	NA	NA	NA	NA
NC_045512.2	11292	G	T	1	1	24	6	6	25	0.857143	7	4.61321e-09	TRUE	NA	NA	NA	NA	NA	NA
NC_045512.2	11293	T	G	2	2	29	4	4	26	0.571429	7	3.39269e-06	TRUE	NA	NA	NA	NA	NA	NA
NC_045512.2	11293	T	C	2	2	29	1	1	21	0.142857	7	0.03	FALSE	NA	NA	NA	NA	NA	NA
NC_045512.2	11294	T	G	3	3	22	2	2	28	0.285714	7	0.00194137	TRUE	NA	NA	NA	NA	NA	NA
NC_045512.2	11294	T	C	3	3	22	1	1	27	0.142857	7	0.039604	FALSE	NA	NA	NA	NA	NA	NA
NC_045512.2	11294	T	A	3	3	22	1	1	28	0.142857	7	0.039604	FALSE	NA	NA	NA	NA	NA	NA
NC_045512.2	11295	T	G	4	4	28	1	1	28	0.142857	7	0.0490196	FALSE	NA	NA	NA	NA	NA	NA
NC_045512.2	11295	T	C	4	4	28	1	1	24	0.142857	7	0.0490196	FALSE	NA	NA	NA	NA	NA	NA
NC_045512.2	11295	T	A	4	4	28	1	1	27	0.142857	7	0.0490196	FALSE	NA	NA	NA	NA	NA	NA
NC_045512.2	11296	T	C	2	2	24	2	2	27	0.285714	7	0.00118812	TRUE	NA	NA	NA	NA	NA	NA
NC_045512.2	11296	T	A	2	2	24	3	3	27	0.428571	7	5.82411e-05	TRUE	NA	NA	NA	NA	NA	NA
NC_045512.2	11297	A	T	93	14	27	3	3	28	0.0309278	97	0.123037	FALSE	NA	NA	NA	NA	NA	NA
NC_045512.2	11297	A	C	93	14	27	1	1	23	0.0103093	97	0.494737	FALSE	NA	NA	NA	NA	NA	NA
NC_045512.2	11298	A	T	85	13	23	2	2	27	0.0210526	95	0.22965	FALSE	NA	NA	NA	NA	NA	NA
NC_045512.2	11298	A	G	85	13	23	5	4	27	0.0526316	95	0.0264144	FALSE	NA	NA	NA	NA	NA	NA
NC_045512.2	11298	A	C	85	13	23	3	3	27	0.0315789	95	0.11104	FALSE	NA	NA	NA	NA	NA	NA
NC_045512.2	11299	G	T	95	16	27	4	4	23	0.039604	101	0.181195	FALSE	NA	NA	NA	NA	NA	NA
NC_045512.2	11299	G	A	95	16	27	2	2	26	0.019802	101	0.488521	FALSE	NA	NA	NA	NA	NA	NA
NC_045512.2	11300	C	T	93	15	27	5	4	26	0.05	100	0.101175	FALSE	NA	NA	NA	NA	NA	NA
NC_045512.2	11300	C	G	93	15	27	2	2	28	0.02	100	0.480674	FALSE	NA	NA	NA	NA	NA	NA
NC_045512.2	11301	T	G	96	18	26	1	1	28	0.00990099	101	0.743603	FALSE	NA	NA	NA	NA	NA	NA
NC_045512.2	11301	T	C	96	18	26	2	2	26	0.019802	101	0.492386	FALSE	NA	NA	NA	NA	NA	NA
NC_045512.2	11301	T	A	96	18	26	2	2	26	0.019802	101	0.492386	FALSE	NA	NA	NA	NA	NA	NA
NC_045512.2	11301	T	+A	96	18	26	1	0	20	0.00990099	101	0.743603	FALSE	NA	NA	NA	NA	NA	NA
NC_045512.2	11302	A	T	82	9	26	7	7	26	0.0769231	91	0.00664162	TRUE	NA	NA	NA	NA	NA	NA
NC_045512.2	11302	A	G	82	9	26	2	2	30	0.021978	91	0.231613	FALSE	NA	NA	NA	NA	NA	NA
NC_045512.2	11302	A	-A	82	9	26	1	0	20	0.010989	91	0.479769	FALSE	NA	NA	NA	NA	NA	NA
NC_045512.2	11303	A	T	87	14	27	2	2	27	0.0212766	94	0.235153	FALSE	NA	NA	NA	NA	NA	NA
NC_045512.2	11303	A	G	87	14	27	3	3	25	0.0319149	94	0.11502	FALSE	NA	NA	NA	NA	NA	NA
NC_045512.2	11303	A	C	87	14	27	2	2	27	0.0212766	94	0.235153	FALSE	NA	NA	NA	NA	NA	NA
NC_045512.2	11304	A	T	86	14	27	5	5	25	0.0520833	96	0.0264637	FALSE	NA	NA	NA	NA	NA	NA
NC_045512.2	11304	A	G	86	14	27	4	3	25	0.0416667	96	0.0540907	FALSE	NA	NA	NA	NA	NA	NA
NC_045512.2	11304	A	C	86	14	27	1	1	28	0.0104167	96	0.478022	FALSE	NA	NA	NA	NA	NA	NA
NC_045512.2	11305	A	T	49	13	23	6	6	26	0.101695	59	0.011474	FALSE	NA	NA	NA	NA	NA	NA
NC_045512.2	11305	A	G	49	13	23	4	3	26	0.0677966	59	0.0488938	FALSE	NA	NA	NA	NA	NA	NA
NC_045512.2	11306	G	T	88	15	27	5	5	28	0.0520833	96	0.0280184	FALSE	NA	NA	NA	NA	NA	NA
NC_045512.2	11306	G	C	88	15	27	1	1	27	0.0104167	96	0.483696	FALSE	NA	NA	NA	NA	NA	NA
NC_045512.2	11306	G	A	88	15	27	2	2	25	0.0208333	96	0.235311	FALSE	NA	NA	NA	NA	NA	NA
NC_045512.2	11307	A	T	87	14	27	4	4	26	0.0416667	96	0.0553609	FALSE	NA	NA	NA	NA	NA	NA
NC_045512.2	11307	A	G	87	14	27	2	2	23	0.0208333	96	0.232597	FALSE	NA	NA	NA	NA	NA	NA
NC_045512.2	11307	A	C	87	14	27	3	3	25	0.03125	96	0.113155	FALSE	NA	NA	NA	NA	NA	NA
NC_045512.2	11308	C	T	88	15	27	2	2	24	0.0208333	96	0.235311	FALSE	NA	NA	NA	NA	NA	NA
NC_045512.2	11308	C	G	88	15	27	3	3	28	0.03125	96	0.115125	FALSE	NA	NA	NA	NA	NA	NA
NC_045512.2	11308	C	A	88	15	27	3	3	26	0.03125	96	0.115125	FALSE	NA	NA	NA	NA	NA	NA
NC_045512.2	11309	T	G	87	16	27	1	1	27	0.0104167	96	0.480874	FALSE	NA	NA	NA	NA	NA	NA
NC_045512.2	11309	T	C	87	16	27	3	1	23	0.03125	96	0.113155	FALSE	NA	NA	NA	NA	NA	NA
NC_045512.2	11309	T	A	87	16	27	5	5	26	0.0520833	96	0.0272364	FALSE	NA	NA	NA	NA	NA	NA
NC_045512.2	11310	G	T	88	15	27	4	4	26	0.0421053	95	0.0578773	FALSE	NA	NA	NA	NA	NA	NA
NC_045512.2	11310	G	C	88	15	27	3	3	28	0.0315789	95	0.117013	FALSE	NA	NA	NA	NA	NA	NA
NC_045512.2	11311	T	G	90	18	27	2	2	28	0.0208333	96	0.240699	FALSE	NA	NA	NA	NA	NA	NA
NC_045512.2	11311	T	C	90	18	27	1	0	25	0.0104167	96	0.489247	FALSE	NA	NA	NA	NA	NA	NA
NC_045512.2	11311	T	A	90	18	27	3	3	25	0.03125	96	0.119069	FALSE	NA	NA	NA	NA	NA	NA
NC_045512.2	11312	G	T	89	16	27	6	6	27	0.0612245	98	0.0135163	FALSE	NA	NA	NA	NA	NA	NA
NC_045512.2	11312	G	C	89	16	27	1	1	21	0.0102041	98	0.481283	FALSE	NA	NA	NA	NA	NA	NA
NC_045512.2	11312	G	A	89	16	27	2	2	25	0.0204082	98	0.232962	FALSE	NA	NA	NA	NA	NA	NA
NC_045512.2	11313	T	G	89	16	27	3	3	24	0.0306122	98	0.113399	FALSE	NA	NA	NA	NA	NA	NA
NC_045512.2	11313	T	C	89	16	27	4	4	28	0.0408163	98	0.055506	FALSE	NA	NA	NA	NA	NA	NA
NC_045512.2	11313	T	A	89	16	27	2	2	27	0.0204082	98	0.232962	FALSE	NA	NA	NA	NA	NA	NA
NC_045512.2	11313	T	-TATGTATGC	89	16	27	1	0	20	0.0102041	98	0.481283	FALSE	NA	NA	NA	NA	NA	NA
NC_045512.2	11314	T	G	81	16	24	4	4	27	0.0449438	89	0.0548871	FALSE	NA	NA	NA	NA	NA	NA
NC_045512.2	11314	T	C	81	16	24	1	1	27	0.011236	89	0.479532	FALSE	NA	NA	NA	NA	NA	NA
NC_045512.2	11314	T	A	81	16	24	3	3	28	0.0337079	89	0.112357	FALSE	NA	NA	NA	NA	NA	NA
NC_045512.2	11314	T	-ATGTATGCA	81	16	24	1	0	20	0.0111111	90	0.479532	FALSE	NA	NA	NA	NA	NA	NA
NC_045512.2	11315	A	T	88	15	27	4	4	25	0.0416667	96	0.054261	FALSE	NA	NA	NA	NA	NA	NA
NC_045512.2	11315	A	G	88	15	27	3	3	28	0.03125	96	0.111471	FALSE	NA	NA	NA	NA	NA	NA
NC_045512.2	11315	A	C	88	15	27	1	1	29	0.0104167	96	0.478495	FALSE	NA	NA	NA	NA	NA	NA
NC_045512.2	11316	T	G	91	19	27	1	1	24	0.0104167	96	0.486772	FALSE	NA	NA	NA	NA	NA	NA
NC_045512.2	11316	T	C	91	19	27	4	3	26	0.0416667	96	0.0580193	FALSE	NA	NA	NA	NA	NA	NA
NC_045512.2	11317	G	T	92	19	27	4	4	26	0.0412371	97	0.0580647	FALSE	NA	NA	NA	NA	NA	NA
NC_045512.2	11317	G	A	92	19	27	1	1	28	0.0103093	97	0.486911	FALSE	NA	NA	NA	NA	NA	NA
NC_045512.2	11318	T	G	89	16	27	3	3	27	0.0309278	97	0.111609	FALSE	NA	NA	NA	NA	NA	NA
NC_045512.2	11318	T	C	89	16	27	2	2	25	0.0206186	97	0.230496	FALSE	NA	NA	NA	NA	NA	NA
NC_045512.2	11318	T	A	89	16	27	3	3	27	0.0309278	97	0.111609	FALSE	NA	NA	NA	NA	NA	NA
NC_045512.2	11319	A	T	88	15	27	6	6	27	0.0625	96	0.0130711	FALSE	NA	NA	NA	NA	NA	NA
NC_045512.2	11319	A	C	88	15	27	2	2	24	0.0208333	96	0.230292	FALSE	NA	NA	NA	NA	NA	NA
NC_045512.2	11320	T	G	88	15	27	1	1	24	0.0105263	95	0.481081	FALSE	NA	NA	NA	NA	NA	NA
NC_045512.2	11320	T	C	88	15	27	2	2	27	0.0210526	95	0.232781	FALSE	NA	NA	NA	NA	NA	NA
NC_045512.2	11320	T	A	88	15	27	4	4	27	0.0421053	95	0.0554342	FALSE	NA	NA	NA	NA	NA	NA
NC_045512.2	11321	G	T	90	17	27	4	4	27	0.0412371	97	0.0555763	FALSE	NA	NA	NA	NA	NA	NA
NC_045512.2	11321	G	C	90	17	27	2	2	27	0.0206186	97	0.233138	FALSE	NA	NA	NA	NA	NA	NA
NC_045512.2	11321	G	A	90	17	27	1	1	27	0.0103093	97	0.481481	FALSE	NA	NA	NA	NA	NA	NA
NC_045512.2	11322	C	T	88	15	27	5	5	26	0.0515464	97	0.025864	FALSE	NA	NA	NA	NA	NA	NA
NC_045512.2	11322	C	G	88	15	27	2	2	24	0.0206186	97	0.227842	FALSE	NA	NA	NA	NA	NA	NA
NC_045512.2	11322	C	A	88	15	27	2	2	27	0.0206186	97	0.227842	FALSE	NA	NA	NA	NA	NA	NA
NC_045512.2	11323	A	T	90	17	27	6	6	27	0.0612245	98	0.0135371	FALSE	NA	NA	NA	NA	NA	NA
NC_045512.2	11323	A	G	90	17	27	1	1	26	0.0102041	98	0.481481	FALSE	NA	NA	NA	NA	NA	NA
NC_045512.2	11323	A	C	90	17	27	1	1	29	0.0102041	98	0.481481	FALSE	NA	NA	NA	NA	NA	NA
NC_045512.2	11324	T	G	88	17	27	3	3	28	0.030303	99	0.109702	FALSE	NA	NA	NA	NA	NA	NA
NC_045512.2	11324	T	C	88	17	27	1	0	22	0.010101	99	0.475936	FALSE	NA	NA	NA	NA	NA	NA
NC_045512.2	11324	T	A	88	17	27	7	7	25	0.0707071	99	0.00623289	TRUE	NA	NA	NA	NA	NA	NA
NC_045512.2	11325	C	T	85	14	27	7	7	26	0.0714286	98	0.00573518	TRUE	NA	NA	NA	NA	NA	NA
NC_045512.2	11325	C	G	85	14	27	2	2	27	0.0204082	98	0.222202	FALSE	NA	NA	NA	NA	NA	NA
NC_045512.2	11325	C	A	85	14	27	4	4	26	0.0408163	98	0.0505751	FALSE	NA	NA	NA	NA	NA	NA
NC_045512.2	11325	C	-AGCTGTAGT	85	14	27	1	0	20	0.0102041	98	0.469945	FALSE	NA	NA	NA	NA	NA	NA
NC_045512.2	11326	A	T	83	15	27	6	6	27	0.0625	96	0.0113273	FALSE	NA	NA	NA	NA	NA	NA
NC_045512.2	11326	A	G	83	15	27	6	6	25	0.0625	96	0.0113273	FALSE	NA	NA	NA	NA	NA	NA
NC_045512.2	11326	A	C	83	15	27	1	1	28	0.0104167	96	0.466667	FALSE	NA	NA	NA	NA	NA	NA
NC_045512.2	11327	G	T	86	18	25	2	2	28	0.0208333	96	0.22737	FALSE	NA	NA	NA	NA	NA	NA
NC_045512.2	11327	G	C	86	18	25	4	4	26	0.0416667	96	0.0529274	FALSE	NA	NA	NA	NA	NA	NA
NC_045512.2	11327	G	A	86	18	25	4	4	26	0.0416667	96	0.0529274	FALSE	NA	NA	NA	NA	NA	NA
NC_045512.2	11328	C	T	85	17	25	6	6	27	0.0618557	97	0.0117821	FALSE	NA	NA	NA	NA	NA	NA
NC_045512.2	11328	C	G	85	17	25	4	4	27	0.0412371	97	0.0505751	FALSE	NA	NA	NA	NA	NA	NA
NC_045512.2	11328	C	A	85	17	25	2	2	24	0.0206186	97	0.222202	FALSE	NA	NA	NA	NA	NA	NA
NC_045512.2	11328	C	-TGTAGTGTT	85	17	25	2	0	20	0.0204082	98	0.222202	FALSE	NA	NA	NA	NA	NA	NA
NC_045512.2	11329	T	G	86	18	25	2	2	23	0.0210526	95	0.224912	FALSE	NA	NA	NA	NA	NA	NA
NC_045512.2	11329	T	A	86	18	25	7	7	25	0.0736842	95	0.00597351	TRUE	NA	NA	NA	NA	NA	NA
NC_045512.2	11330	G	T	87	19	27	4	4	26	0.0416667	96	0.0519018	FALSE	NA	NA	NA	NA	NA	NA
NC_045512.2	11330	G	C	87	19	27	2	2	25	0.0208333	96	0.225174	FALSE	NA	NA	NA	NA	NA	NA
NC_045512.2	11330	G	A	87	19	27	3	3	28	0.03125	96	0.107796	FALSE	NA	NA	NA	NA	NA	NA
NC_045512.2	11331	T	G	85	17	27	2	2	24	0.0212766	94	0.224644	FALSE	NA	NA	NA	NA	NA	NA
NC_045512.2	11331	T	C	85	17	27	2	2	25	0.0212766	94	0.224644	FALSE	NA	NA	NA	NA	NA	NA
NC_045512.2	11331	T	A	85	17	27	5	5	28	0.0531915	94	0.0250097	FALSE	NA	NA	NA	NA	NA	NA
NC_045512.2	11332	A	T	84	16	27	5	5	27	0.0526316	95	0.0236202	FALSE	NA	NA	NA	NA	NA	NA
NC_045512.2	11332	A	G	84	16	27	4	4	26	0.0421053	95	0.0493637	FALSE	NA	NA	NA	NA	NA	NA
NC_045512.2	11332	A	C	84	16	27	2	2	27	0.0210526	95	0.21948	FALSE	NA	NA	NA	NA	NA	NA
NC_045512.2	11333	G	T	84	16	27	7	7	26	0.0736842	95	0.00550261	TRUE	NA	NA	NA	NA	NA	NA
NC_045512.2	11333	G	C	84	16	27	1	1	25	0.0105263	95	0.467033	FALSE	NA	NA	NA	NA	NA	NA
NC_045512.2	11333	G	A	84	16	27	3	3	27	0.0315789	95	0.103776	FALSE	NA	NA	NA	NA	NA	NA
NC_045512.2	11334	T	G	85	17	27	3	3	27	0.03125	96	0.103992	FALSE	NA	NA	NA	NA	NA	NA
NC_045512.2	11334	T	C	85	17	27	2	2	29	0.0208333	96	0.2198	FALSE	NA	NA	NA	NA	NA	NA
NC_045512.2	11334	T	A	85	17	27	6	6	26	0.0625	96	0.011408	FALSE	NA	NA	NA	NA	NA	NA
NC_045512.2	11334	T	-GTTACTAAT	85	17	27	1	0	20	0.010101	99	0.467391	FALSE	NA	NA	NA	NA	NA	NA
NC_045512.2	11335	G	T	81	14	27	9	9	26	0.0957447	94	0.00117078	TRUE	NA	NA	NA	NA	NA	NA
NC_045512.2	11335	G	C	81	14	27	2	2	27	0.0212766	94	0.213609	FALSE	NA	NA	NA	NA	NA	NA
NC_045512.2	11335	G	A	81	14	27	2	1	24	0.0212766	94	0.213609	FALSE	NA	NA	NA	NA	NA	NA
NC_045512.2	11336	T	G	85	17	26	4	4	30	0.0425532	94	0.0516866	FALSE	NA	NA	NA	NA	NA	NA
NC_045512.2	11336	T	A	85	17	26	5	5	26	0.0531915	94	0.0250097	FALSE	NA	NA	NA	NA	NA	NA
NC_045512.2	11337	T	G	79	17	24	5	5	25	0.0555556	90	0.0232312	FALSE	NA	NA	NA	NA	NA	NA
NC_045512.2	11337	T	A	79	17	24	6	6	27	0.0666667	90	0.0111562	FALSE	NA	NA	NA	NA	NA	NA
NC_045512.2	11338	A	T	83	15	27	7	7	26	0.0714286	98	0.00507933	TRUE	NA	NA	NA	NA	NA	NA
NC_045512.2	11338	A	G	83	15	27	7	7	27	0.0714286	98	0.00507933	TRUE	NA	NA	NA	NA	NA	NA
NC_045512.2	11338	A	C	83	15	27	1	1	28	0.0102041	98	0.461538	FALSE	NA	NA	NA	NA	NA	NA
NC_045512.2	11339	C	T	84	16	27	4	4	25	0.0408163	98	0.0483021	FALSE	NA	NA	NA	NA	NA	NA
NC_045512.2	11339	C	G	84	16	27	2	2	27	0.0204082	98	0.217094	FALSE	NA	NA	NA	NA	NA	NA
NC_045512.2	11339	C	A	84	16	27	8	8	27	0.0816327	98	0.00256574	TRUE	NA	NA	NA	NA	NA	NA
NC_045512.2	11340	T	G	89	22	26	2	2	27	0.0206186	97	0.232962	FALSE	NA	NA	NA	NA	NA	NA
NC_045512.2	11340	T	C	89	22	26	3	3	28	0.0309278	97	0.113399	FALSE	NA	NA	NA	NA	NA	NA
NC_045512.2	11340	T	A	89	22	26	3	3	26	0.0309278	97	0.113399	FALSE	NA	NA	NA	NA	NA	NA
NC_045512.2	11341	A	T	80	13	26	7	7	27	0.0744681	94	0.00520409	TRUE	NA	NA	NA	NA	NA	NA
NC_045512.2	11341	A	G	80	13	26	5	5	24	0.0531915	94	0.022661	FALSE	NA	NA	NA	NA	NA	NA
NC_045512.2	11341	A	C	80	13	26	2	2	27	0.0212766	94	0.215649	FALSE	NA	NA	NA	NA	NA	NA
NC_045512.2	11341	A	-ATCCTTATG	80	13	26	1	0	20	0.0105263	95	0.462857	FALSE	NA	NA	NA	NA	NA	NA
NC_045512.2	11342	A	T	75	18	24	4	4	27	0.0465116	86	0.0492496	FALSE	NA	NA	NA	NA	NA	NA
NC_045512.2	11342	A	G	75	18	24	7	7	29	0.0813953	86	0.00551924	TRUE	NA	NA	NA	NA	NA	NA
NC_045512.2	11342	A	-TCCTTATGA	75	18	24	1	0	20	0.0113636	88	0.466258	FALSE	NA	NA	NA	NA	NA	NA
NC_045512.2	11343	T	G	86	19	27	3	3	25	0.0319149	94	0.109383	FALSE	NA	NA	NA	NA	NA	NA
NC_045512.2	11343	T	C	86	19	27	3	3	26	0.0319149	94	0.109383	FALSE	NA	NA	NA	NA	NA	NA
NC_045512.2	11343	T	A	86	19	27	2	2	28	0.0212766	94	0.22737	FALSE	NA	NA	NA	NA	NA	NA
NC_045512.2	11344	C	T	79	14	27	5	5	26	0.0543478	92	0.022575	FALSE	NA	NA	NA	NA	NA	NA
NC_045512.2	11344	C	G	79	14	27	4	4	27	0.0434783	92	0.0475687	FALSE	NA	NA	NA	NA	NA	NA
NC_045512.2	11344	C	A	79	14	27	4	4	26	0.0434783	92	0.0475687	FALSE	NA	NA	NA	NA	NA	NA
NC_045512.2	11345	C	T	73	13	23	5	5	25	0.0568182	88	0.0207182	FALSE	NA	NA	NA	NA	NA	NA
NC_045512.2	11345	C	G	73	13	23	3	3	25	0.0340909	88	0.0956293	FALSE	NA	NA	NA	NA	NA	NA
NC_045512.2	11345	C	A	73	13	23	7	7	27	0.0795455	88	0.00461183	TRUE	NA	NA	NA	NA	NA	NA
NC_045512.2	11346	T	G	80	18	26	3	3	27	0.0333333	90	0.106476	FALSE	NA	NA	NA	NA	NA	NA
NC_045512.2	11346	T	C	80	18	26	1	1	28	0.0111111	90	0.47093	FALSE	NA	NA	NA	NA	NA	NA
NC_045512.2	11346	T	A	80	18	26	6	6	27	0.0666667	90	0.0119929	FALSE	NA	NA	NA	NA	NA	NA
NC_045512.2	11347	T	G	79	21	24	5	5	27	0.0581395	86	0.0268775	FALSE	NA	NA	NA	NA	NA	NA
NC_045512.2	11347	T	C	79	21	24	2	2	26	0.0232558	86	0.230967	FALSE	NA	NA	NA	NA	NA	NA
NC_045512.2	11347	T	-ATGACAGCA	79	21	24	1	0	20	0.0113636	88	0.479042	FALSE	NA	NA	NA	NA	NA	NA
NC_045512.2	11348	A	T	80	19	27	4	4	26	0.0449438	89	0.0511086	FALSE	NA	NA	NA	NA	NA	NA
NC_045512.2	11348	A	G	80	19	27	3	3	27	0.0337079	89	0.106476	FALSE	NA	NA	NA	NA	NA	NA
NC_045512.2	11348	A	C	80	19	27	2	2	28	0.0224719	89	0.223215	FALSE	NA	NA	NA	NA	NA	NA
NC_045512.2	11349	T	G	78	17	27	1	1	21	0.0113636	88	0.467456	FALSE	NA	NA	NA	NA	NA	NA
NC_045512.2	11349	T	C	78	17	27	5	5	27	0.0568182	88	0.0238335	FALSE	NA	NA	NA	NA	NA	NA
NC_045512.2	11349	T	A	78	17	27	4	4	24	0.0454545	88	0.049677	FALSE	NA	NA	NA	NA	NA	NA
NC_045512.2	11350	G	T	77	17	27	6	6	26	0.0681818	88	0.0110656	FALSE	NA	NA	NA	NA	NA	NA
NC_045512.2	11350	G	C	77	17	27	2	2	27	0.0227273	88	0.217033	FALSE	NA	NA	NA	NA	NA	NA
NC_045512.2	11350	G	A	77	17	27	3	3	27	0.0340909	88	0.102133	FALSE	NA	NA	NA	NA	NA	NA
NC_045512.2	11351	A	T	79	19	27	3	3	26	0.0337079	89	0.106271	FALSE	NA	NA	NA	NA	NA	NA
NC_045512.2	11351	A	G	79	19	27	4	4	26	0.0449438	89	0.0509856	FALSE	NA	NA	NA	NA	NA	NA
NC_045512.2	11351	A	C	79	19	27	3	3	25	0.0337079	89	0.106271	FALSE	NA	NA	NA	NA	NA	NA
NC_045512.2	11352	C	T	76	16	27	7	7	26	0.0769231	91	0.00489682	TRUE	NA	NA	NA	NA	NA	NA
NC_045512.2	11352	C	G	76	16	27	5	5	26	0.0549451	91	0.021658	FALSE	NA	NA	NA	NA	NA	NA
NC_045512.2	11352	C	A	76	16	27	3	3	25	0.032967	91	0.0983032	FALSE	NA	NA	NA	NA	NA	NA
NC_045512.2	11353	A	T	77	18	27	3	3	24	0.0337079	89	0.103968	FALSE	NA	NA	NA	NA	NA	NA
NC_045512.2	11353	A	G	77	18	27	9	9	26	0.101124	89	0.00133618	TRUE	NA	NA	NA	NA	NA	NA
NC_045512.2	11354	G	T	77	18	27	6	6	27	0.0674157	89	0.0114631	FALSE	NA	NA	NA	NA	NA	NA
NC_045512.2	11354	G	C	77	18	27	3	3	28	0.0337079	89	0.103968	FALSE	NA	NA	NA	NA	NA	NA
NC_045512.2	11354	G	A	77	18	27	3	3	28	0.0337079	89	0.103968	FALSE	NA	NA	NA	NA	NA	NA
NC_045512.2	11354	G	-CAAGAACTGT	77	18	27	1	0	20	0.0111111	90	0.467066	FALSE	NA	NA	NA	NA	NA	NA
NC_045512.2	11355	C	T	74	17	27	10	10	28	0.116279	86	0.00065089	TRUE	NA	NA	NA	NA	NA	NA
NC_045512.2	11355	C	G	74	17	27	1	1	30	0.0116279	86	0.465839	FALSE	NA	NA	NA	NA	NA	NA
NC_045512.2	11355	C	A	74	17	27	1	1	26	0.0116279	86	0.465839	FALSE	NA	NA	NA	NA	NA	NA
NC_045512.2	11356	A	T	69	13	26	8	8	27	0.0963855	83	0.00235975	TRUE	NA	NA	NA	NA	NA	NA
NC_045512.2	11356	A	G	69	13	26	6	6	27	0.0722892	83	0.0102584	FALSE	NA	NA	NA	NA	NA	NA
NC_045512.2	11356	A	-AGAACTGTG	69	13	26	2	0	20	0.0238095	84	0.210933	FALSE	NA	NA	NA	NA	NA	NA
NC_045512.2	11357	A	T	63	17	24	3	3	30	0.0405405	74	0.100063	FALSE	NA	NA	NA	NA	NA	NA
NC_045512.2	11357	A	G	63	17	24	6	6	25	0.0810811	74	0.0107577	FALSE	NA	NA	NA	NA	NA	NA
NC_045512.2	11357	A	C	63	17	24	2	2	28	0.027027	74	0.213772	FALSE	NA	NA	NA	NA	NA	NA
NC_045512.2	11358	G	T	69	17	27	4	4	27	0.0506329	79	0.0495916	FALSE	NA	NA	NA	NA	NA	NA
NC_045512.2	11358	G	C	69	17	27	1	1	27	0.0126582	79	0.466667	FALSE	NA	NA	NA	NA	NA	NA
NC_045512.2	11358	G	A	69	17	27	5	5	28	0.0632911	79	0.0238298	FALSE	NA	NA	NA	NA	NA	NA
NC_045512.2	11359	A	T	68	16	26	5	5	26	0.0641026	78	0.0237411	FALSE	NA	NA	NA	NA	NA	NA
NC_045512.2	11359	A	G	68	16	26	4	4	28	0.0512821	78	0.0494335	FALSE	NA	NA	NA	NA	NA	NA
NC_045512.2	11359	A	C	68	16	26	1	1	26	0.0128205	78	0.466216	FALSE	NA	NA	NA	NA	NA	NA
NC_045512.2	11360	A	T	61	16	24	5	5	26	0.0704225	71	0.0230564	FALSE	NA	NA	NA	NA	NA	NA
NC_045512.2	11360	A	G	61	16	24	3	3	26	0.0422535	71	0.10161	FALSE	NA	NA	NA	NA	NA	NA
NC_045512.2	11360	A	C	61	16	24	2	2	27	0.028169	71	0.21592	FALSE	NA	NA	NA	NA	NA	NA
NC_045512.2	11361	C	T	65	13	26	6	6	27	0.0769231	78	0.0100174	FALSE	NA	NA	NA	NA	NA	NA
NC_045512.2	11361	C	G	65	13	26	4	4	26	0.0512821	78	0.0450481	FALSE	NA	NA	NA	NA	NA	NA
NC_045512.2	11361	C	A	65	13	26	3	3	26	0.0384615	78	0.096625	FALSE	NA	NA	NA	NA	NA	NA
NC_045512.2	11362	T	G	66	15	26	5	5	27	0.0657895	76	0.0235574	FALSE	NA	NA	NA	NA	NA	NA
NC_045512.2	11362	T	C	66	15	26	2	1	26	0.0263158	76	0.218199	FALSE	NA	NA	NA	NA	NA	NA
NC_045512.2	11362	T	A	66	15	26	3	3	27	0.0394737	76	0.103122	FALSE	NA	NA	NA	NA	NA	NA
NC_045512.2	11363	G	T	65	14	26	5	5	28	0.0657895	76	0.0226641	FALSE	NA	NA	NA	NA	NA	NA
NC_045512.2	11363	G	C	65	14	26	4	4	26	0.0526316	76	0.0475946	FALSE	NA	NA	NA	NA	NA	NA
NC_045512.2	11363	G	A	65	14	26	2	2	29	0.0263158	76	0.214744	FALSE	NA	NA	NA	NA	NA	NA
NC_045512.2	11364	T	G	68	17	27	4	4	26	0.0519481	77	0.0507787	FALSE	NA	NA	NA	NA	NA	NA
NC_045512.2	11364	T	A	68	17	27	5	5	28	0.0649351	77	0.0245486	FALSE	NA	NA	NA	NA	NA	NA
NC_045512.2	11365	G	T	65	15	27	6	6	26	0.0779221	77	0.0104348	FALSE	NA	NA	NA	NA	NA	NA
NC_045512.2	11365	G	C	65	15	27	1	1	28	0.012987	77	0.458333	FALSE	NA	NA	NA	NA	NA	NA
NC_045512.2	11365	G	A	65	15	27	5	4	26	0.0649351	77	0.0218984	FALSE	NA	NA	NA	NA	NA	NA
NC_045512.2	11366	T	G	67	16	27	4	4	27	0.05	80	0.0479576	FALSE	NA	NA	NA	NA	NA	NA
NC_045512.2	11366	T	C	67	16	27	6	6	26	0.075	80	0.0109823	FALSE	NA	NA	NA	NA	NA	NA
NC_045512.2	11366	T	A	67	16	27	3	3	24	0.0375	80	0.101319	FALSE	NA	NA	NA	NA	NA	NA
NC_045512.2	11366	T	-ATG	67	16	27	1	0	20	0.0125	80	0.462585	FALSE	NA	NA	NA	NA	NA	NA
NC_045512.2	11367	A	T	56	14	27	5	5	26	0.0746269	67	0.0224864	FALSE	NA	NA	NA	NA	NA	NA
NC_045512.2	11367	A	G	56	14	27	5	5	26	0.0746269	67	0.0224864	FALSE	NA	NA	NA	NA	NA	NA
NC_045512.2	11367	A	C	56	14	27	1	1	30	0.0149254	67	0.459677	FALSE	NA	NA	NA	NA	NA	NA
NC_045512.2	11368	T	G	54	12	27	8	8	27	0.119403	67	0.00221824	TRUE	NA	NA	NA	NA	NA	NA
NC_045512.2	11368	T	C	54	12	27	1	1	30	0.0149254	67	0.45082	FALSE	NA	NA	NA	NA	NA	NA
NC_045512.2	11368	T	A	54	12	27	4	4	24	0.0597015	67	0.0437781	FALSE	NA	NA	NA	NA	NA	NA
NC_045512.2	11369	G	T	51	9	27	7	7	27	0.104478	67	0.00377065	TRUE	NA	NA	NA	NA	NA	NA
NC_045512.2	11369	G	C	51	9	27	5	5	27	0.0746269	67	0.0176785	FALSE	NA	NA	NA	NA	NA	NA
NC_045512.2	11369	G	A	51	9	27	4	4	26	0.0597015	67	0.0388295	FALSE	NA	NA	NA	NA	NA	NA
NC_045512.2	11370	A	T	57	14	26	8	8	27	0.117647	68	0.00274103	TRUE	NA	NA	NA	NA	NA	NA
NC_045512.2	11370	A	G	57	14	26	2	2	31	0.0294118	68	0.21727	FALSE	NA	NA	NA	NA	NA	NA
NC_045512.2	11370	A	C	57	14	26	1	1	26	0.0147059	68	0.464	FALSE	NA	NA	NA	NA	NA	NA
NC_045512.2	11371	T	G	57	14	26	6	6	27	0.0882353	68	0.0113937	FALSE	NA	NA	NA	NA	NA	NA
NC_045512.2	11371	T	C	57	14	26	3	3	26	0.0441176	68	0.102647	FALSE	NA	NA	NA	NA	NA	NA
NC_045512.2	11371	T	A	57	14	26	2	2	21	0.0294118	68	0.21727	FALSE	NA	NA	NA	NA	NA	NA
NC_045512.2	11372	G	T	55	12	26	6	6	26	0.0882353	68	0.0102377	FALSE	NA	NA	NA	NA	NA	NA
NC_045512.2	11372	G	C	55	12	26	4	4	27	0.0588235	68	0.0454711	FALSE	NA	NA	NA	NA	NA	NA
NC_045512.2	11372	G	A	55	12	26	3	3	28	0.0441176	68	0.0971078	FALSE	NA	NA	NA	NA	NA	NA
NC_045512.2	11373	A	T	59	16	26	5	5	25	0.0757576	66	0.0277019	FALSE	NA	NA	NA	NA	NA	NA
NC_045512.2	11373	A	G	59	16	26	2	2	28	0.030303	66	0.232381	FALSE	NA	NA	NA	NA	NA	NA
NC_045512.2	11374	T	G	58	15	26	4	4	26	0.0597015	67	0.0522914	FALSE	NA	NA	NA	NA	NA	NA
NC_045512.2	11374	T	A	58	15	26	5	5	28	0.0746269	67	0.0255377	FALSE	NA	NA	NA	NA	NA	NA
NC_045512.2	11375	G	T	56	13	26	6	6	26	0.0909091	66	0.0118921	FALSE	NA	NA	NA	NA	NA	NA
NC_045512.2	11375	G	C	56	13	26	2	2	27	0.030303	66	0.220312	FALSE	NA	NA	NA	NA	NA	NA
NC_045512.2	11375	G	A	56	13	26	2	2	26	0.030303	66	0.220312	FALSE	NA	NA	NA	NA	NA	NA
NC_045512.2	11376	G	T	50	13	24	5	5	27	0.0819672	61	0.0226665	FALSE	NA	NA	NA	NA	NA	NA
NC_045512.2	11376	G	C	50	13	24	2	2	25	0.0327869	61	0.21332	FALSE	NA	NA	NA	NA	NA	NA
NC_045512.2	11376	G	A	50	13	24	4	4	27	0.0655738	61	0.0473935	FALSE	NA	NA	NA	NA	NA	NA
NC_045512.2	11377	T	G	55	12	26	4	4	28	0.0597015	67	0.046962	FALSE	NA	NA	NA	NA	NA	NA
NC_045512.2	11377	T	C	55	12	26	5	5	27	0.0746269	67	0.0223628	FALSE	NA	NA	NA	NA	NA	NA
NC_045512.2	11377	T	A	55	12	26	3	3	26	0.0447761	67	0.0994957	FALSE	NA	NA	NA	NA	NA	NA
NC_045512.2	11378	G	T	54	11	27	9	9	27	0.134328	67	0.00115495	TRUE	NA	NA	NA	NA	NA	NA
NC_045512.2	11378	G	A	54	11	27	4	4	28	0.0597015	67	0.0452253	FALSE	NA	NA	NA	NA	NA	NA
NC_045512.2	11378	G	-CTAGGAGAG	54	11	27	1	0	20	0.0149254	67	0.454545	FALSE	NA	NA	NA	NA	NA	NA
NC_045512.2	11379	C	T	56	13	27	2	2	25	0.030303	66	0.216758	FALSE	NA	NA	NA	NA	NA	NA
NC_045512.2	11379	C	G	56	13	27	2	2	28	0.030303	66	0.216758	FALSE	NA	NA	NA	NA	NA	NA
NC_045512.2	11379	C	A	56	13	27	6	6	26	0.0909091	66	0.0113346	FALSE	NA	NA	NA	NA	NA	NA
NC_045512.2	11380	T	G	57	15	27	1	1	25	0.0153846	65	0.471545	FALSE	NA	NA	NA	NA	NA	NA
NC_045512.2	11380	T	C	57	15	27	4	4	27	0.0615385	65	0.0521379	FALSE	NA	NA	NA	NA	NA	NA
NC_045512.2	11380	T	A	57	15	27	3	3	27	0.0461538	65	0.107695	FALSE	NA	NA	NA	NA	NA	NA
NC_045512.2	11381	A	T	47	9	27	6	6	26	0.1	60	0.00908645	TRUE	NA	NA	NA	NA	NA	NA
NC_045512.2	11381	A	G	47	9	27	7	7	27	0.116667	60	0.00430411	TRUE	NA	NA	NA	NA	NA	NA
NC_045512.2	11382	G	T	49	11	27	4	4	26	0.0666667	60	0.0454786	FALSE	NA	NA	NA	NA	NA	NA
NC_045512.2	11382	G	C	49	11	27	4	4	25	0.0666667	60	0.0454786	FALSE	NA	NA	NA	NA	NA	NA
NC_045512.2	11382	G	A	49	11	27	3	3	24	0.05	60	0.0969638	FALSE	NA	NA	NA	NA	NA	NA
NC_045512.2	11382	G	-GAGAGTGTG	49	11	27	1	0	20	0.0163934	61	0.454545	FALSE	NA	NA	NA	NA	NA	NA
NC_045512.2	11383	G	T	47	11	24	4	4	26	0.0689655	58	0.0432863	FALSE	NA	NA	NA	NA	NA	NA
NC_045512.2	11383	G	C	47	11	24	2	2	27	0.0344828	58	0.203531	FALSE	NA	NA	NA	NA	NA	NA
NC_045512.2	11383	G	A	47	11	24	5	5	26	0.0862069	58	0.0202783	FALSE	NA	NA	NA	NA	NA	NA
NC_045512.2	11384	A	T	50	12	27	7	7	26	0.116667	60	0.00501469	TRUE	NA	NA	NA	NA	NA	NA
NC_045512.2	11384	A	G	50	12	27	3	3	27	0.05	60	0.09742	FALSE	NA	NA	NA	NA	NA	NA
NC_045512.2	11385	G	T	47	10	26	6	6	30	0.1	60	0.00860822	TRUE	NA	NA	NA	NA	NA	NA
NC_045512.2	11385	G	C	47	10	26	5	5	26	0.0833333	60	0.0185158	FALSE	NA	NA	NA	NA	NA	NA
NC_045512.2	11385	G	A	47	10	26	2	2	25	0.0333333	60	0.196163	FALSE	NA	NA	NA	NA	NA	NA
NC_045512.2	11386	A	T	50	13	26	3	3	25	0.05	60	0.09742	FALSE	NA	NA	NA	NA	NA	NA
NC_045512.2	11386	A	G	50	13	26	3	3	28	0.05	60	0.09742	FALSE	NA	NA	NA	NA	NA	NA
NC_045512.2	11386	A	C	50	13	26	4	4	26	0.0666667	60	0.045745	FALSE	NA	NA	NA	NA	NA	NA
NC_045512.2	11387	G	T	49	12	26	9	9	26	0.145161	62	0.000942641	TRUE	NA	NA	NA	NA	NA	NA
NC_045512.2	11387	G	A	49	12	26	4	4	27	0.0645161	62	0.0408959	FALSE	NA	NA	NA	NA	NA	NA
NC_045512.2	11387	G	-TGTGGACAC	49	12	26	1	0	20	0.015625	64	0.442478	FALSE	NA	NA	NA	NA	NA	NA
NC_045512.2	11388	T	G	49	12	27	4	4	26	0.0645161	62	0.0408959	FALSE	NA	NA	NA	NA	NA	NA
NC_045512.2	11388	T	C	49	12	27	3	3	27	0.0483871	62	0.0895081	FALSE	NA	NA	NA	NA	NA	NA
NC_045512.2	11388	T	A	49	12	27	6	6	26	0.0967742	62	0.00879769	TRUE	NA	NA	NA	NA	NA	NA
NC_045512.2	11389	G	T	48	11	26	7	7	26	0.112903	62	0.00384899	TRUE	NA	NA	NA	NA	NA	NA
NC_045512.2	11389	G	C	48	11	26	1	1	23	0.016129	62	0.4375	FALSE	NA	NA	NA	NA	NA	NA
NC_045512.2	11389	G	A	48	11	26	6	6	28	0.0967742	62	0.00825784	TRUE	NA	NA	NA	NA	NA	NA
NC_045512.2	11390	T	G	50	14	27	8	8	27	0.131148	61	0.00228119	TRUE	NA	NA	NA	NA	NA	NA
NC_045512.2	11390	T	C	50	14	27	1	1	28	0.0163934	61	0.451327	FALSE	NA	NA	NA	NA	NA	NA
NC_045512.2	11390	T	A	50	14	27	2	2	23	0.0327869	61	0.205869	FALSE	NA	NA	NA	NA	NA	NA
NC_045512.2	11390	T	-G	50	14	27	1	0	20	0.015873	63	0.451327	FALSE	NA	NA	NA	NA	NA	NA
NC_045512.2	11391	G	T	46	11	26	9	9	25	0.147541	61	0.000711165	TRUE	NA	NA	NA	NA	NA	NA
NC_045512.2	11391	G	C	46	11	26	4	4	26	0.0655738	61	0.0357679	FALSE	NA	NA	NA	NA	NA	NA
NC_045512.2	11391	G	A	46	11	26	2	2	27	0.0327869	61	0.184767	FALSE	NA	NA	NA	NA	NA	NA
NC_045512.2	11392	G	T	44	14	24	4	4	26	0.0689655	58	0.0391691	FALSE	NA	NA	NA	NA	NA	NA
NC_045512.2	11392	G	C	44	14	24	2	2	27	0.0344828	58	0.193241	FALSE	NA	NA	NA	NA	NA	NA
NC_045512.2	11392	G	A	44	14	24	8	7	26	0.137931	58	0.00183678	TRUE	NA	NA	NA	NA	NA	NA
NC_045512.2	11393	A	T	47	12	26	5	5	26	0.0806452	62	0.0177037	FALSE	NA	NA	NA	NA	NA	NA
NC_045512.2	11393	A	G	47	12	26	5	5	26	0.0806452	62	0.0177037	FALSE	NA	NA	NA	NA	NA	NA
NC_045512.2	11393	A	C	47	12	26	5	5	25	0.0806452	62	0.0177037	FALSE	NA	NA	NA	NA	NA	NA
NC_045512.2	11394	C	T	46	11	26	6	6	27	0.0952381	63	0.00723542	TRUE	NA	NA	NA	NA	NA	NA
NC_045512.2	11394	C	G	46	11	26	2	2	27	0.031746	63	0.184767	FALSE	NA	NA	NA	NA	NA	NA
NC_045512.2	11394	C	A	46	11	26	9	9	25	0.142857	63	0.000711165	TRUE	NA	NA	NA	NA	NA	NA
NC_045512.2	11395	A	T	49	14	27	6	6	26	0.0967742	62	0.009269	TRUE	NA	NA	NA	NA	NA	NA
NC_045512.2	11395	A	G	49	14	27	5	5	25	0.0806452	62	0.0197177	FALSE	NA	NA	NA	NA	NA	NA
NC_045512.2	11395	A	C	49	14	27	2	2	27	0.0322581	62	0.201485	FALSE	NA	NA	NA	NA	NA	NA
NC_045512.2	11396	C	T	45	11	27	4	4	27	0.0634921	63	0.034114	FALSE	NA	NA	NA	NA	NA	NA
NC_045512.2	11396	C	G	45	11	27	8	8	26	0.126984	63	0.00139512	TRUE	NA	NA	NA	NA	NA	NA
NC_045512.2	11396	C	A	45	11	27	6	6	27	0.0952381	63	0.00675289	TRUE	NA	NA	NA	NA	NA	NA
NC_045512.2	11397	T	G	47	14	27	3	3	28	0.047619	63	0.0859951	FALSE	NA	NA	NA	NA	NA	NA
NC_045512.2	11397	T	C	47	14	27	2	2	26	0.031746	63	0.192629	FALSE	NA	NA	NA	NA	NA	NA
NC_045512.2	11397	T	A	47	14	27	11	11	23	0.174603	63	0.000196171	TRUE	NA	NA	NA	NA	NA	NA
NC_045512.2	11398	T	G	46	15	23	5	5	26	0.0806452	62	0.0175102	FALSE	NA	NA	NA	NA	NA	NA
NC_045512.2	11398	T	C	46	15	23	2	2	24	0.0322581	62	0.191641	FALSE	NA	NA	NA	NA	NA	NA
NC_045512.2	11398	T	A	46	15	23	9	9	27	0.145161	62	0.000834042	TRUE	NA	NA	NA	NA	NA	NA
NC_045512.2	11399	A	T	46	12	27	1	1	27	0.015625	64	0.427273	FALSE	NA	NA	NA	NA	NA	NA
NC_045512.2	11399	A	G	46	12	27	10	10	25	0.15625	64	0.000334666	TRUE	NA	NA	NA	NA	NA	NA
NC_045512.2	11399	A	C	46	12	27	7	7	25	0.109375	64	0.00330584	TRUE	NA	NA	NA	NA	NA	NA
NC_045512.2	11400	T	G	54	20	27	4	4	28	0.0597015	67	0.0452253	FALSE	NA	NA	NA	NA	NA	NA
NC_045512.2	11400	T	C	54	20	27	3	3	26	0.0447761	67	0.0966886	FALSE	NA	NA	NA	NA	NA	NA
NC_045512.2	11400	T	A	54	20	27	6	6	25	0.0895522	67	0.0101649	FALSE	NA	NA	NA	NA	NA	NA
NC_045512.2	11401	G	T	48	14	26	8	8	27	0.121212	66	0.00157877	TRUE	NA	NA	NA	NA	NA	NA
NC_045512.2	11401	G	C	48	14	26	1	1	26	0.0151515	66	0.429825	FALSE	NA	NA	NA	NA	NA	NA
NC_045512.2	11401	G	A	48	14	26	9	9	26	0.136364	66	0.00073762	TRUE	NA	NA	NA	NA	NA	NA
NC_045512.2	11402	A	T	45	12	26	8	8	28	0.121212	66	0.00121161	TRUE	NA	NA	NA	NA	NA	NA
NC_045512.2	11402	A	G	45	12	26	8	8	25	0.121212	66	0.00121161	TRUE	NA	NA	NA	NA	NA	NA
NC_045512.2	11402	A	C	45	12	26	5	5	27	0.0757576	66	0.0138051	FALSE	NA	NA	NA	NA	NA	NA
NC_045512.2	11403	A	T	41	17	24	6	6	27	0.109091	55	0.00847253	TRUE	NA	NA	NA	NA	NA	NA
NC_045512.2	11403	A	G	41	17	24	7	7	27	0.127273	55	0.00398707	TRUE	NA	NA	NA	NA	NA	NA
NC_045512.2	11403	A	C	41	17	24	1	1	28	0.0181818	55	0.4375	FALSE	NA	NA	NA	NA	NA	NA
NC_045512.2	11404	T	G	54	21	26	7	7	27	0.106061	66	0.00516717	TRUE	NA	NA	NA	NA	NA	NA
NC_045512.2	11404	T	C	54	21	26	1	1	25	0.0151515	66	0.458333	FALSE	NA	NA	NA	NA	NA	NA
NC_045512.2	11404	T	A	54	21	26	4	4	29	0.0606061	66	0.0467328	FALSE	NA	NA	NA	NA	NA	NA
NC_045512.2	11405	G	T	47	14	26	10	10	26	0.15873	63	0.000405871	TRUE	NA	NA	NA	NA	NA	NA
NC_045512.2	11405	G	C	47	14	26	1	1	28	0.015873	63	0.436364	FALSE	NA	NA	NA	NA	NA	NA
NC_045512.2	11405	G	A	47	14	26	5	5	26	0.0793651	63	0.0177037	FALSE	NA	NA	NA	NA	NA	NA
NC_045512.2	11406	T	G	48	15	26	9	9	27	0.136364	66	0.00073762	TRUE	NA	NA	NA	NA	NA	NA
NC_045512.2	11406	T	C	48	15	26	3	3	26	0.0454545	66	0.0821629	FALSE	NA	NA	NA	NA	NA	NA
NC_045512.2	11406	T	A	48	15	26	6	6	27	0.0909091	66	0.00744275	TRUE	NA	NA	NA	NA	NA	NA
NC_045512.2	11407	C	T	43	10	26	12	12	26	0.181818	66	4.16139e-05	TRUE	NA	NA	NA	NA	NA	NA
NC_045512.2	11407	C	G	43	10	26	4	4	27	0.0606061	66	0.0287184	FALSE	NA	NA	NA	NA	NA	NA
NC_045512.2	11407	C	A	43	10	26	7	7	27	0.106061	66	0.00227975	TRUE	NA	NA	NA	NA	NA	NA
NC_045512.2	11408	T	G	49	16	26	6	6	26	0.0895522	67	0.00754287	TRUE	NA	NA	NA	NA	NA	NA
NC_045512.2	11408	T	C	49	16	26	4	4	28	0.0597015	67	0.0368762	FALSE	NA	NA	NA	NA	NA	NA
NC_045512.2	11408	T	A	49	16	26	8	8	27	0.119403	67	0.00160448	TRUE	NA	NA	NA	NA	NA	NA
NC_045512.2	11409	T	G	49	18	24	8	8	26	0.119403	67	0.00160448	TRUE	NA	NA	NA	NA	NA	NA
NC_045512.2	11409	T	C	49	18	24	3	3	25	0.0447761	67	0.0827976	FALSE	NA	NA	NA	NA	NA	NA
NC_045512.2	11409	T	A	49	18	24	7	7	26	0.104478	67	0.0034623	TRUE	NA	NA	NA	NA	NA	NA
NC_045512.2	11410	G	T	63	18	27	6	6	24	0.0740741	81	0.00873417	TRUE	NA	NA	NA	NA	NA	NA
NC_045512.2	11410	G	C	63	18	27	5	5	27	0.0617284	81	0.0188607	FALSE	NA	NA	NA	NA	NA	NA
NC_045512.2	11410	G	A	63	18	27	7	7	25	0.0864198	81	0.00407594	TRUE	NA	NA	NA	NA	NA	NA
NC_045512.2	11411	A	T	68	23	27	10	10	27	0.123457	81	0.000629839	TRUE	NA	NA	NA	NA	NA	NA
NC_045512.2	11411	A	G	68	23	27	2	2	24	0.0246914	81	0.216107	FALSE	NA	NA	NA	NA	NA	NA
NC_045512.2	11411	A	C	68	23	27	1	1	27	0.0123457	81	0.463087	FALSE	NA	NA	NA	NA	NA	NA
NC_045512.2	11412	C	T	55	10	27	12	12	28	0.146341	82	4.11169e-05	TRUE	NA	NA	NA	NA	NA	NA
NC_045512.2	11412	C	G	55	10	27	10	10	27	0.121951	82	0.000202293	TRUE	NA	NA	NA	NA	NA	NA
NC_045512.2	11412	C	A	55	10	27	5	5	26	0.0609756	82	0.0126338	FALSE	NA	NA	NA	NA	NA	NA
NC_045512.2	11413	A	T	60	16	27	8	8	27	0.0963855	83	0.00140607	TRUE	NA	NA	NA	NA	NA	NA
NC_045512.2	11413	A	G	60	16	27	11	11	25	0.13253	83	0.00013731	TRUE	NA	NA	NA	NA	NA	NA
NC_045512.2	11413	A	C	60	16	27	4	4	25	0.0481928	83	0.0349802	FALSE	NA	NA	NA	NA	NA	NA
NC_045512.2	11413	A	-CTCGTTTAT	60	16	27	1	0	20	0.0120482	83	0.426573	FALSE	NA	NA	NA	NA	NA	NA
NC_045512.2	11414	C	T	55	11	27	9	9	27	0.109756	82	0.000426371	TRUE	NA	NA	NA	NA	NA	NA
NC_045512.2	11414	C	G	55	11	27	8	8	26	0.097561	82	0.000972658	TRUE	NA	NA	NA	NA	NA	NA
NC_045512.2	11414	C	A	55	11	27	10	10	25	0.121951	82	0.000188531	TRUE	NA	NA	NA	NA	NA	NA
NC_045512.2	11414	C	-TCGTTTATA	55	11	27	1	0	20	0.0120482	83	0.405797	FALSE	NA	NA	NA	NA	NA	NA
NC_045512.2	11415	T	G	66	22	27	4	4	24	0.05	80	0.044057	FALSE	NA	NA	NA	NA	NA	NA
NC_045512.2	11415	T	C	66	22	27	5	5	24	0.0625	80	0.0205792	FALSE	NA	NA	NA	NA	NA	NA
NC_045512.2	11415	T	A	66	22	27	5	5	26	0.0625	80	0.0205792	FALSE	NA	NA	NA	NA	NA	NA
NC_045512.2	11416	C	T	56	12	27	10	10	27	0.125	80	0.000222198	TRUE	NA	NA	NA	NA	NA	NA
NC_045512.2	11416	C	G	56	12	27	10	10	26	0.125	80	0.000222198	TRUE	NA	NA	NA	NA	NA	NA
NC_045512.2	11416	C	A	56	12	27	4	4	24	0.05	80	0.0309076	FALSE	NA	NA	NA	NA	NA	NA
NC_045512.2	11416	C	-GTTTATAAA	56	12	27	1	0	20	0.0121951	82	0.413043	FALSE	NA	NA	NA	NA	NA	NA
NC_045512.2	11417	G	T	59	16	26	11	11	25	0.142857	77	0.000156872	TRUE	NA	NA	NA	NA	NA	NA
NC_045512.2	11417	G	C	59	16	26	2	2	29	0.025974	77	0.188078	FALSE	NA	NA	NA	NA	NA	NA
NC_045512.2	11417	G	A	59	16	26	5	5	27	0.0649351	77	0.0164213	FALSE	NA	NA	NA	NA	NA	NA
NC_045512.2	11417	G	-TTTATAAAG	59	16	26	1	0	20	0.0125	80	0.431655	FALSE	NA	NA	NA	NA	NA	NA
NC_045512.2	11418	T	G	59	17	26	9	9	26	0.125	72	0.000924646	TRUE	NA	NA	NA	NA	NA	NA
NC_045512.2	11418	T	A	59	17	26	4	4	27	0.0555556	72	0.0411852	FALSE	NA	NA	NA	NA	NA	NA
NC_045512.2	11419	T	G	55	13	28	13	13	27	0.171053	76	2.25381e-05	TRUE	NA	NA	NA	NA	NA	NA
NC_045512.2	11419	T	C	55	13	28	2	2	27	0.0263158	76	0.173856	FALSE	NA	NA	NA	NA	NA	NA
NC_045512.2	11419	T	A	55	13	28	6	6	25	0.0789474	76	0.00591846	TRUE	NA	NA	NA	NA	NA	NA
NC_045512.2	11420	T	G	50	18	23	3	3	25	0.0461538	65	0.0813459	FALSE	NA	NA	NA	NA	NA	NA
NC_045512.2	11420	T	C	50	18	23	3	3	30	0.0461538	65	0.0813459	FALSE	NA	NA	NA	NA	NA	NA
NC_045512.2	11420	T	A	50	18	23	9	9	27	0.138462	65	0.000709029	TRUE	NA	NA	NA	NA	NA	NA
NC_045512.2	11420	T	-ATAAAGTTT	50	18	23	1	0	20	0.0144928	69	0.428571	FALSE	NA	NA	NA	NA	NA	NA
NC_045512.2	11421	A	T	55	13	26	10	10	28	0.133333	75	0.000233254	TRUE	NA	NA	NA	NA	NA	NA
NC_045512.2	11421	A	G	55	13	26	5	5	25	0.0666667	75	0.0135834	FALSE	NA	NA	NA	NA	NA	NA
NC_045512.2	11421	A	C	55	13	26	5	5	27	0.0666667	75	0.0135834	FALSE	NA	NA	NA	NA	NA	NA
NC_045512.2	11422	T	G	57	15	26	6	6	25	0.08	75	0.00664115	TRUE	NA	NA	NA	NA	NA	NA
NC_045512.2	11422	T	C	57	15	26	1	1	25	0.0133333	75	0.423358	FALSE	NA	NA	NA	NA	NA	NA
NC_045512.2	11422	T	A	57	15	26	11	11	27	0.146667	75	0.000129637	TRUE	NA	NA	NA	NA	NA	NA
NC_045512.2	11423	A	T	51	11	26	3	3	26	0.0416667	72	0.0709691	FALSE	NA	NA	NA	NA	NA	NA
NC_045512.2	11423	A	G	51	11	26	13	13	25	0.180556	72	2.01807e-05	TRUE	NA	NA	NA	NA	NA	NA
NC_045512.2	11423	A	C	51	11	26	5	5	26	0.0694444	72	0.0128353	FALSE	NA	NA	NA	NA	NA	NA
NC_045512.2	11423	A	-AAGTTTATT	51	11	26	1	0	20	0.0131579	76	0.409449	FALSE	NA	NA	NA	NA	NA	NA
NC_045512.2	11424	A	T	54	15	27	9	9	27	0.123288	73	0.000617592	TRUE	NA	NA	NA	NA	NA	NA
NC_045512.2	11424	A	G	54	15	27	8	8	27	0.109589	73	0.00135282	TRUE	NA	NA	NA	NA	NA	NA
NC_045512.2	11424	A	C	54	15	27	2	2	28	0.0273973	73	0.180857	FALSE	NA	NA	NA	NA	NA	NA
NC_045512.2	11425	A	T	46	17	23	9	9	25	0.142857	63	0.000608076	TRUE	NA	NA	NA	NA	NA	NA
NC_045512.2	11425	A	G	46	17	23	7	7	27	0.111111	63	0.00292368	TRUE	NA	NA	NA	NA	NA	NA
NC_045512.2	11425	A	C	46	17	23	1	1	28	0.015873	63	0.419643	FALSE	NA	NA	NA	NA	NA	NA
NC_045512.2	11426	G	T	54	16	27	9	9	28	0.123288	73	0.00066068	TRUE	NA	NA	NA	NA	NA	NA
NC_045512.2	11426	G	C	54	16	27	3	3	25	0.0410959	73	0.0799137	FALSE	NA	NA	NA	NA	NA	NA
NC_045512.2	11426	G	A	54	16	27	7	7	26	0.0958904	73	0.00315151	TRUE	NA	NA	NA	NA	NA	NA
NC_045512.2	11426	G	-TTTATTATG	54	16	27	1	0	20	0.0133333	75	0.426357	FALSE	NA	NA	NA	NA	NA	NA
NC_045512.2	11427	T	G	55	17	26	8	8	27	0.112676	71	0.00174855	TRUE	NA	NA	NA	NA	NA	NA
NC_045512.2	11427	T	C	55	17	26	1	1	28	0.0140845	71	0.4375	FALSE	NA	NA	NA	NA	NA	NA
NC_045512.2	11427	T	A	55	17	26	7	7	27	0.0985915	71	0.00374689	TRUE	NA	NA	NA	NA	NA	NA
NC_045512.2	11428	T	G	53	15	27	10	10	27	0.138889	72	0.000300671	TRUE	NA	NA	NA	NA	NA	NA
NC_045512.2	11428	T	C	53	15	27	1	1	28	0.0138889	72	0.425197	FALSE	NA	NA	NA	NA	NA	NA
NC_045512.2	11428	T	A	53	15	27	8	8	26	0.111111	72	0.00141329	TRUE	NA	NA	NA	NA	NA	NA
NC_045512.2	11428	T	-TATTATGGT	53	15	27	1	0	20	0.0135135	74	0.425197	FALSE	NA	NA	NA	NA	NA	NA
NC_045512.2	11429	T	G	40	18	24	8	8	25	0.142857	56	0.00125124	TRUE	NA	NA	NA	NA	NA	NA
NC_045512.2	11429	T	C	40	18	24	1	1	29	0.0178571	56	0.414141	FALSE	NA	NA	NA	NA	NA	NA
NC_045512.2	11429	T	A	40	18	24	7	7	26	0.125	56	0.00276316	TRUE	NA	NA	NA	NA	NA	NA
NC_045512.2	11430	A	T	50	15	26	5	5	26	0.0724638	69	0.0148328	FALSE	NA	NA	NA	NA	NA	NA
NC_045512.2	11430	A	G	50	15	26	10	10	27	0.144928	69	0.000283009	TRUE	NA	NA	NA	NA	NA	NA
NC_045512.2	11430	A	C	50	15	26	4	4	25	0.057971	69	0.033711	FALSE	NA	NA	NA	NA	NA	NA
NC_045512.2	11430	A	-TTATGGTAA	50	15	26	2	0	20	0.028169	71	0.17965	FALSE	NA	NA	NA	NA	NA	NA
NC_045512.2	11431	T	G	56	21	25	2	2	27	0.0294118	68	0.200218	FALSE	NA	NA	NA	NA	NA	NA
NC_045512.2	11431	T	C	56	21	25	2	2	28	0.0294118	68	0.200218	FALSE	NA	NA	NA	NA	NA	NA
NC_045512.2	11431	T	A	56	21	25	8	8	26	0.117647	68	0.00199834	TRUE	NA	NA	NA	NA	NA	NA
NC_045512.2	11432	T	G	42	12	24	12	12	26	0.190476	63	3.25345e-05	TRUE	NA	NA	NA	NA	NA	NA
NC_045512.2	11432	T	C	42	12	24	3	3	27	0.047619	63	0.0639722	FALSE	NA	NA	NA	NA	NA	NA
NC_045512.2	11432	T	A	42	12	24	6	6	26	0.0952381	63	0.00460137	TRUE	NA	NA	NA	NA	NA	NA
NC_045512.2	11433	A	T	56	21	27	6	6	27	0.0882353	68	0.00896577	TRUE	NA	NA	NA	NA	NA	NA
NC_045512.2	11433	A	G	56	21	27	4	4	27	0.0588235	68	0.041619	FALSE	NA	NA	NA	NA	NA	NA
NC_045512.2	11433	A	C	56	21	27	2	2	28	0.0294118	68	0.200218	FALSE	NA	NA	NA	NA	NA	NA
NC_045512.2	11434	T	G	49	15	27	6	6	27	0.0869565	69	0.00560796	TRUE	NA	NA	NA	NA	NA	NA
NC_045512.2	11434	T	C	49	15	27	6	5	27	0.0869565	69	0.00560796	TRUE	NA	NA	NA	NA	NA	NA
NC_045512.2	11434	T	A	49	15	27	8	8	27	0.115942	69	0.0010841	TRUE	NA	NA	NA	NA	NA	NA
NC_045512.2	11435	G	T	48	13	26	11	11	25	0.161765	68	9.63018e-05	TRUE	NA	NA	NA	NA	NA	NA
NC_045512.2	11435	G	C	48	13	26	4	4	27	0.0588235	68	0.02982	FALSE	NA	NA	NA	NA	NA	NA
NC_045512.2	11435	G	A	48	13	26	5	5	25	0.0735294	68	0.0127457	FALSE	NA	NA	NA	NA	NA	NA
NC_045512.2	11436	G	T	49	14	24	8	8	26	0.114286	70	0.0010841	TRUE	NA	NA	NA	NA	NA	NA
NC_045512.2	11436	G	C	49	14	24	4	4	25	0.0571429	70	0.030215	FALSE	NA	NA	NA	NA	NA	NA
NC_045512.2	11436	G	A	49	14	24	9	9	26	0.128571	70	0.000483674	TRUE	NA	NA	NA	NA	NA	NA
NC_045512.2	11437	T	G	57	21	27	4	4	26	0.0571429	70	0.041891	FALSE	NA	NA	NA	NA	NA	NA
NC_045512.2	11437	T	C	57	21	27	3	3	29	0.0428571	70	0.0913361	FALSE	NA	NA	NA	NA	NA	NA
NC_045512.2	11437	T	A	57	21	27	6	6	27	0.0857143	70	0.00904512	TRUE	NA	NA	NA	NA	NA	NA
NC_045512.2	11438	A	T	52	17	26	7	7	27	0.0985915	71	0.00305687	TRUE	NA	NA	NA	NA	NA	NA
NC_045512.2	11438	A	G	52	17	26	11	10	26	0.15493	71	0.000137602	TRUE	NA	NA	NA	NA	NA	NA
NC_045512.2	11438	A	C	52	17	26	1	1	31	0.0140845	71	0.424	FALSE	NA	NA	NA	NA	NA	NA
NC_045512.2	11438	A	-ATGCTTTAG	52	17	26	2	0	20	0.0273973	73	0.181714	FALSE	NA	NA	NA	NA	NA	NA
NC_045512.2	11439	A	T	44	14	24	6	6	25	0.09375	64	0.0050808	TRUE	NA	NA	NA	NA	NA	NA
NC_045512.2	11439	A	G	44	14	24	9	9	27	0.140625	64	0.00042381	TRUE	NA	NA	NA	NA	NA	NA
NC_045512.2	11439	A	C	44	14	24	5	5	24	0.078125	64	0.0118891	FALSE	NA	NA	NA	NA	NA	NA
NC_045512.2	11439	A	-TGCTTTAGA	44	14	24	1	0	20	0.0147059	68	0.401786	FALSE	NA	NA	NA	NA	NA	NA
NC_045512.2	11440	T	G	56	20	26	4	4	27	0.056338	71	0.0391441	FALSE	NA	NA	NA	NA	NA	NA
NC_045512.2	11440	T	C	56	20	26	1	1	26	0.0140845	71	0.438462	FALSE	NA	NA	NA	NA	NA	NA
NC_045512.2	11440	T	A	56	20	26	10	10	25	0.140845	71	0.000396071	TRUE	NA	NA	NA	NA	NA	NA
NC_045512.2	11441	G	T	50	14	26	8	8	27	0.115942	69	0.00125755	TRUE	NA	NA	NA	NA	NA	NA
NC_045512.2	11441	G	C	50	14	26	4	4	28	0.057971	69	0.0326322	FALSE	NA	NA	NA	NA	NA	NA
NC_045512.2	11441	G	A	50	14	26	7	7	27	0.101449	69	0.00279697	TRUE	NA	NA	NA	NA	NA	NA
NC_045512.2	11442	C	T	40	8	25	11	11	27	0.164179	67	4.10328e-05	TRUE	NA	NA	NA	NA	NA	NA
NC_045512.2	11442	C	G	40	8	25	9	9	27	0.134328	67	0.000229784	TRUE	NA	NA	NA	NA	NA	NA
NC_045512.2	11442	C	A	40	8	25	7	7	26	0.104478	67	0.00134881	TRUE	NA	NA	NA	NA	NA	NA
NC_045512.2	11442	C	-TTTAGATCA	40	8	25	1	0	20	0.0142857	70	0.372727	FALSE	NA	NA	NA	NA	NA	NA
NC_045512.2	11442	C	-T	40	8	25	1	0	20	0.0142857	70	0.372727	FALSE	NA	NA	NA	NA	NA	NA
NC_045512.2	11443	T	G	45	13	25	7	7	27	0.111111	63	0.00238827	TRUE	NA	NA	NA	NA	NA	NA
NC_045512.2	11443	T	C	45	13	25	5	5	27	0.0793651	63	0.0126456	FALSE	NA	NA	NA	NA	NA	NA
NC_045512.2	11443	T	A	45	13	25	6	6	25	0.0952381	63	0.00546545	TRUE	NA	NA	NA	NA	NA	NA
NC_045512.2	11443	T	-TTAGATCAA	45	13	25	2	0	20	0.0294118	68	0.167831	FALSE	NA	NA	NA	NA	NA	NA
NC_045512.2	11444	T	G	49	17	27	5	5	25	0.078125	64	0.0152566	FALSE	NA	NA	NA	NA	NA	NA
NC_045512.2	11444	T	C	49	17	27	2	2	27	0.03125	64	0.181598	FALSE	NA	NA	NA	NA	NA	NA
NC_045512.2	11444	T	A	49	17	27	8	8	27	0.125	64	0.0014049	TRUE	NA	NA	NA	NA	NA	NA
NC_045512.2	11445	T	G	34	17	24	8	8	26	0.166667	48	0.00106033	TRUE	NA	NA	NA	NA	NA	NA
NC_045512.2	11445	T	C	34	17	24	2	2	28	0.0416667	48	0.164577	FALSE	NA	NA	NA	NA	NA	NA
NC_045512.2	11445	T	A	34	17	24	4	4	26	0.0833333	48	0.0288883	FALSE	NA	NA	NA	NA	NA	NA
NC_045512.2	11446	A	T	48	16	26	8	8	27	0.125	64	0.0012903	TRUE	NA	NA	NA	NA	NA	NA
NC_045512.2	11446	A	G	48	16	26	7	7	26	0.109375	64	0.0028571	TRUE	NA	NA	NA	NA	NA	NA
NC_045512.2	11446	A	C	48	16	26	1	1	26	0.015625	64	0.418803	FALSE	NA	NA	NA	NA	NA	NA
NC_045512.2	11447	G	T	48	16	27	10	10	29	0.15625	64	0.000270841	TRUE	NA	NA	NA	NA	NA	NA
NC_045512.2	11447	G	C	48	16	27	2	2	27	0.03125	64	0.177459	FALSE	NA	NA	NA	NA	NA	NA
NC_045512.2	11447	G	A	48	16	27	4	4	25	0.0625	64	0.0329567	FALSE	NA	NA	NA	NA	NA	NA
NC_045512.2	11448	A	T	52	20	26	4	4	27	0.0606061	66	0.0391515	FALSE	NA	NA	NA	NA	NA	NA
NC_045512.2	11448	A	G	52	20	26	4	4	26	0.0606061	66	0.0391515	FALSE	NA	NA	NA	NA	NA	NA
NC_045512.2	11448	A	C	52	20	26	6	6	28	0.0909091	66	0.00821809	TRUE	NA	NA	NA	NA	NA	NA
NC_045512.2	11449	T	G	49	17	27	7	7	26	0.106061	66	0.00326526	TRUE	NA	NA	NA	NA	NA	NA
NC_045512.2	11449	T	C	49	17	27	3	3	27	0.0454545	66	0.0807103	FALSE	NA	NA	NA	NA	NA	NA
NC_045512.2	11449	T	A	49	17	27	7	7	27	0.106061	66	0.00326526	TRUE	NA	NA	NA	NA	NA	NA
NC_045512.2	11450	C	T	44	12	26	8	8	29	0.119403	67	0.0008956	TRUE	NA	NA	NA	NA	NA	NA
NC_045512.2	11450	C	G	44	12	26	5	5	27	0.0746269	67	0.011381	FALSE	NA	NA	NA	NA	NA	NA
NC_045512.2	11450	C	A	44	12	26	10	10	25	0.149254	67	0.000173635	TRUE	NA	NA	NA	NA	NA	NA
NC_045512.2	11451	A	T	45	13	27	5	5	24	0.0757576	66	0.0126456	FALSE	NA	NA	NA	NA	NA	NA
NC_045512.2	11451	A	G	45	13	27	9	9	26	0.136364	66	0.000470745	TRUE	NA	NA	NA	NA	NA	NA
NC_045512.2	11451	A	C	45	13	27	7	7	27	0.106061	66	0.00238827	TRUE	NA	NA	NA	NA	NA	NA
NC_045512.2	11452	A	T	43	17	24	8	8	26	0.126984	63	0.00115704	TRUE	NA	NA	NA	NA	NA	NA
NC_045512.2	11452	A	G	43	17	24	5	4	28	0.0793651	63	0.0133602	FALSE	NA	NA	NA	NA	NA	NA
NC_045512.2	11452	A	C	43	17	24	7	7	28	0.111111	63	0.00258632	TRUE	NA	NA	NA	NA	NA	NA
NC_045512.2	11453	G	T	47	16	27	8	8	27	0.117647	68	0.00126449	TRUE	NA	NA	NA	NA	NA	NA
NC_045512.2	11453	G	C	47	16	27	2	2	28	0.0294118	68	0.176312	FALSE	NA	NA	NA	NA	NA	NA
NC_045512.2	11453	G	A	47	16	27	11	11	25	0.161765	68	0.000122792	TRUE	NA	NA	NA	NA	NA	NA
NC_045512.2	11454	C	T	44	13	26	7	7	26	0.102941	68	0.00219594	TRUE	NA	NA	NA	NA	NA	NA
NC_045512.2	11454	C	G	44	13	26	7	7	27	0.102941	68	0.00219594	TRUE	NA	NA	NA	NA	NA	NA
NC_045512.2	11454	C	A	44	13	26	10	10	28	0.147059	68	0.000189139	TRUE	NA	NA	NA	NA	NA	NA
NC_045512.2	11455	C	T	42	15	24	7	7	27	0.107692	65	0.00222423	TRUE	NA	NA	NA	NA	NA	NA
NC_045512.2	11455	C	G	42	15	24	6	6	26	0.0923077	65	0.00512936	TRUE	NA	NA	NA	NA	NA	NA
NC_045512.2	11455	C	A	42	15	24	10	10	27	0.153846	65	0.000193938	TRUE	NA	NA	NA	NA	NA	NA
NC_045512.2	11456	A	T	46	16	27	10	10	25	0.147059	68	0.000237351	TRUE	NA	NA	NA	NA	NA	NA
NC_045512.2	11456	A	G	46	16	27	8	8	27	0.117647	68	0.00115639	TRUE	NA	NA	NA	NA	NA	NA
NC_045512.2	11456	A	C	46	16	27	4	4	27	0.0588235	68	0.0310641	FALSE	NA	NA	NA	NA	NA	NA
NC_045512.2	11456	A	+T	46	16	27	4	0	20	0.0588235	68	0.0310641	FALSE	NA	NA	NA	NA	NA	NA
NC_045512.2	11457	T	G	51	22	27	6	6	27	0.0895522	67	0.00853961	TRUE	NA	NA	NA	NA	NA	NA
NC_045512.2	11457	T	C	51	22	27	3	3	28	0.0447761	67	0.0883208	FALSE	NA	NA	NA	NA	NA	NA
NC_045512.2	11457	T	A	51	22	27	7	7	25	0.104478	67	0.00399433	TRUE	NA	NA	NA	NA	NA	NA
NC_045512.2	11458	T	G	42	14	29	9	9	26	0.140625	64	0.000469364	TRUE	NA	NA	NA	NA	NA	NA
NC_045512.2	11458	T	C	42	14	29	3	3	27	0.046875	64	0.0695057	FALSE	NA	NA	NA	NA	NA	NA
NC_045512.2	11458	T	A	42	14	29	10	10	28	0.15625	64	0.000212234	TRUE	NA	NA	NA	NA	NA	NA
NC_045512.2	11459	T	G	45	21	24	3	3	26	0.0491803	61	0.0847195	FALSE	NA	NA	NA	NA	NA	NA
NC_045512.2	11459	T	C	45	21	24	3	3	28	0.0491803	61	0.0847195	FALSE	NA	NA	NA	NA	NA	NA
NC_045512.2	11459	T	A	45	21	24	10	10	26	0.163934	61	0.000392387	TRUE	NA	NA	NA	NA	NA	NA
NC_045512.2	11460	C	T	36	9	27	10	10	27	0.153846	65	8.69202e-05	TRUE	NA	NA	NA	NA	NA	NA
NC_045512.2	11460	C	G	36	9	27	12	12	26	0.184615	65	1.57732e-05	TRUE	NA	NA	NA	NA	NA	NA
NC_045512.2	11460	C	A	36	9	27	7	7	27	0.107692	65	0.00123578	TRUE	NA	NA	NA	NA	NA	NA
NC_045512.2	11461	C	T	41	14	24	12	12	27	0.184615	65	3.48094e-05	TRUE	NA	NA	NA	NA	NA	NA
NC_045512.2	11461	C	G	41	14	24	7	7	27	0.107692	65	0.00203239	TRUE	NA	NA	NA	NA	NA	NA
NC_045512.2	11461	C	A	41	14	24	5	5	25	0.0769231	65	0.0111997	FALSE	NA	NA	NA	NA	NA	NA
NC_045512.2	11462	A	T	48	21	27	8	8	25	0.123077	65	0.00169054	TRUE	NA	NA	NA	NA	NA	NA
NC_045512.2	11462	A	G	48	21	27	8	8	26	0.123077	65	0.00169054	TRUE	NA	NA	NA	NA	NA	NA
NC_045512.2	11462	A	C	48	21	27	1	1	28	0.0153846	65	0.433628	FALSE	NA	NA	NA	NA	NA	NA
NC_045512.2	11463	T	G	47	20	26	9	9	26	0.138462	65	0.000724516	TRUE	NA	NA	NA	NA	NA	NA
NC_045512.2	11463	T	C	47	20	26	5	5	27	0.0769231	65	0.0162041	FALSE	NA	NA	NA	NA	NA	NA
NC_045512.2	11463	T	A	47	20	26	4	4	27	0.0615385	65	0.0361475	FALSE	NA	NA	NA	NA	NA	NA
NC_045512.2	11464	G	T	43	16	26	8	8	27	0.126984	63	0.00124436	TRUE	NA	NA	NA	NA	NA	NA
NC_045512.2	11464	G	C	43	16	26	4	4	28	0.0634921	63	0.0320613	FALSE	NA	NA	NA	NA	NA	NA
NC_045512.2	11464	G	A	43	16	26	8	8	25	0.126984	63	0.00124436	TRUE	NA	NA	NA	NA	NA	NA
NC_045512.2	11465	T	G	45	19	26	5	5	27	0.078125	64	0.0150947	FALSE	NA	NA	NA	NA	NA	NA
NC_045512.2	11465	T	C	45	19	26	6	6	25	0.09375	64	0.00675289	TRUE	NA	NA	NA	NA	NA	NA
NC_045512.2	11465	T	A	45	19	26	8	8	27	0.125	64	0.00139512	TRUE	NA	NA	NA	NA	NA	NA
NC_045512.2	11466	G	T	40	14	26	12	12	27	0.1875	64	3.34677e-05	TRUE	NA	NA	NA	NA	NA	NA
NC_045512.2	11466	G	C	40	14	26	3	3	28	0.046875	64	0.0639695	FALSE	NA	NA	NA	NA	NA	NA
NC_045512.2	11466	G	A	40	14	26	9	9	26	0.140625	64	0.000373907	TRUE	NA	NA	NA	NA	NA	NA
NC_045512.2	11467	G	T	38	13	27	15	15	28	0.238095	63	2.60776e-06	TRUE	NA	NA	NA	NA	NA	NA
NC_045512.2	11467	G	C	38	13	27	4	4	29	0.0634921	63	0.0243425	FALSE	NA	NA	NA	NA	NA	NA
NC_045512.2	11467	G	A	38	13	27	6	5	28	0.0952381	63	0.00413801	TRUE	NA	NA	NA	NA	NA	NA
NC_045512.2	11468	G	T	32	15	24	8	8	25	0.150943	53	0.000826213	TRUE	NA	NA	NA	NA	NA	NA
NC_045512.2	11468	G	C	32	15	24	4	4	27	0.0754717	53	0.0252606	FALSE	NA	NA	NA	NA	NA	NA
NC_045512.2	11468	G	A	32	15	24	9	9	28	0.169811	53	0.000364245	TRUE	NA	NA	NA	NA	NA	NA
NC_045512.2	11469	C	T	38	12	26	18	18	26	0.28125	64	2.29859e-07	TRUE	NA	NA	NA	NA	NA	NA
NC_045512.2	11469	C	G	38	12	26	5	5	28	0.078125	64	0.00949862	TRUE	NA	NA	NA	NA	NA	NA
NC_045512.2	11469	C	A	38	12	26	3	3	27	0.046875	64	0.058538	FALSE	NA	NA	NA	NA	NA	NA
NC_045512.2	11470	T	G	47	21	27	6	6	27	0.0952381	63	0.00815909	TRUE	NA	NA	NA	NA	NA	NA
NC_045512.2	11470	T	C	47	21	27	3	3	25	0.047619	63	0.0859951	FALSE	NA	NA	NA	NA	NA	NA
NC_045512.2	11470	T	A	47	21	27	7	7	26	0.111111	63	0.0037982	TRUE	NA	NA	NA	NA	NA	NA
NC_045512.2	11471	C	T	39	13	27	6	6	25	0.0967742	62	0.00477463	TRUE	NA	NA	NA	NA	NA	NA
NC_045512.2	11471	C	G	39	13	27	4	4	26	0.0645161	62	0.0268392	FALSE	NA	NA	NA	NA	NA	NA
NC_045512.2	11471	C	A	39	13	27	13	13	25	0.209677	62	1.65398e-05	TRUE	NA	NA	NA	NA	NA	NA
NC_045512.2	11472	T	G	48	22	26	6	6	26	0.0952381	63	0.0087042	TRUE	NA	NA	NA	NA	NA	NA
NC_045512.2	11472	T	C	48	22	26	3	3	25	0.047619	63	0.088944	FALSE	NA	NA	NA	NA	NA	NA
NC_045512.2	11472	T	A	48	22	26	6	6	26	0.0952381	63	0.0087042	TRUE	NA	NA	NA	NA	NA	NA
NC_045512.2	11473	T	G	42	20	24	9	9	26	0.155172	58	0.000777807	TRUE	NA	NA	NA	NA	NA	NA
NC_045512.2	11473	T	C	42	20	24	3	3	26	0.0517241	58	0.0826441	FALSE	NA	NA	NA	NA	NA	NA
NC_045512.2	11473	T	A	42	20	24	4	4	25	0.0689655	58	0.036909	FALSE	NA	NA	NA	NA	NA	NA
NC_045512.2	11474	A	T	41	16	26	9	9	26	0.145161	62	0.000495827	TRUE	NA	NA	NA	NA	NA	NA
NC_045512.2	11474	A	G	41	16	26	8	7	27	0.129032	62	0.00110074	TRUE	NA	NA	NA	NA	NA	NA
NC_045512.2	11474	A	C	41	16	26	4	4	27	0.0645161	62	0.0299928	FALSE	NA	NA	NA	NA	NA	NA
NC_045512.2	11475	T	C	51	25	27	3	3	25	0.046875	64	0.0953523	FALSE	NA	NA	NA	NA	NA	NA
NC_045512.2	11475	T	A	51	25	27	10	10	25	0.15625	64	0.000552632	TRUE	NA	NA	NA	NA	NA	NA
NC_045512.2	11476	A	T	35	10	27	12	12	25	0.193548	62	1.87373e-05	TRUE	NA	NA	NA	NA	NA	NA
NC_045512.2	11476	A	G	35	10	27	10	10	25	0.16129	62	0.000100152	TRUE	NA	NA	NA	NA	NA	NA
NC_045512.2	11476	A	C	35	10	27	5	5	26	0.0806452	62	0.00830726	TRUE	NA	NA	NA	NA	NA	NA
NC_045512.2	11476	A	+T	35	10	27	1	0	20	0.016129	62	0.371134	FALSE	NA	NA	NA	NA	NA	NA
NC_045512.2	11477	A	T	40	17	24	9	9	25	0.15	60	0.000525249	TRUE	NA	NA	NA	NA	NA	NA
NC_045512.2	11477	A	G	40	17	24	7	7	25	0.116667	60	0.00258069	TRUE	NA	NA	NA	NA	NA	NA
NC_045512.2	11477	A	C	40	17	24	4	4	26	0.0666667	60	0.030704	FALSE	NA	NA	NA	NA	NA	NA
NC_045512.2	11478	T	G	42	17	27	6	6	26	0.0967742	62	0.00605994	TRUE	NA	NA	NA	NA	NA	NA
NC_045512.2	11478	T	C	42	17	27	6	6	26	0.0967742	62	0.00605994	TRUE	NA	NA	NA	NA	NA	NA
NC_045512.2	11478	T	A	42	17	27	8	8	25	0.129032	62	0.00121596	TRUE	NA	NA	NA	NA	NA	NA
NC_045512.2	11479	C	T	36	11	27	10	10	24	0.16129	62	0.000116012	TRUE	NA	NA	NA	NA	NA	NA
NC_045512.2	11479	C	G	36	11	27	6	6	26	0.0967742	62	0.00366879	TRUE	NA	NA	NA	NA	NA	NA
NC_045512.2	11479	C	A	36	11	27	10	10	26	0.16129	62	0.000116012	TRUE	NA	NA	NA	NA	NA	NA
NC_045512.2	11480	T	G	42	17	27	6	6	27	0.0952381	63	0.00572939	TRUE	NA	NA	NA	NA	NA	NA
NC_045512.2	11480	T	C	42	17	27	4	4	26	0.0634921	63	0.0304501	FALSE	NA	NA	NA	NA	NA	NA
NC_045512.2	11480	T	A	42	17	27	11	11	26	0.174603	63	0.000107128	TRUE	NA	NA	NA	NA	NA	NA
NC_045512.2	11481	C	T	39	16	27	9	9	25	0.147541	61	0.000428774	TRUE	NA	NA	NA	NA	NA	NA
NC_045512.2	11481	C	G	39	16	27	5	5	25	0.0819672	61	0.0118092	FALSE	NA	NA	NA	NA	NA	NA
NC_045512.2	11481	C	A	39	16	27	8	8	26	0.131148	61	0.000964743	TRUE	NA	NA	NA	NA	NA	NA
NC_045512.2	11482	T	G	39	16	27	7	7	25	0.116667	60	0.00235162	TRUE	NA	NA	NA	NA	NA	NA
NC_045512.2	11482	T	C	39	16	27	5	5	27	0.0833333	60	0.0124057	FALSE	NA	NA	NA	NA	NA	NA
NC_045512.2	11482	T	A	39	16	27	9	9	25	0.15	60	0.000467754	TRUE	NA	NA	NA	NA	NA	NA
NC_045512.2	11483	G	T	37	14	27	7	7	26	0.118644	59	0.00207509	TRUE	NA	NA	NA	NA	NA	NA
NC_045512.2	11483	G	C	37	14	27	7	7	27	0.118644	59	0.00207509	TRUE	NA	NA	NA	NA	NA	NA
NC_045512.2	11483	G	A	37	14	27	8	8	25	0.135593	59	0.000906592	TRUE	NA	NA	NA	NA	NA	NA
NC_045512.2	11484	T	G	40	16	26	5	5	26	0.0833333	60	0.0132854	FALSE	NA	NA	NA	NA	NA	NA
NC_045512.2	11484	T	C	40	16	26	4	4	24	0.0666667	60	0.030704	FALSE	NA	NA	NA	NA	NA	NA
NC_045512.2	11484	T	A	40	16	26	11	11	26	0.183333	60	0.000111708	TRUE	NA	NA	NA	NA	NA	NA
NC_045512.2	11485	T	G	37	17	25	5	5	27	0.0892857	56	0.0131997	FALSE	NA	NA	NA	NA	NA	NA
NC_045512.2	11485	T	C	37	17	25	8	8	26	0.142857	56	0.00115834	TRUE	NA	NA	NA	NA	NA	NA
NC_045512.2	11485	T	A	37	17	25	6	6	25	0.107143	56	0.0057917	TRUE	NA	NA	NA	NA	NA	NA
NC_045512.2	11486	A	T	23	8	26	11	11	25	0.25	44	4.28182e-05	TRUE	NA	NA	NA	NA	NA	NA
NC_045512.2	11486	A	G	23	8	26	9	9	25	0.204545	44	0.000223326	TRUE	NA	NA	NA	NA	NA	NA
NC_045512.2	11486	A	C	23	8	26	1	1	27	0.0227273	44	0.358209	FALSE	NA	NA	NA	NA	NA	NA
NC_045512.2	11487	C	T	20	5	27	11	11	24	0.261905	42	2.8016e-05	TRUE	NA	NA	NA	NA	NA	NA
NC_045512.2	11487	C	G	20	5	27	4	4	26	0.0952381	42	0.0156948	FALSE	NA	NA	NA	NA	NA	NA
NC_045512.2	11487	C	A	20	5	27	7	7	26	0.166667	42	0.00091602	TRUE	NA	NA	NA	NA	NA	NA
NC_045512.2	11487	C	+T	20	5	27	1	0	20	0.0238095	42	0.33871	FALSE	NA	NA	NA	NA	NA	NA
NC_045512.2	11488	T	G	28	13	27	6	6	26	0.136364	44	0.00567246	TRUE	NA	NA	NA	NA	NA	NA
NC_045512.2	11488	T	C	28	13	27	5	5	25	0.113636	44	0.0128464	FALSE	NA	NA	NA	NA	NA	NA
NC_045512.2	11488	T	A	28	13	27	5	5	25	0.113636	44	0.0128464	FALSE	NA	NA	NA	NA	NA	NA
NC_045512.2	11489	T	G	26	11	24	5	5	24	0.121951	41	0.0130501	FALSE	NA	NA	NA	NA	NA	NA
NC_045512.2	11489	T	C	26	11	24	2	2	26	0.0487805	41	0.165935	FALSE	NA	NA	NA	NA	NA	NA
NC_045512.2	11489	T	A	26	11	24	8	8	26	0.195122	41	0.00120467	TRUE	NA	NA	NA	NA	NA	NA
NC_045512.2	11490	C	T	18	3	28	11	11	25	0.25	44	1.14474e-05	TRUE	NA	NA	NA	NA	NA	NA
NC_045512.2	11490	C	G	18	3	28	4	4	27	0.0909091	44	0.0108044	FALSE	NA	NA	NA	NA	NA	NA
NC_045512.2	11490	C	A	18	3	28	11	11	25	0.25	44	1.14474e-05	TRUE	NA	NA	NA	NA	NA	NA
NC_045512.2	11491	T	G	28	13	27	7	7	26	0.162791	43	0.00279628	TRUE	NA	NA	NA	NA	NA	NA
NC_045512.2	11491	T	C	28	13	27	6	6	27	0.139535	43	0.00615182	TRUE	NA	NA	NA	NA	NA	NA
NC_045512.2	11491	T	A	28	13	27	2	2	26	0.0465116	43	0.170188	FALSE	NA	NA	NA	NA	NA	NA
NC_045512.2	11492	A	T	23	8	26	12	12	25	0.307692	39	4.53862e-05	TRUE	NA	NA	NA	NA	NA	NA
NC_045512.2	11492	A	G	23	8	26	3	3	27	0.0769231	39	0.062404	FALSE	NA	NA	NA	NA	NA	NA
NC_045512.2	11492	A	C	23	8	26	1	1	22	0.025641	39	0.387097	FALSE	NA	NA	NA	NA	NA	NA
NC_045512.2	11493	A	T	29	15	24	7	7	25	0.166667	42	0.00347125	TRUE	NA	NA	NA	NA	NA	NA
NC_045512.2	11493	A	G	29	15	24	4	4	25	0.0952381	42	0.0355632	FALSE	NA	NA	NA	NA	NA	NA
NC_045512.2	11493	A	C	29	15	24	2	2	26	0.047619	42	0.181925	FALSE	NA	NA	NA	NA	NA	NA
NC_045512.2	11494	C	T	17	3	27	5	5	25	0.125	40	0.00442652	TRUE	NA	NA	NA	NA	NA	NA
NC_045512.2	11494	C	G	17	3	27	5	5	24	0.125	40	0.00442652	TRUE	NA	NA	NA	NA	NA	NA
NC_045512.2	11494	C	A	17	3	27	13	13	25	0.325	40	3.09851e-06	TRUE	NA	NA	NA	NA	NA	NA
NC_045512.2	11495	T	G	16	1	26	2	2	24	0.105263	19	0.242857	FALSE	NA	NA	NA	NA	NA	NA
NC_045512.2	11495	T	A	16	1	26	1	1	24	0.0526316	19	0.485714	FALSE	NA	NA	NA	NA	NA	NA
NC_045512.2	11496	A	T	15	0	27	1	1	25	0.0588235	17	0.5	FALSE	NA	NA	NA	NA	NA	NA
NC_045512.2	11496	A	G	15	0	27	1	1	23	0.0588235	17	0.5	FALSE	NA	NA	NA	NA	NA	NA
NC_045512.2	11497	C	T	15	0	27	2	2	29	0.117647	17	0.257576	FALSE	NA	NA	NA	NA	NA	NA
NC_045512.2	11498	T	C	15	1	27	2	1	27	0.111111	18	0.242424	FALSE	NA	NA	NA	NA	NA	NA
NC_045512.2	11498	T	A	15	1	27	1	1	25	0.0555556	18	0.484848	FALSE	NA	NA	NA	NA	NA	NA
NC_045512.2	11499	C	T	15	0	26	2	2	23	0.111111	18	0.242424	FALSE	NA	NA	NA	NA	NA	NA
NC_045512.2	11499	C	A	15	0	26	1	1	23	0.0555556	18	0.484848	FALSE	NA	NA	NA	NA	NA	NA
NC_045512.2	11500	A	T	15	0	26	1	1	26	0.0588235	17	0.5	FALSE	NA	NA	NA	NA	NA	NA
NC_045512.2	11500	A	G	15	0	26	1	1	25	0.0588235	17	0.5	FALSE	NA	NA	NA	NA	NA	NA
NC_045512.2	11501	G	T	16	1	25	1	1	23	0.0555556	18	0.5	FALSE	NA	NA	NA	NA	NA	NA
NC_045512.2	11501	G	C	16	1	25	1	1	27	0.0555556	18	0.5	FALSE	NA	NA	NA	NA	NA	NA
NC_045512.2	11502	G	A	11	0	22	2	2	25	0.153846	13	0.26	FALSE	NA	NA	NA	NA	NA	NA
NC_045512.2	11503	T	C	16	2	26	1	1	27	0.0588235	17	0.515152	FALSE	NA	NA	NA	NA	NA	NA
NC_045512.2	11504	G	T	15	1	27	1	1	23	0.0625	16	0.516129	FALSE	NA	NA	NA	NA	NA	NA
NC_045512.2	11505	T	G	14	0	26	1	1	25	0.0588235	17	0.483871	FALSE	NA	NA	NA	NA	NA	NA
NC_045512.2	11505	T	C	14	0	26	1	1	25	0.0588235	17	0.483871	FALSE	NA	NA	NA	NA	NA	NA
NC_045512.2	11505	T	A	14	0	26	1	1	23	0.0588235	17	0.483871	FALSE	NA	NA	NA	NA	NA	NA
NC_045512.2	11506	A	T	14	0	26	1	1	25	0.0625	16	0.5	FALSE	NA	NA	NA	NA	NA	NA
NC_045512.2	11506	A	G	14	0	26	1	1	23	0.0625	16	0.5	FALSE	NA	NA	NA	NA	NA	NA
NC_045512.2	11507	G	A	14	0	26	2	2	23	0.125	16	0.258065	FALSE	NA	NA	NA	NA	NA	NA
NC_045512.2	11508	T	A	15	1	27	1	1	27	0.0625	16	0.516129	FALSE	NA	NA	NA	NA	NA	NA
NC_045512.2	11509	T	C	13	1	23	1	1	27	0.0714286	14	0.518519	FALSE	NA	NA	NA	NA	NA	NA
NC_045512.2	11510	A	G	17	1	26	1	1	23	0.0555556	18	0.514286	FALSE	NA	NA	NA	NA	NA	NA
NC_045512.2	11511	C	A	17	1	26	1	1	29	0.0555556	18	0.514286	FALSE	NA	NA	NA	NA	NA	NA
NC_045512.2	11512	A	G	16	0	28	1	1	29	0.0588235	17	0.515152	FALSE	NA	NA	NA	NA	NA	NA
NC_045512.2	11513	A	T	13	0	23	1	1	27	0.0666667	15	0.5	FALSE	NA	NA	NA	NA	NA	NA
NC_045512.2	11513	A	C	13	0	23	1	1	23	0.0666667	15	0.5	FALSE	NA	NA	NA	NA	NA	NA
NC_045512.2	11514	C	T	16	1	27	1	1	27	0.0588235	17	0.515152	FALSE	NA	NA	NA	NA	NA	NA
NC_045512.2	11515	T	A	15	0	26	2	2	27	0.117647	17	0.257576	FALSE	NA	NA	NA	NA	NA	NA
NC_045512.2	11516	G	T	16	1	27	1	1	21	0.0588235	17	0.515152	FALSE	NA	NA	NA	NA	NA	NA
NC_045512.2	11517	T	C	15	1	26	1	0	29	0.0588235	17	0.5	FALSE	NA	NA	NA	NA	NA	NA
NC_045512.2	11517	T	A	15	1	26	1	1	27	0.0588235	17	0.5	FALSE	NA	NA	NA	NA	NA	NA
NC_045512.2	11518	C	T	15	0	26	2	2	26	0.117647	17	0.257576	FALSE	NA	NA	NA	NA	NA	NA
NC_045512.2	11519	A	C	15	0	26	2	2	25	0.117647	17	0.257576	FALSE	NA	NA	NA	NA	NA	NA
NC_045512.2	11520	T	C	15	0	26	1	1	30	0.0588235	17	0.5	FALSE	NA	NA	NA	NA	NA	NA
NC_045512.2	11520	T	A	15	0	26	1	1	23	0.0588235	17	0.5	FALSE	NA	NA	NA	NA	NA	NA
NC_045512.2	11521	G	A	14	0	24	2	2	28	0.125	16	0.258065	FALSE	NA	NA	NA	NA	NA	NA
NC_045512.2	11522	T	G	15	1	24	1	1	28	0.0625	16	0.516129	FALSE	NA	NA	NA	NA	NA	NA
NC_045512.2	11523	T	G	17	0	27	1	1	27	0.0526316	19	0.5	FALSE	NA	NA	NA	NA	NA	NA
NC_045512.2	11523	T	C	17	0	27	1	1	23	0.0526316	19	0.5	FALSE	NA	NA	NA	NA	NA	NA
NC_045512.2	11524	T	C	18	1	27	1	1	23	0.0526316	19	0.513514	FALSE	NA	NA	NA	NA	NA	NA
NC_045512.2	11525	T	G	16	0	28	1	1	22	0.0555556	18	0.5	FALSE	NA	NA	NA	NA	NA	NA
NC_045512.2	11525	T	A	16	0	28	1	1	23	0.0555556	18	0.5	FALSE	NA	NA	NA	NA	NA	NA
NC_045512.2	11526	T	G	0	0	0	1	1	27	1	1	1	FALSE	NA	NA	NA	NA	NA	NA
NC_045512.2	11527	G	T	16	1	27	1	1	27	0.0588235	17	0.515152	FALSE	NA	NA	NA	NA	NA	NA
NC_045512.2	11528	G	T	12	0	22	1	1	27	0.0714286	14	0.5	FALSE	NA	NA	NA	NA	NA	NA
NC_045512.2	11528	G	C	12	0	22	1	1	28	0.0714286	14	0.5	FALSE	NA	NA	NA	NA	NA	NA
NC_045512.2	11529	C	T	16	1	27	1	1	27	0.0588235	17	0.515152	FALSE	NA	NA	NA	NA	NA	NA
NC_045512.2	11531	A	T	15	1	27	1	1	22	0.0625	16	0.516129	FALSE	NA	NA	NA	NA	NA	NA
NC_045512.2	11532	G	T	14	0	27	2	2	26	0.125	16	0.258065	FALSE	NA	NA	NA	NA	NA	NA
NC_045512.2	11533	A	G	14	1	27	1	1	25	0.0666667	15	0.517241	FALSE	NA	NA	NA	NA	NA	NA
NC_045512.2	11534	G	T	13	0	28	2	2	27	0.133333	15	0.258621	FALSE	NA	NA	NA	NA	NA	NA
NC_045512.2	11535	G	A	11	1	22	1	1	23	0.0833333	12	0.521739	FALSE	NA	NA	NA	NA	NA	NA
NC_045512.2	11536	T	G	13	0	26	1	1	28	0.0666667	15	0.5	FALSE	NA	NA	NA	NA	NA	NA
NC_045512.2	11536	T	A	13	0	26	1	1	28	0.0666667	15	0.5	FALSE	NA	NA	NA	NA	NA	NA
NC_045512.2	11537	A	T	13	0	26	1	1	28	0.0666667	15	0.5	FALSE	NA	NA	NA	NA	NA	NA
NC_045512.2	11537	A	G	13	0	26	1	1	28	0.0666667	15	0.5	FALSE	NA	NA	NA	NA	NA	NA
NC_045512.2	11538	T	G	13	0	27	1	1	28	0.0625	16	0.482759	FALSE	NA	NA	NA	NA	NA	NA
NC_045512.2	11538	T	C	13	0	27	2	2	28	0.125	16	0.241379	FALSE	NA	NA	NA	NA	NA	NA
NC_045512.2	11539	T	A	13	2	23	1	1	28	0.0714286	14	0.518519	FALSE	NA	NA	NA	NA	NA	NA
NC_045512.2	11540	G	C	13	0	25	3	3	26	0.1875	16	0.124583	FALSE	NA	NA	NA	NA	NA	NA
NC_045512.2	11541	T	A	14	1	26	1	1	27	0.0666667	15	0.517241	FALSE	NA	NA	NA	NA	NA	NA
NC_045512.2	11542	T	G	12	1	28	1	1	29	0.0714286	14	0.5	FALSE	NA	NA	NA	NA	NA	NA
NC_045512.2	11542	T	C	12	1	28	1	1	27	0.0714286	14	0.5	FALSE	NA	NA	NA	NA	NA	NA
NC_045512.2	11543	T	A	13	2	27	1	1	27	0.0714286	14	0.518519	FALSE	NA	NA	NA	NA	NA	NA
NC_045512.2	11544	T	C	14	2	28	1	1	27	0.0666667	15	0.517241	FALSE	NA	NA	NA	NA	NA	NA
NC_045512.2	11545	T	G	1	0	21	1	1	26	0.25	4	0.4	FALSE	NA	NA	NA	NA	NA	NA
NC_045512.2	11545	T	A	1	0	21	2	2	27	0.5	4	0.2	FALSE	NA	NA	NA	NA	NA	NA
NC_045512.2	11546	A	T	13	1	27	1	1	21	0.0666667	15	0.5	FALSE	NA	NA	NA	NA	NA	NA
NC_045512.2	11546	A	C	13	1	27	1	1	28	0.0666667	15	0.5	FALSE	NA	NA	NA	NA	NA	NA
NC_045512.2	11548	G	T	12	0	26	2	2	29	0.133333	15	0.240741	FALSE	NA	NA	NA	NA	NA	NA
NC_045512.2	11548	G	C	12	0	26	1	1	28	0.0666667	15	0.481481	FALSE	NA	NA	NA	NA	NA	NA
NC_045512.2	11549	T	C	13	1	27	1	1	33	0.0666667	15	0.5	FALSE	NA	NA	NA	NA	NA	NA
NC_045512.2	11549	T	A	13	1	27	1	1	25	0.0666667	15	0.5	FALSE	NA	NA	NA	NA	NA	NA
NC_045512.2	11550	G	T	12	0	27	2	2	28	0.133333	15	0.240741	FALSE	NA	NA	NA	NA	NA	NA
NC_045512.2	11550	G	C	12	0	27	1	1	25	0.0666667	15	0.481481	FALSE	NA	NA	NA	NA	NA	NA
NC_045512.2	11551	T	A	13	1	26	2	2	23	0.133333	15	0.258621	FALSE	NA	NA	NA	NA	NA	NA
NC_045512.2	11552	G	A	13	1	26	2	2	28	0.133333	15	0.258621	FALSE	NA	NA	NA	NA	NA	NA
NC_045512.2	11553	T	C	13	1	26	1	1	28	0.0666667	15	0.5	FALSE	NA	NA	NA	NA	NA	NA
NC_045512.2	11553	T	A	13	1	26	1	1	28	0.0666667	15	0.5	FALSE	NA	NA	NA	NA	NA	NA
NC_045512.2	11554	T	G	12	2	23	1	1	28	0.0769231	13	0.52	FALSE	NA	NA	NA	NA	NA	NA
NC_045512.2	11555	G	T	12	0	27	1	1	23	0.0666667	15	0.481481	FALSE	NA	NA	NA	NA	NA	NA
NC_045512.2	11555	G	A	12	0	27	2	2	28	0.133333	15	0.240741	FALSE	NA	NA	NA	NA	NA	NA
NC_045512.2	11556	A	T	12	0	27	1	1	29	0.0666667	15	0.481481	FALSE	NA	NA	NA	NA	NA	NA
NC_045512.2	11556	A	C	12	0	27	2	2	28	0.133333	15	0.240741	FALSE	NA	NA	NA	NA	NA	NA
NC_045512.2	11557	G	T	11	0	28	3	3	27	0.214286	14	0.124444	FALSE	NA	NA	NA	NA	NA	NA
NC_045512.2	11558	T	C	12	1	27	1	1	31	0.0714286	14	0.5	FALSE	NA	NA	NA	NA	NA	NA
NC_045512.2	11558	T	A	12	1	27	1	1	30	0.0714286	14	0.5	FALSE	NA	NA	NA	NA	NA	NA
NC_045512.2	11559	A	T	12	1	27	1	1	24	0.0714286	14	0.5	FALSE	NA	NA	NA	NA	NA	NA
NC_045512.2	11559	A	C	12	1	27	1	1	28	0.0714286	14	0.5	FALSE	NA	NA	NA	NA	NA	NA
NC_045512.2	11559	A	+T	12	1	27	1	0	20	0.0714286	14	0.5	FALSE	NA	NA	NA	NA	NA	NA
NC_045512.2	11560	T	G	13	2	28	1	1	24	0.0714286	14	0.518519	FALSE	NA	NA	NA	NA	NA	NA
NC_045512.2	11561	T	G	10	0	22	1	1	28	0.0769231	13	0.478261	FALSE	NA	NA	NA	NA	NA	NA
NC_045512.2	11561	T	A	10	0	22	2	2	28	0.153846	13	0.23913	FALSE	NA	NA	NA	NA	NA	NA
NC_045512.2	11562	G	T	11	0	26	2	2	28	0.142857	14	0.24	FALSE	NA	NA	NA	NA	NA	NA
NC_045512.2	11562	G	A	11	0	26	1	1	32	0.0714286	14	0.48	FALSE	NA	NA	NA	NA	NA	NA
NC_045512.2	11563	C	G	12	1	27	2	2	25	0.142857	14	0.259259	FALSE	NA	NA	NA	NA	NA	NA
NC_045512.2	11564	C	T	11	0	29	2	2	28	0.142857	14	0.24	FALSE	NA	NA	NA	NA	NA	NA
NC_045512.2	11564	C	G	11	0	29	1	1	29	0.0714286	14	0.48	FALSE	NA	NA	NA	NA	NA	NA
NC_045512.2	11565	C	T	11	0	21	1	1	29	0.0714286	14	0.48	FALSE	NA	NA	NA	NA	NA	NA
NC_045512.2	11565	C	A	11	0	21	2	2	28	0.142857	14	0.24	FALSE	NA	NA	NA	NA	NA	NA
NC_045512.2	11566	T	G	11	0	27	1	1	27	0.0714286	14	0.48	FALSE	NA	NA	NA	NA	NA	NA
NC_045512.2	11566	T	C	11	0	27	1	1	28	0.0714286	14	0.48	FALSE	NA	NA	NA	NA	NA	NA
NC_045512.2	11566	T	A	11	0	27	1	1	27	0.0714286	14	0.48	FALSE	NA	NA	NA	NA	NA	NA
NC_045512.2	11567	A	T	12	1	27	2	2	25	0.142857	14	0.259259	FALSE	NA	NA	NA	NA	NA	NA
NC_045512.2	11568	T	C	13	2	27	1	1	27	0.0714286	14	0.518519	FALSE	NA	NA	NA	NA	NA	NA
NC_045512.2	11569	T	G	11	0	27	1	1	32	0.0714286	14	0.48	FALSE	NA	NA	NA	NA	NA	NA
NC_045512.2	11569	T	A	11	0	27	2	2	27	0.142857	14	0.24	FALSE	NA	NA	NA	NA	NA	NA
NC_045512.2	11570	T	G	11	0	27	1	1	24	0.0714286	14	0.48	FALSE	NA	NA	NA	NA	NA	NA
NC_045512.2	11570	T	C	11	0	27	2	2	28	0.142857	14	0.24	FALSE	NA	NA	NA	NA	NA	NA
NC_045512.2	11571	T	G	6	1	22	1	1	28	0.125	8	0.5	FALSE	NA	NA	NA	NA	NA	NA
NC_045512.2	11571	T	A	6	1	22	1	1	24	0.125	8	0.5	FALSE	NA	NA	NA	NA	NA	NA
NC_045512.2	11572	C	T	11	0	26	2	2	28	0.142857	14	0.24	FALSE	NA	NA	NA	NA	NA	NA
NC_045512.2	11572	C	A	11	0	26	1	1	28	0.0714286	14	0.48	FALSE	NA	NA	NA	NA	NA	NA
NC_045512.2	11573	T	G	12	1	26	1	1	27	0.0714286	14	0.5	FALSE	NA	NA	NA	NA	NA	NA
NC_045512.2	11573	T	C	12	1	26	1	1	29	0.0714286	14	0.5	FALSE	NA	NA	NA	NA	NA	NA
NC_045512.2	11574	T	A	12	2	23	1	1	29	0.0769231	13	0.52	FALSE	NA	NA	NA	NA	NA	NA
NC_045512.2	11575	C	G	11	0	27	2	2	29	0.142857	14	0.24	FALSE	NA	NA	NA	NA	NA	NA
NC_045512.2	11575	C	A	11	0	27	1	1	29	0.0714286	14	0.48	FALSE	NA	NA	NA	NA	NA	NA
NC_045512.2	11576	A	T	12	1	27	1	1	28	0.0714286	14	0.5	FALSE	NA	NA	NA	NA	NA	NA
NC_045512.2	11576	A	G	12	1	27	1	1	27	0.0714286	14	0.5	FALSE	NA	NA	NA	NA	NA	NA
NC_045512.2	11577	T	C	13	2	26	1	1	26	0.0714286	14	0.518519	FALSE	NA	NA	NA	NA	NA	NA
NC_045512.2	11578	A	T	12	1	28	1	1	27	0.0714286	14	0.5	FALSE	NA	NA	NA	NA	NA	NA
NC_045512.2	11578	A	C	12	1	28	1	1	27	0.0714286	14	0.5	FALSE	NA	NA	NA	NA	NA	NA
NC_045512.2	11579	A	T	10	2	24	1	1	27	0.0909091	11	0.52381	FALSE	NA	NA	NA	NA	NA	NA
NC_045512.2	11580	C	G	12	1	26	1	1	28	0.0714286	14	0.5	FALSE	NA	NA	NA	NA	NA	NA
NC_045512.2	11580	C	A	12	1	26	1	1	27	0.0714286	14	0.5	FALSE	NA	NA	NA	NA	NA	NA
NC_045512.2	11581	T	G	11	0	27	1	1	27	0.0769231	13	0.5	FALSE	NA	NA	NA	NA	NA	NA
NC_045512.2	11581	T	A	11	0	27	1	1	23	0.0769231	13	0.5	FALSE	NA	NA	NA	NA	NA	NA
NC_045512.2	11582	G	T	11	0	27	1	1	27	0.0714286	14	0.48	FALSE	NA	NA	NA	NA	NA	NA
NC_045512.2	11582	G	C	11	0	27	1	1	26	0.0714286	14	0.48	FALSE	NA	NA	NA	NA	NA	NA
NC_045512.2	11582	G	A	11	0	27	1	1	31	0.0714286	14	0.48	FALSE	NA	NA	NA	NA	NA	NA
NC_045512.2	11583	G	T	9	0	23	1	1	27	0.0833333	12	0.47619	FALSE	NA	NA	NA	NA	NA	NA
NC_045512.2	11583	G	C	9	0	23	2	2	30	0.166667	12	0.238095	FALSE	NA	NA	NA	NA	NA	NA
NC_045512.2	11584	T	A	13	2	26	1	1	29	0.0714286	14	0.518519	FALSE	NA	NA	NA	NA	NA	NA
NC_045512.2	11585	A	T	11	0	27	2	2	25	0.142857	14	0.24	FALSE	NA	NA	NA	NA	NA	NA
NC_045512.2	11585	A	G	11	0	27	1	1	29	0.0714286	14	0.48	FALSE	NA	NA	NA	NA	NA	NA
NC_045512.2	11586	A	T	9	0	24	2	2	28	0.166667	12	0.238095	FALSE	NA	NA	NA	NA	NA	NA
NC_045512.2	11586	A	G	9	0	24	1	1	20	0.0833333	12	0.47619	FALSE	NA	NA	NA	NA	NA	NA
NC_045512.2	11587	T	G	12	1	26	1	1	29	0.0714286	14	0.5	FALSE	NA	NA	NA	NA	NA	NA
NC_045512.2	11587	T	C	12	1	26	1	1	27	0.0714286	14	0.5	FALSE	NA	NA	NA	NA	NA	NA
NC_045512.2	11588	A	C	12	1	26	2	2	24	0.142857	14	0.259259	FALSE	NA	NA	NA	NA	NA	NA
NC_045512.2	11589	C	T	13	2	26	1	1	29	0.0714286	14	0.518519	FALSE	NA	NA	NA	NA	NA	NA
NC_045512.2	11590	A	G	12	2	27	1	1	28	0.0769231	13	0.52	FALSE	NA	NA	NA	NA	NA	NA
NC_045512.2	11591	C	T	10	0	27	2	2	28	0.153846	13	0.23913	FALSE	NA	NA	NA	NA	NA	NA
NC_045512.2	11591	C	G	10	0	27	1	1	28	0.0769231	13	0.478261	FALSE	NA	NA	NA	NA	NA	NA
NC_045512.2	11592	T	G	11	1	28	1	1	29	0.0769231	13	0.5	FALSE	NA	NA	NA	NA	NA	NA
NC_045512.2	11592	T	A	11	1	28	1	1	26	0.0769231	13	0.5	FALSE	NA	NA	NA	NA	NA	NA
NC_045512.2	11593	T	G	12	2	24	1	1	22	0.0769231	13	0.52	FALSE	NA	NA	NA	NA	NA	NA
NC_045512.2	11594	C	T	10	0	27	1	1	29	0.0769231	13	0.478261	FALSE	NA	NA	NA	NA	NA	NA
NC_045512.2	11594	C	G	10	0	27	2	2	24	0.153846	13	0.23913	FALSE	NA	NA	NA	NA	NA	NA
NC_045512.2	11595	A	T	10	0	27	2	2	28	0.153846	13	0.23913	FALSE	NA	NA	NA	NA	NA	NA
NC_045512.2	11595	A	G	10	0	27	1	1	29	0.0769231	13	0.478261	FALSE	NA	NA	NA	NA	NA	NA
NC_045512.2	11596	G	A	12	2	26	1	1	31	0.0769231	13	0.52	FALSE	NA	NA	NA	NA	NA	NA
NC_045512.2	11597	T	G	11	1	26	1	1	29	0.0769231	13	0.5	FALSE	NA	NA	NA	NA	NA	NA
NC_045512.2	11597	T	C	11	1	26	1	1	23	0.0769231	13	0.5	FALSE	NA	NA	NA	NA	NA	NA
NC_045512.2	11598	G	T	10	0	27	2	2	25	0.153846	13	0.23913	FALSE	NA	NA	NA	NA	NA	NA
NC_045512.2	11598	G	C	10	0	27	1	1	24	0.0769231	13	0.478261	FALSE	NA	NA	NA	NA	NA	NA
NC_045512.2	11599	T	G	10	0	27	1	1	27	0.0769231	13	0.478261	FALSE	NA	NA	NA	NA	NA	NA
NC_045512.2	11599	T	C	10	0	27	2	2	29	0.153846	13	0.23913	FALSE	NA	NA	NA	NA	NA	NA
NC_045512.2	11600	A	T	11	1	27	1	1	22	0.0833333	12	0.521739	FALSE	NA	NA	NA	NA	NA	NA
NC_045512.2	11601	T	G	12	2	27	1	1	29	0.0769231	13	0.52	FALSE	NA	NA	NA	NA	NA	NA
NC_045512.2	11602	A	T	12	2	27	1	1	30	0.0769231	13	0.52	FALSE	NA	NA	NA	NA	NA	NA
NC_045512.2	11603	A	T	9	0	22	2	2	26	0.166667	12	0.238095	FALSE	NA	NA	NA	NA	NA	NA
NC_045512.2	11603	A	G	9	0	22	1	1	24	0.0833333	12	0.47619	FALSE	NA	NA	NA	NA	NA	NA
NC_045512.2	11604	T	G	9	1	27	1	1	27	0.0833333	12	0.47619	FALSE	NA	NA	NA	NA	NA	NA
NC_045512.2	11604	T	C	9	1	27	1	0	28	0.0833333	12	0.47619	FALSE	NA	NA	NA	NA	NA	NA
NC_045512.2	11604	T	A	9	1	27	1	1	21	0.0833333	12	0.47619	FALSE	NA	NA	NA	NA	NA	NA
NC_045512.2	11605	G	T	9	0	27	1	1	27	0.0833333	12	0.47619	FALSE	NA	NA	NA	NA	NA	NA
NC_045512.2	11605	G	A	9	0	27	2	2	27	0.166667	12	0.238095	FALSE	NA	NA	NA	NA	NA	NA
NC_045512.2	11606	C	T	9	0	27	2	2	24	0.166667	12	0.238095	FALSE	NA	NA	NA	NA	NA	NA
NC_045512.2	11606	C	A	9	0	27	1	1	27	0.0833333	12	0.47619	FALSE	NA	NA	NA	NA	NA	NA
NC_045512.2	11607	T	G	10	1	27	1	1	26	0.0833333	12	0.5	FALSE	NA	NA	NA	NA	NA	NA
NC_045512.2	11607	T	C	10	1	27	1	1	22	0.0833333	12	0.5	FALSE	NA	NA	NA	NA	NA	NA
NC_045512.2	11608	A	T	9	0	27	3	3	26	0.25	12	0.124224	FALSE	NA	NA	NA	NA	NA	NA
NC_045512.2	11609	G	C	11	2	26	1	1	28	0.0833333	12	0.521739	FALSE	NA	NA	NA	NA	NA	NA
NC_045512.2	11611	T	G	10	1	28	2	2	27	0.166667	12	0.26087	FALSE	NA	NA	NA	NA	NA	NA
NC_045512.2	11613	A	T	8	0	27	3	3	29	0.272727	11	0.12406	FALSE	NA	NA	NA	NA	NA	NA
NC_045512.2	11614	T	G	9	1	28	1	1	27	0.0909091	11	0.5	FALSE	NA	NA	NA	NA	NA	NA
NC_045512.2	11614	T	A	9	1	28	1	1	26	0.0909091	11	0.5	FALSE	NA	NA	NA	NA	NA	NA
NC_045512.2	11615	T	C	8	0	23	1	1	25	0.0909091	11	0.473684	FALSE	NA	NA	NA	NA	NA	NA
NC_045512.2	11615	T	A	8	0	23	2	2	29	0.181818	11	0.236842	FALSE	NA	NA	NA	NA	NA	NA
NC_045512.2	11616	G	T	9	1	27	2	2	24	0.181818	11	0.261905	FALSE	NA	NA	NA	NA	NA	NA
NC_045512.2	11617	T	G	10	2	27	1	1	30	0.0909091	11	0.52381	FALSE	NA	NA	NA	NA	NA	NA
NC_045512.2	11618	T	C	9	1	29	1	1	25	0.0909091	11	0.5	FALSE	NA	NA	NA	NA	NA	NA
NC_045512.2	11618	T	A	9	1	29	1	1	27	0.0909091	11	0.5	FALSE	NA	NA	NA	NA	NA	NA
NC_045512.2	11619	T	G	9	1	22	1	1	28	0.1	10	0.526316	FALSE	NA	NA	NA	NA	NA	NA
NC_045512.2	11620	C	T	8	0	27	2	2	27	0.2	10	0.263158	FALSE	NA	NA	NA	NA	NA	NA
NC_045512.2	11621	T	G	8	0	27	2	2	26	0.2	10	0.263158	FALSE	NA	NA	NA	NA	NA	NA
NC_045512.2	11623	A	T	8	0	27	1	1	25	0.1	10	0.5	FALSE	NA	NA	NA	NA	NA	NA
NC_045512.2	11623	A	C	8	0	27	1	1	27	0.1	10	0.5	FALSE	NA	NA	NA	NA	NA	NA
NC_045512.2	11624	G	C	9	1	27	1	1	26	0.1	10	0.526316	FALSE	NA	NA	NA	NA	NA	NA
NC_045512.2	11625	G	T	7	0	23	1	1	27	0.111111	9	0.5	FALSE	NA	NA	NA	NA	NA	NA
NC_045512.2	11625	G	A	7	0	23	1	1	24	0.111111	9	0.5	FALSE	NA	NA	NA	NA	NA	NA
NC_045512.2	11626	C	G	8	0	26	1	1	26	0.1	10	0.5	FALSE	NA	NA	NA	NA	NA	NA
NC_045512.2	11626	C	A	8	0	26	1	1	25	0.1	10	0.5	FALSE	NA	NA	NA	NA	NA	NA
NC_045512.2	11628	A	T	9	1	25	1	1	25	0.1	10	0.526316	FALSE	NA	NA	NA	NA	NA	NA
NC_045512.2	11630	T	-T	8	2	26	1	0	20	0.125	8	0.5625	FALSE	NA	NA	NA	NA	NA	NA
NC_045512.2	11631	T	G	6	0	27	1	1	26	0.142857	7	0.5	FALSE	NA	NA	NA	NA	NA	NA
NC_045512.2	11633	T	C	1	1	24	1	1	25	0.5	2	0.666667	FALSE	NA	NA	NA	NA	NA	NA
NC_045512.2	11661	T	C	2	0	22	1	0	28	0.333333	3	0.6	FALSE	NA	NA	NA	NA	NA	NA
NC_045512.2	11683	G	A	29	3	27	1	0	32	0.0333333	30	0.508475	FALSE	NA	NA	NA	NA	NA	NA
NC_045512.2	11691	G	A	28	3	23	2	2	24	0.0666667	30	0.254237	FALSE	NA	NA	NA	NA	NA	NA
NC_045512.2	11692	T	C	29	3	27	2	2	23	0.0645161	31	0.254098	FALSE	NA	NA	NA	NA	NA	NA
NC_045512.2	11693	G	T	29	3	27	2	2	23	0.0645161	31	0.254098	FALSE	NA	NA	NA	NA	NA	NA
NC_045512.2	11694	T	C	29	2	27	2	2	24	0.0645161	31	0.254098	FALSE	NA	NA	NA	NA	NA	NA
NC_045512.2	11697	A	G	30	3	27	1	1	22	0.0322581	31	0.508197	FALSE	NA	NA	NA	NA	NA	NA
NC_045512.2	11698	T	G	30	3	27	2	2	25	0.0625	32	0.253968	FALSE	NA	NA	NA	NA	NA	NA
NC_045512.2	11699	G	T	30	3	27	2	2	23	0.0625	32	0.253968	FALSE	NA	NA	NA	NA	NA	NA
NC_045512.2	11700	A	G	31	3	27	2	2	23	0.0606061	33	0.253846	FALSE	NA	NA	NA	NA	NA	NA
NC_045512.2	11701	T	G	29	2	27	1	0	29	0.0333333	30	0.508475	FALSE	NA	NA	NA	NA	NA	NA
NC_045512.2	11703	A	T	31	3	26	2	2	27	0.0606061	33	0.253846	FALSE	NA	NA	NA	NA	NA	NA
NC_045512.2	11704	C	A	31	3	27	2	2	28	0.0606061	33	0.253846	FALSE	NA	NA	NA	NA	NA	NA
NC_045512.2	11706	T	G	30	3	23	3	3	24	0.0909091	33	0.124908	FALSE	NA	NA	NA	NA	NA	NA
NC_045512.2	11708	G	T	31	3	27	2	2	24	0.0588235	34	0.246154	FALSE	NA	NA	NA	NA	NA	NA
NC_045512.2	11708	G	C	31	3	27	1	1	24	0.0294118	34	0.492308	FALSE	NA	NA	NA	NA	NA	NA
NC_045512.2	11708	G	-T	31	3	27	1	0	20	0.0294118	34	0.492308	FALSE	NA	NA	NA	NA	NA	NA
NC_045512.2	11710	T	C	31	3	27	1	1	23	0.0294118	34	0.492308	FALSE	NA	NA	NA	NA	NA	NA
NC_045512.2	11710	T	A	31	3	27	2	2	28	0.0588235	34	0.246154	FALSE	NA	NA	NA	NA	NA	NA
NC_045512.2	11711	T	C	21	3	23	2	2	27	0.0869565	23	0.255556	FALSE	NA	NA	NA	NA	NA	NA
NC_045512.2	11712	C	T	31	3	26	3	3	25	0.0882353	34	0.124914	FALSE	NA	NA	NA	NA	NA	NA
NC_045512.2	11713	T	G	33	5	26	1	1	23	0.0294118	34	0.507463	FALSE	NA	NA	NA	NA	NA	NA
NC_045512.2	11714	A	G	33	5	26	1	1	25	0.0294118	34	0.507463	FALSE	NA	NA	NA	NA	NA	NA
NC_045512.2	11715	C	T	31	3	25	1	1	25	0.0294118	34	0.492308	FALSE	NA	NA	NA	NA	NA	NA
NC_045512.2	11715	C	G	31	3	25	2	2	25	0.0588235	34	0.246154	FALSE	NA	NA	NA	NA	NA	NA
NC_045512.2	11716	A	G	31	3	25	1	1	25	0.03125	32	0.507937	FALSE	NA	NA	NA	NA	NA	NA
NC_045512.2	11717	C	T	31	3	26	3	3	23	0.0882353	34	0.124914	FALSE	NA	NA	NA	NA	NA	NA
NC_045512.2	11718	A	T	31	3	27	3	3	26	0.0857143	35	0.119403	FALSE	NA	NA	NA	NA	NA	NA
NC_045512.2	11718	A	G	31	3	27	1	1	27	0.0285714	35	0.484848	FALSE	NA	NA	NA	NA	NA	NA
NC_045512.2	11719	G	T	31	3	27	1	1	27	0.0285714	35	0.484848	FALSE	NA	NA	NA	NA	NA	NA
NC_045512.2	11719	G	C	31	3	27	2	2	25	0.0571429	35	0.238806	FALSE	NA	NA	NA	NA	NA	NA
NC_045512.2	11719	G	A	31	3	27	1	1	28	0.0285714	35	0.484848	FALSE	NA	NA	NA	NA	NA	NA
NC_045512.2	11720	G	T	26	3	23	2	2	26	0.0666667	30	0.236842	FALSE	NA	NA	NA	NA	NA	NA
NC_045512.2	11720	G	C	26	3	23	1	1	30	0.0333333	30	0.482143	FALSE	NA	NA	NA	NA	NA	NA
NC_045512.2	11720	G	A	26	3	23	1	1	27	0.0333333	30	0.482143	FALSE	NA	NA	NA	NA	NA	NA
NC_045512.2	11721	A	T	32	5	27	2	2	28	0.0571429	35	0.246269	FALSE	NA	NA	NA	NA	NA	NA
NC_045512.2	11721	A	G	32	5	27	1	0	25	0.0285714	35	0.492537	FALSE	NA	NA	NA	NA	NA	NA
NC_045512.2	11722	G	C	31	4	26	3	3	25	0.0882353	34	0.124914	FALSE	NA	NA	NA	NA	NA	NA
NC_045512.2	11723	T	A	30	2	26	3	3	26	0.0909091	33	0.124908	FALSE	NA	NA	NA	NA	NA	NA
NC_045512.2	11724	T	C	33	5	27	2	2	27	0.0571429	35	0.253623	FALSE	NA	NA	NA	NA	NA	NA
NC_045512.2	11725	T	G	19	4	23	1	1	20	0.0454545	22	0.487805	FALSE	NA	NA	NA	NA	NA	NA
NC_045512.2	11725	T	A	19	4	23	2	2	26	0.0909091	22	0.243902	FALSE	NA	NA	NA	NA	NA	NA
NC_045512.2	11726	A	G	32	4	26	2	2	24	0.0588235	34	0.253731	FALSE	NA	NA	NA	NA	NA	NA
NC_045512.2	11727	G	T	33	5	26	1	1	23	0.0285714	35	0.5	FALSE	NA	NA	NA	NA	NA	NA
NC_045512.2	11727	G	C	33	5	26	1	1	27	0.0285714	35	0.5	FALSE	NA	NA	NA	NA	NA	NA
NC_045512.2	11728	A	T	33	5	26	1	1	23	0.0285714	35	0.5	FALSE	NA	NA	NA	NA	NA	NA
NC_045512.2	11728	A	G	33	5	26	1	1	23	0.0285714	35	0.5	FALSE	NA	NA	NA	NA	NA	NA
NC_045512.2	11729	T	G	32	4	27	2	2	26	0.0588235	34	0.253731	FALSE	NA	NA	NA	NA	NA	NA
NC_045512.2	11730	A	T	32	4	26	2	2	24	0.0588235	34	0.253731	FALSE	NA	NA	NA	NA	NA	NA
NC_045512.2	11731	T	G	34	6	27	1	1	25	0.0285714	35	0.507246	FALSE	NA	NA	NA	NA	NA	NA
NC_045512.2	11732	A	T	32	4	26	2	2	26	0.0588235	34	0.253731	FALSE	NA	NA	NA	NA	NA	NA
NC_045512.2	11733	T	A	33	5	26	2	2	25	0.0571429	35	0.253623	FALSE	NA	NA	NA	NA	NA	NA
NC_045512.2	11734	G	T	34	6	26	1	1	22	0.0285714	35	0.507246	FALSE	NA	NA	NA	NA	NA	NA
NC_045512.2	11735	A	C	34	6	26	1	1	22	0.0285714	35	0.507246	FALSE	NA	NA	NA	NA	NA	NA
NC_045512.2	11736	A	T	26	3	22	4	4	25	0.133333	30	0.0602141	FALSE	NA	NA	NA	NA	NA	NA
NC_045512.2	11737	T	A	31	4	26	3	3	28	0.0882353	34	0.119403	FALSE	NA	NA	NA	NA	NA	NA
NC_045512.2	11738	T	C	20	5	23	1	1	27	0.0454545	22	0.5	FALSE	NA	NA	NA	NA	NA	NA
NC_045512.2	11738	T	A	20	5	23	1	1	27	0.0454545	22	0.5	FALSE	NA	NA	NA	NA	NA	NA
NC_045512.2	11739	C	A	31	4	25	3	3	28	0.0882353	34	0.124914	FALSE	NA	NA	NA	NA	NA	NA
NC_045512.2	11740	A	T	31	3	26	3	3	27	0.0857143	35	0.119403	FALSE	NA	NA	NA	NA	NA	NA
NC_045512.2	11740	A	C	31	3	26	1	1	27	0.0285714	35	0.484848	FALSE	NA	NA	NA	NA	NA	NA
NC_045512.2	11741	C	T	31	3	26	1	1	28	0.0285714	35	0.484848	FALSE	NA	NA	NA	NA	NA	NA
NC_045512.2	11741	C	G	31	3	26	2	2	27	0.0571429	35	0.238806	FALSE	NA	NA	NA	NA	NA	NA
NC_045512.2	11741	C	A	31	3	26	1	1	29	0.0285714	35	0.484848	FALSE	NA	NA	NA	NA	NA	NA
NC_045512.2	11742	A	G	34	6	26	1	1	24	0.0285714	35	0.507246	FALSE	NA	NA	NA	NA	NA	NA
NC_045512.2	11743	G	A	31	4	26	2	2	28	0.0606061	33	0.253846	FALSE	NA	NA	NA	NA	NA	NA
NC_045512.2	11744	G	T	31	3	27	2	2	24	0.0588235	34	0.246154	FALSE	NA	NA	NA	NA	NA	NA
NC_045512.2	11744	G	A	31	3	27	1	1	29	0.0294118	34	0.492308	FALSE	NA	NA	NA	NA	NA	NA
NC_045512.2	11745	G	T	22	4	22	3	3	26	0.12	25	0.124837	FALSE	NA	NA	NA	NA	NA	NA
NC_045512.2	11746	A	T	30	3	26	2	2	23	0.0588235	34	0.238462	FALSE	NA	NA	NA	NA	NA	NA
NC_045512.2	11746	A	C	30	3	26	2	2	27	0.0588235	34	0.238462	FALSE	NA	NA	NA	NA	NA	NA
NC_045512.2	11747	C	T	31	4	26	1	1	26	0.0294118	34	0.492308	FALSE	NA	NA	NA	NA	NA	NA
NC_045512.2	11747	C	A	31	4	26	2	2	27	0.0588235	34	0.246154	FALSE	NA	NA	NA	NA	NA	NA
NC_045512.2	11748	T	C	32	5	26	2	2	27	0.0588235	34	0.253731	FALSE	NA	NA	NA	NA	NA	NA
NC_045512.2	11749	A	G	33	7	25	2	1	25	0.0571429	35	0.253623	FALSE	NA	NA	NA	NA	NA	NA
NC_045512.2	11750	C	G	30	4	26	3	3	23	0.0882353	34	0.119231	FALSE	NA	NA	NA	NA	NA	NA
NC_045512.2	11750	C	A	30	4	26	1	1	24	0.0294118	34	0.484375	FALSE	NA	NA	NA	NA	NA	NA
NC_045512.2	11751	T	G	29	3	26	2	2	27	0.0588235	34	0.230655	FALSE	NA	NA	NA	NA	NA	NA
NC_045512.2	11751	T	C	29	3	26	1	1	22	0.0294118	34	0.47619	FALSE	NA	NA	NA	NA	NA	NA
NC_045512.2	11751	T	A	29	3	26	2	2	27	0.0588235	34	0.230655	FALSE	NA	NA	NA	NA	NA	NA
NC_045512.2	11752	C	T	28	1	27	2	2	26	0.0625	32	0.237705	FALSE	NA	NA	NA	NA	NA	NA
NC_045512.2	11752	C	G	28	1	27	2	2	27	0.0625	32	0.237705	FALSE	NA	NA	NA	NA	NA	NA
NC_045512.2	11753	C	A	31	4	27	4	4	27	0.114286	35	0.0605667	FALSE	NA	NA	NA	NA	NA	NA
NC_045512.2	11754	C	T	13	5	23	2	2	24	0.125	16	0.241379	FALSE	NA	NA	NA	NA	NA	NA
NC_045512.2	11754	C	G	13	5	23	1	1	24	0.0625	16	0.482759	FALSE	NA	NA	NA	NA	NA	NA
NC_045512.2	11755	A	T	31	4	26	3	3	28	0.0857143	35	0.119403	FALSE	NA	NA	NA	NA	NA	NA
NC_045512.2	11755	A	G	31	4	26	1	1	27	0.0285714	35	0.484848	FALSE	NA	NA	NA	NA	NA	NA
NC_045512.2	11756	C	T	27	1	26	2	1	27	0.0606061	33	0.221858	FALSE	NA	NA	NA	NA	NA	NA
NC_045512.2	11756	C	G	27	1	26	1	1	23	0.030303	33	0.466667	FALSE	NA	NA	NA	NA	NA	NA
NC_045512.2	11756	C	A	27	1	26	3	3	28	0.0909091	33	0.107351	FALSE	NA	NA	NA	NA	NA	NA
NC_045512.2	11757	C	G	32	5	27	3	3	27	0.0857143	35	0.124919	FALSE	NA	NA	NA	NA	NA	NA
NC_045512.2	11758	C	T	17	3	21	4	4	25	0.181818	22	0.0534709	FALSE	NA	NA	NA	NA	NA	NA
NC_045512.2	11758	C	A	17	3	21	1	1	22	0.0454545	22	0.461538	FALSE	NA	NA	NA	NA	NA	NA
NC_045512.2	11759	A	T	29	2	26	1	1	26	0.0322581	31	0.5	FALSE	NA	NA	NA	NA	NA	NA
NC_045512.2	11759	A	G	29	2	26	1	1	28	0.0322581	31	0.5	FALSE	NA	NA	NA	NA	NA	NA
NC_045512.2	11760	A	T	15	3	22	3	3	23	0.15	20	0.105019	FALSE	NA	NA	NA	NA	NA	NA
NC_045512.2	11760	A	C	15	3	22	2	2	25	0.1	20	0.215873	FALSE	NA	NA	NA	NA	NA	NA
NC_045512.2	11761	G	T	30	3	26	2	2	28	0.0571429	35	0.231235	FALSE	NA	NA	NA	NA	NA	NA
NC_045512.2	11761	G	C	30	3	26	2	2	25	0.0571429	35	0.231235	FALSE	NA	NA	NA	NA	NA	NA
NC_045512.2	11761	G	A	30	3	26	1	1	26	0.0285714	35	0.476923	FALSE	NA	NA	NA	NA	NA	NA
NC_045512.2	11762	A	T	31	4	26	1	1	27	0.0294118	34	0.492308	FALSE	NA	NA	NA	NA	NA	NA
NC_045512.2	11762	A	G	31	4	26	1	1	28	0.0294118	34	0.492308	FALSE	NA	NA	NA	NA	NA	NA
NC_045512.2	11762	A	C	31	4	26	1	1	26	0.0294118	34	0.492308	FALSE	NA	NA	NA	NA	NA	NA
NC_045512.2	11763	A	T	27	6	22	1	1	23	0.0333333	30	0.491228	FALSE	NA	NA	NA	NA	NA	NA
NC_045512.2	11763	A	C	27	6	22	2	2	21	0.0666667	30	0.245614	FALSE	NA	NA	NA	NA	NA	NA
NC_045512.2	11764	T	C	33	6	25	3	3	28	0.0833333	36	0.124923	FALSE	NA	NA	NA	NA	NA	NA
NC_045512.2	11765	A	G	33	6	26	1	1	27	0.0277778	36	0.492754	FALSE	NA	NA	NA	NA	NA	NA
NC_045512.2	11765	A	C	33	6	26	2	2	27	0.0555556	36	0.246377	FALSE	NA	NA	NA	NA	NA	NA
NC_045512.2	11766	G	T	30	3	27	2	2	25	0.0571429	35	0.231235	FALSE	NA	NA	NA	NA	NA	NA
NC_045512.2	11766	G	A	30	3	27	3	3	25	0.0857143	35	0.113892	FALSE	NA	NA	NA	NA	NA	NA
NC_045512.2	11767	C	T	30	3	26	1	1	21	0.0277778	36	0.469697	FALSE	NA	NA	NA	NA	NA	NA
NC_045512.2	11767	C	G	30	3	26	2	2	23	0.0555556	36	0.224333	FALSE	NA	NA	NA	NA	NA	NA
NC_045512.2	11767	C	A	30	3	26	3	3	28	0.0833333	36	0.108867	FALSE	NA	NA	NA	NA	NA	NA
NC_045512.2	11768	A	T	30	4	26	2	2	24	0.0555556	36	0.224333	FALSE	NA	NA	NA	NA	NA	NA
NC_045512.2	11768	A	G	30	4	26	4	3	27	0.111111	36	0.0536448	FALSE	NA	NA	NA	NA	NA	NA
NC_045512.2	11769	T	G	30	4	27	2	2	25	0.0555556	36	0.224333	FALSE	NA	NA	NA	NA	NA	NA
NC_045512.2	11769	T	A	30	4	27	4	4	23	0.111111	36	0.0536448	FALSE	NA	NA	NA	NA	NA	NA
NC_045512.2	11770	A	T	61	9	27	1	1	26	0.015625	64	0.496	FALSE	NA	NA	NA	NA	NA	NA
NC_045512.2	11770	A	C	61	9	27	2	2	24	0.03125	64	0.248	FALSE	NA	NA	NA	NA	NA	NA
NC_045512.2	11771	G	T	58	5	26	3	3	27	0.046875	64	0.11605	FALSE	NA	NA	NA	NA	NA	NA
NC_045512.2	11771	G	C	58	5	26	1	1	20	0.015625	64	0.483607	FALSE	NA	NA	NA	NA	NA	NA
NC_045512.2	11771	G	A	58	5	26	2	2	30	0.03125	64	0.235906	FALSE	NA	NA	NA	NA	NA	NA
NC_045512.2	11772	A	T	61	8	27	3	3	26	0.0461538	65	0.122047	FALSE	NA	NA	NA	NA	NA	NA
NC_045512.2	11772	A	C	61	8	27	1	1	26	0.0153846	65	0.492063	FALSE	NA	NA	NA	NA	NA	NA
NC_045512.2	11773	T	G	58	7	26	2	2	28	0.031746	63	0.239805	FALSE	NA	NA	NA	NA	NA	NA
NC_045512.2	11773	T	C	58	7	26	2	2	24	0.031746	63	0.239805	FALSE	NA	NA	NA	NA	NA	NA
NC_045512.2	11773	T	A	58	7	26	1	1	23	0.015873	63	0.487603	FALSE	NA	NA	NA	NA	NA	NA
NC_045512.2	11774	G	T	53	6	25	3	3	24	0.0508475	59	0.115277	FALSE	NA	NA	NA	NA	NA	NA
NC_045512.2	11774	G	C	53	6	25	3	3	29	0.0508475	59	0.115277	FALSE	NA	NA	NA	NA	NA	NA
NC_045512.2	11775	C	T	49	3	26	1	1	27	0.0185185	54	0.485437	FALSE	NA	NA	NA	NA	NA	NA
NC_045512.2	11775	C	A	49	3	26	4	4	28	0.0740741	54	0.0589459	FALSE	NA	NA	NA	NA	NA	NA
NC_045512.2	11776	C	T	46	7	24	3	3	28	0.0588235	51	0.117463	FALSE	NA	NA	NA	NA	NA	NA
NC_045512.2	11776	C	G	46	7	24	2	2	22	0.0392157	51	0.237324	FALSE	NA	NA	NA	NA	NA	NA
NC_045512.2	11777	T	G	51	5	26	1	1	27	0.0175439	57	0.481481	FALSE	NA	NA	NA	NA	NA	NA
NC_045512.2	11777	T	C	51	5	26	1	1	24	0.0175439	57	0.481481	FALSE	NA	NA	NA	NA	NA	NA
NC_045512.2	11777	T	A	51	5	26	4	4	26	0.0701754	57	0.0569469	FALSE	NA	NA	NA	NA	NA	NA
NC_045512.2	11778	T	G	50	7	23	3	3	25	0.0545455	55	0.118024	FALSE	NA	NA	NA	NA	NA	NA
NC_045512.2	11778	T	C	50	7	23	1	1	28	0.0181818	55	0.485714	FALSE	NA	NA	NA	NA	NA	NA
NC_045512.2	11778	T	A	50	7	23	1	1	24	0.0181818	55	0.485714	FALSE	NA	NA	NA	NA	NA	NA
NC_045512.2	11779	C	T	51	6	26	3	2	25	0.05	60	0.105938	FALSE	NA	NA	NA	NA	NA	NA
NC_045512.2	11779	C	G	51	6	26	3	3	25	0.05	60	0.105938	FALSE	NA	NA	NA	NA	NA	NA
NC_045512.2	11779	C	A	51	6	26	3	3	25	0.05	60	0.105938	FALSE	NA	NA	NA	NA	NA	NA
NC_045512.2	11780	A	T	48	2	27	3	3	24	0.0555556	54	0.114358	FALSE	NA	NA	NA	NA	NA	NA
NC_045512.2	11780	A	G	48	2	27	1	1	24	0.0185185	54	0.480392	FALSE	NA	NA	NA	NA	NA	NA
NC_045512.2	11780	A	C	48	2	27	2	2	26	0.037037	54	0.2332	FALSE	NA	NA	NA	NA	NA	NA
NC_045512.2	11781	A	T	51	6	27	2	2	25	0.0338983	59	0.225717	FALSE	NA	NA	NA	NA	NA	NA
NC_045512.2	11781	A	G	51	6	27	3	3	24	0.0508475	59	0.108828	FALSE	NA	NA	NA	NA	NA	NA
NC_045512.2	11781	A	C	51	6	27	3	3	27	0.0508475	59	0.108828	FALSE	NA	NA	NA	NA	NA	NA
NC_045512.2	11782	A	T	43	8	23	2	2	26	0.0425532	47	0.241758	FALSE	NA	NA	NA	NA	NA	NA
NC_045512.2	11782	A	C	43	8	23	2	2	25	0.0425532	47	0.241758	FALSE	NA	NA	NA	NA	NA	NA
NC_045512.2	11783	C	T	56	11	26	1	1	29	0.0163934	61	0.487179	FALSE	NA	NA	NA	NA	NA	NA
NC_045512.2	11783	C	G	56	11	26	1	1	25	0.0163934	61	0.487179	FALSE	NA	NA	NA	NA	NA	NA
NC_045512.2	11783	C	A	56	11	26	3	3	27	0.0491803	61	0.118724	FALSE	NA	NA	NA	NA	NA	NA
NC_045512.2	11784	T	G	54	9	26	2	2	27	0.0333333	60	0.234935	FALSE	NA	NA	NA	NA	NA	NA
NC_045512.2	11784	T	A	54	9	26	4	4	26	0.0666667	60	0.0572278	FALSE	NA	NA	NA	NA	NA	NA
NC_045512.2	11785	C	T	53	8	26	4	4	28	0.0645161	62	0.0514749	FALSE	NA	NA	NA	NA	NA	NA
NC_045512.2	11785	C	G	53	8	26	2	2	25	0.0322581	62	0.222639	FALSE	NA	NA	NA	NA	NA	NA
NC_045512.2	11785	C	A	53	8	26	3	3	25	0.0483871	62	0.106562	FALSE	NA	NA	NA	NA	NA	NA
NC_045512.2	11786	A	T	52	8	27	3	3	25	0.05	60	0.109102	FALSE	NA	NA	NA	NA	NA	NA
NC_045512.2	11786	A	G	52	8	27	2	2	27	0.0333333	60	0.226138	FALSE	NA	NA	NA	NA	NA	NA
NC_045512.2	11786	A	C	52	8	27	3	3	27	0.05	60	0.109102	FALSE	NA	NA	NA	NA	NA	NA
NC_045512.2	11787	A	T	49	9	24	2	2	25	0.037037	54	0.238051	FALSE	NA	NA	NA	NA	NA	NA
NC_045512.2	11787	A	G	49	9	24	2	2	26	0.037037	54	0.238051	FALSE	NA	NA	NA	NA	NA	NA
NC_045512.2	11787	A	C	49	9	24	1	1	22	0.0185185	54	0.485437	FALSE	NA	NA	NA	NA	NA	NA
NC_045512.2	11788	C	T	50	7	27	3	3	24	0.0491803	61	0.100053	FALSE	NA	NA	NA	NA	NA	NA
NC_045512.2	11788	C	G	50	7	27	3	3	24	0.0491803	61	0.100053	FALSE	NA	NA	NA	NA	NA	NA
NC_045512.2	11788	C	A	50	7	27	5	5	27	0.0819672	61	0.0226665	FALSE	NA	NA	NA	NA	NA	NA
NC_045512.2	11789	A	T	54	11	26	2	2	25	0.0322581	62	0.226938	FALSE	NA	NA	NA	NA	NA	NA
NC_045512.2	11789	A	G	54	11	26	4	4	25	0.0645161	62	0.0534295	FALSE	NA	NA	NA	NA	NA	NA
NC_045512.2	11789	A	C	54	11	26	2	2	27	0.0322581	62	0.226938	FALSE	NA	NA	NA	NA	NA	NA
NC_045512.2	11790	T	G	50	8	26	2	2	25	0.0333333	60	0.217199	FALSE	NA	NA	NA	NA	NA	NA
NC_045512.2	11790	T	C	50	8	26	6	6	27	0.1	60	0.0115393	FALSE	NA	NA	NA	NA	NA	NA
NC_045512.2	11790	T	A	50	8	26	2	2	26	0.0333333	60	0.217199	FALSE	NA	NA	NA	NA	NA	NA
NC_045512.2	11791	T	G	52	15	23	1	1	28	0.0181818	55	0.495327	FALSE	NA	NA	NA	NA	NA	NA
NC_045512.2	11791	T	C	52	15	23	1	1	27	0.0181818	55	0.495327	FALSE	NA	NA	NA	NA	NA	NA
NC_045512.2	11791	T	A	52	15	23	1	1	28	0.0181818	55	0.495327	FALSE	NA	NA	NA	NA	NA	NA
NC_045512.2	11792	A	T	45	5	26	6	6	26	0.103448	58	0.00941152	TRUE	NA	NA	NA	NA	NA	NA
NC_045512.2	11792	A	G	45	5	26	1	1	23	0.0172414	58	0.446602	FALSE	NA	NA	NA	NA	NA	NA
NC_045512.2	11792	A	C	45	5	26	6	6	26	0.103448	58	0.00941152	TRUE	NA	NA	NA	NA	NA	NA
NC_045512.2	11793	A	T	52	12	27	3	3	24	0.0517241	58	0.115106	FALSE	NA	NA	NA	NA	NA	NA
NC_045512.2	11793	A	G	52	12	27	2	2	27	0.0344828	58	0.234398	FALSE	NA	NA	NA	NA	NA	NA
NC_045512.2	11793	A	C	52	12	27	1	1	26	0.0172414	58	0.481818	FALSE	NA	NA	NA	NA	NA	NA
NC_045512.2	11794	A	T	40	12	23	3	3	25	0.0638298	47	0.10867	FALSE	NA	NA	NA	NA	NA	NA
NC_045512.2	11794	A	G	40	12	23	2	2	25	0.0425532	47	0.224922	FALSE	NA	NA	NA	NA	NA	NA
NC_045512.2	11794	A	C	40	12	23	2	2	25	0.0425532	47	0.224922	FALSE	NA	NA	NA	NA	NA	NA
NC_045512.2	11795	T	G	46	6	26	3	3	26	0.0545455	55	0.104178	FALSE	NA	NA	NA	NA	NA	NA
NC_045512.2	11795	T	C	46	6	26	3	3	26	0.0545455	55	0.104178	FALSE	NA	NA	NA	NA	NA	NA
NC_045512.2	11795	T	A	46	6	26	3	3	28	0.0545455	55	0.104178	FALSE	NA	NA	NA	NA	NA	NA
NC_045512.2	11796	T	G	45	9	22	3	3	26	0.0535714	56	0.0977998	FALSE	NA	NA	NA	NA	NA	NA
NC_045512.2	11796	T	C	45	9	22	1	1	27	0.0178571	56	0.455446	FALSE	NA	NA	NA	NA	NA	NA
NC_045512.2	11796	T	A	45	9	22	7	7	27	0.125	56	0.00513057	TRUE	NA	NA	NA	NA	NA	NA
NC_045512.2	11797	G	T	46	6	26	9	9	25	0.15	60	0.000980966	TRUE	NA	NA	NA	NA	NA	NA
NC_045512.2	11797	G	C	46	6	26	1	1	23	0.0166667	60	0.443396	FALSE	NA	NA	NA	NA	NA	NA
NC_045512.2	11797	G	A	46	6	26	4	4	26	0.0666667	60	0.0413967	FALSE	NA	NA	NA	NA	NA	NA
NC_045512.2	11798	T	G	51	10	26	1	1	25	0.0166667	60	0.468468	FALSE	NA	NA	NA	NA	NA	NA
NC_045512.2	11798	T	C	51	10	26	5	5	25	0.0833333	60	0.0248887	FALSE	NA	NA	NA	NA	NA	NA
NC_045512.2	11798	T	A	51	10	26	3	3	27	0.05	60	0.105938	FALSE	NA	NA	NA	NA	NA	NA
NC_045512.2	11799	T	G	45	11	23	1	1	27	0.0188679	53	0.469388	FALSE	NA	NA	NA	NA	NA	NA
NC_045512.2	11799	T	C	45	11	23	1	1	29	0.0188679	53	0.469388	FALSE	NA	NA	NA	NA	NA	NA
NC_045512.2	11799	T	A	45	11	23	6	6	23	0.113208	53	0.0125954	FALSE	NA	NA	NA	NA	NA	NA
NC_045512.2	11800	G	T	46	5	27	2	2	25	0.0333333	60	0.198907	FALSE	NA	NA	NA	NA	NA	NA
NC_045512.2	11800	G	C	46	5	27	3	3	25	0.05	60	0.0902447	FALSE	NA	NA	NA	NA	NA	NA
NC_045512.2	11800	G	A	46	5	27	9	9	28	0.15	60	0.000980966	TRUE	NA	NA	NA	NA	NA	NA
NC_045512.2	11801	G	T	47	7	28	5	5	26	0.0819672	61	0.019373	FALSE	NA	NA	NA	NA	NA	NA
NC_045512.2	11801	G	C	47	7	28	3	3	26	0.0491803	61	0.0908164	FALSE	NA	NA	NA	NA	NA	NA
NC_045512.2	11801	G	A	47	7	28	6	5	25	0.0983607	61	0.00908645	TRUE	NA	NA	NA	NA	NA	NA
NC_045512.2	11802	G	T	37	7	22	7	7	24	0.134615	52	0.0034679	TRUE	NA	NA	NA	NA	NA	NA
NC_045512.2	11802	G	C	37	7	22	2	2	29	0.0384615	52	0.185019	FALSE	NA	NA	NA	NA	NA	NA
NC_045512.2	11802	G	A	37	7	22	6	6	27	0.115385	52	0.00748751	TRUE	NA	NA	NA	NA	NA	NA
NC_045512.2	11803	T	G	50	11	26	1	1	24	0.016129	62	0.455357	FALSE	NA	NA	NA	NA	NA	NA
NC_045512.2	11803	T	C	50	11	26	4	4	27	0.0645161	62	0.045745	FALSE	NA	NA	NA	NA	NA	NA
NC_045512.2	11803	T	A	50	11	26	7	6	27	0.112903	62	0.00501469	TRUE	NA	NA	NA	NA	NA	NA
NC_045512.2	11804	G	T	51	12	26	4	4	27	0.0645161	62	0.0476318	FALSE	NA	NA	NA	NA	NA	NA
NC_045512.2	11804	G	C	51	12	26	2	2	25	0.0322581	62	0.213942	FALSE	NA	NA	NA	NA	NA	NA
NC_045512.2	11804	G	A	51	12	26	5	5	26	0.0806452	62	0.0227981	FALSE	NA	NA	NA	NA	NA	NA
NC_045512.2	11805	T	G	49	12	26	1	1	20	0.0169492	59	0.462963	FALSE	NA	NA	NA	NA	NA	NA
NC_045512.2	11805	T	C	49	12	26	3	2	26	0.0508475	59	0.1024	FALSE	NA	NA	NA	NA	NA	NA
NC_045512.2	11805	T	A	49	12	26	6	6	26	0.101695	59	0.011474	FALSE	NA	NA	NA	NA	NA	NA
NC_045512.2	11806	T	G	50	14	24	3	3	27	0.0508475	59	0.105611	FALSE	NA	NA	NA	NA	NA	NA
NC_045512.2	11806	T	C	50	14	24	4	4	25	0.0677966	59	0.0509194	FALSE	NA	NA	NA	NA	NA	NA
NC_045512.2	11806	T	A	50	14	24	2	2	28	0.0338983	59	0.221184	FALSE	NA	NA	NA	NA	NA	NA
NC_045512.2	11807	G	T	45	7	27	7	7	25	0.116667	60	0.00393905	TRUE	NA	NA	NA	NA	NA	NA
NC_045512.2	11807	G	C	45	7	27	2	2	28	0.0333333	60	0.19425	FALSE	NA	NA	NA	NA	NA	NA
NC_045512.2	11807	G	A	45	7	27	6	6	26	0.1	60	0.00840836	TRUE	NA	NA	NA	NA	NA	NA
NC_045512.2	11808	G	T	48	11	23	5	5	26	0.0833333	60	0.021391	FALSE	NA	NA	NA	NA	NA	NA
NC_045512.2	11808	G	C	48	11	23	3	3	27	0.05	60	0.0964924	FALSE	NA	NA	NA	NA	NA	NA
NC_045512.2	11808	G	A	48	11	23	4	4	29	0.0666667	60	0.0452037	FALSE	NA	NA	NA	NA	NA	NA
NC_045512.2	11809	T	G	48	10	27	7	7	26	0.118644	59	0.00525443	TRUE	NA	NA	NA	NA	NA	NA
NC_045512.2	11809	T	C	48	10	27	2	2	27	0.0338983	59	0.212011	FALSE	NA	NA	NA	NA	NA	NA
NC_045512.2	11809	T	A	48	10	27	2	2	26	0.0338983	59	0.212011	FALSE	NA	NA	NA	NA	NA	NA
NC_045512.2	11810	G	T	45	7	27	8	8	26	0.133333	60	0.00186402	TRUE	NA	NA	NA	NA	NA	NA
NC_045512.2	11810	G	C	45	7	27	2	2	24	0.0333333	60	0.19425	FALSE	NA	NA	NA	NA	NA	NA
NC_045512.2	11810	G	A	45	7	27	5	5	25	0.0833333	60	0.0181357	FALSE	NA	NA	NA	NA	NA	NA
NC_045512.2	11811	G	T	48	11	23	7	7	25	0.118644	59	0.00525443	TRUE	NA	NA	NA	NA	NA	NA
NC_045512.2	11811	G	C	48	11	23	3	3	26	0.0508475	59	0.0991978	FALSE	NA	NA	NA	NA	NA	NA
NC_045512.2	11811	G	A	48	11	23	1	1	29	0.0169492	59	0.457944	FALSE	NA	NA	NA	NA	NA	NA
NC_045512.2	11812	C	T	42	6	26	6	6	23	0.1	60	0.00679017	TRUE	NA	NA	NA	NA	NA	NA
NC_045512.2	11812	C	G	42	6	26	5	5	26	0.0833333	60	0.0151364	FALSE	NA	NA	NA	NA	NA	NA
NC_045512.2	11812	C	A	42	6	26	7	6	26	0.116667	60	0.00308073	TRUE	NA	NA	NA	NA	NA	NA
NC_045512.2	11813	A	T	39	2	27	11	11	25	0.196429	56	0.000149927	TRUE	NA	NA	NA	NA	NA	NA
NC_045512.2	11813	A	G	39	2	27	4	4	25	0.0714286	56	0.034164	FALSE	NA	NA	NA	NA	NA	NA
NC_045512.2	11813	A	C	39	2	27	2	2	29	0.0357143	56	0.179825	FALSE	NA	NA	NA	NA	NA	NA
NC_045512.2	11814	A	T	46	9	27	8	8	26	0.131148	61	0.00189059	TRUE	NA	NA	NA	NA	NA	NA
NC_045512.2	11814	A	G	46	9	27	6	6	25	0.0983607	61	0.00850964	TRUE	NA	NA	NA	NA	NA	NA
NC_045512.2	11814	A	C	46	9	27	1	1	27	0.0163934	61	0.439252	FALSE	NA	NA	NA	NA	NA	NA
NC_045512.2	11815	A	T	37	10	22	5	5	27	0.0909091	55	0.0139171	FALSE	NA	NA	NA	NA	NA	NA
NC_045512.2	11815	A	G	37	10	22	11	11	25	0.2	55	0.000126831	TRUE	NA	NA	NA	NA	NA	NA
NC_045512.2	11815	A	C	37	10	22	2	2	25	0.0363636	55	0.173212	FALSE	NA	NA	NA	NA	NA	NA
NC_045512.2	11816	C	T	43	7	26	9	9	27	0.138462	65	0.00048259	TRUE	NA	NA	NA	NA	NA	NA
NC_045512.2	11816	C	G	43	7	26	3	3	26	0.0461538	65	0.0703364	FALSE	NA	NA	NA	NA	NA	NA
NC_045512.2	11816	C	A	43	7	26	10	10	27	0.153846	65	0.000218609	TRUE	NA	NA	NA	NA	NA	NA
NC_045512.2	11817	C	T	44	12	23	6	6	28	0.0983607	61	0.00741914	TRUE	NA	NA	NA	NA	NA	NA
NC_045512.2	11817	C	G	44	12	23	6	6	25	0.0983607	61	0.00741914	TRUE	NA	NA	NA	NA	NA	NA
NC_045512.2	11817	C	A	44	12	23	5	5	27	0.0819672	61	0.0163221	FALSE	NA	NA	NA	NA	NA	NA
NC_045512.2	11818	T	G	50	14	26	8	8	26	0.119403	67	0.00174112	TRUE	NA	NA	NA	NA	NA	NA
NC_045512.2	11818	T	C	50	14	26	5	5	25	0.0746269	67	0.0174994	FALSE	NA	NA	NA	NA	NA	NA
NC_045512.2	11818	T	A	50	14	26	4	4	26	0.0597015	67	0.0384988	FALSE	NA	NA	NA	NA	NA	NA
NC_045512.2	11819	T	G	45	15	23	5	5	28	0.0806452	62	0.0165315	FALSE	NA	NA	NA	NA	NA	NA
NC_045512.2	11819	T	C	45	15	23	9	8	25	0.145161	62	0.000756236	TRUE	NA	NA	NA	NA	NA	NA
NC_045512.2	11819	T	A	45	15	23	3	3	27	0.0483871	62	0.0823878	FALSE	NA	NA	NA	NA	NA	NA
NC_045512.2	11820	G	T	49	14	26	7	7	23	0.102941	68	0.00326526	TRUE	NA	NA	NA	NA	NA	NA
NC_045512.2	11820	G	C	49	14	26	6	6	25	0.0882353	68	0.00717191	TRUE	NA	NA	NA	NA	NA	NA
NC_045512.2	11820	G	A	49	14	26	6	6	25	0.0882353	68	0.00717191	TRUE	NA	NA	NA	NA	NA	NA
NC_045512.2	11821	T	G	49	16	26	4	4	24	0.0555556	72	0.0312139	FALSE	NA	NA	NA	NA	NA	NA
NC_045512.2	11821	T	C	49	16	26	6	5	26	0.0833333	72	0.00588604	TRUE	NA	NA	NA	NA	NA	NA
NC_045512.2	11821	T	A	49	16	26	13	13	26	0.180556	72	2.32699e-05	TRUE	NA	NA	NA	NA	NA	NA
NC_045512.2	11822	A	T	47	13	26	8	8	26	0.111111	72	0.000969466	TRUE	NA	NA	NA	NA	NA	NA
NC_045512.2	11822	A	G	47	13	26	8	8	25	0.111111	72	0.000969466	TRUE	NA	NA	NA	NA	NA	NA
NC_045512.2	11822	A	C	47	13	26	9	9	25	0.125	72	0.000427481	TRUE	NA	NA	NA	NA	NA	NA
NC_045512.2	11823	T	G	49	16	25	9	9	26	0.128571	70	0.000600872	TRUE	NA	NA	NA	NA	NA	NA
NC_045512.2	11823	T	C	49	16	25	10	10	25	0.142857	70	0.000276965	TRUE	NA	NA	NA	NA	NA	NA
NC_045512.2	11823	T	A	49	16	25	2	2	26	0.0285714	70	0.178571	FALSE	NA	NA	NA	NA	NA	NA
NC_045512.2	11824	C	T	47	13	26	16	16	26	0.225352	71	2.04627e-06	TRUE	NA	NA	NA	NA	NA	NA
NC_045512.2	11824	C	G	47	13	26	5	5	24	0.0704225	71	0.0125379	FALSE	NA	NA	NA	NA	NA	NA
NC_045512.2	11824	C	A	47	13	26	3	3	28	0.0422535	71	0.0697906	FALSE	NA	NA	NA	NA	NA	NA
NC_045512.2	11825	A	T	40	6	26	12	12	25	0.176471	68	2.17503e-05	TRUE	NA	NA	NA	NA	NA	NA
NC_045512.2	11825	A	G	40	6	26	10	10	25	0.147059	68	0.000115165	TRUE	NA	NA	NA	NA	NA	NA
NC_045512.2	11825	A	C	40	6	26	6	6	26	0.0882353	68	0.00370734	TRUE	NA	NA	NA	NA	NA	NA
NC_045512.2	11826	A	T	45	11	27	15	15	25	0.214286	70	3.55676e-06	TRUE	NA	NA	NA	NA	NA	NA
NC_045512.2	11826	A	G	45	11	27	9	9	25	0.128571	70	0.000404114	TRUE	NA	NA	NA	NA	NA	NA
NC_045512.2	11826	A	C	45	11	27	1	1	28	0.0142857	70	0.4	FALSE	NA	NA	NA	NA	NA	NA
NC_045512.2	11827	A	T	32	9	22	12	12	27	0.2	60	1.37925e-05	TRUE	NA	NA	NA	NA	NA	NA
NC_045512.2	11827	A	G	32	9	22	14	14	25	0.233333	60	2.61451e-06	TRUE	NA	NA	NA	NA	NA	NA
NC_045512.2	11827	A	C	32	9	22	2	2	27	0.0333333	60	0.131136	FALSE	NA	NA	NA	NA	NA	NA
NC_045512.2	11828	G	T	47	13	26	13	13	26	0.180556	72	1.77913e-05	TRUE	NA	NA	NA	NA	NA	NA
NC_045512.2	11828	G	C	47	13	26	1	1	26	0.0138889	72	0.403361	FALSE	NA	NA	NA	NA	NA	NA
NC_045512.2	11828	G	A	47	13	26	11	11	25	0.152778	72	8.55894e-05	TRUE	NA	NA	NA	NA	NA	NA
NC_045512.2	11829	T	G	51	17	26	8	8	25	0.109589	73	0.00128191	TRUE	NA	NA	NA	NA	NA	NA
NC_045512.2	11829	T	C	51	17	26	2	2	23	0.0273973	73	0.177806	FALSE	NA	NA	NA	NA	NA	NA
NC_045512.2	11829	T	A	51	17	26	12	12	27	0.164384	73	5.77042e-05	TRUE	NA	NA	NA	NA	NA	NA
NC_045512.2	11830	A	T	43	9	27	19	19	25	0.256757	74	6.5693e-08	TRUE	NA	NA	NA	NA	NA	NA
NC_045512.2	11830	A	G	43	9	27	7	7	27	0.0945946	74	0.00140631	TRUE	NA	NA	NA	NA	NA	NA
NC_045512.2	11830	A	C	43	9	27	5	5	26	0.0675676	74	0.00861352	TRUE	NA	NA	NA	NA	NA	NA
NC_045512.2	11831	G	T	46	12	27	15	15	26	0.205479	73	2.90543e-06	TRUE	NA	NA	NA	NA	NA	NA
NC_045512.2	11831	G	C	46	12	27	6	6	24	0.0821918	73	0.00455909	TRUE	NA	NA	NA	NA	NA	NA
NC_045512.2	11831	G	A	46	12	27	6	6	26	0.0821918	73	0.00455909	TRUE	NA	NA	NA	NA	NA	NA
NC_045512.2	11832	C	T	41	7	27	13	13	27	0.183099	71	8.07726e-06	TRUE	NA	NA	NA	NA	NA	NA
NC_045512.2	11832	C	G	41	7	27	5	5	26	0.0704225	71	0.00854641	TRUE	NA	NA	NA	NA	NA	NA
NC_045512.2	11832	C	A	41	7	27	12	12	27	0.169014	71	1.85478e-05	TRUE	NA	NA	NA	NA	NA	NA
NC_045512.2	11833	C	T	40	9	23	16	16	25	0.225352	71	5.83438e-07	TRUE	NA	NA	NA	NA	NA	NA
NC_045512.2	11833	C	G	40	9	23	4	4	25	0.056338	71	0.0203437	FALSE	NA	NA	NA	NA	NA	NA
NC_045512.2	11833	C	A	40	9	23	11	11	26	0.15493	71	3.73025e-05	TRUE	NA	NA	NA	NA	NA	NA
NC_045512.2	11834	A	T	50	16	27	17	17	26	0.226667	75	9.51505e-07	TRUE	NA	NA	NA	NA	NA	NA
NC_045512.2	11834	A	G	50	16	27	6	6	27	0.08	75	0.00544461	TRUE	NA	NA	NA	NA	NA	NA
NC_045512.2	11834	A	C	50	16	27	2	2	24	0.0266667	75	0.168381	FALSE	NA	NA	NA	NA	NA	NA
NC_045512.2	11835	C	T	46	12	27	5	5	27	0.0675676	74	0.0104333	FALSE	NA	NA	NA	NA	NA	NA
NC_045512.2	11835	C	G	46	12	27	10	10	26	0.135135	74	0.000144798	TRUE	NA	NA	NA	NA	NA	NA
NC_045512.2	11835	C	A	46	12	27	13	13	26	0.175676	74	1.2564e-05	TRUE	NA	NA	NA	NA	NA	NA
NC_045512.2	11836	T	G	53	19	26	5	5	27	0.0666667	75	0.0148135	FALSE	NA	NA	NA	NA	NA	NA
NC_045512.2	11836	T	C	53	19	26	7	7	25	0.0933333	75	0.00294243	TRUE	NA	NA	NA	NA	NA	NA
NC_045512.2	11836	T	A	53	19	26	10	10	26	0.133333	75	0.000278724	TRUE	NA	NA	NA	NA	NA	NA
NC_045512.2	11837	G	T	43	10	26	15	15	24	0.202703	74	1.55833e-06	TRUE	NA	NA	NA	NA	NA	NA
NC_045512.2	11837	G	C	43	10	26	4	4	25	0.0540541	74	0.0217132	FALSE	NA	NA	NA	NA	NA	NA
NC_045512.2	11837	G	A	43	10	26	12	11	26	0.162162	74	1.84915e-05	TRUE	NA	NA	NA	NA	NA	NA
NC_045512.2	11838	T	G	57	23	26	6	6	26	0.0821918	73	0.00904512	TRUE	NA	NA	NA	NA	NA	NA
NC_045512.2	11838	T	C	57	23	26	2	2	27	0.0273973	73	0.20094	FALSE	NA	NA	NA	NA	NA	NA
NC_045512.2	11838	T	A	57	23	26	8	8	25	0.109589	73	0.00201952	TRUE	NA	NA	NA	NA	NA	NA
NC_045512.2	11839	A	T	50	16	26	10	10	26	0.135135	74	0.000223436	TRUE	NA	NA	NA	NA	NA	NA
NC_045512.2	11839	A	G	50	16	26	5	5	26	0.0675676	74	0.0131489	FALSE	NA	NA	NA	NA	NA	NA
NC_045512.2	11839	A	C	50	16	26	9	9	24	0.121622	74	0.000495284	TRUE	NA	NA	NA	NA	NA	NA
NC_045512.2	11840	C	T	46	13	26	5	5	26	0.0694444	72	0.0113323	FALSE	NA	NA	NA	NA	NA	NA
NC_045512.2	11840	C	G	46	13	26	10	10	25	0.138889	72	0.000170268	TRUE	NA	NA	NA	NA	NA	NA
NC_045512.2	11840	C	A	46	13	26	11	11	25	0.152778	72	7.58224e-05	TRUE	NA	NA	NA	NA	NA	NA
NC_045512.2	11841	A	T	47	14	27	14	14	25	0.194444	72	8.22175e-06	TRUE	NA	NA	NA	NA	NA	NA
NC_045512.2	11841	A	G	47	14	27	6	6	25	0.0833333	72	0.00514111	TRUE	NA	NA	NA	NA	NA	NA
NC_045512.2	11841	A	C	47	14	27	5	5	24	0.0694444	72	0.0120282	FALSE	NA	NA	NA	NA	NA	NA
NC_045512.2	11842	G	T	40	7	26	17	17	26	0.242857	70	3.02327e-07	TRUE	NA	NA	NA	NA	NA	NA
NC_045512.2	11842	G	C	40	7	26	6	6	28	0.0857143	70	0.00332897	TRUE	NA	NA	NA	NA	NA	NA
NC_045512.2	11842	G	A	40	7	26	7	7	26	0.1	70	0.00134881	TRUE	NA	NA	NA	NA	NA	NA
NC_045512.2	11843	T	G	55	22	26	9	9	25	0.123288	73	0.000822846	TRUE	NA	NA	NA	NA	NA	NA
NC_045512.2	11843	T	C	55	22	26	3	3	27	0.0410959	73	0.0862478	FALSE	NA	NA	NA	NA	NA	NA
NC_045512.2	11843	T	A	55	22	26	6	6	26	0.0821918	73	0.00809812	TRUE	NA	NA	NA	NA	NA	NA
NC_045512.2	11844	C	T	45	12	26	11	11	26	0.15493	71	7.32909e-05	TRUE	NA	NA	NA	NA	NA	NA
NC_045512.2	11844	C	G	45	12	26	9	9	26	0.126761	71	0.000374783	TRUE	NA	NA	NA	NA	NA	NA
NC_045512.2	11844	C	A	45	12	26	6	6	27	0.084507	71	0.00468591	TRUE	NA	NA	NA	NA	NA	NA
NC_045512.2	11845	T	G	54	21	26	6	6	26	0.0821918	73	0.00764654	TRUE	NA	NA	NA	NA	NA	NA
NC_045512.2	11845	T	C	54	21	26	3	3	24	0.0410959	73	0.0837186	FALSE	NA	NA	NA	NA	NA	NA
NC_045512.2	11845	T	A	54	21	26	10	10	27	0.136986	73	0.000356351	TRUE	NA	NA	NA	NA	NA	NA
NC_045512.2	11845	T	-A	54	21	26	4	0	20	0.0547945	73	0.0373514	FALSE	NA	NA	NA	NA	NA	NA
NC_045512.2	11846	A	T	42	10	27	15	15	26	0.227273	66	2.43336e-06	TRUE	NA	NA	NA	NA	NA	NA
NC_045512.2	11846	A	G	42	10	27	5	5	25	0.0757576	66	0.00999464	TRUE	NA	NA	NA	NA	NA	NA
NC_045512.2	11846	A	C	42	10	27	4	4	28	0.0606061	66	0.024455	FALSE	NA	NA	NA	NA	NA	NA
NC_045512.2	11847	A	T	45	13	27	10	10	27	0.140845	71	0.000164905	TRUE	NA	NA	NA	NA	NA	NA
NC_045512.2	11847	A	G	45	13	27	2	2	29	0.028169	71	0.159299	FALSE	NA	NA	NA	NA	NA	NA
NC_045512.2	11847	A	C	45	13	27	14	14	26	0.197183	71	6.81713e-06	TRUE	NA	NA	NA	NA	NA	NA
NC_045512.2	11848	A	T	52	20	27	9	9	26	0.126761	71	0.000733552	TRUE	NA	NA	NA	NA	NA	NA
NC_045512.2	11848	A	G	52	20	27	2	2	23	0.028169	71	0.187648	FALSE	NA	NA	NA	NA	NA	NA
NC_045512.2	11848	A	C	52	20	27	8	8	28	0.112676	71	0.00157533	TRUE	NA	NA	NA	NA	NA	NA
NC_045512.2	11849	A	T	33	18	24	7	7	27	0.125	56	0.00168719	TRUE	NA	NA	NA	NA	NA	NA
NC_045512.2	11849	A	G	33	18	24	6	6	26	0.107143	56	0.00400707	TRUE	NA	NA	NA	NA	NA	NA
NC_045512.2	11849	A	C	33	18	24	10	10	26	0.178571	56	0.000136898	TRUE	NA	NA	NA	NA	NA	NA
NC_045512.2	11850	T	G	50	18	25	3	3	26	0.0410959	73	0.0737246	FALSE	NA	NA	NA	NA	NA	NA
NC_045512.2	11850	T	C	50	18	25	8	8	26	0.109589	73	0.00118016	TRUE	NA	NA	NA	NA	NA	NA
NC_045512.2	11850	T	A	50	18	25	12	12	26	0.164384	73	5.12703e-05	TRUE	NA	NA	NA	NA	NA	NA
NC_045512.2	11851	G	T	41	9	24	8	8	27	0.112676	71	0.000575048	TRUE	NA	NA	NA	NA	NA	NA
NC_045512.2	11851	G	C	41	9	24	10	10	26	0.140845	71	0.00010099	TRUE	NA	NA	NA	NA	NA	NA
NC_045512.2	11851	G	A	41	9	24	12	12	26	0.169014	71	1.85478e-05	TRUE	NA	NA	NA	NA	NA	NA
NC_045512.2	11852	T	G	45	13	25	9	9	26	0.125	72	0.000347799	TRUE	NA	NA	NA	NA	NA	NA
NC_045512.2	11852	T	C	45	13	25	9	9	27	0.125	72	0.000347799	TRUE	NA	NA	NA	NA	NA	NA
NC_045512.2	11852	T	A	45	13	25	9	9	27	0.125	72	0.000347799	TRUE	NA	NA	NA	NA	NA	NA
NC_045512.2	11852	T	-C	45	13	25	3	0	20	0.0416667	72	0.0631658	FALSE	NA	NA	NA	NA	NA	NA
NC_045512.2	11853	C	T	46	15	26	4	4	26	0.057971	69	0.0290023	FALSE	NA	NA	NA	NA	NA	NA
NC_045512.2	11853	C	G	46	15	26	4	4	27	0.057971	69	0.0290023	FALSE	NA	NA	NA	NA	NA	NA
NC_045512.2	11853	C	A	46	15	26	15	15	26	0.217391	69	4.17236e-06	TRUE	NA	NA	NA	NA	NA	NA
NC_045512.2	11854	A	T	49	18	26	6	6	25	0.0857143	70	0.00649196	TRUE	NA	NA	NA	NA	NA	NA
NC_045512.2	11854	A	G	49	18	26	7	7	25	0.1	70	0.0029084	TRUE	NA	NA	NA	NA	NA	NA
NC_045512.2	11854	A	C	49	18	26	8	8	26	0.114286	70	0.0013157	TRUE	NA	NA	NA	NA	NA	NA
NC_045512.2	11854	A	-G	49	18	26	1	0	20	0.0142857	70	0.420168	FALSE	NA	NA	NA	NA	NA	NA
NC_045512.2	11855	G	T	44	13	26	8	8	24	0.117647	68	0.000959571	TRUE	NA	NA	NA	NA	NA	NA
NC_045512.2	11855	G	C	44	13	26	4	4	27	0.0588235	68	0.0281456	FALSE	NA	NA	NA	NA	NA	NA
NC_045512.2	11855	G	A	44	13	26	12	12	27	0.176471	68	3.88209e-05	TRUE	NA	NA	NA	NA	NA	NA
NC_045512.2	11856	A	T	44	14	26	13	13	26	0.191176	68	1.78451e-05	TRUE	NA	NA	NA	NA	NA	NA
NC_045512.2	11856	A	G	44	14	26	7	7	24	0.102941	68	0.00219594	TRUE	NA	NA	NA	NA	NA	NA
NC_045512.2	11856	A	C	44	14	26	4	4	25	0.0588235	68	0.0281456	FALSE	NA	NA	NA	NA	NA	NA
NC_045512.2	11857	T	G	46	16	26	10	10	26	0.140845	71	0.000184821	TRUE	NA	NA	NA	NA	NA	NA
NC_045512.2	11857	T	C	46	16	26	5	5	27	0.0704225	71	0.0118166	FALSE	NA	NA	NA	NA	NA	NA
NC_045512.2	11857	T	A	46	16	26	10	10	26	0.140845	71	0.000184821	TRUE	NA	NA	NA	NA	NA	NA
NC_045512.2	11858	G	T	45	15	26	7	7	25	0.104478	67	0.00253753	TRUE	NA	NA	NA	NA	NA	NA
NC_045512.2	11858	G	C	45	15	26	5	5	27	0.0746269	67	0.0132101	FALSE	NA	NA	NA	NA	NA	NA
NC_045512.2	11858	G	A	45	15	26	10	10	27	0.149254	67	0.000231169	TRUE	NA	NA	NA	NA	NA	NA
NC_045512.2	11858	G	-T	45	15	26	1	0	20	0.0149254	67	0.410714	FALSE	NA	NA	NA	NA	NA	NA
NC_045512.2	11859	T	G	46	16	26	7	7	27	0.102941	68	0.00259118	TRUE	NA	NA	NA	NA	NA	NA
NC_045512.2	11859	T	C	46	16	26	5	5	27	0.0735294	68	0.013426	FALSE	NA	NA	NA	NA	NA	NA
NC_045512.2	11859	T	A	46	16	26	10	10	26	0.147059	68	0.000237351	TRUE	NA	NA	NA	NA	NA	NA
NC_045512.2	11860	A	T	45	15	26	10	10	25	0.149254	67	0.000231169	TRUE	NA	NA	NA	NA	NA	NA
NC_045512.2	11860	A	G	45	15	26	5	5	26	0.0746269	67	0.0132101	FALSE	NA	NA	NA	NA	NA	NA
NC_045512.2	11860	A	C	45	15	26	7	7	27	0.104478	67	0.00253753	TRUE	NA	NA	NA	NA	NA	NA
NC_045512.2	11860	A	-A	45	15	26	1	0	20	0.0149254	67	0.410714	FALSE	NA	NA	NA	NA	NA	NA
NC_045512.2	11861	A	T	50	20	27	14	14	26	0.205882	68	1.95507e-05	TRUE	NA	NA	NA	NA	NA	NA
NC_045512.2	11861	A	G	50	20	27	1	1	27	0.0147059	68	0.432203	FALSE	NA	NA	NA	NA	NA	NA
NC_045512.2	11861	A	C	50	20	27	3	3	23	0.0441176	68	0.083414	FALSE	NA	NA	NA	NA	NA	NA
NC_045512.2	11862	A	T	39	18	23	7	7	27	0.114754	61	0.00219633	TRUE	NA	NA	NA	NA	NA	NA
NC_045512.2	11862	A	G	39	18	23	9	9	25	0.147541	61	0.000428774	TRUE	NA	NA	NA	NA	NA	NA
NC_045512.2	11862	A	C	39	18	23	6	6	27	0.0983607	61	0.00506111	TRUE	NA	NA	NA	NA	NA	NA
NC_045512.2	11863	G	T	41	11	26	11	11	26	0.157143	70	4.73105e-05	TRUE	NA	NA	NA	NA	NA	NA
NC_045512.2	11863	G	C	41	11	26	4	4	25	0.0571429	70	0.0223285	FALSE	NA	NA	NA	NA	NA	NA
NC_045512.2	11863	G	A	41	11	26	14	14	26	0.2	70	4.00224e-06	TRUE	NA	NA	NA	NA	NA	NA
NC_045512.2	11863	G	-T	41	11	26	1	0	20	0.0142857	70	0.378378	FALSE	NA	NA	NA	NA	NA	NA
NC_045512.2	11864	T	G	48	18	26	8	8	26	0.114286	70	0.00113104	TRUE	NA	NA	NA	NA	NA	NA
NC_045512.2	11864	T	A	48	18	26	14	14	26	0.2	70	1.06198e-05	TRUE	NA	NA	NA	NA	NA	NA
NC_045512.2	11865	G	T	44	14	27	11	11	27	0.15493	71	6.45279e-05	TRUE	NA	NA	NA	NA	NA	NA
NC_045512.2	11865	G	C	44	14	27	4	4	26	0.056338	71	0.0253563	FALSE	NA	NA	NA	NA	NA	NA
NC_045512.2	11865	G	A	44	14	27	12	12	27	0.169014	71	2.86791e-05	TRUE	NA	NA	NA	NA	NA	NA
NC_045512.2	11866	C	T	38	8	27	12	12	27	0.169014	71	1.15149e-05	TRUE	NA	NA	NA	NA	NA	NA
NC_045512.2	11866	C	G	38	8	27	11	11	26	0.15493	71	2.76357e-05	TRUE	NA	NA	NA	NA	NA	NA
NC_045512.2	11866	C	A	38	8	27	10	10	25	0.140845	71	6.71152e-05	TRUE	NA	NA	NA	NA	NA	NA
NC_045512.2	11867	A	T	54	24	26	9	9	26	0.126761	71	0.000869751	TRUE	NA	NA	NA	NA	NA	NA
NC_045512.2	11867	A	G	54	24	26	4	4	27	0.056338	71	0.0397703	FALSE	NA	NA	NA	NA	NA	NA
NC_045512.2	11867	A	C	54	24	26	4	4	25	0.056338	71	0.0397703	FALSE	NA	NA	NA	NA	NA	NA
NC_045512.2	11868	C	T	39	9	26	10	10	26	0.140845	71	7.72382e-05	TRUE	NA	NA	NA	NA	NA	NA
NC_045512.2	11868	C	G	39	9	26	3	3	26	0.0422535	71	0.0503686	FALSE	NA	NA	NA	NA	NA	NA
NC_045512.2	11868	C	A	39	9	26	19	19	27	0.267606	71	4.31471e-08	TRUE	NA	NA	NA	NA	NA	NA
NC_045512.2	11868	C	-A	39	9	26	1	0	20	0.0140845	71	0.363636	FALSE	NA	NA	NA	NA	NA	NA
NC_045512.2	11869	A	T	45	15	26	17	17	26	0.242857	70	7.89882e-07	TRUE	NA	NA	NA	NA	NA	NA
NC_045512.2	11869	A	G	45	15	26	5	5	27	0.0714286	70	0.0116009	FALSE	NA	NA	NA	NA	NA	NA
NC_045512.2	11869	A	C	45	15	26	3	3	26	0.0428571	70	0.0664898	FALSE	NA	NA	NA	NA	NA	NA
NC_045512.2	11870	T	G	48	18	26	11	11	27	0.157143	70	0.000115011	TRUE	NA	NA	NA	NA	NA	NA
NC_045512.2	11870	T	C	48	18	26	4	4	26	0.0571429	70	0.0318672	FALSE	NA	NA	NA	NA	NA	NA
NC_045512.2	11870	T	A	48	18	26	7	7	26	0.1	70	0.00269581	TRUE	NA	NA	NA	NA	NA	NA
NC_045512.2	11871	C	T	46	16	27	8	8	26	0.114286	70	0.00101029	TRUE	NA	NA	NA	NA	NA	NA
NC_045512.2	11871	C	G	46	16	27	7	7	27	0.1	70	0.0023012	TRUE	NA	NA	NA	NA	NA	NA
NC_045512.2	11871	C	A	46	16	27	9	9	26	0.128571	70	0.00044811	TRUE	NA	NA	NA	NA	NA	NA
NC_045512.2	11872	A	T	56	26	26	6	6	25	0.0789474	76	0.00748004	TRUE	NA	NA	NA	NA	NA	NA
NC_045512.2	11872	A	G	56	26	26	8	8	26	0.105263	76	0.00157228	TRUE	NA	NA	NA	NA	NA	NA
NC_045512.2	11872	A	C	56	26	26	6	6	27	0.0789474	76	0.00748004	TRUE	NA	NA	NA	NA	NA	NA
NC_045512.2	11873	G	T	43	13	26	8	8	26	0.112676	71	0.000707711	TRUE	NA	NA	NA	NA	NA	NA
NC_045512.2	11873	G	C	43	13	26	9	9	27	0.126761	71	0.000301648	TRUE	NA	NA	NA	NA	NA	NA
NC_045512.2	11873	G	A	43	13	26	11	11	27	0.15493	71	5.66034e-05	TRUE	NA	NA	NA	NA	NA	NA
NC_045512.2	11874	T	G	47	17	26	4	4	28	0.0533333	75	0.0257858	FALSE	NA	NA	NA	NA	NA	NA
NC_045512.2	11874	T	C	47	17	26	6	6	27	0.08	75	0.00444105	TRUE	NA	NA	NA	NA	NA	NA
NC_045512.2	11874	T	A	47	17	26	18	18	26	0.24	75	2.68448e-07	TRUE	NA	NA	NA	NA	NA	NA
NC_045512.2	11875	A	T	44	14	26	14	14	25	0.184211	76	3.31432e-06	TRUE	NA	NA	NA	NA	NA	NA
NC_045512.2	11875	A	G	44	14	26	6	6	23	0.0789474	76	0.00338776	TRUE	NA	NA	NA	NA	NA	NA
NC_045512.2	11875	A	C	44	14	26	12	12	26	0.157895	76	1.76002e-05	TRUE	NA	NA	NA	NA	NA	NA
NC_045512.2	11876	G	T	49	19	26	3	3	27	0.0405405	74	0.0695515	FALSE	NA	NA	NA	NA	NA	NA
NC_045512.2	11876	G	C	49	19	26	9	9	27	0.121622	74	0.000450445	TRUE	NA	NA	NA	NA	NA	NA
NC_045512.2	11876	G	A	49	19	26	13	13	27	0.175676	74	1.8989e-05	TRUE	NA	NA	NA	NA	NA	NA
NC_045512.2	11877	T	G	45	15	26	8	8	28	0.108108	74	0.000705719	TRUE	NA	NA	NA	NA	NA	NA
NC_045512.2	11877	T	C	45	15	26	9	9	24	0.121622	74	0.000300069	TRUE	NA	NA	NA	NA	NA	NA
NC_045512.2	11877	T	A	45	15	26	12	12	27	0.162162	74	2.45417e-05	TRUE	NA	NA	NA	NA	NA	NA
NC_045512.2	11878	C	T	49	19	26	4	4	27	0.0526316	76	0.0274489	FALSE	NA	NA	NA	NA	NA	NA
NC_045512.2	11878	C	G	49	19	26	8	8	24	0.105263	76	0.000897359	TRUE	NA	NA	NA	NA	NA	NA
NC_045512.2	11878	C	A	49	19	26	15	15	26	0.197368	76	3.26735e-06	TRUE	NA	NA	NA	NA	NA	NA
NC_045512.2	11879	T	G	42	13	25	7	7	27	0.0945946	74	0.00128241	TRUE	NA	NA	NA	NA	NA	NA
NC_045512.2	11879	T	C	42	13	25	10	10	27	0.135135	74	8.91937e-05	TRUE	NA	NA	NA	NA	NA	NA
NC_045512.2	11879	T	A	42	13	25	15	14	26	0.202703	74	1.3047e-06	TRUE	NA	NA	NA	NA	NA	NA
NC_045512.2	11880	T	G	43	17	24	12	12	26	0.171429	70	2.75503e-05	TRUE	NA	NA	NA	NA	NA	NA
NC_045512.2	11880	T	C	43	17	24	4	4	26	0.0571429	70	0.0249105	FALSE	NA	NA	NA	NA	NA	NA
NC_045512.2	11880	T	A	43	17	24	11	11	26	0.157143	70	6.21135e-05	TRUE	NA	NA	NA	NA	NA	NA
NC_045512.2	11880	T	-A	43	17	24	1	0	20	0.0142857	70	0.389381	FALSE	NA	NA	NA	NA	NA	NA
NC_045512.2	11881	A	T	48	19	26	6	6	27	0.08	75	0.0045405	TRUE	NA	NA	NA	NA	NA	NA
NC_045512.2	11881	A	G	48	19	26	11	10	25	0.146667	75	6.8087e-05	TRUE	NA	NA	NA	NA	NA	NA
NC_045512.2	11881	A	C	48	19	26	10	10	26	0.133333	75	0.000154638	TRUE	NA	NA	NA	NA	NA	NA
NC_045512.2	11882	C	T	42	12	26	9	9	26	0.123288	73	0.000231188	TRUE	NA	NA	NA	NA	NA	NA
NC_045512.2	11882	C	G	42	12	26	5	5	27	0.0684932	73	0.00839883	TRUE	NA	NA	NA	NA	NA	NA
NC_045512.2	11882	C	A	42	12	26	17	17	26	0.232877	73	2.96362e-07	TRUE	NA	NA	NA	NA	NA	NA
NC_045512.2	11883	T	G	46	16	27	7	7	28	0.0909091	77	0.00154221	TRUE	NA	NA	NA	NA	NA	NA
NC_045512.2	11883	T	C	46	16	27	9	9	25	0.116883	77	0.000268959	TRUE	NA	NA	NA	NA	NA	NA
NC_045512.2	11883	T	A	46	16	27	15	15	26	0.194805	77	1.81713e-06	TRUE	NA	NA	NA	NA	NA	NA
NC_045512.2	11884	C	T	49	19	26	10	10	26	0.12987	77	0.000159539	TRUE	NA	NA	NA	NA	NA	NA
NC_045512.2	11884	C	G	49	19	26	3	3	25	0.038961	77	0.064738	FALSE	NA	NA	NA	NA	NA	NA
NC_045512.2	11884	C	A	49	19	26	15	15	26	0.194805	77	2.91728e-06	TRUE	NA	NA	NA	NA	NA	NA
NC_045512.2	11885	T	G	43	13	27	2	2	28	0.0263158	76	0.138655	FALSE	NA	NA	NA	NA	NA	NA
NC_045512.2	11885	T	C	43	13	27	20	20	27	0.263158	76	2.22223e-08	TRUE	NA	NA	NA	NA	NA	NA
NC_045512.2	11885	T	A	43	13	27	11	11	25	0.144737	76	3.59822e-05	TRUE	NA	NA	NA	NA	NA	NA
NC_045512.2	11886	C	T	47	18	26	14	14	25	0.177215	79	3.84265e-06	TRUE	NA	NA	NA	NA	NA	NA
NC_045512.2	11886	C	G	47	18	26	5	5	27	0.0632911	79	0.00907953	TRUE	NA	NA	NA	NA	NA	NA
NC_045512.2	11886	C	A	47	18	26	13	13	26	0.164557	79	8.75621e-06	TRUE	NA	NA	NA	NA	NA	NA
NC_045512.2	11887	A	T	46	17	26	16	16	26	0.205128	78	7.22419e-07	TRUE	NA	NA	NA	NA	NA	NA
NC_045512.2	11887	A	G	46	17	26	5	5	25	0.0641026	78	0.00887891	TRUE	NA	NA	NA	NA	NA	NA
NC_045512.2	11887	A	C	46	17	26	11	11	25	0.141026	78	4.48873e-05	TRUE	NA	NA	NA	NA	NA	NA
NC_045512.2	11887	A	-G	46	17	26	1	0	20	0.0128205	78	0.379032	FALSE	NA	NA	NA	NA	NA	NA
NC_045512.2	11888	G	T	41	12	25	6	6	27	0.0821918	73	0.0030943	TRUE	NA	NA	NA	NA	NA	NA
NC_045512.2	11888	G	C	41	12	25	13	13	25	0.178082	73	6.49052e-06	TRUE	NA	NA	NA	NA	NA	NA
NC_045512.2	11888	G	A	41	12	25	13	13	25	0.178082	73	6.49052e-06	TRUE	NA	NA	NA	NA	NA	NA
NC_045512.2	11889	T	G	36	11	25	4	4	26	0.056338	71	0.0158301	FALSE	NA	NA	NA	NA	NA	NA
NC_045512.2	11889	T	C	36	11	25	19	19	26	0.267606	71	2.07807e-08	TRUE	NA	NA	NA	NA	NA	NA
NC_045512.2	11889	T	A	36	11	25	12	12	26	0.169014	71	8.1658e-06	TRUE	NA	NA	NA	NA	NA	NA
NC_045512.2	11890	T	G	38	13	26	6	6	26	0.0789474	76	0.00203425	TRUE	NA	NA	NA	NA	NA	NA
NC_045512.2	11890	T	C	38	13	26	19	19	24	0.25	76	1.54604e-08	TRUE	NA	NA	NA	NA	NA	NA
NC_045512.2	11890	T	A	38	13	26	13	13	26	0.171053	76	2.78943e-06	TRUE	NA	NA	NA	NA	NA	NA
NC_045512.2	11891	T	G	36	11	26	4	4	27	0.0555556	72	0.0152596	FALSE	NA	NA	NA	NA	NA	NA
NC_045512.2	11891	T	C	36	11	26	15	15	25	0.208333	72	5.179e-07	TRUE	NA	NA	NA	NA	NA	NA
NC_045512.2	11891	T	A	36	11	26	17	17	25	0.236111	72	9.35832e-08	TRUE	NA	NA	NA	NA	NA	NA
NC_045512.2	11892	T	G	25	20	24	4	4	25	0.0714286	56	0.0123094	FALSE	NA	NA	NA	NA	NA	NA
NC_045512.2	11892	T	C	25	20	24	13	13	25	0.232143	56	2.08619e-06	TRUE	NA	NA	NA	NA	NA	NA
NC_045512.2	11892	T	A	25	20	24	14	14	25	0.25	56	8.65548e-07	TRUE	NA	NA	NA	NA	NA	NA
NC_045512.2	11893	G	T	38	13	25	12	12	26	0.157895	76	6.89153e-06	TRUE	NA	NA	NA	NA	NA	NA
NC_045512.2	11893	G	C	38	13	25	15	15	26	0.197368	76	4.72912e-07	TRUE	NA	NA	NA	NA	NA	NA
NC_045512.2	11893	G	A	38	13	25	11	11	24	0.144737	76	1.72288e-05	TRUE	NA	NA	NA	NA	NA	NA
NC_045512.2	11894	C	T	40	15	26	8	8	23	0.108108	74	0.000419393	TRUE	NA	NA	NA	NA	NA	NA
NC_045512.2	11894	C	G	40	15	26	6	6	24	0.0810811	74	0.00269929	TRUE	NA	NA	NA	NA	NA	NA
NC_045512.2	11894	C	A	40	15	26	20	20	25	0.27027	74	1.52995e-08	TRUE	NA	NA	NA	NA	NA	NA
NC_045512.2	11895	A	T	51	26	26	11	11	25	0.144737	76	9.60085e-05	TRUE	NA	NA	NA	NA	NA	NA
NC_045512.2	11895	A	G	51	26	26	6	6	25	0.0789474	76	0.00554251	TRUE	NA	NA	NA	NA	NA	NA
NC_045512.2	11895	A	C	51	26	26	8	8	26	0.105263	76	0.00106422	TRUE	NA	NA	NA	NA	NA	NA
NC_045512.2	11896	A	T	45	25	24	10	10	26	0.144928	69	0.000194967	TRUE	NA	NA	NA	NA	NA	NA
NC_045512.2	11896	A	G	45	25	24	6	6	25	0.0869565	69	0.00518988	TRUE	NA	NA	NA	NA	NA	NA
NC_045512.2	11896	A	C	45	25	24	8	8	24	0.115942	69	0.000985077	TRUE	NA	NA	NA	NA	NA	NA
NC_045512.2	11897	C	T	39	15	26	13	13	24	0.178082	73	4.62848e-06	TRUE	NA	NA	NA	NA	NA	NA
NC_045512.2	11897	C	G	39	15	26	8	8	27	0.109589	73	0.000400969	TRUE	NA	NA	NA	NA	NA	NA
NC_045512.2	11897	C	A	39	15	26	13	13	26	0.178082	73	4.62848e-06	TRUE	NA	NA	NA	NA	NA	NA
NC_045512.2	11898	A	T	44	20	26	16	16	26	0.213333	75	7.35777e-07	TRUE	NA	NA	NA	NA	NA	NA
NC_045512.2	11898	A	G	44	20	26	9	9	27	0.12	75	0.000250058	TRUE	NA	NA	NA	NA	NA	NA
NC_045512.2	11898	A	C	44	20	26	6	6	27	0.08	75	0.00355857	TRUE	NA	NA	NA	NA	NA	NA
NC_045512.2	11899	A	T	42	20	24	11	11	26	0.148649	74	3.7518e-05	TRUE	NA	NA	NA	NA	NA	NA
NC_045512.2	11899	A	G	42	20	24	9	9	26	0.121622	74	0.000214408	TRUE	NA	NA	NA	NA	NA	NA
NC_045512.2	11899	A	C	42	20	24	12	12	27	0.162162	74	1.59525e-05	TRUE	NA	NA	NA	NA	NA	NA
NC_045512.2	11900	C	T	37	13	26	15	15	25	0.2	75	4.35518e-07	TRUE	NA	NA	NA	NA	NA	NA
NC_045512.2	11900	C	G	37	13	26	6	6	26	0.08	75	0.00194925	TRUE	NA	NA	NA	NA	NA	NA
NC_045512.2	11900	C	A	37	13	26	17	17	26	0.226667	75	7.66764e-08	TRUE	NA	NA	NA	NA	NA	NA
NC_045512.2	11901	T	G	45	21	26	4	4	26	0.0540541	74	0.0241223	FALSE	NA	NA	NA	NA	NA	NA
NC_045512.2	11901	T	C	45	21	26	14	14	26	0.189189	74	4.85667e-06	TRUE	NA	NA	NA	NA	NA	NA
NC_045512.2	11901	T	A	45	21	26	11	11	26	0.148649	74	5.59722e-05	TRUE	NA	NA	NA	NA	NA	NA
NC_045512.2	11901	T	-C	45	21	26	1	0	20	0.0135135	74	0.386555	FALSE	NA	NA	NA	NA	NA	NA
NC_045512.2	11902	C	T	36	13	26	6	6	26	0.084507	71	0.00219268	TRUE	NA	NA	NA	NA	NA	NA
NC_045512.2	11902	C	G	36	13	26	9	9	26	0.126761	71	0.000126017	TRUE	NA	NA	NA	NA	NA	NA
NC_045512.2	11902	C	A	36	13	26	20	20	25	0.28169	71	9.23588e-09	TRUE	NA	NA	NA	NA	NA	NA
NC_045512.2	11903	A	T	45	22	26	5	5	25	0.0675676	74	0.00980583	TRUE	NA	NA	NA	NA	NA	NA
NC_045512.2	11903	A	G	45	22	26	14	14	26	0.189189	74	4.85667e-06	TRUE	NA	NA	NA	NA	NA	NA
NC_045512.2	11903	A	C	45	22	26	10	10	26	0.135135	74	0.000128936	TRUE	NA	NA	NA	NA	NA	NA
NC_045512.2	11904	G	T	35	14	26	13	13	25	0.178082	73	2.20271e-06	TRUE	NA	NA	NA	NA	NA	NA
NC_045512.2	11904	G	C	35	14	26	12	12	26	0.164384	73	5.50677e-06	TRUE	NA	NA	NA	NA	NA	NA
NC_045512.2	11904	G	A	35	14	26	13	13	25	0.178082	73	2.20271e-06	TRUE	NA	NA	NA	NA	NA	NA
NC_045512.2	11905	A	T	45	23	26	20	20	25	0.27027	74	4.66892e-08	TRUE	NA	NA	NA	NA	NA	NA
NC_045512.2	11905	A	G	45	23	26	5	5	24	0.0675676	74	0.00980583	TRUE	NA	NA	NA	NA	NA	NA
NC_045512.2	11905	A	C	45	23	26	4	4	26	0.0540541	74	0.0241223	FALSE	NA	NA	NA	NA	NA	NA
NC_045512.2	11905	A	-G	45	23	26	3	0	20	0.0405405	74	0.0600597	FALSE	NA	NA	NA	NA	NA	NA
NC_045512.2	11906	G	T	42	21	25	10	10	25	0.144928	69	0.000105454	TRUE	NA	NA	NA	NA	NA	NA
NC_045512.2	11906	G	C	42	21	25	6	6	24	0.0869565	69	0.00353635	TRUE	NA	NA	NA	NA	NA	NA
NC_045512.2	11906	G	A	42	21	25	11	11	25	0.15942	69	4.50731e-05	TRUE	NA	NA	NA	NA	NA	NA
NC_045512.2	11907	T	G	38	17	25	7	7	25	0.0985915	71	0.00103574	TRUE	NA	NA	NA	NA	NA	NA
NC_045512.2	11907	T	C	38	17	25	10	10	24	0.140845	71	6.71152e-05	TRUE	NA	NA	NA	NA	NA	NA
NC_045512.2	11907	T	A	38	17	25	16	16	26	0.225352	71	3.88177e-07	TRUE	NA	NA	NA	NA	NA	NA
NC_045512.2	11908	A	T	37	15	26	19	19	26	0.263889	72	2.27133e-08	TRUE	NA	NA	NA	NA	NA	NA
NC_045512.2	11908	A	G	37	15	26	7	7	25	0.0972222	72	0.000874624	TRUE	NA	NA	NA	NA	NA	NA
NC_045512.2	11908	A	C	37	15	26	9	9	25	0.125	72	0.000133397	TRUE	NA	NA	NA	NA	NA	NA
NC_045512.2	11909	G	T	34	12	26	11	11	26	0.186441	59	5.0892e-05	TRUE	NA	NA	NA	NA	NA	NA
NC_045512.2	11909	G	C	34	12	26	8	8	26	0.135593	59	0.000634271	TRUE	NA	NA	NA	NA	NA	NA
NC_045512.2	11909	G	A	34	12	26	6	6	25	0.101695	59	0.00364651	TRUE	NA	NA	NA	NA	NA	NA
NC_045512.2	11910	A	T	32	13	26	5	5	25	0.108696	46	0.0159755	FALSE	NA	NA	NA	NA	NA	NA
NC_045512.2	11910	A	G	32	13	26	6	6	27	0.130435	46	0.00731409	TRUE	NA	NA	NA	NA	NA	NA
NC_045512.2	11910	A	C	32	13	26	3	3	24	0.0652174	46	0.0796616	FALSE	NA	NA	NA	NA	NA	NA
NC_045512.2	11911	A	T	22	6	24	9	9	26	0.230769	39	0.000355732	TRUE	NA	NA	NA	NA	NA	NA
NC_045512.2	11911	A	G	22	6	24	7	7	27	0.179487	39	0.00179473	TRUE	NA	NA	NA	NA	NA	NA
NC_045512.2	11911	A	C	22	6	24	1	1	30	0.025641	39	0.377049	FALSE	NA	NA	NA	NA	NA	NA
NC_045512.2	11912	T	G	28	10	26	5	5	23	0.113636	44	0.0128464	FALSE	NA	NA	NA	NA	NA	NA
NC_045512.2	11912	T	C	28	10	26	5	4	26	0.113636	44	0.0128464	FALSE	NA	NA	NA	NA	NA	NA
NC_045512.2	11912	T	A	28	10	26	6	6	25	0.136364	44	0.00567246	TRUE	NA	NA	NA	NA	NA	NA
NC_045512.2	11912	T	-C	28	10	26	1	0	20	0.0227273	44	0.402778	FALSE	NA	NA	NA	NA	NA	NA
NC_045512.2	11913	C	T	23	4	26	4	4	25	0.0930233	43	0.0191407	FALSE	NA	NA	NA	NA	NA	NA
NC_045512.2	11913	C	G	23	4	26	9	9	26	0.209302	43	0.000223326	TRUE	NA	NA	NA	NA	NA	NA
NC_045512.2	11913	C	A	23	4	26	7	7	24	0.162791	43	0.00124946	TRUE	NA	NA	NA	NA	NA	NA
NC_045512.2	11914	A	T	26	7	26	8	8	25	0.186047	43	0.000962893	TRUE	NA	NA	NA	NA	NA	NA
NC_045512.2	11914	A	G	26	7	26	2	2	24	0.0465116	43	0.156522	FALSE	NA	NA	NA	NA	NA	NA
NC_045512.2	11914	A	C	26	7	26	7	7	26	0.162791	43	0.00215235	TRUE	NA	NA	NA	NA	NA	NA
NC_045512.2	11915	T	G	28	9	26	2	2	27	0.0465116	43	0.170188	FALSE	NA	NA	NA	NA	NA	NA
NC_045512.2	11915	T	C	28	9	26	3	3	27	0.0697674	43	0.0722715	FALSE	NA	NA	NA	NA	NA	NA
NC_045512.2	11915	T	A	28	9	26	10	10	24	0.232558	43	0.000287116	TRUE	NA	NA	NA	NA	NA	NA
NC_045512.2	11916	C	T	14	4	27	5	5	25	0.142857	35	0.00405201	TRUE	NA	NA	NA	NA	NA	NA
NC_045512.2	11916	C	G	14	4	27	7	7	24	0.2	35	0.000573012	TRUE	NA	NA	NA	NA	NA	NA
NC_045512.2	11916	C	A	14	4	27	9	9	27	0.257143	35	9.08346e-05	TRUE	NA	NA	NA	NA	NA	NA
NC_045512.2	11917	A	T	19	13	26	4	4	25	0.125	32	0.0279999	FALSE	NA	NA	NA	NA	NA	NA
NC_045512.2	11917	A	G	19	13	26	6	6	26	0.1875	32	0.00545453	TRUE	NA	NA	NA	NA	NA	NA
NC_045512.2	11917	A	C	19	13	26	3	3	25	0.09375	32	0.0657389	FALSE	NA	NA	NA	NA	NA	NA
NC_045512.2	11918	T	G	11	6	25	7	7	25	0.225806	31	0.000432221	TRUE	NA	NA	NA	NA	NA	NA
NC_045512.2	11918	T	C	11	6	25	8	8	24	0.258065	31	0.000167596	TRUE	NA	NA	NA	NA	NA	NA
NC_045512.2	11918	T	A	11	6	25	5	5	26	0.16129	31	0.00318657	TRUE	NA	NA	NA	NA	NA	NA
NC_045512.2	11918	T	-C	11	6	25	1	0	20	0.0322581	31	0.285714	FALSE	NA	NA	NA	NA	NA	NA
NC_045512.2	11919	C	T	14	9	26	8	8	26	0.275862	29	0.000502181	TRUE	NA	NA	NA	NA	NA	NA
NC_045512.2	11919	C	G	14	9	26	5	5	26	0.172414	29	0.00679085	TRUE	NA	NA	NA	NA	NA	NA
NC_045512.2	11919	C	A	14	9	26	2	2	24	0.0689655	29	0.121212	FALSE	NA	NA	NA	NA	NA	NA
NC_045512.2	11920	T	G	14	13	25	5	5	26	0.185185	27	0.00951743	TRUE	NA	NA	NA	NA	NA	NA
NC_045512.2	11920	T	C	14	13	25	4	4	26	0.148148	27	0.0225413	FALSE	NA	NA	NA	NA	NA	NA
NC_045512.2	11920	T	A	14	13	25	4	4	26	0.148148	27	0.0225413	FALSE	NA	NA	NA	NA	NA	NA
NC_045512.2	11920	T	-A	14	13	25	1	0	20	0.037037	27	0.365854	FALSE	NA	NA	NA	NA	NA	NA
NC_045512.2	11921	A	T	8	6	25	9	9	26	0.346154	26	4.31088e-05	TRUE	NA	NA	NA	NA	NA	NA
NC_045512.2	11921	A	G	8	6	25	5	5	25	0.192308	26	0.00223532	TRUE	NA	NA	NA	NA	NA	NA
NC_045512.2	11921	A	C	8	6	25	4	4	26	0.153846	26	0.00670595	TRUE	NA	NA	NA	NA	NA	NA
NC_045512.2	11922	A	T	5	3	28	5	5	26	0.238095	21	0.00176835	TRUE	NA	NA	NA	NA	NA	NA
NC_045512.2	11922	A	G	5	3	28	10	10	27	0.47619	21	1.6358e-05	TRUE	NA	NA	NA	NA	NA	NA
NC_045512.2	11922	A	C	5	3	28	1	1	22	0.047619	21	0.230769	FALSE	NA	NA	NA	NA	NA	NA
NC_045512.2	11923	A	T	8	7	25	8	8	27	0.380952	21	0.000425309	TRUE	NA	NA	NA	NA	NA	NA
NC_045512.2	11923	A	G	8	7	25	2	2	24	0.0952381	21	0.103448	FALSE	NA	NA	NA	NA	NA	NA
NC_045512.2	11923	A	C	8	7	25	3	3	28	0.142857	21	0.0367075	FALSE	NA	NA	NA	NA	NA	NA
NC_045512.2	11923	A	-T	8	7	25	1	0	20	0.047619	21	0.310345	FALSE	NA	NA	NA	NA	NA	NA
NC_045512.2	11924	T	G	5	4	24	6	6	24	0.285714	21	0.000509826	TRUE	NA	NA	NA	NA	NA	NA
NC_045512.2	11924	T	A	5	4	24	10	10	27	0.47619	21	1.18141e-05	TRUE	NA	NA	NA	NA	NA	NA
NC_045512.2	11925	T	G	16	15	26	3	3	27	0.136364	22	0.0980769	FALSE	NA	NA	NA	NA	NA	NA
NC_045512.2	11925	T	C	16	15	26	1	1	20	0.0454545	22	0.447368	FALSE	NA	NA	NA	NA	NA	NA
NC_045512.2	11925	T	A	16	15	26	2	2	25	0.0909091	22	0.206478	FALSE	NA	NA	NA	NA	NA	NA
NC_045512.2	11926	G	T	4	3	26	5	5	25	0.238095	21	0.00106101	TRUE	NA	NA	NA	NA	NA	NA
NC_045512.2	11926	G	C	4	3	26	10	10	26	0.47619	21	7.63375e-06	TRUE	NA	NA	NA	NA	NA	NA
NC_045512.2	11926	G	A	4	3	26	2	2	28	0.0952381	21	0.0461538	FALSE	NA	NA	NA	NA	NA	NA
NC_045512.2	11927	T	G	7	6	28	5	5	25	0.25	20	0.00466126	TRUE	NA	NA	NA	NA	NA	NA
NC_045512.2	11927	T	A	7	6	28	8	8	22	0.4	20	0.000354424	TRUE	NA	NA	NA	NA	NA	NA
NC_045512.2	11928	G	T	7	6	26	2	2	25	0.0909091	22	0.0827586	FALSE	NA	NA	NA	NA	NA	NA
NC_045512.2	11928	G	C	7	6	26	3	3	26	0.136364	22	0.0266963	FALSE	NA	NA	NA	NA	NA	NA
NC_045512.2	11928	G	A	7	6	26	10	10	27	0.454545	22	4.11394e-05	TRUE	NA	NA	NA	NA	NA	NA
NC_045512.2	11929	G	T	6	5	26	2	2	27	0.0952381	21	0.0740741	FALSE	NA	NA	NA	NA	NA	NA
NC_045512.2	11929	G	C	6	5	26	2	2	27	0.0952381	21	0.0740741	FALSE	NA	NA	NA	NA	NA	NA
NC_045512.2	11929	G	A	6	5	26	11	11	26	0.52381	21	1.4475e-05	TRUE	NA	NA	NA	NA	NA	NA
NC_045512.2	11930	G	T	9	8	26	6	6	25	0.272727	22	0.00256958	TRUE	NA	NA	NA	NA	NA	NA
NC_045512.2	11930	G	C	9	8	26	2	2	24	0.0909091	22	0.110887	FALSE	NA	NA	NA	NA	NA	NA
NC_045512.2	11930	G	A	9	8	26	5	5	26	0.227273	22	0.00616698	TRUE	NA	NA	NA	NA	NA	NA
NC_045512.2	11931	C	T	6	5	27	9	9	26	0.409091	22	5.31636e-05	TRUE	NA	NA	NA	NA	NA	NA
NC_045512.2	11931	C	G	6	5	27	3	3	23	0.136364	22	0.0206897	FALSE	NA	NA	NA	NA	NA	NA
NC_045512.2	11931	C	A	6	5	27	4	4	26	0.181818	22	0.00667408	TRUE	NA	NA	NA	NA	NA	NA
NC_045512.2	11932	T	G	6	5	27	3	3	26	0.136364	22	0.0206897	FALSE	NA	NA	NA	NA	NA	NA
NC_045512.2	11932	T	C	6	5	27	5	5	25	0.227273	22	0.00229422	TRUE	NA	NA	NA	NA	NA	NA
NC_045512.2	11932	T	A	6	5	27	8	8	27	0.363636	22	0.000127593	TRUE	NA	NA	NA	NA	NA	NA
NC_045512.2	11933	C	T	8	7	27	5	5	26	0.227273	22	0.00462524	TRUE	NA	NA	NA	NA	NA	NA
NC_045512.2	11933	C	G	8	7	27	7	7	26	0.318182	22	0.000770873	TRUE	NA	NA	NA	NA	NA	NA
NC_045512.2	11933	C	A	8	7	27	2	2	22	0.0909091	22	0.0967742	FALSE	NA	NA	NA	NA	NA	NA
NC_045512.2	11934	A	T	8	7	24	5	5	26	0.238095	21	0.00542269	TRUE	NA	NA	NA	NA	NA	NA
NC_045512.2	11934	A	G	8	7	24	1	1	27	0.047619	21	0.310345	FALSE	NA	NA	NA	NA	NA	NA
NC_045512.2	11934	A	C	8	7	24	7	7	25	0.333333	21	0.000956946	TRUE	NA	NA	NA	NA	NA	NA
NC_045512.2	11935	A	T	8	7	28	5	5	26	0.238095	21	0.00542269	TRUE	NA	NA	NA	NA	NA	NA
NC_045512.2	11935	A	G	8	7	28	2	2	24	0.0952381	21	0.103448	FALSE	NA	NA	NA	NA	NA	NA
NC_045512.2	11935	A	C	8	7	28	6	6	27	0.285714	21	0.00223287	TRUE	NA	NA	NA	NA	NA	NA
NC_045512.2	11936	T	G	6	5	27	4	4	27	0.181818	22	0.00667408	TRUE	NA	NA	NA	NA	NA	NA
NC_045512.2	11936	T	C	6	5	27	1	1	22	0.0454545	22	0.25	FALSE	NA	NA	NA	NA	NA	NA
NC_045512.2	11936	T	A	6	5	27	11	11	26	0.5	22	1.02849e-05	TRUE	NA	NA	NA	NA	NA	NA
NC_045512.2	11937	G	T	7	6	28	7	7	25	0.318182	22	0.000510371	TRUE	NA	NA	NA	NA	NA	NA
NC_045512.2	11937	G	C	7	6	28	7	7	26	0.318182	22	0.000510371	TRUE	NA	NA	NA	NA	NA	NA
NC_045512.2	11937	G	A	7	6	28	1	1	34	0.0454545	22	0.275862	FALSE	NA	NA	NA	NA	NA	NA
NC_045512.2	11938	T	G	15	14	26	1	1	24	0.0454545	22	0.432432	FALSE	NA	NA	NA	NA	NA	NA
NC_045512.2	11938	T	C	15	14	26	3	3	27	0.136364	22	0.0892877	FALSE	NA	NA	NA	NA	NA	NA
NC_045512.2	11938	T	A	15	14	26	3	3	28	0.136364	22	0.0892877	FALSE	NA	NA	NA	NA	NA	NA
NC_045512.2	11939	G	T	11	10	27	6	6	26	0.272727	22	0.00448295	TRUE	NA	NA	NA	NA	NA	NA
NC_045512.2	11939	G	A	11	10	27	5	5	24	0.227273	22	0.0100207	FALSE	NA	NA	NA	NA	NA	NA
NC_045512.2	11940	T	G	14	13	27	2	2	27	0.0909091	22	0.18018	FALSE	NA	NA	NA	NA	NA	NA
NC_045512.2	11940	T	C	14	13	27	3	3	27	0.136364	22	0.0806069	FALSE	NA	NA	NA	NA	NA	NA
NC_045512.2	11940	T	A	14	13	27	3	3	28	0.136364	22	0.0806069	FALSE	NA	NA	NA	NA	NA	NA
NC_045512.2	11941	C	T	5	4	24	2	2	27	0.0909091	22	0.0555556	FALSE	NA	NA	NA	NA	NA	NA
NC_045512.2	11941	C	G	5	4	24	4	4	25	0.181818	22	0.0045977	TRUE	NA	NA	NA	NA	NA	NA
NC_045512.2	11941	C	A	5	4	24	11	11	26	0.5	22	5.10882e-06	TRUE	NA	NA	NA	NA	NA	NA
NC_045512.2	11942	C	T	9	8	26	4	4	25	0.190476	21	0.0174731	FALSE	NA	NA	NA	NA	NA	NA
NC_045512.2	11942	C	G	9	8	26	4	4	26	0.190476	21	0.0174731	FALSE	NA	NA	NA	NA	NA	NA
NC_045512.2	11942	C	A	9	8	26	4	4	27	0.190476	21	0.0174731	FALSE	NA	NA	NA	NA	NA	NA
NC_045512.2	11943	A	T	13	12	27	5	5	28	0.227273	22	0.0148813	FALSE	NA	NA	NA	NA	NA	NA
NC_045512.2	11943	A	G	13	12	27	3	3	25	0.136364	22	0.0720721	FALSE	NA	NA	NA	NA	NA	NA
NC_045512.2	11943	A	C	13	12	27	1	1	28	0.0454545	22	0.4	FALSE	NA	NA	NA	NA	NA	NA
NC_045512.2	11944	G	T	14	13	27	2	2	27	0.0909091	22	0.18018	FALSE	NA	NA	NA	NA	NA	NA
NC_045512.2	11944	G	C	14	13	27	3	3	27	0.136364	22	0.0806069	FALSE	NA	NA	NA	NA	NA	NA
NC_045512.2	11944	G	A	14	13	27	3	3	25	0.136364	22	0.0806069	FALSE	NA	NA	NA	NA	NA	NA
NC_045512.2	11945	T	G	15	14	26	4	4	25	0.181818	22	0.0424116	FALSE	NA	NA	NA	NA	NA	NA
NC_045512.2	11945	T	C	15	14	26	1	1	26	0.0454545	22	0.432432	FALSE	NA	NA	NA	NA	NA	NA
NC_045512.2	11945	T	A	15	14	26	2	2	27	0.0909091	22	0.193457	FALSE	NA	NA	NA	NA	NA	NA
NC_045512.2	11946	T	G	5	4	26	4	4	26	0.181818	22	0.0045977	TRUE	NA	NA	NA	NA	NA	NA
NC_045512.2	11946	T	C	5	4	26	8	8	25	0.363636	22	7.08849e-05	TRUE	NA	NA	NA	NA	NA	NA
NC_045512.2	11946	T	A	5	4	26	5	5	26	0.227273	22	0.00148313	TRUE	NA	NA	NA	NA	NA	NA
NC_045512.2	11947	A	T	7	6	26	8	8	25	0.363636	22	0.000212655	TRUE	NA	NA	NA	NA	NA	NA
NC_045512.2	11947	A	G	7	6	26	4	4	25	0.181818	22	0.00917686	TRUE	NA	NA	NA	NA	NA	NA
NC_045512.2	11947	A	C	7	6	26	3	3	25	0.136364	22	0.0266963	FALSE	NA	NA	NA	NA	NA	NA
NC_045512.2	11947	A	-CA	7	6	26	1	0	20	0.0454545	22	0.275862	FALSE	NA	NA	NA	NA	NA	NA
NC_045512.2	11947	A	-C	7	6	26	4	0	20	0.181818	22	0.00917686	TRUE	NA	NA	NA	NA	NA	NA
NC_045512.2	11948	C	G	7	6	26	4	4	28	0.25	16	0.0138942	FALSE	NA	NA	NA	NA	NA	NA
NC_045512.2	11948	C	A	7	6	26	5	5	25	0.3125	16	0.00555766	TRUE	NA	NA	NA	NA	NA	NA
NC_045512.2	11949	A	T	8	7	25	3	3	26	0.15	20	0.0406404	FALSE	NA	NA	NA	NA	NA	NA
NC_045512.2	11949	A	G	8	7	25	2	2	27	0.1	20	0.110837	FALSE	NA	NA	NA	NA	NA	NA
NC_045512.2	11949	A	C	8	7	25	7	7	24	0.35	20	0.00119618	TRUE	NA	NA	NA	NA	NA	NA
NC_045512.2	11950	C	T	4	3	27	5	5	26	0.238095	21	0.00106101	TRUE	NA	NA	NA	NA	NA	NA
NC_045512.2	11950	C	G	4	3	27	1	1	26	0.047619	21	0.2	FALSE	NA	NA	NA	NA	NA	NA
NC_045512.2	11950	C	A	4	3	27	11	11	27	0.52381	21	3.27161e-06	TRUE	NA	NA	NA	NA	NA	NA
NC_045512.2	11951	A	T	10	9	27	2	2	27	0.0909091	22	0.125	FALSE	NA	NA	NA	NA	NA	NA
NC_045512.2	11951	A	G	10	9	27	6	6	28	0.272727	22	0.00344462	TRUE	NA	NA	NA	NA	NA	NA
NC_045512.2	11951	A	C	10	9	27	4	4	25	0.181818	22	0.0191176	FALSE	NA	NA	NA	NA	NA	NA
NC_045512.2	11952	A	T	4	3	25	12	12	27	0.545455	22	9.82465e-07	TRUE	NA	NA	NA	NA	NA	NA
NC_045512.2	11952	A	G	4	3	25	3	3	27	0.136364	22	0.0106838	FALSE	NA	NA	NA	NA	NA	NA
NC_045512.2	11952	A	C	4	3	25	3	3	26	0.136364	22	0.0106838	FALSE	NA	NA	NA	NA	NA	NA
NC_045512.2	11953	T	G	9	8	26	7	7	27	0.318182	22	0.00111117	TRUE	NA	NA	NA	NA	NA	NA
NC_045512.2	11953	T	C	9	8	26	3	3	25	0.136364	22	0.0403226	FALSE	NA	NA	NA	NA	NA	NA
NC_045512.2	11953	T	A	9	8	26	3	3	27	0.136364	22	0.0403226	FALSE	NA	NA	NA	NA	NA	NA
NC_045512.2	11954	G	T	6	5	27	11	11	27	0.52381	21	1.4475e-05	TRUE	NA	NA	NA	NA	NA	NA
NC_045512.2	11954	G	C	6	5	27	2	2	25	0.0952381	21	0.0740741	FALSE	NA	NA	NA	NA	NA	NA
NC_045512.2	11954	G	A	6	5	27	2	2	27	0.0952381	21	0.0740741	FALSE	NA	NA	NA	NA	NA	NA
NC_045512.2	11954	G	-A	6	5	27	1	0	20	0.047619	21	0.259259	FALSE	NA	NA	NA	NA	NA	NA
NC_045512.2	11955	A	T	7	6	27	2	2	29	0.0952381	21	0.08867	FALSE	NA	NA	NA	NA	NA	NA
NC_045512.2	11955	A	G	7	6	27	3	3	27	0.142857	21	0.0295567	FALSE	NA	NA	NA	NA	NA	NA
NC_045512.2	11955	A	C	7	6	27	9	9	27	0.428571	21	0.000121517	TRUE	NA	NA	NA	NA	NA	NA
NC_045512.2	11956	C	T	6	5	26	5	5	26	0.238095	21	0.00271907	TRUE	NA	NA	NA	NA	NA	NA
NC_045512.2	11956	C	G	6	5	26	1	1	27	0.047619	21	0.259259	FALSE	NA	NA	NA	NA	NA	NA
NC_045512.2	11956	C	A	6	5	26	9	9	26	0.428571	21	7.08849e-05	TRUE	NA	NA	NA	NA	NA	NA
NC_045512.2	11957	A	T	8	7	26	2	2	28	0.0909091	22	0.0967742	FALSE	NA	NA	NA	NA	NA	NA
NC_045512.2	11957	A	G	8	7	26	9	9	26	0.409091	22	0.00014913	TRUE	NA	NA	NA	NA	NA	NA
NC_045512.2	11957	A	C	8	7	26	3	3	28	0.136364	22	0.0332661	FALSE	NA	NA	NA	NA	NA	NA
NC_045512.2	11958	T	G	7	6	24	4	4	26	0.181818	22	0.00917686	TRUE	NA	NA	NA	NA	NA	NA
NC_045512.2	11958	T	C	7	6	24	1	1	29	0.0454545	22	0.275862	FALSE	NA	NA	NA	NA	NA	NA
NC_045512.2	11958	T	A	7	6	24	10	10	27	0.454545	22	4.11394e-05	TRUE	NA	NA	NA	NA	NA	NA
NC_045512.2	11959	T	G	14	13	27	3	3	27	0.142857	21	0.0875161	FALSE	NA	NA	NA	NA	NA	NA
NC_045512.2	11959	T	C	14	13	27	2	2	22	0.0952381	21	0.190476	FALSE	NA	NA	NA	NA	NA	NA
NC_045512.2	11959	T	A	14	13	27	2	2	29	0.0952381	21	0.190476	FALSE	NA	NA	NA	NA	NA	NA
NC_045512.2	11959	T	-C	14	13	27	1	0	20	0.047619	21	0.428571	FALSE	NA	NA	NA	NA	NA	NA
NC_045512.2	11960	C	T	7	6	27	4	4	26	0.2	20	0.0120416	FALSE	NA	NA	NA	NA	NA	NA
NC_045512.2	11960	C	G	7	6	27	6	6	29	0.3	20	0.00189364	TRUE	NA	NA	NA	NA	NA	NA
NC_045512.2	11960	C	A	7	6	27	3	3	26	0.15	20	0.0328407	FALSE	NA	NA	NA	NA	NA	NA
NC_045512.2	11961	T	G	12	11	27	1	1	28	0.047619	21	0.393939	FALSE	NA	NA	NA	NA	NA	NA
NC_045512.2	11961	T	C	12	11	27	3	3	28	0.142857	21	0.0695187	FALSE	NA	NA	NA	NA	NA	NA
NC_045512.2	11961	T	A	12	11	27	5	5	25	0.238095	21	0.014196	FALSE	NA	NA	NA	NA	NA	NA
NC_045512.2	11961	T	-C	12	11	27	2	0	20	0.0952381	21	0.16221	FALSE	NA	NA	NA	NA	NA	NA
NC_045512.2	11962	C	T	4	3	29	1	1	28	0.0526316	19	0.208333	FALSE	NA	NA	NA	NA	NA	NA
NC_045512.2	11962	C	G	4	3	29	3	3	26	0.157895	19	0.0134615	FALSE	NA	NA	NA	NA	NA	NA
NC_045512.2	11962	C	A	4	3	29	11	11	24	0.578947	19	4.7711e-06	TRUE	NA	NA	NA	NA	NA	NA
NC_045512.2	11962	C	-T	4	3	29	1	0	20	0.05	20	0.208333	FALSE	NA	NA	NA	NA	NA	NA
NC_045512.2	11963	T	G	5	4	25	2	2	26	0.1	20	0.0598291	FALSE	NA	NA	NA	NA	NA	NA
NC_045512.2	11963	T	C	5	4	25	5	5	25	0.25	20	0.00176835	TRUE	NA	NA	NA	NA	NA	NA
NC_045512.2	11963	T	A	5	4	25	8	8	26	0.4	20	9.26956e-05	TRUE	NA	NA	NA	NA	NA	NA
NC_045512.2	11964	T	G	7	6	26	2	2	24	0.0909091	22	0.0827586	FALSE	NA	NA	NA	NA	NA	NA
NC_045512.2	11964	T	C	7	6	26	3	3	26	0.136364	22	0.0266963	FALSE	NA	NA	NA	NA	NA	NA
NC_045512.2	11964	T	A	7	6	26	10	10	27	0.454545	22	4.11394e-05	TRUE	NA	NA	NA	NA	NA	NA
NC_045512.2	11965	A	T	11	10	28	3	3	24	0.136364	22	0.055615	FALSE	NA	NA	NA	NA	NA	NA
NC_045512.2	11965	A	G	11	10	28	6	6	26	0.272727	22	0.00448295	TRUE	NA	NA	NA	NA	NA	NA
NC_045512.2	11965	A	C	11	10	28	2	2	27	0.0909091	22	0.139037	FALSE	NA	NA	NA	NA	NA	NA
NC_045512.2	11965	A	-G	11	10	28	1	0	20	0.0454545	22	0.363636	FALSE	NA	NA	NA	NA	NA	NA
NC_045512.2	11966	G	T	4	3	28	13	13	27	0.619048	21	4.39524e-07	TRUE	NA	NA	NA	NA	NA	NA
NC_045512.2	11966	G	C	4	3	28	2	2	25	0.0952381	21	0.042735	FALSE	NA	NA	NA	NA	NA	NA
NC_045512.2	11966	G	A	4	3	28	2	2	29	0.0952381	21	0.042735	FALSE	NA	NA	NA	NA	NA	NA
NC_045512.2	11966	G	-C	4	3	28	1	0	20	0.0454545	22	0.192308	FALSE	NA	NA	NA	NA	NA	NA
NC_045512.2	11967	C	T	6	5	27	2	2	27	0.0952381	21	0.0689655	FALSE	NA	NA	NA	NA	NA	NA
NC_045512.2	11967	C	G	6	5	27	10	10	27	0.47619	21	2.29897e-05	TRUE	NA	NA	NA	NA	NA	NA
NC_045512.2	11967	C	A	6	5	27	3	3	26	0.142857	21	0.0206897	FALSE	NA	NA	NA	NA	NA	NA
NC_045512.2	11968	T	G	13	9	27	2	2	29	0.0769231	26	0.134615	FALSE	NA	NA	NA	NA	NA	NA
NC_045512.2	11968	T	C	13	9	27	7	7	27	0.269231	26	0.00170826	TRUE	NA	NA	NA	NA	NA	NA
NC_045512.2	11968	T	A	13	9	27	4	4	28	0.153846	26	0.0212633	FALSE	NA	NA	NA	NA	NA	NA
NC_045512.2	11969	A	T	17	13	26	2	2	27	0.08	25	0.189369	FALSE	NA	NA	NA	NA	NA	NA
NC_045512.2	11969	A	G	17	13	26	2	2	28	0.08	25	0.189369	FALSE	NA	NA	NA	NA	NA	NA
NC_045512.2	11969	A	C	17	13	26	4	4	27	0.16	25	0.0401691	FALSE	NA	NA	NA	NA	NA	NA
NC_045512.2	11970	A	T	16	12	27	3	3	28	0.115385	26	0.0731652	FALSE	NA	NA	NA	NA	NA	NA
NC_045512.2	11970	A	C	16	12	27	7	7	27	0.269231	26	0.00332962	TRUE	NA	NA	NA	NA	NA	NA
NC_045512.2	11971	A	T	14	10	25	6	6	25	0.230769	26	0.00475871	TRUE	NA	NA	NA	NA	NA	NA
NC_045512.2	11971	A	G	14	10	25	3	3	26	0.115385	26	0.0592334	FALSE	NA	NA	NA	NA	NA	NA
NC_045512.2	11971	A	C	14	10	25	3	3	27	0.115385	26	0.0592334	FALSE	NA	NA	NA	NA	NA	NA
NC_045512.2	11972	G	T	13	9	27	7	7	27	0.269231	26	0.00170826	TRUE	NA	NA	NA	NA	NA	NA
NC_045512.2	11972	G	A	13	9	27	6	6	26	0.230769	26	0.00384358	TRUE	NA	NA	NA	NA	NA	NA
NC_045512.2	11973	A	T	11	6	27	7	7	27	0.259259	27	0.000830468	TRUE	NA	NA	NA	NA	NA	NA
NC_045512.2	11973	A	G	11	6	27	2	2	27	0.0740741	27	0.105263	FALSE	NA	NA	NA	NA	NA	NA
NC_045512.2	11973	A	C	11	6	27	7	7	27	0.259259	27	0.000830468	TRUE	NA	NA	NA	NA	NA	NA
NC_045512.2	11974	T	G	12	7	26	3	3	29	0.111111	27	0.0426829	FALSE	NA	NA	NA	NA	NA	NA
NC_045512.2	11974	T	C	12	7	26	3	3	26	0.111111	27	0.0426829	FALSE	NA	NA	NA	NA	NA	NA
NC_045512.2	11974	T	A	12	7	26	9	9	26	0.333333	27	0.000215705	TRUE	NA	NA	NA	NA	NA	NA
NC_045512.2	11975	A	T	11	6	26	3	3	28	0.111111	27	0.0368421	FALSE	NA	NA	NA	NA	NA	NA
NC_045512.2	11975	A	G	11	6	26	8	8	28	0.296296	27	0.000350642	TRUE	NA	NA	NA	NA	NA	NA
NC_045512.2	11975	A	C	11	6	26	5	5	26	0.185185	27	0.00513479	TRUE	NA	NA	NA	NA	NA	NA
NC_045512.2	11976	C	T	8	3	26	10	10	26	0.384615	26	2.28223e-05	TRUE	NA	NA	NA	NA	NA	NA
NC_045512.2	11976	C	G	8	3	26	1	1	27	0.0384615	26	0.264706	FALSE	NA	NA	NA	NA	NA	NA
NC_045512.2	11976	C	A	8	3	26	7	7	25	0.269231	26	0.000345159	TRUE	NA	NA	NA	NA	NA	NA
NC_045512.2	11976	C	-T	8	3	26	1	0	20	0.0384615	26	0.264706	FALSE	NA	NA	NA	NA	NA	NA
NC_045512.2	11977	T	G	11	6	27	2	2	27	0.0769231	26	0.110953	FALSE	NA	NA	NA	NA	NA	NA
NC_045512.2	11977	T	C	11	6	27	2	2	29	0.0769231	26	0.110953	FALSE	NA	NA	NA	NA	NA	NA
NC_045512.2	11977	T	A	11	6	27	11	11	28	0.423077	26	4.05022e-05	TRUE	NA	NA	NA	NA	NA	NA
NC_045512.2	11978	A	T	14	9	27	4	4	27	0.153846	26	0.0247954	FALSE	NA	NA	NA	NA	NA	NA
NC_045512.2	11978	A	G	14	9	27	7	7	27	0.269231	26	0.00217246	TRUE	NA	NA	NA	NA	NA	NA
NC_045512.2	11978	A	C	14	9	27	1	1	29	0.0384615	26	0.375	FALSE	NA	NA	NA	NA	NA	NA
NC_045512.2	11979	C	T	10	5	26	9	9	28	0.333333	27	0.000104245	TRUE	NA	NA	NA	NA	NA	NA
NC_045512.2	11979	C	G	10	5	26	6	6	28	0.222222	27	0.00152656	TRUE	NA	NA	NA	NA	NA	NA
NC_045512.2	11979	C	A	10	5	26	2	2	26	0.0740741	27	0.0938834	FALSE	NA	NA	NA	NA	NA	NA
NC_045512.2	11980	T	G	12	7	27	1	1	30	0.037037	27	0.333333	FALSE	NA	NA	NA	NA	NA	NA
NC_045512.2	11980	T	C	12	7	27	10	10	27	0.37037	27	9.88647e-05	TRUE	NA	NA	NA	NA	NA	NA
NC_045512.2	11980	T	A	12	7	27	4	4	26	0.148148	27	0.0162602	FALSE	NA	NA	NA	NA	NA	NA
NC_045512.2	11980	T	-G	12	7	27	1	0	20	0.037037	27	0.333333	FALSE	NA	NA	NA	NA	NA	NA
NC_045512.2	11981	G	T	11	6	27	9	9	24	0.36	25	0.00023692	TRUE	NA	NA	NA	NA	NA	NA
NC_045512.2	11981	G	A	11	6	27	5	5	26	0.2	25	0.00663822	TRUE	NA	NA	NA	NA	NA	NA
NC_045512.2	11982	A	T	12	7	26	6	6	26	0.230769	26	0.00304505	TRUE	NA	NA	NA	NA	NA	NA
NC_045512.2	11982	A	G	12	7	26	3	3	29	0.115385	26	0.0460526	FALSE	NA	NA	NA	NA	NA	NA
NC_045512.2	11982	A	C	12	7	26	5	5	27	0.192308	26	0.00727428	TRUE	NA	NA	NA	NA	NA	NA
NC_045512.2	11983	A	T	20	15	26	4	4	27	0.148148	27	0.0461398	FALSE	NA	NA	NA	NA	NA	NA
NC_045512.2	11983	A	G	20	15	26	1	1	27	0.037037	27	0.446809	FALSE	NA	NA	NA	NA	NA	NA
NC_045512.2	11983	A	C	20	15	26	2	2	28	0.0740741	27	0.204787	FALSE	NA	NA	NA	NA	NA	NA
NC_045512.2	11984	G	T	11	6	27	3	3	27	0.111111	27	0.0368421	FALSE	NA	NA	NA	NA	NA	NA
NC_045512.2	11984	G	C	11	6	27	8	8	26	0.296296	27	0.000350642	TRUE	NA	NA	NA	NA	NA	NA
NC_045512.2	11984	G	A	11	6	27	5	5	26	0.185185	27	0.00513479	TRUE	NA	NA	NA	NA	NA	NA
NC_045512.2	11985	C	T	11	6	26	8	8	26	0.296296	27	0.000350642	TRUE	NA	NA	NA	NA	NA	NA
NC_045512.2	11985	C	G	11	6	26	3	3	27	0.111111	27	0.0368421	FALSE	NA	NA	NA	NA	NA	NA
NC_045512.2	11985	C	A	11	6	26	5	5	28	0.185185	27	0.00513479	TRUE	NA	NA	NA	NA	NA	NA
NC_045512.2	11986	C	T	15	10	25	4	4	28	0.148148	27	0.0260143	FALSE	NA	NA	NA	NA	NA	NA
NC_045512.2	11986	C	G	15	10	25	3	3	28	0.111111	27	0.0616128	FALSE	NA	NA	NA	NA	NA	NA
NC_045512.2	11986	C	A	15	10	25	5	5	27	0.185185	27	0.0113106	FALSE	NA	NA	NA	NA	NA	NA
NC_045512.2	11987	T	G	15	10	27	2	2	27	0.08	25	0.165854	FALSE	NA	NA	NA	NA	NA	NA
NC_045512.2	11987	T	C	15	10	27	5	5	27	0.2	25	0.0142761	FALSE	NA	NA	NA	NA	NA	NA
NC_045512.2	11987	T	A	15	10	27	3	3	26	0.12	25	0.0710801	FALSE	NA	NA	NA	NA	NA	NA
NC_045512.2	11988	T	G	9	5	27	1	1	27	0.04	25	0.294118	FALSE	NA	NA	NA	NA	NA	NA
NC_045512.2	11988	T	C	9	5	27	8	8	27	0.32	25	0.000254426	TRUE	NA	NA	NA	NA	NA	NA
NC_045512.2	11988	T	A	9	5	27	7	7	27	0.28	25	0.000613617	TRUE	NA	NA	NA	NA	NA	NA
NC_045512.2	11989	T	G	9	5	24	4	4	26	0.153846	26	0.00968638	TRUE	NA	NA	NA	NA	NA	NA
NC_045512.2	11989	T	C	9	5	24	2	2	27	0.0769231	26	0.0873016	FALSE	NA	NA	NA	NA	NA	NA
NC_045512.2	11989	T	A	9	5	24	11	11	26	0.423077	26	1.65468e-05	TRUE	NA	NA	NA	NA	NA	NA
NC_045512.2	11990	G	T	15	11	27	6	6	27	0.230769	26	0.00579322	TRUE	NA	NA	NA	NA	NA	NA
NC_045512.2	11990	G	A	15	11	27	5	5	25	0.192308	26	0.0126899	FALSE	NA	NA	NA	NA	NA	NA
NC_045512.2	11990	G	-A	15	11	27	4	0	20	0.153846	26	0.0285523	FALSE	NA	NA	NA	NA	NA	NA
NC_045512.2	11991	A	T	7	7	27	4	4	24	0.25	16	0.0120416	FALSE	NA	NA	NA	NA	NA	NA
NC_045512.2	11991	A	G	7	7	27	1	1	27	0.0625	16	0.296296	FALSE	NA	NA	NA	NA	NA	NA
NC_045512.2	11991	A	C	7	7	27	4	4	28	0.25	16	0.0120416	FALSE	NA	NA	NA	NA	NA	NA
NC_045512.2	11992	A	T	10	6	27	10	10	27	0.384615	26	5.79138e-05	TRUE	NA	NA	NA	NA	NA	NA
NC_045512.2	11992	A	G	10	6	27	2	2	26	0.0769231	26	0.0990991	FALSE	NA	NA	NA	NA	NA	NA
NC_045512.2	11992	A	C	10	6	27	4	4	26	0.153846	26	0.0121701	FALSE	NA	NA	NA	NA	NA	NA
NC_045512.2	11993	A	T	10	6	28	9	9	26	0.36	25	0.000163813	TRUE	NA	NA	NA	NA	NA	NA
NC_045512.2	11993	A	G	10	6	28	4	4	28	0.16	25	0.0135609	FALSE	NA	NA	NA	NA	NA	NA
NC_045512.2	11993	A	C	10	6	28	2	2	26	0.08	25	0.104762	FALSE	NA	NA	NA	NA	NA	NA
NC_045512.2	11994	A	T	8	4	28	11	11	26	0.423077	26	9.85509e-06	TRUE	NA	NA	NA	NA	NA	NA
NC_045512.2	11994	A	G	8	4	28	3	3	26	0.115385	26	0.0231092	FALSE	NA	NA	NA	NA	NA	NA
NC_045512.2	11994	A	C	8	4	28	4	4	27	0.153846	26	0.00749489	TRUE	NA	NA	NA	NA	NA	NA
NC_045512.2	11995	A	T	11	7	27	8	8	26	0.307692	26	0.000426456	TRUE	NA	NA	NA	NA	NA	NA
NC_045512.2	11995	A	G	11	7	27	5	5	25	0.192308	26	0.00582868	TRUE	NA	NA	NA	NA	NA	NA
NC_045512.2	11995	A	C	11	7	27	2	2	26	0.0769231	26	0.110953	FALSE	NA	NA	NA	NA	NA	NA
NC_045512.2	11996	A	T	8	8	26	5	5	26	0.227273	22	0.00462524	TRUE	NA	NA	NA	NA	NA	NA
NC_045512.2	11996	A	G	8	8	26	3	3	27	0.136364	22	0.0332661	FALSE	NA	NA	NA	NA	NA	NA
NC_045512.2	11996	A	C	8	8	26	6	6	25	0.272727	22	0.00185009	TRUE	NA	NA	NA	NA	NA	NA
NC_045512.2	11997	T	G	9	5	26	5	5	25	0.208333	24	0.00459283	TRUE	NA	NA	NA	NA	NA	NA
NC_045512.2	11997	T	C	9	5	26	3	3	27	0.125	24	0.0336134	FALSE	NA	NA	NA	NA	NA	NA
NC_045512.2	11997	T	A	9	5	26	7	7	24	0.291667	24	0.000743778	TRUE	NA	NA	NA	NA	NA	NA
NC_045512.2	11997	T	-G	9	5	26	1	0	20	0.0416667	24	0.30303	FALSE	NA	NA	NA	NA	NA	NA
NC_045512.2	11998	G	T	7	3	25	4	4	27	0.166667	24	0.00711575	TRUE	NA	NA	NA	NA	NA	NA
NC_045512.2	11998	G	C	7	3	25	5	5	26	0.208333	24	0.00243969	TRUE	NA	NA	NA	NA	NA	NA
NC_045512.2	11998	G	A	7	3	25	8	8	26	0.333333	24	0.000131586	TRUE	NA	NA	NA	NA	NA	NA
NC_045512.2	11999	G	T	8	4	24	6	6	26	0.24	25	0.00108778	TRUE	NA	NA	NA	NA	NA	NA
NC_045512.2	11999	G	C	8	4	24	10	10	26	0.4	25	2.97382e-05	TRUE	NA	NA	NA	NA	NA	NA
NC_045512.2	11999	G	A	8	4	24	1	1	27	0.04	25	0.272727	FALSE	NA	NA	NA	NA	NA	NA
NC_045512.2	12000	T	G	9	5	25	2	2	27	0.0869565	23	0.104167	FALSE	NA	NA	NA	NA	NA	NA
NC_045512.2	12000	T	C	9	5	25	5	5	25	0.217391	23	0.00531046	TRUE	NA	NA	NA	NA	NA	NA
NC_045512.2	12000	T	A	9	5	25	7	7	23	0.304348	23	0.000906479	TRUE	NA	NA	NA	NA	NA	NA
NC_045512.2	12001	T	G	13	9	26	1	1	27	0.0384615	26	0.358974	FALSE	NA	NA	NA	NA	NA	NA
NC_045512.2	12001	T	C	13	9	26	3	3	26	0.115385	26	0.0525328	FALSE	NA	NA	NA	NA	NA	NA
NC_045512.2	12001	T	A	13	9	26	9	9	26	0.346154	26	0.000365039	TRUE	NA	NA	NA	NA	NA	NA
NC_045512.2	12002	T	G	8	5	24	3	3	25	0.125	24	0.0275735	FALSE	NA	NA	NA	NA	NA	NA
NC_045512.2	12002	T	C	8	5	24	9	9	26	0.375	24	8.89047e-05	TRUE	NA	NA	NA	NA	NA	NA
NC_045512.2	12002	T	A	8	5	24	4	4	25	0.166667	24	0.00945378	TRUE	NA	NA	NA	NA	NA	NA
NC_045512.2	12003	C	T	9	5	26	8	8	26	0.363636	22	0.000497102	TRUE	NA	NA	NA	NA	NA	NA
NC_045512.2	12003	C	A	9	5	26	5	5	25	0.227273	22	0.00616698	TRUE	NA	NA	NA	NA	NA	NA
NC_045512.2	12004	A	T	7	3	26	1	1	27	0.0769231	13	0.4	FALSE	NA	NA	NA	NA	NA	NA
NC_045512.2	12004	A	C	7	3	26	5	5	26	0.384615	13	0.0186335	FALSE	NA	NA	NA	NA	NA	NA
NC_045512.2	12005	C	G	5	1	26	1	1	27	0.166667	6	0.545455	FALSE	NA	NA	NA	NA	NA	NA
NC_045512.2	12006	T	C	5	1	25	1	1	21	0.142857	7	0.5	FALSE	NA	NA	NA	NA	NA	NA
NC_045512.2	12006	T	A	5	1	25	1	1	27	0.142857	7	0.5	FALSE	NA	NA	NA	NA	NA	NA
NC_045512.2	12007	A	C	6	2	26	1	1	27	0.142857	7	0.538462	FALSE	NA	NA	NA	NA	NA	NA
NC_045512.2	12008	C	T	5	1	25	1	1	22	0.142857	7	0.5	FALSE	NA	NA	NA	NA	NA	NA
NC_045512.2	12008	C	G	5	1	25	1	1	25	0.142857	7	0.5	FALSE	NA	NA	NA	NA	NA	NA
NC_045512.2	12009	T	A	5	1	27	1	1	25	0.166667	6	0.545455	FALSE	NA	NA	NA	NA	NA	NA
NC_045512.2	12011	T	G	3	1	22	1	1	28	0.2	5	0.5	FALSE	NA	NA	NA	NA	NA	NA
NC_045512.2	12011	T	A	3	1	22	1	1	26	0.2	5	0.5	FALSE	NA	NA	NA	NA	NA	NA
NC_045512.2	12013	T	A	6	2	27	1	1	29	0.142857	7	0.538462	FALSE	NA	NA	NA	NA	NA	NA
NC_045512.2	12014	G	A	5	1	26	2	2	28	0.285714	7	0.269231	FALSE	NA	NA	NA	NA	NA	NA
NC_045512.2	12015	T	C	4	0	28	1	1	27	0.166667	6	0.5	FALSE	NA	NA	NA	NA	NA	NA
NC_045512.2	12015	T	A	4	0	28	1	1	30	0.166667	6	0.5	FALSE	NA	NA	NA	NA	NA	NA
NC_045512.2	12016	T	A	6	2	28	1	1	30	0.142857	7	0.538462	FALSE	NA	NA	NA	NA	NA	NA
NC_045512.2	12017	T	G	5	1	28	1	1	27	0.142857	7	0.5	FALSE	NA	NA	NA	NA	NA	NA
NC_045512.2	12017	T	A	5	1	28	1	1	29	0.142857	7	0.5	FALSE	NA	NA	NA	NA	NA	NA
NC_045512.2	12018	T	A	4	2	26	1	1	22	0.2	5	0.555556	FALSE	NA	NA	NA	NA	NA	NA
NC_045512.2	12019	G	A	6	2	27	1	1	27	0.142857	7	0.538462	FALSE	NA	NA	NA	NA	NA	NA
NC_045512.2	12020	C	G	5	1	25	2	2	27	0.285714	7	0.269231	FALSE	NA	NA	NA	NA	NA	NA
NC_045512.2	12021	T	C	6	2	24	1	1	20	0.142857	7	0.538462	FALSE	NA	NA	NA	NA	NA	NA
NC_045512.2	12022	T	C	6	2	28	1	1	26	0.142857	7	0.538462	FALSE	NA	NA	NA	NA	NA	NA
NC_045512.2	12024	C	T	5	1	27	1	1	27	0.166667	6	0.545455	FALSE	NA	NA	NA	NA	NA	NA
NC_045512.2	12025	C	T	4	1	22	1	1	27	0.166667	6	0.5	FALSE	NA	NA	NA	NA	NA	NA
NC_045512.2	12025	C	A	4	1	22	1	1	29	0.166667	6	0.5	FALSE	NA	NA	NA	NA	NA	NA
NC_045512.2	12026	A	G	5	1	26	1	1	27	0.142857	7	0.5	FALSE	NA	NA	NA	NA	NA	NA
NC_045512.2	12026	A	C	5	1	26	1	1	28	0.142857	7	0.5	FALSE	NA	NA	NA	NA	NA	NA
NC_045512.2	12028	G	A	5	1	25	2	2	28	0.285714	7	0.269231	FALSE	NA	NA	NA	NA	NA	NA
NC_045512.2	12029	C	A	6	2	25	1	1	28	0.142857	7	0.538462	FALSE	NA	NA	NA	NA	NA	NA
NC_045512.2	12030	A	T	6	2	26	1	1	22	0.142857	7	0.538462	FALSE	NA	NA	NA	NA	NA	NA
NC_045512.2	12031	G	T	5	1	27	1	1	27	0.142857	7	0.5	FALSE	NA	NA	NA	NA	NA	NA
NC_045512.2	12031	G	A	5	1	27	1	1	28	0.142857	7	0.5	FALSE	NA	NA	NA	NA	NA	NA
NC_045512.2	12032	G	T	5	1	29	1	1	27	0.142857	7	0.5	FALSE	NA	NA	NA	NA	NA	NA
NC_045512.2	12032	G	A	5	1	29	1	1	27	0.142857	7	0.5	FALSE	NA	NA	NA	NA	NA	NA
NC_045512.2	12033	G	T	4	1	23	1	1	27	0.166667	6	0.5	FALSE	NA	NA	NA	NA	NA	NA
NC_045512.2	12033	G	C	4	1	23	1	1	27	0.166667	6	0.5	FALSE	NA	NA	NA	NA	NA	NA
NC_045512.2	12034	T	G	6	2	26	1	1	23	0.142857	7	0.538462	FALSE	NA	NA	NA	NA	NA	NA
NC_045512.2	12036	C	T	5	1	27	2	2	21	0.285714	7	0.269231	FALSE	NA	NA	NA	NA	NA	NA
NC_045512.2	12038	G	T	5	1	27	2	2	30	0.285714	7	0.269231	FALSE	NA	NA	NA	NA	NA	NA
NC_045512.2	12039	T	C	6	2	28	1	1	30	0.142857	7	0.538462	FALSE	NA	NA	NA	NA	NA	NA
NC_045512.2	12040	A	G	6	2	29	1	1	25	0.142857	7	0.538462	FALSE	NA	NA	NA	NA	NA	NA
NC_045512.2	12041	G	C	5	1	29	2	2	29	0.285714	7	0.269231	FALSE	NA	NA	NA	NA	NA	NA
NC_045512.2	12042	A	T	5	1	28	2	2	25	0.285714	7	0.269231	FALSE	NA	NA	NA	NA	NA	NA
NC_045512.2	12043	C	T	5	1	28	1	1	27	0.142857	7	0.5	FALSE	NA	NA	NA	NA	NA	NA
NC_045512.2	12043	C	A	5	1	28	1	1	27	0.142857	7	0.5	FALSE	NA	NA	NA	NA	NA	NA
NC_045512.2	12044	A	T	4	0	27	1	1	27	0.142857	7	0.454545	FALSE	NA	NA	NA	NA	NA	NA
NC_045512.2	12044	A	G	4	0	27	1	1	28	0.142857	7	0.454545	FALSE	NA	NA	NA	NA	NA	NA
NC_045512.2	12044	A	C	4	0	27	1	1	28	0.142857	7	0.454545	FALSE	NA	NA	NA	NA	NA	NA
NC_045512.2	12045	T	C	6	2	26	1	1	22	0.142857	7	0.538462	FALSE	NA	NA	NA	NA	NA	NA
NC_045512.2	12046	A	T	10	0	28	1	1	29	0.0833333	12	0.5	FALSE	NA	NA	NA	NA	NA	NA
NC_045512.2	12046	A	C	10	0	28	1	1	27	0.0833333	12	0.5	FALSE	NA	NA	NA	NA	NA	NA
NC_045512.2	12047	A	T	12	2	27	1	1	28	0.0769231	13	0.52	FALSE	NA	NA	NA	NA	NA	NA
NC_045512.2	12048	A	T	10	1	22	1	1	27	0.0833333	12	0.5	FALSE	NA	NA	NA	NA	NA	NA
NC_045512.2	12048	A	C	10	1	22	1	1	28	0.0833333	12	0.5	FALSE	NA	NA	NA	NA	NA	NA
NC_045512.2	12049	C	T	11	1	26	1	1	28	0.0769231	13	0.5	FALSE	NA	NA	NA	NA	NA	NA
NC_045512.2	12049	C	G	11	1	26	1	1	27	0.0769231	13	0.5	FALSE	NA	NA	NA	NA	NA	NA
NC_045512.2	12050	A	G	11	1	26	1	1	27	0.0769231	13	0.5	FALSE	NA	NA	NA	NA	NA	NA
NC_045512.2	12050	A	C	11	1	26	1	1	29	0.0769231	13	0.5	FALSE	NA	NA	NA	NA	NA	NA
NC_045512.2	12052	G	T	12	2	27	1	1	26	0.0769231	13	0.52	FALSE	NA	NA	NA	NA	NA	NA
NC_045512.2	12053	C	T	10	1	28	1	1	26	0.0833333	12	0.5	FALSE	NA	NA	NA	NA	NA	NA
NC_045512.2	12053	C	G	10	1	28	1	1	31	0.0833333	12	0.5	FALSE	NA	NA	NA	NA	NA	NA
NC_045512.2	12054	T	G	11	2	27	1	1	27	0.0833333	12	0.521739	FALSE	NA	NA	NA	NA	NA	NA
NC_045512.2	12055	T	G	11	2	28	1	1	26	0.0833333	12	0.521739	FALSE	NA	NA	NA	NA	NA	NA
NC_045512.2	12056	T	G	8	1	23	1	1	27	0.1	10	0.5	FALSE	NA	NA	NA	NA	NA	NA
NC_045512.2	12056	T	C	8	1	23	1	1	28	0.1	10	0.5	FALSE	NA	NA	NA	NA	NA	NA
NC_045512.2	12057	G	T	10	1	28	1	1	22	0.0833333	12	0.5	FALSE	NA	NA	NA	NA	NA	NA
NC_045512.2	12057	G	C	10	1	28	1	1	28	0.0833333	12	0.5	FALSE	NA	NA	NA	NA	NA	NA
NC_045512.2	12059	G	T	11	2	28	1	1	28	0.0833333	12	0.521739	FALSE	NA	NA	NA	NA	NA	NA
NC_045512.2	12060	A	T	10	1	28	1	1	26	0.0833333	12	0.5	FALSE	NA	NA	NA	NA	NA	NA
NC_045512.2	12060	A	C	10	1	28	1	1	23	0.0833333	12	0.5	FALSE	NA	NA	NA	NA	NA	NA
NC_045512.2	12061	A	C	11	2	24	1	1	28	0.0833333	12	0.521739	FALSE	NA	NA	NA	NA	NA	NA
NC_045512.2	12062	G	A	11	2	28	1	1	28	0.0833333	12	0.521739	FALSE	NA	NA	NA	NA	NA	NA
NC_045512.2	12063	A	T	11	2	27	1	1	28	0.0833333	12	0.521739	FALSE	NA	NA	NA	NA	NA	NA
NC_045512.2	12064	A	G	10	1	29	1	1	23	0.0833333	12	0.5	FALSE	NA	NA	NA	NA	NA	NA
NC_045512.2	12064	A	C	10	1	29	1	1	27	0.0833333	12	0.5	FALSE	NA	NA	NA	NA	NA	NA
NC_045512.2	12065	A	C	10	2	23	1	1	23	0.0909091	11	0.52381	FALSE	NA	NA	NA	NA	NA	NA
NC_045512.2	12066	T	A	11	2	27	1	1	23	0.0833333	12	0.521739	FALSE	NA	NA	NA	NA	NA	NA
NC_045512.2	12067	G	A	11	2	26	1	1	23	0.0833333	12	0.521739	FALSE	NA	NA	NA	NA	NA	NA
NC_045512.2	12068	C	G	10	1	27	1	1	31	0.0833333	12	0.5	FALSE	NA	NA	NA	NA	NA	NA
NC_045512.2	12068	C	A	10	1	27	1	1	28	0.0833333	12	0.5	FALSE	NA	NA	NA	NA	NA	NA
NC_045512.2	12069	T	G	10	1	27	1	1	28	0.0833333	12	0.5	FALSE	NA	NA	NA	NA	NA	NA
NC_045512.2	12069	T	A	10	1	27	1	1	28	0.0833333	12	0.5	FALSE	NA	NA	NA	NA	NA	NA
NC_045512.2	12070	G	T	9	1	28	1	1	28	0.0909091	11	0.5	FALSE	NA	NA	NA	NA	NA	NA
NC_045512.2	12070	G	C	9	1	28	1	1	27	0.0909091	11	0.5	FALSE	NA	NA	NA	NA	NA	NA
NC_045512.2	12071	G	A	10	2	24	1	1	23	0.0909091	11	0.52381	FALSE	NA	NA	NA	NA	NA	NA
NC_045512.2	12072	A	C	10	2	26	1	1	28	0.0909091	11	0.52381	FALSE	NA	NA	NA	NA	NA	NA
NC_045512.2	12073	C	T	9	1	25	1	1	28	0.0909091	11	0.5	FALSE	NA	NA	NA	NA	NA	NA
NC_045512.2	12073	C	G	9	1	25	1	1	27	0.0909091	11	0.5	FALSE	NA	NA	NA	NA	NA	NA
NC_045512.2	12074	A	G	9	1	24	1	1	28	0.0909091	11	0.5	FALSE	NA	NA	NA	NA	NA	NA
NC_045512.2	12074	A	C	9	1	24	1	1	27	0.0909091	11	0.5	FALSE	NA	NA	NA	NA	NA	NA
NC_045512.2	12075	A	T	6	1	23	2	2	25	0.25	8	0.266667	FALSE	NA	NA	NA	NA	NA	NA
NC_045512.2	12076	C	T	9	1	25	1	1	27	0.0909091	11	0.5	FALSE	NA	NA	NA	NA	NA	NA
NC_045512.2	12076	C	A	9	1	25	1	1	29	0.0909091	11	0.5	FALSE	NA	NA	NA	NA	NA	NA
NC_045512.2	12077	A	T	9	1	27	1	1	27	0.0909091	11	0.5	FALSE	NA	NA	NA	NA	NA	NA
NC_045512.2	12077	A	G	9	1	27	1	1	28	0.0909091	11	0.5	FALSE	NA	NA	NA	NA	NA	NA
NC_045512.2	12078	G	A	10	2	26	1	1	27	0.0909091	11	0.52381	FALSE	NA	NA	NA	NA	NA	NA
NC_045512.2	12079	G	T	9	1	28	1	1	28	0.0909091	11	0.5	FALSE	NA	NA	NA	NA	NA	NA
NC_045512.2	12079	G	C	9	1	28	1	1	27	0.0909091	11	0.5	FALSE	NA	NA	NA	NA	NA	NA
NC_045512.2	12080	G	A	8	2	23	1	1	27	0.111111	9	0.529412	FALSE	NA	NA	NA	NA	NA	NA
NC_045512.2	12081	C	T	9	1	26	1	1	28	0.0909091	11	0.5	FALSE	NA	NA	NA	NA	NA	NA
NC_045512.2	12081	C	A	9	1	26	1	1	22	0.0909091	11	0.5	FALSE	NA	NA	NA	NA	NA	NA
NC_045512.2	12083	A	G	7	2	24	1	1	26	0.125	8	0.533333	FALSE	NA	NA	NA	NA	NA	NA
NC_045512.2	12084	C	A	9	1	26	1	1	28	0.1	10	0.526316	FALSE	NA	NA	NA	NA	NA	NA
NC_045512.2	12085	C	A	9	2	23	1	1	27	0.1	10	0.526316	FALSE	NA	NA	NA	NA	NA	NA
NC_045512.2	12086	T	A	9	1	27	2	2	23	0.181818	11	0.261905	FALSE	NA	NA	NA	NA	NA	NA
NC_045512.2	12087	T	A	10	2	23	1	1	27	0.0909091	11	0.52381	FALSE	NA	NA	NA	NA	NA	NA
NC_045512.2	12088	A	G	9	1	27	2	2	25	0.181818	11	0.261905	FALSE	NA	NA	NA	NA	NA	NA
NC_045512.2	12090	A	T	9	1	27	2	2	28	0.181818	11	0.261905	FALSE	NA	NA	NA	NA	NA	NA
NC_045512.2	12091	A	T	9	1	24	1	1	31	0.0909091	11	0.5	FALSE	NA	NA	NA	NA	NA	NA
NC_045512.2	12091	A	G	9	1	24	1	1	23	0.0909091	11	0.5	FALSE	NA	NA	NA	NA	NA	NA
NC_045512.2	12092	G	T	10	2	28	1	1	28	0.0909091	11	0.52381	FALSE	NA	NA	NA	NA	NA	NA
NC_045512.2	12093	C	G	9	1	27	1	1	27	0.0909091	11	0.5	FALSE	NA	NA	NA	NA	NA	NA
NC_045512.2	12093	C	A	9	1	27	1	1	27	0.0909091	11	0.5	FALSE	NA	NA	NA	NA	NA	NA
NC_045512.2	12094	T	C	10	2	26	1	1	27	0.0909091	11	0.52381	FALSE	NA	NA	NA	NA	NA	NA
NC_045512.2	12095	A	G	9	1	26	1	1	27	0.1	10	0.526316	FALSE	NA	NA	NA	NA	NA	NA
NC_045512.2	12096	T	C	8	0	28	1	1	20	0.0909091	11	0.473684	FALSE	NA	NA	NA	NA	NA	NA
NC_045512.2	12096	T	A	8	0	28	2	2	25	0.181818	11	0.236842	FALSE	NA	NA	NA	NA	NA	NA
NC_045512.2	12097	A	C	10	2	27	1	1	26	0.0909091	11	0.52381	FALSE	NA	NA	NA	NA	NA	NA
NC_045512.2	12098	G	A	10	2	28	1	1	29	0.0909091	11	0.52381	FALSE	NA	NA	NA	NA	NA	NA
NC_045512.2	12099	C	G	9	1	27	1	1	22	0.0909091	11	0.5	FALSE	NA	NA	NA	NA	NA	NA
NC_045512.2	12099	C	A	9	1	27	1	1	23	0.0909091	11	0.5	FALSE	NA	NA	NA	NA	NA	NA
NC_045512.2	12100	C	G	9	1	23	1	1	29	0.0909091	11	0.5	FALSE	NA	NA	NA	NA	NA	NA
NC_045512.2	12100	C	A	9	1	23	1	1	31	0.0909091	11	0.5	FALSE	NA	NA	NA	NA	NA	NA
NC_045512.2	12101	T	G	9	1	27	1	1	27	0.0909091	11	0.5	FALSE	NA	NA	NA	NA	NA	NA
NC_045512.2	12101	T	A	9	1	27	1	1	31	0.0909091	11	0.5	FALSE	NA	NA	NA	NA	NA	NA
NC_045512.2	12102	C	T	10	2	27	1	1	30	0.0909091	11	0.52381	FALSE	NA	NA	NA	NA	NA	NA
NC_045512.2	12103	A	G	10	2	26	1	1	27	0.0909091	11	0.52381	FALSE	NA	NA	NA	NA	NA	NA
NC_045512.2	12104	G	C	9	1	27	1	1	28	0.0909091	11	0.5	FALSE	NA	NA	NA	NA	NA	NA
NC_045512.2	12104	G	A	9	1	27	1	1	27	0.0909091	11	0.5	FALSE	NA	NA	NA	NA	NA	NA
NC_045512.2	12105	A	T	9	1	27	1	1	27	0.0909091	11	0.5	FALSE	NA	NA	NA	NA	NA	NA
NC_045512.2	12105	A	C	9	1	27	1	1	24	0.0909091	11	0.5	FALSE	NA	NA	NA	NA	NA	NA
NC_045512.2	12106	G	C	10	2	26	1	1	28	0.0909091	11	0.52381	FALSE	NA	NA	NA	NA	NA	NA
NC_045512.2	12107	T	G	10	2	26	1	1	29	0.0909091	11	0.52381	FALSE	NA	NA	NA	NA	NA	NA
NC_045512.2	12108	T	A	10	2	28	1	1	27	0.0909091	11	0.52381	FALSE	NA	NA	NA	NA	NA	NA
NC_045512.2	12109	T	C	8	1	23	1	1	27	0.1	10	0.5	FALSE	NA	NA	NA	NA	NA	NA
NC_045512.2	12109	T	A	8	1	23	1	1	29	0.1	10	0.5	FALSE	NA	NA	NA	NA	NA	NA
NC_045512.2	12110	A	C	10	2	28	1	1	26	0.0909091	11	0.52381	FALSE	NA	NA	NA	NA	NA	NA
NC_045512.2	12111	G	A	9	1	28	2	2	26	0.181818	11	0.261905	FALSE	NA	NA	NA	NA	NA	NA
NC_045512.2	12112	T	C	9	1	28	1	1	30	0.0909091	11	0.5	FALSE	NA	NA	NA	NA	NA	NA
NC_045512.2	12112	T	A	9	1	28	1	1	26	0.0909091	11	0.5	FALSE	NA	NA	NA	NA	NA	NA
NC_045512.2	12113	T	G	9	1	24	1	1	26	0.0909091	11	0.5	FALSE	NA	NA	NA	NA	NA	NA
NC_045512.2	12113	T	A	9	1	24	1	1	30	0.0909091	11	0.5	FALSE	NA	NA	NA	NA	NA	NA
NC_045512.2	12114	C	G	10	2	27	1	1	23	0.0909091	11	0.52381	FALSE	NA	NA	NA	NA	NA	NA
NC_045512.2	12115	C	T	9	1	28	1	1	27	0.0909091	11	0.5	FALSE	NA	NA	NA	NA	NA	NA
NC_045512.2	12115	C	G	9	1	28	1	1	29	0.0909091	11	0.5	FALSE	NA	NA	NA	NA	NA	NA
NC_045512.2	12116	C	G	9	1	23	1	1	29	0.0909091	11	0.5	FALSE	NA	NA	NA	NA	NA	NA
NC_045512.2	12116	C	A	9	1	23	1	1	27	0.0909091	11	0.5	FALSE	NA	NA	NA	NA	NA	NA
NC_045512.2	12117	T	C	10	2	27	1	1	28	0.0909091	11	0.52381	FALSE	NA	NA	NA	NA	NA	NA
NC_045512.2	12118	T	A	9	1	24	2	2	26	0.181818	11	0.261905	FALSE	NA	NA	NA	NA	NA	NA
NC_045512.2	12119	C	G	9	1	27	1	1	27	0.0909091	11	0.5	FALSE	NA	NA	NA	NA	NA	NA
NC_045512.2	12119	C	A	9	1	27	1	1	29	0.0909091	11	0.5	FALSE	NA	NA	NA	NA	NA	NA
NC_045512.2	12121	A	C	9	1	27	2	2	30	0.181818	11	0.261905	FALSE	NA	NA	NA	NA	NA	NA
NC_045512.2	12123	C	T	10	2	27	1	1	31	0.0909091	11	0.52381	FALSE	NA	NA	NA	NA	NA	NA
NC_045512.2	12125	T	G	9	1	26	1	1	27	0.0909091	11	0.5	FALSE	NA	NA	NA	NA	NA	NA
NC_045512.2	12125	T	C	9	1	26	1	1	27	0.0909091	11	0.5	FALSE	NA	NA	NA	NA	NA	NA
NC_045512.2	12127	T	G	9	1	27	1	1	27	0.0909091	11	0.5	FALSE	NA	NA	NA	NA	NA	NA
NC_045512.2	12127	T	A	9	1	27	1	1	26	0.0909091	11	0.5	FALSE	NA	NA	NA	NA	NA	NA
NC_045512.2	12129	C	T	10	2	27	1	1	27	0.0909091	11	0.52381	FALSE	NA	NA	NA	NA	NA	NA
NC_045512.2	12130	A	T	9	1	26	2	2	29	0.181818	11	0.261905	FALSE	NA	NA	NA	NA	NA	NA
NC_045512.2	12131	G	A	9	1	26	2	2	32	0.181818	11	0.261905	FALSE	NA	NA	NA	NA	NA	NA
NC_045512.2	12132	C	T	9	1	25	1	1	34	0.0909091	11	0.5	FALSE	NA	NA	NA	NA	NA	NA
NC_045512.2	12132	C	G	9	1	25	1	1	27	0.0909091	11	0.5	FALSE	NA	NA	NA	NA	NA	NA
NC_045512.2	12133	T	A	4	1	26	1	1	28	0.2	5	0.555556	FALSE	NA	NA	NA	NA	NA	NA
NC_045512.2	12134	T	G	5	2	28	1	1	27	0.166667	6	0.545455	FALSE	NA	NA	NA	NA	NA	NA
NC_045512.2	12135	T	C	4	1	27	2	2	23	0.333333	6	0.272727	FALSE	NA	NA	NA	NA	NA	NA
NC_045512.2	12136	T	C	2	1	25	2	2	28	0.5	4	0.285714	FALSE	NA	NA	NA	NA	NA	NA
NC_045512.2	12137	G	T	4	1	27	1	1	28	0.166667	6	0.5	FALSE	NA	NA	NA	NA	NA	NA
NC_045512.2	12137	G	C	4	1	27	1	1	27	0.166667	6	0.5	FALSE	NA	NA	NA	NA	NA	NA
NC_045512.2	12138	C	T	5	2	27	1	1	23	0.166667	6	0.545455	FALSE	NA	NA	NA	NA	NA	NA
NC_045512.2	12139	T	A	5	2	27	1	1	28	0.166667	6	0.545455	FALSE	NA	NA	NA	NA	NA	NA
NC_045512.2	12140	A	G	4	1	28	1	1	28	0.166667	6	0.5	FALSE	NA	NA	NA	NA	NA	NA
NC_045512.2	12140	A	C	4	1	28	1	1	23	0.166667	6	0.5	FALSE	NA	NA	NA	NA	NA	NA
NC_045512.2	12141	C	A	5	2	28	1	1	27	0.166667	6	0.545455	FALSE	NA	NA	NA	NA	NA	NA
NC_045512.2	12142	T	G	4	1	28	1	1	27	0.166667	6	0.5	FALSE	NA	NA	NA	NA	NA	NA
NC_045512.2	12142	T	A	4	1	28	1	1	28	0.166667	6	0.5	FALSE	NA	NA	NA	NA	NA	NA
NC_045512.2	12143	G	T	4	1	27	2	2	25	0.333333	6	0.272727	FALSE	NA	NA	NA	NA	NA	NA
NC_045512.2	12144	C	T	5	2	27	1	1	29	0.166667	6	0.545455	FALSE	NA	NA	NA	NA	NA	NA
NC_045512.2	12145	T	A	5	2	27	1	1	27	0.166667	6	0.545455	FALSE	NA	NA	NA	NA	NA	NA
NC_045512.2	12146	C	T	4	1	26	1	1	27	0.166667	6	0.5	FALSE	NA	NA	NA	NA	NA	NA
NC_045512.2	12146	C	A	4	1	26	1	1	28	0.166667	6	0.5	FALSE	NA	NA	NA	NA	NA	NA
NC_045512.2	12147	A	G	6	3	25	1	1	27	0.142857	7	0.538462	FALSE	NA	NA	NA	NA	NA	NA
NC_045512.2	12148	A	T	5	3	26	2	2	23	0.285714	7	0.269231	FALSE	NA	NA	NA	NA	NA	NA
NC_045512.2	12149	G	T	5	2	27	1	1	27	0.125	8	0.461538	FALSE	NA	NA	NA	NA	NA	NA
NC_045512.2	12149	G	A	5	2	27	2	2	25	0.25	8	0.230769	FALSE	NA	NA	NA	NA	NA	NA
NC_045512.2	12150	A	C	4	1	27	4	4	24	0.5	8	0.0512821	FALSE	NA	NA	NA	NA	NA	NA
NC_045512.2	12151	A	C	7	4	23	1	1	28	0.125	8	0.533333	FALSE	NA	NA	NA	NA	NA	NA
NC_045512.2	12152	G	A	4	1	28	2	2	27	0.333333	6	0.272727	FALSE	NA	NA	NA	NA	NA	NA
NC_045512.2	12153	C	G	4	1	28	2	2	27	0.333333	6	0.272727	FALSE	NA	NA	NA	NA	NA	NA
NC_045512.2	12154	T	C	4	1	27	2	2	28	0.333333	6	0.272727	FALSE	NA	NA	NA	NA	NA	NA
NC_045512.2	12156	A	T	4	1	27	2	2	30	0.333333	6	0.272727	FALSE	NA	NA	NA	NA	NA	NA
NC_045512.2	12159	A	T	5	2	27	2	2	26	0.285714	7	0.269231	FALSE	NA	NA	NA	NA	NA	NA
NC_045512.2	12160	G	A	6	3	28	1	1	28	0.142857	7	0.538462	FALSE	NA	NA	NA	NA	NA	NA
NC_045512.2	12161	C	A	4	1	27	3	3	24	0.428571	7	0.122378	FALSE	NA	NA	NA	NA	NA	NA
NC_045512.2	12162	A	C	6	3	27	1	1	27	0.142857	7	0.538462	FALSE	NA	NA	NA	NA	NA	NA
NC_045512.2	12163	G	A	6	3	26	1	1	24	0.142857	7	0.538462	FALSE	NA	NA	NA	NA	NA	NA
NC_045512.2	12164	G	A	4	1	24	2	2	25	0.333333	6	0.272727	FALSE	NA	NA	NA	NA	NA	NA
NC_045512.2	12165	C	G	4	1	27	1	1	27	0.125	8	0.416667	FALSE	NA	NA	NA	NA	NA	NA
NC_045512.2	12165	C	A	4	1	27	3	3	26	0.375	8	0.0961538	FALSE	NA	NA	NA	NA	NA	NA
NC_045512.2	12166	T	C	4	1	27	1	1	27	0.125	8	0.416667	FALSE	NA	NA	NA	NA	NA	NA
NC_045512.2	12166	T	A	4	1	27	3	3	27	0.375	8	0.0961538	FALSE	NA	NA	NA	NA	NA	NA
NC_045512.2	12167	G	T	4	1	28	3	3	25	0.375	8	0.0961538	FALSE	NA	NA	NA	NA	NA	NA
NC_045512.2	12167	G	A	4	1	28	1	1	26	0.125	8	0.416667	FALSE	NA	NA	NA	NA	NA	NA
NC_045512.2	12168	T	G	5	2	27	2	2	26	0.25	8	0.230769	FALSE	NA	NA	NA	NA	NA	NA
NC_045512.2	12168	T	C	5	2	27	1	1	27	0.125	8	0.461538	FALSE	NA	NA	NA	NA	NA	NA
NC_045512.2	12169	T	C	5	2	25	2	2	26	0.25	8	0.230769	FALSE	NA	NA	NA	NA	NA	NA
NC_045512.2	12169	T	A	5	2	25	1	1	21	0.125	8	0.461538	FALSE	NA	NA	NA	NA	NA	NA
NC_045512.2	12170	G	T	5	2	27	2	2	27	0.25	8	0.230769	FALSE	NA	NA	NA	NA	NA	NA
NC_045512.2	12170	G	A	5	2	27	1	1	27	0.125	8	0.461538	FALSE	NA	NA	NA	NA	NA	NA
NC_045512.2	12171	C	T	4	1	28	1	1	30	0.125	8	0.416667	FALSE	NA	NA	NA	NA	NA	NA
NC_045512.2	12171	C	G	4	1	28	3	3	24	0.375	8	0.0961538	FALSE	NA	NA	NA	NA	NA	NA
NC_045512.2	12172	T	G	4	1	27	3	3	27	0.375	8	0.0961538	FALSE	NA	NA	NA	NA	NA	NA
NC_045512.2	12172	T	C	4	1	27	1	1	25	0.125	8	0.416667	FALSE	NA	NA	NA	NA	NA	NA
NC_045512.2	12174	A	T	4	2	25	1	1	26	0.142857	7	0.454545	FALSE	NA	NA	NA	NA	NA	NA
NC_045512.2	12174	A	C	4	2	25	2	2	26	0.285714	7	0.227273	FALSE	NA	NA	NA	NA	NA	NA
NC_045512.2	12175	T	G	5	2	26	1	1	28	0.125	8	0.461538	FALSE	NA	NA	NA	NA	NA	NA
NC_045512.2	12175	T	A	5	2	26	2	2	22	0.25	8	0.230769	FALSE	NA	NA	NA	NA	NA	NA
NC_045512.2	12176	G	A	5	2	27	3	3	25	0.375	8	0.123077	FALSE	NA	NA	NA	NA	NA	NA
NC_045512.2	12177	G	T	4	1	24	1	1	26	0.125	8	0.416667	FALSE	NA	NA	NA	NA	NA	NA
NC_045512.2	12177	G	C	4	1	24	2	2	27	0.25	8	0.192308	FALSE	NA	NA	NA	NA	NA	NA
NC_045512.2	12177	G	A	4	1	24	1	1	30	0.125	8	0.416667	FALSE	NA	NA	NA	NA	NA	NA
NC_045512.2	12178	T	G	4	1	28	1	1	27	0.125	8	0.416667	FALSE	NA	NA	NA	NA	NA	NA
NC_045512.2	12178	T	A	4	1	28	3	3	29	0.375	8	0.0961538	FALSE	NA	NA	NA	NA	NA	NA
NC_045512.2	12179	G	T	6	3	26	1	1	28	0.125	8	0.5	FALSE	NA	NA	NA	NA	NA	NA
NC_045512.2	12179	G	A	6	3	26	1	1	22	0.125	8	0.5	FALSE	NA	NA	NA	NA	NA	NA
NC_045512.2	12180	A	G	5	2	27	3	3	28	0.375	8	0.123077	FALSE	NA	NA	NA	NA	NA	NA
NC_045512.2	12181	T	G	4	1	26	3	3	27	0.375	8	0.0961538	FALSE	NA	NA	NA	NA	NA	NA
NC_045512.2	12181	T	C	4	1	26	1	1	27	0.125	8	0.416667	FALSE	NA	NA	NA	NA	NA	NA
NC_045512.2	12182	T	C	5	2	25	2	2	27	0.285714	7	0.269231	FALSE	NA	NA	NA	NA	NA	NA
NC_045512.2	12183	C	G	4	1	27	1	1	24	0.125	8	0.416667	FALSE	NA	NA	NA	NA	NA	NA
NC_045512.2	12183	C	A	4	1	27	3	3	24	0.375	8	0.0961538	FALSE	NA	NA	NA	NA	NA	NA
NC_045512.2	12184	T	G	4	1	28	1	1	28	0.125	8	0.416667	FALSE	NA	NA	NA	NA	NA	NA
NC_045512.2	12184	T	A	4	1	28	3	3	28	0.375	8	0.0961538	FALSE	NA	NA	NA	NA	NA	NA
NC_045512.2	12185	G	T	4	1	28	1	1	27	0.125	8	0.416667	FALSE	NA	NA	NA	NA	NA	NA
NC_045512.2	12185	G	C	4	1	28	2	2	23	0.25	8	0.192308	FALSE	NA	NA	NA	NA	NA	NA
NC_045512.2	12185	G	A	4	1	28	1	1	28	0.125	8	0.416667	FALSE	NA	NA	NA	NA	NA	NA
NC_045512.2	12186	A	G	3	0	27	1	1	27	0.142857	7	0.4	FALSE	NA	NA	NA	NA	NA	NA
NC_045512.2	12186	A	C	3	0	27	3	3	28	0.428571	7	0.0909091	FALSE	NA	NA	NA	NA	NA	NA
NC_045512.2	12187	A	T	4	1	24	2	2	23	0.285714	7	0.227273	FALSE	NA	NA	NA	NA	NA	NA
NC_045512.2	12187	A	C	4	1	24	1	1	27	0.142857	7	0.454545	FALSE	NA	NA	NA	NA	NA	NA
NC_045512.2	12188	G	T	3	0	28	3	3	27	0.428571	7	0.0909091	FALSE	NA	NA	NA	NA	NA	NA
NC_045512.2	12188	G	A	3	0	28	1	1	27	0.142857	7	0.4	FALSE	NA	NA	NA	NA	NA	NA
NC_045512.2	12189	T	G	3	0	28	1	1	23	0.142857	7	0.4	FALSE	NA	NA	NA	NA	NA	NA
NC_045512.2	12189	T	C	3	0	28	1	1	27	0.142857	7	0.4	FALSE	NA	NA	NA	NA	NA	NA
NC_045512.2	12189	T	A	3	0	28	2	2	27	0.285714	7	0.181818	FALSE	NA	NA	NA	NA	NA	NA
NC_045512.2	12190	T	G	3	0	23	1	1	27	0.142857	7	0.4	FALSE	NA	NA	NA	NA	NA	NA
NC_045512.2	12190	T	C	3	0	23	2	2	26	0.285714	7	0.181818	FALSE	NA	NA	NA	NA	NA	NA
NC_045512.2	12190	T	A	3	0	23	1	1	27	0.142857	7	0.4	FALSE	NA	NA	NA	NA	NA	NA
NC_045512.2	12191	G	A	4	1	26	3	3	23	0.428571	7	0.122378	FALSE	NA	NA	NA	NA	NA	NA
NC_045512.2	12192	T	G	3	0	27	1	1	31	0.142857	7	0.4	FALSE	NA	NA	NA	NA	NA	NA
NC_045512.2	12192	T	C	3	0	27	1	1	27	0.142857	7	0.4	FALSE	NA	NA	NA	NA	NA	NA
NC_045512.2	12192	T	A	3	0	27	2	2	27	0.285714	7	0.181818	FALSE	NA	NA	NA	NA	NA	NA
NC_045512.2	12193	T	G	3	0	23	3	3	28	0.428571	7	0.0909091	FALSE	NA	NA	NA	NA	NA	NA
NC_045512.2	12193	T	A	3	0	23	1	1	22	0.142857	7	0.4	FALSE	NA	NA	NA	NA	NA	NA
NC_045512.2	12194	C	A	6	3	26	1	1	28	0.142857	7	0.538462	FALSE	NA	NA	NA	NA	NA	NA
NC_045512.2	12195	T	C	5	2	26	1	1	27	0.142857	7	0.5	FALSE	NA	NA	NA	NA	NA	NA
NC_045512.2	12195	T	A	5	2	26	1	1	24	0.142857	7	0.5	FALSE	NA	NA	NA	NA	NA	NA
NC_045512.2	12196	T	A	2	0	22	4	4	26	0.666667	6	0.0454545	FALSE	NA	NA	NA	NA	NA	NA
NC_045512.2	12197	A	T	3	0	25	2	2	27	0.333333	6	0.222222	FALSE	NA	NA	NA	NA	NA	NA
NC_045512.2	12197	A	C	3	0	25	1	1	24	0.166667	6	0.444444	FALSE	NA	NA	NA	NA	NA	NA
NC_045512.2	12198	A	G	5	2	27	1	1	23	0.142857	7	0.5	FALSE	NA	NA	NA	NA	NA	NA
NC_045512.2	12198	A	C	5	2	27	1	1	29	0.142857	7	0.5	FALSE	NA	NA	NA	NA	NA	NA
NC_045512.2	12199	A	T	3	0	28	1	1	24	0.142857	7	0.4	FALSE	NA	NA	NA	NA	NA	NA
NC_045512.2	12199	A	G	3	0	28	3	3	24	0.428571	7	0.0909091	FALSE	NA	NA	NA	NA	NA	NA
NC_045512.2	12200	A	T	3	0	28	1	1	29	0.166667	6	0.444444	FALSE	NA	NA	NA	NA	NA	NA
NC_045512.2	12200	A	C	3	0	28	2	2	23	0.333333	6	0.222222	FALSE	NA	NA	NA	NA	NA	NA
NC_045512.2	12201	A	C	2	2	25	2	2	25	0.5	4	0.285714	FALSE	NA	NA	NA	NA	NA	NA
NC_045512.2	12202	G	T	3	0	27	2	2	25	0.285714	7	0.181818	FALSE	NA	NA	NA	NA	NA	NA
NC_045512.2	12202	G	C	3	0	27	1	1	27	0.142857	7	0.4	FALSE	NA	NA	NA	NA	NA	NA
NC_045512.2	12202	G	A	3	0	27	1	1	27	0.142857	7	0.4	FALSE	NA	NA	NA	NA	NA	NA
NC_045512.2	12203	T	C	3	0	27	3	3	26	0.428571	7	0.0909091	FALSE	NA	NA	NA	NA	NA	NA
NC_045512.2	12203	T	A	3	0	27	1	1	23	0.142857	7	0.4	FALSE	NA	NA	NA	NA	NA	NA
NC_045512.2	12204	T	C	3	0	22	1	1	29	0.142857	7	0.4	FALSE	NA	NA	NA	NA	NA	NA
NC_045512.2	12204	T	A	3	0	22	3	3	27	0.428571	7	0.0909091	FALSE	NA	NA	NA	NA	NA	NA
NC_045512.2	12205	G	T	6	3	26	1	1	24	0.142857	7	0.538462	FALSE	NA	NA	NA	NA	NA	NA
NC_045512.2	12206	A	T	5	2	27	1	1	30	0.142857	7	0.5	FALSE	NA	NA	NA	NA	NA	NA
NC_045512.2	12206	A	C	5	2	27	1	1	30	0.142857	7	0.5	FALSE	NA	NA	NA	NA	NA	NA
NC_045512.2	12207	A	T	3	1	24	1	1	29	0.166667	6	0.444444	FALSE	NA	NA	NA	NA	NA	NA
NC_045512.2	12207	A	G	3	1	24	2	2	27	0.333333	6	0.222222	FALSE	NA	NA	NA	NA	NA	NA
NC_045512.2	12208	G	T	3	0	27	1	1	23	0.166667	6	0.444444	FALSE	NA	NA	NA	NA	NA	NA
NC_045512.2	12208	G	C	3	0	27	1	1	24	0.166667	6	0.444444	FALSE	NA	NA	NA	NA	NA	NA
NC_045512.2	12208	G	A	3	0	27	1	1	29	0.166667	6	0.444444	FALSE	NA	NA	NA	NA	NA	NA
NC_045512.2	12209	A	T	3	0	28	3	3	28	0.5	6	0.121212	FALSE	NA	NA	NA	NA	NA	NA
NC_045512.2	12210	A	T	5	2	25	2	2	26	0.285714	7	0.269231	FALSE	NA	NA	NA	NA	NA	NA
NC_045512.2	12211	G	A	5	2	27	2	2	26	0.285714	7	0.269231	FALSE	NA	NA	NA	NA	NA	NA
NC_045512.2	12212	T	G	3	0	27	2	2	27	0.285714	7	0.181818	FALSE	NA	NA	NA	NA	NA	NA
NC_045512.2	12212	T	C	3	0	27	2	2	25	0.285714	7	0.181818	FALSE	NA	NA	NA	NA	NA	NA
NC_045512.2	12213	C	T	11	1	27	3	3	24	0.214286	14	0.124444	FALSE	NA	NA	NA	NA	NA	NA
NC_045512.2	12214	T	A	13	3	27	1	1	27	0.0714286	14	0.518519	FALSE	NA	NA	NA	NA	NA	NA
NC_045512.2	12215	T	C	11	1	27	2	2	25	0.153846	13	0.26	FALSE	NA	NA	NA	NA	NA	NA
NC_045512.2	12216	T	C	6	0	22	2	2	27	0.2	10	0.205882	FALSE	NA	NA	NA	NA	NA	NA
NC_045512.2	12216	T	A	6	0	22	2	2	27	0.2	10	0.205882	FALSE	NA	NA	NA	NA	NA	NA
NC_045512.2	12217	G	C	12	2	27	2	2	27	0.142857	14	0.259259	FALSE	NA	NA	NA	NA	NA	NA
NC_045512.2	12218	A	T	11	1	27	1	1	23	0.0769231	13	0.5	FALSE	NA	NA	NA	NA	NA	NA
NC_045512.2	12218	A	C	11	1	27	1	1	27	0.0769231	13	0.5	FALSE	NA	NA	NA	NA	NA	NA
NC_045512.2	12219	A	T	10	0	22	2	2	27	0.142857	14	0.22	FALSE	NA	NA	NA	NA	NA	NA
NC_045512.2	12219	A	G	10	0	22	1	1	26	0.0714286	14	0.458333	FALSE	NA	NA	NA	NA	NA	NA
NC_045512.2	12219	A	C	10	0	22	1	1	34	0.0714286	14	0.458333	FALSE	NA	NA	NA	NA	NA	NA
NC_045512.2	12220	T	C	11	1	27	2	2	22	0.153846	13	0.26	FALSE	NA	NA	NA	NA	NA	NA
NC_045512.2	12221	G	T	10	0	26	1	1	25	0.0714286	14	0.458333	FALSE	NA	NA	NA	NA	NA	NA
NC_045512.2	12221	G	C	10	0	26	3	3	26	0.214286	14	0.11	FALSE	NA	NA	NA	NA	NA	NA
NC_045512.2	12222	T	A	12	1	25	3	3	26	0.2	15	0.124521	FALSE	NA	NA	NA	NA	NA	NA
NC_045512.2	12223	G	T	12	1	27	2	2	26	0.133333	15	0.240741	FALSE	NA	NA	NA	NA	NA	NA
NC_045512.2	12223	G	A	12	1	27	1	1	25	0.0666667	15	0.481481	FALSE	NA	NA	NA	NA	NA	NA
NC_045512.2	12224	G	C	10	1	23	2	2	27	0.153846	13	0.23913	FALSE	NA	NA	NA	NA	NA	NA
NC_045512.2	12224	G	A	10	1	23	1	1	28	0.0769231	13	0.478261	FALSE	NA	NA	NA	NA	NA	NA
NC_045512.2	12225	C	G	11	0	26	1	1	26	0.0714286	14	0.48	FALSE	NA	NA	NA	NA	NA	NA
NC_045512.2	12225	C	A	11	0	26	2	2	27	0.142857	14	0.24	FALSE	NA	NA	NA	NA	NA	NA
NC_045512.2	12227	A	T	27	3	27	1	1	27	0.0344828	29	0.5	FALSE	NA	NA	NA	NA	NA	NA
NC_045512.2	12227	A	C	27	3	27	1	1	22	0.0344828	29	0.5	FALSE	NA	NA	NA	NA	NA	NA
NC_045512.2	12228	A	T	26	2	27	3	3	25	0.1	30	0.118421	FALSE	NA	NA	NA	NA	NA	NA
NC_045512.2	12228	A	C	26	2	27	1	1	28	0.0333333	30	0.482143	FALSE	NA	NA	NA	NA	NA	NA
NC_045512.2	12229	A	G	22	4	22	2	2	26	0.08	25	0.244681	FALSE	NA	NA	NA	NA	NA	NA
NC_045512.2	12229	A	C	22	4	22	1	1	28	0.04	25	0.489362	FALSE	NA	NA	NA	NA	NA	NA
NC_045512.2	12230	T	G	28	4	26	1	1	25	0.0322581	31	0.491525	FALSE	NA	NA	NA	NA	NA	NA
NC_045512.2	12230	T	C	28	4	26	2	2	27	0.0645161	31	0.245763	FALSE	NA	NA	NA	NA	NA	NA
NC_045512.2	12231	C	T	27	3	27	2	2	25	0.0645161	31	0.237288	FALSE	NA	NA	NA	NA	NA	NA
NC_045512.2	12231	C	A	27	3	27	2	2	26	0.0645161	31	0.237288	FALSE	NA	NA	NA	NA	NA	NA
NC_045512.2	12232	T	G	28	4	26	2	2	27	0.0645161	31	0.245763	FALSE	NA	NA	NA	NA	NA	NA
NC_045512.2	12232	T	C	28	4	26	1	1	23	0.0322581	31	0.491525	FALSE	NA	NA	NA	NA	NA	NA
NC_045512.2	12233	G	C	27	3	27	3	3	29	0.1	30	0.124888	FALSE	NA	NA	NA	NA	NA	NA
NC_045512.2	12234	A	T	28	4	27	2	2	20	0.0645161	31	0.245763	FALSE	NA	NA	NA	NA	NA	NA
NC_045512.2	12234	A	C	28	4	27	1	1	27	0.0322581	31	0.491525	FALSE	NA	NA	NA	NA	NA	NA
NC_045512.2	12235	A	T	25	3	23	3	3	30	0.103448	29	0.118182	FALSE	NA	NA	NA	NA	NA	NA
NC_045512.2	12235	A	C	25	3	23	1	1	27	0.0344828	29	0.481481	FALSE	NA	NA	NA	NA	NA	NA
NC_045512.2	12236	T	C	28	5	26	1	1	29	0.0344828	29	0.508772	FALSE	NA	NA	NA	NA	NA	NA
NC_045512.2	12237	T	A	29	6	27	1	1	28	0.0333333	30	0.508475	FALSE	NA	NA	NA	NA	NA	NA
NC_045512.2	12238	T	G	25	4	22	2	2	27	0.0714286	28	0.245283	FALSE	NA	NA	NA	NA	NA	NA
NC_045512.2	12238	T	C	25	4	22	1	1	22	0.0357143	28	0.490566	FALSE	NA	NA	NA	NA	NA	NA
NC_045512.2	12239	G	C	26	3	27	3	3	26	0.1	30	0.118421	FALSE	NA	NA	NA	NA	NA	NA
NC_045512.2	12239	G	A	26	3	27	1	1	27	0.0333333	30	0.482143	FALSE	NA	NA	NA	NA	NA	NA
NC_045512.2	12240	A	T	27	4	27	3	3	27	0.1	30	0.124888	FALSE	NA	NA	NA	NA	NA	NA
NC_045512.2	12241	C	T	26	3	27	1	1	21	0.0333333	30	0.482143	FALSE	NA	NA	NA	NA	NA	NA
NC_045512.2	12241	C	G	26	3	27	1	1	27	0.0333333	30	0.482143	FALSE	NA	NA	NA	NA	NA	NA
NC_045512.2	12241	C	A	26	3	27	2	2	28	0.0666667	30	0.236842	FALSE	NA	NA	NA	NA	NA	NA
NC_045512.2	12243	G	T	26	3	27	2	2	27	0.0666667	30	0.236842	FALSE	NA	NA	NA	NA	NA	NA
NC_045512.2	12243	G	A	26	3	27	2	2	24	0.0666667	30	0.236842	FALSE	NA	NA	NA	NA	NA	NA
NC_045512.2	12244	T	G	27	4	27	3	3	27	0.1	30	0.124888	FALSE	NA	NA	NA	NA	NA	NA
NC_045512.2	12245	G	C	26	3	27	3	3	25	0.1	30	0.118421	FALSE	NA	NA	NA	NA	NA	NA
NC_045512.2	12245	G	A	26	3	27	1	1	22	0.0333333	30	0.482143	FALSE	NA	NA	NA	NA	NA	NA
NC_045512.2	12246	A	T	26	3	27	3	3	26	0.103448	29	0.12488	FALSE	NA	NA	NA	NA	NA	NA
NC_045512.2	12247	T	G	27	4	27	1	1	24	0.0333333	30	0.491228	FALSE	NA	NA	NA	NA	NA	NA
NC_045512.2	12247	T	C	27	4	27	2	2	29	0.0666667	30	0.245614	FALSE	NA	NA	NA	NA	NA	NA
NC_045512.2	12248	G	T	26	3	27	1	1	22	0.0333333	30	0.482143	FALSE	NA	NA	NA	NA	NA	NA
NC_045512.2	12248	G	C	26	3	27	1	1	25	0.0333333	30	0.482143	FALSE	NA	NA	NA	NA	NA	NA
NC_045512.2	12248	G	A	26	3	27	2	2	23	0.0666667	30	0.236842	FALSE	NA	NA	NA	NA	NA	NA
NC_045512.2	12249	C	T	26	3	27	1	1	22	0.0333333	30	0.482143	FALSE	NA	NA	NA	NA	NA	NA
NC_045512.2	12249	C	A	26	3	27	3	3	28	0.1	30	0.118421	FALSE	NA	NA	NA	NA	NA	NA
NC_045512.2	12250	A	G	26	3	27	4	4	26	0.133333	30	0.0602141	FALSE	NA	NA	NA	NA	NA	NA
NC_045512.2	12251	G	C	26	3	27	2	2	29	0.0666667	30	0.236842	FALSE	NA	NA	NA	NA	NA	NA
NC_045512.2	12251	G	A	26	3	27	2	2	22	0.0666667	30	0.236842	FALSE	NA	NA	NA	NA	NA	NA
NC_045512.2	12252	C	T	25	2	27	1	1	27	0.0357143	28	0.490566	FALSE	NA	NA	NA	NA	NA	NA
NC_045512.2	12252	C	A	25	2	27	2	2	28	0.0714286	28	0.245283	FALSE	NA	NA	NA	NA	NA	NA
NC_045512.2	12253	C	T	25	3	23	1	1	31	0.0344828	29	0.481481	FALSE	NA	NA	NA	NA	NA	NA
NC_045512.2	12253	C	G	25	3	23	2	2	28	0.0689655	29	0.236364	FALSE	NA	NA	NA	NA	NA	NA
NC_045512.2	12253	C	A	25	3	23	1	1	28	0.0344828	29	0.481481	FALSE	NA	NA	NA	NA	NA	NA
NC_045512.2	12254	A	T	26	3	27	1	1	31	0.0333333	30	0.482143	FALSE	NA	NA	NA	NA	NA	NA
NC_045512.2	12254	A	C	26	3	27	3	3	29	0.1	30	0.118421	FALSE	NA	NA	NA	NA	NA	NA
NC_045512.2	12256	G	T	27	4	26	2	2	27	0.0689655	29	0.254386	FALSE	NA	NA	NA	NA	NA	NA
NC_045512.2	12257	C	A	27	4	26	2	2	27	0.0689655	29	0.254386	FALSE	NA	NA	NA	NA	NA	NA
NC_045512.2	12258	A	T	24	3	26	4	4	26	0.137931	29	0.0557461	FALSE	NA	NA	NA	NA	NA	NA
NC_045512.2	12258	A	G	24	3	26	1	0	27	0.0344828	29	0.471698	FALSE	NA	NA	NA	NA	NA	NA
NC_045512.2	12259	A	G	25	4	23	2	2	27	0.0714286	28	0.245283	FALSE	NA	NA	NA	NA	NA	NA
NC_045512.2	12259	A	C	25	4	23	1	1	28	0.0357143	28	0.490566	FALSE	NA	NA	NA	NA	NA	NA
NC_045512.2	12260	C	A	27	4	26	3	3	26	0.1	30	0.124888	FALSE	NA	NA	NA	NA	NA	NA
NC_045512.2	12261	G	T	28	5	25	1	1	23	0.0333333	30	0.5	FALSE	NA	NA	NA	NA	NA	NA
NC_045512.2	12261	G	A	28	5	25	1	1	29	0.0333333	30	0.5	FALSE	NA	NA	NA	NA	NA	NA
NC_045512.2	12262	T	G	25	3	25	2	2	26	0.0689655	29	0.236364	FALSE	NA	NA	NA	NA	NA	NA
NC_045512.2	12262	T	C	25	3	25	2	2	24	0.0689655	29	0.236364	FALSE	NA	NA	NA	NA	NA	NA
NC_045512.2	12266	T	C	25	3	26	1	1	28	0.0384615	26	0.509804	FALSE	NA	NA	NA	NA	NA	NA
NC_045512.2	12268	G	T	25	3	26	1	1	28	0.0384615	26	0.509804	FALSE	NA	NA	NA	NA	NA	NA
NC_045512.2	12269	G	A	19	3	22	1	1	27	0.05	20	0.512821	FALSE	NA	NA	NA	NA	NA	NA
NC_045512.2	12270	A	T	24	2	25	1	1	28	0.04	25	0.510204	FALSE	NA	NA	NA	NA	NA	NA
NC_045512.2	12271	A	G	25	3	26	1	1	29	0.0384615	26	0.509804	FALSE	NA	NA	NA	NA	NA	NA
NC_045512.2	12273	A	G	7	3	23	1	1	27	0.125	8	0.533333	FALSE	NA	NA	NA	NA	NA	NA
NC_045512.2	12274	G	C	25	3	26	1	1	28	0.0384615	26	0.509804	FALSE	NA	NA	NA	NA	NA	NA
NC_045512.2	12285	A	T	25	3	28	1	1	21	0.0384615	26	0.509804	FALSE	NA	NA	NA	NA	NA	NA
NC_045512.2	12286	A	T	23	3	24	1	1	28	0.0416667	24	0.510638	FALSE	NA	NA	NA	NA	NA	NA
NC_045512.2	12287	G	T	25	3	27	1	1	27	0.0384615	26	0.509804	FALSE	NA	NA	NA	NA	NA	NA
NC_045512.2	12288	C	G	25	3	27	1	1	28	0.0384615	26	0.509804	FALSE	NA	NA	NA	NA	NA	NA
NC_045512.2	12289	T	A	25	3	27	1	1	23	0.0384615	26	0.509804	FALSE	NA	NA	NA	NA	NA	NA
NC_045512.2	12291	T	C	26	4	27	1	1	25	0.037037	27	0.509434	FALSE	NA	NA	NA	NA	NA	NA
NC_045512.2	12293	A	T	42	8	27	2	2	28	0.0454545	44	0.252874	FALSE	NA	NA	NA	NA	NA	NA
NC_045512.2	12294	C	T	38	4	27	1	1	27	0.025	40	0.5	FALSE	NA	NA	NA	NA	NA	NA
NC_045512.2	12294	C	G	38	4	27	1	1	23	0.025	40	0.5	FALSE	NA	NA	NA	NA	NA	NA
NC_045512.2	12295	C	G	41	8	28	2	2	27	0.0465116	43	0.252941	FALSE	NA	NA	NA	NA	NA	NA
NC_045512.2	12296	C	A	35	9	23	1	1	21	0.0277778	36	0.507042	FALSE	NA	NA	NA	NA	NA	NA
NC_045512.2	12297	A	T	40	7	26	1	1	25	0.0243902	41	0.506173	FALSE	NA	NA	NA	NA	NA	NA
NC_045512.2	12298	A	T	41	8	29	1	1	28	0.0238095	42	0.506024	FALSE	NA	NA	NA	NA	NA	NA
NC_045512.2	12299	A	G	41	9	23	1	1	28	0.0238095	42	0.506024	FALSE	NA	NA	NA	NA	NA	NA
NC_045512.2	12300	T	A	42	9	26	1	1	25	0.0232558	43	0.505882	FALSE	NA	NA	NA	NA	NA	NA
NC_045512.2	12301	G	T	42	9	26	1	1	25	0.0232558	43	0.505882	FALSE	NA	NA	NA	NA	NA	NA
NC_045512.2	12302	T	G	42	8	26	1	1	27	0.0227273	44	0.5	FALSE	NA	NA	NA	NA	NA	NA
NC_045512.2	12302	T	C	42	8	26	1	1	27	0.0227273	44	0.5	FALSE	NA	NA	NA	NA	NA	NA
NC_045512.2	12303	A	T	41	8	27	1	1	27	0.0232558	43	0.5	FALSE	NA	NA	NA	NA	NA	NA
NC_045512.2	12303	A	C	41	8	27	1	1	27	0.0232558	43	0.5	FALSE	NA	NA	NA	NA	NA	NA
NC_045512.2	12304	T	G	43	9	27	1	1	27	0.0227273	44	0.505747	FALSE	NA	NA	NA	NA	NA	NA
NC_045512.2	12306	A	G	43	10	28	1	0	29	0.0227273	44	0.505747	FALSE	NA	NA	NA	NA	NA	NA
NC_045512.2	12307	A	T	36	9	23	1	1	23	0.027027	37	0.506849	FALSE	NA	NA	NA	NA	NA	NA
NC_045512.2	12308	C	T	42	8	26	2	2	28	0.0454545	44	0.252874	FALSE	NA	NA	NA	NA	NA	NA
NC_045512.2	12309	A	T	42	8	27	1	1	28	0.0227273	44	0.5	FALSE	NA	NA	NA	NA	NA	NA
NC_045512.2	12309	A	C	42	8	27	1	1	27	0.0227273	44	0.5	FALSE	NA	NA	NA	NA	NA	NA
NC_045512.2	12310	G	T	42	8	27	1	1	27	0.0232558	43	0.505882	FALSE	NA	NA	NA	NA	NA	NA
NC_045512.2	12311	G	A	41	9	24	1	1	27	0.0238095	42	0.506024	FALSE	NA	NA	NA	NA	NA	NA
NC_045512.2	12312	C	A	43	9	27	1	1	22	0.0227273	44	0.505747	FALSE	NA	NA	NA	NA	NA	NA
NC_045512.2	12313	T	G	42	8	27	1	1	24	0.0222222	45	0.494253	FALSE	NA	NA	NA	NA	NA	NA
NC_045512.2	12313	T	C	42	8	27	1	1	27	0.0222222	45	0.494253	FALSE	NA	NA	NA	NA	NA	NA
NC_045512.2	12313	T	A	42	8	27	1	1	27	0.0222222	45	0.494253	FALSE	NA	NA	NA	NA	NA	NA
NC_045512.2	12314	A	T	43	9	27	1	1	21	0.0212766	47	0.488889	FALSE	NA	NA	NA	NA	NA	NA
NC_045512.2	12314	A	G	43	9	27	2	2	27	0.0425532	47	0.241758	FALSE	NA	NA	NA	NA	NA	NA
NC_045512.2	12314	A	C	43	9	27	1	1	25	0.0212766	47	0.488889	FALSE	NA	NA	NA	NA	NA	NA
NC_045512.2	12315	G	T	42	8	27	2	2	28	0.0434783	46	0.241573	FALSE	NA	NA	NA	NA	NA	NA
NC_045512.2	12315	G	C	42	8	27	1	1	23	0.0217391	46	0.488636	FALSE	NA	NA	NA	NA	NA	NA
NC_045512.2	12315	G	A	42	8	27	1	1	27	0.0217391	46	0.488636	FALSE	NA	NA	NA	NA	NA	NA
NC_045512.2	12316	A	T	42	8	27	2	2	27	0.0425532	47	0.236205	FALSE	NA	NA	NA	NA	NA	NA
NC_045512.2	12316	A	G	42	8	27	1	1	27	0.0212766	47	0.483146	FALSE	NA	NA	NA	NA	NA	NA
NC_045512.2	12316	A	C	42	8	27	2	2	28	0.0425532	47	0.236205	FALSE	NA	NA	NA	NA	NA	NA
NC_045512.2	12317	T	G	42	9	26	1	1	27	0.0217391	46	0.488636	FALSE	NA	NA	NA	NA	NA	NA
NC_045512.2	12317	T	C	42	9	26	2	2	28	0.0434783	46	0.241573	FALSE	NA	NA	NA	NA	NA	NA
NC_045512.2	12317	T	A	42	9	26	1	1	23	0.0217391	46	0.488636	FALSE	NA	NA	NA	NA	NA	NA
NC_045512.2	12318	C	T	42	9	26	1	1	24	0.0217391	46	0.488636	FALSE	NA	NA	NA	NA	NA	NA
NC_045512.2	12318	C	G	42	9	26	1	1	25	0.0217391	46	0.488636	FALSE	NA	NA	NA	NA	NA	NA
NC_045512.2	12318	C	A	42	9	26	2	2	25	0.0434783	46	0.241573	FALSE	NA	NA	NA	NA	NA	NA
NC_045512.2	12319	T	G	41	8	26	1	1	23	0.0217391	46	0.482759	FALSE	NA	NA	NA	NA	NA	NA
NC_045512.2	12319	T	C	41	8	26	1	1	24	0.0217391	46	0.482759	FALSE	NA	NA	NA	NA	NA	NA
NC_045512.2	12319	T	A	41	8	26	3	3	25	0.0652174	46	0.116621	FALSE	NA	NA	NA	NA	NA	NA
NC_045512.2	12320	G	C	41	8	27	2	2	27	0.0434783	46	0.235893	FALSE	NA	NA	NA	NA	NA	NA
NC_045512.2	12320	G	A	41	8	27	3	3	28	0.0652174	46	0.116621	FALSE	NA	NA	NA	NA	NA	NA
NC_045512.2	12321	A	T	42	10	26	2	2	29	0.0444444	45	0.247126	FALSE	NA	NA	NA	NA	NA	NA
NC_045512.2	12321	A	G	42	10	26	1	1	28	0.0222222	45	0.494253	FALSE	NA	NA	NA	NA	NA	NA
NC_045512.2	12322	G	T	43	11	26	2	2	28	0.0444444	45	0.252809	FALSE	NA	NA	NA	NA	NA	NA
NC_045512.2	12323	G	T	35	10	24	2	2	27	0.0526316	38	0.246575	FALSE	NA	NA	NA	NA	NA	NA
NC_045512.2	12323	G	C	35	10	24	1	1	24	0.0263158	38	0.493151	FALSE	NA	NA	NA	NA	NA	NA
NC_045512.2	12324	A	T	41	10	26	1	1	29	0.0227273	44	0.494118	FALSE	NA	NA	NA	NA	NA	NA
NC_045512.2	12324	A	G	41	10	26	1	1	23	0.0227273	44	0.494118	FALSE	NA	NA	NA	NA	NA	NA
NC_045512.2	12324	A	C	41	10	26	1	1	28	0.0227273	44	0.494118	FALSE	NA	NA	NA	NA	NA	NA
NC_045512.2	12325	C	T	38	8	26	2	2	27	0.0465116	43	0.234869	FALSE	NA	NA	NA	NA	NA	NA
NC_045512.2	12325	C	G	38	8	26	1	1	28	0.0232558	43	0.481481	FALSE	NA	NA	NA	NA	NA	NA
NC_045512.2	12325	C	A	38	8	26	2	2	27	0.0465116	43	0.234869	FALSE	NA	NA	NA	NA	NA	NA
NC_045512.2	12326	A	T	37	7	26	2	2	25	0.0487805	41	0.240506	FALSE	NA	NA	NA	NA	NA	NA
NC_045512.2	12326	A	G	37	7	26	1	1	28	0.0243902	41	0.487179	FALSE	NA	NA	NA	NA	NA	NA
NC_045512.2	12326	A	C	37	7	26	1	1	28	0.0243902	41	0.487179	FALSE	NA	NA	NA	NA	NA	NA
NC_045512.2	12327	A	T	38	10	23	1	1	22	0.0243902	41	0.493671	FALSE	NA	NA	NA	NA	NA	NA
NC_045512.2	12327	A	G	38	10	23	1	1	23	0.0243902	41	0.493671	FALSE	NA	NA	NA	NA	NA	NA
NC_045512.2	12327	A	C	38	10	23	1	1	28	0.0243902	41	0.493671	FALSE	NA	NA	NA	NA	NA	NA
NC_045512.2	12328	G	C	38	8	26	1	1	23	0.0238095	42	0.4875	FALSE	NA	NA	NA	NA	NA	NA
NC_045512.2	12328	G	A	38	8	26	3	3	28	0.0714286	42	0.12037	FALSE	NA	NA	NA	NA	NA	NA
NC_045512.2	12329	A	G	40	11	26	1	1	28	0.0238095	42	0.5	FALSE	NA	NA	NA	NA	NA	NA
NC_045512.2	12329	A	C	40	11	26	1	1	27	0.0238095	42	0.5	FALSE	NA	NA	NA	NA	NA	NA
NC_045512.2	12330	G	C	35	6	26	2	2	24	0.05	40	0.233684	FALSE	NA	NA	NA	NA	NA	NA
NC_045512.2	12330	G	A	35	6	26	3	3	26	0.075	40	0.115325	FALSE	NA	NA	NA	NA	NA	NA
NC_045512.2	12331	G	T	36	9	28	1	1	22	0.025	40	0.486842	FALSE	NA	NA	NA	NA	NA	NA
NC_045512.2	12331	G	C	36	9	28	2	2	28	0.05	40	0.24026	FALSE	NA	NA	NA	NA	NA	NA
NC_045512.2	12331	G	A	36	9	28	1	1	28	0.025	40	0.486842	FALSE	NA	NA	NA	NA	NA	NA
NC_045512.2	12332	G	C	29	11	23	1	1	28	0.0322581	31	0.5	FALSE	NA	NA	NA	NA	NA	NA
NC_045512.2	12332	G	A	29	11	23	1	1	27	0.0322581	31	0.5	FALSE	NA	NA	NA	NA	NA	NA
NC_045512.2	12333	C	T	34	9	26	3	3	27	0.0789474	38	0.119863	FALSE	NA	NA	NA	NA	NA	NA
NC_045512.2	12333	C	G	34	9	26	1	1	27	0.0263158	38	0.486111	FALSE	NA	NA	NA	NA	NA	NA
NC_045512.2	12333	C	-A	34	9	26	1	0	20	0.0263158	38	0.486111	FALSE	NA	NA	NA	NA	NA	NA
NC_045512.2	12334	A	T	30	6	24	1	1	27	0.0294118	34	0.476923	FALSE	NA	NA	NA	NA	NA	NA
NC_045512.2	12334	A	G	30	6	24	2	2	26	0.0588235	34	0.231235	FALSE	NA	NA	NA	NA	NA	NA
NC_045512.2	12334	A	C	30	6	24	1	1	27	0.0294118	34	0.476923	FALSE	NA	NA	NA	NA	NA	NA
NC_045512.2	12335	A	T	36	11	27	1	1	27	0.0263158	38	0.5	FALSE	NA	NA	NA	NA	NA	NA
NC_045512.2	12335	A	C	36	11	27	1	1	23	0.0263158	38	0.5	FALSE	NA	NA	NA	NA	NA	NA
NC_045512.2	12336	A	G	35	10	27	2	2	26	0.0526316	38	0.246575	FALSE	NA	NA	NA	NA	NA	NA
NC_045512.2	12336	A	C	35	10	27	1	1	27	0.0263158	38	0.493151	FALSE	NA	NA	NA	NA	NA	NA
NC_045512.2	12337	A	T	21	10	24	2	2	23	0.0833333	24	0.244444	FALSE	NA	NA	NA	NA	NA	NA
NC_045512.2	12337	A	G	21	10	24	1	1	28	0.0416667	24	0.488889	FALSE	NA	NA	NA	NA	NA	NA
NC_045512.2	12338	G	T	32	8	25	4	4	28	0.105263	38	0.0541192	FALSE	NA	NA	NA	NA	NA	NA
NC_045512.2	12338	G	C	32	8	25	1	1	27	0.0263158	38	0.471429	FALSE	NA	NA	NA	NA	NA	NA
NC_045512.2	12338	G	A	32	8	25	1	1	28	0.0263158	38	0.471429	FALSE	NA	NA	NA	NA	NA	NA
NC_045512.2	12339	T	G	34	11	26	2	2	26	0.0526316	38	0.239726	FALSE	NA	NA	NA	NA	NA	NA
NC_045512.2	12339	T	C	34	11	26	2	1	26	0.0526316	38	0.239726	FALSE	NA	NA	NA	NA	NA	NA
NC_045512.2	12340	T	G	33	10	24	3	3	27	0.0810811	37	0.119718	FALSE	NA	NA	NA	NA	NA	NA
NC_045512.2	12340	T	C	33	10	24	1	1	27	0.027027	37	0.485714	FALSE	NA	NA	NA	NA	NA	NA
NC_045512.2	12341	A	T	35	11	26	1	1	28	0.0263158	38	0.493151	FALSE	NA	NA	NA	NA	NA	NA
NC_045512.2	12341	A	G	35	11	26	2	2	27	0.0526316	38	0.246575	FALSE	NA	NA	NA	NA	NA	NA
NC_045512.2	12342	C	G	32	8	27	1	1	28	0.0263158	38	0.471429	FALSE	NA	NA	NA	NA	NA	NA
NC_045512.2	12342	C	A	32	8	27	5	5	28	0.131579	38	0.0270596	FALSE	NA	NA	NA	NA	NA	NA
NC_045512.2	12343	T	G	33	9	27	2	2	26	0.0512821	39	0.226408	FALSE	NA	NA	NA	NA	NA	NA
NC_045512.2	12343	T	C	33	9	27	2	2	23	0.0512821	39	0.226408	FALSE	NA	NA	NA	NA	NA	NA
NC_045512.2	12343	T	A	33	9	27	2	2	31	0.0512821	39	0.226408	FALSE	NA	NA	NA	NA	NA	NA
NC_045512.2	12344	A	T	33	9	27	1	1	24	0.025641	39	0.472222	FALSE	NA	NA	NA	NA	NA	NA
NC_045512.2	12344	A	G	33	9	27	4	4	25	0.102564	39	0.0543379	FALSE	NA	NA	NA	NA	NA	NA
NC_045512.2	12344	A	C	33	9	27	1	1	28	0.025641	39	0.472222	FALSE	NA	NA	NA	NA	NA	NA
NC_045512.2	12345	G	T	33	10	26	3	3	27	0.0769231	39	0.110144	FALSE	NA	NA	NA	NA	NA	NA
NC_045512.2	12345	G	C	33	10	26	1	1	28	0.025641	39	0.472222	FALSE	NA	NA	NA	NA	NA	NA
NC_045512.2	12345	G	A	33	10	26	2	1	23	0.0512821	39	0.226408	FALSE	NA	NA	NA	NA	NA	NA
NC_045512.2	12346	T	G	31	8	26	3	3	24	0.0789474	38	0.104698	FALSE	NA	NA	NA	NA	NA	NA
NC_045512.2	12346	T	C	31	8	26	1	1	28	0.0263158	38	0.463768	FALSE	NA	NA	NA	NA	NA	NA
NC_045512.2	12346	T	A	31	8	26	3	3	26	0.0789474	38	0.104698	FALSE	NA	NA	NA	NA	NA	NA
NC_045512.2	12347	G	T	33	10	27	1	1	26	0.0263158	38	0.478873	FALSE	NA	NA	NA	NA	NA	NA
NC_045512.2	12347	G	C	33	10	27	1	1	28	0.0263158	38	0.478873	FALSE	NA	NA	NA	NA	NA	NA
NC_045512.2	12347	G	A	33	10	27	3	3	27	0.0789474	38	0.114798	FALSE	NA	NA	NA	NA	NA	NA
NC_045512.2	12348	C	T	33	9	27	1	1	27	0.025641	39	0.472222	FALSE	NA	NA	NA	NA	NA	NA
NC_045512.2	12348	C	G	33	9	27	1	1	24	0.025641	39	0.472222	FALSE	NA	NA	NA	NA	NA	NA
NC_045512.2	12348	C	A	33	9	27	4	4	26	0.102564	39	0.0543379	FALSE	NA	NA	NA	NA	NA	NA
NC_045512.2	12349	T	G	34	10	27	6	6	27	0.139535	43	0.0109617	FALSE	NA	NA	NA	NA	NA	NA
NC_045512.2	12349	T	A	34	10	27	3	3	27	0.0697674	43	0.0982562	FALSE	NA	NA	NA	NA	NA	NA
NC_045512.2	12350	A	G	37	14	27	4	3	26	0.0930233	43	0.0551093	FALSE	NA	NA	NA	NA	NA	NA
NC_045512.2	12350	A	C	37	14	27	2	2	27	0.0465116	43	0.228704	FALSE	NA	NA	NA	NA	NA	NA
NC_045512.2	12351	T	G	35	11	26	2	2	25	0.0444444	45	0.205556	FALSE	NA	NA	NA	NA	NA	NA
NC_045512.2	12351	T	C	35	11	26	3	3	22	0.0666667	45	0.0952575	FALSE	NA	NA	NA	NA	NA	NA
NC_045512.2	12351	T	A	35	11	26	5	5	26	0.111111	45	0.0213141	FALSE	NA	NA	NA	NA	NA	NA
NC_045512.2	12352	G	C	38	14	26	5	5	27	0.108696	46	0.0245713	FALSE	NA	NA	NA	NA	NA	NA
NC_045512.2	12352	G	A	38	14	26	3	3	26	0.0652174	46	0.104163	FALSE	NA	NA	NA	NA	NA	NA
NC_045512.2	12353	C	T	38	14	26	3	3	27	0.0638298	47	0.100571	FALSE	NA	NA	NA	NA	NA	NA
NC_045512.2	12353	C	G	38	14	26	3	3	29	0.0638298	47	0.100571	FALSE	NA	NA	NA	NA	NA	NA
NC_045512.2	12353	C	A	38	14	26	3	3	27	0.0638298	47	0.100571	FALSE	NA	NA	NA	NA	NA	NA
NC_045512.2	12354	A	T	37	13	26	2	2	28	0.0425532	47	0.207563	FALSE	NA	NA	NA	NA	NA	NA
NC_045512.2	12354	A	G	37	13	26	2	2	27	0.0425532	47	0.207563	FALSE	NA	NA	NA	NA	NA	NA
NC_045512.2	12354	A	C	37	13	26	6	6	26	0.12766	47	0.0104911	FALSE	NA	NA	NA	NA	NA	NA
NC_045512.2	12355	G	T	33	9	27	1	1	22	0.0212766	47	0.425	FALSE	NA	NA	NA	NA	NA	NA
NC_045512.2	12355	G	C	33	9	27	5	5	25	0.106383	47	0.0162588	FALSE	NA	NA	NA	NA	NA	NA
NC_045512.2	12355	G	A	33	9	27	8	8	26	0.170213	47	0.00163516	TRUE	NA	NA	NA	NA	NA	NA
NC_045512.2	12356	A	T	40	16	27	1	1	29	0.0222222	45	0.482353	FALSE	NA	NA	NA	NA	NA	NA
NC_045512.2	12356	A	G	40	16	27	2	2	25	0.0444444	45	0.235568	FALSE	NA	NA	NA	NA	NA	NA
NC_045512.2	12356	A	C	40	16	27	2	2	27	0.0444444	45	0.235568	FALSE	NA	NA	NA	NA	NA	NA
NC_045512.2	12357	C	T	36	12	27	4	4	27	0.0833333	48	0.0410576	FALSE	NA	NA	NA	NA	NA	NA
NC_045512.2	12357	C	G	36	12	27	1	1	26	0.0208333	48	0.440476	FALSE	NA	NA	NA	NA	NA	NA
NC_045512.2	12357	C	A	36	12	27	7	7	26	0.145833	48	0.00431301	TRUE	NA	NA	NA	NA	NA	NA
NC_045512.2	12358	A	T	39	15	26	4	4	26	0.0833333	48	0.0482978	FALSE	NA	NA	NA	NA	NA	NA
NC_045512.2	12358	A	G	39	15	26	4	4	27	0.0833333	48	0.0482978	FALSE	NA	NA	NA	NA	NA	NA
NC_045512.2	12358	A	C	39	15	26	1	1	27	0.0208333	48	0.45977	FALSE	NA	NA	NA	NA	NA	NA
NC_045512.2	12359	A	T	30	12	24	7	7	27	0.166667	42	0.00389699	TRUE	NA	NA	NA	NA	NA	NA
NC_045512.2	12359	A	G	30	12	24	4	4	27	0.0952381	42	0.0381554	FALSE	NA	NA	NA	NA	NA	NA
NC_045512.2	12359	A	C	30	12	24	1	1	24	0.0238095	42	0.430556	FALSE	NA	NA	NA	NA	NA	NA
NC_045512.2	12360	T	G	37	14	26	4	4	27	0.0816327	49	0.0414765	FALSE	NA	NA	NA	NA	NA	NA
NC_045512.2	12360	T	C	37	14	26	2	1	25	0.0408163	49	0.198075	FALSE	NA	NA	NA	NA	NA	NA
NC_045512.2	12360	T	A	37	14	26	6	6	28	0.122449	49	0.00914609	TRUE	NA	NA	NA	NA	NA	NA
NC_045512.2	12361	G	T	34	10	26	10	10	26	0.2	50	0.000307108	TRUE	NA	NA	NA	NA	NA	NA
NC_045512.2	12361	G	C	34	10	26	2	2	29	0.04	50	0.176471	FALSE	NA	NA	NA	NA	NA	NA
NC_045512.2	12361	G	A	34	10	26	4	4	24	0.08	50	0.0331619	FALSE	NA	NA	NA	NA	NA	NA
NC_045512.2	12362	C	T	33	9	25	6	6	27	0.122449	49	0.00646088	TRUE	NA	NA	NA	NA	NA	NA
NC_045512.2	12362	C	G	33	9	25	3	3	26	0.0612245	49	0.0749339	FALSE	NA	NA	NA	NA	NA	NA
NC_045512.2	12362	C	A	33	9	25	7	7	24	0.142857	49	0.00293676	TRUE	NA	NA	NA	NA	NA	NA
NC_045512.2	12363	T	G	27	7	26	1	1	23	0.025	40	0.41791	FALSE	NA	NA	NA	NA	NA	NA
NC_045512.2	12363	T	C	27	7	26	2	2	27	0.05	40	0.178227	FALSE	NA	NA	NA	NA	NA	NA
NC_045512.2	12363	T	A	27	7	26	10	10	26	0.25	40	0.000364924	TRUE	NA	NA	NA	NA	NA	NA
NC_045512.2	12364	T	G	32	12	26	3	3	26	0.0638298	47	0.0767112	FALSE	NA	NA	NA	NA	NA	NA
NC_045512.2	12364	T	C	32	12	26	3	3	25	0.0638298	47	0.0767112	FALSE	NA	NA	NA	NA	NA	NA
NC_045512.2	12364	T	A	32	12	26	9	9	26	0.191489	47	0.000683042	TRUE	NA	NA	NA	NA	NA	NA
NC_045512.2	12365	T	G	33	13	26	2	2	27	0.0434783	46	0.188291	FALSE	NA	NA	NA	NA	NA	NA
NC_045512.2	12365	T	C	33	13	26	4	4	27	0.0869565	46	0.0377603	FALSE	NA	NA	NA	NA	NA	NA
NC_045512.2	12365	T	A	33	13	26	7	7	26	0.152174	46	0.00377718	TRUE	NA	NA	NA	NA	NA	NA
NC_045512.2	12366	T	G	20	11	23	5	5	26	0.138889	36	0.00972808	TRUE	NA	NA	NA	NA	NA	NA
NC_045512.2	12366	T	C	20	11	23	3	3	26	0.0833333	36	0.0573956	FALSE	NA	NA	NA	NA	NA	NA
NC_045512.2	12366	T	A	20	11	23	8	8	28	0.222222	36	0.000802528	TRUE	NA	NA	NA	NA	NA	NA
NC_045512.2	12367	C	T	33	13	26	5	5	25	0.102041	49	0.0144127	FALSE	NA	NA	NA	NA	NA	NA
NC_045512.2	12367	C	G	33	13	26	5	5	24	0.102041	49	0.0144127	FALSE	NA	NA	NA	NA	NA	NA
NC_045512.2	12367	C	A	33	13	26	6	6	25	0.122449	49	0.00646088	TRUE	NA	NA	NA	NA	NA	NA
NC_045512.2	12368	A	T	33	13	26	6	6	26	0.122449	49	0.00646088	TRUE	NA	NA	NA	NA	NA	NA
NC_045512.2	12368	A	G	33	13	26	9	9	26	0.183673	49	0.000631349	TRUE	NA	NA	NA	NA	NA	NA
NC_045512.2	12368	A	C	33	13	26	1	1	28	0.0204082	49	0.414634	FALSE	NA	NA	NA	NA	NA	NA
NC_045512.2	12369	C	T	36	16	26	4	4	24	0.08	50	0.03743	FALSE	NA	NA	NA	NA	NA	NA
NC_045512.2	12369	C	G	36	16	26	6	6	26	0.12	50	0.00786989	TRUE	NA	NA	NA	NA	NA	NA
NC_045512.2	12369	C	A	36	16	26	4	4	27	0.08	50	0.03743	FALSE	NA	NA	NA	NA	NA	NA
NC_045512.2	12370	T	G	38	18	26	4	4	26	0.0816327	49	0.043805	FALSE	NA	NA	NA	NA	NA	NA
NC_045512.2	12370	T	C	38	18	26	4	4	26	0.0816327	49	0.043805	FALSE	NA	NA	NA	NA	NA	NA
NC_045512.2	12370	T	A	38	18	26	3	3	27	0.0612245	49	0.0938678	FALSE	NA	NA	NA	NA	NA	NA
NC_045512.2	12371	A	T	36	16	26	4	4	27	0.0816327	49	0.0391914	FALSE	NA	NA	NA	NA	NA	NA
NC_045512.2	12371	A	G	36	16	26	7	7	25	0.142857	49	0.00398124	TRUE	NA	NA	NA	NA	NA	NA
NC_045512.2	12371	A	C	36	16	26	2	2	29	0.0408163	49	0.192339	FALSE	NA	NA	NA	NA	NA	NA
NC_045512.2	12372	T	G	31	11	27	8	8	27	0.16	50	0.000957167	TRUE	NA	NA	NA	NA	NA	NA
NC_045512.2	12372	T	C	31	11	27	6	6	25	0.12	50	0.00494472	TRUE	NA	NA	NA	NA	NA	NA
NC_045512.2	12372	T	A	31	11	27	5	5	27	0.1	50	0.0114931	FALSE	NA	NA	NA	NA	NA	NA
NC_045512.2	12373	G	T	31	11	27	5	5	26	0.0980392	51	0.0108249	FALSE	NA	NA	NA	NA	NA	NA
NC_045512.2	12373	G	C	31	11	27	4	4	26	0.0784314	51	0.0258595	FALSE	NA	NA	NA	NA	NA	NA
NC_045512.2	12373	G	A	31	11	27	11	11	27	0.215686	51	7.9635e-05	TRUE	NA	NA	NA	NA	NA	NA
NC_045512.2	12374	C	T	34	14	27	8	8	26	0.16	50	0.0013888	TRUE	NA	NA	NA	NA	NA	NA
NC_045512.2	12374	C	G	34	14	27	3	3	28	0.06	50	0.0759234	FALSE	NA	NA	NA	NA	NA	NA
NC_045512.2	12374	C	A	34	14	27	5	5	26	0.1	50	0.0146968	FALSE	NA	NA	NA	NA	NA	NA
NC_045512.2	12375	T	G	33	13	26	3	3	28	0.0588235	51	0.0697674	FALSE	NA	NA	NA	NA	NA	NA
NC_045512.2	12375	T	C	33	13	26	7	7	27	0.137255	51	0.00249533	TRUE	NA	NA	NA	NA	NA	NA
NC_045512.2	12375	T	A	33	13	26	8	8	26	0.156863	51	0.00112427	TRUE	NA	NA	NA	NA	NA	NA
NC_045512.2	12376	T	G	35	18	25	4	4	28	0.0851064	47	0.0406221	FALSE	NA	NA	NA	NA	NA	NA
NC_045512.2	12376	T	C	35	18	25	2	2	28	0.0425532	47	0.19571	FALSE	NA	NA	NA	NA	NA	NA
NC_045512.2	12376	T	A	35	18	25	6	6	28	0.12766	47	0.00890407	TRUE	NA	NA	NA	NA	NA	NA
NC_045512.2	12377	A	T	34	15	26	5	5	26	0.1	50	0.0146968	FALSE	NA	NA	NA	NA	NA	NA
NC_045512.2	12377	A	G	34	15	26	10	10	27	0.2	50	0.000307108	TRUE	NA	NA	NA	NA	NA	NA
NC_045512.2	12377	A	C	34	15	26	1	1	32	0.02	50	0.416667	FALSE	NA	NA	NA	NA	NA	NA
NC_045512.2	12378	G	T	30	13	27	5	5	27	0.104167	48	0.0118977	FALSE	NA	NA	NA	NA	NA	NA
NC_045512.2	12378	G	C	30	13	27	4	4	27	0.0833333	48	0.0278745	FALSE	NA	NA	NA	NA	NA	NA
NC_045512.2	12378	G	A	30	13	27	9	9	27	0.1875	48	0.000460829	TRUE	NA	NA	NA	NA	NA	NA
NC_045512.2	12379	A	T	31	14	26	3	3	27	0.0638298	47	0.0728335	FALSE	NA	NA	NA	NA	NA	NA
NC_045512.2	12379	A	G	31	14	26	8	8	24	0.170213	47	0.00127843	TRUE	NA	NA	NA	NA	NA	NA
NC_045512.2	12379	A	C	31	14	26	5	5	26	0.106383	47	0.0138167	FALSE	NA	NA	NA	NA	NA	NA
NC_045512.2	12380	A	T	31	14	28	6	6	27	0.125	48	0.00571929	TRUE	NA	NA	NA	NA	NA	NA
NC_045512.2	12380	A	G	31	14	28	8	8	27	0.166667	48	0.0011595	TRUE	NA	NA	NA	NA	NA	NA
NC_045512.2	12380	A	C	31	14	28	3	3	26	0.0625	48	0.070136	FALSE	NA	NA	NA	NA	NA	NA
NC_045512.2	12381	A	T	27	18	25	4	4	26	0.102564	39	0.0363967	FALSE	NA	NA	NA	NA	NA	NA
NC_045512.2	12381	A	G	27	18	25	7	7	27	0.179487	39	0.00365188	TRUE	NA	NA	NA	NA	NA	NA
NC_045512.2	12381	A	C	27	18	25	1	1	28	0.025641	39	0.424242	FALSE	NA	NA	NA	NA	NA	NA
NC_045512.2	12382	G	T	30	15	26	4	4	27	0.0869565	46	0.0308659	FALSE	NA	NA	NA	NA	NA	NA
NC_045512.2	12382	G	C	30	15	26	6	6	26	0.130435	46	0.0060017	TRUE	NA	NA	NA	NA	NA	NA
NC_045512.2	12382	G	A	30	15	26	6	6	27	0.130435	46	0.0060017	TRUE	NA	NA	NA	NA	NA	NA
NC_045512.2	12383	T	G	23	8	25	6	6	26	0.139535	43	0.00331674	TRUE	NA	NA	NA	NA	NA	NA
NC_045512.2	12383	T	C	23	8	25	4	4	28	0.0930233	43	0.0203007	FALSE	NA	NA	NA	NA	NA	NA
NC_045512.2	12383	T	A	23	8	25	10	10	25	0.232558	43	0.000111663	TRUE	NA	NA	NA	NA	NA	NA
NC_045512.2	12384	T	G	28	15	24	4	4	27	0.0869565	46	0.0265726	FALSE	NA	NA	NA	NA	NA	NA
NC_045512.2	12384	T	C	28	15	24	4	4	26	0.0869565	46	0.0265726	FALSE	NA	NA	NA	NA	NA	NA
NC_045512.2	12384	T	A	28	15	24	10	10	26	0.217391	46	0.000194354	TRUE	NA	NA	NA	NA	NA	NA
NC_045512.2	12385	G	T	24	9	25	6	6	26	0.133333	45	0.00320525	TRUE	NA	NA	NA	NA	NA	NA
NC_045512.2	12385	G	C	24	9	25	5	5	25	0.111111	45	0.00790628	TRUE	NA	NA	NA	NA	NA	NA
NC_045512.2	12385	G	A	24	9	25	10	10	27	0.222222	45	0.000104209	TRUE	NA	NA	NA	NA	NA	NA
NC_045512.2	12386	G	T	30	16	24	3	3	28	0.0652174	46	0.0717178	FALSE	NA	NA	NA	NA	NA	NA
NC_045512.2	12386	G	C	30	16	24	4	4	27	0.0869565	46	0.0308659	FALSE	NA	NA	NA	NA	NA	NA
NC_045512.2	12386	G	A	30	16	24	9	9	25	0.195652	46	0.000575642	TRUE	NA	NA	NA	NA	NA	NA
NC_045512.2	12387	A	T	35	20	26	3	3	28	0.0625	48	0.0854105	FALSE	NA	NA	NA	NA	NA	NA
NC_045512.2	12387	A	G	35	20	26	8	8	26	0.166667	48	0.0018707	TRUE	NA	NA	NA	NA	NA	NA
NC_045512.2	12387	A	C	35	20	26	2	2	26	0.0416667	48	0.19105	FALSE	NA	NA	NA	NA	NA	NA
NC_045512.2	12388	T	G	30	15	26	8	8	26	0.166667	48	0.00101619	TRUE	NA	NA	NA	NA	NA	NA
NC_045512.2	12388	T	C	30	15	26	4	4	25	0.0833333	48	0.0278745	FALSE	NA	NA	NA	NA	NA	NA
NC_045512.2	12388	T	A	30	15	26	6	6	26	0.125	48	0.00516044	TRUE	NA	NA	NA	NA	NA	NA
NC_045512.2	12389	A	T	26	11	25	5	5	26	0.108696	46	0.00919689	TRUE	NA	NA	NA	NA	NA	NA
NC_045512.2	12389	A	G	26	11	25	11	11	26	0.23913	46	6.10597e-05	TRUE	NA	NA	NA	NA	NA	NA
NC_045512.2	12389	A	C	26	11	25	4	4	26	0.0869565	46	0.0225472	FALSE	NA	NA	NA	NA	NA	NA
NC_045512.2	12390	A	T	27	15	25	4	4	24	0.0909091	44	0.027346	FALSE	NA	NA	NA	NA	NA	NA
NC_045512.2	12390	A	G	27	15	25	5	5	27	0.113636	44	0.0116676	FALSE	NA	NA	NA	NA	NA	NA
NC_045512.2	12390	A	C	27	15	25	8	8	26	0.181818	44	0.00100379	TRUE	NA	NA	NA	NA	NA	NA
NC_045512.2	12390	A	-T	27	15	25	1	0	20	0.0227273	44	0.394366	FALSE	NA	NA	NA	NA	NA	NA
NC_045512.2	12391	T	G	31	16	27	6	6	24	0.133333	45	0.00716332	TRUE	NA	NA	NA	NA	NA	NA
NC_045512.2	12391	T	C	31	16	27	4	4	27	0.0888889	45	0.0348486	FALSE	NA	NA	NA	NA	NA	NA
NC_045512.2	12391	T	A	31	16	27	4	4	22	0.0888889	45	0.0348486	FALSE	NA	NA	NA	NA	NA	NA
NC_045512.2	12392	G	T	30	16	26	5	5	26	0.111111	45	0.0144041	FALSE	NA	NA	NA	NA	NA	NA
NC_045512.2	12392	G	C	30	16	26	1	1	30	0.0222222	45	0.413333	FALSE	NA	NA	NA	NA	NA	NA
NC_045512.2	12392	G	A	30	16	26	9	9	27	0.2	45	0.000644719	TRUE	NA	NA	NA	NA	NA	NA
NC_045512.2	12393	A	T	33	19	26	3	3	26	0.0652174	46	0.083685	FALSE	NA	NA	NA	NA	NA	NA
NC_045512.2	12393	A	G	33	19	26	7	7	24	0.152174	46	0.00377718	TRUE	NA	NA	NA	NA	NA	NA
NC_045512.2	12393	A	C	33	19	26	3	3	26	0.0652174	46	0.083685	FALSE	NA	NA	NA	NA	NA	NA
NC_045512.2	12394	T	G	26	12	27	5	5	27	0.108696	46	0.00919689	TRUE	NA	NA	NA	NA	NA	NA
NC_045512.2	12394	T	C	26	12	27	3	3	24	0.0652174	46	0.056368	FALSE	NA	NA	NA	NA	NA	NA
NC_045512.2	12394	T	A	26	12	27	12	12	25	0.26087	46	2.7955e-05	TRUE	NA	NA	NA	NA	NA	NA
NC_045512.2	12395	G	T	28	14	26	5	5	26	0.111111	45	0.0120123	FALSE	NA	NA	NA	NA	NA	NA
NC_045512.2	12395	G	C	28	14	26	3	3	23	0.0666667	45	0.0665679	FALSE	NA	NA	NA	NA	NA	NA
NC_045512.2	12395	G	A	28	14	26	9	9	26	0.2	45	0.000476847	TRUE	NA	NA	NA	NA	NA	NA
NC_045512.2	12396	C	T	30	16	27	6	6	24	0.130435	46	0.0060017	TRUE	NA	NA	NA	NA	NA	NA
NC_045512.2	12396	C	G	30	16	27	3	3	27	0.0652174	46	0.0717178	FALSE	NA	NA	NA	NA	NA	NA
NC_045512.2	12396	C	A	30	16	27	7	7	25	0.152174	46	0.00270808	TRUE	NA	NA	NA	NA	NA	NA
NC_045512.2	12397	A	T	31	17	27	9	9	27	0.195652	46	0.000664119	TRUE	NA	NA	NA	NA	NA	NA
NC_045512.2	12397	A	G	31	17	27	3	3	26	0.0652174	46	0.0756712	FALSE	NA	NA	NA	NA	NA	NA
NC_045512.2	12397	A	C	31	17	27	3	3	27	0.0652174	46	0.0756712	FALSE	NA	NA	NA	NA	NA	NA
NC_045512.2	12398	C	T	24	10	27	5	5	25	0.106383	47	0.0068806	TRUE	NA	NA	NA	NA	NA	NA
NC_045512.2	12398	C	G	24	10	27	8	8	25	0.170213	47	0.000448601	TRUE	NA	NA	NA	NA	NA	NA
NC_045512.2	12398	C	A	24	10	27	10	10	27	0.212766	47	7.96409e-05	TRUE	NA	NA	NA	NA	NA	NA
NC_045512.2	12399	T	G	29	15	27	7	7	26	0.145833	48	0.00201056	TRUE	NA	NA	NA	NA	NA	NA
NC_045512.2	12399	T	C	29	15	27	4	4	27	0.0833333	48	0.0258729	FALSE	NA	NA	NA	NA	NA	NA
NC_045512.2	12399	T	A	29	15	27	8	8	26	0.166667	48	0.000885604	TRUE	NA	NA	NA	NA	NA	NA
NC_045512.2	12400	C	T	29	15	27	8	8	27	0.173913	46	0.00108323	TRUE	NA	NA	NA	NA	NA	NA
NC_045512.2	12400	C	G	29	15	27	4	4	23	0.0869565	46	0.0286871	FALSE	NA	NA	NA	NA	NA	NA
NC_045512.2	12400	C	A	29	15	27	5	5	26	0.108696	46	0.0123463	FALSE	NA	NA	NA	NA	NA	NA
NC_045512.2	12401	A	T	30	16	26	6	6	27	0.130435	46	0.0060017	TRUE	NA	NA	NA	NA	NA	NA
NC_045512.2	12401	A	G	30	16	26	5	5	26	0.108696	46	0.0135038	FALSE	NA	NA	NA	NA	NA	NA
NC_045512.2	12401	A	C	30	16	26	5	5	26	0.108696	46	0.0135038	FALSE	NA	NA	NA	NA	NA	NA
NC_045512.2	12402	A	T	26	15	25	2	2	28	0.0465116	43	0.156522	FALSE	NA	NA	NA	NA	NA	NA
NC_045512.2	12402	A	G	26	15	25	11	11	27	0.255814	43	9.46102e-05	TRUE	NA	NA	NA	NA	NA	NA
NC_045512.2	12402	A	C	26	15	25	4	4	27	0.0930233	43	0.0266381	FALSE	NA	NA	NA	NA	NA	NA
NC_045512.2	12403	C	T	26	12	26	7	7	27	0.145833	48	0.0013448	TRUE	NA	NA	NA	NA	NA	NA
NC_045512.2	12403	C	G	26	12	26	6	6	25	0.125	48	0.00326012	TRUE	NA	NA	NA	NA	NA	NA
NC_045512.2	12403	C	A	26	12	26	9	9	26	0.1875	48	0.000240938	TRUE	NA	NA	NA	NA	NA	NA
NC_045512.2	12404	A	T	29	15	25	4	4	27	0.0869565	46	0.0286871	FALSE	NA	NA	NA	NA	NA	NA
NC_045512.2	12404	A	G	29	15	25	9	9	28	0.195652	46	0.000495938	TRUE	NA	NA	NA	NA	NA	NA
NC_045512.2	12404	A	C	29	15	25	4	4	26	0.0869565	46	0.0286871	FALSE	NA	NA	NA	NA	NA	NA
NC_045512.2	12405	A	T	31	19	25	7	7	25	0.152174	46	0.00303962	TRUE	NA	NA	NA	NA	NA	NA
NC_045512.2	12405	A	G	31	19	25	4	4	26	0.0869565	46	0.0331061	FALSE	NA	NA	NA	NA	NA	NA
NC_045512.2	12405	A	C	31	19	25	4	4	28	0.0869565	46	0.0331061	FALSE	NA	NA	NA	NA	NA	NA
NC_045512.2	12406	C	T	25	11	27	10	10	27	0.222222	45	0.000127425	TRUE	NA	NA	NA	NA	NA	NA
NC_045512.2	12406	C	G	25	11	27	5	5	26	0.111111	45	0.00884649	TRUE	NA	NA	NA	NA	NA	NA
NC_045512.2	12406	C	A	25	11	27	5	5	27	0.111111	45	0.00884649	TRUE	NA	NA	NA	NA	NA	NA
NC_045512.2	12407	A	T	32	18	27	3	3	28	0.0638298	47	0.0767112	FALSE	NA	NA	NA	NA	NA	NA
NC_045512.2	12407	A	G	32	18	27	8	8	26	0.170213	47	0.00144938	TRUE	NA	NA	NA	NA	NA	NA
NC_045512.2	12407	A	C	32	18	27	4	4	27	0.0851064	47	0.0336781	FALSE	NA	NA	NA	NA	NA	NA
NC_045512.2	12408	T	G	26	12	26	7	7	26	0.152174	46	0.00161703	TRUE	NA	NA	NA	NA	NA	NA
NC_045512.2	12408	T	C	26	12	26	2	2	28	0.0434783	46	0.143836	FALSE	NA	NA	NA	NA	NA	NA
NC_045512.2	12408	T	A	26	12	26	11	11	26	0.23913	46	6.10597e-05	TRUE	NA	NA	NA	NA	NA	NA
NC_045512.2	12409	T	G	31	17	24	6	6	29	0.125	48	0.00571929	TRUE	NA	NA	NA	NA	NA	NA
NC_045512.2	12409	T	C	31	17	24	4	4	26	0.0833333	48	0.0299361	FALSE	NA	NA	NA	NA	NA	NA
NC_045512.2	12409	T	A	31	17	24	7	7	27	0.145833	48	0.00255686	TRUE	NA	NA	NA	NA	NA	NA
NC_045512.2	12410	A	T	29	15	26	7	7	25	0.145833	48	0.00201056	TRUE	NA	NA	NA	NA	NA	NA
NC_045512.2	12410	A	G	29	15	26	7	7	27	0.145833	48	0.00201056	TRUE	NA	NA	NA	NA	NA	NA
NC_045512.2	12410	A	C	29	15	26	5	5	27	0.104167	48	0.0108602	FALSE	NA	NA	NA	NA	NA	NA
NC_045512.2	12411	T	G	27	13	27	3	3	26	0.0625	48	0.0555024	FALSE	NA	NA	NA	NA	NA	NA
NC_045512.2	12411	T	C	27	13	27	7	7	26	0.145833	48	0.0015471	TRUE	NA	NA	NA	NA	NA	NA
NC_045512.2	12411	T	A	27	13	27	11	11	26	0.229167	48	5.64008e-05	TRUE	NA	NA	NA	NA	NA	NA
NC_045512.2	12412	C	T	26	12	27	4	4	25	0.0851064	47	0.0213605	FALSE	NA	NA	NA	NA	NA	NA
NC_045512.2	12412	C	G	26	12	27	10	10	27	0.212766	47	0.000118819	TRUE	NA	NA	NA	NA	NA	NA
NC_045512.2	12412	C	A	26	12	27	7	7	25	0.148936	47	0.00147375	TRUE	NA	NA	NA	NA	NA	NA
NC_045512.2	12413	A	T	34	20	26	5	5	26	0.106383	47	0.0175528	FALSE	NA	NA	NA	NA	NA	NA
NC_045512.2	12413	A	G	34	20	26	5	5	26	0.106383	47	0.0175528	FALSE	NA	NA	NA	NA	NA	NA
NC_045512.2	12413	A	C	34	20	26	3	3	27	0.0638298	47	0.0845659	FALSE	NA	NA	NA	NA	NA	NA
NC_045512.2	12414	A	T	23	14	25	7	7	25	0.166667	42	0.0015308	TRUE	NA	NA	NA	NA	NA	NA
NC_045512.2	12414	A	G	23	14	25	6	6	27	0.142857	42	0.0036229	TRUE	NA	NA	NA	NA	NA	NA
NC_045512.2	12414	A	C	23	14	25	6	6	27	0.142857	42	0.0036229	TRUE	NA	NA	NA	NA	NA	NA
NC_045512.2	12415	C	T	24	10	26	3	3	24	0.0612245	49	0.0433173	FALSE	NA	NA	NA	NA	NA	NA
NC_045512.2	12415	C	G	24	10	26	9	9	26	0.183673	49	0.00014783	TRUE	NA	NA	NA	NA	NA	NA
NC_045512.2	12415	C	A	24	10	26	13	13	26	0.265306	49	4.82197e-06	TRUE	NA	NA	NA	NA	NA	NA
NC_045512.2	12416	A	T	32	19	25	5	5	28	0.102041	49	0.0132889	FALSE	NA	NA	NA	NA	NA	NA
NC_045512.2	12416	A	G	32	19	25	8	8	25	0.163265	49	0.00119646	TRUE	NA	NA	NA	NA	NA	NA
NC_045512.2	12416	A	C	32	19	25	4	4	27	0.0816327	49	0.0305286	FALSE	NA	NA	NA	NA	NA	NA
NC_045512.2	12417	A	T	30	18	25	5	5	25	0.106383	47	0.0126702	FALSE	NA	NA	NA	NA	NA	NA
NC_045512.2	12417	A	G	30	18	25	3	3	26	0.0638298	47	0.0689943	FALSE	NA	NA	NA	NA	NA	NA
NC_045512.2	12417	A	C	30	18	25	9	9	25	0.191489	47	0.000514692	TRUE	NA	NA	NA	NA	NA	NA
NC_045512.2	12418	T	G	26	13	27	6	6	26	0.122449	49	0.00301561	TRUE	NA	NA	NA	NA	NA	NA
NC_045512.2	12418	T	C	26	13	27	9	9	27	0.183673	49	0.000214812	TRUE	NA	NA	NA	NA	NA	NA
NC_045512.2	12418	T	A	26	13	27	8	8	26	0.163265	49	0.000509412	TRUE	NA	NA	NA	NA	NA	NA
NC_045512.2	12419	G	T	25	12	27	5	5	27	0.0980392	51	0.00592787	TRUE	NA	NA	NA	NA	NA	NA
NC_045512.2	12419	G	C	25	12	27	10	10	27	0.196078	51	5.86673e-05	TRUE	NA	NA	NA	NA	NA	NA
NC_045512.2	12419	G	A	25	12	27	11	11	27	0.215686	51	2.45584e-05	TRUE	NA	NA	NA	NA	NA	NA
NC_045512.2	12420	C	T	25	13	26	7	7	25	0.145833	48	0.00116114	TRUE	NA	NA	NA	NA	NA	NA
NC_045512.2	12420	C	G	25	13	26	5	5	26	0.104167	48	0.00721264	TRUE	NA	NA	NA	NA	NA	NA
NC_045512.2	12420	C	A	25	13	26	11	11	25	0.229167	48	3.72204e-05	TRUE	NA	NA	NA	NA	NA	NA
NC_045512.2	12421	A	T	25	14	25	13	13	27	0.270833	48	7.32939e-06	TRUE	NA	NA	NA	NA	NA	NA
NC_045512.2	12421	A	G	25	14	25	6	5	25	0.125	48	0.00286656	TRUE	NA	NA	NA	NA	NA	NA
NC_045512.2	12421	A	C	25	14	25	4	4	27	0.0833333	48	0.0185124	FALSE	NA	NA	NA	NA	NA	NA
NC_045512.2	12422	A	T	27	18	25	8	8	26	0.170213	47	0.000731738	TRUE	NA	NA	NA	NA	NA	NA
NC_045512.2	12422	A	G	27	18	25	7	6	25	0.148936	47	0.00169345	TRUE	NA	NA	NA	NA	NA	NA
NC_045512.2	12422	A	C	27	18	25	5	5	25	0.106383	47	0.00953887	TRUE	NA	NA	NA	NA	NA	NA
NC_045512.2	12423	G	T	27	15	26	11	11	27	0.22449	49	4.91867e-05	TRUE	NA	NA	NA	NA	NA	NA
NC_045512.2	12423	G	C	27	15	26	3	3	26	0.0612245	49	0.0533677	FALSE	NA	NA	NA	NA	NA	NA
NC_045512.2	12423	G	A	27	15	26	8	8	23	0.163265	49	0.000596701	TRUE	NA	NA	NA	NA	NA	NA
NC_045512.2	12424	A	T	27	15	27	8	8	28	0.163265	49	0.000596701	TRUE	NA	NA	NA	NA	NA	NA
NC_045512.2	12424	A	G	27	15	27	7	7	26	0.142857	49	0.00141503	TRUE	NA	NA	NA	NA	NA	NA
NC_045512.2	12424	A	C	27	15	27	7	7	26	0.142857	49	0.00141503	TRUE	NA	NA	NA	NA	NA	NA
NC_045512.2	12425	G	T	27	15	26	11	11	26	0.22449	49	4.91867e-05	TRUE	NA	NA	NA	NA	NA	NA
NC_045512.2	12425	G	C	27	15	26	4	4	27	0.0816327	49	0.0209417	FALSE	NA	NA	NA	NA	NA	NA
NC_045512.2	12425	G	A	27	15	26	7	7	28	0.142857	49	0.00141503	TRUE	NA	NA	NA	NA	NA	NA
NC_045512.2	12426	A	T	33	21	26	4	4	27	0.0816327	49	0.0326183	FALSE	NA	NA	NA	NA	NA	NA
NC_045512.2	12426	A	G	33	21	26	3	3	26	0.0612245	49	0.0749339	FALSE	NA	NA	NA	NA	NA	NA
NC_045512.2	12426	A	C	33	21	26	9	9	27	0.183673	49	0.000631349	TRUE	NA	NA	NA	NA	NA	NA
NC_045512.2	12427	T	G	33	21	26	5	5	25	0.1	50	0.0135844	FALSE	NA	NA	NA	NA	NA	NA
NC_045512.2	12427	T	C	33	21	26	3	3	28	0.06	50	0.0722892	FALSE	NA	NA	NA	NA	NA	NA
NC_045512.2	12427	T	A	33	21	26	9	9	25	0.18	50	0.000568908	TRUE	NA	NA	NA	NA	NA	NA
NC_045512.2	12428	G	T	26	15	25	2	2	28	0.0408163	49	0.132632	FALSE	NA	NA	NA	NA	NA	NA
NC_045512.2	12428	G	C	26	15	25	6	6	27	0.122449	49	0.00301561	TRUE	NA	NA	NA	NA	NA	NA
NC_045512.2	12428	G	A	26	15	25	15	15	26	0.306122	49	1.66214e-06	TRUE	NA	NA	NA	NA	NA	NA
NC_045512.2	12429	G	T	21	11	24	6	6	28	0.12766	47	0.00173888	TRUE	NA	NA	NA	NA	NA	NA
NC_045512.2	12429	G	C	21	11	24	7	7	25	0.148936	47	0.000657954	TRUE	NA	NA	NA	NA	NA	NA
NC_045512.2	12429	G	A	21	11	24	13	13	26	0.276596	47	2.94471e-06	TRUE	NA	NA	NA	NA	NA	NA
NC_045512.2	12430	T	G	28	17	26	7	7	28	0.142857	49	0.00161962	TRUE	NA	NA	NA	NA	NA	NA
NC_045512.2	12430	T	C	28	17	26	2	2	28	0.0408163	49	0.144855	FALSE	NA	NA	NA	NA	NA	NA
NC_045512.2	12430	T	A	28	17	26	12	12	26	0.244898	49	2.72036e-05	TRUE	NA	NA	NA	NA	NA	NA
NC_045512.2	12431	T	G	23	15	25	7	7	24	0.148936	47	0.000931209	TRUE	NA	NA	NA	NA	NA	NA
NC_045512.2	12431	T	C	23	15	25	10	10	27	0.212766	47	6.42481e-05	TRUE	NA	NA	NA	NA	NA	NA
NC_045512.2	12431	T	A	23	15	25	7	7	25	0.148936	47	0.000931209	TRUE	NA	NA	NA	NA	NA	NA
NC_045512.2	12432	G	T	26	16	27	7	7	25	0.14	50	0.0011237	TRUE	NA	NA	NA	NA	NA	NA
NC_045512.2	12432	G	C	26	16	27	3	3	27	0.06	50	0.0480309	FALSE	NA	NA	NA	NA	NA	NA
NC_045512.2	12432	G	A	26	16	27	14	14	26	0.28	50	3.0405e-06	TRUE	NA	NA	NA	NA	NA	NA
NC_045512.2	12433	T	G	28	18	26	8	8	25	0.156863	51	0.0005703	TRUE	NA	NA	NA	NA	NA	NA
NC_045512.2	12433	T	C	28	18	26	7	7	28	0.137255	51	0.00136238	TRUE	NA	NA	NA	NA	NA	NA
NC_045512.2	12433	T	A	28	18	26	8	8	27	0.156863	51	0.0005703	TRUE	NA	NA	NA	NA	NA	NA
NC_045512.2	12434	G	T	27	19	26	5	5	26	0.1	50	0.00785962	TRUE	NA	NA	NA	NA	NA	NA
NC_045512.2	12434	G	C	27	19	26	7	7	27	0.14	50	0.00129569	TRUE	NA	NA	NA	NA	NA	NA
NC_045512.2	12434	G	A	27	19	26	11	10	25	0.22	50	4.29677e-05	TRUE	NA	NA	NA	NA	NA	NA
NC_045512.2	12435	T	G	25	16	25	5	5	28	0.102041	49	0.00675029	TRUE	NA	NA	NA	NA	NA	NA
NC_045512.2	12435	T	C	25	16	25	9	9	27	0.183673	49	0.000178983	TRUE	NA	NA	NA	NA	NA	NA
NC_045512.2	12435	T	A	25	16	25	10	10	25	0.204082	49	7.54746e-05	TRUE	NA	NA	NA	NA	NA	NA
NC_045512.2	12436	T	G	26	19	26	6	6	24	0.122449	49	0.00301561	TRUE	NA	NA	NA	NA	NA	NA
NC_045512.2	12436	T	C	26	19	26	5	5	24	0.102041	49	0.00753903	TRUE	NA	NA	NA	NA	NA	NA
NC_045512.2	12436	T	A	26	19	26	12	12	26	0.244898	49	1.77072e-05	TRUE	NA	NA	NA	NA	NA	NA
NC_045512.2	12437	C	T	17	9	25	6	6	27	0.122449	49	0.000704844	TRUE	NA	NA	NA	NA	NA	NA
NC_045512.2	12437	C	G	17	9	25	10	10	26	0.204082	49	1.01773e-05	TRUE	NA	NA	NA	NA	NA	NA
NC_045512.2	12437	C	A	17	9	25	16	16	26	0.326531	49	3.47324e-08	TRUE	NA	NA	NA	NA	NA	NA
NC_045512.2	12438	C	T	24	16	27	4	4	26	0.08	50	0.01513	FALSE	NA	NA	NA	NA	NA	NA
NC_045512.2	12438	C	G	24	16	27	6	6	27	0.12	50	0.00213617	TRUE	NA	NA	NA	NA	NA	NA
NC_045512.2	12438	C	A	24	16	27	16	16	26	0.32	50	3.56094e-07	TRUE	NA	NA	NA	NA	NA	NA
NC_045512.2	12439	C	T	19	12	24	4	4	26	0.0833333	48	0.00965759	TRUE	NA	NA	NA	NA	NA	NA
NC_045512.2	12439	C	G	19	12	24	10	10	26	0.208333	48	2.09842e-05	TRUE	NA	NA	NA	NA	NA	NA
NC_045512.2	12439	C	A	19	12	24	15	15	26	0.3125	48	2.27893e-07	TRUE	NA	NA	NA	NA	NA	NA
NC_045512.2	12440	T	G	27	20	25	4	4	27	0.08	50	0.0198947	FALSE	NA	NA	NA	NA	NA	NA
NC_045512.2	12440	T	C	27	20	25	5	5	26	0.1	50	0.00785962	TRUE	NA	NA	NA	NA	NA	NA
NC_045512.2	12440	T	A	27	20	25	14	14	25	0.28	50	3.89884e-06	TRUE	NA	NA	NA	NA	NA	NA
NC_045512.2	12441	T	G	24	18	26	7	7	24	0.14	50	0.000827765	TRUE	NA	NA	NA	NA	NA	NA
NC_045512.2	12441	T	C	24	18	26	9	9	25	0.18	50	0.000131605	TRUE	NA	NA	NA	NA	NA	NA
NC_045512.2	12441	T	A	24	18	26	10	10	27	0.2	50	5.39105e-05	TRUE	NA	NA	NA	NA	NA	NA
NC_045512.2	12442	G	T	21	14	26	11	11	26	0.215686	51	9.21435e-06	TRUE	NA	NA	NA	NA	NA	NA
NC_045512.2	12442	G	C	21	14	26	5	5	27	0.0980392	51	0.00356052	TRUE	NA	NA	NA	NA	NA	NA
NC_045512.2	12442	G	A	21	14	26	14	14	27	0.27451	51	6.10589e-07	TRUE	NA	NA	NA	NA	NA	NA
NC_045512.2	12443	A	T	24	17	24	7	7	26	0.14	50	0.000827765	TRUE	NA	NA	NA	NA	NA	NA
NC_045512.2	12443	A	G	24	17	24	13	13	26	0.26	50	4.09306e-06	TRUE	NA	NA	NA	NA	NA	NA
NC_045512.2	12443	A	C	24	17	24	6	6	28	0.12	50	0.00213617	TRUE	NA	NA	NA	NA	NA	NA
NC_045512.2	12444	A	T	34	27	26	8	8	25	0.153846	52	0.00115896	TRUE	NA	NA	NA	NA	NA	NA
NC_045512.2	12444	A	G	34	27	26	9	9	25	0.173077	52	0.000530163	TRUE	NA	NA	NA	NA	NA	NA
NC_045512.2	12444	A	C	34	27	26	1	1	24	0.0192308	52	0.406977	FALSE	NA	NA	NA	NA	NA	NA
NC_045512.2	12445	C	T	22	15	27	11	11	26	0.211538	52	1.04197e-05	TRUE	NA	NA	NA	NA	NA	NA
NC_045512.2	12445	C	G	22	15	27	9	9	24	0.173077	52	6.87935e-05	TRUE	NA	NA	NA	NA	NA	NA
NC_045512.2	12445	C	A	22	15	27	10	10	27	0.192308	52	2.65228e-05	TRUE	NA	NA	NA	NA	NA	NA
NC_045512.2	12446	A	T	28	21	26	8	8	24	0.150943	53	0.000470781	TRUE	NA	NA	NA	NA	NA	NA
NC_045512.2	12446	A	G	28	21	26	14	14	26	0.264151	53	3.03312e-06	TRUE	NA	NA	NA	NA	NA	NA
NC_045512.2	12446	A	C	28	21	26	3	3	27	0.0566038	53	0.048922	FALSE	NA	NA	NA	NA	NA	NA
NC_045512.2	12447	T	G	23	16	26	5	5	26	0.102041	49	0.00531967	TRUE	NA	NA	NA	NA	NA	NA
NC_045512.2	12447	T	C	23	16	26	3	3	24	0.0612245	49	0.0401086	FALSE	NA	NA	NA	NA	NA	NA
NC_045512.2	12447	T	A	23	16	26	18	18	26	0.367347	49	6.6666e-08	TRUE	NA	NA	NA	NA	NA	NA
NC_045512.2	12448	A	T	24	17	25	9	9	26	0.2	45	0.000239068	TRUE	NA	NA	NA	NA	NA	NA
NC_045512.2	12448	A	G	24	17	25	6	6	26	0.133333	45	0.00320525	TRUE	NA	NA	NA	NA	NA	NA
NC_045512.2	12448	A	C	24	17	25	6	6	25	0.133333	45	0.00320525	TRUE	NA	NA	NA	NA	NA	NA
NC_045512.2	12449	A	T	27	20	24	8	8	26	0.170213	47	0.000731738	TRUE	NA	NA	NA	NA	NA	NA
NC_045512.2	12449	A	G	27	20	24	8	8	26	0.170213	47	0.000731738	TRUE	NA	NA	NA	NA	NA	NA
NC_045512.2	12449	A	C	27	20	24	4	4	29	0.0851064	47	0.023251	FALSE	NA	NA	NA	NA	NA	NA
NC_045512.2	12450	T	G	19	12	27	5	5	26	0.111111	45	0.00407746	TRUE	NA	NA	NA	NA	NA	NA
NC_045512.2	12450	T	C	19	12	27	5	5	26	0.111111	45	0.00407746	TRUE	NA	NA	NA	NA	NA	NA
NC_045512.2	12450	T	A	19	12	27	16	16	26	0.355556	45	1.88251e-07	TRUE	NA	NA	NA	NA	NA	NA
NC_045512.2	12451	A	T	26	19	27	9	9	26	0.2	45	0.000343069	TRUE	NA	NA	NA	NA	NA	NA
NC_045512.2	12451	A	G	26	19	27	9	9	25	0.2	45	0.000343069	TRUE	NA	NA	NA	NA	NA	NA
NC_045512.2	12451	A	C	26	19	27	1	1	28	0.0222222	45	0.380282	FALSE	NA	NA	NA	NA	NA	NA
NC_045512.2	12452	C	T	17	10	25	10	10	27	0.217391	46	1.57331e-05	TRUE	NA	NA	NA	NA	NA	NA
NC_045512.2	12452	C	G	17	10	25	7	7	26	0.152174	46	0.000320794	TRUE	NA	NA	NA	NA	NA	NA
NC_045512.2	12452	C	A	17	10	25	12	12	25	0.26087	46	2.36492e-06	TRUE	NA	NA	NA	NA	NA	NA
NC_045512.2	12453	C	T	22	16	26	4	4	26	0.0930233	43	0.0183574	FALSE	NA	NA	NA	NA	NA	NA
NC_045512.2	12453	C	G	22	16	26	11	11	25	0.255814	43	3.95116e-05	TRUE	NA	NA	NA	NA	NA	NA
NC_045512.2	12453	C	A	22	16	26	6	6	27	0.139535	43	0.00287333	TRUE	NA	NA	NA	NA	NA	NA
NC_045512.2	12454	T	G	19	12	27	7	7	26	0.152174	46	0.000494627	TRUE	NA	NA	NA	NA	NA	NA
NC_045512.2	12454	T	C	19	12	27	7	7	28	0.152174	46	0.000494627	TRUE	NA	NA	NA	NA	NA	NA
NC_045512.2	12454	T	A	19	12	27	13	13	26	0.282609	46	1.89051e-06	TRUE	NA	NA	NA	NA	NA	NA
NC_045512.2	12455	C	T	22	15	27	7	7	27	0.162791	43	0.00117362	TRUE	NA	NA	NA	NA	NA	NA
NC_045512.2	12455	C	G	22	15	27	8	8	27	0.186047	43	0.000489006	TRUE	NA	NA	NA	NA	NA	NA
NC_045512.2	12455	C	A	22	15	27	6	6	26	0.139535	43	0.00287333	TRUE	NA	NA	NA	NA	NA	NA
NC_045512.2	12456	T	G	20	13	25	8	8	25	0.181818	44	0.000292139	TRUE	NA	NA	NA	NA	NA	NA
NC_045512.2	12456	T	C	20	13	25	5	5	27	0.113636	44	0.00509683	TRUE	NA	NA	NA	NA	NA	NA
NC_045512.2	12456	T	A	20	13	25	11	11	26	0.25	44	2.02574e-05	TRUE	NA	NA	NA	NA	NA	NA
NC_045512.2	12457	T	G	21	15	26	5	5	25	0.121951	41	0.00736047	TRUE	NA	NA	NA	NA	NA	NA
NC_045512.2	12457	T	C	21	15	26	8	8	25	0.195122	41	0.000513325	TRUE	NA	NA	NA	NA	NA	NA
NC_045512.2	12457	T	A	21	15	26	7	7	26	0.170732	41	0.00122136	TRUE	NA	NA	NA	NA	NA	NA
NC_045512.2	12458	A	T	25	18	26	8	8	25	0.186047	43	0.000822957	TRUE	NA	NA	NA	NA	NA	NA
NC_045512.2	12458	A	G	25	18	26	6	6	27	0.139535	43	0.0043252	TRUE	NA	NA	NA	NA	NA	NA
NC_045512.2	12458	A	C	25	18	26	4	4	25	0.0930233	43	0.0244444	FALSE	NA	NA	NA	NA	NA	NA
NC_045512.2	12459	C	T	26	19	26	6	6	26	0.139535	43	0.0048917	TRUE	NA	NA	NA	NA	NA	NA
NC_045512.2	12459	C	A	26	19	26	11	11	26	0.255814	43	9.46102e-05	TRUE	NA	NA	NA	NA	NA	NA
NC_045512.2	12460	A	T	23	16	25	7	7	26	0.159091	44	0.00124946	TRUE	NA	NA	NA	NA	NA	NA
NC_045512.2	12460	A	G	23	16	25	5	5	25	0.113636	44	0.00754844	TRUE	NA	NA	NA	NA	NA	NA
NC_045512.2	12460	A	C	23	16	25	9	9	26	0.204545	44	0.000223326	TRUE	NA	NA	NA	NA	NA	NA
NC_045512.2	12461	A	T	26	20	25	4	4	26	0.0930233	43	0.0266381	FALSE	NA	NA	NA	NA	NA	NA
NC_045512.2	12461	A	G	26	20	25	8	8	25	0.186047	43	0.000962893	TRUE	NA	NA	NA	NA	NA	NA
NC_045512.2	12461	A	C	26	20	25	5	5	25	0.116279	43	0.0113121	FALSE	NA	NA	NA	NA	NA	NA
NC_045512.2	12462	C	T	16	9	27	7	7	25	0.155556	45	0.000281904	TRUE	NA	NA	NA	NA	NA	NA
NC_045512.2	12462	C	G	16	9	27	8	8	26	0.177778	45	9.94954e-05	TRUE	NA	NA	NA	NA	NA	NA
NC_045512.2	12462	C	A	16	9	27	14	14	25	0.311111	45	3.18908e-07	TRUE	NA	NA	NA	NA	NA	NA
NC_045512.2	12463	A	T	21	15	26	4	4	28	0.108108	37	0.0242404	FALSE	NA	NA	NA	NA	NA	NA
NC_045512.2	12463	A	G	21	15	26	4	4	26	0.108108	37	0.0242404	FALSE	NA	NA	NA	NA	NA	NA
NC_045512.2	12463	A	C	21	15	26	8	8	27	0.216216	37	0.000850371	TRUE	NA	NA	NA	NA	NA	NA
NC_045512.2	12464	G	T	17	11	26	6	6	27	0.162162	37	0.00224041	TRUE	NA	NA	NA	NA	NA	NA
NC_045512.2	12464	G	C	17	11	26	3	3	28	0.0810811	37	0.0411255	FALSE	NA	NA	NA	NA	NA	NA
NC_045512.2	12464	G	A	17	11	26	11	11	26	0.297297	37	2.88788e-05	TRUE	NA	NA	NA	NA	NA	NA
NC_045512.2	12465	C	T	17	11	26	4	4	22	0.105263	38	0.0141066	FALSE	NA	NA	NA	NA	NA	NA
NC_045512.2	12465	C	G	17	11	26	7	7	27	0.184211	38	0.000793324	TRUE	NA	NA	NA	NA	NA	NA
NC_045512.2	12465	C	A	17	11	26	10	10	26	0.263158	38	5.56949e-05	TRUE	NA	NA	NA	NA	NA	NA
NC_045512.2	12466	A	T	21	16	26	10	10	27	0.27027	37	0.000178843	TRUE	NA	NA	NA	NA	NA	NA
NC_045512.2	12466	A	G	21	16	26	2	2	28	0.0540541	37	0.147867	FALSE	NA	NA	NA	NA	NA	NA
NC_045512.2	12466	A	C	21	16	26	4	4	27	0.108108	37	0.0242404	FALSE	NA	NA	NA	NA	NA	NA
NC_045512.2	12467	G	T	15	10	25	4	4	24	0.111111	36	0.0122561	FALSE	NA	NA	NA	NA	NA	NA
NC_045512.2	12467	G	C	15	10	25	5	5	26	0.138889	36	0.00445676	TRUE	NA	NA	NA	NA	NA	NA
NC_045512.2	12467	G	A	15	10	25	12	12	27	0.333333	36	8.04751e-06	TRUE	NA	NA	NA	NA	NA	NA
NC_045512.2	12468	C	T	13	8	25	8	8	26	0.228571	35	0.000167128	TRUE	NA	NA	NA	NA	NA	NA
NC_045512.2	12468	C	G	13	8	25	7	7	25	0.2	35	0.000437717	TRUE	NA	NA	NA	NA	NA	NA
NC_045512.2	12468	C	A	13	8	25	7	7	26	0.2	35	0.000437717	TRUE	NA	NA	NA	NA	NA	NA
NC_045512.2	12469	C	T	15	11	26	7	7	25	0.205882	34	0.000840417	TRUE	NA	NA	NA	NA	NA	NA
NC_045512.2	12469	C	G	15	11	26	3	3	26	0.0882353	34	0.0391837	FALSE	NA	NA	NA	NA	NA	NA
NC_045512.2	12469	C	A	15	11	26	9	9	25	0.264706	34	0.000145335	TRUE	NA	NA	NA	NA	NA	NA
NC_045512.2	12470	A	T	20	15	24	5	5	26	0.142857	35	0.0106124	FALSE	NA	NA	NA	NA	NA	NA
NC_045512.2	12470	A	G	20	15	24	6	6	27	0.171429	35	0.00459873	TRUE	NA	NA	NA	NA	NA	NA
NC_045512.2	12470	A	C	20	15	24	4	4	26	0.114286	35	0.0250454	FALSE	NA	NA	NA	NA	NA	NA
NC_045512.2	12471	A	T	26	21	27	3	3	29	0.0810811	37	0.0836538	FALSE	NA	NA	NA	NA	NA	NA
NC_045512.2	12471	A	G	26	21	27	5	5	24	0.135135	37	0.0175934	FALSE	NA	NA	NA	NA	NA	NA
NC_045512.2	12471	A	C	26	21	27	3	3	25	0.0810811	37	0.0836538	FALSE	NA	NA	NA	NA	NA	NA
NC_045512.2	12472	A	T	16	13	26	6	6	28	0.176471	34	0.00257378	TRUE	NA	NA	NA	NA	NA	NA
NC_045512.2	12472	A	G	16	13	26	6	6	25	0.176471	34	0.00257378	TRUE	NA	NA	NA	NA	NA	NA
NC_045512.2	12472	A	C	16	13	26	6	6	27	0.176471	34	0.00257378	TRUE	NA	NA	NA	NA	NA	NA
NC_045512.2	12473	C	T	15	10	27	1	1	25	0.0277778	36	0.313725	FALSE	NA	NA	NA	NA	NA	NA
NC_045512.2	12473	C	G	15	10	27	8	8	27	0.222222	36	0.000255799	TRUE	NA	NA	NA	NA	NA	NA
NC_045512.2	12473	C	A	15	10	27	12	12	26	0.333333	36	8.04751e-06	TRUE	NA	NA	NA	NA	NA	NA
NC_045512.2	12474	T	G	13	8	26	6	6	26	0.166667	36	0.00105052	TRUE	NA	NA	NA	NA	NA	NA
NC_045512.2	12474	T	C	13	8	26	7	7	27	0.194444	36	0.000382008	TRUE	NA	NA	NA	NA	NA	NA
NC_045512.2	12474	T	A	13	8	26	10	10	26	0.277778	36	2.19256e-05	TRUE	NA	NA	NA	NA	NA	NA
NC_045512.2	12475	A	T	16	13	25	8	8	26	0.235294	34	0.00044509	TRUE	NA	NA	NA	NA	NA	NA
NC_045512.2	12475	A	G	16	13	25	5	5	25	0.147059	34	0.00643445	TRUE	NA	NA	NA	NA	NA	NA
NC_045512.2	12475	A	C	16	13	25	5	5	27	0.147059	34	0.00643445	TRUE	NA	NA	NA	NA	NA	NA
NC_045512.2	12476	A	T	17	14	26	5	5	26	0.151515	33	0.00832693	TRUE	NA	NA	NA	NA	NA	NA
NC_045512.2	12476	A	G	17	14	26	5	5	28	0.151515	33	0.00832693	TRUE	NA	NA	NA	NA	NA	NA
NC_045512.2	12476	A	C	17	14	26	6	6	26	0.181818	33	0.00348217	TRUE	NA	NA	NA	NA	NA	NA
NC_045512.2	12477	T	G	13	10	26	5	5	25	0.151515	33	0.00404387	TRUE	NA	NA	NA	NA	NA	NA
NC_045512.2	12477	T	C	13	10	26	5	5	27	0.151515	33	0.00404387	TRUE	NA	NA	NA	NA	NA	NA
NC_045512.2	12477	T	A	13	10	26	10	10	26	0.30303	33	3.91152e-05	TRUE	NA	NA	NA	NA	NA	NA
NC_045512.2	12478	G	T	16	13	25	5	5	25	0.151515	33	0.00709102	TRUE	NA	NA	NA	NA	NA	NA
NC_045512.2	12478	G	C	16	13	25	3	3	29	0.0909091	33	0.0465306	FALSE	NA	NA	NA	NA	NA	NA
NC_045512.2	12478	G	A	16	13	25	9	9	25	0.272727	33	0.000227086	TRUE	NA	NA	NA	NA	NA	NA
NC_045512.2	12479	G	T	12	10	26	3	3	24	0.09375	32	0.0299736	FALSE	NA	NA	NA	NA	NA	NA
NC_045512.2	12479	G	C	12	10	26	4	4	27	0.125	32	0.0102038	FALSE	NA	NA	NA	NA	NA	NA
NC_045512.2	12479	G	A	12	10	26	13	13	26	0.40625	32	2.75161e-06	TRUE	NA	NA	NA	NA	NA	NA
NC_045512.2	12480	T	G	12	9	24	7	7	27	0.205882	34	0.000376635	TRUE	NA	NA	NA	NA	NA	NA
NC_045512.2	12480	T	C	12	9	24	6	6	26	0.176471	34	0.00103079	TRUE	NA	NA	NA	NA	NA	NA
NC_045512.2	12480	T	A	12	9	24	9	9	26	0.264706	34	5.52714e-05	TRUE	NA	NA	NA	NA	NA	NA
NC_045512.2	12481	T	G	13	11	26	4	4	26	0.117647	34	0.0103343	FALSE	NA	NA	NA	NA	NA	NA
NC_045512.2	12481	T	C	13	11	26	3	3	26	0.0882353	34	0.0303951	FALSE	NA	NA	NA	NA	NA	NA
NC_045512.2	12481	T	A	13	11	26	14	14	25	0.411765	34	1.15637e-06	TRUE	NA	NA	NA	NA	NA	NA
NC_045512.2	12482	G	T	14	11	27	5	5	28	0.142857	35	0.00405201	TRUE	NA	NA	NA	NA	NA	NA
NC_045512.2	12482	G	C	14	11	27	2	2	28	0.0571429	35	0.0979592	FALSE	NA	NA	NA	NA	NA	NA
NC_045512.2	12482	G	A	14	11	27	14	14	27	0.4	35	1.37957e-06	TRUE	NA	NA	NA	NA	NA	NA
NC_045512.2	12483	T	G	13	10	27	6	6	27	0.176471	34	0.00133271	TRUE	NA	NA	NA	NA	NA	NA
NC_045512.2	12483	T	C	13	10	27	4	4	26	0.117647	34	0.0103343	FALSE	NA	NA	NA	NA	NA	NA
NC_045512.2	12483	T	A	13	10	27	11	11	27	0.323529	34	1.35286e-05	TRUE	NA	NA	NA	NA	NA	NA
NC_045512.2	12484	C	T	13	10	28	8	8	25	0.235294	34	0.000195576	TRUE	NA	NA	NA	NA	NA	NA
NC_045512.2	12484	C	G	13	10	28	7	7	27	0.205882	34	0.000502909	TRUE	NA	NA	NA	NA	NA	NA
NC_045512.2	12484	C	A	13	10	28	6	6	26	0.176471	34	0.00133271	TRUE	NA	NA	NA	NA	NA	NA
NC_045512.2	12485	A	T	18	15	26	7	7	27	0.2	35	0.00140906	TRUE	NA	NA	NA	NA	NA	NA
NC_045512.2	12485	A	G	18	15	26	7	7	25	0.2	35	0.00140906	TRUE	NA	NA	NA	NA	NA	NA
NC_045512.2	12485	A	C	18	15	26	3	3	27	0.0857143	35	0.0506956	FALSE	NA	NA	NA	NA	NA	NA
NC_045512.2	12486	T	G	14	11	27	7	7	26	0.225806	31	0.00100436	TRUE	NA	NA	NA	NA	NA	NA
NC_045512.2	12486	T	C	14	11	27	2	2	26	0.0645161	31	0.115942	FALSE	NA	NA	NA	NA	NA	NA
NC_045512.2	12486	T	A	14	11	27	8	8	28	0.258065	31	0.000424922	TRUE	NA	NA	NA	NA	NA	NA
NC_045512.2	12487	A	T	62	29	27	10	10	25	0.119048	84	0.000326983	TRUE	NA	NA	NA	NA	NA	NA
NC_045512.2	12487	A	G	62	29	27	8	8	27	0.0952381	84	0.00152682	TRUE	NA	NA	NA	NA	NA	NA
NC_045512.2	12487	A	C	62	29	27	4	4	27	0.047619	84	0.0365477	FALSE	NA	NA	NA	NA	NA	NA
NC_045512.2	12488	C	T	57	24	26	11	11	27	0.141026	78	0.000151539	TRUE	NA	NA	NA	NA	NA	NA
NC_045512.2	12488	C	G	57	24	26	6	6	25	0.0769231	78	0.00724233	TRUE	NA	NA	NA	NA	NA	NA
NC_045512.2	12488	C	A	57	24	26	4	4	27	0.0512821	78	0.0360818	FALSE	NA	NA	NA	NA	NA	NA
NC_045512.2	12489	C	T	57	27	25	8	8	26	0.1	80	0.00134165	TRUE	NA	NA	NA	NA	NA	NA
NC_045512.2	12489	C	G	57	27	25	9	9	27	0.1125	80	0.000610681	TRUE	NA	NA	NA	NA	NA	NA
NC_045512.2	12489	C	A	57	27	25	6	6	25	0.075	80	0.00664115	TRUE	NA	NA	NA	NA	NA	NA
NC_045512.2	12489	C	+G	57	27	25	1	0	20	0.0125	80	0.423358	FALSE	NA	NA	NA	NA	NA	NA
NC_045512.2	12490	A	T	59	26	27	12	12	26	0.142857	84	5.34972e-05	TRUE	NA	NA	NA	NA	NA	NA
NC_045512.2	12490	A	G	59	26	27	6	6	27	0.0714286	84	0.00627059	TRUE	NA	NA	NA	NA	NA	NA
NC_045512.2	12490	A	C	59	26	27	7	7	26	0.0833333	84	0.00277758	TRUE	NA	NA	NA	NA	NA	NA
NC_045512.2	12491	G	T	63	30	26	11	11	27	0.130952	84	0.000167135	TRUE	NA	NA	NA	NA	NA	NA
NC_045512.2	12491	G	C	63	30	26	4	4	25	0.047619	84	0.0378317	FALSE	NA	NA	NA	NA	NA	NA
NC_045512.2	12491	G	A	63	30	26	6	6	27	0.0714286	84	0.0077338	TRUE	NA	NA	NA	NA	NA	NA
NC_045512.2	12492	A	T	62	29	26	9	9	24	0.108434	83	0.000747614	TRUE	NA	NA	NA	NA	NA	NA
NC_045512.2	12492	A	G	62	29	26	8	8	27	0.0963855	83	0.00161106	TRUE	NA	NA	NA	NA	NA	NA
NC_045512.2	12492	A	C	62	29	26	4	4	27	0.0481928	83	0.0375559	FALSE	NA	NA	NA	NA	NA	NA
NC_045512.2	12493	C	T	60	28	26	11	11	27	0.134146	82	0.000147946	TRUE	NA	NA	NA	NA	NA	NA
NC_045512.2	12493	C	G	60	28	26	4	4	26	0.0487805	82	0.0359656	FALSE	NA	NA	NA	NA	NA	NA
NC_045512.2	12493	C	A	60	28	26	7	7	25	0.0853659	82	0.00325452	TRUE	NA	NA	NA	NA	NA	NA
NC_045512.2	12494	T	G	64	31	27	4	4	27	0.0481928	83	0.0401961	FALSE	NA	NA	NA	NA	NA	NA
NC_045512.2	12494	T	C	64	31	27	6	6	25	0.0722892	83	0.00845884	TRUE	NA	NA	NA	NA	NA	NA
NC_045512.2	12494	T	A	64	31	27	9	9	27	0.108434	83	0.000864333	TRUE	NA	NA	NA	NA	NA	NA
NC_045512.2	12495	A	T	62	29	27	5	5	27	0.0617284	81	0.0180849	FALSE	NA	NA	NA	NA	NA	NA
NC_045512.2	12495	A	G	62	29	27	5	5	25	0.0617284	81	0.0180849	FALSE	NA	NA	NA	NA	NA	NA
NC_045512.2	12495	A	C	62	29	27	9	9	26	0.111111	81	0.000844334	TRUE	NA	NA	NA	NA	NA	NA
NC_045512.2	12496	T	G	65	32	27	6	6	27	0.0722892	83	0.00887732	TRUE	NA	NA	NA	NA	NA	NA
NC_045512.2	12496	T	C	65	32	27	6	6	25	0.0722892	83	0.00887732	TRUE	NA	NA	NA	NA	NA	NA
NC_045512.2	12496	T	A	65	32	27	6	6	24	0.0722892	83	0.00887732	TRUE	NA	NA	NA	NA	NA	NA
NC_045512.2	12497	A	T	63	30	25	5	5	25	0.0632911	79	0.0202075	FALSE	NA	NA	NA	NA	NA	NA
NC_045512.2	12497	A	G	63	30	25	4	4	28	0.0506329	79	0.0433868	FALSE	NA	NA	NA	NA	NA	NA
NC_045512.2	12497	A	C	63	30	25	7	7	27	0.0886076	79	0.00448623	TRUE	NA	NA	NA	NA	NA	NA
NC_045512.2	12498	A	T	63	31	25	9	9	26	0.109756	82	0.000854416	TRUE	NA	NA	NA	NA	NA	NA
NC_045512.2	12498	A	G	63	31	25	2	2	26	0.0243902	82	0.196504	FALSE	NA	NA	NA	NA	NA	NA
NC_045512.2	12498	A	C	63	31	25	8	8	26	0.097561	82	0.00181563	TRUE	NA	NA	NA	NA	NA	NA
NC_045512.2	12499	C	T	62	29	27	7	7	26	0.0833333	84	0.00333719	TRUE	NA	NA	NA	NA	NA	NA
NC_045512.2	12499	C	G	62	29	27	8	8	25	0.0952381	84	0.00152682	TRUE	NA	NA	NA	NA	NA	NA
NC_045512.2	12499	C	A	62	29	27	7	7	25	0.0833333	84	0.00333719	TRUE	NA	NA	NA	NA	NA	NA
NC_045512.2	12500	A	T	68	35	27	8	8	24	0.0952381	84	0.00222588	TRUE	NA	NA	NA	NA	NA	NA
NC_045512.2	12500	A	G	68	35	27	5	5	28	0.0595238	84	0.0208137	FALSE	NA	NA	NA	NA	NA	NA
NC_045512.2	12500	A	C	68	35	27	3	3	27	0.0357143	84	0.0957524	FALSE	NA	NA	NA	NA	NA	NA
NC_045512.2	12501	C	T	58	25	27	8	8	25	0.0952381	84	0.00115406	TRUE	NA	NA	NA	NA	NA	NA
NC_045512.2	12501	C	G	58	25	27	8	8	26	0.0952381	84	0.00115406	TRUE	NA	NA	NA	NA	NA	NA
NC_045512.2	12501	C	A	58	25	27	10	10	27	0.119048	84	0.000232137	TRUE	NA	NA	NA	NA	NA	NA
NC_045512.2	12502	A	T	60	27	27	7	7	27	0.0853659	82	0.00325452	TRUE	NA	NA	NA	NA	NA	NA
NC_045512.2	12502	A	G	60	27	27	6	6	26	0.0731707	82	0.0071891	TRUE	NA	NA	NA	NA	NA	NA
NC_045512.2	12502	A	C	60	27	27	9	9	27	0.109756	82	0.000683231	TRUE	NA	NA	NA	NA	NA	NA
NC_045512.2	12503	T	G	61	28	26	7	7	27	0.0853659	82	0.00345755	TRUE	NA	NA	NA	NA	NA	NA
NC_045512.2	12503	T	C	61	28	26	2	2	26	0.0243902	82	0.189685	FALSE	NA	NA	NA	NA	NA	NA
NC_045512.2	12503	T	A	61	28	26	12	12	26	0.146341	82	7.68255e-05	TRUE	NA	NA	NA	NA	NA	NA
NC_045512.2	12504	A	T	65	32	26	5	5	27	0.060241	83	0.01913	FALSE	NA	NA	NA	NA	NA	NA
NC_045512.2	12504	A	G	65	32	26	4	4	25	0.0481928	83	0.0415394	FALSE	NA	NA	NA	NA	NA	NA
NC_045512.2	12504	A	C	65	32	26	9	9	27	0.108434	83	0.00092724	TRUE	NA	NA	NA	NA	NA	NA
NC_045512.2	12505	T	G	68	35	26	4	4	24	0.0481928	83	0.0456568	FALSE	NA	NA	NA	NA	NA	NA
NC_045512.2	12505	T	C	68	35	26	2	2	27	0.0240964	83	0.210439	FALSE	NA	NA	NA	NA	NA	NA
NC_045512.2	12505	T	A	68	35	26	9	9	23	0.108434	83	0.00113505	TRUE	NA	NA	NA	NA	NA	NA
NC_045512.2	12505	T	-A	68	35	26	10	0	20	0.120482	83	0.000553337	TRUE	NA	NA	NA	NA	NA	NA
NC_045512.2	12506	A	T	35	12	27	9	9	25	0.176471	51	0.00025803	TRUE	NA	NA	NA	NA	NA	NA
NC_045512.2	12506	A	G	35	12	27	3	3	28	0.0588235	51	0.055465	FALSE	NA	NA	NA	NA	NA	NA
NC_045512.2	12506	A	C	35	12	27	4	4	26	0.0784314	51	0.0218498	FALSE	NA	NA	NA	NA	NA	NA
NC_045512.2	12507	A	T	66	33	27	13	13	26	0.154762	84	5.0906e-05	TRUE	NA	NA	NA	NA	NA	NA
NC_045512.2	12507	A	G	66	33	27	1	1	28	0.0119048	84	0.446667	FALSE	NA	NA	NA	NA	NA	NA
NC_045512.2	12507	A	C	66	33	27	4	4	25	0.047619	84	0.0417761	FALSE	NA	NA	NA	NA	NA	NA
NC_045512.2	12508	A	T	66	33	27	8	8	25	0.1	80	0.00243756	TRUE	NA	NA	NA	NA	NA	NA
NC_045512.2	12508	A	G	66	33	27	3	3	26	0.0375	80	0.0989694	FALSE	NA	NA	NA	NA	NA	NA
NC_045512.2	12508	A	C	66	33	27	3	3	27	0.0375	80	0.0989694	FALSE	NA	NA	NA	NA	NA	NA
NC_045512.2	12509	A	T	66	33	26	5	5	26	0.0595238	84	0.0192604	FALSE	NA	NA	NA	NA	NA	NA
NC_045512.2	12509	A	G	66	33	26	3	3	24	0.0357143	84	0.0913106	FALSE	NA	NA	NA	NA	NA	NA
NC_045512.2	12509	A	C	66	33	26	10	10	25	0.119048	84	0.000447731	TRUE	NA	NA	NA	NA	NA	NA
NC_045512.2	12510	A	T	38	35	26	7	7	25	0.134615	52	0.00380727	TRUE	NA	NA	NA	NA	NA	NA
NC_045512.2	12510	A	G	38	35	26	1	1	26	0.0192308	52	0.433333	FALSE	NA	NA	NA	NA	NA	NA
NC_045512.2	12510	A	C	38	35	26	6	6	26	0.115385	52	0.00812218	TRUE	NA	NA	NA	NA	NA	NA
NC_045512.2	12511	T	G	69	37	26	2	2	27	0.0246914	81	0.219426	FALSE	NA	NA	NA	NA	NA	NA
NC_045512.2	12511	T	C	69	37	26	6	6	27	0.0740741	81	0.0115305	FALSE	NA	NA	NA	NA	NA	NA
NC_045512.2	12511	T	A	69	37	26	4	4	26	0.0493827	81	0.0495916	FALSE	NA	NA	NA	NA	NA	NA
NC_045512.2	12512	A	T	63	31	25	7	7	25	0.0853659	82	0.00388699	TRUE	NA	NA	NA	NA	NA	NA
NC_045512.2	12512	A	G	63	31	25	4	4	27	0.0487805	82	0.0399404	FALSE	NA	NA	NA	NA	NA	NA
NC_045512.2	12512	A	C	63	31	25	8	8	28	0.097561	82	0.00181563	TRUE	NA	NA	NA	NA	NA	NA
NC_045512.2	12513	C	T	61	29	26	7	7	25	0.0853659	82	0.00345755	TRUE	NA	NA	NA	NA	NA	NA
NC_045512.2	12513	C	G	61	29	26	4	4	25	0.0487805	82	0.037274	FALSE	NA	NA	NA	NA	NA	NA
NC_045512.2	12513	C	A	61	29	26	10	10	27	0.121951	82	0.000344399	TRUE	NA	NA	NA	NA	NA	NA
NC_045512.2	12514	G	T	56	24	27	12	12	25	0.142857	84	3.88777e-05	TRUE	NA	NA	NA	NA	NA	NA
NC_045512.2	12514	G	C	56	24	27	9	9	26	0.107143	84	0.000436343	TRUE	NA	NA	NA	NA	NA	NA
NC_045512.2	12514	G	A	56	24	27	7	7	26	0.0833333	84	0.00228199	TRUE	NA	NA	NA	NA	NA	NA
NC_045512.2	12515	T	G	63	31	27	5	5	27	0.0625	80	0.0195202	FALSE	NA	NA	NA	NA	NA	NA
NC_045512.2	12515	T	C	63	31	27	6	6	26	0.075	80	0.00910063	TRUE	NA	NA	NA	NA	NA	NA
NC_045512.2	12515	T	A	63	31	27	6	6	28	0.075	80	0.00910063	TRUE	NA	NA	NA	NA	NA	NA
NC_045512.2	12516	G	T	57	25	27	9	9	25	0.107143	84	0.000474721	TRUE	NA	NA	NA	NA	NA	NA
NC_045512.2	12516	G	C	57	25	27	8	8	27	0.0952381	84	0.00107172	TRUE	NA	NA	NA	NA	NA	NA
NC_045512.2	12516	G	A	57	25	27	10	10	27	0.119048	84	0.000212042	TRUE	NA	NA	NA	NA	NA	NA
NC_045512.2	12517	T	G	71	39	27	2	2	25	0.0238095	84	0.21737	FALSE	NA	NA	NA	NA	NA	NA
NC_045512.2	12517	T	C	71	39	27	3	3	26	0.0357143	84	0.102455	FALSE	NA	NA	NA	NA	NA	NA
NC_045512.2	12517	T	A	71	39	27	8	8	24	0.0952381	84	0.00264304	TRUE	NA	NA	NA	NA	NA	NA
NC_045512.2	12518	G	T	65	33	27	4	4	27	0.0481928	83	0.0415394	FALSE	NA	NA	NA	NA	NA	NA
NC_045512.2	12518	G	C	65	33	27	4	4	26	0.0481928	83	0.0415394	FALSE	NA	NA	NA	NA	NA	NA
NC_045512.2	12518	G	A	65	33	27	10	10	26	0.120482	83	0.000442949	TRUE	NA	NA	NA	NA	NA	NA
NC_045512.2	12519	A	T	68	36	26	4	4	26	0.0493827	81	0.0481327	FALSE	NA	NA	NA	NA	NA	NA
NC_045512.2	12519	A	G	68	36	26	1	1	27	0.0123457	81	0.463087	FALSE	NA	NA	NA	NA	NA	NA
NC_045512.2	12519	A	C	68	36	26	8	8	27	0.0987654	81	0.00260136	TRUE	NA	NA	NA	NA	NA	NA
NC_045512.2	12520	T	G	59	27	27	5	5	26	0.060241	83	0.0147804	FALSE	NA	NA	NA	NA	NA	NA
NC_045512.2	12520	T	C	59	27	27	6	6	26	0.0722892	83	0.00653554	TRUE	NA	NA	NA	NA	NA	NA
NC_045512.2	12520	T	A	59	27	27	13	13	25	0.156627	83	2.71253e-05	TRUE	NA	NA	NA	NA	NA	NA
NC_045512.2	12521	G	T	62	30	25	4	4	27	0.0481928	83	0.0375559	FALSE	NA	NA	NA	NA	NA	NA
NC_045512.2	12521	G	C	62	30	25	8	8	26	0.0963855	83	0.00161106	TRUE	NA	NA	NA	NA	NA	NA
NC_045512.2	12521	G	A	62	30	25	9	9	24	0.108434	83	0.000747614	TRUE	NA	NA	NA	NA	NA	NA
NC_045512.2	12522	G	T	53	25	25	4	4	25	0.05	80	0.0289728	FALSE	NA	NA	NA	NA	NA	NA
NC_045512.2	12522	G	C	53	25	25	7	7	24	0.0875	80	0.00226364	TRUE	NA	NA	NA	NA	NA	NA
NC_045512.2	12522	G	A	53	25	25	16	15	26	0.2	80	1.75108e-06	TRUE	NA	NA	NA	NA	NA	NA
NC_045512.2	12523	T	G	63	32	27	3	3	23	0.0365854	82	0.0882265	FALSE	NA	NA	NA	NA	NA	NA
NC_045512.2	12523	T	C	63	32	27	6	6	25	0.0731707	82	0.0083848	TRUE	NA	NA	NA	NA	NA	NA
NC_045512.2	12523	T	A	63	32	27	10	10	25	0.121951	82	0.000405016	TRUE	NA	NA	NA	NA	NA	NA
NC_045512.2	12524	A	T	52	21	27	2	2	26	0.0357143	56	0.243119	FALSE	NA	NA	NA	NA	NA	NA
NC_045512.2	12524	A	G	52	21	27	1	1	26	0.0178571	56	0.490741	FALSE	NA	NA	NA	NA	NA	NA
NC_045512.2	12524	A	C	52	21	27	1	1	26	0.0178571	56	0.490741	FALSE	NA	NA	NA	NA	NA	NA
NC_045512.2	12525	C	G	50	19	27	1	1	27	0.0185185	54	0.490385	FALSE	NA	NA	NA	NA	NA	NA
NC_045512.2	12525	C	A	50	19	27	3	3	27	0.0555556	54	0.121429	FALSE	NA	NA	NA	NA	NA	NA
NC_045512.2	12526	A	G	50	19	26	1	1	24	0.0185185	54	0.490385	FALSE	NA	NA	NA	NA	NA	NA
NC_045512.2	12526	A	C	50	19	26	3	3	26	0.0555556	54	0.121429	FALSE	NA	NA	NA	NA	NA	NA
NC_045512.2	12527	A	C	50	22	25	1	1	23	0.0196078	51	0.50495	FALSE	NA	NA	NA	NA	NA	NA
NC_045512.2	12528	C	G	52	21	27	1	1	25	0.0185185	54	0.5	FALSE	NA	NA	NA	NA	NA	NA
NC_045512.2	12528	C	A	52	21	27	1	1	23	0.0185185	54	0.5	FALSE	NA	NA	NA	NA	NA	NA
NC_045512.2	12529	A	T	52	21	26	1	1	30	0.0185185	54	0.5	FALSE	NA	NA	NA	NA	NA	NA
NC_045512.2	12529	A	G	52	21	26	1	1	23	0.0185185	54	0.5	FALSE	NA	NA	NA	NA	NA	NA
NC_045512.2	12530	T	C	50	19	25	1	1	27	0.0188679	53	0.495146	FALSE	NA	NA	NA	NA	NA	NA
NC_045512.2	12530	T	A	50	19	25	2	2	27	0.0377358	53	0.247573	FALSE	NA	NA	NA	NA	NA	NA
NC_045512.2	12531	T	C	51	20	27	1	1	27	0.0188679	53	0.5	FALSE	NA	NA	NA	NA	NA	NA
NC_045512.2	12531	T	A	51	20	27	1	1	27	0.0188679	53	0.5	FALSE	NA	NA	NA	NA	NA	NA
NC_045512.2	12532	T	A	44	21	24	2	2	22	0.0434783	46	0.252747	FALSE	NA	NA	NA	NA	NA	NA
NC_045512.2	12533	A	T	52	21	27	1	1	22	0.0188679	53	0.504762	FALSE	NA	NA	NA	NA	NA	NA
NC_045512.2	12534	C	T	51	20	27	1	1	26	0.0181818	55	0.490566	FALSE	NA	NA	NA	NA	NA	NA
NC_045512.2	12534	C	G	51	20	27	1	1	24	0.0181818	55	0.490566	FALSE	NA	NA	NA	NA	NA	NA
NC_045512.2	12534	C	A	51	20	27	2	2	27	0.0363636	55	0.242991	FALSE	NA	NA	NA	NA	NA	NA
NC_045512.2	12535	T	C	48	17	25	2	2	23	0.0377358	53	0.237818	FALSE	NA	NA	NA	NA	NA	NA
NC_045512.2	12535	T	A	48	17	25	3	3	23	0.0566038	53	0.117754	FALSE	NA	NA	NA	NA	NA	NA
NC_045512.2	12536	T	C	46	19	24	2	2	25	0.04	50	0.242268	FALSE	NA	NA	NA	NA	NA	NA
NC_045512.2	12536	T	A	46	19	24	2	2	25	0.04	50	0.242268	FALSE	NA	NA	NA	NA	NA	NA
NC_045512.2	12537	A	T	53	22	26	1	1	24	0.0181818	55	0.5	FALSE	NA	NA	NA	NA	NA	NA
NC_045512.2	12537	A	C	53	22	26	1	1	26	0.0181818	55	0.5	FALSE	NA	NA	NA	NA	NA	NA
NC_045512.2	12538	T	G	53	22	26	1	1	24	0.0181818	55	0.5	FALSE	NA	NA	NA	NA	NA	NA
NC_045512.2	12538	T	A	53	22	26	1	1	26	0.0181818	55	0.5	FALSE	NA	NA	NA	NA	NA	NA
NC_045512.2	12538	T	+A	53	22	26	1	0	20	0.0181818	55	0.5	FALSE	NA	NA	NA	NA	NA	NA
NC_045512.2	12539	G	T	50	19	26	1	1	25	0.0178571	56	0.481132	FALSE	NA	NA	NA	NA	NA	NA
NC_045512.2	12539	G	C	50	19	26	1	1	29	0.0178571	56	0.481132	FALSE	NA	NA	NA	NA	NA	NA
NC_045512.2	12539	G	A	50	19	26	4	4	24	0.0714286	56	0.0568464	FALSE	NA	NA	NA	NA	NA	NA
NC_045512.2	12540	C	T	54	23	26	1	1	25	0.0178571	56	0.5	FALSE	NA	NA	NA	NA	NA	NA
NC_045512.2	12540	C	A	54	23	26	1	1	27	0.0178571	56	0.5	FALSE	NA	NA	NA	NA	NA	NA
NC_045512.2	12541	A	T	51	20	27	2	2	26	0.0363636	55	0.242991	FALSE	NA	NA	NA	NA	NA	NA
NC_045512.2	12541	A	G	51	20	27	1	1	27	0.0181818	55	0.490566	FALSE	NA	NA	NA	NA	NA	NA
NC_045512.2	12541	A	C	51	20	27	1	1	29	0.0181818	55	0.490566	FALSE	NA	NA	NA	NA	NA	NA
NC_045512.2	12542	T	C	51	20	27	1	1	22	0.0175439	57	0.481481	FALSE	NA	NA	NA	NA	NA	NA
NC_045512.2	12542	T	A	51	20	27	5	5	26	0.0877193	57	0.0284734	FALSE	NA	NA	NA	NA	NA	NA
NC_045512.2	12542	T	-C	51	20	27	1	0	20	0.0175439	57	0.481481	FALSE	NA	NA	NA	NA	NA	NA
NC_045512.2	12543	C	T	50	20	27	3	3	25	0.0535714	56	0.111587	FALSE	NA	NA	NA	NA	NA	NA
NC_045512.2	12543	C	G	50	20	27	2	2	24	0.0357143	56	0.229491	FALSE	NA	NA	NA	NA	NA	NA
NC_045512.2	12543	C	A	50	20	27	1	1	25	0.0178571	56	0.476636	FALSE	NA	NA	NA	NA	NA	NA
NC_045512.2	12544	A	T	54	23	27	1	1	25	0.0178571	56	0.5	FALSE	NA	NA	NA	NA	NA	NA
NC_045512.2	12544	A	C	54	23	27	1	1	27	0.0178571	56	0.5	FALSE	NA	NA	NA	NA	NA	NA
NC_045512.2	12545	G	T	51	20	26	1	1	27	0.0175439	57	0.481481	FALSE	NA	NA	NA	NA	NA	NA
NC_045512.2	12545	G	C	51	20	26	1	1	23	0.0175439	57	0.481481	FALSE	NA	NA	NA	NA	NA	NA
NC_045512.2	12545	G	A	51	20	26	4	4	26	0.0701754	57	0.0569469	FALSE	NA	NA	NA	NA	NA	NA
NC_045512.2	12546	C	T	51	20	26	2	2	26	0.0350877	57	0.234115	FALSE	NA	NA	NA	NA	NA	NA
NC_045512.2	12546	C	G	51	20	26	2	2	24	0.0350877	57	0.234115	FALSE	NA	NA	NA	NA	NA	NA
NC_045512.2	12546	C	A	51	20	26	2	2	24	0.0350877	57	0.234115	FALSE	NA	NA	NA	NA	NA	NA
NC_045512.2	12547	A	T	55	24	26	1	1	27	0.0175439	57	0.5	FALSE	NA	NA	NA	NA	NA	NA
NC_045512.2	12547	A	C	55	24	26	1	1	26	0.0175439	57	0.5	FALSE	NA	NA	NA	NA	NA	NA
NC_045512.2	12548	T	G	52	21	25	1	1	24	0.0175439	57	0.486239	FALSE	NA	NA	NA	NA	NA	NA
NC_045512.2	12548	T	C	52	21	25	3	3	26	0.0526316	57	0.118274	FALSE	NA	NA	NA	NA	NA	NA
NC_045512.2	12548	T	A	52	21	25	1	1	23	0.0175439	57	0.486239	FALSE	NA	NA	NA	NA	NA	NA
NC_045512.2	12549	T	G	46	22	24	2	2	28	0.0392157	51	0.237324	FALSE	NA	NA	NA	NA	NA	NA
NC_045512.2	12549	T	C	46	22	24	1	0	28	0.0196078	51	0.484536	FALSE	NA	NA	NA	NA	NA	NA
NC_045512.2	12549	T	A	46	22	24	2	2	24	0.0392157	51	0.237324	FALSE	NA	NA	NA	NA	NA	NA
NC_045512.2	12550	G	T	50	19	26	3	3	26	0.0526316	57	0.111587	FALSE	NA	NA	NA	NA	NA	NA
NC_045512.2	12550	G	A	50	19	26	4	4	26	0.0701754	57	0.0547793	FALSE	NA	NA	NA	NA	NA	NA
NC_045512.2	12551	T	G	52	20	26	2	2	26	0.0344828	58	0.234398	FALSE	NA	NA	NA	NA	NA	NA
NC_045512.2	12551	T	C	52	20	26	2	2	26	0.0344828	58	0.234398	FALSE	NA	NA	NA	NA	NA	NA
NC_045512.2	12551	T	A	52	20	26	2	2	23	0.0344828	58	0.234398	FALSE	NA	NA	NA	NA	NA	NA
NC_045512.2	12552	G	T	52	20	25	2	2	25	0.0357143	56	0.243119	FALSE	NA	NA	NA	NA	NA	NA
NC_045512.2	12552	G	C	52	20	25	1	1	25	0.0178571	56	0.490741	FALSE	NA	NA	NA	NA	NA	NA
NC_045512.2	12552	G	A	52	20	25	1	1	28	0.0178571	56	0.490741	FALSE	NA	NA	NA	NA	NA	NA
NC_045512.2	12553	G	T	52	20	28	1	1	27	0.0175439	57	0.486239	FALSE	NA	NA	NA	NA	NA	NA
NC_045512.2	12553	G	C	52	20	28	1	1	27	0.0175439	57	0.486239	FALSE	NA	NA	NA	NA	NA	NA
NC_045512.2	12553	G	A	52	20	28	3	3	24	0.0526316	57	0.118274	FALSE	NA	NA	NA	NA	NA	NA
NC_045512.2	12554	G	C	42	20	24	1	1	25	0.0208333	48	0.477778	FALSE	NA	NA	NA	NA	NA	NA
NC_045512.2	12554	G	A	42	20	24	5	5	27	0.104167	48	0.0279452	FALSE	NA	NA	NA	NA	NA	NA
NC_045512.2	12555	A	T	46	14	26	3	3	27	0.06	50	0.121134	FALSE	NA	NA	NA	NA	NA	NA
NC_045512.2	12555	A	C	46	14	26	1	1	28	0.02	50	0.489583	FALSE	NA	NA	NA	NA	NA	NA
NC_045512.2	12556	A	G	55	23	27	2	2	26	0.0344828	58	0.247788	FALSE	NA	NA	NA	NA	NA	NA
NC_045512.2	12556	A	C	55	23	27	1	1	27	0.0172414	58	0.495575	FALSE	NA	NA	NA	NA	NA	NA
NC_045512.2	12557	A	T	48	23	24	2	2	25	0.0384615	52	0.242574	FALSE	NA	NA	NA	NA	NA	NA
NC_045512.2	12557	A	G	48	23	24	1	1	28	0.0192308	52	0.49	FALSE	NA	NA	NA	NA	NA	NA
NC_045512.2	12557	A	C	48	23	24	1	1	22	0.0192308	52	0.49	FALSE	NA	NA	NA	NA	NA	NA
NC_045512.2	12558	T	C	56	24	27	2	2	24	0.0344828	58	0.252174	FALSE	NA	NA	NA	NA	NA	NA
NC_045512.2	12559	C	T	78	22	26	1	1	30	0.0117647	85	0.484663	FALSE	NA	NA	NA	NA	NA	NA
NC_045512.2	12559	C	G	78	22	26	1	1	27	0.0117647	85	0.484663	FALSE	NA	NA	NA	NA	NA	NA
NC_045512.2	12559	C	A	78	22	26	5	5	27	0.0588235	85	0.028494	FALSE	NA	NA	NA	NA	NA	NA
NC_045512.2	12560	C	T	80	26	24	1	1	27	0.0116279	86	0.487952	FALSE	NA	NA	NA	NA	NA	NA
NC_045512.2	12560	C	G	80	26	24	1	1	27	0.0116279	86	0.487952	FALSE	NA	NA	NA	NA	NA	NA
NC_045512.2	12560	C	A	80	26	24	4	4	27	0.0465116	86	0.058835	FALSE	NA	NA	NA	NA	NA	NA
NC_045512.2	12561	A	T	79	23	26	1	1	28	0.0120482	83	0.493827	FALSE	NA	NA	NA	NA	NA	NA
NC_045512.2	12561	A	G	79	23	26	2	2	25	0.0240964	83	0.245399	FALSE	NA	NA	NA	NA	NA	NA
NC_045512.2	12561	A	C	79	23	26	1	1	25	0.0120482	83	0.493827	FALSE	NA	NA	NA	NA	NA	NA
NC_045512.2	12562	A	T	85	29	24	1	1	25	0.0114943	87	0.5	FALSE	NA	NA	NA	NA	NA	NA
NC_045512.2	12562	A	C	85	29	24	1	1	27	0.0114943	87	0.5	FALSE	NA	NA	NA	NA	NA	NA
NC_045512.2	12563	C	T	83	27	27	3	3	28	0.0340909	88	0.120677	FALSE	NA	NA	NA	NA	NA	NA
NC_045512.2	12563	C	G	83	27	27	1	1	25	0.0113636	88	0.491228	FALSE	NA	NA	NA	NA	NA	NA
NC_045512.2	12563	C	A	83	27	27	1	1	27	0.0113636	88	0.491228	FALSE	NA	NA	NA	NA	NA	NA
NC_045512.2	12563	C	-A	83	27	27	1	0	20	0.0113636	88	0.491228	FALSE	NA	NA	NA	NA	NA	NA
NC_045512.2	12564	A	T	84	28	27	2	2	26	0.0229885	87	0.248538	FALSE	NA	NA	NA	NA	NA	NA
NC_045512.2	12564	A	G	84	28	27	1	1	24	0.0114943	87	0.497076	FALSE	NA	NA	NA	NA	NA	NA
NC_045512.2	12565	G	T	79	23	26	3	3	25	0.0348837	86	0.116166	FALSE	NA	NA	NA	NA	NA	NA
NC_045512.2	12565	G	C	79	23	26	1	1	29	0.0116279	86	0.484848	FALSE	NA	NA	NA	NA	NA	NA
NC_045512.2	12565	G	A	79	23	26	3	3	27	0.0348837	86	0.116166	FALSE	NA	NA	NA	NA	NA	NA
NC_045512.2	12566	G	T	80	26	24	3	3	27	0.0348837	86	0.11837	FALSE	NA	NA	NA	NA	NA	NA
NC_045512.2	12566	G	C	80	26	24	1	1	27	0.0116279	86	0.487952	FALSE	NA	NA	NA	NA	NA	NA
NC_045512.2	12566	G	A	80	26	24	2	2	26	0.0232558	86	0.239593	FALSE	NA	NA	NA	NA	NA	NA
NC_045512.2	12567	T	C	80	24	26	1	1	26	0.0117647	85	0.490909	FALSE	NA	NA	NA	NA	NA	NA
NC_045512.2	12567	T	A	80	24	26	4	4	25	0.0470588	85	0.0602613	FALSE	NA	NA	NA	NA	NA	NA
NC_045512.2	12568	T	G	78	24	24	2	2	25	0.0235294	85	0.236421	FALSE	NA	NA	NA	NA	NA	NA
NC_045512.2	12568	T	C	78	24	24	2	2	27	0.0235294	85	0.236421	FALSE	NA	NA	NA	NA	NA	NA
NC_045512.2	12568	T	A	78	24	24	3	3	26	0.0352941	85	0.116061	FALSE	NA	NA	NA	NA	NA	NA
NC_045512.2	12569	G	T	82	26	27	3	3	24	0.0337079	89	0.116468	FALSE	NA	NA	NA	NA	NA	NA
NC_045512.2	12569	G	C	82	26	27	3	3	25	0.0337079	89	0.116468	FALSE	NA	NA	NA	NA	NA	NA
NC_045512.2	12569	G	A	82	26	27	1	1	33	0.011236	89	0.48538	FALSE	NA	NA	NA	NA	NA	NA
NC_045512.2	12570	T	G	83	27	27	1	1	27	0.011236	89	0.488372	FALSE	NA	NA	NA	NA	NA	NA
NC_045512.2	12570	T	C	83	27	27	4	4	26	0.0449438	89	0.0589595	FALSE	NA	NA	NA	NA	NA	NA
NC_045512.2	12570	T	A	83	27	27	1	1	25	0.011236	89	0.488372	FALSE	NA	NA	NA	NA	NA	NA
NC_045512.2	12571	A	T	87	31	27	1	1	29	0.0111111	90	0.497175	FALSE	NA	NA	NA	NA	NA	NA
NC_045512.2	12571	A	G	87	31	27	1	1	28	0.0111111	90	0.497175	FALSE	NA	NA	NA	NA	NA	NA
NC_045512.2	12571	A	C	87	31	27	1	1	25	0.0111111	90	0.497175	FALSE	NA	NA	NA	NA	NA	NA
NC_045512.2	12572	G	T	82	26	27	3	3	27	0.0333333	90	0.11446	FALSE	NA	NA	NA	NA	NA	NA
NC_045512.2	12572	G	C	82	26	27	2	2	27	0.0222222	90	0.234306	FALSE	NA	NA	NA	NA	NA	NA
NC_045512.2	12572	G	A	82	26	27	3	3	26	0.0333333	90	0.11446	FALSE	NA	NA	NA	NA	NA	NA
NC_045512.2	12573	A	T	82	26	27	3	3	24	0.0333333	90	0.11446	FALSE	NA	NA	NA	NA	NA	NA
NC_045512.2	12573	A	G	82	26	27	2	2	26	0.0222222	90	0.234306	FALSE	NA	NA	NA	NA	NA	NA
NC_045512.2	12573	A	C	82	26	27	3	3	26	0.0333333	90	0.11446	FALSE	NA	NA	NA	NA	NA	NA
NC_045512.2	12574	T	G	82	27	27	2	2	29	0.021978	91	0.231613	FALSE	NA	NA	NA	NA	NA	NA
NC_045512.2	12574	T	A	82	27	27	7	7	25	0.0769231	91	0.00664162	TRUE	NA	NA	NA	NA	NA	NA
NC_045512.2	12575	G	T	80	25	27	4	4	25	0.0449438	89	0.054802	FALSE	NA	NA	NA	NA	NA	NA
NC_045512.2	12575	G	C	80	25	27	3	3	26	0.0337079	89	0.112214	FALSE	NA	NA	NA	NA	NA	NA
NC_045512.2	12575	G	A	80	25	27	2	2	26	0.0224719	89	0.231187	FALSE	NA	NA	NA	NA	NA	NA
NC_045512.2	12576	C	T	84	28	26	2	2	28	0.0217391	92	0.234656	FALSE	NA	NA	NA	NA	NA	NA
NC_045512.2	12576	C	G	84	28	26	2	2	25	0.0217391	92	0.234656	FALSE	NA	NA	NA	NA	NA	NA
NC_045512.2	12576	C	A	84	28	26	4	4	26	0.0434783	92	0.0563846	FALSE	NA	NA	NA	NA	NA	NA
NC_045512.2	12577	A	T	85	29	27	3	3	22	0.0322581	93	0.114803	FALSE	NA	NA	NA	NA	NA	NA
NC_045512.2	12577	A	G	85	29	27	3	3	27	0.0322581	93	0.114803	FALSE	NA	NA	NA	NA	NA	NA
NC_045512.2	12577	A	C	85	29	27	2	2	26	0.0215054	93	0.234825	FALSE	NA	NA	NA	NA	NA	NA
NC_045512.2	12578	G	T	83	27	27	4	4	26	0.0430108	93	0.0538216	FALSE	NA	NA	NA	NA	NA	NA
NC_045512.2	12578	G	C	83	27	27	2	2	26	0.0215054	93	0.229199	FALSE	NA	NA	NA	NA	NA	NA
NC_045512.2	12578	G	A	83	27	27	4	4	25	0.0430108	93	0.0538216	FALSE	NA	NA	NA	NA	NA	NA
NC_045512.2	12579	A	T	89	33	27	1	1	27	0.0107527	93	0.494505	FALSE	NA	NA	NA	NA	NA	NA
NC_045512.2	12579	A	G	89	33	27	3	3	23	0.0322581	93	0.122951	FALSE	NA	NA	NA	NA	NA	NA
NC_045512.2	12580	T	G	84	28	27	2	2	27	0.0215054	93	0.232019	FALSE	NA	NA	NA	NA	NA	NA
NC_045512.2	12580	T	C	84	28	27	4	4	25	0.0430108	93	0.0551316	FALSE	NA	NA	NA	NA	NA	NA
NC_045512.2	12580	T	A	84	28	27	3	3	25	0.0322581	93	0.112769	FALSE	NA	NA	NA	NA	NA	NA
NC_045512.2	12581	A	T	85	29	27	3	3	26	0.0322581	93	0.114803	FALSE	NA	NA	NA	NA	NA	NA
NC_045512.2	12581	A	G	85	29	27	1	1	28	0.0107527	93	0.483146	FALSE	NA	NA	NA	NA	NA	NA
NC_045512.2	12581	A	C	85	29	27	4	4	25	0.0430108	93	0.0564503	FALSE	NA	NA	NA	NA	NA	NA
NC_045512.2	12582	G	T	82	26	27	3	3	23	0.0319149	94	0.106874	FALSE	NA	NA	NA	NA	NA	NA
NC_045512.2	12582	G	C	82	26	27	1	1	23	0.0106383	94	0.471591	FALSE	NA	NA	NA	NA	NA	NA
NC_045512.2	12582	G	A	82	26	27	8	8	26	0.0851064	94	0.00290186	TRUE	NA	NA	NA	NA	NA	NA
NC_045512.2	12583	T	G	86	30	26	2	2	24	0.0210526	95	0.232408	FALSE	NA	NA	NA	NA	NA	NA
NC_045512.2	12583	T	C	86	30	26	3	3	25	0.0315789	95	0.113029	FALSE	NA	NA	NA	NA	NA	NA
NC_045512.2	12583	T	A	86	30	26	4	4	27	0.0421053	95	0.0552861	FALSE	NA	NA	NA	NA	NA	NA
NC_045512.2	12583	T	+A	86	30	26	2	0	20	0.0210526	95	0.232408	FALSE	NA	NA	NA	NA	NA	NA
NC_045512.2	12584	A	T	60	9	26	5	5	26	0.0724638	69	0.0256995	FALSE	NA	NA	NA	NA	NA	NA
NC_045512.2	12584	A	G	60	9	26	1	1	27	0.0144928	69	0.472868	FALSE	NA	NA	NA	NA	NA	NA
NC_045512.2	12584	A	C	60	9	26	3	3	24	0.0434783	69	0.108457	FALSE	NA	NA	NA	NA	NA	NA
NC_045512.2	12585	A	T	80	30	27	4	4	26	0.0454545	88	0.0561068	FALSE	NA	NA	NA	NA	NA	NA
NC_045512.2	12585	A	G	80	30	27	3	3	26	0.0340909	88	0.114217	FALSE	NA	NA	NA	NA	NA	NA
NC_045512.2	12585	A	C	80	30	27	1	1	28	0.0113636	88	0.482143	FALSE	NA	NA	NA	NA	NA	NA
NC_045512.2	12586	A	T	78	28	27	4	4	25	0.0444444	90	0.0508598	FALSE	NA	NA	NA	NA	NA	NA
NC_045512.2	12586	A	G	78	28	27	3	3	25	0.0333333	90	0.106061	FALSE	NA	NA	NA	NA	NA	NA
NC_045512.2	12586	A	C	78	28	27	5	5	25	0.0555556	90	0.0245428	FALSE	NA	NA	NA	NA	NA	NA
NC_045512.2	12587	A	T	48	29	24	4	4	25	0.0677966	59	0.0468935	FALSE	NA	NA	NA	NA	NA	NA
NC_045512.2	12587	A	G	48	29	24	3	3	24	0.0508475	59	0.0991978	FALSE	NA	NA	NA	NA	NA	NA
NC_045512.2	12587	A	C	48	29	24	4	4	24	0.0677966	59	0.0468935	FALSE	NA	NA	NA	NA	NA	NA
NC_045512.2	12588	T	G	65	16	26	4	4	26	0.0506329	79	0.0462995	FALSE	NA	NA	NA	NA	NA	NA
NC_045512.2	12588	T	C	65	16	26	4	4	23	0.0506329	79	0.0462995	FALSE	NA	NA	NA	NA	NA	NA
NC_045512.2	12588	T	A	65	16	26	6	6	26	0.0759494	79	0.0104348	FALSE	NA	NA	NA	NA	NA	NA
NC_045512.2	12589	T	G	72	29	24	1	1	28	0.0120482	83	0.470968	FALSE	NA	NA	NA	NA	NA	NA
NC_045512.2	12589	T	C	72	29	24	3	3	26	0.0361446	83	0.106723	FALSE	NA	NA	NA	NA	NA	NA
NC_045512.2	12589	T	A	72	29	24	7	7	25	0.0843373	83	0.00594683	TRUE	NA	NA	NA	NA	NA	NA
NC_045512.2	12590	G	T	77	28	27	7	7	24	0.0786517	89	0.00580061	TRUE	NA	NA	NA	NA	NA	NA
NC_045512.2	12590	G	C	77	28	27	2	2	27	0.0224719	89	0.222278	FALSE	NA	NA	NA	NA	NA	NA
NC_045512.2	12590	G	A	77	28	27	3	3	25	0.0337079	89	0.105847	FALSE	NA	NA	NA	NA	NA	NA
NC_045512.2	12591	T	G	76	27	26	4	4	26	0.0454545	88	0.0505999	FALSE	NA	NA	NA	NA	NA	NA
NC_045512.2	12591	T	A	76	27	26	8	8	27	0.0909091	88	0.002839	TRUE	NA	NA	NA	NA	NA	NA
NC_045512.2	12592	T	G	77	29	25	5	5	26	0.0568182	88	0.0252119	FALSE	NA	NA	NA	NA	NA	NA
NC_045512.2	12592	T	C	77	29	25	2	2	25	0.0227273	88	0.224973	FALSE	NA	NA	NA	NA	NA	NA
NC_045512.2	12592	T	A	77	29	25	4	4	25	0.0454545	88	0.0519612	FALSE	NA	NA	NA	NA	NA	NA
NC_045512.2	12593	C	T	75	26	27	6	6	26	0.0689655	87	0.0117963	FALSE	NA	NA	NA	NA	NA	NA
NC_045512.2	12593	C	G	75	26	27	1	1	32	0.0114943	87	0.469136	FALSE	NA	NA	NA	NA	NA	NA
NC_045512.2	12593	C	A	75	26	27	5	5	25	0.0574713	87	0.0243208	FALSE	NA	NA	NA	NA	NA	NA
NC_045512.2	12594	A	T	78	29	26	2	2	27	0.0235294	85	0.236421	FALSE	NA	NA	NA	NA	NA	NA
NC_045512.2	12594	A	G	78	29	26	2	2	27	0.0235294	85	0.236421	FALSE	NA	NA	NA	NA	NA	NA
NC_045512.2	12594	A	C	78	29	26	3	3	26	0.0352941	85	0.116061	FALSE	NA	NA	NA	NA	NA	NA
NC_045512.2	12595	A	T	80	32	25	2	2	27	0.0229885	87	0.236741	FALSE	NA	NA	NA	NA	NA	NA
NC_045512.2	12595	A	C	80	32	25	5	5	27	0.0574713	87	0.0285573	FALSE	NA	NA	NA	NA	NA	NA
NC_045512.2	12596	C	T	75	26	27	2	2	26	0.0224719	89	0.21626	FALSE	NA	NA	NA	NA	NA	NA
NC_045512.2	12596	C	G	75	26	27	1	1	30	0.011236	89	0.463415	FALSE	NA	NA	NA	NA	NA	NA
NC_045512.2	12596	C	A	75	26	27	11	11	25	0.123596	89	0.00030463	TRUE	NA	NA	NA	NA	NA	NA
NC_045512.2	12597	T	G	76	27	26	2	2	25	0.0224719	89	0.219277	FALSE	NA	NA	NA	NA	NA	NA
NC_045512.2	12597	T	C	76	27	26	3	3	27	0.0337079	89	0.10373	FALSE	NA	NA	NA	NA	NA	NA
NC_045512.2	12597	T	A	76	27	26	8	8	26	0.0898876	89	0.00270695	TRUE	NA	NA	NA	NA	NA	NA
NC_045512.2	12598	T	C	72	30	25	6	6	28	0.0731707	82	0.0125917	FALSE	NA	NA	NA	NA	NA	NA
NC_045512.2	12598	T	A	72	30	25	4	4	27	0.0487805	82	0.0526687	FALSE	NA	NA	NA	NA	NA	NA
NC_045512.2	12599	A	T	82	33	27	4	4	26	0.0454545	88	0.058919	FALSE	NA	NA	NA	NA	NA	NA
NC_045512.2	12599	A	G	82	33	27	2	2	24	0.0227273	88	0.239835	FALSE	NA	NA	NA	NA	NA	NA
NC_045512.2	12600	G	T	78	29	27	4	4	25	0.0449438	89	0.052078	FALSE	NA	NA	NA	NA	NA	NA
NC_045512.2	12600	G	C	78	29	27	3	3	25	0.0337079	89	0.107967	FALSE	NA	NA	NA	NA	NA	NA
NC_045512.2	12600	G	A	78	29	27	4	4	27	0.0449438	89	0.052078	FALSE	NA	NA	NA	NA	NA	NA
NC_045512.2	12600	G	-T	78	29	27	1	0	20	0.011236	89	0.473054	FALSE	NA	NA	NA	NA	NA	NA
NC_045512.2	12601	T	G	79	31	27	4	4	27	0.0454545	88	0.0547149	FALSE	NA	NA	NA	NA	NA	NA
NC_045512.2	12601	T	C	79	31	27	4	3	26	0.0454545	88	0.0547149	FALSE	NA	NA	NA	NA	NA	NA
NC_045512.2	12601	T	A	79	31	27	1	1	23	0.0113636	88	0.479042	FALSE	NA	NA	NA	NA	NA	NA
NC_045512.2	12602	G	T	77	28	27	5	5	26	0.0581395	86	0.0267775	FALSE	NA	NA	NA	NA	NA	NA
NC_045512.2	12602	G	A	77	28	27	4	4	25	0.0465116	86	0.0545347	FALSE	NA	NA	NA	NA	NA	NA
NC_045512.2	12603	A	T	78	29	26	4	4	27	0.0454545	88	0.0533329	FALSE	NA	NA	NA	NA	NA	NA
NC_045512.2	12603	A	G	78	29	26	3	3	28	0.0340909	88	0.109918	FALSE	NA	NA	NA	NA	NA	NA
NC_045512.2	12603	A	C	78	29	26	3	3	27	0.0340909	88	0.109918	FALSE	NA	NA	NA	NA	NA	NA
NC_045512.2	12604	A	T	79	30	28	5	5	26	0.0561798	89	0.0260962	FALSE	NA	NA	NA	NA	NA	NA
NC_045512.2	12604	A	G	79	30	28	4	4	26	0.0449438	89	0.053435	FALSE	NA	NA	NA	NA	NA	NA
NC_045512.2	12604	A	C	79	30	28	1	1	29	0.011236	89	0.47619	FALSE	NA	NA	NA	NA	NA	NA
NC_045512.2	12605	A	T	74	28	24	6	6	26	0.0705882	85	0.012198	FALSE	NA	NA	NA	NA	NA	NA
NC_045512.2	12605	A	G	74	28	24	5	5	28	0.0588235	85	0.0250059	FALSE	NA	NA	NA	NA	NA	NA
NC_045512.2	12606	T	G	77	29	26	2	2	26	0.0227273	88	0.224973	FALSE	NA	NA	NA	NA	NA	NA
NC_045512.2	12606	T	C	77	29	26	2	2	25	0.0227273	88	0.224973	FALSE	NA	NA	NA	NA	NA	NA
NC_045512.2	12606	T	A	77	29	26	7	7	27	0.0795455	88	0.0060467	TRUE	NA	NA	NA	NA	NA	NA
NC_045512.2	12607	T	G	77	31	25	3	3	26	0.0348837	86	0.111763	FALSE	NA	NA	NA	NA	NA	NA
NC_045512.2	12607	T	C	77	31	25	1	1	29	0.0116279	86	0.478528	FALSE	NA	NA	NA	NA	NA	NA
NC_045512.2	12607	T	A	77	31	25	5	5	25	0.0581395	86	0.0267775	FALSE	NA	NA	NA	NA	NA	NA
NC_045512.2	12607	T	-A	77	31	25	1	0	20	0.0116279	86	0.478528	FALSE	NA	NA	NA	NA	NA	NA
NC_045512.2	12608	A	T	79	31	27	4	4	27	0.045977	87	0.0547149	FALSE	NA	NA	NA	NA	NA	NA
NC_045512.2	12608	A	G	79	31	27	4	4	25	0.045977	87	0.0547149	FALSE	NA	NA	NA	NA	NA	NA
NC_045512.2	12609	G	T	80	32	27	1	1	24	0.0113636	88	0.482143	FALSE	NA	NA	NA	NA	NA	NA
NC_045512.2	12609	G	C	80	32	27	2	2	28	0.0227273	88	0.233939	FALSE	NA	NA	NA	NA	NA	NA
NC_045512.2	12609	G	A	80	32	27	5	5	27	0.0568182	88	0.0277272	FALSE	NA	NA	NA	NA	NA	NA
NC_045512.2	12610	T	G	79	31	28	5	5	25	0.0568182	88	0.0268775	FALSE	NA	NA	NA	NA	NA	NA
NC_045512.2	12610	T	C	79	31	28	2	2	27	0.0227273	88	0.230967	FALSE	NA	NA	NA	NA	NA	NA
NC_045512.2	12610	T	A	79	31	28	2	2	24	0.0227273	88	0.230967	FALSE	NA	NA	NA	NA	NA	NA
NC_045512.2	12611	A	T	79	31	28	4	4	26	0.045977	87	0.0560333	FALSE	NA	NA	NA	NA	NA	NA
NC_045512.2	12611	A	G	79	31	28	2	2	25	0.0229885	87	0.233749	FALSE	NA	NA	NA	NA	NA	NA
NC_045512.2	12611	A	C	79	31	28	2	2	23	0.0229885	87	0.233749	FALSE	NA	NA	NA	NA	NA	NA
NC_045512.2	12612	T	G	76	28	28	3	3	24	0.0340909	88	0.105627	FALSE	NA	NA	NA	NA	NA	NA
NC_045512.2	12612	T	C	76	28	28	5	5	27	0.0568182	88	0.0243964	FALSE	NA	NA	NA	NA	NA	NA
NC_045512.2	12612	T	A	76	28	28	4	4	27	0.0454545	88	0.0505999	FALSE	NA	NA	NA	NA	NA	NA
NC_045512.2	12612	T	-G	76	28	28	1	0	20	0.0113636	88	0.469512	FALSE	NA	NA	NA	NA	NA	NA
NC_045512.2	12613	G	T	77	30	26	2	2	28	0.0229885	87	0.224973	FALSE	NA	NA	NA	NA	NA	NA
NC_045512.2	12613	G	C	77	30	26	2	2	27	0.0229885	87	0.224973	FALSE	NA	NA	NA	NA	NA	NA
NC_045512.2	12613	G	A	77	30	26	6	6	24	0.0689655	87	0.0123094	FALSE	NA	NA	NA	NA	NA	NA
NC_045512.2	12614	G	T	72	27	25	2	2	24	0.0235294	85	0.21777	FALSE	NA	NA	NA	NA	NA	NA
NC_045512.2	12614	G	C	72	27	25	2	2	26	0.0235294	85	0.21777	FALSE	NA	NA	NA	NA	NA	NA
NC_045512.2	12614	G	A	72	27	25	9	9	25	0.105882	85	0.00130403	TRUE	NA	NA	NA	NA	NA	NA
NC_045512.2	12615	A	T	75	29	27	4	4	23	0.0465116	86	0.0517194	FALSE	NA	NA	NA	NA	NA	NA
NC_045512.2	12615	A	G	75	29	27	2	2	27	0.0232558	86	0.224369	FALSE	NA	NA	NA	NA	NA	NA
NC_045512.2	12615	A	C	75	29	27	5	5	27	0.0581395	86	0.0250761	FALSE	NA	NA	NA	NA	NA	NA
NC_045512.2	12616	C	T	72	26	26	5	5	27	0.0588235	85	0.0233357	FALSE	NA	NA	NA	NA	NA	NA
NC_045512.2	12616	C	G	72	26	26	2	2	26	0.0235294	85	0.21777	FALSE	NA	NA	NA	NA	NA	NA
NC_045512.2	12616	C	A	72	26	26	6	6	26	0.0705882	85	0.0112357	FALSE	NA	NA	NA	NA	NA	NA
NC_045512.2	12617	A	T	73	27	25	4	4	24	0.047619	84	0.0514664	FALSE	NA	NA	NA	NA	NA	NA
NC_045512.2	12617	A	G	73	27	25	7	7	25	0.0833333	84	0.0059677	TRUE	NA	NA	NA	NA	NA	NA
NC_045512.2	12618	A	T	63	28	24	7	7	25	0.0945946	74	0.00573564	TRUE	NA	NA	NA	NA	NA	NA
NC_045512.2	12618	A	G	63	28	24	2	2	28	0.027027	74	0.220036	FALSE	NA	NA	NA	NA	NA	NA
NC_045512.2	12618	A	C	63	28	24	2	2	23	0.027027	74	0.220036	FALSE	NA	NA	NA	NA	NA	NA
NC_045512.2	12619	T	G	79	33	25	3	3	27	0.0348837	86	0.116166	FALSE	NA	NA	NA	NA	NA	NA
NC_045512.2	12619	T	C	79	33	25	1	1	25	0.0116279	86	0.484848	FALSE	NA	NA	NA	NA	NA	NA
NC_045512.2	12619	T	A	79	33	25	3	3	25	0.0348837	86	0.116166	FALSE	NA	NA	NA	NA	NA	NA
NC_045512.2	12620	T	G	73	29	25	4	4	23	0.0470588	85	0.0501877	FALSE	NA	NA	NA	NA	NA	NA
NC_045512.2	12620	T	C	73	29	25	2	2	27	0.0235294	85	0.220922	FALSE	NA	NA	NA	NA	NA	NA
NC_045512.2	12620	T	A	73	29	25	6	6	26	0.0705882	85	0.0117116	FALSE	NA	NA	NA	NA	NA	NA
NC_045512.2	12621	C	T	74	28	28	3	3	26	0.0344828	87	0.103237	FALSE	NA	NA	NA	NA	NA	NA
NC_045512.2	12621	C	G	74	28	28	5	5	25	0.0574713	87	0.0235088	FALSE	NA	NA	NA	NA	NA	NA
NC_045512.2	12621	C	A	74	28	28	5	5	25	0.0574713	87	0.0235088	FALSE	NA	NA	NA	NA	NA	NA
NC_045512.2	12622	A	T	76	30	28	6	6	25	0.0697674	86	0.0127276	FALSE	NA	NA	NA	NA	NA	NA
NC_045512.2	12622	A	G	76	30	28	3	3	25	0.0348837	86	0.109564	FALSE	NA	NA	NA	NA	NA	NA
NC_045512.2	12622	A	C	76	30	28	1	1	27	0.0116279	86	0.475309	FALSE	NA	NA	NA	NA	NA	NA
NC_045512.2	12623	C	T	75	29	26	5	5	24	0.0568182	88	0.0235926	FALSE	NA	NA	NA	NA	NA	NA
NC_045512.2	12623	C	G	75	29	26	3	3	26	0.0340909	88	0.103486	FALSE	NA	NA	NA	NA	NA	NA
NC_045512.2	12623	C	A	75	29	26	5	5	27	0.0568182	88	0.0235926	FALSE	NA	NA	NA	NA	NA	NA
NC_045512.2	12624	C	T	74	28	25	4	4	24	0.045977	87	0.0491007	FALSE	NA	NA	NA	NA	NA	NA
NC_045512.2	12624	C	G	74	28	25	4	4	27	0.045977	87	0.0491007	FALSE	NA	NA	NA	NA	NA	NA
NC_045512.2	12624	C	A	74	28	25	5	5	26	0.0574713	87	0.0235088	FALSE	NA	NA	NA	NA	NA	NA
NC_045512.2	12625	T	G	74	29	27	2	2	26	0.0232558	86	0.221273	FALSE	NA	NA	NA	NA	NA	NA
NC_045512.2	12625	T	C	74	29	27	1	1	27	0.0116279	86	0.46875	FALSE	NA	NA	NA	NA	NA	NA
NC_045512.2	12625	T	A	74	29	27	9	9	25	0.104651	86	0.00139137	TRUE	NA	NA	NA	NA	NA	NA
NC_045512.2	12626	A	T	75	30	26	6	6	26	0.0714286	84	0.0131738	FALSE	NA	NA	NA	NA	NA	NA
NC_045512.2	12626	A	G	75	30	26	2	2	27	0.0238095	84	0.230031	FALSE	NA	NA	NA	NA	NA	NA
NC_045512.2	12626	A	C	75	30	26	1	1	24	0.0119048	84	0.477987	FALSE	NA	NA	NA	NA	NA	NA
NC_045512.2	12627	A	T	70	28	24	6	6	28	0.0714286	84	0.0107174	FALSE	NA	NA	NA	NA	NA	NA
NC_045512.2	12627	A	G	70	28	24	5	5	27	0.0595238	84	0.0224219	FALSE	NA	NA	NA	NA	NA	NA
NC_045512.2	12627	A	C	70	28	24	3	3	26	0.0357143	84	0.100216	FALSE	NA	NA	NA	NA	NA	NA
NC_045512.2	12628	T	G	70	26	26	1	1	28	0.0117647	85	0.458065	FALSE	NA	NA	NA	NA	NA	NA
NC_045512.2	12628	T	C	70	26	26	4	4	26	0.0470588	85	0.0460397	FALSE	NA	NA	NA	NA	NA	NA
NC_045512.2	12628	T	A	70	26	26	10	9	27	0.117647	85	0.000561591	TRUE	NA	NA	NA	NA	NA	NA
NC_045512.2	12629	T	G	76	31	28	2	2	27	0.0229885	87	0.224675	FALSE	NA	NA	NA	NA	NA	NA
NC_045512.2	12629	T	C	76	31	28	5	5	25	0.0574713	87	0.0251448	FALSE	NA	NA	NA	NA	NA	NA
NC_045512.2	12629	T	A	76	31	28	4	4	26	0.045977	87	0.0518417	FALSE	NA	NA	NA	NA	NA	NA
NC_045512.2	12630	T	G	72	32	25	2	2	27	0.0243902	82	0.226309	FALSE	NA	NA	NA	NA	NA	NA
NC_045512.2	12630	T	C	72	32	25	4	4	27	0.0487805	82	0.0526687	FALSE	NA	NA	NA	NA	NA	NA
NC_045512.2	12630	T	A	72	32	25	4	4	25	0.0487805	82	0.0526687	FALSE	NA	NA	NA	NA	NA	NA
NC_045512.2	12631	A	T	77	32	27	3	3	26	0.0348837	86	0.111763	FALSE	NA	NA	NA	NA	NA	NA
NC_045512.2	12631	A	C	77	32	27	6	6	27	0.0697674	86	0.0132294	FALSE	NA	NA	NA	NA	NA	NA
NC_045512.2	12632	G	T	72	27	27	4	4	28	0.045977	87	0.0464057	FALSE	NA	NA	NA	NA	NA	NA
NC_045512.2	12632	G	C	72	27	27	1	1	28	0.0114943	87	0.459119	FALSE	NA	NA	NA	NA	NA	NA
NC_045512.2	12632	G	A	72	27	27	10	10	27	0.114943	87	0.000569539	TRUE	NA	NA	NA	NA	NA	NA
NC_045512.2	12633	C	T	75	30	27	4	4	24	0.045977	87	0.0504656	FALSE	NA	NA	NA	NA	NA	NA
NC_045512.2	12633	C	G	75	30	27	2	2	27	0.0229885	87	0.221616	FALSE	NA	NA	NA	NA	NA	NA
NC_045512.2	12633	C	A	75	30	27	6	6	26	0.0689655	87	0.0117963	FALSE	NA	NA	NA	NA	NA	NA
NC_045512.2	12633	C	-ATG	75	30	27	2	0	20	0.0229885	87	0.221616	FALSE	NA	NA	NA	NA	NA	NA
NC_045512.2	12634	A	T	76	31	27	3	3	26	0.0352941	85	0.107571	FALSE	NA	NA	NA	NA	NA	NA
NC_045512.2	12634	A	G	76	31	27	3	3	26	0.0352941	85	0.107571	FALSE	NA	NA	NA	NA	NA	NA
NC_045512.2	12634	A	C	76	31	27	3	3	27	0.0352941	85	0.107571	FALSE	NA	NA	NA	NA	NA	NA
NC_045512.2	12635	T	G	76	31	26	4	4	27	0.047619	84	0.0531217	FALSE	NA	NA	NA	NA	NA	NA
NC_045512.2	12635	T	C	76	31	26	2	2	27	0.0238095	84	0.227448	FALSE	NA	NA	NA	NA	NA	NA
NC_045512.2	12635	T	A	76	31	26	2	2	27	0.0238095	84	0.227448	FALSE	NA	NA	NA	NA	NA	NA
NC_045512.2	12636	G	T	69	24	26	7	7	26	0.0853659	82	0.00490339	TRUE	NA	NA	NA	NA	NA	NA
NC_045512.2	12636	G	C	69	24	26	1	1	27	0.0121951	82	0.457516	FALSE	NA	NA	NA	NA	NA	NA
NC_045512.2	12636	G	A	69	24	26	5	5	25	0.0609756	82	0.021611	FALSE	NA	NA	NA	NA	NA	NA
NC_045512.2	12637	G	T	70	30	25	6	6	26	0.0731707	82	0.0115773	FALSE	NA	NA	NA	NA	NA	NA
NC_045512.2	12637	G	C	70	30	25	1	1	25	0.0121951	82	0.467105	FALSE	NA	NA	NA	NA	NA	NA
NC_045512.2	12637	G	A	70	30	25	5	5	27	0.0609756	82	0.0239163	FALSE	NA	NA	NA	NA	NA	NA
NC_045512.2	12638	C	T	69	25	26	7	7	25	0.0823529	85	0.00468886	TRUE	NA	NA	NA	NA	NA	NA
NC_045512.2	12638	C	G	69	25	26	4	4	28	0.0470588	85	0.0446823	FALSE	NA	NA	NA	NA	NA	NA
NC_045512.2	12638	C	A	69	25	26	5	5	27	0.0588235	85	0.0209271	FALSE	NA	NA	NA	NA	NA	NA
NC_045512.2	12639	C	T	70	27	25	7	7	28	0.0833333	84	0.00515775	TRUE	NA	NA	NA	NA	NA	NA
NC_045512.2	12639	C	G	70	27	25	3	3	23	0.0357143	84	0.100216	FALSE	NA	NA	NA	NA	NA	NA
NC_045512.2	12639	C	A	70	27	25	4	4	27	0.047619	84	0.0472355	FALSE	NA	NA	NA	NA	NA	NA
NC_045512.2	12640	T	G	72	28	27	6	6	27	0.0697674	86	0.0108221	FALSE	NA	NA	NA	NA	NA	NA
NC_045512.2	12640	T	C	72	28	27	1	1	28	0.0116279	86	0.462025	FALSE	NA	NA	NA	NA	NA	NA
NC_045512.2	12640	T	A	72	28	27	7	7	26	0.0813953	86	0.00521309	TRUE	NA	NA	NA	NA	NA	NA
NC_045512.2	12641	C	T	70	26	27	5	5	26	0.0581395	86	0.0210382	FALSE	NA	NA	NA	NA	NA	NA
NC_045512.2	12641	C	G	70	26	27	6	6	27	0.0697674	86	0.00993107	TRUE	NA	NA	NA	NA	NA	NA
NC_045512.2	12641	C	A	70	26	27	5	5	25	0.0581395	86	0.0210382	FALSE	NA	NA	NA	NA	NA	NA
NC_045512.2	12642	T	G	70	26	25	4	4	28	0.047619	84	0.0472355	FALSE	NA	NA	NA	NA	NA	NA
NC_045512.2	12642	T	C	70	26	25	2	2	28	0.0238095	84	0.21416	FALSE	NA	NA	NA	NA	NA	NA
NC_045512.2	12642	T	A	70	26	25	8	8	26	0.0952381	84	0.00249878	TRUE	NA	NA	NA	NA	NA	NA
NC_045512.2	12643	T	C	68	28	25	4	4	27	0.05	80	0.0494335	FALSE	NA	NA	NA	NA	NA	NA
NC_045512.2	12643	T	A	68	28	25	8	8	27	0.1	80	0.00274198	TRUE	NA	NA	NA	NA	NA	NA
NC_045512.2	12644	A	T	74	31	27	7	7	26	0.0823529	85	0.0059881	TRUE	NA	NA	NA	NA	NA	NA
NC_045512.2	12644	A	G	74	31	27	4	4	27	0.0470588	85	0.0515944	FALSE	NA	NA	NA	NA	NA	NA
NC_045512.2	12645	T	G	75	32	26	3	3	27	0.0357143	84	0.111444	FALSE	NA	NA	NA	NA	NA	NA
NC_045512.2	12645	T	C	75	32	26	3	3	27	0.0357143	84	0.111444	FALSE	NA	NA	NA	NA	NA	NA
NC_045512.2	12645	T	A	75	32	26	3	3	26	0.0357143	84	0.111444	FALSE	NA	NA	NA	NA	NA	NA
NC_045512.2	12646	T	G	64	29	25	3	3	26	0.038961	77	0.10039	FALSE	NA	NA	NA	NA	NA	NA
NC_045512.2	12646	T	C	64	29	25	3	3	24	0.038961	77	0.10039	FALSE	NA	NA	NA	NA	NA	NA
NC_045512.2	12646	T	A	64	29	25	7	7	26	0.0909091	77	0.00522399	TRUE	NA	NA	NA	NA	NA	NA
NC_045512.2	12647	G	T	73	30	27	7	7	26	0.0823529	85	0.00571298	TRUE	NA	NA	NA	NA	NA	NA
NC_045512.2	12647	G	C	73	30	27	3	3	26	0.0352941	85	0.104938	FALSE	NA	NA	NA	NA	NA	NA
NC_045512.2	12647	G	A	73	30	27	2	2	27	0.0235294	85	0.220922	FALSE	NA	NA	NA	NA	NA	NA
NC_045512.2	12648	T	G	71	28	27	5	5	26	0.0588235	85	0.0225197	FALSE	NA	NA	NA	NA	NA	NA
NC_045512.2	12648	T	C	71	28	27	5	5	26	0.0588235	85	0.0225197	FALSE	NA	NA	NA	NA	NA	NA
NC_045512.2	12648	T	A	71	28	27	4	4	23	0.0470588	85	0.04741	FALSE	NA	NA	NA	NA	NA	NA
NC_045512.2	12649	A	T	75	32	26	2	2	26	0.0238095	84	0.230031	FALSE	NA	NA	NA	NA	NA	NA
NC_045512.2	12649	A	G	75	32	26	5	5	27	0.0595238	84	0.0266729	FALSE	NA	NA	NA	NA	NA	NA
NC_045512.2	12649	A	C	75	32	26	2	2	24	0.0238095	84	0.230031	FALSE	NA	NA	NA	NA	NA	NA
NC_045512.2	12650	A	T	69	30	25	6	6	27	0.075	80	0.0119948	FALSE	NA	NA	NA	NA	NA	NA
NC_045512.2	12650	A	G	69	30	25	2	2	23	0.025	80	0.222371	FALSE	NA	NA	NA	NA	NA	NA
NC_045512.2	12650	A	C	69	30	25	3	3	26	0.0375	80	0.106031	FALSE	NA	NA	NA	NA	NA	NA
NC_045512.2	12651	C	T	73	30	27	1	1	28	0.0117647	85	0.468354	FALSE	NA	NA	NA	NA	NA	NA
NC_045512.2	12651	C	G	73	30	27	4	4	22	0.0470588	85	0.0501877	FALSE	NA	NA	NA	NA	NA	NA
NC_045512.2	12651	C	A	73	30	27	7	7	26	0.0823529	85	0.00571298	TRUE	NA	NA	NA	NA	NA	NA
NC_045512.2	12652	A	T	73	30	27	4	4	23	0.0470588	85	0.0501877	FALSE	NA	NA	NA	NA	NA	NA
NC_045512.2	12652	A	G	73	30	27	8	8	26	0.0941176	85	0.00280455	TRUE	NA	NA	NA	NA	NA	NA
NC_045512.2	12653	G	T	71	29	27	8	8	26	0.0963855	83	0.00278034	TRUE	NA	NA	NA	NA	NA	NA
NC_045512.2	12653	G	A	71	29	27	4	4	26	0.0481928	83	0.0498967	FALSE	NA	NA	NA	NA	NA	NA
NC_045512.2	12654	C	T	63	27	27	4	4	24	0.0519481	77	0.0458924	FALSE	NA	NA	NA	NA	NA	NA
NC_045512.2	12654	C	G	63	27	27	3	3	27	0.038961	77	0.0979494	FALSE	NA	NA	NA	NA	NA	NA
NC_045512.2	12654	C	A	63	27	27	7	7	27	0.0909091	77	0.0049444	TRUE	NA	NA	NA	NA	NA	NA
NC_045512.2	12655	T	G	66	30	25	1	1	26	0.012987	77	0.468531	FALSE	NA	NA	NA	NA	NA	NA
NC_045512.2	12655	T	C	66	30	25	3	3	26	0.038961	77	0.105285	FALSE	NA	NA	NA	NA	NA	NA
NC_045512.2	12655	T	A	66	30	25	7	7	27	0.0909091	77	0.00581112	TRUE	NA	NA	NA	NA	NA	NA
NC_045512.2	12656	T	G	63	30	28	3	3	24	0.04	75	0.102239	FALSE	NA	NA	NA	NA	NA	NA
NC_045512.2	12656	T	C	63	30	28	2	2	30	0.0266667	75	0.21687	FALSE	NA	NA	NA	NA	NA	NA
NC_045512.2	12656	T	A	63	30	28	7	7	27	0.0933333	75	0.00545683	TRUE	NA	NA	NA	NA	NA	NA
NC_045512.2	12657	T	G	52	32	25	4	4	25	0.0645161	62	0.049542	FALSE	NA	NA	NA	NA	NA	NA
NC_045512.2	12657	T	A	52	32	25	6	6	27	0.0967742	62	0.011664	FALSE	NA	NA	NA	NA	NA	NA
NC_045512.2	12658	A	T	64	31	25	6	6	26	0.08	75	0.0117663	FALSE	NA	NA	NA	NA	NA	NA
NC_045512.2	12658	A	G	64	31	25	1	1	25	0.0133333	75	0.467626	FALSE	NA	NA	NA	NA	NA	NA
NC_045512.2	12658	A	C	64	31	25	4	4	26	0.0533333	75	0.0501638	FALSE	NA	NA	NA	NA	NA	NA
NC_045512.2	12659	A	T	57	29	25	4	4	29	0.0571429	70	0.0459425	FALSE	NA	NA	NA	NA	NA	NA
NC_045512.2	12659	A	G	57	29	25	5	5	27	0.0714286	70	0.0217438	FALSE	NA	NA	NA	NA	NA	NA
NC_045512.2	12659	A	C	57	29	25	4	4	27	0.0571429	70	0.0459425	FALSE	NA	NA	NA	NA	NA	NA
NC_045512.2	12660	G	T	56	26	25	3	3	24	0.0434783	69	0.0975148	FALSE	NA	NA	NA	NA	NA	NA
NC_045512.2	12660	G	C	56	26	25	1	1	28	0.0144928	69	0.456	FALSE	NA	NA	NA	NA	NA	NA
NC_045512.2	12660	G	A	56	26	25	9	9	27	0.130435	69	0.00117473	TRUE	NA	NA	NA	NA	NA	NA
NC_045512.2	12661	G	T	59	29	28	6	6	26	0.0833333	72	0.0105107	FALSE	NA	NA	NA	NA	NA	NA
NC_045512.2	12661	G	C	59	29	28	3	3	26	0.0416667	72	0.0986679	FALSE	NA	NA	NA	NA	NA	NA
NC_045512.2	12661	G	A	59	29	28	4	4	26	0.0555556	72	0.0463886	FALSE	NA	NA	NA	NA	NA	NA
NC_045512.2	12662	G	T	56	28	24	7	7	27	0.1	70	0.00469468	TRUE	NA	NA	NA	NA	NA	NA
NC_045512.2	12662	G	C	56	28	24	3	3	28	0.0428571	70	0.0952293	FALSE	NA	NA	NA	NA	NA	NA
NC_045512.2	12662	G	A	56	28	24	4	4	25	0.0571429	70	0.0442927	FALSE	NA	NA	NA	NA	NA	NA
NC_045512.2	12663	C	T	57	27	26	4	4	24	0.0571429	70	0.0459425	FALSE	NA	NA	NA	NA	NA	NA
NC_045512.2	12663	C	G	57	27	26	3	3	26	0.0428571	70	0.0979102	FALSE	NA	NA	NA	NA	NA	NA
NC_045512.2	12663	C	A	57	27	26	6	6	27	0.0857143	70	0.0103777	FALSE	NA	NA	NA	NA	NA	NA
NC_045512.2	12664	C	T	58	29	25	3	3	28	0.0422535	71	0.0982944	FALSE	NA	NA	NA	NA	NA	NA
NC_045512.2	12664	C	G	58	29	25	4	4	26	0.056338	71	0.0461686	FALSE	NA	NA	NA	NA	NA	NA
NC_045512.2	12664	C	A	58	29	25	6	6	26	0.084507	71	0.0104451	FALSE	NA	NA	NA	NA	NA	NA
NC_045512.2	12664	C	+A	58	29	25	1	0	20	0.0140845	71	0.457364	FALSE	NA	NA	NA	NA	NA	NA
NC_045512.2	12665	A	T	56	27	26	5	5	26	0.0735294	68	0.0224864	FALSE	NA	NA	NA	NA	NA	NA
NC_045512.2	12665	A	G	56	27	26	5	5	26	0.0735294	68	0.0224864	FALSE	NA	NA	NA	NA	NA	NA
NC_045512.2	12665	A	C	56	27	26	2	2	25	0.0294118	68	0.21329	FALSE	NA	NA	NA	NA	NA	NA
NC_045512.2	12666	A	T	56	30	25	7	7	26	0.104478	67	0.00553551	TRUE	NA	NA	NA	NA	NA	NA
NC_045512.2	12666	A	G	56	30	25	2	2	28	0.0298507	67	0.216758	FALSE	NA	NA	NA	NA	NA	NA
NC_045512.2	12666	A	C	56	30	25	2	2	28	0.0298507	67	0.216758	FALSE	NA	NA	NA	NA	NA	NA
NC_045512.2	12667	T	G	62	34	25	2	2	27	0.0294118	68	0.236759	FALSE	NA	NA	NA	NA	NA	NA
NC_045512.2	12667	T	A	62	34	25	4	4	28	0.0588235	68	0.0578546	FALSE	NA	NA	NA	NA	NA	NA
NC_045512.2	12668	T	G	57	30	25	3	3	26	0.0434783	69	0.100241	FALSE	NA	NA	NA	NA	NA	NA
NC_045512.2	12668	T	C	57	30	25	4	4	28	0.057971	69	0.047401	FALSE	NA	NA	NA	NA	NA	NA
NC_045512.2	12668	T	A	57	30	25	5	5	27	0.0724638	69	0.0226066	FALSE	NA	NA	NA	NA	NA	NA
NC_045512.2	12669	C	T	54	26	27	3	3	26	0.0422535	71	0.087769	FALSE	NA	NA	NA	NA	NA	NA
NC_045512.2	12669	C	G	54	26	27	5	5	26	0.0704225	71	0.0181895	FALSE	NA	NA	NA	NA	NA	NA
NC_045512.2	12669	C	A	54	26	27	9	9	26	0.126761	71	0.000869751	TRUE	NA	NA	NA	NA	NA	NA
NC_045512.2	12670	T	G	59	31	27	5	5	25	0.0704225	71	0.0228375	FALSE	NA	NA	NA	NA	NA	NA
NC_045512.2	12670	T	C	59	31	27	4	4	25	0.056338	71	0.047816	FALSE	NA	NA	NA	NA	NA	NA
NC_045512.2	12670	T	A	59	31	27	3	3	27	0.0422535	71	0.100945	FALSE	NA	NA	NA	NA	NA	NA
NC_045512.2	12671	G	T	57	30	27	3	3	26	0.0441176	68	0.102647	FALSE	NA	NA	NA	NA	NA	NA
NC_045512.2	12671	G	C	57	30	27	4	4	27	0.0588235	68	0.0489178	FALSE	NA	NA	NA	NA	NA	NA
NC_045512.2	12671	G	A	57	30	27	4	3	24	0.0588235	68	0.0489178	FALSE	NA	NA	NA	NA	NA	NA
NC_045512.2	12672	C	T	54	26	27	5	5	25	0.0704225	71	0.0181895	FALSE	NA	NA	NA	NA	NA	NA
NC_045512.2	12672	C	G	54	26	27	3	3	26	0.0422535	71	0.087769	FALSE	NA	NA	NA	NA	NA	NA
NC_045512.2	12672	C	A	54	26	27	9	9	24	0.126761	71	0.000869751	TRUE	NA	NA	NA	NA	NA	NA
NC_045512.2	12673	T	G	56	28	27	1	1	27	0.0142857	70	0.452381	FALSE	NA	NA	NA	NA	NA	NA
NC_045512.2	12673	T	C	56	28	27	4	4	25	0.0571429	70	0.0442927	FALSE	NA	NA	NA	NA	NA	NA
NC_045512.2	12673	T	A	56	28	27	9	9	26	0.128571	70	0.00109583	TRUE	NA	NA	NA	NA	NA	NA
NC_045512.2	12674	G	T	57	29	27	2	2	23	0.028169	71	0.207243	FALSE	NA	NA	NA	NA	NA	NA
NC_045512.2	12674	G	C	57	29	27	2	2	27	0.028169	71	0.207243	FALSE	NA	NA	NA	NA	NA	NA
NC_045512.2	12674	G	A	57	29	27	10	10	26	0.140845	71	0.000540838	TRUE	NA	NA	NA	NA	NA	NA
NC_045512.2	12675	T	G	60	32	27	3	3	25	0.0434783	69	0.108457	FALSE	NA	NA	NA	NA	NA	NA
NC_045512.2	12675	T	C	60	32	27	2	2	27	0.0289855	69	0.225522	FALSE	NA	NA	NA	NA	NA	NA
NC_045512.2	12675	T	A	60	32	27	4	4	26	0.057971	69	0.0525852	FALSE	NA	NA	NA	NA	NA	NA
NC_045512.2	12676	C	T	57	30	26	7	7	27	0.101449	69	0.00527122	TRUE	NA	NA	NA	NA	NA	NA
NC_045512.2	12676	C	G	57	30	26	1	1	28	0.0144928	69	0.460317	FALSE	NA	NA	NA	NA	NA	NA
NC_045512.2	12676	C	A	57	30	26	4	4	26	0.057971	69	0.047401	FALSE	NA	NA	NA	NA	NA	NA
NC_045512.2	12677	A	T	56	29	25	6	6	26	0.0895522	67	0.0113346	FALSE	NA	NA	NA	NA	NA	NA
NC_045512.2	12677	A	G	56	29	25	4	4	27	0.0597015	67	0.048719	FALSE	NA	NA	NA	NA	NA	NA
NC_045512.2	12677	A	C	56	29	25	1	1	23	0.0149254	67	0.463415	FALSE	NA	NA	NA	NA	NA	NA
NC_045512.2	12678	A	T	55	29	27	9	9	25	0.130435	69	0.00108553	TRUE	NA	NA	NA	NA	NA	NA
NC_045512.2	12678	A	G	55	29	27	3	3	28	0.0434783	69	0.0947957	FALSE	NA	NA	NA	NA	NA	NA
NC_045512.2	12678	A	C	55	29	27	2	2	24	0.0289855	69	0.205935	FALSE	NA	NA	NA	NA	NA	NA
NC_045512.2	12679	A	T	45	28	25	7	7	26	0.116667	60	0.00393905	TRUE	NA	NA	NA	NA	NA	NA
NC_045512.2	12679	A	G	45	28	25	4	3	27	0.0666667	60	0.0395358	FALSE	NA	NA	NA	NA	NA	NA
NC_045512.2	12679	A	C	45	28	25	4	4	26	0.0666667	60	0.0395358	FALSE	NA	NA	NA	NA	NA	NA
NC_045512.2	12680	T	G	60	33	24	2	2	28	0.0289855	69	0.225522	FALSE	NA	NA	NA	NA	NA	NA
NC_045512.2	12680	T	C	60	33	24	3	3	28	0.0434783	69	0.108457	FALSE	NA	NA	NA	NA	NA	NA
NC_045512.2	12680	T	A	60	33	24	4	4	27	0.057971	69	0.0525852	FALSE	NA	NA	NA	NA	NA	NA
NC_045512.2	12680	T	-T	60	33	24	1	0	20	0.0144928	69	0.472868	FALSE	NA	NA	NA	NA	NA	NA
NC_045512.2	12681	T	G	53	30	26	3	3	27	0.0454545	66	0.0938897	FALSE	NA	NA	NA	NA	NA	NA
NC_045512.2	12681	T	C	53	30	26	3	2	27	0.0454545	66	0.0938897	FALSE	NA	NA	NA	NA	NA	NA
NC_045512.2	12681	T	A	53	30	26	7	7	25	0.106061	66	0.00457422	TRUE	NA	NA	NA	NA	NA	NA
NC_045512.2	12682	A	T	58	32	26	4	4	26	0.0588235	68	0.05067	FALSE	NA	NA	NA	NA	NA	NA
NC_045512.2	12682	A	G	58	32	26	4	4	24	0.0588235	68	0.05067	FALSE	NA	NA	NA	NA	NA	NA
NC_045512.2	12682	A	C	58	32	26	2	2	30	0.0294118	68	0.221222	FALSE	NA	NA	NA	NA	NA	NA
NC_045512.2	12683	C	T	52	27	27	5	5	26	0.0757576	66	0.0201995	FALSE	NA	NA	NA	NA	NA	NA
NC_045512.2	12683	C	G	52	27	27	3	3	26	0.0454545	66	0.0934162	FALSE	NA	NA	NA	NA	NA	NA
NC_045512.2	12683	C	A	52	27	27	6	6	25	0.0909091	66	0.00952495	TRUE	NA	NA	NA	NA	NA	NA
NC_045512.2	12684	A	T	53	28	27	8	8	24	0.119403	67	0.00219706	TRUE	NA	NA	NA	NA	NA	NA
NC_045512.2	12684	A	G	53	28	27	5	5	27	0.0746269	67	0.0203514	FALSE	NA	NA	NA	NA	NA	NA
NC_045512.2	12684	A	C	53	28	27	1	1	27	0.0149254	67	0.45	FALSE	NA	NA	NA	NA	NA	NA
NC_045512.2	12685	G	T	52	28	27	7	7	26	0.104478	67	0.00427824	TRUE	NA	NA	NA	NA	NA	NA
NC_045512.2	12685	G	C	52	28	27	3	3	25	0.0447761	67	0.0911001	FALSE	NA	NA	NA	NA	NA	NA
NC_045512.2	12685	G	A	52	28	27	5	5	25	0.0746269	67	0.0193783	FALSE	NA	NA	NA	NA	NA	NA
NC_045512.2	12686	A	T	53	32	25	3	3	26	0.047619	63	0.103853	FALSE	NA	NA	NA	NA	NA	NA
NC_045512.2	12686	A	G	53	32	25	2	2	28	0.031746	63	0.218833	FALSE	NA	NA	NA	NA	NA	NA
NC_045512.2	12686	A	C	53	32	25	5	5	26	0.0793651	63	0.0240433	FALSE	NA	NA	NA	NA	NA	NA
NC_045512.2	12687	A	T	52	33	25	6	6	26	0.0967742	62	0.011664	FALSE	NA	NA	NA	NA	NA	NA
NC_045512.2	12687	A	G	52	33	25	4	4	25	0.0645161	62	0.049542	FALSE	NA	NA	NA	NA	NA	NA
NC_045512.2	12688	T	G	52	31	26	6	6	26	0.09375	64	0.0105313	FALSE	NA	NA	NA	NA	NA	NA
NC_045512.2	12688	T	C	52	31	26	3	3	28	0.046875	64	0.0982893	FALSE	NA	NA	NA	NA	NA	NA
NC_045512.2	12688	T	A	52	31	26	3	3	28	0.046875	64	0.0982893	FALSE	NA	NA	NA	NA	NA	NA
NC_045512.2	12689	A	T	48	28	24	4	4	25	0.0645161	62	0.0420463	FALSE	NA	NA	NA	NA	NA	NA
NC_045512.2	12689	A	G	48	28	24	6	6	27	0.0967742	62	0.00917898	TRUE	NA	NA	NA	NA	NA	NA
NC_045512.2	12689	A	C	48	28	24	4	4	26	0.0645161	62	0.0420463	FALSE	NA	NA	NA	NA	NA	NA
NC_045512.2	12690	A	T	42	29	25	7	7	25	0.125	56	0.00404365	TRUE	NA	NA	NA	NA	NA	NA
NC_045512.2	12690	A	G	42	29	25	3	3	28	0.0535714	56	0.0877551	FALSE	NA	NA	NA	NA	NA	NA
NC_045512.2	12690	A	C	42	29	25	4	4	25	0.0714286	56	0.0399677	FALSE	NA	NA	NA	NA	NA	NA
NC_045512.2	12691	T	G	48	28	26	1	1	28	0.016129	62	0.445455	FALSE	NA	NA	NA	NA	NA	NA
NC_045512.2	12691	T	C	48	28	26	4	4	26	0.0645161	62	0.0420463	FALSE	NA	NA	NA	NA	NA	NA
NC_045512.2	12691	T	A	48	28	26	9	9	26	0.145161	62	0.00100622	TRUE	NA	NA	NA	NA	NA	NA
NC_045512.2	12692	G	T	47	27	26	3	3	26	0.0483871	62	0.0883619	FALSE	NA	NA	NA	NA	NA	NA
NC_045512.2	12692	G	C	47	27	26	4	4	28	0.0645161	62	0.0402362	FALSE	NA	NA	NA	NA	NA	NA
NC_045512.2	12692	G	A	47	27	26	8	8	27	0.129032	62	0.00191652	TRUE	NA	NA	NA	NA	NA	NA
NC_045512.2	12693	A	T	50	30	27	7	7	25	0.111111	63	0.0047197	TRUE	NA	NA	NA	NA	NA	NA
NC_045512.2	12693	A	C	50	30	27	6	6	25	0.0952381	63	0.00985342	TRUE	NA	NA	NA	NA	NA	NA
NC_045512.2	12694	G	T	46	26	27	9	9	27	0.142857	63	0.000769885	TRUE	NA	NA	NA	NA	NA	NA
NC_045512.2	12694	G	C	46	26	27	2	2	27	0.031746	63	0.188157	FALSE	NA	NA	NA	NA	NA	NA
NC_045512.2	12694	G	A	46	26	27	6	6	24	0.0952381	63	0.0076337	TRUE	NA	NA	NA	NA	NA	NA
NC_045512.2	12695	C	T	47	27	27	7	7	26	0.112903	62	0.00404212	TRUE	NA	NA	NA	NA	NA	NA
NC_045512.2	12695	C	G	47	27	27	3	3	25	0.0483871	62	0.0883619	FALSE	NA	NA	NA	NA	NA	NA
NC_045512.2	12695	C	A	47	27	27	5	5	27	0.0806452	62	0.0185158	FALSE	NA	NA	NA	NA	NA	NA
NC_045512.2	12696	T	G	47	27	24	5	5	27	0.078125	64	0.016934	FALSE	NA	NA	NA	NA	NA	NA
NC_045512.2	12696	T	C	47	27	24	4	4	26	0.0625	64	0.0374501	FALSE	NA	NA	NA	NA	NA	NA
NC_045512.2	12696	T	A	47	27	24	8	8	25	0.125	64	0.00166443	TRUE	NA	NA	NA	NA	NA	NA
NC_045512.2	12697	T	G	50	34	26	3	3	26	0.05	60	0.102782	FALSE	NA	NA	NA	NA	NA	NA
NC_045512.2	12697	T	C	50	34	26	1	1	28	0.0166667	60	0.463636	FALSE	NA	NA	NA	NA	NA	NA
NC_045512.2	12697	T	A	50	34	26	6	6	26	0.1	60	0.0115393	FALSE	NA	NA	NA	NA	NA	NA
NC_045512.2	12698	A	T	51	31	27	7	7	26	0.112903	62	0.00536751	TRUE	NA	NA	NA	NA	NA	NA
NC_045512.2	12698	A	G	51	31	27	3	3	24	0.0483871	62	0.10046	FALSE	NA	NA	NA	NA	NA	NA
NC_045512.2	12698	A	C	51	31	27	1	1	26	0.016129	62	0.460177	FALSE	NA	NA	NA	NA	NA	NA
NC_045512.2	12699	G	T	49	29	27	5	5	27	0.0793651	63	0.0197177	FALSE	NA	NA	NA	NA	NA	NA
NC_045512.2	12699	G	C	49	29	27	3	3	26	0.047619	63	0.0919056	FALSE	NA	NA	NA	NA	NA	NA
NC_045512.2	12699	G	A	49	29	27	6	6	28	0.0952381	63	0.009269	TRUE	NA	NA	NA	NA	NA	NA
NC_045512.2	12700	T	G	52	32	27	5	5	25	0.078125	64	0.0219706	FALSE	NA	NA	NA	NA	NA	NA
NC_045512.2	12700	T	C	52	32	27	1	1	22	0.015625	64	0.456897	FALSE	NA	NA	NA	NA	NA	NA
NC_045512.2	12700	T	A	52	32	27	6	6	25	0.09375	64	0.0105313	FALSE	NA	NA	NA	NA	NA	NA
NC_045512.2	12701	C	T	47	27	25	4	4	24	0.0634921	63	0.0388119	FALSE	NA	NA	NA	NA	NA	NA
NC_045512.2	12701	C	G	47	27	25	6	6	27	0.0952381	63	0.00815909	TRUE	NA	NA	NA	NA	NA	NA
NC_045512.2	12701	C	A	47	27	25	6	6	25	0.0952381	63	0.00815909	TRUE	NA	NA	NA	NA	NA	NA
NC_045512.2	12702	C	T	44	27	25	5	5	25	0.0847458	59	0.0179373	FALSE	NA	NA	NA	NA	NA	NA
NC_045512.2	12702	C	G	44	27	25	6	6	26	0.101695	59	0.00830429	TRUE	NA	NA	NA	NA	NA	NA
NC_045512.2	12702	C	A	44	27	25	4	4	26	0.0677966	59	0.0391691	FALSE	NA	NA	NA	NA	NA	NA
NC_045512.2	12702	C	-TGT	44	27	25	1	0	20	0.0169492	59	0.436893	FALSE	NA	NA	NA	NA	NA	NA
NC_045512.2	12703	T	G	48	30	27	1	1	28	0.0163934	61	0.445455	FALSE	NA	NA	NA	NA	NA	NA
NC_045512.2	12703	T	C	48	30	27	6	6	25	0.0983607	61	0.00917898	TRUE	NA	NA	NA	NA	NA	NA
NC_045512.2	12703	T	A	48	30	27	6	6	24	0.0983607	61	0.00917898	TRUE	NA	NA	NA	NA	NA	NA
NC_045512.2	12704	G	T	45	27	26	4	4	27	0.0666667	60	0.0380849	FALSE	NA	NA	NA	NA	NA	NA
NC_045512.2	12704	G	C	45	27	26	2	2	25	0.0333333	60	0.190619	FALSE	NA	NA	NA	NA	NA	NA
NC_045512.2	12704	G	A	45	27	26	9	9	25	0.15	60	0.000820445	TRUE	NA	NA	NA	NA	NA	NA
NC_045512.2	12705	T	G	46	31	24	4	4	28	0.0689655	58	0.0429737	FALSE	NA	NA	NA	NA	NA	NA
NC_045512.2	12705	T	C	46	31	24	1	1	27	0.0172414	58	0.447619	FALSE	NA	NA	NA	NA	NA	NA
NC_045512.2	12705	T	A	46	31	24	7	7	26	0.12069	58	0.00453847	TRUE	NA	NA	NA	NA	NA	NA
NC_045512.2	12706	T	G	41	32	26	4	4	24	0.0754717	53	0.043002	FALSE	NA	NA	NA	NA	NA	NA
NC_045512.2	12706	T	C	41	32	26	4	4	28	0.0754717	53	0.043002	FALSE	NA	NA	NA	NA	NA	NA
NC_045512.2	12706	T	A	41	32	26	4	4	26	0.0754717	53	0.043002	FALSE	NA	NA	NA	NA	NA	NA
NC_045512.2	12707	G	T	42	27	26	9	9	24	0.152542	59	0.000713585	TRUE	NA	NA	NA	NA	NA	NA
NC_045512.2	12707	G	C	42	27	26	3	3	25	0.0508475	59	0.080237	FALSE	NA	NA	NA	NA	NA	NA
NC_045512.2	12707	G	A	42	27	26	5	5	27	0.0847458	59	0.0158858	FALSE	NA	NA	NA	NA	NA	NA
NC_045512.2	12708	C	T	44	29	26	7	7	27	0.118644	59	0.00388549	TRUE	NA	NA	NA	NA	NA	NA
NC_045512.2	12708	C	G	44	29	26	6	6	25	0.101695	59	0.00830429	TRUE	NA	NA	NA	NA	NA	NA
NC_045512.2	12708	C	A	44	29	26	2	2	26	0.0338983	59	0.193241	FALSE	NA	NA	NA	NA	NA	NA
NC_045512.2	12709	A	T	46	31	27	3	3	26	0.0508475	59	0.0928231	FALSE	NA	NA	NA	NA	NA	NA
NC_045512.2	12709	A	G	46	31	27	7	7	26	0.118644	59	0.00453847	TRUE	NA	NA	NA	NA	NA	NA
NC_045512.2	12709	A	C	46	31	27	3	3	25	0.0508475	59	0.0928231	FALSE	NA	NA	NA	NA	NA	NA
NC_045512.2	12710	C	T	46	31	26	5	5	26	0.0862069	58	0.0210736	FALSE	NA	NA	NA	NA	NA	NA
NC_045512.2	12710	C	G	46	31	26	2	2	27	0.0344828	58	0.206593	FALSE	NA	NA	NA	NA	NA	NA
NC_045512.2	12710	C	A	46	31	26	5	5	26	0.0862069	58	0.0210736	FALSE	NA	NA	NA	NA	NA	NA
NC_045512.2	12711	T	G	45	30	26	1	1	28	0.0181818	55	0.46	FALSE	NA	NA	NA	NA	NA	NA
NC_045512.2	12711	T	C	45	30	26	5	5	24	0.0909091	55	0.0230394	FALSE	NA	NA	NA	NA	NA	NA
NC_045512.2	12711	T	A	45	30	26	4	4	25	0.0727273	55	0.0479219	FALSE	NA	NA	NA	NA	NA	NA
NC_045512.2	12712	A	G	19	7	26	3	3	25	0.130435	23	0.116279	FALSE	NA	NA	NA	NA	NA	NA
NC_045512.2	12712	A	C	19	7	26	1	1	26	0.0434783	23	0.47619	FALSE	NA	NA	NA	NA	NA	NA
NC_045512.2	12713	C	T	18	7	26	2	1	26	0.0952381	21	0.24359	FALSE	NA	NA	NA	NA	NA	NA
NC_045512.2	12713	C	A	18	7	26	1	1	26	0.047619	21	0.487179	FALSE	NA	NA	NA	NA	NA	NA
NC_045512.2	12714	G	A	19	7	27	2	2	25	0.0952381	21	0.256098	FALSE	NA	NA	NA	NA	NA	NA
NC_045512.2	12715	A	T	19	7	27	1	1	22	0.047619	21	0.5	FALSE	NA	NA	NA	NA	NA	NA
NC_045512.2	12715	A	G	19	7	27	1	1	25	0.047619	21	0.5	FALSE	NA	NA	NA	NA	NA	NA
NC_045512.2	12716	C	T	18	6	27	1	1	28	0.05	20	0.5	FALSE	NA	NA	NA	NA	NA	NA
NC_045512.2	12716	C	A	18	6	27	1	1	27	0.05	20	0.5	FALSE	NA	NA	NA	NA	NA	NA
NC_045512.2	12717	A	T	18	6	27	2	2	26	0.0952381	21	0.24359	FALSE	NA	NA	NA	NA	NA	NA
NC_045512.2	12717	A	G	18	6	27	1	1	28	0.047619	21	0.487179	FALSE	NA	NA	NA	NA	NA	NA
NC_045512.2	12718	G	C	18	6	27	1	1	28	0.047619	21	0.487179	FALSE	NA	NA	NA	NA	NA	NA
NC_045512.2	12718	G	A	18	6	27	2	2	25	0.0952381	21	0.24359	FALSE	NA	NA	NA	NA	NA	NA
NC_045512.2	12719	A	G	19	7	26	2	2	24	0.0952381	21	0.256098	FALSE	NA	NA	NA	NA	NA	NA
NC_045512.2	12720	T	C	20	8	26	1	1	28	0.047619	21	0.512195	FALSE	NA	NA	NA	NA	NA	NA
NC_045512.2	12721	G	T	18	6	26	1	1	28	0.05	20	0.5	FALSE	NA	NA	NA	NA	NA	NA
NC_045512.2	12721	G	A	18	6	26	1	1	25	0.05	20	0.5	FALSE	NA	NA	NA	NA	NA	NA
NC_045512.2	12722	T	A	19	7	27	2	2	27	0.0952381	21	0.256098	FALSE	NA	NA	NA	NA	NA	NA
NC_045512.2	12723	C	G	19	7	27	1	1	22	0.047619	21	0.5	FALSE	NA	NA	NA	NA	NA	NA
NC_045512.2	12723	C	A	19	7	27	1	1	27	0.047619	21	0.5	FALSE	NA	NA	NA	NA	NA	NA
NC_045512.2	12724	T	G	16	5	26	2	2	28	0.105263	19	0.242857	FALSE	NA	NA	NA	NA	NA	NA
NC_045512.2	12724	T	A	16	5	26	1	1	27	0.0526316	19	0.485714	FALSE	NA	NA	NA	NA	NA	NA
NC_045512.2	12725	T	A	16	7	24	2	2	25	0.111111	18	0.257143	FALSE	NA	NA	NA	NA	NA	NA
NC_045512.2	12726	G	T	17	6	26	1	1	28	0.05	20	0.486486	FALSE	NA	NA	NA	NA	NA	NA
NC_045512.2	12726	G	C	17	6	26	2	2	25	0.1	20	0.243243	FALSE	NA	NA	NA	NA	NA	NA
NC_045512.2	12727	T	G	16	6	26	1	1	28	0.0526316	19	0.485714	FALSE	NA	NA	NA	NA	NA	NA
NC_045512.2	12727	T	C	16	6	26	1	0	25	0.0526316	19	0.485714	FALSE	NA	NA	NA	NA	NA	NA
NC_045512.2	12727	T	A	16	6	26	1	1	29	0.0526316	19	0.485714	FALSE	NA	NA	NA	NA	NA	NA
NC_045512.2	12728	G	T	18	7	27	1	1	23	0.05	20	0.5	FALSE	NA	NA	NA	NA	NA	NA
NC_045512.2	12728	G	A	18	7	27	1	1	26	0.05	20	0.5	FALSE	NA	NA	NA	NA	NA	NA
NC_045512.2	12729	C	T	17	6	27	2	2	22	0.1	20	0.243243	FALSE	NA	NA	NA	NA	NA	NA
NC_045512.2	12729	C	A	17	6	27	1	1	28	0.05	20	0.486486	FALSE	NA	NA	NA	NA	NA	NA
NC_045512.2	12730	T	C	18	8	26	1	1	23	0.0526316	19	0.513514	FALSE	NA	NA	NA	NA	NA	NA
NC_045512.2	12731	G	C	17	7	26	1	1	26	0.0555556	18	0.514286	FALSE	NA	NA	NA	NA	NA	NA
NC_045512.2	12732	C	T	16	6	24	1	1	23	0.0526316	19	0.485714	FALSE	NA	NA	NA	NA	NA	NA
NC_045512.2	12732	C	A	16	6	24	2	2	28	0.105263	19	0.242857	FALSE	NA	NA	NA	NA	NA	NA
NC_045512.2	12734	G	T	16	6	25	2	2	23	0.105263	19	0.242857	FALSE	NA	NA	NA	NA	NA	NA
NC_045512.2	12734	G	C	16	6	25	1	1	28	0.0526316	19	0.485714	FALSE	NA	NA	NA	NA	NA	NA
NC_045512.2	12735	G	T	14	6	24	3	3	27	0.176471	17	0.124633	FALSE	NA	NA	NA	NA	NA	NA
NC_045512.2	12736	T	G	16	6	27	1	1	27	0.0526316	19	0.485714	FALSE	NA	NA	NA	NA	NA	NA
NC_045512.2	12736	T	A	16	6	27	2	2	22	0.105263	19	0.242857	FALSE	NA	NA	NA	NA	NA	NA
NC_045512.2	12737	A	T	17	7	27	1	1	29	0.0526316	19	0.5	FALSE	NA	NA	NA	NA	NA	NA
NC_045512.2	12737	A	G	17	7	27	1	1	21	0.0526316	19	0.5	FALSE	NA	NA	NA	NA	NA	NA
NC_045512.2	12738	C	T	16	6	27	1	1	21	0.0555556	18	0.5	FALSE	NA	NA	NA	NA	NA	NA
NC_045512.2	12738	C	G	16	6	27	1	1	29	0.0555556	18	0.5	FALSE	NA	NA	NA	NA	NA	NA
NC_045512.2	12739	T	G	16	7	27	1	1	25	0.0526316	19	0.485714	FALSE	NA	NA	NA	NA	NA	NA
NC_045512.2	12739	T	C	16	7	27	2	1	25	0.105263	19	0.242857	FALSE	NA	NA	NA	NA	NA	NA
NC_045512.2	12740	A	T	16	6	26	2	2	27	0.111111	18	0.257143	FALSE	NA	NA	NA	NA	NA	NA
NC_045512.2	12741	C	G	16	6	27	1	1	27	0.0526316	19	0.485714	FALSE	NA	NA	NA	NA	NA	NA
NC_045512.2	12741	C	A	16	6	27	2	2	25	0.105263	19	0.242857	FALSE	NA	NA	NA	NA	NA	NA
NC_045512.2	12742	A	G	15	6	27	2	2	26	0.111111	18	0.242424	FALSE	NA	NA	NA	NA	NA	NA
NC_045512.2	12742	A	C	15	6	27	1	1	24	0.0555556	18	0.484848	FALSE	NA	NA	NA	NA	NA	NA
NC_045512.2	12743	C	-A	17	8	27	1	0	20	0.0588235	17	0.529412	FALSE	NA	NA	NA	NA	NA	NA
NC_045512.2	12744	A	T	14	6	25	1	1	27	0.0625	16	0.483871	FALSE	NA	NA	NA	NA	NA	NA
NC_045512.2	12744	A	G	14	6	25	1	1	24	0.0625	16	0.483871	FALSE	NA	NA	NA	NA	NA	NA
NC_045512.2	12745	A	T	16	7	27	1	1	27	0.0555556	18	0.5	FALSE	NA	NA	NA	NA	NA	NA
NC_045512.2	12745	A	G	16	7	27	1	1	28	0.0555556	18	0.5	FALSE	NA	NA	NA	NA	NA	NA
NC_045512.2	12746	A	T	11	6	25	1	1	31	0.0714286	14	0.48	FALSE	NA	NA	NA	NA	NA	NA
NC_045512.2	12746	A	G	11	6	25	2	2	25	0.142857	14	0.24	FALSE	NA	NA	NA	NA	NA	NA
NC_045512.2	12747	C	T	15	6	26	1	1	27	0.0555556	18	0.484848	FALSE	NA	NA	NA	NA	NA	NA
NC_045512.2	12747	C	G	15	6	26	1	1	28	0.0555556	18	0.484848	FALSE	NA	NA	NA	NA	NA	NA
NC_045512.2	12747	C	A	15	6	26	1	1	27	0.0555556	18	0.484848	FALSE	NA	NA	NA	NA	NA	NA
NC_045512.2	12748	T	C	15	6	26	2	2	25	0.111111	18	0.242424	FALSE	NA	NA	NA	NA	NA	NA
NC_045512.2	12748	T	A	15	6	26	1	1	27	0.0555556	18	0.484848	FALSE	NA	NA	NA	NA	NA	NA
NC_045512.2	12749	G	T	15	6	26	2	2	27	0.111111	18	0.242424	FALSE	NA	NA	NA	NA	NA	NA
NC_045512.2	12749	G	C	15	6	26	1	1	28	0.0555556	18	0.484848	FALSE	NA	NA	NA	NA	NA	NA
NC_045512.2	12750	C	T	15	6	26	1	1	28	0.0555556	18	0.484848	FALSE	NA	NA	NA	NA	NA	NA
NC_045512.2	12750	C	G	15	6	26	1	1	23	0.0555556	18	0.484848	FALSE	NA	NA	NA	NA	NA	NA
NC_045512.2	12750	C	A	15	6	26	1	1	28	0.0555556	18	0.484848	FALSE	NA	NA	NA	NA	NA	NA
NC_045512.2	12751	T	G	15	6	24	1	1	28	0.0555556	18	0.484848	FALSE	NA	NA	NA	NA	NA	NA
NC_045512.2	12751	T	C	15	6	24	2	2	28	0.111111	18	0.242424	FALSE	NA	NA	NA	NA	NA	NA
NC_045512.2	12752	T	A	15	7	24	2	2	28	0.117647	17	0.257576	FALSE	NA	NA	NA	NA	NA	NA
NC_045512.2	12753	G	T	15	6	27	1	1	31	0.0555556	18	0.484848	FALSE	NA	NA	NA	NA	NA	NA
NC_045512.2	12753	G	C	15	6	27	2	2	29	0.111111	18	0.242424	FALSE	NA	NA	NA	NA	NA	NA
NC_045512.2	12754	C	A	14	5	26	3	3	24	0.176471	17	0.124633	FALSE	NA	NA	NA	NA	NA	NA
NC_045512.2	12755	A	T	16	7	26	1	1	23	0.0588235	17	0.515152	FALSE	NA	NA	NA	NA	NA	NA
NC_045512.2	12756	C	T	15	6	26	1	1	24	0.0588235	17	0.5	FALSE	NA	NA	NA	NA	NA	NA
NC_045512.2	12756	C	A	15	6	26	1	1	28	0.0588235	17	0.5	FALSE	NA	NA	NA	NA	NA	NA
NC_045512.2	12757	T	G	15	7	27	1	1	26	0.0588235	17	0.5	FALSE	NA	NA	NA	NA	NA	NA
NC_045512.2	12757	T	C	15	7	27	1	1	29	0.0588235	17	0.5	FALSE	NA	NA	NA	NA	NA	NA
NC_045512.2	12758	G	T	14	6	27	2	2	26	0.117647	17	0.241935	FALSE	NA	NA	NA	NA	NA	NA
NC_045512.2	12758	G	C	14	6	27	1	1	23	0.0588235	17	0.483871	FALSE	NA	NA	NA	NA	NA	NA
NC_045512.2	12759	A	G	16	8	27	1	1	27	0.0588235	17	0.515152	FALSE	NA	NA	NA	NA	NA	NA
NC_045512.2	12760	T	C	13	6	27	2	2	24	0.125	16	0.241379	FALSE	NA	NA	NA	NA	NA	NA
NC_045512.2	12760	T	A	13	6	27	1	1	31	0.0625	16	0.482759	FALSE	NA	NA	NA	NA	NA	NA
NC_045512.2	12761	G	T	33	7	27	1	1	24	0.0277778	36	0.492754	FALSE	NA	NA	NA	NA	NA	NA
NC_045512.2	12761	G	C	33	7	27	2	2	30	0.0555556	36	0.246377	FALSE	NA	NA	NA	NA	NA	NA
NC_045512.2	12762	A	T	34	8	27	2	2	28	0.0555556	36	0.253521	FALSE	NA	NA	NA	NA	NA	NA
NC_045512.2	12763	C	G	33	7	26	2	2	28	0.0555556	36	0.246377	FALSE	NA	NA	NA	NA	NA	NA
NC_045512.2	12763	C	A	33	7	26	1	1	22	0.0277778	36	0.492754	FALSE	NA	NA	NA	NA	NA	NA
NC_045512.2	12764	A	C	33	7	26	2	2	26	0.0571429	35	0.253623	FALSE	NA	NA	NA	NA	NA	NA
NC_045512.2	12765	A	T	28	8	24	2	2	21	0.0666667	30	0.254237	FALSE	NA	NA	NA	NA	NA	NA
NC_045512.2	12766	T	C	35	9	25	1	1	27	0.0277778	36	0.507042	FALSE	NA	NA	NA	NA	NA	NA
NC_045512.2	12767	G	T	33	7	26	3	3	26	0.0833333	36	0.124923	FALSE	NA	NA	NA	NA	NA	NA
NC_045512.2	12768	C	G	33	7	26	1	1	27	0.0277778	36	0.492754	FALSE	NA	NA	NA	NA	NA	NA
NC_045512.2	12768	C	A	33	7	26	2	2	23	0.0555556	36	0.246377	FALSE	NA	NA	NA	NA	NA	NA
NC_045512.2	12769	G	A	34	8	27	2	2	29	0.0555556	36	0.253521	FALSE	NA	NA	NA	NA	NA	NA
NC_045512.2	12770	T	G	34	7	26	1	1	20	0.0277778	36	0.5	FALSE	NA	NA	NA	NA	NA	NA
NC_045512.2	12770	T	C	34	7	26	1	1	25	0.0277778	36	0.5	FALSE	NA	NA	NA	NA	NA	NA
NC_045512.2	12771	T	G	32	7	23	2	2	28	0.0571429	35	0.246269	FALSE	NA	NA	NA	NA	NA	NA
NC_045512.2	12771	T	A	32	7	23	1	1	31	0.0285714	35	0.492537	FALSE	NA	NA	NA	NA	NA	NA
NC_045512.2	12772	A	T	63	8	27	1	1	27	0.0153846	65	0.5	FALSE	NA	NA	NA	NA	NA	NA
NC_045512.2	12772	A	G	63	8	27	1	1	27	0.0153846	65	0.5	FALSE	NA	NA	NA	NA	NA	NA
NC_045512.2	12773	G	C	63	8	27	2	2	24	0.0307692	65	0.251938	FALSE	NA	NA	NA	NA	NA	NA
NC_045512.2	12774	C	G	63	8	27	1	1	27	0.0153846	65	0.5	FALSE	NA	NA	NA	NA	NA	NA
NC_045512.2	12774	C	A	63	8	27	1	1	24	0.0153846	65	0.5	FALSE	NA	NA	NA	NA	NA	NA
NC_045512.2	12775	T	C	62	7	27	1	1	22	0.0153846	65	0.496063	FALSE	NA	NA	NA	NA	NA	NA
NC_045512.2	12775	T	A	62	7	27	2	2	26	0.0307692	65	0.248031	FALSE	NA	NA	NA	NA	NA	NA
NC_045512.2	12776	T	C	59	8	23	1	1	28	0.0163934	61	0.5	FALSE	NA	NA	NA	NA	NA	NA
NC_045512.2	12776	T	A	59	8	23	1	1	27	0.0163934	61	0.5	FALSE	NA	NA	NA	NA	NA	NA
NC_045512.2	12777	A	T	61	7	27	2	2	25	0.03125	64	0.248	FALSE	NA	NA	NA	NA	NA	NA
NC_045512.2	12777	A	G	61	7	27	1	1	28	0.015625	64	0.496	FALSE	NA	NA	NA	NA	NA	NA
NC_045512.2	12778	C	T	63	9	27	1	1	27	0.015625	64	0.503937	FALSE	NA	NA	NA	NA	NA	NA
NC_045512.2	12779	T	G	60	7	27	1	1	29	0.015625	64	0.491935	FALSE	NA	NA	NA	NA	NA	NA
NC_045512.2	12779	T	C	60	7	27	3	2	27	0.046875	64	0.122	FALSE	NA	NA	NA	NA	NA	NA
NC_045512.2	12780	A	T	61	7	27	3	3	28	0.046875	64	0.124976	FALSE	NA	NA	NA	NA	NA	NA
NC_045512.2	12781	C	T	60	6	27	1	1	28	0.015873	63	0.495935	FALSE	NA	NA	NA	NA	NA	NA
NC_045512.2	12781	C	G	60	6	27	1	1	27	0.015873	63	0.495935	FALSE	NA	NA	NA	NA	NA	NA
NC_045512.2	12781	C	A	60	6	27	1	1	29	0.015873	63	0.495935	FALSE	NA	NA	NA	NA	NA	NA
NC_045512.2	12782	A	T	61	7	27	1	1	23	0.015873	63	0.5	FALSE	NA	NA	NA	NA	NA	NA
NC_045512.2	12782	A	C	61	7	27	1	1	28	0.015873	63	0.5	FALSE	NA	NA	NA	NA	NA	NA
NC_045512.2	12783	A	T	56	6	24	2	2	28	0.0333333	60	0.24359	FALSE	NA	NA	NA	NA	NA	NA
NC_045512.2	12783	A	G	56	6	24	2	1	28	0.0333333	60	0.24359	FALSE	NA	NA	NA	NA	NA	NA
NC_045512.2	12784	C	G	59	7	27	2	2	24	0.0327869	61	0.252066	FALSE	NA	NA	NA	NA	NA	NA
NC_045512.2	12785	A	T	58	6	27	3	3	23	0.0491803	61	0.124974	FALSE	NA	NA	NA	NA	NA	NA
NC_045512.2	12786	C	T	58	7	27	1	1	27	0.0169492	59	0.504274	FALSE	NA	NA	NA	NA	NA	NA
NC_045512.2	12788	A	C	55	7	23	2	2	26	0.0350877	57	0.252212	FALSE	NA	NA	NA	NA	NA	NA
NC_045512.2	12788	A	-C	55	7	23	1	0	20	0.0175439	57	0.5	FALSE	NA	NA	NA	NA	NA	NA
NC_045512.2	12789	C	T	10	2	26	45	5	26	0.789474	57	6.46261e-22	TRUE	NA	NA	NA	NA	NA	NA
NC_045512.2	12789	C	A	10	2	26	2	2	27	0.0350877	57	0.028133	FALSE	NA	NA	NA	NA	NA	NA
NC_045512.2	12790	A	T	53	5	26	1	0	24	0.0181818	55	0.5	FALSE	NA	NA	NA	NA	NA	NA
NC_045512.2	12790	A	G	53	5	26	1	1	28	0.0181818	55	0.5	FALSE	NA	NA	NA	NA	NA	NA
NC_045512.2	12791	A	T	55	6	28	1	1	27	0.0172414	58	0.495575	FALSE	NA	NA	NA	NA	NA	NA
NC_045512.2	12791	A	C	55	6	28	2	2	25	0.0344828	58	0.247788	FALSE	NA	NA	NA	NA	NA	NA
NC_045512.2	12793	G	A	49	1	26	1	1	29	0.02	50	0.505051	FALSE	NA	NA	NA	NA	NA	NA
NC_045512.2	12794	G	C	51	3	27	1	1	28	0.0192308	52	0.504854	FALSE	NA	NA	NA	NA	NA	NA
NC_045512.2	12795	G	A	40	3	22	1	1	28	0.0243902	41	0.506173	FALSE	NA	NA	NA	NA	NA	NA
NC_045512.2	12796	A	C	51	3	26	1	1	27	0.0192308	52	0.504854	FALSE	NA	NA	NA	NA	NA	NA
NC_045512.2	12797	G	A	51	3	26	1	1	22	0.0192308	52	0.504854	FALSE	NA	NA	NA	NA	NA	NA
NC_045512.2	12798	G	A	46	3	23	1	1	27	0.0212766	47	0.505376	FALSE	NA	NA	NA	NA	NA	NA
NC_045512.2	12803	T	C	47	0	27	1	0	28	0.0208333	48	0.505263	FALSE	NA	NA	NA	NA	NA	NA
NC_045512.2	12804	T	C	47	1	27	1	0	27	0.0208333	48	0.505263	FALSE	NA	NA	NA	NA	NA	NA
NC_045512.2	12805	T	C	41	1	22	1	0	23	0.0238095	42	0.506024	FALSE	NA	NA	NA	NA	NA	NA
NC_045512.2	12819	T	A	45	1	23	1	1	25	0.0217391	46	0.505495	FALSE	NA	NA	NA	NA	NA	NA
NC_045512.2	12820	A	G	49	1	27	1	1	20	0.02	50	0.505051	FALSE	NA	NA	NA	NA	NA	NA
NC_045512.2	12821	T	C	49	1	27	1	1	20	0.02	50	0.505051	FALSE	NA	NA	NA	NA	NA	NA
NC_045512.2	12823	C	T	45	1	23	1	1	27	0.0217391	46	0.505495	FALSE	NA	NA	NA	NA	NA	NA
NC_045512.2	12824	G	A	49	1	27	1	1	24	0.02	50	0.505051	FALSE	NA	NA	NA	NA	NA	NA
NC_045512.2	12825	A	C	49	1	27	1	1	27	0.02	50	0.505051	FALSE	NA	NA	NA	NA	NA	NA
NC_045512.2	12827	T	A	49	1	28	1	1	28	0.02	50	0.505051	FALSE	NA	NA	NA	NA	NA	NA
NC_045512.2	12828	T	C	47	1	22	1	1	28	0.0208333	48	0.505263	FALSE	NA	NA	NA	NA	NA	NA
NC_045512.2	12830	C	A	49	1	27	1	1	25	0.02	50	0.505051	FALSE	NA	NA	NA	NA	NA	NA
NC_045512.2	12831	A	C	49	1	27	1	1	25	0.02	50	0.505051	FALSE	NA	NA	NA	NA	NA	NA
NC_045512.2	12832	G	A	49	1	27	1	1	25	0.02	50	0.505051	FALSE	NA	NA	NA	NA	NA	NA
NC_045512.2	12833	G	C	47	1	23	1	1	25	0.0208333	48	0.505263	FALSE	NA	NA	NA	NA	NA	NA
NC_045512.2	12835	T	A	48	0	27	1	1	25	0.0204082	49	0.505155	FALSE	NA	NA	NA	NA	NA	NA
NC_045512.2	12837	T	A	42	1	21	1	1	20	0.0232558	43	0.505882	FALSE	NA	NA	NA	NA	NA	NA
NC_045512.2	12838	G	A	49	1	26	1	1	27	0.02	50	0.505051	FALSE	NA	NA	NA	NA	NA	NA
NC_045512.2	12840	A	G	49	1	26	1	1	23	0.02	50	0.505051	FALSE	NA	NA	NA	NA	NA	NA
NC_045512.2	12841	A	G	32	1	21	1	1	28	0.030303	33	0.507692	FALSE	NA	NA	NA	NA	NA	NA
NC_045512.2	12842	T	G	49	1	26	1	1	28	0.02	50	0.505051	FALSE	NA	NA	NA	NA	NA	NA
NC_045512.2	12843	G	A	49	1	27	1	1	28	0.02	50	0.505051	FALSE	NA	NA	NA	NA	NA	NA
NC_045512.2	12846	C	T	49	1	26	1	1	23	0.02	50	0.505051	FALSE	NA	NA	NA	NA	NA	NA
NC_045512.2	12847	T	A	49	1	26	1	1	23	0.02	50	0.505051	FALSE	NA	NA	NA	NA	NA	NA
NC_045512.2	12848	A	G	46	1	27	4	1	26	0.08	50	0.0611788	FALSE	NA	NA	NA	NA	NA	NA
NC_045512.2	12853	C	G	45	1	27	1	1	27	0.0217391	46	0.505495	FALSE	NA	NA	NA	NA	NA	NA
NC_045512.2	12854	C	T	45	1	28	1	1	23	0.0217391	46	0.505495	FALSE	NA	NA	NA	NA	NA	NA
NC_045512.2	12855	C	A	41	1	22	1	1	23	0.0238095	42	0.506024	FALSE	NA	NA	NA	NA	NA	NA
NC_045512.2	12856	T	C	45	1	27	1	1	23	0.0217391	46	0.505495	FALSE	NA	NA	NA	NA	NA	NA
NC_045512.2	12857	A	T	45	1	27	1	1	24	0.0217391	46	0.505495	FALSE	NA	NA	NA	NA	NA	NA
NC_045512.2	12858	A	T	45	1	23	1	1	27	0.0217391	46	0.505495	FALSE	NA	NA	NA	NA	NA	NA
NC_045512.2	12860	A	C	44	1	28	1	1	26	0.0222222	45	0.505618	FALSE	NA	NA	NA	NA	NA	NA
NC_045512.2	12861	G	A	59	1	28	1	1	23	0.0166667	60	0.504202	FALSE	NA	NA	NA	NA	NA	NA
NC_045512.2	12862	T	C	59	1	28	1	1	23	0.0166667	60	0.504202	FALSE	NA	NA	NA	NA	NA	NA
NC_045512.2	12863	G	T	59	1	27	1	1	23	0.0166667	60	0.504202	FALSE	NA	NA	NA	NA	NA	NA
NC_045512.2	12864	A	G	58	1	28	1	1	26	0.0169492	59	0.504274	FALSE	NA	NA	NA	NA	NA	NA
NC_045512.2	12866	G	T	57	1	28	1	1	28	0.0172414	58	0.504348	FALSE	NA	NA	NA	NA	NA	NA
NC_045512.2	12867	G	A	53	1	24	1	1	28	0.0185185	54	0.504673	FALSE	NA	NA	NA	NA	NA	NA
NC_045512.2	12868	A	T	56	1	27	1	1	26	0.0172414	58	0.5	FALSE	NA	NA	NA	NA	NA	NA
NC_045512.2	12868	A	G	56	1	27	1	0	24	0.0172414	58	0.5	FALSE	NA	NA	NA	NA	NA	NA
NC_045512.2	12869	A	C	53	1	23	1	1	20	0.0185185	54	0.504673	FALSE	NA	NA	NA	NA	NA	NA
NC_045512.2	12871	T	G	57	1	27	1	1	26	0.0172414	58	0.504348	FALSE	NA	NA	NA	NA	NA	NA
NC_045512.2	12872	G	A	57	1	27	1	1	26	0.0172414	58	0.504348	FALSE	NA	NA	NA	NA	NA	NA
NC_045512.2	12875	A	T	57	1	27	1	1	26	0.0172414	58	0.504348	FALSE	NA	NA	NA	NA	NA	NA
NC_045512.2	12876	C	A	56	1	27	1	1	26	0.0175439	57	0.504425	FALSE	NA	NA	NA	NA	NA	NA
NC_045512.2	12877	T	C	56	1	27	1	1	27	0.0175439	57	0.504425	FALSE	NA	NA	NA	NA	NA	NA
NC_045512.2	12879	T	G	50	1	26	1	1	23	0.0196078	51	0.50495	FALSE	NA	NA	NA	NA	NA	NA
NC_045512.2	12880	C	T	0	0	0	50	1	27	0.980392	51	9.91165e-30	TRUE	NA	NA	NA	NA	NA	NA
NC_045512.2	12880	C	G	0	0	0	1	1	27	0.0196078	51	0.0196078	FALSE	NA	NA	NA	NA	NA	NA
NC_045512.2	12881	T	A	36	1	22	1	1	26	0.027027	37	0.506849	FALSE	NA	NA	NA	NA	NA	NA
NC_045512.2	12884	A	T	49	1	27	1	1	26	0.02	50	0.505051	FALSE	NA	NA	NA	NA	NA	NA
NC_045512.2	12885	C	G	49	1	27	1	1	25	0.02	50	0.505051	FALSE	NA	NA	NA	NA	NA	NA
NC_045512.2	12887	G	A	49	1	27	1	1	26	0.02	50	0.505051	FALSE	NA	NA	NA	NA	NA	NA
NC_045512.2	12889	A	T	37	0	23	1	1	25	0.025641	39	0.5	FALSE	NA	NA	NA	NA	NA	NA
NC_045512.2	12889	A	G	37	0	23	1	1	28	0.025641	39	0.5	FALSE	NA	NA	NA	NA	NA	NA
NC_045512.2	12891	T	G	49	1	26	1	1	27	0.02	50	0.505051	FALSE	NA	NA	NA	NA	NA	NA
NC_045512.2	12893	G	C	41	1	23	1	1	25	0.0238095	42	0.506024	FALSE	NA	NA	NA	NA	NA	NA
NC_045512.2	12894	A	T	46	1	27	1	1	26	0.0212766	47	0.505376	FALSE	NA	NA	NA	NA	NA	NA
NC_045512.2	12896	C	G	46	1	27	1	1	26	0.0212766	47	0.505376	FALSE	NA	NA	NA	NA	NA	NA
NC_045512.2	12897	C	A	44	1	23	1	1	26	0.0222222	45	0.505618	FALSE	NA	NA	NA	NA	NA	NA
NC_045512.2	12899	C	T	45	1	28	1	1	26	0.0217391	46	0.505495	FALSE	NA	NA	NA	NA	NA	NA
NC_045512.2	12901	T	C	44	1	27	1	1	26	0.0222222	45	0.505618	FALSE	NA	NA	NA	NA	NA	NA
NC_045512.2	12902	T	C	40	1	23	1	1	26	0.0243902	41	0.506173	FALSE	NA	NA	NA	NA	NA	NA
NC_045512.2	12903	G	T	44	1	27	1	1	27	0.0222222	45	0.505618	FALSE	NA	NA	NA	NA	NA	NA
NC_045512.2	12904	T	C	42	1	27	1	0	26	0.0227273	44	0.5	FALSE	NA	NA	NA	NA	NA	NA
NC_045512.2	12904	T	A	42	1	27	1	1	22	0.0227273	44	0.5	FALSE	NA	NA	NA	NA	NA	NA
NC_045512.2	12907	G	A	37	1	23	1	1	32	0.0263158	38	0.506667	FALSE	NA	NA	NA	NA	NA	NA
NC_045512.2	12908	T	G	40	1	27	1	1	33	0.0238095	42	0.5	FALSE	NA	NA	NA	NA	NA	NA
NC_045512.2	12908	T	C	40	1	27	1	0	27	0.0238095	42	0.5	FALSE	NA	NA	NA	NA	NA	NA
NC_045512.2	12910	T	G	37	1	22	1	1	27	0.0263158	38	0.506667	FALSE	NA	NA	NA	NA	NA	NA
NC_045512.2	12911	G	A	41	1	27	1	1	30	0.0238095	42	0.506024	FALSE	NA	NA	NA	NA	NA	NA
NC_045512.2	12913	T	G	41	1	23	1	1	24	0.0238095	42	0.506024	FALSE	NA	NA	NA	NA	NA	NA
NC_045512.2	12914	A	G	41	1	27	1	1	28	0.0238095	42	0.506024	FALSE	NA	NA	NA	NA	NA	NA
NC_045512.2	12915	C	A	41	1	27	1	1	24	0.0238095	42	0.506024	FALSE	NA	NA	NA	NA	NA	NA
NC_045512.2	12916	A	G	41	2	27	1	0	27	0.0238095	42	0.506024	FALSE	NA	NA	NA	NA	NA	NA
NC_045512.2	12917	G	C	41	1	27	1	1	28	0.0238095	42	0.506024	FALSE	NA	NA	NA	NA	NA	NA
NC_045512.2	12918	A	T	41	1	28	1	1	28	0.0238095	42	0.506024	FALSE	NA	NA	NA	NA	NA	NA
NC_045512.2	12919	C	G	41	1	28	1	1	24	0.0238095	42	0.506024	FALSE	NA	NA	NA	NA	NA	NA
NC_045512.2	12920	A	G	41	1	27	1	1	28	0.0238095	42	0.506024	FALSE	NA	NA	NA	NA	NA	NA
NC_045512.2	12921	C	T	41	1	27	1	1	28	0.0238095	42	0.506024	FALSE	NA	NA	NA	NA	NA	NA
NC_045512.2	12924	C	T	37	1	23	1	1	28	0.0263158	38	0.506667	FALSE	NA	NA	NA	NA	NA	NA
NC_045512.2	12925	T	A	41	1	27	1	1	28	0.0238095	42	0.506024	FALSE	NA	NA	NA	NA	NA	NA
NC_045512.2	12925	T	-A	41	1	27	1	0	20	0.0238095	42	0.506024	FALSE	NA	NA	NA	NA	NA	NA
NC_045512.2	12926	A	T	39	1	26	1	1	23	0.025	40	0.5	FALSE	NA	NA	NA	NA	NA	NA
NC_045512.2	12927	A	T	38	1	27	1	1	28	0.025641	39	0.506494	FALSE	NA	NA	NA	NA	NA	NA
NC_045512.2	12928	A	T	26	1	22	1	1	28	0.037037	27	0.509434	FALSE	NA	NA	NA	NA	NA	NA
NC_045512.2	12929	G	A	36	1	26	1	1	28	0.027027	37	0.506849	FALSE	NA	NA	NA	NA	NA	NA
NC_045512.2	12930	G	T	32	1	23	1	1	28	0.030303	33	0.507692	FALSE	NA	NA	NA	NA	NA	NA
NC_045512.2	12931	T	A	36	1	26	1	1	28	0.027027	37	0.506849	FALSE	NA	NA	NA	NA	NA	NA
NC_045512.2	12933	C	A	34	1	23	1	1	27	0.0285714	35	0.507246	FALSE	NA	NA	NA	NA	NA	NA
NC_045512.2	12934	T	G	36	1	27	1	1	28	0.027027	37	0.506849	FALSE	NA	NA	NA	NA	NA	NA
NC_045512.2	12935	A	G	36	2	27	1	0	27	0.027027	37	0.506849	FALSE	NA	NA	NA	NA	NA	NA
NC_045512.2	12937	A	C	35	1	22	1	1	29	0.0277778	36	0.507042	FALSE	NA	NA	NA	NA	NA	NA
NC_045512.2	12938	G	T	36	1	28	1	1	28	0.027027	37	0.506849	FALSE	NA	NA	NA	NA	NA	NA
NC_045512.2	12939	T	G	36	1	27	1	1	24	0.027027	37	0.506849	FALSE	NA	NA	NA	NA	NA	NA
NC_045512.2	12943	G	C	36	1	28	1	1	24	0.027027	37	0.506849	FALSE	NA	NA	NA	NA	NA	NA
NC_045512.2	12944	T	C	36	1	28	1	1	27	0.027027	37	0.506849	FALSE	NA	NA	NA	NA	NA	NA
NC_045512.2	12946	T	C	34	0	27	1	1	24	0.0285714	35	0.507246	FALSE	NA	NA	NA	NA	NA	NA
NC_045512.2	12947	T	C	34	1	27	2	1	27	0.0555556	36	0.253521	FALSE	NA	NA	NA	NA	NA	NA
NC_045512.2	12949	A	T	35	1	26	1	1	28	0.0277778	36	0.507042	FALSE	NA	NA	NA	NA	NA	NA
NC_045512.2	12950	T	G	35	1	27	1	1	28	0.0277778	36	0.507042	FALSE	NA	NA	NA	NA	NA	NA
NC_045512.2	12951	A	T	35	1	27	1	1	28	0.0277778	36	0.507042	FALSE	NA	NA	NA	NA	NA	NA
NC_045512.2	12952	C	A	34	1	27	1	1	28	0.0285714	35	0.507246	FALSE	NA	NA	NA	NA	NA	NA
NC_045512.2	12953	T	G	33	0	27	1	1	24	0.0294118	34	0.507463	FALSE	NA	NA	NA	NA	NA	NA
NC_045512.2	12954	T	G	34	1	28	1	1	28	0.0285714	35	0.507246	FALSE	NA	NA	NA	NA	NA	NA
NC_045512.2	12956	A	T	33	1	26	1	1	29	0.0294118	34	0.507463	FALSE	NA	NA	NA	NA	NA	NA
NC_045512.2	12958	T	G	33	1	23	1	1	28	0.0294118	34	0.507463	FALSE	NA	NA	NA	NA	NA	NA
NC_045512.2	12959	A	T	32	0	28	1	1	24	0.030303	33	0.507692	FALSE	NA	NA	NA	NA	NA	NA
NC_045512.2	12960	A	T	33	1	29	1	1	29	0.0294118	34	0.507463	FALSE	NA	NA	NA	NA	NA	NA
NC_045512.2	12962	G	C	31	0	28	1	1	28	0.03125	32	0.507937	FALSE	NA	NA	NA	NA	NA	NA
NC_045512.2	12963	G	A	31	1	23	1	1	27	0.03125	32	0.507937	FALSE	NA	NA	NA	NA	NA	NA
NC_045512.2	12964	A	G	32	1	27	1	1	27	0.030303	33	0.507692	FALSE	NA	NA	NA	NA	NA	NA
NC_045512.2	12965	T	A	32	1	27	1	1	28	0.030303	33	0.507692	FALSE	NA	NA	NA	NA	NA	NA
NC_045512.2	12966	T	C	28	1	22	1	1	29	0.0344828	29	0.508772	FALSE	NA	NA	NA	NA	NA	NA
NC_045512.2	12968	A	C	27	1	28	1	1	24	0.0357143	28	0.509091	FALSE	NA	NA	NA	NA	NA	NA
NC_045512.2	12970	C	T	17	2	26	7	0	26	0.291667	24	0.00550319	TRUE	NA	NA	NA	NA	NA	NA
NC_045512.2	12971	A	G	22	1	26	1	0	27	0.0416667	24	0.5	FALSE	NA	NA	NA	NA	NA	NA
NC_045512.2	12971	A	C	22	1	26	1	1	29	0.0416667	24	0.5	FALSE	NA	NA	NA	NA	NA	NA
NC_045512.2	12972	A	T	16	1	23	1	1	28	0.0588235	17	0.515152	FALSE	NA	NA	NA	NA	NA	NA
NC_045512.2	12973	C	A	23	1	26	1	1	30	0.0416667	24	0.510638	FALSE	NA	NA	NA	NA	NA	NA
NC_045512.2	12974	C	G	20	1	23	1	1	29	0.047619	21	0.512195	FALSE	NA	NA	NA	NA	NA	NA
NC_045512.2	12975	T	A	23	1	26	1	1	30	0.0416667	24	0.510638	FALSE	NA	NA	NA	NA	NA	NA
NC_045512.2	12976	A	G	23	1	26	1	1	24	0.0416667	24	0.510638	FALSE	NA	NA	NA	NA	NA	NA
NC_045512.2	12977	A	G	23	1	27	1	1	29	0.0416667	24	0.510638	FALSE	NA	NA	NA	NA	NA	NA
NC_045512.2	12978	A	T	15	1	22	1	1	28	0.0625	16	0.516129	FALSE	NA	NA	NA	NA	NA	NA
NC_045512.2	12979	T	C	23	1	26	1	1	24	0.0416667	24	0.510638	FALSE	NA	NA	NA	NA	NA	NA
NC_045512.2	12980	A	C	23	1	26	1	1	27	0.0416667	24	0.510638	FALSE	NA	NA	NA	NA	NA	NA
NC_045512.2	12981	G	T	22	1	26	1	1	27	0.0434783	23	0.511111	FALSE	NA	NA	NA	NA	NA	NA
NC_045512.2	12983	G	A	20	1	24	1	1	28	0.047619	21	0.512195	FALSE	NA	NA	NA	NA	NA	NA
NC_045512.2	12984	G	A	8	1	22	1	1	27	0.111111	9	0.529412	FALSE	NA	NA	NA	NA	NA	NA
NC_045512.2	12985	T	G	20	1	24	1	1	27	0.047619	21	0.512195	FALSE	NA	NA	NA	NA	NA	NA
NC_045512.2	12986	A	T	20	1	27	1	1	27	0.047619	21	0.512195	FALSE	NA	NA	NA	NA	NA	NA
NC_045512.2	12987	T	G	20	1	26	1	1	28	0.047619	21	0.512195	FALSE	NA	NA	NA	NA	NA	NA
NC_045512.2	12988	G	A	20	1	26	1	1	24	0.047619	21	0.512195	FALSE	NA	NA	NA	NA	NA	NA
NC_045512.2	12989	G	A	18	1	23	1	1	28	0.0526316	19	0.513514	FALSE	NA	NA	NA	NA	NA	NA
NC_045512.2	12990	T	G	20	1	26	1	1	28	0.047619	21	0.512195	FALSE	NA	NA	NA	NA	NA	NA
NC_045512.2	12991	A	T	20	1	27	1	1	28	0.047619	21	0.512195	FALSE	NA	NA	NA	NA	NA	NA
NC_045512.2	12992	C	A	20	1	27	1	1	27	0.047619	21	0.512195	FALSE	NA	NA	NA	NA	NA	NA
NC_045512.2	12995	G	T	20	1	27	1	1	27	0.047619	21	0.512195	FALSE	NA	NA	NA	NA	NA	NA
NC_045512.2	12996	G	A	19	1	23	1	1	27	0.05	20	0.512821	FALSE	NA	NA	NA	NA	NA	NA
NC_045512.2	12999	G	C	20	1	27	1	1	24	0.047619	21	0.512195	FALSE	NA	NA	NA	NA	NA	NA
NC_045512.2	13008	C	A	14	0	25	1	0	27	0.0666667	15	0.517241	FALSE	NA	NA	NA	NA	NA	NA
NC_045512.2	13036	A	G	35	21	25	1	1	28	0.0277778	36	0.507042	FALSE	NA	NA	NA	NA	NA	NA
NC_045512.2	13048	T	G	35	22	27	2	2	27	0.0540541	37	0.253425	FALSE	NA	NA	NA	NA	NA	NA
NC_045512.2	13049	G	C	35	22	27	2	2	27	0.0540541	37	0.253425	FALSE	NA	NA	NA	NA	NA	NA
NC_045512.2	13050	C	A	36	23	24	2	2	22	0.0526316	38	0.253333	FALSE	NA	NA	NA	NA	NA	NA
NC_045512.2	13051	C	A	35	23	25	2	2	28	0.0540541	37	0.253425	FALSE	NA	NA	NA	NA	NA	NA
NC_045512.2	13052	A	C	34	22	24	2	2	28	0.0555556	36	0.253521	FALSE	NA	NA	NA	NA	NA	NA
NC_045512.2	13054	T	G	33	22	24	2	2	28	0.0571429	35	0.253623	FALSE	NA	NA	NA	NA	NA	NA
NC_045512.2	13055	T	C	30	23	26	1	0	27	0.030303	33	0.492063	FALSE	NA	NA	NA	NA	NA	NA
NC_045512.2	13055	T	A	30	23	26	2	2	24	0.0606061	33	0.246032	FALSE	NA	NA	NA	NA	NA	NA
NC_045512.2	13056	C	A	34	23	26	2	2	28	0.0555556	36	0.253521	FALSE	NA	NA	NA	NA	NA	NA
NC_045512.2	13057	A	G	26	21	23	2	2	30	0.0714286	28	0.254545	FALSE	NA	NA	NA	NA	NA	NA
NC_045512.2	13058	A	T	28	23	26	2	2	28	0.0666667	30	0.254237	FALSE	NA	NA	NA	NA	NA	NA
NC_045512.2	13059	C	G	28	23	26	2	2	26	0.0666667	30	0.254237	FALSE	NA	NA	NA	NA	NA	NA
NC_045512.2	13060	T	C	27	22	27	3	3	22	0.1	30	0.124888	FALSE	NA	NA	NA	NA	NA	NA
NC_045512.2	13061	G	C	28	23	27	2	2	27	0.0666667	30	0.254237	FALSE	NA	NA	NA	NA	NA	NA
NC_045512.2	13063	A	G	28	23	27	2	2	26	0.0666667	30	0.254237	FALSE	NA	NA	NA	NA	NA	NA
NC_045512.2	13064	T	C	28	23	24	1	1	24	0.0344828	29	0.508772	FALSE	NA	NA	NA	NA	NA	NA
NC_045512.2	13065	T	C	27	22	27	3	3	26	0.1	30	0.124888	FALSE	NA	NA	NA	NA	NA	NA
NC_045512.2	13067	T	A	27	23	27	2	2	28	0.0689655	29	0.254386	FALSE	NA	NA	NA	NA	NA	NA
NC_045512.2	13068	C	T	27	23	27	2	2	24	0.0666667	30	0.245614	FALSE	NA	NA	NA	NA	NA	NA
NC_045512.2	13068	C	G	27	23	27	1	1	27	0.0333333	30	0.491228	FALSE	NA	NA	NA	NA	NA	NA
NC_045512.2	13069	T	C	28	24	23	1	1	27	0.0344828	29	0.508772	FALSE	NA	NA	NA	NA	NA	NA
NC_045512.2	13070	T	C	27	23	29	2	2	27	0.0666667	30	0.245614	FALSE	NA	NA	NA	NA	NA	NA
NC_045512.2	13070	T	A	27	23	29	1	1	22	0.0333333	30	0.491228	FALSE	NA	NA	NA	NA	NA	NA
NC_045512.2	13071	T	A	27	23	27	3	3	25	0.1	30	0.124888	FALSE	NA	NA	NA	NA	NA	NA
NC_045512.2	13072	C	A	28	24	28	2	2	29	0.0666667	30	0.254237	FALSE	NA	NA	NA	NA	NA	NA
NC_045512.2	13073	T	C	27	23	28	2	2	28	0.0666667	30	0.245614	FALSE	NA	NA	NA	NA	NA	NA
NC_045512.2	13073	T	A	27	23	28	1	1	27	0.0333333	30	0.491228	FALSE	NA	NA	NA	NA	NA	NA
NC_045512.2	13074	G	T	28	24	28	2	2	27	0.0666667	30	0.254237	FALSE	NA	NA	NA	NA	NA	NA
NC_045512.2	13075	T	G	27	23	28	2	2	27	0.0666667	30	0.245614	FALSE	NA	NA	NA	NA	NA	NA
NC_045512.2	13075	T	A	27	23	28	1	1	23	0.0333333	30	0.491228	FALSE	NA	NA	NA	NA	NA	NA
NC_045512.2	13076	G	T	27	23	28	2	2	27	0.0666667	30	0.245614	FALSE	NA	NA	NA	NA	NA	NA
NC_045512.2	13076	G	A	27	23	28	1	1	27	0.0333333	30	0.491228	FALSE	NA	NA	NA	NA	NA	NA
NC_045512.2	13077	C	G	27	23	26	1	1	28	0.0333333	30	0.491228	FALSE	NA	NA	NA	NA	NA	NA
NC_045512.2	13077	C	A	27	23	26	2	2	27	0.0666667	30	0.245614	FALSE	NA	NA	NA	NA	NA	NA
NC_045512.2	13077	C	-TT	27	23	26	2	0	20	0.0666667	30	0.245614	FALSE	NA	NA	NA	NA	NA	NA
NC_045512.2	13078	T	G	13	12	23	1	0	25	0.0714286	14	0.482759	FALSE	NA	NA	NA	NA	NA	NA
NC_045512.2	13079	T	G	26	25	27	1	1	28	0.037037	27	0.490909	FALSE	NA	NA	NA	NA	NA	NA
NC_045512.2	13080	T	G	26	23	27	1	0	23	0.0333333	30	0.482143	FALSE	NA	NA	NA	NA	NA	NA
NC_045512.2	13080	T	C	26	23	27	1	1	22	0.0333333	30	0.482143	FALSE	NA	NA	NA	NA	NA	NA
NC_045512.2	13080	T	A	26	23	27	2	2	25	0.0666667	30	0.236842	FALSE	NA	NA	NA	NA	NA	NA
NC_045512.2	13081	T	C	27	25	26	1	1	27	0.0357143	28	0.509091	FALSE	NA	NA	NA	NA	NA	NA
NC_045512.2	13081	T	-G	27	25	26	1	0	20	0.0357143	28	0.509091	FALSE	NA	NA	NA	NA	NA	NA
NC_045512.2	13082	G	T	26	23	26	1	1	28	0.0344828	29	0.482143	FALSE	NA	NA	NA	NA	NA	NA
NC_045512.2	13082	G	C	26	23	26	2	2	26	0.0689655	29	0.236842	FALSE	NA	NA	NA	NA	NA	NA
NC_045512.2	13083	C	T	27	23	27	2	2	22	0.0666667	30	0.245614	FALSE	NA	NA	NA	NA	NA	NA
NC_045512.2	13083	C	G	27	23	27	1	1	23	0.0333333	30	0.491228	FALSE	NA	NA	NA	NA	NA	NA
NC_045512.2	13084	T	G	29	25	26	1	1	28	0.0333333	30	0.508475	FALSE	NA	NA	NA	NA	NA	NA
NC_045512.2	13085	G	T	29	25	26	2	2	29	0.0606061	33	0.238095	FALSE	NA	NA	NA	NA	NA	NA
NC_045512.2	13085	G	C	29	25	26	2	2	25	0.0606061	33	0.238095	FALSE	NA	NA	NA	NA	NA	NA
NC_045512.2	13086	T	C	26	22	26	5	5	27	0.15625	32	0.0262573	FALSE	NA	NA	NA	NA	NA	NA
NC_045512.2	13086	T	A	26	22	26	1	1	24	0.03125	32	0.465517	FALSE	NA	NA	NA	NA	NA	NA
NC_045512.2	13087	A	T	31	27	28	2	2	27	0.0606061	33	0.253846	FALSE	NA	NA	NA	NA	NA	NA
NC_045512.2	13088	G	T	28	24	27	2	2	27	0.0606061	33	0.230037	FALSE	NA	NA	NA	NA	NA	NA
NC_045512.2	13088	G	C	28	24	27	1	1	26	0.030303	33	0.47541	FALSE	NA	NA	NA	NA	NA	NA
NC_045512.2	13088	G	A	28	24	27	2	2	28	0.0606061	33	0.230037	FALSE	NA	NA	NA	NA	NA	NA
NC_045512.2	13089	A	T	28	24	27	2	2	28	0.0606061	33	0.230037	FALSE	NA	NA	NA	NA	NA	NA
NC_045512.2	13089	A	C	28	24	27	3	3	27	0.0909091	33	0.113193	FALSE	NA	NA	NA	NA	NA	NA
NC_045512.2	13090	T	G	27	23	27	3	3	28	0.0909091	33	0.107351	FALSE	NA	NA	NA	NA	NA	NA
NC_045512.2	13090	T	C	27	23	27	1	1	28	0.030303	33	0.466667	FALSE	NA	NA	NA	NA	NA	NA
NC_045512.2	13090	T	A	27	23	27	2	2	27	0.0606061	33	0.221858	FALSE	NA	NA	NA	NA	NA	NA
NC_045512.2	13091	G	C	29	25	27	2	2	27	0.0606061	33	0.238095	FALSE	NA	NA	NA	NA	NA	NA
NC_045512.2	13091	G	A	29	25	27	2	2	22	0.0606061	33	0.238095	FALSE	NA	NA	NA	NA	NA	NA
NC_045512.2	13092	C	A	27	23	27	4	4	26	0.129032	31	0.0602945	FALSE	NA	NA	NA	NA	NA	NA
NC_045512.2	13093	T	G	29	25	27	2	2	27	0.0588235	34	0.230655	FALSE	NA	NA	NA	NA	NA	NA
NC_045512.2	13093	T	C	29	25	27	1	1	28	0.0294118	34	0.47619	FALSE	NA	NA	NA	NA	NA	NA
NC_045512.2	13093	T	A	29	25	27	2	2	29	0.0588235	34	0.230655	FALSE	NA	NA	NA	NA	NA	NA
NC_045512.2	13094	G	T	30	26	27	4	4	27	0.114286	35	0.056946	FALSE	NA	NA	NA	NA	NA	NA
NC_045512.2	13094	G	C	30	26	27	1	1	27	0.0285714	35	0.476923	FALSE	NA	NA	NA	NA	NA	NA
NC_045512.2	13095	C	T	28	24	27	4	4	27	0.114286	35	0.0498945	FALSE	NA	NA	NA	NA	NA	NA
NC_045512.2	13095	C	G	28	24	27	2	2	27	0.0571429	35	0.215774	FALSE	NA	NA	NA	NA	NA	NA
NC_045512.2	13095	C	A	28	24	27	1	1	21	0.0285714	35	0.460317	FALSE	NA	NA	NA	NA	NA	NA
NC_045512.2	13096	T	G	28	24	27	5	5	27	0.138889	36	0.0227679	FALSE	NA	NA	NA	NA	NA	NA
NC_045512.2	13096	T	C	28	24	27	1	1	23	0.0277778	36	0.453125	FALSE	NA	NA	NA	NA	NA	NA
NC_045512.2	13096	T	A	28	24	27	2	2	24	0.0555556	36	0.209135	FALSE	NA	NA	NA	NA	NA	NA
NC_045512.2	13097	A	C	25	21	24	7	7	26	0.21875	32	0.00608356	TRUE	NA	NA	NA	NA	NA	NA
NC_045512.2	13098	A	T	29	25	27	4	4	25	0.111111	36	0.0502465	FALSE	NA	NA	NA	NA	NA	NA
NC_045512.2	13098	A	C	29	25	27	3	3	27	0.0833333	36	0.103538	FALSE	NA	NA	NA	NA	NA	NA
NC_045512.2	13099	A	T	29	25	26	3	3	27	0.0833333	36	0.103538	FALSE	NA	NA	NA	NA	NA	NA
NC_045512.2	13099	A	G	29	25	26	4	4	26	0.111111	36	0.0502465	FALSE	NA	NA	NA	NA	NA	NA
NC_045512.2	13100	G	T	30	26	27	2	2	28	0.0555556	36	0.224333	FALSE	NA	NA	NA	NA	NA	NA
NC_045512.2	13100	G	C	30	26	27	2	2	24	0.0555556	36	0.224333	FALSE	NA	NA	NA	NA	NA	NA
NC_045512.2	13100	G	A	30	26	27	2	2	25	0.0555556	36	0.224333	FALSE	NA	NA	NA	NA	NA	NA
NC_045512.2	13101	C	T	29	25	27	1	1	26	0.0285714	35	0.46875	FALSE	NA	NA	NA	NA	NA	NA
NC_045512.2	13101	C	A	29	25	27	5	5	26	0.142857	35	0.0266935	FALSE	NA	NA	NA	NA	NA	NA
NC_045512.2	13102	T	G	23	19	24	4	4	27	0.117647	34	0.03599	FALSE	NA	NA	NA	NA	NA	NA
NC_045512.2	13102	T	C	23	19	24	5	5	26	0.147059	34	0.01652	FALSE	NA	NA	NA	NA	NA	NA
NC_045512.2	13102	T	A	23	19	24	2	2	24	0.0588235	34	0.181488	FALSE	NA	NA	NA	NA	NA	NA
NC_045512.2	13103	T	G	29	25	26	1	1	23	0.0277778	36	0.461538	FALSE	NA	NA	NA	NA	NA	NA
NC_045512.2	13103	T	A	29	25	26	6	6	25	0.166667	36	0.0123796	FALSE	NA	NA	NA	NA	NA	NA
NC_045512.2	13104	A	T	65	26	27	5	5	25	0.0704225	71	0.0290264	FALSE	NA	NA	NA	NA	NA	NA
NC_045512.2	13104	A	G	65	26	27	1	1	27	0.0140845	71	0.485294	FALSE	NA	NA	NA	NA	NA	NA
NC_045512.2	13105	C	T	64	24	26	4	4	25	0.0555556	72	0.0546874	FALSE	NA	NA	NA	NA	NA	NA
NC_045512.2	13105	C	G	64	24	26	4	4	26	0.0555556	72	0.0546874	FALSE	NA	NA	NA	NA	NA	NA
NC_045512.2	13106	A	T	57	17	25	3	3	27	0.0454545	66	0.107695	FALSE	NA	NA	NA	NA	NA	NA
NC_045512.2	13106	A	G	57	17	25	1	1	27	0.0151515	66	0.471545	FALSE	NA	NA	NA	NA	NA	NA
NC_045512.2	13106	A	C	57	17	25	5	5	27	0.0757576	66	0.0254532	FALSE	NA	NA	NA	NA	NA	NA
NC_045512.2	13107	A	T	64	24	27	4	4	28	0.0555556	72	0.0546874	FALSE	NA	NA	NA	NA	NA	NA
NC_045512.2	13107	A	G	64	24	27	1	1	28	0.0138889	72	0.477941	FALSE	NA	NA	NA	NA	NA	NA
NC_045512.2	13107	A	C	64	24	27	3	3	25	0.0416667	72	0.111788	FALSE	NA	NA	NA	NA	NA	NA
NC_045512.2	13108	A	T	54	26	24	1	1	22	0.0166667	60	0.482456	FALSE	NA	NA	NA	NA	NA	NA
NC_045512.2	13108	A	G	54	26	24	4	4	27	0.0666667	60	0.0572278	FALSE	NA	NA	NA	NA	NA	NA
NC_045512.2	13108	A	C	54	26	24	1	1	24	0.0166667	60	0.482456	FALSE	NA	NA	NA	NA	NA	NA
NC_045512.2	13109	G	T	64	24	27	1	1	28	0.0138889	72	0.477941	FALSE	NA	NA	NA	NA	NA	NA
NC_045512.2	13109	G	C	64	24	27	5	5	26	0.0694444	72	0.0269531	FALSE	NA	NA	NA	NA	NA	NA
NC_045512.2	13109	G	A	64	24	27	2	2	28	0.0277778	72	0.230249	FALSE	NA	NA	NA	NA	NA	NA
NC_045512.2	13110	A	T	63	23	27	4	4	27	0.0547945	73	0.0514705	FALSE	NA	NA	NA	NA	NA	NA
NC_045512.2	13110	A	G	63	23	27	2	2	25	0.0273973	73	0.223272	FALSE	NA	NA	NA	NA	NA	NA
NC_045512.2	13110	A	C	63	23	27	4	4	26	0.0547945	73	0.0514705	FALSE	NA	NA	NA	NA	NA	NA
NC_045512.2	13111	T	G	64	24	25	2	2	27	0.028169	71	0.23366	FALSE	NA	NA	NA	NA	NA	NA
NC_045512.2	13111	T	C	64	24	25	3	3	25	0.0422535	71	0.114272	FALSE	NA	NA	NA	NA	NA	NA
NC_045512.2	13111	T	A	64	24	25	2	2	22	0.028169	71	0.23366	FALSE	NA	NA	NA	NA	NA	NA
NC_045512.2	13112	T	G	52	24	25	2	2	29	0.0333333	60	0.226138	FALSE	NA	NA	NA	NA	NA	NA
NC_045512.2	13112	T	C	52	24	25	1	1	22	0.0166667	60	0.473214	FALSE	NA	NA	NA	NA	NA	NA
NC_045512.2	13112	T	A	52	24	25	5	5	25	0.0833333	60	0.0261059	FALSE	NA	NA	NA	NA	NA	NA
NC_045512.2	13113	A	T	68	28	26	4	4	26	0.0540541	74	0.0582349	FALSE	NA	NA	NA	NA	NA	NA
NC_045512.2	13113	A	G	68	28	26	1	1	27	0.0135135	74	0.485915	FALSE	NA	NA	NA	NA	NA	NA
NC_045512.2	13113	A	C	68	28	26	1	1	27	0.0135135	74	0.485915	FALSE	NA	NA	NA	NA	NA	NA
NC_045512.2	13114	T	G	67	27	26	2	2	27	0.027027	74	0.234342	FALSE	NA	NA	NA	NA	NA	NA
NC_045512.2	13114	T	C	67	27	26	2	2	27	0.027027	74	0.234342	FALSE	NA	NA	NA	NA	NA	NA
NC_045512.2	13114	T	A	67	27	26	3	3	25	0.0405405	74	0.114713	FALSE	NA	NA	NA	NA	NA	NA
NC_045512.2	13114	T	-C	67	27	26	1	0	20	0.0135135	74	0.48227	FALSE	NA	NA	NA	NA	NA	NA
NC_045512.2	13115	C	T	65	26	27	5	5	26	0.0684932	73	0.0270113	FALSE	NA	NA	NA	NA	NA	NA
NC_045512.2	13115	C	A	65	26	27	3	3	26	0.0410959	73	0.111971	FALSE	NA	NA	NA	NA	NA	NA
NC_045512.2	13116	T	G	67	28	27	2	2	26	0.0273973	73	0.23769	FALSE	NA	NA	NA	NA	NA	NA
NC_045512.2	13116	T	C	67	28	27	1	1	27	0.0136986	73	0.485714	FALSE	NA	NA	NA	NA	NA	NA
NC_045512.2	13116	T	A	67	28	27	3	3	25	0.0410959	73	0.117171	FALSE	NA	NA	NA	NA	NA	NA
NC_045512.2	13117	A	T	68	28	27	4	4	27	0.0540541	74	0.0582349	FALSE	NA	NA	NA	NA	NA	NA
NC_045512.2	13117	A	C	68	28	27	2	2	27	0.027027	74	0.237861	FALSE	NA	NA	NA	NA	NA	NA
NC_045512.2	13118	G	T	63	23	27	3	3	26	0.0405405	74	0.104478	FALSE	NA	NA	NA	NA	NA	NA
NC_045512.2	13118	G	C	63	23	27	3	3	27	0.0405405	74	0.104478	FALSE	NA	NA	NA	NA	NA	NA
NC_045512.2	13118	G	A	63	23	27	5	5	26	0.0675676	74	0.0241135	FALSE	NA	NA	NA	NA	NA	NA
NC_045512.2	13119	C	T	68	28	27	1	1	27	0.0135135	74	0.485915	FALSE	NA	NA	NA	NA	NA	NA
NC_045512.2	13119	C	G	68	28	27	4	4	26	0.0540541	74	0.0582349	FALSE	NA	NA	NA	NA	NA	NA
NC_045512.2	13119	C	A	68	28	27	1	1	24	0.0135135	74	0.485915	FALSE	NA	NA	NA	NA	NA	NA
NC_045512.2	13120	T	G	69	29	27	1	1	26	0.0135135	74	0.48951	FALSE	NA	NA	NA	NA	NA	NA
NC_045512.2	13120	T	C	69	29	27	1	1	27	0.0135135	74	0.48951	FALSE	NA	NA	NA	NA	NA	NA
NC_045512.2	13120	T	A	69	29	27	3	3	25	0.0405405	74	0.119846	FALSE	NA	NA	NA	NA	NA	NA
NC_045512.2	13121	A	T	67	28	27	4	4	28	0.0540541	74	0.0565599	FALSE	NA	NA	NA	NA	NA	NA
NC_045512.2	13121	A	G	67	28	27	2	2	25	0.027027	74	0.234342	FALSE	NA	NA	NA	NA	NA	NA
NC_045512.2	13121	A	C	67	28	27	1	1	28	0.0135135	74	0.48227	FALSE	NA	NA	NA	NA	NA	NA
NC_045512.2	13122	G	T	64	25	27	4	4	28	0.0547945	73	0.0531249	FALSE	NA	NA	NA	NA	NA	NA
NC_045512.2	13122	G	C	64	25	27	1	1	26	0.0136986	73	0.474453	FALSE	NA	NA	NA	NA	NA	NA
NC_045512.2	13122	G	A	64	25	27	4	4	27	0.0547945	73	0.0531249	FALSE	NA	NA	NA	NA	NA	NA
NC_045512.2	13123	T	G	65	26	26	4	4	25	0.0533333	75	0.0517613	FALSE	NA	NA	NA	NA	NA	NA
NC_045512.2	13123	T	C	65	26	26	4	4	27	0.0533333	75	0.0517613	FALSE	NA	NA	NA	NA	NA	NA
NC_045512.2	13123	T	A	65	26	26	2	2	26	0.0266667	75	0.224012	FALSE	NA	NA	NA	NA	NA	NA
NC_045512.2	13123	T	-G	65	26	26	1	0	20	0.0133333	75	0.471429	FALSE	NA	NA	NA	NA	NA	NA
NC_045512.2	13124	G	T	40	2	26	7	7	26	0.137255	51	0.00454602	TRUE	NA	NA	NA	NA	NA	NA
NC_045512.2	13124	G	C	40	2	26	1	1	27	0.0196078	51	0.445652	FALSE	NA	NA	NA	NA	NA	NA
NC_045512.2	13124	G	A	40	2	26	3	3	26	0.0588235	51	0.0920668	FALSE	NA	NA	NA	NA	NA	NA
NC_045512.2	13125	G	T	64	28	27	4	4	25	0.0555556	72	0.0546874	FALSE	NA	NA	NA	NA	NA	NA
NC_045512.2	13125	G	C	64	28	27	1	1	24	0.0138889	72	0.477941	FALSE	NA	NA	NA	NA	NA	NA
NC_045512.2	13125	G	A	64	28	27	3	3	25	0.0416667	72	0.111788	FALSE	NA	NA	NA	NA	NA	NA
NC_045512.2	13126	G	T	60	24	27	6	6	27	0.0833333	72	0.0110554	FALSE	NA	NA	NA	NA	NA	NA
NC_045512.2	13126	G	C	60	24	27	3	3	25	0.0416667	72	0.101282	FALSE	NA	NA	NA	NA	NA	NA
NC_045512.2	13126	G	A	60	24	27	3	3	26	0.0416667	72	0.101282	FALSE	NA	NA	NA	NA	NA	NA
NC_045512.2	13127	G	T	62	26	27	4	4	26	0.0547945	73	0.0498317	FALSE	NA	NA	NA	NA	NA	NA
NC_045512.2	13127	G	C	62	26	27	4	4	26	0.0547945	73	0.0498317	FALSE	NA	NA	NA	NA	NA	NA
NC_045512.2	13127	G	A	62	26	27	3	3	28	0.0410959	73	0.104194	FALSE	NA	NA	NA	NA	NA	NA
NC_045512.2	13128	G	T	27	26	26	3	3	26	0.0810811	37	0.0887238	FALSE	NA	NA	NA	NA	NA	NA
NC_045512.2	13128	G	C	27	26	26	4	4	26	0.108108	37	0.0410513	FALSE	NA	NA	NA	NA	NA	NA
NC_045512.2	13128	G	A	27	26	26	3	3	25	0.0810811	37	0.0887238	FALSE	NA	NA	NA	NA	NA	NA
NC_045512.2	13129	A	T	61	25	26	4	4	26	0.0571429	70	0.0527259	FALSE	NA	NA	NA	NA	NA	NA
NC_045512.2	13129	A	G	61	25	26	1	1	27	0.0142857	70	0.473282	FALSE	NA	NA	NA	NA	NA	NA
NC_045512.2	13129	A	C	61	25	26	4	4	27	0.0571429	70	0.0527259	FALSE	NA	NA	NA	NA	NA	NA
NC_045512.2	13130	C	T	61	25	26	9	9	26	0.123288	73	0.00130219	TRUE	NA	NA	NA	NA	NA	NA
NC_045512.2	13130	C	G	61	25	26	1	1	27	0.0136986	73	0.462687	FALSE	NA	NA	NA	NA	NA	NA
NC_045512.2	13130	C	A	61	25	26	2	2	26	0.0273973	73	0.21592	FALSE	NA	NA	NA	NA	NA	NA
NC_045512.2	13131	A	T	57	22	25	6	6	25	0.0895522	67	0.011945	FALSE	NA	NA	NA	NA	NA	NA
NC_045512.2	13131	A	G	57	22	25	1	0	31	0.0149254	67	0.467742	FALSE	NA	NA	NA	NA	NA	NA
NC_045512.2	13131	A	C	57	22	25	3	3	26	0.0447761	67	0.105131	FALSE	NA	NA	NA	NA	NA	NA
NC_045512.2	13132	A	T	59	26	25	4	4	27	0.0571429	70	0.0492987	FALSE	NA	NA	NA	NA	NA	NA
NC_045512.2	13132	A	G	59	26	25	4	4	24	0.0571429	70	0.0492987	FALSE	NA	NA	NA	NA	NA	NA
NC_045512.2	13132	A	C	59	26	25	3	3	27	0.0428571	70	0.103292	FALSE	NA	NA	NA	NA	NA	NA
NC_045512.2	13133	C	T	59	23	25	6	6	25	0.084507	71	0.0109958	FALSE	NA	NA	NA	NA	NA	NA
NC_045512.2	13133	C	G	59	23	25	4	4	27	0.056338	71	0.047816	FALSE	NA	NA	NA	NA	NA	NA
NC_045512.2	13133	C	A	59	23	25	2	2	23	0.028169	71	0.214915	FALSE	NA	NA	NA	NA	NA	NA
NC_045512.2	13134	C	T	62	26	25	5	5	27	0.0684932	73	0.0240196	FALSE	NA	NA	NA	NA	NA	NA
NC_045512.2	13134	C	G	62	26	25	4	4	27	0.0547945	73	0.0498317	FALSE	NA	NA	NA	NA	NA	NA
NC_045512.2	13134	C	A	62	26	25	2	2	25	0.0273973	73	0.219608	FALSE	NA	NA	NA	NA	NA	NA
NC_045512.2	13135	A	T	60	24	26	4	4	27	0.0555556	72	0.0480151	FALSE	NA	NA	NA	NA	NA	NA
NC_045512.2	13135	A	G	60	24	26	3	3	27	0.0416667	72	0.101282	FALSE	NA	NA	NA	NA	NA	NA
NC_045512.2	13135	A	C	60	24	26	5	5	25	0.0694444	72	0.0229484	FALSE	NA	NA	NA	NA	NA	NA
NC_045512.2	13136	A	T	58	24	25	2	2	28	0.0285714	70	0.21439	FALSE	NA	NA	NA	NA	NA	NA
NC_045512.2	13136	A	G	58	24	25	7	7	27	0.1	70	0.00530413	TRUE	NA	NA	NA	NA	NA	NA
NC_045512.2	13136	A	C	58	24	25	3	3	27	0.0428571	70	0.100598	FALSE	NA	NA	NA	NA	NA	NA
NC_045512.2	13137	T	G	68	32	27	1	1	29	0.0136986	73	0.489362	FALSE	NA	NA	NA	NA	NA	NA
NC_045512.2	13137	T	C	68	32	27	1	1	27	0.0136986	73	0.489362	FALSE	NA	NA	NA	NA	NA	NA
NC_045512.2	13137	T	A	68	32	27	3	3	26	0.0410959	73	0.119774	FALSE	NA	NA	NA	NA	NA	NA
NC_045512.2	13138	C	T	60	24	27	3	3	25	0.0422535	71	0.103601	FALSE	NA	NA	NA	NA	NA	NA
NC_045512.2	13138	C	G	60	24	27	4	4	28	0.056338	71	0.0494812	FALSE	NA	NA	NA	NA	NA	NA
NC_045512.2	13138	C	A	60	24	27	4	4	28	0.056338	71	0.0494812	FALSE	NA	NA	NA	NA	NA	NA
NC_045512.2	13139	A	T	59	25	27	4	4	27	0.0547945	73	0.0450142	FALSE	NA	NA	NA	NA	NA	NA
NC_045512.2	13139	A	G	59	25	27	6	4	27	0.0821918	73	0.0100504	FALSE	NA	NA	NA	NA	NA	NA
NC_045512.2	13139	A	C	59	25	27	4	4	24	0.0547945	73	0.0450142	FALSE	NA	NA	NA	NA	NA	NA
NC_045512.2	13140	C	T	61	25	27	5	5	27	0.0694444	72	0.0239232	FALSE	NA	NA	NA	NA	NA	NA
NC_045512.2	13140	C	G	61	25	27	3	3	26	0.0416667	72	0.103902	FALSE	NA	NA	NA	NA	NA	NA
NC_045512.2	13140	C	A	61	25	27	3	3	25	0.0416667	72	0.103902	FALSE	NA	NA	NA	NA	NA	NA
NC_045512.2	13141	T	G	66	30	27	7	7	26	0.0921053	76	0.00609758	TRUE	NA	NA	NA	NA	NA	NA
NC_045512.2	13141	T	C	66	30	27	1	1	28	0.0131579	76	0.471831	FALSE	NA	NA	NA	NA	NA	NA
NC_045512.2	13141	T	A	66	30	27	2	2	25	0.0263158	76	0.224367	FALSE	NA	NA	NA	NA	NA	NA
NC_045512.2	13142	A	T	64	28	25	1	1	24	0.0131579	76	0.464286	FALSE	NA	NA	NA	NA	NA	NA
NC_045512.2	13142	A	G	64	28	25	6	6	26	0.0789474	76	0.0112794	FALSE	NA	NA	NA	NA	NA	NA
NC_045512.2	13142	A	C	64	28	25	5	5	27	0.0657895	76	0.0233645	FALSE	NA	NA	NA	NA	NA	NA
NC_045512.2	13143	A	T	62	28	25	6	6	26	0.0789474	76	0.0102493	FALSE	NA	NA	NA	NA	NA	NA
NC_045512.2	13143	A	G	62	28	25	4	3	29	0.0526316	76	0.0456811	FALSE	NA	NA	NA	NA	NA	NA
NC_045512.2	13143	A	C	62	28	25	4	4	25	0.0526316	76	0.0456811	FALSE	NA	NA	NA	NA	NA	NA
NC_045512.2	13144	T	G	63	27	26	4	4	27	0.0512821	78	0.0446176	FALSE	NA	NA	NA	NA	NA	NA
NC_045512.2	13144	T	C	63	27	26	7	7	28	0.0897436	78	0.00470895	TRUE	NA	NA	NA	NA	NA	NA
NC_045512.2	13144	T	A	63	27	26	4	4	28	0.0512821	78	0.0446176	FALSE	NA	NA	NA	NA	NA	NA
NC_045512.2	13145	T	G	55	26	25	3	3	27	0.0416667	72	0.0882851	FALSE	NA	NA	NA	NA	NA	NA
NC_045512.2	13145	T	C	55	26	25	8	8	27	0.111111	72	0.00185869	TRUE	NA	NA	NA	NA	NA	NA
NC_045512.2	13145	T	A	55	26	25	6	6	25	0.0833333	72	0.00848071	TRUE	NA	NA	NA	NA	NA	NA
NC_045512.2	13146	G	T	60	24	26	6	6	26	0.0759494	79	0.00815362	TRUE	NA	NA	NA	NA	NA	NA
NC_045512.2	13146	G	C	60	24	26	2	2	26	0.0253165	79	0.194347	FALSE	NA	NA	NA	NA	NA	NA
NC_045512.2	13146	G	A	60	24	26	11	11	27	0.139241	79	0.000185632	TRUE	NA	NA	NA	NA	NA	NA
NC_045512.2	13147	T	G	64	28	26	7	7	27	0.0864198	81	0.00431213	TRUE	NA	NA	NA	NA	NA	NA
NC_045512.2	13147	T	C	64	28	26	5	5	26	0.0617284	81	0.0196519	FALSE	NA	NA	NA	NA	NA	NA
NC_045512.2	13147	T	A	64	28	26	5	5	25	0.0617284	81	0.0196519	FALSE	NA	NA	NA	NA	NA	NA
NC_045512.2	13148	G	T	60	24	27	4	4	26	0.05	80	0.0380426	FALSE	NA	NA	NA	NA	NA	NA
NC_045512.2	13148	G	C	60	24	27	7	7	27	0.0875	80	0.0035869	TRUE	NA	NA	NA	NA	NA	NA
NC_045512.2	13148	G	A	60	24	27	9	9	25	0.1125	80	0.000773568	TRUE	NA	NA	NA	NA	NA	NA
NC_045512.2	13149	T	G	60	24	26	2	2	24	0.025641	78	0.197164	FALSE	NA	NA	NA	NA	NA	NA
NC_045512.2	13149	T	C	60	24	26	2	2	29	0.025641	78	0.197164	FALSE	NA	NA	NA	NA	NA	NA
NC_045512.2	13149	T	A	60	24	26	14	14	26	0.179487	78	2.3099e-05	TRUE	NA	NA	NA	NA	NA	NA
NC_045512.2	13150	T	G	63	27	25	16	16	27	0.181818	88	2.86334e-06	TRUE	NA	NA	NA	NA	NA	NA
NC_045512.2	13150	T	C	63	27	25	1	1	24	0.0113636	88	0.423841	FALSE	NA	NA	NA	NA	NA	NA
NC_045512.2	13150	T	A	63	27	25	8	8	26	0.0909091	88	0.00132245	TRUE	NA	NA	NA	NA	NA	NA
NC_045512.2	13151	A	T	62	26	26	7	7	27	0.0795455	88	0.00277224	TRUE	NA	NA	NA	NA	NA	NA
NC_045512.2	13151	A	G	62	26	26	7	7	27	0.0795455	88	0.00277224	TRUE	NA	NA	NA	NA	NA	NA
NC_045512.2	13151	A	C	62	26	26	12	12	27	0.136364	88	5.27441e-05	TRUE	NA	NA	NA	NA	NA	NA
NC_045512.2	13152	A	T	71	35	24	5	5	26	0.0520833	96	0.0160844	FALSE	NA	NA	NA	NA	NA	NA
NC_045512.2	13152	A	G	71	35	24	10	10	26	0.104167	96	0.000310111	TRUE	NA	NA	NA	NA	NA	NA
NC_045512.2	13152	A	C	71	35	24	10	10	27	0.104167	96	0.000310111	TRUE	NA	NA	NA	NA	NA	NA
NC_045512.2	13153	G	T	66	30	27	7	7	25	0.0729167	96	0.00246763	TRUE	NA	NA	NA	NA	NA	NA
NC_045512.2	13153	G	C	66	30	27	9	9	25	0.09375	96	0.000476692	TRUE	NA	NA	NA	NA	NA	NA
NC_045512.2	13153	G	A	66	30	27	14	14	26	0.145833	96	8.87556e-06	TRUE	NA	NA	NA	NA	NA	NA
NC_045512.2	13154	A	T	69	33	26	7	7	26	0.0729167	96	0.00291856	TRUE	NA	NA	NA	NA	NA	NA
NC_045512.2	13154	A	G	69	33	26	5	5	25	0.0520833	96	0.0148847	FALSE	NA	NA	NA	NA	NA	NA
NC_045512.2	13154	A	C	69	33	26	15	15	27	0.15625	96	5.70436e-06	TRUE	NA	NA	NA	NA	NA	NA
NC_045512.2	13155	T	G	69	33	27	2	2	28	0.0208333	96	0.181453	FALSE	NA	NA	NA	NA	NA	NA
NC_045512.2	13155	T	C	69	33	27	7	7	25	0.0729167	96	0.00291856	TRUE	NA	NA	NA	NA	NA	NA
NC_045512.2	13155	T	A	69	33	27	18	18	27	0.1875	96	6.11816e-07	TRUE	NA	NA	NA	NA	NA	NA
NC_045512.2	13156	G	T	73	37	27	5	5	26	0.0520833	96	0.0173295	FALSE	NA	NA	NA	NA	NA	NA
NC_045512.2	13156	G	C	73	37	27	9	9	25	0.09375	96	0.000766882	TRUE	NA	NA	NA	NA	NA	NA
NC_045512.2	13156	G	A	73	37	27	9	9	25	0.09375	96	0.000766882	TRUE	NA	NA	NA	NA	NA	NA
NC_045512.2	13157	T	G	67	31	25	4	4	26	0.0425532	94	0.0334458	FALSE	NA	NA	NA	NA	NA	NA
NC_045512.2	13157	T	C	67	31	25	8	8	26	0.0851064	94	0.00126962	TRUE	NA	NA	NA	NA	NA	NA
NC_045512.2	13157	T	A	67	31	25	15	15	24	0.159574	94	5.46505e-06	TRUE	NA	NA	NA	NA	NA	NA
NC_045512.2	13158	T	G	62	31	25	8	8	26	0.0869565	92	0.00100608	TRUE	NA	NA	NA	NA	NA	NA
NC_045512.2	13158	T	C	62	31	25	5	3	28	0.0543478	92	0.0125464	FALSE	NA	NA	NA	NA	NA	NA
NC_045512.2	13158	T	A	62	31	25	17	17	26	0.184783	92	7.85895e-07	TRUE	NA	NA	NA	NA	NA	NA
NC_045512.2	13159	G	T	72	36	27	5	5	28	0.0520833	96	0.0167013	FALSE	NA	NA	NA	NA	NA	NA
NC_045512.2	13159	G	C	72	36	27	4	4	24	0.0416667	96	0.0373068	FALSE	NA	NA	NA	NA	NA	NA
NC_045512.2	13159	G	A	72	36	27	15	15	25	0.15625	96	7.82061e-06	TRUE	NA	NA	NA	NA	NA	NA
NC_045512.2	13160	T	G	71	35	27	10	10	25	0.103093	97	0.000292591	TRUE	NA	NA	NA	NA	NA	NA
NC_045512.2	13160	T	C	71	35	27	7	7	26	0.0721649	97	0.00311589	TRUE	NA	NA	NA	NA	NA	NA
NC_045512.2	13160	T	A	71	35	27	9	9	27	0.0927835	97	0.000639365	TRUE	NA	NA	NA	NA	NA	NA
NC_045512.2	13161	G	T	73	37	27	14	14	25	0.14433	97	1.66212e-05	TRUE	NA	NA	NA	NA	NA	NA
NC_045512.2	13161	G	C	73	37	27	4	4	27	0.0412371	97	0.0375472	FALSE	NA	NA	NA	NA	NA	NA
NC_045512.2	13161	G	A	73	37	27	6	6	25	0.0618557	97	0.00759822	TRUE	NA	NA	NA	NA	NA	NA
NC_045512.2	13162	T	G	72	36	27	11	11	26	0.115789	95	0.000165616	TRUE	NA	NA	NA	NA	NA	NA
NC_045512.2	13162	T	C	72	36	27	8	8	23	0.0842105	95	0.00163776	TRUE	NA	NA	NA	NA	NA	NA
NC_045512.2	13162	T	A	72	36	27	4	4	26	0.0421053	95	0.0382004	FALSE	NA	NA	NA	NA	NA	NA
NC_045512.2	13163	A	T	64	28	27	10	10	25	0.105263	95	0.000191261	TRUE	NA	NA	NA	NA	NA	NA
NC_045512.2	13163	A	G	64	28	27	5	5	27	0.0526316	95	0.0124694	FALSE	NA	NA	NA	NA	NA	NA
NC_045512.2	13163	A	C	64	28	27	16	16	25	0.168421	95	1.62685e-06	TRUE	NA	NA	NA	NA	NA	NA
NC_045512.2	13164	C	T	71	35	27	17	17	26	0.175258	97	1.47159e-06	TRUE	NA	NA	NA	NA	NA	NA
NC_045512.2	13164	C	G	71	35	27	3	3	28	0.0309278	97	0.0805828	FALSE	NA	NA	NA	NA	NA	NA
NC_045512.2	13164	C	A	71	35	27	6	6	24	0.0618557	97	0.00695084	TRUE	NA	NA	NA	NA	NA	NA
NC_045512.2	13165	A	T	68	32	27	11	11	27	0.114583	96	0.000112529	TRUE	NA	NA	NA	NA	NA	NA
NC_045512.2	13165	A	G	68	32	27	8	8	28	0.0833333	96	0.00122793	TRUE	NA	NA	NA	NA	NA	NA
NC_045512.2	13165	A	C	68	32	27	9	9	26	0.09375	96	0.000549713	TRUE	NA	NA	NA	NA	NA	NA
NC_045512.2	13166	C	T	74	38	26	7	7	27	0.0721649	97	0.00363093	TRUE	NA	NA	NA	NA	NA	NA
NC_045512.2	13166	C	G	74	38	26	4	4	28	0.0412371	97	0.038667	FALSE	NA	NA	NA	NA	NA	NA
NC_045512.2	13166	C	A	74	38	26	12	12	26	0.123711	97	8.03177e-05	TRUE	NA	NA	NA	NA	NA	NA
NC_045512.2	13167	A	T	65	29	26	9	9	25	0.0927835	97	0.000419489	TRUE	NA	NA	NA	NA	NA	NA
NC_045512.2	13167	A	G	65	29	26	10	10	27	0.103093	97	0.000183986	TRUE	NA	NA	NA	NA	NA	NA
NC_045512.2	13167	A	C	65	29	26	13	13	26	0.134021	97	1.62204e-05	TRUE	NA	NA	NA	NA	NA	NA
NC_045512.2	13168	C	T	71	35	26	5	5	28	0.0515464	97	0.0156168	FALSE	NA	NA	NA	NA	NA	NA
NC_045512.2	13168	C	G	71	35	26	6	6	27	0.0618557	97	0.00695084	TRUE	NA	NA	NA	NA	NA	NA
NC_045512.2	13168	C	A	71	35	26	15	15	25	0.154639	97	6.47223e-06	TRUE	NA	NA	NA	NA	NA	NA
NC_045512.2	13169	A	T	73	37	26	10	10	27	0.104167	96	0.000357591	TRUE	NA	NA	NA	NA	NA	NA
NC_045512.2	13169	A	G	73	37	26	4	4	27	0.0416667	96	0.0384359	FALSE	NA	NA	NA	NA	NA	NA
NC_045512.2	13169	A	C	73	37	26	9	9	26	0.09375	96	0.000766882	TRUE	NA	NA	NA	NA	NA	NA
NC_045512.2	13170	C	T	63	27	27	11	11	23	0.113402	97	6.77435e-05	TRUE	NA	NA	NA	NA	NA	NA
NC_045512.2	13170	C	G	63	27	27	8	8	26	0.0824742	97	0.00084067	TRUE	NA	NA	NA	NA	NA	NA
NC_045512.2	13170	C	A	63	27	27	15	15	25	0.154639	97	2.61944e-06	TRUE	NA	NA	NA	NA	NA	NA
NC_045512.2	13171	T	G	81	45	26	4	4	28	0.0425532	94	0.0500779	FALSE	NA	NA	NA	NA	NA	NA
NC_045512.2	13171	T	C	81	45	26	2	2	27	0.0212766	94	0.220974	FALSE	NA	NA	NA	NA	NA	NA
NC_045512.2	13171	T	A	81	45	26	7	7	26	0.0744681	94	0.00565383	TRUE	NA	NA	NA	NA	NA	NA
NC_045512.2	13172	G	T	61	25	25	17	17	26	0.175258	97	4.07273e-07	TRUE	NA	NA	NA	NA	NA	NA
NC_045512.2	13172	G	C	61	25	25	11	11	27	0.113402	97	5.60179e-05	TRUE	NA	NA	NA	NA	NA	NA
NC_045512.2	13172	G	A	61	25	25	8	8	27	0.0824742	97	0.000729074	TRUE	NA	NA	NA	NA	NA	NA
NC_045512.2	13173	G	T	61	30	25	13	13	25	0.142857	91	1.71036e-05	TRUE	NA	NA	NA	NA	NA	NA
NC_045512.2	13173	G	C	61	30	25	4	4	27	0.043956	91	0.029271	FALSE	NA	NA	NA	NA	NA	NA
NC_045512.2	13173	G	A	61	30	25	13	13	25	0.142857	91	1.71036e-05	TRUE	NA	NA	NA	NA	NA	NA
NC_045512.2	13173	G	-T	61	30	25	1	0	20	0.010989	91	0.407895	FALSE	NA	NA	NA	NA	NA	NA
NC_045512.2	13174	T	G	73	37	27	3	3	27	0.03125	96	0.0858568	FALSE	NA	NA	NA	NA	NA	NA
NC_045512.2	13174	T	C	73	37	27	6	6	26	0.0625	96	0.00786798	TRUE	NA	NA	NA	NA	NA	NA
NC_045512.2	13174	T	A	73	37	27	14	14	26	0.145833	96	1.79981e-05	TRUE	NA	NA	NA	NA	NA	NA
NC_045512.2	13175	A	T	69	33	27	8	8	27	0.0860215	93	0.00150854	TRUE	NA	NA	NA	NA	NA	NA
NC_045512.2	13175	A	G	69	33	27	3	3	27	0.0322581	93	0.0826309	FALSE	NA	NA	NA	NA	NA	NA
NC_045512.2	13175	A	C	69	33	27	13	13	27	0.139785	93	3.28171e-05	TRUE	NA	NA	NA	NA	NA	NA
NC_045512.2	13176	C	T	64	28	27	16	16	26	0.168421	95	1.62685e-06	TRUE	NA	NA	NA	NA	NA	NA
NC_045512.2	13176	C	G	64	28	27	5	5	25	0.0526316	95	0.0124694	FALSE	NA	NA	NA	NA	NA	NA
NC_045512.2	13176	C	A	64	28	27	10	10	26	0.105263	95	0.000191261	TRUE	NA	NA	NA	NA	NA	NA
NC_045512.2	13177	T	G	70	34	26	12	12	28	0.123711	97	5.73055e-05	TRUE	NA	NA	NA	NA	NA	NA
NC_045512.2	13177	T	C	70	34	26	8	8	27	0.0824742	97	0.00132472	TRUE	NA	NA	NA	NA	NA	NA
NC_045512.2	13177	T	A	70	34	26	7	7	27	0.0721649	97	0.00295515	TRUE	NA	NA	NA	NA	NA	NA
NC_045512.2	13178	G	T	65	29	25	20	20	27	0.215054	93	1.14374e-07	TRUE	NA	NA	NA	NA	NA	NA
NC_045512.2	13178	G	C	65	29	25	6	6	26	0.0645161	93	0.00603435	TRUE	NA	NA	NA	NA	NA	NA
NC_045512.2	13178	G	A	65	29	25	2	2	28	0.0215054	93	0.176021	FALSE	NA	NA	NA	NA	NA	NA
NC_045512.2	13179	G	T	59	30	25	13	13	26	0.144444	90	1.48698e-05	TRUE	NA	NA	NA	NA	NA	NA
NC_045512.2	13179	G	C	59	30	25	5	5	26	0.0555556	90	0.0116575	FALSE	NA	NA	NA	NA	NA	NA
NC_045512.2	13179	G	A	59	30	25	13	13	27	0.144444	90	1.48698e-05	TRUE	NA	NA	NA	NA	NA	NA
NC_045512.2	13180	T	G	77	41	26	4	4	27	0.0421053	95	0.0440692	FALSE	NA	NA	NA	NA	NA	NA
NC_045512.2	13180	T	C	77	41	26	5	5	27	0.0526316	95	0.0205322	FALSE	NA	NA	NA	NA	NA	NA
NC_045512.2	13180	T	A	77	41	26	9	9	26	0.0947368	95	0.00103084	TRUE	NA	NA	NA	NA	NA	NA
NC_045512.2	13181	C	T	68	32	26	16	16	26	0.166667	96	2.4e-06	TRUE	NA	NA	NA	NA	NA	NA
NC_045512.2	13181	C	G	68	32	26	5	5	28	0.0520833	96	0.0143021	FALSE	NA	NA	NA	NA	NA	NA
NC_045512.2	13181	C	A	68	32	26	7	7	26	0.0729167	96	0.00276285	TRUE	NA	NA	NA	NA	NA	NA
NC_045512.2	13182	A	T	72	36	26	18	18	26	0.189474	95	9.80325e-07	TRUE	NA	NA	NA	NA	NA	NA
NC_045512.2	13182	A	G	72	36	26	2	2	26	0.0210526	95	0.192543	FALSE	NA	NA	NA	NA	NA	NA
NC_045512.2	13182	A	C	72	36	26	3	3	26	0.0315789	95	0.0854483	FALSE	NA	NA	NA	NA	NA	NA
NC_045512.2	13183	G	T	64	28	25	17	17	26	0.178947	95	7.53e-07	TRUE	NA	NA	NA	NA	NA	NA
NC_045512.2	13183	G	C	64	28	25	2	2	26	0.0210526	95	0.168632	FALSE	NA	NA	NA	NA	NA	NA
NC_045512.2	13183	G	A	64	28	25	12	12	27	0.126316	95	3.7946e-05	TRUE	NA	NA	NA	NA	NA	NA
NC_045512.2	13184	G	T	55	27	25	9	9	27	0.103448	87	0.000332026	TRUE	NA	NA	NA	NA	NA	NA
NC_045512.2	13184	G	C	55	27	25	17	17	26	0.195402	87	4.93975e-07	TRUE	NA	NA	NA	NA	NA	NA
NC_045512.2	13184	G	A	55	27	25	6	6	27	0.0689655	87	0.00439338	TRUE	NA	NA	NA	NA	NA	NA
NC_045512.2	13185	C	T	69	33	27	14	14	25	0.150538	93	1.55647e-05	TRUE	NA	NA	NA	NA	NA	NA
NC_045512.2	13185	C	G	69	33	27	6	6	28	0.0645161	93	0.00731897	TRUE	NA	NA	NA	NA	NA	NA
NC_045512.2	13185	C	A	69	33	27	4	4	23	0.0430108	93	0.0365579	FALSE	NA	NA	NA	NA	NA	NA
NC_045512.2	13186	A	T	65	29	26	19	19	26	0.2	95	1.89908e-07	TRUE	NA	NA	NA	NA	NA	NA
NC_045512.2	13186	A	G	65	29	26	5	5	26	0.0526316	95	0.0130191	FALSE	NA	NA	NA	NA	NA	NA
NC_045512.2	13186	A	C	65	29	26	6	6	27	0.0631579	95	0.00560218	TRUE	NA	NA	NA	NA	NA	NA
NC_045512.2	13187	A	T	59	27	25	20	20	26	0.217391	92	5.07838e-08	TRUE	NA	NA	NA	NA	NA	NA
NC_045512.2	13187	A	G	59	27	25	11	10	28	0.119565	92	6.50119e-05	TRUE	NA	NA	NA	NA	NA	NA
NC_045512.2	13187	A	C	59	27	25	2	2	27	0.0217391	92	0.159463	FALSE	NA	NA	NA	NA	NA	NA
NC_045512.2	13188	T	G	79	45	27	3	3	28	0.0319149	94	0.100868	FALSE	NA	NA	NA	NA	NA	NA
NC_045512.2	13188	T	C	79	45	27	9	9	26	0.0957447	94	0.00121709	TRUE	NA	NA	NA	NA	NA	NA
NC_045512.2	13188	T	A	79	45	27	3	3	28	0.0319149	94	0.100868	FALSE	NA	NA	NA	NA	NA	NA
NC_045512.2	13189	A	T	63	29	26	17	17	28	0.180851	94	7.30332e-07	TRUE	NA	NA	NA	NA	NA	NA
NC_045512.2	13189	A	G	63	29	26	7	7	27	0.0744681	94	0.00225199	TRUE	NA	NA	NA	NA	NA	NA
NC_045512.2	13189	A	C	63	29	26	7	7	29	0.0744681	94	0.00225199	TRUE	NA	NA	NA	NA	NA	NA
NC_045512.2	13190	A	T	51	27	25	11	11	28	0.129412	85	4.64561e-05	TRUE	NA	NA	NA	NA	NA	NA
NC_045512.2	13190	A	G	51	27	25	9	9	27	0.105882	85	0.000260041	TRUE	NA	NA	NA	NA	NA	NA
NC_045512.2	13190	A	C	51	27	25	14	14	27	0.164706	85	3.75588e-06	TRUE	NA	NA	NA	NA	NA	NA
NC_045512.2	13191	C	T	60	27	26	21	21	26	0.228261	92	2.8158e-08	TRUE	NA	NA	NA	NA	NA	NA
NC_045512.2	13191	C	G	60	27	26	7	7	28	0.076087	92	0.00204035	TRUE	NA	NA	NA	NA	NA	NA
NC_045512.2	13191	C	A	60	27	26	4	4	27	0.0434783	92	0.0274697	FALSE	NA	NA	NA	NA	NA	NA
NC_045512.2	13192	A	T	61	28	27	13	13	27	0.138298	94	1.33917e-05	TRUE	NA	NA	NA	NA	NA	NA
NC_045512.2	13192	A	G	61	28	27	16	16	26	0.170213	94	1.21774e-06	TRUE	NA	NA	NA	NA	NA	NA
NC_045512.2	13192	A	C	61	28	27	4	4	26	0.0425532	94	0.0270902	FALSE	NA	NA	NA	NA	NA	NA
NC_045512.2	13193	G	T	66	33	27	11	11	26	0.11828	93	0.000115784	TRUE	NA	NA	NA	NA	NA	NA
NC_045512.2	13193	G	C	66	33	27	10	10	26	0.107527	93	0.000254123	TRUE	NA	NA	NA	NA	NA	NA
NC_045512.2	13193	G	A	66	33	27	6	6	26	0.0645161	93	0.00634209	TRUE	NA	NA	NA	NA	NA	NA
NC_045512.2	13194	T	G	67	34	25	7	7	26	0.0786517	89	0.00353234	TRUE	NA	NA	NA	NA	NA	NA
NC_045512.2	13194	T	C	67	34	25	8	8	26	0.0898876	89	0.00162531	TRUE	NA	NA	NA	NA	NA	NA
NC_045512.2	13194	T	A	67	34	25	7	7	26	0.0786517	89	0.00353234	TRUE	NA	NA	NA	NA	NA	NA
NC_045512.2	13194	T	-T	67	34	25	1	0	20	0.011236	89	0.435897	FALSE	NA	NA	NA	NA	NA	NA
NC_045512.2	13195	T	G	66	37	25	8	8	28	0.0941176	85	0.0018734	TRUE	NA	NA	NA	NA	NA	NA
NC_045512.2	13195	T	C	66	37	25	7	7	24	0.0823529	85	0.00399996	TRUE	NA	NA	NA	NA	NA	NA
NC_045512.2	13195	T	A	66	37	25	4	4	25	0.0470588	85	0.040691	FALSE	NA	NA	NA	NA	NA	NA
NC_045512.2	13195	T	-A	66	37	25	2	0	20	0.0235294	85	0.198501	FALSE	NA	NA	NA	NA	NA	NA
NC_045512.2	13196	A	T	67	34	27	18	18	26	0.2	90	8.9812e-07	TRUE	NA	NA	NA	NA	NA	NA
NC_045512.2	13196	A	G	67	34	27	1	1	28	0.0111111	90	0.433121	FALSE	NA	NA	NA	NA	NA	NA
NC_045512.2	13196	A	C	67	34	27	4	4	27	0.0444444	90	0.0369522	FALSE	NA	NA	NA	NA	NA	NA
NC_045512.2	13197	C	T	57	24	27	21	21	26	0.228261	92	1.67321e-08	TRUE	NA	NA	NA	NA	NA	NA
NC_045512.2	13197	C	G	57	24	27	7	7	26	0.076087	92	0.00167121	TRUE	NA	NA	NA	NA	NA	NA
NC_045512.2	13197	C	A	57	24	27	7	7	27	0.076087	92	0.00167121	TRUE	NA	NA	NA	NA	NA	NA
NC_045512.2	13198	A	T	59	28	27	10	10	25	0.108696	92	0.000149527	TRUE	NA	NA	NA	NA	NA	NA
NC_045512.2	13198	A	G	59	28	27	19	19	27	0.206522	92	1.09282e-07	TRUE	NA	NA	NA	NA	NA	NA
NC_045512.2	13198	A	C	59	28	27	4	4	27	0.0434783	92	0.0264351	FALSE	NA	NA	NA	NA	NA	NA
NC_045512.2	13199	C	T	62	36	26	13	13	26	0.151163	86	2.88811e-05	TRUE	NA	NA	NA	NA	NA	NA
NC_045512.2	13199	C	G	62	36	26	6	6	25	0.0697674	86	0.00678438	TRUE	NA	NA	NA	NA	NA	NA
NC_045512.2	13199	C	A	62	36	26	5	5	27	0.0581395	86	0.0152649	FALSE	NA	NA	NA	NA	NA	NA
NC_045512.2	13200	C	T	49	31	25	18	18	26	0.230769	78	2.56256e-07	TRUE	NA	NA	NA	NA	NA	NA
NC_045512.2	13200	C	G	49	31	25	5	5	25	0.0641026	78	0.0106266	FALSE	NA	NA	NA	NA	NA	NA
NC_045512.2	13200	C	A	49	31	25	6	6	27	0.0769231	78	0.00442776	TRUE	NA	NA	NA	NA	NA	NA
NC_045512.2	13201	G	T	63	40	25	9	9	27	0.107143	84	0.000757771	TRUE	NA	NA	NA	NA	NA	NA
NC_045512.2	13201	G	C	63	40	25	5	5	27	0.0595238	84	0.0170368	FALSE	NA	NA	NA	NA	NA	NA
NC_045512.2	13201	G	A	63	40	25	7	7	26	0.0833333	84	0.00353834	TRUE	NA	NA	NA	NA	NA	NA
NC_045512.2	13202	G	T	45	29	25	16	16	26	0.207792	77	6.85147e-07	TRUE	NA	NA	NA	NA	NA	NA
NC_045512.2	13202	G	C	45	29	25	7	7	27	0.0909091	77	0.00141532	TRUE	NA	NA	NA	NA	NA	NA
NC_045512.2	13202	G	A	45	29	25	9	9	25	0.116883	77	0.000241542	TRUE	NA	NA	NA	NA	NA	NA
NC_045512.2	13203	A	T	60	37	25	15	15	26	0.180723	83	6.85129e-06	TRUE	NA	NA	NA	NA	NA	NA
NC_045512.2	13203	A	G	60	37	25	8	8	27	0.0963855	83	0.00140607	TRUE	NA	NA	NA	NA	NA	NA
NC_045512.2	13204	A	T	47	33	25	6	6	24	0.0810811	74	0.00466127	TRUE	NA	NA	NA	NA	NA	NA
NC_045512.2	13204	A	G	47	33	25	16	16	27	0.216216	74	1.40151e-06	TRUE	NA	NA	NA	NA	NA	NA
NC_045512.2	13204	A	C	47	33	25	5	5	28	0.0675676	74	0.0110815	FALSE	NA	NA	NA	NA	NA	NA
NC_045512.2	13205	G	T	50	29	26	10	10	26	0.121951	82	0.000122106	TRUE	NA	NA	NA	NA	NA	NA
NC_045512.2	13205	G	C	50	29	26	5	5	25	0.0609756	82	0.00966502	TRUE	NA	NA	NA	NA	NA	NA
NC_045512.2	13205	G	A	50	29	26	17	17	26	0.207317	82	3.97395e-07	TRUE	NA	NA	NA	NA	NA	NA
NC_045512.2	13206	C	T	45	24	24	13	13	27	0.1625	80	5.90388e-06	TRUE	NA	NA	NA	NA	NA	NA
NC_045512.2	13206	C	G	45	24	24	8	8	25	0.1	80	0.000481327	TRUE	NA	NA	NA	NA	NA	NA
NC_045512.2	13206	C	A	45	24	24	14	14	26	0.175	80	2.52412e-06	TRUE	NA	NA	NA	NA	NA	NA
NC_045512.2	13207	C	T	40	23	25	9	9	26	0.116883	77	0.000134364	TRUE	NA	NA	NA	NA	NA	NA
NC_045512.2	13207	C	G	40	23	25	22	22	26	0.285714	77	1.89183e-09	TRUE	NA	NA	NA	NA	NA	NA
NC_045512.2	13207	C	A	40	23	25	6	6	25	0.0779221	77	0.00231731	TRUE	NA	NA	NA	NA	NA	NA
NC_045512.2	13208	A	T	50	29	25	10	10	25	0.125	80	0.000141536	TRUE	NA	NA	NA	NA	NA	NA
NC_045512.2	13208	A	G	50	29	25	6	6	26	0.075	80	0.0043223	TRUE	NA	NA	NA	NA	NA	NA
NC_045512.2	13208	A	C	50	29	25	14	14	27	0.175	80	5.38441e-06	TRUE	NA	NA	NA	NA	NA	NA
NC_045512.2	13209	A	T	44	25	25	22	22	26	0.278481	79	3.64333e-09	TRUE	NA	NA	NA	NA	NA	NA
NC_045512.2	13209	A	G	44	25	25	6	6	27	0.0759494	79	0.00292991	TRUE	NA	NA	NA	NA	NA	NA
NC_045512.2	13209	A	C	44	25	25	7	7	25	0.0886076	79	0.00115834	TRUE	NA	NA	NA	NA	NA	NA
NC_045512.2	13210	T	G	53	32	27	13	13	27	0.160494	81	1.61177e-05	TRUE	NA	NA	NA	NA	NA	NA
NC_045512.2	13210	T	C	53	32	27	7	7	25	0.0864198	81	0.00215046	TRUE	NA	NA	NA	NA	NA	NA
NC_045512.2	13210	T	A	53	32	27	8	8	25	0.0987654	81	0.000930339	TRUE	NA	NA	NA	NA	NA	NA
NC_045512.2	13211	A	T	53	32	27	8	8	24	0.0987654	81	0.000930339	TRUE	NA	NA	NA	NA	NA	NA
NC_045512.2	13211	A	G	53	32	27	8	8	27	0.0987654	81	0.000930339	TRUE	NA	NA	NA	NA	NA	NA
NC_045512.2	13211	A	C	53	32	27	12	12	27	0.148148	81	3.56543e-05	TRUE	NA	NA	NA	NA	NA	NA
NC_045512.2	13212	T	G	58	37	27	7	7	26	0.0864198	81	0.00301607	TRUE	NA	NA	NA	NA	NA	NA
NC_045512.2	13212	T	C	58	37	27	9	9	26	0.111111	81	0.000621427	TRUE	NA	NA	NA	NA	NA	NA
NC_045512.2	13212	T	A	58	37	27	7	7	27	0.0864198	81	0.00301607	TRUE	NA	NA	NA	NA	NA	NA
NC_045512.2	13213	G	T	48	27	25	9	9	26	0.118421	76	0.000354602	TRUE	NA	NA	NA	NA	NA	NA
NC_045512.2	13213	G	C	48	27	25	7	7	25	0.0921053	76	0.00192098	TRUE	NA	NA	NA	NA	NA	NA
NC_045512.2	13213	G	A	48	27	25	12	12	23	0.157895	76	3.02609e-05	TRUE	NA	NA	NA	NA	NA	NA
NC_045512.2	13214	G	T	45	25	25	5	5	24	0.0625	80	0.00769802	TRUE	NA	NA	NA	NA	NA	NA
NC_045512.2	13214	G	C	45	25	25	9	9	27	0.1125	80	0.000195426	TRUE	NA	NA	NA	NA	NA	NA
NC_045512.2	13214	G	A	45	25	25	21	21	26	0.2625	80	8.51617e-09	TRUE	NA	NA	NA	NA	NA	NA
NC_045512.2	13215	A	T	39	18	26	4	4	24	0.0714286	56	0.034164	FALSE	NA	NA	NA	NA	NA	NA
NC_045512.2	13215	A	G	39	18	26	7	7	24	0.125	56	0.00311197	TRUE	NA	NA	NA	NA	NA	NA
NC_045512.2	13215	A	C	39	18	26	6	6	25	0.107143	56	0.0068328	TRUE	NA	NA	NA	NA	NA	NA
NC_045512.2	13216	T	G	27	6	26	15	15	27	0.254237	59	3.89489e-07	TRUE	NA	NA	NA	NA	NA	NA
NC_045512.2	13216	T	C	27	6	26	2	2	28	0.0338983	59	0.108527	FALSE	NA	NA	NA	NA	NA	NA
NC_045512.2	13216	T	A	27	6	26	15	15	25	0.254237	59	3.89489e-07	TRUE	NA	NA	NA	NA	NA	NA
NC_045512.2	13217	C	T	30	9	26	4	4	26	0.0701754	57	0.0181497	FALSE	NA	NA	NA	NA	NA	NA
NC_045512.2	13217	C	G	30	9	26	7	7	24	0.122807	57	0.00108675	TRUE	NA	NA	NA	NA	NA	NA
NC_045512.2	13217	C	A	30	9	26	16	16	26	0.280702	57	5.2274e-07	TRUE	NA	NA	NA	NA	NA	NA
NC_045512.2	13218	A	T	29	8	26	8	8	23	0.142857	56	0.000414779	TRUE	NA	NA	NA	NA	NA	NA
NC_045512.2	13218	A	G	29	8	26	10	10	25	0.178571	56	7.0316e-05	TRUE	NA	NA	NA	NA	NA	NA
NC_045512.2	13218	A	C	29	8	26	9	9	25	0.160714	56	0.00016948	TRUE	NA	NA	NA	NA	NA	NA
NC_045512.2	13219	A	T	20	4	23	17	17	25	0.333333	51	3.21512e-08	TRUE	NA	NA	NA	NA	NA	NA
NC_045512.2	13219	A	G	20	4	23	6	6	26	0.117647	51	0.00105311	TRUE	NA	NA	NA	NA	NA	NA
NC_045512.2	13219	A	C	20	4	23	8	8	25	0.156863	51	0.000132559	TRUE	NA	NA	NA	NA	NA	NA
NC_045512.2	13220	G	T	22	2	26	13	13	25	0.236364	55	1.05002e-06	TRUE	NA	NA	NA	NA	NA	NA
NC_045512.2	13220	G	C	22	2	26	3	3	24	0.0545455	55	0.0290848	FALSE	NA	NA	NA	NA	NA	NA
NC_045512.2	13220	G	A	22	2	26	17	17	25	0.309091	55	2.95798e-08	TRUE	NA	NA	NA	NA	NA	NA
NC_045512.2	13221	A	T	30	10	26	13	13	26	0.22807	57	5.91268e-06	TRUE	NA	NA	NA	NA	NA	NA
NC_045512.2	13221	A	G	30	10	26	3	3	25	0.0526316	57	0.0480434	FALSE	NA	NA	NA	NA	NA	NA
NC_045512.2	13221	A	C	30	10	26	11	11	26	0.192982	57	3.17635e-05	TRUE	NA	NA	NA	NA	NA	NA
NC_045512.2	13222	A	T	26	13	23	8	8	26	0.170213	47	0.000626345	TRUE	NA	NA	NA	NA	NA	NA
NC_045512.2	13222	A	G	26	13	23	5	5	25	0.106383	47	0.00859969	TRUE	NA	NA	NA	NA	NA	NA
NC_045512.2	13222	A	C	26	13	23	8	8	25	0.170213	47	0.000626345	TRUE	NA	NA	NA	NA	NA	NA
NC_045512.2	13222	A	-T	26	13	23	2	0	20	0.0425532	47	0.139948	FALSE	NA	NA	NA	NA	NA	NA
NC_045512.2	13223	T	G	24	7	25	4	4	24	0.08	50	0.01513	FALSE	NA	NA	NA	NA	NA	NA
NC_045512.2	13223	T	C	24	7	25	7	7	26	0.14	50	0.000827765	TRUE	NA	NA	NA	NA	NA	NA
NC_045512.2	13223	T	A	24	7	25	15	15	26	0.3	50	7.9231e-07	TRUE	NA	NA	NA	NA	NA	NA
NC_045512.2	13223	T	-C	24	7	25	1	0	20	0.02	50	0.337838	FALSE	NA	NA	NA	NA	NA	NA
NC_045512.2	13224	C	T	18	4	26	8	8	26	0.177778	45	0.000165489	TRUE	NA	NA	NA	NA	NA	NA
NC_045512.2	13224	C	G	18	4	26	2	2	26	0.0444444	45	0.094246	FALSE	NA	NA	NA	NA	NA	NA
NC_045512.2	13224	C	A	18	4	26	17	17	26	0.377778	45	5.67741e-08	TRUE	NA	NA	NA	NA	NA	NA
NC_045512.2	13225	C	T	16	3	22	6	6	26	0.130435	46	0.000747657	TRUE	NA	NA	NA	NA	NA	NA
NC_045512.2	13225	C	G	16	3	22	11	11	26	0.23913	46	4.31392e-06	TRUE	NA	NA	NA	NA	NA	NA
NC_045512.2	13225	C	A	16	3	22	13	13	27	0.282609	46	6.48445e-07	TRUE	NA	NA	NA	NA	NA	NA
NC_045512.2	13225	C	-T	16	3	22	13	0	20	0.282609	46	6.48445e-07	TRUE	NA	NA	NA	NA	NA	NA
NC_045512.2	13226	T	G	6	6	27	4	4	25	0.114286	35	0.000531632	TRUE	NA	NA	NA	NA	NA	NA
NC_045512.2	13226	T	C	6	6	27	8	8	26	0.228571	35	1.01975e-06	TRUE	NA	NA	NA	NA	NA	NA
NC_045512.2	13226	T	A	6	6	27	17	17	26	0.485714	35	1.28139e-11	TRUE	NA	NA	NA	NA	NA	NA
NC_045512.2	13227	T	G	24	12	26	8	8	24	0.173913	46	0.00049987	TRUE	NA	NA	NA	NA	NA	NA
NC_045512.2	13227	T	C	24	12	26	4	4	27	0.0869565	46	0.0188115	FALSE	NA	NA	NA	NA	NA	NA
NC_045512.2	13227	T	A	24	12	26	10	10	25	0.217391	46	9.10182e-05	TRUE	NA	NA	NA	NA	NA	NA
NC_045512.2	13228	T	G	19	12	24	6	6	24	0.15	40	0.00236214	TRUE	NA	NA	NA	NA	NA	NA
NC_045512.2	13228	T	C	19	12	24	6	6	27	0.15	40	0.00236214	TRUE	NA	NA	NA	NA	NA	NA
NC_045512.2	13228	T	A	19	12	24	9	9	25	0.225	40	0.000161536	TRUE	NA	NA	NA	NA	NA	NA
NC_045512.2	13229	G	T	18	6	26	12	12	25	0.272727	44	4.70441e-06	TRUE	NA	NA	NA	NA	NA	NA
NC_045512.2	13229	G	C	18	6	26	3	3	26	0.0681818	44	0.031922	FALSE	NA	NA	NA	NA	NA	NA
NC_045512.2	13229	G	A	18	6	26	11	11	26	0.25	44	1.14474e-05	TRUE	NA	NA	NA	NA	NA	NA
NC_045512.2	13230	G	T	8	1	24	19	19	26	0.487179	39	1.80178e-10	TRUE	NA	NA	NA	NA	NA	NA
NC_045512.2	13230	G	C	8	1	24	3	3	27	0.0769231	39	0.00895571	TRUE	NA	NA	NA	NA	NA	NA
NC_045512.2	13230	G	A	8	1	24	9	9	25	0.230769	39	3.82329e-06	TRUE	NA	NA	NA	NA	NA	NA
NC_045512.2	13231	T	G	18	7	26	5	5	26	0.125	40	0.00519997	TRUE	NA	NA	NA	NA	NA	NA
NC_045512.2	13231	T	C	18	7	26	9	9	26	0.225	40	0.000126623	TRUE	NA	NA	NA	NA	NA	NA
NC_045512.2	13231	T	A	18	7	26	8	8	25	0.2	40	0.000309522	TRUE	NA	NA	NA	NA	NA	NA
NC_045512.2	13232	G	T	17	6	26	12	12	26	0.285714	42	4.87794e-06	TRUE	NA	NA	NA	NA	NA	NA
NC_045512.2	13232	G	C	17	6	26	8	8	26	0.190476	42	0.000188311	TRUE	NA	NA	NA	NA	NA	NA
NC_045512.2	13232	G	A	17	6	26	5	5	28	0.119048	42	0.00374656	TRUE	NA	NA	NA	NA	NA	NA
NC_045512.2	13233	G	T	14	5	23	11	11	26	0.289474	38	8.76973e-06	TRUE	NA	NA	NA	NA	NA	NA
NC_045512.2	13233	G	C	14	5	23	4	4	26	0.105263	38	0.00897216	TRUE	NA	NA	NA	NA	NA	NA
NC_045512.2	13233	G	A	14	5	23	9	9	26	0.236842	38	5.52785e-05	TRUE	NA	NA	NA	NA	NA	NA
NC_045512.2	13234	T	G	19	8	26	13	13	25	0.317073	41	4.89897e-06	TRUE	NA	NA	NA	NA	NA	NA
NC_045512.2	13234	T	C	19	8	26	1	1	27	0.0243902	41	0.333333	FALSE	NA	NA	NA	NA	NA	NA
NC_045512.2	13234	T	A	19	8	26	8	8	26	0.195122	41	0.000340379	TRUE	NA	NA	NA	NA	NA	NA
NC_045512.2	13235	G	T	24	13	26	2	2	26	0.0487805	41	0.151515	FALSE	NA	NA	NA	NA	NA	NA
NC_045512.2	13235	G	C	24	13	26	9	9	25	0.219512	41	0.000397263	TRUE	NA	NA	NA	NA	NA	NA
NC_045512.2	13235	G	A	24	13	26	6	6	25	0.146341	41	0.00452862	TRUE	NA	NA	NA	NA	NA	NA
NC_045512.2	13236	C	T	18	7	25	10	10	25	0.263158	38	7.33078e-05	TRUE	NA	NA	NA	NA	NA	NA
NC_045512.2	13236	C	G	18	7	25	5	5	25	0.131579	38	0.00616111	TRUE	NA	NA	NA	NA	NA	NA
NC_045512.2	13236	C	A	18	7	25	5	5	23	0.131579	38	0.00616111	TRUE	NA	NA	NA	NA	NA	NA
NC_045512.2	13237	A	T	12	1	25	6	6	22	0.3	20	0.00798526	TRUE	NA	NA	NA	NA	NA	NA
NC_045512.2	13237	A	C	12	1	25	2	2	23	0.1	20	0.172348	FALSE	NA	NA	NA	NA	NA	NA
NC_045512.2	13238	T	G	14	3	25	1	1	28	0.0666667	15	0.517241	FALSE	NA	NA	NA	NA	NA	NA
NC_045512.2	13239	C	T	11	0	26	1	1	23	0.0833333	12	0.521739	FALSE	NA	NA	NA	NA	NA	NA
NC_045512.2	13240	G	T	11	0	27	1	1	28	0.0833333	12	0.521739	FALSE	NA	NA	NA	NA	NA	NA
NC_045512.2	13241	T	A	11	0	26	1	1	28	0.0833333	12	0.521739	FALSE	NA	NA	NA	NA	NA	NA
NC_045512.2	13242	G	C	11	0	26	1	1	29	0.0833333	12	0.521739	FALSE	NA	NA	NA	NA	NA	NA
NC_045512.2	13243	T	A	11	0	26	1	1	24	0.0833333	12	0.521739	FALSE	NA	NA	NA	NA	NA	NA
NC_045512.2	13245	G	C	11	0	27	1	1	24	0.0833333	12	0.521739	FALSE	NA	NA	NA	NA	NA	NA
NC_045512.2	13246	T	C	10	0	26	1	0	28	0.0909091	11	0.52381	FALSE	NA	NA	NA	NA	NA	NA
NC_045512.2	13247	C	G	11	0	26	1	1	23	0.0833333	12	0.521739	FALSE	NA	NA	NA	NA	NA	NA
NC_045512.2	13249	G	A	11	0	26	1	1	23	0.0833333	12	0.521739	FALSE	NA	NA	NA	NA	NA	NA
NC_045512.2	13250	T	G	11	0	26	1	1	23	0.0833333	12	0.521739	FALSE	NA	NA	NA	NA	NA	NA
NC_045512.2	13251	A	C	11	0	27	1	1	26	0.0833333	12	0.521739	FALSE	NA	NA	NA	NA	NA	NA
NC_045512.2	13253	T	A	11	0	26	1	1	23	0.0833333	12	0.521739	FALSE	NA	NA	NA	NA	NA	NA
NC_045512.2	13254	G	A	11	0	26	1	1	27	0.0833333	12	0.521739	FALSE	NA	NA	NA	NA	NA	NA
NC_045512.2	13255	C	T	11	0	27	1	1	28	0.0833333	12	0.521739	FALSE	NA	NA	NA	NA	NA	NA
NC_045512.2	13256	C	A	10	0	23	1	1	28	0.0909091	11	0.52381	FALSE	NA	NA	NA	NA	NA	NA
NC_045512.2	13257	G	T	11	0	27	1	1	29	0.0833333	12	0.521739	FALSE	NA	NA	NA	NA	NA	NA
NC_045512.2	13258	T	G	11	0	28	1	1	23	0.0833333	12	0.521739	FALSE	NA	NA	NA	NA	NA	NA
NC_045512.2	13259	T	G	11	0	23	1	1	27	0.0833333	12	0.521739	FALSE	NA	NA	NA	NA	NA	NA
NC_045512.2	13260	G	A	11	0	27	1	1	27	0.0833333	12	0.521739	FALSE	NA	NA	NA	NA	NA	NA
NC_045512.2	13261	C	T	11	0	27	1	1	27	0.0833333	12	0.521739	FALSE	NA	NA	NA	NA	NA	NA
NC_045512.2	13262	C	T	10	1	23	1	0	28	0.0909091	11	0.52381	FALSE	NA	NA	NA	NA	NA	NA
NC_045512.2	13264	C	A	11	0	27	1	1	25	0.0833333	12	0.521739	FALSE	NA	NA	NA	NA	NA	NA
NC_045512.2	13265	A	G	11	0	27	1	1	20	0.0833333	12	0.521739	FALSE	NA	NA	NA	NA	NA	NA
NC_045512.2	13265	A	-T	11	0	27	1	0	20	0.0833333	12	0.521739	FALSE	NA	NA	NA	NA	NA	NA
NC_045512.2	13268	G	T	11	0	26	1	1	20	0.0833333	12	0.521739	FALSE	NA	NA	NA	NA	NA	NA
NC_045512.2	13269	A	C	11	0	27	1	1	21	0.0833333	12	0.521739	FALSE	NA	NA	NA	NA	NA	NA
NC_045512.2	13270	T	C	9	0	27	1	1	27	0.1	10	0.526316	FALSE	NA	NA	NA	NA	NA	NA
NC_045512.2	13271	C	T	11	0	27	1	1	22	0.0833333	12	0.521739	FALSE	NA	NA	NA	NA	NA	NA
NC_045512.2	13272	A	T	10	0	25	1	1	32	0.0909091	11	0.52381	FALSE	NA	NA	NA	NA	NA	NA
NC_045512.2	13274	C	G	7	0	25	1	1	25	0.125	8	0.533333	FALSE	NA	NA	NA	NA	NA	NA
NC_045512.2	13275	C	G	6	0	22	1	1	29	0.142857	7	0.538462	FALSE	NA	NA	NA	NA	NA	NA
NC_045512.2	13276	A	T	7	0	27	1	1	29	0.125	8	0.533333	FALSE	NA	NA	NA	NA	NA	NA
NC_045512.2	13277	A	G	7	0	27	1	1	22	0.125	8	0.533333	FALSE	NA	NA	NA	NA	NA	NA
NC_045512.2	13278	A	G	5	0	21	1	1	29	0.166667	6	0.545455	FALSE	NA	NA	NA	NA	NA	NA
NC_045512.2	13280	C	G	7	0	27	1	1	23	0.125	8	0.533333	FALSE	NA	NA	NA	NA	NA	NA
NC_045512.2	13282	T	A	7	0	26	1	1	23	0.125	8	0.533333	FALSE	NA	NA	NA	NA	NA	NA
NC_045512.2	13283	A	T	25	0	27	1	1	28	0.0384615	26	0.509804	FALSE	NA	NA	NA	NA	NA	NA
NC_045512.2	13284	A	C	24	0	28	1	1	28	0.04	25	0.510204	FALSE	NA	NA	NA	NA	NA	NA
NC_045512.2	13285	A	G	18	0	22	1	1	28	0.0526316	19	0.513514	FALSE	NA	NA	NA	NA	NA	NA
NC_045512.2	13286	G	T	24	0	26	1	1	27	0.04	25	0.510204	FALSE	NA	NA	NA	NA	NA	NA
NC_045512.2	13290	T	G	22	0	28	1	1	22	0.0434783	23	0.511111	FALSE	NA	NA	NA	NA	NA	NA
NC_045512.2	13292	T	C	11	0	21	1	1	23	0.0833333	12	0.521739	FALSE	NA	NA	NA	NA	NA	NA
NC_045512.2	13293	G	T	22	0	26	1	1	25	0.0434783	23	0.511111	FALSE	NA	NA	NA	NA	NA	NA
NC_045512.2	13294	T	G	22	0	26	1	1	25	0.0434783	23	0.511111	FALSE	NA	NA	NA	NA	NA	NA
NC_045512.2	13295	G	T	22	0	27	1	1	27	0.0434783	23	0.511111	FALSE	NA	NA	NA	NA	NA	NA
NC_045512.2	13299	T	G	20	0	22	1	1	29	0.047619	21	0.512195	FALSE	NA	NA	NA	NA	NA	NA
NC_045512.2	13301	A	C	22	0	28	1	1	24	0.0434783	23	0.511111	FALSE	NA	NA	NA	NA	NA	NA
NC_045512.2	13302	A	G	22	0	28	1	1	28	0.0434783	23	0.511111	FALSE	NA	NA	NA	NA	NA	NA
NC_045512.2	13303	A	T	14	0	21	1	1	22	0.0666667	15	0.517241	FALSE	NA	NA	NA	NA	NA	NA
NC_045512.2	13304	G	T	22	0	27	1	1	28	0.0434783	23	0.511111	FALSE	NA	NA	NA	NA	NA	NA
NC_045512.2	13306	T	C	25	0	27	1	1	22	0.0384615	26	0.509804	FALSE	NA	NA	NA	NA	NA	NA
NC_045512.2	13307	A	C	24	0	28	1	1	26	0.04	25	0.510204	FALSE	NA	NA	NA	NA	NA	NA
NC_045512.2	13309	G	C	24	0	27	1	1	28	0.04	25	0.510204	FALSE	NA	NA	NA	NA	NA	NA
NC_045512.2	13310	T	A	24	0	27	1	1	27	0.04	25	0.510204	FALSE	NA	NA	NA	NA	NA	NA
NC_045512.2	13311	A	T	24	0	27	1	1	28	0.04	25	0.510204	FALSE	NA	NA	NA	NA	NA	NA
NC_045512.2	13312	T	A	24	0	27	1	1	28	0.04	25	0.510204	FALSE	NA	NA	NA	NA	NA	NA
NC_045512.2	13314	T	A	24	0	27	1	1	27	0.04	25	0.510204	FALSE	NA	NA	NA	NA	NA	NA
NC_045512.2	13315	A	T	24	0	25	1	1	27	0.04	25	0.510204	FALSE	NA	NA	NA	NA	NA	NA
NC_045512.2	13316	C	-A	25	1	25	1	0	20	0.04	25	0.52	FALSE	NA	NA	NA	NA	NA	NA
NC_045512.2	13318	A	T	24	0	28	1	1	27	0.04	25	0.510204	FALSE	NA	NA	NA	NA	NA	NA
NC_045512.2	13319	A	C	17	0	21	1	1	22	0.0555556	18	0.514286	FALSE	NA	NA	NA	NA	NA	NA
NC_045512.2	13320	T	C	24	0	26	1	1	24	0.04	25	0.510204	FALSE	NA	NA	NA	NA	NA	NA
NC_045512.2	13322	C	A	24	0	26	1	1	24	0.04	25	0.510204	FALSE	NA	NA	NA	NA	NA	NA
NC_045512.2	13323	C	A	20	0	22	3	3	21	0.130435	23	0.124806	FALSE	NA	NA	NA	NA	NA	NA
NC_045512.2	13324	T	A	24	0	27	2	2	29	0.0769231	26	0.254902	FALSE	NA	NA	NA	NA	NA	NA
NC_045512.2	13326	C	G	23	0	27	2	2	22	0.0769231	26	0.244898	FALSE	NA	NA	NA	NA	NA	NA
NC_045512.2	13326	C	A	23	0	27	1	1	23	0.0384615	26	0.489796	FALSE	NA	NA	NA	NA	NA	NA
NC_045512.2	13327	A	G	23	0	26	2	2	27	0.08	25	0.255102	FALSE	NA	NA	NA	NA	NA	NA
NC_045512.2	13328	A	G	22	2	23	1	1	28	0.0434783	23	0.511111	FALSE	NA	NA	NA	NA	NA	NA
NC_045512.2	13328	A	-C	22	2	23	1	0	20	0.0434783	23	0.511111	FALSE	NA	NA	NA	NA	NA	NA
NC_045512.2	13329	C	T	23	0	26	1	1	20	0.04	25	0.5	FALSE	NA	NA	NA	NA	NA	NA
NC_045512.2	13329	C	A	23	0	26	1	1	28	0.04	25	0.5	FALSE	NA	NA	NA	NA	NA	NA
NC_045512.2	13332	G	T	23	0	26	4	4	28	0.148148	27	0.0599334	FALSE	NA	NA	NA	NA	NA	NA
NC_045512.2	13333	T	G	25	2	26	2	2	27	0.0740741	27	0.254717	FALSE	NA	NA	NA	NA	NA	NA
NC_045512.2	13334	G	T	25	2	27	2	2	28	0.0740741	27	0.254717	FALSE	NA	NA	NA	NA	NA	NA
NC_045512.2	13335	C	T	23	0	27	2	2	24	0.0740741	27	0.235294	FALSE	NA	NA	NA	NA	NA	NA
NC_045512.2	13335	C	G	23	0	27	2	2	27	0.0740741	27	0.235294	FALSE	NA	NA	NA	NA	NA	NA
NC_045512.2	13336	T	G	23	0	27	2	2	23	0.0740741	27	0.235294	FALSE	NA	NA	NA	NA	NA	NA
NC_045512.2	13336	T	A	23	0	27	2	2	27	0.0740741	27	0.235294	FALSE	NA	NA	NA	NA	NA	NA
NC_045512.2	13337	A	C	25	2	27	2	2	29	0.0740741	27	0.254717	FALSE	NA	NA	NA	NA	NA	NA
NC_045512.2	13338	A	T	22	0	22	2	2	24	0.0769231	26	0.234694	FALSE	NA	NA	NA	NA	NA	NA
NC_045512.2	13338	A	C	22	0	22	2	2	27	0.0769231	26	0.234694	FALSE	NA	NA	NA	NA	NA	NA
NC_045512.2	13339	T	-G	27	4	26	1	0	20	0.037037	27	0.518519	FALSE	NA	NA	NA	NA	NA	NA
NC_045512.2	13340	G	T	23	0	26	2	2	25	0.0769231	26	0.235294	FALSE	NA	NA	NA	NA	NA	NA
NC_045512.2	13340	G	A	23	0	26	1	1	22	0.0384615	26	0.48	FALSE	NA	NA	NA	NA	NA	NA
NC_045512.2	13342	C	A	23	0	26	4	4	26	0.148148	27	0.0599334	FALSE	NA	NA	NA	NA	NA	NA
NC_045512.2	13343	C	A	23	0	27	4	4	26	0.148148	27	0.0599334	FALSE	NA	NA	NA	NA	NA	NA
NC_045512.2	13344	C	G	18	0	21	2	2	23	0.0869565	23	0.220674	FALSE	NA	NA	NA	NA	NA	NA
NC_045512.2	13344	C	A	18	0	21	3	3	23	0.130435	23	0.107771	FALSE	NA	NA	NA	NA	NA	NA
NC_045512.2	13345	T	G	23	0	26	2	2	28	0.0769231	26	0.244898	FALSE	NA	NA	NA	NA	NA	NA
NC_045512.2	13345	T	A	23	0	26	1	1	27	0.0384615	26	0.489796	FALSE	NA	NA	NA	NA	NA	NA
NC_045512.2	13346	G	T	25	2	26	2	2	27	0.0714286	28	0.245283	FALSE	NA	NA	NA	NA	NA	NA
NC_045512.2	13346	G	A	25	2	26	1	1	27	0.0357143	28	0.490566	FALSE	NA	NA	NA	NA	NA	NA
NC_045512.2	13347	T	G	25	2	26	1	1	21	0.0357143	28	0.490566	FALSE	NA	NA	NA	NA	NA	NA
NC_045512.2	13347	T	A	25	2	26	2	2	23	0.0714286	28	0.245283	FALSE	NA	NA	NA	NA	NA	NA
NC_045512.2	13348	G	A	29	4	27	4	4	25	0.121212	33	0.0604396	FALSE	NA	NA	NA	NA	NA	NA
NC_045512.2	13349	G	A	30	5	28	3	3	27	0.0909091	33	0.124908	FALSE	NA	NA	NA	NA	NA	NA
NC_045512.2	13350	G	T	17	5	23	2	2	27	0.105263	19	0.256757	FALSE	NA	NA	NA	NA	NA	NA
NC_045512.2	13351	T	A	31	6	25	2	2	28	0.0606061	33	0.253846	FALSE	NA	NA	NA	NA	NA	NA
NC_045512.2	13352	T	A	31	6	26	2	2	28	0.0606061	33	0.253846	FALSE	NA	NA	NA	NA	NA	NA
NC_045512.2	13353	T	G	30	6	26	2	2	28	0.0606061	33	0.246032	FALSE	NA	NA	NA	NA	NA	NA
NC_045512.2	13353	T	C	30	6	26	1	0	26	0.030303	33	0.492063	FALSE	NA	NA	NA	NA	NA	NA
NC_045512.2	13354	T	G	8	5	25	3	3	27	0.272727	11	0.12406	FALSE	NA	NA	NA	NA	NA	NA
NC_045512.2	13355	A	T	30	5	25	3	3	28	0.0909091	33	0.124908	FALSE	NA	NA	NA	NA	NA	NA
NC_045512.2	13356	C	G	30	5	27	1	1	28	0.030303	33	0.492063	FALSE	NA	NA	NA	NA	NA	NA
NC_045512.2	13356	C	A	30	5	27	2	2	29	0.0606061	33	0.246032	FALSE	NA	NA	NA	NA	NA	NA
NC_045512.2	13357	A	C	31	6	27	2	2	28	0.0606061	33	0.253846	FALSE	NA	NA	NA	NA	NA	NA
NC_045512.2	13358	C	A	29	4	27	4	4	25	0.121212	33	0.0604396	FALSE	NA	NA	NA	NA	NA	NA
NC_045512.2	13359	T	A	29	4	27	4	4	30	0.121212	33	0.0604396	FALSE	NA	NA	NA	NA	NA	NA
NC_045512.2	13360	T	A	26	6	23	2	2	30	0.0714286	28	0.254545	FALSE	NA	NA	NA	NA	NA	NA
NC_045512.2	13360	T	-A	26	6	23	1	0	20	0.0357143	28	0.5	FALSE	NA	NA	NA	NA	NA	NA
NC_045512.2	13361	A	T	38	2	26	2	2	26	0.05	40	0.253165	FALSE	NA	NA	NA	NA	NA	NA
NC_045512.2	13362	A	C	49	10	27	1	1	24	0.02	50	0.505051	FALSE	NA	NA	NA	NA	NA	NA
NC_045512.2	13363	A	G	49	10	27	2	2	26	0.037037	54	0.238051	FALSE	NA	NA	NA	NA	NA	NA
NC_045512.2	13363	A	C	49	10	27	3	3	25	0.0555556	54	0.117892	FALSE	NA	NA	NA	NA	NA	NA
NC_045512.2	13364	A	T	48	10	27	4	4	25	0.0727273	55	0.0544972	FALSE	NA	NA	NA	NA	NA	NA
NC_045512.2	13364	A	G	48	10	27	1	1	25	0.0181818	55	0.475728	FALSE	NA	NA	NA	NA	NA	NA
NC_045512.2	13364	A	C	48	10	27	2	2	25	0.0363636	55	0.228715	FALSE	NA	NA	NA	NA	NA	NA
NC_045512.2	13365	A	T	13	12	26	4	3	25	0.235294	17	0.0581623	FALSE	NA	NA	NA	NA	NA	NA
NC_045512.2	13366	C	G	50	11	26	1	1	25	0.0178571	56	0.481132	FALSE	NA	NA	NA	NA	NA	NA
NC_045512.2	13366	C	A	50	11	26	5	5	24	0.0892857	56	0.0284232	FALSE	NA	NA	NA	NA	NA	NA
NC_045512.2	13367	A	T	51	12	27	1	1	25	0.0178571	56	0.485981	FALSE	NA	NA	NA	NA	NA	NA
NC_045512.2	13367	A	G	51	12	27	2	2	26	0.0357143	56	0.238491	FALSE	NA	NA	NA	NA	NA	NA
NC_045512.2	13367	A	C	51	12	27	2	2	25	0.0357143	56	0.238491	FALSE	NA	NA	NA	NA	NA	NA
NC_045512.2	13368	C	T	48	9	27	2	2	28	0.0363636	55	0.228715	FALSE	NA	NA	NA	NA	NA	NA
NC_045512.2	13368	C	G	48	9	27	1	1	27	0.0181818	55	0.475728	FALSE	NA	NA	NA	NA	NA	NA
NC_045512.2	13368	C	A	48	9	27	4	4	25	0.0727273	55	0.0544972	FALSE	NA	NA	NA	NA	NA	NA
NC_045512.2	13369	A	T	53	14	27	1	1	23	0.0178571	56	0.495413	FALSE	NA	NA	NA	NA	NA	NA
NC_045512.2	13369	A	C	53	14	27	2	2	28	0.0357143	56	0.247706	FALSE	NA	NA	NA	NA	NA	NA
NC_045512.2	13370	G	T	49	10	27	4	4	25	0.0714286	56	0.0546408	FALSE	NA	NA	NA	NA	NA	NA
NC_045512.2	13370	G	C	49	10	27	2	2	27	0.0357143	56	0.229111	FALSE	NA	NA	NA	NA	NA	NA
NC_045512.2	13370	G	A	49	10	27	1	1	23	0.0178571	56	0.47619	FALSE	NA	NA	NA	NA	NA	NA
NC_045512.2	13371	T	G	54	15	27	2	2	26	0.0350877	57	0.247748	FALSE	NA	NA	NA	NA	NA	NA
NC_045512.2	13371	T	A	54	15	27	1	1	22	0.0175439	57	0.495495	FALSE	NA	NA	NA	NA	NA	NA
NC_045512.2	13372	C	T	48	9	28	4	4	26	0.0701754	57	0.0505169	FALSE	NA	NA	NA	NA	NA	NA
NC_045512.2	13372	C	G	48	9	28	3	3	27	0.0526316	57	0.10492	FALSE	NA	NA	NA	NA	NA	NA
NC_045512.2	13372	C	A	48	9	28	2	2	27	0.0350877	57	0.220126	FALSE	NA	NA	NA	NA	NA	NA
NC_045512.2	13373	T	G	52	13	28	2	2	25	0.0350877	57	0.238699	FALSE	NA	NA	NA	NA	NA	NA
NC_045512.2	13373	T	A	52	13	28	3	3	27	0.0526316	57	0.118274	FALSE	NA	NA	NA	NA	NA	NA
NC_045512.2	13374	G	T	52	13	28	2	2	25	0.0350877	57	0.238699	FALSE	NA	NA	NA	NA	NA	NA
NC_045512.2	13374	G	C	52	13	28	2	2	26	0.0350877	57	0.238699	FALSE	NA	NA	NA	NA	NA	NA
NC_045512.2	13374	G	A	52	13	28	1	1	29	0.0175439	57	0.486239	FALSE	NA	NA	NA	NA	NA	NA
NC_045512.2	13375	T	G	49	10	28	3	3	27	0.0545455	55	0.114555	FALSE	NA	NA	NA	NA	NA	NA
NC_045512.2	13375	T	C	49	10	28	3	3	27	0.0545455	55	0.114555	FALSE	NA	NA	NA	NA	NA	NA
NC_045512.2	13376	A	T	53	14	27	2	2	28	0.0350877	57	0.243243	FALSE	NA	NA	NA	NA	NA	NA
NC_045512.2	13376	A	C	53	14	27	2	2	28	0.0350877	57	0.243243	FALSE	NA	NA	NA	NA	NA	NA
NC_045512.2	13377	C	T	49	10	27	2	2	28	0.0357143	56	0.229111	FALSE	NA	NA	NA	NA	NA	NA
NC_045512.2	13377	C	A	49	10	27	5	5	25	0.0892857	56	0.0270697	FALSE	NA	NA	NA	NA	NA	NA
NC_045512.2	13378	C	T	47	9	24	3	3	25	0.0535714	56	0.104556	FALSE	NA	NA	NA	NA	NA	NA
NC_045512.2	13378	C	A	47	9	24	6	6	25	0.107143	56	0.0119973	FALSE	NA	NA	NA	NA	NA	NA
NC_045512.2	13379	G	T	47	9	27	4	4	27	0.0689655	58	0.046631	FALSE	NA	NA	NA	NA	NA	NA
NC_045512.2	13379	G	A	47	9	27	7	6	27	0.12069	58	0.00521442	TRUE	NA	NA	NA	NA	NA	NA
NC_045512.2	13380	T	G	51	12	27	2	2	29	0.0344828	58	0.229858	FALSE	NA	NA	NA	NA	NA	NA
NC_045512.2	13380	T	C	51	12	27	2	2	21	0.0344828	58	0.229858	FALSE	NA	NA	NA	NA	NA	NA
NC_045512.2	13380	T	A	51	12	27	3	3	28	0.0517241	58	0.111823	FALSE	NA	NA	NA	NA	NA	NA
NC_045512.2	13381	C	T	47	11	27	5	2	29	0.0877193	57	0.0233155	FALSE	NA	NA	NA	NA	NA	NA
NC_045512.2	13381	C	G	47	11	27	3	3	26	0.0526316	57	0.101597	FALSE	NA	NA	NA	NA	NA	NA
NC_045512.2	13381	C	A	47	11	27	2	2	28	0.0350877	57	0.215385	FALSE	NA	NA	NA	NA	NA	NA
NC_045512.2	13382	T	G	51	12	27	1	1	28	0.0172414	58	0.477064	FALSE	NA	NA	NA	NA	NA	NA
NC_045512.2	13382	T	C	51	12	27	3	3	24	0.0517241	58	0.111823	FALSE	NA	NA	NA	NA	NA	NA
NC_045512.2	13382	T	A	51	12	27	3	3	25	0.0517241	58	0.111823	FALSE	NA	NA	NA	NA	NA	NA
NC_045512.2	13383	G	T	49	10	28	1	1	28	0.0178571	56	0.47619	FALSE	NA	NA	NA	NA	NA	NA
NC_045512.2	13383	G	C	49	10	28	3	3	26	0.0535714	56	0.111343	FALSE	NA	NA	NA	NA	NA	NA
NC_045512.2	13383	G	A	49	10	28	3	3	26	0.0535714	56	0.111343	FALSE	NA	NA	NA	NA	NA	NA
NC_045512.2	13383	G	-C	49	10	28	1	0	20	0.0178571	56	0.47619	FALSE	NA	NA	NA	NA	NA	NA
NC_045512.2	13384	C	A	55	16	28	2	2	27	0.0350877	57	0.252212	FALSE	NA	NA	NA	NA	NA	NA
NC_045512.2	13385	G	T	48	9	27	3	3	25	0.0526316	57	0.10492	FALSE	NA	NA	NA	NA	NA	NA
NC_045512.2	13385	G	C	48	9	27	4	4	27	0.0701754	57	0.0505169	FALSE	NA	NA	NA	NA	NA	NA
NC_045512.2	13385	G	A	48	9	27	2	2	24	0.0350877	57	0.220126	FALSE	NA	NA	NA	NA	NA	NA
NC_045512.2	13386	G	T	50	11	24	4	4	25	0.0689655	58	0.0528053	FALSE	NA	NA	NA	NA	NA	NA
NC_045512.2	13386	G	A	50	11	24	4	4	26	0.0689655	58	0.0528053	FALSE	NA	NA	NA	NA	NA	NA
NC_045512.2	13387	T	G	52	13	27	2	2	27	0.0344828	58	0.234398	FALSE	NA	NA	NA	NA	NA	NA
NC_045512.2	13387	T	C	52	13	27	3	3	27	0.0517241	58	0.115106	FALSE	NA	NA	NA	NA	NA	NA
NC_045512.2	13387	T	A	52	13	27	1	1	27	0.0172414	58	0.481818	FALSE	NA	NA	NA	NA	NA	NA
NC_045512.2	13387	T	-A	52	13	27	1	0	20	0.0172414	58	0.481818	FALSE	NA	NA	NA	NA	NA	NA
NC_045512.2	13388	A	T	49	10	27	4	4	26	0.0701754	57	0.0507216	FALSE	NA	NA	NA	NA	NA	NA
NC_045512.2	13388	A	G	49	10	27	3	3	23	0.0526316	57	0.105271	FALSE	NA	NA	NA	NA	NA	NA
NC_045512.2	13388	A	C	49	10	27	1	1	28	0.0175439	57	0.46729	FALSE	NA	NA	NA	NA	NA	NA
NC_045512.2	13389	T	G	52	13	27	4	4	25	0.0689655	58	0.0570438	FALSE	NA	NA	NA	NA	NA	NA
NC_045512.2	13389	T	A	52	13	27	2	2	24	0.0344828	58	0.234398	FALSE	NA	NA	NA	NA	NA	NA
NC_045512.2	13390	G	T	55	16	27	1	1	30	0.0172414	58	0.495575	FALSE	NA	NA	NA	NA	NA	NA
NC_045512.2	13390	G	C	55	16	27	1	1	27	0.0172414	58	0.495575	FALSE	NA	NA	NA	NA	NA	NA
NC_045512.2	13390	G	A	55	16	27	1	1	27	0.0172414	58	0.495575	FALSE	NA	NA	NA	NA	NA	NA
NC_045512.2	13391	T	G	53	14	27	3	3	29	0.0517241	58	0.118393	FALSE	NA	NA	NA	NA	NA	NA
NC_045512.2	13391	T	A	53	14	27	2	2	27	0.0344828	58	0.2389	FALSE	NA	NA	NA	NA	NA	NA
NC_045512.2	13392	G	T	51	12	27	6	6	25	0.103448	58	0.0136068	FALSE	NA	NA	NA	NA	NA	NA
NC_045512.2	13392	G	C	51	12	27	1	1	28	0.0172414	58	0.477064	FALSE	NA	NA	NA	NA	NA	NA
NC_045512.2	13393	G	T	46	12	24	5	5	28	0.0943396	53	0.0268338	FALSE	NA	NA	NA	NA	NA	NA
NC_045512.2	13393	G	C	46	12	24	2	2	23	0.0377358	53	0.227879	FALSE	NA	NA	NA	NA	NA	NA
NC_045512.2	13394	A	T	47	8	26	9	9	27	0.157895	57	0.00137881	TRUE	NA	NA	NA	NA	NA	NA
NC_045512.2	13394	A	C	47	8	26	1	1	28	0.0175439	57	0.461538	FALSE	NA	NA	NA	NA	NA	NA
NC_045512.2	13394	A	-A	47	8	26	1	0	20	0.0175439	57	0.461538	FALSE	NA	NA	NA	NA	NA	NA
NC_045512.2	13395	A	T	51	13	27	3	3	28	0.0545455	55	0.118151	FALSE	NA	NA	NA	NA	NA	NA
NC_045512.2	13395	A	G	51	13	27	1	1	28	0.0181818	55	0.485981	FALSE	NA	NA	NA	NA	NA	NA
NC_045512.2	13396	A	C	47	16	23	3	3	27	0.06	50	0.124961	FALSE	NA	NA	NA	NA	NA	NA
NC_045512.2	13397	G	T	48	10	26	3	3	28	0.0526316	57	0.10492	FALSE	NA	NA	NA	NA	NA	NA
NC_045512.2	13397	G	C	48	10	26	2	2	27	0.0350877	57	0.220126	FALSE	NA	NA	NA	NA	NA	NA
NC_045512.2	13397	G	A	48	10	26	4	4	27	0.0701754	57	0.0505169	FALSE	NA	NA	NA	NA	NA	NA
NC_045512.2	13398	G	T	49	11	24	2	2	28	0.0350877	57	0.224828	FALSE	NA	NA	NA	NA	NA	NA
NC_045512.2	13398	G	C	49	11	24	2	2	28	0.0350877	57	0.224828	FALSE	NA	NA	NA	NA	NA	NA
NC_045512.2	13398	G	A	49	11	24	4	4	25	0.0701754	57	0.0526356	FALSE	NA	NA	NA	NA	NA	NA
NC_045512.2	13399	T	G	49	11	26	2	2	21	0.0350877	57	0.224828	FALSE	NA	NA	NA	NA	NA	NA
NC_045512.2	13399	T	C	49	11	26	2	2	26	0.0350877	57	0.224828	FALSE	NA	NA	NA	NA	NA	NA
NC_045512.2	13399	T	A	49	11	26	4	4	27	0.0701754	57	0.0526356	FALSE	NA	NA	NA	NA	NA	NA
NC_045512.2	13400	T	G	51	14	24	1	1	29	0.0181818	55	0.490566	FALSE	NA	NA	NA	NA	NA	NA
NC_045512.2	13400	T	C	51	14	24	2	2	23	0.0363636	55	0.242991	FALSE	NA	NA	NA	NA	NA	NA
NC_045512.2	13400	T	A	51	14	24	1	1	22	0.0181818	55	0.490566	FALSE	NA	NA	NA	NA	NA	NA
NC_045512.2	13401	A	T	47	9	26	3	3	27	0.0555556	54	0.110828	FALSE	NA	NA	NA	NA	NA	NA
NC_045512.2	13401	A	G	47	9	26	2	2	28	0.037037	54	0.228305	FALSE	NA	NA	NA	NA	NA	NA
NC_045512.2	13401	A	C	47	9	26	2	2	29	0.037037	54	0.228305	FALSE	NA	NA	NA	NA	NA	NA
NC_045512.2	13402	T	C	48	10	27	3	3	26	0.0535714	56	0.107946	FALSE	NA	NA	NA	NA	NA	NA
NC_045512.2	13402	T	A	48	10	27	5	5	25	0.0892857	56	0.0257442	FALSE	NA	NA	NA	NA	NA	NA
NC_045512.2	13403	G	T	44	6	27	2	2	27	0.0363636	55	0.209091	FALSE	NA	NA	NA	NA	NA	NA
NC_045512.2	13403	G	C	44	6	27	2	2	24	0.0363636	55	0.209091	FALSE	NA	NA	NA	NA	NA	NA
NC_045512.2	13403	G	A	44	6	27	7	7	27	0.127273	55	0.00508662	TRUE	NA	NA	NA	NA	NA	NA
NC_045512.2	13404	G	T	50	13	24	1	1	25	0.0172414	58	0.472222	FALSE	NA	NA	NA	NA	NA	NA
NC_045512.2	13404	G	C	50	13	24	2	2	26	0.0344828	58	0.22528	FALSE	NA	NA	NA	NA	NA	NA
NC_045512.2	13404	G	A	50	13	24	5	4	28	0.0862069	58	0.0259312	FALSE	NA	NA	NA	NA	NA	NA
NC_045512.2	13405	C	T	48	10	27	3	3	27	0.0526316	57	0.10492	FALSE	NA	NA	NA	NA	NA	NA
NC_045512.2	13405	C	G	48	10	27	2	2	27	0.0350877	57	0.220126	FALSE	NA	NA	NA	NA	NA	NA
NC_045512.2	13405	C	A	48	10	27	4	4	29	0.0701754	57	0.0505169	FALSE	NA	NA	NA	NA	NA	NA
NC_045512.2	13406	T	G	49	11	27	1	1	23	0.0175439	57	0.471698	FALSE	NA	NA	NA	NA	NA	NA
NC_045512.2	13406	T	C	49	11	27	2	2	28	0.0350877	57	0.224828	FALSE	NA	NA	NA	NA	NA	NA
NC_045512.2	13406	T	A	49	11	27	5	5	27	0.0877193	57	0.0258393	FALSE	NA	NA	NA	NA	NA	NA
NC_045512.2	13407	G	T	50	12	27	2	2	23	0.0350877	57	0.229491	FALSE	NA	NA	NA	NA	NA	NA
NC_045512.2	13407	G	C	50	12	27	2	2	27	0.0350877	57	0.229491	FALSE	NA	NA	NA	NA	NA	NA
NC_045512.2	13407	G	A	50	12	27	3	3	25	0.0526316	57	0.111587	FALSE	NA	NA	NA	NA	NA	NA
NC_045512.2	13408	T	G	50	12	27	4	4	26	0.0689655	58	0.0528053	FALSE	NA	NA	NA	NA	NA	NA
NC_045512.2	13408	T	C	50	12	27	2	2	27	0.0344828	58	0.22528	FALSE	NA	NA	NA	NA	NA	NA
NC_045512.2	13408	T	A	50	12	27	2	2	27	0.0344828	58	0.22528	FALSE	NA	NA	NA	NA	NA	NA
NC_045512.2	13408	T	-A	50	12	27	1	0	20	0.0172414	58	0.472222	FALSE	NA	NA	NA	NA	NA	NA
NC_045512.2	13409	A	T	50	12	27	2	2	29	0.0357143	56	0.233821	FALSE	NA	NA	NA	NA	NA	NA
NC_045512.2	13409	A	G	50	12	27	2	2	24	0.0357143	56	0.233821	FALSE	NA	NA	NA	NA	NA	NA
NC_045512.2	13409	A	C	50	12	27	2	2	25	0.0357143	56	0.233821	FALSE	NA	NA	NA	NA	NA	NA
NC_045512.2	13410	G	T	50	12	27	2	2	27	0.0357143	56	0.233821	FALSE	NA	NA	NA	NA	NA	NA
NC_045512.2	13410	G	C	50	12	27	1	1	22	0.0178571	56	0.481132	FALSE	NA	NA	NA	NA	NA	NA
NC_045512.2	13410	G	A	50	12	27	3	3	26	0.0535714	56	0.114746	FALSE	NA	NA	NA	NA	NA	NA
NC_045512.2	13411	T	G	51	13	27	4	4	26	0.0701754	57	0.0569469	FALSE	NA	NA	NA	NA	NA	NA
NC_045512.2	13411	T	C	51	13	27	2	2	25	0.0350877	57	0.234115	FALSE	NA	NA	NA	NA	NA	NA
NC_045512.2	13411	T	-T	51	13	27	1	0	20	0.0175439	57	0.481481	FALSE	NA	NA	NA	NA	NA	NA
NC_045512.2	13412	T	C	52	17	24	3	2	29	0.0545455	55	0.124968	FALSE	NA	NA	NA	NA	NA	NA
NC_045512.2	13413	G	T	48	10	26	4	4	27	0.0701754	57	0.0505169	FALSE	NA	NA	NA	NA	NA	NA
NC_045512.2	13413	G	C	48	10	26	2	2	26	0.0350877	57	0.220126	FALSE	NA	NA	NA	NA	NA	NA
NC_045512.2	13413	G	A	48	10	26	3	3	27	0.0526316	57	0.10492	FALSE	NA	NA	NA	NA	NA	NA
NC_045512.2	13414	T	G	50	12	27	2	2	28	0.0344828	58	0.22528	FALSE	NA	NA	NA	NA	NA	NA
NC_045512.2	13414	T	C	50	12	27	3	3	27	0.0517241	58	0.108544	FALSE	NA	NA	NA	NA	NA	NA
NC_045512.2	13414	T	A	50	12	27	3	3	26	0.0517241	58	0.108544	FALSE	NA	NA	NA	NA	NA	NA
NC_045512.2	13415	G	T	49	11	27	4	4	26	0.0677966	59	0.0488938	FALSE	NA	NA	NA	NA	NA	NA
NC_045512.2	13415	G	C	49	11	27	2	2	26	0.0338983	59	0.216616	FALSE	NA	NA	NA	NA	NA	NA
NC_045512.2	13415	G	A	49	11	27	4	4	25	0.0677966	59	0.0488938	FALSE	NA	NA	NA	NA	NA	NA
NC_045512.2	13416	A	T	54	16	27	2	2	29	0.0344828	58	0.243363	FALSE	NA	NA	NA	NA	NA	NA
NC_045512.2	13416	A	C	54	16	27	2	2	28	0.0344828	58	0.243363	FALSE	NA	NA	NA	NA	NA	NA
NC_045512.2	13417	T	C	48	12	27	8	6	26	0.135593	59	0.00258112	TRUE	NA	NA	NA	NA	NA	NA
NC_045512.2	13417	T	A	48	12	27	3	3	28	0.0508475	59	0.0991978	FALSE	NA	NA	NA	NA	NA	NA
NC_045512.2	13418	C	T	52	14	26	4	4	25	0.0689655	58	0.0570438	FALSE	NA	NA	NA	NA	NA	NA
NC_045512.2	13418	C	G	52	14	26	1	1	23	0.0172414	58	0.481818	FALSE	NA	NA	NA	NA	NA	NA
NC_045512.2	13418	C	A	52	14	26	1	1	28	0.0172414	58	0.481818	FALSE	NA	NA	NA	NA	NA	NA
NC_045512.2	13418	C	-A	52	14	26	1	0	20	0.0172414	58	0.481818	FALSE	NA	NA	NA	NA	NA	NA
NC_045512.2	13419	A	T	47	9	26	3	3	28	0.0535714	56	0.101597	FALSE	NA	NA	NA	NA	NA	NA
NC_045512.2	13419	A	G	47	9	26	3	3	28	0.0535714	56	0.101597	FALSE	NA	NA	NA	NA	NA	NA
NC_045512.2	13419	A	C	47	9	26	3	3	28	0.0535714	56	0.101597	FALSE	NA	NA	NA	NA	NA	NA
NC_045512.2	13419	A	-A	47	9	26	1	0	20	0.0175439	57	0.461538	FALSE	NA	NA	NA	NA	NA	NA
NC_045512.2	13420	A	T	52	14	24	3	3	26	0.0517241	58	0.115106	FALSE	NA	NA	NA	NA	NA	NA
NC_045512.2	13420	A	G	52	14	24	3	3	28	0.0517241	58	0.115106	FALSE	NA	NA	NA	NA	NA	NA
NC_045512.2	13420	A	-C	52	14	24	1	0	20	0.0172414	58	0.481818	FALSE	NA	NA	NA	NA	NA	NA
NC_045512.2	13421	C	T	50	12	27	4	4	27	0.0701754	57	0.0547793	FALSE	NA	NA	NA	NA	NA	NA
NC_045512.2	13421	C	A	50	12	27	3	3	27	0.0526316	57	0.111587	FALSE	NA	NA	NA	NA	NA	NA
NC_045512.2	13422	T	G	49	11	27	2	2	27	0.0350877	57	0.224828	FALSE	NA	NA	NA	NA	NA	NA
NC_045512.2	13422	T	C	49	11	27	2	2	27	0.0350877	57	0.224828	FALSE	NA	NA	NA	NA	NA	NA
NC_045512.2	13422	T	A	49	11	27	4	4	27	0.0701754	57	0.0526356	FALSE	NA	NA	NA	NA	NA	NA
NC_045512.2	13423	C	T	48	10	26	3	3	26	0.05	60	0.0964924	FALSE	NA	NA	NA	NA	NA	NA
NC_045512.2	13423	C	G	48	10	26	4	4	26	0.0666667	60	0.0452037	FALSE	NA	NA	NA	NA	NA	NA
NC_045512.2	13423	C	A	48	10	26	5	5	28	0.0833333	60	0.021391	FALSE	NA	NA	NA	NA	NA	NA
NC_045512.2	13424	C	T	47	15	24	4	4	26	0.0727273	55	0.0522778	FALSE	NA	NA	NA	NA	NA	NA
NC_045512.2	13424	C	G	47	15	24	2	2	27	0.0363636	55	0.223872	FALSE	NA	NA	NA	NA	NA	NA
NC_045512.2	13424	C	A	47	15	24	2	2	26	0.0363636	55	0.223872	FALSE	NA	NA	NA	NA	NA	NA
NC_045512.2	13425	G	T	50	12	26	2	2	26	0.0327869	61	0.21332	FALSE	NA	NA	NA	NA	NA	NA
NC_045512.2	13425	G	C	50	12	26	3	3	27	0.0491803	61	0.100053	FALSE	NA	NA	NA	NA	NA	NA
NC_045512.2	13425	G	A	50	12	26	6	6	25	0.0983607	61	0.0109424	FALSE	NA	NA	NA	NA	NA	NA
NC_045512.2	13426	C	T	49	11	27	3	3	29	0.0491803	61	0.0969638	FALSE	NA	NA	NA	NA	NA	NA
NC_045512.2	13426	C	G	49	11	27	4	4	26	0.0655738	61	0.0454786	FALSE	NA	NA	NA	NA	NA	NA
NC_045512.2	13426	C	A	49	11	27	5	5	28	0.0819672	61	0.0215425	FALSE	NA	NA	NA	NA	NA	NA
NC_045512.2	13427	G	T	52	14	27	4	4	28	0.0655738	61	0.0512957	FALSE	NA	NA	NA	NA	NA	NA
NC_045512.2	13427	G	C	52	14	27	3	3	25	0.0491803	61	0.106255	FALSE	NA	NA	NA	NA	NA	NA
NC_045512.2	13427	G	A	52	14	27	2	2	27	0.0327869	61	0.22217	FALSE	NA	NA	NA	NA	NA	NA
NC_045512.2	13428	A	T	52	14	27	4	4	29	0.0655738	61	0.0512957	FALSE	NA	NA	NA	NA	NA	NA
NC_045512.2	13428	A	G	52	14	27	4	4	26	0.0655738	61	0.0512957	FALSE	NA	NA	NA	NA	NA	NA
NC_045512.2	13428	A	C	52	14	27	1	1	22	0.0163934	61	0.469027	FALSE	NA	NA	NA	NA	NA	NA
NC_045512.2	13429	A	T	49	13	24	4	4	28	0.0689655	58	0.0507216	FALSE	NA	NA	NA	NA	NA	NA
NC_045512.2	13429	A	G	49	13	24	3	3	27	0.0517241	58	0.105271	FALSE	NA	NA	NA	NA	NA	NA
NC_045512.2	13429	A	C	49	13	24	2	2	28	0.0344828	58	0.220665	FALSE	NA	NA	NA	NA	NA	NA
NC_045512.2	13430	C	T	50	13	27	5	5	26	0.0847458	59	0.0247838	FALSE	NA	NA	NA	NA	NA	NA
NC_045512.2	13430	C	G	50	13	27	2	2	27	0.0338983	59	0.221184	FALSE	NA	NA	NA	NA	NA	NA
NC_045512.2	13430	C	A	50	13	27	2	2	25	0.0338983	59	0.221184	FALSE	NA	NA	NA	NA	NA	NA
NC_045512.2	13431	C	T	48	11	29	7	7	27	0.116667	60	0.00493179	TRUE	NA	NA	NA	NA	NA	NA
NC_045512.2	13431	C	G	48	11	29	4	4	29	0.0666667	60	0.0452037	FALSE	NA	NA	NA	NA	NA	NA
NC_045512.2	13431	C	A	48	11	29	1	1	22	0.0166667	60	0.453704	FALSE	NA	NA	NA	NA	NA	NA
NC_045512.2	13432	C	T	47	10	23	6	6	27	0.101695	59	0.0101391	FALSE	NA	NA	NA	NA	NA	NA
NC_045512.2	13432	C	G	47	10	23	5	5	25	0.0847458	59	0.0212348	FALSE	NA	NA	NA	NA	NA	NA
NC_045512.2	13432	C	A	47	10	23	1	1	24	0.0169492	59	0.45283	FALSE	NA	NA	NA	NA	NA	NA
NC_045512.2	13433	A	T	49	12	28	4	4	27	0.0666667	60	0.0471476	FALSE	NA	NA	NA	NA	NA	NA
NC_045512.2	13433	A	G	49	12	28	5	5	25	0.0833333	60	0.0225307	FALSE	NA	NA	NA	NA	NA	NA
NC_045512.2	13433	A	C	49	12	28	2	2	25	0.0333333	60	0.212677	FALSE	NA	NA	NA	NA	NA	NA
NC_045512.2	13434	T	G	48	12	27	3	3	26	0.0517241	58	0.102005	FALSE	NA	NA	NA	NA	NA	NA
NC_045512.2	13434	T	C	48	12	27	2	2	28	0.0344828	58	0.216011	FALSE	NA	NA	NA	NA	NA	NA
NC_045512.2	13434	T	A	48	12	27	5	5	25	0.0862069	58	0.0234468	FALSE	NA	NA	NA	NA	NA	NA
NC_045512.2	13435	G	T	46	12	27	2	2	26	0.0357143	56	0.214734	FALSE	NA	NA	NA	NA	NA	NA
NC_045512.2	13435	G	C	46	12	27	2	2	23	0.0357143	56	0.214734	FALSE	NA	NA	NA	NA	NA	NA
NC_045512.2	13435	G	A	46	12	27	6	6	25	0.107143	56	0.0112649	FALSE	NA	NA	NA	NA	NA	NA
NC_045512.2	13436	C	T	46	12	26	2	2	26	0.0363636	55	0.218987	FALSE	NA	NA	NA	NA	NA	NA
NC_045512.2	13436	C	G	46	12	26	1	1	23	0.0181818	55	0.465347	FALSE	NA	NA	NA	NA	NA	NA
NC_045512.2	13436	C	A	46	12	26	6	6	27	0.109091	55	0.0119341	FALSE	NA	NA	NA	NA	NA	NA
NC_045512.2	13437	T	G	44	10	26	6	6	25	0.105263	57	0.00931512	TRUE	NA	NA	NA	NA	NA	NA
NC_045512.2	13437	T	C	44	10	26	2	2	24	0.0350877	57	0.200932	FALSE	NA	NA	NA	NA	NA	NA
NC_045512.2	13437	T	A	44	10	26	5	5	27	0.0877193	57	0.019748	FALSE	NA	NA	NA	NA	NA	NA
NC_045512.2	13438	T	G	39	13	24	6	6	27	0.125	48	0.0114226	FALSE	NA	NA	NA	NA	NA	NA
NC_045512.2	13438	T	C	39	13	24	2	2	25	0.0416667	48	0.214211	FALSE	NA	NA	NA	NA	NA	NA
NC_045512.2	13438	T	A	39	13	24	1	1	25	0.0208333	48	0.45977	FALSE	NA	NA	NA	NA	NA	NA
NC_045512.2	13439	C	T	47	13	26	5	5	25	0.0892857	56	0.0244473	FALSE	NA	NA	NA	NA	NA	NA
NC_045512.2	13439	C	G	47	13	26	2	2	27	0.0357143	56	0.219567	FALSE	NA	NA	NA	NA	NA	NA
NC_045512.2	13439	C	A	47	13	26	2	2	24	0.0357143	56	0.219567	FALSE	NA	NA	NA	NA	NA	NA
NC_045512.2	13440	A	T	43	10	27	8	8	26	0.142857	56	0.00211143	TRUE	NA	NA	NA	NA	NA	NA
NC_045512.2	13440	A	G	43	10	27	3	3	29	0.0535714	56	0.0910891	FALSE	NA	NA	NA	NA	NA	NA
NC_045512.2	13440	A	C	43	10	27	2	2	26	0.0357143	56	0.2	FALSE	NA	NA	NA	NA	NA	NA
NC_045512.2	13441	G	T	47	14	26	5	5	28	0.0892857	56	0.0244473	FALSE	NA	NA	NA	NA	NA	NA
NC_045512.2	13441	G	C	47	14	26	1	1	29	0.0178571	56	0.466019	FALSE	NA	NA	NA	NA	NA	NA
NC_045512.2	13441	G	A	47	14	26	3	3	27	0.0535714	56	0.104556	FALSE	NA	NA	NA	NA	NA	NA
NC_045512.2	13442	T	G	49	16	26	1	1	29	0.0181818	55	0.480769	FALSE	NA	NA	NA	NA	NA	NA
NC_045512.2	13442	T	C	49	16	26	3	3	31	0.0545455	55	0.114555	FALSE	NA	NA	NA	NA	NA	NA
NC_045512.2	13442	T	A	49	16	26	2	2	27	0.0363636	55	0.233516	FALSE	NA	NA	NA	NA	NA	NA
NC_045512.2	13443	C	T	44	11	26	4	4	29	0.0714286	56	0.0440099	FALSE	NA	NA	NA	NA	NA	NA
NC_045512.2	13443	C	G	44	11	26	5	5	24	0.0892857	56	0.0207354	FALSE	NA	NA	NA	NA	NA	NA
NC_045512.2	13443	C	A	44	11	26	3	3	26	0.0535714	56	0.094438	FALSE	NA	NA	NA	NA	NA	NA
NC_045512.2	13444	A	T	19	1	27	2	2	25	0.0625	32	0.158371	FALSE	NA	NA	NA	NA	NA	NA
NC_045512.2	13444	A	G	19	1	27	9	9	26	0.28125	32	0.000549664	TRUE	NA	NA	NA	NA	NA	NA
NC_045512.2	13444	A	C	19	1	27	2	2	27	0.0625	32	0.158371	FALSE	NA	NA	NA	NA	NA	NA
NC_045512.2	13445	G	T	22	5	27	3	3	27	0.09375	32	0.0829726	FALSE	NA	NA	NA	NA	NA	NA
NC_045512.2	13445	G	C	22	5	27	3	3	28	0.09375	32	0.0829726	FALSE	NA	NA	NA	NA	NA	NA
NC_045512.2	13445	G	A	22	5	27	4	3	25	0.125	32	0.0378471	FALSE	NA	NA	NA	NA	NA	NA
NC_045512.2	13446	C	T	22	4	28	4	4	27	0.129032	31	0.0407035	FALSE	NA	NA	NA	NA	NA	NA
NC_045512.2	13446	C	G	22	4	28	2	2	26	0.0645161	31	0.192872	FALSE	NA	NA	NA	NA	NA	NA
NC_045512.2	13446	C	A	22	4	28	3	3	27	0.0967742	31	0.0876691	FALSE	NA	NA	NA	NA	NA	NA
NC_045512.2	13447	T	G	26	8	27	3	3	28	0.09375	32	0.10678	FALSE	NA	NA	NA	NA	NA	NA
NC_045512.2	13447	T	C	26	8	27	1	1	27	0.03125	32	0.465517	FALSE	NA	NA	NA	NA	NA	NA
NC_045512.2	13447	T	A	26	8	27	2	2	27	0.0625	32	0.220923	FALSE	NA	NA	NA	NA	NA	NA
NC_045512.2	13448	G	T	23	5	27	7	7	26	0.21875	32	0.00466637	TRUE	NA	NA	NA	NA	NA	NA
NC_045512.2	13448	G	C	23	5	27	2	2	25	0.0625	32	0.194805	FALSE	NA	NA	NA	NA	NA	NA
NC_045512.2	13449	A	T	22	4	28	6	6	26	0.2	30	0.0103819	FALSE	NA	NA	NA	NA	NA	NA
NC_045512.2	13449	A	G	22	4	28	1	1	29	0.0333333	30	0.442308	FALSE	NA	NA	NA	NA	NA	NA
NC_045512.2	13449	A	C	22	4	28	1	1	32	0.0333333	30	0.442308	FALSE	NA	NA	NA	NA	NA	NA
NC_045512.2	13450	T	G	20	2	27	6	6	26	0.1875	32	0.00634448	TRUE	NA	NA	NA	NA	NA	NA
NC_045512.2	13450	T	C	20	2	27	1	1	28	0.03125	32	0.403846	FALSE	NA	NA	NA	NA	NA	NA
NC_045512.2	13450	T	A	20	2	27	5	5	24	0.15625	32	0.013909	FALSE	NA	NA	NA	NA	NA	NA
NC_045512.2	13451	G	T	24	6	28	4	4	24	0.125	32	0.0449875	FALSE	NA	NA	NA	NA	NA	NA
NC_045512.2	13451	G	C	24	6	28	2	2	27	0.0625	32	0.203634	FALSE	NA	NA	NA	NA	NA	NA
NC_045512.2	13451	G	A	24	6	28	2	2	24	0.0625	32	0.203634	FALSE	NA	NA	NA	NA	NA	NA
NC_045512.2	13452	C	T	17	0	27	7	7	26	0.233333	30	0.00224534	TRUE	NA	NA	NA	NA	NA	NA
NC_045512.2	13452	C	G	17	0	27	3	3	28	0.1	30	0.0618758	FALSE	NA	NA	NA	NA	NA	NA
NC_045512.2	13452	C	A	17	0	27	3	3	24	0.1	30	0.0618758	FALSE	NA	NA	NA	NA	NA	NA
NC_045512.2	13453	A	T	23	6	27	2	2	28	0.0666667	30	0.209644	FALSE	NA	NA	NA	NA	NA	NA
NC_045512.2	13453	A	G	23	6	27	3	3	27	0.1	30	0.0991043	FALSE	NA	NA	NA	NA	NA	NA
NC_045512.2	13453	A	C	23	6	27	2	2	27	0.0666667	30	0.209644	FALSE	NA	NA	NA	NA	NA	NA
NC_045512.2	13454	C	T	18	1	26	4	4	27	0.133333	30	0.0292717	FALSE	NA	NA	NA	NA	NA	NA
NC_045512.2	13454	C	G	18	1	26	3	3	28	0.1	30	0.0678571	FALSE	NA	NA	NA	NA	NA	NA
NC_045512.2	13454	C	A	18	1	26	5	5	27	0.166667	30	0.0129471	FALSE	NA	NA	NA	NA	NA	NA
NC_045512.2	13455	A	T	22	5	26	3	3	28	0.0967742	31	0.0876691	FALSE	NA	NA	NA	NA	NA	NA
NC_045512.2	13455	A	G	22	5	26	4	4	25	0.129032	31	0.0407035	FALSE	NA	NA	NA	NA	NA	NA
NC_045512.2	13455	A	C	22	5	26	2	2	24	0.0645161	31	0.192872	FALSE	NA	NA	NA	NA	NA	NA
NC_045512.2	13456	A	T	17	5	24	1	1	27	0.04	25	0.428571	FALSE	NA	NA	NA	NA	NA	NA
NC_045512.2	13456	A	G	17	5	24	5	5	27	0.2	25	0.0192113	FALSE	NA	NA	NA	NA	NA	NA
NC_045512.2	13456	A	C	17	5	24	2	2	30	0.08	25	0.189369	FALSE	NA	NA	NA	NA	NA	NA
NC_045512.2	13457	T	G	21	5	26	1	1	27	0.0344828	29	0.44	FALSE	NA	NA	NA	NA	NA	NA
NC_045512.2	13457	T	C	21	5	26	1	1	27	0.0344828	29	0.44	FALSE	NA	NA	NA	NA	NA	NA
NC_045512.2	13457	T	A	21	5	26	6	6	28	0.206897	29	0.0102109	FALSE	NA	NA	NA	NA	NA	NA
NC_045512.2	13458	C	T	19	4	26	5	4	27	0.166667	30	0.0148114	FALSE	NA	NA	NA	NA	NA	NA
NC_045512.2	13458	C	G	19	4	26	4	4	25	0.133333	30	0.0327085	FALSE	NA	NA	NA	NA	NA	NA
NC_045512.2	13458	C	A	19	4	26	2	2	28	0.0666667	30	0.171429	FALSE	NA	NA	NA	NA	NA	NA
NC_045512.2	13459	G	T	17	1	25	4	4	27	0.133333	30	0.0259878	FALSE	NA	NA	NA	NA	NA	NA
NC_045512.2	13459	G	C	17	1	25	2	2	26	0.0666667	30	0.151596	FALSE	NA	NA	NA	NA	NA	NA
NC_045512.2	13459	G	A	17	1	25	7	7	27	0.233333	30	0.00224534	TRUE	NA	NA	NA	NA	NA	NA
NC_045512.2	13460	T	G	19	3	26	1	1	32	0.0333333	30	0.408163	FALSE	NA	NA	NA	NA	NA	NA
NC_045512.2	13460	T	C	19	3	26	2	2	24	0.0666667	30	0.171429	FALSE	NA	NA	NA	NA	NA	NA
NC_045512.2	13460	T	A	19	3	26	8	8	25	0.266667	30	0.00156289	TRUE	NA	NA	NA	NA	NA	NA
NC_045512.2	13461	T	G	13	3	27	2	2	23	0.0833333	24	0.14936	FALSE	NA	NA	NA	NA	NA	NA
NC_045512.2	13461	T	C	13	3	27	6	6	28	0.25	24	0.00517215	TRUE	NA	NA	NA	NA	NA	NA
NC_045512.2	13461	T	A	13	3	27	3	3	26	0.125	24	0.0612759	FALSE	NA	NA	NA	NA	NA	NA
NC_045512.2	13462	T	G	14	4	26	5	5	26	0.208333	24	0.0136693	FALSE	NA	NA	NA	NA	NA	NA
NC_045512.2	13462	T	C	14	4	26	3	3	27	0.125	24	0.0688259	FALSE	NA	NA	NA	NA	NA	NA
NC_045512.2	13462	T	A	14	4	26	2	2	27	0.0833333	24	0.161943	FALSE	NA	NA	NA	NA	NA	NA
NC_045512.2	13463	T	G	18	8	27	1	1	28	0.0416667	24	0.452381	FALSE	NA	NA	NA	NA	NA	NA
NC_045512.2	13463	T	C	18	8	27	5	5	26	0.208333	24	0.0245478	FALSE	NA	NA	NA	NA	NA	NA
NC_045512.2	13464	T	G	2	2	28	3	3	26	0.214286	14	0.0122549	FALSE	NA	NA	NA	NA	NA	NA
NC_045512.2	13464	T	C	2	2	28	6	6	25	0.428571	14	0.000515996	TRUE	NA	NA	NA	NA	NA	NA
NC_045512.2	13464	T	A	2	2	28	3	3	27	0.214286	14	0.0122549	FALSE	NA	NA	NA	NA	NA	NA
NC_045512.2	13465	A	T	10	1	27	4	4	28	0.173913	23	0.0169935	FALSE	NA	NA	NA	NA	NA	NA
NC_045512.2	13465	A	G	10	1	27	6	6	27	0.26087	23	0.00290073	TRUE	NA	NA	NA	NA	NA	NA
NC_045512.2	13465	A	C	10	1	27	3	3	25	0.130435	23	0.0436975	FALSE	NA	NA	NA	NA	NA	NA
NC_045512.2	13466	A	T	9	0	27	3	3	28	0.136364	22	0.0403226	FALSE	NA	NA	NA	NA	NA	NA
NC_045512.2	13466	A	G	9	0	27	6	6	28	0.272727	22	0.00256958	TRUE	NA	NA	NA	NA	NA	NA
NC_045512.2	13466	A	C	9	0	27	4	4	28	0.181818	22	0.0154175	FALSE	NA	NA	NA	NA	NA	NA
NC_045512.2	13467	A	T	10	2	22	4	4	27	0.181818	22	0.0191176	FALSE	NA	NA	NA	NA	NA	NA
NC_045512.2	13467	A	G	10	2	22	4	4	27	0.181818	22	0.0191176	FALSE	NA	NA	NA	NA	NA	NA
NC_045512.2	13467	A	C	10	2	22	4	4	27	0.181818	22	0.0191176	FALSE	NA	NA	NA	NA	NA	NA
NC_045512.2	13468	C	T	8	1	26	3	3	28	0.142857	21	0.0367075	FALSE	NA	NA	NA	NA	NA	NA
NC_045512.2	13468	C	G	8	1	26	6	6	26	0.285714	21	0.00223287	TRUE	NA	NA	NA	NA	NA	NA
NC_045512.2	13468	C	A	8	1	26	4	4	24	0.190476	21	0.0137653	FALSE	NA	NA	NA	NA	NA	NA
NC_045512.2	13469	G	T	9	2	27	3	3	24	0.157895	19	0.0541872	FALSE	NA	NA	NA	NA	NA	NA
NC_045512.2	13469	G	C	9	2	27	2	2	26	0.105263	19	0.135468	FALSE	NA	NA	NA	NA	NA	NA
NC_045512.2	13469	G	A	9	2	27	5	5	25	0.263158	19	0.0099416	TRUE	NA	NA	NA	NA	NA	NA
NC_045512.2	13470	G	T	8	1	28	6	6	26	0.3	20	0.00271135	TRUE	NA	NA	NA	NA	NA	NA
NC_045512.2	13470	G	C	8	1	28	2	2	22	0.1	20	0.110837	FALSE	NA	NA	NA	NA	NA	NA
NC_045512.2	13470	G	A	8	1	28	4	4	27	0.2	20	0.0157318	FALSE	NA	NA	NA	NA	NA	NA
NC_045512.2	13471	G	T	10	4	24	3	3	27	0.157895	19	0.0636263	FALSE	NA	NA	NA	NA	NA	NA
NC_045512.2	13471	G	C	10	4	24	4	4	26	0.210526	19	0.0278365	FALSE	NA	NA	NA	NA	NA	NA
NC_045512.2	13471	G	A	10	4	24	2	2	25	0.105263	19	0.151724	FALSE	NA	NA	NA	NA	NA	NA
NC_045512.2	13472	T	G	12	5	27	2	2	27	0.0952381	21	0.16221	FALSE	NA	NA	NA	NA	NA	NA
NC_045512.2	13472	T	C	12	5	27	6	6	28	0.285714	21	0.00672443	TRUE	NA	NA	NA	NA	NA	NA
NC_045512.2	13472	T	A	12	5	27	1	1	23	0.047619	21	0.393939	FALSE	NA	NA	NA	NA	NA	NA
NC_045512.2	13473	T	G	10	3	27	4	4	27	0.190476	21	0.0215844	FALSE	NA	NA	NA	NA	NA	NA
NC_045512.2	13473	T	C	10	3	27	3	3	28	0.142857	21	0.0524194	FALSE	NA	NA	NA	NA	NA	NA
NC_045512.2	13473	T	A	10	3	27	4	4	26	0.190476	21	0.0215844	FALSE	NA	NA	NA	NA	NA	NA
NC_045512.2	13474	T	G	8	2	23	4	4	27	0.210526	19	0.0180624	FALSE	NA	NA	NA	NA	NA	NA
NC_045512.2	13474	T	C	8	2	23	1	1	25	0.0526316	19	0.333333	FALSE	NA	NA	NA	NA	NA	NA
NC_045512.2	13474	T	A	8	2	23	6	6	27	0.315789	19	0.00331387	TRUE	NA	NA	NA	NA	NA	NA
NC_045512.2	13475	G	T	9	2	26	8	8	28	0.380952	21	0.000629662	TRUE	NA	NA	NA	NA	NA	NA
NC_045512.2	13475	G	C	9	2	26	2	2	23	0.0952381	21	0.11828	FALSE	NA	NA	NA	NA	NA	NA
NC_045512.2	13475	G	A	9	2	26	2	2	28	0.0952381	21	0.11828	FALSE	NA	NA	NA	NA	NA	NA
NC_045512.2	13476	C	T	15	8	25	1	1	27	0.047619	21	0.444444	FALSE	NA	NA	NA	NA	NA	NA
NC_045512.2	13476	C	G	15	8	25	4	4	28	0.190476	21	0.047124	FALSE	NA	NA	NA	NA	NA	NA
NC_045512.2	13476	C	A	15	8	25	1	1	30	0.047619	21	0.444444	FALSE	NA	NA	NA	NA	NA	NA
NC_045512.2	13477	G	T	7	0	24	7	7	25	0.35	20	0.000803362	TRUE	NA	NA	NA	NA	NA	NA
NC_045512.2	13477	G	C	7	0	24	4	4	27	0.2	20	0.0120416	FALSE	NA	NA	NA	NA	NA	NA
NC_045512.2	13477	G	A	7	0	24	2	2	27	0.1	20	0.0952381	FALSE	NA	NA	NA	NA	NA	NA
NC_045512.2	13478	G	T	6	3	25	6	6	25	0.352941	17	0.00245262	TRUE	NA	NA	NA	NA	NA	NA
NC_045512.2	13478	G	A	6	3	25	5	5	25	0.294118	17	0.00572278	TRUE	NA	NA	NA	NA	NA	NA
NC_045512.2	13479	T	C	10	4	26	8	8	27	0.421053	19	0.00144605	TRUE	NA	NA	NA	NA	NA	NA
NC_045512.2	13479	T	A	10	4	26	1	1	27	0.0526316	19	0.37931	FALSE	NA	NA	NA	NA	NA	NA
NC_045512.2	13480	G	T	9	3	24	2	2	27	0.1	20	0.126437	FALSE	NA	NA	NA	NA	NA	NA
NC_045512.2	13480	G	C	9	3	24	3	3	27	0.15	20	0.0489433	FALSE	NA	NA	NA	NA	NA	NA
NC_045512.2	13480	G	A	9	3	24	6	6	25	0.3	20	0.00372146	TRUE	NA	NA	NA	NA	NA	NA
NC_045512.2	13481	T	G	7	1	24	5	5	28	0.25	20	0.00466126	TRUE	NA	NA	NA	NA	NA	NA
NC_045512.2	13481	T	C	7	1	24	2	2	23	0.1	20	0.0952381	FALSE	NA	NA	NA	NA	NA	NA
NC_045512.2	13481	T	A	7	1	24	6	6	27	0.3	20	0.00189364	TRUE	NA	NA	NA	NA	NA	NA
NC_045512.2	13481	T	-A	7	1	24	1	0	20	0.05	20	0.296296	FALSE	NA	NA	NA	NA	NA	NA
NC_045512.2	13482	A	T	7	2	24	4	4	29	0.210526	19	0.0120416	FALSE	NA	NA	NA	NA	NA	NA
NC_045512.2	13482	A	G	7	2	24	3	3	27	0.157895	19	0.0328407	FALSE	NA	NA	NA	NA	NA	NA
NC_045512.2	13482	A	C	7	2	24	5	5	26	0.263158	19	0.00466126	TRUE	NA	NA	NA	NA	NA	NA
NC_045512.2	13483	A	T	6	3	24	4	4	26	0.25	16	0.0166008	FALSE	NA	NA	NA	NA	NA	NA
NC_045512.2	13483	A	G	6	3	24	2	2	27	0.125	16	0.110672	FALSE	NA	NA	NA	NA	NA	NA
NC_045512.2	13483	A	C	6	3	24	4	4	28	0.25	16	0.0166008	FALSE	NA	NA	NA	NA	NA	NA
NC_045512.2	13484	G	T	8	2	25	3	3	27	0.15	20	0.0406404	FALSE	NA	NA	NA	NA	NA	NA
NC_045512.2	13484	G	C	8	2	25	6	6	26	0.3	20	0.00271135	TRUE	NA	NA	NA	NA	NA	NA
NC_045512.2	13484	G	A	8	2	25	3	3	27	0.15	20	0.0406404	FALSE	NA	NA	NA	NA	NA	NA
NC_045512.2	13485	T	G	7	1	25	7	7	26	0.368421	19	0.00101965	TRUE	NA	NA	NA	NA	NA	NA
NC_045512.2	13485	T	C	7	1	25	2	2	26	0.105263	19	0.102564	FALSE	NA	NA	NA	NA	NA	NA
NC_045512.2	13485	T	A	7	1	25	3	3	26	0.157895	19	0.03663	FALSE	NA	NA	NA	NA	NA	NA
NC_045512.2	13486	G	T	11	5	26	4	4	29	0.2	20	0.0294333	FALSE	NA	NA	NA	NA	NA	NA
NC_045512.2	13486	G	C	11	5	26	3	3	26	0.15	20	0.0667155	FALSE	NA	NA	NA	NA	NA	NA
NC_045512.2	13486	G	A	11	5	26	2	2	23	0.1	20	0.157258	FALSE	NA	NA	NA	NA	NA	NA
NC_045512.2	13487	C	T	9	3	25	4	4	29	0.2	20	0.0198832	FALSE	NA	NA	NA	NA	NA	NA
NC_045512.2	13487	C	G	9	3	25	2	2	28	0.1	20	0.126437	FALSE	NA	NA	NA	NA	NA	NA
NC_045512.2	13487	C	A	9	3	25	5	5	25	0.25	20	0.0084353	TRUE	NA	NA	NA	NA	NA	NA
NC_045512.2	13488	A	T	6	1	24	4	4	29	0.210526	19	0.0102564	FALSE	NA	NA	NA	NA	NA	NA
NC_045512.2	13488	A	G	6	1	24	5	5	30	0.263158	19	0.00389036	TRUE	NA	NA	NA	NA	NA	NA
NC_045512.2	13488	A	C	6	1	24	4	4	24	0.210526	19	0.0102564	FALSE	NA	NA	NA	NA	NA	NA
NC_045512.2	13489	G	T	3	2	27	3	3	29	0.214286	14	0.0206398	FALSE	NA	NA	NA	NA	NA	NA
NC_045512.2	13489	G	C	3	2	27	2	2	26	0.142857	14	0.0653595	FALSE	NA	NA	NA	NA	NA	NA
NC_045512.2	13489	G	A	3	2	27	6	6	26	0.428571	14	0.00112581	TRUE	NA	NA	NA	NA	NA	NA
NC_045512.2	13490	C	T	35	5	27	3	3	28	0.0681818	44	0.0988748	FALSE	NA	NA	NA	NA	NA	NA
NC_045512.2	13490	C	A	35	5	27	6	6	26	0.136364	44	0.0110617	FALSE	NA	NA	NA	NA	NA	NA
NC_045512.2	13491	C	T	32	2	28	4	4	26	0.0909091	44	0.0392046	FALSE	NA	NA	NA	NA	NA	NA
NC_045512.2	13491	C	G	32	2	28	3	3	27	0.0681818	44	0.0860324	FALSE	NA	NA	NA	NA	NA	NA
NC_045512.2	13491	C	A	32	2	28	5	5	27	0.113636	44	0.0181321	FALSE	NA	NA	NA	NA	NA	NA
NC_045512.2	13492	C	T	26	3	23	4	4	26	0.108108	37	0.0380245	FALSE	NA	NA	NA	NA	NA	NA
NC_045512.2	13492	C	G	26	3	23	5	5	26	0.135135	37	0.0175934	FALSE	NA	NA	NA	NA	NA	NA
NC_045512.2	13492	C	A	26	3	23	2	2	26	0.0540541	37	0.1875	FALSE	NA	NA	NA	NA	NA	NA
NC_045512.2	13492	C	-G	26	3	23	1	0	20	0.027027	37	0.428571	FALSE	NA	NA	NA	NA	NA	NA
NC_045512.2	13493	G	T	34	4	27	2	2	26	0.0465116	43	0.204479	FALSE	NA	NA	NA	NA	NA	NA
NC_045512.2	13493	G	C	34	4	27	5	5	29	0.116279	43	0.0211013	FALSE	NA	NA	NA	NA	NA	NA
NC_045512.2	13493	G	A	34	4	27	2	2	33	0.0465116	43	0.204479	FALSE	NA	NA	NA	NA	NA	NA
NC_045512.2	13494	T	G	31	2	27	2	2	24	0.0454545	44	0.185263	FALSE	NA	NA	NA	NA	NA	NA
NC_045512.2	13494	T	C	31	2	27	5	4	27	0.113636	44	0.0167273	FALSE	NA	NA	NA	NA	NA	NA
NC_045512.2	13494	T	A	31	2	27	6	6	26	0.136364	44	0.00773638	TRUE	NA	NA	NA	NA	NA	NA
NC_045512.2	13495	C	T	34	4	27	3	3	26	0.0714286	42	0.102135	FALSE	NA	NA	NA	NA	NA	NA
NC_045512.2	13495	C	G	34	4	27	2	2	28	0.047619	42	0.215311	FALSE	NA	NA	NA	NA	NA	NA
NC_045512.2	13495	C	A	34	4	27	3	3	26	0.0714286	42	0.102135	FALSE	NA	NA	NA	NA	NA	NA
NC_045512.2	13496	T	G	33	3	27	2	2	27	0.047619	42	0.208772	FALSE	NA	NA	NA	NA	NA	NA
NC_045512.2	13496	T	C	33	3	27	2	2	27	0.047619	42	0.208772	FALSE	NA	NA	NA	NA	NA	NA
NC_045512.2	13496	T	A	33	3	27	5	5	25	0.119048	42	0.0222714	FALSE	NA	NA	NA	NA	NA	NA
NC_045512.2	13497	T	G	33	5	23	1	1	27	0.0238095	42	0.453333	FALSE	NA	NA	NA	NA	NA	NA
NC_045512.2	13497	T	C	33	5	23	4	4	25	0.0952381	42	0.0463011	FALSE	NA	NA	NA	NA	NA	NA
NC_045512.2	13497	T	A	33	5	23	4	4	25	0.0952381	42	0.0463011	FALSE	NA	NA	NA	NA	NA	NA
NC_045512.2	13498	A	T	32	2	27	6	6	24	0.136364	44	0.00850644	TRUE	NA	NA	NA	NA	NA	NA
NC_045512.2	13498	A	G	32	2	27	2	2	26	0.0454545	44	0.191729	FALSE	NA	NA	NA	NA	NA	NA
NC_045512.2	13498	A	C	32	2	27	4	4	24	0.0909091	44	0.0392046	FALSE	NA	NA	NA	NA	NA	NA
NC_045512.2	13499	C	T	33	3	27	3	3	26	0.0681818	44	0.0902895	FALSE	NA	NA	NA	NA	NA	NA
NC_045512.2	13499	C	G	33	3	27	6	6	26	0.136364	44	0.00931747	TRUE	NA	NA	NA	NA	NA	NA
NC_045512.2	13499	C	A	33	3	27	2	2	26	0.0454545	44	0.198135	FALSE	NA	NA	NA	NA	NA	NA
NC_045512.2	13500	A	T	30	0	27	5	5	26	0.119048	42	0.0175716	FALSE	NA	NA	NA	NA	NA	NA
NC_045512.2	13500	A	G	30	0	27	4	4	26	0.0952381	42	0.0381554	FALSE	NA	NA	NA	NA	NA	NA
NC_045512.2	13500	A	C	30	0	27	3	3	28	0.0714286	42	0.0841664	FALSE	NA	NA	NA	NA	NA	NA
NC_045512.2	13501	C	T	33	3	27	4	4	27	0.0952381	42	0.0463011	FALSE	NA	NA	NA	NA	NA	NA
NC_045512.2	13501	C	G	33	3	27	3	3	25	0.0714286	42	0.0976077	FALSE	NA	NA	NA	NA	NA	NA
NC_045512.2	13501	C	A	33	3	27	2	2	26	0.047619	42	0.208772	FALSE	NA	NA	NA	NA	NA	NA
NC_045512.2	13502	C	T	28	2	23	5	5	27	0.125	40	0.0169628	FALSE	NA	NA	NA	NA	NA	NA
NC_045512.2	13502	C	G	28	2	23	5	5	25	0.125	40	0.0169628	FALSE	NA	NA	NA	NA	NA	NA
NC_045512.2	13502	C	A	28	2	23	2	2	26	0.05	40	0.185422	FALSE	NA	NA	NA	NA	NA	NA
NC_045512.2	13503	G	T	35	6	26	7	7	27	0.162791	43	0.00595631	TRUE	NA	NA	NA	NA	NA	NA
NC_045512.2	13503	G	A	35	6	26	1	1	22	0.0232558	43	0.461538	FALSE	NA	NA	NA	NA	NA	NA
NC_045512.2	13504	T	G	33	5	26	2	2	24	0.047619	42	0.208772	FALSE	NA	NA	NA	NA	NA	NA
NC_045512.2	13504	T	C	33	5	26	5	4	27	0.119048	42	0.0222714	FALSE	NA	NA	NA	NA	NA	NA
NC_045512.2	13504	T	A	33	5	26	2	2	28	0.047619	42	0.208772	FALSE	NA	NA	NA	NA	NA	NA
NC_045512.2	13505	G	T	31	2	27	7	7	28	0.166667	42	0.00435368	TRUE	NA	NA	NA	NA	NA	NA
NC_045512.2	13505	G	C	31	2	27	1	1	22	0.0238095	42	0.438356	FALSE	NA	NA	NA	NA	NA	NA
NC_045512.2	13505	G	A	31	2	27	3	3	22	0.0714286	42	0.088619	FALSE	NA	NA	NA	NA	NA	NA
NC_045512.2	13506	C	T	30	1	25	4	4	25	0.0952381	42	0.0381554	FALSE	NA	NA	NA	NA	NA	NA
NC_045512.2	13506	C	G	30	1	25	4	4	27	0.0952381	42	0.0381554	FALSE	NA	NA	NA	NA	NA	NA
NC_045512.2	13506	C	A	30	1	25	4	4	27	0.0952381	42	0.0381554	FALSE	NA	NA	NA	NA	NA	NA
NC_045512.2	13507	G	T	30	1	25	4	4	27	0.0952381	42	0.0381554	FALSE	NA	NA	NA	NA	NA	NA
NC_045512.2	13507	G	C	30	1	25	1	1	26	0.0238095	42	0.430556	FALSE	NA	NA	NA	NA	NA	NA
NC_045512.2	13507	G	A	30	1	25	7	7	26	0.166667	42	0.00389699	TRUE	NA	NA	NA	NA	NA	NA
NC_045512.2	13508	G	T	19	2	22	3	3	28	0.1	30	0.0739496	FALSE	NA	NA	NA	NA	NA	NA
NC_045512.2	13508	G	C	19	2	22	2	2	29	0.0666667	30	0.171429	FALSE	NA	NA	NA	NA	NA	NA
NC_045512.2	13508	G	A	19	2	22	6	6	26	0.2	30	0.00685712	TRUE	NA	NA	NA	NA	NA	NA
NC_045512.2	13509	C	T	33	4	25	3	3	27	0.0714286	42	0.0976077	FALSE	NA	NA	NA	NA	NA	NA
NC_045512.2	13509	C	G	33	4	25	6	6	25	0.142857	42	0.0108573	FALSE	NA	NA	NA	NA	NA	NA
NC_045512.2	13510	A	T	31	2	27	2	2	27	0.0487805	41	0.200913	FALSE	NA	NA	NA	NA	NA	NA
NC_045512.2	13510	A	G	31	2	27	5	5	27	0.121951	41	0.0204057	FALSE	NA	NA	NA	NA	NA	NA
NC_045512.2	13510	A	C	31	2	27	3	3	26	0.0731707	41	0.0923115	FALSE	NA	NA	NA	NA	NA	NA
NC_045512.2	13511	C	T	32	3	27	1	1	27	0.0238095	42	0.445946	FALSE	NA	NA	NA	NA	NA	NA
NC_045512.2	13511	C	G	32	3	27	6	6	25	0.142857	42	0.00993184	TRUE	NA	NA	NA	NA	NA	NA
NC_045512.2	13511	C	A	32	3	27	3	3	26	0.0714286	42	0.093101	FALSE	NA	NA	NA	NA	NA	NA
NC_045512.2	13512	A	T	30	1	26	3	3	24	0.0833333	36	0.108867	FALSE	NA	NA	NA	NA	NA	NA
NC_045512.2	13512	A	G	30	1	26	1	1	27	0.0277778	36	0.469697	FALSE	NA	NA	NA	NA	NA	NA
NC_045512.2	13512	A	C	30	1	26	2	2	25	0.0555556	36	0.224333	FALSE	NA	NA	NA	NA	NA	NA
NC_045512.2	13512	A	-G	30	1	26	1	0	20	0.0277778	36	0.469697	FALSE	NA	NA	NA	NA	NA	NA
NC_045512.2	13513	G	T	28	0	27	1	1	26	0.0322581	31	0.483333	FALSE	NA	NA	NA	NA	NA	NA
NC_045512.2	13513	G	C	28	0	27	2	2	26	0.0645161	31	0.237705	FALSE	NA	NA	NA	NA	NA	NA
NC_045512.2	13514	G	A	20	0	22	1	1	24	0.047619	21	0.512195	FALSE	NA	NA	NA	NA	NA	NA
NC_045512.2	13515	C	A	29	0	25	1	1	27	0.0333333	30	0.508475	FALSE	NA	NA	NA	NA	NA	NA
NC_045512.2	13516	A	C	29	0	25	1	1	27	0.0333333	30	0.508475	FALSE	NA	NA	NA	NA	NA	NA
NC_045512.2	13517	C	T	29	0	26	1	1	27	0.0333333	30	0.508475	FALSE	NA	NA	NA	NA	NA	NA
NC_045512.2	13518	T	C	29	0	26	1	1	24	0.0333333	30	0.508475	FALSE	NA	NA	NA	NA	NA	NA
NC_045512.2	13519	A	C	29	0	27	1	1	29	0.0333333	30	0.508475	FALSE	NA	NA	NA	NA	NA	NA
NC_045512.2	13521	T	C	29	0	27	1	1	27	0.0333333	30	0.508475	FALSE	NA	NA	NA	NA	NA	NA
NC_045512.2	13522	A	G	29	0	27	1	1	27	0.0333333	30	0.508475	FALSE	NA	NA	NA	NA	NA	NA
NC_045512.2	13523	C	A	29	0	27	1	1	22	0.0333333	30	0.508475	FALSE	NA	NA	NA	NA	NA	NA
NC_045512.2	13524	T	A	29	0	27	1	1	24	0.0333333	30	0.508475	FALSE	NA	NA	NA	NA	NA	NA
NC_045512.2	13526	A	C	29	0	26	1	1	24	0.0333333	30	0.508475	FALSE	NA	NA	NA	NA	NA	NA
NC_045512.2	13527	T	C	29	0	26	1	1	24	0.0333333	30	0.508475	FALSE	NA	NA	NA	NA	NA	NA
NC_045512.2	13528	G	A	28	0	27	1	1	23	0.0344828	29	0.508772	FALSE	NA	NA	NA	NA	NA	NA
NC_045512.2	13530	C	G	29	0	26	1	1	27	0.0333333	30	0.508475	FALSE	NA	NA	NA	NA	NA	NA
NC_045512.2	13531	G	C	29	0	27	1	1	28	0.0333333	30	0.508475	FALSE	NA	NA	NA	NA	NA	NA
NC_045512.2	13533	A	T	28	0	27	1	1	29	0.0333333	30	0.5	FALSE	NA	NA	NA	NA	NA	NA
NC_045512.2	13533	A	G	28	0	27	1	0	28	0.0333333	30	0.5	FALSE	NA	NA	NA	NA	NA	NA
NC_045512.2	13534	T	C	29	0	27	1	1	29	0.0333333	30	0.508475	FALSE	NA	NA	NA	NA	NA	NA
NC_045512.2	13536	C	T	30	0	27	2	0	27	0.0606061	33	0.246032	FALSE	NA	NA	NA	NA	NA	NA
NC_045512.2	13536	C	G	30	0	27	1	1	28	0.030303	33	0.492063	FALSE	NA	NA	NA	NA	NA	NA
NC_045512.2	13537	A	T	32	0	26	1	1	27	0.030303	33	0.507692	FALSE	NA	NA	NA	NA	NA	NA
NC_045512.2	13538	G	C	32	0	27	1	1	29	0.030303	33	0.507692	FALSE	NA	NA	NA	NA	NA	NA
NC_045512.2	13539	G	A	32	0	27	1	1	28	0.030303	33	0.507692	FALSE	NA	NA	NA	NA	NA	NA
NC_045512.2	13543	T	G	32	0	28	1	1	27	0.030303	33	0.507692	FALSE	NA	NA	NA	NA	NA	NA
NC_045512.2	13544	T	A	32	0	28	1	1	27	0.030303	33	0.507692	FALSE	NA	NA	NA	NA	NA	NA
NC_045512.2	13547	A	C	56	1	27	1	1	25	0.0175439	57	0.504425	FALSE	NA	NA	NA	NA	NA	NA
NC_045512.2	13548	C	A	56	1	27	1	1	25	0.0175439	57	0.504425	FALSE	NA	NA	NA	NA	NA	NA
NC_045512.2	13550	T	C	56	1	26	1	1	22	0.0175439	57	0.504425	FALSE	NA	NA	NA	NA	NA	NA
NC_045512.2	13552	T	C	56	1	26	1	1	27	0.0175439	57	0.504425	FALSE	NA	NA	NA	NA	NA	NA
NC_045512.2	13553	A	G	56	1	26	1	1	27	0.0175439	57	0.504425	FALSE	NA	NA	NA	NA	NA	NA
NC_045512.2	13554	C	T	56	1	26	1	1	27	0.0175439	57	0.504425	FALSE	NA	NA	NA	NA	NA	NA
NC_045512.2	13555	A	C	56	1	26	1	1	27	0.0175439	57	0.504425	FALSE	NA	NA	NA	NA	NA	NA
NC_045512.2	13556	A	T	45	1	22	1	1	23	0.0217391	46	0.505495	FALSE	NA	NA	NA	NA	NA	NA
NC_045512.2	13558	G	A	56	1	26	1	1	27	0.0175439	57	0.504425	FALSE	NA	NA	NA	NA	NA	NA
NC_045512.2	13559	A	C	56	1	26	1	1	28	0.0175439	57	0.504425	FALSE	NA	NA	NA	NA	NA	NA
NC_045512.2	13560	T	A	56	1	27	1	1	28	0.0175439	57	0.504425	FALSE	NA	NA	NA	NA	NA	NA
NC_045512.2	13561	A	C	55	0	27	1	1	23	0.0178571	56	0.504505	FALSE	NA	NA	NA	NA	NA	NA
NC_045512.2	13562	A	C	56	1	28	1	1	28	0.0175439	57	0.504425	FALSE	NA	NA	NA	NA	NA	NA
NC_045512.2	13563	A	G	43	1	22	2	1	28	0.0444444	45	0.252809	FALSE	NA	NA	NA	NA	NA	NA
NC_045512.2	13564	G	T	56	1	27	1	1	28	0.0175439	57	0.504425	FALSE	NA	NA	NA	NA	NA	NA
NC_045512.2	13565	T	G	57	1	27	1	1	27	0.0172414	58	0.504348	FALSE	NA	NA	NA	NA	NA	NA
NC_045512.2	13566	A	C	57	1	28	1	1	27	0.0172414	58	0.504348	FALSE	NA	NA	NA	NA	NA	NA
NC_045512.2	13568	C	G	57	1	27	1	1	27	0.0172414	58	0.504348	FALSE	NA	NA	NA	NA	NA	NA
NC_045512.2	13569	T	C	57	1	26	1	1	27	0.0172414	58	0.504348	FALSE	NA	NA	NA	NA	NA	NA
NC_045512.2	13570	G	A	57	1	26	1	1	28	0.0172414	58	0.504348	FALSE	NA	NA	NA	NA	NA	NA
NC_045512.2	13571	G	C	34	1	22	1	1	27	0.0285714	35	0.507246	FALSE	NA	NA	NA	NA	NA	NA
NC_045512.2	13572	T	A	43	1	26	1	1	23	0.0227273	44	0.505747	FALSE	NA	NA	NA	NA	NA	NA
NC_045512.2	13573	T	C	43	1	28	1	1	23	0.0227273	44	0.505747	FALSE	NA	NA	NA	NA	NA	NA
NC_045512.2	13574	T	G	43	1	28	1	1	25	0.0222222	45	0.5	FALSE	NA	NA	NA	NA	NA	NA
NC_045512.2	13574	T	C	43	1	28	1	1	30	0.0222222	45	0.5	FALSE	NA	NA	NA	NA	NA	NA
NC_045512.2	13575	T	C	12	1	22	1	1	29	0.0769231	13	0.52	FALSE	NA	NA	NA	NA	NA	NA
NC_045512.2	13577	C	T	43	1	26	1	1	30	0.0227273	44	0.505747	FALSE	NA	NA	NA	NA	NA	NA
NC_045512.2	13578	T	C	44	2	27	1	1	28	0.0222222	45	0.505618	FALSE	NA	NA	NA	NA	NA	NA
NC_045512.2	13579	A	T	44	2	27	1	1	24	0.0222222	45	0.505618	FALSE	NA	NA	NA	NA	NA	NA
NC_045512.2	13580	A	T	43	1	28	1	1	30	0.0222222	45	0.5	FALSE	NA	NA	NA	NA	NA	NA
NC_045512.2	13580	A	G	43	1	28	1	1	29	0.0222222	45	0.5	FALSE	NA	NA	NA	NA	NA	NA
NC_045512.2	13581	A	T	36	2	22	1	1	29	0.027027	37	0.506849	FALSE	NA	NA	NA	NA	NA	NA
NC_045512.2	13582	T	C	43	1	27	1	1	28	0.0222222	45	0.5	FALSE	NA	NA	NA	NA	NA	NA
NC_045512.2	13582	T	A	43	1	27	1	1	29	0.0222222	45	0.5	FALSE	NA	NA	NA	NA	NA	NA
NC_045512.2	13583	T	C	42	1	23	1	1	28	0.0227273	44	0.5	FALSE	NA	NA	NA	NA	NA	NA
NC_045512.2	13583	T	A	42	1	23	1	1	28	0.0227273	44	0.5	FALSE	NA	NA	NA	NA	NA	NA
NC_045512.2	13584	C	T	44	2	27	1	1	28	0.0222222	45	0.505618	FALSE	NA	NA	NA	NA	NA	NA
NC_045512.2	13585	C	G	42	2	23	1	1	32	0.0232558	43	0.505882	FALSE	NA	NA	NA	NA	NA	NA
NC_045512.2	13586	T	G	43	1	26	1	1	34	0.0222222	45	0.5	FALSE	NA	NA	NA	NA	NA	NA
NC_045512.2	13586	T	A	43	1	26	1	1	30	0.0222222	45	0.5	FALSE	NA	NA	NA	NA	NA	NA
NC_045512.2	13586	T	-A	43	1	26	1	0	20	0.0222222	45	0.5	FALSE	NA	NA	NA	NA	NA	NA
NC_045512.2	13587	A	T	41	0	26	2	2	28	0.0465116	43	0.247059	FALSE	NA	NA	NA	NA	NA	NA
NC_045512.2	13588	A	G	43	1	27	2	2	28	0.0444444	45	0.252809	FALSE	NA	NA	NA	NA	NA	NA
NC_045512.2	13589	A	T	42	1	27	1	1	29	0.0227273	44	0.5	FALSE	NA	NA	NA	NA	NA	NA
NC_045512.2	13589	A	C	42	1	27	1	1	27	0.0227273	44	0.5	FALSE	NA	NA	NA	NA	NA	NA
NC_045512.2	13590	A	G	42	1	27	1	1	23	0.0227273	44	0.5	FALSE	NA	NA	NA	NA	NA	NA
NC_045512.2	13590	A	C	42	1	27	1	1	23	0.0227273	44	0.5	FALSE	NA	NA	NA	NA	NA	NA
NC_045512.2	13591	A	G	1	1	28	2	2	25	0.666667	3	0.3	FALSE	NA	NA	NA	NA	NA	NA
NC_045512.2	13592	C	T	43	2	25	1	1	23	0.0227273	44	0.505747	FALSE	NA	NA	NA	NA	NA	NA
NC_045512.2	13593	T	A	42	1	26	2	2	27	0.0454545	44	0.252874	FALSE	NA	NA	NA	NA	NA	NA
NC_045512.2	13594	A	T	42	1	27	1	1	27	0.0227273	44	0.5	FALSE	NA	NA	NA	NA	NA	NA
NC_045512.2	13594	A	C	42	1	27	1	1	28	0.0227273	44	0.5	FALSE	NA	NA	NA	NA	NA	NA
NC_045512.2	13596	T	G	41	1	27	1	1	24	0.0232558	43	0.5	FALSE	NA	NA	NA	NA	NA	NA
NC_045512.2	13596	T	C	41	1	27	1	1	27	0.0232558	43	0.5	FALSE	NA	NA	NA	NA	NA	NA
NC_045512.2	13597	T	G	37	1	23	1	1	28	0.025641	39	0.5	FALSE	NA	NA	NA	NA	NA	NA
NC_045512.2	13597	T	A	37	1	23	1	1	27	0.025641	39	0.5	FALSE	NA	NA	NA	NA	NA	NA
NC_045512.2	13598	G	C	42	2	27	1	1	28	0.0232558	43	0.505882	FALSE	NA	NA	NA	NA	NA	NA
NC_045512.2	13599	T	G	41	1	27	1	1	28	0.0232558	43	0.5	FALSE	NA	NA	NA	NA	NA	NA
NC_045512.2	13599	T	A	41	1	27	1	1	28	0.0232558	43	0.5	FALSE	NA	NA	NA	NA	NA	NA
NC_045512.2	13600	T	G	39	1	23	1	1	28	0.0243902	41	0.5	FALSE	NA	NA	NA	NA	NA	NA
NC_045512.2	13600	T	C	39	1	23	1	1	28	0.0243902	41	0.5	FALSE	NA	NA	NA	NA	NA	NA
NC_045512.2	13601	G	T	41	1	27	1	1	28	0.0232558	43	0.5	FALSE	NA	NA	NA	NA	NA	NA
NC_045512.2	13601	G	C	41	1	27	1	1	28	0.0232558	43	0.5	FALSE	NA	NA	NA	NA	NA	NA
NC_045512.2	13602	T	A	42	2	26	1	1	29	0.0232558	43	0.505882	FALSE	NA	NA	NA	NA	NA	NA
NC_045512.2	13603	C	T	41	1	27	1	1	31	0.0232558	43	0.5	FALSE	NA	NA	NA	NA	NA	NA
NC_045512.2	13603	C	G	41	1	27	1	1	28	0.0232558	43	0.5	FALSE	NA	NA	NA	NA	NA	NA
NC_045512.2	13604	G	T	41	1	27	2	2	29	0.0465116	43	0.252941	FALSE	NA	NA	NA	NA	NA	NA
NC_045512.2	13605	C	T	41	1	26	1	1	30	0.0232558	43	0.5	FALSE	NA	NA	NA	NA	NA	NA
NC_045512.2	13605	C	A	41	1	26	1	1	27	0.0232558	43	0.5	FALSE	NA	NA	NA	NA	NA	NA
NC_045512.2	13606	T	G	41	1	27	1	1	27	0.0232558	43	0.5	FALSE	NA	NA	NA	NA	NA	NA
NC_045512.2	13606	T	C	41	1	27	1	1	28	0.0232558	43	0.5	FALSE	NA	NA	NA	NA	NA	NA
NC_045512.2	13607	T	A	41	2	24	1	1	27	0.0238095	42	0.506024	FALSE	NA	NA	NA	NA	NA	NA
NC_045512.2	13608	C	G	42	2	28	1	1	27	0.0232558	43	0.505882	FALSE	NA	NA	NA	NA	NA	NA
NC_045512.2	13609	C	A	40	1	23	2	2	25	0.047619	42	0.253012	FALSE	NA	NA	NA	NA	NA	NA
NC_045512.2	13610	A	T	40	1	27	2	2	25	0.0465116	43	0.246988	FALSE	NA	NA	NA	NA	NA	NA
NC_045512.2	13610	A	G	40	1	27	1	0	29	0.0232558	43	0.493976	FALSE	NA	NA	NA	NA	NA	NA
NC_045512.2	13611	A	G	40	1	23	1	1	24	0.0238095	42	0.5	FALSE	NA	NA	NA	NA	NA	NA
NC_045512.2	13611	A	C	40	1	23	1	1	28	0.0238095	42	0.5	FALSE	NA	NA	NA	NA	NA	NA
NC_045512.2	13612	G	T	41	1	27	2	2	28	0.0465116	43	0.252941	FALSE	NA	NA	NA	NA	NA	NA
NC_045512.2	13613	A	C	42	2	27	1	1	26	0.0232558	43	0.505882	FALSE	NA	NA	NA	NA	NA	NA
NC_045512.2	13614	A	G	41	1	28	1	1	26	0.0232558	43	0.5	FALSE	NA	NA	NA	NA	NA	NA
NC_045512.2	13614	A	C	41	1	28	1	1	28	0.0232558	43	0.5	FALSE	NA	NA	NA	NA	NA	NA
NC_045512.2	13615	A	T	41	2	29	1	1	27	0.0238095	42	0.506024	FALSE	NA	NA	NA	NA	NA	NA
NC_045512.2	13617	G	T	38	1	27	2	2	28	0.05	40	0.253165	FALSE	NA	NA	NA	NA	NA	NA
NC_045512.2	13618	G	A	39	2	23	1	1	28	0.025	40	0.506329	FALSE	NA	NA	NA	NA	NA	NA
NC_045512.2	13619	A	G	38	2	27	1	0	21	0.025	40	0.5	FALSE	NA	NA	NA	NA	NA	NA
NC_045512.2	13619	A	C	38	2	27	1	1	27	0.025	40	0.5	FALSE	NA	NA	NA	NA	NA	NA
NC_045512.2	13620	C	T	38	1	27	1	1	24	0.025	40	0.5	FALSE	NA	NA	NA	NA	NA	NA
NC_045512.2	13620	C	A	38	1	27	1	1	27	0.025	40	0.5	FALSE	NA	NA	NA	NA	NA	NA
NC_045512.2	13622	A	G	39	2	27	1	1	30	0.025	40	0.506329	FALSE	NA	NA	NA	NA	NA	NA
NC_045512.2	13623	A	G	35	2	23	1	1	27	0.0277778	36	0.507042	FALSE	NA	NA	NA	NA	NA	NA
NC_045512.2	13624	G	C	39	2	26	1	1	23	0.025	40	0.506329	FALSE	NA	NA	NA	NA	NA	NA
NC_045512.2	13625	A	T	38	1	27	1	1	25	0.025641	39	0.506494	FALSE	NA	NA	NA	NA	NA	NA
NC_045512.2	13626	T	A	39	2	26	1	1	25	0.025	40	0.506329	FALSE	NA	NA	NA	NA	NA	NA
NC_045512.2	13627	G	T	35	2	27	1	1	23	0.025641	39	0.486486	FALSE	NA	NA	NA	NA	NA	NA
NC_045512.2	13627	G	A	35	2	27	3	0	25	0.0769231	39	0.12	FALSE	NA	NA	NA	NA	NA	NA
NC_045512.2	13628	A	T	36	1	25	1	1	23	0.0263158	38	0.5	FALSE	NA	NA	NA	NA	NA	NA
NC_045512.2	13628	A	C	36	1	25	1	1	23	0.0263158	38	0.5	FALSE	NA	NA	NA	NA	NA	NA
NC_045512.2	13629	C	T	37	1	25	1	1	22	0.025641	39	0.5	FALSE	NA	NA	NA	NA	NA	NA
NC_045512.2	13629	C	G	37	1	25	1	1	23	0.025641	39	0.5	FALSE	NA	NA	NA	NA	NA	NA
NC_045512.2	13631	A	G	32	1	23	1	1	26	0.0294118	34	0.5	FALSE	NA	NA	NA	NA	NA	NA
NC_045512.2	13631	A	C	32	1	23	1	1	23	0.0294118	34	0.5	FALSE	NA	NA	NA	NA	NA	NA
NC_045512.2	13632	T	A	34	0	27	1	1	24	0.0285714	35	0.507246	FALSE	NA	NA	NA	NA	NA	NA
NC_045512.2	13634	T	C	34	2	22	1	1	27	0.0285714	35	0.507246	FALSE	NA	NA	NA	NA	NA	NA
NC_045512.2	13635	A	T	35	1	27	2	2	27	0.0540541	37	0.253425	FALSE	NA	NA	NA	NA	NA	NA
NC_045512.2	13636	A	G	35	2	23	1	1	26	0.0277778	36	0.507042	FALSE	NA	NA	NA	NA	NA	NA
NC_045512.2	13637	T	C	34	1	27	2	2	27	0.0555556	36	0.253521	FALSE	NA	NA	NA	NA	NA	NA
NC_045512.2	13638	T	A	35	2	23	1	1	23	0.0277778	36	0.507042	FALSE	NA	NA	NA	NA	NA	NA
NC_045512.2	13639	G	A	34	1	27	2	2	25	0.0555556	36	0.253521	FALSE	NA	NA	NA	NA	NA	NA
NC_045512.2	13640	A	T	35	2	27	1	1	29	0.0277778	36	0.507042	FALSE	NA	NA	NA	NA	NA	NA
NC_045512.2	13641	T	G	33	1	27	1	1	31	0.0285714	35	0.5	FALSE	NA	NA	NA	NA	NA	NA
NC_045512.2	13641	T	A	33	1	27	1	1	27	0.0285714	35	0.5	FALSE	NA	NA	NA	NA	NA	NA
NC_045512.2	13642	T	A	33	2	23	1	1	27	0.0294118	34	0.507463	FALSE	NA	NA	NA	NA	NA	NA
NC_045512.2	13643	C	T	32	1	27	2	2	28	0.0588235	34	0.253731	FALSE	NA	NA	NA	NA	NA	NA
NC_045512.2	13644	T	C	29	1	27	2	1	23	0.0625	32	0.245902	FALSE	NA	NA	NA	NA	NA	NA
NC_045512.2	13644	T	A	29	1	27	1	1	21	0.03125	32	0.491803	FALSE	NA	NA	NA	NA	NA	NA
NC_045512.2	13645	T	C	26	1	23	1	1	30	0.0357143	28	0.5	FALSE	NA	NA	NA	NA	NA	NA
NC_045512.2	13645	T	A	26	1	23	1	1	27	0.0357143	28	0.5	FALSE	NA	NA	NA	NA	NA	NA
NC_045512.2	13646	A	T	31	2	26	1	1	27	0.03125	32	0.507937	FALSE	NA	NA	NA	NA	NA	NA
NC_045512.2	13647	C	G	29	1	26	1	1	26	0.0333333	30	0.508475	FALSE	NA	NA	NA	NA	NA	NA
NC_045512.2	13648	T	A	28	2	27	1	1	27	0.0344828	29	0.508772	FALSE	NA	NA	NA	NA	NA	NA
NC_045512.2	13649	T	A	26	1	27	2	2	28	0.0714286	28	0.254545	FALSE	NA	NA	NA	NA	NA	NA
NC_045512.2	13650	T	G	9	1	22	1	1	26	0.0909091	11	0.5	FALSE	NA	NA	NA	NA	NA	NA
NC_045512.2	13650	T	A	9	1	22	1	1	27	0.0909091	11	0.5	FALSE	NA	NA	NA	NA	NA	NA
NC_045512.2	13651	G	C	26	1	24	1	1	26	0.0357143	28	0.5	FALSE	NA	NA	NA	NA	NA	NA
NC_045512.2	13651	G	A	26	1	24	1	1	26	0.0357143	28	0.5	FALSE	NA	NA	NA	NA	NA	NA
NC_045512.2	13652	T	C	27	2	24	1	1	26	0.0357143	28	0.509091	FALSE	NA	NA	NA	NA	NA	NA
NC_045512.2	13653	A	T	26	1	26	1	1	25	0.0357143	28	0.5	FALSE	NA	NA	NA	NA	NA	NA
NC_045512.2	13653	A	G	26	1	26	1	1	22	0.0357143	28	0.5	FALSE	NA	NA	NA	NA	NA	NA
NC_045512.2	13654	G	A	27	2	26	1	1	23	0.0357143	28	0.509091	FALSE	NA	NA	NA	NA	NA	NA
NC_045512.2	13655	T	A	25	1	26	1	1	28	0.0384615	26	0.509804	FALSE	NA	NA	NA	NA	NA	NA
NC_045512.2	13657	A	T	24	1	27	2	2	27	0.0769231	26	0.254902	FALSE	NA	NA	NA	NA	NA	NA
NC_045512.2	13658	A	T	21	1	22	1	1	25	0.0434783	23	0.5	FALSE	NA	NA	NA	NA	NA	NA
NC_045512.2	13658	A	G	21	1	22	1	1	23	0.0434783	23	0.5	FALSE	NA	NA	NA	NA	NA	NA
NC_045512.2	13660	A	T	24	1	27	1	1	23	0.0384615	26	0.5	FALSE	NA	NA	NA	NA	NA	NA
NC_045512.2	13660	A	C	24	1	27	1	1	27	0.0384615	26	0.5	FALSE	NA	NA	NA	NA	NA	NA
NC_045512.2	13661	G	T	25	2	27	1	1	29	0.0384615	26	0.509804	FALSE	NA	NA	NA	NA	NA	NA
NC_045512.2	13662	A	T	24	2	26	1	1	28	0.0384615	26	0.5	FALSE	NA	NA	NA	NA	NA	NA
NC_045512.2	13662	A	G	24	2	26	1	0	23	0.0384615	26	0.5	FALSE	NA	NA	NA	NA	NA	NA
NC_045512.2	13663	C	A	25	2	26	1	1	28	0.0384615	26	0.509804	FALSE	NA	NA	NA	NA	NA	NA
NC_045512.2	13664	A	G	25	2	25	1	1	28	0.0384615	26	0.509804	FALSE	NA	NA	NA	NA	NA	NA
NC_045512.2	13665	C	T	25	2	26	1	1	23	0.0384615	26	0.509804	FALSE	NA	NA	NA	NA	NA	NA
NC_045512.2	13666	A	T	24	1	26	2	2	26	0.0769231	26	0.254902	FALSE	NA	NA	NA	NA	NA	NA
NC_045512.2	13667	C	T	23	1	26	1	1	28	0.0416667	24	0.510638	FALSE	NA	NA	NA	NA	NA	NA
NC_045512.2	13668	T	C	22	0	27	1	1	23	0.0434783	23	0.511111	FALSE	NA	NA	NA	NA	NA	NA
NC_045512.2	13669	T	C	22	1	27	2	1	27	0.0833333	24	0.255319	FALSE	NA	NA	NA	NA	NA	NA
NC_045512.2	13670	T	A	15	1	22	1	1	23	0.0625	16	0.516129	FALSE	NA	NA	NA	NA	NA	NA
NC_045512.2	13671	C	A	23	1	26	1	1	28	0.0416667	24	0.510638	FALSE	NA	NA	NA	NA	NA	NA
NC_045512.2	13672	T	G	21	1	26	1	1	28	0.0454545	22	0.511628	FALSE	NA	NA	NA	NA	NA	NA
NC_045512.2	13673	C	A	20	1	26	1	1	20	0.047619	21	0.512195	FALSE	NA	NA	NA	NA	NA	NA
NC_045512.2	13674	T	A	19	1	26	1	1	34	0.05	20	0.512821	FALSE	NA	NA	NA	NA	NA	NA
NC_045512.2	13677	C	G	18	1	26	1	1	23	0.0526316	19	0.513514	FALSE	NA	NA	NA	NA	NA	NA
NC_045512.2	13678	T	G	18	1	26	1	1	24	0.0526316	19	0.513514	FALSE	NA	NA	NA	NA	NA	NA
NC_045512.2	13681	C	G	12	1	22	1	1	28	0.0769231	13	0.52	FALSE	NA	NA	NA	NA	NA	NA
NC_045512.2	13684	C	G	14	1	26	1	1	23	0.0666667	15	0.517241	FALSE	NA	NA	NA	NA	NA	NA
NC_045512.2	13689	A	C	10	1	23	1	1	30	0.0909091	11	0.52381	FALSE	NA	NA	NA	NA	NA	NA
NC_045512.2	13690	G	A	14	1	27	1	1	23	0.0666667	15	0.517241	FALSE	NA	NA	NA	NA	NA	NA
NC_045512.2	13691	A	+T	14	1	27	1	0	20	0.0714286	14	0.535714	FALSE	NA	NA	NA	NA	NA	NA
NC_045512.2	13692	A	T	14	1	28	1	1	25	0.0666667	15	0.517241	FALSE	NA	NA	NA	NA	NA	NA
NC_045512.2	13693	A	T	13	1	22	1	1	25	0.0714286	14	0.518519	FALSE	NA	NA	NA	NA	NA	NA
NC_045512.2	13694	C	T	14	1	27	1	1	25	0.0666667	15	0.517241	FALSE	NA	NA	NA	NA	NA	NA
NC_045512.2	13696	A	G	14	1	23	1	1	25	0.0666667	15	0.517241	FALSE	NA	NA	NA	NA	NA	NA
NC_045512.2	13699	T	G	13	1	22	1	1	27	0.0714286	14	0.518519	FALSE	NA	NA	NA	NA	NA	NA
NC_045512.2	13700	A	G	15	2	26	1	1	25	0.0625	16	0.516129	FALSE	NA	NA	NA	NA	NA	NA
NC_045512.2	13701	T	A	15	2	26	1	1	25	0.0625	16	0.516129	FALSE	NA	NA	NA	NA	NA	NA
NC_045512.2	13702	A	T	12	0	27	1	1	29	0.0714286	14	0.5	FALSE	NA	NA	NA	NA	NA	NA
NC_045512.2	13702	A	C	12	0	27	1	1	25	0.0714286	14	0.5	FALSE	NA	NA	NA	NA	NA	NA
NC_045512.2	13703	A	C	4	2	24	1	1	27	0.2	5	0.555556	FALSE	NA	NA	NA	NA	NA	NA
NC_045512.2	13705	T	C	8	2	26	1	1	25	0.111111	9	0.529412	FALSE	NA	NA	NA	NA	NA	NA
NC_045512.2	13706	T	A	4	2	23	1	1	28	0.2	5	0.555556	FALSE	NA	NA	NA	NA	NA	NA
NC_045512.2	13707	A	C	8	2	26	1	1	23	0.111111	9	0.529412	FALSE	NA	NA	NA	NA	NA	NA
NC_045512.2	13709	T	A	7	2	27	1	1	23	0.125	8	0.533333	FALSE	NA	NA	NA	NA	NA	NA
NC_045512.2	13710	T	A	7	2	24	1	1	28	0.125	8	0.533333	FALSE	NA	NA	NA	NA	NA	NA
NC_045512.2	13711	A	T	5	1	28	1	1	28	0.142857	7	0.5	FALSE	NA	NA	NA	NA	NA	NA
NC_045512.2	13711	A	G	5	1	28	1	1	23	0.142857	7	0.5	FALSE	NA	NA	NA	NA	NA	NA
NC_045512.2	13712	A	T	5	1	23	1	1	26	0.142857	7	0.5	FALSE	NA	NA	NA	NA	NA	NA
NC_045512.2	13712	A	G	5	1	23	1	1	28	0.142857	7	0.5	FALSE	NA	NA	NA	NA	NA	NA
NC_045512.2	13713	G	A	5	1	26	2	2	26	0.285714	7	0.269231	FALSE	NA	NA	NA	NA	NA	NA
NC_045512.2	13714	G	T	3	1	24	1	1	27	0.25	4	0.571429	FALSE	NA	NA	NA	NA	NA	NA
NC_045512.2	13716	T	A	4	1	26	1	1	27	0.2	5	0.555556	FALSE	NA	NA	NA	NA	NA	NA
NC_045512.2	13717	T	A	3	1	24	1	1	27	0.25	4	0.571429	FALSE	NA	NA	NA	NA	NA	NA
NC_045512.2	13720	C	A	4	1	26	1	1	23	0.2	5	0.555556	FALSE	NA	NA	NA	NA	NA	NA
NC_045512.2	13721	C	G	4	1	23	1	1	25	0.2	5	0.555556	FALSE	NA	NA	NA	NA	NA	NA
NC_045512.2	13722	A	C	4	1	27	1	1	25	0.2	5	0.555556	FALSE	NA	NA	NA	NA	NA	NA
NC_045512.2	13723	G	T	4	1	27	1	1	27	0.2	5	0.555556	FALSE	NA	NA	NA	NA	NA	NA
NC_045512.2	13724	C	G	4	1	28	1	1	21	0.2	5	0.555556	FALSE	NA	NA	NA	NA	NA	NA
NC_045512.2	13725	T	G	4	1	27	1	1	27	0.2	5	0.555556	FALSE	NA	NA	NA	NA	NA	NA
NC_045512.2	13729	G	T	4	1	27	1	1	27	0.2	5	0.555556	FALSE	NA	NA	NA	NA	NA	NA
NC_045512.2	13730	C	G	4	1	28	1	1	27	0.2	5	0.555556	FALSE	NA	NA	NA	NA	NA	NA
NC_045512.2	13731	T	C	4	1	27	1	1	27	0.2	5	0.555556	FALSE	NA	NA	NA	NA	NA	NA
NC_045512.2	13732	A	T	4	1	26	1	1	27	0.2	5	0.555556	FALSE	NA	NA	NA	NA	NA	NA
NC_045512.2	13735	C	A	4	1	27	1	1	27	0.2	5	0.555556	FALSE	NA	NA	NA	NA	NA	NA
NC_045512.2	13736	A	T	4	1	27	1	1	21	0.2	5	0.555556	FALSE	NA	NA	NA	NA	NA	NA
NC_045512.2	13739	A	C	7	1	28	1	1	25	0.125	8	0.533333	FALSE	NA	NA	NA	NA	NA	NA
NC_045512.2	13740	C	T	7	1	27	1	1	25	0.125	8	0.533333	FALSE	NA	NA	NA	NA	NA	NA
NC_045512.2	13742	T	A	6	1	24	1	1	29	0.142857	7	0.538462	FALSE	NA	NA	NA	NA	NA	NA
NC_045512.2	13743	C	A	7	1	26	1	1	29	0.125	8	0.533333	FALSE	NA	NA	NA	NA	NA	NA
NC_045512.2	13744	T	A	7	1	26	1	1	29	0.125	8	0.533333	FALSE	NA	NA	NA	NA	NA	NA
NC_045512.2	13745	T	A	7	1	27	1	1	22	0.125	8	0.533333	FALSE	NA	NA	NA	NA	NA	NA
NC_045512.2	13746	T	C	5	1	23	1	1	22	0.166667	6	0.545455	FALSE	NA	NA	NA	NA	NA	NA
NC_045512.2	13747	A	T	7	1	26	1	1	22	0.125	8	0.533333	FALSE	NA	NA	NA	NA	NA	NA
NC_045512.2	13749	G	A	7	1	27	1	1	27	0.125	8	0.533333	FALSE	NA	NA	NA	NA	NA	NA
NC_045512.2	13752	T	G	6	1	23	1	1	27	0.142857	7	0.538462	FALSE	NA	NA	NA	NA	NA	NA
NC_045512.2	13753	A	T	7	1	26	1	1	23	0.125	8	0.533333	FALSE	NA	NA	NA	NA	NA	NA
NC_045512.2	13754	G	T	7	1	26	1	1	28	0.125	8	0.533333	FALSE	NA	NA	NA	NA	NA	NA
NC_045512.2	13755	A	G	7	1	26	1	1	28	0.125	8	0.533333	FALSE	NA	NA	NA	NA	NA	NA
NC_045512.2	13756	A	T	7	1	23	1	1	28	0.125	8	0.533333	FALSE	NA	NA	NA	NA	NA	NA
NC_045512.2	13757	T	C	7	1	27	1	1	28	0.125	8	0.533333	FALSE	NA	NA	NA	NA	NA	NA
NC_045512.2	13758	A	G	7	1	27	1	1	26	0.125	8	0.533333	FALSE	NA	NA	NA	NA	NA	NA
NC_045512.2	13759	G	C	7	1	27	1	1	26	0.125	8	0.533333	FALSE	NA	NA	NA	NA	NA	NA
NC_045512.2	13760	A	T	7	1	27	1	1	21	0.125	8	0.533333	FALSE	NA	NA	NA	NA	NA	NA
NC_045512.2	13761	C	T	7	1	26	1	1	28	0.125	8	0.533333	FALSE	NA	NA	NA	NA	NA	NA
NC_045512.2	13762	G	C	7	1	25	1	1	21	0.125	8	0.533333	FALSE	NA	NA	NA	NA	NA	NA
NC_045512.2	13763	G	C	5	1	24	1	1	26	0.166667	6	0.545455	FALSE	NA	NA	NA	NA	NA	NA
NC_045512.2	13763	G	+A	5	1	24	1	0	20	0.166667	6	0.545455	FALSE	NA	NA	NA	NA	NA	NA
NC_045512.2	13764	T	A	7	1	27	1	1	27	0.125	8	0.533333	FALSE	NA	NA	NA	NA	NA	NA
NC_045512.2	13765	G	A	7	1	29	1	1	27	0.125	8	0.533333	FALSE	NA	NA	NA	NA	NA	NA
NC_045512.2	13766	A	G	7	1	26	1	1	27	0.125	8	0.533333	FALSE	NA	NA	NA	NA	NA	NA
NC_045512.2	13767	C	A	7	1	26	1	1	20	0.125	8	0.533333	FALSE	NA	NA	NA	NA	NA	NA
NC_045512.2	13769	T	A	6	1	26	1	1	28	0.142857	7	0.538462	FALSE	NA	NA	NA	NA	NA	NA
NC_045512.2	13770	G	A	6	1	26	1	1	28	0.142857	7	0.538462	FALSE	NA	NA	NA	NA	NA	NA
NC_045512.2	13772	T	G	6	1	27	1	1	25	0.142857	7	0.538462	FALSE	NA	NA	NA	NA	NA	NA
NC_045512.2	13775	C	G	6	1	25	1	1	26	0.142857	7	0.538462	FALSE	NA	NA	NA	NA	NA	NA
NC_045512.2	13777	C	A	3	0	27	1	1	28	0.25	4	0.571429	FALSE	NA	NA	NA	NA	NA	NA
NC_045512.2	13778	A	G	3	0	27	1	1	27	0.25	4	0.571429	FALSE	NA	NA	NA	NA	NA	NA
NC_045512.2	13779	T	A	3	0	27	1	1	29	0.25	4	0.571429	FALSE	NA	NA	NA	NA	NA	NA
NC_045512.2	13780	A	T	4	0	27	1	1	30	0.2	5	0.555556	FALSE	NA	NA	NA	NA	NA	NA
NC_045512.2	13781	T	G	4	0	27	1	1	27	0.2	5	0.555556	FALSE	NA	NA	NA	NA	NA	NA
NC_045512.2	13783	T	C	4	0	27	1	1	27	0.2	5	0.555556	FALSE	NA	NA	NA	NA	NA	NA
NC_045512.2	13784	C	A	4	0	27	1	1	21	0.2	5	0.555556	FALSE	NA	NA	NA	NA	NA	NA
NC_045512.2	13785	A	G	4	1	27	1	0	27	0.2	5	0.555556	FALSE	NA	NA	NA	NA	NA	NA
NC_045512.2	13787	G	T	4	0	28	1	1	25	0.2	5	0.555556	FALSE	NA	NA	NA	NA	NA	NA
NC_045512.2	13821	C	T	27	0	27	1	0	24	0.0357143	28	0.509091	FALSE	NA	NA	NA	NA	NA	NA
NC_045512.2	13827	T	C	27	0	26	1	0	28	0.0357143	28	0.509091	FALSE	NA	NA	NA	NA	NA	NA
NC_045512.2	13829	C	-T	26	0	25	1	0	20	0.0384615	26	0.519231	FALSE	NA	NA	NA	NA	NA	NA
NC_045512.2	13840	T	C	25	0	28	1	0	29	0.0384615	26	0.509804	FALSE	NA	NA	NA	NA	NA	NA
NC_045512.2	13848	A	G	25	0	22	1	0	28	0.0384615	26	0.509804	FALSE	NA	NA	NA	NA	NA	NA
NC_045512.2	13857	T	C	25	0	27	1	0	22	0.0384615	26	0.509804	FALSE	NA	NA	NA	NA	NA	NA
NC_045512.2	13865	T	A	20	0	22	1	1	22	0.047619	21	0.512195	FALSE	NA	NA	NA	NA	NA	NA
NC_045512.2	13866	A	G	25	1	27	1	0	28	0.0384615	26	0.509804	FALSE	NA	NA	NA	NA	NA	NA
NC_045512.2	13867	A	G	25	0	28	1	1	29	0.0384615	26	0.509804	FALSE	NA	NA	NA	NA	NA	NA
NC_045512.2	13868	A	T	25	0	27	1	1	22	0.0384615	26	0.509804	FALSE	NA	NA	NA	NA	NA	NA
NC_045512.2	13869	A	T	12	0	20	1	1	32	0.0769231	13	0.52	FALSE	NA	NA	NA	NA	NA	NA
NC_045512.2	13870	G	T	25	0	27	1	1	28	0.0384615	26	0.509804	FALSE	NA	NA	NA	NA	NA	NA
NC_045512.2	13872	A	G	24	0	27	2	1	26	0.0769231	26	0.254902	FALSE	NA	NA	NA	NA	NA	NA
NC_045512.2	13874	T	A	25	0	26	1	1	24	0.0384615	26	0.509804	FALSE	NA	NA	NA	NA	NA	NA
NC_045512.2	13875	A	T	25	0	27	1	1	23	0.0384615	26	0.509804	FALSE	NA	NA	NA	NA	NA	NA
NC_045512.2	13876	C	A	25	0	27	1	1	27	0.0384615	26	0.509804	FALSE	NA	NA	NA	NA	NA	NA
NC_045512.2	13877	T	G	25	0	27	1	1	27	0.0384615	26	0.509804	FALSE	NA	NA	NA	NA	NA	NA
NC_045512.2	13878	T	A	17	0	22	1	1	28	0.0555556	18	0.514286	FALSE	NA	NA	NA	NA	NA	NA
NC_045512.2	13879	G	C	25	0	27	1	1	28	0.0384615	26	0.509804	FALSE	NA	NA	NA	NA	NA	NA
NC_045512.2	13880	T	G	25	0	26	1	1	23	0.0384615	26	0.509804	FALSE	NA	NA	NA	NA	NA	NA
NC_045512.2	13881	C	G	25	0	25	1	1	27	0.0384615	26	0.509804	FALSE	NA	NA	NA	NA	NA	NA
NC_045512.2	13882	A	T	25	0	27	1	1	27	0.0384615	26	0.509804	FALSE	NA	NA	NA	NA	NA	NA
NC_045512.2	13883	C	G	25	0	27	1	1	27	0.0384615	26	0.509804	FALSE	NA	NA	NA	NA	NA	NA
NC_045512.2	13884	A	C	25	1	27	1	0	24	0.0384615	26	0.509804	FALSE	NA	NA	NA	NA	NA	NA
NC_045512.2	13885	T	C	25	0	27	1	1	28	0.0384615	26	0.509804	FALSE	NA	NA	NA	NA	NA	NA
NC_045512.2	13887	C	T	25	0	26	1	1	27	0.0384615	26	0.509804	FALSE	NA	NA	NA	NA	NA	NA
NC_045512.2	13888	A	G	25	0	27	1	1	22	0.0384615	26	0.509804	FALSE	NA	NA	NA	NA	NA	NA
NC_045512.2	13889	A	G	19	0	21	1	1	27	0.05	20	0.512821	FALSE	NA	NA	NA	NA	NA	NA
NC_045512.2	13891	T	A	17	0	22	1	1	25	0.0555556	18	0.514286	FALSE	NA	NA	NA	NA	NA	NA
NC_045512.2	13893	T	C	23	0	26	1	1	25	0.0416667	24	0.510638	FALSE	NA	NA	NA	NA	NA	NA
NC_045512.2	13894	T	C	7	0	21	1	0	27	0.111111	9	0.5	FALSE	NA	NA	NA	NA	NA	NA
NC_045512.2	13894	T	A	7	0	21	1	1	26	0.111111	9	0.5	FALSE	NA	NA	NA	NA	NA	NA
NC_045512.2	13895	G	C	23	0	25	1	1	27	0.0416667	24	0.510638	FALSE	NA	NA	NA	NA	NA	NA
NC_045512.2	13896	T	A	23	0	25	1	1	27	0.0416667	24	0.510638	FALSE	NA	NA	NA	NA	NA	NA
NC_045512.2	13897	G	T	23	0	26	1	1	28	0.0416667	24	0.510638	FALSE	NA	NA	NA	NA	NA	NA
NC_045512.2	13900	G	A	23	0	26	1	1	29	0.0416667	24	0.510638	FALSE	NA	NA	NA	NA	NA	NA
NC_045512.2	13901	A	T	23	0	26	1	1	26	0.0416667	24	0.510638	FALSE	NA	NA	NA	NA	NA	NA
NC_045512.2	13902	T	C	22	0	26	1	1	26	0.0434783	23	0.511111	FALSE	NA	NA	NA	NA	NA	NA
NC_045512.2	13903	G	A	22	0	26	1	1	27	0.0434783	23	0.511111	FALSE	NA	NA	NA	NA	NA	NA
NC_045512.2	13904	A	C	20	0	26	1	1	27	0.047619	21	0.512195	FALSE	NA	NA	NA	NA	NA	NA
NC_045512.2	13905	T	G	18	0	27	1	1	28	0.0526316	19	0.513514	FALSE	NA	NA	NA	NA	NA	NA
NC_045512.2	13907	A	C	11	0	25	1	1	28	0.0833333	12	0.521739	FALSE	NA	NA	NA	NA	NA	NA
NC_045512.2	13907	A	-T	11	0	25	3	0	20	0.25	12	0.158261	FALSE	NA	NA	NA	NA	NA	NA
NC_045512.2	13908	T	A	8	0	25	1	1	23	0.111111	9	0.45	FALSE	NA	NA	NA	NA	NA	NA
NC_045512.2	13909	T	A	9	0	25	1	1	27	0.1	10	0.526316	FALSE	NA	NA	NA	NA	NA	NA
NC_045512.2	13910	T	C	3	0	20	1	1	27	0.25	4	0.571429	FALSE	NA	NA	NA	NA	NA	NA
NC_045512.2	13911	C	G	7	0	25	1	1	27	0.125	8	0.533333	FALSE	NA	NA	NA	NA	NA	NA
NC_045512.2	13912	A	T	7	0	26	1	1	28	0.125	8	0.533333	FALSE	NA	NA	NA	NA	NA	NA
NC_045512.2	13913	A	C	4	0	20	1	1	28	0.2	5	0.555556	FALSE	NA	NA	NA	NA	NA	NA
NC_045512.2	13915	A	T	7	0	22	1	1	28	0.125	8	0.533333	FALSE	NA	NA	NA	NA	NA	NA
NC_045512.2	13917	A	C	2	0	27	1	1	28	0.333333	3	0.6	FALSE	NA	NA	NA	NA	NA	NA
NC_045512.2	13918	A	T	2	0	27	1	1	28	0.333333	3	0.6	FALSE	NA	NA	NA	NA	NA	NA
NC_045512.2	13920	G	A	2	0	27	1	1	29	0.333333	3	0.6	FALSE	NA	NA	NA	NA	NA	NA
NC_045512.2	13921	G	A	2	0	22	1	1	29	0.333333	3	0.6	FALSE	NA	NA	NA	NA	NA	NA
NC_045512.2	13922	A	T	2	0	28	1	1	28	0.333333	3	0.6	FALSE	NA	NA	NA	NA	NA	NA
NC_045512.2	13923	C	A	2	0	28	1	1	28	0.333333	3	0.6	FALSE	NA	NA	NA	NA	NA	NA
NC_045512.2	13924	T	C	2	0	28	1	1	28	0.333333	3	0.6	FALSE	NA	NA	NA	NA	NA	NA
NC_045512.2	13925	G	A	2	0	28	1	1	26	0.333333	3	0.6	FALSE	NA	NA	NA	NA	NA	NA
NC_045512.2	13926	G	C	2	0	22	1	1	26	0.333333	3	0.6	FALSE	NA	NA	NA	NA	NA	NA
NC_045512.2	13927	T	A	2	0	28	1	1	22	0.333333	3	0.6	FALSE	NA	NA	NA	NA	NA	NA
NC_045512.2	13931	A	G	2	0	24	1	1	26	0.333333	3	0.6	FALSE	NA	NA	NA	NA	NA	NA
NC_045512.2	13932	T	C	2	0	28	1	1	26	0.333333	3	0.6	FALSE	NA	NA	NA	NA	NA	NA
NC_045512.2	13933	T	A	2	0	30	1	1	30	0.333333	3	0.6	FALSE	NA	NA	NA	NA	NA	NA
NC_045512.2	13934	T	G	2	0	30	1	1	28	0.333333	3	0.6	FALSE	NA	NA	NA	NA	NA	NA
NC_045512.2	13935	T	A	0	0	0	1	1	28	1	1	1	FALSE	NA	NA	NA	NA	NA	NA
NC_045512.2	13936	G	C	2	0	27	1	1	26	0.333333	3	0.6	FALSE	NA	NA	NA	NA	NA	NA
NC_045512.2	13937	T	C	2	0	25	1	1	29	0.333333	3	0.6	FALSE	NA	NA	NA	NA	NA	NA
NC_045512.2	13937	T	-A	2	0	25	1	0	20	0.333333	3	0.6	FALSE	NA	NA	NA	NA	NA	NA
NC_045512.2	13938	A	T	1	0	23	1	1	30	0.5	2	0.5	FALSE	NA	NA	NA	NA	NA	NA
NC_045512.2	13939	G	C	2	0	23	1	1	30	0.333333	3	0.6	FALSE	NA	NA	NA	NA	NA	NA
NC_045512.2	13940	A	G	2	0	25	1	1	30	0.333333	3	0.6	FALSE	NA	NA	NA	NA	NA	NA
NC_045512.2	13941	A	T	2	0	26	1	1	30	0.333333	3	0.6	FALSE	NA	NA	NA	NA	NA	NA
NC_045512.2	13942	A	C	2	0	27	1	1	29	0.333333	3	0.6	FALSE	NA	NA	NA	NA	NA	NA
NC_045512.2	13943	A	T	0	0	0	1	1	29	1	1	1	FALSE	NA	NA	NA	NA	NA	NA
NC_045512.2	13944	C	A	2	0	27	1	1	28	0.333333	3	0.6	FALSE	NA	NA	NA	NA	NA	NA
NC_045512.2	13945	C	T	2	0	27	1	1	28	0.333333	3	0.6	FALSE	NA	NA	NA	NA	NA	NA
NC_045512.2	13946	C	G	1	0	21	1	1	28	0.5	2	0.666667	FALSE	NA	NA	NA	NA	NA	NA
NC_045512.2	13947	A	C	1	0	27	1	1	28	0.5	2	0.666667	FALSE	NA	NA	NA	NA	NA	NA
NC_045512.2	13948	G	T	1	0	28	1	1	24	0.5	2	0.666667	FALSE	NA	NA	NA	NA	NA	NA
NC_045512.2	13949	A	T	1	0	28	1	1	28	0.5	2	0.666667	FALSE	NA	NA	NA	NA	NA	NA
NC_045512.2	13952	T	A	1	0	29	1	1	25	0.5	2	0.666667	FALSE	NA	NA	NA	NA	NA	NA
NC_045512.2	13954	T	G	1	0	26	1	1	25	0.5	2	0.666667	FALSE	NA	NA	NA	NA	NA	NA
NC_045512.2	13955	T	C	1	0	21	1	1	25	0.5	2	0.666667	FALSE	NA	NA	NA	NA	NA	NA
NC_045512.2	13958	G	T	1	0	28	1	1	27	0.5	2	0.666667	FALSE	NA	NA	NA	NA	NA	NA
NC_045512.2	13959	C	T	1	0	28	1	1	27	0.5	2	0.666667	FALSE	NA	NA	NA	NA	NA	NA
NC_045512.2	13960	G	T	1	0	28	1	1	27	0.5	2	0.666667	FALSE	NA	NA	NA	NA	NA	NA
NC_045512.2	13961	T	G	1	0	29	1	1	27	0.5	2	0.666667	FALSE	NA	NA	NA	NA	NA	NA
NC_045512.2	13964	A	G	1	0	27	1	1	24	0.5	2	0.666667	FALSE	NA	NA	NA	NA	NA	NA
NC_045512.2	13965	C	A	1	0	28	1	1	20	0.5	2	0.666667	FALSE	NA	NA	NA	NA	NA	NA
NC_045512.2	13966	G	A	1	0	28	1	1	34	0.5	2	0.666667	FALSE	NA	NA	NA	NA	NA	NA
NC_045512.2	13967	C	G	1	0	26	1	1	22	0.5	2	0.666667	FALSE	NA	NA	NA	NA	NA	NA
NC_045512.2	13968	C	G	1	0	21	1	1	28	0.5	2	0.666667	FALSE	NA	NA	NA	NA	NA	NA
NC_045512.2	14000	T	-A	5	0	22	1	0	20	0.2	5	0.6	FALSE	NA	NA	NA	NA	NA	NA
NC_045512.2	14035	G	A	8	0	27	1	1	29	0.111111	9	0.529412	FALSE	NA	NA	NA	NA	NA	NA
NC_045512.2	14036	C	A	8	0	27	1	1	29	0.111111	9	0.529412	FALSE	NA	NA	NA	NA	NA	NA
NC_045512.2	14037	T	A	8	0	27	1	1	29	0.111111	9	0.529412	FALSE	NA	NA	NA	NA	NA	NA
NC_045512.2	14038	G	A	8	0	27	1	1	29	0.111111	9	0.529412	FALSE	NA	NA	NA	NA	NA	NA
NC_045512.2	14039	G	C	9	0	23	1	1	28	0.1	10	0.526316	FALSE	NA	NA	NA	NA	NA	NA
NC_045512.2	14040	T	A	9	0	27	1	1	29	0.1	10	0.526316	FALSE	NA	NA	NA	NA	NA	NA
NC_045512.2	14041	A	G	9	0	27	1	1	25	0.1	10	0.526316	FALSE	NA	NA	NA	NA	NA	NA
NC_045512.2	14043	T	A	9	0	22	1	1	22	0.1	10	0.526316	FALSE	NA	NA	NA	NA	NA	NA
NC_045512.2	14044	G	C	9	0	26	1	1	22	0.1	10	0.526316	FALSE	NA	NA	NA	NA	NA	NA
NC_045512.2	14045	T	A	9	0	27	1	1	24	0.1	10	0.526316	FALSE	NA	NA	NA	NA	NA	NA
NC_045512.2	14046	T	A	9	0	23	1	1	29	0.1	10	0.526316	FALSE	NA	NA	NA	NA	NA	NA
NC_045512.2	14047	G	T	9	0	27	1	1	23	0.1	10	0.526316	FALSE	NA	NA	NA	NA	NA	NA
NC_045512.2	14048	G	T	9	0	23	1	1	28	0.1	10	0.526316	FALSE	NA	NA	NA	NA	NA	NA
NC_045512.2	14049	T	C	9	0	27	1	1	28	0.1	10	0.526316	FALSE	NA	NA	NA	NA	NA	NA
NC_045512.2	14050	G	T	9	0	28	1	1	28	0.1	10	0.526316	FALSE	NA	NA	NA	NA	NA	NA
NC_045512.2	14051	T	G	9	0	28	1	1	27	0.1	10	0.526316	FALSE	NA	NA	NA	NA	NA	NA
NC_045512.2	14052	A	T	9	0	28	1	1	28	0.1	10	0.526316	FALSE	NA	NA	NA	NA	NA	NA
NC_045512.2	14053	C	G	9	0	28	1	1	28	0.1	10	0.526316	FALSE	NA	NA	NA	NA	NA	NA
NC_045512.2	14054	T	A	9	0	27	1	1	28	0.1	10	0.526316	FALSE	NA	NA	NA	NA	NA	NA
NC_045512.2	14055	G	T	9	0	27	1	1	27	0.1	10	0.526316	FALSE	NA	NA	NA	NA	NA	NA
NC_045512.2	14056	A	G	9	0	27	1	1	27	0.1	10	0.526316	FALSE	NA	NA	NA	NA	NA	NA
NC_045512.2	14058	A	C	9	0	26	1	1	28	0.1	10	0.526316	FALSE	NA	NA	NA	NA	NA	NA
NC_045512.2	14059	T	A	9	0	27	1	1	28	0.1	10	0.526316	FALSE	NA	NA	NA	NA	NA	NA
NC_045512.2	14061	A	G	9	0	27	1	1	27	0.1	10	0.526316	FALSE	NA	NA	NA	NA	NA	NA
NC_045512.2	14062	G	C	9	0	27	1	1	27	0.1	10	0.526316	FALSE	NA	NA	NA	NA	NA	NA
NC_045512.2	14063	A	G	9	0	27	1	1	27	0.1	10	0.526316	FALSE	NA	NA	NA	NA	NA	NA
NC_045512.2	14064	T	A	9	0	26	1	1	23	0.1	10	0.526316	FALSE	NA	NA	NA	NA	NA	NA
NC_045512.2	14068	C	G	9	0	27	1	1	28	0.1	10	0.526316	FALSE	NA	NA	NA	NA	NA	NA
NC_045512.2	14069	A	C	9	0	27	1	1	28	0.1	10	0.526316	FALSE	NA	NA	NA	NA	NA	NA
NC_045512.2	14070	A	T	8	0	22	1	1	28	0.111111	9	0.529412	FALSE	NA	NA	NA	NA	NA	NA
NC_045512.2	14072	A	G	8	0	27	1	1	29	0.111111	9	0.529412	FALSE	NA	NA	NA	NA	NA	NA
NC_045512.2	14074	C	A	8	0	24	1	1	28	0.111111	9	0.529412	FALSE	NA	NA	NA	NA	NA	NA
NC_045512.2	14076	C	T	8	0	27	1	1	27	0.111111	9	0.529412	FALSE	NA	NA	NA	NA	NA	NA
NC_045512.2	14077	A	G	8	0	28	1	1	27	0.111111	9	0.529412	FALSE	NA	NA	NA	NA	NA	NA
NC_045512.2	14078	A	T	8	0	23	1	1	23	0.111111	9	0.529412	FALSE	NA	NA	NA	NA	NA	NA
NC_045512.2	14081	G	A	8	1	23	1	0	27	0.111111	9	0.529412	FALSE	NA	NA	NA	NA	NA	NA
NC_045512.2	14083	A	G	9	0	27	1	1	27	0.1	10	0.526316	FALSE	NA	NA	NA	NA	NA	NA
NC_045512.2	14084	A	T	9	0	22	1	1	27	0.1	10	0.526316	FALSE	NA	NA	NA	NA	NA	NA
NC_045512.2	14085	C	A	9	0	27	1	1	27	0.1	10	0.526316	FALSE	NA	NA	NA	NA	NA	NA
NC_045512.2	14086	T	C	9	0	27	1	1	26	0.1	10	0.526316	FALSE	NA	NA	NA	NA	NA	NA
NC_045512.2	14087	G	T	9	0	28	1	1	27	0.1	10	0.526316	FALSE	NA	NA	NA	NA	NA	NA
NC_045512.2	14089	T	A	9	0	26	1	1	27	0.1	10	0.526316	FALSE	NA	NA	NA	NA	NA	NA
NC_045512.2	14090	A	C	9	0	27	1	1	28	0.1	10	0.526316	FALSE	NA	NA	NA	NA	NA	NA
NC_045512.2	14091	T	A	9	0	27	1	1	24	0.1	10	0.526316	FALSE	NA	NA	NA	NA	NA	NA
NC_045512.2	14093	A	T	8	0	26	1	1	24	0.111111	9	0.529412	FALSE	NA	NA	NA	NA	NA	NA
NC_045512.2	14094	T	A	8	0	26	1	1	24	0.111111	9	0.529412	FALSE	NA	NA	NA	NA	NA	NA
NC_045512.2	14095	T	G	8	0	26	1	1	33	0.111111	9	0.529412	FALSE	NA	NA	NA	NA	NA	NA
NC_045512.2	14096	T	A	7	0	20	1	1	29	0.125	8	0.533333	FALSE	NA	NA	NA	NA	NA	NA
NC_045512.2	14097	C	T	92	1	26	2	1	27	0.0212766	94	0.251337	FALSE	NA	NA	NA	NA	NA	NA
NC_045512.2	14098	G	A	93	1	26	1	1	24	0.0106383	94	0.502674	FALSE	NA	NA	NA	NA	NA	NA
NC_045512.2	14099	G	A	75	1	22	1	1	34	0.0131579	76	0.503311	FALSE	NA	NA	NA	NA	NA	NA
NC_045512.2	14100	T	+G	94	2	25	1	0	20	0.0106383	94	0.505319	FALSE	NA	NA	NA	NA	NA	NA
NC_045512.2	14101	G	C	92	1	26	1	1	28	0.0107527	93	0.502703	FALSE	NA	NA	NA	NA	NA	NA
NC_045512.2	14103	T	A	93	1	26	1	1	26	0.0106383	94	0.502674	FALSE	NA	NA	NA	NA	NA	NA
NC_045512.2	14104	T	G	93	1	27	1	1	26	0.0106383	94	0.502674	FALSE	NA	NA	NA	NA	NA	NA
NC_045512.2	14105	T	A	65	1	22	1	1	26	0.0151515	66	0.503817	FALSE	NA	NA	NA	NA	NA	NA
NC_045512.2	14106	C	T	93	1	26	1	1	27	0.0106383	94	0.502674	FALSE	NA	NA	NA	NA	NA	NA
NC_045512.2	14107	A	G	92	1	28	1	0	29	0.0106383	94	0.5	FALSE	NA	NA	NA	NA	NA	NA
NC_045512.2	14107	A	C	92	1	28	1	1	27	0.0106383	94	0.5	FALSE	NA	NA	NA	NA	NA	NA
NC_045512.2	14108	T	C	93	2	27	1	0	30	0.0106383	94	0.502674	FALSE	NA	NA	NA	NA	NA	NA
NC_045512.2	14109	A	C	93	1	27	1	1	28	0.0106383	94	0.502674	FALSE	NA	NA	NA	NA	NA	NA
NC_045512.2	14110	C	A	93	1	27	1	1	24	0.0106383	94	0.502674	FALSE	NA	NA	NA	NA	NA	NA
NC_045512.2	14112	A	T	93	1	28	1	1	28	0.0106383	94	0.502674	FALSE	NA	NA	NA	NA	NA	NA
NC_045512.2	14113	A	G	77	1	22	2	1	26	0.0253165	79	0.251592	FALSE	NA	NA	NA	NA	NA	NA
NC_045512.2	14114	C	G	92	1	27	1	1	27	0.0107527	93	0.502703	FALSE	NA	NA	NA	NA	NA	NA
NC_045512.2	14115	C	T	90	1	22	1	1	27	0.010989	91	0.502762	FALSE	NA	NA	NA	NA	NA	NA
NC_045512.2	14115	C	-A	90	1	22	1	0	20	0.010989	91	0.502762	FALSE	NA	NA	NA	NA	NA	NA
NC_045512.2	14116	A	G	91	1	26	1	0	27	0.0108696	92	0.5	FALSE	NA	NA	NA	NA	NA	NA
NC_045512.2	14117	C	A	92	1	26	1	1	27	0.0107527	93	0.502703	FALSE	NA	NA	NA	NA	NA	NA
NC_045512.2	14118	G	C	92	1	26	1	1	27	0.0107527	93	0.502703	FALSE	NA	NA	NA	NA	NA	NA
NC_045512.2	14119	C	T	91	0	26	1	1	27	0.0108696	92	0.502732	FALSE	NA	NA	NA	NA	NA	NA
NC_045512.2	14120	C	T	79	1	22	2	0	27	0.0243902	82	0.248447	FALSE	NA	NA	NA	NA	NA	NA
NC_045512.2	14120	C	G	79	1	22	1	1	21	0.0121951	82	0.496894	FALSE	NA	NA	NA	NA	NA	NA
NC_045512.2	14121	A	G	92	1	26	1	1	27	0.0107527	93	0.502703	FALSE	NA	NA	NA	NA	NA	NA
NC_045512.2	14122	G	T	92	1	26	1	1	27	0.0107527	93	0.502703	FALSE	NA	NA	NA	NA	NA	NA
NC_045512.2	14123	G	A	83	1	22	1	1	27	0.0119048	84	0.502994	FALSE	NA	NA	NA	NA	NA	NA
NC_045512.2	14125	A	G	92	1	26	1	1	25	0.0107527	93	0.502703	FALSE	NA	NA	NA	NA	NA	NA
NC_045512.2	14126	G	A	92	1	27	1	1	27	0.0107527	93	0.502703	FALSE	NA	NA	NA	NA	NA	NA
NC_045512.2	14128	G	T	92	1	27	1	1	29	0.0107527	93	0.502703	FALSE	NA	NA	NA	NA	NA	NA
NC_045512.2	14129	G	T	91	1	23	1	1	29	0.0108696	92	0.502732	FALSE	NA	NA	NA	NA	NA	NA
NC_045512.2	14130	A	C	92	1	27	1	1	28	0.0107527	93	0.502703	FALSE	NA	NA	NA	NA	NA	NA
NC_045512.2	14132	T	G	90	1	27	1	1	27	0.0107527	93	0.497268	FALSE	NA	NA	NA	NA	NA	NA
NC_045512.2	14132	T	C	90	1	27	2	0	27	0.0215054	93	0.248634	FALSE	NA	NA	NA	NA	NA	NA
NC_045512.2	14134	C	G	92	1	27	1	1	27	0.0106383	94	0.5	FALSE	NA	NA	NA	NA	NA	NA
NC_045512.2	14134	C	A	92	1	27	1	1	23	0.0106383	94	0.5	FALSE	NA	NA	NA	NA	NA	NA
NC_045512.2	14135	C	A	90	1	23	2	2	25	0.0217391	92	0.251366	FALSE	NA	NA	NA	NA	NA	NA
NC_045512.2	14136	T	A	93	2	27	1	1	23	0.0106383	94	0.502674	FALSE	NA	NA	NA	NA	NA	NA
NC_045512.2	14137	G	T	92	1	27	1	1	28	0.0106383	94	0.5	FALSE	NA	NA	NA	NA	NA	NA
NC_045512.2	14137	G	A	92	1	27	1	1	23	0.0106383	94	0.5	FALSE	NA	NA	NA	NA	NA	NA
NC_045512.2	14138	T	C	92	2	28	2	1	25	0.0212766	94	0.251337	FALSE	NA	NA	NA	NA	NA	NA
NC_045512.2	14139	T	C	89	1	23	1	1	28	0.010989	91	0.5	FALSE	NA	NA	NA	NA	NA	NA
NC_045512.2	14139	T	A	89	1	23	1	1	28	0.010989	91	0.5	FALSE	NA	NA	NA	NA	NA	NA
NC_045512.2	14140	G	A	92	2	27	1	1	28	0.0107527	93	0.502703	FALSE	NA	NA	NA	NA	NA	NA
NC_045512.2	14143	G	C	90	1	28	2	2	27	0.0217391	92	0.251366	FALSE	NA	NA	NA	NA	NA	NA
NC_045512.2	14145	T	A	90	1	27	2	2	27	0.0217391	92	0.251366	FALSE	NA	NA	NA	NA	NA	NA
NC_045512.2	14146	T	A	84	2	23	1	1	27	0.0117647	85	0.502959	FALSE	NA	NA	NA	NA	NA	NA
NC_045512.2	14147	C	T	91	2	26	1	1	28	0.0108696	92	0.502732	FALSE	NA	NA	NA	NA	NA	NA
NC_045512.2	14148	T	C	90	1	27	2	2	27	0.0217391	92	0.251366	FALSE	NA	NA	NA	NA	NA	NA
NC_045512.2	14149	T	A	83	2	23	1	1	23	0.0119048	84	0.502994	FALSE	NA	NA	NA	NA	NA	NA
NC_045512.2	14150	A	G	90	1	27	1	1	28	0.0108696	92	0.5	FALSE	NA	NA	NA	NA	NA	NA
NC_045512.2	14150	A	C	90	1	27	1	1	23	0.0108696	92	0.5	FALSE	NA	NA	NA	NA	NA	NA
NC_045512.2	14151	T	G	91	2	27	1	1	23	0.0108696	92	0.502732	FALSE	NA	NA	NA	NA	NA	NA
NC_045512.2	14152	T	G	82	1	23	1	1	28	0.0119048	84	0.5	FALSE	NA	NA	NA	NA	NA	NA
NC_045512.2	14152	T	C	82	1	23	1	1	22	0.0119048	84	0.5	FALSE	NA	NA	NA	NA	NA	NA
NC_045512.2	14153	A	C	91	2	26	1	1	27	0.0108696	92	0.502732	FALSE	NA	NA	NA	NA	NA	NA
NC_045512.2	14154	T	G	90	2	27	1	0	28	0.0108696	92	0.5	FALSE	NA	NA	NA	NA	NA	NA
NC_045512.2	14154	T	A	90	2	27	1	1	27	0.0108696	92	0.5	FALSE	NA	NA	NA	NA	NA	NA
NC_045512.2	14155	T	G	85	1	23	2	2	25	0.0229885	87	0.251445	FALSE	NA	NA	NA	NA	NA	NA
NC_045512.2	14156	C	G	91	2	26	1	1	28	0.0108696	92	0.502732	FALSE	NA	NA	NA	NA	NA	NA
NC_045512.2	14157	A	T	89	1	27	2	1	28	0.0217391	92	0.248619	FALSE	NA	NA	NA	NA	NA	NA
NC_045512.2	14157	A	C	89	1	27	1	1	27	0.0108696	92	0.497238	FALSE	NA	NA	NA	NA	NA	NA
NC_045512.2	14158	T	A	90	1	27	2	2	27	0.0217391	92	0.251366	FALSE	NA	NA	NA	NA	NA	NA
NC_045512.2	14159	T	G	84	2	23	1	1	28	0.0117647	85	0.502959	FALSE	NA	NA	NA	NA	NA	NA
NC_045512.2	14160	G	T	91	2	26	1	1	26	0.0108696	92	0.502732	FALSE	NA	NA	NA	NA	NA	NA
NC_045512.2	14161	T	G	89	1	27	1	1	21	0.010989	91	0.5	FALSE	NA	NA	NA	NA	NA	NA
NC_045512.2	14161	T	C	89	1	27	1	1	28	0.010989	91	0.5	FALSE	NA	NA	NA	NA	NA	NA
NC_045512.2	14162	T	G	86	1	23	2	2	27	0.0227273	88	0.251429	FALSE	NA	NA	NA	NA	NA	NA
NC_045512.2	14164	A	G	88	2	23	1	1	27	0.011236	89	0.502825	FALSE	NA	NA	NA	NA	NA	NA
NC_045512.2	14165	T	A	90	2	27	1	1	27	0.010989	91	0.502762	FALSE	NA	NA	NA	NA	NA	NA
NC_045512.2	14166	G	T	89	1	26	2	2	27	0.021978	91	0.251381	FALSE	NA	NA	NA	NA	NA	NA
NC_045512.2	14167	C	G	90	2	27	1	1	29	0.010989	91	0.502762	FALSE	NA	NA	NA	NA	NA	NA
NC_045512.2	14170	A	G	89	1	27	2	2	26	0.021978	91	0.251381	FALSE	NA	NA	NA	NA	NA	NA
NC_045512.2	14171	T	G	90	2	27	1	1	35	0.010989	91	0.502762	FALSE	NA	NA	NA	NA	NA	NA
NC_045512.2	14172	A	T	89	1	27	2	2	27	0.021978	91	0.251381	FALSE	NA	NA	NA	NA	NA	NA
NC_045512.2	14173	T	G	89	1	27	1	1	23	0.010989	91	0.5	FALSE	NA	NA	NA	NA	NA	NA
NC_045512.2	14173	T	A	89	1	27	1	1	28	0.010989	91	0.5	FALSE	NA	NA	NA	NA	NA	NA
NC_045512.2	14175	A	T	89	2	27	1	1	29	0.0111111	90	0.502793	FALSE	NA	NA	NA	NA	NA	NA
NC_045512.2	14176	A	G	83	1	23	4	2	28	0.045977	87	0.0617584	FALSE	NA	NA	NA	NA	NA	NA
NC_045512.2	14177	C	T	87	1	27	1	1	24	0.011236	89	0.5	FALSE	NA	NA	NA	NA	NA	NA
NC_045512.2	14177	C	A	87	1	27	1	1	29	0.011236	89	0.5	FALSE	NA	NA	NA	NA	NA	NA
NC_045512.2	14178	C	T	81	1	23	2	2	27	0.0240964	83	0.251515	FALSE	NA	NA	NA	NA	NA	NA
NC_045512.2	14179	T	G	86	2	27	1	1	24	0.0114943	87	0.50289	FALSE	NA	NA	NA	NA	NA	NA
NC_045512.2	14180	T	G	78	1	23	1	1	29	0.0125	80	0.5	FALSE	NA	NA	NA	NA	NA	NA
NC_045512.2	14180	T	C	78	1	23	1	1	30	0.0125	80	0.5	FALSE	NA	NA	NA	NA	NA	NA
NC_045512.2	14181	G	T	83	1	27	2	2	25	0.0232558	86	0.248521	FALSE	NA	NA	NA	NA	NA	NA
NC_045512.2	14181	G	A	83	1	27	1	0	26	0.0116279	86	0.497041	FALSE	NA	NA	NA	NA	NA	NA
NC_045512.2	14182	A	T	81	1	27	1	1	29	0.0120482	83	0.5	FALSE	NA	NA	NA	NA	NA	NA
NC_045512.2	14182	A	G	81	1	27	1	1	26	0.0120482	83	0.5	FALSE	NA	NA	NA	NA	NA	NA
NC_045512.2	14183	C	T	82	1	27	1	1	26	0.0119048	84	0.5	FALSE	NA	NA	NA	NA	NA	NA
NC_045512.2	14183	C	A	82	1	27	1	1	27	0.0119048	84	0.5	FALSE	NA	NA	NA	NA	NA	NA
NC_045512.2	14184	C	T	71	1	23	1	1	20	0.0136986	73	0.5	FALSE	NA	NA	NA	NA	NA	NA
NC_045512.2	14184	C	A	71	1	23	1	1	27	0.0136986	73	0.5	FALSE	NA	NA	NA	NA	NA	NA
NC_045512.2	14185	A	T	72	1	26	1	1	27	0.0135135	74	0.5	FALSE	NA	NA	NA	NA	NA	NA
NC_045512.2	14185	A	C	72	1	26	1	1	27	0.0135135	74	0.5	FALSE	NA	NA	NA	NA	NA	NA
NC_045512.2	14186	G	T	72	1	27	1	1	27	0.0135135	74	0.5	FALSE	NA	NA	NA	NA	NA	NA
NC_045512.2	14186	G	A	72	1	27	1	1	27	0.0135135	74	0.5	FALSE	NA	NA	NA	NA	NA	NA
NC_045512.2	14187	G	T	73	2	27	1	1	22	0.0135135	74	0.503401	FALSE	NA	NA	NA	NA	NA	NA
NC_045512.2	14188	G	T	41	1	22	1	1	28	0.0232558	43	0.5	FALSE	NA	NA	NA	NA	NA	NA
NC_045512.2	14188	G	A	41	1	22	1	1	23	0.0232558	43	0.5	FALSE	NA	NA	NA	NA	NA	NA
NC_045512.2	14189	C	-T	72	4	25	1	0	20	0.0138889	72	0.506944	FALSE	NA	NA	NA	NA	NA	NA
NC_045512.2	14190	T	A	68	1	26	2	2	25	0.0285714	70	0.248201	FALSE	NA	NA	NA	NA	NA	NA
NC_045512.2	14191	T	G	68	2	27	1	1	28	0.0144928	69	0.50365	FALSE	NA	NA	NA	NA	NA	NA
NC_045512.2	14193	A	G	68	2	26	2	2	27	0.0285714	70	0.251799	FALSE	NA	NA	NA	NA	NA	NA
NC_045512.2	14194	A	T	67	2	22	1	1	23	0.0142857	70	0.49635	FALSE	NA	NA	NA	NA	NA	NA
NC_045512.2	14194	A	G	67	2	22	1	1	28	0.0142857	70	0.49635	FALSE	NA	NA	NA	NA	NA	NA
NC_045512.2	14194	A	C	67	2	22	1	1	21	0.0142857	70	0.49635	FALSE	NA	NA	NA	NA	NA	NA
NC_045512.2	14195	C	T	67	1	27	1	1	27	0.0144928	69	0.5	FALSE	NA	NA	NA	NA	NA	NA
NC_045512.2	14195	C	A	67	1	27	1	1	27	0.0144928	69	0.5	FALSE	NA	NA	NA	NA	NA	NA
NC_045512.2	14196	T	G	69	3	26	1	1	22	0.0140845	71	0.5	FALSE	NA	NA	NA	NA	NA	NA
NC_045512.2	14196	T	A	69	3	26	1	1	23	0.0140845	71	0.5	FALSE	NA	NA	NA	NA	NA	NA
NC_045512.2	14197	G	T	67	1	27	2	2	23	0.028169	71	0.244604	FALSE	NA	NA	NA	NA	NA	NA
NC_045512.2	14197	G	A	67	1	27	2	2	24	0.028169	71	0.244604	FALSE	NA	NA	NA	NA	NA	NA
NC_045512.2	14197	G	-C	67	1	27	1	0	20	0.0140845	71	0.492754	FALSE	NA	NA	NA	NA	NA	NA
NC_045512.2	14198	C	T	67	2	26	1	1	28	0.0142857	70	0.492754	FALSE	NA	NA	NA	NA	NA	NA
NC_045512.2	14198	C	G	67	2	26	1	1	24	0.0142857	70	0.492754	FALSE	NA	NA	NA	NA	NA	NA
NC_045512.2	14198	C	A	67	2	26	1	1	26	0.0142857	70	0.492754	FALSE	NA	NA	NA	NA	NA	NA
NC_045512.2	14199	A	T	68	3	26	1	1	26	0.0140845	71	0.496403	FALSE	NA	NA	NA	NA	NA	NA
NC_045512.2	14199	A	G	68	3	26	2	1	27	0.028169	71	0.248201	FALSE	NA	NA	NA	NA	NA	NA
NC_045512.2	14200	G	T	67	1	26	1	1	29	0.0142857	70	0.49635	FALSE	NA	NA	NA	NA	NA	NA
NC_045512.2	14200	G	C	67	1	26	2	2	25	0.0285714	70	0.248175	FALSE	NA	NA	NA	NA	NA	NA
NC_045512.2	14201	A	T	69	3	26	1	1	23	0.0138889	72	0.496454	FALSE	NA	NA	NA	NA	NA	NA
NC_045512.2	14201	A	C	69	3	26	2	2	25	0.0277778	72	0.248227	FALSE	NA	NA	NA	NA	NA	NA
NC_045512.2	14202	G	T	68	2	26	2	2	25	0.0277778	72	0.244681	FALSE	NA	NA	NA	NA	NA	NA
NC_045512.2	14202	G	C	68	2	26	1	1	25	0.0138889	72	0.492857	FALSE	NA	NA	NA	NA	NA	NA
NC_045512.2	14202	G	A	68	2	26	1	1	27	0.0138889	72	0.492857	FALSE	NA	NA	NA	NA	NA	NA
NC_045512.2	14203	T	G	67	1	27	2	2	27	0.028169	71	0.244604	FALSE	NA	NA	NA	NA	NA	NA
NC_045512.2	14203	T	C	67	1	27	1	1	24	0.0140845	71	0.492754	FALSE	NA	NA	NA	NA	NA	NA
NC_045512.2	14203	T	A	67	1	27	1	1	26	0.0140845	71	0.492754	FALSE	NA	NA	NA	NA	NA	NA
NC_045512.2	14204	C	T	67	1	27	2	2	26	0.0277778	72	0.24111	FALSE	NA	NA	NA	NA	NA	NA
NC_045512.2	14204	C	A	67	1	27	3	3	26	0.0416667	72	0.1197	FALSE	NA	NA	NA	NA	NA	NA
NC_045512.2	14205	A	T	68	3	27	2	2	26	0.028169	71	0.248201	FALSE	NA	NA	NA	NA	NA	NA
NC_045512.2	14205	A	G	68	3	27	1	1	29	0.0140845	71	0.496403	FALSE	NA	NA	NA	NA	NA	NA
NC_045512.2	14206	C	T	67	3	27	1	1	24	0.0142857	70	0.49635	FALSE	NA	NA	NA	NA	NA	NA
NC_045512.2	14206	C	A	67	3	27	2	2	26	0.0285714	70	0.248175	FALSE	NA	NA	NA	NA	NA	NA
NC_045512.2	14207	A	T	64	1	27	3	3	24	0.0434783	69	0.119465	FALSE	NA	NA	NA	NA	NA	NA
NC_045512.2	14207	A	C	64	1	27	2	2	25	0.0289855	69	0.240714	FALSE	NA	NA	NA	NA	NA	NA
NC_045512.2	14208	T	C	64	2	26	1	1	25	0.0149254	67	0.496183	FALSE	NA	NA	NA	NA	NA	NA
NC_045512.2	14208	T	A	64	2	26	2	2	26	0.0298507	67	0.248092	FALSE	NA	NA	NA	NA	NA	NA
NC_045512.2	14209	G	T	63	1	26	1	1	28	0.0147059	68	0.48855	FALSE	NA	NA	NA	NA	NA	NA
NC_045512.2	14209	G	C	63	1	26	1	1	28	0.0147059	68	0.48855	FALSE	NA	NA	NA	NA	NA	NA
NC_045512.2	14209	G	A	63	1	26	3	3	25	0.0441176	68	0.119382	FALSE	NA	NA	NA	NA	NA	NA
NC_045512.2	14210	T	G	63	1	26	1	1	22	0.0147059	68	0.48855	FALSE	NA	NA	NA	NA	NA	NA
NC_045512.2	14210	T	C	63	1	26	2	2	26	0.0294118	68	0.240574	FALSE	NA	NA	NA	NA	NA	NA
NC_045512.2	14210	T	A	63	1	26	2	2	25	0.0294118	68	0.240574	FALSE	NA	NA	NA	NA	NA	NA
NC_045512.2	14211	T	C	56	2	22	2	2	27	0.0338983	59	0.247826	FALSE	NA	NA	NA	NA	NA	NA
NC_045512.2	14211	T	A	56	2	22	1	1	26	0.0169492	59	0.495652	FALSE	NA	NA	NA	NA	NA	NA
NC_045512.2	14212	G	T	65	3	26	2	2	25	0.0289855	69	0.244444	FALSE	NA	NA	NA	NA	NA	NA
NC_045512.2	14212	G	C	65	3	26	2	2	23	0.0289855	69	0.244444	FALSE	NA	NA	NA	NA	NA	NA
NC_045512.2	14213	A	T	65	4	27	1	1	28	0.0147059	68	0.496241	FALSE	NA	NA	NA	NA	NA	NA
NC_045512.2	14213	A	G	65	4	27	2	2	24	0.0294118	68	0.24812	FALSE	NA	NA	NA	NA	NA	NA
NC_045512.2	14214	C	T	64	3	27	2	2	24	0.0294118	68	0.244361	FALSE	NA	NA	NA	NA	NA	NA
NC_045512.2	14214	C	G	64	3	27	2	2	25	0.0294118	68	0.244361	FALSE	NA	NA	NA	NA	NA	NA
NC_045512.2	14215	A	G	64	3	27	3	3	25	0.0447761	67	0.124978	FALSE	NA	NA	NA	NA	NA	NA
NC_045512.2	14216	C	T	63	2	27	1	1	27	0.0149254	67	0.492308	FALSE	NA	NA	NA	NA	NA	NA
NC_045512.2	14216	C	A	63	2	27	3	3	26	0.0447761	67	0.122137	FALSE	NA	NA	NA	NA	NA	NA
NC_045512.2	14217	T	C	63	2	27	3	3	25	0.0441176	68	0.119382	FALSE	NA	NA	NA	NA	NA	NA
NC_045512.2	14217	T	A	63	2	27	2	2	26	0.0294118	68	0.240574	FALSE	NA	NA	NA	NA	NA	NA
NC_045512.2	14218	G	T	63	2	27	2	2	27	0.0294118	68	0.240574	FALSE	NA	NA	NA	NA	NA	NA
NC_045512.2	14218	G	C	63	2	27	1	1	20	0.0147059	68	0.48855	FALSE	NA	NA	NA	NA	NA	NA
NC_045512.2	14218	G	A	63	2	27	2	2	26	0.0294118	68	0.240574	FALSE	NA	NA	NA	NA	NA	NA
NC_045512.2	14219	A	T	62	1	26	2	2	26	0.0294118	68	0.236759	FALSE	NA	NA	NA	NA	NA	NA
NC_045512.2	14219	A	G	62	1	26	3	3	21	0.0441176	68	0.116586	FALSE	NA	NA	NA	NA	NA	NA
NC_045512.2	14219	A	C	62	1	26	1	1	26	0.0147059	68	0.484615	FALSE	NA	NA	NA	NA	NA	NA
NC_045512.2	14220	C	G	63	2	27	4	4	24	0.0588235	68	0.0596912	FALSE	NA	NA	NA	NA	NA	NA
NC_045512.2	14220	C	A	63	2	27	1	1	25	0.0147059	68	0.48855	FALSE	NA	NA	NA	NA	NA	NA
NC_045512.2	14221	T	G	64	3	27	2	2	27	0.0294118	68	0.244361	FALSE	NA	NA	NA	NA	NA	NA
NC_045512.2	14221	T	C	64	3	27	1	1	25	0.0147059	68	0.492424	FALSE	NA	NA	NA	NA	NA	NA
NC_045512.2	14221	T	A	64	3	27	1	1	26	0.0147059	68	0.492424	FALSE	NA	NA	NA	NA	NA	NA
NC_045512.2	14222	T	G	61	2	23	1	1	23	0.0151515	66	0.488189	FALSE	NA	NA	NA	NA	NA	NA
NC_045512.2	14222	T	C	61	2	23	1	1	23	0.0151515	66	0.488189	FALSE	NA	NA	NA	NA	NA	NA
NC_045512.2	14222	T	A	61	2	23	3	3	25	0.0454545	66	0.119209	FALSE	NA	NA	NA	NA	NA	NA
NC_045512.2	14223	A	G	62	2	27	2	2	24	0.03125	64	0.251969	FALSE	NA	NA	NA	NA	NA	NA
NC_045512.2	14224	A	T	58	1	23	2	2	22	0.0322581	62	0.243802	FALSE	NA	NA	NA	NA	NA	NA
NC_045512.2	14224	A	C	58	1	23	2	2	24	0.0322581	62	0.243802	FALSE	NA	NA	NA	NA	NA	NA
NC_045512.2	14225	C	T	55	1	27	1	1	27	0.0172414	58	0.495575	FALSE	NA	NA	NA	NA	NA	NA
NC_045512.2	14225	C	A	55	1	27	2	2	21	0.0344828	58	0.247788	FALSE	NA	NA	NA	NA	NA	NA
NC_045512.2	14226	A	G	55	1	27	2	2	23	0.0350877	57	0.252212	FALSE	NA	NA	NA	NA	NA	NA
NC_045512.2	14227	A	G	57	3	27	1	1	25	0.0169492	59	0.5	FALSE	NA	NA	NA	NA	NA	NA
NC_045512.2	14227	A	C	57	3	27	1	1	23	0.0169492	59	0.5	FALSE	NA	NA	NA	NA	NA	NA
NC_045512.2	14228	A	T	42	1	22	2	2	25	0.0434783	46	0.241573	FALSE	NA	NA	NA	NA	NA	NA
NC_045512.2	14228	A	G	42	1	22	1	1	27	0.0217391	46	0.488636	FALSE	NA	NA	NA	NA	NA	NA
NC_045512.2	14228	A	C	42	1	22	1	1	22	0.0217391	46	0.488636	FALSE	NA	NA	NA	NA	NA	NA
NC_045512.2	14229	G	T	56	2	26	1	1	22	0.0169492	59	0.495652	FALSE	NA	NA	NA	NA	NA	NA
NC_045512.2	14229	G	C	56	2	26	1	1	27	0.0169492	59	0.495652	FALSE	NA	NA	NA	NA	NA	NA
NC_045512.2	14229	G	A	56	2	26	1	1	25	0.0169492	59	0.495652	FALSE	NA	NA	NA	NA	NA	NA
NC_045512.2	14230	C	T	54	1	27	1	1	26	0.0175439	57	0.495495	FALSE	NA	NA	NA	NA	NA	NA
NC_045512.2	14230	C	G	54	1	27	1	1	20	0.0175439	57	0.495495	FALSE	NA	NA	NA	NA	NA	NA
NC_045512.2	14230	C	A	54	1	27	1	1	27	0.0175439	57	0.495495	FALSE	NA	NA	NA	NA	NA	NA
NC_045512.2	14231	C	T	50	3	23	2	2	22	0.0384615	52	0.252427	FALSE	NA	NA	NA	NA	NA	NA
NC_045512.2	14232	T	G	54	1	27	2	2	22	0.0350877	57	0.247748	FALSE	NA	NA	NA	NA	NA	NA
NC_045512.2	14232	T	C	54	1	27	1	1	20	0.0175439	57	0.495495	FALSE	NA	NA	NA	NA	NA	NA
NC_045512.2	14233	T	G	51	3	23	1	1	30	0.0192308	52	0.504854	FALSE	NA	NA	NA	NA	NA	NA
NC_045512.2	14234	A	G	56	3	27	1	1	20	0.0172414	58	0.5	FALSE	NA	NA	NA	NA	NA	NA
NC_045512.2	14234	A	C	56	3	27	1	1	22	0.0172414	58	0.5	FALSE	NA	NA	NA	NA	NA	NA
NC_045512.2	14235	C	T	53	2	27	1	1	21	0.0175439	57	0.490909	FALSE	NA	NA	NA	NA	NA	NA
NC_045512.2	14235	C	G	53	2	27	2	2	27	0.0350877	57	0.243243	FALSE	NA	NA	NA	NA	NA	NA
NC_045512.2	14235	C	A	53	2	27	1	1	22	0.0175439	57	0.490909	FALSE	NA	NA	NA	NA	NA	NA
NC_045512.2	14236	A	T	52	2	27	2	2	23	0.0357143	56	0.243119	FALSE	NA	NA	NA	NA	NA	NA
NC_045512.2	14236	A	G	52	2	27	2	2	21	0.0357143	56	0.243119	FALSE	NA	NA	NA	NA	NA	NA
NC_045512.2	14237	T	G	51	2	27	3	3	24	0.0545455	55	0.121495	FALSE	NA	NA	NA	NA	NA	NA
NC_045512.2	14237	T	C	51	2	27	1	0	29	0.0181818	55	0.490566	FALSE	NA	NA	NA	NA	NA	NA
NC_045512.2	14239	A	G	53	3	27	1	1	23	0.0178571	56	0.495413	FALSE	NA	NA	NA	NA	NA	NA
NC_045512.2	14239	A	C	53	3	27	2	2	24	0.0357143	56	0.247706	FALSE	NA	NA	NA	NA	NA	NA
NC_045512.2	14240	A	T	45	2	22	2	2	22	0.0408163	49	0.242105	FALSE	NA	NA	NA	NA	NA	NA
NC_045512.2	14240	A	G	45	2	22	2	2	27	0.0408163	49	0.242105	FALSE	NA	NA	NA	NA	NA	NA
NC_045512.2	14241	G	T	51	2	26	2	2	28	0.037037	54	0.247619	FALSE	NA	NA	NA	NA	NA	NA
NC_045512.2	14241	G	A	51	2	26	1	1	28	0.0185185	54	0.495238	FALSE	NA	NA	NA	NA	NA	NA
NC_045512.2	14242	T	G	51	4	26	1	1	23	0.0188679	53	0.5	FALSE	NA	NA	NA	NA	NA	NA
NC_045512.2	14242	T	A	51	4	26	1	1	27	0.0188679	53	0.5	FALSE	NA	NA	NA	NA	NA	NA
NC_045512.2	14243	G	T	49	2	26	4	4	25	0.0754717	53	0.0612575	FALSE	NA	NA	NA	NA	NA	NA
NC_045512.2	14244	G	T	49	2	28	1	1	27	0.0188679	53	0.490196	FALSE	NA	NA	NA	NA	NA	NA
NC_045512.2	14244	G	C	49	2	28	2	2	27	0.0377358	53	0.242718	FALSE	NA	NA	NA	NA	NA	NA
NC_045512.2	14244	G	A	49	2	28	1	1	23	0.0188679	53	0.490196	FALSE	NA	NA	NA	NA	NA	NA
NC_045512.2	14245	G	T	28	2	22	2	2	22	0.0625	32	0.237705	FALSE	NA	NA	NA	NA	NA	NA
NC_045512.2	14245	G	A	28	2	22	2	2	24	0.0625	32	0.237705	FALSE	NA	NA	NA	NA	NA	NA
NC_045512.2	14246	A	T	38	2	25	3	3	24	0.0731707	41	0.124941	FALSE	NA	NA	NA	NA	NA	NA
NC_045512.2	14246	A	-T	38	2	25	1	0	20	0.0243902	41	0.493671	FALSE	NA	NA	NA	NA	NA	NA
NC_045512.2	14247	T	G	37	3	26	1	1	27	0.0243902	41	0.481013	FALSE	NA	NA	NA	NA	NA	NA
NC_045512.2	14247	T	C	37	3	26	1	0	29	0.0243902	41	0.481013	FALSE	NA	NA	NA	NA	NA	NA
NC_045512.2	14247	T	A	37	3	26	2	2	24	0.0487805	41	0.234494	FALSE	NA	NA	NA	NA	NA	NA
NC_045512.2	14248	T	C	36	2	26	3	3	25	0.075	40	0.12013	FALSE	NA	NA	NA	NA	NA	NA
NC_045512.2	14248	T	A	36	2	26	1	1	26	0.025	40	0.486842	FALSE	NA	NA	NA	NA	NA	NA
NC_045512.2	14249	T	C	14	2	22	1	1	27	0.0555556	18	0.46875	FALSE	NA	NA	NA	NA	NA	NA
NC_045512.2	14249	T	A	14	2	22	3	2	25	0.166667	18	0.113636	FALSE	NA	NA	NA	NA	NA	NA
NC_045512.2	14250	G	T	32	1	25	3	3	24	0.0810811	37	0.114513	FALSE	NA	NA	NA	NA	NA	NA
NC_045512.2	14250	G	A	32	1	25	2	2	24	0.0540541	37	0.232298	FALSE	NA	NA	NA	NA	NA	NA
NC_045512.2	14251	T	G	33	2	26	1	1	27	0.0277778	36	0.492754	FALSE	NA	NA	NA	NA	NA	NA
NC_045512.2	14251	T	C	33	2	26	1	1	25	0.0277778	36	0.492754	FALSE	NA	NA	NA	NA	NA	NA
NC_045512.2	14251	T	A	33	2	26	1	1	27	0.0277778	36	0.492754	FALSE	NA	NA	NA	NA	NA	NA
NC_045512.2	14252	T	G	27	4	22	1	1	27	0.0344828	29	0.5	FALSE	NA	NA	NA	NA	NA	NA
NC_045512.2	14252	T	C	27	4	22	1	1	21	0.0344828	29	0.5	FALSE	NA	NA	NA	NA	NA	NA
NC_045512.2	14253	A	T	33	1	26	3	3	26	0.0789474	38	0.114798	FALSE	NA	NA	NA	NA	NA	NA
NC_045512.2	14253	A	C	33	1	26	2	2	25	0.0526316	38	0.232786	FALSE	NA	NA	NA	NA	NA	NA
NC_045512.2	14254	A	T	35	4	27	1	1	28	0.0263158	38	0.493151	FALSE	NA	NA	NA	NA	NA	NA
NC_045512.2	14254	A	G	35	4	27	2	1	26	0.0526316	38	0.246575	FALSE	NA	NA	NA	NA	NA	NA
NC_045512.2	14255	A	T	33	2	27	2	2	25	0.0555556	36	0.246377	FALSE	NA	NA	NA	NA	NA	NA
NC_045512.2	14255	A	C	33	2	27	1	1	27	0.0277778	36	0.492754	FALSE	NA	NA	NA	NA	NA	NA
NC_045512.2	14256	A	T	20	3	21	2	2	29	0.0869565	23	0.244186	FALSE	NA	NA	NA	NA	NA	NA
NC_045512.2	14256	A	G	20	3	21	1	1	22	0.0434783	23	0.488372	FALSE	NA	NA	NA	NA	NA	NA
NC_045512.2	14257	T	G	33	2	26	2	2	25	0.0555556	36	0.246377	FALSE	NA	NA	NA	NA	NA	NA
NC_045512.2	14257	T	A	33	2	26	1	1	28	0.0277778	36	0.492754	FALSE	NA	NA	NA	NA	NA	NA
NC_045512.2	14258	A	T	33	2	26	1	1	24	0.0277778	36	0.492754	FALSE	NA	NA	NA	NA	NA	NA
NC_045512.2	14258	A	G	33	2	26	1	1	28	0.0277778	36	0.492754	FALSE	NA	NA	NA	NA	NA	NA
NC_045512.2	14258	A	C	33	2	26	1	1	22	0.0277778	36	0.492754	FALSE	NA	NA	NA	NA	NA	NA
NC_045512.2	14259	T	C	35	4	26	1	1	24	0.027027	37	0.5	FALSE	NA	NA	NA	NA	NA	NA
NC_045512.2	14259	T	A	35	4	26	1	1	22	0.027027	37	0.5	FALSE	NA	NA	NA	NA	NA	NA
NC_045512.2	14260	G	T	33	2	26	1	1	28	0.0277778	36	0.492754	FALSE	NA	NA	NA	NA	NA	NA
NC_045512.2	14260	G	C	33	2	26	2	2	26	0.0555556	36	0.246377	FALSE	NA	NA	NA	NA	NA	NA
NC_045512.2	14261	A	T	34	3	26	1	1	28	0.027027	37	0.492958	FALSE	NA	NA	NA	NA	NA	NA
NC_045512.2	14261	A	G	34	3	26	1	1	27	0.027027	37	0.492958	FALSE	NA	NA	NA	NA	NA	NA
NC_045512.2	14261	A	C	34	3	26	1	1	28	0.027027	37	0.492958	FALSE	NA	NA	NA	NA	NA	NA
NC_045512.2	14262	C	T	32	1	26	4	4	25	0.108108	37	0.0572566	FALSE	NA	NA	NA	NA	NA	NA
NC_045512.2	14262	C	A	32	1	26	1	1	28	0.027027	37	0.478261	FALSE	NA	NA	NA	NA	NA	NA
NC_045512.2	14263	T	G	33	3	27	1	1	25	0.0277778	36	0.492754	FALSE	NA	NA	NA	NA	NA	NA
NC_045512.2	14263	T	A	33	3	27	2	2	27	0.0555556	36	0.246377	FALSE	NA	NA	NA	NA	NA	NA
NC_045512.2	14264	T	G	23	1	22	2	2	27	0.0714286	28	0.226244	FALSE	NA	NA	NA	NA	NA	NA
NC_045512.2	14264	T	C	23	1	22	1	1	20	0.0357143	28	0.470588	FALSE	NA	NA	NA	NA	NA	NA
NC_045512.2	14264	T	A	23	1	22	2	2	28	0.0714286	28	0.226244	FALSE	NA	NA	NA	NA	NA	NA
NC_045512.2	14265	C	T	32	2	26	4	4	24	0.111111	36	0.0606246	FALSE	NA	NA	NA	NA	NA	NA
NC_045512.2	14266	A	T	30	1	26	4	4	27	0.114286	35	0.056946	FALSE	NA	NA	NA	NA	NA	NA
NC_045512.2	14266	A	G	30	1	26	1	1	24	0.0285714	35	0.476923	FALSE	NA	NA	NA	NA	NA	NA
NC_045512.2	14267	C	G	30	1	26	1	1	29	0.0285714	35	0.476923	FALSE	NA	NA	NA	NA	NA	NA
NC_045512.2	14267	C	A	30	1	26	4	4	25	0.114286	35	0.056946	FALSE	NA	NA	NA	NA	NA	NA
NC_045512.2	14268	G	T	29	1	27	2	2	25	0.0588235	34	0.230655	FALSE	NA	NA	NA	NA	NA	NA
NC_045512.2	14268	G	A	29	1	27	3	3	28	0.0882353	34	0.113553	FALSE	NA	NA	NA	NA	NA	NA
NC_045512.2	14269	G	T	26	2	22	2	2	27	0.0666667	30	0.236842	FALSE	NA	NA	NA	NA	NA	NA
NC_045512.2	14269	G	C	26	2	22	1	1	24	0.0333333	30	0.482143	FALSE	NA	NA	NA	NA	NA	NA
NC_045512.2	14269	G	A	26	2	22	1	1	27	0.0333333	30	0.482143	FALSE	NA	NA	NA	NA	NA	NA
NC_045512.2	14270	A	T	28	1	27	2	2	22	0.0606061	33	0.230037	FALSE	NA	NA	NA	NA	NA	NA
NC_045512.2	14270	A	G	28	1	27	1	1	27	0.030303	33	0.47541	FALSE	NA	NA	NA	NA	NA	NA
NC_045512.2	14270	A	C	28	1	27	2	2	28	0.0606061	33	0.230037	FALSE	NA	NA	NA	NA	NA	NA
NC_045512.2	14271	A	T	27	2	22	3	3	26	0.0967742	31	0.118644	FALSE	NA	NA	NA	NA	NA	NA
NC_045512.2	14271	A	C	27	2	22	1	1	22	0.0322581	31	0.482759	FALSE	NA	NA	NA	NA	NA	NA
NC_045512.2	14272	G	T	28	1	26	2	2	27	0.0606061	33	0.230037	FALSE	NA	NA	NA	NA	NA	NA
NC_045512.2	14272	G	C	28	1	26	2	2	25	0.0606061	33	0.230037	FALSE	NA	NA	NA	NA	NA	NA
NC_045512.2	14272	G	A	28	1	26	1	1	21	0.030303	33	0.47541	FALSE	NA	NA	NA	NA	NA	NA
NC_045512.2	14273	A	T	28	2	25	2	2	28	0.0625	32	0.237705	FALSE	NA	NA	NA	NA	NA	NA
NC_045512.2	14273	A	G	28	2	25	1	1	27	0.03125	32	0.483333	FALSE	NA	NA	NA	NA	NA	NA
NC_045512.2	14273	A	C	28	2	25	1	1	28	0.03125	32	0.483333	FALSE	NA	NA	NA	NA	NA	NA
NC_045512.2	14274	G	T	26	2	26	1	1	27	0.0333333	30	0.482143	FALSE	NA	NA	NA	NA	NA	NA
NC_045512.2	14274	G	C	26	2	26	1	1	22	0.0333333	30	0.482143	FALSE	NA	NA	NA	NA	NA	NA
NC_045512.2	14274	G	A	26	2	26	2	2	27	0.0666667	30	0.236842	FALSE	NA	NA	NA	NA	NA	NA
NC_045512.2	14275	A	T	23	1	26	2	2	25	0.0714286	28	0.226244	FALSE	NA	NA	NA	NA	NA	NA
NC_045512.2	14275	A	G	23	1	26	1	1	27	0.0357143	28	0.470588	FALSE	NA	NA	NA	NA	NA	NA
NC_045512.2	14275	A	C	23	1	26	2	2	22	0.0714286	28	0.226244	FALSE	NA	NA	NA	NA	NA	NA
NC_045512.2	14276	G	T	18	1	26	2	2	25	0.0909091	22	0.231707	FALSE	NA	NA	NA	NA	NA	NA
NC_045512.2	14276	G	C	18	1	26	1	1	29	0.0454545	22	0.475	FALSE	NA	NA	NA	NA	NA	NA
NC_045512.2	14276	G	A	18	1	26	1	1	28	0.0454545	22	0.475	FALSE	NA	NA	NA	NA	NA	NA
NC_045512.2	14277	G	T	12	1	22	3	3	25	0.176471	17	0.101224	FALSE	NA	NA	NA	NA	NA	NA
NC_045512.2	14277	G	A	12	1	22	2	2	25	0.117647	17	0.209195	FALSE	NA	NA	NA	NA	NA	NA
NC_045512.2	14278	T	G	17	2	25	3	3	23	0.142857	21	0.115385	FALSE	NA	NA	NA	NA	NA	NA
NC_045512.2	14278	T	A	17	2	25	1	1	27	0.047619	21	0.473684	FALSE	NA	NA	NA	NA	NA	NA
NC_045512.2	14279	T	G	11	3	23	1	1	27	0.0714286	14	0.48	FALSE	NA	NA	NA	NA	NA	NA
NC_045512.2	14279	T	A	11	3	23	2	2	25	0.142857	14	0.24	FALSE	NA	NA	NA	NA	NA	NA
NC_045512.2	14280	A	G	17	3	25	2	2	27	0.1	20	0.243243	FALSE	NA	NA	NA	NA	NA	NA
NC_045512.2	14280	A	C	17	3	25	1	1	21	0.05	20	0.486486	FALSE	NA	NA	NA	NA	NA	NA
NC_045512.2	14281	A	G	15	1	27	1	1	28	0.05	20	0.457143	FALSE	NA	NA	NA	NA	NA	NA
NC_045512.2	14281	A	C	15	1	27	4	4	24	0.2	20	0.0525097	FALSE	NA	NA	NA	NA	NA	NA
NC_045512.2	14282	A	T	17	3	27	1	1	21	0.05	20	0.486486	FALSE	NA	NA	NA	NA	NA	NA
NC_045512.2	14282	A	C	17	3	27	2	2	24	0.1	20	0.243243	FALSE	NA	NA	NA	NA	NA	NA
NC_045512.2	14283	A	T	5	1	21	3	3	25	0.333333	9	0.1	FALSE	NA	NA	NA	NA	NA	NA
NC_045512.2	14283	A	G	5	1	21	1	1	20	0.111111	9	0.428571	FALSE	NA	NA	NA	NA	NA	NA
NC_045512.2	14284	C	T	14	1	25	3	3	26	0.157895	19	0.103896	FALSE	NA	NA	NA	NA	NA	NA
NC_045512.2	14284	C	G	14	1	25	1	1	27	0.0526316	19	0.454545	FALSE	NA	NA	NA	NA	NA	NA
NC_045512.2	14284	C	A	14	1	25	1	1	26	0.0526316	19	0.454545	FALSE	NA	NA	NA	NA	NA	NA
NC_045512.2	14285	T	G	15	2	26	2	2	25	0.105263	19	0.228571	FALSE	NA	NA	NA	NA	NA	NA
NC_045512.2	14285	T	C	15	2	26	1	1	28	0.0526316	19	0.470588	FALSE	NA	NA	NA	NA	NA	NA
NC_045512.2	14285	T	A	15	2	26	1	1	22	0.0526316	19	0.470588	FALSE	NA	NA	NA	NA	NA	NA
NC_045512.2	14286	C	T	12	2	26	1	1	24	0.0625	16	0.464286	FALSE	NA	NA	NA	NA	NA	NA
NC_045512.2	14286	C	A	12	2	26	3	3	26	0.1875	16	0.112069	FALSE	NA	NA	NA	NA	NA	NA
NC_045512.2	14287	T	C	13	3	26	2	2	23	0.133333	15	0.258621	FALSE	NA	NA	NA	NA	NA	NA
NC_045512.2	14288	T	C	14	4	26	1	1	26	0.0625	16	0.5	FALSE	NA	NA	NA	NA	NA	NA
NC_045512.2	14288	T	A	14	4	26	1	1	29	0.0625	16	0.5	FALSE	NA	NA	NA	NA	NA	NA
NC_045512.2	14289	T	G	9	3	23	1	1	27	0.0833333	12	0.47619	FALSE	NA	NA	NA	NA	NA	NA
NC_045512.2	14289	T	A	9	3	23	2	2	25	0.166667	12	0.238095	FALSE	NA	NA	NA	NA	NA	NA
NC_045512.2	14290	G	T	11	1	26	1	1	28	0.0666667	15	0.461538	FALSE	NA	NA	NA	NA	NA	NA
NC_045512.2	14290	G	C	11	1	26	1	1	27	0.0666667	15	0.461538	FALSE	NA	NA	NA	NA	NA	NA
NC_045512.2	14290	G	A	11	1	26	2	2	24	0.133333	15	0.222222	FALSE	NA	NA	NA	NA	NA	NA
NC_045512.2	14291	A	G	14	4	27	1	1	27	0.0625	16	0.5	FALSE	NA	NA	NA	NA	NA	NA
NC_045512.2	14291	A	C	14	4	27	1	1	23	0.0625	16	0.5	FALSE	NA	NA	NA	NA	NA	NA
NC_045512.2	14292	C	T	13	3	26	1	1	23	0.0625	16	0.482759	FALSE	NA	NA	NA	NA	NA	NA
NC_045512.2	14292	C	G	13	3	26	2	2	26	0.125	16	0.241379	FALSE	NA	NA	NA	NA	NA	NA
NC_045512.2	14293	C	T	11	2	23	3	3	25	0.2	15	0.111111	FALSE	NA	NA	NA	NA	NA	NA
NC_045512.2	14293	C	A	11	2	23	1	1	27	0.0666667	15	0.461538	FALSE	NA	NA	NA	NA	NA	NA
NC_045512.2	14294	G	T	13	3	26	1	1	26	0.0666667	15	0.5	FALSE	NA	NA	NA	NA	NA	NA
NC_045512.2	14294	G	C	13	3	26	1	1	27	0.0666667	15	0.5	FALSE	NA	NA	NA	NA	NA	NA
NC_045512.2	14295	T	G	13	3	26	1	1	27	0.0625	16	0.482759	FALSE	NA	NA	NA	NA	NA	NA
NC_045512.2	14295	T	C	13	3	26	1	1	28	0.0625	16	0.482759	FALSE	NA	NA	NA	NA	NA	NA
NC_045512.2	14295	T	A	13	3	26	1	1	23	0.0625	16	0.482759	FALSE	NA	NA	NA	NA	NA	NA
NC_045512.2	14296	T	C	11	2	23	1	1	25	0.0714286	14	0.48	FALSE	NA	NA	NA	NA	NA	NA
NC_045512.2	14296	T	A	11	2	23	2	2	27	0.142857	14	0.24	FALSE	NA	NA	NA	NA	NA	NA
NC_045512.2	14297	A	T	13	3	24	1	1	22	0.0625	16	0.482759	FALSE	NA	NA	NA	NA	NA	NA
NC_045512.2	14297	A	G	13	3	24	1	1	27	0.0625	16	0.482759	FALSE	NA	NA	NA	NA	NA	NA
NC_045512.2	14297	A	C	13	3	24	1	1	21	0.0625	16	0.482759	FALSE	NA	NA	NA	NA	NA	NA
NC_045512.2	14298	T	G	9	0	25	1	1	22	0.0714286	14	0.434783	FALSE	NA	NA	NA	NA	NA	NA
NC_045512.2	14298	T	C	9	0	25	2	2	25	0.142857	14	0.199275	FALSE	NA	NA	NA	NA	NA	NA
NC_045512.2	14298	T	A	9	0	25	2	2	27	0.142857	14	0.199275	FALSE	NA	NA	NA	NA	NA	NA
NC_045512.2	14299	T	G	11	2	25	1	1	28	0.0666667	15	0.461538	FALSE	NA	NA	NA	NA	NA	NA
NC_045512.2	14299	T	C	11	2	25	1	1	28	0.0666667	15	0.461538	FALSE	NA	NA	NA	NA	NA	NA
NC_045512.2	14299	T	A	11	2	25	2	2	24	0.133333	15	0.222222	FALSE	NA	NA	NA	NA	NA	NA
NC_045512.2	14301	T	G	4	1	22	3	3	25	0.333333	9	0.0769231	FALSE	NA	NA	NA	NA	NA	NA
NC_045512.2	14301	T	C	4	1	22	1	1	27	0.111111	9	0.384615	FALSE	NA	NA	NA	NA	NA	NA
NC_045512.2	14301	T	A	4	1	22	1	1	23	0.111111	9	0.384615	FALSE	NA	NA	NA	NA	NA	NA
NC_045512.2	14302	A	G	11	2	26	1	1	26	0.0769231	13	0.5	FALSE	NA	NA	NA	NA	NA	NA
NC_045512.2	14302	A	C	11	2	26	1	1	27	0.0769231	13	0.5	FALSE	NA	NA	NA	NA	NA	NA
NC_045512.2	14303	A	T	11	2	27	2	2	26	0.133333	15	0.222222	FALSE	NA	NA	NA	NA	NA	NA
NC_045512.2	14303	A	C	11	2	27	2	2	27	0.133333	15	0.222222	FALSE	NA	NA	NA	NA	NA	NA
NC_045512.2	14304	A	T	11	2	22	1	1	22	0.0666667	15	0.461538	FALSE	NA	NA	NA	NA	NA	NA
NC_045512.2	14304	A	G	11	2	22	3	3	27	0.2	15	0.111111	FALSE	NA	NA	NA	NA	NA	NA
NC_045512.2	14305	T	C	12	3	27	1	1	23	0.0666667	15	0.481481	FALSE	NA	NA	NA	NA	NA	NA
NC_045512.2	14305	T	A	12	3	27	2	2	28	0.133333	15	0.240741	FALSE	NA	NA	NA	NA	NA	NA
NC_045512.2	14306	A	T	10	1	27	1	1	29	0.0666667	15	0.44	FALSE	NA	NA	NA	NA	NA	NA
NC_045512.2	14306	A	G	10	1	27	2	2	27	0.133333	15	0.203077	FALSE	NA	NA	NA	NA	NA	NA
NC_045512.2	14306	A	C	10	1	27	2	2	27	0.133333	15	0.203077	FALSE	NA	NA	NA	NA	NA	NA
NC_045512.2	14307	T	A	13	4	27	2	2	25	0.133333	15	0.258621	FALSE	NA	NA	NA	NA	NA	NA
NC_045512.2	14308	T	C	8	2	24	2	2	28	0.166667	12	0.214286	FALSE	NA	NA	NA	NA	NA	NA
NC_045512.2	14308	T	A	8	2	24	2	2	27	0.166667	12	0.214286	FALSE	NA	NA	NA	NA	NA	NA
NC_045512.2	14309	G	T	7	1	27	2	2	27	0.181818	11	0.210526	FALSE	NA	NA	NA	NA	NA	NA
NC_045512.2	14309	G	C	7	1	27	1	1	24	0.0909091	11	0.444444	FALSE	NA	NA	NA	NA	NA	NA
NC_045512.2	14309	G	A	7	1	27	1	1	25	0.0909091	11	0.444444	FALSE	NA	NA	NA	NA	NA	NA
NC_045512.2	14310	G	T	8	2	27	1	1	23	0.0833333	12	0.45	FALSE	NA	NA	NA	NA	NA	NA
NC_045512.2	14310	G	C	8	2	27	1	1	26	0.0833333	12	0.45	FALSE	NA	NA	NA	NA	NA	NA
NC_045512.2	14310	G	A	8	2	27	2	2	25	0.166667	12	0.214286	FALSE	NA	NA	NA	NA	NA	NA
NC_045512.2	14311	G	T	8	2	22	1	1	24	0.0833333	12	0.45	FALSE	NA	NA	NA	NA	NA	NA
NC_045512.2	14311	G	C	8	2	22	1	1	27	0.0833333	12	0.45	FALSE	NA	NA	NA	NA	NA	NA
NC_045512.2	14311	G	A	8	2	22	2	2	27	0.166667	12	0.214286	FALSE	NA	NA	NA	NA	NA	NA
NC_045512.2	14312	A	T	8	2	27	2	2	28	0.166667	12	0.214286	FALSE	NA	NA	NA	NA	NA	NA
NC_045512.2	14312	A	C	8	2	27	2	2	27	0.166667	12	0.214286	FALSE	NA	NA	NA	NA	NA	NA
NC_045512.2	14313	T	G	8	2	26	1	1	28	0.0833333	12	0.45	FALSE	NA	NA	NA	NA	NA	NA
NC_045512.2	14313	T	C	8	2	26	1	1	25	0.0833333	12	0.45	FALSE	NA	NA	NA	NA	NA	NA
NC_045512.2	14313	T	A	8	2	26	2	2	25	0.166667	12	0.214286	FALSE	NA	NA	NA	NA	NA	NA
NC_045512.2	14314	C	T	7	1	26	3	3	26	0.25	12	0.0902256	FALSE	NA	NA	NA	NA	NA	NA
NC_045512.2	14314	C	G	7	1	26	1	1	26	0.0833333	12	0.421053	FALSE	NA	NA	NA	NA	NA	NA
NC_045512.2	14314	C	A	7	1	26	1	1	27	0.0833333	12	0.421053	FALSE	NA	NA	NA	NA	NA	NA
NC_045512.2	14315	A	T	9	3	26	1	1	28	0.0833333	12	0.47619	FALSE	NA	NA	NA	NA	NA	NA
NC_045512.2	14315	A	G	9	3	26	1	1	27	0.0833333	12	0.47619	FALSE	NA	NA	NA	NA	NA	NA
NC_045512.2	14315	A	C	9	3	26	1	1	24	0.0833333	12	0.47619	FALSE	NA	NA	NA	NA	NA	NA
NC_045512.2	14316	G	C	9	3	27	1	1	28	0.0833333	12	0.47619	FALSE	NA	NA	NA	NA	NA	NA
NC_045512.2	14316	G	A	9	3	27	2	2	27	0.166667	12	0.238095	FALSE	NA	NA	NA	NA	NA	NA
NC_045512.2	14317	A	T	8	2	28	2	2	24	0.166667	12	0.214286	FALSE	NA	NA	NA	NA	NA	NA
NC_045512.2	14317	A	C	8	2	28	2	2	26	0.166667	12	0.214286	FALSE	NA	NA	NA	NA	NA	NA
NC_045512.2	14318	C	T	9	3	28	2	2	24	0.181818	11	0.261905	FALSE	NA	NA	NA	NA	NA	NA
NC_045512.2	14319	A	T	10	4	27	1	1	27	0.0833333	12	0.5	FALSE	NA	NA	NA	NA	NA	NA
NC_045512.2	14319	A	G	10	4	27	1	1	27	0.0833333	12	0.5	FALSE	NA	NA	NA	NA	NA	NA
NC_045512.2	14320	T	C	7	1	27	2	2	27	0.166667	12	0.189474	FALSE	NA	NA	NA	NA	NA	NA
NC_045512.2	14320	T	A	7	1	27	3	3	24	0.25	12	0.0902256	FALSE	NA	NA	NA	NA	NA	NA
NC_045512.2	14321	A	T	7	2	27	1	1	28	0.125	8	0.533333	FALSE	NA	NA	NA	NA	NA	NA
NC_045512.2	14322	C	T	6	1	28	1	1	28	0.125	8	0.5	FALSE	NA	NA	NA	NA	NA	NA
NC_045512.2	14322	C	G	6	1	28	1	1	28	0.125	8	0.5	FALSE	NA	NA	NA	NA	NA	NA
NC_045512.2	14323	C	G	5	0	23	1	1	28	0.125	8	0.461538	FALSE	NA	NA	NA	NA	NA	NA
NC_045512.2	14323	C	A	5	0	23	2	2	25	0.25	8	0.230769	FALSE	NA	NA	NA	NA	NA	NA
NC_045512.2	14324	A	T	6	1	27	1	1	24	0.125	8	0.5	FALSE	NA	NA	NA	NA	NA	NA
NC_045512.2	14324	A	C	6	1	27	1	1	28	0.125	8	0.5	FALSE	NA	NA	NA	NA	NA	NA
NC_045512.2	14325	C	T	5	0	27	2	2	25	0.25	8	0.230769	FALSE	NA	NA	NA	NA	NA	NA
NC_045512.2	14325	C	A	5	0	27	1	1	27	0.125	8	0.461538	FALSE	NA	NA	NA	NA	NA	NA
NC_045512.2	14326	C	T	5	0	27	1	1	28	0.125	8	0.461538	FALSE	NA	NA	NA	NA	NA	NA
NC_045512.2	14326	C	G	5	0	27	2	2	26	0.25	8	0.230769	FALSE	NA	NA	NA	NA	NA	NA
NC_045512.2	14327	C	A	5	1	21	2	2	25	0.285714	7	0.269231	FALSE	NA	NA	NA	NA	NA	NA
NC_045512.2	14328	A	C	6	1	27	2	2	27	0.25	8	0.266667	FALSE	NA	NA	NA	NA	NA	NA
NC_045512.2	14329	A	T	5	1	25	1	1	22	0.142857	7	0.5	FALSE	NA	NA	NA	NA	NA	NA
NC_045512.2	14329	A	C	5	1	25	1	1	25	0.142857	7	0.5	FALSE	NA	NA	NA	NA	NA	NA
NC_045512.2	14330	A	T	2	0	22	1	1	27	0.25	4	0.5	FALSE	NA	NA	NA	NA	NA	NA
NC_045512.2	14330	A	C	2	0	22	1	1	24	0.25	4	0.5	FALSE	NA	NA	NA	NA	NA	NA
NC_045512.2	14351	A	T	2	0	28	1	1	26	0.333333	3	0.6	FALSE	NA	NA	NA	NA	NA	NA
NC_045512.2	14352	C	A	2	0	30	1	1	21	0.333333	3	0.6	FALSE	NA	NA	NA	NA	NA	NA
NC_045512.2	14355	A	T	2	0	25	1	1	32	0.333333	3	0.6	FALSE	NA	NA	NA	NA	NA	NA
NC_045512.2	14356	T	G	2	0	25	1	1	20	0.333333	3	0.6	FALSE	NA	NA	NA	NA	NA	NA
NC_045512.2	14358	C	G	1	0	27	1	1	27	0.5	2	0.666667	FALSE	NA	NA	NA	NA	NA	NA
NC_045512.2	14362	C	T	1	0	27	1	1	23	0.5	2	0.666667	FALSE	NA	NA	NA	NA	NA	NA
NC_045512.2	14363	T	G	1	0	27	1	1	24	0.5	2	0.666667	FALSE	NA	NA	NA	NA	NA	NA
NC_045512.2	14364	G	T	1	0	27	1	1	23	0.5	2	0.666667	FALSE	NA	NA	NA	NA	NA	NA
NC_045512.2	14365	C	T	1	0	29	1	1	27	0.5	2	0.666667	FALSE	NA	NA	NA	NA	NA	NA
NC_045512.2	14367	T	A	1	0	29	1	1	28	0.5	2	0.666667	FALSE	NA	NA	NA	NA	NA	NA
NC_045512.2	14368	T	A	1	0	24	1	1	29	0.5	2	0.666667	FALSE	NA	NA	NA	NA	NA	NA
NC_045512.2	14369	G	A	1	0	28	1	1	28	0.5	2	0.666667	FALSE	NA	NA	NA	NA	NA	NA
NC_045512.2	14371	G	A	1	0	29	1	1	27	0.5	2	0.666667	FALSE	NA	NA	NA	NA	NA	NA
NC_045512.2	14372	C	T	0	0	0	1	1	27	1	1	1	FALSE	NA	NA	NA	NA	NA	NA
NC_045512.2	14373	A	G	0	0	0	1	1	26	1	1	1	FALSE	NA	NA	NA	NA	NA	NA
NC_045512.2	14375	A	C	0	0	0	1	1	27	1	1	1	FALSE	NA	NA	NA	NA	NA	NA
NC_045512.2	14376	C	T	0	0	0	1	1	22	1	1	1	FALSE	NA	NA	NA	NA	NA	NA
NC_045512.2	14378	T	C	0	0	0	1	1	27	1	1	1	FALSE	NA	NA	NA	NA	NA	NA
NC_045512.2	14379	T	A	0	0	0	1	1	28	1	1	1	FALSE	NA	NA	NA	NA	NA	NA
NC_045512.2	14380	A	C	0	0	0	1	1	28	1	1	1	FALSE	NA	NA	NA	NA	NA	NA
NC_045512.2	14381	A	G	0	0	0	1	1	24	1	1	1	FALSE	NA	NA	NA	NA	NA	NA
NC_045512.2	14382	T	G	0	0	0	1	1	29	1	1	1	FALSE	NA	NA	NA	NA	NA	NA
NC_045512.2	14383	G	A	0	0	0	1	1	24	1	1	1	FALSE	NA	NA	NA	NA	NA	NA
NC_045512.2	14384	T	A	0	0	0	1	1	30	1	1	1	FALSE	NA	NA	NA	NA	NA	NA
NC_045512.2	14385	T	G	0	0	0	1	1	29	1	1	1	FALSE	NA	NA	NA	NA	NA	NA
NC_045512.2	14386	T	A	0	0	0	1	1	28	1	1	1	FALSE	NA	NA	NA	NA	NA	NA
NC_045512.2	14387	T	G	0	0	0	1	1	29	1	1	1	FALSE	NA	NA	NA	NA	NA	NA
NC_045512.2	14389	T	G	0	0	0	1	1	21	1	1	1	FALSE	NA	NA	NA	NA	NA	NA
NC_045512.2	14390	T	G	0	0	0	1	1	27	1	1	1	FALSE	NA	NA	NA	NA	NA	NA
NC_045512.2	14391	C	T	0	0	0	1	1	22	1	1	1	FALSE	NA	NA	NA	NA	NA	NA
NC_045512.2	14394	T	A	0	0	0	1	1	23	1	1	1	FALSE	NA	NA	NA	NA	NA	NA
NC_045512.2	14396	C	A	18	11	28	1	1	24	0.0526316	19	0.513514	FALSE	NA	NA	NA	NA	NA	NA
NC_045512.2	14397	A	C	18	11	27	1	1	24	0.0526316	19	0.513514	FALSE	NA	NA	NA	NA	NA	NA
NC_045512.2	14398	G	T	18	11	26	1	1	30	0.0526316	19	0.513514	FALSE	NA	NA	NA	NA	NA	NA
NC_045512.2	14399	T	C	18	11	26	1	1	27	0.0526316	19	0.513514	FALSE	NA	NA	NA	NA	NA	NA
NC_045512.2	14403	C	G	13	6	24	1	1	25	0.0714286	14	0.518519	FALSE	NA	NA	NA	NA	NA	NA
NC_045512.2	14404	C	A	18	11	27	1	1	27	0.0526316	19	0.513514	FALSE	NA	NA	NA	NA	NA	NA
NC_045512.2	14406	A	C	19	12	26	1	1	27	0.05	20	0.512821	FALSE	NA	NA	NA	NA	NA	NA
NC_045512.2	14407	C	G	19	12	27	1	1	23	0.05	20	0.512821	FALSE	NA	NA	NA	NA	NA	NA
NC_045512.2	14408	C	T	1	1	23	18	11	24	0.947368	19	1.07511e-09	TRUE	NA	NA	NA	NA	NA	NA
NC_045512.2	14412	A	T	48	22	25	1	1	28	0.0204082	49	0.505155	FALSE	NA	NA	NA	NA	NA	NA
NC_045512.2	14413	A	T	48	24	25	1	1	28	0.0204082	49	0.505155	FALSE	NA	NA	NA	NA	NA	NA
NC_045512.2	14414	G	T	50	24	26	1	1	28	0.0196078	51	0.50495	FALSE	NA	NA	NA	NA	NA	NA
NC_045512.2	14414	G	-T	50	24	26	1	0	20	0.0196078	51	0.50495	FALSE	NA	NA	NA	NA	NA	NA
NC_045512.2	14415	T	A	42	17	24	1	1	23	0.0232558	43	0.5	FALSE	NA	NA	NA	NA	NA	NA
NC_045512.2	14416	T	A	50	24	28	1	1	30	0.0196078	51	0.50495	FALSE	NA	NA	NA	NA	NA	NA
NC_045512.2	14417	T	A	49	24	28	1	1	29	0.02	50	0.505051	FALSE	NA	NA	NA	NA	NA	NA
NC_045512.2	14418	T	A	35	25	25	1	0	27	0.0277778	36	0.507042	FALSE	NA	NA	NA	NA	NA	NA
NC_045512.2	14419	G	A	49	23	25	1	1	28	0.02	50	0.505051	FALSE	NA	NA	NA	NA	NA	NA
NC_045512.2	14420	G	T	49	24	25	1	1	23	0.02	50	0.505051	FALSE	NA	NA	NA	NA	NA	NA
NC_045512.2	14421	A	T	50	24	27	1	1	27	0.0196078	51	0.50495	FALSE	NA	NA	NA	NA	NA	NA
NC_045512.2	14421	A	-C	50	24	27	1	0	20	0.0196078	51	0.50495	FALSE	NA	NA	NA	NA	NA	NA
NC_045512.2	14422	C	G	47	21	25	1	1	21	0.0208333	48	0.5	FALSE	NA	NA	NA	NA	NA	NA
NC_045512.2	14423	C	G	49	24	25	1	1	27	0.02	50	0.505051	FALSE	NA	NA	NA	NA	NA	NA
NC_045512.2	14424	A	G	50	24	27	1	1	27	0.0196078	51	0.50495	FALSE	NA	NA	NA	NA	NA	NA
NC_045512.2	14425	C	A	50	24	27	1	1	27	0.0196078	51	0.50495	FALSE	NA	NA	NA	NA	NA	NA
NC_045512.2	14427	A	C	51	25	27	1	1	27	0.0192308	52	0.504854	FALSE	NA	NA	NA	NA	NA	NA
NC_045512.2	14428	G	C	50	24	27	1	1	27	0.0192308	52	0.5	FALSE	NA	NA	NA	NA	NA	NA
NC_045512.2	14428	G	A	50	24	27	1	1	28	0.0192308	52	0.5	FALSE	NA	NA	NA	NA	NA	NA
NC_045512.2	14429	T	G	50	24	28	1	1	28	0.0192308	52	0.5	FALSE	NA	NA	NA	NA	NA	NA
NC_045512.2	14429	T	A	50	24	28	1	1	23	0.0192308	52	0.5	FALSE	NA	NA	NA	NA	NA	NA
NC_045512.2	14430	G	A	51	25	27	2	2	26	0.0377358	53	0.252381	FALSE	NA	NA	NA	NA	NA	NA
NC_045512.2	14431	A	G	52	26	26	1	1	27	0.0185185	54	0.5	FALSE	NA	NA	NA	NA	NA	NA
NC_045512.2	14431	A	C	52	26	26	1	1	26	0.0185185	54	0.5	FALSE	NA	NA	NA	NA	NA	NA
NC_045512.2	14432	G	T	51	25	26	1	1	20	0.0185185	54	0.495238	FALSE	NA	NA	NA	NA	NA	NA
NC_045512.2	14432	G	C	51	25	26	1	1	27	0.0185185	54	0.495238	FALSE	NA	NA	NA	NA	NA	NA
NC_045512.2	14432	G	A	51	25	26	1	1	26	0.0185185	54	0.495238	FALSE	NA	NA	NA	NA	NA	NA
NC_045512.2	14432	G	-A	51	25	26	8	0	20	0.148148	54	0.00466354	TRUE	NA	NA	NA	NA	NA	NA
NC_045512.2	14433	A	T	21	1	27	2	2	28	0.0869565	23	0.198431	FALSE	NA	NA	NA	NA	NA	NA
NC_045512.2	14434	A	T	51	25	27	1	1	31	0.0192308	52	0.504854	FALSE	NA	NA	NA	NA	NA	NA
NC_045512.2	14435	A	T	51	25	27	1	1	27	0.0185185	54	0.495238	FALSE	NA	NA	NA	NA	NA	NA
NC_045512.2	14435	A	G	51	25	27	1	1	25	0.0185185	54	0.495238	FALSE	NA	NA	NA	NA	NA	NA
NC_045512.2	14435	A	C	51	25	27	1	1	22	0.0185185	54	0.495238	FALSE	NA	NA	NA	NA	NA	NA
NC_045512.2	14436	A	G	51	25	27	1	1	21	0.0188679	53	0.5	FALSE	NA	NA	NA	NA	NA	NA
NC_045512.2	14436	A	C	51	25	27	1	1	27	0.0188679	53	0.5	FALSE	NA	NA	NA	NA	NA	NA
NC_045512.2	14437	A	T	28	26	25	1	1	25	0.0322581	31	0.491525	FALSE	NA	NA	NA	NA	NA	NA
NC_045512.2	14437	A	G	28	26	25	2	2	25	0.0645161	31	0.245763	FALSE	NA	NA	NA	NA	NA	NA
NC_045512.2	14438	T	C	52	26	24	1	1	27	0.0185185	54	0.5	FALSE	NA	NA	NA	NA	NA	NA
NC_045512.2	14438	T	A	52	26	24	1	1	27	0.0185185	54	0.5	FALSE	NA	NA	NA	NA	NA	NA
NC_045512.2	14439	A	T	52	26	25	1	1	25	0.0181818	55	0.495327	FALSE	NA	NA	NA	NA	NA	NA
NC_045512.2	14439	A	C	52	26	25	2	2	26	0.0363636	55	0.247664	FALSE	NA	NA	NA	NA	NA	NA
NC_045512.2	14440	T	G	45	19	23	1	1	25	0.0208333	48	0.494624	FALSE	NA	NA	NA	NA	NA	NA
NC_045512.2	14440	T	C	45	19	23	2	2	28	0.0416667	48	0.247312	FALSE	NA	NA	NA	NA	NA	NA
NC_045512.2	14441	T	G	52	26	27	1	1	27	0.0181818	55	0.495327	FALSE	NA	NA	NA	NA	NA	NA
NC_045512.2	14441	T	A	52	26	27	2	2	25	0.0363636	55	0.247664	FALSE	NA	NA	NA	NA	NA	NA
NC_045512.2	14442	T	G	46	25	24	1	1	28	0.02	50	0.489583	FALSE	NA	NA	NA	NA	NA	NA
NC_045512.2	14442	T	C	46	25	24	1	1	27	0.02	50	0.489583	FALSE	NA	NA	NA	NA	NA	NA
NC_045512.2	14442	T	A	46	25	24	2	2	27	0.04	50	0.242268	FALSE	NA	NA	NA	NA	NA	NA
NC_045512.2	14443	G	T	51	25	26	2	2	25	0.0363636	55	0.242991	FALSE	NA	NA	NA	NA	NA	NA
NC_045512.2	14443	G	C	51	25	26	1	1	21	0.0181818	55	0.490566	FALSE	NA	NA	NA	NA	NA	NA
NC_045512.2	14443	G	A	51	25	26	1	1	28	0.0181818	55	0.490566	FALSE	NA	NA	NA	NA	NA	NA
NC_045512.2	14444	T	C	51	25	25	1	1	28	0.0188679	53	0.5	FALSE	NA	NA	NA	NA	NA	NA
NC_045512.2	14444	T	A	51	25	25	1	1	25	0.0188679	53	0.5	FALSE	NA	NA	NA	NA	NA	NA
NC_045512.2	14445	T	G	49	26	24	1	1	25	0.0192308	52	0.49505	FALSE	NA	NA	NA	NA	NA	NA
NC_045512.2	14445	T	C	49	26	24	1	1	23	0.0192308	52	0.49505	FALSE	NA	NA	NA	NA	NA	NA
NC_045512.2	14445	T	A	49	26	24	1	1	27	0.0192308	52	0.49505	FALSE	NA	NA	NA	NA	NA	NA
NC_045512.2	14446	G	T	51	26	25	1	1	25	0.0181818	55	0.490566	FALSE	NA	NA	NA	NA	NA	NA
NC_045512.2	14446	G	C	51	26	25	2	2	30	0.0363636	55	0.242991	FALSE	NA	NA	NA	NA	NA	NA
NC_045512.2	14446	G	A	51	26	25	1	0	25	0.0181818	55	0.490566	FALSE	NA	NA	NA	NA	NA	NA
NC_045512.2	14447	A	T	51	25	25	2	2	26	0.0363636	55	0.242991	FALSE	NA	NA	NA	NA	NA	NA
NC_045512.2	14447	A	G	51	25	25	1	1	28	0.0181818	55	0.490566	FALSE	NA	NA	NA	NA	NA	NA
NC_045512.2	14447	A	C	51	25	25	1	1	30	0.0181818	55	0.490566	FALSE	NA	NA	NA	NA	NA	NA
NC_045512.2	14448	T	G	51	25	26	1	1	28	0.0181818	55	0.490566	FALSE	NA	NA	NA	NA	NA	NA
NC_045512.2	14448	T	A	51	25	26	3	3	27	0.0545455	55	0.121495	FALSE	NA	NA	NA	NA	NA	NA
NC_045512.2	14449	G	T	51	25	24	1	1	24	0.0188679	53	0.5	FALSE	NA	NA	NA	NA	NA	NA
NC_045512.2	14449	G	C	51	25	24	1	1	27	0.0188679	53	0.5	FALSE	NA	NA	NA	NA	NA	NA
NC_045512.2	14450	G	T	50	25	25	3	3	25	0.0566038	53	0.124965	FALSE	NA	NA	NA	NA	NA	NA
NC_045512.2	14451	T	G	52	26	27	1	1	28	0.0181818	55	0.495327	FALSE	NA	NA	NA	NA	NA	NA
NC_045512.2	14451	T	A	52	26	27	2	2	25	0.0363636	55	0.247664	FALSE	NA	NA	NA	NA	NA	NA
NC_045512.2	14452	G	A	51	25	27	4	4	27	0.0727273	55	0.061305	FALSE	NA	NA	NA	NA	NA	NA
NC_045512.2	14453	T	G	51	25	25	1	1	27	0.0181818	55	0.490566	FALSE	NA	NA	NA	NA	NA	NA
NC_045512.2	14453	T	C	51	25	25	2	2	27	0.0363636	55	0.242991	FALSE	NA	NA	NA	NA	NA	NA
NC_045512.2	14453	T	A	51	25	25	1	1	27	0.0181818	55	0.490566	FALSE	NA	NA	NA	NA	NA	NA
NC_045512.2	14454	T	A	47	26	25	2	2	24	0.0408163	49	0.252577	FALSE	NA	NA	NA	NA	NA	NA
NC_045512.2	14455	C	T	50	24	25	1	1	27	0.0185185	54	0.490385	FALSE	NA	NA	NA	NA	NA	NA
NC_045512.2	14455	C	G	50	24	25	1	1	28	0.0185185	54	0.490385	FALSE	NA	NA	NA	NA	NA	NA
NC_045512.2	14455	C	A	50	24	25	2	2	27	0.037037	54	0.242857	FALSE	NA	NA	NA	NA	NA	NA
NC_045512.2	14456	C	T	47	25	25	1	1	23	0.0196078	51	0.489796	FALSE	NA	NA	NA	NA	NA	NA
NC_045512.2	14456	C	G	47	25	25	1	1	26	0.0196078	51	0.489796	FALSE	NA	NA	NA	NA	NA	NA
NC_045512.2	14456	C	A	47	25	25	2	2	27	0.0392157	51	0.242424	FALSE	NA	NA	NA	NA	NA	NA
NC_045512.2	14457	A	T	52	26	27	2	2	25	0.037037	54	0.252336	FALSE	NA	NA	NA	NA	NA	NA
NC_045512.2	14458	T	A	52	26	25	1	1	27	0.0188679	53	0.504762	FALSE	NA	NA	NA	NA	NA	NA
NC_045512.2	14459	T	G	54	28	28	1	1	24	0.0181818	55	0.504587	FALSE	NA	NA	NA	NA	NA	NA
NC_045512.2	14460	T	G	41	26	25	2	2	26	0.0454545	44	0.247059	FALSE	NA	NA	NA	NA	NA	NA
NC_045512.2	14460	T	A	41	26	25	1	1	27	0.0227273	44	0.494118	FALSE	NA	NA	NA	NA	NA	NA
NC_045512.2	14461	G	A	52	26	26	1	1	29	0.0188679	53	0.504762	FALSE	NA	NA	NA	NA	NA	NA
NC_045512.2	14462	T	G	54	28	27	1	1	28	0.0181818	55	0.504587	FALSE	NA	NA	NA	NA	NA	NA
NC_045512.2	14463	A	T	52	26	26	1	1	25	0.0181818	55	0.495327	FALSE	NA	NA	NA	NA	NA	NA
NC_045512.2	14463	A	G	52	26	26	2	2	25	0.0363636	55	0.247664	FALSE	NA	NA	NA	NA	NA	NA
NC_045512.2	14464	G	C	52	26	26	1	1	23	0.0181818	55	0.495327	FALSE	NA	NA	NA	NA	NA	NA
NC_045512.2	14464	G	A	52	26	26	2	2	25	0.0363636	55	0.247664	FALSE	NA	NA	NA	NA	NA	NA
NC_045512.2	14465	T	C	49	23	24	2	2	28	0.0392157	51	0.252475	FALSE	NA	NA	NA	NA	NA	NA
NC_045512.2	14466	T	G	52	26	27	1	1	21	0.0181818	55	0.495327	FALSE	NA	NA	NA	NA	NA	NA
NC_045512.2	14466	T	A	52	26	27	2	2	25	0.0363636	55	0.247664	FALSE	NA	NA	NA	NA	NA	NA
NC_045512.2	14467	T	G	37	25	25	3	3	24	0.0731707	41	0.120253	FALSE	NA	NA	NA	NA	NA	NA
NC_045512.2	14467	T	C	37	25	25	1	1	28	0.0243902	41	0.487179	FALSE	NA	NA	NA	NA	NA	NA
NC_045512.2	14468	C	T	51	25	26	2	2	26	0.0363636	55	0.242991	FALSE	NA	NA	NA	NA	NA	NA
NC_045512.2	14468	C	A	51	25	26	2	2	23	0.0363636	55	0.242991	FALSE	NA	NA	NA	NA	NA	NA
NC_045512.2	14469	A	T	51	25	25	2	2	25	0.037037	54	0.247619	FALSE	NA	NA	NA	NA	NA	NA
NC_045512.2	14469	A	G	51	25	25	1	1	24	0.0185185	54	0.495238	FALSE	NA	NA	NA	NA	NA	NA
NC_045512.2	14470	A	G	49	25	26	3	3	26	0.0576923	52	0.124964	FALSE	NA	NA	NA	NA	NA	NA
NC_045512.2	14471	C	T	52	26	27	2	2	28	0.0363636	55	0.247664	FALSE	NA	NA	NA	NA	NA	NA
NC_045512.2	14471	C	G	52	26	27	1	1	27	0.0181818	55	0.495327	FALSE	NA	NA	NA	NA	NA	NA
NC_045512.2	14472	T	G	52	26	27	1	1	25	0.0181818	55	0.495327	FALSE	NA	NA	NA	NA	NA	NA
NC_045512.2	14472	T	C	52	26	27	1	1	23	0.0181818	55	0.495327	FALSE	NA	NA	NA	NA	NA	NA
NC_045512.2	14472	T	A	52	26	27	1	1	28	0.0181818	55	0.495327	FALSE	NA	NA	NA	NA	NA	NA
NC_045512.2	14473	G	T	50	24	25	1	1	24	0.0188679	53	0.495146	FALSE	NA	NA	NA	NA	NA	NA
NC_045512.2	14473	G	C	50	24	25	1	1	28	0.0188679	53	0.495146	FALSE	NA	NA	NA	NA	NA	NA
NC_045512.2	14473	G	A	50	24	25	1	1	27	0.0188679	53	0.495146	FALSE	NA	NA	NA	NA	NA	NA
NC_045512.2	14474	G	T	51	26	26	2	2	26	0.037037	54	0.247619	FALSE	NA	NA	NA	NA	NA	NA
NC_045512.2	14474	G	A	51	26	26	1	1	29	0.0185185	54	0.495238	FALSE	NA	NA	NA	NA	NA	NA
NC_045512.2	14475	A	T	51	25	28	2	2	24	0.037037	54	0.247619	FALSE	NA	NA	NA	NA	NA	NA
NC_045512.2	14475	A	C	51	25	28	1	1	28	0.0185185	54	0.495238	FALSE	NA	NA	NA	NA	NA	NA
NC_045512.2	14476	T	C	52	26	27	1	1	21	0.0185185	54	0.5	FALSE	NA	NA	NA	NA	NA	NA
NC_045512.2	14476	T	A	52	26	27	1	1	25	0.0185185	54	0.5	FALSE	NA	NA	NA	NA	NA	NA
NC_045512.2	14477	A	T	52	26	27	1	1	29	0.0185185	54	0.5	FALSE	NA	NA	NA	NA	NA	NA
NC_045512.2	14477	A	C	52	26	27	1	1	25	0.0185185	54	0.5	FALSE	NA	NA	NA	NA	NA	NA
NC_045512.2	14478	C	G	47	21	25	1	1	27	0.02	50	0.494845	FALSE	NA	NA	NA	NA	NA	NA
NC_045512.2	14478	C	A	47	21	25	2	2	25	0.04	50	0.247423	FALSE	NA	NA	NA	NA	NA	NA
NC_045512.2	14479	C	T	50	25	25	2	2	24	0.0377358	53	0.247573	FALSE	NA	NA	NA	NA	NA	NA
NC_045512.2	14479	C	A	50	25	25	1	1	25	0.0188679	53	0.495146	FALSE	NA	NA	NA	NA	NA	NA
NC_045512.2	14480	A	T	52	26	27	2	2	28	0.037037	54	0.252336	FALSE	NA	NA	NA	NA	NA	NA
NC_045512.2	14481	C	T	51	25	27	1	1	31	0.0185185	54	0.495238	FALSE	NA	NA	NA	NA	NA	NA
NC_045512.2	14481	C	G	51	25	27	1	1	28	0.0185185	54	0.495238	FALSE	NA	NA	NA	NA	NA	NA
NC_045512.2	14481	C	A	51	25	27	1	1	28	0.0185185	54	0.495238	FALSE	NA	NA	NA	NA	NA	NA
NC_045512.2	14482	T	G	53	27	26	1	1	31	0.0185185	54	0.504673	FALSE	NA	NA	NA	NA	NA	NA
NC_045512.2	14484	C	T	51	25	27	2	2	26	0.037037	54	0.247619	FALSE	NA	NA	NA	NA	NA	NA
NC_045512.2	14484	C	A	51	25	27	1	1	30	0.0185185	54	0.495238	FALSE	NA	NA	NA	NA	NA	NA
NC_045512.2	14485	A	G	51	25	28	2	2	28	0.037037	54	0.247619	FALSE	NA	NA	NA	NA	NA	NA
NC_045512.2	14485	A	C	51	25	28	1	1	24	0.0185185	54	0.495238	FALSE	NA	NA	NA	NA	NA	NA
NC_045512.2	14486	G	T	51	25	27	2	2	22	0.037037	54	0.247619	FALSE	NA	NA	NA	NA	NA	NA
NC_045512.2	14486	G	A	51	25	27	1	1	20	0.0185185	54	0.495238	FALSE	NA	NA	NA	NA	NA	NA
NC_045512.2	14487	A	T	52	26	27	2	2	28	0.037037	54	0.252336	FALSE	NA	NA	NA	NA	NA	NA
NC_045512.2	14488	G	T	52	26	27	1	1	22	0.0185185	54	0.5	FALSE	NA	NA	NA	NA	NA	NA
NC_045512.2	14488	G	C	52	26	27	1	1	27	0.0185185	54	0.5	FALSE	NA	NA	NA	NA	NA	NA
NC_045512.2	14489	A	T	52	26	28	1	1	27	0.0185185	54	0.5	FALSE	NA	NA	NA	NA	NA	NA
NC_045512.2	14489	A	C	52	26	28	1	1	23	0.0185185	54	0.5	FALSE	NA	NA	NA	NA	NA	NA
NC_045512.2	14490	G	T	52	26	27	1	1	27	0.0188679	53	0.504762	FALSE	NA	NA	NA	NA	NA	NA
NC_045512.2	14491	C	G	51	25	27	2	2	26	0.037037	54	0.247619	FALSE	NA	NA	NA	NA	NA	NA
NC_045512.2	14491	C	A	51	25	27	1	1	28	0.0185185	54	0.495238	FALSE	NA	NA	NA	NA	NA	NA
NC_045512.2	14492	T	G	51	25	27	1	1	28	0.0185185	54	0.495238	FALSE	NA	NA	NA	NA	NA	NA
NC_045512.2	14492	T	C	51	25	27	1	1	28	0.0185185	54	0.495238	FALSE	NA	NA	NA	NA	NA	NA
NC_045512.2	14492	T	A	51	25	27	1	1	28	0.0185185	54	0.495238	FALSE	NA	NA	NA	NA	NA	NA
NC_045512.2	14493	A	T	51	25	28	3	3	27	0.0555556	54	0.124967	FALSE	NA	NA	NA	NA	NA	NA
NC_045512.2	14494	G	A	53	27	26	1	1	25	0.0185185	54	0.504673	FALSE	NA	NA	NA	NA	NA	NA
NC_045512.2	14495	G	T	51	26	26	1	1	24	0.0192308	52	0.504854	FALSE	NA	NA	NA	NA	NA	NA
NC_045512.2	14496	T	C	52	26	28	1	1	25	0.0185185	54	0.5	FALSE	NA	NA	NA	NA	NA	NA
NC_045512.2	14496	T	A	52	26	28	1	1	28	0.0185185	54	0.5	FALSE	NA	NA	NA	NA	NA	NA
NC_045512.2	14497	G	T	51	25	28	1	1	28	0.0185185	54	0.495238	FALSE	NA	NA	NA	NA	NA	NA
NC_045512.2	14497	G	C	51	25	28	1	1	23	0.0185185	54	0.495238	FALSE	NA	NA	NA	NA	NA	NA
NC_045512.2	14497	G	A	51	25	28	1	1	25	0.0185185	54	0.495238	FALSE	NA	NA	NA	NA	NA	NA
NC_045512.2	14498	T	C	51	25	26	2	2	26	0.037037	54	0.247619	FALSE	NA	NA	NA	NA	NA	NA
NC_045512.2	14498	T	A	51	25	26	1	1	28	0.0185185	54	0.495238	FALSE	NA	NA	NA	NA	NA	NA
NC_045512.2	14499	T	C	48	26	25	2	1	26	0.0392157	51	0.247475	FALSE	NA	NA	NA	NA	NA	NA
NC_045512.2	14499	T	A	48	26	25	1	1	28	0.0196078	51	0.494949	FALSE	NA	NA	NA	NA	NA	NA
NC_045512.2	14500	G	T	51	25	27	2	2	26	0.037037	54	0.247619	FALSE	NA	NA	NA	NA	NA	NA
NC_045512.2	14500	G	C	51	25	27	1	1	28	0.0185185	54	0.495238	FALSE	NA	NA	NA	NA	NA	NA
NC_045512.2	14501	T	C	51	26	27	1	1	29	0.0188679	53	0.5	FALSE	NA	NA	NA	NA	NA	NA
NC_045512.2	14501	T	A	51	26	27	1	1	28	0.0188679	53	0.5	FALSE	NA	NA	NA	NA	NA	NA
NC_045512.2	14502	A	T	57	27	27	1	1	30	0.0166667	60	0.495726	FALSE	NA	NA	NA	NA	NA	NA
NC_045512.2	14502	A	G	57	27	27	1	1	28	0.0166667	60	0.495726	FALSE	NA	NA	NA	NA	NA	NA
NC_045512.2	14502	A	C	57	27	27	1	1	28	0.0166667	60	0.495726	FALSE	NA	NA	NA	NA	NA	NA
NC_045512.2	14503	C	T	57	27	27	1	1	23	0.0166667	60	0.495726	FALSE	NA	NA	NA	NA	NA	NA
NC_045512.2	14503	C	G	57	27	27	2	2	29	0.0333333	60	0.247863	FALSE	NA	NA	NA	NA	NA	NA
NC_045512.2	14504	A	T	59	28	27	2	2	28	0.0327869	61	0.252066	FALSE	NA	NA	NA	NA	NA	NA
NC_045512.2	14505	T	G	58	27	27	1	1	29	0.0163934	61	0.495798	FALSE	NA	NA	NA	NA	NA	NA
NC_045512.2	14505	T	C	58	27	27	1	1	28	0.0163934	61	0.495798	FALSE	NA	NA	NA	NA	NA	NA
NC_045512.2	14505	T	A	58	27	27	1	1	28	0.0163934	61	0.495798	FALSE	NA	NA	NA	NA	NA	NA
NC_045512.2	14506	A	G	59	28	25	1	1	27	0.0166667	60	0.504202	FALSE	NA	NA	NA	NA	NA	NA
NC_045512.2	14507	A	T	51	27	25	1	1	21	0.0185185	54	0.495238	FALSE	NA	NA	NA	NA	NA	NA
NC_045512.2	14507	A	G	51	27	25	2	2	28	0.037037	54	0.247619	FALSE	NA	NA	NA	NA	NA	NA
NC_045512.2	14508	T	C	58	28	27	1	1	27	0.0166667	60	0.5	FALSE	NA	NA	NA	NA	NA	NA
NC_045512.2	14508	T	A	58	28	27	1	1	28	0.0166667	60	0.5	FALSE	NA	NA	NA	NA	NA	NA
NC_045512.2	14509	C	T	57	27	27	2	2	27	0.0333333	60	0.247863	FALSE	NA	NA	NA	NA	NA	NA
NC_045512.2	14509	C	G	57	27	27	1	1	28	0.0166667	60	0.495726	FALSE	NA	NA	NA	NA	NA	NA
NC_045512.2	14510	A	C	59	29	27	1	1	27	0.0166667	60	0.504202	FALSE	NA	NA	NA	NA	NA	NA
NC_045512.2	14511	G	A	58	28	26	1	1	24	0.0169492	59	0.504274	FALSE	NA	NA	NA	NA	NA	NA
NC_045512.2	14512	G	C	57	28	25	1	1	28	0.0169492	59	0.5	FALSE	NA	NA	NA	NA	NA	NA
NC_045512.2	14512	G	A	57	28	25	1	1	29	0.0169492	59	0.5	FALSE	NA	NA	NA	NA	NA	NA
NC_045512.2	14513	A	T	56	27	27	2	2	26	0.0338983	59	0.247826	FALSE	NA	NA	NA	NA	NA	NA
NC_045512.2	14513	A	C	56	27	27	1	1	28	0.0169492	59	0.495652	FALSE	NA	NA	NA	NA	NA	NA
NC_045512.2	14514	T	G	57	28	27	1	1	24	0.0169492	59	0.5	FALSE	NA	NA	NA	NA	NA	NA
NC_045512.2	14514	T	A	57	28	27	1	1	28	0.0169492	59	0.5	FALSE	NA	NA	NA	NA	NA	NA
NC_045512.2	14515	G	T	83	33	27	1	1	20	0.0119048	84	0.502994	FALSE	NA	NA	NA	NA	NA	NA
NC_045512.2	14516	T	G	82	32	26	2	2	28	0.0238095	84	0.251497	FALSE	NA	NA	NA	NA	NA	NA
NC_045512.2	14517	A	T	81	31	25	1	1	28	0.0120482	83	0.5	FALSE	NA	NA	NA	NA	NA	NA
NC_045512.2	14517	A	G	81	31	25	1	1	25	0.0120482	83	0.5	FALSE	NA	NA	NA	NA	NA	NA
NC_045512.2	14518	A	T	81	31	28	2	2	26	0.0238095	84	0.248485	FALSE	NA	NA	NA	NA	NA	NA
NC_045512.2	14518	A	G	81	31	28	1	1	28	0.0119048	84	0.49697	FALSE	NA	NA	NA	NA	NA	NA
NC_045512.2	14519	A	T	74	33	24	1	1	24	0.0133333	75	0.503356	FALSE	NA	NA	NA	NA	NA	NA
NC_045512.2	14520	C	T	82	33	27	1	1	28	0.0120482	83	0.50303	FALSE	NA	NA	NA	NA	NA	NA
NC_045512.2	14521	T	G	79	30	26	1	1	25	0.0121951	82	0.496894	FALSE	NA	NA	NA	NA	NA	NA
NC_045512.2	14521	T	C	79	30	26	1	1	28	0.0121951	82	0.496894	FALSE	NA	NA	NA	NA	NA	NA
NC_045512.2	14521	T	A	79	30	26	1	1	25	0.0121951	82	0.496894	FALSE	NA	NA	NA	NA	NA	NA
NC_045512.2	14522	T	A	80	33	25	1	1	28	0.0123457	81	0.503106	FALSE	NA	NA	NA	NA	NA	NA
NC_045512.2	14523	A	C	82	33	27	1	1	25	0.0120482	83	0.50303	FALSE	NA	NA	NA	NA	NA	NA
NC_045512.2	14524	C	T	81	32	28	1	1	21	0.0120482	83	0.5	FALSE	NA	NA	NA	NA	NA	NA
NC_045512.2	14524	C	A	81	32	28	1	1	28	0.0120482	83	0.5	FALSE	NA	NA	NA	NA	NA	NA
NC_045512.2	14525	A	T	81	32	27	2	2	27	0.0240964	83	0.251515	FALSE	NA	NA	NA	NA	NA	NA
NC_045512.2	14526	T	C	81	32	27	2	2	27	0.0240964	83	0.251515	FALSE	NA	NA	NA	NA	NA	NA
NC_045512.2	14528	G	A	81	32	27	2	2	28	0.0240964	83	0.251515	FALSE	NA	NA	NA	NA	NA	NA
NC_045512.2	14529	C	T	80	31	27	1	1	28	0.0120482	83	0.496933	FALSE	NA	NA	NA	NA	NA	NA
NC_045512.2	14529	C	G	80	31	27	1	1	28	0.0120482	83	0.496933	FALSE	NA	NA	NA	NA	NA	NA
NC_045512.2	14529	C	A	80	31	27	1	1	28	0.0120482	83	0.496933	FALSE	NA	NA	NA	NA	NA	NA
NC_045512.2	14530	T	G	80	31	27	1	1	28	0.0120482	83	0.496933	FALSE	NA	NA	NA	NA	NA	NA
NC_045512.2	14530	T	C	80	31	27	1	1	29	0.0120482	83	0.496933	FALSE	NA	NA	NA	NA	NA	NA
NC_045512.2	14530	T	A	80	31	27	1	1	28	0.0120482	83	0.496933	FALSE	NA	NA	NA	NA	NA	NA
NC_045512.2	14531	C	T	80	31	28	1	1	28	0.0120482	83	0.496933	FALSE	NA	NA	NA	NA	NA	NA
NC_045512.2	14531	C	A	80	31	28	2	2	28	0.0240964	83	0.248466	FALSE	NA	NA	NA	NA	NA	NA
NC_045512.2	14532	T	G	80	31	28	4	4	27	0.047619	84	0.0617311	FALSE	NA	NA	NA	NA	NA	NA
NC_045512.2	14533	A	T	79	31	27	2	2	28	0.0240964	83	0.245399	FALSE	NA	NA	NA	NA	NA	NA
NC_045512.2	14533	A	G	79	31	27	1	1	28	0.0120482	83	0.493827	FALSE	NA	NA	NA	NA	NA	NA
NC_045512.2	14533	A	C	79	31	27	1	1	26	0.0120482	83	0.493827	FALSE	NA	NA	NA	NA	NA	NA
NC_045512.2	14534	G	T	79	31	28	1	1	27	0.0120482	83	0.493827	FALSE	NA	NA	NA	NA	NA	NA
NC_045512.2	14534	G	A	79	31	28	3	3	24	0.0361446	83	0.122699	FALSE	NA	NA	NA	NA	NA	NA
NC_045512.2	14535	A	T	83	34	27	1	1	30	0.0119048	84	0.502994	FALSE	NA	NA	NA	NA	NA	NA
NC_045512.2	14536	C	G	80	31	27	2	2	26	0.0238095	84	0.245455	FALSE	NA	NA	NA	NA	NA	NA
NC_045512.2	14536	C	A	80	31	27	2	2	29	0.0238095	84	0.245455	FALSE	NA	NA	NA	NA	NA	NA
NC_045512.2	14537	T	G	80	31	26	1	1	26	0.0120482	83	0.496933	FALSE	NA	NA	NA	NA	NA	NA
NC_045512.2	14537	T	C	80	31	26	2	2	28	0.0240964	83	0.248466	FALSE	NA	NA	NA	NA	NA	NA
NC_045512.2	14538	T	A	77	34	24	1	1	23	0.0128205	78	0.503226	FALSE	NA	NA	NA	NA	NA	NA
NC_045512.2	14539	A	T	80	32	27	2	2	28	0.0240964	83	0.248466	FALSE	NA	NA	NA	NA	NA	NA
NC_045512.2	14539	A	G	80	32	27	1	1	27	0.0120482	83	0.496933	FALSE	NA	NA	NA	NA	NA	NA
NC_045512.2	14540	G	T	78	31	26	1	1	26	0.0121951	82	0.49375	FALSE	NA	NA	NA	NA	NA	NA
NC_045512.2	14540	G	A	78	31	26	3	3	28	0.0365854	82	0.122671	FALSE	NA	NA	NA	NA	NA	NA
NC_045512.2	14541	T	C	57	13	25	3	3	29	0.05	60	0.124973	FALSE	NA	NA	NA	NA	NA	NA
NC_045512.2	14542	T	G	76	32	27	1	1	30	0.0126582	79	0.496774	FALSE	NA	NA	NA	NA	NA	NA
NC_045512.2	14542	T	A	76	32	27	2	2	28	0.0253165	79	0.248387	FALSE	NA	NA	NA	NA	NA	NA
NC_045512.2	14544	T	A	46	31	25	4	4	27	0.08	50	0.0611788	FALSE	NA	NA	NA	NA	NA	NA
NC_045512.2	14545	A	G	69	27	25	2	2	27	0.0273973	73	0.244755	FALSE	NA	NA	NA	NA	NA	NA
NC_045512.2	14545	A	C	69	27	25	2	2	27	0.0273973	73	0.244755	FALSE	NA	NA	NA	NA	NA	NA
NC_045512.2	14546	A	C	71	33	24	3	2	27	0.0405405	74	0.124982	FALSE	NA	NA	NA	NA	NA	NA
NC_045512.2	14547	G	T	73	31	25	4	4	27	0.0519481	77	0.0616587	FALSE	NA	NA	NA	NA	NA	NA
NC_045512.2	14548	G	C	68	31	24	2	2	26	0.0273973	73	0.241235	FALSE	NA	NA	NA	NA	NA	NA
NC_045512.2	14548	G	A	68	31	24	3	2	26	0.0410959	73	0.119774	FALSE	NA	NA	NA	NA	NA	NA
NC_045512.2	14548	G	+A	68	31	24	1	0	20	0.0136986	73	0.489362	FALSE	NA	NA	NA	NA	NA	NA
NC_045512.2	14549	A	T	73	31	25	2	2	25	0.0263158	76	0.248322	FALSE	NA	NA	NA	NA	NA	NA
NC_045512.2	14549	A	G	73	31	25	1	1	28	0.0131579	76	0.496644	FALSE	NA	NA	NA	NA	NA	NA
NC_045512.2	14550	A	T	72	33	25	1	1	27	0.0135135	74	0.5	FALSE	NA	NA	NA	NA	NA	NA
NC_045512.2	14550	A	C	72	33	25	1	1	32	0.0135135	74	0.5	FALSE	NA	NA	NA	NA	NA	NA
NC_045512.2	14551	T	G	73	31	25	2	2	25	0.0263158	76	0.248322	FALSE	NA	NA	NA	NA	NA	NA
NC_045512.2	14551	T	C	73	31	25	1	1	28	0.0131579	76	0.496644	FALSE	NA	NA	NA	NA	NA	NA
NC_045512.2	14552	T	C	70	31	25	1	1	30	0.0135135	74	0.493056	FALSE	NA	NA	NA	NA	NA	NA
NC_045512.2	14552	T	A	70	31	25	3	3	27	0.0405405	74	0.122414	FALSE	NA	NA	NA	NA	NA	NA
NC_045512.2	14553	A	T	36	7	27	1	1	28	0.025641	39	0.493333	FALSE	NA	NA	NA	NA	NA	NA
NC_045512.2	14553	A	C	36	7	27	2	2	27	0.0512821	39	0.246667	FALSE	NA	NA	NA	NA	NA	NA
NC_045512.2	14554	C	T	36	7	26	2	2	22	0.0512821	39	0.246667	FALSE	NA	NA	NA	NA	NA	NA
NC_045512.2	14554	C	A	36	7	26	1	1	28	0.025641	39	0.493333	FALSE	NA	NA	NA	NA	NA	NA
NC_045512.2	14555	T	G	38	9	26	1	1	27	0.025641	39	0.506494	FALSE	NA	NA	NA	NA	NA	NA
NC_045512.2	14556	T	A	34	7	24	3	3	27	0.0810811	37	0.124928	FALSE	NA	NA	NA	NA	NA	NA
NC_045512.2	14557	G	C	38	9	27	1	1	27	0.025641	39	0.506494	FALSE	NA	NA	NA	NA	NA	NA
NC_045512.2	14559	G	T	36	7	28	3	3	30	0.0769231	39	0.124935	FALSE	NA	NA	NA	NA	NA	NA
NC_045512.2	14560	T	A	39	10	27	1	1	26	0.025	40	0.506329	FALSE	NA	NA	NA	NA	NA	NA
NC_045512.2	14561	A	T	34	6	27	2	2	26	0.0555556	36	0.253521	FALSE	NA	NA	NA	NA	NA	NA
NC_045512.2	14562	T	A	34	6	27	2	2	21	0.0555556	36	0.253521	FALSE	NA	NA	NA	NA	NA	NA
NC_045512.2	14563	G	A	34	6	27	2	2	27	0.0555556	36	0.253521	FALSE	NA	NA	NA	NA	NA	NA
NC_045512.2	14564	C	G	34	6	27	2	2	22	0.0555556	36	0.253521	FALSE	NA	NA	NA	NA	NA	NA
NC_045512.2	14565	T	G	34	6	27	2	2	28	0.0555556	36	0.253521	FALSE	NA	NA	NA	NA	NA	NA
NC_045512.2	14566	G	A	34	6	27	2	2	22	0.0555556	36	0.253521	FALSE	NA	NA	NA	NA	NA	NA
NC_045512.2	14567	C	A	34	6	27	2	2	27	0.0555556	36	0.253521	FALSE	NA	NA	NA	NA	NA	NA
NC_045512.2	14568	T	C	35	8	27	1	0	27	0.0277778	36	0.507042	FALSE	NA	NA	NA	NA	NA	NA
NC_045512.2	14569	G	T	34	6	27	2	2	27	0.0555556	36	0.253521	FALSE	NA	NA	NA	NA	NA	NA
NC_045512.2	14572	C	T	34	6	28	2	2	21	0.0555556	36	0.253521	FALSE	NA	NA	NA	NA	NA	NA
NC_045512.2	14573	C	T	30	6	23	2	2	28	0.0625	32	0.253968	FALSE	NA	NA	NA	NA	NA	NA
NC_045512.2	14574	T	G	34	6	27	2	2	27	0.0555556	36	0.253521	FALSE	NA	NA	NA	NA	NA	NA
NC_045512.2	14575	G	T	34	6	26	2	2	27	0.0555556	36	0.253521	FALSE	NA	NA	NA	NA	NA	NA
NC_045512.2	14576	C	G	33	6	27	4	4	27	0.108108	37	0.0606791	FALSE	NA	NA	NA	NA	NA	NA
NC_045512.2	14578	A	G	38	10	27	1	1	27	0.025641	39	0.506494	FALSE	NA	NA	NA	NA	NA	NA
NC_045512.2	14579	T	A	37	9	26	2	2	29	0.0512821	39	0.253247	FALSE	NA	NA	NA	NA	NA	NA
NC_045512.2	14580	G	A	35	8	27	3	3	25	0.0789474	38	0.124932	FALSE	NA	NA	NA	NA	NA	NA
NC_045512.2	14581	C	A	37	10	27	1	1	28	0.0263158	38	0.506667	FALSE	NA	NA	NA	NA	NA	NA
NC_045512.2	14582	A	T	35	7	26	4	4	25	0.102564	39	0.0607792	FALSE	NA	NA	NA	NA	NA	NA
NC_045512.2	14583	C	T	35	7	26	2	2	27	0.0512821	39	0.24	FALSE	NA	NA	NA	NA	NA	NA
NC_045512.2	14583	C	G	35	7	26	2	2	28	0.0512821	39	0.24	FALSE	NA	NA	NA	NA	NA	NA
NC_045512.2	14584	G	T	34	6	25	1	1	20	0.025641	39	0.479452	FALSE	NA	NA	NA	NA	NA	NA
NC_045512.2	14584	G	C	34	6	25	2	2	27	0.0512821	39	0.233247	FALSE	NA	NA	NA	NA	NA	NA
NC_045512.2	14584	G	A	34	6	25	2	2	25	0.0512821	39	0.233247	FALSE	NA	NA	NA	NA	NA	NA
NC_045512.2	14585	C	T	36	8	26	3	3	27	0.0769231	39	0.124935	FALSE	NA	NA	NA	NA	NA	NA
NC_045512.2	14586	T	G	33	6	26	2	2	27	0.0526316	38	0.232786	FALSE	NA	NA	NA	NA	NA	NA
NC_045512.2	14586	T	A	33	6	26	3	3	24	0.0789474	38	0.114798	FALSE	NA	NA	NA	NA	NA	NA
NC_045512.2	14587	G	T	33	6	26	2	2	26	0.0526316	38	0.232786	FALSE	NA	NA	NA	NA	NA	NA
NC_045512.2	14587	G	C	33	6	26	1	1	24	0.0263158	38	0.478873	FALSE	NA	NA	NA	NA	NA	NA
NC_045512.2	14587	G	A	33	6	26	2	2	28	0.0526316	38	0.232786	FALSE	NA	NA	NA	NA	NA	NA
NC_045512.2	14588	C	A	34	7	26	4	4	24	0.105263	38	0.0607306	FALSE	NA	NA	NA	NA	NA	NA
NC_045512.2	14589	T	G	33	6	26	2	2	26	0.0526316	38	0.232786	FALSE	NA	NA	NA	NA	NA	NA
NC_045512.2	14589	T	C	33	6	26	3	3	27	0.0789474	38	0.114798	FALSE	NA	NA	NA	NA	NA	NA
NC_045512.2	14590	T	C	28	6	23	4	4	26	0.117647	34	0.0531136	FALSE	NA	NA	NA	NA	NA	NA
NC_045512.2	14590	T	A	28	6	23	2	2	24	0.0588235	34	0.222734	FALSE	NA	NA	NA	NA	NA	NA
NC_045512.2	14591	C	T	33	6	27	5	5	27	0.125	40	0.0254047	FALSE	NA	NA	NA	NA	NA	NA
NC_045512.2	14591	C	G	33	6	27	2	2	28	0.05	40	0.220289	FALSE	NA	NA	NA	NA	NA	NA
NC_045512.2	14592	T	G	33	7	27	2	2	26	0.05	40	0.220289	FALSE	NA	NA	NA	NA	NA	NA
NC_045512.2	14592	T	C	33	7	27	4	3	26	0.1	40	0.051478	FALSE	NA	NA	NA	NA	NA	NA
NC_045512.2	14592	T	A	33	7	27	1	1	22	0.025	40	0.465753	FALSE	NA	NA	NA	NA	NA	NA
NC_045512.2	14593	G	T	31	4	26	3	3	28	0.0789474	38	0.104698	FALSE	NA	NA	NA	NA	NA	NA
NC_045512.2	14593	G	C	31	4	26	2	2	24	0.0526316	38	0.218634	FALSE	NA	NA	NA	NA	NA	NA
NC_045512.2	14593	G	A	31	4	26	2	2	26	0.0526316	38	0.218634	FALSE	NA	NA	NA	NA	NA	NA
NC_045512.2	14594	G	T	32	6	23	3	3	26	0.0769231	39	0.105232	FALSE	NA	NA	NA	NA	NA	NA
NC_045512.2	14594	G	C	32	6	23	1	1	22	0.025641	39	0.464789	FALSE	NA	NA	NA	NA	NA	NA
NC_045512.2	14594	G	A	32	6	23	3	3	29	0.0769231	39	0.105232	FALSE	NA	NA	NA	NA	NA	NA
NC_045512.2	14595	T	G	34	7	25	2	2	28	0.05	40	0.227027	FALSE	NA	NA	NA	NA	NA	NA
NC_045512.2	14595	T	C	34	7	25	1	1	27	0.025	40	0.472973	FALSE	NA	NA	NA	NA	NA	NA
NC_045512.2	14595	T	A	34	7	25	3	3	27	0.075	40	0.110526	FALSE	NA	NA	NA	NA	NA	NA
NC_045512.2	14596	A	T	36	9	26	2	2	29	0.0512821	39	0.246667	FALSE	NA	NA	NA	NA	NA	NA
NC_045512.2	14596	A	C	36	9	26	1	1	27	0.025641	39	0.493333	FALSE	NA	NA	NA	NA	NA	NA
NC_045512.2	14597	A	T	26	6	23	1	1	23	0.030303	33	0.457627	FALSE	NA	NA	NA	NA	NA	NA
NC_045512.2	14597	A	G	26	6	23	4	4	27	0.121212	33	0.0491265	FALSE	NA	NA	NA	NA	NA	NA
NC_045512.2	14597	A	C	26	6	23	2	2	27	0.0606061	33	0.213559	FALSE	NA	NA	NA	NA	NA	NA
NC_045512.2	14598	T	G	36	9	26	1	1	29	0.025	40	0.486842	FALSE	NA	NA	NA	NA	NA	NA
NC_045512.2	14598	T	C	36	9	26	2	2	27	0.05	40	0.24026	FALSE	NA	NA	NA	NA	NA	NA
NC_045512.2	14598	T	A	36	9	26	1	1	24	0.025	40	0.486842	FALSE	NA	NA	NA	NA	NA	NA
NC_045512.2	14599	C	T	34	7	27	2	2	28	0.05	40	0.227027	FALSE	NA	NA	NA	NA	NA	NA
NC_045512.2	14599	C	A	34	7	27	4	4	27	0.1	40	0.0545455	FALSE	NA	NA	NA	NA	NA	NA
NC_045512.2	14600	T	C	35	8	27	3	3	26	0.075	40	0.115325	FALSE	NA	NA	NA	NA	NA	NA
NC_045512.2	14600	T	A	35	8	27	2	2	28	0.05	40	0.233684	FALSE	NA	NA	NA	NA	NA	NA
NC_045512.2	14601	A	T	34	7	27	1	1	28	0.025	40	0.472973	FALSE	NA	NA	NA	NA	NA	NA
NC_045512.2	14601	A	G	34	7	27	5	5	26	0.125	40	0.0272727	FALSE	NA	NA	NA	NA	NA	NA
NC_045512.2	14602	T	C	36	9	26	2	2	26	0.0512821	39	0.246667	FALSE	NA	NA	NA	NA	NA	NA
NC_045512.2	14602	T	A	36	9	26	1	1	28	0.025641	39	0.493333	FALSE	NA	NA	NA	NA	NA	NA
NC_045512.2	14603	T	G	35	9	24	1	1	29	0.0263158	38	0.493151	FALSE	NA	NA	NA	NA	NA	NA
NC_045512.2	14603	T	A	35	9	24	2	2	26	0.0526316	38	0.246575	FALSE	NA	NA	NA	NA	NA	NA
NC_045512.2	14604	A	T	34	7	26	3	3	25	0.075	40	0.110526	FALSE	NA	NA	NA	NA	NA	NA
NC_045512.2	14604	A	G	34	7	26	3	3	25	0.075	40	0.110526	FALSE	NA	NA	NA	NA	NA	NA
NC_045512.2	14605	C	T	36	9	27	3	3	28	0.075	40	0.12013	FALSE	NA	NA	NA	NA	NA	NA
NC_045512.2	14605	C	A	36	9	27	1	1	23	0.025	40	0.486842	FALSE	NA	NA	NA	NA	NA	NA
NC_045512.2	14606	T	C	36	9	27	1	1	23	0.025641	39	0.493333	FALSE	NA	NA	NA	NA	NA	NA
NC_045512.2	14606	T	A	36	9	27	2	2	22	0.0512821	39	0.246667	FALSE	NA	NA	NA	NA	NA	NA
NC_045512.2	14607	A	T	34	8	27	4	3	27	0.102564	39	0.0575342	FALSE	NA	NA	NA	NA	NA	NA
NC_045512.2	14607	A	C	34	8	27	1	1	26	0.025641	39	0.479452	FALSE	NA	NA	NA	NA	NA	NA
NC_045512.2	14608	G	T	34	7	26	2	2	25	0.0512821	39	0.233247	FALSE	NA	NA	NA	NA	NA	NA
NC_045512.2	14608	G	C	34	7	26	2	2	28	0.0512821	39	0.233247	FALSE	NA	NA	NA	NA	NA	NA
NC_045512.2	14608	G	A	34	7	26	1	1	22	0.025641	39	0.479452	FALSE	NA	NA	NA	NA	NA	NA
NC_045512.2	14608	G	+A	34	7	26	1	0	20	0.025641	39	0.479452	FALSE	NA	NA	NA	NA	NA	NA
NC_045512.2	14609	A	T	35	9	27	2	2	27	0.0512821	39	0.24	FALSE	NA	NA	NA	NA	NA	NA
NC_045512.2	14609	A	G	35	9	27	2	2	26	0.0512821	39	0.24	FALSE	NA	NA	NA	NA	NA	NA
NC_045512.2	14610	T	G	31	6	27	5	5	23	0.125	40	0.0218427	FALSE	NA	NA	NA	NA	NA	NA
NC_045512.2	14610	T	C	31	6	27	1	1	25	0.025	40	0.450704	FALSE	NA	NA	NA	NA	NA	NA
NC_045512.2	14610	T	A	31	6	27	3	3	24	0.075	40	0.096212	FALSE	NA	NA	NA	NA	NA	NA
NC_045512.2	14611	A	T	34	9	26	1	1	22	0.025	40	0.472973	FALSE	NA	NA	NA	NA	NA	NA
NC_045512.2	14611	A	G	34	9	26	3	3	27	0.075	40	0.110526	FALSE	NA	NA	NA	NA	NA	NA
NC_045512.2	14611	A	C	34	9	26	2	2	25	0.05	40	0.227027	FALSE	NA	NA	NA	NA	NA	NA
NC_045512.2	14612	A	T	34	9	27	5	5	25	0.125	40	0.0272727	FALSE	NA	NA	NA	NA	NA	NA
NC_045512.2	14612	A	C	34	9	27	1	1	28	0.025	40	0.472973	FALSE	NA	NA	NA	NA	NA	NA
NC_045512.2	14613	A	T	31	11	23	5	5	24	0.138889	36	0.028955	FALSE	NA	NA	NA	NA	NA	NA
NC_045512.2	14614	C	T	30	6	26	2	2	25	0.0526316	38	0.211424	FALSE	NA	NA	NA	NA	NA	NA
NC_045512.2	14614	C	G	30	6	26	1	1	27	0.0263158	38	0.455882	FALSE	NA	NA	NA	NA	NA	NA
NC_045512.2	14614	C	A	30	6	26	5	5	26	0.131579	38	0.023202	FALSE	NA	NA	NA	NA	NA	NA
NC_045512.2	14615	G	T	30	6	26	3	3	27	0.075	40	0.0914822	FALSE	NA	NA	NA	NA	NA	NA
NC_045512.2	14615	G	C	30	6	26	4	4	25	0.1	40	0.0426082	FALSE	NA	NA	NA	NA	NA	NA
NC_045512.2	14615	G	A	30	6	26	3	3	26	0.075	40	0.0914822	FALSE	NA	NA	NA	NA	NA	NA
NC_045512.2	14616	C	T	32	8	26	6	6	23	0.15	40	0.0116438	FALSE	NA	NA	NA	NA	NA	NA
NC_045512.2	14616	C	G	32	8	26	1	1	27	0.025	40	0.458333	FALSE	NA	NA	NA	NA	NA	NA
NC_045512.2	14616	C	A	32	8	26	1	1	28	0.025	40	0.458333	FALSE	NA	NA	NA	NA	NA	NA
NC_045512.2	14617	A	T	30	6	27	5	5	27	0.128205	39	0.0216128	FALSE	NA	NA	NA	NA	NA	NA
NC_045512.2	14617	A	C	30	6	27	4	4	27	0.102564	39	0.0450782	FALSE	NA	NA	NA	NA	NA	NA
NC_045512.2	14618	C	T	30	6	27	3	3	24	0.075	40	0.0914822	FALSE	NA	NA	NA	NA	NA	NA
NC_045512.2	14618	C	G	30	6	27	2	2	27	0.05	40	0.199598	FALSE	NA	NA	NA	NA	NA	NA
NC_045512.2	14618	C	A	30	6	27	5	5	27	0.125	40	0.0201525	FALSE	NA	NA	NA	NA	NA	NA
NC_045512.2	14619	T	G	36	12	26	2	2	24	0.05	40	0.24026	FALSE	NA	NA	NA	NA	NA	NA
NC_045512.2	14619	T	C	36	12	26	1	1	25	0.025	40	0.486842	FALSE	NA	NA	NA	NA	NA	NA
NC_045512.2	14619	T	A	36	12	26	1	1	27	0.025	40	0.486842	FALSE	NA	NA	NA	NA	NA	NA
NC_045512.2	14620	A	T	31	7	27	3	3	26	0.075	40	0.096212	FALSE	NA	NA	NA	NA	NA	NA
NC_045512.2	14620	A	G	31	7	27	6	6	27	0.15	40	0.010634	FALSE	NA	NA	NA	NA	NA	NA
NC_045512.2	14621	C	T	30	6	27	4	4	27	0.1	40	0.0426082	FALSE	NA	NA	NA	NA	NA	NA
NC_045512.2	14621	C	A	30	6	27	6	6	25	0.15	40	0.0096732	TRUE	NA	NA	NA	NA	NA	NA
NC_045512.2	14622	G	T	32	9	27	2	2	28	0.047619	42	0.202162	FALSE	NA	NA	NA	NA	NA	NA
NC_045512.2	14622	G	C	32	9	27	3	3	26	0.0714286	42	0.093101	FALSE	NA	NA	NA	NA	NA	NA
NC_045512.2	14622	G	A	32	9	27	5	5	27	0.119048	42	0.0206478	FALSE	NA	NA	NA	NA	NA	NA
NC_045512.2	14623	T	G	37	14	27	4	4	27	0.097561	41	0.0608689	FALSE	NA	NA	NA	NA	NA	NA
NC_045512.2	14624	G	T	33	10	27	3	3	26	0.0714286	42	0.0976077	FALSE	NA	NA	NA	NA	NA	NA
NC_045512.2	14624	G	C	33	10	27	1	1	27	0.0238095	42	0.453333	FALSE	NA	NA	NA	NA	NA	NA
NC_045512.2	14624	G	A	33	10	27	5	5	24	0.119048	42	0.0222714	FALSE	NA	NA	NA	NA	NA	NA
NC_045512.2	14625	C	T	31	8	26	3	3	27	0.0714286	42	0.088619	FALSE	NA	NA	NA	NA	NA	NA
NC_045512.2	14625	C	G	31	8	26	2	2	27	0.047619	42	0.195483	FALSE	NA	NA	NA	NA	NA	NA
NC_045512.2	14625	C	A	31	8	26	6	6	24	0.142857	42	0.00905108	TRUE	NA	NA	NA	NA	NA	NA
NC_045512.2	14625	C	+T	31	8	26	2	0	20	0.047619	42	0.195483	FALSE	NA	NA	NA	NA	NA	NA
NC_045512.2	14626	T	G	26	3	26	2	2	26	0.0540541	37	0.1875	FALSE	NA	NA	NA	NA	NA	NA
NC_045512.2	14626	T	C	26	3	26	1	1	27	0.027027	37	0.428571	FALSE	NA	NA	NA	NA	NA	NA
NC_045512.2	14626	T	A	26	3	26	8	8	26	0.216216	37	0.00192326	TRUE	NA	NA	NA	NA	NA	NA
NC_045512.2	14627	T	G	33	10	27	2	2	26	0.0487805	41	0.214414	FALSE	NA	NA	NA	NA	NA	NA
NC_045512.2	14627	T	C	33	10	27	3	3	26	0.0731707	41	0.101565	FALSE	NA	NA	NA	NA	NA	NA
NC_045512.2	14627	T	A	33	10	27	3	3	28	0.0731707	41	0.101565	FALSE	NA	NA	NA	NA	NA	NA
NC_045512.2	14628	T	C	33	11	27	5	4	27	0.119048	42	0.0222714	FALSE	NA	NA	NA	NA	NA	NA
NC_045512.2	14628	T	A	33	11	27	4	4	24	0.0952381	42	0.0463011	FALSE	NA	NA	NA	NA	NA	NA
NC_045512.2	14629	T	G	23	13	25	2	2	26	0.0689655	29	0.217707	FALSE	NA	NA	NA	NA	NA	NA
NC_045512.2	14629	T	C	23	13	25	1	1	28	0.0344828	29	0.461538	FALSE	NA	NA	NA	NA	NA	NA
NC_045512.2	14629	T	A	23	13	25	3	3	28	0.103448	29	0.104822	FALSE	NA	NA	NA	NA	NA	NA
NC_045512.2	14630	C	T	31	8	26	4	4	26	0.0952381	42	0.0408114	FALSE	NA	NA	NA	NA	NA	NA
NC_045512.2	14630	C	G	31	8	26	2	2	27	0.047619	42	0.195483	FALSE	NA	NA	NA	NA	NA	NA
NC_045512.2	14630	C	A	31	8	26	5	5	29	0.119048	42	0.0190807	FALSE	NA	NA	NA	NA	NA	NA
NC_045512.2	14631	A	T	34	11	27	3	3	25	0.0714286	42	0.102135	FALSE	NA	NA	NA	NA	NA	NA
NC_045512.2	14631	A	C	34	11	27	5	5	27	0.119048	42	0.0239499	FALSE	NA	NA	NA	NA	NA	NA
NC_045512.2	14632	G	T	34	11	27	2	2	25	0.047619	42	0.215311	FALSE	NA	NA	NA	NA	NA	NA
NC_045512.2	14632	G	C	34	11	27	2	2	27	0.047619	42	0.215311	FALSE	NA	NA	NA	NA	NA	NA
NC_045512.2	14632	G	A	34	11	27	4	4	27	0.0952381	42	0.0491281	FALSE	NA	NA	NA	NA	NA	NA
NC_045512.2	14633	T	G	34	11	27	1	1	26	0.0227273	44	0.448718	FALSE	NA	NA	NA	NA	NA	NA
NC_045512.2	14633	T	C	34	11	27	5	5	25	0.113636	44	0.0211013	FALSE	NA	NA	NA	NA	NA	NA
NC_045512.2	14633	T	A	34	11	27	4	4	25	0.0909091	44	0.0443669	FALSE	NA	NA	NA	NA	NA	NA
NC_045512.2	14634	A	T	56	14	27	3	3	25	0.047619	63	0.112886	FALSE	NA	NA	NA	NA	NA	NA
NC_045512.2	14634	A	G	56	14	27	1	1	26	0.015873	63	0.478992	FALSE	NA	NA	NA	NA	NA	NA
NC_045512.2	14634	A	C	56	14	27	3	3	24	0.047619	63	0.112886	FALSE	NA	NA	NA	NA	NA	NA
NC_045512.2	14635	G	T	52	10	27	3	3	24	0.0461538	65	0.0958115	FALSE	NA	NA	NA	NA	NA	NA
NC_045512.2	14635	G	C	52	10	27	4	4	27	0.0615385	65	0.044712	FALSE	NA	NA	NA	NA	NA	NA
NC_045512.2	14635	G	A	52	10	27	6	6	25	0.0923077	65	0.0100134	FALSE	NA	NA	NA	NA	NA	NA
NC_045512.2	14636	C	T	51	9	27	4	4	25	0.0625	64	0.0444439	FALSE	NA	NA	NA	NA	NA	NA
NC_045512.2	14636	C	G	51	9	27	4	4	25	0.0625	64	0.0444439	FALSE	NA	NA	NA	NA	NA	NA
NC_045512.2	14636	C	A	51	9	27	5	5	25	0.078125	64	0.0209148	FALSE	NA	NA	NA	NA	NA	NA
NC_045512.2	14637	T	G	54	12	27	1	1	25	0.015625	64	0.466102	FALSE	NA	NA	NA	NA	NA	NA
NC_045512.2	14637	T	C	54	12	27	6	6	25	0.09375	64	0.0117814	FALSE	NA	NA	NA	NA	NA	NA
NC_045512.2	14637	T	A	54	12	27	3	3	26	0.046875	64	0.104187	FALSE	NA	NA	NA	NA	NA	NA
NC_045512.2	14638	G	T	49	7	27	9	9	25	0.138462	65	0.000873102	TRUE	NA	NA	NA	NA	NA	NA
NC_045512.2	14638	G	C	49	7	27	5	5	24	0.0769231	65	0.0180753	FALSE	NA	NA	NA	NA	NA	NA
NC_045512.2	14638	G	A	49	7	27	2	2	25	0.0307692	65	0.194508	FALSE	NA	NA	NA	NA	NA	NA
NC_045512.2	14639	C	T	51	9	27	7	7	25	0.107692	65	0.00448877	TRUE	NA	NA	NA	NA	NA	NA
NC_045512.2	14639	C	G	51	9	27	3	3	25	0.0461538	65	0.0929281	FALSE	NA	NA	NA	NA	NA	NA
NC_045512.2	14639	C	A	51	9	27	4	4	27	0.0615385	65	0.04295	FALSE	NA	NA	NA	NA	NA	NA
NC_045512.2	14640	A	T	53	11	27	8	8	26	0.123077	65	0.00250373	TRUE	NA	NA	NA	NA	NA	NA
NC_045512.2	14640	A	C	53	11	27	4	4	25	0.0615385	65	0.0464969	FALSE	NA	NA	NA	NA	NA	NA
NC_045512.2	14641	C	T	51	9	27	2	2	26	0.03125	64	0.206597	FALSE	NA	NA	NA	NA	NA	NA
NC_045512.2	14641	C	G	51	9	27	6	6	26	0.09375	64	0.00993451	TRUE	NA	NA	NA	NA	NA	NA
NC_045512.2	14641	C	A	51	9	27	5	5	26	0.078125	64	0.0209148	FALSE	NA	NA	NA	NA	NA	NA
NC_045512.2	14642	T	G	50	8	27	5	5	24	0.0769231	65	0.0190474	FALSE	NA	NA	NA	NA	NA	NA
NC_045512.2	14642	T	C	50	8	27	4	4	27	0.0615385	65	0.0412116	FALSE	NA	NA	NA	NA	NA	NA
NC_045512.2	14642	T	A	50	8	27	6	6	27	0.0923077	65	0.00888878	TRUE	NA	NA	NA	NA	NA	NA
NC_045512.2	14643	T	G	44	9	23	6	6	26	0.103448	58	0.00879277	TRUE	NA	NA	NA	NA	NA	NA
NC_045512.2	14643	T	C	44	9	23	4	3	28	0.0689655	58	0.0407052	FALSE	NA	NA	NA	NA	NA	NA
NC_045512.2	14643	T	A	44	9	23	4	4	27	0.0689655	58	0.0407052	FALSE	NA	NA	NA	NA	NA	NA
NC_045512.2	14644	A	T	53	11	26	6	6	26	0.0923077	65	0.0106032	FALSE	NA	NA	NA	NA	NA	NA
NC_045512.2	14644	A	G	53	11	26	1	1	27	0.0153846	65	0.457627	FALSE	NA	NA	NA	NA	NA	NA
NC_045512.2	14644	A	C	53	11	26	5	5	27	0.0769231	65	0.0221051	FALSE	NA	NA	NA	NA	NA	NA
NC_045512.2	14645	C	T	49	7	26	6	6	27	0.0923077	65	0.00835411	TRUE	NA	NA	NA	NA	NA	NA
NC_045512.2	14645	C	G	49	7	26	7	7	26	0.107692	65	0.00389859	TRUE	NA	NA	NA	NA	NA	NA
NC_045512.2	14645	C	A	49	7	26	3	3	26	0.0461538	65	0.0871932	FALSE	NA	NA	NA	NA	NA	NA
NC_045512.2	14646	T	G	57	15	27	1	1	26	0.0151515	66	0.471545	FALSE	NA	NA	NA	NA	NA	NA
NC_045512.2	14646	T	C	57	15	27	5	5	25	0.0757576	66	0.0254532	FALSE	NA	NA	NA	NA	NA	NA
NC_045512.2	14646	T	A	57	15	27	3	3	28	0.0454545	66	0.107695	FALSE	NA	NA	NA	NA	NA	NA
NC_045512.2	14647	A	T	52	10	27	7	7	26	0.107692	65	0.00480318	TRUE	NA	NA	NA	NA	NA	NA
NC_045512.2	14647	A	G	52	10	27	3	3	27	0.0461538	65	0.0958115	FALSE	NA	NA	NA	NA	NA	NA
NC_045512.2	14647	A	C	52	10	27	3	3	26	0.0461538	65	0.0958115	FALSE	NA	NA	NA	NA	NA	NA
NC_045512.2	14648	A	T	52	11	24	4	4	23	0.0625	64	0.0462538	FALSE	NA	NA	NA	NA	NA	NA
NC_045512.2	14648	A	G	52	11	24	4	4	26	0.0625	64	0.0462538	FALSE	NA	NA	NA	NA	NA	NA
NC_045512.2	14648	A	C	52	11	24	4	4	25	0.0625	64	0.0462538	FALSE	NA	NA	NA	NA	NA	NA
NC_045512.2	14649	C	T	52	10	27	5	5	26	0.078125	64	0.0219706	FALSE	NA	NA	NA	NA	NA	NA
NC_045512.2	14649	C	G	52	10	27	4	4	26	0.0625	64	0.0462538	FALSE	NA	NA	NA	NA	NA	NA
NC_045512.2	14649	C	A	52	10	27	3	3	25	0.046875	64	0.0982893	FALSE	NA	NA	NA	NA	NA	NA
NC_045512.2	14650	A	T	52	10	27	10	10	25	0.153846	65	0.000558084	TRUE	NA	NA	NA	NA	NA	NA
NC_045512.2	14650	A	G	52	10	27	1	1	28	0.0153846	65	0.452991	FALSE	NA	NA	NA	NA	NA	NA
NC_045512.2	14650	A	C	52	10	27	2	2	25	0.0307692	65	0.207301	FALSE	NA	NA	NA	NA	NA	NA
NC_045512.2	14651	A	T	47	9	24	10	10	25	0.15873	63	0.000405871	TRUE	NA	NA	NA	NA	NA	NA
NC_045512.2	14651	A	G	47	9	24	4	4	26	0.0634921	63	0.0388119	FALSE	NA	NA	NA	NA	NA	NA
NC_045512.2	14651	A	C	47	9	24	2	2	26	0.031746	63	0.192629	FALSE	NA	NA	NA	NA	NA	NA
NC_045512.2	14652	T	G	54	12	26	4	4	26	0.0615385	65	0.0483037	FALSE	NA	NA	NA	NA	NA	NA
NC_045512.2	14652	T	C	54	12	26	4	4	28	0.0615385	65	0.0483037	FALSE	NA	NA	NA	NA	NA	NA
NC_045512.2	14652	T	A	54	12	26	3	3	25	0.0461538	65	0.101604	FALSE	NA	NA	NA	NA	NA	NA
NC_045512.2	14653	G	T	48	6	26	8	8	26	0.123077	65	0.00169054	TRUE	NA	NA	NA	NA	NA	NA
NC_045512.2	14653	G	C	48	6	26	5	5	26	0.0769231	65	0.0171274	FALSE	NA	NA	NA	NA	NA	NA
NC_045512.2	14653	G	A	48	6	26	4	4	25	0.0615385	65	0.0378095	FALSE	NA	NA	NA	NA	NA	NA
NC_045512.2	14654	T	G	52	10	27	4	4	24	0.0634921	63	0.0478626	FALSE	NA	NA	NA	NA	NA	NA
NC_045512.2	14654	T	C	52	10	27	2	2	27	0.031746	63	0.214543	FALSE	NA	NA	NA	NA	NA	NA
NC_045512.2	14654	T	A	52	10	27	5	5	26	0.0793651	63	0.0229258	FALSE	NA	NA	NA	NA	NA	NA
NC_045512.2	14655	T	G	47	11	23	9	9	26	0.147541	61	0.000993752	TRUE	NA	NA	NA	NA	NA	NA
NC_045512.2	14655	T	C	47	11	23	1	1	24	0.0163934	61	0.444444	FALSE	NA	NA	NA	NA	NA	NA
NC_045512.2	14655	T	A	47	11	23	4	4	26	0.0655738	61	0.0417265	FALSE	NA	NA	NA	NA	NA	NA
NC_045512.2	14656	G	T	52	10	26	3	3	27	0.0454545	66	0.0934162	FALSE	NA	NA	NA	NA	NA	NA
NC_045512.2	14656	G	C	52	10	26	4	4	27	0.0606061	66	0.0432339	FALSE	NA	NA	NA	NA	NA	NA
NC_045512.2	14656	G	A	52	10	26	7	7	25	0.106061	66	0.00453203	TRUE	NA	NA	NA	NA	NA	NA
NC_045512.2	14657	C	T	50	8	26	3	3	25	0.0454545	66	0.0877654	FALSE	NA	NA	NA	NA	NA	NA
NC_045512.2	14657	C	G	50	8	26	4	4	25	0.0606061	66	0.0398263	FALSE	NA	NA	NA	NA	NA	NA
NC_045512.2	14657	C	A	50	8	26	9	9	25	0.136364	66	0.00088557	TRUE	NA	NA	NA	NA	NA	NA
NC_045512.2	14657	C	-T	50	8	26	1	0	20	0.0151515	66	0.439655	FALSE	NA	NA	NA	NA	NA	NA
NC_045512.2	14658	T	G	48	9	26	2	2	26	0.0333333	60	0.204337	FALSE	NA	NA	NA	NA	NA	NA
NC_045512.2	14658	T	C	48	9	26	3	3	28	0.05	60	0.0938845	FALSE	NA	NA	NA	NA	NA	NA
NC_045512.2	14658	T	A	48	9	26	7	7	26	0.116667	60	0.0046316	TRUE	NA	NA	NA	NA	NA	NA
NC_045512.2	14659	T	G	56	16	27	1	1	29	0.0153846	65	0.471074	FALSE	NA	NA	NA	NA	NA	NA
NC_045512.2	14659	T	C	56	16	27	4	4	25	0.0615385	65	0.0519797	FALSE	NA	NA	NA	NA	NA	NA
NC_045512.2	14659	T	A	56	16	27	4	4	23	0.0615385	65	0.0519797	FALSE	NA	NA	NA	NA	NA	NA
NC_045512.2	14660	T	G	56	16	27	2	2	23	0.0307692	65	0.223953	FALSE	NA	NA	NA	NA	NA	NA
NC_045512.2	14660	T	C	56	16	27	4	4	27	0.0615385	65	0.0519797	FALSE	NA	NA	NA	NA	NA	NA
NC_045512.2	14660	T	A	56	16	27	3	3	26	0.0461538	65	0.107425	FALSE	NA	NA	NA	NA	NA	NA
NC_045512.2	14661	T	G	27	13	23	2	2	24	0.0512821	39	0.183627	FALSE	NA	NA	NA	NA	NA	NA
NC_045512.2	14661	T	C	27	13	23	5	5	25	0.128205	39	0.0166385	FALSE	NA	NA	NA	NA	NA	NA
NC_045512.2	14661	T	A	27	13	23	5	5	26	0.128205	39	0.0166385	FALSE	NA	NA	NA	NA	NA	NA
NC_045512.2	14662	C	T	53	14	26	6	6	24	0.0952381	63	0.0117236	FALSE	NA	NA	NA	NA	NA	NA
NC_045512.2	14662	C	A	53	14	26	4	4	23	0.0634921	63	0.0497447	FALSE	NA	NA	NA	NA	NA	NA
NC_045512.2	14663	A	T	49	10	26	10	10	26	0.16129	62	0.000541306	TRUE	NA	NA	NA	NA	NA	NA
NC_045512.2	14663	A	G	49	10	26	1	1	23	0.016129	62	0.45045	FALSE	NA	NA	NA	NA	NA	NA
NC_045512.2	14663	A	C	49	10	26	2	2	27	0.0322581	62	0.205116	FALSE	NA	NA	NA	NA	NA	NA
NC_045512.2	14664	A	T	50	11	27	6	6	26	0.0952381	63	0.00985342	TRUE	NA	NA	NA	NA	NA	NA
NC_045512.2	14664	A	G	50	11	27	6	6	25	0.0952381	63	0.00985342	TRUE	NA	NA	NA	NA	NA	NA
NC_045512.2	14664	A	C	50	11	27	1	1	27	0.015873	63	0.451327	FALSE	NA	NA	NA	NA	NA	NA
NC_045512.2	14665	A	T	43	13	23	6	6	26	0.105263	57	0.00868914	TRUE	NA	NA	NA	NA	NA	NA
NC_045512.2	14665	A	G	43	13	23	6	5	27	0.105263	57	0.00868914	TRUE	NA	NA	NA	NA	NA	NA
NC_045512.2	14665	A	C	43	13	23	2	1	26	0.0350877	57	0.19604	FALSE	NA	NA	NA	NA	NA	NA
NC_045512.2	14666	C	T	51	12	26	5	5	28	0.078125	64	0.0209148	FALSE	NA	NA	NA	NA	NA	NA
NC_045512.2	14666	C	G	51	12	26	5	5	27	0.078125	64	0.0209148	FALSE	NA	NA	NA	NA	NA	NA
NC_045512.2	14666	C	A	51	12	26	3	3	23	0.046875	64	0.0953523	FALSE	NA	NA	NA	NA	NA	NA
NC_045512.2	14667	T	G	50	12	26	2	2	29	0.031746	63	0.205869	FALSE	NA	NA	NA	NA	NA	NA
NC_045512.2	14667	T	C	50	12	26	5	5	28	0.0793651	63	0.0207626	FALSE	NA	NA	NA	NA	NA	NA
NC_045512.2	14667	T	A	50	12	26	6	6	26	0.0952381	63	0.00985342	TRUE	NA	NA	NA	NA	NA	NA
NC_045512.2	14668	G	T	45	7	26	8	8	25	0.126984	63	0.00149847	TRUE	NA	NA	NA	NA	NA	NA
NC_045512.2	14668	G	C	45	7	26	3	3	28	0.047619	63	0.0801409	FALSE	NA	NA	NA	NA	NA	NA
NC_045512.2	14668	G	A	45	7	26	7	7	27	0.111111	63	0.00325139	TRUE	NA	NA	NA	NA	NA	NA
NC_045512.2	14669	T	G	53	15	26	3	3	25	0.0483871	62	0.106562	FALSE	NA	NA	NA	NA	NA	NA
NC_045512.2	14669	T	C	53	15	26	2	2	28	0.0322581	62	0.222639	FALSE	NA	NA	NA	NA	NA	NA
NC_045512.2	14669	T	A	53	15	26	4	4	28	0.0645161	62	0.0514749	FALSE	NA	NA	NA	NA	NA	NA
NC_045512.2	14670	C	T	44	6	27	3	3	26	0.047619	63	0.0772386	FALSE	NA	NA	NA	NA	NA	NA
NC_045512.2	14670	C	G	44	6	27	9	9	27	0.142857	63	0.000630197	TRUE	NA	NA	NA	NA	NA	NA
NC_045512.2	14670	C	A	44	6	27	7	7	27	0.111111	63	0.00299778	TRUE	NA	NA	NA	NA	NA	NA
NC_045512.2	14671	A	T	44	7	26	7	7	25	0.112903	62	0.00319575	TRUE	NA	NA	NA	NA	NA	NA
NC_045512.2	14671	A	G	44	7	26	5	5	26	0.0806452	62	0.0155802	FALSE	NA	NA	NA	NA	NA	NA
NC_045512.2	14671	A	C	44	7	26	6	6	26	0.0967742	62	0.00701811	TRUE	NA	NA	NA	NA	NA	NA
NC_045512.2	14672	A	T	47	10	27	10	10	25	0.16129	62	0.000443107	TRUE	NA	NA	NA	NA	NA	NA
NC_045512.2	14672	A	G	47	10	27	2	2	27	0.0322581	62	0.196163	FALSE	NA	NA	NA	NA	NA	NA
NC_045512.2	14672	A	C	47	10	27	3	3	25	0.0483871	62	0.0883619	FALSE	NA	NA	NA	NA	NA	NA
NC_045512.2	14673	A	T	34	10	23	8	8	27	0.166667	48	0.00167122	TRUE	NA	NA	NA	NA	NA	NA
NC_045512.2	14673	A	G	34	10	23	5	5	26	0.104167	48	0.0165322	FALSE	NA	NA	NA	NA	NA	NA
NC_045512.2	14673	A	C	34	10	23	1	1	28	0.0208333	48	0.426829	FALSE	NA	NA	NA	NA	NA	NA
NC_045512.2	14674	C	T	47	11	26	7	7	27	0.114754	61	0.00430411	TRUE	NA	NA	NA	NA	NA	NA
NC_045512.2	14674	C	G	47	11	26	4	4	27	0.0655738	61	0.0417265	FALSE	NA	NA	NA	NA	NA	NA
NC_045512.2	14674	C	A	47	11	26	3	3	26	0.0491803	61	0.0908164	FALSE	NA	NA	NA	NA	NA	NA
NC_045512.2	14675	C	T	45	11	28	7	7	24	0.122807	57	0.00479803	TRUE	NA	NA	NA	NA	NA	NA
NC_045512.2	14675	C	G	45	11	28	2	2	25	0.0350877	57	0.205787	FALSE	NA	NA	NA	NA	NA	NA
NC_045512.2	14675	C	A	45	11	28	3	3	24	0.0526316	57	0.0949787	FALSE	NA	NA	NA	NA	NA	NA
NC_045512.2	14676	C	T	29	8	23	7	7	26	0.155556	45	0.00262777	TRUE	NA	NA	NA	NA	NA	NA
NC_045512.2	14676	C	G	29	8	23	6	6	26	0.133333	45	0.00583949	TRUE	NA	NA	NA	NA	NA	NA
NC_045512.2	14676	C	A	29	8	23	3	3	27	0.0666667	45	0.0705548	FALSE	NA	NA	NA	NA	NA	NA
NC_045512.2	14677	G	T	42	9	26	6	6	26	0.105263	57	0.00808729	TRUE	NA	NA	NA	NA	NA	NA
NC_045512.2	14677	G	C	42	9	26	4	4	27	0.0701754	57	0.0384003	FALSE	NA	NA	NA	NA	NA	NA
NC_045512.2	14677	G	A	42	9	26	5	5	24	0.0877193	57	0.0175225	FALSE	NA	NA	NA	NA	NA	NA
NC_045512.2	14678	G	T	40	9	23	4	4	27	0.0769231	52	0.0426415	FALSE	NA	NA	NA	NA	NA	NA
NC_045512.2	14678	G	C	40	9	23	1	1	27	0.0192308	52	0.445652	FALSE	NA	NA	NA	NA	NA	NA
NC_045512.2	14678	G	A	40	9	23	7	7	27	0.134615	52	0.00454602	TRUE	NA	NA	NA	NA	NA	NA
NC_045512.2	14679	T	G	47	10	26	4	4	25	0.0655738	61	0.0417265	FALSE	NA	NA	NA	NA	NA	NA
NC_045512.2	14679	T	C	47	10	26	8	8	25	0.131148	61	0.00205849	TRUE	NA	NA	NA	NA	NA	NA
NC_045512.2	14679	T	A	47	10	26	2	2	25	0.0327869	61	0.199796	FALSE	NA	NA	NA	NA	NA	NA
NC_045512.2	14680	A	T	47	10	26	3	3	27	0.05	60	0.0933627	FALSE	NA	NA	NA	NA	NA	NA
NC_045512.2	14680	A	G	47	10	26	4	4	28	0.0666667	60	0.0432863	FALSE	NA	NA	NA	NA	NA	NA
NC_045512.2	14680	A	C	47	10	26	6	6	25	0.1	60	0.00959597	TRUE	NA	NA	NA	NA	NA	NA
NC_045512.2	14681	A	T	37	13	24	5	5	24	0.1	50	0.0182922	FALSE	NA	NA	NA	NA	NA	NA
NC_045512.2	14681	A	G	37	13	24	1	0	23	0.02	50	0.436782	FALSE	NA	NA	NA	NA	NA	NA
NC_045512.2	14681	A	C	37	13	24	7	7	26	0.14	50	0.00404498	TRUE	NA	NA	NA	NA	NA	NA
NC_045512.2	14682	T	G	46	11	26	3	3	26	0.0526316	57	0.0982823	FALSE	NA	NA	NA	NA	NA	NA
NC_045512.2	14682	T	C	46	11	26	3	3	26	0.0526316	57	0.0982823	FALSE	NA	NA	NA	NA	NA	NA
NC_045512.2	14682	T	A	46	11	26	5	5	25	0.0877193	57	0.0220966	FALSE	NA	NA	NA	NA	NA	NA
NC_045512.2	14683	T	G	44	9	27	6	6	27	0.101695	59	0.00830429	TRUE	NA	NA	NA	NA	NA	NA
NC_045512.2	14683	T	C	44	9	27	5	5	26	0.0847458	59	0.0179373	FALSE	NA	NA	NA	NA	NA	NA
NC_045512.2	14683	T	A	44	9	27	4	4	25	0.0677966	59	0.0391691	FALSE	NA	NA	NA	NA	NA	NA
NC_045512.2	14684	T	G	48	15	27	3	3	26	0.0517241	58	0.102005	FALSE	NA	NA	NA	NA	NA	NA
NC_045512.2	14684	T	C	48	15	27	6	6	27	0.103448	58	0.0114065	FALSE	NA	NA	NA	NA	NA	NA
NC_045512.2	14684	T	A	48	15	27	1	1	28	0.0172414	58	0.462264	FALSE	NA	NA	NA	NA	NA	NA
NC_045512.2	14685	T	G	23	12	24	5	5	27	0.138889	36	0.0139824	FALSE	NA	NA	NA	NA	NA	NA
NC_045512.2	14685	T	C	23	12	24	3	3	28	0.0833333	36	0.0722423	FALSE	NA	NA	NA	NA	NA	NA
NC_045512.2	14685	T	A	23	12	24	5	5	26	0.138889	36	0.0139824	FALSE	NA	NA	NA	NA	NA	NA
NC_045512.2	14686	A	T	42	9	26	10	10	27	0.172414	58	0.000371064	TRUE	NA	NA	NA	NA	NA	NA
NC_045512.2	14686	A	G	42	9	26	2	2	28	0.0344828	58	0.187327	FALSE	NA	NA	NA	NA	NA	NA
NC_045512.2	14686	A	C	42	9	26	4	4	23	0.0689655	58	0.036909	FALSE	NA	NA	NA	NA	NA	NA
NC_045512.2	14687	A	T	40	10	23	6	6	25	0.113208	53	0.00889859	TRUE	NA	NA	NA	NA	NA	NA
NC_045512.2	14687	A	G	40	10	23	4	4	27	0.0754717	53	0.0408647	FALSE	NA	NA	NA	NA	NA	NA
NC_045512.2	14687	A	C	40	10	23	3	3	27	0.0566038	53	0.0891594	FALSE	NA	NA	NA	NA	NA	NA
NC_045512.2	14688	C	T	44	11	26	7	7	25	0.12069	58	0.00415214	TRUE	NA	NA	NA	NA	NA	NA
NC_045512.2	14688	C	G	44	11	26	4	4	26	0.0689655	58	0.0407052	FALSE	NA	NA	NA	NA	NA	NA
NC_045512.2	14688	C	A	44	11	26	3	3	23	0.0517241	58	0.0890425	FALSE	NA	NA	NA	NA	NA	NA
NC_045512.2	14689	A	T	43	10	26	4	4	27	0.0727273	55	0.0436856	FALSE	NA	NA	NA	NA	NA	NA
NC_045512.2	14689	A	G	43	10	26	4	4	27	0.0727273	55	0.0436856	FALSE	NA	NA	NA	NA	NA	NA
NC_045512.2	14689	A	C	43	10	26	4	4	28	0.0727273	55	0.0436856	FALSE	NA	NA	NA	NA	NA	NA
NC_045512.2	14690	A	T	44	11	27	6	6	26	0.103448	58	0.00879277	TRUE	NA	NA	NA	NA	NA	NA
NC_045512.2	14690	A	G	44	11	27	1	1	28	0.0172414	58	0.441176	FALSE	NA	NA	NA	NA	NA	NA
NC_045512.2	14690	A	C	44	11	27	7	7	26	0.12069	58	0.00415214	TRUE	NA	NA	NA	NA	NA	NA
NC_045512.2	14691	A	T	35	9	23	5	5	25	0.0980392	51	0.014972	FALSE	NA	NA	NA	NA	NA	NA
NC_045512.2	14691	A	G	35	9	23	4	4	28	0.0784314	51	0.033687	FALSE	NA	NA	NA	NA	NA	NA
NC_045512.2	14691	A	C	35	9	23	7	7	26	0.137255	51	0.00307952	TRUE	NA	NA	NA	NA	NA	NA
NC_045512.2	14692	G	T	43	10	26	5	5	27	0.0862069	58	0.0177329	FALSE	NA	NA	NA	NA	NA	NA
NC_045512.2	14692	G	C	43	10	26	6	6	27	0.103448	58	0.0081973	TRUE	NA	NA	NA	NA	NA	NA
NC_045512.2	14692	G	A	43	10	26	4	4	27	0.0689655	58	0.0387908	FALSE	NA	NA	NA	NA	NA	NA
NC_045512.2	14693	A	T	42	9	27	4	4	26	0.0689655	58	0.036909	FALSE	NA	NA	NA	NA	NA	NA
NC_045512.2	14693	A	G	42	9	27	5	5	27	0.0862069	58	0.01668	FALSE	NA	NA	NA	NA	NA	NA
NC_045512.2	14693	A	C	42	9	27	7	7	26	0.12069	58	0.00352484	TRUE	NA	NA	NA	NA	NA	NA
NC_045512.2	14694	C	T	43	10	27	8	8	28	0.137931	58	0.00180885	TRUE	NA	NA	NA	NA	NA	NA
NC_045512.2	14694	C	G	43	10	27	6	6	26	0.103448	58	0.0081973	TRUE	NA	NA	NA	NA	NA	NA
NC_045512.2	14694	C	A	43	10	27	1	1	30	0.0172414	58	0.435644	FALSE	NA	NA	NA	NA	NA	NA
NC_045512.2	14695	T	G	43	10	27	7	7	27	0.12069	58	0.00383051	TRUE	NA	NA	NA	NA	NA	NA
NC_045512.2	14695	T	C	43	10	27	3	3	27	0.0517241	58	0.085835	FALSE	NA	NA	NA	NA	NA	NA
NC_045512.2	14695	T	A	43	10	27	5	5	28	0.0862069	58	0.0177329	FALSE	NA	NA	NA	NA	NA	NA
NC_045512.2	14696	T	G	47	16	24	4	4	28	0.0714286	56	0.0503051	FALSE	NA	NA	NA	NA	NA	NA
NC_045512.2	14696	T	C	47	16	24	3	3	28	0.0535714	56	0.104556	FALSE	NA	NA	NA	NA	NA	NA
NC_045512.2	14696	T	A	47	16	24	2	2	26	0.0357143	56	0.219567	FALSE	NA	NA	NA	NA	NA	NA
NC_045512.2	14697	C	T	44	11	27	6	6	24	0.103448	58	0.00879277	TRUE	NA	NA	NA	NA	NA	NA
NC_045512.2	14697	C	G	44	11	27	3	3	27	0.0517241	58	0.0890425	FALSE	NA	NA	NA	NA	NA	NA
NC_045512.2	14697	C	A	44	11	27	5	5	23	0.0862069	58	0.0188165	FALSE	NA	NA	NA	NA	NA	NA
NC_045512.2	14698	T	G	47	14	27	3	3	27	0.0526316	57	0.101597	FALSE	NA	NA	NA	NA	NA	NA
NC_045512.2	14698	T	C	47	14	27	4	4	26	0.0701754	57	0.0484245	FALSE	NA	NA	NA	NA	NA	NA
NC_045512.2	14698	T	A	47	14	27	3	3	28	0.0526316	57	0.101597	FALSE	NA	NA	NA	NA	NA	NA
NC_045512.2	14699	A	T	43	10	27	6	6	24	0.105263	57	0.00868914	TRUE	NA	NA	NA	NA	NA	NA
NC_045512.2	14699	A	G	43	10	27	4	4	26	0.0701754	57	0.0403424	FALSE	NA	NA	NA	NA	NA	NA
NC_045512.2	14699	A	C	43	10	27	4	4	27	0.0701754	57	0.0403424	FALSE	NA	NA	NA	NA	NA	NA
NC_045512.2	14700	T	G	45	12	26	4	4	24	0.0689655	58	0.0426508	FALSE	NA	NA	NA	NA	NA	NA
NC_045512.2	14700	T	C	45	12	26	8	8	26	0.137931	58	0.00216332	TRUE	NA	NA	NA	NA	NA	NA
NC_045512.2	14700	T	A	45	12	26	1	1	30	0.0172414	58	0.446602	FALSE	NA	NA	NA	NA	NA	NA
NC_045512.2	14701	G	T	47	15	26	5	5	25	0.0877193	57	0.0233155	FALSE	NA	NA	NA	NA	NA	NA
NC_045512.2	14701	G	C	47	15	26	2	2	25	0.0350877	57	0.215385	FALSE	NA	NA	NA	NA	NA	NA
NC_045512.2	14701	G	A	47	15	26	3	3	26	0.0526316	57	0.101597	FALSE	NA	NA	NA	NA	NA	NA
NC_045512.2	14702	A	T	40	8	26	5	5	26	0.0892857	56	0.0162279	FALSE	NA	NA	NA	NA	NA	NA
NC_045512.2	14702	A	G	40	8	26	4	4	28	0.0714286	56	0.036062	FALSE	NA	NA	NA	NA	NA	NA
NC_045512.2	14702	A	C	40	8	26	7	7	27	0.125	56	0.00340562	TRUE	NA	NA	NA	NA	NA	NA
NC_045512.2	14703	C	T	38	10	26	7	7	26	0.132075	53	0.00353252	TRUE	NA	NA	NA	NA	NA	NA
NC_045512.2	14703	C	G	38	10	26	2	2	27	0.0377358	53	0.186335	FALSE	NA	NA	NA	NA	NA	NA
NC_045512.2	14703	C	A	38	10	26	6	6	24	0.113208	53	0.00761455	TRUE	NA	NA	NA	NA	NA	NA
NC_045512.2	14703	C	-TT	38	10	26	15	0	20	0.283019	53	1.12293e-05	TRUE	NA	NA	NA	NA	NA	NA
NC_045512.2	14703	C	-T	38	10	26	7	0	20	0.132075	53	0.00353252	TRUE	NA	NA	NA	NA	NA	NA
NC_045512.2	14704	T	G	16	11	26	2	2	27	0.0689655	29	0.0671642	FALSE	NA	NA	NA	NA	NA	NA
NC_045512.2	14704	T	C	16	11	26	5	4	25	0.172414	29	0.00156291	TRUE	NA	NA	NA	NA	NA	NA
NC_045512.2	14704	T	A	16	11	26	6	6	26	0.206897	29	0.000477557	TRUE	NA	NA	NA	NA	NA	NA
NC_045512.2	14705	T	G	24	13	26	2	2	26	0.0540541	37	0.111073	FALSE	NA	NA	NA	NA	NA	NA
NC_045512.2	14705	T	C	24	13	26	6	5	27	0.162162	37	0.00182959	TRUE	NA	NA	NA	NA	NA	NA
NC_045512.2	14705	T	A	24	13	26	5	5	26	0.135135	37	0.00493989	TRUE	NA	NA	NA	NA	NA	NA
NC_045512.2	14706	T	G	34	11	24	1	1	27	0.0222222	45	0.443038	FALSE	NA	NA	NA	NA	NA	NA
NC_045512.2	14706	T	C	34	11	24	6	6	27	0.133333	45	0.00944294	TRUE	NA	NA	NA	NA	NA	NA
NC_045512.2	14706	T	A	34	11	24	4	4	24	0.0888889	45	0.0422027	FALSE	NA	NA	NA	NA	NA	NA
NC_045512.2	14707	G	T	34	7	25	8	8	27	0.153846	52	0.00115896	TRUE	NA	NA	NA	NA	NA	NA
NC_045512.2	14707	G	C	34	7	25	5	5	25	0.0961538	52	0.0131005	FALSE	NA	NA	NA	NA	NA	NA
NC_045512.2	14707	G	A	34	7	25	5	5	27	0.0961538	52	0.0131005	FALSE	NA	NA	NA	NA	NA	NA
NC_045512.2	14708	C	T	37	11	25	3	3	29	0.0588235	51	0.0840994	FALSE	NA	NA	NA	NA	NA	NA
NC_045512.2	14708	C	G	37	11	25	2	2	25	0.0392157	51	0.189224	FALSE	NA	NA	NA	NA	NA	NA
NC_045512.2	14708	C	A	37	11	25	9	8	25	0.176471	51	0.000849734	TRUE	NA	NA	NA	NA	NA	NA
NC_045512.2	14709	T	G	37	14	25	2	2	27	0.0408163	49	0.198075	FALSE	NA	NA	NA	NA	NA	NA
NC_045512.2	14709	T	C	37	14	25	5	2	23	0.102041	49	0.0193557	FALSE	NA	NA	NA	NA	NA	NA
NC_045512.2	14709	T	A	37	14	25	5	5	27	0.102041	49	0.0193557	FALSE	NA	NA	NA	NA	NA	NA
NC_045512.2	14710	G	T	37	10	26	5	5	25	0.102041	49	0.0193557	FALSE	NA	NA	NA	NA	NA	NA
NC_045512.2	14710	G	C	37	10	26	2	2	28	0.0408163	49	0.198075	FALSE	NA	NA	NA	NA	NA	NA
NC_045512.2	14710	G	A	37	10	26	5	5	27	0.102041	49	0.0193557	FALSE	NA	NA	NA	NA	NA	NA
NC_045512.2	14711	T	G	37	10	26	5	5	26	0.0980392	51	0.017298	FALSE	NA	NA	NA	NA	NA	NA
NC_045512.2	14711	T	C	37	10	26	5	5	28	0.0980392	51	0.017298	FALSE	NA	NA	NA	NA	NA	NA
NC_045512.2	14711	T	A	37	10	26	4	4	25	0.0784314	51	0.0378909	FALSE	NA	NA	NA	NA	NA	NA
NC_045512.2	14712	G	T	34	7	26	5	5	25	0.1	50	0.0146968	FALSE	NA	NA	NA	NA	NA	NA
NC_045512.2	14712	G	C	34	7	26	5	5	26	0.1	50	0.0146968	FALSE	NA	NA	NA	NA	NA	NA
NC_045512.2	14712	G	A	34	7	26	6	6	27	0.12	50	0.00660529	TRUE	NA	NA	NA	NA	NA	NA
NC_045512.2	14713	T	C	42	15	26	5	5	24	0.1	50	0.0250955	FALSE	NA	NA	NA	NA	NA	NA
NC_045512.2	14713	T	A	42	15	26	3	3	24	0.06	50	0.105861	FALSE	NA	NA	NA	NA	NA	NA
NC_045512.2	14714	C	T	25	4	26	4	4	24	0.102564	39	0.0309871	FALSE	NA	NA	NA	NA	NA	NA
NC_045512.2	14714	C	G	25	4	26	4	4	27	0.102564	39	0.0309871	FALSE	NA	NA	NA	NA	NA	NA
NC_045512.2	14714	C	A	25	4	26	6	6	27	0.153846	39	0.00614195	TRUE	NA	NA	NA	NA	NA	NA
NC_045512.2	14715	T	G	29	9	26	3	3	27	0.0769231	39	0.0906102	FALSE	NA	NA	NA	NA	NA	NA
NC_045512.2	14715	T	C	29	9	26	4	3	25	0.102564	39	0.0421146	FALSE	NA	NA	NA	NA	NA	NA
NC_045512.2	14715	T	A	29	9	26	3	3	24	0.0769231	39	0.0906102	FALSE	NA	NA	NA	NA	NA	NA
NC_045512.2	14716	A	T	27	6	26	3	3	28	0.0769231	39	0.0810121	FALSE	NA	NA	NA	NA	NA	NA
NC_045512.2	14716	A	G	27	6	26	4	4	25	0.102564	39	0.0363967	FALSE	NA	NA	NA	NA	NA	NA
NC_045512.2	14716	A	C	27	6	26	5	5	27	0.128205	39	0.0166385	FALSE	NA	NA	NA	NA	NA	NA
NC_045512.2	14717	A	T	19	3	23	7	7	28	0.205882	34	0.00192819	TRUE	NA	NA	NA	NA	NA	NA
NC_045512.2	14717	A	G	19	3	23	5	5	27	0.147059	34	0.0101512	FALSE	NA	NA	NA	NA	NA	NA
NC_045512.2	14717	A	C	19	3	23	3	3	26	0.0882353	34	0.0587002	FALSE	NA	NA	NA	NA	NA	NA
NC_045512.2	14718	G	T	21	4	27	5	5	25	0.142857	35	0.0120443	FALSE	NA	NA	NA	NA	NA	NA
NC_045512.2	14718	G	C	21	4	27	3	3	26	0.0857143	35	0.065595	FALSE	NA	NA	NA	NA	NA	NA
NC_045512.2	14718	G	A	21	4	27	6	6	25	0.171429	35	0.00533108	TRUE	NA	NA	NA	NA	NA	NA
NC_045512.2	14719	G	T	19	2	27	6	6	24	0.1875	32	0.00545453	TRUE	NA	NA	NA	NA	NA	NA
NC_045512.2	14719	G	C	19	2	27	2	2	28	0.0625	32	0.158371	FALSE	NA	NA	NA	NA	NA	NA
NC_045512.2	14719	G	A	19	2	27	5	5	27	0.15625	32	0.0122181	FALSE	NA	NA	NA	NA	NA	NA
NC_045512.2	14720	G	T	12	1	22	6	6	27	0.214286	28	0.00227917	TRUE	NA	NA	NA	NA	NA	NA
NC_045512.2	14720	G	C	12	1	22	4	4	25	0.142857	28	0.0147476	FALSE	NA	NA	NA	NA	NA	NA
NC_045512.2	14720	G	A	12	1	22	6	6	27	0.214286	28	0.00227917	TRUE	NA	NA	NA	NA	NA	NA
NC_045512.2	14721	T	G	21	5	27	1	1	25	0.03125	32	0.415094	FALSE	NA	NA	NA	NA	NA	NA
NC_045512.2	14721	T	C	21	5	27	5	5	28	0.15625	32	0.0157101	FALSE	NA	NA	NA	NA	NA	NA
NC_045512.2	14721	T	A	21	5	27	5	5	26	0.15625	32	0.0157101	FALSE	NA	NA	NA	NA	NA	NA
NC_045512.2	14722	T	G	25	9	27	2	2	27	0.0588235	34	0.198305	FALSE	NA	NA	NA	NA	NA	NA
NC_045512.2	14722	T	C	25	9	27	6	6	25	0.176471	34	0.00982044	TRUE	NA	NA	NA	NA	NA	NA
NC_045512.2	14722	T	A	25	9	27	1	1	26	0.0294118	34	0.440678	FALSE	NA	NA	NA	NA	NA	NA
NC_045512.2	14723	T	G	17	7	23	4	4	25	0.142857	28	0.0307586	FALSE	NA	NA	NA	NA	NA	NA
NC_045512.2	14723	T	C	17	7	23	6	6	26	0.214286	28	0.00635258	TRUE	NA	NA	NA	NA	NA	NA
NC_045512.2	14723	T	A	17	7	23	1	1	23	0.0357143	28	0.4	FALSE	NA	NA	NA	NA	NA	NA
NC_045512.2	14724	C	T	17	3	26	2	2	23	0.0625	32	0.139592	FALSE	NA	NA	NA	NA	NA	NA
NC_045512.2	14724	C	G	17	3	26	6	6	24	0.1875	32	0.00390856	TRUE	NA	NA	NA	NA	NA	NA
NC_045512.2	14724	C	A	17	3	26	7	7	24	0.21875	32	0.00170555	TRUE	NA	NA	NA	NA	NA	NA
NC_045512.2	14725	T	G	16	2	25	4	4	23	0.125	32	0.0193878	FALSE	NA	NA	NA	NA	NA	NA
NC_045512.2	14725	T	C	16	2	25	8	8	26	0.25	32	0.00060405	TRUE	NA	NA	NA	NA	NA	NA
NC_045512.2	14725	T	A	16	2	25	4	4	26	0.125	32	0.0193878	FALSE	NA	NA	NA	NA	NA	NA
NC_045512.2	14726	T	G	19	6	28	1	1	28	0.0322581	31	0.4	FALSE	NA	NA	NA	NA	NA	NA
NC_045512.2	14726	T	C	19	6	28	2	2	24	0.0645161	31	0.164706	FALSE	NA	NA	NA	NA	NA	NA
NC_045512.2	14726	T	A	19	6	28	9	9	24	0.290323	31	0.000648604	TRUE	NA	NA	NA	NA	NA	NA
NC_045512.2	14727	T	G	14	5	23	3	3	26	0.115385	26	0.0592334	FALSE	NA	NA	NA	NA	NA	NA
NC_045512.2	14727	T	C	14	5	23	4	4	25	0.153846	26	0.0247954	FALSE	NA	NA	NA	NA	NA	NA
NC_045512.2	14727	T	A	14	5	23	5	5	26	0.192308	26	0.0107071	FALSE	NA	NA	NA	NA	NA	NA
NC_045512.2	14728	A	T	18	6	25	8	8	27	0.285714	28	0.00176265	TRUE	NA	NA	NA	NA	NA	NA
NC_045512.2	14728	A	C	18	6	25	2	2	26	0.0714286	28	0.175763	FALSE	NA	NA	NA	NA	NA	NA
NC_045512.2	14729	A	T	16	5	24	2	2	26	0.0689655	29	0.147826	FALSE	NA	NA	NA	NA	NA	NA
NC_045512.2	14729	A	G	16	5	24	8	8	26	0.275862	29	0.000977321	TRUE	NA	NA	NA	NA	NA	NA
NC_045512.2	14729	A	C	16	5	24	3	3	24	0.103448	29	0.0597595	FALSE	NA	NA	NA	NA	NA	NA
NC_045512.2	14730	G	T	16	4	26	9	9	27	0.3	30	0.000384167	TRUE	NA	NA	NA	NA	NA	NA
NC_045512.2	14730	G	C	16	4	26	2	2	25	0.0666667	30	0.141536	FALSE	NA	NA	NA	NA	NA	NA
NC_045512.2	14730	G	A	16	4	26	3	3	27	0.1	30	0.0560245	FALSE	NA	NA	NA	NA	NA	NA
NC_045512.2	14731	G	T	13	3	23	3	3	26	0.125	24	0.0612759	FALSE	NA	NA	NA	NA	NA	NA
NC_045512.2	14731	G	C	13	3	23	7	7	25	0.291667	24	0.00240565	TRUE	NA	NA	NA	NA	NA	NA
NC_045512.2	14731	G	A	13	3	23	1	1	24	0.0416667	24	0.378378	FALSE	NA	NA	NA	NA	NA	NA
NC_045512.2	14732	A	T	11	0	27	2	2	24	0.153846	13	0.26	FALSE	NA	NA	NA	NA	NA	NA
NC_045512.2	14733	A	-G	9	0	22	1	0	20	0.111111	9	0.555556	FALSE	NA	NA	NA	NA	NA	NA
NC_045512.2	14738	G	+T	8	0	24	1	0	20	0.125	8	0.5625	FALSE	NA	NA	NA	NA	NA	NA
NC_045512.2	14740	T	G	3	0	22	1	0	23	0.25	4	0.571429	FALSE	NA	NA	NA	NA	NA	NA
NC_045512.2	14761	T	C	4	0	27	1	0	23	0.2	5	0.555556	FALSE	NA	NA	NA	NA	NA	NA
NC_045512.2	14790	C	T	11	0	27	2	0	22	0.153846	13	0.26	FALSE	NA	NA	NA	NA	NA	NA
NC_045512.2	14829	G	A	9	0	27	1	0	27	0.1	10	0.526316	FALSE	NA	NA	NA	NA	NA	NA
NC_045512.2	14850	A	-T	8	0	24	4	0	20	0.5	8	0.127709	FALSE	NA	NA	NA	NA	NA	NA
NC_045512.2	14913	C	T	50	0	27	1	0	23	0.0196078	51	0.50495	FALSE	NA	NA	NA	NA	NA	NA
NC_045512.2	14917	G	A	50	0	27	1	0	23	0.0196078	51	0.50495	FALSE	NA	NA	NA	NA	NA	NA
NC_045512.2	14919	C	T	50	0	27	1	0	22	0.0196078	51	0.50495	FALSE	NA	NA	NA	NA	NA	NA
NC_045512.2	14921	T	C	50	0	27	1	0	28	0.0196078	51	0.50495	FALSE	NA	NA	NA	NA	NA	NA
NC_045512.2	14930	A	G	43	0	22	1	0	30	0.0227273	44	0.505747	FALSE	NA	NA	NA	NA	NA	NA
NC_045512.2	14934	A	G	50	0	27	1	0	27	0.0196078	51	0.50495	FALSE	NA	NA	NA	NA	NA	NA
NC_045512.2	14950	T	C	50	0	28	1	0	27	0.0196078	51	0.50495	FALSE	NA	NA	NA	NA	NA	NA
NC_045512.2	14954	C	T	49	0	23	1	0	28	0.02	50	0.505051	FALSE	NA	NA	NA	NA	NA	NA
NC_045512.2	14961	T	C	49	0	28	1	0	28	0.02	50	0.505051	FALSE	NA	NA	NA	NA	NA	NA
NC_045512.2	14966	G	A	49	0	27	1	0	28	0.02	50	0.505051	FALSE	NA	NA	NA	NA	NA	NA
NC_045512.2	14985	T	C	49	0	27	1	0	23	0.02	50	0.505051	FALSE	NA	NA	NA	NA	NA	NA
NC_045512.2	14988	T	-G	50	0	26	1	0	20	0.02	50	0.51	FALSE	NA	NA	NA	NA	NA	NA
NC_045512.2	15003	T	G	45	0	27	1	0	23	0.0217391	46	0.505495	FALSE	NA	NA	NA	NA	NA	NA
NC_045512.2	15019	C	+T	41	0	25	1	0	20	0.0243902	41	0.512195	FALSE	NA	NA	NA	NA	NA	NA
NC_045512.2	15021	T	C	34	0	27	1	0	24	0.0285714	35	0.507246	FALSE	NA	NA	NA	NA	NA	NA
NC_045512.2	15032	C	-A	24	0	24	8	0	20	0.333333	24	0.00863879	TRUE	NA	NA	NA	NA	NA	NA
NC_045512.2	15038	G	-T	18	0	25	1	0	20	0.0555556	18	0.527778	FALSE	NA	NA	NA	NA	NA	NA
NC_045512.2	15054	T	C	67	5	26	1	1	24	0.0147059	68	0.503704	FALSE	NA	NA	NA	NA	NA	NA
NC_045512.2	15061	C	-A	67	6	26	3	0	20	0.0447761	67	0.133499	FALSE	NA	NA	NA	NA	NA	NA
NC_045512.2	15067	A	G	61	3	26	1	0	24	0.016129	62	0.504065	FALSE	NA	NA	NA	NA	NA	NA
NC_045512.2	15073	A	C	64	6	27	1	1	26	0.0153846	65	0.503876	FALSE	NA	NA	NA	NA	NA	NA
NC_045512.2	15074	A	G	60	6	23	1	0	26	0.016129	62	0.5	FALSE	NA	NA	NA	NA	NA	NA
NC_045512.2	15074	A	C	60	6	23	1	1	26	0.016129	62	0.5	FALSE	NA	NA	NA	NA	NA	NA
NC_045512.2	15075	G	T	63	6	26	1	1	26	0.015625	64	0.503937	FALSE	NA	NA	NA	NA	NA	NA
NC_045512.2	15076	T	A	63	6	27	1	1	27	0.015625	64	0.503937	FALSE	NA	NA	NA	NA	NA	NA
NC_045512.2	15076	T	+A	63	6	27	1	0	20	0.015625	64	0.503937	FALSE	NA	NA	NA	NA	NA	NA
NC_045512.2	15077	A	G	61	6	27	2	0	27	0.03125	64	0.248	FALSE	NA	NA	NA	NA	NA	NA
NC_045512.2	15077	A	C	61	6	27	1	1	27	0.015625	64	0.496	FALSE	NA	NA	NA	NA	NA	NA
NC_045512.2	15079	G	A	62	6	26	1	1	28	0.015873	63	0.504	FALSE	NA	NA	NA	NA	NA	NA
NC_045512.2	15080	C	T	62	6	26	1	1	28	0.015873	63	0.504	FALSE	NA	NA	NA	NA	NA	NA
NC_045512.2	15081	C	A	60	6	23	1	1	23	0.0163934	61	0.504132	FALSE	NA	NA	NA	NA	NA	NA
NC_045512.2	15083	T	C	61	6	26	2	1	26	0.031746	63	0.252	FALSE	NA	NA	NA	NA	NA	NA
NC_045512.2	15084	T	C	51	7	23	2	0	28	0.0377358	53	0.252381	FALSE	NA	NA	NA	NA	NA	NA
NC_045512.2	15085	A	C	61	6	26	1	1	22	0.016129	62	0.5	FALSE	NA	NA	NA	NA	NA	NA
NC_045512.2	15085	A	-G	61	6	26	1	0	20	0.015873	63	0.5	FALSE	NA	NA	NA	NA	NA	NA
NC_045512.2	15088	G	A	62	6	27	1	1	28	0.015873	63	0.504	FALSE	NA	NA	NA	NA	NA	NA
NC_045512.2	15089	C	T	61	6	26	2	1	24	0.031746	63	0.252	FALSE	NA	NA	NA	NA	NA	NA
NC_045512.2	15090	A	G	59	5	26	3	1	26	0.0483871	62	0.124975	FALSE	NA	NA	NA	NA	NA	NA
NC_045512.2	15093	G	T	62	6	26	1	1	23	0.015873	63	0.504	FALSE	NA	NA	NA	NA	NA	NA
NC_045512.2	15094	A	C	58	3	27	1	1	25	0.0169492	59	0.504274	FALSE	NA	NA	NA	NA	NA	NA
NC_045512.2	15095	A	T	56	6	23	1	1	22	0.0169492	59	0.495652	FALSE	NA	NA	NA	NA	NA	NA
NC_045512.2	15095	A	C	56	6	23	2	0	26	0.0338983	59	0.247826	FALSE	NA	NA	NA	NA	NA	NA
NC_045512.2	15098	G	A	61	6	27	1	1	25	0.016129	62	0.504065	FALSE	NA	NA	NA	NA	NA	NA
NC_045512.2	15099	A	G	61	6	27	1	1	23	0.016129	62	0.504065	FALSE	NA	NA	NA	NA	NA	NA
NC_045512.2	15100	G	T	60	6	27	1	1	25	0.016129	62	0.5	FALSE	NA	NA	NA	NA	NA	NA
NC_045512.2	15100	G	A	60	6	27	1	0	24	0.016129	62	0.5	FALSE	NA	NA	NA	NA	NA	NA
NC_045512.2	15101	C	A	61	6	26	1	1	25	0.016129	62	0.504065	FALSE	NA	NA	NA	NA	NA	NA
NC_045512.2	15103	C	G	61	6	27	1	1	29	0.016129	62	0.504065	FALSE	NA	NA	NA	NA	NA	NA
NC_045512.2	15104	G	C	61	6	26	1	1	23	0.016129	62	0.504065	FALSE	NA	NA	NA	NA	NA	NA
NC_045512.2	15105	C	T	61	7	26	1	0	27	0.016129	62	0.504065	FALSE	NA	NA	NA	NA	NA	NA
NC_045512.2	15107	C	T	60	5	27	2	2	24	0.0322581	62	0.252033	FALSE	NA	NA	NA	NA	NA	NA
NC_045512.2	15108	C	T	54	6	23	1	1	27	0.0181818	55	0.504587	FALSE	NA	NA	NA	NA	NA	NA
NC_045512.2	15109	G	A	61	6	27	1	1	28	0.016129	62	0.504065	FALSE	NA	NA	NA	NA	NA	NA
NC_045512.2	15110	T	G	61	6	27	1	1	27	0.016129	62	0.504065	FALSE	NA	NA	NA	NA	NA	NA
NC_045512.2	15111	A	T	61	6	27	1	1	28	0.016129	62	0.504065	FALSE	NA	NA	NA	NA	NA	NA
NC_045512.2	15115	G	A	61	6	27	1	1	25	0.016129	62	0.504065	FALSE	NA	NA	NA	NA	NA	NA
NC_045512.2	15116	G	A	59	6	23	1	1	25	0.0166667	60	0.504202	FALSE	NA	NA	NA	NA	NA	NA
NC_045512.2	15117	T	G	60	5	27	1	1	25	0.016129	62	0.5	FALSE	NA	NA	NA	NA	NA	NA
NC_045512.2	15117	T	C	60	5	27	1	1	28	0.016129	62	0.5	FALSE	NA	NA	NA	NA	NA	NA
NC_045512.2	15118	G	A	61	6	27	1	1	22	0.016129	62	0.504065	FALSE	NA	NA	NA	NA	NA	NA
NC_045512.2	15119	T	A	61	6	27	1	1	25	0.016129	62	0.504065	FALSE	NA	NA	NA	NA	NA	NA
NC_045512.2	15120	C	T	82	10	27	1	1	26	0.0120482	83	0.50303	FALSE	NA	NA	NA	NA	NA	NA
NC_045512.2	15121	T	C	82	11	26	1	0	26	0.0119048	84	0.5	FALSE	NA	NA	NA	NA	NA	NA
NC_045512.2	15121	T	A	82	11	26	1	1	27	0.0119048	84	0.5	FALSE	NA	NA	NA	NA	NA	NA
NC_045512.2	15122	C	G	83	11	26	1	1	27	0.0119048	84	0.502994	FALSE	NA	NA	NA	NA	NA	NA
NC_045512.2	15123	T	A	83	11	27	1	1	28	0.0119048	84	0.502994	FALSE	NA	NA	NA	NA	NA	NA
NC_045512.2	15124	A	G	83	11	27	1	1	28	0.0119048	84	0.502994	FALSE	NA	NA	NA	NA	NA	NA
NC_045512.2	15125	T	C	83	11	27	1	1	27	0.0119048	84	0.502994	FALSE	NA	NA	NA	NA	NA	NA
NC_045512.2	15125	T	-C	83	11	27	1	0	20	0.0119048	84	0.502994	FALSE	NA	NA	NA	NA	NA	NA
NC_045512.2	15126	C	T	82	11	27	1	1	27	0.0120482	83	0.50303	FALSE	NA	NA	NA	NA	NA	NA
NC_045512.2	15127	T	C	81	11	27	2	1	25	0.0240964	83	0.251515	FALSE	NA	NA	NA	NA	NA	NA
NC_045512.2	15129	T	C	81	11	27	2	1	27	0.0240964	83	0.251515	FALSE	NA	NA	NA	NA	NA	NA
NC_045512.2	15131	G	C	83	11	27	1	1	21	0.0119048	84	0.502994	FALSE	NA	NA	NA	NA	NA	NA
NC_045512.2	15132	T	C	82	11	26	1	1	25	0.0120482	83	0.50303	FALSE	NA	NA	NA	NA	NA	NA
NC_045512.2	15133	A	G	84	12	27	1	1	25	0.0117647	85	0.502959	FALSE	NA	NA	NA	NA	NA	NA
NC_045512.2	15134	C	T	83	12	27	1	1	25	0.0119048	84	0.502994	FALSE	NA	NA	NA	NA	NA	NA
NC_045512.2	15135	T	A	82	11	26	1	1	27	0.0120482	83	0.50303	FALSE	NA	NA	NA	NA	NA	NA
NC_045512.2	15136	A	G	83	12	26	1	1	27	0.0119048	84	0.502994	FALSE	NA	NA	NA	NA	NA	NA
NC_045512.2	15137	T	C	82	12	26	1	1	27	0.0120482	83	0.50303	FALSE	NA	NA	NA	NA	NA	NA
NC_045512.2	15138	G	T	82	12	26	1	1	27	0.0120482	83	0.50303	FALSE	NA	NA	NA	NA	NA	NA
NC_045512.2	15139	A	G	82	12	26	1	1	22	0.0120482	83	0.50303	FALSE	NA	NA	NA	NA	NA	NA
NC_045512.2	15140	C	G	74	8	27	1	1	27	0.0133333	75	0.503356	FALSE	NA	NA	NA	NA	NA	NA
NC_045512.2	15141	C	T	65	12	23	1	1	27	0.0151515	66	0.503817	FALSE	NA	NA	NA	NA	NA	NA
NC_045512.2	15142	A	G	71	8	27	1	1	28	0.0138889	72	0.503497	FALSE	NA	NA	NA	NA	NA	NA
NC_045512.2	15143	A	T	63	11	23	1	1	28	0.0151515	66	0.496124	FALSE	NA	NA	NA	NA	NA	NA
NC_045512.2	15143	A	G	63	11	23	2	1	28	0.030303	66	0.248062	FALSE	NA	NA	NA	NA	NA	NA
NC_045512.2	15144	T	C	74	12	26	1	1	28	0.0131579	76	0.5	FALSE	NA	NA	NA	NA	NA	NA
NC_045512.2	15144	T	A	74	12	26	1	1	27	0.0131579	76	0.5	FALSE	NA	NA	NA	NA	NA	NA
NC_045512.2	15145	A	T	71	11	27	1	1	28	0.0133333	75	0.493151	FALSE	NA	NA	NA	NA	NA	NA
NC_045512.2	15145	A	C	71	11	27	3	2	26	0.04	75	0.122449	FALSE	NA	NA	NA	NA	NA	NA
NC_045512.2	15146	G	C	72	11	26	3	3	25	0.0394737	76	0.122483	FALSE	NA	NA	NA	NA	NA	NA
NC_045512.2	15146	G	A	72	11	26	1	1	27	0.0131579	76	0.493243	FALSE	NA	NA	NA	NA	NA	NA
NC_045512.2	15147	A	T	72	11	26	3	3	26	0.0394737	76	0.122483	FALSE	NA	NA	NA	NA	NA	NA
NC_045512.2	15147	A	G	72	11	26	1	1	26	0.0131579	76	0.493243	FALSE	NA	NA	NA	NA	NA	NA
NC_045512.2	15148	C	A	74	13	26	2	2	27	0.0263158	76	0.251656	FALSE	NA	NA	NA	NA	NA	NA
NC_045512.2	15149	A	T	72	12	26	3	3	28	0.04	75	0.124983	FALSE	NA	NA	NA	NA	NA	NA
NC_045512.2	15150	G	T	69	11	26	1	0	27	0.0135135	74	0.48951	FALSE	NA	NA	NA	NA	NA	NA
NC_045512.2	15150	G	C	69	11	26	2	2	27	0.027027	74	0.241356	FALSE	NA	NA	NA	NA	NA	NA
NC_045512.2	15150	G	A	69	11	26	2	2	29	0.027027	74	0.241356	FALSE	NA	NA	NA	NA	NA	NA
NC_045512.2	15151	T	G	66	9	26	1	1	28	0.0144928	69	0.496296	FALSE	NA	NA	NA	NA	NA	NA
NC_045512.2	15151	T	C	66	9	26	2	0	23	0.0289855	69	0.248148	FALSE	NA	NA	NA	NA	NA	NA
NC_045512.2	15152	T	G	70	12	27	1	1	29	0.0136986	73	0.496503	FALSE	NA	NA	NA	NA	NA	NA
NC_045512.2	15152	T	C	70	12	27	2	2	28	0.0273973	73	0.248252	FALSE	NA	NA	NA	NA	NA	NA
NC_045512.2	15153	T	A	50	14	23	1	1	23	0.0196078	51	0.50495	FALSE	NA	NA	NA	NA	NA	NA
NC_045512.2	15154	C	T	68	11	26	1	0	31	0.0136986	73	0.489362	FALSE	NA	NA	NA	NA	NA	NA
NC_045512.2	15154	C	G	68	11	26	2	2	25	0.0273973	73	0.241235	FALSE	NA	NA	NA	NA	NA	NA
NC_045512.2	15154	C	A	68	11	26	2	2	27	0.0273973	73	0.241235	FALSE	NA	NA	NA	NA	NA	NA
NC_045512.2	15155	A	T	67	11	27	3	3	26	0.0422535	71	0.122302	FALSE	NA	NA	NA	NA	NA	NA
NC_045512.2	15155	A	G	67	11	27	1	1	27	0.0140845	71	0.492754	FALSE	NA	NA	NA	NA	NA	NA
NC_045512.2	15156	T	G	67	12	26	1	1	28	0.0142857	70	0.49635	FALSE	NA	NA	NA	NA	NA	NA
NC_045512.2	15156	T	A	67	12	26	2	2	27	0.0285714	70	0.248175	FALSE	NA	NA	NA	NA	NA	NA
NC_045512.2	15157	C	T	66	11	25	1	1	27	0.0142857	70	0.492647	FALSE	NA	NA	NA	NA	NA	NA
NC_045512.2	15157	C	G	66	11	25	2	2	27	0.0285714	70	0.244526	FALSE	NA	NA	NA	NA	NA	NA
NC_045512.2	15157	C	A	66	11	25	1	1	26	0.0142857	70	0.492647	FALSE	NA	NA	NA	NA	NA	NA
NC_045512.2	15157	C	-A	66	11	25	23	0	20	0.328571	70	4.40259e-07	TRUE	NA	NA	NA	NA	NA	NA
NC_045512.2	15157	C	+A	66	11	25	1	0	20	0.0142857	70	0.492647	FALSE	NA	NA	NA	NA	NA	NA
NC_045512.2	15158	A	T	32	0	25	2	2	27	0.0540541	37	0.131136	FALSE	NA	NA	NA	NA	NA	NA
NC_045512.2	15158	A	C	32	0	25	3	3	24	0.0810811	37	0.0488273	FALSE	NA	NA	NA	NA	NA	NA
NC_045512.2	15159	A	T	57	14	27	1	1	30	0.0169492	59	0.5	FALSE	NA	NA	NA	NA	NA	NA
NC_045512.2	15159	A	C	57	14	27	1	1	27	0.0169492	59	0.5	FALSE	NA	NA	NA	NA	NA	NA
NC_045512.2	15160	A	T	54	12	27	1	1	29	0.0169492	59	0.486726	FALSE	NA	NA	NA	NA	NA	NA
NC_045512.2	15160	A	C	54	12	27	4	4	26	0.0677966	59	0.0592536	FALSE	NA	NA	NA	NA	NA	NA
NC_045512.2	15161	A	T	49	11	27	4	4	27	0.0727273	55	0.0567423	FALSE	NA	NA	NA	NA	NA	NA
NC_045512.2	15161	A	C	49	11	27	2	2	24	0.0363636	55	0.233516	FALSE	NA	NA	NA	NA	NA	NA
NC_045512.2	15162	A	T	19	14	26	1	1	26	0.0454545	22	0.487805	FALSE	NA	NA	NA	NA	NA	NA
NC_045512.2	15162	A	G	19	14	26	1	1	28	0.0454545	22	0.487805	FALSE	NA	NA	NA	NA	NA	NA
NC_045512.2	15162	A	C	19	14	26	1	1	30	0.0454545	22	0.487805	FALSE	NA	NA	NA	NA	NA	NA
NC_045512.2	15163	T	C	44	10	26	2	2	27	0.0416667	48	0.241935	FALSE	NA	NA	NA	NA	NA	NA
NC_045512.2	15163	T	A	44	10	26	2	2	27	0.0416667	48	0.241935	FALSE	NA	NA	NA	NA	NA	NA
NC_045512.2	15164	T	G	41	13	23	2	2	26	0.0444444	45	0.241379	FALSE	NA	NA	NA	NA	NA	NA
NC_045512.2	15164	T	C	41	13	23	2	2	25	0.0444444	45	0.241379	FALSE	NA	NA	NA	NA	NA	NA
NC_045512.2	15165	A	T	49	15	26	1	1	26	0.0192308	52	0.49505	FALSE	NA	NA	NA	NA	NA	NA
NC_045512.2	15165	A	C	49	15	26	2	2	25	0.0384615	52	0.247525	FALSE	NA	NA	NA	NA	NA	NA
NC_045512.2	15166	T	C	43	9	25	3	3	25	0.0625	48	0.11698	FALSE	NA	NA	NA	NA	NA	NA
NC_045512.2	15166	T	A	43	9	25	2	2	25	0.0416667	48	0.236503	FALSE	NA	NA	NA	NA	NA	NA
NC_045512.2	15167	T	C	38	13	24	4	3	27	0.0930233	43	0.0580098	FALSE	NA	NA	NA	NA	NA	NA
NC_045512.2	15167	T	A	38	13	24	1	1	28	0.0232558	43	0.481481	FALSE	NA	NA	NA	NA	NA	NA
NC_045512.2	15168	G	T	43	11	26	2	2	28	0.0416667	48	0.236503	FALSE	NA	NA	NA	NA	NA	NA
NC_045512.2	15168	G	A	43	11	26	3	3	24	0.0625	48	0.11698	FALSE	NA	NA	NA	NA	NA	NA
NC_045512.2	15169	A	T	45	13	26	1	1	27	0.0208333	48	0.494624	FALSE	NA	NA	NA	NA	NA	NA
NC_045512.2	15169	A	C	45	13	26	2	2	25	0.0416667	48	0.247312	FALSE	NA	NA	NA	NA	NA	NA
NC_045512.2	15170	A	T	44	12	27	4	4	26	0.0784314	51	0.0538663	FALSE	NA	NA	NA	NA	NA	NA
NC_045512.2	15170	A	G	44	12	27	1	1	27	0.0196078	51	0.473684	FALSE	NA	NA	NA	NA	NA	NA
NC_045512.2	15170	A	C	44	12	27	2	2	26	0.0392157	51	0.226974	FALSE	NA	NA	NA	NA	NA	NA
NC_045512.2	15171	A	T	35	15	24	2	2	28	0.05	40	0.233684	FALSE	NA	NA	NA	NA	NA	NA
NC_045512.2	15171	A	G	35	15	24	1	0	24	0.025	40	0.48	FALSE	NA	NA	NA	NA	NA	NA
NC_045512.2	15171	A	C	35	15	24	2	2	25	0.05	40	0.233684	FALSE	NA	NA	NA	NA	NA	NA
NC_045512.2	15171	A	-T	35	15	24	1	0	20	0.025	40	0.48	FALSE	NA	NA	NA	NA	NA	NA
NC_045512.2	15172	T	G	44	12	26	2	2	25	0.04	50	0.231803	FALSE	NA	NA	NA	NA	NA	NA
NC_045512.2	15172	T	C	44	12	26	3	3	26	0.06	50	0.113487	FALSE	NA	NA	NA	NA	NA	NA
NC_045512.2	15172	T	A	44	12	26	1	1	29	0.02	50	0.478723	FALSE	NA	NA	NA	NA	NA	NA
NC_045512.2	15172	T	-C	44	12	26	1	0	20	0.02	50	0.478723	FALSE	NA	NA	NA	NA	NA	NA
NC_045512.2	15173	C	T	43	11	27	2	2	27	0.0416667	48	0.236503	FALSE	NA	NA	NA	NA	NA	NA
NC_045512.2	15173	C	A	43	11	27	3	3	25	0.0625	48	0.11698	FALSE	NA	NA	NA	NA	NA	NA
NC_045512.2	15174	A	G	45	13	26	1	1	23	0.0204082	49	0.489362	FALSE	NA	NA	NA	NA	NA	NA
NC_045512.2	15174	A	C	45	13	26	3	3	26	0.0612245	49	0.121053	FALSE	NA	NA	NA	NA	NA	NA
NC_045512.2	15175	A	T	44	15	24	1	1	25	0.0222222	45	0.505618	FALSE	NA	NA	NA	NA	NA	NA
NC_045512.2	15176	T	G	46	14	26	3	3	26	0.0588235	51	0.117463	FALSE	NA	NA	NA	NA	NA	NA
NC_045512.2	15176	T	C	46	14	26	1	1	26	0.0196078	51	0.484536	FALSE	NA	NA	NA	NA	NA	NA
NC_045512.2	15176	T	A	46	14	26	1	1	26	0.0196078	51	0.484536	FALSE	NA	NA	NA	NA	NA	NA
NC_045512.2	15177	A	T	45	13	26	3	3	23	0.0588235	51	0.113718	FALSE	NA	NA	NA	NA	NA	NA
NC_045512.2	15177	A	G	45	13	26	2	2	26	0.0392157	51	0.232174	FALSE	NA	NA	NA	NA	NA	NA
NC_045512.2	15177	A	C	45	13	26	1	1	23	0.0196078	51	0.479167	FALSE	NA	NA	NA	NA	NA	NA
NC_045512.2	15178	G	T	43	11	26	4	4	26	0.0754717	53	0.0473824	FALSE	NA	NA	NA	NA	NA	NA
NC_045512.2	15178	G	C	43	11	26	4	4	24	0.0754717	53	0.0473824	FALSE	NA	NA	NA	NA	NA	NA
NC_045512.2	15178	G	A	43	11	26	2	2	23	0.0377358	53	0.212629	FALSE	NA	NA	NA	NA	NA	NA
NC_045512.2	15179	C	T	41	9	25	4	4	26	0.0816327	49	0.0510303	FALSE	NA	NA	NA	NA	NA	NA
NC_045512.2	15179	C	G	41	9	25	1	1	26	0.0204082	49	0.466667	FALSE	NA	NA	NA	NA	NA	NA
NC_045512.2	15179	C	A	41	9	25	3	3	27	0.0612245	49	0.105463	FALSE	NA	NA	NA	NA	NA	NA
NC_045512.2	15180	C	T	41	14	23	3	3	26	0.0625	48	0.109018	FALSE	NA	NA	NA	NA	NA	NA
NC_045512.2	15180	C	G	41	14	23	1	1	28	0.0208333	48	0.47191	FALSE	NA	NA	NA	NA	NA	NA
NC_045512.2	15180	C	A	41	14	23	3	3	24	0.0625	48	0.109018	FALSE	NA	NA	NA	NA	NA	NA
NC_045512.2	15181	G	T	40	11	26	2	2	24	0.04	50	0.210256	FALSE	NA	NA	NA	NA	NA	NA
NC_045512.2	15181	G	C	40	11	26	3	3	27	0.06	50	0.098272	FALSE	NA	NA	NA	NA	NA	NA
NC_045512.2	15181	G	A	40	11	26	5	5	25	0.1	50	0.0222579	FALSE	NA	NA	NA	NA	NA	NA
NC_045512.2	15182	C	T	40	11	25	7	7	25	0.145833	48	0.00614423	TRUE	NA	NA	NA	NA	NA	NA
NC_045512.2	15182	C	A	40	11	25	1	1	26	0.0208333	48	0.465909	FALSE	NA	NA	NA	NA	NA	NA
NC_045512.2	15183	C	T	37	15	24	2	2	27	0.047619	42	0.234494	FALSE	NA	NA	NA	NA	NA	NA
NC_045512.2	15183	C	G	37	15	24	1	1	26	0.0238095	42	0.481013	FALSE	NA	NA	NA	NA	NA	NA
NC_045512.2	15183	C	A	37	15	24	2	2	27	0.047619	42	0.234494	FALSE	NA	NA	NA	NA	NA	NA
NC_045512.2	15184	A	T	44	16	26	3	3	26	0.0638298	47	0.124956	FALSE	NA	NA	NA	NA	NA	NA
NC_045512.2	15185	C	T	39	11	26	2	2	27	0.0408163	49	0.209397	FALSE	NA	NA	NA	NA	NA	NA
NC_045512.2	15185	C	G	39	11	26	1	1	26	0.0204082	49	0.454545	FALSE	NA	NA	NA	NA	NA	NA
NC_045512.2	15185	C	A	39	11	26	7	7	26	0.142857	49	0.00522913	TRUE	NA	NA	NA	NA	NA	NA
NC_045512.2	15186	T	G	41	14	27	1	1	27	0.0208333	48	0.47191	FALSE	NA	NA	NA	NA	NA	NA
NC_045512.2	15186	T	A	41	14	27	6	6	25	0.125	48	0.0131876	FALSE	NA	NA	NA	NA	NA	NA
NC_045512.2	15187	A	T	42	16	27	2	2	23	0.0425532	47	0.236205	FALSE	NA	NA	NA	NA	NA	NA
NC_045512.2	15187	A	G	42	16	27	1	1	26	0.0212766	47	0.483146	FALSE	NA	NA	NA	NA	NA	NA
NC_045512.2	15187	A	C	42	16	27	2	2	26	0.0425532	47	0.236205	FALSE	NA	NA	NA	NA	NA	NA
NC_045512.2	15188	G	T	38	12	27	4	4	26	0.0851064	47	0.0479997	FALSE	NA	NA	NA	NA	NA	NA
NC_045512.2	15188	G	C	38	12	27	1	1	27	0.0212766	47	0.458824	FALSE	NA	NA	NA	NA	NA	NA
NC_045512.2	15188	G	A	38	12	27	4	4	26	0.0851064	47	0.0479997	FALSE	NA	NA	NA	NA	NA	NA
NC_045512.2	15189	A	T	37	12	26	5	5	26	0.111111	45	0.024426	FALSE	NA	NA	NA	NA	NA	NA
NC_045512.2	15189	A	G	37	12	26	2	1	28	0.0444444	45	0.217749	FALSE	NA	NA	NA	NA	NA	NA
NC_045512.2	15189	A	C	37	12	26	1	1	24	0.0222222	45	0.463415	FALSE	NA	NA	NA	NA	NA	NA
NC_045512.2	15190	G	T	38	12	26	3	3	26	0.0652174	46	0.104163	FALSE	NA	NA	NA	NA	NA	NA
NC_045512.2	15190	G	C	38	12	26	3	3	23	0.0652174	46	0.104163	FALSE	NA	NA	NA	NA	NA	NA
NC_045512.2	15190	G	A	38	12	26	2	2	25	0.0434783	46	0.218487	FALSE	NA	NA	NA	NA	NA	NA
NC_045512.2	15191	G	T	32	11	24	2	2	27	0.05	40	0.21347	FALSE	NA	NA	NA	NA	NA	NA
NC_045512.2	15191	G	C	32	11	24	2	2	24	0.05	40	0.21347	FALSE	NA	NA	NA	NA	NA	NA
NC_045512.2	15191	G	A	32	11	24	4	4	26	0.1	40	0.0484635	FALSE	NA	NA	NA	NA	NA	NA
NC_045512.2	15192	A	T	40	14	26	2	2	24	0.0425532	47	0.224922	FALSE	NA	NA	NA	NA	NA	NA
NC_045512.2	15192	A	G	40	14	26	3	3	25	0.0638298	47	0.10867	FALSE	NA	NA	NA	NA	NA	NA
NC_045512.2	15192	A	C	40	14	26	2	2	26	0.0425532	47	0.224922	FALSE	NA	NA	NA	NA	NA	NA
NC_045512.2	15193	G	T	37	11	26	6	6	26	0.130435	46	0.0112495	FALSE	NA	NA	NA	NA	NA	NA
NC_045512.2	15193	G	C	37	11	26	1	1	23	0.0217391	46	0.457831	FALSE	NA	NA	NA	NA	NA	NA
NC_045512.2	15193	G	A	37	11	26	2	2	25	0.0434783	46	0.212565	FALSE	NA	NA	NA	NA	NA	NA
NC_045512.2	15194	C	T	35	12	26	6	3	24	0.12766	47	0.00890407	TRUE	NA	NA	NA	NA	NA	NA
NC_045512.2	15194	C	G	35	12	26	3	3	26	0.0638298	47	0.0885353	FALSE	NA	NA	NA	NA	NA	NA
NC_045512.2	15194	C	A	35	12	26	3	3	25	0.0638298	47	0.0885353	FALSE	NA	NA	NA	NA	NA	NA
NC_045512.2	15195	T	G	39	13	26	2	2	26	0.0434783	46	0.22435	FALSE	NA	NA	NA	NA	NA	NA
NC_045512.2	15195	T	A	39	13	26	5	5	25	0.108696	46	0.026164	FALSE	NA	NA	NA	NA	NA	NA
NC_045512.2	15196	A	T	42	16	27	2	2	23	0.0434783	46	0.241573	FALSE	NA	NA	NA	NA	NA	NA
NC_045512.2	15196	A	G	42	16	27	2	2	24	0.0434783	46	0.241573	FALSE	NA	NA	NA	NA	NA	NA
NC_045512.2	15197	C	T	39	14	26	3	3	26	0.0652174	46	0.108307	FALSE	NA	NA	NA	NA	NA	NA
NC_045512.2	15197	C	G	39	14	26	1	1	27	0.0217391	46	0.470588	FALSE	NA	NA	NA	NA	NA	NA
NC_045512.2	15197	C	A	39	14	26	3	3	27	0.0652174	46	0.108307	FALSE	NA	NA	NA	NA	NA	NA
NC_045512.2	15198	T	G	41	15	26	1	1	28	0.0212766	47	0.477273	FALSE	NA	NA	NA	NA	NA	NA
NC_045512.2	15198	T	C	41	15	26	2	2	24	0.0425532	47	0.230592	FALSE	NA	NA	NA	NA	NA	NA
NC_045512.2	15198	T	A	41	15	26	3	3	26	0.0638298	47	0.112734	FALSE	NA	NA	NA	NA	NA	NA
NC_045512.2	15199	G	T	40	14	26	1	1	21	0.0212766	47	0.471264	FALSE	NA	NA	NA	NA	NA	NA
NC_045512.2	15199	G	C	40	14	26	4	4	27	0.0851064	47	0.0531276	FALSE	NA	NA	NA	NA	NA	NA
NC_045512.2	15199	G	A	40	14	26	2	2	27	0.0425532	47	0.224922	FALSE	NA	NA	NA	NA	NA	NA
NC_045512.2	15200	T	C	43	17	26	1	1	25	0.0212766	47	0.488889	FALSE	NA	NA	NA	NA	NA	NA
NC_045512.2	15200	T	A	43	17	26	3	3	22	0.0638298	47	0.120879	FALSE	NA	NA	NA	NA	NA	NA
NC_045512.2	15201	A	T	42	16	26	3	3	28	0.0652174	46	0.120787	FALSE	NA	NA	NA	NA	NA	NA
NC_045512.2	15201	A	G	42	16	26	1	1	33	0.0217391	46	0.488636	FALSE	NA	NA	NA	NA	NA	NA
NC_045512.2	15202	G	T	38	12	26	3	3	27	0.0652174	46	0.104163	FALSE	NA	NA	NA	NA	NA	NA
NC_045512.2	15202	G	C	38	12	26	1	1	29	0.0217391	46	0.464286	FALSE	NA	NA	NA	NA	NA	NA
NC_045512.2	15202	G	A	38	12	26	4	4	26	0.0869565	46	0.0502854	FALSE	NA	NA	NA	NA	NA	NA
NC_045512.2	15203	T	G	37	11	26	3	3	25	0.0638298	47	0.0965409	FALSE	NA	NA	NA	NA	NA	NA
NC_045512.2	15203	T	C	37	11	26	2	2	20	0.0425532	47	0.207563	FALSE	NA	NA	NA	NA	NA	NA
NC_045512.2	15203	T	A	37	11	26	5	5	26	0.106383	47	0.0217141	FALSE	NA	NA	NA	NA	NA	NA
NC_045512.2	15204	A	T	37	12	26	2	2	25	0.0454545	44	0.223126	FALSE	NA	NA	NA	NA	NA	NA
NC_045512.2	15204	A	G	37	12	26	4	4	26	0.0909091	44	0.0524851	FALSE	NA	NA	NA	NA	NA	NA
NC_045512.2	15204	A	C	37	12	26	1	1	28	0.0227273	44	0.469136	FALSE	NA	NA	NA	NA	NA	NA
NC_045512.2	15205	A	T	36	15	24	2	2	23	0.0487805	41	0.234099	FALSE	NA	NA	NA	NA	NA	NA
NC_045512.2	15205	A	G	36	15	24	2	2	26	0.0487805	41	0.234099	FALSE	NA	NA	NA	NA	NA	NA
NC_045512.2	15205	A	C	36	15	24	1	1	23	0.0243902	41	0.480519	FALSE	NA	NA	NA	NA	NA	NA
NC_045512.2	15206	T	G	36	12	26	1	1	28	0.0232558	43	0.468354	FALSE	NA	NA	NA	NA	NA	NA
NC_045512.2	15206	T	C	36	12	26	4	4	26	0.0930233	43	0.0522509	FALSE	NA	NA	NA	NA	NA	NA
NC_045512.2	15206	T	A	36	12	26	2	2	26	0.0465116	43	0.222468	FALSE	NA	NA	NA	NA	NA	NA
NC_045512.2	15207	T	G	30	13	24	3	3	26	0.0810811	37	0.104134	FALSE	NA	NA	NA	NA	NA	NA
NC_045512.2	15207	T	C	30	13	24	1	1	28	0.027027	37	0.462687	FALSE	NA	NA	NA	NA	NA	NA
NC_045512.2	15207	T	A	30	13	24	3	3	26	0.0810811	37	0.104134	FALSE	NA	NA	NA	NA	NA	NA
NC_045512.2	15208	G	C	35	13	26	3	3	22	0.0697674	43	0.102678	FALSE	NA	NA	NA	NA	NA	NA
NC_045512.2	15208	G	A	35	13	26	5	5	27	0.116279	43	0.0241158	FALSE	NA	NA	NA	NA	NA	NA
NC_045512.2	15209	G	T	28	12	24	1	1	28	0.0263158	38	0.439394	FALSE	NA	NA	NA	NA	NA	NA
NC_045512.2	15209	G	C	28	12	24	6	6	26	0.157895	38	0.00939054	TRUE	NA	NA	NA	NA	NA	NA
NC_045512.2	15209	G	A	28	12	24	3	3	28	0.0789474	38	0.0896919	FALSE	NA	NA	NA	NA	NA	NA
NC_045512.2	15210	A	T	38	16	25	2	2	26	0.0454545	44	0.22921	FALSE	NA	NA	NA	NA	NA	NA
NC_045512.2	15210	A	G	38	16	25	3	3	26	0.0681818	44	0.111876	FALSE	NA	NA	NA	NA	NA	NA
NC_045512.2	15210	A	C	38	16	25	1	1	31	0.0227273	44	0.47561	FALSE	NA	NA	NA	NA	NA	NA
NC_045512.2	15211	A	T	29	15	24	1	1	22	0.0277778	36	0.461538	FALSE	NA	NA	NA	NA	NA	NA
NC_045512.2	15211	A	G	29	15	24	2	2	27	0.0555556	36	0.216783	FALSE	NA	NA	NA	NA	NA	NA
NC_045512.2	15211	A	C	29	15	24	4	4	27	0.111111	36	0.0502465	FALSE	NA	NA	NA	NA	NA	NA
NC_045512.2	15212	C	T	34	12	26	7	7	25	0.159091	44	0.0049636	TRUE	NA	NA	NA	NA	NA	NA
NC_045512.2	15212	C	G	34	12	26	1	1	23	0.0227273	44	0.448718	FALSE	NA	NA	NA	NA	NA	NA
NC_045512.2	15212	C	A	34	12	26	2	2	27	0.0454545	44	0.204479	FALSE	NA	NA	NA	NA	NA	NA
NC_045512.2	15213	A	T	38	16	25	4	4	26	0.0909091	44	0.0552799	FALSE	NA	NA	NA	NA	NA	NA
NC_045512.2	15213	A	G	38	16	25	1	1	29	0.0227273	44	0.47561	FALSE	NA	NA	NA	NA	NA	NA
NC_045512.2	15213	A	C	38	16	25	1	1	28	0.0227273	44	0.47561	FALSE	NA	NA	NA	NA	NA	NA
NC_045512.2	15214	A	T	30	14	24	1	1	28	0.0263158	38	0.455882	FALSE	NA	NA	NA	NA	NA	NA
NC_045512.2	15214	A	G	30	14	24	5	5	26	0.131579	38	0.023202	FALSE	NA	NA	NA	NA	NA	NA
NC_045512.2	15214	A	C	30	14	24	2	2	26	0.0526316	38	0.211424	FALSE	NA	NA	NA	NA	NA	NA
NC_045512.2	15215	G	T	37	15	26	3	3	25	0.0681818	44	0.10753	FALSE	NA	NA	NA	NA	NA	NA
NC_045512.2	15215	G	C	37	15	26	2	2	27	0.0454545	44	0.223126	FALSE	NA	NA	NA	NA	NA	NA
NC_045512.2	15215	G	A	37	15	26	2	2	28	0.0454545	44	0.223126	FALSE	NA	NA	NA	NA	NA	NA
NC_045512.2	15216	C	T	33	13	26	3	3	28	0.0714286	42	0.0976077	FALSE	NA	NA	NA	NA	NA	NA
NC_045512.2	15216	C	G	33	13	26	3	3	24	0.0714286	42	0.0976077	FALSE	NA	NA	NA	NA	NA	NA
NC_045512.2	15216	C	A	33	13	26	3	3	28	0.0714286	42	0.0976077	FALSE	NA	NA	NA	NA	NA	NA
NC_045512.2	15217	A	G	29	9	25	8	8	27	0.2	40	0.00204753	TRUE	NA	NA	NA	NA	NA	NA
NC_045512.2	15217	A	C	29	9	25	3	3	25	0.075	40	0.0867816	FALSE	NA	NA	NA	NA	NA	NA
NC_045512.2	15218	A	T	32	14	27	2	2	28	0.0487805	41	0.207701	FALSE	NA	NA	NA	NA	NA	NA
NC_045512.2	15218	A	C	32	14	27	7	7	24	0.170732	41	0.00530605	TRUE	NA	NA	NA	NA	NA	NA
NC_045512.2	15219	A	T	23	17	26	3	3	27	0.1	30	0.0991043	FALSE	NA	NA	NA	NA	NA	NA
NC_045512.2	15219	A	G	23	17	26	3	3	27	0.1	30	0.0991043	FALSE	NA	NA	NA	NA	NA	NA
NC_045512.2	15219	A	C	23	17	26	1	1	28	0.0333333	30	0.45283	FALSE	NA	NA	NA	NA	NA	NA
NC_045512.2	15220	T	G	28	11	25	2	2	27	0.0512821	39	0.190957	FALSE	NA	NA	NA	NA	NA	NA
NC_045512.2	15220	T	C	28	11	25	5	5	26	0.128205	39	0.0182287	FALSE	NA	NA	NA	NA	NA	NA
NC_045512.2	15220	T	A	28	11	25	4	4	29	0.102564	39	0.0392193	FALSE	NA	NA	NA	NA	NA	NA
NC_045512.2	15221	T	G	24	17	26	2	2	27	0.0645161	31	0.211039	FALSE	NA	NA	NA	NA	NA	NA
NC_045512.2	15221	T	C	24	17	26	3	3	24	0.0967742	31	0.0999658	FALSE	NA	NA	NA	NA	NA	NA
NC_045512.2	15221	T	A	24	17	26	2	2	27	0.0645161	31	0.211039	FALSE	NA	NA	NA	NA	NA	NA
NC_045512.2	15222	C	T	28	13	26	2	2	23	0.0526316	38	0.196744	FALSE	NA	NA	NA	NA	NA	NA
NC_045512.2	15222	C	G	28	13	26	3	3	27	0.0789474	38	0.0896919	FALSE	NA	NA	NA	NA	NA	NA
NC_045512.2	15222	C	A	28	13	26	5	5	26	0.131579	38	0.0196097	FALSE	NA	NA	NA	NA	NA	NA
NC_045512.2	15223	T	G	29	13	26	3	3	23	0.0769231	39	0.0906102	FALSE	NA	NA	NA	NA	NA	NA
NC_045512.2	15223	T	C	29	13	26	4	4	27	0.102564	39	0.0421146	FALSE	NA	NA	NA	NA	NA	NA
NC_045512.2	15223	T	A	29	13	26	3	3	24	0.0769231	39	0.0906102	FALSE	NA	NA	NA	NA	NA	NA
NC_045512.2	15224	A	T	30	14	26	7	7	26	0.175	40	0.00470932	TRUE	NA	NA	NA	NA	NA	NA
NC_045512.2	15224	A	C	30	14	26	3	3	24	0.075	40	0.0914822	FALSE	NA	NA	NA	NA	NA	NA
NC_045512.2	15225	T	G	31	15	26	4	4	26	0.1	40	0.0455057	FALSE	NA	NA	NA	NA	NA	NA
NC_045512.2	15225	T	C	31	15	26	1	1	28	0.025	40	0.450704	FALSE	NA	NA	NA	NA	NA	NA
NC_045512.2	15225	T	A	31	15	26	4	4	25	0.1	40	0.0455057	FALSE	NA	NA	NA	NA	NA	NA
NC_045512.2	15226	G	T	32	17	25	3	3	26	0.075	40	0.100966	FALSE	NA	NA	NA	NA	NA	NA
NC_045512.2	15226	G	C	32	17	25	1	1	26	0.025	40	0.458333	FALSE	NA	NA	NA	NA	NA	NA
NC_045512.2	15226	G	A	32	17	25	4	4	27	0.1	40	0.0484635	FALSE	NA	NA	NA	NA	NA	NA
NC_045512.2	15227	G	T	30	15	25	6	6	25	0.146341	41	0.00890953	TRUE	NA	NA	NA	NA	NA	NA
NC_045512.2	15227	G	C	30	15	25	2	2	27	0.0487805	41	0.194053	FALSE	NA	NA	NA	NA	NA	NA
NC_045512.2	15227	G	A	30	15	25	3	3	25	0.0731707	41	0.0877227	FALSE	NA	NA	NA	NA	NA	NA
NC_045512.2	15228	T	G	29	14	27	5	5	25	0.121951	41	0.0172736	FALSE	NA	NA	NA	NA	NA	NA
NC_045512.2	15228	T	C	29	14	27	1	1	21	0.0243902	41	0.428571	FALSE	NA	NA	NA	NA	NA	NA
NC_045512.2	15228	T	A	29	14	27	6	6	25	0.146341	41	0.008061	TRUE	NA	NA	NA	NA	NA	NA
NC_045512.2	15229	G	T	31	16	25	3	3	26	0.0731707	41	0.0923115	FALSE	NA	NA	NA	NA	NA	NA
NC_045512.2	15229	G	C	31	16	25	4	4	26	0.097561	41	0.0430787	FALSE	NA	NA	NA	NA	NA	NA
NC_045512.2	15229	G	A	31	16	25	3	3	26	0.0731707	41	0.0923115	FALSE	NA	NA	NA	NA	NA	NA
NC_045512.2	15230	G	T	25	12	24	8	8	26	0.205128	39	0.00130501	TRUE	NA	NA	NA	NA	NA	NA
NC_045512.2	15230	G	C	25	12	24	4	4	25	0.102564	39	0.0309871	FALSE	NA	NA	NA	NA	NA	NA
NC_045512.2	15230	G	A	25	12	24	2	2	22	0.0512821	39	0.16875	FALSE	NA	NA	NA	NA	NA	NA
NC_045512.2	15231	T	G	28	15	25	3	3	26	0.0769231	39	0.0857923	FALSE	NA	NA	NA	NA	NA	NA
NC_045512.2	15231	T	C	28	15	25	3	3	25	0.0769231	39	0.0857923	FALSE	NA	NA	NA	NA	NA	NA
NC_045512.2	15231	T	A	28	15	25	5	5	26	0.128205	39	0.0182287	FALSE	NA	NA	NA	NA	NA	NA
NC_045512.2	15232	T	G	26	16	25	3	3	25	0.0833333	36	0.0877016	FALSE	NA	NA	NA	NA	NA	NA
NC_045512.2	15232	T	C	26	16	25	4	4	26	0.111111	36	0.0404777	FALSE	NA	NA	NA	NA	NA	NA
NC_045512.2	15232	T	A	26	16	25	3	3	26	0.0833333	36	0.0877016	FALSE	NA	NA	NA	NA	NA	NA
NC_045512.2	15233	G	T	28	15	25	5	5	26	0.125	40	0.0169628	FALSE	NA	NA	NA	NA	NA	NA
NC_045512.2	15233	G	C	28	15	25	6	6	25	0.15	40	0.00790049	TRUE	NA	NA	NA	NA	NA	NA
NC_045512.2	15233	G	A	28	15	25	1	1	28	0.025	40	0.426471	FALSE	NA	NA	NA	NA	NA	NA
NC_045512.2	15234	G	T	24	13	25	4	4	28	0.105263	38	0.0302419	FALSE	NA	NA	NA	NA	NA	NA
NC_045512.2	15234	G	C	24	13	25	4	4	25	0.105263	38	0.0302419	FALSE	NA	NA	NA	NA	NA	NA
NC_045512.2	15234	G	A	24	13	25	6	6	26	0.157895	38	0.00594991	TRUE	NA	NA	NA	NA	NA	NA
NC_045512.2	15235	C	T	28	15	27	3	3	27	0.075	40	0.0821155	FALSE	NA	NA	NA	NA	NA	NA
NC_045512.2	15235	C	G	28	15	27	4	4	27	0.1	40	0.0370098	FALSE	NA	NA	NA	NA	NA	NA
NC_045512.2	15235	C	A	28	15	27	5	5	26	0.125	40	0.0169628	FALSE	NA	NA	NA	NA	NA	NA
NC_045512.2	15236	A	T	30	17	27	4	4	27	0.1	40	0.0426082	FALSE	NA	NA	NA	NA	NA	NA
NC_045512.2	15236	A	G	30	17	27	1	1	27	0.025	40	0.442857	FALSE	NA	NA	NA	NA	NA	NA
NC_045512.2	15236	A	C	30	17	27	5	5	27	0.125	40	0.0201525	FALSE	NA	NA	NA	NA	NA	NA
NC_045512.2	15237	C	T	29	16	27	3	3	27	0.0731707	41	0.0831657	FALSE	NA	NA	NA	NA	NA	NA
NC_045512.2	15237	C	G	29	16	27	2	2	28	0.0487805	41	0.187123	FALSE	NA	NA	NA	NA	NA	NA
NC_045512.2	15237	C	A	29	16	27	7	7	26	0.170732	41	0.00381837	TRUE	NA	NA	NA	NA	NA	NA
NC_045512.2	15238	A	T	30	17	26	6	6	25	0.136364	44	0.00700739	TRUE	NA	NA	NA	NA	NA	NA
NC_045512.2	15238	A	G	30	17	26	2	2	28	0.0454545	44	0.178739	FALSE	NA	NA	NA	NA	NA	NA
NC_045512.2	15238	A	C	30	17	26	6	6	23	0.136364	44	0.00700739	TRUE	NA	NA	NA	NA	NA	NA
NC_045512.2	15239	A	T	25	14	24	6	6	26	0.142857	42	0.00471253	TRUE	NA	NA	NA	NA	NA	NA
NC_045512.2	15239	A	G	25	14	24	6	6	26	0.142857	42	0.00471253	TRUE	NA	NA	NA	NA	NA	NA
NC_045512.2	15239	A	C	25	14	24	5	5	27	0.119048	42	0.0109452	FALSE	NA	NA	NA	NA	NA	NA
NC_045512.2	15240	C	T	28	15	27	6	6	26	0.136364	44	0.00567246	TRUE	NA	NA	NA	NA	NA	NA
NC_045512.2	15240	C	G	28	15	27	2	2	25	0.0454545	44	0.165525	FALSE	NA	NA	NA	NA	NA	NA
NC_045512.2	15240	C	A	28	15	27	8	8	26	0.181818	44	0.0011599	TRUE	NA	NA	NA	NA	NA	NA
NC_045512.2	15241	A	T	30	17	26	4	4	27	0.0909091	44	0.0342695	FALSE	NA	NA	NA	NA	NA	NA
NC_045512.2	15241	A	G	30	17	26	7	7	26	0.159091	44	0.00324092	TRUE	NA	NA	NA	NA	NA	NA
NC_045512.2	15241	A	C	30	17	26	3	3	26	0.0681818	44	0.0776102	FALSE	NA	NA	NA	NA	NA	NA
NC_045512.2	15242	T	G	30	18	26	2	2	27	0.0454545	44	0.178739	FALSE	NA	NA	NA	NA	NA	NA
NC_045512.2	15242	T	C	30	18	26	5	4	26	0.113636	44	0.0153773	FALSE	NA	NA	NA	NA	NA	NA
NC_045512.2	15242	T	A	30	18	26	7	7	26	0.159091	44	0.00324092	TRUE	NA	NA	NA	NA	NA	NA
NC_045512.2	15243	G	T	24	13	26	6	6	24	0.146341	41	0.00452862	TRUE	NA	NA	NA	NA	NA	NA
NC_045512.2	15243	G	C	24	13	26	4	4	26	0.097561	41	0.0251417	FALSE	NA	NA	NA	NA	NA	NA
NC_045512.2	15243	G	A	24	13	26	7	7	25	0.170732	41	0.00197729	TRUE	NA	NA	NA	NA	NA	NA
NC_045512.2	15244	T	G	26	16	24	4	4	27	0.102564	39	0.0336512	FALSE	NA	NA	NA	NA	NA	NA
NC_045512.2	15244	T	C	26	16	24	4	4	26	0.102564	39	0.0336512	FALSE	NA	NA	NA	NA	NA	NA
NC_045512.2	15244	T	A	26	16	24	5	5	28	0.128205	39	0.0151186	FALSE	NA	NA	NA	NA	NA	NA
NC_045512.2	15245	T	G	28	22	25	4	4	27	0.108108	37	0.044156	FALSE	NA	NA	NA	NA	NA	NA
NC_045512.2	15245	T	C	28	22	25	1	1	29	0.027027	37	0.446154	FALSE	NA	NA	NA	NA	NA	NA
NC_045512.2	15245	T	A	28	22	25	4	4	27	0.108108	37	0.044156	FALSE	NA	NA	NA	NA	NA	NA
NC_045512.2	15245	T	-A	28	22	25	1	0	20	0.027027	37	0.446154	FALSE	NA	NA	NA	NA	NA	NA
NC_045512.2	15246	A	T	12	3	26	9	9	25	0.3	30	0.000117317	TRUE	NA	NA	NA	NA	NA	NA
NC_045512.2	15246	A	G	12	3	26	5	5	25	0.166667	30	0.0045143	TRUE	NA	NA	NA	NA	NA	NA
NC_045512.2	15246	A	C	12	3	26	4	4	27	0.133333	30	0.0122152	FALSE	NA	NA	NA	NA	NA	NA
NC_045512.2	15247	A	T	24	14	27	10	10	26	0.25641	39	0.000244545	TRUE	NA	NA	NA	NA	NA	NA
NC_045512.2	15247	A	G	24	14	27	1	1	26	0.025641	39	0.396825	FALSE	NA	NA	NA	NA	NA	NA
NC_045512.2	15247	A	C	24	14	27	4	4	26	0.102564	39	0.0284091	FALSE	NA	NA	NA	NA	NA	NA
NC_045512.2	15248	A	T	28	18	27	5	5	27	0.121951	41	0.015801	FALSE	NA	NA	NA	NA	NA	NA
NC_045512.2	15248	A	G	28	18	27	5	5	26	0.121951	41	0.015801	FALSE	NA	NA	NA	NA	NA	NA
NC_045512.2	15248	A	C	28	18	27	3	3	27	0.0731707	41	0.0786458	FALSE	NA	NA	NA	NA	NA	NA
NC_045512.2	15249	A	T	23	15	28	10	10	26	0.25641	39	0.000200462	TRUE	NA	NA	NA	NA	NA	NA
NC_045512.2	15249	A	G	23	15	28	4	4	28	0.102564	39	0.0259217	FALSE	NA	NA	NA	NA	NA	NA
NC_045512.2	15249	A	C	23	15	28	2	2	24	0.0512821	39	0.15361	FALSE	NA	NA	NA	NA	NA	NA
NC_045512.2	15250	A	T	19	19	27	7	7	27	0.225806	31	0.00283635	TRUE	NA	NA	NA	NA	NA	NA
NC_045512.2	15250	A	G	19	19	27	1	1	21	0.0322581	31	0.4	FALSE	NA	NA	NA	NA	NA	NA
NC_045512.2	15250	A	C	19	19	27	4	4	24	0.129032	31	0.0302399	FALSE	NA	NA	NA	NA	NA	NA
NC_045512.2	15251	C	T	22	15	26	6	6	24	0.166667	36	0.00554474	TRUE	NA	NA	NA	NA	NA	NA
NC_045512.2	15251	C	G	22	15	26	4	4	27	0.111111	36	0.0286478	FALSE	NA	NA	NA	NA	NA	NA
NC_045512.2	15251	C	A	22	15	26	4	4	27	0.111111	36	0.0286478	FALSE	NA	NA	NA	NA	NA	NA
NC_045512.2	15252	T	G	24	17	26	2	2	22	0.0526316	38	0.166411	FALSE	NA	NA	NA	NA	NA	NA
NC_045512.2	15252	T	C	24	17	26	6	6	27	0.157895	38	0.00594991	TRUE	NA	NA	NA	NA	NA	NA
NC_045512.2	15252	T	A	24	17	26	6	6	25	0.157895	38	0.00594991	TRUE	NA	NA	NA	NA	NA	NA
NC_045512.2	15252	T	-G	24	17	26	1	0	20	0.0263158	38	0.403226	FALSE	NA	NA	NA	NA	NA	NA
NC_045512.2	15253	G	T	21	14	26	5	5	26	0.125	40	0.00796379	TRUE	NA	NA	NA	NA	NA	NA
NC_045512.2	15253	G	C	21	14	26	5	5	20	0.125	40	0.00796379	TRUE	NA	NA	NA	NA	NA	NA
NC_045512.2	15253	G	A	21	14	26	9	9	25	0.225	40	0.000252455	TRUE	NA	NA	NA	NA	NA	NA
NC_045512.2	15254	T	G	25	20	24	1	1	27	0.027027	37	0.419355	FALSE	NA	NA	NA	NA	NA	NA
NC_045512.2	15254	T	C	25	20	24	3	3	25	0.0810811	37	0.078629	FALSE	NA	NA	NA	NA	NA	NA
NC_045512.2	15254	T	A	25	20	24	8	8	27	0.216216	37	0.0016605	TRUE	NA	NA	NA	NA	NA	NA
NC_045512.2	15255	T	G	22	19	27	4	4	22	0.111111	36	0.0286478	FALSE	NA	NA	NA	NA	NA	NA
NC_045512.2	15255	T	C	22	19	27	5	5	26	0.138889	36	0.0124757	FALSE	NA	NA	NA	NA	NA	NA
NC_045512.2	15255	T	A	22	19	27	5	5	26	0.138889	36	0.0124757	FALSE	NA	NA	NA	NA	NA	NA
NC_045512.2	15256	T	G	20	20	26	7	7	25	0.212121	33	0.00260305	TRUE	NA	NA	NA	NA	NA	NA
NC_045512.2	15256	T	A	20	20	26	6	6	26	0.181818	33	0.00568815	TRUE	NA	NA	NA	NA	NA	NA
NC_045512.2	15257	A	T	21	20	27	7	7	24	0.2	35	0.00240758	TRUE	NA	NA	NA	NA	NA	NA
NC_045512.2	15257	A	G	21	20	27	5	5	25	0.142857	35	0.0120443	FALSE	NA	NA	NA	NA	NA	NA
NC_045512.2	15257	A	C	21	20	27	2	2	21	0.0571429	35	0.158521	FALSE	NA	NA	NA	NA	NA	NA
NC_045512.2	15258	T	G	18	18	26	2	2	28	0.0606061	33	0.143288	FALSE	NA	NA	NA	NA	NA	NA
NC_045512.2	15258	T	C	18	18	26	5	5	24	0.151515	33	0.0096727	TRUE	NA	NA	NA	NA	NA	NA
NC_045512.2	15258	T	A	18	18	26	8	8	26	0.242424	33	0.000815044	TRUE	NA	NA	NA	NA	NA	NA
NC_045512.2	15259	A	T	18	18	27	3	3	25	0.0882353	34	0.0536204	FALSE	NA	NA	NA	NA	NA	NA
NC_045512.2	15259	A	G	18	18	27	5	5	25	0.147059	34	0.00880906	TRUE	NA	NA	NA	NA	NA	NA
NC_045512.2	15259	A	C	18	18	27	8	8	26	0.235294	34	0.00070453	TRUE	NA	NA	NA	NA	NA	NA
NC_045512.2	15260	G	T	15	15	27	6	6	25	0.181818	33	0.00236367	TRUE	NA	NA	NA	NA	NA	NA
NC_045512.2	15260	G	A	15	15	27	12	12	26	0.363636	33	1.55284e-05	TRUE	NA	NA	NA	NA	NA	NA
NC_045512.2	15261	T	G	17	17	27	6	6	26	0.181818	33	0.00348217	TRUE	NA	NA	NA	NA	NA	NA
NC_045512.2	15261	T	C	17	17	27	6	6	27	0.181818	33	0.00348217	TRUE	NA	NA	NA	NA	NA	NA
NC_045512.2	15261	T	A	17	17	27	4	4	26	0.121212	33	0.0204388	FALSE	NA	NA	NA	NA	NA	NA
NC_045512.2	15262	G	T	11	11	28	9	9	26	0.272727	33	4.56528e-05	TRUE	NA	NA	NA	NA	NA	NA
NC_045512.2	15262	G	C	11	11	28	2	2	24	0.0606061	33	0.0787879	FALSE	NA	NA	NA	NA	NA	NA
NC_045512.2	15262	G	A	11	11	28	11	11	25	0.333333	33	7.36953e-06	TRUE	NA	NA	NA	NA	NA	NA
NC_045512.2	15263	A	T	23	23	27	3	3	24	0.0882353	34	0.0799779	FALSE	NA	NA	NA	NA	NA	NA
NC_045512.2	15263	A	G	23	23	27	5	5	26	0.147059	34	0.01652	FALSE	NA	NA	NA	NA	NA	NA
NC_045512.2	15263	A	C	23	23	27	3	3	27	0.0882353	34	0.0799779	FALSE	NA	NA	NA	NA	NA	NA
NC_045512.2	15264	T	G	16	16	27	7	7	25	0.212121	33	0.0012081	TRUE	NA	NA	NA	NA	NA	NA
NC_045512.2	15264	T	C	16	16	27	2	2	25	0.0606061	33	0.124898	FALSE	NA	NA	NA	NA	NA	NA
NC_045512.2	15264	T	A	16	16	27	8	8	26	0.242424	33	0.000517757	TRUE	NA	NA	NA	NA	NA	NA
NC_045512.2	15265	G	T	11	11	28	10	10	27	0.294118	34	1.47391e-05	TRUE	NA	NA	NA	NA	NA	NA
NC_045512.2	15265	G	C	11	11	28	4	4	25	0.117647	34	0.00701511	TRUE	NA	NA	NA	NA	NA	NA
NC_045512.2	15265	G	A	11	11	28	9	9	26	0.264706	34	3.79004e-05	TRUE	NA	NA	NA	NA	NA	NA
NC_045512.2	15266	T	G	16	16	28	2	2	25	0.0588235	34	0.12	FALSE	NA	NA	NA	NA	NA	NA
NC_045512.2	15266	T	C	16	16	28	7	7	26	0.205882	34	0.00105709	TRUE	NA	NA	NA	NA	NA	NA
NC_045512.2	15266	T	A	16	16	28	9	9	25	0.264706	34	0.000191849	TRUE	NA	NA	NA	NA	NA	NA
NC_045512.2	15267	A	T	16	16	27	2	2	25	0.0769231	26	0.169435	FALSE	NA	NA	NA	NA	NA	NA
NC_045512.2	15267	A	G	16	16	27	3	3	26	0.115385	26	0.0731652	FALSE	NA	NA	NA	NA	NA	NA
NC_045512.2	15267	A	C	16	16	27	5	5	25	0.192308	26	0.0148451	FALSE	NA	NA	NA	NA	NA	NA
NC_045512.2	15268	G	T	10	10	27	3	3	25	0.142857	21	0.0524194	FALSE	NA	NA	NA	NA	NA	NA
NC_045512.2	15268	G	C	10	10	27	3	3	26	0.142857	21	0.0524194	FALSE	NA	NA	NA	NA	NA	NA
NC_045512.2	15268	G	A	10	10	27	5	5	27	0.238095	21	0.00925047	TRUE	NA	NA	NA	NA	NA	NA
NC_045512.2	15269	A	T	10	10	23	8	8	24	0.380952	21	0.000894783	TRUE	NA	NA	NA	NA	NA	NA
NC_045512.2	15269	A	G	10	10	23	2	2	28	0.0952381	21	0.133065	FALSE	NA	NA	NA	NA	NA	NA
NC_045512.2	15269	A	C	10	10	23	1	1	23	0.047619	21	0.354839	FALSE	NA	NA	NA	NA	NA	NA
NC_045512.2	15270	A	T	10	10	27	10	10	25	0.434783	23	0.000125561	TRUE	NA	NA	NA	NA	NA	NA
NC_045512.2	15270	A	G	10	10	27	1	1	23	0.0434783	23	0.333333	FALSE	NA	NA	NA	NA	NA	NA
NC_045512.2	15270	A	C	10	10	27	2	2	25	0.0869565	23	0.117647	FALSE	NA	NA	NA	NA	NA	NA
NC_045512.2	15271	A	T	7	7	28	7	7	27	0.28	25	0.000271944	TRUE	NA	NA	NA	NA	NA	NA
NC_045512.2	15271	A	G	7	7	28	6	6	24	0.24	25	0.000738133	TRUE	NA	NA	NA	NA	NA	NA
NC_045512.2	15271	A	C	7	7	28	5	5	25	0.2	25	0.00210084	TRUE	NA	NA	NA	NA	NA	NA
NC_045512.2	15272	A	T	14	14	25	2	2	24	0.1	20	0.201681	FALSE	NA	NA	NA	NA	NA	NA
NC_045512.2	15272	A	C	14	14	25	4	4	26	0.2	20	0.046332	FALSE	NA	NA	NA	NA	NA	NA
NC_045512.2	15273	C	T	8	8	23	2	2	22	0.1	20	0.110837	FALSE	NA	NA	NA	NA	NA	NA
NC_045512.2	15273	C	G	8	8	23	1	1	24	0.05	20	0.321429	FALSE	NA	NA	NA	NA	NA	NA
NC_045512.2	15273	C	A	8	8	23	9	9	27	0.45	20	0.000258223	TRUE	NA	NA	NA	NA	NA	NA
NC_045512.2	15274	C	T	13	13	26	6	6	26	0.25	24	0.00517215	TRUE	NA	NA	NA	NA	NA	NA
NC_045512.2	15274	C	G	13	13	26	2	2	25	0.0833333	24	0.14936	FALSE	NA	NA	NA	NA	NA	NA
NC_045512.2	15274	C	A	13	13	26	3	3	28	0.125	24	0.0612759	FALSE	NA	NA	NA	NA	NA	NA
NC_045512.2	15275	C	T	14	14	25	2	2	25	0.0833333	24	0.161943	FALSE	NA	NA	NA	NA	NA	NA
NC_045512.2	15275	C	G	14	14	25	1	1	22	0.0416667	24	0.394737	FALSE	NA	NA	NA	NA	NA	NA
NC_045512.2	15275	C	A	14	14	25	7	7	26	0.291667	24	0.0030344	TRUE	NA	NA	NA	NA	NA	NA
NC_045512.2	15276	T	G	10	10	26	4	4	24	0.166667	24	0.0151563	FALSE	NA	NA	NA	NA	NA	NA
NC_045512.2	15276	T	C	10	10	26	3	3	25	0.125	24	0.040056	FALSE	NA	NA	NA	NA	NA	NA
NC_045512.2	15276	T	A	10	10	26	7	7	26	0.291667	24	0.00104315	TRUE	NA	NA	NA	NA	NA	NA
NC_045512.2	15277	C	T	12	12	27	7	7	25	0.269231	26	0.00131491	TRUE	NA	NA	NA	NA	NA	NA
NC_045512.2	15277	C	G	12	12	27	1	1	28	0.0384615	26	0.342105	FALSE	NA	NA	NA	NA	NA	NA
NC_045512.2	15277	C	A	12	12	27	6	6	27	0.230769	26	0.00304505	TRUE	NA	NA	NA	NA	NA	NA
NC_045512.2	15278	A	T	16	16	26	4	4	27	0.148148	27	0.0296902	FALSE	NA	NA	NA	NA	NA	NA
NC_045512.2	15278	A	G	16	16	26	1	1	22	0.037037	27	0.395349	FALSE	NA	NA	NA	NA	NA	NA
NC_045512.2	15278	A	C	16	16	26	6	6	26	0.222222	27	0.00608018	TRUE	NA	NA	NA	NA	NA	NA
NC_045512.2	15279	C	T	6	6	22	5	5	25	0.185185	27	0.00105988	TRUE	NA	NA	NA	NA	NA	NA
NC_045512.2	15279	C	G	6	6	22	10	10	26	0.37037	27	5.44228e-06	TRUE	NA	NA	NA	NA	NA	NA
NC_045512.2	15279	C	A	6	6	22	6	6	27	0.222222	27	0.0003347	TRUE	NA	NA	NA	NA	NA	NA
NC_045512.2	15280	C	T	10	10	26	9	9	24	0.310345	29	6.77929e-05	TRUE	NA	NA	NA	NA	NA	NA
NC_045512.2	15280	C	G	10	10	26	1	1	28	0.0344828	29	0.282051	FALSE	NA	NA	NA	NA	NA	NA
NC_045512.2	15280	C	A	10	10	26	9	9	26	0.310345	29	6.77929e-05	TRUE	NA	NA	NA	NA	NA	NA
NC_045512.2	15281	T	G	17	17	24	3	3	28	0.107143	28	0.0703053	FALSE	NA	NA	NA	NA	NA	NA
NC_045512.2	15281	T	C	17	17	24	5	5	26	0.178571	28	0.01381	FALSE	NA	NA	NA	NA	NA	NA
NC_045512.2	15281	T	A	17	17	24	3	3	28	0.107143	28	0.0703053	FALSE	NA	NA	NA	NA	NA	NA
NC_045512.2	15282	T	G	13	13	27	2	2	28	0.0714286	28	0.121951	FALSE	NA	NA	NA	NA	NA	NA
NC_045512.2	15282	T	C	13	13	27	3	3	25	0.107143	28	0.0453772	FALSE	NA	NA	NA	NA	NA	NA
NC_045512.2	15282	T	A	13	13	27	10	10	26	0.357143	28	0.000111374	TRUE	NA	NA	NA	NA	NA	NA
NC_045512.2	15283	A	T	13	13	28	5	5	27	0.178571	28	0.00701284	TRUE	NA	NA	NA	NA	NA	NA
NC_045512.2	15283	A	G	13	13	28	8	8	25	0.285714	28	0.000539262	TRUE	NA	NA	NA	NA	NA	NA
NC_045512.2	15283	A	C	13	13	28	2	2	28	0.0714286	28	0.121951	FALSE	NA	NA	NA	NA	NA	NA
NC_045512.2	15284	T	G	18	18	26	3	3	27	0.107143	28	0.0768964	FALSE	NA	NA	NA	NA	NA	NA
NC_045512.2	15284	T	C	18	18	26	2	2	25	0.0714286	28	0.175763	FALSE	NA	NA	NA	NA	NA	NA
NC_045512.2	15284	T	A	18	18	26	5	5	26	0.178571	28	0.0158815	FALSE	NA	NA	NA	NA	NA	NA
NC_045512.2	15285	G	T	8	8	24	11	11	26	0.37931	29	4.33952e-06	TRUE	NA	NA	NA	NA	NA	NA
NC_045512.2	15285	G	C	8	8	24	2	2	26	0.0689655	29	0.0640114	FALSE	NA	NA	NA	NA	NA	NA
NC_045512.2	15285	G	A	8	8	24	8	8	28	0.275862	29	7.26164e-05	TRUE	NA	NA	NA	NA	NA	NA
NC_045512.2	15286	G	T	18	18	27	5	5	26	0.172414	29	0.0143245	FALSE	NA	NA	NA	NA	NA	NA
NC_045512.2	15286	G	C	18	18	27	4	4	27	0.137931	29	0.0317629	FALSE	NA	NA	NA	NA	NA	NA
NC_045512.2	15286	G	A	18	18	27	2	2	22	0.0689655	29	0.16844	FALSE	NA	NA	NA	NA	NA	NA
NC_045512.2	15287	G	T	8	8	27	6	6	25	0.214286	28	0.000667869	TRUE	NA	NA	NA	NA	NA	NA
NC_045512.2	15287	G	C	8	8	27	5	5	26	0.178571	28	0.0019559	TRUE	NA	NA	NA	NA	NA	NA
NC_045512.2	15287	G	A	8	8	27	9	9	25	0.321429	28	3.42911e-05	TRUE	NA	NA	NA	NA	NA	NA
NC_045512.2	15288	T	G	11	11	24	6	6	25	0.206897	29	0.00151945	TRUE	NA	NA	NA	NA	NA	NA
NC_045512.2	15288	T	C	11	11	24	1	1	21	0.0344828	29	0.3	FALSE	NA	NA	NA	NA	NA	NA
NC_045512.2	15288	T	A	11	11	24	11	11	26	0.37931	29	1.88852e-05	TRUE	NA	NA	NA	NA	NA	NA
NC_045512.2	15289	T	G	13	13	27	3	3	27	0.103448	29	0.0422833	FALSE	NA	NA	NA	NA	NA	NA
NC_045512.2	15289	T	C	13	13	27	4	4	26	0.137931	29	0.0159737	FALSE	NA	NA	NA	NA	NA	NA
NC_045512.2	15289	T	A	13	13	27	9	9	27	0.310345	29	0.000198536	TRUE	NA	NA	NA	NA	NA	NA
NC_045512.2	15290	G	T	7	7	24	8	8	26	0.275862	29	4.43767e-05	TRUE	NA	NA	NA	NA	NA	NA
NC_045512.2	15290	G	C	7	7	24	7	7	26	0.241379	29	0.000127213	TRUE	NA	NA	NA	NA	NA	NA
NC_045512.2	15290	G	A	7	7	24	7	7	26	0.241379	29	0.000127213	TRUE	NA	NA	NA	NA	NA	NA
NC_045512.2	15291	G	T	12	12	28	5	5	27	0.192308	26	0.00727428	TRUE	NA	NA	NA	NA	NA	NA
NC_045512.2	15291	G	C	12	12	28	4	4	26	0.153846	26	0.0179718	FALSE	NA	NA	NA	NA	NA	NA
NC_045512.2	15291	G	A	12	12	28	5	5	26	0.192308	26	0.00727428	TRUE	NA	NA	NA	NA	NA	NA
NC_045512.2	15292	G	T	9	9	28	6	6	27	0.214286	28	0.000954099	TRUE	NA	NA	NA	NA	NA	NA
NC_045512.2	15292	G	C	9	9	28	5	5	27	0.178571	28	0.00267148	TRUE	NA	NA	NA	NA	NA	NA
NC_045512.2	15292	G	A	9	9	28	8	8	25	0.285714	28	0.000137164	TRUE	NA	NA	NA	NA	NA	NA
NC_045512.2	15293	A	T	18	18	26	8	8	24	0.275862	29	0.00150152	TRUE	NA	NA	NA	NA	NA	NA
NC_045512.2	15293	A	G	18	18	26	1	1	22	0.0344828	29	0.404255	FALSE	NA	NA	NA	NA	NA	NA
NC_045512.2	15293	A	C	18	18	26	2	2	26	0.0689655	29	0.16844	FALSE	NA	NA	NA	NA	NA	NA
NC_045512.2	15294	T	G	11	11	25	6	6	25	0.206897	29	0.00151945	TRUE	NA	NA	NA	NA	NA	NA
NC_045512.2	15294	T	C	11	11	25	1	1	27	0.0344828	29	0.3	FALSE	NA	NA	NA	NA	NA	NA
NC_045512.2	15294	T	A	11	11	25	11	11	27	0.37931	29	1.88852e-05	TRUE	NA	NA	NA	NA	NA	NA
NC_045512.2	15295	T	G	11	11	27	3	3	25	0.111111	27	0.0368421	FALSE	NA	NA	NA	NA	NA	NA
NC_045512.2	15295	T	C	11	11	27	3	3	23	0.111111	27	0.0368421	FALSE	NA	NA	NA	NA	NA	NA
NC_045512.2	15295	T	A	11	11	27	10	10	25	0.37037	27	6.81173e-05	TRUE	NA	NA	NA	NA	NA	NA
NC_045512.2	15295	T	+A	11	11	27	1	0	20	0.037037	27	0.315789	FALSE	NA	NA	NA	NA	NA	NA
NC_045512.2	15296	A	T	12	12	27	7	7	24	0.259259	27	0.00111037	TRUE	NA	NA	NA	NA	NA	NA
NC_045512.2	15296	A	G	12	12	27	4	4	26	0.148148	27	0.0162602	FALSE	NA	NA	NA	NA	NA	NA
NC_045512.2	15296	A	C	12	12	27	4	4	25	0.148148	27	0.0162602	FALSE	NA	NA	NA	NA	NA	NA
NC_045512.2	15297	T	G	11	11	27	5	5	27	0.178571	28	0.00453772	TRUE	NA	NA	NA	NA	NA	NA
NC_045512.2	15297	T	C	11	11	27	4	4	24	0.142857	28	0.0121951	FALSE	NA	NA	NA	NA	NA	NA
NC_045512.2	15297	T	A	11	11	27	8	8	25	0.285714	28	0.000289661	TRUE	NA	NA	NA	NA	NA	NA
NC_045512.2	15298	C	T	11	11	25	2	2	27	0.0689655	29	0.095122	FALSE	NA	NA	NA	NA	NA	NA
NC_045512.2	15298	C	G	11	11	25	4	4	25	0.137931	29	0.0110607	FALSE	NA	NA	NA	NA	NA	NA
NC_045512.2	15298	C	A	11	11	25	12	12	26	0.413793	29	8.51684e-06	TRUE	NA	NA	NA	NA	NA	NA
NC_045512.2	15299	C	T	12	12	26	7	7	24	0.259259	27	0.00111037	TRUE	NA	NA	NA	NA	NA	NA
NC_045512.2	15299	C	G	12	12	26	3	3	27	0.111111	27	0.0426829	FALSE	NA	NA	NA	NA	NA	NA
NC_045512.2	15299	C	A	12	12	26	5	5	25	0.185185	27	0.00642844	TRUE	NA	NA	NA	NA	NA	NA
NC_045512.2	15300	T	G	13	13	27	1	1	28	0.0357143	28	0.341463	FALSE	NA	NA	NA	NA	NA	NA
NC_045512.2	15300	T	C	13	13	27	8	8	25	0.285714	28	0.000539262	TRUE	NA	NA	NA	NA	NA	NA
NC_045512.2	15300	T	A	13	13	27	6	6	27	0.214286	28	0.00289661	TRUE	NA	NA	NA	NA	NA	NA
NC_045512.2	15301	A	T	10	10	24	3	3	29	0.107143	28	0.0289474	FALSE	NA	NA	NA	NA	NA	NA
NC_045512.2	15301	A	G	10	10	24	8	8	25	0.285714	28	0.000203003	TRUE	NA	NA	NA	NA	NA	NA
NC_045512.2	15301	A	C	10	10	24	7	7	26	0.25	28	0.000507508	TRUE	NA	NA	NA	NA	NA	NA
NC_045512.2	15302	A	T	16	16	27	4	4	26	0.153846	26	0.0325179	FALSE	NA	NA	NA	NA	NA	NA
NC_045512.2	15302	A	G	16	16	27	4	4	26	0.153846	26	0.0325179	FALSE	NA	NA	NA	NA	NA	NA
NC_045512.2	15302	A	C	16	16	27	2	2	26	0.0769231	26	0.169435	FALSE	NA	NA	NA	NA	NA	NA
NC_045512.2	15303	A	T	17	17	26	4	4	24	0.142857	28	0.0307586	FALSE	NA	NA	NA	NA	NA	NA
NC_045512.2	15303	A	G	17	17	26	1	1	23	0.0357143	28	0.4	FALSE	NA	NA	NA	NA	NA	NA
NC_045512.2	15303	A	C	17	17	26	6	6	27	0.214286	28	0.00635258	TRUE	NA	NA	NA	NA	NA	NA
NC_045512.2	15304	T	G	14	14	27	4	4	25	0.137931	29	0.0187517	FALSE	NA	NA	NA	NA	NA	NA
NC_045512.2	15304	T	C	14	14	27	1	1	25	0.0344828	29	0.348837	FALSE	NA	NA	NA	NA	NA	NA
NC_045512.2	15304	T	A	14	14	27	10	10	27	0.344828	29	0.000123973	TRUE	NA	NA	NA	NA	NA	NA
NC_045512.2	15305	G	T	9	9	28	5	5	26	0.178571	28	0.00267148	TRUE	NA	NA	NA	NA	NA	NA
NC_045512.2	15305	G	C	9	9	28	7	7	25	0.25	28	0.000355014	TRUE	NA	NA	NA	NA	NA	NA
NC_045512.2	15305	G	A	9	9	28	7	7	27	0.25	28	0.000355014	TRUE	NA	NA	NA	NA	NA	NA
NC_045512.2	15306	T	G	6	6	29	7	7	27	0.269231	26	0.000135972	TRUE	NA	NA	NA	NA	NA	NA
NC_045512.2	15306	T	C	6	6	29	6	6	27	0.230769	26	0.000397456	TRUE	NA	NA	NA	NA	NA	NA
NC_045512.2	15306	T	A	6	6	29	7	7	25	0.269231	26	0.000135972	TRUE	NA	NA	NA	NA	NA	NA
NC_045512.2	15307	G	T	53	22	27	5	5	25	0.0684932	73	0.0160077	FALSE	NA	NA	NA	NA	NA	NA
NC_045512.2	15307	G	C	53	22	27	3	3	25	0.0410959	73	0.0812008	FALSE	NA	NA	NA	NA	NA	NA
NC_045512.2	15307	G	A	53	22	27	12	12	26	0.164384	73	7.24592e-05	TRUE	NA	NA	NA	NA	NA	NA
NC_045512.2	15308	A	T	60	29	27	5	5	26	0.0675676	74	0.0213097	FALSE	NA	NA	NA	NA	NA	NA
NC_045512.2	15308	A	G	60	29	27	7	7	25	0.0945946	74	0.00484233	TRUE	NA	NA	NA	NA	NA	NA
NC_045512.2	15308	A	C	60	29	27	2	2	27	0.027027	74	0.209066	FALSE	NA	NA	NA	NA	NA	NA
NC_045512.2	15309	T	G	57	26	27	5	5	28	0.0684932	73	0.0193824	FALSE	NA	NA	NA	NA	NA	NA
NC_045512.2	15309	T	C	57	26	27	3	3	25	0.0410959	73	0.0913361	FALSE	NA	NA	NA	NA	NA	NA
NC_045512.2	15309	T	A	57	26	27	8	8	27	0.109589	73	0.00201952	TRUE	NA	NA	NA	NA	NA	NA
NC_045512.2	15310	A	T	62	31	27	6	6	26	0.0810811	74	0.0111702	FALSE	NA	NA	NA	NA	NA	NA
NC_045512.2	15310	A	G	62	31	27	3	3	28	0.0405405	74	0.101928	FALSE	NA	NA	NA	NA	NA	NA
NC_045512.2	15310	A	C	62	31	27	3	3	27	0.0405405	74	0.101928	FALSE	NA	NA	NA	NA	NA	NA
NC_045512.2	15311	G	T	60	29	27	6	6	26	0.0810811	74	0.0101183	FALSE	NA	NA	NA	NA	NA	NA
NC_045512.2	15311	G	C	60	29	27	3	3	27	0.0405405	74	0.0968466	FALSE	NA	NA	NA	NA	NA	NA
NC_045512.2	15311	G	A	60	29	27	5	5	26	0.0675676	74	0.0213097	FALSE	NA	NA	NA	NA	NA	NA
NC_045512.2	15312	A	T	57	26	27	6	6	26	0.0833333	72	0.00946583	TRUE	NA	NA	NA	NA	NA	NA
NC_045512.2	15312	A	G	57	26	27	3	3	26	0.0416667	72	0.0934602	FALSE	NA	NA	NA	NA	NA	NA
NC_045512.2	15312	A	C	57	26	27	6	6	26	0.0833333	72	0.00946583	TRUE	NA	NA	NA	NA	NA	NA
NC_045512.2	15313	G	T	54	23	27	8	8	26	0.109589	73	0.00162267	TRUE	NA	NA	NA	NA	NA	NA
NC_045512.2	15313	G	C	54	23	27	5	5	26	0.0684932	73	0.0168224	FALSE	NA	NA	NA	NA	NA	NA
NC_045512.2	15313	G	A	54	23	27	6	6	26	0.0821918	73	0.00764654	TRUE	NA	NA	NA	NA	NA	NA
NC_045512.2	15314	C	T	52	20	26	7	7	25	0.1	70	0.00360906	TRUE	NA	NA	NA	NA	NA	NA
NC_045512.2	15314	C	G	52	20	26	4	4	27	0.0571429	70	0.0378986	FALSE	NA	NA	NA	NA	NA	NA
NC_045512.2	15314	C	A	52	20	26	7	7	28	0.1	70	0.00360906	TRUE	NA	NA	NA	NA	NA	NA
NC_045512.2	15315	C	T	60	29	24	8	8	25	0.103896	77	0.00196487	TRUE	NA	NA	NA	NA	NA	NA
NC_045512.2	15315	C	G	60	29	24	4	4	28	0.0519481	77	0.0414476	FALSE	NA	NA	NA	NA	NA	NA
NC_045512.2	15315	C	A	60	29	24	5	5	25	0.0649351	77	0.0191071	FALSE	NA	NA	NA	NA	NA	NA
NC_045512.2	15316	A	T	60	28	27	8	8	27	0.102564	78	0.00185647	TRUE	NA	NA	NA	NA	NA	NA
NC_045512.2	15316	A	G	60	28	27	6	6	24	0.0769231	78	0.00850813	TRUE	NA	NA	NA	NA	NA	NA
NC_045512.2	15316	A	C	60	28	27	4	4	27	0.0512821	78	0.0402718	FALSE	NA	NA	NA	NA	NA	NA
NC_045512.2	15317	T	G	57	26	26	6	6	28	0.0779221	77	0.00756661	TRUE	NA	NA	NA	NA	NA	NA
NC_045512.2	15317	T	C	57	26	26	3	2	24	0.038961	77	0.0834553	FALSE	NA	NA	NA	NA	NA	NA
NC_045512.2	15317	T	A	57	26	26	11	11	26	0.142857	77	0.000163979	TRUE	NA	NA	NA	NA	NA	NA
NC_045512.2	15317	T	-G	57	26	26	1	0	20	0.012987	77	0.432836	FALSE	NA	NA	NA	NA	NA	NA
NC_045512.2	15318	G	T	54	23	26	9	9	26	0.118421	76	0.000577604	TRUE	NA	NA	NA	NA	NA	NA
NC_045512.2	15318	G	C	54	23	26	3	3	28	0.0394737	76	0.0763359	FALSE	NA	NA	NA	NA	NA	NA
NC_045512.2	15318	G	A	54	23	26	10	10	26	0.131579	76	0.000264047	TRUE	NA	NA	NA	NA	NA	NA
NC_045512.2	15319	C	T	52	20	24	7	7	26	0.0886076	79	0.0022181	TRUE	NA	NA	NA	NA	NA	NA
NC_045512.2	15319	C	G	52	20	24	8	8	25	0.101266	79	0.000964389	TRUE	NA	NA	NA	NA	NA	NA
NC_045512.2	15319	C	A	52	20	24	12	12	27	0.151899	79	3.77437e-05	TRUE	NA	NA	NA	NA	NA	NA
NC_045512.2	15320	C	T	52	21	24	8	8	24	0.102564	78	0.00102374	TRUE	NA	NA	NA	NA	NA	NA
NC_045512.2	15320	C	G	52	21	24	6	6	26	0.0769231	78	0.00538821	TRUE	NA	NA	NA	NA	NA	NA
NC_045512.2	15320	C	A	52	21	24	12	12	27	0.153846	78	4.12277e-05	TRUE	NA	NA	NA	NA	NA	NA
NC_045512.2	15321	T	G	63	31	27	7	7	26	0.0897436	78	0.00470895	TRUE	NA	NA	NA	NA	NA	NA
NC_045512.2	15321	T	C	63	31	27	1	1	28	0.0128205	78	0.453901	FALSE	NA	NA	NA	NA	NA	NA
NC_045512.2	15321	T	A	63	31	27	7	7	26	0.0897436	78	0.00470895	TRUE	NA	NA	NA	NA	NA	NA
NC_045512.2	15322	A	T	62	30	26	4	4	24	0.0533333	75	0.0470149	FALSE	NA	NA	NA	NA	NA	NA
NC_045512.2	15322	A	G	62	30	26	6	6	25	0.08	75	0.0106982	FALSE	NA	NA	NA	NA	NA	NA
NC_045512.2	15322	A	C	62	30	26	3	3	23	0.04	75	0.0997285	FALSE	NA	NA	NA	NA	NA	NA
NC_045512.2	15323	A	T	54	26	25	9	9	26	0.118421	76	0.000617592	TRUE	NA	NA	NA	NA	NA	NA
NC_045512.2	15323	A	G	54	26	25	8	7	26	0.105263	76	0.00135282	TRUE	NA	NA	NA	NA	NA	NA
NC_045512.2	15323	A	C	54	26	25	5	5	26	0.0657895	76	0.0149955	FALSE	NA	NA	NA	NA	NA	NA
NC_045512.2	15324	C	T	58	26	26	9	9	23	0.111111	81	0.000621427	TRUE	NA	NA	NA	NA	NA	NA
NC_045512.2	15324	C	G	58	26	26	8	8	28	0.0987654	81	0.00136343	TRUE	NA	NA	NA	NA	NA	NA
NC_045512.2	15324	C	A	58	26	26	6	6	26	0.0740741	81	0.00672816	TRUE	NA	NA	NA	NA	NA	NA
NC_045512.2	15325	A	T	64	32	27	10	10	26	0.123457	81	0.000468299	TRUE	NA	NA	NA	NA	NA	NA
NC_045512.2	15325	A	G	64	32	27	4	4	26	0.0493827	81	0.0424367	FALSE	NA	NA	NA	NA	NA	NA
NC_045512.2	15325	A	C	64	32	27	3	3	29	0.037037	81	0.0923621	FALSE	NA	NA	NA	NA	NA	NA
NC_045512.2	15326	T	G	61	29	27	14	14	25	0.170732	82	1.76336e-05	TRUE	NA	NA	NA	NA	NA	NA
NC_045512.2	15326	T	C	61	29	27	2	2	27	0.0243902	82	0.189685	FALSE	NA	NA	NA	NA	NA	NA
NC_045512.2	15326	T	A	61	29	27	5	5	27	0.0609756	82	0.0167353	FALSE	NA	NA	NA	NA	NA	NA
NC_045512.2	15327	G	T	59	27	27	5	5	27	0.0617284	81	0.0158511	FALSE	NA	NA	NA	NA	NA	NA
NC_045512.2	15327	G	C	59	27	27	7	7	24	0.0864198	81	0.00321215	TRUE	NA	NA	NA	NA	NA	NA
NC_045512.2	15327	G	A	59	27	27	10	10	25	0.123457	81	0.000311504	TRUE	NA	NA	NA	NA	NA	NA
NC_045512.2	15328	C	T	68	29	27	4	4	27	0.0449438	89	0.0391259	FALSE	NA	NA	NA	NA	NA	NA
NC_045512.2	15328	C	G	68	29	27	6	6	26	0.0674157	89	0.0081036	TRUE	NA	NA	NA	NA	NA	NA
NC_045512.2	15328	C	A	68	29	27	11	11	26	0.123596	89	0.000179236	TRUE	NA	NA	NA	NA	NA	NA
NC_045512.2	15329	T	G	61	22	26	4	4	25	0.0454545	88	0.0316758	FALSE	NA	NA	NA	NA	NA	NA
NC_045512.2	15329	T	C	61	22	26	6	6	27	0.0681818	88	0.00594476	TRUE	NA	NA	NA	NA	NA	NA
NC_045512.2	15329	T	A	61	22	26	17	17	27	0.193182	88	1.0515e-06	TRUE	NA	NA	NA	NA	NA	NA
NC_045512.2	15330	T	G	62	26	25	3	3	27	0.0348837	86	0.0792309	FALSE	NA	NA	NA	NA	NA	NA
NC_045512.2	15330	T	C	62	26	25	10	10	26	0.116279	86	0.000286531	TRUE	NA	NA	NA	NA	NA	NA
NC_045512.2	15330	T	A	62	26	25	11	11	25	0.127907	86	0.000132385	TRUE	NA	NA	NA	NA	NA	NA
NC_045512.2	15331	A	T	72	33	26	7	7	27	0.0795455	88	0.00478143	TRUE	NA	NA	NA	NA	NA	NA
NC_045512.2	15331	A	G	72	33	26	4	4	28	0.0454545	88	0.0452669	FALSE	NA	NA	NA	NA	NA	NA
NC_045512.2	15331	A	C	72	33	26	5	5	24	0.0568182	88	0.0212534	FALSE	NA	NA	NA	NA	NA	NA
NC_045512.2	15332	G	T	66	27	27	4	4	28	0.0444444	90	0.0357645	FALSE	NA	NA	NA	NA	NA	NA
NC_045512.2	15332	G	C	66	27	27	9	9	26	0.1	90	0.000663998	TRUE	NA	NA	NA	NA	NA	NA
NC_045512.2	15332	G	A	66	27	27	11	11	26	0.122222	90	0.000141866	TRUE	NA	NA	NA	NA	NA	NA
NC_045512.2	15333	A	T	62	23	26	6	6	26	0.0722892	83	0.00765569	TRUE	NA	NA	NA	NA	NA	NA
NC_045512.2	15333	A	G	62	23	26	6	6	27	0.0722892	83	0.00765569	TRUE	NA	NA	NA	NA	NA	NA
NC_045512.2	15333	A	C	62	23	26	9	9	26	0.108434	83	0.000747614	TRUE	NA	NA	NA	NA	NA	NA
NC_045512.2	15334	A	T	65	28	24	10	10	28	0.121951	82	0.000473081	TRUE	NA	NA	NA	NA	NA	NA
NC_045512.2	15334	A	G	65	28	24	2	2	23	0.0243902	82	0.203254	FALSE	NA	NA	NA	NA	NA	NA
NC_045512.2	15334	A	C	65	28	24	5	5	27	0.0609756	82	0.0197807	FALSE	NA	NA	NA	NA	NA	NA
NC_045512.2	15335	T	G	60	21	26	10	10	27	0.123457	81	0.000339193	TRUE	NA	NA	NA	NA	NA	NA
NC_045512.2	15335	T	C	60	21	26	4	4	27	0.0493827	81	0.0369859	FALSE	NA	NA	NA	NA	NA	NA
NC_045512.2	15335	T	A	60	21	26	7	7	26	0.0864198	81	0.0034161	TRUE	NA	NA	NA	NA	NA	NA
NC_045512.2	15336	T	G	54	19	24	8	8	27	0.1	80	0.00106817	TRUE	NA	NA	NA	NA	NA	NA
NC_045512.2	15336	T	C	54	19	24	8	8	26	0.1	80	0.00106817	TRUE	NA	NA	NA	NA	NA	NA
NC_045512.2	15336	T	A	54	19	24	10	10	27	0.125	80	0.000212097	TRUE	NA	NA	NA	NA	NA	NA
NC_045512.2	15337	A	T	64	25	26	9	9	25	0.108434	83	0.000864333	TRUE	NA	NA	NA	NA	NA	NA
NC_045512.2	15337	A	G	64	25	26	4	4	26	0.0481928	83	0.0401961	FALSE	NA	NA	NA	NA	NA	NA
NC_045512.2	15337	A	C	64	25	26	6	6	27	0.0722892	83	0.00845884	TRUE	NA	NA	NA	NA	NA	NA
NC_045512.2	15338	T	G	67	28	26	3	3	26	0.0365854	82	0.0973199	FALSE	NA	NA	NA	NA	NA	NA
NC_045512.2	15338	T	C	67	28	26	5	5	26	0.0609756	82	0.0213923	FALSE	NA	NA	NA	NA	NA	NA
NC_045512.2	15338	T	A	67	28	26	7	7	27	0.0853659	82	0.00484127	TRUE	NA	NA	NA	NA	NA	NA
NC_045512.2	15339	G	T	59	20	26	7	7	26	0.0886076	79	0.00354505	TRUE	NA	NA	NA	NA	NA	NA
NC_045512.2	15339	G	C	59	20	26	4	4	24	0.0506329	79	0.0377548	FALSE	NA	NA	NA	NA	NA	NA
NC_045512.2	15339	G	A	59	20	26	9	9	26	0.113924	79	0.000762931	TRUE	NA	NA	NA	NA	NA	NA
NC_045512.2	15340	G	T	57	20	24	6	6	25	0.0731707	82	0.0060974	TRUE	NA	NA	NA	NA	NA	NA
NC_045512.2	15340	G	C	57	20	24	9	9	27	0.109756	82	0.000537952	TRUE	NA	NA	NA	NA	NA	NA
NC_045512.2	15340	G	A	57	20	24	10	10	26	0.121951	82	0.000243532	TRUE	NA	NA	NA	NA	NA	NA
NC_045512.2	15341	C	T	60	21	26	6	6	27	0.0740741	81	0.00749501	TRUE	NA	NA	NA	NA	NA	NA
NC_045512.2	15341	C	G	60	21	26	8	8	25	0.0987654	81	0.00156956	TRUE	NA	NA	NA	NA	NA	NA
NC_045512.2	15341	C	A	60	21	26	7	7	24	0.0864198	81	0.0034161	TRUE	NA	NA	NA	NA	NA	NA
NC_045512.2	15342	C	T	52	17	24	2	2	27	0.025641	78	0.168056	FALSE	NA	NA	NA	NA	NA	NA
NC_045512.2	15342	C	G	52	17	24	6	6	26	0.0769231	78	0.00538821	TRUE	NA	NA	NA	NA	NA	NA
NC_045512.2	15342	C	A	52	17	24	18	18	26	0.230769	78	4.27713e-07	TRUE	NA	NA	NA	NA	NA	NA
NC_045512.2	15343	T	G	67	28	27	3	3	25	0.0365854	82	0.0973199	FALSE	NA	NA	NA	NA	NA	NA
NC_045512.2	15343	T	C	67	28	27	2	2	26	0.0243902	82	0.209933	FALSE	NA	NA	NA	NA	NA	NA
NC_045512.2	15343	T	A	67	28	27	10	10	25	0.121951	82	0.00054909	TRUE	NA	NA	NA	NA	NA	NA
NC_045512.2	15344	C	T	56	17	27	9	9	26	0.109756	82	0.000494895	TRUE	NA	NA	NA	NA	NA	NA
NC_045512.2	15344	C	G	56	17	27	10	10	26	0.121951	82	0.000222198	TRUE	NA	NA	NA	NA	NA	NA
NC_045512.2	15344	C	A	56	17	27	7	7	26	0.0853659	82	0.00251849	TRUE	NA	NA	NA	NA	NA	NA
NC_045512.2	15345	A	T	60	21	27	7	7	27	0.0843373	83	0.00310163	TRUE	NA	NA	NA	NA	NA	NA
NC_045512.2	15345	A	G	60	21	27	5	5	27	0.060241	83	0.0154674	FALSE	NA	NA	NA	NA	NA	NA
NC_045512.2	15345	A	C	60	21	27	11	11	25	0.13253	83	0.00013731	TRUE	NA	NA	NA	NA	NA	NA
NC_045512.2	15346	C	T	57	18	27	12	12	26	0.15	80	6.04387e-05	TRUE	NA	NA	NA	NA	NA	NA
NC_045512.2	15346	C	G	57	18	27	6	6	26	0.075	80	0.00664115	TRUE	NA	NA	NA	NA	NA	NA
NC_045512.2	15346	C	A	57	18	27	5	5	24	0.0625	80	0.0149689	FALSE	NA	NA	NA	NA	NA	NA
NC_045512.2	15347	T	G	63	24	26	11	11	24	0.134146	82	0.000193362	TRUE	NA	NA	NA	NA	NA	NA
NC_045512.2	15347	T	C	63	24	26	1	1	23	0.0121951	82	0.441379	FALSE	NA	NA	NA	NA	NA	NA
NC_045512.2	15347	T	A	63	24	26	7	7	27	0.0853659	82	0.00388699	TRUE	NA	NA	NA	NA	NA	NA
NC_045512.2	15348	T	G	57	19	24	14	14	26	0.170732	82	1.10706e-05	TRUE	NA	NA	NA	NA	NA	NA
NC_045512.2	15348	T	C	57	19	24	3	3	27	0.0365854	82	0.0748289	FALSE	NA	NA	NA	NA	NA	NA
NC_045512.2	15348	T	A	57	19	24	8	8	25	0.097561	82	0.00119817	TRUE	NA	NA	NA	NA	NA	NA
NC_045512.2	15349	G	T	60	21	26	9	9	24	0.108434	83	0.000642509	TRUE	NA	NA	NA	NA	NA	NA
NC_045512.2	15349	G	C	60	21	26	7	7	24	0.0843373	83	0.00310163	TRUE	NA	NA	NA	NA	NA	NA
NC_045512.2	15349	G	A	60	21	26	7	7	26	0.0843373	83	0.00310163	TRUE	NA	NA	NA	NA	NA	NA
NC_045512.2	15350	T	G	57	18	26	5	5	26	0.0632911	79	0.0155193	FALSE	NA	NA	NA	NA	NA	NA
NC_045512.2	15350	T	C	57	18	26	8	8	26	0.101266	79	0.00142057	TRUE	NA	NA	NA	NA	NA	NA
NC_045512.2	15350	T	A	57	18	26	9	9	24	0.113924	79	0.000651093	TRUE	NA	NA	NA	NA	NA	NA
NC_045512.2	15351	T	G	55	23	24	7	7	25	0.0933333	75	0.00336975	TRUE	NA	NA	NA	NA	NA	NA
NC_045512.2	15351	T	C	55	23	24	1	1	28	0.0133333	75	0.430769	FALSE	NA	NA	NA	NA	NA	NA
NC_045512.2	15351	T	A	55	23	24	12	12	26	0.16	75	7.52816e-05	TRUE	NA	NA	NA	NA	NA	NA
NC_045512.2	15352	C	T	59	20	26	4	4	26	0.0493827	81	0.035665	FALSE	NA	NA	NA	NA	NA	NA
NC_045512.2	15352	C	G	59	20	26	4	4	28	0.0493827	81	0.035665	FALSE	NA	NA	NA	NA	NA	NA
NC_045512.2	15352	C	A	59	20	26	14	14	27	0.17284	81	1.5448e-05	TRUE	NA	NA	NA	NA	NA	NA
NC_045512.2	15352	C	-T	59	20	26	2	0	20	0.0246914	81	0.18541	FALSE	NA	NA	NA	NA	NA	NA
NC_045512.2	15353	T	G	62	25	25	6	6	27	0.075	80	0.00797467	TRUE	NA	NA	NA	NA	NA	NA
NC_045512.2	15353	T	C	62	25	25	7	7	27	0.0875	80	0.00366835	TRUE	NA	NA	NA	NA	NA	NA
NC_045512.2	15353	T	A	62	25	25	5	5	28	0.0625	80	0.0174739	FALSE	NA	NA	NA	NA	NA	NA
NC_045512.2	15354	T	G	55	24	24	3	3	25	0.04	75	0.0823573	FALSE	NA	NA	NA	NA	NA	NA
NC_045512.2	15354	T	C	55	24	24	7	7	26	0.0933333	75	0.00336975	TRUE	NA	NA	NA	NA	NA	NA
NC_045512.2	15354	T	A	55	24	24	10	10	26	0.133333	75	0.00033606	TRUE	NA	NA	NA	NA	NA	NA
NC_045512.2	15355	G	T	57	18	26	13	13	25	0.158537	82	2.37005e-05	TRUE	NA	NA	NA	NA	NA	NA
NC_045512.2	15355	G	C	57	18	26	8	8	26	0.097561	82	0.00119817	TRUE	NA	NA	NA	NA	NA	NA
NC_045512.2	15355	G	A	57	18	26	4	4	25	0.0487805	82	0.0321448	FALSE	NA	NA	NA	NA	NA	NA
NC_045512.2	15356	C	T	54	15	26	13	13	26	0.160494	81	1.82294e-05	TRUE	NA	NA	NA	NA	NA	NA
NC_045512.2	15356	C	G	54	15	26	4	4	24	0.0493827	81	0.0293347	FALSE	NA	NA	NA	NA	NA	NA
NC_045512.2	15356	C	A	54	15	26	10	10	25	0.123457	81	0.000197368	TRUE	NA	NA	NA	NA	NA	NA
NC_045512.2	15357	T	G	57	19	27	12	12	26	0.146341	82	5.11255e-05	TRUE	NA	NA	NA	NA	NA	NA
NC_045512.2	15357	T	C	57	19	27	3	2	25	0.0365854	82	0.0748289	FALSE	NA	NA	NA	NA	NA	NA
NC_045512.2	15357	T	A	57	19	27	10	10	27	0.121951	82	0.000243532	TRUE	NA	NA	NA	NA	NA	NA
NC_045512.2	15358	C	T	57	19	26	10	10	26	0.128205	78	0.000323135	TRUE	NA	NA	NA	NA	NA	NA
NC_045512.2	15358	C	G	57	19	26	8	8	27	0.102564	78	0.00150475	TRUE	NA	NA	NA	NA	NA	NA
NC_045512.2	15358	C	A	57	19	26	3	3	23	0.0384615	78	0.0816278	FALSE	NA	NA	NA	NA	NA	NA
NC_045512.2	15359	G	T	58	19	26	10	10	27	0.125	80	0.000306211	TRUE	NA	NA	NA	NA	NA	NA
NC_045512.2	15359	G	C	58	19	26	4	4	24	0.05	80	0.0353577	FALSE	NA	NA	NA	NA	NA	NA
NC_045512.2	15359	G	A	58	19	26	8	8	26	0.1	80	0.00144247	TRUE	NA	NA	NA	NA	NA	NA
NC_045512.2	15360	C	T	58	19	26	8	8	26	0.101266	79	0.0015267	TRUE	NA	NA	NA	NA	NA	NA
NC_045512.2	15360	C	G	58	19	26	7	7	26	0.0886076	79	0.00333099	TRUE	NA	NA	NA	NA	NA	NA
NC_045512.2	15360	C	A	58	19	26	6	6	26	0.0759494	79	0.00732817	TRUE	NA	NA	NA	NA	NA	NA
NC_045512.2	15360	C	-A	58	19	26	1	0	20	0.0126582	79	0.430657	FALSE	NA	NA	NA	NA	NA	NA
NC_045512.2	15361	A	T	44	5	26	4	4	25	0.0769231	52	0.0516898	FALSE	NA	NA	NA	NA	NA	NA
NC_045512.2	15361	A	C	44	5	26	4	4	27	0.0769231	52	0.0516898	FALSE	NA	NA	NA	NA	NA	NA
NC_045512.2	15362	A	T	55	16	27	4	4	27	0.0666667	60	0.0593088	FALSE	NA	NA	NA	NA	NA	NA
NC_045512.2	15362	A	C	55	16	27	1	1	26	0.0166667	60	0.486957	FALSE	NA	NA	NA	NA	NA	NA
NC_045512.2	15363	A	T	42	15	23	1	1	31	0.0204082	49	0.472527	FALSE	NA	NA	NA	NA	NA	NA
NC_045512.2	15363	A	G	42	15	23	3	3	28	0.0612245	49	0.109351	FALSE	NA	NA	NA	NA	NA	NA
NC_045512.2	15363	A	C	42	15	23	3	3	26	0.0612245	49	0.109351	FALSE	NA	NA	NA	NA	NA	NA
NC_045512.2	15364	C	T	57	18	26	2	2	21	0.0333333	60	0.247863	FALSE	NA	NA	NA	NA	NA	NA
NC_045512.2	15364	C	G	57	18	26	1	1	28	0.0166667	60	0.495726	FALSE	NA	NA	NA	NA	NA	NA
NC_045512.2	15365	A	T	53	14	27	7	7	26	0.114754	61	0.00649223	TRUE	NA	NA	NA	NA	NA	NA
NC_045512.2	15365	A	C	53	14	27	1	1	28	0.0163934	61	0.473684	FALSE	NA	NA	NA	NA	NA	NA
NC_045512.2	15366	T	G	55	16	26	3	3	26	0.0491803	61	0.115602	FALSE	NA	NA	NA	NA	NA	NA
NC_045512.2	15366	T	C	55	16	26	3	3	28	0.0491803	61	0.115602	FALSE	NA	NA	NA	NA	NA	NA
NC_045512.2	15367	A	T	53	14	27	3	3	22	0.0491803	61	0.109366	FALSE	NA	NA	NA	NA	NA	NA
NC_045512.2	15367	A	G	53	14	27	4	4	28	0.0655738	61	0.0532811	FALSE	NA	NA	NA	NA	NA	NA
NC_045512.2	15367	A	C	53	14	27	1	1	28	0.0163934	61	0.473684	FALSE	NA	NA	NA	NA	NA	NA
NC_045512.2	15368	C	T	56	17	26	4	4	26	0.0645161	62	0.0573998	FALSE	NA	NA	NA	NA	NA	NA
NC_045512.2	15368	C	G	56	17	26	2	2	23	0.0322581	62	0.235437	FALSE	NA	NA	NA	NA	NA	NA
NC_045512.2	15368	C	+A	56	17	26	1	0	20	0.016129	62	0.483051	FALSE	NA	NA	NA	NA	NA	NA
NC_045512.2	15369	A	T	57	18	25	1	1	28	0.016129	62	0.487395	FALSE	NA	NA	NA	NA	NA	NA
NC_045512.2	15369	A	C	57	18	25	4	4	27	0.0645161	62	0.0594138	FALSE	NA	NA	NA	NA	NA	NA
NC_045512.2	15370	A	T	45	17	24	4	4	24	0.08	50	0.0586544	FALSE	NA	NA	NA	NA	NA	NA
NC_045512.2	15370	A	C	45	17	24	1	1	29	0.02	50	0.484211	FALSE	NA	NA	NA	NA	NA	NA
NC_045512.2	15371	C	T	53	14	26	4	4	28	0.0645161	62	0.0514749	FALSE	NA	NA	NA	NA	NA	NA
NC_045512.2	15371	C	A	53	14	26	5	5	26	0.0806452	62	0.0250886	FALSE	NA	NA	NA	NA	NA	NA
NC_045512.2	15371	C	-G	53	14	26	1	0	20	0.016129	62	0.469565	FALSE	NA	NA	NA	NA	NA	NA
NC_045512.2	15372	G	T	55	18	26	1	1	29	0.0163934	61	0.478632	FALSE	NA	NA	NA	NA	NA	NA
NC_045512.2	15372	G	C	55	18	26	3	3	26	0.0491803	61	0.112688	FALSE	NA	NA	NA	NA	NA	NA
NC_045512.2	15372	G	A	55	18	26	2	1	25	0.0327869	61	0.231204	FALSE	NA	NA	NA	NA	NA	NA
NC_045512.2	15373	T	G	52	14	26	1	1	29	0.016129	62	0.464912	FALSE	NA	NA	NA	NA	NA	NA
NC_045512.2	15373	T	C	52	14	26	5	4	26	0.0806452	62	0.0239313	FALSE	NA	NA	NA	NA	NA	NA
NC_045512.2	15373	T	A	52	14	26	4	4	25	0.0645161	62	0.049542	FALSE	NA	NA	NA	NA	NA	NA
NC_045512.2	15374	G	T	67	17	26	6	6	26	0.08	75	0.0134693	FALSE	NA	NA	NA	NA	NA	NA
NC_045512.2	15374	G	C	67	17	26	1	1	29	0.0133333	75	0.478873	FALSE	NA	NA	NA	NA	NA	NA
NC_045512.2	15374	G	A	67	17	26	1	1	27	0.0133333	75	0.478873	FALSE	NA	NA	NA	NA	NA	NA
NC_045512.2	15375	T	C	68	18	26	4	4	26	0.0533333	75	0.0566394	FALSE	NA	NA	NA	NA	NA	NA
NC_045512.2	15375	T	A	68	18	26	3	3	26	0.04	75	0.114852	FALSE	NA	NA	NA	NA	NA	NA
NC_045512.2	15376	T	G	62	15	24	3	3	26	0.0416667	72	0.106526	FALSE	NA	NA	NA	NA	NA	NA
NC_045512.2	15376	T	C	62	15	24	6	6	27	0.0833333	72	0.012189	FALSE	NA	NA	NA	NA	NA	NA
NC_045512.2	15376	T	A	62	15	24	1	1	29	0.0138889	72	0.470149	FALSE	NA	NA	NA	NA	NA	NA
NC_045512.2	15377	G	C	68	18	26	4	4	25	0.0526316	76	0.0550982	FALSE	NA	NA	NA	NA	NA	NA
NC_045512.2	15377	G	A	68	18	26	4	4	25	0.0526316	76	0.0550982	FALSE	NA	NA	NA	NA	NA	NA
NC_045512.2	15378	T	C	67	17	26	1	1	23	0.0136986	73	0.485714	FALSE	NA	NA	NA	NA	NA	NA
NC_045512.2	15378	T	A	67	17	26	5	5	25	0.0684932	73	0.0290879	FALSE	NA	NA	NA	NA	NA	NA
NC_045512.2	15379	A	T	70	20	26	2	2	22	0.0263158	76	0.238188	FALSE	NA	NA	NA	NA	NA	NA
NC_045512.2	15379	A	G	70	20	26	1	1	28	0.0131579	76	0.486301	FALSE	NA	NA	NA	NA	NA	NA
NC_045512.2	15379	A	C	70	20	26	3	3	29	0.0394737	76	0.117485	FALSE	NA	NA	NA	NA	NA	NA
NC_045512.2	15380	G	C	70	20	27	2	2	25	0.025641	78	0.231816	FALSE	NA	NA	NA	NA	NA	NA
NC_045512.2	15380	G	A	70	20	27	6	6	24	0.0769231	78	0.0135509	FALSE	NA	NA	NA	NA	NA	NA
NC_045512.2	15381	C	T	70	20	27	3	3	30	0.0384615	78	0.112817	FALSE	NA	NA	NA	NA	NA	NA
NC_045512.2	15381	C	G	70	20	27	3	3	26	0.0384615	78	0.112817	FALSE	NA	NA	NA	NA	NA	NA
NC_045512.2	15381	C	A	70	20	27	2	2	28	0.025641	78	0.231816	FALSE	NA	NA	NA	NA	NA	NA
NC_045512.2	15382	T	G	68	18	26	3	3	28	0.0384615	78	0.107963	FALSE	NA	NA	NA	NA	NA	NA
NC_045512.2	15382	T	C	68	18	26	2	2	26	0.025641	78	0.225049	FALSE	NA	NA	NA	NA	NA	NA
NC_045512.2	15382	T	A	68	18	26	5	5	25	0.0641026	78	0.0253893	FALSE	NA	NA	NA	NA	NA	NA
NC_045512.2	15383	T	G	62	22	24	3	3	25	0.0441176	68	0.116586	FALSE	NA	NA	NA	NA	NA	NA
NC_045512.2	15383	T	A	62	22	24	3	3	25	0.0441176	68	0.116586	FALSE	NA	NA	NA	NA	NA	NA
NC_045512.2	15384	G	T	67	17	26	5	5	26	0.0649351	77	0.0253154	FALSE	NA	NA	NA	NA	NA	NA
NC_045512.2	15384	G	C	67	17	26	1	1	22	0.012987	77	0.472222	FALSE	NA	NA	NA	NA	NA	NA
NC_045512.2	15384	G	A	67	17	26	4	4	28	0.0519481	77	0.0520372	FALSE	NA	NA	NA	NA	NA	NA
NC_045512.2	15385	T	G	68	17	26	4	4	27	0.05	80	0.0494335	FALSE	NA	NA	NA	NA	NA	NA
NC_045512.2	15385	T	C	68	17	26	6	6	27	0.075	80	0.0114826	FALSE	NA	NA	NA	NA	NA	NA
NC_045512.2	15385	T	A	68	17	26	2	2	27	0.025	80	0.219028	FALSE	NA	NA	NA	NA	NA	NA
NC_045512.2	15386	C	T	181	69	27	3	3	27	0.015544	193	0.29567	FALSE	NA	NA	NA	NA	NA	NA
NC_045512.2	15386	C	G	181	69	27	3	3	27	0.015544	193	0.29567	FALSE	NA	NA	NA	NA	NA	NA
NC_045512.2	15386	C	A	181	69	27	6	6	24	0.0310881	193	0.0566063	FALSE	NA	NA	NA	NA	NA	NA
NC_045512.2	15387	A	T	187	76	27	5	5	25	0.025641	195	0.105147	FALSE	NA	NA	NA	NA	NA	NA
NC_045512.2	15387	A	G	187	76	27	2	1	26	0.0102564	195	0.490184	FALSE	NA	NA	NA	NA	NA	NA
NC_045512.2	15387	A	C	187	76	27	1	1	22	0.00512821	195	0.742741	FALSE	NA	NA	NA	NA	NA	NA
NC_045512.2	15388	C	T	185	72	27	2	2	24	0.0101523	197	0.482333	FALSE	NA	NA	NA	NA	NA	NA
NC_045512.2	15388	C	G	185	72	27	8	8	25	0.0406091	197	0.017433	FALSE	NA	NA	NA	NA	NA	NA
NC_045512.2	15388	C	A	185	72	27	2	2	27	0.0101523	197	0.482333	FALSE	NA	NA	NA	NA	NA	NA
NC_045512.2	15389	A	T	180	70	26	2	2	27	0.0103093	194	0.477947	FALSE	NA	NA	NA	NA	NA	NA
NC_045512.2	15389	A	G	180	70	26	5	4	27	0.0257732	194	0.0979522	FALSE	NA	NA	NA	NA	NA	NA
NC_045512.2	15389	A	C	180	70	26	7	7	24	0.0360825	194	0.0304808	FALSE	NA	NA	NA	NA	NA	NA
NC_045512.2	15390	C	T	174	63	25	7	7	25	0.0378378	185	0.0319434	FALSE	NA	NA	NA	NA	NA	NA
NC_045512.2	15390	C	G	174	63	25	3	3	27	0.0162162	185	0.297015	FALSE	NA	NA	NA	NA	NA	NA
NC_045512.2	15390	C	A	174	63	25	1	1	28	0.00540541	185	0.738006	FALSE	NA	NA	NA	NA	NA	NA
NC_045512.2	15391	C	T	141	68	24	9	9	25	0.0573248	157	0.00825263	TRUE	NA	NA	NA	NA	NA	NA
NC_045512.2	15391	C	G	141	68	24	6	6	27	0.0382166	157	0.0513106	FALSE	NA	NA	NA	NA	NA	NA
NC_045512.2	15391	C	A	141	68	24	1	1	28	0.00636943	157	0.726798	FALSE	NA	NA	NA	NA	NA	NA
NC_045512.2	15392	G	T	177	73	25	5	5	25	0.026738	187	0.10247	FALSE	NA	NA	NA	NA	NA	NA
NC_045512.2	15392	G	C	177	73	25	2	2	24	0.0106952	187	0.485579	FALSE	NA	NA	NA	NA	NA	NA
NC_045512.2	15392	G	A	177	73	25	3	3	24	0.0160428	187	0.299242	FALSE	NA	NA	NA	NA	NA	NA
NC_045512.2	15392	G	-T	177	73	25	6	0	20	0.0320856	187	0.058129	FALSE	NA	NA	NA	NA	NA	NA
NC_045512.2	15393	T	G	167	68	24	3	3	25	0.0172414	174	0.292277	FALSE	NA	NA	NA	NA	NA	NA
NC_045512.2	15393	T	C	167	68	24	1	1	24	0.00574713	174	0.73462	FALSE	NA	NA	NA	NA	NA	NA
NC_045512.2	15393	T	A	167	68	24	3	3	25	0.0172414	174	0.292277	FALSE	NA	NA	NA	NA	NA	NA
NC_045512.2	15394	T	G	176	72	26	4	4	26	0.0212766	188	0.174094	FALSE	NA	NA	NA	NA	NA	NA
NC_045512.2	15394	T	C	176	72	26	7	7	25	0.037234	188	0.0314364	FALSE	NA	NA	NA	NA	NA	NA
NC_045512.2	15394	T	A	176	72	26	1	1	24	0.00531915	188	0.736763	FALSE	NA	NA	NA	NA	NA	NA
NC_045512.2	15395	T	G	116	71	25	2	2	26	0.015748	127	0.475317	FALSE	NA	NA	NA	NA	NA	NA
NC_045512.2	15395	T	C	116	71	25	2	2	25	0.015748	127	0.475317	FALSE	NA	NA	NA	NA	NA	NA
NC_045512.2	15395	T	A	116	71	25	7	7	26	0.0551181	127	0.0305037	FALSE	NA	NA	NA	NA	NA	NA
NC_045512.2	15396	C	T	173	71	26	7	7	27	0.037234	188	0.0297926	FALSE	NA	NA	NA	NA	NA	NA
NC_045512.2	15396	C	G	173	71	26	3	3	26	0.0159574	188	0.289025	FALSE	NA	NA	NA	NA	NA	NA
NC_045512.2	15396	C	A	173	71	26	5	5	27	0.0265957	188	0.0963704	FALSE	NA	NA	NA	NA	NA	NA
NC_045512.2	15397	T	G	172	70	26	9	9	27	0.0466321	193	0.0077208	TRUE	NA	NA	NA	NA	NA	NA
NC_045512.2	15397	T	C	172	70	26	6	5	25	0.0310881	193	0.049388	FALSE	NA	NA	NA	NA	NA	NA
NC_045512.2	15397	T	A	172	70	26	6	6	27	0.0310881	193	0.049388	FALSE	NA	NA	NA	NA	NA	NA
NC_045512.2	15398	A	T	176	76	27	4	4	26	0.0205128	195	0.163307	FALSE	NA	NA	NA	NA	NA	NA
NC_045512.2	15398	A	G	176	76	27	6	3	26	0.0307692	195	0.0510712	FALSE	NA	NA	NA	NA	NA	NA
NC_045512.2	15398	A	C	176	76	27	9	9	25	0.0461538	195	0.00812521	TRUE	NA	NA	NA	NA	NA	NA
NC_045512.2	15399	T	G	181	78	27	1	1	27	0.00492611	203	0.855461	FALSE	NA	NA	NA	NA	NA	NA
NC_045512.2	15399	T	C	181	78	27	18	18	26	0.08867	203	0.000128771	TRUE	NA	NA	NA	NA	NA	NA
NC_045512.2	15399	T	A	181	78	27	3	3	26	0.0147783	203	0.456118	FALSE	NA	NA	NA	NA	NA	NA
NC_045512.2	15400	A	T	184	82	27	8	8	27	0.0390244	205	0.0428106	FALSE	NA	NA	NA	NA	NA	NA
NC_045512.2	15400	A	G	184	82	27	7	7	25	0.0341463	205	0.0723575	FALSE	NA	NA	NA	NA	NA	NA
NC_045512.2	15400	A	C	184	82	27	6	6	27	0.0292683	205	0.120004	FALSE	NA	NA	NA	NA	NA	NA
NC_045512.2	15401	G	T	177	75	27	2	2	23	0.00980392	204	0.639813	FALSE	NA	NA	NA	NA	NA	NA
NC_045512.2	15401	G	C	177	75	27	13	13	26	0.0637255	204	0.0021434	TRUE	NA	NA	NA	NA	NA	NA
NC_045512.2	15401	G	A	177	75	27	12	12	27	0.0588235	204	0.00387878	TRUE	NA	NA	NA	NA	NA	NA
NC_045512.2	15402	A	T	183	80	27	8	8	25	0.0384615	208	0.039991	FALSE	NA	NA	NA	NA	NA	NA
NC_045512.2	15402	A	G	183	80	27	7	7	25	0.0336538	208	0.068258	FALSE	NA	NA	NA	NA	NA	NA
NC_045512.2	15402	A	C	183	80	27	10	10	27	0.0480769	208	0.0131539	FALSE	NA	NA	NA	NA	NA	NA
NC_045512.2	15403	T	G	177	74	26	6	6	28	0.0292683	205	0.109349	FALSE	NA	NA	NA	NA	NA	NA
NC_045512.2	15403	T	C	177	74	26	14	14	23	0.0682927	205	0.00114063	TRUE	NA	NA	NA	NA	NA	NA
NC_045512.2	15403	T	A	177	74	26	8	8	26	0.0390244	205	0.0376001	FALSE	NA	NA	NA	NA	NA	NA
NC_045512.2	15404	T	G	167	74	25	1	1	28	0.00505051	198	0.709378	FALSE	NA	NA	NA	NA	NA	NA
NC_045512.2	15404	T	C	167	74	25	23	22	26	0.116162	198	5.12435e-07	TRUE	NA	NA	NA	NA	NA	NA
NC_045512.2	15404	T	A	167	74	25	7	7	25	0.0353535	198	0.0223909	FALSE	NA	NA	NA	NA	NA	NA
NC_045512.2	15405	A	T	173	71	27	11	11	26	0.0528846	208	0.00565112	TRUE	NA	NA	NA	NA	NA	NA
NC_045512.2	15405	A	G	173	71	27	10	10	26	0.0480769	208	0.0102881	FALSE	NA	NA	NA	NA	NA	NA
NC_045512.2	15405	A	C	173	71	27	14	14	27	0.0673077	208	0.000896695	TRUE	NA	NA	NA	NA	NA	NA
NC_045512.2	15406	G	T	178	77	27	14	14	25	0.0676329	207	0.00110845	TRUE	NA	NA	NA	NA	NA	NA
NC_045512.2	15406	G	C	178	77	27	3	3	24	0.0144928	207	0.439293	FALSE	NA	NA	NA	NA	NA	NA
NC_045512.2	15406	G	A	178	77	27	12	11	26	0.057971	207	0.00368562	TRUE	NA	NA	NA	NA	NA	NA
NC_045512.2	15407	C	T	182	80	27	23	22	26	0.107981	213	3.87097e-06	TRUE	NA	NA	NA	NA	NA	NA
NC_045512.2	15407	C	G	182	80	27	2	2	27	0.00938967	213	0.633488	FALSE	NA	NA	NA	NA	NA	NA
NC_045512.2	15407	C	A	182	80	27	6	6	27	0.028169	213	0.106312	FALSE	NA	NA	NA	NA	NA	NA
NC_045512.2	15408	T	G	197	94	27	4	4	26	0.0184332	217	0.309374	FALSE	NA	NA	NA	NA	NA	NA
NC_045512.2	15408	T	C	197	94	27	10	10	25	0.0460829	217	0.0149326	FALSE	NA	NA	NA	NA	NA	NA
NC_045512.2	15408	T	A	197	94	27	6	6	27	0.0276498	217	0.122805	FALSE	NA	NA	NA	NA	NA	NA
NC_045512.2	15409	A	T	179	78	26	9	9	26	0.0416667	216	0.0181746	FALSE	NA	NA	NA	NA	NA	NA
NC_045512.2	15409	A	G	179	78	26	12	11	27	0.0555556	216	0.00299008	TRUE	NA	NA	NA	NA	NA	NA
NC_045512.2	15409	A	C	179	78	26	16	16	26	0.0740741	216	0.000245654	TRUE	NA	NA	NA	NA	NA	NA
NC_045512.2	15410	A	T	171	75	25	19	19	26	0.0896226	212	2.89378e-05	TRUE	NA	NA	NA	NA	NA	NA
NC_045512.2	15410	A	G	171	75	25	5	5	26	0.0235849	212	0.157019	FALSE	NA	NA	NA	NA	NA	NA
NC_045512.2	15410	A	C	171	75	25	17	17	27	0.0801887	212	0.000106199	TRUE	NA	NA	NA	NA	NA	NA
NC_045512.2	15411	T	G	189	87	27	2	2	28	0.00904977	221	0.633577	FALSE	NA	NA	NA	NA	NA	NA
NC_045512.2	15411	T	C	189	87	27	6	6	24	0.0271493	221	0.106268	FALSE	NA	NA	NA	NA	NA	NA
NC_045512.2	15411	T	A	189	87	27	24	24	26	0.108597	221	2.01832e-06	TRUE	NA	NA	NA	NA	NA	NA
NC_045512.2	15412	G	T	177	75	27	20	20	27	0.0909091	220	1.43642e-05	TRUE	NA	NA	NA	NA	NA	NA
NC_045512.2	15412	G	C	177	75	27	11	11	25	0.05	220	0.00473064	TRUE	NA	NA	NA	NA	NA	NA
NC_045512.2	15412	G	A	177	75	27	12	12	26	0.0545455	220	0.00253069	TRUE	NA	NA	NA	NA	NA	NA
NC_045512.2	15413	A	T	193	91	27	11	11	27	0.0497738	221	0.00707803	TRUE	NA	NA	NA	NA	NA	NA
NC_045512.2	15413	A	G	193	91	27	3	3	25	0.0135747	221	0.445773	FALSE	NA	NA	NA	NA	NA	NA
NC_045512.2	15413	A	C	193	91	27	14	14	26	0.0633484	221	0.00119636	TRUE	NA	NA	NA	NA	NA	NA
NC_045512.2	15414	G	T	189	87	27	10	10	24	0.0458716	218	0.0122463	FALSE	NA	NA	NA	NA	NA	NA
NC_045512.2	15414	G	C	189	87	27	7	7	26	0.0321101	218	0.0651443	FALSE	NA	NA	NA	NA	NA	NA
NC_045512.2	15414	G	A	189	87	27	12	12	27	0.0550459	218	0.00380227	TRUE	NA	NA	NA	NA	NA	NA
NC_045512.2	15415	T	G	186	84	27	6	6	28	0.0272727	220	0.103343	FALSE	NA	NA	NA	NA	NA	NA
NC_045512.2	15415	T	C	186	84	27	12	12	24	0.0545455	220	0.00331723	TRUE	NA	NA	NA	NA	NA	NA
NC_045512.2	15415	T	A	186	84	27	16	16	27	0.0727273	220	0.000282317	TRUE	NA	NA	NA	NA	NA	NA
NC_045512.2	15416	G	T	177	76	27	25	25	25	0.113122	221	5.03186e-07	TRUE	NA	NA	NA	NA	NA	NA
NC_045512.2	15416	G	C	177	76	27	6	6	27	0.0271493	221	0.0901563	FALSE	NA	NA	NA	NA	NA	NA
NC_045512.2	15416	G	A	177	76	27	13	13	27	0.0588235	221	0.00130666	TRUE	NA	NA	NA	NA	NA	NA
NC_045512.2	15417	T	G	199	98	27	9	9	26	0.04	225	0.0232955	FALSE	NA	NA	NA	NA	NA	NA
NC_045512.2	15417	T	C	199	98	27	9	9	25	0.04	225	0.0232955	FALSE	NA	NA	NA	NA	NA	NA
NC_045512.2	15417	T	A	199	98	27	8	8	25	0.0355556	225	0.04035	FALSE	NA	NA	NA	NA	NA	NA
NC_045512.2	15418	G	T	175	74	27	18	18	26	0.079646	226	3.79007e-05	TRUE	NA	NA	NA	NA	NA	NA
NC_045512.2	15418	G	C	175	74	27	13	13	27	0.0575221	226	0.00105688	TRUE	NA	NA	NA	NA	NA	NA
NC_045512.2	15418	G	A	175	74	27	20	20	27	0.0884956	226	9.82891e-06	TRUE	NA	NA	NA	NA	NA	NA
NC_045512.2	15419	C	T	178	77	27	22	22	26	0.0956522	230	2.48779e-06	TRUE	NA	NA	NA	NA	NA	NA
NC_045512.2	15419	C	G	178	77	27	16	16	27	0.0695652	230	0.000143251	TRUE	NA	NA	NA	NA	NA	NA
NC_045512.2	15419	C	A	178	77	27	14	14	27	0.0608696	230	0.000542167	TRUE	NA	NA	NA	NA	NA	NA
NC_045512.2	15420	T	G	186	85	27	12	12	26	0.0519481	231	0.00251158	TRUE	NA	NA	NA	NA	NA	NA
NC_045512.2	15420	T	C	186	85	27	17	17	26	0.0735931	231	0.0001006	TRUE	NA	NA	NA	NA	NA	NA
NC_045512.2	15420	T	A	186	85	27	16	16	26	0.0692641	231	0.000193003	TRUE	NA	NA	NA	NA	NA	NA
NC_045512.2	15421	C	T	185	84	27	27	27	27	0.116379	232	1.20212e-07	TRUE	NA	NA	NA	NA	NA	NA
NC_045512.2	15421	C	G	185	84	27	5	5	28	0.0215517	232	0.152606	FALSE	NA	NA	NA	NA	NA	NA
NC_045512.2	15421	C	A	185	84	27	15	15	27	0.0646552	232	0.000344173	TRUE	NA	NA	NA	NA	NA	NA
NC_045512.2	15422	A	T	195	94	26	17	17	26	0.0745614	228	0.000162535	TRUE	NA	NA	NA	NA	NA	NA
NC_045512.2	15422	A	G	195	94	26	9	9	27	0.0394737	228	0.0204241	FALSE	NA	NA	NA	NA	NA	NA
NC_045512.2	15422	A	C	195	94	26	7	7	26	0.0307018	228	0.0623609	FALSE	NA	NA	NA	NA	NA	NA
NC_045512.2	15423	A	T	186	94	25	10	10	26	0.044843	223	0.0102898	FALSE	NA	NA	NA	NA	NA	NA
NC_045512.2	15423	A	G	186	94	25	19	19	26	0.0852018	223	3.77694e-05	TRUE	NA	NA	NA	NA	NA	NA
NC_045512.2	15423	A	C	186	94	25	8	8	26	0.0358744	223	0.0330674	FALSE	NA	NA	NA	NA	NA	NA
NC_045512.2	15424	G	T	181	80	27	23	23	26	0.0995671	231	1.43851e-06	TRUE	NA	NA	NA	NA	NA	NA
NC_045512.2	15424	G	C	181	80	27	5	5	26	0.021645	231	0.147151	FALSE	NA	NA	NA	NA	NA	NA
NC_045512.2	15424	G	A	181	80	27	22	22	27	0.0952381	231	2.82356e-06	TRUE	NA	NA	NA	NA	NA	NA
NC_045512.2	15425	T	G	199	98	27	21	21	27	0.0901288	233	1.2823e-05	TRUE	NA	NA	NA	NA	NA	NA
NC_045512.2	15425	T	C	199	98	27	8	8	26	0.0343348	233	0.0357101	FALSE	NA	NA	NA	NA	NA	NA
NC_045512.2	15425	T	A	199	98	27	5	5	27	0.0214592	233	0.175358	FALSE	NA	NA	NA	NA	NA	NA
NC_045512.2	15426	A	T	188	87	27	25	25	27	0.106838	234	4.95222e-07	TRUE	NA	NA	NA	NA	NA	NA
NC_045512.2	15426	A	G	188	87	27	13	13	26	0.0555556	234	0.00131019	TRUE	NA	NA	NA	NA	NA	NA
NC_045512.2	15426	A	C	188	87	27	8	8	26	0.034188	234	0.0288254	FALSE	NA	NA	NA	NA	NA	NA
NC_045512.2	15427	T	G	187	86	25	17	17	28	0.0708333	240	7.58831e-05	TRUE	NA	NA	NA	NA	NA	NA
NC_045512.2	15427	T	C	187	86	25	12	12	26	0.05	240	0.00207037	TRUE	NA	NA	NA	NA	NA	NA
NC_045512.2	15427	T	A	187	86	25	24	24	26	0.1	240	6.64783e-07	TRUE	NA	NA	NA	NA	NA	NA
NC_045512.2	15428	T	G	192	102	25	18	18	26	0.0772532	233	6.32592e-05	TRUE	NA	NA	NA	NA	NA	NA
NC_045512.2	15428	T	C	192	102	25	14	14	27	0.0600858	233	0.000814585	TRUE	NA	NA	NA	NA	NA	NA
NC_045512.2	15428	T	A	192	102	25	9	9	26	0.0386266	233	0.0175779	FALSE	NA	NA	NA	NA	NA	NA
NC_045512.2	15429	G	T	191	90	27	20	20	27	0.0806452	248	8.80493e-06	TRUE	NA	NA	NA	NA	NA	NA
NC_045512.2	15429	G	C	191	90	27	21	21	27	0.0846774	248	4.43924e-06	TRUE	NA	NA	NA	NA	NA	NA
NC_045512.2	15429	G	A	191	90	27	16	16	27	0.0645161	248	0.000133764	TRUE	NA	NA	NA	NA	NA	NA
NC_045512.2	15430	A	T	193	92	27	23	23	27	0.0931174	247	1.3239e-06	TRUE	NA	NA	NA	NA	NA	NA
NC_045512.2	15430	A	G	193	92	27	17	17	27	0.0688259	247	7.66565e-05	TRUE	NA	NA	NA	NA	NA	NA
NC_045512.2	15430	A	C	193	92	27	14	14	26	0.0566802	247	0.000564739	TRUE	NA	NA	NA	NA	NA	NA
NC_045512.2	15431	G	T	188	87	27	14	14	27	0.0566802	247	0.000473703	TRUE	NA	NA	NA	NA	NA	NA
NC_045512.2	15431	G	C	188	87	27	23	23	25	0.0931174	247	9.89808e-07	TRUE	NA	NA	NA	NA	NA	NA
NC_045512.2	15431	G	A	188	87	27	22	22	26	0.0890688	247	1.97776e-06	TRUE	NA	NA	NA	NA	NA	NA
NC_045512.2	15432	T	G	182	82	27	19	19	27	0.0763052	249	1.07092e-05	TRUE	NA	NA	NA	NA	NA	NA
NC_045512.2	15432	T	C	182	82	27	29	29	26	0.116466	249	8.66784e-09	TRUE	NA	NA	NA	NA	NA	NA
NC_045512.2	15432	T	A	182	82	27	19	18	26	0.0763052	249	1.07092e-05	TRUE	NA	NA	NA	NA	NA	NA
NC_045512.2	15433	G	T	183	84	26	30	30	26	0.121951	246	5.58771e-09	TRUE	NA	NA	NA	NA	NA	NA
NC_045512.2	15433	G	C	183	84	26	17	17	24	0.0691057	246	5.12557e-05	TRUE	NA	NA	NA	NA	NA	NA
NC_045512.2	15433	G	A	183	84	26	16	16	26	0.0650407	246	0.000102536	TRUE	NA	NA	NA	NA	NA	NA
NC_045512.2	15433	G	-A	183	84	26	1	0	20	0.00406504	246	0.814718	FALSE	NA	NA	NA	NA	NA	NA
NC_045512.2	15434	A	T	160	63	25	25	25	26	0.111607	224	1.18575e-07	TRUE	NA	NA	NA	NA	NA	NA
NC_045512.2	15434	A	G	160	63	25	13	13	26	0.0580357	224	0.000619946	TRUE	NA	NA	NA	NA	NA	NA
NC_045512.2	15434	A	C	160	63	25	26	26	26	0.116071	224	5.78127e-08	TRUE	NA	NA	NA	NA	NA	NA
NC_045512.2	15435	A	T	199	101	26	23	23	26	0.0912698	252	1.46501e-06	TRUE	NA	NA	NA	NA	NA	NA
NC_045512.2	15435	A	G	199	101	26	16	16	26	0.0634921	252	0.000161008	TRUE	NA	NA	NA	NA	NA	NA
NC_045512.2	15435	A	C	199	101	26	14	14	27	0.0555556	252	0.00060211	TRUE	NA	NA	NA	NA	NA	NA
NC_045512.2	15436	A	T	159	91	24	35	35	25	0.152174	230	5.52145e-11	TRUE	NA	NA	NA	NA	NA	NA
NC_045512.2	15436	A	G	159	91	24	13	13	27	0.0565217	230	0.000512777	TRUE	NA	NA	NA	NA	NA	NA
NC_045512.2	15436	A	C	159	91	24	23	23	26	0.1	230	3.53931e-07	TRUE	NA	NA	NA	NA	NA	NA
NC_045512.2	15437	T	G	197	100	26	21	21	27	0.0801527	262	3.35265e-06	TRUE	NA	NA	NA	NA	NA	NA
NC_045512.2	15437	T	C	197	100	26	17	17	27	0.0648855	262	5.44424e-05	TRUE	NA	NA	NA	NA	NA	NA
NC_045512.2	15437	T	A	197	100	26	27	27	27	0.103053	262	4.96153e-08	TRUE	NA	NA	NA	NA	NA	NA
NC_045512.2	15437	T	-G	197	100	26	2	0	20	0.00763359	262	0.580819	FALSE	NA	NA	NA	NA	NA	NA
NC_045512.2	15438	G	T	184	89	25	31	31	27	0.119691	259	1.12688e-09	TRUE	NA	NA	NA	NA	NA	NA
NC_045512.2	15438	G	C	184	89	25	25	25	26	0.0965251	259	9.1476e-08	TRUE	NA	NA	NA	NA	NA	NA
NC_045512.2	15438	G	A	184	89	25	19	19	26	0.0733591	259	7.39534e-06	TRUE	NA	NA	NA	NA	NA	NA
NC_045512.2	15439	G	T	162	82	25	34	34	26	0.137097	248	3.79888e-11	TRUE	NA	NA	NA	NA	NA	NA
NC_045512.2	15439	G	C	162	82	25	22	22	26	0.0887097	248	3.65939e-07	TRUE	NA	NA	NA	NA	NA	NA
NC_045512.2	15439	G	A	162	82	25	30	30	27	0.120968	248	7.97934e-10	TRUE	NA	NA	NA	NA	NA	NA
NC_045512.2	15440	T	G	201	106	26	18	18	26	0.0669145	269	2.54118e-05	TRUE	NA	NA	NA	NA	NA	NA
NC_045512.2	15440	T	C	201	106	26	19	17	26	0.070632	269	1.26124e-05	TRUE	NA	NA	NA	NA	NA	NA
NC_045512.2	15440	T	A	201	106	26	31	31	26	0.115242	269	2.62642e-09	TRUE	NA	NA	NA	NA	NA	NA
NC_045512.2	15441	C	T	189	92	27	34	34	26	0.126866	268	1.21408e-10	TRUE	NA	NA	NA	NA	NA	NA
NC_045512.2	15441	C	G	189	92	27	19	19	26	0.0708955	268	7.30685e-06	TRUE	NA	NA	NA	NA	NA	NA
NC_045512.2	15441	C	A	189	92	27	26	26	26	0.0970149	268	4.2948e-08	TRUE	NA	NA	NA	NA	NA	NA
NC_045512.2	15442	A	T	187	90	27	33	33	27	0.123134	268	2.1188e-10	TRUE	NA	NA	NA	NA	NA	NA
NC_045512.2	15442	A	G	187	90	27	34	34	27	0.126866	268	1.01479e-10	TRUE	NA	NA	NA	NA	NA	NA
NC_045512.2	15442	A	C	187	90	27	14	14	26	0.0522388	268	0.000253131	TRUE	NA	NA	NA	NA	NA	NA
NC_045512.2	15443	T	G	202	105	27	20	20	28	0.0738007	271	6.07291e-06	TRUE	NA	NA	NA	NA	NA	NA
NC_045512.2	15443	T	C	202	105	27	17	17	26	0.0627306	271	4.98871e-05	TRUE	NA	NA	NA	NA	NA	NA
NC_045512.2	15443	T	A	202	105	27	32	32	27	0.118081	271	1.23508e-09	TRUE	NA	NA	NA	NA	NA	NA
NC_045512.2	15444	G	T	195	98	27	36	36	26	0.134831	267	5.25944e-11	TRUE	NA	NA	NA	NA	NA	NA
NC_045512.2	15444	G	C	195	98	27	7	7	28	0.0262172	267	0.0377067	FALSE	NA	NA	NA	NA	NA	NA
NC_045512.2	15444	G	A	195	98	27	29	29	27	0.108614	267	7.87213e-09	TRUE	NA	NA	NA	NA	NA	NA
NC_045512.2	15445	T	G	213	117	27	21	21	27	0.0777778	270	5.36897e-06	TRUE	NA	NA	NA	NA	NA	NA
NC_045512.2	15445	T	C	213	117	27	10	10	27	0.037037	270	0.00774303	TRUE	NA	NA	NA	NA	NA	NA
NC_045512.2	15445	T	A	213	117	27	26	26	26	0.0962963	270	1.78421e-07	TRUE	NA	NA	NA	NA	NA	NA
NC_045512.2	15446	G	T	196	100	27	36	36	26	0.133829	269	4.98253e-11	TRUE	NA	NA	NA	NA	NA	NA
NC_045512.2	15446	G	C	196	100	27	14	14	28	0.0520446	269	0.000342158	TRUE	NA	NA	NA	NA	NA	NA
NC_045512.2	15446	G	A	196	100	27	23	23	27	0.0855019	269	5.65673e-07	TRUE	NA	NA	NA	NA	NA	NA
NC_045512.2	15447	T	G	199	103	27	27	27	27	0.1	270	3.69412e-08	TRUE	NA	NA	NA	NA	NA	NA
NC_045512.2	15447	T	C	199	103	27	21	21	26	0.0777778	270	2.67415e-06	TRUE	NA	NA	NA	NA	NA	NA
NC_045512.2	15447	T	A	199	103	27	23	23	25	0.0851852	270	6.43023e-07	TRUE	NA	NA	NA	NA	NA	NA
NC_045512.2	15447	T	-G	199	103	27	1	0	20	0.0037037	270	0.812214	FALSE	NA	NA	NA	NA	NA	NA
NC_045512.2	15448	G	T	180	85	26	33	33	26	0.120879	273	7.50281e-11	TRUE	NA	NA	NA	NA	NA	NA
NC_045512.2	15448	G	C	180	85	26	13	13	27	0.047619	273	0.000345698	TRUE	NA	NA	NA	NA	NA	NA
NC_045512.2	15448	G	A	180	85	26	47	47	26	0.172161	273	1.84961e-15	TRUE	NA	NA	NA	NA	NA	NA
NC_045512.2	15449	G	T	184	96	25	38	38	26	0.141264	269	3.68424e-12	TRUE	NA	NA	NA	NA	NA	NA
NC_045512.2	15449	G	C	184	96	25	13	13	26	0.0483271	269	0.000455031	TRUE	NA	NA	NA	NA	NA	NA
NC_045512.2	15449	G	A	184	96	25	34	34	26	0.126394	269	7.19755e-11	TRUE	NA	NA	NA	NA	NA	NA
NC_045512.2	15450	C	T	186	90	27	33	33	27	0.118705	278	9.96126e-11	TRUE	NA	NA	NA	NA	NA	NA
NC_045512.2	15450	C	G	186	90	27	23	23	26	0.0827338	278	2.03865e-07	TRUE	NA	NA	NA	NA	NA	NA
NC_045512.2	15450	C	A	186	90	27	36	36	26	0.129496	278	1.02528e-11	TRUE	NA	NA	NA	NA	NA	NA
NC_045512.2	15451	G	T	33	33	26	33	33	27	0.121771	271	6.47002e-25	TRUE	NA	NA	NA	NA	NA	NA
NC_045512.2	15451	G	C	33	33	26	12	12	26	0.0442804	271	1.31347e-09	TRUE	NA	NA	NA	NA	NA	NA
NC_045512.2	15451	G	A	33	33	26	193	98	27	0.712177	271	2.10214e-99	TRUE	NA	NA	NA	NA	NA	NA
NC_045512.2	15452	G	T	195	102	27	30	30	26	0.107527	279	1.88601e-09	TRUE	NA	NA	NA	NA	NA	NA
NC_045512.2	15452	G	C	195	102	27	15	15	26	0.0537634	279	0.000122568	TRUE	NA	NA	NA	NA	NA	NA
NC_045512.2	15452	G	A	195	102	27	39	37	25	0.139785	279	2.46622e-12	TRUE	NA	NA	NA	NA	NA	NA
NC_045512.2	15453	T	G	201	107	25	27	27	27	0.0960854	281	2.37391e-08	TRUE	NA	NA	NA	NA	NA	NA
NC_045512.2	15453	T	C	201	107	25	15	14	27	0.0533808	281	0.000145643	TRUE	NA	NA	NA	NA	NA	NA
NC_045512.2	15453	T	A	201	107	25	38	38	26	0.135231	281	7.81957e-12	TRUE	NA	NA	NA	NA	NA	NA
NC_045512.2	15454	T	G	185	111	25	23	23	27	0.0877863	262	4.0266e-07	TRUE	NA	NA	NA	NA	NA	NA
NC_045512.2	15454	T	C	185	111	25	23	23	26	0.0877863	262	4.0266e-07	TRUE	NA	NA	NA	NA	NA	NA
NC_045512.2	15454	T	A	185	111	25	31	31	27	0.118321	262	1.14866e-09	TRUE	NA	NA	NA	NA	NA	NA
NC_045512.2	15455	C	T	180	86	27	31	30	26	0.109541	283	1.97971e-10	TRUE	NA	NA	NA	NA	NA	NA
NC_045512.2	15455	C	G	180	86	27	33	33	27	0.116608	283	4.11007e-11	TRUE	NA	NA	NA	NA	NA	NA
NC_045512.2	15455	C	A	180	86	27	39	39	27	0.137809	283	3.77909e-13	TRUE	NA	NA	NA	NA	NA	NA
NC_045512.2	15456	A	T	196	101	27	43	43	27	0.151408	284	9.71879e-14	TRUE	NA	NA	NA	NA	NA	NA
NC_045512.2	15456	A	G	196	101	27	32	32	27	0.112676	284	3.41092e-10	TRUE	NA	NA	NA	NA	NA	NA
NC_045512.2	15456	A	C	196	101	27	13	13	26	0.0457746	284	0.00047507	TRUE	NA	NA	NA	NA	NA	NA
NC_045512.2	15457	C	T	181	87	27	36	36	27	0.126761	284	4.03985e-12	TRUE	NA	NA	NA	NA	NA	NA
NC_045512.2	15457	C	G	181	87	27	38	38	27	0.133803	284	8.49362e-13	TRUE	NA	NA	NA	NA	NA	NA
NC_045512.2	15457	C	A	181	87	27	29	29	26	0.102113	284	9.8192e-10	TRUE	NA	NA	NA	NA	NA	NA
NC_045512.2	15458	T	G	212	118	27	26	26	27	0.0909091	286	7.70336e-08	TRUE	NA	NA	NA	NA	NA	NA
NC_045512.2	15458	T	C	212	118	27	25	25	26	0.0874126	286	1.57521e-07	TRUE	NA	NA	NA	NA	NA	NA
NC_045512.2	15458	T	A	212	118	27	23	23	26	0.0804196	286	6.57762e-07	TRUE	NA	NA	NA	NA	NA	NA
NC_045512.2	15459	A	T	202	109	27	36	36	27	0.118033	305	5.70994e-11	TRUE	NA	NA	NA	NA	NA	NA
NC_045512.2	15459	A	G	202	109	27	31	31	27	0.101639	305	2.36537e-09	TRUE	NA	NA	NA	NA	NA	NA
NC_045512.2	15459	A	C	202	109	27	36	36	27	0.118033	305	5.70994e-11	TRUE	NA	NA	NA	NA	NA	NA
NC_045512.2	15460	T	G	201	107	27	37	37	27	0.119355	310	1.77399e-11	TRUE	NA	NA	NA	NA	NA	NA
NC_045512.2	15460	T	C	201	107	27	26	26	27	0.083871	310	7.23904e-08	TRUE	NA	NA	NA	NA	NA	NA
NC_045512.2	15460	T	A	201	107	27	46	46	27	0.148387	310	2.03261e-14	TRUE	NA	NA	NA	NA	NA	NA
NC_045512.2	15461	A	T	194	100	27	43	43	27	0.133127	323	3.27605e-14	TRUE	NA	NA	NA	NA	NA	NA
NC_045512.2	15461	A	G	194	100	27	31	31	26	0.0959752	323	4.58315e-10	TRUE	NA	NA	NA	NA	NA	NA
NC_045512.2	15461	A	C	194	100	27	55	55	27	0.170279	323	2.67857e-18	TRUE	NA	NA	NA	NA	NA	NA
NC_045512.2	15462	T	G	199	105	27	47	47	26	0.142424	330	1.44053e-15	TRUE	NA	NA	NA	NA	NA	NA
NC_045512.2	15462	T	C	199	105	27	26	26	27	0.0787879	330	2.54915e-08	TRUE	NA	NA	NA	NA	NA	NA
NC_045512.2	15462	T	A	199	105	27	58	58	26	0.175758	330	2.68226e-19	TRUE	NA	NA	NA	NA	NA	NA
NC_045512.2	15463	G	T	198	104	27	30	30	27	0.0923077	325	1.26347e-09	TRUE	NA	NA	NA	NA	NA	NA
NC_045512.2	15463	G	C	198	104	27	61	61	25	0.187692	325	3.87508e-20	TRUE	NA	NA	NA	NA	NA	NA
NC_045512.2	15463	G	A	198	104	27	36	36	27	0.110769	325	1.0977e-11	TRUE	NA	NA	NA	NA	NA	NA
NC_045512.2	15464	T	G	188	96	25	38	36	27	0.116923	325	8.08538e-13	TRUE	NA	NA	NA	NA	NA	NA
NC_045512.2	15464	T	C	188	96	25	47	47	26	0.144615	325	5.52296e-16	TRUE	NA	NA	NA	NA	NA	NA
NC_045512.2	15464	T	A	188	96	25	52	52	27	0.16	325	1.00337e-17	TRUE	NA	NA	NA	NA	NA	NA
NC_045512.2	15465	T	G	189	116	25	54	54	27	0.177632	304	1.86471e-17	TRUE	NA	NA	NA	NA	NA	NA
NC_045512.2	15465	T	C	189	116	25	34	34	25	0.111842	304	8.53414e-11	TRUE	NA	NA	NA	NA	NA	NA
NC_045512.2	15465	T	A	189	116	25	27	27	25	0.0888158	304	1.94021e-08	TRUE	NA	NA	NA	NA	NA	NA
NC_045512.2	15465	T	-A	189	116	25	1	0	20	0.00328947	304	0.858405	FALSE	NA	NA	NA	NA	NA	NA
NC_045512.2	15466	A	T	185	92	25	54	54	25	0.174194	310	5.21243e-18	TRUE	NA	NA	NA	NA	NA	NA
NC_045512.2	15466	A	G	185	92	25	40	40	27	0.129032	310	3.15824e-13	TRUE	NA	NA	NA	NA	NA	NA
NC_045512.2	15466	A	C	185	92	25	31	31	26	0.1	310	4.14061e-10	TRUE	NA	NA	NA	NA	NA	NA
NC_045512.2	15466	A	+T	185	92	25	1	0	20	0.00321543	311	0.848522	FALSE	NA	NA	NA	NA	NA	NA
NC_045512.2	15467	A	T	190	99	28	81	81	26	0.249231	325	2.51133e-27	TRUE	NA	NA	NA	NA	NA	NA
NC_045512.2	15467	A	G	190	99	28	38	38	27	0.116923	325	9.98979e-13	TRUE	NA	NA	NA	NA	NA	NA
NC_045512.2	15467	A	C	190	99	28	16	16	27	0.0492308	325	5.04098e-05	TRUE	NA	NA	NA	NA	NA	NA
NC_045512.2	15468	A	T	164	94	25	84	84	26	0.27541	305	1.73068e-29	TRUE	NA	NA	NA	NA	NA	NA
NC_045512.2	15468	A	G	164	94	25	34	33	27	0.111475	305	6.3081e-12	TRUE	NA	NA	NA	NA	NA	NA
NC_045512.2	15468	A	C	164	94	25	23	23	27	0.0754098	305	7.1314e-08	TRUE	NA	NA	NA	NA	NA	NA
NC_045512.2	15469	C	T	195	108	25	65	65	27	0.205047	317	2.86409e-21	TRUE	NA	NA	NA	NA	NA	NA
NC_045512.2	15469	C	G	195	108	25	24	24	26	0.0757098	317	1.66171e-07	TRUE	NA	NA	NA	NA	NA	NA
NC_045512.2	15469	C	A	195	108	25	33	33	27	0.104101	317	1.44512e-10	TRUE	NA	NA	NA	NA	NA	NA
NC_045512.2	15470	C	T	178	99	25	76	76	26	0.24127	315	3.95436e-26	TRUE	NA	NA	NA	NA	NA	NA
NC_045512.2	15470	C	G	178	99	25	28	28	26	0.0888889	315	2.0826e-09	TRUE	NA	NA	NA	NA	NA	NA
NC_045512.2	15470	C	A	178	99	25	33	33	26	0.104762	315	3.34147e-11	TRUE	NA	NA	NA	NA	NA	NA
NC_045512.2	15471	A	T	193	108	26	56	56	27	0.17284	324	9.65296e-19	TRUE	NA	NA	NA	NA	NA	NA
NC_045512.2	15471	A	G	193	108	26	34	34	27	0.104938	324	3.59363e-11	TRUE	NA	NA	NA	NA	NA	NA
NC_045512.2	15471	A	C	193	108	26	41	41	27	0.126543	324	1.33039e-13	TRUE	NA	NA	NA	NA	NA	NA
NC_045512.2	15471	A	-G	193	108	26	1	0	20	0.00308642	324	0.848713	FALSE	NA	NA	NA	NA	NA	NA
NC_045512.2	15472	G	T	172	87	25	74	74	26	0.231975	319	3.08934e-26	TRUE	NA	NA	NA	NA	NA	NA
NC_045512.2	15472	G	C	172	87	25	28	28	27	0.0877743	319	1.00379e-09	TRUE	NA	NA	NA	NA	NA	NA
NC_045512.2	15472	G	A	172	87	25	45	45	27	0.141066	319	5.59389e-16	TRUE	NA	NA	NA	NA	NA	NA
NC_045512.2	15473	G	T	171	100	25	51	51	26	0.166124	307	1.03257e-17	TRUE	NA	NA	NA	NA	NA	NA
NC_045512.2	15473	G	C	171	100	25	11	11	26	0.0358306	307	0.00176479	TRUE	NA	NA	NA	NA	NA	NA
NC_045512.2	15473	G	A	171	100	25	74	74	27	0.241042	307	1.32709e-25	TRUE	NA	NA	NA	NA	NA	NA
NC_045512.2	15474	T	G	201	117	26	57	57	26	0.177019	322	1.71278e-18	TRUE	NA	NA	NA	NA	NA	NA
NC_045512.2	15474	T	C	201	117	26	14	14	26	0.0434783	322	0.000384864	TRUE	NA	NA	NA	NA	NA	NA
NC_045512.2	15474	T	A	201	117	26	50	50	26	0.15528	322	3.53453e-16	TRUE	NA	NA	NA	NA	NA	NA
NC_045512.2	15474	T	-G	201	117	26	2	0	20	0.00621118	322	0.641877	FALSE	NA	NA	NA	NA	NA	NA
NC_045512.2	15475	G	T	173	91	25	54	54	26	0.173633	311	7.55093e-19	TRUE	NA	NA	NA	NA	NA	NA
NC_045512.2	15475	G	C	173	91	25	14	14	26	0.0450161	311	0.000162931	TRUE	NA	NA	NA	NA	NA	NA
NC_045512.2	15475	G	A	173	91	25	70	70	27	0.22508	311	2.24804e-24	TRUE	NA	NA	NA	NA	NA	NA
NC_045512.2	15476	G	T	190	118	26	62	62	26	0.200647	309	3.06195e-20	TRUE	NA	NA	NA	NA	NA	NA
NC_045512.2	15476	G	C	190	118	26	13	13	27	0.0420712	309	0.000730323	TRUE	NA	NA	NA	NA	NA	NA
NC_045512.2	15476	G	A	190	118	26	44	44	27	0.142395	309	2.83848e-14	TRUE	NA	NA	NA	NA	NA	NA
NC_045512.2	15477	A	T	202	120	25	64	64	26	0.205128	312	3.18653e-20	TRUE	NA	NA	NA	NA	NA	NA
NC_045512.2	15477	A	G	202	120	25	30	30	28	0.0961538	312	3.4253e-09	TRUE	NA	NA	NA	NA	NA	NA
NC_045512.2	15477	A	C	202	120	25	16	16	26	0.0512821	312	0.00011965	TRUE	NA	NA	NA	NA	NA	NA
NC_045512.2	15478	A	T	211	130	25	77	77	26	0.23913	322	3.45601e-24	TRUE	NA	NA	NA	NA	NA	NA
NC_045512.2	15478	A	G	211	130	25	20	20	26	0.0621118	322	7.02934e-06	TRUE	NA	NA	NA	NA	NA	NA
NC_045512.2	15478	A	C	211	130	25	14	14	27	0.0434783	322	0.000542631	TRUE	NA	NA	NA	NA	NA	NA
NC_045512.2	15479	C	T	167	85	25	60	60	27	0.190476	315	1.48134e-21	TRUE	NA	NA	NA	NA	NA	NA
NC_045512.2	15479	C	G	167	85	25	51	51	27	0.161905	315	2.53222e-18	TRUE	NA	NA	NA	NA	NA	NA
NC_045512.2	15479	C	A	167	85	25	37	37	26	0.11746	315	3.49401e-13	TRUE	NA	NA	NA	NA	NA	NA
NC_045512.2	15480	C	T	187	107	25	39	39	27	0.121495	321	4.2572e-13	TRUE	NA	NA	NA	NA	NA	NA
NC_045512.2	15480	C	G	187	107	25	40	40	26	0.124611	321	1.89714e-13	TRUE	NA	NA	NA	NA	NA	NA
NC_045512.2	15480	C	A	187	107	25	55	55	27	0.17134	321	1.17965e-18	TRUE	NA	NA	NA	NA	NA	NA
NC_045512.2	15481	T	G	197	115	27	55	55	27	0.169231	325	3.36567e-18	TRUE	NA	NA	NA	NA	NA	NA
NC_045512.2	15481	T	C	197	115	27	28	28	27	0.0861538	325	5.70124e-09	TRUE	NA	NA	NA	NA	NA	NA
NC_045512.2	15481	T	A	197	115	27	45	45	27	0.138462	325	8.19313e-15	TRUE	NA	NA	NA	NA	NA	NA
NC_045512.2	15482	C	T	196	114	27	46	46	26	0.140673	327	2.81883e-15	TRUE	NA	NA	NA	NA	NA	NA
NC_045512.2	15482	C	G	196	114	27	33	33	27	0.100917	327	8.79369e-11	TRUE	NA	NA	NA	NA	NA	NA
NC_045512.2	15482	C	A	196	114	27	52	52	25	0.159021	327	2.51078e-17	TRUE	NA	NA	NA	NA	NA	NA
NC_045512.2	15483	A	T	210	128	27	54	54	26	0.165644	326	3.7008e-17	TRUE	NA	NA	NA	NA	NA	NA
NC_045512.2	15483	A	G	210	128	27	26	26	26	0.0797546	326	6.32062e-08	TRUE	NA	NA	NA	NA	NA	NA
NC_045512.2	15483	A	C	210	128	27	36	36	26	0.110429	326	3.07046e-11	TRUE	NA	NA	NA	NA	NA	NA
NC_045512.2	15484	T	G	210	129	27	35	35	26	0.107034	327	6.20611e-11	TRUE	NA	NA	NA	NA	NA	NA
NC_045512.2	15484	T	C	210	129	27	18	17	27	0.0550459	327	2.51826e-05	TRUE	NA	NA	NA	NA	NA	NA
NC_045512.2	15484	T	A	210	129	27	64	64	26	0.195719	327	1.97895e-20	TRUE	NA	NA	NA	NA	NA	NA
NC_045512.2	15485	C	T	168	86	27	45	45	26	0.138037	326	1.76432e-16	TRUE	NA	NA	NA	NA	NA	NA
NC_045512.2	15485	C	G	168	86	27	52	52	27	0.159509	326	4.39203e-19	TRUE	NA	NA	NA	NA	NA	NA
NC_045512.2	15485	C	A	168	86	27	61	61	26	0.187117	326	2.22761e-22	TRUE	NA	NA	NA	NA	NA	NA
NC_045512.2	15486	A	T	209	127	27	54	54	26	0.163636	330	2.25162e-17	TRUE	NA	NA	NA	NA	NA	NA
NC_045512.2	15486	A	G	209	127	27	48	48	26	0.145455	330	2.16163e-15	TRUE	NA	NA	NA	NA	NA	NA
NC_045512.2	15486	A	C	209	127	27	19	19	26	0.0575758	330	1.03936e-05	TRUE	NA	NA	NA	NA	NA	NA
NC_045512.2	15486	A	-G	209	127	27	8	0	20	0.0242424	330	0.0268524	FALSE	NA	NA	NA	NA	NA	NA
NC_045512.2	15487	G	T	207	130	26	61	61	27	0.190625	320	1.0689e-19	TRUE	NA	NA	NA	NA	NA	NA
NC_045512.2	15487	G	C	207	130	26	23	23	26	0.071875	320	4.78962e-07	TRUE	NA	NA	NA	NA	NA	NA
NC_045512.2	15487	G	A	207	130	26	29	29	27	0.090625	320	4.69885e-09	TRUE	NA	NA	NA	NA	NA	NA
NC_045512.2	15488	G	T	206	127	25	57	57	27	0.174847	326	2.29821e-18	TRUE	NA	NA	NA	NA	NA	NA
NC_045512.2	15488	G	C	206	127	25	20	20	27	0.0613497	326	4.80428e-06	TRUE	NA	NA	NA	NA	NA	NA
NC_045512.2	15488	G	A	206	127	25	43	43	26	0.131902	326	9.77383e-14	TRUE	NA	NA	NA	NA	NA	NA
NC_045512.2	15489	A	T	181	100	27	51	51	27	0.152695	334	3.59526e-18	TRUE	NA	NA	NA	NA	NA	NA
NC_045512.2	15489	A	G	181	100	27	83	83	27	0.248503	334	2.20292e-29	TRUE	NA	NA	NA	NA	NA	NA
NC_045512.2	15489	A	C	181	100	27	19	19	27	0.0568862	334	2.11812e-06	TRUE	NA	NA	NA	NA	NA	NA
NC_045512.2	15490	G	T	203	122	27	73	73	27	0.218563	334	3.50503e-24	TRUE	NA	NA	NA	NA	NA	NA
NC_045512.2	15490	G	C	203	122	27	23	23	26	0.0688623	334	2.99948e-07	TRUE	NA	NA	NA	NA	NA	NA
NC_045512.2	15490	G	A	203	122	27	35	35	26	0.10479	334	2.20979e-11	TRUE	NA	NA	NA	NA	NA	NA
NC_045512.2	15490	G	-A	203	122	27	1	0	20	0.00299401	334	0.853145	FALSE	NA	NA	NA	NA	NA	NA
NC_045512.2	15491	A	T	193	113	27	44	44	27	0.13253	332	6.06839e-15	TRUE	NA	NA	NA	NA	NA	NA
NC_045512.2	15491	A	G	193	113	27	58	58	27	0.174699	332	8.11556e-20	TRUE	NA	NA	NA	NA	NA	NA
NC_045512.2	15491	A	C	193	113	27	37	37	26	0.111446	332	1.80453e-12	TRUE	NA	NA	NA	NA	NA	NA
NC_045512.2	15492	T	G	200	121	27	45	45	27	0.133531	337	4.54246e-15	TRUE	NA	NA	NA	NA	NA	NA
NC_045512.2	15492	T	C	200	121	27	54	53	26	0.160237	337	3.57297e-18	TRUE	NA	NA	NA	NA	NA	NA
NC_045512.2	15492	T	A	200	121	27	38	38	27	0.11276	337	1.25042e-12	TRUE	NA	NA	NA	NA	NA	NA
NC_045512.2	15493	G	T	194	114	27	64	64	26	0.191617	334	7.58497e-22	TRUE	NA	NA	NA	NA	NA	NA
NC_045512.2	15493	G	C	194	114	27	44	44	27	0.131737	334	6.32612e-15	TRUE	NA	NA	NA	NA	NA	NA
NC_045512.2	15493	G	A	194	114	27	32	32	26	0.0958084	334	1.11165e-10	TRUE	NA	NA	NA	NA	NA	NA
NC_045512.2	15494	C	T	202	122	26	52	52	26	0.155224	335	2.69794e-17	TRUE	NA	NA	NA	NA	NA	NA
NC_045512.2	15494	C	G	202	122	26	39	39	27	0.116418	335	7.82816e-13	TRUE	NA	NA	NA	NA	NA	NA
NC_045512.2	15494	C	A	202	122	26	42	42	26	0.125373	335	7.20422e-14	TRUE	NA	NA	NA	NA	NA	NA
NC_045512.2	15494	C	-C	202	122	26	1	0	20	0.00298507	335	0.851364	FALSE	NA	NA	NA	NA	NA	NA
NC_045512.2	15495	C	T	177	102	25	67	67	27	0.203647	329	5.47682e-24	TRUE	NA	NA	NA	NA	NA	NA
NC_045512.2	15495	C	G	177	102	25	37	37	26	0.112462	329	3.96433e-13	TRUE	NA	NA	NA	NA	NA	NA
NC_045512.2	15495	C	A	177	102	25	48	48	25	0.145897	329	3.53777e-17	TRUE	NA	NA	NA	NA	NA	NA
NC_045512.2	15496	A	T	207	127	27	46	46	27	0.136905	336	4.98419e-15	TRUE	NA	NA	NA	NA	NA	NA
NC_045512.2	15496	A	G	207	127	27	39	39	26	0.116071	336	1.20169e-12	TRUE	NA	NA	NA	NA	NA	NA
NC_045512.2	15496	A	C	207	127	27	44	44	27	0.130952	336	2.37901e-14	TRUE	NA	NA	NA	NA	NA	NA
NC_045512.2	15497	C	T	174	94	26	49	49	26	0.145401	337	5.25932e-18	TRUE	NA	NA	NA	NA	NA	NA
NC_045512.2	15497	C	G	174	94	26	54	54	26	0.160237	337	7.30117e-20	TRUE	NA	NA	NA	NA	NA	NA
NC_045512.2	15497	C	A	174	94	26	60	60	26	0.178042	337	4.55258e-22	TRUE	NA	NA	NA	NA	NA	NA
NC_045512.2	15498	A	T	183	104	25	62	62	27	0.19195	323	1.99637e-21	TRUE	NA	NA	NA	NA	NA	NA
NC_045512.2	15498	A	G	183	104	25	47	46	26	0.145511	323	3.39615e-16	TRUE	NA	NA	NA	NA	NA	NA
NC_045512.2	15498	A	C	183	104	25	31	31	26	0.0959752	323	1.75187e-10	TRUE	NA	NA	NA	NA	NA	NA
NC_045512.2	15499	A	T	217	147	25	40	40	26	0.122324	327	2.63209e-12	TRUE	NA	NA	NA	NA	NA	NA
NC_045512.2	15499	A	G	217	147	25	48	48	26	0.146789	327	6.78614e-15	TRUE	NA	NA	NA	NA	NA	NA
NC_045512.2	15499	A	C	217	147	25	22	22	27	0.0672783	327	1.82109e-06	TRUE	NA	NA	NA	NA	NA	NA
NC_045512.2	15500	C	T	179	99	26	71	71	26	0.210682	337	1.3341e-25	TRUE	NA	NA	NA	NA	NA	NA
NC_045512.2	15500	C	G	179	99	26	35	35	26	0.103858	337	1.74368e-12	TRUE	NA	NA	NA	NA	NA	NA
NC_045512.2	15500	C	A	179	99	26	52	52	27	0.154303	337	8.74203e-19	TRUE	NA	NA	NA	NA	NA	NA
NC_045512.2	15501	T	G	218	139	27	47	47	26	0.138235	340	5.72655e-15	TRUE	NA	NA	NA	NA	NA	NA
NC_045512.2	15501	T	C	218	139	27	26	25	26	0.0764706	340	5.70851e-08	TRUE	NA	NA	NA	NA	NA	NA
NC_045512.2	15501	T	A	218	139	27	49	49	26	0.144118	340	1.24878e-15	TRUE	NA	NA	NA	NA	NA	NA
NC_045512.2	15502	G	T	203	123	27	46	46	26	0.134503	342	1.96727e-15	TRUE	NA	NA	NA	NA	NA	NA
NC_045512.2	15502	G	C	203	123	27	30	30	26	0.0877193	342	7.81872e-10	TRUE	NA	NA	NA	NA	NA	NA
NC_045512.2	15502	G	A	203	123	27	63	63	27	0.184211	342	2.91548e-21	TRUE	NA	NA	NA	NA	NA	NA
NC_045512.2	15503	C	T	177	97	27	62	62	26	0.179191	346	5.441e-23	TRUE	NA	NA	NA	NA	NA	NA
NC_045512.2	15503	C	G	177	97	27	52	52	26	0.150289	346	2.79052e-19	TRUE	NA	NA	NA	NA	NA	NA
NC_045512.2	15503	C	A	177	97	27	55	55	27	0.15896	346	2.11359e-20	TRUE	NA	NA	NA	NA	NA	NA
NC_045512.2	15504	T	G	204	124	26	71	71	27	0.206395	344	5.64337e-24	TRUE	NA	NA	NA	NA	NA	NA
NC_045512.2	15504	T	C	204	124	26	23	23	26	0.0668605	344	2.16875e-07	TRUE	NA	NA	NA	NA	NA	NA
NC_045512.2	15504	T	A	204	124	26	46	46	26	0.133721	344	1.89336e-15	TRUE	NA	NA	NA	NA	NA	NA
NC_045512.2	15505	T	G	222	143	26	43	43	27	0.125731	342	1.5706e-13	TRUE	NA	NA	NA	NA	NA	NA
NC_045512.2	15505	T	C	222	143	26	29	29	26	0.0847953	342	6.83366e-09	TRUE	NA	NA	NA	NA	NA	NA
NC_045512.2	15505	T	A	222	143	26	48	48	27	0.140351	342	3.5395e-15	TRUE	NA	NA	NA	NA	NA	NA
NC_045512.2	15506	A	T	192	112	27	57	57	27	0.167155	341	6.97591e-20	TRUE	NA	NA	NA	NA	NA	NA
NC_045512.2	15506	A	G	192	112	27	72	72	27	0.211144	341	4.41342e-25	TRUE	NA	NA	NA	NA	NA	NA
NC_045512.2	15506	A	C	192	112	27	20	20	26	0.058651	341	1.36961e-06	TRUE	NA	NA	NA	NA	NA	NA
NC_045512.2	15506	A	-T	192	112	27	1	0	20	0.00293255	341	0.835481	FALSE	NA	NA	NA	NA	NA	NA
NC_045512.2	15507	T	G	201	121	27	48	48	26	0.140762	341	3.11514e-16	TRUE	NA	NA	NA	NA	NA	NA
NC_045512.2	15507	T	C	201	121	27	33	33	26	0.0967742	341	5.81144e-11	TRUE	NA	NA	NA	NA	NA	NA
NC_045512.2	15507	T	A	201	121	27	59	59	25	0.173021	341	4.93891e-20	TRUE	NA	NA	NA	NA	NA	NA
NC_045512.2	15508	G	T	201	121	27	43	43	27	0.124638	345	1.40079e-14	TRUE	NA	NA	NA	NA	NA	NA
NC_045512.2	15508	G	C	201	121	27	36	36	26	0.104348	345	4.22074e-12	TRUE	NA	NA	NA	NA	NA	NA
NC_045512.2	15508	G	A	201	121	27	65	65	26	0.188406	345	3.22143e-22	TRUE	NA	NA	NA	NA	NA	NA
NC_045512.2	15509	C	T	180	100	27	43	43	26	0.125731	342	1.40196e-15	TRUE	NA	NA	NA	NA	NA	NA
NC_045512.2	15509	C	G	180	100	27	31	31	26	0.0906433	342	4.61041e-11	TRUE	NA	NA	NA	NA	NA	NA
NC_045512.2	15509	C	A	180	100	27	88	88	25	0.25731	342	1.05396e-31	TRUE	NA	NA	NA	NA	NA	NA
NC_045512.2	15510	T	G	212	132	27	32	32	26	0.0916905	349	2.22964e-10	TRUE	NA	NA	NA	NA	NA	NA
NC_045512.2	15510	T	C	212	132	27	34	34	25	0.0974212	349	4.51446e-11	TRUE	NA	NA	NA	NA	NA	NA
NC_045512.2	15510	T	A	212	132	27	71	71	26	0.203438	349	1.1954e-23	TRUE	NA	NA	NA	NA	NA	NA
NC_045512.2	15510	T	+A	212	132	27	1	0	20	0.00286533	349	0.852902	FALSE	NA	NA	NA	NA	NA	NA
NC_045512.2	15511	A	T	220	140	26	42	42	26	0.121739	345	2.25541e-13	TRUE	NA	NA	NA	NA	NA	NA
NC_045512.2	15511	A	G	220	140	26	40	40	25	0.115942	345	1.054e-12	TRUE	NA	NA	NA	NA	NA	NA
NC_045512.2	15511	A	C	220	140	26	43	43	26	0.124638	345	1.04432e-13	TRUE	NA	NA	NA	NA	NA	NA
NC_045512.2	15512	A	T	198	121	25	55	55	26	0.15942	345	5.78212e-19	TRUE	NA	NA	NA	NA	NA	NA
NC_045512.2	15512	A	G	198	121	25	59	59	26	0.171014	345	2.33323e-20	TRUE	NA	NA	NA	NA	NA	NA
NC_045512.2	15512	A	C	198	121	25	33	33	26	0.0956522	345	3.76883e-11	TRUE	NA	NA	NA	NA	NA	NA
NC_045512.2	15513	T	G	216	136	27	59	59	26	0.167614	352	1.57192e-19	TRUE	NA	NA	NA	NA	NA	NA
NC_045512.2	15513	T	C	216	136	27	36	36	26	0.102273	352	1.0911e-11	TRUE	NA	NA	NA	NA	NA	NA
NC_045512.2	15513	T	A	216	136	27	41	41	26	0.116477	352	2.07333e-13	TRUE	NA	NA	NA	NA	NA	NA
NC_045512.2	15514	A	T	189	109	27	53	53	26	0.150142	353	3.89559e-19	TRUE	NA	NA	NA	NA	NA	NA
NC_045512.2	15514	A	G	189	109	27	49	49	27	0.13881	353	1.14692e-17	TRUE	NA	NA	NA	NA	NA	NA
NC_045512.2	15514	A	C	189	109	27	62	62	26	0.175637	353	2.10591e-22	TRUE	NA	NA	NA	NA	NA	NA
NC_045512.2	15515	G	T	195	115	27	72	72	27	0.203966	353	1.77599e-25	TRUE	NA	NA	NA	NA	NA	NA
NC_045512.2	15515	G	C	195	115	27	27	27	26	0.0764873	353	2.97801e-09	TRUE	NA	NA	NA	NA	NA	NA
NC_045512.2	15515	G	A	195	115	27	59	59	27	0.167139	353	6.62221e-21	TRUE	NA	NA	NA	NA	NA	NA
NC_045512.2	15515	G	-T	195	115	27	1	0	20	0.00283286	353	0.830806	FALSE	NA	NA	NA	NA	NA	NA
NC_045512.2	15516	T	G	213	133	27	53	53	26	0.150568	352	1.04361e-17	TRUE	NA	NA	NA	NA	NA	NA
NC_045512.2	15516	T	C	213	133	27	50	50	27	0.142045	352	1.11542e-16	TRUE	NA	NA	NA	NA	NA	NA
NC_045512.2	15516	T	A	213	133	27	36	36	26	0.102273	352	7.90006e-12	TRUE	NA	NA	NA	NA	NA	NA
NC_045512.2	15517	G	T	194	114	26	61	61	26	0.173789	351	1.34853e-21	TRUE	NA	NA	NA	NA	NA	NA
NC_045512.2	15517	G	C	194	114	26	35	35	26	0.0997151	351	3.4409e-12	TRUE	NA	NA	NA	NA	NA	NA
NC_045512.2	15517	G	A	194	114	26	61	61	26	0.173789	351	1.34853e-21	TRUE	NA	NA	NA	NA	NA	NA
NC_045512.2	15517	G	-TT	194	114	26	1	0	20	0.002849	351	0.830953	FALSE	NA	NA	NA	NA	NA	NA
NC_045512.2	15517	G	-T	194	114	26	9	0	20	0.025641	351	0.00747124	TRUE	NA	NA	NA	NA	NA	NA
NC_045512.2	15517	G	+T	194	114	26	12	0	20	0.034188	351	0.000748676	TRUE	NA	NA	NA	NA	NA	NA
NC_045512.2	15518	T	G	162	89	26	40	40	26	0.142857	280	1.29774e-14	TRUE	NA	NA	NA	NA	NA	NA
NC_045512.2	15518	T	C	162	89	26	22	22	26	0.0785714	280	5.50856e-08	TRUE	NA	NA	NA	NA	NA	NA
NC_045512.2	15518	T	A	162	89	26	56	56	26	0.2	280	2.60057e-20	TRUE	NA	NA	NA	NA	NA	NA
NC_045512.2	15519	T	G	166	115	27	71	71	27	0.219814	323	4.91368e-26	TRUE	NA	NA	NA	NA	NA	NA
NC_045512.2	15519	T	C	166	115	27	40	40	25	0.123839	323	1.19849e-14	TRUE	NA	NA	NA	NA	NA	NA
NC_045512.2	15519	T	A	166	115	27	46	46	26	0.142415	323	6.60179e-17	TRUE	NA	NA	NA	NA	NA	NA
NC_045512.2	15520	T	G	190	141	27	44	44	26	0.136646	322	1.00245e-14	TRUE	NA	NA	NA	NA	NA	NA
NC_045512.2	15520	T	C	190	141	27	43	43	26	0.13354	322	2.22787e-14	TRUE	NA	NA	NA	NA	NA	NA
NC_045512.2	15520	T	A	190	141	27	45	45	25	0.139752	322	4.51549e-15	TRUE	NA	NA	NA	NA	NA	NA
NC_045512.2	15521	T	G	179	131	27	70	70	26	0.218069	321	2.25511e-24	TRUE	NA	NA	NA	NA	NA	NA
NC_045512.2	15521	T	C	179	131	27	25	25	26	0.0778816	321	2.03077e-08	TRUE	NA	NA	NA	NA	NA	NA
NC_045512.2	15521	T	A	179	131	27	47	47	26	0.146417	321	2.35041e-16	TRUE	NA	NA	NA	NA	NA	NA
NC_045512.2	15522	T	G	120	118	27	66	66	26	0.252874	261	2.72762e-26	TRUE	NA	NA	NA	NA	NA	NA
NC_045512.2	15522	T	C	120	118	27	39	39	26	0.149425	261	5.80807e-16	TRUE	NA	NA	NA	NA	NA	NA
NC_045512.2	15522	T	A	120	118	27	36	36	25	0.137931	261	9.23763e-15	TRUE	NA	NA	NA	NA	NA	NA
NC_045512.2	15523	A	T	138	93	25	56	56	27	0.19788	283	4.78605e-22	TRUE	NA	NA	NA	NA	NA	NA
NC_045512.2	15523	A	G	138	93	25	46	46	25	0.162544	283	2.98365e-18	TRUE	NA	NA	NA	NA	NA	NA
NC_045512.2	15523	A	C	138	93	25	43	43	27	0.151943	283	4.30238e-17	TRUE	NA	NA	NA	NA	NA	NA
NC_045512.2	15524	A	T	164	119	26	50	50	27	0.167785	298	1.66782e-18	TRUE	NA	NA	NA	NA	NA	NA
NC_045512.2	15524	A	G	164	119	26	63	63	27	0.211409	298	4.03557e-23	TRUE	NA	NA	NA	NA	NA	NA
NC_045512.2	15524	A	C	164	119	26	21	21	26	0.0704698	298	9.74654e-08	TRUE	NA	NA	NA	NA	NA	NA
NC_045512.2	15525	C	T	155	110	27	34	34	26	0.115646	294	5.80844e-13	TRUE	NA	NA	NA	NA	NA	NA
NC_045512.2	15525	C	G	155	110	27	59	59	27	0.20068	294	3.05189e-22	TRUE	NA	NA	NA	NA	NA	NA
NC_045512.2	15525	C	A	155	110	27	46	46	26	0.156463	294	1.7393e-17	TRUE	NA	NA	NA	NA	NA	NA
NC_045512.2	15526	A	T	167	124	27	64	64	25	0.21843	293	6.08276e-23	TRUE	NA	NA	NA	NA	NA	NA
NC_045512.2	15526	A	G	167	124	27	36	36	27	0.122867	293	4.60756e-13	TRUE	NA	NA	NA	NA	NA	NA
NC_045512.2	15526	A	C	167	124	27	26	26	26	0.0887372	293	2.12887e-09	TRUE	NA	NA	NA	NA	NA	NA
NC_045512.2	15527	T	G	169	126	25	39	39	27	0.139785	279	1.47022e-13	TRUE	NA	NA	NA	NA	NA	NA
NC_045512.2	15527	T	C	169	126	25	22	22	26	0.078853	279	1.37668e-07	TRUE	NA	NA	NA	NA	NA	NA
NC_045512.2	15527	T	A	169	126	25	49	49	26	0.175627	279	5.43073e-17	TRUE	NA	NA	NA	NA	NA	NA
NC_045512.2	15528	T	G	156	113	27	39	39	26	0.133106	293	9.09256e-15	TRUE	NA	NA	NA	NA	NA	NA
NC_045512.2	15528	T	C	156	113	27	41	41	27	0.139932	293	1.61808e-15	TRUE	NA	NA	NA	NA	NA	NA
NC_045512.2	15528	T	A	156	113	27	57	57	26	0.194539	293	2.1795e-21	TRUE	NA	NA	NA	NA	NA	NA
NC_045512.2	15529	T	G	159	125	26	27	27	26	0.0967742	279	9.70935e-10	TRUE	NA	NA	NA	NA	NA	NA
NC_045512.2	15529	T	C	159	125	26	30	29	25	0.107527	279	7.7577e-11	TRUE	NA	NA	NA	NA	NA	NA
NC_045512.2	15529	T	A	159	125	26	63	63	27	0.225806	279	1.77497e-22	TRUE	NA	NA	NA	NA	NA	NA
NC_045512.2	15530	G	T	148	105	27	36	36	27	0.125	288	6.38353e-14	TRUE	NA	NA	NA	NA	NA	NA
NC_045512.2	15530	G	C	148	105	27	61	61	27	0.211806	288	3.00856e-23	TRUE	NA	NA	NA	NA	NA	NA
NC_045512.2	15530	G	A	148	105	27	43	43	26	0.149306	288	1.36118e-16	TRUE	NA	NA	NA	NA	NA	NA
NC_045512.2	15530	G	-T	148	105	27	1	0	20	0.00347222	288	0.715798	FALSE	NA	NA	NA	NA	NA	NA
NC_045512.2	15531	T	G	154	111	27	28	28	26	0.101083	277	2.72701e-10	TRUE	NA	NA	NA	NA	NA	NA
NC_045512.2	15531	T	C	154	111	27	41	41	27	0.148014	277	4.48523e-15	TRUE	NA	NA	NA	NA	NA	NA
NC_045512.2	15531	T	A	154	111	27	54	54	27	0.194946	277	1.01229e-19	TRUE	NA	NA	NA	NA	NA	NA
NC_045512.2	15532	C	T	142	99	27	69	69	27	0.241259	286	1.36678e-26	TRUE	NA	NA	NA	NA	NA	NA
NC_045512.2	15532	C	G	142	99	27	21	21	26	0.0734266	286	2.96784e-08	TRUE	NA	NA	NA	NA	NA	NA
NC_045512.2	15532	C	A	142	99	27	54	54	26	0.188811	286	4.2264e-21	TRUE	NA	NA	NA	NA	NA	NA
NC_045512.2	15533	A	T	147	104	25	82	82	26	0.29078	282	2.77815e-30	TRUE	NA	NA	NA	NA	NA	NA
NC_045512.2	15533	A	G	147	104	25	29	29	25	0.102837	282	4.28814e-11	TRUE	NA	NA	NA	NA	NA	NA
NC_045512.2	15533	A	C	147	104	25	24	24	26	0.0851064	282	3.69065e-09	TRUE	NA	NA	NA	NA	NA	NA
NC_045512.2	15534	A	T	159	127	26	54	54	27	0.206107	262	1.5452e-18	TRUE	NA	NA	NA	NA	NA	NA
NC_045512.2	15534	A	G	159	127	26	30	30	26	0.114504	262	2.34142e-10	TRUE	NA	NA	NA	NA	NA	NA
NC_045512.2	15534	A	C	159	127	26	19	19	26	0.0725191	262	1.67937e-06	TRUE	NA	NA	NA	NA	NA	NA
NC_045512.2	15535	G	T	116	79	27	86	86	27	0.319703	269	1.12699e-34	TRUE	NA	NA	NA	NA	NA	NA
NC_045512.2	15535	G	C	116	79	27	28	28	27	0.104089	269	5.53136e-12	TRUE	NA	NA	NA	NA	NA	NA
NC_045512.2	15535	G	A	116	79	27	39	39	26	0.144981	269	1.31136e-16	TRUE	NA	NA	NA	NA	NA	NA
NC_045512.2	15536	C	T	113	77	27	48	47	26	0.178439	269	1.41233e-20	TRUE	NA	NA	NA	NA	NA	NA
NC_045512.2	15536	C	G	113	77	27	50	50	26	0.185874	269	2.17674e-21	TRUE	NA	NA	NA	NA	NA	NA
NC_045512.2	15536	C	A	113	77	27	58	58	26	0.215613	269	1.38738e-24	TRUE	NA	NA	NA	NA	NA	NA
NC_045512.2	15536	C	-T	113	77	27	1	0	20	0.00371747	269	0.655844	FALSE	NA	NA	NA	NA	NA	NA
NC_045512.2	15537	T	G	143	106	26	43	43	26	0.164122	262	6.69524e-16	TRUE	NA	NA	NA	NA	NA	NA
NC_045512.2	15537	T	C	143	106	26	22	22	25	0.0839695	262	3.98668e-08	TRUE	NA	NA	NA	NA	NA	NA
NC_045512.2	15537	T	A	143	106	26	54	54	26	0.206107	262	8.01047e-20	TRUE	NA	NA	NA	NA	NA	NA
NC_045512.2	15538	G	T	135	98	27	65	65	26	0.248092	262	2.36113e-24	TRUE	NA	NA	NA	NA	NA	NA
NC_045512.2	15538	G	C	135	98	27	29	29	26	0.110687	262	4.05501e-11	TRUE	NA	NA	NA	NA	NA	NA
NC_045512.2	15538	G	A	135	98	27	33	33	26	0.125954	262	1.18897e-12	TRUE	NA	NA	NA	NA	NA	NA
NC_045512.2	15539	T	G	135	98	26	43	43	26	0.168627	255	4.10842e-16	TRUE	NA	NA	NA	NA	NA	NA
NC_045512.2	15539	T	C	135	98	26	13	13	26	0.0509804	255	7.78662e-05	TRUE	NA	NA	NA	NA	NA	NA
NC_045512.2	15539	T	A	135	98	26	64	64	25	0.25098	255	1.49092e-23	TRUE	NA	NA	NA	NA	NA	NA
NC_045512.2	15540	C	T	103	72	27	51	51	26	0.2	255	4.14275e-22	TRUE	NA	NA	NA	NA	NA	NA
NC_045512.2	15540	C	G	103	72	27	42	42	26	0.164706	255	2.13041e-18	TRUE	NA	NA	NA	NA	NA	NA
NC_045512.2	15540	C	A	103	72	27	59	59	26	0.231373	255	2.60686e-25	TRUE	NA	NA	NA	NA	NA	NA
NC_045512.2	15541	A	T	153	122	26	50	50	26	0.199203	251	4.39465e-17	TRUE	NA	NA	NA	NA	NA	NA
NC_045512.2	15541	A	G	153	122	26	30	30	27	0.119522	251	2.69141e-10	TRUE	NA	NA	NA	NA	NA	NA
NC_045512.2	15541	A	C	153	122	26	18	18	26	0.0717131	251	4.03406e-06	TRUE	NA	NA	NA	NA	NA	NA
NC_045512.2	15542	C	T	119	90	25	52	52	27	0.207171	251	1.37077e-20	TRUE	NA	NA	NA	NA	NA	NA
NC_045512.2	15542	C	G	119	90	25	26	26	26	0.103586	251	1.85072e-10	TRUE	NA	NA	NA	NA	NA	NA
NC_045512.2	15542	C	A	119	90	25	54	54	26	0.215139	251	2.45744e-21	TRUE	NA	NA	NA	NA	NA	NA
NC_045512.2	15543	G	T	94	69	24	42	42	26	0.180258	233	3.20704e-18	TRUE	NA	NA	NA	NA	NA	NA
NC_045512.2	15543	G	C	94	69	24	54	54	26	0.23176	233	4.77518e-23	TRUE	NA	NA	NA	NA	NA	NA
NC_045512.2	15543	G	A	94	69	24	43	43	27	0.184549	233	1.24554e-18	TRUE	NA	NA	NA	NA	NA	NA
NC_045512.2	15544	G	T	102	89	26	47	47	26	0.193416	243	6.15115e-20	TRUE	NA	NA	NA	NA	NA	NA
NC_045512.2	15544	G	C	102	89	26	48	48	25	0.197531	243	2.45095e-20	TRUE	NA	NA	NA	NA	NA	NA
NC_045512.2	15544	G	A	102	89	26	46	46	26	0.1893	243	1.54886e-19	TRUE	NA	NA	NA	NA	NA	NA
NC_045512.2	15545	C	T	136	113	25	41	41	26	0.162698	252	3.48123e-15	TRUE	NA	NA	NA	NA	NA	NA
NC_045512.2	15545	C	G	136	113	25	39	39	25	0.154762	252	1.85697e-14	TRUE	NA	NA	NA	NA	NA	NA
NC_045512.2	15545	C	A	136	113	25	36	36	26	0.142857	252	2.32506e-13	TRUE	NA	NA	NA	NA	NA	NA
NC_045512.2	15545	C	-C	136	113	25	1	0	20	0.00396825	252	0.730423	FALSE	NA	NA	NA	NA	NA	NA
NC_045512.2	15546	C	T	105	90	26	26	26	26	0.106996	243	4.61896e-11	TRUE	NA	NA	NA	NA	NA	NA
NC_045512.2	15546	C	G	105	90	26	46	46	26	0.1893	243	2.7822e-19	TRUE	NA	NA	NA	NA	NA	NA
NC_045512.2	15546	C	A	105	90	26	66	66	26	0.271605	243	5.85681e-27	TRUE	NA	NA	NA	NA	NA	NA
NC_045512.2	15546	C	-A	105	90	26	1	0	20	0.00409836	244	0.663717	FALSE	NA	NA	NA	NA	NA	NA
NC_045512.2	15547	A	T	127	105	24	44	44	27	0.177419	248	8.29583e-17	TRUE	NA	NA	NA	NA	NA	NA
NC_045512.2	15547	A	G	127	105	24	40	40	25	0.16129	248	2.54606e-15	TRUE	NA	NA	NA	NA	NA	NA
NC_045512.2	15547	A	C	127	105	24	37	37	26	0.149194	248	3.4059e-14	TRUE	NA	NA	NA	NA	NA	NA
NC_045512.2	15547	A	-A	127	105	24	1	0	20	0.00401606	249	0.714246	FALSE	NA	NA	NA	NA	NA	NA
NC_045512.2	15548	A	T	111	95	26	47	47	26	0.191837	245	3.45464e-19	TRUE	NA	NA	NA	NA	NA	NA
NC_045512.2	15548	A	G	111	95	26	74	74	26	0.302041	245	3.35332e-29	TRUE	NA	NA	NA	NA	NA	NA
NC_045512.2	15548	A	C	111	95	26	13	13	26	0.0530612	245	2.3842e-05	TRUE	NA	NA	NA	NA	NA	NA
NC_045512.2	15548	A	-T	111	95	26	1	0	20	0.00406504	246	0.67803	FALSE	NA	NA	NA	NA	NA	NA
NC_045512.2	15549	T	G	126	105	26	57	57	26	0.229839	248	1.28752e-21	TRUE	NA	NA	NA	NA	NA	NA
NC_045512.2	15549	T	C	126	105	26	32	32	26	0.129032	248	2.3429e-12	TRUE	NA	NA	NA	NA	NA	NA
NC_045512.2	15549	T	A	126	105	26	33	33	26	0.133065	248	9.69877e-13	TRUE	NA	NA	NA	NA	NA	NA
NC_045512.2	15549	T	-G	126	105	26	1	0	20	0.00401606	249	0.711947	FALSE	NA	NA	NA	NA	NA	NA
NC_045512.2	15550	G	T	114	94	26	52	52	26	0.213115	244	1.09435e-20	TRUE	NA	NA	NA	NA	NA	NA
NC_045512.2	15550	G	C	114	94	26	26	26	27	0.106557	244	1.56828e-10	TRUE	NA	NA	NA	NA	NA	NA
NC_045512.2	15550	G	A	114	94	26	52	51	25	0.213115	244	1.09435e-20	TRUE	NA	NA	NA	NA	NA	NA
NC_045512.2	15550	G	-T	114	94	26	1	0	20	0.00409836	244	0.688515	FALSE	NA	NA	NA	NA	NA	NA
NC_045512.2	15551	T	G	128	107	25	44	44	27	0.178862	246	1.23252e-16	TRUE	NA	NA	NA	NA	NA	NA
NC_045512.2	15551	T	C	128	107	25	21	21	26	0.0853659	246	5.75878e-08	TRUE	NA	NA	NA	NA	NA	NA
NC_045512.2	15551	T	A	128	107	25	53	53	25	0.215447	246	6.92239e-20	TRUE	NA	NA	NA	NA	NA	NA
NC_045512.2	15552	T	G	119	100	26	44	44	27	0.180328	244	3.22402e-17	TRUE	NA	NA	NA	NA	NA	NA
NC_045512.2	15552	T	C	119	100	26	32	32	25	0.131148	244	1.29059e-12	TRUE	NA	NA	NA	NA	NA	NA
NC_045512.2	15552	T	A	119	100	26	49	49	25	0.20082	244	4.36393e-19	TRUE	NA	NA	NA	NA	NA	NA
NC_045512.2	15553	A	T	119	99	25	60	60	27	0.242915	247	2.74179e-23	TRUE	NA	NA	NA	NA	NA	NA
NC_045512.2	15553	A	G	119	99	25	14	14	26	0.0566802	247	1.56566e-05	TRUE	NA	NA	NA	NA	NA	NA
NC_045512.2	15553	A	C	119	99	25	54	54	26	0.218623	247	4.2093e-21	TRUE	NA	NA	NA	NA	NA	NA
NC_045512.2	15554	A	T	121	101	26	52	52	26	0.209677	248	3.14709e-20	TRUE	NA	NA	NA	NA	NA	NA
NC_045512.2	15554	A	G	121	101	26	28	28	25	0.112903	248	4.65566e-11	TRUE	NA	NA	NA	NA	NA	NA
NC_045512.2	15554	A	C	121	101	26	47	47	25	0.189516	248	2.26193e-18	TRUE	NA	NA	NA	NA	NA	NA
NC_045512.2	15555	T	G	120	100	27	29	29	26	0.116466	249	1.52683e-11	TRUE	NA	NA	NA	NA	NA	NA
NC_045512.2	15555	T	C	120	100	27	57	57	26	0.228916	249	3.20937e-22	TRUE	NA	NA	NA	NA	NA	NA
NC_045512.2	15555	T	A	120	100	27	43	43	26	0.172691	249	5.39674e-17	TRUE	NA	NA	NA	NA	NA	NA
NC_045512.2	15556	G	T	101	81	27	62	62	26	0.251012	247	3.37753e-26	TRUE	NA	NA	NA	NA	NA	NA
NC_045512.2	15556	G	C	101	81	27	35	35	26	0.1417	247	2.81013e-15	TRUE	NA	NA	NA	NA	NA	NA
NC_045512.2	15556	G	A	101	81	27	49	49	27	0.198381	247	4.51572e-21	TRUE	NA	NA	NA	NA	NA	NA
NC_045512.2	15557	C	T	116	96	28	50	50	27	0.201613	248	5.81915e-20	TRUE	NA	NA	NA	NA	NA	NA
NC_045512.2	15557	C	G	116	96	28	47	47	26	0.189516	248	8.04411e-19	TRUE	NA	NA	NA	NA	NA	NA
NC_045512.2	15557	C	A	116	96	28	35	35	26	0.141129	248	3.78533e-14	TRUE	NA	NA	NA	NA	NA	NA
NC_045512.2	15558	A	T	131	111	27	32	32	26	0.131148	244	6.82455e-12	TRUE	NA	NA	NA	NA	NA	NA
NC_045512.2	15558	A	G	131	111	27	30	30	27	0.122951	244	3.7652e-11	TRUE	NA	NA	NA	NA	NA	NA
NC_045512.2	15558	A	C	131	111	27	51	51	26	0.209016	244	9.45892e-19	TRUE	NA	NA	NA	NA	NA	NA
NC_045512.2	15559	C	T	115	95	27	51	51	27	0.207317	246	2.51612e-20	TRUE	NA	NA	NA	NA	NA	NA
NC_045512.2	15559	C	G	115	95	27	26	26	26	0.105691	246	1.55851e-10	TRUE	NA	NA	NA	NA	NA	NA
NC_045512.2	15559	C	A	115	95	27	54	54	27	0.219512	246	1.89077e-21	TRUE	NA	NA	NA	NA	NA	NA
NC_045512.2	15560	T	G	108	90	25	44	44	25	0.195556	225	3.21104e-17	TRUE	NA	NA	NA	NA	NA	NA
NC_045512.2	15560	T	C	108	90	25	30	30	27	0.133333	225	7.24261e-12	TRUE	NA	NA	NA	NA	NA	NA
NC_045512.2	15560	T	A	108	90	25	43	43	25	0.191111	225	7.60146e-17	TRUE	NA	NA	NA	NA	NA	NA
NC_045512.2	15561	T	G	117	99	27	51	51	26	0.208163	245	4.49698e-20	TRUE	NA	NA	NA	NA	NA	NA
NC_045512.2	15561	T	C	117	99	27	23	23	25	0.0938776	245	3.43807e-09	TRUE	NA	NA	NA	NA	NA	NA
NC_045512.2	15561	T	A	117	99	27	54	54	26	0.220408	245	3.47606e-21	TRUE	NA	NA	NA	NA	NA	NA
NC_045512.2	15561	T	-T	117	99	27	1	0	20	0.00408163	245	0.695005	FALSE	NA	NA	NA	NA	NA	NA
NC_045512.2	15562	T	G	148	114	27	41	41	25	0.156489	262	7.4218e-15	TRUE	NA	NA	NA	NA	NA	NA
NC_045512.2	15562	T	C	148	114	27	15	15	26	0.0572519	262	2.24768e-05	TRUE	NA	NA	NA	NA	NA	NA
NC_045512.2	15562	T	A	148	114	27	58	58	26	0.221374	262	8.59019e-21	TRUE	NA	NA	NA	NA	NA	NA
NC_045512.2	15563	T	G	123	110	26	69	69	26	0.276	250	3.1041e-26	TRUE	NA	NA	NA	NA	NA	NA
NC_045512.2	15563	T	C	123	110	26	11	11	26	0.044	250	0.000276298	TRUE	NA	NA	NA	NA	NA	NA
NC_045512.2	15563	T	A	123	110	26	47	47	25	0.188	250	2.67156e-18	TRUE	NA	NA	NA	NA	NA	NA
NC_045512.2	15564	A	T	166	132	26	47	47	26	0.17603	267	5.58154e-16	TRUE	NA	NA	NA	NA	NA	NA
NC_045512.2	15564	A	G	166	132	26	32	32	26	0.11985	267	6.80353e-11	TRUE	NA	NA	NA	NA	NA	NA
NC_045512.2	15564	A	C	166	132	26	22	22	25	0.082397	267	1.94205e-07	TRUE	NA	NA	NA	NA	NA	NA
NC_045512.2	15565	T	G	157	123	27	43	43	27	0.159259	270	2.73592e-15	TRUE	NA	NA	NA	NA	NA	NA
NC_045512.2	15565	T	C	157	123	27	26	26	26	0.0962963	270	3.12613e-09	TRUE	NA	NA	NA	NA	NA	NA
NC_045512.2	15565	T	A	157	123	27	44	44	26	0.162963	270	1.2225e-15	TRUE	NA	NA	NA	NA	NA	NA
NC_045512.2	15565	T	-C	157	123	27	1	0	20	0.0037037	270	0.751016	FALSE	NA	NA	NA	NA	NA	NA
NC_045512.2	15566	C	T	115	81	27	46	46	27	0.172285	267	1.60687e-19	TRUE	NA	NA	NA	NA	NA	NA
NC_045512.2	15566	C	G	115	81	27	50	50	26	0.187266	267	3.92403e-21	TRUE	NA	NA	NA	NA	NA	NA
NC_045512.2	15566	C	A	115	81	27	56	56	26	0.209738	267	1.63774e-23	TRUE	NA	NA	NA	NA	NA	NA
NC_045512.2	15567	T	G	138	104	26	40	40	26	0.148148	270	2.03913e-15	TRUE	NA	NA	NA	NA	NA	NA
NC_045512.2	15567	T	C	138	104	26	45	45	25	0.166667	270	2.68755e-17	TRUE	NA	NA	NA	NA	NA	NA
NC_045512.2	15567	T	A	138	104	26	47	47	26	0.174074	270	4.8347e-18	TRUE	NA	NA	NA	NA	NA	NA
NC_045512.2	15567	T	-A	138	104	26	2	0	20	0.00740741	270	0.4234	FALSE	NA	NA	NA	NA	NA	NA
NC_045512.2	15568	A	T	118	84	26	56	56	26	0.21374	262	5.92477e-23	TRUE	NA	NA	NA	NA	NA	NA
NC_045512.2	15568	A	G	118	84	26	41	41	26	0.156489	262	4.73879e-17	TRUE	NA	NA	NA	NA	NA	NA
NC_045512.2	15568	A	C	118	84	26	47	47	27	0.179389	262	1.90908e-19	TRUE	NA	NA	NA	NA	NA	NA
NC_045512.2	15568	A	-C	118	84	26	1	0	20	0.00378788	264	0.674819	FALSE	NA	NA	NA	NA	NA	NA
NC_045512.2	15569	C	T	135	101	25	54	54	27	0.202247	267	1.01387e-20	TRUE	NA	NA	NA	NA	NA	NA
NC_045512.2	15569	C	G	135	101	25	35	35	26	0.131086	267	1.3695e-13	TRUE	NA	NA	NA	NA	NA	NA
NC_045512.2	15569	C	A	135	101	25	43	43	25	0.161049	267	1.22754e-16	TRUE	NA	NA	NA	NA	NA	NA
NC_045512.2	15570	T	G	141	107	25	28	28	27	0.10566	265	1.58496e-10	TRUE	NA	NA	NA	NA	NA	NA
NC_045512.2	15570	T	C	141	107	25	62	62	26	0.233962	265	6.57425e-23	TRUE	NA	NA	NA	NA	NA	NA
NC_045512.2	15570	T	A	141	107	25	34	34	26	0.128302	265	8.68649e-13	TRUE	NA	NA	NA	NA	NA	NA
NC_045512.2	15571	G	T	111	77	25	61	61	26	0.231061	264	1.10586e-25	TRUE	NA	NA	NA	NA	NA	NA
NC_045512.2	15571	G	C	111	77	25	35	35	26	0.132576	264	3.90121e-15	TRUE	NA	NA	NA	NA	NA	NA
NC_045512.2	15571	G	A	111	77	25	57	57	25	0.215909	264	4.05272e-24	TRUE	NA	NA	NA	NA	NA	NA
NC_045512.2	15572	A	T	153	119	25	43	43	26	0.159851	269	1.69628e-15	TRUE	NA	NA	NA	NA	NA	NA
NC_045512.2	15572	A	G	153	119	25	32	32	25	0.118959	269	1.49866e-11	TRUE	NA	NA	NA	NA	NA	NA
NC_045512.2	15572	A	C	153	119	25	41	41	26	0.152416	269	8.70754e-15	TRUE	NA	NA	NA	NA	NA	NA
NC_045512.2	15572	A	-T	153	119	25	1	0	20	0.00371747	269	0.744916	FALSE	NA	NA	NA	NA	NA	NA
NC_045512.2	15573	T	G	141	107	26	18	18	27	0.0681818	264	1.0591e-06	TRUE	NA	NA	NA	NA	NA	NA
NC_045512.2	15573	T	C	141	107	26	51	51	26	0.193182	264	5.6598e-19	TRUE	NA	NA	NA	NA	NA	NA
NC_045512.2	15573	T	A	141	107	26	54	54	24	0.204545	264	4.83314e-20	TRUE	NA	NA	NA	NA	NA	NA
NC_045512.2	15574	G	T	112	78	25	60	60	27	0.23166	259	7.43566e-25	TRUE	NA	NA	NA	NA	NA	NA
NC_045512.2	15574	G	C	112	78	25	27	27	26	0.104247	259	1.66476e-11	TRUE	NA	NA	NA	NA	NA	NA
NC_045512.2	15574	G	A	112	78	25	60	60	26	0.23166	259	7.43566e-25	TRUE	NA	NA	NA	NA	NA	NA
NC_045512.2	15575	G	T	138	103	26	43	43	26	0.160448	268	1.83487e-16	TRUE	NA	NA	NA	NA	NA	NA
NC_045512.2	15575	G	C	138	103	26	43	43	27	0.160448	268	1.83487e-16	TRUE	NA	NA	NA	NA	NA	NA
NC_045512.2	15575	G	A	138	103	26	44	44	25	0.164179	268	7.77156e-17	TRUE	NA	NA	NA	NA	NA	NA
NC_045512.2	15576	T	G	161	121	26	33	33	26	0.119565	276	9.63499e-12	TRUE	NA	NA	NA	NA	NA	NA
NC_045512.2	15576	T	C	161	121	26	46	46	26	0.166667	276	2.45105e-16	TRUE	NA	NA	NA	NA	NA	NA
NC_045512.2	15576	T	A	161	121	26	36	36	26	0.130435	276	8.18033e-13	TRUE	NA	NA	NA	NA	NA	NA
NC_045512.2	15577	A	T	139	99	25	77	77	25	0.28	275	5.62586e-29	TRUE	NA	NA	NA	NA	NA	NA
NC_045512.2	15577	A	G	139	99	25	29	29	26	0.105455	275	2.72427e-11	TRUE	NA	NA	NA	NA	NA	NA
NC_045512.2	15577	A	C	139	99	25	30	30	26	0.109091	275	1.10736e-11	TRUE	NA	NA	NA	NA	NA	NA
NC_045512.2	15578	A	T	132	94	25	73	73	26	0.266423	274	2.5817e-28	TRUE	NA	NA	NA	NA	NA	NA
NC_045512.2	15578	A	G	132	94	25	31	31	27	0.113139	274	1.97894e-12	TRUE	NA	NA	NA	NA	NA	NA
NC_045512.2	15578	A	C	132	94	25	38	38	26	0.138686	274	3.29756e-15	TRUE	NA	NA	NA	NA	NA	NA
NC_045512.2	15579	C	T	137	97	26	64	64	26	0.236162	271	2.2722e-24	TRUE	NA	NA	NA	NA	NA	NA
NC_045512.2	15579	C	G	137	97	26	19	19	26	0.0701107	271	2.39174e-07	TRUE	NA	NA	NA	NA	NA	NA
NC_045512.2	15579	C	A	137	97	26	51	51	26	0.188192	271	1.18376e-19	TRUE	NA	NA	NA	NA	NA	NA
NC_045512.2	15580	A	T	87	50	25	89	89	26	0.390351	228	1.00527e-36	TRUE	NA	NA	NA	NA	NA	NA
NC_045512.2	15580	A	G	87	50	25	24	24	26	0.105263	228	6.83082e-11	TRUE	NA	NA	NA	NA	NA	NA
NC_045512.2	15580	A	C	87	50	25	28	28	26	0.122807	228	1.12377e-12	TRUE	NA	NA	NA	NA	NA	NA
NC_045512.2	15581	A	T	143	106	27	58	58	26	0.212454	273	8.78385e-22	TRUE	NA	NA	NA	NA	NA	NA
NC_045512.2	15581	A	G	143	106	27	45	45	27	0.164835	273	4.60531e-17	TRUE	NA	NA	NA	NA	NA	NA
NC_045512.2	15581	A	C	143	106	27	27	27	27	0.0989011	273	2.86934e-10	TRUE	NA	NA	NA	NA	NA	NA
NC_045512.2	15582	A	T	134	98	27	55	55	26	0.207547	265	4.57655e-21	TRUE	NA	NA	NA	NA	NA	NA
NC_045512.2	15582	A	G	134	98	27	24	24	25	0.090566	265	2.64765e-09	TRUE	NA	NA	NA	NA	NA	NA
NC_045512.2	15582	A	C	134	98	27	52	52	26	0.196226	265	5.70878e-20	TRUE	NA	NA	NA	NA	NA	NA
NC_045512.2	15583	A	T	116	104	25	63	63	26	0.259259	243	1.96655e-24	TRUE	NA	NA	NA	NA	NA	NA
NC_045512.2	15583	A	G	116	104	25	29	29	26	0.119342	243	1.37834e-11	TRUE	NA	NA	NA	NA	NA	NA
NC_045512.2	15583	A	C	116	104	25	35	35	26	0.144033	243	5.93672e-14	TRUE	NA	NA	NA	NA	NA	NA
NC_045512.2	15584	T	G	138	102	25	28	28	24	0.108108	259	1.68212e-10	TRUE	NA	NA	NA	NA	NA	NA
NC_045512.2	15584	T	C	138	102	25	31	31	26	0.119691	259	1.24791e-11	TRUE	NA	NA	NA	NA	NA	NA
NC_045512.2	15584	T	A	138	102	25	62	62	25	0.239382	259	7.97377e-23	TRUE	NA	NA	NA	NA	NA	NA
NC_045512.2	15585	T	G	135	106	26	28	28	25	0.109804	255	1.56532e-10	TRUE	NA	NA	NA	NA	NA	NA
NC_045512.2	15585	T	C	135	106	26	30	30	24	0.117647	255	2.75109e-11	TRUE	NA	NA	NA	NA	NA	NA
NC_045512.2	15585	T	A	135	106	26	62	62	25	0.243137	255	7.28554e-23	TRUE	NA	NA	NA	NA	NA	NA
NC_045512.2	15586	G	T	124	88	26	62	62	25	0.234848	264	1.44984e-24	TRUE	NA	NA	NA	NA	NA	NA
NC_045512.2	15586	G	C	124	88	26	29	29	25	0.109848	264	8.90874e-12	TRUE	NA	NA	NA	NA	NA	NA
NC_045512.2	15586	G	A	124	88	26	49	49	24	0.185606	264	1.1214e-19	TRUE	NA	NA	NA	NA	NA	NA
NC_045512.2	15587	C	T	108	72	24	52	52	25	0.204724	254	6.78521e-22	TRUE	NA	NA	NA	NA	NA	NA
NC_045512.2	15587	C	G	108	72	24	33	33	25	0.129921	254	3.79945e-14	TRUE	NA	NA	NA	NA	NA	NA
NC_045512.2	15587	C	A	108	72	24	61	61	25	0.240157	254	2.14769e-25	TRUE	NA	NA	NA	NA	NA	NA
NC_045512.2	15588	C	T	125	94	25	50	50	25	0.192308	260	9.22888e-20	TRUE	NA	NA	NA	NA	NA	NA
NC_045512.2	15588	C	G	125	94	25	53	53	26	0.203846	260	6.90753e-21	TRUE	NA	NA	NA	NA	NA	NA
NC_045512.2	15588	C	A	125	94	25	32	32	25	0.123077	260	8.59045e-13	TRUE	NA	NA	NA	NA	NA	NA
NC_045512.2	15589	G	T	123	88	26	68	68	25	0.276423	246	1.34552e-25	TRUE	NA	NA	NA	NA	NA	NA
NC_045512.2	15589	G	C	123	88	26	18	18	25	0.0731707	246	5.72681e-07	TRUE	NA	NA	NA	NA	NA	NA
NC_045512.2	15589	G	A	123	88	26	37	37	26	0.150407	246	2.38343e-14	TRUE	NA	NA	NA	NA	NA	NA
NC_045512.2	15590	A	T	47	25	26	19	19	25	0.231707	82	4.69908e-08	TRUE	NA	NA	NA	NA	NA	NA
NC_045512.2	15590	A	G	47	25	26	13	13	27	0.158537	82	6.5364e-06	TRUE	NA	NA	NA	NA	NA	NA
NC_045512.2	15590	A	C	47	25	26	3	3	24	0.0365854	82	0.0535307	FALSE	NA	NA	NA	NA	NA	NA
NC_045512.2	15591	T	G	33	11	27	2	2	23	0.05	40	0.220289	FALSE	NA	NA	NA	NA	NA	NA
NC_045512.2	15591	T	C	33	11	27	2	2	27	0.05	40	0.220289	FALSE	NA	NA	NA	NA	NA	NA
NC_045512.2	15591	T	A	33	11	27	3	3	27	0.075	40	0.105739	FALSE	NA	NA	NA	NA	NA	NA
NC_045512.2	15592	A	T	33	11	26	2	2	26	0.0555556	36	0.246377	FALSE	NA	NA	NA	NA	NA	NA
NC_045512.2	15592	A	G	33	11	26	1	1	27	0.0277778	36	0.492754	FALSE	NA	NA	NA	NA	NA	NA
NC_045512.2	15593	A	T	30	9	25	2	2	26	0.0571429	35	0.231235	FALSE	NA	NA	NA	NA	NA	NA
NC_045512.2	15593	A	G	30	9	25	1	1	24	0.0285714	35	0.476923	FALSE	NA	NA	NA	NA	NA	NA
NC_045512.2	15593	A	C	30	9	25	2	2	28	0.0571429	35	0.231235	FALSE	NA	NA	NA	NA	NA	NA
NC_045512.2	15594	G	T	33	11	27	2	2	25	0.0555556	36	0.246377	FALSE	NA	NA	NA	NA	NA	NA
NC_045512.2	15594	G	A	33	11	27	1	1	26	0.0277778	36	0.492754	FALSE	NA	NA	NA	NA	NA	NA
NC_045512.2	15595	T	G	31	9	27	1	1	21	0.0285714	35	0.484848	FALSE	NA	NA	NA	NA	NA	NA
NC_045512.2	15595	T	A	31	9	27	3	3	24	0.0857143	35	0.119403	FALSE	NA	NA	NA	NA	NA	NA
NC_045512.2	15596	A	T	32	10	27	1	1	23	0.0285714	35	0.492537	FALSE	NA	NA	NA	NA	NA	NA
NC_045512.2	15596	A	G	32	10	27	2	2	26	0.0571429	35	0.246269	FALSE	NA	NA	NA	NA	NA	NA
NC_045512.2	15597	T	C	33	11	27	1	1	27	0.0277778	36	0.492754	FALSE	NA	NA	NA	NA	NA	NA
NC_045512.2	15597	T	A	33	11	27	2	2	25	0.0555556	36	0.246377	FALSE	NA	NA	NA	NA	NA	NA
NC_045512.2	15598	G	T	32	10	26	3	3	26	0.0833333	36	0.119565	FALSE	NA	NA	NA	NA	NA	NA
NC_045512.2	15598	G	A	32	10	26	1	1	29	0.0277778	36	0.485294	FALSE	NA	NA	NA	NA	NA	NA
NC_045512.2	15599	T	G	31	9	26	2	2	30	0.0555556	36	0.231782	FALSE	NA	NA	NA	NA	NA	NA
NC_045512.2	15599	T	A	31	9	26	3	3	25	0.0833333	36	0.114212	FALSE	NA	NA	NA	NA	NA	NA
NC_045512.2	15600	C	T	28	6	27	3	3	25	0.0967742	31	0.124896	FALSE	NA	NA	NA	NA	NA	NA
NC_045512.2	15601	C	T	33	11	25	1	1	24	0.0277778	36	0.492754	FALSE	NA	NA	NA	NA	NA	NA
NC_045512.2	15601	C	G	33	11	25	2	2	24	0.0555556	36	0.246377	FALSE	NA	NA	NA	NA	NA	NA
NC_045512.2	15602	G	T	32	10	27	1	1	23	0.0285714	35	0.492537	FALSE	NA	NA	NA	NA	NA	NA
NC_045512.2	15602	G	C	32	10	27	1	1	22	0.0285714	35	0.492537	FALSE	NA	NA	NA	NA	NA	NA
NC_045512.2	15602	G	A	32	10	27	1	1	26	0.0285714	35	0.492537	FALSE	NA	NA	NA	NA	NA	NA
NC_045512.2	15603	C	T	33	11	27	1	1	24	0.0277778	36	0.492754	FALSE	NA	NA	NA	NA	NA	NA
NC_045512.2	15603	C	A	33	11	27	2	2	24	0.0555556	36	0.246377	FALSE	NA	NA	NA	NA	NA	NA
NC_045512.2	15604	A	T	33	11	26	2	2	25	0.0555556	36	0.246377	FALSE	NA	NA	NA	NA	NA	NA
NC_045512.2	15604	A	C	33	11	26	1	1	24	0.0277778	36	0.492754	FALSE	NA	NA	NA	NA	NA	NA
NC_045512.2	15605	A	T	29	10	24	2	2	24	0.0606061	33	0.238095	FALSE	NA	NA	NA	NA	NA	NA
NC_045512.2	15605	A	G	29	10	24	1	1	22	0.030303	33	0.483871	FALSE	NA	NA	NA	NA	NA	NA
NC_045512.2	15605	A	C	29	10	24	1	1	28	0.030303	33	0.483871	FALSE	NA	NA	NA	NA	NA	NA
NC_045512.2	15606	T	G	32	10	26	2	2	25	0.0555556	36	0.23913	FALSE	NA	NA	NA	NA	NA	NA
NC_045512.2	15606	T	C	32	10	26	1	1	26	0.0277778	36	0.485294	FALSE	NA	NA	NA	NA	NA	NA
NC_045512.2	15606	T	A	32	10	26	1	1	22	0.0277778	36	0.485294	FALSE	NA	NA	NA	NA	NA	NA
NC_045512.2	15607	T	A	33	11	28	2	2	25	0.0571429	35	0.253623	FALSE	NA	NA	NA	NA	NA	NA
NC_045512.2	15608	T	G	24	10	25	1	1	27	0.0357143	28	0.480769	FALSE	NA	NA	NA	NA	NA	NA
NC_045512.2	15608	T	C	24	10	25	1	1	26	0.0357143	28	0.480769	FALSE	NA	NA	NA	NA	NA	NA
NC_045512.2	15608	T	A	24	10	25	2	2	24	0.0714286	28	0.235849	FALSE	NA	NA	NA	NA	NA	NA
NC_045512.2	15609	A	T	34	10	26	1	1	26	0.0263158	38	0.486111	FALSE	NA	NA	NA	NA	NA	NA
NC_045512.2	15609	A	G	34	10	26	1	1	26	0.0263158	38	0.486111	FALSE	NA	NA	NA	NA	NA	NA
NC_045512.2	15609	A	C	34	10	26	2	2	24	0.0526316	38	0.239726	FALSE	NA	NA	NA	NA	NA	NA
NC_045512.2	15610	C	G	34	10	26	2	2	27	0.0540541	37	0.246479	FALSE	NA	NA	NA	NA	NA	NA
NC_045512.2	15610	C	A	34	10	26	1	1	26	0.027027	37	0.492958	FALSE	NA	NA	NA	NA	NA	NA
NC_045512.2	15611	A	T	32	8	26	4	4	27	0.108108	37	0.0572566	FALSE	NA	NA	NA	NA	NA	NA
NC_045512.2	15611	A	C	32	8	26	1	1	22	0.027027	37	0.478261	FALSE	NA	NA	NA	NA	NA	NA
NC_045512.2	15612	A	T	31	12	24	3	3	24	0.0882353	34	0.124914	FALSE	NA	NA	NA	NA	NA	NA
NC_045512.2	15613	C	T	33	9	26	3	3	25	0.075	40	0.105739	FALSE	NA	NA	NA	NA	NA	NA
NC_045512.2	15613	C	A	33	9	26	4	4	25	0.1	40	0.051478	FALSE	NA	NA	NA	NA	NA	NA
NC_045512.2	15614	A	T	35	11	27	2	2	24	0.05	40	0.233684	FALSE	NA	NA	NA	NA	NA	NA
NC_045512.2	15614	A	G	35	11	27	2	2	26	0.05	40	0.233684	FALSE	NA	NA	NA	NA	NA	NA
NC_045512.2	15614	A	C	35	11	27	1	1	30	0.025	40	0.48	FALSE	NA	NA	NA	NA	NA	NA
NC_045512.2	15615	C	T	36	12	27	3	3	25	0.075	40	0.12013	FALSE	NA	NA	NA	NA	NA	NA
NC_045512.2	15615	C	A	36	12	27	1	1	22	0.025	40	0.486842	FALSE	NA	NA	NA	NA	NA	NA
NC_045512.2	15616	A	T	34	10	27	4	4	27	0.1	40	0.0545455	FALSE	NA	NA	NA	NA	NA	NA
NC_045512.2	15616	A	G	34	10	27	1	1	26	0.025	40	0.472973	FALSE	NA	NA	NA	NA	NA	NA
NC_045512.2	15616	A	C	34	10	27	1	1	27	0.025	40	0.472973	FALSE	NA	NA	NA	NA	NA	NA
NC_045512.2	15617	G	C	34	10	27	1	1	22	0.025	40	0.472973	FALSE	NA	NA	NA	NA	NA	NA
NC_045512.2	15617	G	A	34	10	27	5	5	26	0.125	40	0.0272727	FALSE	NA	NA	NA	NA	NA	NA
NC_045512.2	15618	A	T	36	12	27	1	1	22	0.025	40	0.486842	FALSE	NA	NA	NA	NA	NA	NA
NC_045512.2	15618	A	C	36	12	27	3	3	25	0.075	40	0.12013	FALSE	NA	NA	NA	NA	NA	NA
NC_045512.2	15619	C	T	34	10	27	4	4	25	0.102564	39	0.0575342	FALSE	NA	NA	NA	NA	NA	NA
NC_045512.2	15619	C	G	34	10	27	1	1	28	0.025641	39	0.479452	FALSE	NA	NA	NA	NA	NA	NA
NC_045512.2	15620	T	G	37	13	26	3	3	25	0.0697674	43	0.111563	FALSE	NA	NA	NA	NA	NA	NA
NC_045512.2	15620	T	C	37	13	26	1	1	29	0.0232558	43	0.475	FALSE	NA	NA	NA	NA	NA	NA
NC_045512.2	15620	T	A	37	13	26	2	2	24	0.0465116	43	0.228704	FALSE	NA	NA	NA	NA	NA	NA
NC_045512.2	15621	T	G	38	14	28	1	1	27	0.0232558	43	0.481481	FALSE	NA	NA	NA	NA	NA	NA
NC_045512.2	15621	T	C	38	14	28	1	1	30	0.0232558	43	0.481481	FALSE	NA	NA	NA	NA	NA	NA
NC_045512.2	15621	T	A	38	14	28	3	3	24	0.0697674	43	0.11602	FALSE	NA	NA	NA	NA	NA	NA
NC_045512.2	15622	T	G	32	13	24	1	1	26	0.0263158	38	0.471429	FALSE	NA	NA	NA	NA	NA	NA
NC_045512.2	15622	T	C	32	13	24	1	1	24	0.0263158	38	0.471429	FALSE	NA	NA	NA	NA	NA	NA
NC_045512.2	15622	T	A	32	13	24	4	4	26	0.105263	38	0.0541192	FALSE	NA	NA	NA	NA	NA	NA
NC_045512.2	15623	A	T	34	10	26	3	3	26	0.0714286	42	0.102135	FALSE	NA	NA	NA	NA	NA	NA
NC_045512.2	15623	A	G	34	10	26	4	4	25	0.0952381	42	0.0491281	FALSE	NA	NA	NA	NA	NA	NA
NC_045512.2	15623	A	C	34	10	26	1	1	28	0.0238095	42	0.460526	FALSE	NA	NA	NA	NA	NA	NA
NC_045512.2	15624	T	G	34	10	26	3	3	28	0.0731707	41	0.10622	FALSE	NA	NA	NA	NA	NA	NA
NC_045512.2	15624	T	C	34	10	26	3	3	26	0.0731707	41	0.10622	FALSE	NA	NA	NA	NA	NA	NA
NC_045512.2	15624	T	A	34	10	26	1	1	28	0.0243902	41	0.466667	FALSE	NA	NA	NA	NA	NA	NA
NC_045512.2	15625	G	T	38	10	26	5	5	26	0.111111	45	0.0260515	FALSE	NA	NA	NA	NA	NA	NA
NC_045512.2	15625	G	C	38	10	26	1	1	27	0.0222222	45	0.46988	FALSE	NA	NA	NA	NA	NA	NA
NC_045512.2	15625	G	A	38	10	26	1	1	29	0.0222222	45	0.46988	FALSE	NA	NA	NA	NA	NA	NA
NC_045512.2	15626	A	T	42	14	26	3	3	27	0.0666667	45	0.124952	FALSE	NA	NA	NA	NA	NA	NA
NC_045512.2	15627	G	C	37	9	26	3	3	24	0.0666667	45	0.10369	FALSE	NA	NA	NA	NA	NA	NA
NC_045512.2	15627	G	A	37	9	26	5	5	26	0.111111	45	0.024426	FALSE	NA	NA	NA	NA	NA	NA
NC_045512.2	15628	T	C	41	13	26	3	3	24	0.0666667	45	0.12069	FALSE	NA	NA	NA	NA	NA	NA
NC_045512.2	15628	T	A	41	13	26	1	1	28	0.0222222	45	0.488372	FALSE	NA	NA	NA	NA	NA	NA
NC_045512.2	15629	G	T	42	14	26	2	2	25	0.0454545	44	0.252874	FALSE	NA	NA	NA	NA	NA	NA
NC_045512.2	15630	T	G	41	13	26	1	1	24	0.0212766	47	0.477273	FALSE	NA	NA	NA	NA	NA	NA
NC_045512.2	15630	T	A	41	13	26	5	5	25	0.106383	47	0.0278738	FALSE	NA	NA	NA	NA	NA	NA
NC_045512.2	15631	C	T	38	10	26	6	6	26	0.122449	49	0.00989954	TRUE	NA	NA	NA	NA	NA	NA
NC_045512.2	15631	C	A	38	10	26	5	5	26	0.102041	49	0.020699	FALSE	NA	NA	NA	NA	NA	NA
NC_045512.2	15632	T	G	42	14	26	3	3	23	0.0612245	49	0.109351	FALSE	NA	NA	NA	NA	NA	NA
NC_045512.2	15632	T	C	42	14	26	1	1	31	0.0204082	49	0.472527	FALSE	NA	NA	NA	NA	NA	NA
NC_045512.2	15632	T	A	42	14	26	3	3	27	0.0612245	49	0.109351	FALSE	NA	NA	NA	NA	NA	NA
NC_045512.2	15633	C	T	38	10	27	3	3	23	0.0612245	49	0.0938678	FALSE	NA	NA	NA	NA	NA	NA
NC_045512.2	15633	C	G	38	10	27	6	6	27	0.122449	49	0.00989954	TRUE	NA	NA	NA	NA	NA	NA
NC_045512.2	15633	C	A	38	10	27	2	2	24	0.0408163	49	0.203762	FALSE	NA	NA	NA	NA	NA	NA
NC_045512.2	15634	T	G	46	19	27	1	1	27	0.02	50	0.489583	FALSE	NA	NA	NA	NA	NA	NA
NC_045512.2	15634	T	C	46	19	27	3	2	26	0.06	50	0.121134	FALSE	NA	NA	NA	NA	NA	NA
NC_045512.2	15635	A	T	41	14	26	3	3	28	0.06	50	0.102061	FALSE	NA	NA	NA	NA	NA	NA
NC_045512.2	15635	A	G	41	14	26	3	2	26	0.06	50	0.102061	FALSE	NA	NA	NA	NA	NA	NA
NC_045512.2	15635	A	C	41	14	26	3	3	25	0.06	50	0.102061	FALSE	NA	NA	NA	NA	NA	NA
NC_045512.2	15636	T	C	40	12	27	4	4	25	0.0784314	51	0.0445158	FALSE	NA	NA	NA	NA	NA	NA
NC_045512.2	15636	T	A	40	12	27	7	7	26	0.137255	51	0.00489571	TRUE	NA	NA	NA	NA	NA	NA
NC_045512.2	15637	A	T	39	12	26	5	5	25	0.0980392	51	0.0197848	FALSE	NA	NA	NA	NA	NA	NA
NC_045512.2	15637	A	G	39	12	26	1	1	27	0.0196078	51	0.444444	FALSE	NA	NA	NA	NA	NA	NA
NC_045512.2	15637	A	C	39	12	26	6	6	27	0.117647	51	0.00937175	TRUE	NA	NA	NA	NA	NA	NA
NC_045512.2	15638	G	T	40	12	26	3	3	26	0.06	50	0.098272	FALSE	NA	NA	NA	NA	NA	NA
NC_045512.2	15638	G	C	40	12	26	5	5	26	0.1	50	0.0222579	FALSE	NA	NA	NA	NA	NA	NA
NC_045512.2	15638	G	A	40	12	26	2	2	24	0.04	50	0.210256	FALSE	NA	NA	NA	NA	NA	NA
NC_045512.2	15639	A	T	42	13	26	5	5	25	0.104167	48	0.0279452	FALSE	NA	NA	NA	NA	NA	NA
NC_045512.2	15639	A	G	42	13	26	1	1	29	0.0208333	48	0.477778	FALSE	NA	NA	NA	NA	NA	NA
NC_045512.2	15640	A	T	46	17	27	4	4	27	0.0754717	53	0.0541937	FALSE	NA	NA	NA	NA	NA	NA
NC_045512.2	15640	A	G	46	17	27	2	2	23	0.0377358	53	0.227879	FALSE	NA	NA	NA	NA	NA	NA
NC_045512.2	15640	A	C	46	17	27	1	1	27	0.0188679	53	0.474747	FALSE	NA	NA	NA	NA	NA	NA
NC_045512.2	15641	A	T	37	17	23	3	3	25	0.0681818	44	0.10753	FALSE	NA	NA	NA	NA	NA	NA
NC_045512.2	15641	A	G	37	17	23	1	1	22	0.0227273	44	0.469136	FALSE	NA	NA	NA	NA	NA	NA
NC_045512.2	15641	A	C	37	17	23	3	3	26	0.0681818	44	0.10753	FALSE	NA	NA	NA	NA	NA	NA
NC_045512.2	15642	T	G	46	17	25	2	2	26	0.037037	54	0.223366	FALSE	NA	NA	NA	NA	NA	NA
NC_045512.2	15642	T	A	46	17	25	6	6	26	0.111111	54	0.0126502	FALSE	NA	NA	NA	NA	NA	NA
NC_045512.2	15643	A	T	40	11	26	7	7	26	0.12963	54	0.00392886	TRUE	NA	NA	NA	NA	NA	NA
NC_045512.2	15643	A	G	40	11	26	6	6	24	0.111111	54	0.00835928	TRUE	NA	NA	NA	NA	NA	NA
NC_045512.2	15643	A	C	40	11	26	1	1	27	0.0185185	54	0.43617	FALSE	NA	NA	NA	NA	NA	NA
NC_045512.2	15644	G	T	43	15	26	5	5	25	0.0925926	54	0.0216176	FALSE	NA	NA	NA	NA	NA	NA
NC_045512.2	15644	G	C	43	15	26	2	2	26	0.037037	54	0.20829	FALSE	NA	NA	NA	NA	NA	NA
NC_045512.2	15644	G	A	43	15	26	4	3	24	0.0740741	54	0.0454871	FALSE	NA	NA	NA	NA	NA	NA
NC_045512.2	15645	A	T	43	14	26	4	4	26	0.0769231	52	0.0493774	FALSE	NA	NA	NA	NA	NA	NA
NC_045512.2	15645	A	G	43	14	26	3	3	26	0.0576923	52	0.102957	FALSE	NA	NA	NA	NA	NA	NA
NC_045512.2	15645	A	C	43	14	26	2	2	24	0.0384615	52	0.217105	FALSE	NA	NA	NA	NA	NA	NA
NC_045512.2	15646	G	T	40	11	26	3	3	26	0.0555556	54	0.0863732	FALSE	NA	NA	NA	NA	NA	NA
NC_045512.2	15646	G	C	40	11	26	6	6	25	0.111111	54	0.00835928	TRUE	NA	NA	NA	NA	NA	NA
NC_045512.2	15646	G	A	40	11	26	5	5	24	0.0925926	54	0.0179906	FALSE	NA	NA	NA	NA	NA	NA
NC_045512.2	15647	A	T	43	15	27	1	1	27	0.0188679	53	0.458333	FALSE	NA	NA	NA	NA	NA	NA
NC_045512.2	15647	A	G	43	15	27	7	6	24	0.132075	53	0.00540882	TRUE	NA	NA	NA	NA	NA	NA
NC_045512.2	15647	A	C	43	15	27	2	2	28	0.0377358	53	0.212629	FALSE	NA	NA	NA	NA	NA	NA
NC_045512.2	15648	T	G	41	13	27	4	3	25	0.0754717	53	0.043002	FALSE	NA	NA	NA	NA	NA	NA
NC_045512.2	15648	T	C	41	13	27	3	3	28	0.0566038	53	0.0926932	FALSE	NA	NA	NA	NA	NA	NA
NC_045512.2	15648	T	A	41	13	27	5	5	26	0.0943396	53	0.0201846	FALSE	NA	NA	NA	NA	NA	NA
NC_045512.2	15649	G	T	40	11	26	3	3	26	0.0555556	54	0.0863732	FALSE	NA	NA	NA	NA	NA	NA
NC_045512.2	15649	G	C	40	11	26	3	3	23	0.0555556	54	0.0863732	FALSE	NA	NA	NA	NA	NA	NA
NC_045512.2	15649	G	A	40	11	26	8	8	25	0.148148	54	0.00186718	TRUE	NA	NA	NA	NA	NA	NA
NC_045512.2	15650	T	G	40	11	25	1	1	30	0.0192308	52	0.445652	FALSE	NA	NA	NA	NA	NA	NA
NC_045512.2	15650	T	C	40	11	25	4	4	28	0.0769231	52	0.0426415	FALSE	NA	NA	NA	NA	NA	NA
NC_045512.2	15650	T	A	40	11	25	7	7	26	0.134615	52	0.00454602	TRUE	NA	NA	NA	NA	NA	NA
NC_045512.2	15651	T	G	38	12	23	2	2	25	0.0392157	51	0.194757	FALSE	NA	NA	NA	NA	NA	NA
NC_045512.2	15651	T	C	38	12	23	1	1	27	0.0196078	51	0.438202	FALSE	NA	NA	NA	NA	NA	NA
NC_045512.2	15651	T	A	38	12	23	10	10	26	0.196078	51	0.000467007	TRUE	NA	NA	NA	NA	NA	NA
NC_045512.2	15652	G	T	42	13	26	3	3	26	0.0566038	53	0.0962425	FALSE	NA	NA	NA	NA	NA	NA
NC_045512.2	15652	G	C	42	13	26	2	2	25	0.0377358	53	0.207456	FALSE	NA	NA	NA	NA	NA	NA
NC_045512.2	15652	G	A	42	13	26	6	6	26	0.113208	53	0.0102944	FALSE	NA	NA	NA	NA	NA	NA
NC_045512.2	15653	A	T	44	15	26	7	7	26	0.12963	54	0.00544995	TRUE	NA	NA	NA	NA	NA	NA
NC_045512.2	15653	A	G	44	15	26	2	2	27	0.037037	54	0.213358	FALSE	NA	NA	NA	NA	NA	NA
NC_045512.2	15653	A	C	44	15	26	1	1	24	0.0185185	54	0.459184	FALSE	NA	NA	NA	NA	NA	NA
NC_045512.2	15654	C	T	41	12	26	3	3	27	0.0566038	53	0.0926932	FALSE	NA	NA	NA	NA	NA	NA
NC_045512.2	15654	C	G	41	12	26	1	1	27	0.0188679	53	0.446809	FALSE	NA	NA	NA	NA	NA	NA
NC_045512.2	15654	C	A	41	12	26	8	8	26	0.150943	53	0.00223151	TRUE	NA	NA	NA	NA	NA	NA
NC_045512.2	15655	A	T	40	12	26	7	7	25	0.137255	51	0.00489571	TRUE	NA	NA	NA	NA	NA	NA
NC_045512.2	15655	A	G	40	12	26	2	2	25	0.0392157	51	0.205686	FALSE	NA	NA	NA	NA	NA	NA
NC_045512.2	15655	A	C	40	12	26	2	2	24	0.0392157	51	0.205686	FALSE	NA	NA	NA	NA	NA	NA
NC_045512.2	15656	C	T	39	11	26	5	5	26	0.0925926	54	0.0168514	FALSE	NA	NA	NA	NA	NA	NA
NC_045512.2	15656	C	G	39	11	26	8	8	25	0.148148	54	0.00168983	TRUE	NA	NA	NA	NA	NA	NA
NC_045512.2	15656	C	A	39	11	26	2	2	26	0.037037	54	0.1876	FALSE	NA	NA	NA	NA	NA	NA
NC_045512.2	15657	A	T	41	13	26	9	9	26	0.163636	55	0.000911905	TRUE	NA	NA	NA	NA	NA	NA
NC_045512.2	15657	A	G	41	13	26	2	2	25	0.0363636	55	0.193943	FALSE	NA	NA	NA	NA	NA	NA
NC_045512.2	15657	A	C	41	13	26	3	3	25	0.0545455	55	0.0870766	FALSE	NA	NA	NA	NA	NA	NA
NC_045512.2	15658	G	T	41	13	26	3	3	24	0.0555556	54	0.0898264	FALSE	NA	NA	NA	NA	NA	NA
NC_045512.2	15658	G	C	41	13	26	3	3	23	0.0555556	54	0.0898264	FALSE	NA	NA	NA	NA	NA	NA
NC_045512.2	15658	G	A	41	13	26	7	7	25	0.12963	54	0.00428086	TRUE	NA	NA	NA	NA	NA	NA
NC_045512.2	15659	A	T	41	13	26	4	4	27	0.0769231	52	0.0448515	FALSE	NA	NA	NA	NA	NA	NA
NC_045512.2	15659	A	G	41	13	26	1	1	28	0.0192308	52	0.451613	FALSE	NA	NA	NA	NA	NA	NA
NC_045512.2	15659	A	C	41	13	26	6	6	26	0.115385	52	0.0102008	FALSE	NA	NA	NA	NA	NA	NA
NC_045512.2	15660	C	T	40	13	26	3	3	28	0.0545455	55	0.0837018	FALSE	NA	NA	NA	NA	NA	NA
NC_045512.2	15660	C	G	40	13	26	7	6	25	0.127273	55	0.00365656	TRUE	NA	NA	NA	NA	NA	NA
NC_045512.2	15660	C	A	40	13	26	5	5	24	0.0909091	55	0.017082	FALSE	NA	NA	NA	NA	NA	NA
NC_045512.2	15661	T	G	36	9	25	4	4	26	0.0784314	51	0.0357664	FALSE	NA	NA	NA	NA	NA	NA
NC_045512.2	15661	T	C	36	9	25	4	4	26	0.0784314	51	0.0357664	FALSE	NA	NA	NA	NA	NA	NA
NC_045512.2	15661	T	A	36	9	25	7	7	24	0.137255	51	0.00340146	TRUE	NA	NA	NA	NA	NA	NA
NC_045512.2	15662	T	G	37	10	27	2	2	24	0.0377358	53	0.180952	FALSE	NA	NA	NA	NA	NA	NA
NC_045512.2	15662	T	C	37	10	27	6	6	26	0.113208	53	0.00701461	TRUE	NA	NA	NA	NA	NA	NA
NC_045512.2	15662	T	A	37	10	27	8	8	25	0.150943	53	0.00149151	TRUE	NA	NA	NA	NA	NA	NA
NC_045512.2	15663	T	G	31	13	23	3	3	26	0.0666667	45	0.0786582	FALSE	NA	NA	NA	NA	NA	NA
NC_045512.2	15663	T	C	31	13	23	1	1	27	0.0222222	45	0.421053	FALSE	NA	NA	NA	NA	NA	NA
NC_045512.2	15663	T	A	31	13	23	10	10	26	0.222222	45	0.000358275	TRUE	NA	NA	NA	NA	NA	NA
NC_045512.2	15664	G	T	39	12	26	6	6	24	0.111111	54	0.0077379	TRUE	NA	NA	NA	NA	NA	NA
NC_045512.2	15664	G	C	39	12	26	3	3	26	0.0555556	54	0.082939	FALSE	NA	NA	NA	NA	NA	NA
NC_045512.2	15664	G	A	39	12	26	6	6	26	0.111111	54	0.0077379	TRUE	NA	NA	NA	NA	NA	NA
NC_045512.2	15665	T	G	47	20	26	1	1	27	0.0185185	54	0.475248	FALSE	NA	NA	NA	NA	NA	NA
NC_045512.2	15665	T	A	47	20	26	6	6	27	0.111111	54	0.0134577	FALSE	NA	NA	NA	NA	NA	NA
NC_045512.2	15666	G	T	40	13	26	10	10	27	0.185185	54	0.000435427	TRUE	NA	NA	NA	NA	NA	NA
NC_045512.2	15666	G	C	40	13	26	1	1	27	0.0185185	54	0.43617	FALSE	NA	NA	NA	NA	NA	NA
NC_045512.2	15666	G	A	40	13	26	3	3	25	0.0555556	54	0.0863732	FALSE	NA	NA	NA	NA	NA	NA
NC_045512.2	15667	A	T	42	15	26	6	6	26	0.113208	53	0.0102944	FALSE	NA	NA	NA	NA	NA	NA
NC_045512.2	15667	A	G	42	15	26	4	4	25	0.0754717	53	0.0451751	FALSE	NA	NA	NA	NA	NA	NA
NC_045512.2	15667	A	C	42	15	26	1	1	23	0.0188679	53	0.452632	FALSE	NA	NA	NA	NA	NA	NA
NC_045512.2	15668	A	T	35	13	24	2	2	24	0.0408163	49	0.186555	FALSE	NA	NA	NA	NA	NA	NA
NC_045512.2	15668	A	G	35	13	24	2	2	27	0.0408163	49	0.186555	FALSE	NA	NA	NA	NA	NA	NA
NC_045512.2	15668	A	C	35	13	24	10	10	26	0.204082	49	0.000394853	TRUE	NA	NA	NA	NA	NA	NA
NC_045512.2	15669	T	G	42	15	26	3	3	26	0.0555556	54	0.0932963	FALSE	NA	NA	NA	NA	NA	NA
NC_045512.2	15669	T	C	42	15	26	5	5	26	0.0925926	54	0.0203744	FALSE	NA	NA	NA	NA	NA	NA
NC_045512.2	15669	T	A	42	15	26	4	4	23	0.0740741	54	0.0433498	FALSE	NA	NA	NA	NA	NA	NA
NC_045512.2	15670	G	T	39	13	26	3	3	28	0.0555556	54	0.082939	FALSE	NA	NA	NA	NA	NA	NA
NC_045512.2	15670	G	C	39	13	26	5	5	25	0.0925926	54	0.0168514	FALSE	NA	NA	NA	NA	NA	NA
NC_045512.2	15670	G	A	39	13	26	7	7	26	0.12963	54	0.00359539	TRUE	NA	NA	NA	NA	NA	NA
NC_045512.2	15671	A	T	42	16	26	5	5	27	0.0925926	54	0.0203744	FALSE	NA	NA	NA	NA	NA	NA
NC_045512.2	15671	A	G	42	16	26	2	2	26	0.037037	54	0.203179	FALSE	NA	NA	NA	NA	NA	NA
NC_045512.2	15671	A	C	42	16	26	5	5	27	0.0925926	54	0.0203744	FALSE	NA	NA	NA	NA	NA	NA
NC_045512.2	15672	G	T	37	11	25	3	3	28	0.0555556	54	0.076137	FALSE	NA	NA	NA	NA	NA	NA
NC_045512.2	15672	G	C	37	11	25	4	4	25	0.0740741	54	0.0332087	FALSE	NA	NA	NA	NA	NA	NA
NC_045512.2	15672	G	A	37	11	25	10	10	26	0.185185	54	0.000299132	TRUE	NA	NA	NA	NA	NA	NA
NC_045512.2	15673	T	G	30	9	25	2	2	27	0.0454545	44	0.178739	FALSE	NA	NA	NA	NA	NA	NA
NC_045512.2	15673	T	C	30	9	25	7	6	25	0.159091	44	0.00324092	TRUE	NA	NA	NA	NA	NA	NA
NC_045512.2	15673	T	A	30	9	25	5	5	24	0.113636	44	0.0153773	FALSE	NA	NA	NA	NA	NA	NA
NC_045512.2	15674	T	G	32	11	26	3	3	26	0.0625	48	0.0739047	FALSE	NA	NA	NA	NA	NA	NA
NC_045512.2	15674	T	C	32	11	26	3	2	25	0.0625	48	0.0739047	FALSE	NA	NA	NA	NA	NA	NA
NC_045512.2	15674	T	A	32	11	26	10	10	26	0.208333	48	0.000289368	TRUE	NA	NA	NA	NA	NA	NA
NC_045512.2	15675	T	G	33	11	26	6	6	26	0.125	48	0.00693946	TRUE	NA	NA	NA	NA	NA	NA
NC_045512.2	15675	T	C	33	11	26	4	4	26	0.0833333	48	0.0342291	FALSE	NA	NA	NA	NA	NA	NA
NC_045512.2	15675	T	A	33	11	26	5	5	28	0.104167	48	0.0153024	FALSE	NA	NA	NA	NA	NA	NA
NC_045512.2	15676	T	G	21	15	25	4	4	26	0.117647	34	0.0298159	FALSE	NA	NA	NA	NA	NA	NA
NC_045512.2	15676	T	C	21	15	25	1	1	31	0.0294118	34	0.4	FALSE	NA	NA	NA	NA	NA	NA
NC_045512.2	15676	T	A	21	15	25	8	8	26	0.235294	34	0.00126945	TRUE	NA	NA	NA	NA	NA	NA
NC_045512.2	15677	A	T	36	14	26	6	6	26	0.12	50	0.00786989	TRUE	NA	NA	NA	NA	NA	NA
NC_045512.2	15677	A	G	36	14	26	3	3	26	0.06	50	0.0832817	FALSE	NA	NA	NA	NA	NA	NA
NC_045512.2	15677	A	C	36	14	26	5	5	27	0.1	50	0.0170514	FALSE	NA	NA	NA	NA	NA	NA
NC_045512.2	15678	C	T	34	12	27	6	6	25	0.122449	49	0.00708278	TRUE	NA	NA	NA	NA	NA	NA
NC_045512.2	15678	C	G	34	12	27	2	2	26	0.0408163	49	0.180723	FALSE	NA	NA	NA	NA	NA	NA
NC_045512.2	15678	C	A	34	12	27	7	7	25	0.142857	49	0.00326285	TRUE	NA	NA	NA	NA	NA	NA
NC_045512.2	15679	G	T	34	12	26	8	8	28	0.16	50	0.0013888	TRUE	NA	NA	NA	NA	NA	NA
NC_045512.2	15679	G	C	34	12	26	3	3	26	0.06	50	0.0759234	FALSE	NA	NA	NA	NA	NA	NA
NC_045512.2	15679	G	A	34	12	26	5	5	25	0.1	50	0.0146968	FALSE	NA	NA	NA	NA	NA	NA
NC_045512.2	15680	C	T	35	13	26	9	9	27	0.18	50	0.00073706	TRUE	NA	NA	NA	NA	NA	NA
NC_045512.2	15680	C	G	35	13	26	1	1	28	0.02	50	0.423529	FALSE	NA	NA	NA	NA	NA	NA
NC_045512.2	15680	C	A	35	13	26	5	5	25	0.1	50	0.0158527	FALSE	NA	NA	NA	NA	NA	NA
NC_045512.2	15681	A	T	37	16	26	7	7	27	0.142857	49	0.00437422	TRUE	NA	NA	NA	NA	NA	NA
NC_045512.2	15681	A	G	37	16	26	2	1	25	0.0408163	49	0.198075	FALSE	NA	NA	NA	NA	NA	NA
NC_045512.2	15681	A	C	37	16	26	3	3	25	0.0612245	49	0.0900343	FALSE	NA	NA	NA	NA	NA	NA
NC_045512.2	15682	T	C	37	16	26	8	8	27	0.163265	49	0.00211656	TRUE	NA	NA	NA	NA	NA	NA
NC_045512.2	15682	T	A	37	16	26	4	4	28	0.0816327	49	0.0414765	FALSE	NA	NA	NA	NA	NA	NA
NC_045512.2	15683	A	T	36	15	25	5	5	28	0.102041	49	0.0180545	FALSE	NA	NA	NA	NA	NA	NA
NC_045512.2	15683	A	G	36	15	25	6	6	27	0.122449	49	0.00842541	TRUE	NA	NA	NA	NA	NA	NA
NC_045512.2	15683	A	C	36	15	25	2	2	28	0.0408163	49	0.192339	FALSE	NA	NA	NA	NA	NA	NA
NC_045512.2	15683	A	-T	36	15	25	1	0	20	0.0204082	49	0.435294	FALSE	NA	NA	NA	NA	NA	NA
NC_045512.2	15684	T	G	27	6	25	3	3	27	0.0666667	45	0.0626311	FALSE	NA	NA	NA	NA	NA	NA
NC_045512.2	15684	T	C	27	6	25	5	5	27	0.111111	45	0.0109	FALSE	NA	NA	NA	NA	NA	NA
NC_045512.2	15684	T	A	27	6	25	10	10	28	0.222222	45	0.000185441	TRUE	NA	NA	NA	NA	NA	NA
NC_045512.2	15685	T	G	32	11	26	5	5	25	0.104167	48	0.0141195	FALSE	NA	NA	NA	NA	NA	NA
NC_045512.2	15685	T	C	32	11	26	4	4	27	0.0833333	48	0.032055	FALSE	NA	NA	NA	NA	NA	NA
NC_045512.2	15685	T	A	32	11	26	7	7	24	0.145833	48	0.00286253	TRUE	NA	NA	NA	NA	NA	NA
NC_045512.2	15686	T	G	23	13	24	3	3	29	0.0789474	38	0.065473	FALSE	NA	NA	NA	NA	NA	NA
NC_045512.2	15686	T	C	23	13	24	1	1	22	0.0263158	38	0.393443	FALSE	NA	NA	NA	NA	NA	NA
NC_045512.2	15686	T	A	23	13	24	11	11	27	0.289474	38	0.000111733	TRUE	NA	NA	NA	NA	NA	NA
NC_045512.2	15687	G	T	38	17	25	3	3	23	0.0625	48	0.0971422	FALSE	NA	NA	NA	NA	NA	NA
NC_045512.2	15687	G	C	38	17	25	4	4	28	0.0833333	48	0.0458424	FALSE	NA	NA	NA	NA	NA	NA
NC_045512.2	15687	G	A	38	17	25	3	3	29	0.0625	48	0.0971422	FALSE	NA	NA	NA	NA	NA	NA
NC_045512.2	15688	C	T	32	12	26	8	8	27	0.170213	47	0.00144938	TRUE	NA	NA	NA	NA	NA	NA
NC_045512.2	15688	C	G	32	12	26	1	1	28	0.0212766	47	0.417722	FALSE	NA	NA	NA	NA	NA	NA
NC_045512.2	15688	C	A	32	12	26	6	6	26	0.12766	47	0.00679165	TRUE	NA	NA	NA	NA	NA	NA
NC_045512.2	15689	G	T	32	12	26	7	7	26	0.145833	48	0.00286253	TRUE	NA	NA	NA	NA	NA	NA
NC_045512.2	15689	G	C	32	12	26	6	6	26	0.125	48	0.00631224	TRUE	NA	NA	NA	NA	NA	NA
NC_045512.2	15689	G	A	32	12	26	3	3	26	0.0625	48	0.0739047	FALSE	NA	NA	NA	NA	NA	NA
NC_045512.2	15690	T	C	37	17	26	2	2	28	0.0416667	48	0.202736	FALSE	NA	NA	NA	NA	NA	NA
NC_045512.2	15690	T	A	37	17	26	9	9	26	0.1875	48	0.00114543	TRUE	NA	NA	NA	NA	NA	NA
NC_045512.2	15691	A	T	30	10	26	7	7	27	0.148936	47	0.00247969	TRUE	NA	NA	NA	NA	NA	NA
NC_045512.2	15691	A	G	30	10	26	1	1	32	0.0212766	47	0.402597	FALSE	NA	NA	NA	NA	NA	NA
NC_045512.2	15691	A	C	30	10	26	9	9	26	0.191489	47	0.000514692	TRUE	NA	NA	NA	NA	NA	NA
NC_045512.2	15692	A	T	37	17	27	8	8	26	0.166667	48	0.00231576	TRUE	NA	NA	NA	NA	NA	NA
NC_045512.2	15692	A	G	37	17	27	2	2	28	0.0416667	48	0.202736	FALSE	NA	NA	NA	NA	NA	NA
NC_045512.2	15692	A	C	37	17	27	1	1	28	0.0208333	48	0.447059	FALSE	NA	NA	NA	NA	NA	NA
NC_045512.2	15693	A	T	32	17	25	5	5	26	0.119048	42	0.0206478	FALSE	NA	NA	NA	NA	NA	NA
NC_045512.2	15693	A	G	32	17	25	3	3	28	0.0714286	42	0.093101	FALSE	NA	NA	NA	NA	NA	NA
NC_045512.2	15693	A	C	32	17	25	2	2	25	0.047619	42	0.202162	FALSE	NA	NA	NA	NA	NA	NA
NC_045512.2	15694	C	T	31	12	27	8	8	26	0.170213	47	0.00127843	TRUE	NA	NA	NA	NA	NA	NA
NC_045512.2	15694	C	G	31	12	27	4	4	23	0.0851064	47	0.0314713	FALSE	NA	NA	NA	NA	NA	NA
NC_045512.2	15694	C	A	31	12	27	4	4	28	0.0851064	47	0.0314713	FALSE	NA	NA	NA	NA	NA	NA
NC_045512.2	15695	A	T	37	18	27	4	4	25	0.0851064	47	0.0454963	FALSE	NA	NA	NA	NA	NA	NA
NC_045512.2	15695	A	G	37	18	27	5	5	27	0.106383	47	0.0217141	FALSE	NA	NA	NA	NA	NA	NA
NC_045512.2	15695	A	C	37	18	27	1	1	26	0.0212766	47	0.452381	FALSE	NA	NA	NA	NA	NA	NA
NC_045512.2	15696	T	G	31	12	26	6	6	25	0.139535	43	0.00836365	TRUE	NA	NA	NA	NA	NA	NA
NC_045512.2	15696	T	C	31	12	26	2	2	25	0.0465116	43	0.19027	FALSE	NA	NA	NA	NA	NA	NA
NC_045512.2	15696	T	A	31	12	26	4	4	26	0.0930233	43	0.0386913	FALSE	NA	NA	NA	NA	NA	NA
NC_045512.2	15697	T	G	34	15	28	5	5	27	0.108696	46	0.0186498	FALSE	NA	NA	NA	NA	NA	NA
NC_045512.2	15697	T	C	34	15	28	1	1	21	0.0217391	46	0.4375	FALSE	NA	NA	NA	NA	NA	NA
NC_045512.2	15697	T	A	34	15	28	6	6	24	0.130435	46	0.00877638	TRUE	NA	NA	NA	NA	NA	NA
NC_045512.2	15698	T	G	27	13	25	7	7	26	0.166667	42	0.00271037	TRUE	NA	NA	NA	NA	NA	NA
NC_045512.2	15698	T	C	27	13	25	1	1	26	0.0238095	42	0.405797	FALSE	NA	NA	NA	NA	NA	NA
NC_045512.2	15698	T	A	27	13	25	7	7	26	0.166667	42	0.00271037	TRUE	NA	NA	NA	NA	NA	NA
NC_045512.2	15699	C	T	29	10	27	6	6	25	0.130435	46	0.00540153	TRUE	NA	NA	NA	NA	NA	NA
NC_045512.2	15699	C	G	29	10	27	4	4	26	0.0869565	46	0.0286871	FALSE	NA	NA	NA	NA	NA	NA
NC_045512.2	15699	C	A	29	10	27	7	7	27	0.152174	46	0.00240068	TRUE	NA	NA	NA	NA	NA	NA
NC_045512.2	15700	T	G	37	19	27	1	1	34	0.0217391	46	0.457831	FALSE	NA	NA	NA	NA	NA	NA
NC_045512.2	15700	T	C	37	19	27	5	5	25	0.108696	46	0.0230222	FALSE	NA	NA	NA	NA	NA	NA
NC_045512.2	15700	T	A	37	19	27	3	3	26	0.0652174	46	0.10003	FALSE	NA	NA	NA	NA	NA	NA
NC_045512.2	15701	C	T	29	11	26	5	5	24	0.111111	45	0.0131806	FALSE	NA	NA	NA	NA	NA	NA
NC_045512.2	15701	C	G	29	11	26	6	6	25	0.133333	45	0.00583949	TRUE	NA	NA	NA	NA	NA	NA
NC_045512.2	15701	C	A	29	11	26	5	5	27	0.111111	45	0.0131806	FALSE	NA	NA	NA	NA	NA	NA
NC_045512.2	15701	C	+T	29	11	26	1	0	20	0.0222222	45	0.405405	FALSE	NA	NA	NA	NA	NA	NA
NC_045512.2	15702	A	T	29	11	25	7	7	26	0.166667	42	0.00347125	TRUE	NA	NA	NA	NA	NA	NA
NC_045512.2	15702	A	G	29	11	25	4	4	28	0.0952381	42	0.0355632	FALSE	NA	NA	NA	NA	NA	NA
NC_045512.2	15702	A	C	29	11	25	2	2	25	0.047619	42	0.181925	FALSE	NA	NA	NA	NA	NA	NA
NC_045512.2	15703	A	T	24	15	25	6	6	26	0.162162	37	0.00653514	TRUE	NA	NA	NA	NA	NA	NA
NC_045512.2	15703	A	G	24	15	25	3	3	28	0.0810811	37	0.0736572	FALSE	NA	NA	NA	NA	NA	NA
NC_045512.2	15703	A	C	24	15	25	4	4	27	0.108108	37	0.032225	FALSE	NA	NA	NA	NA	NA	NA
NC_045512.2	15704	T	G	31	15	26	5	5	28	0.116279	43	0.0167273	FALSE	NA	NA	NA	NA	NA	NA
NC_045512.2	15704	T	A	31	15	26	7	7	27	0.162791	43	0.00362941	TRUE	NA	NA	NA	NA	NA	NA
NC_045512.2	15705	G	T	29	12	26	6	6	26	0.133333	45	0.00583949	TRUE	NA	NA	NA	NA	NA	NA
NC_045512.2	15705	G	C	29	12	26	4	4	25	0.0888889	45	0.0302378	FALSE	NA	NA	NA	NA	NA	NA
NC_045512.2	15705	G	A	29	12	26	6	6	27	0.133333	45	0.00583949	TRUE	NA	NA	NA	NA	NA	NA
NC_045512.2	15706	A	T	33	16	26	7	7	26	0.155556	45	0.00411615	TRUE	NA	NA	NA	NA	NA	NA
NC_045512.2	15706	A	G	33	16	26	4	4	27	0.0888889	45	0.0396967	FALSE	NA	NA	NA	NA	NA	NA
NC_045512.2	15706	A	C	33	16	26	1	1	27	0.0222222	45	0.435897	FALSE	NA	NA	NA	NA	NA	NA
NC_045512.2	15707	T	G	29	12	27	8	8	26	0.177778	45	0.00120034	TRUE	NA	NA	NA	NA	NA	NA
NC_045512.2	15707	T	C	29	12	27	1	1	28	0.0222222	45	0.405405	FALSE	NA	NA	NA	NA	NA	NA
NC_045512.2	15707	T	A	29	12	27	7	7	26	0.155556	45	0.00262777	TRUE	NA	NA	NA	NA	NA	NA
NC_045512.2	15708	G	T	30	13	27	6	6	25	0.142857	42	0.00821528	TRUE	NA	NA	NA	NA	NA	NA
NC_045512.2	15708	G	C	30	13	27	1	1	27	0.0238095	42	0.430556	FALSE	NA	NA	NA	NA	NA	NA
NC_045512.2	15708	G	A	30	13	27	5	5	27	0.119048	42	0.0175716	FALSE	NA	NA	NA	NA	NA	NA
NC_045512.2	15709	A	T	31	14	27	9	9	27	0.204545	44	0.000831896	TRUE	NA	NA	NA	NA	NA	NA
NC_045512.2	15709	A	G	31	14	27	1	1	26	0.0227273	44	0.426667	FALSE	NA	NA	NA	NA	NA	NA
NC_045512.2	15709	A	C	31	14	27	3	3	27	0.0681818	44	0.0818045	FALSE	NA	NA	NA	NA	NA	NA
NC_045512.2	15710	T	G	33	16	27	7	7	26	0.155556	45	0.00411615	TRUE	NA	NA	NA	NA	NA	NA
NC_045512.2	15710	T	A	33	16	27	5	5	26	0.111111	45	0.018396	FALSE	NA	NA	NA	NA	NA	NA
NC_045512.2	15711	A	T	32	15	27	9	9	26	0.204545	44	0.000951667	TRUE	NA	NA	NA	NA	NA	NA
NC_045512.2	15711	A	G	32	15	27	2	2	28	0.0454545	44	0.191729	FALSE	NA	NA	NA	NA	NA	NA
NC_045512.2	15711	A	C	32	15	27	1	1	26	0.0227273	44	0.434211	FALSE	NA	NA	NA	NA	NA	NA
NC_045512.2	15712	C	T	31	14	26	3	3	27	0.0666667	45	0.0786582	FALSE	NA	NA	NA	NA	NA	NA
NC_045512.2	15712	C	G	31	14	26	3	3	26	0.0666667	45	0.0786582	FALSE	NA	NA	NA	NA	NA	NA
NC_045512.2	15712	C	A	31	14	26	8	8	26	0.177778	45	0.00155981	TRUE	NA	NA	NA	NA	NA	NA
NC_045512.2	15713	T	G	27	10	25	6	6	27	0.139535	43	0.00550045	TRUE	NA	NA	NA	NA	NA	NA
NC_045512.2	15713	T	C	27	10	25	2	2	26	0.0465116	43	0.16338	FALSE	NA	NA	NA	NA	NA	NA
NC_045512.2	15713	T	A	27	10	25	8	8	24	0.186047	43	0.00111851	TRUE	NA	NA	NA	NA	NA	NA
NC_045512.2	15714	C	T	6	6	27	29	12	27	0.644444	45	4.87907e-16	TRUE	NA	NA	NA	NA	NA	NA
NC_045512.2	15714	C	G	6	6	27	3	3	25	0.0666667	45	0.00358576	TRUE	NA	NA	NA	NA	NA	NA
NC_045512.2	15714	C	A	6	6	27	7	7	25	0.155556	45	6.49051e-06	TRUE	NA	NA	NA	NA	NA	NA
NC_045512.2	15715	T	G	25	13	24	4	4	25	0.1	40	0.0291643	FALSE	NA	NA	NA	NA	NA	NA
NC_045512.2	15715	T	C	25	13	24	2	2	27	0.05	40	0.163636	FALSE	NA	NA	NA	NA	NA	NA
NC_045512.2	15715	T	A	25	13	24	9	9	25	0.225	40	0.000540278	TRUE	NA	NA	NA	NA	NA	NA
NC_045512.2	15716	C	T	27	10	26	3	3	28	0.0666667	45	0.0626311	FALSE	NA	NA	NA	NA	NA	NA
NC_045512.2	15716	C	G	27	10	26	6	6	26	0.133333	45	0.00467143	TRUE	NA	NA	NA	NA	NA	NA
NC_045512.2	15716	C	A	27	10	26	9	9	26	0.2	45	0.000405964	TRUE	NA	NA	NA	NA	NA	NA
NC_045512.2	15717	T	G	34	17	27	2	2	26	0.0454545	44	0.204479	FALSE	NA	NA	NA	NA	NA	NA
NC_045512.2	15717	T	A	34	17	27	8	8	27	0.181818	44	0.0024526	TRUE	NA	NA	NA	NA	NA	NA
NC_045512.2	15718	G	T	32	15	27	5	5	25	0.111111	45	0.0170129	FALSE	NA	NA	NA	NA	NA	NA
NC_045512.2	15718	G	C	32	15	27	3	3	26	0.0666667	45	0.0827653	FALSE	NA	NA	NA	NA	NA	NA
NC_045512.2	15718	G	A	32	15	27	5	5	28	0.111111	45	0.0170129	FALSE	NA	NA	NA	NA	NA	NA
NC_045512.2	15719	A	T	29	12	26	6	6	23	0.136364	44	0.00631945	TRUE	NA	NA	NA	NA	NA	NA
NC_045512.2	15719	A	G	29	12	26	7	7	25	0.159091	44	0.00287975	TRUE	NA	NA	NA	NA	NA	NA
NC_045512.2	15719	A	C	29	12	26	2	2	25	0.0454545	44	0.172158	FALSE	NA	NA	NA	NA	NA	NA
NC_045512.2	15720	C	T	27	10	26	8	8	26	0.186047	43	0.00111851	TRUE	NA	NA	NA	NA	NA	NA
NC_045512.2	15720	C	G	27	10	26	3	3	28	0.0697674	43	0.0680751	FALSE	NA	NA	NA	NA	NA	NA
NC_045512.2	15720	C	A	27	10	26	5	5	25	0.116279	43	0.012501	FALSE	NA	NA	NA	NA	NA	NA
NC_045512.2	15721	G	T	31	15	26	8	8	26	0.181818	44	0.00172618	TRUE	NA	NA	NA	NA	NA	NA
NC_045512.2	15721	G	C	31	15	26	1	1	27	0.0227273	44	0.426667	FALSE	NA	NA	NA	NA	NA	NA
NC_045512.2	15721	G	A	31	15	26	4	4	26	0.0909091	44	0.0367072	FALSE	NA	NA	NA	NA	NA	NA
NC_045512.2	15722	A	T	32	16	26	6	6	23	0.136364	44	0.00850644	TRUE	NA	NA	NA	NA	NA	NA
NC_045512.2	15722	A	G	32	16	26	5	5	26	0.113636	44	0.0181321	FALSE	NA	NA	NA	NA	NA	NA
NC_045512.2	15722	A	C	32	16	26	1	1	28	0.0227273	44	0.434211	FALSE	NA	NA	NA	NA	NA	NA
NC_045512.2	15723	T	G	35	19	27	2	2	25	0.0454545	44	0.210759	FALSE	NA	NA	NA	NA	NA	NA
NC_045512.2	15723	T	C	35	19	27	4	4	27	0.0909091	44	0.0470258	FALSE	NA	NA	NA	NA	NA	NA
NC_045512.2	15723	T	A	35	19	27	3	3	29	0.0681818	44	0.0988748	FALSE	NA	NA	NA	NA	NA	NA
NC_045512.2	15724	G	T	32	16	27	4	4	27	0.0909091	44	0.0392046	FALSE	NA	NA	NA	NA	NA	NA
NC_045512.2	15724	G	C	32	16	27	2	2	27	0.0454545	44	0.191729	FALSE	NA	NA	NA	NA	NA	NA
NC_045512.2	15724	G	A	32	16	27	6	6	29	0.136364	44	0.00850644	TRUE	NA	NA	NA	NA	NA	NA
NC_045512.2	15725	C	T	27	12	27	7	6	28	0.159091	44	0.00223702	TRUE	NA	NA	NA	NA	NA	NA
NC_045512.2	15725	C	G	27	12	27	4	4	26	0.0909091	44	0.027346	FALSE	NA	NA	NA	NA	NA	NA
NC_045512.2	15725	C	A	27	12	27	6	6	23	0.136364	44	0.0050662	TRUE	NA	NA	NA	NA	NA	NA
NC_045512.2	15726	T	G	26	10	26	3	3	26	0.0697674	43	0.0639314	FALSE	NA	NA	NA	NA	NA	NA
NC_045512.2	15726	T	C	26	10	26	2	2	26	0.0465116	43	0.156522	FALSE	NA	NA	NA	NA	NA	NA
NC_045512.2	15726	T	A	26	10	26	12	12	26	0.27907	43	4.49399e-05	TRUE	NA	NA	NA	NA	NA	NA
NC_045512.2	15727	G	T	29	14	27	4	4	24	0.0930233	43	0.0336665	FALSE	NA	NA	NA	NA	NA	NA
NC_045512.2	15727	G	C	29	14	27	3	3	27	0.0697674	43	0.0765149	FALSE	NA	NA	NA	NA	NA	NA
NC_045512.2	15727	G	A	29	14	27	7	7	25	0.162791	43	0.00315972	TRUE	NA	NA	NA	NA	NA	NA
NC_045512.2	15728	T	G	26	10	26	6	6	25	0.139535	43	0.0048917	TRUE	NA	NA	NA	NA	NA	NA
NC_045512.2	15728	T	C	26	10	26	4	4	26	0.0930233	43	0.0266381	FALSE	NA	NA	NA	NA	NA	NA
NC_045512.2	15728	T	A	26	10	26	7	7	27	0.162791	43	0.00215235	TRUE	NA	NA	NA	NA	NA	NA
NC_045512.2	15729	T	G	28	15	25	1	1	29	0.0243902	41	0.42029	FALSE	NA	NA	NA	NA	NA	NA
NC_045512.2	15729	T	C	28	15	25	6	6	25	0.146341	41	0.00725991	TRUE	NA	NA	NA	NA	NA	NA
NC_045512.2	15729	T	A	28	15	25	6	6	25	0.146341	41	0.00725991	TRUE	NA	NA	NA	NA	NA	NA
NC_045512.2	15730	G	T	32	16	26	3	3	25	0.0697674	43	0.0894737	FALSE	NA	NA	NA	NA	NA	NA
NC_045512.2	15730	G	C	32	16	26	3	3	26	0.0697674	43	0.0894737	FALSE	NA	NA	NA	NA	NA	NA
NC_045512.2	15730	G	A	32	16	26	5	5	25	0.116279	43	0.019341	FALSE	NA	NA	NA	NA	NA	NA
NC_045512.2	15731	T	G	35	19	26	2	2	25	0.0487805	41	0.227614	FALSE	NA	NA	NA	NA	NA	NA
NC_045512.2	15731	T	C	35	19	26	1	1	27	0.0243902	41	0.473684	FALSE	NA	NA	NA	NA	NA	NA
NC_045512.2	15731	T	A	35	19	26	3	3	25	0.0731707	41	0.110889	FALSE	NA	NA	NA	NA	NA	NA
NC_045512.2	15732	G	T	28	12	27	10	10	26	0.232558	43	0.000287116	TRUE	NA	NA	NA	NA	NA	NA
NC_045512.2	15732	G	C	28	12	27	2	2	26	0.0465116	43	0.170188	FALSE	NA	NA	NA	NA	NA	NA
NC_045512.2	15732	G	A	28	12	27	3	3	24	0.0697674	43	0.0722715	FALSE	NA	NA	NA	NA	NA	NA
NC_045512.2	15733	T	G	34	18	26	6	6	26	0.142857	42	0.0118271	FALSE	NA	NA	NA	NA	NA	NA
NC_045512.2	15733	T	A	34	18	26	2	2	24	0.047619	42	0.215311	FALSE	NA	NA	NA	NA	NA	NA
NC_045512.2	15734	G	T	26	11	24	10	10	27	0.238095	42	0.000231712	TRUE	NA	NA	NA	NA	NA	NA
NC_045512.2	15734	G	C	26	11	24	2	2	28	0.047619	42	0.161125	FALSE	NA	NA	NA	NA	NA	NA
NC_045512.2	15734	G	A	26	11	24	4	4	27	0.0952381	42	0.028205	FALSE	NA	NA	NA	NA	NA	NA
NC_045512.2	15735	T	G	25	15	24	2	2	26	0.0571429	35	0.191803	FALSE	NA	NA	NA	NA	NA	NA
NC_045512.2	15735	T	C	25	15	24	3	3	27	0.0857143	35	0.0866208	FALSE	NA	NA	NA	NA	NA	NA
NC_045512.2	15735	T	A	25	15	24	5	5	25	0.142857	35	0.0186905	FALSE	NA	NA	NA	NA	NA	NA
NC_045512.2	15736	T	G	23	13	26	5	5	27	0.135135	37	0.01289	FALSE	NA	NA	NA	NA	NA	NA
NC_045512.2	15736	T	C	23	13	26	4	4	27	0.108108	37	0.0294629	FALSE	NA	NA	NA	NA	NA	NA
NC_045512.2	15736	T	A	23	13	26	5	5	26	0.135135	37	0.01289	FALSE	NA	NA	NA	NA	NA	NA
NC_045512.2	15737	T	G	19	13	27	4	4	27	0.117647	34	0.024109	FALSE	NA	NA	NA	NA	NA	NA
NC_045512.2	15737	T	C	19	13	27	5	5	27	0.147059	34	0.0101512	FALSE	NA	NA	NA	NA	NA	NA
NC_045512.2	15737	T	A	19	13	27	6	6	24	0.176471	34	0.0043755	TRUE	NA	NA	NA	NA	NA	NA
NC_045512.2	15737	T	-C	19	13	27	1	0	20	0.0294118	34	0.377358	FALSE	NA	NA	NA	NA	NA	NA
NC_045512.2	15738	C	T	4	4	26	16	13	26	0.533333	30	4.6752e-10	TRUE	NA	NA	NA	NA	NA	NA
NC_045512.2	15738	C	G	4	4	26	5	5	27	0.166667	30	0.000168135	TRUE	NA	NA	NA	NA	NA	NA
NC_045512.2	15738	C	A	4	4	26	5	5	27	0.166667	30	0.000168135	TRUE	NA	NA	NA	NA	NA	NA
NC_045512.2	15739	A	T	16	8	24	2	2	26	0.0909091	22	0.206478	FALSE	NA	NA	NA	NA	NA	NA
NC_045512.2	15739	A	G	16	8	24	4	4	28	0.181818	22	0.0478424	FALSE	NA	NA	NA	NA	NA	NA
NC_045512.2	15740	A	G	16	11	25	2	2	26	0.105263	19	0.242857	FALSE	NA	NA	NA	NA	NA	NA
NC_045512.2	15740	A	C	16	11	25	1	1	27	0.0526316	19	0.485714	FALSE	NA	NA	NA	NA	NA	NA
NC_045512.2	15741	T	C	17	9	27	2	2	27	0.0909091	22	0.219231	FALSE	NA	NA	NA	NA	NA	NA
NC_045512.2	15741	T	A	17	9	27	3	3	27	0.136364	22	0.106942	FALSE	NA	NA	NA	NA	NA	NA
NC_045512.2	15742	A	T	17	9	27	4	4	25	0.181818	22	0.0534709	FALSE	NA	NA	NA	NA	NA	NA
NC_045512.2	15742	A	G	17	9	27	1	1	25	0.0454545	22	0.461538	FALSE	NA	NA	NA	NA	NA	NA
NC_045512.2	15743	G	T	18	10	27	2	2	26	0.0952381	21	0.24359	FALSE	NA	NA	NA	NA	NA	NA
NC_045512.2	15743	G	A	18	10	27	1	1	24	0.047619	21	0.487179	FALSE	NA	NA	NA	NA	NA	NA
NC_045512.2	15744	C	T	17	9	26	3	3	26	0.142857	21	0.115385	FALSE	NA	NA	NA	NA	NA	NA
NC_045512.2	15744	C	A	17	9	26	1	1	31	0.047619	21	0.473684	FALSE	NA	NA	NA	NA	NA	NA
NC_045512.2	15745	A	T	5	1	25	2	2	25	0.285714	7	0.269231	FALSE	NA	NA	NA	NA	NA	NA
NC_045512.2	15746	C	T	4	0	25	1	1	24	0.166667	6	0.5	FALSE	NA	NA	NA	NA	NA	NA
NC_045512.2	15746	C	A	4	0	25	1	1	29	0.166667	6	0.5	FALSE	NA	NA	NA	NA	NA	NA
NC_045512.2	15747	T	G	4	0	27	1	1	23	0.2	5	0.555556	FALSE	NA	NA	NA	NA	NA	NA
NC_045512.2	15748	T	C	3	0	22	1	1	27	0.25	4	0.571429	FALSE	NA	NA	NA	NA	NA	NA
NC_045512.2	15749	A	G	3	0	27	1	1	28	0.25	4	0.571429	FALSE	NA	NA	NA	NA	NA	NA
NC_045512.2	15751	G	A	4	1	27	1	1	22	0.2	5	0.555556	FALSE	NA	NA	NA	NA	NA	NA
NC_045512.2	15752	C	A	3	0	27	2	2	28	0.4	5	0.277778	FALSE	NA	NA	NA	NA	NA	NA
NC_045512.2	15753	A	G	4	1	28	1	1	27	0.2	5	0.555556	FALSE	NA	NA	NA	NA	NA	NA
NC_045512.2	15754	T	C	4	1	26	1	1	28	0.2	5	0.555556	FALSE	NA	NA	NA	NA	NA	NA
NC_045512.2	15755	C	G	3	0	27	1	1	23	0.2	5	0.5	FALSE	NA	NA	NA	NA	NA	NA
NC_045512.2	15755	C	A	3	0	27	1	1	27	0.2	5	0.5	FALSE	NA	NA	NA	NA	NA	NA
NC_045512.2	15757	C	T	4	1	25	1	1	28	0.2	5	0.555556	FALSE	NA	NA	NA	NA	NA	NA
NC_045512.2	15758	A	T	3	0	24	2	2	27	0.4	5	0.277778	FALSE	NA	NA	NA	NA	NA	NA
NC_045512.2	15759	A	G	0	0	0	1	0	22	0.333333	3	0.333333	FALSE	NA	NA	NA	NA	NA	NA
NC_045512.2	15759	A	C	0	0	0	2	2	29	0.666667	3	0.166667	FALSE	NA	NA	NA	NA	NA	NA
NC_045512.2	15760	G	T	0	0	0	2	2	27	1	2	0.333333	FALSE	NA	NA	NA	NA	NA	NA
NC_045512.2	15761	G	C	0	0	0	1	1	23	0.5	2	0.5	FALSE	NA	NA	NA	NA	NA	NA
NC_045512.2	15761	G	A	0	0	0	1	1	28	0.5	2	0.5	FALSE	NA	NA	NA	NA	NA	NA
NC_045512.2	15763	C	A	0	0	0	2	2	25	1	2	0.333333	FALSE	NA	NA	NA	NA	NA	NA
NC_045512.2	15764	T	G	1	1	23	1	1	27	0.5	2	0.666667	FALSE	NA	NA	NA	NA	NA	NA
NC_045512.2	15765	A	G	1	1	22	1	1	27	0.5	2	0.666667	FALSE	NA	NA	NA	NA	NA	NA
NC_045512.2	15766	G	A	0	0	0	2	2	27	1	2	0.333333	FALSE	NA	NA	NA	NA	NA	NA
NC_045512.2	15767	T	A	1	1	27	1	1	27	0.5	2	0.666667	FALSE	NA	NA	NA	NA	NA	NA
NC_045512.2	15768	G	T	9	1	25	1	1	27	0.1	10	0.526316	FALSE	NA	NA	NA	NA	NA	NA
NC_045512.2	15769	G	A	5	0	22	2	2	27	0.285714	7	0.269231	FALSE	NA	NA	NA	NA	NA	NA
NC_045512.2	15770	C	T	8	0	25	1	1	27	0.1	10	0.5	FALSE	NA	NA	NA	NA	NA	NA
NC_045512.2	15770	C	G	8	0	25	1	1	30	0.1	10	0.5	FALSE	NA	NA	NA	NA	NA	NA
NC_045512.2	15771	T	A	8	0	27	2	2	27	0.2	10	0.263158	FALSE	NA	NA	NA	NA	NA	NA
NC_045512.2	15772	A	G	8	0	27	1	1	25	0.1	10	0.5	FALSE	NA	NA	NA	NA	NA	NA
NC_045512.2	15772	A	C	8	0	27	1	1	26	0.1	10	0.5	FALSE	NA	NA	NA	NA	NA	NA
NC_045512.2	15773	G	A	8	0	27	1	1	25	0.111111	9	0.529412	FALSE	NA	NA	NA	NA	NA	NA
NC_045512.2	15774	C	T	8	0	27	2	2	25	0.2	10	0.263158	FALSE	NA	NA	NA	NA	NA	NA
NC_045512.2	15775	A	T	8	0	28	1	1	26	0.1	10	0.5	FALSE	NA	NA	NA	NA	NA	NA
NC_045512.2	15775	A	G	8	0	28	1	1	24	0.1	10	0.5	FALSE	NA	NA	NA	NA	NA	NA
NC_045512.2	15776	T	C	9	1	27	1	1	26	0.1	10	0.526316	FALSE	NA	NA	NA	NA	NA	NA
NC_045512.2	15777	A	T	15	0	27	2	2	27	0.117647	17	0.257576	FALSE	NA	NA	NA	NA	NA	NA
NC_045512.2	15778	A	G	15	0	28	2	2	27	0.117647	17	0.257576	FALSE	NA	NA	NA	NA	NA	NA
NC_045512.2	15779	A	G	13	2	23	1	1	27	0.0714286	14	0.518519	FALSE	NA	NA	NA	NA	NA	NA
NC_045512.2	15780	G	C	15	0	27	2	2	27	0.111111	18	0.242424	FALSE	NA	NA	NA	NA	NA	NA
NC_045512.2	15780	G	A	15	0	27	1	1	24	0.0555556	18	0.484848	FALSE	NA	NA	NA	NA	NA	NA
NC_045512.2	15781	A	G	16	1	27	2	2	25	0.111111	18	0.257143	FALSE	NA	NA	NA	NA	NA	NA
NC_045512.2	15782	A	T	15	1	22	1	1	25	0.0588235	17	0.5	FALSE	NA	NA	NA	NA	NA	NA
NC_045512.2	15782	A	C	15	1	22	1	1	27	0.0588235	17	0.5	FALSE	NA	NA	NA	NA	NA	NA
NC_045512.2	15783	C	T	15	0	26	1	1	24	0.0555556	18	0.484848	FALSE	NA	NA	NA	NA	NA	NA
NC_045512.2	15783	C	G	15	0	26	1	1	28	0.0555556	18	0.484848	FALSE	NA	NA	NA	NA	NA	NA
NC_045512.2	15783	C	A	15	0	26	1	1	27	0.0555556	18	0.484848	FALSE	NA	NA	NA	NA	NA	NA
NC_045512.2	15784	T	G	16	1	27	2	2	23	0.111111	18	0.257143	FALSE	NA	NA	NA	NA	NA	NA
NC_045512.2	15785	T	C	15	0	28	2	2	26	0.111111	18	0.242424	FALSE	NA	NA	NA	NA	NA	NA
NC_045512.2	15785	T	A	15	0	28	1	1	23	0.0555556	18	0.484848	FALSE	NA	NA	NA	NA	NA	NA
NC_045512.2	15786	T	C	15	2	23	1	1	23	0.0625	16	0.516129	FALSE	NA	NA	NA	NA	NA	NA
NC_045512.2	15787	A	T	15	0	28	1	1	22	0.0555556	18	0.484848	FALSE	NA	NA	NA	NA	NA	NA
NC_045512.2	15787	A	G	15	0	28	1	1	28	0.0555556	18	0.484848	FALSE	NA	NA	NA	NA	NA	NA
NC_045512.2	15787	A	C	15	0	28	1	1	22	0.0555556	18	0.484848	FALSE	NA	NA	NA	NA	NA	NA
NC_045512.2	15788	A	T	15	0	24	3	3	24	0.166667	18	0.124675	FALSE	NA	NA	NA	NA	NA	NA
NC_045512.2	15789	G	T	15	0	27	2	2	28	0.111111	18	0.242424	FALSE	NA	NA	NA	NA	NA	NA
NC_045512.2	15789	G	A	15	0	27	1	1	22	0.0555556	18	0.484848	FALSE	NA	NA	NA	NA	NA	NA
NC_045512.2	15790	T	G	16	1	27	2	2	29	0.111111	18	0.257143	FALSE	NA	NA	NA	NA	NA	NA
NC_045512.2	15791	C	T	15	0	27	2	2	28	0.111111	18	0.242424	FALSE	NA	NA	NA	NA	NA	NA
NC_045512.2	15791	C	A	15	0	27	1	1	27	0.0555556	18	0.484848	FALSE	NA	NA	NA	NA	NA	NA
NC_045512.2	15792	A	G	15	0	27	3	3	25	0.166667	18	0.124675	FALSE	NA	NA	NA	NA	NA	NA
NC_045512.2	15793	G	T	15	0	27	1	1	27	0.0625	16	0.516129	FALSE	NA	NA	NA	NA	NA	NA
NC_045512.2	15794	T	G	15	0	28	1	1	27	0.0555556	18	0.484848	FALSE	NA	NA	NA	NA	NA	NA
NC_045512.2	15794	T	A	15	0	28	2	2	24	0.111111	18	0.242424	FALSE	NA	NA	NA	NA	NA	NA
NC_045512.2	15795	T	A	16	2	23	1	1	25	0.0588235	17	0.515152	FALSE	NA	NA	NA	NA	NA	NA
NC_045512.2	15796	C	T	15	0	26	2	2	27	0.111111	18	0.242424	FALSE	NA	NA	NA	NA	NA	NA
NC_045512.2	15796	C	G	15	0	26	1	1	29	0.0555556	18	0.484848	FALSE	NA	NA	NA	NA	NA	NA
NC_045512.2	15797	T	A	16	1	27	2	2	27	0.111111	18	0.257143	FALSE	NA	NA	NA	NA	NA	NA
NC_045512.2	15798	T	G	16	1	29	2	2	26	0.111111	18	0.257143	FALSE	NA	NA	NA	NA	NA	NA
NC_045512.2	15799	T	A	14	0	23	2	2	25	0.125	16	0.258065	FALSE	NA	NA	NA	NA	NA	NA
NC_045512.2	15800	A	T	16	1	28	1	1	27	0.0555556	18	0.5	FALSE	NA	NA	NA	NA	NA	NA
NC_045512.2	15800	A	G	16	1	28	1	1	28	0.0555556	18	0.5	FALSE	NA	NA	NA	NA	NA	NA
NC_045512.2	15801	T	A	17	2	28	1	1	26	0.0555556	18	0.514286	FALSE	NA	NA	NA	NA	NA	NA
NC_045512.2	15802	T	A	17	2	24	1	1	28	0.0555556	18	0.514286	FALSE	NA	NA	NA	NA	NA	NA
NC_045512.2	15803	A	G	16	1	27	2	2	27	0.111111	18	0.257143	FALSE	NA	NA	NA	NA	NA	NA
NC_045512.2	15804	T	C	16	1	27	2	2	27	0.111111	18	0.257143	FALSE	NA	NA	NA	NA	NA	NA
NC_045512.2	15805	C	T	15	0	26	1	1	27	0.0555556	18	0.484848	FALSE	NA	NA	NA	NA	NA	NA
NC_045512.2	15805	C	G	15	0	26	1	1	28	0.0555556	18	0.484848	FALSE	NA	NA	NA	NA	NA	NA
NC_045512.2	15805	C	A	15	0	26	1	1	26	0.0555556	18	0.484848	FALSE	NA	NA	NA	NA	NA	NA
NC_045512.2	15806	A	G	14	0	26	2	1	26	0.111111	18	0.227273	FALSE	NA	NA	NA	NA	NA	NA
NC_045512.2	15806	A	C	14	0	26	2	2	27	0.111111	18	0.227273	FALSE	NA	NA	NA	NA	NA	NA
NC_045512.2	15807	A	T	17	2	26	1	1	22	0.0555556	18	0.514286	FALSE	NA	NA	NA	NA	NA	NA
NC_045512.2	15808	A	T	15	0	27	2	2	27	0.111111	18	0.242424	FALSE	NA	NA	NA	NA	NA	NA
NC_045512.2	15808	A	C	15	0	27	1	1	27	0.0555556	18	0.484848	FALSE	NA	NA	NA	NA	NA	NA
NC_045512.2	15810	C	T	16	1	26	1	1	27	0.0588235	17	0.515152	FALSE	NA	NA	NA	NA	NA	NA
NC_045512.2	15811	A	T	16	1	26	1	1	26	0.0555556	18	0.5	FALSE	NA	NA	NA	NA	NA	NA
NC_045512.2	15811	A	G	16	1	26	1	1	24	0.0555556	18	0.5	FALSE	NA	NA	NA	NA	NA	NA
NC_045512.2	15812	A	T	13	0	22	1	1	27	0.0625	16	0.482759	FALSE	NA	NA	NA	NA	NA	NA
NC_045512.2	15812	A	G	13	0	22	1	1	25	0.0625	16	0.482759	FALSE	NA	NA	NA	NA	NA	NA
NC_045512.2	15812	A	C	13	0	22	1	1	23	0.0625	16	0.482759	FALSE	NA	NA	NA	NA	NA	NA
NC_045512.2	15813	T	G	15	0	26	1	1	27	0.0555556	18	0.484848	FALSE	NA	NA	NA	NA	NA	NA
NC_045512.2	15813	T	A	15	0	26	2	2	25	0.111111	18	0.242424	FALSE	NA	NA	NA	NA	NA	NA
NC_045512.2	15814	G	T	15	0	26	1	1	27	0.0555556	18	0.484848	FALSE	NA	NA	NA	NA	NA	NA
NC_045512.2	15814	G	C	15	0	26	2	2	24	0.111111	18	0.242424	FALSE	NA	NA	NA	NA	NA	NA
NC_045512.2	15815	T	G	15	0	27	1	1	28	0.0588235	17	0.5	FALSE	NA	NA	NA	NA	NA	NA
NC_045512.2	15815	T	C	15	0	27	1	1	27	0.0588235	17	0.5	FALSE	NA	NA	NA	NA	NA	NA
NC_045512.2	15817	T	C	16	1	27	1	1	27	0.0555556	18	0.5	FALSE	NA	NA	NA	NA	NA	NA
NC_045512.2	15817	T	A	16	1	27	1	1	23	0.0555556	18	0.5	FALSE	NA	NA	NA	NA	NA	NA
NC_045512.2	15818	T	G	15	0	27	1	1	21	0.0555556	18	0.484848	FALSE	NA	NA	NA	NA	NA	NA
NC_045512.2	15818	T	A	15	0	27	2	2	27	0.111111	18	0.242424	FALSE	NA	NA	NA	NA	NA	NA
NC_045512.2	15819	T	A	1	1	28	2	2	29	0.666667	3	0.3	FALSE	NA	NA	NA	NA	NA	NA
NC_045512.2	15820	A	G	15	0	27	2	2	25	0.111111	18	0.242424	FALSE	NA	NA	NA	NA	NA	NA
NC_045512.2	15820	A	C	15	0	27	1	1	32	0.0555556	18	0.484848	FALSE	NA	NA	NA	NA	NA	NA
NC_045512.2	15821	T	G	15	0	27	1	1	29	0.0555556	18	0.484848	FALSE	NA	NA	NA	NA	NA	NA
NC_045512.2	15821	T	A	15	0	27	2	2	29	0.111111	18	0.242424	FALSE	NA	NA	NA	NA	NA	NA
NC_045512.2	15822	G	T	16	1	27	2	2	25	0.111111	18	0.257143	FALSE	NA	NA	NA	NA	NA	NA
NC_045512.2	15823	T	C	17	2	27	1	1	27	0.0555556	18	0.514286	FALSE	NA	NA	NA	NA	NA	NA
NC_045512.2	15823	T	+C	17	2	27	1	0	20	0.0555556	18	0.514286	FALSE	NA	NA	NA	NA	NA	NA
NC_045512.2	15824	C	T	15	0	26	2	2	27	0.111111	18	0.242424	FALSE	NA	NA	NA	NA	NA	NA
NC_045512.2	15824	C	G	15	0	26	1	1	26	0.0555556	18	0.484848	FALSE	NA	NA	NA	NA	NA	NA
NC_045512.2	15825	T	C	15	0	26	1	1	29	0.0555556	18	0.484848	FALSE	NA	NA	NA	NA	NA	NA
NC_045512.2	15825	T	A	15	0	26	2	2	25	0.111111	18	0.242424	FALSE	NA	NA	NA	NA	NA	NA
NC_045512.2	15826	G	T	17	2	27	1	1	24	0.0555556	18	0.514286	FALSE	NA	NA	NA	NA	NA	NA
NC_045512.2	15827	A	T	15	0	28	1	1	24	0.0588235	17	0.5	FALSE	NA	NA	NA	NA	NA	NA
NC_045512.2	15827	A	C	15	0	28	1	1	24	0.0588235	17	0.5	FALSE	NA	NA	NA	NA	NA	NA
NC_045512.2	15828	A	T	14	0	22	1	1	28	0.0666667	15	0.517241	FALSE	NA	NA	NA	NA	NA	NA
NC_045512.2	15829	G	T	16	1	26	1	1	26	0.0555556	18	0.5	FALSE	NA	NA	NA	NA	NA	NA
NC_045512.2	15829	G	A	16	1	26	1	1	27	0.0555556	18	0.5	FALSE	NA	NA	NA	NA	NA	NA
NC_045512.2	15830	C	T	16	1	26	2	2	25	0.111111	18	0.257143	FALSE	NA	NA	NA	NA	NA	NA
NC_045512.2	15830	C	-A	16	1	26	1	0	20	0.0555556	18	0.5	FALSE	NA	NA	NA	NA	NA	NA
NC_045512.2	15831	A	T	15	1	27	1	1	22	0.0588235	17	0.484848	FALSE	NA	NA	NA	NA	NA	NA
NC_045512.2	15831	A	G	15	1	27	1	1	27	0.0588235	17	0.484848	FALSE	NA	NA	NA	NA	NA	NA
NC_045512.2	15832	A	C	17	2	28	1	1	25	0.0555556	18	0.514286	FALSE	NA	NA	NA	NA	NA	NA
NC_045512.2	15833	A	T	15	0	28	1	1	26	0.0555556	18	0.484848	FALSE	NA	NA	NA	NA	NA	NA
NC_045512.2	15833	A	G	15	0	28	2	2	23	0.111111	18	0.242424	FALSE	NA	NA	NA	NA	NA	NA
NC_045512.2	15834	A	G	7	0	22	1	1	27	0.1	10	0.470588	FALSE	NA	NA	NA	NA	NA	NA
NC_045512.2	15834	A	C	7	0	22	2	2	24	0.2	10	0.235294	FALSE	NA	NA	NA	NA	NA	NA
NC_045512.2	15835	T	A	15	0	26	3	3	26	0.166667	18	0.124675	FALSE	NA	NA	NA	NA	NA	NA
NC_045512.2	15836	G	T	15	0	26	3	3	26	0.166667	18	0.124675	FALSE	NA	NA	NA	NA	NA	NA
NC_045512.2	15837	T	A	15	0	26	3	3	25	0.166667	18	0.124675	FALSE	NA	NA	NA	NA	NA	NA
NC_045512.2	15838	T	C	14	0	22	1	1	32	0.0625	16	0.5	FALSE	NA	NA	NA	NA	NA	NA
NC_045512.2	15838	T	A	14	0	22	1	1	28	0.0625	16	0.5	FALSE	NA	NA	NA	NA	NA	NA
NC_045512.2	15839	G	T	15	0	27	2	2	24	0.111111	18	0.242424	FALSE	NA	NA	NA	NA	NA	NA
NC_045512.2	15839	G	A	15	0	27	1	1	28	0.0555556	18	0.484848	FALSE	NA	NA	NA	NA	NA	NA
NC_045512.2	15840	G	T	15	1	23	2	2	28	0.117647	17	0.257576	FALSE	NA	NA	NA	NA	NA	NA
NC_045512.2	15841	A	T	16	1	26	1	1	29	0.0555556	18	0.5	FALSE	NA	NA	NA	NA	NA	NA
NC_045512.2	15841	A	G	16	1	26	1	1	25	0.0555556	18	0.5	FALSE	NA	NA	NA	NA	NA	NA
NC_045512.2	15842	C	A	17	2	26	1	1	28	0.0555556	18	0.514286	FALSE	NA	NA	NA	NA	NA	NA
NC_045512.2	15843	T	G	16	1	26	1	1	24	0.0555556	18	0.5	FALSE	NA	NA	NA	NA	NA	NA
NC_045512.2	15843	T	C	16	1	26	1	1	28	0.0555556	18	0.5	FALSE	NA	NA	NA	NA	NA	NA
NC_045512.2	15844	G	T	16	1	27	2	2	24	0.111111	18	0.257143	FALSE	NA	NA	NA	NA	NA	NA
NC_045512.2	15845	A	T	16	1	27	1	1	28	0.0588235	17	0.515152	FALSE	NA	NA	NA	NA	NA	NA
NC_045512.2	15846	G	T	15	0	27	1	1	29	0.0555556	18	0.484848	FALSE	NA	NA	NA	NA	NA	NA
NC_045512.2	15846	G	C	15	0	27	1	1	29	0.0555556	18	0.484848	FALSE	NA	NA	NA	NA	NA	NA
NC_045512.2	15846	G	A	15	0	27	1	1	27	0.0555556	18	0.484848	FALSE	NA	NA	NA	NA	NA	NA
NC_045512.2	15847	A	G	17	2	27	1	1	28	0.0555556	18	0.514286	FALSE	NA	NA	NA	NA	NA	NA
NC_045512.2	15848	C	A	16	1	27	2	2	29	0.111111	18	0.257143	FALSE	NA	NA	NA	NA	NA	NA
NC_045512.2	15849	T	G	16	1	28	1	1	29	0.0555556	18	0.5	FALSE	NA	NA	NA	NA	NA	NA
NC_045512.2	15849	T	A	16	1	28	1	1	22	0.0555556	18	0.5	FALSE	NA	NA	NA	NA	NA	NA
NC_045512.2	15850	G	T	16	1	27	1	1	28	0.0588235	17	0.515152	FALSE	NA	NA	NA	NA	NA	NA
NC_045512.2	15851	A	T	15	0	27	1	1	24	0.0555556	18	0.484848	FALSE	NA	NA	NA	NA	NA	NA
NC_045512.2	15851	A	C	15	0	27	2	2	29	0.111111	18	0.242424	FALSE	NA	NA	NA	NA	NA	NA
NC_045512.2	15852	C	T	15	0	27	2	2	25	0.111111	18	0.242424	FALSE	NA	NA	NA	NA	NA	NA
NC_045512.2	15852	C	A	15	0	27	1	1	28	0.0555556	18	0.484848	FALSE	NA	NA	NA	NA	NA	NA
NC_045512.2	15853	C	G	14	1	23	2	2	27	0.125	16	0.258065	FALSE	NA	NA	NA	NA	NA	NA
NC_045512.2	15855	T	C	14	2	24	1	1	24	0.0625	16	0.5	FALSE	NA	NA	NA	NA	NA	NA
NC_045512.2	15855	T	A	14	2	24	1	0	30	0.0625	16	0.5	FALSE	NA	NA	NA	NA	NA	NA
NC_045512.2	15856	A	G	16	1	26	1	1	27	0.0555556	18	0.5	FALSE	NA	NA	NA	NA	NA	NA
NC_045512.2	15856	A	C	16	1	26	1	1	23	0.0555556	18	0.5	FALSE	NA	NA	NA	NA	NA	NA
NC_045512.2	15857	C	T	15	0	27	1	1	29	0.0588235	17	0.5	FALSE	NA	NA	NA	NA	NA	NA
NC_045512.2	15857	C	A	15	0	27	1	1	28	0.0588235	17	0.5	FALSE	NA	NA	NA	NA	NA	NA
NC_045512.2	15858	T	G	16	2	27	1	1	29	0.0588235	17	0.515152	FALSE	NA	NA	NA	NA	NA	NA
NC_045512.2	15859	A	T	14	0	28	2	2	27	0.117647	17	0.241935	FALSE	NA	NA	NA	NA	NA	NA
NC_045512.2	15859	A	G	14	0	28	1	1	25	0.0588235	17	0.483871	FALSE	NA	NA	NA	NA	NA	NA
NC_045512.2	15864	A	G	13	0	27	1	0	21	0.0714286	14	0.518519	FALSE	NA	NA	NA	NA	NA	NA
NC_045512.2	15889	A	G	54	1	27	1	0	31	0.0181818	55	0.504587	FALSE	NA	NA	NA	NA	NA	NA
NC_045512.2	15911	A	G	59	1	27	1	0	24	0.0166667	60	0.504202	FALSE	NA	NA	NA	NA	NA	NA
NC_045512.2	15915	T	C	58	1	27	1	0	28	0.0169492	59	0.504274	FALSE	NA	NA	NA	NA	NA	NA
NC_045512.2	15916	T	C	53	1	22	1	0	23	0.0181818	55	0.5	FALSE	NA	NA	NA	NA	NA	NA
NC_045512.2	15916	T	A	53	1	22	1	0	28	0.0181818	55	0.5	FALSE	NA	NA	NA	NA	NA	NA
NC_045512.2	15918	T	G	58	1	27	1	0	26	0.0166667	60	0.5	FALSE	NA	NA	NA	NA	NA	NA
NC_045512.2	15918	T	C	58	1	27	1	0	26	0.0166667	60	0.5	FALSE	NA	NA	NA	NA	NA	NA
NC_045512.2	15919	G	A	59	1	28	1	0	28	0.0166667	60	0.504202	FALSE	NA	NA	NA	NA	NA	NA
NC_045512.2	15929	C	T	51	1	23	1	0	24	0.0192308	52	0.504854	FALSE	NA	NA	NA	NA	NA	NA
NC_045512.2	15939	T	C	0	0	0	54	1	27	1	54	8.04577e-32	TRUE	NA	NA	NA	NA	NA	NA
NC_045512.2	15963	C	T	48	0	26	1	1	21	0.0204082	49	0.505155	FALSE	NA	NA	NA	NA	NA	NA
NC_045512.2	15979	A	G	42	1	26	1	0	27	0.0232558	43	0.505882	FALSE	NA	NA	NA	NA	NA	NA
NC_045512.2	15980	T	C	37	1	26	1	0	27	0.0263158	38	0.506667	FALSE	NA	NA	NA	NA	NA	NA
NC_045512.2	15982	G	A	26	1	26	1	0	29	0.037037	27	0.509434	FALSE	NA	NA	NA	NA	NA	NA
NC_045512.2	15983	T	-AA	22	1	26	2	0	20	0.0909091	22	0.278788	FALSE	NA	NA	NA	NA	NA	NA
NC_045512.2	15983	T	-A	22	1	26	7	0	20	0.318182	22	0.0156259	FALSE	NA	NA	NA	NA	NA	NA
NC_045512.2	15986	A	G	7	1	27	1	0	27	0.125	8	0.533333	FALSE	NA	NA	NA	NA	NA	NA
NC_045512.2	16050	T	-A	61	10	27	1	0	20	0.0163934	61	0.508197	FALSE	NA	NA	NA	NA	NA	NA
NC_045512.2	16056	T	C	59	10	27	2	0	28	0.0327869	61	0.252066	FALSE	NA	NA	NA	NA	NA	NA
NC_045512.2	16080	C	-T	53	2	27	2	0	20	0.0377358	53	0.261859	FALSE	NA	NA	NA	NA	NA	NA
NC_045512.2	16087	T	C	51	2	27	2	0	27	0.0377358	53	0.252381	FALSE	NA	NA	NA	NA	NA	NA
NC_045512.2	16105	A	G	47	2	23	1	0	28	0.0208333	48	0.505263	FALSE	NA	NA	NA	NA	NA	NA
NC_045512.2	16106	G	A	53	2	26	1	1	27	0.0185185	54	0.504673	FALSE	NA	NA	NA	NA	NA	NA
NC_045512.2	16107	A	C	51	0	27	1	1	23	0.0192308	52	0.504854	FALSE	NA	NA	NA	NA	NA	NA
NC_045512.2	16108	A	C	53	2	27	1	1	29	0.0185185	54	0.504673	FALSE	NA	NA	NA	NA	NA	NA
NC_045512.2	16109	A	C	42	2	22	1	1	29	0.0232558	43	0.505882	FALSE	NA	NA	NA	NA	NA	NA
NC_045512.2	16110	G	A	53	2	26	1	1	29	0.0185185	54	0.504673	FALSE	NA	NA	NA	NA	NA	NA
NC_045512.2	16113	A	T	53	2	27	1	1	30	0.0185185	54	0.504673	FALSE	NA	NA	NA	NA	NA	NA
NC_045512.2	16114	C	A	53	2	27	1	1	28	0.0185185	54	0.504673	FALSE	NA	NA	NA	NA	NA	NA
NC_045512.2	16115	A	G	51	2	27	1	0	27	0.0188679	53	0.5	FALSE	NA	NA	NA	NA	NA	NA
NC_045512.2	16115	A	C	51	2	27	1	1	29	0.0188679	53	0.5	FALSE	NA	NA	NA	NA	NA	NA
NC_045512.2	16117	G	A	52	2	26	1	1	23	0.0188679	53	0.504762	FALSE	NA	NA	NA	NA	NA	NA
NC_045512.2	16119	T	A	52	2	27	1	1	27	0.0188679	53	0.504762	FALSE	NA	NA	NA	NA	NA	NA
NC_045512.2	16120	G	C	51	2	27	1	1	27	0.0192308	52	0.504854	FALSE	NA	NA	NA	NA	NA	NA
NC_045512.2	16122	G	T	50	2	27	1	1	27	0.0192308	52	0.5	FALSE	NA	NA	NA	NA	NA	NA
NC_045512.2	16122	G	C	50	2	27	1	1	22	0.0192308	52	0.5	FALSE	NA	NA	NA	NA	NA	NA
NC_045512.2	16123	T	C	49	2	27	2	2	27	0.0392157	51	0.252475	FALSE	NA	NA	NA	NA	NA	NA
NC_045512.2	16124	T	C	43	2	22	2	2	30	0.0444444	45	0.252809	FALSE	NA	NA	NA	NA	NA	NA
NC_045512.2	16125	A	T	46	2	27	1	1	27	0.0208333	48	0.5	FALSE	NA	NA	NA	NA	NA	NA
NC_045512.2	16125	A	G	46	2	27	1	0	27	0.0208333	48	0.5	FALSE	NA	NA	NA	NA	NA	NA
NC_045512.2	16126	A	C	47	3	23	1	1	27	0.0208333	48	0.505263	FALSE	NA	NA	NA	NA	NA	NA
NC_045512.2	16127	C	T	47	2	27	1	1	21	0.0204082	49	0.5	FALSE	NA	NA	NA	NA	NA	NA
NC_045512.2	16127	C	A	47	2	27	1	1	27	0.0204082	49	0.5	FALSE	NA	NA	NA	NA	NA	NA
NC_045512.2	16128	A	T	46	2	27	2	2	27	0.0408163	49	0.247368	FALSE	NA	NA	NA	NA	NA	NA
NC_045512.2	16128	A	G	46	2	27	1	0	27	0.0204082	49	0.494737	FALSE	NA	NA	NA	NA	NA	NA
NC_045512.2	16129	G	C	47	2	27	1	1	31	0.0204082	49	0.5	FALSE	NA	NA	NA	NA	NA	NA
NC_045512.2	16129	G	A	47	2	27	1	1	28	0.0204082	49	0.5	FALSE	NA	NA	NA	NA	NA	NA
NC_045512.2	16130	G	C	47	2	23	1	1	28	0.0204082	49	0.5	FALSE	NA	NA	NA	NA	NA	NA
NC_045512.2	16130	G	A	47	2	23	1	1	28	0.0204082	49	0.5	FALSE	NA	NA	NA	NA	NA	NA
NC_045512.2	16131	A	T	47	2	27	1	1	30	0.0204082	49	0.5	FALSE	NA	NA	NA	NA	NA	NA
NC_045512.2	16131	A	G	47	2	27	1	1	23	0.0204082	49	0.5	FALSE	NA	NA	NA	NA	NA	NA
NC_045512.2	16132	C	G	47	2	27	1	1	27	0.02	50	0.494845	FALSE	NA	NA	NA	NA	NA	NA
NC_045512.2	16132	C	A	47	2	27	2	2	24	0.04	50	0.247423	FALSE	NA	NA	NA	NA	NA	NA
NC_045512.2	16133	A	C	50	5	27	1	1	22	0.0196078	51	0.50495	FALSE	NA	NA	NA	NA	NA	NA
NC_045512.2	16134	C	G	48	3	27	1	1	26	0.02	50	0.5	FALSE	NA	NA	NA	NA	NA	NA
NC_045512.2	16134	C	A	48	3	27	1	1	29	0.02	50	0.5	FALSE	NA	NA	NA	NA	NA	NA
NC_045512.2	16135	A	T	47	2	27	1	1	27	0.0196078	51	0.489796	FALSE	NA	NA	NA	NA	NA	NA
NC_045512.2	16135	A	C	47	2	27	3	3	26	0.0588235	51	0.121212	FALSE	NA	NA	NA	NA	NA	NA
NC_045512.2	16136	T	C	46	2	27	1	1	25	0.02	50	0.489583	FALSE	NA	NA	NA	NA	NA	NA
NC_045512.2	16136	T	A	46	2	27	3	3	27	0.06	50	0.121134	FALSE	NA	NA	NA	NA	NA	NA
NC_045512.2	16137	G	T	46	2	27	2	2	28	0.04	50	0.242268	FALSE	NA	NA	NA	NA	NA	NA
NC_045512.2	16137	G	C	46	2	27	1	1	27	0.02	50	0.489583	FALSE	NA	NA	NA	NA	NA	NA
NC_045512.2	16137	G	A	46	2	27	1	1	25	0.02	50	0.489583	FALSE	NA	NA	NA	NA	NA	NA
NC_045512.2	16138	T	G	47	3	27	1	1	27	0.02	50	0.494845	FALSE	NA	NA	NA	NA	NA	NA
NC_045512.2	16138	T	C	47	3	27	2	2	23	0.04	50	0.247423	FALSE	NA	NA	NA	NA	NA	NA
NC_045512.2	16139	T	C	47	3	23	2	2	27	0.0408163	49	0.252577	FALSE	NA	NA	NA	NA	NA	NA
NC_045512.2	16140	A	T	47	3	27	3	3	26	0.06	50	0.124961	FALSE	NA	NA	NA	NA	NA	NA
NC_045512.2	16141	G	C	47	3	27	1	1	22	0.02	50	0.494845	FALSE	NA	NA	NA	NA	NA	NA
NC_045512.2	16141	G	A	47	3	27	2	2	24	0.04	50	0.247423	FALSE	NA	NA	NA	NA	NA	NA
NC_045512.2	16142	A	T	118	33	28	1	1	23	0.00833333	120	0.751055	FALSE	NA	NA	NA	NA	NA	NA
NC_045512.2	16142	A	C	118	33	28	1	1	26	0.00833333	120	0.751055	FALSE	NA	NA	NA	NA	NA	NA
NC_045512.2	16143	C	T	116	31	28	3	3	27	0.0252101	119	0.314086	FALSE	NA	NA	NA	NA	NA	NA
NC_045512.2	16144	A	G	117	32	28	1	1	28	0.00840336	119	0.751064	FALSE	NA	NA	NA	NA	NA	NA
NC_045512.2	16144	A	C	117	32	28	1	1	28	0.00840336	119	0.751064	FALSE	NA	NA	NA	NA	NA	NA
NC_045512.2	16145	T	A	117	32	27	3	3	26	0.025	120	0.314072	FALSE	NA	NA	NA	NA	NA	NA
NC_045512.2	16146	G	C	117	32	27	2	2	26	0.0165289	121	0.496849	FALSE	NA	NA	NA	NA	NA	NA
NC_045512.2	16146	G	A	117	32	27	2	2	27	0.0165289	121	0.496849	FALSE	NA	NA	NA	NA	NA	NA
NC_045512.2	16147	T	G	118	32	27	1	1	25	0.00813008	123	0.744779	FALSE	NA	NA	NA	NA	NA	NA
NC_045512.2	16147	T	C	118	32	27	2	2	27	0.0162602	123	0.493776	FALSE	NA	NA	NA	NA	NA	NA
NC_045512.2	16147	T	A	118	32	27	2	2	27	0.0162602	123	0.493776	FALSE	NA	NA	NA	NA	NA	NA
NC_045512.2	16148	A	T	120	34	27	2	2	27	0.0162602	123	0.5	FALSE	NA	NA	NA	NA	NA	NA
NC_045512.2	16148	A	C	120	34	27	1	1	29	0.00813008	123	0.748971	FALSE	NA	NA	NA	NA	NA	NA
NC_045512.2	16149	T	G	112	27	26	1	1	25	0.00869565	115	0.748899	FALSE	NA	NA	NA	NA	NA	NA
NC_045512.2	16149	T	C	112	27	26	1	1	22	0.00869565	115	0.748899	FALSE	NA	NA	NA	NA	NA	NA
NC_045512.2	16149	T	A	112	27	26	1	1	29	0.00869565	115	0.748899	FALSE	NA	NA	NA	NA	NA	NA
NC_045512.2	16150	T	G	114	33	24	1	1	30	0.00847458	118	0.49569	FALSE	NA	NA	NA	NA	NA	NA
NC_045512.2	16150	T	C	114	33	24	3	3	26	0.0254237	118	0.31088	FALSE	NA	NA	NA	NA	NA	NA
NC_045512.2	16151	C	T	116	32	27	2	2	27	0.0165289	121	0.493671	FALSE	NA	NA	NA	NA	NA	NA
NC_045512.2	16151	C	G	116	32	27	1	1	32	0.00826446	121	0.493671	FALSE	NA	NA	NA	NA	NA	NA
NC_045512.2	16151	C	A	116	32	27	2	2	27	0.0165289	121	0.493671	FALSE	NA	NA	NA	NA	NA	NA
NC_045512.2	16152	T	A	119	35	27	2	2	24	0.0165289	121	0.503125	FALSE	NA	NA	NA	NA	NA	NA
NC_045512.2	16153	G	T	116	32	27	1	1	27	0.00833333	120	0.746809	FALSE	NA	NA	NA	NA	NA	NA
NC_045512.2	16153	G	A	116	32	27	3	3	25	0.025	120	0.310908	FALSE	NA	NA	NA	NA	NA	NA
NC_045512.2	16154	T	C	119	35	26	1	1	21	0.00826446	121	0.751046	FALSE	NA	NA	NA	NA	NA	NA
NC_045512.2	16154	T	A	119	35	26	1	1	30	0.00826446	121	0.5	FALSE	NA	NA	NA	NA	NA	NA
NC_045512.2	16155	T	G	117	34	24	1	1	27	0.00833333	120	0.748945	FALSE	NA	NA	NA	NA	NA	NA
NC_045512.2	16155	T	C	117	34	24	2	2	23	0.0166667	120	0.5	FALSE	NA	NA	NA	NA	NA	NA
NC_045512.2	16156	A	T	114	32	27	2	2	26	0.0166667	120	0.490385	FALSE	NA	NA	NA	NA	NA	NA
NC_045512.2	16156	A	G	114	32	27	2	1	25	0.0166667	120	0.490385	FALSE	NA	NA	NA	NA	NA	NA
NC_045512.2	16156	A	C	114	32	27	2	2	27	0.0166667	120	0.490385	FALSE	NA	NA	NA	NA	NA	NA
NC_045512.2	16157	T	G	115	32	27	2	2	23	0.0166667	120	0.493617	FALSE	NA	NA	NA	NA	NA	NA
NC_045512.2	16157	T	A	115	32	27	3	3	25	0.025	120	0.30773	FALSE	NA	NA	NA	NA	NA	NA
NC_045512.2	16158	G	T	117	34	27	1	1	23	0.00840336	119	0.751064	FALSE	NA	NA	NA	NA	NA	NA
NC_045512.2	16158	G	C	117	34	27	1	1	26	0.00840336	119	0.751064	FALSE	NA	NA	NA	NA	NA	NA
NC_045512.2	16159	C	T	114	31	27	2	2	24	0.0165289	121	0.487235	FALSE	NA	NA	NA	NA	NA	NA
NC_045512.2	16159	C	G	114	31	27	2	2	26	0.0165289	121	0.487235	FALSE	NA	NA	NA	NA	NA	NA
NC_045512.2	16159	C	A	114	31	27	3	3	25	0.0247934	121	0.301428	FALSE	NA	NA	NA	NA	NA	NA
NC_045512.2	16160	T	G	114	32	26	1	1	27	0.00840336	119	0.744598	FALSE	NA	NA	NA	NA	NA	NA
NC_045512.2	16160	T	C	114	32	26	2	1	24	0.0168067	119	0.493562	FALSE	NA	NA	NA	NA	NA	NA
NC_045512.2	16160	T	A	114	32	26	2	2	26	0.0168067	119	0.493562	FALSE	NA	NA	NA	NA	NA	NA
NC_045512.2	16161	T	G	108	33	24	1	1	28	0.00877193	114	0.742041	FALSE	NA	NA	NA	NA	NA	NA
NC_045512.2	16161	T	C	108	33	24	2	2	24	0.0175439	114	0.489865	FALSE	NA	NA	NA	NA	NA	NA
NC_045512.2	16161	T	A	108	33	24	3	3	28	0.0263158	114	0.304111	FALSE	NA	NA	NA	NA	NA	NA
NC_045512.2	16162	A	T	115	32	27	3	3	30	0.0247934	121	0.120306	FALSE	NA	NA	NA	NA	NA	NA
NC_045512.2	16162	A	G	115	32	27	1	1	28	0.00826446	121	0.742517	FALSE	NA	NA	NA	NA	NA	NA
NC_045512.2	16162	A	C	115	32	27	2	2	24	0.0165289	121	0.490466	FALSE	NA	NA	NA	NA	NA	NA
NC_045512.2	16163	C	T	115	32	27	2	2	23	0.0163934	122	0.487343	FALSE	NA	NA	NA	NA	NA	NA
NC_045512.2	16163	C	G	115	32	27	2	2	26	0.0163934	122	0.487343	FALSE	NA	NA	NA	NA	NA	NA
NC_045512.2	16163	C	A	115	32	27	3	3	23	0.0245902	122	0.301521	FALSE	NA	NA	NA	NA	NA	NA
NC_045512.2	16164	T	G	118	35	27	1	1	22	0.00813008	123	0.744779	FALSE	NA	NA	NA	NA	NA	NA
NC_045512.2	16164	T	C	118	35	27	2	2	25	0.0162602	123	0.493776	FALSE	NA	NA	NA	NA	NA	NA
NC_045512.2	16164	T	A	118	35	27	2	2	26	0.0162602	123	0.493776	FALSE	NA	NA	NA	NA	NA	NA
NC_045512.2	16164	T	-A	118	35	27	1	0	20	0.00813008	123	0.744779	FALSE	NA	NA	NA	NA	NA	NA
NC_045512.2	16165	A	T	101	18	26	3	3	27	0.0277778	108	0.296629	FALSE	NA	NA	NA	NA	NA	NA
NC_045512.2	16165	A	G	101	18	26	1	1	27	0.00925926	108	0.736705	FALSE	NA	NA	NA	NA	NA	NA
NC_045512.2	16165	A	C	101	18	26	3	3	23	0.0277778	108	0.296629	FALSE	NA	NA	NA	NA	NA	NA
NC_045512.2	16166	A	T	113	34	24	4	4	26	0.0336134	119	0.182164	FALSE	NA	NA	NA	NA	NA	NA
NC_045512.2	16166	A	C	113	34	24	2	2	27	0.0168067	119	0.490302	FALSE	NA	NA	NA	NA	NA	NA
NC_045512.2	16167	T	G	116	33	26	1	1	27	0.00813008	123	0.74048	FALSE	NA	NA	NA	NA	NA	NA
NC_045512.2	16167	T	C	116	33	26	3	3	27	0.0243902	123	0.301612	FALSE	NA	NA	NA	NA	NA	NA
NC_045512.2	16167	T	A	116	33	26	3	3	27	0.0243902	123	0.301612	FALSE	NA	NA	NA	NA	NA	NA
NC_045512.2	16168	G	T	115	32	27	2	2	25	0.0162602	123	0.484246	FALSE	NA	NA	NA	NA	NA	NA
NC_045512.2	16168	G	C	115	32	27	3	3	27	0.0243902	123	0.298476	FALSE	NA	NA	NA	NA	NA	NA
NC_045512.2	16168	G	A	115	32	27	3	3	27	0.0243902	123	0.298476	FALSE	NA	NA	NA	NA	NA	NA
NC_045512.2	16169	A	T	116	33	27	6	6	25	0.0483871	124	0.0585103	FALSE	NA	NA	NA	NA	NA	NA
NC_045512.2	16169	A	C	116	33	27	2	2	26	0.016129	124	0.484377	FALSE	NA	NA	NA	NA	NA	NA
NC_045512.2	16170	T	G	116	33	27	3	3	24	0.0241935	124	0.298591	FALSE	NA	NA	NA	NA	NA	NA
NC_045512.2	16170	T	C	116	33	27	1	1	26	0.00806452	124	0.738389	FALSE	NA	NA	NA	NA	NA	NA
NC_045512.2	16170	T	A	116	33	27	4	4	25	0.0322581	124	0.177282	FALSE	NA	NA	NA	NA	NA	NA
NC_045512.2	16171	A	T	111	29	26	5	5	25	0.0420168	119	0.102425	FALSE	NA	NA	NA	NA	NA	NA
NC_045512.2	16171	A	G	111	29	26	2	1	29	0.0168067	119	0.483698	FALSE	NA	NA	NA	NA	NA	NA
NC_045512.2	16171	A	C	111	29	26	1	1	29	0.00840336	119	0.737877	FALSE	NA	NA	NA	NA	NA	NA
NC_045512.2	16172	A	T	112	35	24	3	3	26	0.0252101	119	0.301238	FALSE	NA	NA	NA	NA	NA	NA
NC_045512.2	16172	A	G	112	35	24	2	2	25	0.0168067	119	0.487014	FALSE	NA	NA	NA	NA	NA	NA
NC_045512.2	16172	A	C	112	35	24	2	2	26	0.0168067	119	0.487014	FALSE	NA	NA	NA	NA	NA	NA
NC_045512.2	16173	C	T	117	35	26	2	2	23	0.0163934	122	0.493724	FALSE	NA	NA	NA	NA	NA	NA
NC_045512.2	16173	C	G	117	35	26	1	1	27	0.00819672	122	0.744735	FALSE	NA	NA	NA	NA	NA	NA
NC_045512.2	16173	C	A	117	35	26	2	2	28	0.0163934	122	0.493724	FALSE	NA	NA	NA	NA	NA	NA
NC_045512.2	16174	A	T	116	34	27	6	6	27	0.0487805	123	0.0597996	FALSE	NA	NA	NA	NA	NA	NA
NC_045512.2	16174	A	G	116	34	27	1	1	27	0.00813008	123	0.74048	FALSE	NA	NA	NA	NA	NA	NA
NC_045512.2	16175	C	T	113	31	27	6	6	26	0.0483871	124	0.0546457	FALSE	NA	NA	NA	NA	NA	NA
NC_045512.2	16175	C	G	113	31	27	1	1	28	0.00806452	124	0.73171	FALSE	NA	NA	NA	NA	NA	NA
NC_045512.2	16175	C	A	113	31	27	4	4	23	0.0322581	124	0.169641	FALSE	NA	NA	NA	NA	NA	NA
NC_045512.2	16176	T	G	112	30	26	1	1	24	0.00819672	122	0.733685	FALSE	NA	NA	NA	NA	NA	NA
NC_045512.2	16176	T	C	112	30	26	4	4	26	0.0327869	122	0.171933	FALSE	NA	NA	NA	NA	NA	NA
NC_045512.2	16176	T	A	112	30	26	5	5	27	0.0409836	122	0.0987852	FALSE	NA	NA	NA	NA	NA	NA
NC_045512.2	16177	T	C	109	33	24	5	5	26	0.0423729	118	0.100391	FALSE	NA	NA	NA	NA	NA	NA
NC_045512.2	16177	T	A	109	33	24	4	4	27	0.0338983	118	0.174076	FALSE	NA	NA	NA	NA	NA	NA
NC_045512.2	16178	C	T	116	34	27	5	5	24	0.04	125	0.100896	FALSE	NA	NA	NA	NA	NA	NA
NC_045512.2	16178	C	A	116	34	27	4	4	23	0.032	125	0.174837	FALSE	NA	NA	NA	NA	NA	NA
NC_045512.2	16179	A	T	111	30	26	1	1	31	0.00877193	114	0.497778	FALSE	NA	NA	NA	NA	NA	NA
NC_045512.2	16179	A	C	111	30	26	2	2	25	0.0175439	114	0.5	FALSE	NA	NA	NA	NA	NA	NA
NC_045512.2	16180	A	T	107	33	24	7	7	25	0.0598291	117	0.0309984	FALSE	NA	NA	NA	NA	NA	NA
NC_045512.2	16180	A	C	107	33	24	3	3	26	0.025641	117	0.291095	FALSE	NA	NA	NA	NA	NA	NA
NC_045512.2	16181	G	T	109	31	26	5	5	24	0.042735	117	0.102305	FALSE	NA	NA	NA	NA	NA	NA
NC_045512.2	16181	G	C	109	31	26	1	1	27	0.00854701	117	0.73766	FALSE	NA	NA	NA	NA	NA	NA
NC_045512.2	16181	G	A	109	31	26	2	2	26	0.017094	117	0.483409	FALSE	NA	NA	NA	NA	NA	NA
NC_045512.2	16182	G	T	104	32	24	5	5	26	0.042735	117	0.0924519	FALSE	NA	NA	NA	NA	NA	NA
NC_045512.2	16182	G	C	104	32	24	4	4	26	0.034188	117	0.163169	FALSE	NA	NA	NA	NA	NA	NA
NC_045512.2	16182	G	A	104	32	24	4	4	29	0.034188	117	0.163169	FALSE	NA	NA	NA	NA	NA	NA
NC_045512.2	16183	T	G	113	35	26	1	1	28	0.00806452	124	0.73171	FALSE	NA	NA	NA	NA	NA	NA
NC_045512.2	16183	T	C	113	35	26	4	4	29	0.0322581	124	0.169641	FALSE	NA	NA	NA	NA	NA	NA
NC_045512.2	16183	T	A	113	35	26	6	6	26	0.0483871	124	0.0546457	FALSE	NA	NA	NA	NA	NA	NA
NC_045512.2	16184	A	T	118	40	27	3	3	26	0.0241935	124	0.3048	FALSE	NA	NA	NA	NA	NA	NA
NC_045512.2	16184	A	G	118	40	27	1	1	22	0.00806452	124	0.742704	FALSE	NA	NA	NA	NA	NA	NA
NC_045512.2	16184	A	C	118	40	27	2	2	23	0.016129	124	0.490703	FALSE	NA	NA	NA	NA	NA	NA
NC_045512.2	16185	T	G	112	34	26	3	3	25	0.025	120	0.298117	FALSE	NA	NA	NA	NA	NA	NA
NC_045512.2	16185	T	C	112	34	26	2	2	24	0.0166667	120	0.483838	FALSE	NA	NA	NA	NA	NA	NA
NC_045512.2	16185	T	A	112	34	26	3	3	25	0.025	120	0.298117	FALSE	NA	NA	NA	NA	NA	NA
NC_045512.2	16186	T	G	103	35	24	7	7	27	0.0614035	114	0.0299846	FALSE	NA	NA	NA	NA	NA	NA
NC_045512.2	16186	T	C	103	35	24	1	1	28	0.00877193	114	0.729988	FALSE	NA	NA	NA	NA	NA	NA
NC_045512.2	16186	T	A	103	35	24	3	3	26	0.0263158	114	0.287083	FALSE	NA	NA	NA	NA	NA	NA
NC_045512.2	16187	G	T	102	29	25	7	7	27	0.0614035	114	0.0290922	FALSE	NA	NA	NA	NA	NA	NA
NC_045512.2	16187	G	C	102	29	25	2	2	28	0.0175439	114	0.468767	FALSE	NA	NA	NA	NA	NA	NA
NC_045512.2	16187	G	A	102	29	25	3	3	26	0.0263158	114	0.283636	FALSE	NA	NA	NA	NA	NA	NA
NC_045512.2	16188	G	T	105	33	28	3	3	25	0.025641	117	0.284399	FALSE	NA	NA	NA	NA	NA	NA
NC_045512.2	16188	G	C	105	33	28	1	1	27	0.00854701	117	0.728099	FALSE	NA	NA	NA	NA	NA	NA
NC_045512.2	16188	G	A	105	33	28	8	8	27	0.0683761	117	0.0160504	FALSE	NA	NA	NA	NA	NA	NA
NC_045512.2	16189	G	T	91	32	24	6	6	24	0.0576923	104	0.0501897	FALSE	NA	NA	NA	NA	NA	NA
NC_045512.2	16189	G	C	91	32	24	2	2	29	0.0192308	104	0.461571	FALSE	NA	NA	NA	NA	NA	NA
NC_045512.2	16189	G	A	91	32	24	5	5	25	0.0480769	104	0.0903572	FALSE	NA	NA	NA	NA	NA	NA
NC_045512.2	16190	A	T	107	36	26	7	7	26	0.059322	118	0.0301562	FALSE	NA	NA	NA	NA	NA	NA
NC_045512.2	16190	A	G	107	36	26	1	1	29	0.00847458	118	0.730714	FALSE	NA	NA	NA	NA	NA	NA
NC_045512.2	16190	A	C	107	36	26	3	2	26	0.0254237	118	0.287969	FALSE	NA	NA	NA	NA	NA	NA
NC_045512.2	16191	A	T	107	37	24	3	3	28	0.0254237	118	0.287969	FALSE	NA	NA	NA	NA	NA	NA
NC_045512.2	16191	A	G	107	37	24	4	3	24	0.0338983	118	0.168722	FALSE	NA	NA	NA	NA	NA	NA
NC_045512.2	16191	A	C	107	37	24	4	4	25	0.0338983	118	0.168722	FALSE	NA	NA	NA	NA	NA	NA
NC_045512.2	16192	C	T	98	26	26	6	6	26	0.0545455	110	0.0522436	FALSE	NA	NA	NA	NA	NA	NA
NC_045512.2	16192	C	G	98	26	26	4	4	28	0.0363636	110	0.16447	FALSE	NA	NA	NA	NA	NA	NA
NC_045512.2	16192	C	A	98	26	26	2	2	29	0.0181818	110	0.467567	FALSE	NA	NA	NA	NA	NA	NA
NC_045512.2	16193	C	T	104	33	23	5	5	26	0.042735	117	0.0924519	FALSE	NA	NA	NA	NA	NA	NA
NC_045512.2	16193	C	G	104	33	23	7	7	27	0.0598291	117	0.0283849	FALSE	NA	NA	NA	NA	NA	NA
NC_045512.2	16193	C	A	104	33	23	1	1	27	0.00854701	117	0.725627	FALSE	NA	NA	NA	NA	NA	NA
NC_045512.2	16194	T	G	107	35	26	2	2	27	0.0168067	119	0.470148	FALSE	NA	NA	NA	NA	NA	NA
NC_045512.2	16194	T	C	107	35	26	2	2	26	0.0168067	119	0.470148	FALSE	NA	NA	NA	NA	NA	NA
NC_045512.2	16194	T	A	107	35	26	8	8	26	0.0672269	119	0.0161068	FALSE	NA	NA	NA	NA	NA	NA
NC_045512.2	16195	G	T	105	33	27	7	7	26	0.0583333	120	0.0269075	FALSE	NA	NA	NA	NA	NA	NA
NC_045512.2	16195	G	C	105	33	27	2	2	24	0.0166667	120	0.460037	FALSE	NA	NA	NA	NA	NA	NA
NC_045512.2	16195	G	A	105	33	27	6	6	26	0.05	120	0.0492488	FALSE	NA	NA	NA	NA	NA	NA
NC_045512.2	16196	A	T	111	39	26	5	5	26	0.0409836	122	0.0968935	FALSE	NA	NA	NA	NA	NA	NA
NC_045512.2	16196	A	G	111	39	26	3	3	28	0.0245902	122	0.288796	FALSE	NA	NA	NA	NA	NA	NA
NC_045512.2	16196	A	C	111	39	26	3	3	26	0.0245902	122	0.288796	FALSE	NA	NA	NA	NA	NA	NA
NC_045512.2	16197	G	T	104	32	26	4	4	28	0.0330579	121	0.153595	FALSE	NA	NA	NA	NA	NA	NA
NC_045512.2	16197	G	C	104	32	26	4	4	28	0.0330579	121	0.153595	FALSE	NA	NA	NA	NA	NA	NA
NC_045512.2	16197	G	A	104	32	26	9	9	27	0.0743802	121	0.00728618	TRUE	NA	NA	NA	NA	NA	NA
NC_045512.2	16198	T	G	93	23	26	6	6	26	0.0571429	105	0.0517656	FALSE	NA	NA	NA	NA	NA	NA
NC_045512.2	16198	T	C	93	23	26	4	3	26	0.0380952	105	0.163359	FALSE	NA	NA	NA	NA	NA	NA
NC_045512.2	16198	T	A	93	23	26	2	2	28	0.0190476	105	0.465931	FALSE	NA	NA	NA	NA	NA	NA
NC_045512.2	16199	T	G	105	34	28	8	8	27	0.0666667	120	0.0145813	FALSE	NA	NA	NA	NA	NA	NA
NC_045512.2	16199	T	C	105	34	28	4	4	27	0.0333333	120	0.15854	FALSE	NA	NA	NA	NA	NA	NA
NC_045512.2	16199	T	A	105	34	28	3	3	26	0.025	120	0.275248	FALSE	NA	NA	NA	NA	NA	NA
NC_045512.2	16200	T	G	111	40	27	2	2	27	0.0168067	119	0.483698	FALSE	NA	NA	NA	NA	NA	NA
NC_045512.2	16200	T	C	111	40	27	2	2	28	0.0168067	119	0.483698	FALSE	NA	NA	NA	NA	NA	NA
NC_045512.2	16200	T	A	111	40	27	4	4	27	0.0336134	119	0.176847	FALSE	NA	NA	NA	NA	NA	NA
NC_045512.2	16201	T	G	67	39	24	2	2	28	0.025641	78	0.221634	FALSE	NA	NA	NA	NA	NA	NA
NC_045512.2	16201	T	C	67	39	24	1	1	28	0.0128205	78	0.468966	FALSE	NA	NA	NA	NA	NA	NA
NC_045512.2	16201	T	A	67	39	24	8	8	27	0.102564	78	0.00287915	TRUE	NA	NA	NA	NA	NA	NA
NC_045512.2	16202	A	T	109	39	26	7	7	24	0.0578512	121	0.0294331	FALSE	NA	NA	NA	NA	NA	NA
NC_045512.2	16202	A	G	109	39	26	5	4	26	0.0413223	121	0.0948935	FALSE	NA	NA	NA	NA	NA	NA
NC_045512.2	16203	T	G	109	38	26	4	4	27	0.0333333	120	0.169039	FALSE	NA	NA	NA	NA	NA	NA
NC_045512.2	16203	T	C	109	38	26	6	6	26	0.05	120	0.0543871	FALSE	NA	NA	NA	NA	NA	NA
NC_045512.2	16203	T	A	109	38	26	1	1	23	0.00833333	120	0.731058	FALSE	NA	NA	NA	NA	NA	NA
NC_045512.2	16204	G	T	102	33	26	11	11	25	0.0916667	120	0.00195025	TRUE	NA	NA	NA	NA	NA	NA
NC_045512.2	16204	G	C	102	33	26	4	4	27	0.0333333	120	0.150702	FALSE	NA	NA	NA	NA	NA	NA
NC_045512.2	16204	G	A	102	33	26	3	3	26	0.025	120	0.265271	FALSE	NA	NA	NA	NA	NA	NA
NC_045512.2	16205	A	T	100	32	26	10	10	26	0.0862069	116	0.00398007	TRUE	NA	NA	NA	NA	NA	NA
NC_045512.2	16205	A	G	100	32	26	3	2	27	0.0258621	116	0.270482	FALSE	NA	NA	NA	NA	NA	NA
NC_045512.2	16205	A	C	100	32	26	3	3	28	0.0258621	116	0.270482	FALSE	NA	NA	NA	NA	NA	NA
NC_045512.2	16206	G	T	102	33	25	6	6	26	0.05	120	0.0455376	FALSE	NA	NA	NA	NA	NA	NA
NC_045512.2	16206	G	C	102	33	25	2	2	25	0.0166667	120	0.4494	FALSE	NA	NA	NA	NA	NA	NA
NC_045512.2	16206	G	A	102	33	25	10	10	25	0.0833333	120	0.00369263	TRUE	NA	NA	NA	NA	NA	NA
NC_045512.2	16207	G	T	78	33	24	9	9	26	0.09375	96	0.00103858	TRUE	NA	NA	NA	NA	NA	NA
NC_045512.2	16207	G	C	78	33	24	3	3	26	0.03125	96	0.0955217	FALSE	NA	NA	NA	NA	NA	NA
NC_045512.2	16207	G	A	78	33	24	6	6	24	0.0625	96	0.00968338	TRUE	NA	NA	NA	NA	NA	NA
NC_045512.2	16208	C	T	103	34	26	6	6	23	0.0491803	122	0.0446091	FALSE	NA	NA	NA	NA	NA	NA
NC_045512.2	16208	C	G	103	34	26	6	6	26	0.0491803	122	0.0446091	FALSE	NA	NA	NA	NA	NA	NA
NC_045512.2	16208	C	A	103	34	26	7	7	27	0.057377	122	0.023948	FALSE	NA	NA	NA	NA	NA	NA
NC_045512.2	16209	T	G	105	37	27	3	3	24	0.0247934	121	0.272281	FALSE	NA	NA	NA	NA	NA	NA
NC_045512.2	16209	T	C	105	37	27	4	3	26	0.0330579	121	0.156186	FALSE	NA	NA	NA	NA	NA	NA
NC_045512.2	16209	T	A	105	37	27	9	9	26	0.0743802	121	0.00757845	TRUE	NA	NA	NA	NA	NA	NA
NC_045512.2	16210	A	T	107	38	27	7	7	24	0.0578512	121	0.0277802	FALSE	NA	NA	NA	NA	NA	NA
NC_045512.2	16210	A	G	107	38	27	5	5	26	0.0413223	121	0.0911309	FALSE	NA	NA	NA	NA	NA	NA
NC_045512.2	16210	A	C	107	38	27	2	2	26	0.0165289	121	0.463843	FALSE	NA	NA	NA	NA	NA	NA
NC_045512.2	16211	T	G	108	40	26	5	5	25	0.0409836	122	0.0912787	FALSE	NA	NA	NA	NA	NA	NA
NC_045512.2	16211	T	C	108	40	26	4	3	26	0.0327869	122	0.161596	FALSE	NA	NA	NA	NA	NA	NA
NC_045512.2	16211	T	A	108	40	26	5	5	24	0.0409836	122	0.0912787	FALSE	NA	NA	NA	NA	NA	NA
NC_045512.2	16212	G	T	106	37	26	4	4	28	0.0325203	123	0.154149	FALSE	NA	NA	NA	NA	NA	NA
NC_045512.2	16212	G	C	106	37	26	4	4	25	0.0325203	123	0.154149	FALSE	NA	NA	NA	NA	NA	NA
NC_045512.2	16212	G	A	106	37	26	9	9	27	0.0731707	123	0.00733659	TRUE	NA	NA	NA	NA	NA	NA
NC_045512.2	16213	T	G	107	38	26	2	2	27	0.0165289	121	0.463843	FALSE	NA	NA	NA	NA	NA	NA
NC_045512.2	16213	T	C	107	38	26	9	9	28	0.0743802	121	0.00818508	TRUE	NA	NA	NA	NA	NA	NA
NC_045512.2	16213	T	A	107	38	26	3	3	25	0.0247934	121	0.278841	FALSE	NA	NA	NA	NA	NA	NA
NC_045512.2	16214	A	T	111	42	26	10	10	26	0.0806452	124	0.00462936	TRUE	NA	NA	NA	NA	NA	NA
NC_045512.2	16214	A	G	111	42	26	3	3	27	0.0241935	124	0.282862	FALSE	NA	NA	NA	NA	NA	NA
NC_045512.2	16215	C	T	105	37	26	7	7	25	0.057377	122	0.0254674	FALSE	NA	NA	NA	NA	NA	NA
NC_045512.2	16215	C	G	105	37	26	4	4	24	0.0327869	122	0.153874	FALSE	NA	NA	NA	NA	NA	NA
NC_045512.2	16215	C	A	105	37	26	6	6	27	0.0491803	122	0.0470067	FALSE	NA	NA	NA	NA	NA	NA
NC_045512.2	16216	A	T	101	33	26	12	12	24	0.0991736	121	0.000926857	TRUE	NA	NA	NA	NA	NA	NA
NC_045512.2	16216	A	G	101	33	26	5	5	26	0.0413223	121	0.0801161	FALSE	NA	NA	NA	NA	NA	NA
NC_045512.2	16216	A	C	101	33	26	3	3	26	0.0247934	121	0.259029	FALSE	NA	NA	NA	NA	NA	NA
NC_045512.2	16217	C	T	103	34	27	13	13	26	0.105691	123	0.000489736	TRUE	NA	NA	NA	NA	NA	NA
NC_045512.2	16217	C	G	103	34	27	5	5	26	0.0406504	123	0.0805763	FALSE	NA	NA	NA	NA	NA	NA
NC_045512.2	16217	C	A	103	34	27	2	2	25	0.0162602	123	0.443689	FALSE	NA	NA	NA	NA	NA	NA
NC_045512.2	16218	A	T	109	40	27	8	8	25	0.0661157	121	0.0161613	FALSE	NA	NA	NA	NA	NA	NA
NC_045512.2	16218	A	G	109	40	27	1	1	29	0.00826446	121	0.728878	FALSE	NA	NA	NA	NA	NA	NA
NC_045512.2	16218	A	C	109	40	27	3	3	27	0.0247934	121	0.285355	FALSE	NA	NA	NA	NA	NA	NA
NC_045512.2	16219	C	T	102	33	26	5	5	24	0.0413223	121	0.0819216	FALSE	NA	NA	NA	NA	NA	NA
NC_045512.2	16219	C	G	102	33	26	2	2	23	0.0165289	121	0.446279	FALSE	NA	NA	NA	NA	NA	NA
NC_045512.2	16219	C	A	102	33	26	12	12	25	0.0991736	121	0.000978938	TRUE	NA	NA	NA	NA	NA	NA
NC_045512.2	16220	C	T	95	37	24	9	9	24	0.0782609	115	0.00626293	TRUE	NA	NA	NA	NA	NA	NA
NC_045512.2	16220	C	G	95	37	24	1	1	28	0.00869565	115	0.706494	FALSE	NA	NA	NA	NA	NA	NA
NC_045512.2	16220	C	A	95	37	24	10	10	27	0.0869565	115	0.00327995	TRUE	NA	NA	NA	NA	NA	NA
NC_045512.2	16221	G	T	107	38	26	7	7	26	0.0555556	126	0.0242746	FALSE	NA	NA	NA	NA	NA	NA
NC_045512.2	16221	G	C	107	38	26	7	7	26	0.0555556	126	0.0242746	FALSE	NA	NA	NA	NA	NA	NA
NC_045512.2	16221	G	A	107	38	26	5	5	26	0.0396825	126	0.0829806	FALSE	NA	NA	NA	NA	NA	NA
NC_045512.2	16222	C	T	100	32	26	5	5	23	0.0396825	126	0.0710535	FALSE	NA	NA	NA	NA	NA	NA
NC_045512.2	16222	C	G	100	32	26	10	10	25	0.0793651	126	0.00263725	TRUE	NA	NA	NA	NA	NA	NA
NC_045512.2	16222	C	A	100	32	26	11	10	27	0.0873016	126	0.00134552	TRUE	NA	NA	NA	NA	NA	NA
NC_045512.2	16223	A	T	105	36	27	13	13	27	0.103175	126	0.000470188	TRUE	NA	NA	NA	NA	NA	NA
NC_045512.2	16223	A	G	105	36	27	5	5	25	0.0396825	126	0.0795117	FALSE	NA	NA	NA	NA	NA	NA
NC_045512.2	16223	A	C	105	36	27	3	3	24	0.0238095	126	0.258039	FALSE	NA	NA	NA	NA	NA	NA
NC_045512.2	16224	T	G	99	33	28	6	6	27	0.0491803	122	0.0399817	FALSE	NA	NA	NA	NA	NA	NA
NC_045512.2	16224	T	C	99	33	28	7	5	25	0.057377	122	0.0210579	FALSE	NA	NA	NA	NA	NA	NA
NC_045512.2	16224	T	A	99	33	28	10	10	25	0.0819672	122	0.0029602	TRUE	NA	NA	NA	NA	NA	NA
NC_045512.2	16225	A	T	108	40	27	7	7	24	0.056	125	0.0256845	FALSE	NA	NA	NA	NA	NA	NA
NC_045512.2	16225	A	G	108	40	27	3	3	25	0.024	125	0.270428	FALSE	NA	NA	NA	NA	NA	NA
NC_045512.2	16225	A	C	108	40	27	7	7	27	0.056	125	0.0256845	FALSE	NA	NA	NA	NA	NA	NA
NC_045512.2	16226	C	T	104	36	27	10	10	25	0.08	125	0.00330291	TRUE	NA	NA	NA	NA	NA	NA
NC_045512.2	16226	C	G	104	36	27	1	1	27	0.008	125	0.707883	FALSE	NA	NA	NA	NA	NA	NA
NC_045512.2	16226	C	A	104	36	27	10	10	26	0.08	125	0.00330291	TRUE	NA	NA	NA	NA	NA	NA
NC_045512.2	16227	A	T	108	40	27	7	7	25	0.0569106	123	0.0270983	FALSE	NA	NA	NA	NA	NA	NA
NC_045512.2	16227	A	G	108	40	27	4	4	24	0.0325203	123	0.159252	FALSE	NA	NA	NA	NA	NA	NA
NC_045512.2	16227	A	C	108	40	27	4	4	25	0.0325203	123	0.159252	FALSE	NA	NA	NA	NA	NA	NA
NC_045512.2	16228	G	T	104	36	27	9	9	26	0.0714286	126	0.00609284	TRUE	NA	NA	NA	NA	NA	NA
NC_045512.2	16228	G	C	104	36	27	5	5	26	0.0396825	126	0.0777951	FALSE	NA	NA	NA	NA	NA	NA
NC_045512.2	16228	G	A	104	36	27	8	8	26	0.0634921	126	0.011648	FALSE	NA	NA	NA	NA	NA	NA
NC_045512.2	16228	G	-T	104	36	27	1	0	20	0.00793651	126	0.705715	FALSE	NA	NA	NA	NA	NA	NA
NC_045512.2	16229	T	G	108	40	27	8	8	26	0.064	125	0.0133955	FALSE	NA	NA	NA	NA	NA	NA
NC_045512.2	16229	T	C	108	40	27	6	6	24	0.048	125	0.0463044	FALSE	NA	NA	NA	NA	NA	NA
NC_045512.2	16229	T	A	108	40	27	3	3	27	0.024	125	0.267605	FALSE	NA	NA	NA	NA	NA	NA
NC_045512.2	16230	C	T	101	33	27	13	13	25	0.104839	124	0.000412516	TRUE	NA	NA	NA	NA	NA	NA
NC_045512.2	16230	C	G	101	33	27	4	4	28	0.0322581	124	0.139339	FALSE	NA	NA	NA	NA	NA	NA
NC_045512.2	16230	C	A	101	33	27	6	6	24	0.0483871	124	0.0403145	FALSE	NA	NA	NA	NA	NA	NA
NC_045512.2	16230	C	-T	101	33	27	1	0	20	0.00806452	124	0.702262	FALSE	NA	NA	NA	NA	NA	NA
NC_045512.2	16231	T	G	108	40	26	2	2	27	0.016	125	0.451988	FALSE	NA	NA	NA	NA	NA	NA
NC_045512.2	16231	T	C	108	40	26	3	3	27	0.024	125	0.267605	FALSE	NA	NA	NA	NA	NA	NA
NC_045512.2	16231	T	A	108	40	26	12	12	25	0.096	125	0.00105588	TRUE	NA	NA	NA	NA	NA	NA
NC_045512.2	16232	T	G	99	37	24	4	4	26	0.0336134	119	0.145145	FALSE	NA	NA	NA	NA	NA	NA
NC_045512.2	16232	T	C	99	37	24	6	6	26	0.0504202	119	0.0429823	FALSE	NA	NA	NA	NA	NA	NA
NC_045512.2	16232	T	A	99	37	24	10	10	24	0.0840336	119	0.00335212	TRUE	NA	NA	NA	NA	NA	NA
NC_045512.2	16233	A	T	105	39	27	9	9	25	0.072	125	0.00657111	TRUE	NA	NA	NA	NA	NA	NA
NC_045512.2	16233	A	G	105	39	27	6	4	26	0.048	125	0.0438597	FALSE	NA	NA	NA	NA	NA	NA
NC_045512.2	16233	A	C	105	39	27	5	5	26	0.04	125	0.0810224	FALSE	NA	NA	NA	NA	NA	NA
NC_045512.2	16234	C	T	102	34	27	7	7	26	0.0569106	123	0.0225706	FALSE	NA	NA	NA	NA	NA	NA
NC_045512.2	16234	C	G	102	34	27	7	7	25	0.0569106	123	0.0225706	FALSE	NA	NA	NA	NA	NA	NA
NC_045512.2	16234	C	A	102	34	27	7	7	25	0.0569106	123	0.0225706	FALSE	NA	NA	NA	NA	NA	NA
NC_045512.2	16234	C	-A	102	34	27	1	0	20	0.00813008	123	0.707103	FALSE	NA	NA	NA	NA	NA	NA
NC_045512.2	16235	A	T	105	37	26	7	7	25	0.0569106	123	0.0241137	FALSE	NA	NA	NA	NA	NA	NA
NC_045512.2	16235	A	G	105	37	26	7	7	27	0.0569106	123	0.0241137	FALSE	NA	NA	NA	NA	NA	NA
NC_045512.2	16235	A	C	105	37	26	4	4	28	0.0325203	123	0.149374	FALSE	NA	NA	NA	NA	NA	NA
NC_045512.2	16236	G	T	100	32	25	10	10	26	0.0819672	122	0.00310333	TRUE	NA	NA	NA	NA	NA	NA
NC_045512.2	16236	G	C	100	32	25	3	3	25	0.0245902	122	0.252856	FALSE	NA	NA	NA	NA	NA	NA
NC_045512.2	16236	G	A	100	32	25	9	9	25	0.0737705	122	0.00596595	TRUE	NA	NA	NA	NA	NA	NA
NC_045512.2	16237	G	T	91	34	24	6	6	24	0.0535714	112	0.0406025	FALSE	NA	NA	NA	NA	NA	NA
NC_045512.2	16237	G	C	91	34	24	5	5	26	0.0446429	112	0.0759312	FALSE	NA	NA	NA	NA	NA	NA
NC_045512.2	16237	G	A	91	34	24	10	10	26	0.0892857	112	0.00306313	TRUE	NA	NA	NA	NA	NA	NA
NC_045512.2	16238	C	T	101	33	26	9	9	25	0.075	120	0.00669439	TRUE	NA	NA	NA	NA	NA	NA
NC_045512.2	16238	C	G	101	33	26	3	3	26	0.025	120	0.261923	FALSE	NA	NA	NA	NA	NA	NA
NC_045512.2	16238	C	A	101	33	26	7	7	25	0.0583333	120	0.0237774	FALSE	NA	NA	NA	NA	NA	NA
NC_045512.2	16239	T	G	110	42	26	4	4	28	0.0322581	124	0.162018	FALSE	NA	NA	NA	NA	NA	NA
NC_045512.2	16239	T	C	110	42	26	6	6	26	0.0483871	124	0.0508891	FALSE	NA	NA	NA	NA	NA	NA
NC_045512.2	16239	T	A	110	42	26	4	4	27	0.0322581	124	0.162018	FALSE	NA	NA	NA	NA	NA	NA
NC_045512.2	16240	G	T	100	33	27	10	10	27	0.0813008	123	0.00297892	TRUE	NA	NA	NA	NA	NA	NA
NC_045512.2	16240	G	C	100	33	27	2	2	27	0.0162602	123	0.432914	FALSE	NA	NA	NA	NA	NA	NA
NC_045512.2	16240	G	A	100	33	27	11	11	26	0.0894309	123	0.00153921	TRUE	NA	NA	NA	NA	NA	NA
NC_045512.2	16241	T	G	100	35	26	10	10	26	0.0847458	118	0.00366094	TRUE	NA	NA	NA	NA	NA	NA
NC_045512.2	16241	T	C	100	35	26	5	5	26	0.0423729	118	0.0831051	FALSE	NA	NA	NA	NA	NA	NA
NC_045512.2	16241	T	A	100	35	26	3	3	25	0.0254237	118	0.264438	FALSE	NA	NA	NA	NA	NA	NA
NC_045512.2	16242	T	G	81	37	24	5	5	27	0.0505051	99	0.0209313	FALSE	NA	NA	NA	NA	NA	NA
NC_045512.2	16242	T	C	81	37	24	4	4	26	0.040404	99	0.0447834	FALSE	NA	NA	NA	NA	NA	NA
NC_045512.2	16242	T	A	81	37	24	9	9	27	0.0909091	99	0.00106108	TRUE	NA	NA	NA	NA	NA	NA
NC_045512.2	16243	G	T	79	19	25	11	11	26	0.107843	102	0.0012942	TRUE	NA	NA	NA	NA	NA	NA
NC_045512.2	16243	G	C	79	19	25	6	6	24	0.0588235	102	0.0360256	FALSE	NA	NA	NA	NA	NA	NA
NC_045512.2	16243	G	A	79	19	25	6	6	24	0.0588235	102	0.0360256	FALSE	NA	NA	NA	NA	NA	NA
NC_045512.2	16244	G	T	96	36	27	4	4	28	0.0347826	115	0.146378	FALSE	NA	NA	NA	NA	NA	NA
NC_045512.2	16244	G	C	96	36	27	5	5	26	0.0434783	115	0.080534	FALSE	NA	NA	NA	NA	NA	NA
NC_045512.2	16244	G	A	96	36	27	10	10	25	0.0869565	115	0.00344309	TRUE	NA	NA	NA	NA	NA	NA
NC_045512.2	16245	G	T	94	34	27	8	8	24	0.0701754	114	0.0118581	FALSE	NA	NA	NA	NA	NA	NA
NC_045512.2	16245	G	C	94	34	27	4	4	23	0.0350877	114	0.143284	FALSE	NA	NA	NA	NA	NA	NA
NC_045512.2	16245	G	A	94	34	27	8	8	26	0.0701754	114	0.0118581	FALSE	NA	NA	NA	NA	NA	NA
NC_045512.2	16246	G	T	66	36	24	9	9	25	0.105882	85	0.000883679	TRUE	NA	NA	NA	NA	NA	NA
NC_045512.2	16246	G	C	66	36	24	5	5	26	0.0588235	85	0.0186391	FALSE	NA	NA	NA	NA	NA	NA
NC_045512.2	16246	G	A	66	36	24	5	5	24	0.0588235	85	0.0186391	FALSE	NA	NA	NA	NA	NA	NA
NC_045512.2	16247	C	T	91	32	26	10	10	25	0.0900901	111	0.00320368	TRUE	NA	NA	NA	NA	NA	NA
NC_045512.2	16247	C	G	91	32	26	6	6	26	0.0540541	111	0.0416777	FALSE	NA	NA	NA	NA	NA	NA
NC_045512.2	16247	C	A	91	32	26	4	4	27	0.036036	111	0.142086	FALSE	NA	NA	NA	NA	NA	NA
NC_045512.2	16248	T	G	94	37	26	6	6	27	0.0540541	111	0.0455503	FALSE	NA	NA	NA	NA	NA	NA
NC_045512.2	16248	T	C	94	37	26	6	5	25	0.0540541	111	0.0455503	FALSE	NA	NA	NA	NA	NA	NA
NC_045512.2	16248	T	A	94	37	26	5	5	24	0.045045	111	0.0834772	FALSE	NA	NA	NA	NA	NA	NA
NC_045512.2	16249	T	G	88	37	24	8	8	26	0.0754717	106	0.0123682	FALSE	NA	NA	NA	NA	NA	NA
NC_045512.2	16249	T	A	88	37	24	10	10	24	0.0943396	106	0.00345008	TRUE	NA	NA	NA	NA	NA	NA
NC_045512.2	16250	G	T	95	37	27	4	4	25	0.0353982	113	0.14841	FALSE	NA	NA	NA	NA	NA	NA
NC_045512.2	16250	G	C	95	37	27	2	2	25	0.0176991	113	0.446006	FALSE	NA	NA	NA	NA	NA	NA
NC_045512.2	16250	G	A	95	37	27	12	12	27	0.106195	113	0.000993399	TRUE	NA	NA	NA	NA	NA	NA
NC_045512.2	16251	T	G	95	37	27	8	8	25	0.0707965	113	0.0127641	FALSE	NA	NA	NA	NA	NA	NA
NC_045512.2	16251	T	C	95	37	27	7	7	26	0.0619469	113	0.023938	FALSE	NA	NA	NA	NA	NA	NA
NC_045512.2	16251	T	A	95	37	27	3	3	26	0.0265487	113	0.262222	FALSE	NA	NA	NA	NA	NA	NA
NC_045512.2	16252	G	T	93	35	27	5	5	26	0.0454545	110	0.0832477	FALSE	NA	NA	NA	NA	NA	NA
NC_045512.2	16252	G	C	93	35	27	3	3	27	0.0272727	110	0.264452	FALSE	NA	NA	NA	NA	NA	NA
NC_045512.2	16252	G	A	93	35	27	9	9	25	0.0818182	110	0.00698042	TRUE	NA	NA	NA	NA	NA	NA
NC_045512.2	16253	T	G	98	40	26	4	4	25	0.036036	111	0.161839	FALSE	NA	NA	NA	NA	NA	NA
NC_045512.2	16253	T	C	98	40	26	3	3	25	0.027027	111	0.279272	FALSE	NA	NA	NA	NA	NA	NA
NC_045512.2	16253	T	A	98	40	26	6	6	26	0.0540541	111	0.0509456	FALSE	NA	NA	NA	NA	NA	NA
NC_045512.2	16254	T	G	90	37	25	4	4	25	0.0373832	107	0.149129	FALSE	NA	NA	NA	NA	NA	NA
NC_045512.2	16254	T	C	90	37	25	6	6	26	0.0560748	107	0.0449511	FALSE	NA	NA	NA	NA	NA	NA
NC_045512.2	16254	T	A	90	37	25	7	7	26	0.0654206	107	0.0242156	FALSE	NA	NA	NA	NA	NA	NA
NC_045512.2	16254	T	-C	90	37	25	1	0	20	0.00934579	107	0.711748	FALSE	NA	NA	NA	NA	NA	NA
NC_045512.2	16255	C	T	90	35	27	8	8	27	0.0733945	109	0.0116165	FALSE	NA	NA	NA	NA	NA	NA
NC_045512.2	16255	C	G	90	35	27	2	2	26	0.0183486	109	0.436401	FALSE	NA	NA	NA	NA	NA	NA
NC_045512.2	16255	C	A	90	35	27	9	9	26	0.0825688	109	0.0060917	TRUE	NA	NA	NA	NA	NA	NA
NC_045512.2	16255	C	+G	90	35	27	1	0	20	0.00909091	110	0.704221	FALSE	NA	NA	NA	NA	NA	NA
NC_045512.2	16256	T	G	88	33	25	6	6	25	0.0566038	106	0.0434348	FALSE	NA	NA	NA	NA	NA	NA
NC_045512.2	16256	T	C	88	33	25	7	7	25	0.0660377	106	0.0232638	FALSE	NA	NA	NA	NA	NA	NA
NC_045512.2	16256	T	A	88	33	25	5	5	28	0.0471698	106	0.080221	FALSE	NA	NA	NA	NA	NA	NA
NC_045512.2	16257	T	G	89	35	27	7	7	27	0.0660377	106	0.0241207	FALSE	NA	NA	NA	NA	NA	NA
NC_045512.2	16257	T	C	89	35	27	6	6	28	0.0566038	106	0.0447947	FALSE	NA	NA	NA	NA	NA	NA
NC_045512.2	16257	T	A	89	35	27	4	4	25	0.0377358	106	0.148764	FALSE	NA	NA	NA	NA	NA	NA
NC_045512.2	16258	T	G	68	34	24	4	4	26	0.045977	87	0.0411647	FALSE	NA	NA	NA	NA	NA	NA
NC_045512.2	16258	T	C	68	34	24	4	4	26	0.045977	87	0.0411647	FALSE	NA	NA	NA	NA	NA	NA
NC_045512.2	16258	T	A	68	34	24	11	11	27	0.126437	87	0.000205491	TRUE	NA	NA	NA	NA	NA	NA
NC_045512.2	16259	G	T	86	35	26	6	6	26	0.0576923	104	0.0430917	FALSE	NA	NA	NA	NA	NA	NA
NC_045512.2	16259	G	C	86	35	26	7	7	26	0.0673077	104	0.0230562	FALSE	NA	NA	NA	NA	NA	NA
NC_045512.2	16259	G	A	86	35	26	5	5	25	0.0480769	104	0.0796782	FALSE	NA	NA	NA	NA	NA	NA
NC_045512.2	16260	C	T	83	33	26	6	6	25	0.0588235	102	0.0413522	FALSE	NA	NA	NA	NA	NA	NA
NC_045512.2	16260	C	G	83	33	26	7	7	26	0.0686275	102	0.0219765	FALSE	NA	NA	NA	NA	NA	NA
NC_045512.2	16260	C	A	83	33	26	6	6	26	0.0588235	102	0.0413522	FALSE	NA	NA	NA	NA	NA	NA
NC_045512.2	16260	C	-A	83	33	26	1	0	20	0.00980392	102	0.70329	FALSE	NA	NA	NA	NA	NA	NA
NC_045512.2	16261	A	T	82	33	25	4	4	27	0.0392157	102	0.135548	FALSE	NA	NA	NA	NA	NA	NA
NC_045512.2	16261	A	G	82	33	25	9	9	26	0.0882353	102	0.00554017	TRUE	NA	NA	NA	NA	NA	NA
NC_045512.2	16261	A	C	82	33	25	7	7	26	0.0686275	102	0.0204264	FALSE	NA	NA	NA	NA	NA	NA
NC_045512.2	16262	A	T	76	37	24	7	7	25	0.0744681	94	0.00451398	TRUE	NA	NA	NA	NA	NA	NA
NC_045512.2	16262	A	G	76	37	24	3	2	25	0.0319149	94	0.094894	FALSE	NA	NA	NA	NA	NA	NA
NC_045512.2	16262	A	C	76	37	24	8	8	27	0.0851064	94	0.00214223	TRUE	NA	NA	NA	NA	NA	NA
NC_045512.2	16263	T	G	88	38	26	5	5	27	0.0485437	103	0.0858145	FALSE	NA	NA	NA	NA	NA	NA
NC_045512.2	16263	T	C	88	38	26	2	2	26	0.0194175	103	0.45294	FALSE	NA	NA	NA	NA	NA	NA
NC_045512.2	16263	T	A	88	38	26	8	8	28	0.0776699	103	0.0138292	FALSE	NA	NA	NA	NA	NA	NA
NC_045512.2	16264	T	G	88	41	25	5	5	24	0.049505	101	0.0897983	FALSE	NA	NA	NA	NA	NA	NA
NC_045512.2	16264	T	C	88	41	25	2	2	27	0.019802	101	0.460353	FALSE	NA	NA	NA	NA	NA	NA
NC_045512.2	16264	T	A	88	41	25	6	6	25	0.0594059	101	0.0498347	FALSE	NA	NA	NA	NA	NA	NA
NC_045512.2	16265	C	T	83	33	27	6	6	25	0.0576923	104	0.0390645	FALSE	NA	NA	NA	NA	NA	NA
NC_045512.2	16265	C	G	83	33	27	7	7	25	0.0673077	104	0.0205503	FALSE	NA	NA	NA	NA	NA	NA
NC_045512.2	16265	C	A	83	33	27	8	8	26	0.0769231	104	0.0107343	FALSE	NA	NA	NA	NA	NA	NA
NC_045512.2	16266	A	T	83	33	27	8	8	26	0.0784314	102	0.0115966	FALSE	NA	NA	NA	NA	NA	NA
NC_045512.2	16266	A	G	83	33	27	5	5	28	0.0490196	102	0.0769935	FALSE	NA	NA	NA	NA	NA	NA
NC_045512.2	16266	A	C	83	33	27	6	6	26	0.0588235	102	0.0413522	FALSE	NA	NA	NA	NA	NA	NA
NC_045512.2	16267	C	T	81	31	27	7	7	25	0.0673077	104	0.0189666	FALSE	NA	NA	NA	NA	NA	NA
NC_045512.2	16267	C	G	81	31	27	5	5	27	0.0480769	104	0.0694388	FALSE	NA	NA	NA	NA	NA	NA
NC_045512.2	16267	C	A	81	31	27	11	11	26	0.105769	104	0.00132036	TRUE	NA	NA	NA	NA	NA	NA
NC_045512.2	16268	A	T	71	33	27	6	6	24	0.0681818	88	0.00962417	TRUE	NA	NA	NA	NA	NA	NA
NC_045512.2	16268	A	G	71	33	27	7	7	25	0.0795455	88	0.00454961	TRUE	NA	NA	NA	NA	NA	NA
NC_045512.2	16268	A	C	71	33	27	4	4	27	0.0454545	88	0.0439633	FALSE	NA	NA	NA	NA	NA	NA
NC_045512.2	16269	G	T	68	30	28	10	10	26	0.113636	88	0.000403179	TRUE	NA	NA	NA	NA	NA	NA
NC_045512.2	16269	G	C	68	30	28	3	3	29	0.0340909	88	0.0886184	FALSE	NA	NA	NA	NA	NA	NA
NC_045512.2	16269	G	A	68	30	28	7	7	27	0.0795455	88	0.00389596	TRUE	NA	NA	NA	NA	NA	NA
NC_045512.2	16270	A	T	69	31	28	4	4	27	0.045977	87	0.0424554	FALSE	NA	NA	NA	NA	NA	NA
NC_045512.2	16270	A	G	69	31	28	3	3	22	0.0344828	87	0.0924714	FALSE	NA	NA	NA	NA	NA	NA
NC_045512.2	16270	A	C	69	31	28	11	11	27	0.126437	87	0.000222463	TRUE	NA	NA	NA	NA	NA	NA
NC_045512.2	16271	C	T	70	32	27	7	7	25	0.0804598	87	0.00451761	TRUE	NA	NA	NA	NA	NA	NA
NC_045512.2	16271	C	G	70	32	27	3	3	27	0.0344828	87	0.094615	FALSE	NA	NA	NA	NA	NA	NA
NC_045512.2	16271	C	A	70	32	27	7	7	27	0.0804598	87	0.00451761	TRUE	NA	NA	NA	NA	NA	NA
NC_045512.2	16272	T	G	73	35	26	5	5	26	0.0568182	88	0.0220209	FALSE	NA	NA	NA	NA	NA	NA
NC_045512.2	16272	T	C	73	35	26	6	6	26	0.0681818	88	0.0104798	FALSE	NA	NA	NA	NA	NA	NA
NC_045512.2	16272	T	A	73	35	26	4	4	28	0.0454545	88	0.0465827	FALSE	NA	NA	NA	NA	NA	NA
NC_045512.2	16273	T	G	71	33	25	7	7	28	0.0795455	88	0.00454961	TRUE	NA	NA	NA	NA	NA	NA
NC_045512.2	16273	T	C	71	33	25	4	4	26	0.0454545	88	0.0439633	FALSE	NA	NA	NA	NA	NA	NA
NC_045512.2	16273	T	A	71	33	25	6	6	26	0.0681818	88	0.00962417	TRUE	NA	NA	NA	NA	NA	NA
NC_045512.2	16274	C	T	71	33	27	4	4	27	0.0454545	88	0.0439633	FALSE	NA	NA	NA	NA	NA	NA
NC_045512.2	16274	C	G	71	33	27	7	7	27	0.0795455	88	0.00454961	TRUE	NA	NA	NA	NA	NA	NA
NC_045512.2	16274	C	A	71	33	27	6	6	28	0.0681818	88	0.00962417	TRUE	NA	NA	NA	NA	NA	NA
NC_045512.2	16275	A	T	73	35	27	5	5	26	0.0568182	88	0.0220209	FALSE	NA	NA	NA	NA	NA	NA
NC_045512.2	16275	A	G	73	35	27	5	5	25	0.0568182	88	0.0220209	FALSE	NA	NA	NA	NA	NA	NA
NC_045512.2	16275	A	C	73	35	27	5	5	26	0.0568182	88	0.0220209	FALSE	NA	NA	NA	NA	NA	NA
NC_045512.2	16276	T	G	71	33	25	6	6	24	0.0705882	85	0.0107703	FALSE	NA	NA	NA	NA	NA	NA
NC_045512.2	16276	T	C	71	33	25	4	4	26	0.0470588	85	0.04741	FALSE	NA	NA	NA	NA	NA	NA
NC_045512.2	16276	T	A	71	33	25	4	4	28	0.0470588	85	0.04741	FALSE	NA	NA	NA	NA	NA	NA
NC_045512.2	16277	T	G	76	41	25	5	5	26	0.0588235	85	0.0267258	FALSE	NA	NA	NA	NA	NA	NA
NC_045512.2	16277	T	C	76	41	25	3	3	25	0.0352941	85	0.111605	FALSE	NA	NA	NA	NA	NA	NA
NC_045512.2	16277	T	A	76	41	25	1	1	27	0.0117647	85	0.478261	FALSE	NA	NA	NA	NA	NA	NA
NC_045512.2	16278	A	T	69	31	26	6	6	28	0.0697674	86	0.00950112	TRUE	NA	NA	NA	NA	NA	NA
NC_045512.2	16278	A	G	69	31	26	4	4	25	0.0465116	86	0.0435511	FALSE	NA	NA	NA	NA	NA	NA
NC_045512.2	16278	A	C	69	31	26	7	7	26	0.0813953	86	0.004485	TRUE	NA	NA	NA	NA	NA	NA
NC_045512.2	16279	A	T	70	34	25	10	10	27	0.116279	86	0.000527555	TRUE	NA	NA	NA	NA	NA	NA
NC_045512.2	16279	A	G	70	34	25	1	1	28	0.0116279	86	0.455128	FALSE	NA	NA	NA	NA	NA	NA
NC_045512.2	16279	A	C	70	34	25	5	5	26	0.0581395	86	0.0210382	FALSE	NA	NA	NA	NA	NA	NA
NC_045512.2	16280	G	T	72	35	27	4	4	24	0.045977	87	0.0464057	FALSE	NA	NA	NA	NA	NA	NA
NC_045512.2	16280	G	C	72	35	27	2	2	26	0.0229885	87	0.212343	FALSE	NA	NA	NA	NA	NA	NA
NC_045512.2	16280	G	A	72	35	27	9	9	29	0.103448	87	0.00116686	TRUE	NA	NA	NA	NA	NA	NA
NC_045512.2	16281	A	T	58	30	26	10	10	25	0.133333	75	0.000437731	TRUE	NA	NA	NA	NA	NA	NA
NC_045512.2	16281	A	G	58	30	26	4	4	27	0.0533333	75	0.0409162	FALSE	NA	NA	NA	NA	NA	NA
NC_045512.2	16281	A	C	58	30	26	3	3	26	0.04	75	0.0897517	FALSE	NA	NA	NA	NA	NA	NA
NC_045512.2	16282	T	G	64	37	27	5	5	25	0.0666667	75	0.0242049	FALSE	NA	NA	NA	NA	NA	NA
NC_045512.2	16282	T	C	64	37	27	3	3	28	0.04	75	0.104754	FALSE	NA	NA	NA	NA	NA	NA
NC_045512.2	16282	T	A	64	37	27	3	3	25	0.04	75	0.104754	FALSE	NA	NA	NA	NA	NA	NA
NC_045512.2	16283	G	T	59	32	26	4	4	26	0.0555556	72	0.0463886	FALSE	NA	NA	NA	NA	NA	NA
NC_045512.2	16283	G	C	59	32	26	5	5	27	0.0694444	72	0.0219917	FALSE	NA	NA	NA	NA	NA	NA
NC_045512.2	16283	G	A	59	32	26	4	4	27	0.0555556	72	0.0463886	FALSE	NA	NA	NA	NA	NA	NA
NC_045512.2	16284	T	G	59	32	26	6	6	28	0.0810811	74	0.00961342	TRUE	NA	NA	NA	NA	NA	NA
NC_045512.2	16284	T	C	59	32	26	6	6	27	0.0810811	74	0.00961342	TRUE	NA	NA	NA	NA	NA	NA
NC_045512.2	16284	T	A	59	32	26	3	3	26	0.0405405	74	0.0943154	FALSE	NA	NA	NA	NA	NA	NA
NC_045512.2	16285	G	T	63	36	24	5	5	26	0.0666667	75	0.0232644	FALSE	NA	NA	NA	NA	NA	NA
NC_045512.2	16285	G	C	63	36	24	2	2	25	0.0266667	75	0.21687	FALSE	NA	NA	NA	NA	NA	NA
NC_045512.2	16285	G	A	63	36	24	5	5	27	0.0666667	75	0.0232644	FALSE	NA	NA	NA	NA	NA	NA
NC_045512.2	16286	G	T	52	33	25	6	6	26	0.0895522	67	0.00906406	TRUE	NA	NA	NA	NA	NA	NA
NC_045512.2	16286	G	C	52	33	25	5	5	27	0.0746269	67	0.0193783	FALSE	NA	NA	NA	NA	NA	NA
NC_045512.2	16286	G	A	52	33	25	4	4	26	0.0597015	67	0.0418164	FALSE	NA	NA	NA	NA	NA	NA
NC_045512.2	16287	T	G	58	31	26	5	5	25	0.0666667	75	0.0188155	FALSE	NA	NA	NA	NA	NA	NA
NC_045512.2	16287	T	C	58	31	26	7	7	26	0.0933333	75	0.00408052	TRUE	NA	NA	NA	NA	NA	NA
NC_045512.2	16287	T	A	58	31	26	5	5	27	0.0666667	75	0.0188155	FALSE	NA	NA	NA	NA	NA	NA
NC_045512.2	16288	G	T	56	29	27	4	4	25	0.0555556	72	0.041619	FALSE	NA	NA	NA	NA	NA	NA
NC_045512.2	16288	G	C	56	29	27	6	6	25	0.0833333	72	0.00896577	TRUE	NA	NA	NA	NA	NA	NA
NC_045512.2	16288	G	A	56	29	27	6	6	27	0.0833333	72	0.00896577	TRUE	NA	NA	NA	NA	NA	NA
NC_045512.2	16289	C	T	57	30	27	8	8	25	0.109589	73	0.00201952	TRUE	NA	NA	NA	NA	NA	NA
NC_045512.2	16289	C	G	57	30	27	4	4	23	0.0547945	73	0.041891	FALSE	NA	NA	NA	NA	NA	NA
NC_045512.2	16289	C	A	57	30	27	4	4	26	0.0547945	73	0.041891	FALSE	NA	NA	NA	NA	NA	NA
NC_045512.2	16290	T	G	52	25	25	14	14	26	0.2	70	2.03038e-05	TRUE	NA	NA	NA	NA	NA	NA
NC_045512.2	16290	T	C	52	25	25	3	3	22	0.0428571	70	0.0845952	FALSE	NA	NA	NA	NA	NA	NA
NC_045512.2	16290	T	A	52	25	25	1	1	23	0.0142857	70	0.434426	FALSE	NA	NA	NA	NA	NA	NA
NC_045512.2	16291	T	G	55	35	25	4	4	25	0.0606061	66	0.0485144	FALSE	NA	NA	NA	NA	NA	NA
NC_045512.2	16291	T	C	55	35	25	5	5	27	0.0757576	66	0.0232869	FALSE	NA	NA	NA	NA	NA	NA
NC_045512.2	16291	T	A	55	35	25	2	2	22	0.030303	66	0.216231	FALSE	NA	NA	NA	NA	NA	NA
NC_045512.2	16292	G	T	61	34	25	5	5	25	0.0675676	74	0.0222271	FALSE	NA	NA	NA	NA	NA	NA
NC_045512.2	16292	G	C	61	34	25	4	4	26	0.0540541	74	0.0468116	FALSE	NA	NA	NA	NA	NA	NA
NC_045512.2	16292	G	A	61	34	25	4	4	26	0.0540541	74	0.0468116	FALSE	NA	NA	NA	NA	NA	NA
NC_045512.2	16293	C	T	59	32	25	8	8	23	0.111111	72	0.00245839	TRUE	NA	NA	NA	NA	NA	NA
NC_045512.2	16293	C	G	59	32	25	3	3	26	0.0416667	72	0.0986679	FALSE	NA	NA	NA	NA	NA	NA
NC_045512.2	16293	C	A	59	32	25	2	2	27	0.0277778	72	0.211659	FALSE	NA	NA	NA	NA	NA	NA
NC_045512.2	16294	A	T	56	30	26	5	5	28	0.078125	64	0.026423	FALSE	NA	NA	NA	NA	NA	NA
NC_045512.2	16294	A	G	56	30	26	1	1	25	0.015625	64	0.475	FALSE	NA	NA	NA	NA	NA	NA
NC_045512.2	16294	A	C	56	30	26	2	2	25	0.03125	64	0.227686	FALSE	NA	NA	NA	NA	NA	NA
NC_045512.2	16295	T	G	54	28	27	1	1	27	0.0166667	60	0.482456	FALSE	NA	NA	NA	NA	NA	NA
NC_045512.2	16295	T	C	54	28	27	5	5	28	0.0833333	60	0.0286139	FALSE	NA	NA	NA	NA	NA	NA
NC_045512.2	16296	A	T	54	29	27	4	4	24	0.0677966	59	0.0592536	FALSE	NA	NA	NA	NA	NA	NA
NC_045512.2	16296	A	G	54	29	27	1	0	27	0.0169492	59	0.486726	FALSE	NA	NA	NA	NA	NA	NA
NC_045512.2	16297	C	T	55	29	27	3	3	29	0.05	60	0.118618	FALSE	NA	NA	NA	NA	NA	NA
NC_045512.2	16297	C	A	55	29	27	2	2	26	0.0333333	60	0.23928	FALSE	NA	NA	NA	NA	NA	NA
NC_045512.2	16298	G	T	52	26	27	3	3	27	0.0517241	58	0.115106	FALSE	NA	NA	NA	NA	NA	NA
NC_045512.2	16298	G	C	52	26	27	3	3	27	0.0517241	58	0.115106	FALSE	NA	NA	NA	NA	NA	NA
NC_045512.2	16299	T	G	52	26	28	5	5	26	0.0862069	58	0.0285219	FALSE	NA	NA	NA	NA	NA	NA
NC_045512.2	16299	T	A	52	26	28	1	1	27	0.0172414	58	0.481818	FALSE	NA	NA	NA	NA	NA	NA
NC_045512.2	16300	A	C	311	76	27	6	6	26	0.0189274	317	0.2539	FALSE	NA	NA	NA	NA	NA	NA
NC_045512.2	16301	G	A	310	75	27	7	7	25	0.022082	317	0.171215	FALSE	NA	NA	NA	NA	NA	NA
NC_045512.2	16302	A	T	313	79	27	2	1	28	0.00630915	317	0.812502	FALSE	NA	NA	NA	NA	NA	NA
NC_045512.2	16302	A	C	313	79	27	2	2	24	0.00630915	317	0.812502	FALSE	NA	NA	NA	NA	NA	NA
NC_045512.2	16303	C	T	310	75	27	3	3	22	0.00949367	316	0.654001	FALSE	NA	NA	NA	NA	NA	NA
NC_045512.2	16303	C	A	310	75	27	3	3	26	0.00949367	316	0.654001	FALSE	NA	NA	NA	NA	NA	NA
NC_045512.2	16304	C	T	292	77	24	4	3	27	0.0133779	299	0.339794	FALSE	NA	NA	NA	NA	NA	NA
NC_045512.2	16304	C	G	292	77	24	2	2	26	0.00668896	299	0.683043	FALSE	NA	NA	NA	NA	NA	NA
NC_045512.2	16304	C	A	292	77	24	1	1	22	0.00334448	299	0.872441	FALSE	NA	NA	NA	NA	NA	NA
NC_045512.2	16305	A	G	313	78	27	1	1	26	0.00314465	318	0.936903	FALSE	NA	NA	NA	NA	NA	NA
NC_045512.2	16305	A	C	313	78	27	4	4	28	0.0125786	318	0.5	FALSE	NA	NA	NA	NA	NA	NA
NC_045512.2	16305	A	-T	313	78	27	1	0	20	0.00314465	318	0.936903	FALSE	NA	NA	NA	NA	NA	NA
NC_045512.2	16306	T	G	300	67	25	2	2	26	0.00638978	313	0.80214	FALSE	NA	NA	NA	NA	NA	NA
NC_045512.2	16306	T	C	300	67	25	2	1	24	0.00638978	313	0.80214	FALSE	NA	NA	NA	NA	NA	NA
NC_045512.2	16306	T	A	300	67	25	9	9	27	0.028754	313	0.0680243	FALSE	NA	NA	NA	NA	NA	NA
NC_045512.2	16307	T	G	296	77	24	4	4	28	0.0130719	306	0.490916	FALSE	NA	NA	NA	NA	NA	NA
NC_045512.2	16307	T	C	296	77	24	5	5	26	0.0163399	306	0.35514	FALSE	NA	NA	NA	NA	NA	NA
NC_045512.2	16307	T	A	296	77	24	1	1	28	0.00326797	306	0.934751	FALSE	NA	NA	NA	NA	NA	NA
NC_045512.2	16308	C	G	311	77	27	1	1	28	0.00311526	321	0.934884	FALSE	NA	NA	NA	NA	NA	NA
NC_045512.2	16308	C	A	311	77	27	9	9	27	0.0280374	321	0.0711024	FALSE	NA	NA	NA	NA	NA	NA
NC_045512.2	16309	T	G	308	75	26	3	3	28	0.00923077	325	0.637546	FALSE	NA	NA	NA	NA	NA	NA
NC_045512.2	16309	T	C	308	75	26	8	7	25	0.0246154	325	0.103439	FALSE	NA	NA	NA	NA	NA	NA
NC_045512.2	16309	T	A	308	75	26	6	6	27	0.0184615	325	0.23712	FALSE	NA	NA	NA	NA	NA	NA
NC_045512.2	16310	T	G	293	78	24	4	4	26	0.0130293	307	0.483597	FALSE	NA	NA	NA	NA	NA	NA
NC_045512.2	16310	T	C	293	78	24	5	5	26	0.0162866	307	0.347908	FALSE	NA	NA	NA	NA	NA	NA
NC_045512.2	16310	T	A	293	78	24	5	5	27	0.0162866	307	0.347908	FALSE	NA	NA	NA	NA	NA	NA
NC_045512.2	16311	A	T	278	64	27	1	1	28	0.0035461	282	0.874329	FALSE	NA	NA	NA	NA	NA	NA
NC_045512.2	16311	A	G	278	64	27	1	1	27	0.0035461	282	0.874329	FALSE	NA	NA	NA	NA	NA	NA
NC_045512.2	16311	A	C	278	64	27	2	2	28	0.0070922	282	0.686831	FALSE	NA	NA	NA	NA	NA	NA
NC_045512.2	16312	T	C	275	61	27	5	5	23	0.0177305	282	0.223628	FALSE	NA	NA	NA	NA	NA	NA
NC_045512.2	16312	T	A	275	61	27	2	2	28	0.0070922	282	0.68277	FALSE	NA	NA	NA	NA	NA	NA
NC_045512.2	16312	T	+G	275	61	27	1	0	20	0.0035461	282	0.872284	FALSE	NA	NA	NA	NA	NA	NA
NC_045512.2	16313	G	T	269	56	27	7	7	26	0.024911	281	0.0846014	FALSE	NA	NA	NA	NA	NA	NA
NC_045512.2	16313	G	C	269	56	27	5	5	27	0.0177936	281	0.216269	FALSE	NA	NA	NA	NA	NA	NA
NC_045512.2	16314	T	C	270	56	27	7	5	27	0.024735	283	0.0837834	FALSE	NA	NA	NA	NA	NA	NA
NC_045512.2	16314	T	A	270	56	27	6	6	26	0.0212014	283	0.135827	FALSE	NA	NA	NA	NA	NA	NA
NC_045512.2	16315	T	G	272	66	24	1	1	28	0.00362319	276	0.874314	FALSE	NA	NA	NA	NA	NA	NA
NC_045512.2	16315	T	C	272	66	24	1	1	31	0.00362319	276	0.498175	FALSE	NA	NA	NA	NA	NA	NA
NC_045512.2	16315	T	A	272	66	24	2	2	28	0.00724638	276	0.686816	FALSE	NA	NA	NA	NA	NA	NA
NC_045512.2	16316	G	T	275	59	27	11	11	26	0.0383275	287	0.0105065	FALSE	NA	NA	NA	NA	NA	NA
NC_045512.2	16316	G	A	275	59	27	1	1	30	0.00348432	287	0.491103	FALSE	NA	NA	NA	NA	NA	NA
NC_045512.2	16317	T	G	277	61	27	1	1	27	0.00348432	287	0.87028	FALSE	NA	NA	NA	NA	NA	NA
NC_045512.2	16317	T	C	277	61	27	5	5	25	0.0174216	287	0.219362	FALSE	NA	NA	NA	NA	NA	NA
NC_045512.2	16317	T	A	277	61	27	4	4	28	0.0139373	287	0.334658	FALSE	NA	NA	NA	NA	NA	NA
NC_045512.2	16318	A	T	267	51	26	10	10	25	0.0357143	280	0.0177268	FALSE	NA	NA	NA	NA	NA	NA
NC_045512.2	16318	A	G	267	51	26	1	1	28	0.00357143	280	0.868007	FALSE	NA	NA	NA	NA	NA	NA
NC_045512.2	16318	A	C	267	51	26	2	2	27	0.00714286	280	0.674352	FALSE	NA	NA	NA	NA	NA	NA
NC_045512.2	16319	A	T	281	65	28	7	7	27	0.0238908	293	0.0848156	FALSE	NA	NA	NA	NA	NA	NA
NC_045512.2	16319	A	G	281	65	28	5	5	26	0.0170648	293	0.216693	FALSE	NA	NA	NA	NA	NA	NA
NC_045512.2	16320	A	T	254	64	23	7	7	24	0.0261194	268	0.0825478	FALSE	NA	NA	NA	NA	NA	NA
NC_045512.2	16320	A	G	254	64	23	7	6	27	0.0261194	268	0.0825478	FALSE	NA	NA	NA	NA	NA	NA
NC_045512.2	16320	A	+T	254	64	23	1	0	20	0.00373134	268	0.866916	FALSE	NA	NA	NA	NA	NA	NA
NC_045512.2	16321	T	G	286	70	26	1	1	25	0.00341297	293	0.872388	FALSE	NA	NA	NA	NA	NA	NA
NC_045512.2	16321	T	A	286	70	26	6	6	27	0.0204778	293	0.142836	FALSE	NA	NA	NA	NA	NA	NA
NC_045512.2	16321	T	-G	286	70	26	12	0	20	0.0409556	293	0.0066397	TRUE	NA	NA	NA	NA	NA	NA
NC_045512.2	16322	G	T	273	67	26	2	2	28	0.0070922	282	0.663982	FALSE	NA	NA	NA	NA	NA	NA
NC_045512.2	16322	G	C	273	67	26	5	5	22	0.0177305	282	0.204106	FALSE	NA	NA	NA	NA	NA	NA
NC_045512.2	16322	G	A	273	67	26	2	2	21	0.0070922	282	0.663982	FALSE	NA	NA	NA	NA	NA	NA
NC_045512.2	16323	C	T	281	65	27	8	8	25	0.0272109	294	0.0508335	FALSE	NA	NA	NA	NA	NA	NA
NC_045512.2	16323	C	G	281	65	27	2	2	28	0.00680272	294	0.674998	FALSE	NA	NA	NA	NA	NA	NA
NC_045512.2	16323	C	A	281	65	27	3	3	26	0.0102041	294	0.485328	FALSE	NA	NA	NA	NA	NA	NA
NC_045512.2	16324	T	C	284	69	27	2	1	21	0.00677966	295	0.677715	FALSE	NA	NA	NA	NA	NA	NA
NC_045512.2	16324	T	A	284	69	27	9	9	24	0.0305085	295	0.0310813	FALSE	NA	NA	NA	NA	NA	NA
NC_045512.2	16325	G	T	281	65	27	4	4	24	0.0136519	293	0.33159	FALSE	NA	NA	NA	NA	NA	NA
NC_045512.2	16325	G	C	281	65	27	1	1	28	0.00341297	293	0.869018	FALSE	NA	NA	NA	NA	NA	NA
NC_045512.2	16325	G	A	281	65	27	7	7	27	0.0238908	293	0.0848156	FALSE	NA	NA	NA	NA	NA	NA
NC_045512.2	16326	T	G	285	67	27	3	3	27	0.0101351	296	0.488706	FALSE	NA	NA	NA	NA	NA	NA
NC_045512.2	16326	T	C	285	67	27	2	2	27	0.00675676	296	0.677749	FALSE	NA	NA	NA	NA	NA	NA
NC_045512.2	16326	T	A	285	67	27	6	6	28	0.0202703	296	0.138416	FALSE	NA	NA	NA	NA	NA	NA
NC_045512.2	16327	T	G	269	67	24	1	1	27	0.00357143	280	0.869446	FALSE	NA	NA	NA	NA	NA	NA
NC_045512.2	16327	T	C	269	67	24	5	5	26	0.0178571	280	0.217706	FALSE	NA	NA	NA	NA	NA	NA
NC_045512.2	16327	T	A	269	67	24	5	5	25	0.0178571	280	0.217706	FALSE	NA	NA	NA	NA	NA	NA
NC_045512.2	16328	A	T	277	65	27	7	7	25	0.024055	291	0.0831205	FALSE	NA	NA	NA	NA	NA	NA
NC_045512.2	16328	A	G	277	65	27	6	5	28	0.0206186	291	0.134948	FALSE	NA	NA	NA	NA	NA	NA
NC_045512.2	16328	A	C	277	65	27	1	1	24	0.00343643	291	0.867584	FALSE	NA	NA	NA	NA	NA	NA
NC_045512.2	16329	C	T	275	62	27	6	6	27	0.0205479	292	0.13165	FALSE	NA	NA	NA	NA	NA	NA
NC_045512.2	16329	C	G	275	62	27	5	5	27	0.0171233	292	0.209595	FALSE	NA	NA	NA	NA	NA	NA
NC_045512.2	16329	C	A	275	62	27	6	6	26	0.0205479	292	0.13165	FALSE	NA	NA	NA	NA	NA	NA
NC_045512.2	16330	G	T	270	57	27	12	12	26	0.0410959	292	0.00503891	TRUE	NA	NA	NA	NA	NA	NA
NC_045512.2	16330	G	C	270	57	27	1	1	27	0.00342466	292	0.861866	FALSE	NA	NA	NA	NA	NA	NA
NC_045512.2	16330	G	A	270	57	27	9	9	27	0.0308219	292	0.0267836	FALSE	NA	NA	NA	NA	NA	NA
NC_045512.2	16331	A	T	270	57	27	10	10	27	0.0342466	292	0.0155044	FALSE	NA	NA	NA	NA	NA	NA
NC_045512.2	16331	A	G	270	57	27	9	9	27	0.0308219	292	0.0267836	FALSE	NA	NA	NA	NA	NA	NA
NC_045512.2	16331	A	C	270	57	27	3	3	23	0.010274	292	0.469993	FALSE	NA	NA	NA	NA	NA	NA
NC_045512.2	16332	C	T	276	63	26	5	5	24	0.017301	289	0.215127	FALSE	NA	NA	NA	NA	NA	NA
NC_045512.2	16332	C	G	276	63	26	6	6	27	0.0207612	289	0.136008	FALSE	NA	NA	NA	NA	NA	NA
NC_045512.2	16332	C	A	276	63	26	2	2	27	0.00692042	289	0.674775	FALSE	NA	NA	NA	NA	NA	NA
NC_045512.2	16333	C	T	249	59	24	14	14	26	0.0522388	268	0.0016665	TRUE	NA	NA	NA	NA	NA	NA
NC_045512.2	16333	C	G	249	59	24	1	1	28	0.00373134	268	0.863009	FALSE	NA	NA	NA	NA	NA	NA
NC_045512.2	16333	C	A	249	59	24	4	4	25	0.0149254	268	0.31786	FALSE	NA	NA	NA	NA	NA	NA
NC_045512.2	16334	A	T	273	62	26	10	10	25	0.0343643	291	0.0164873	FALSE	NA	NA	NA	NA	NA	NA
NC_045512.2	16334	A	G	273	62	26	8	7	26	0.0274914	291	0.047898	FALSE	NA	NA	NA	NA	NA	NA
NC_045512.2	16335	T	G	276	66	26	5	5	27	0.0171233	292	0.211007	FALSE	NA	NA	NA	NA	NA	NA
NC_045512.2	16335	T	C	276	66	26	8	5	26	0.0273973	292	0.0490656	FALSE	NA	NA	NA	NA	NA	NA
NC_045512.2	16335	T	A	276	66	26	3	3	27	0.010274	292	0.480199	FALSE	NA	NA	NA	NA	NA	NA
NC_045512.2	16336	G	T	274	61	26	11	11	27	0.0375427	293	0.00935792	TRUE	NA	NA	NA	NA	NA	NA
NC_045512.2	16336	G	C	274	61	26	6	6	26	0.0204778	293	0.129493	FALSE	NA	NA	NA	NA	NA	NA
NC_045512.2	16336	G	A	274	61	26	2	2	26	0.00682594	293	0.666705	FALSE	NA	NA	NA	NA	NA	NA
NC_045512.2	16337	T	G	273	61	26	3	3	27	0.0102041	294	0.471908	FALSE	NA	NA	NA	NA	NA	NA
NC_045512.2	16337	T	C	273	61	26	4	3	26	0.0136054	294	0.316901	FALSE	NA	NA	NA	NA	NA	NA
NC_045512.2	16337	T	A	273	61	26	14	14	26	0.047619	294	0.00162737	TRUE	NA	NA	NA	NA	NA	NA
NC_045512.2	16338	C	T	276	65	26	6	6	26	0.0206186	291	0.133832	FALSE	NA	NA	NA	NA	NA	NA
NC_045512.2	16338	C	G	276	65	26	1	1	27	0.00343643	291	0.866881	FALSE	NA	NA	NA	NA	NA	NA
NC_045512.2	16338	C	A	276	65	26	8	8	28	0.0274914	291	0.0496258	FALSE	NA	NA	NA	NA	NA	NA
NC_045512.2	16339	A	T	278	65	27	2	2	24	0.00682594	293	0.672233	FALSE	NA	NA	NA	NA	NA	NA
NC_045512.2	16339	A	G	278	65	27	7	7	27	0.0238908	293	0.082346	FALSE	NA	NA	NA	NA	NA	NA
NC_045512.2	16339	A	C	278	65	27	6	6	27	0.0204778	293	0.133905	FALSE	NA	NA	NA	NA	NA	NA
NC_045512.2	16340	T	G	279	67	27	2	2	29	0.00680272	294	0.672287	FALSE	NA	NA	NA	NA	NA	NA
NC_045512.2	16340	T	C	279	67	27	3	2	27	0.0102041	294	0.482007	FALSE	NA	NA	NA	NA	NA	NA
NC_045512.2	16340	T	A	279	67	27	10	10	28	0.0340136	294	0.0172789	FALSE	NA	NA	NA	NA	NA	NA
NC_045512.2	16341	A	T	304	61	27	6	6	28	0.0185185	324	0.232484	FALSE	NA	NA	NA	NA	NA	NA
NC_045512.2	16341	A	G	304	61	27	8	8	27	0.0246914	324	0.100515	FALSE	NA	NA	NA	NA	NA	NA
NC_045512.2	16341	A	C	304	61	27	6	6	23	0.0185185	324	0.232484	FALSE	NA	NA	NA	NA	NA	NA
NC_045512.2	16342	T	G	43	8	27	4	4	28	0.0125	320	0.00629521	TRUE	NA	NA	NA	NA	NA	NA
NC_045512.2	16342	T	C	43	8	27	271	63	26	0.846875	320	2.72998e-127	TRUE	NA	NA	NA	NA	NA	NA
NC_045512.2	16342	T	A	43	8	27	2	2	25	0.00625	320	0.117262	FALSE	NA	NA	NA	NA	NA	NA
NC_045512.2	16343	C	T	298	59	24	14	13	27	0.0436137	321	0.00499494	TRUE	NA	NA	NA	NA	NA	NA
NC_045512.2	16343	C	G	298	59	24	2	2	26	0.00623053	321	0.792697	FALSE	NA	NA	NA	NA	NA	NA
NC_045512.2	16343	C	A	298	59	24	7	7	26	0.0218069	321	0.150922	FALSE	NA	NA	NA	NA	NA	NA
NC_045512.2	16344	A	T	298	55	27	7	7	26	0.0219436	319	0.153311	FALSE	NA	NA	NA	NA	NA	NA
NC_045512.2	16344	A	G	298	55	27	8	8	27	0.0250784	319	0.0993456	FALSE	NA	NA	NA	NA	NA	NA
NC_045512.2	16344	A	C	298	55	27	6	6	27	0.0188088	319	0.230596	FALSE	NA	NA	NA	NA	NA	NA
NC_045512.2	16345	A	T	303	64	24	9	9	26	0.0283019	318	0.0673464	FALSE	NA	NA	NA	NA	NA	NA
NC_045512.2	16345	A	G	303	64	24	5	5	26	0.0157233	318	0.346691	FALSE	NA	NA	NA	NA	NA	NA
NC_045512.2	16345	A	C	303	64	24	1	1	25	0.00314465	318	0.93273	FALSE	NA	NA	NA	NA	NA	NA
NC_045512.2	16346	C	T	303	60	27	15	15	27	0.0462963	324	0.00305836	TRUE	NA	NA	NA	NA	NA	NA
NC_045512.2	16346	C	G	303	60	27	2	2	27	0.00617284	324	0.795069	FALSE	NA	NA	NA	NA	NA	NA
NC_045512.2	16346	C	A	303	60	27	4	4	24	0.0123457	324	0.472107	FALSE	NA	NA	NA	NA	NA	NA
NC_045512.2	16347	A	T	313	70	27	3	3	26	0.00925926	324	0.64663	FALSE	NA	NA	NA	NA	NA	NA
NC_045512.2	16347	A	G	313	70	27	1	1	28	0.00308642	324	0.934498	FALSE	NA	NA	NA	NA	NA	NA
NC_045512.2	16347	A	C	313	70	27	7	7	27	0.0216049	324	0.166146	FALSE	NA	NA	NA	NA	NA	NA
NC_045512.2	16348	T	G	302	59	27	1	1	27	0.00306748	326	0.928911	FALSE	NA	NA	NA	NA	NA	NA
NC_045512.2	16348	T	C	302	59	27	10	10	25	0.0306748	326	0.0379324	FALSE	NA	NA	NA	NA	NA	NA
NC_045512.2	16348	T	A	302	59	27	13	13	26	0.0398773	326	0.00833269	TRUE	NA	NA	NA	NA	NA	NA
NC_045512.2	16349	C	T	306	63	27	10	10	27	0.0306748	326	0.0399012	FALSE	NA	NA	NA	NA	NA	NA
NC_045512.2	16349	C	G	306	63	27	6	6	27	0.0184049	326	0.232617	FALSE	NA	NA	NA	NA	NA	NA
NC_045512.2	16349	C	A	306	63	27	4	4	27	0.0122699	326	0.474055	FALSE	NA	NA	NA	NA	NA	NA
NC_045512.2	16350	A	T	320	77	27	2	2	25	0.0060423	331	0.805699	FALSE	NA	NA	NA	NA	NA	NA
NC_045512.2	16350	A	G	320	77	27	5	5	28	0.0151057	331	0.354084	FALSE	NA	NA	NA	NA	NA	NA
NC_045512.2	16350	A	C	320	77	27	4	4	27	0.0120846	331	0.48992	FALSE	NA	NA	NA	NA	NA	NA
NC_045512.2	16351	C	T	313	70	26	4	4	25	0.0120482	332	0.47627	FALSE	NA	NA	NA	NA	NA	NA
NC_045512.2	16351	C	G	313	70	26	6	6	27	0.0180723	332	0.234494	FALSE	NA	NA	NA	NA	NA	NA
NC_045512.2	16351	C	A	313	70	26	9	9	27	0.0271084	332	0.0647785	FALSE	NA	NA	NA	NA	NA	NA
NC_045512.2	16352	A	T	308	65	26	5	5	27	0.015015	333	0.330566	FALSE	NA	NA	NA	NA	NA	NA
NC_045512.2	16352	A	G	308	65	26	3	3	27	0.00900901	333	0.625787	FALSE	NA	NA	NA	NA	NA	NA
NC_045512.2	16352	A	C	308	65	26	17	17	26	0.0510511	333	0.000950124	TRUE	NA	NA	NA	NA	NA	NA
NC_045512.2	16353	T	G	302	59	26	3	3	27	0.00903614	332	0.617797	FALSE	NA	NA	NA	NA	NA	NA
NC_045512.2	16353	T	C	302	59	26	9	9	24	0.0271084	332	0.0573607	FALSE	NA	NA	NA	NA	NA	NA
NC_045512.2	16353	T	A	302	59	26	18	18	25	0.0542169	332	0.000479645	TRUE	NA	NA	NA	NA	NA	NA
NC_045512.2	16354	A	T	339	52	26	14	14	25	0.0385675	363	0.00505663	TRUE	NA	NA	NA	NA	NA	NA
NC_045512.2	16354	A	C	339	52	26	10	10	26	0.0275482	363	0.0387357	FALSE	NA	NA	NA	NA	NA	NA
NC_045512.2	16355	A	T	355	68	28	5	5	29	0.0131926	379	0.336094	FALSE	NA	NA	NA	NA	NA	NA
NC_045512.2	16355	A	G	355	68	28	6	5	26	0.0158311	379	0.230394	FALSE	NA	NA	NA	NA	NA	NA
NC_045512.2	16355	A	C	355	68	28	13	13	27	0.0343008	379	0.00863461	TRUE	NA	NA	NA	NA	NA	NA
NC_045512.2	16356	A	T	324	75	23	12	12	24	0.0351906	341	0.015673	FALSE	NA	NA	NA	NA	NA	NA
NC_045512.2	16356	A	G	324	75	23	1	1	21	0.00293255	341	0.932257	FALSE	NA	NA	NA	NA	NA	NA
NC_045512.2	16356	A	C	324	75	23	4	4	27	0.0117302	341	0.480269	FALSE	NA	NA	NA	NA	NA	NA
NC_045512.2	16357	T	G	350	62	26	2	2	26	0.00542005	369	0.799172	FALSE	NA	NA	NA	NA	NA	NA
NC_045512.2	16357	T	C	350	62	26	13	13	27	0.0352304	369	0.00925654	TRUE	NA	NA	NA	NA	NA	NA
NC_045512.2	16357	T	A	350	62	26	4	4	26	0.0108401	369	0.478711	FALSE	NA	NA	NA	NA	NA	NA
NC_045512.2	16358	T	G	340	62	24	5	5	27	0.0135135	370	0.326257	FALSE	NA	NA	NA	NA	NA	NA
NC_045512.2	16358	T	C	340	62	24	13	13	26	0.0351351	370	0.00782853	TRUE	NA	NA	NA	NA	NA	NA
NC_045512.2	16358	T	A	340	62	24	12	12	26	0.0324324	370	0.0132152	FALSE	NA	NA	NA	NA	NA	NA
NC_045512.2	16359	A	T	360	72	27	14	14	25	0.0367454	381	0.0053651	TRUE	NA	NA	NA	NA	NA	NA
NC_045512.2	16359	A	C	360	72	27	7	7	26	0.0183727	381	0.156318	FALSE	NA	NA	NA	NA	NA	NA
NC_045512.2	16360	G	T	346	58	27	11	11	25	0.0289474	380	0.0211227	FALSE	NA	NA	NA	NA	NA	NA
NC_045512.2	16360	G	C	346	58	27	11	11	26	0.0289474	380	0.0211227	FALSE	NA	NA	NA	NA	NA	NA
NC_045512.2	16360	G	A	346	58	27	12	12	24	0.0315789	380	0.0125955	FALSE	NA	NA	NA	NA	NA	NA
NC_045512.2	16361	T	G	350	62	27	3	3	24	0.00789474	380	0.622935	FALSE	NA	NA	NA	NA	NA	NA
NC_045512.2	16361	T	C	350	62	27	9	9	25	0.0236842	380	0.0592499	FALSE	NA	NA	NA	NA	NA	NA
NC_045512.2	16361	T	A	350	62	27	18	18	28	0.0473684	380	0.000508517	TRUE	NA	NA	NA	NA	NA	NA
NC_045512.2	16362	C	T	349	61	27	17	17	26	0.0445026	382	0.000840216	TRUE	NA	NA	NA	NA	NA	NA
NC_045512.2	16362	C	G	349	61	27	1	1	27	0.0026178	382	0.926761	FALSE	NA	NA	NA	NA	NA	NA
NC_045512.2	16362	C	A	349	61	27	15	15	27	0.039267	382	0.00255869	TRUE	NA	NA	NA	NA	NA	NA
NC_045512.2	16363	T	G	357	70	27	8	8	26	0.0210526	380	0.0999171	FALSE	NA	NA	NA	NA	NA	NA
NC_045512.2	16363	T	C	357	70	27	5	4	25	0.0131579	380	0.337647	FALSE	NA	NA	NA	NA	NA	NA
NC_045512.2	16363	T	A	357	70	27	10	10	24	0.0263158	380	0.0394783	FALSE	NA	NA	NA	NA	NA	NA
NC_045512.2	16364	T	G	336	71	23	7	7	27	0.0192837	363	0.148914	FALSE	NA	NA	NA	NA	NA	NA
NC_045512.2	16364	T	C	336	71	23	5	2	26	0.0137741	363	0.330208	FALSE	NA	NA	NA	NA	NA	NA
NC_045512.2	16364	T	A	336	71	23	15	15	27	0.0413223	363	0.0028043	TRUE	NA	NA	NA	NA	NA	NA
NC_045512.2	16365	G	T	346	58	27	16	16	27	0.0416667	384	0.00133705	TRUE	NA	NA	NA	NA	NA	NA
NC_045512.2	16365	G	C	346	58	27	10	10	26	0.0260417	384	0.0335074	FALSE	NA	NA	NA	NA	NA	NA
NC_045512.2	16365	G	A	346	58	27	12	12	26	0.03125	384	0.011949	FALSE	NA	NA	NA	NA	NA	NA
NC_045512.2	16366	T	G	354	66	27	10	10	27	0.025974	385	0.0362798	FALSE	NA	NA	NA	NA	NA	NA
NC_045512.2	16366	T	C	354	66	27	6	5	27	0.0155844	385	0.221792	FALSE	NA	NA	NA	NA	NA	NA
NC_045512.2	16366	T	A	354	66	27	15	15	27	0.038961	385	0.00266021	TRUE	NA	NA	NA	NA	NA	NA
NC_045512.2	16367	C	T	350	61	27	24	24	27	0.0618557	388	1.26094e-05	TRUE	NA	NA	NA	NA	NA	NA
NC_045512.2	16367	C	G	350	61	27	5	5	27	0.0128866	388	0.316294	FALSE	NA	NA	NA	NA	NA	NA
NC_045512.2	16367	C	A	350	61	27	9	9	27	0.0231959	388	0.0550511	FALSE	NA	NA	NA	NA	NA	NA
NC_045512.2	16368	T	G	356	69	27	3	3	27	0.00771208	389	0.619712	FALSE	NA	NA	NA	NA	NA	NA
NC_045512.2	16368	T	C	356	69	27	12	11	27	0.0308483	389	0.0128751	FALSE	NA	NA	NA	NA	NA	NA
NC_045512.2	16368	T	A	356	69	27	18	17	26	0.0462725	389	0.000481041	TRUE	NA	NA	NA	NA	NA	NA
NC_045512.2	16369	G	T	356	67	27	10	10	25	0.0255754	391	0.0348612	FALSE	NA	NA	NA	NA	NA	NA
NC_045512.2	16369	G	C	356	67	27	6	6	24	0.0153453	391	0.217252	FALSE	NA	NA	NA	NA	NA	NA
NC_045512.2	16369	G	A	356	67	27	19	19	26	0.0485934	391	0.000260104	TRUE	NA	NA	NA	NA	NA	NA
NC_045512.2	16370	T	G	362	72	26	3	3	27	0.00763359	393	0.622773	FALSE	NA	NA	NA	NA	NA	NA
NC_045512.2	16370	T	C	362	72	26	15	15	26	0.0381679	393	0.00268019	TRUE	NA	NA	NA	NA	NA	NA
NC_045512.2	16370	T	A	362	72	26	13	13	27	0.0330789	393	0.00786165	TRUE	NA	NA	NA	NA	NA	NA
NC_045512.2	16371	T	G	345	73	24	6	6	27	0.015873	378	0.218591	FALSE	NA	NA	NA	NA	NA	NA
NC_045512.2	16371	T	C	345	73	24	16	14	26	0.042328	378	0.00146449	TRUE	NA	NA	NA	NA	NA	NA
NC_045512.2	16371	T	A	345	73	24	11	11	26	0.0291005	378	0.0213576	FALSE	NA	NA	NA	NA	NA	NA
NC_045512.2	16372	A	T	346	56	27	23	23	25	0.0598958	384	2.27477e-05	TRUE	NA	NA	NA	NA	NA	NA
NC_045512.2	16372	A	G	346	56	27	10	10	27	0.0260417	384	0.0335074	FALSE	NA	NA	NA	NA	NA	NA
NC_045512.2	16372	A	C	346	56	27	5	5	29	0.0130208	384	0.315793	FALSE	NA	NA	NA	NA	NA	NA
NC_045512.2	16373	A	T	354	70	24	18	18	26	0.0465116	387	0.000479893	TRUE	NA	NA	NA	NA	NA	NA
NC_045512.2	16373	A	G	354	70	24	5	5	27	0.0129199	387	0.323521	FALSE	NA	NA	NA	NA	NA	NA
NC_045512.2	16373	A	C	354	70	24	10	10	27	0.0258398	387	0.0355354	FALSE	NA	NA	NA	NA	NA	NA
NC_045512.2	16374	T	G	368	78	27	7	7	28	0.0177215	395	0.150756	FALSE	NA	NA	NA	NA	NA	NA
NC_045512.2	16374	T	C	368	78	27	13	13	26	0.0329114	395	0.00834527	TRUE	NA	NA	NA	NA	NA	NA
NC_045512.2	16374	T	A	368	78	27	7	7	27	0.0177215	395	0.150756	FALSE	NA	NA	NA	NA	NA	NA
NC_045512.2	16375	C	T	347	57	27	17	17	27	0.043257	393	0.000649408	TRUE	NA	NA	NA	NA	NA	NA
NC_045512.2	16375	C	G	347	57	27	13	13	27	0.0330789	393	0.00625316	TRUE	NA	NA	NA	NA	NA	NA
NC_045512.2	16375	C	A	347	57	27	16	16	25	0.0407125	393	0.00115676	TRUE	NA	NA	NA	NA	NA	NA
NC_045512.2	16376	C	T	351	69	24	25	25	24	0.064433	388	7.14335e-06	TRUE	NA	NA	NA	NA	NA	NA
NC_045512.2	16376	C	G	351	69	24	3	3	29	0.00773196	388	0.614141	FALSE	NA	NA	NA	NA	NA	NA
NC_045512.2	16376	C	A	351	69	24	9	9	26	0.0231959	388	0.0556004	FALSE	NA	NA	NA	NA	NA	NA
NC_045512.2	16377	G	T	353	63	27	31	31	26	0.0776942	399	1.35206e-07	TRUE	NA	NA	NA	NA	NA	NA
NC_045512.2	16377	G	C	353	63	27	6	6	26	0.0150376	399	0.204475	FALSE	NA	NA	NA	NA	NA	NA
NC_045512.2	16377	G	A	353	63	27	9	9	27	0.0225564	399	0.051319	FALSE	NA	NA	NA	NA	NA	NA
NC_045512.2	16378	T	G	362	72	27	10	10	27	0.0251889	397	0.0350198	FALSE	NA	NA	NA	NA	NA	NA
NC_045512.2	16378	T	C	362	72	27	6	6	26	0.0151134	397	0.217807	FALSE	NA	NA	NA	NA	NA	NA
NC_045512.2	16378	T	A	362	72	27	19	19	26	0.0478589	397	0.000262183	TRUE	NA	NA	NA	NA	NA	NA
NC_045512.2	16378	T	-A	362	72	27	1	0	20	0.00251889	397	0.926438	FALSE	NA	NA	NA	NA	NA	NA
NC_045512.2	16379	A	T	360	70	27	13	13	24	0.0327456	397	0.00711819	TRUE	NA	NA	NA	NA	NA	NA
NC_045512.2	16379	A	G	360	70	27	9	9	27	0.02267	397	0.0554748	FALSE	NA	NA	NA	NA	NA	NA
NC_045512.2	16379	A	C	360	70	27	15	15	26	0.0377834	397	0.0023835	TRUE	NA	NA	NA	NA	NA	NA
NC_045512.2	16380	T	G	369	81	27	9	9	27	0.0227848	395	0.0620125	FALSE	NA	NA	NA	NA	NA	NA
NC_045512.2	16380	T	C	369	81	27	9	9	26	0.0227848	395	0.0620125	FALSE	NA	NA	NA	NA	NA	NA
NC_045512.2	16380	T	A	369	81	27	8	8	26	0.0202532	395	0.0980706	FALSE	NA	NA	NA	NA	NA	NA
NC_045512.2	16381	G	T	343	64	26	14	14	26	0.0361757	387	0.0036847	TRUE	NA	NA	NA	NA	NA	NA
NC_045512.2	16381	G	C	343	64	26	10	10	25	0.0258398	387	0.0313529	FALSE	NA	NA	NA	NA	NA	NA
NC_045512.2	16381	G	A	343	64	26	20	19	26	0.0516796	387	0.000115504	TRUE	NA	NA	NA	NA	NA	NA
NC_045512.2	16382	T	G	338	63	26	4	4	27	0.0107817	371	0.456872	FALSE	NA	NA	NA	NA	NA	NA
NC_045512.2	16382	T	C	338	63	26	15	14	25	0.0404313	371	0.00252764	TRUE	NA	NA	NA	NA	NA	NA
NC_045512.2	16382	T	A	338	63	26	14	14	25	0.0377358	371	0.00436534	TRUE	NA	NA	NA	NA	NA	NA
NC_045512.2	16382	T	-T	338	63	26	1	0	20	0.00269542	371	0.926407	FALSE	NA	NA	NA	NA	NA	NA
NC_045512.2	16383	T	G	356	80	27	10	10	27	0.0260417	384	0.0370856	FALSE	NA	NA	NA	NA	NA	NA
NC_045512.2	16383	T	C	356	80	27	9	9	26	0.0234375	384	0.0599958	FALSE	NA	NA	NA	NA	NA	NA
NC_045512.2	16383	T	A	356	80	27	9	9	27	0.0234375	384	0.0599958	FALSE	NA	NA	NA	NA	NA	NA
NC_045512.2	16384	T	G	273	72	23	11	11	27	0.0354839	310	0.0186603	FALSE	NA	NA	NA	NA	NA	NA
NC_045512.2	16384	T	C	273	72	23	11	11	25	0.0354839	310	0.0186603	FALSE	NA	NA	NA	NA	NA	NA
NC_045512.2	16384	T	A	273	72	23	15	15	26	0.0483871	310	0.00211696	TRUE	NA	NA	NA	NA	NA	NA
NC_045512.2	16385	G	T	335	60	26	23	23	26	0.0597403	385	1.58677e-05	TRUE	NA	NA	NA	NA	NA	NA
NC_045512.2	16385	G	C	335	60	26	13	13	26	0.0337662	385	0.00578679	TRUE	NA	NA	NA	NA	NA	NA
NC_045512.2	16385	G	A	335	60	26	14	14	26	0.0363636	385	0.00330291	TRUE	NA	NA	NA	NA	NA	NA
NC_045512.2	16386	C	T	340	67	27	16	15	27	0.0417755	383	0.00120752	TRUE	NA	NA	NA	NA	NA	NA
NC_045512.2	16386	C	G	340	67	27	16	16	27	0.0417755	383	0.00120752	TRUE	NA	NA	NA	NA	NA	NA
NC_045512.2	16386	C	A	340	67	27	11	11	25	0.0287206	383	0.0188529	FALSE	NA	NA	NA	NA	NA	NA
NC_045512.2	16387	A	T	336	69	27	25	25	27	0.0652742	383	5.09746e-06	TRUE	NA	NA	NA	NA	NA	NA
NC_045512.2	16387	A	G	336	69	27	17	10	27	0.0443864	383	0.000622933	TRUE	NA	NA	NA	NA	NA	NA
NC_045512.2	16387	A	C	336	69	27	5	5	27	0.0130548	383	0.302211	FALSE	NA	NA	NA	NA	NA	NA
NC_045512.2	16388	A	T	318	70	24	18	18	25	0.0504202	357	0.000398878	TRUE	NA	NA	NA	NA	NA	NA
NC_045512.2	16388	A	G	318	70	24	12	12	27	0.0336134	357	0.0113982	FALSE	NA	NA	NA	NA	NA	NA
NC_045512.2	16388	A	C	318	70	24	9	9	26	0.0252101	357	0.0530118	FALSE	NA	NA	NA	NA	NA	NA
NC_045512.2	16389	T	G	355	83	26	7	7	26	0.0182292	384	0.148078	FALSE	NA	NA	NA	NA	NA	NA
NC_045512.2	16389	T	C	355	83	26	12	11	26	0.03125	384	0.0135453	FALSE	NA	NA	NA	NA	NA	NA
NC_045512.2	16389	T	A	355	83	26	10	10	26	0.0260417	384	0.0370632	FALSE	NA	NA	NA	NA	NA	NA
NC_045512.2	16390	G	T	341	68	27	25	25	26	0.0647668	386	5.49229e-06	TRUE	NA	NA	NA	NA	NA	NA
NC_045512.2	16390	G	C	341	68	27	9	9	27	0.0233161	386	0.0511792	FALSE	NA	NA	NA	NA	NA	NA
NC_045512.2	16390	G	A	341	68	27	11	11	26	0.0284974	386	0.0184292	FALSE	NA	NA	NA	NA	NA	NA
NC_045512.2	16391	C	T	336	64	27	20	20	25	0.0519481	385	0.000100865	TRUE	NA	NA	NA	NA	NA	NA
NC_045512.2	16391	C	G	336	64	27	14	14	27	0.0363636	385	0.00336266	TRUE	NA	NA	NA	NA	NA	NA
NC_045512.2	16391	C	A	336	64	27	15	15	26	0.038961	385	0.00190539	TRUE	NA	NA	NA	NA	NA	NA
NC_045512.2	16391	C	-T	336	64	27	1	0	20	0.0025974	385	0.920128	FALSE	NA	NA	NA	NA	NA	NA
NC_045512.2	16392	T	G	351	79	27	7	7	27	0.0181818	385	0.14204	FALSE	NA	NA	NA	NA	NA	NA
NC_045512.2	16392	T	C	351	79	27	10	10	24	0.025974	385	0.0347255	FALSE	NA	NA	NA	NA	NA	NA
NC_045512.2	16392	T	A	351	79	27	17	17	27	0.0441558	385	0.000809956	TRUE	NA	NA	NA	NA	NA	NA
NC_045512.2	16393	C	T	342	70	27	23	23	27	0.0602094	382	2.13551e-05	TRUE	NA	NA	NA	NA	NA	NA
NC_045512.2	16393	C	G	342	70	27	8	8	26	0.0209424	382	0.0865751	FALSE	NA	NA	NA	NA	NA	NA
NC_045512.2	16393	C	A	342	70	27	9	9	25	0.0235602	382	0.053682	FALSE	NA	NA	NA	NA	NA	NA
NC_045512.2	16394	C	T	330	70	24	12	12	26	0.0322581	372	0.0111065	FALSE	NA	NA	NA	NA	NA	NA
NC_045512.2	16394	C	G	330	70	24	8	8	27	0.0215054	372	0.0843301	FALSE	NA	NA	NA	NA	NA	NA
NC_045512.2	16394	C	A	330	70	24	22	22	25	0.0591398	372	3.58491e-05	TRUE	NA	NA	NA	NA	NA	NA
NC_045512.2	16395	A	T	343	76	26	14	14	26	0.0366492	382	0.00398866	TRUE	NA	NA	NA	NA	NA	NA
NC_045512.2	16395	A	G	343	76	26	4	3	28	0.0104712	382	0.448819	FALSE	NA	NA	NA	NA	NA	NA
NC_045512.2	16395	A	C	343	76	26	21	21	26	0.0549738	382	7.22018e-05	TRUE	NA	NA	NA	NA	NA	NA
NC_045512.2	16395	A	-G	343	76	26	1	0	20	0.0026178	382	0.924301	FALSE	NA	NA	NA	NA	NA	NA
NC_045512.2	16396	G	T	331	65	26	12	12	26	0.0321716	373	0.0109704	FALSE	NA	NA	NA	NA	NA	NA
NC_045512.2	16396	G	C	331	65	26	13	13	27	0.0348525	373	0.00638093	TRUE	NA	NA	NA	NA	NA	NA
NC_045512.2	16396	G	A	331	65	26	17	17	26	0.0455764	373	0.000668875	TRUE	NA	NA	NA	NA	NA	NA
NC_045512.2	16397	G	T	297	63	23	16	16	26	0.045977	348	0.000938129	TRUE	NA	NA	NA	NA	NA	NA
NC_045512.2	16397	G	C	297	63	23	15	15	27	0.0431034	348	0.00168212	TRUE	NA	NA	NA	NA	NA	NA
NC_045512.2	16397	G	A	297	63	23	20	20	27	0.0574713	348	8.56094e-05	TRUE	NA	NA	NA	NA	NA	NA
NC_045512.2	16398	T	G	338	72	26	8	8	27	0.0213904	374	0.0891757	FALSE	NA	NA	NA	NA	NA	NA
NC_045512.2	16398	T	C	338	72	26	13	12	26	0.0347594	374	0.00714862	TRUE	NA	NA	NA	NA	NA	NA
NC_045512.2	16398	T	A	338	72	26	15	15	27	0.040107	374	0.00239819	TRUE	NA	NA	NA	NA	NA	NA
NC_045512.2	16399	T	G	328	75	24	10	10	26	0.0271739	368	0.0322158	FALSE	NA	NA	NA	NA	NA	NA
NC_045512.2	16399	T	C	328	75	24	25	24	26	0.0679348	368	6.21573e-06	TRUE	NA	NA	NA	NA	NA	NA
NC_045512.2	16399	T	A	328	75	24	5	5	25	0.013587	368	0.31057	FALSE	NA	NA	NA	NA	NA	NA
NC_045512.2	16400	G	T	331	66	27	10	10	28	0.0263852	379	0.0296033	FALSE	NA	NA	NA	NA	NA	NA
NC_045512.2	16400	G	C	331	66	27	19	19	27	0.0501319	379	0.000185496	TRUE	NA	NA	NA	NA	NA	NA
NC_045512.2	16400	G	A	331	66	27	19	17	26	0.0501319	379	0.000185496	TRUE	NA	NA	NA	NA	NA	NA
NC_045512.2	16400	G	+T	331	66	27	1	0	20	0.00263852	379	0.920257	FALSE	NA	NA	NA	NA	NA	NA
NC_045512.2	16401	T	G	343	78	27	5	5	28	0.0131234	381	0.31541	FALSE	NA	NA	NA	NA	NA	NA
NC_045512.2	16401	T	C	343	78	27	13	12	27	0.0341207	381	0.00698214	TRUE	NA	NA	NA	NA	NA	NA
NC_045512.2	16401	T	A	343	78	27	20	20	25	0.0524934	381	0.000133225	TRUE	NA	NA	NA	NA	NA	NA
NC_045512.2	16402	G	T	334	67	27	19	19	26	0.0497382	382	0.000186831	TRUE	NA	NA	NA	NA	NA	NA
NC_045512.2	16402	G	C	334	67	27	12	12	24	0.0314136	382	0.0102953	FALSE	NA	NA	NA	NA	NA	NA
NC_045512.2	16402	G	A	334	67	27	17	17	26	0.0445026	382	0.000607936	TRUE	NA	NA	NA	NA	NA	NA
NC_045512.2	16402	G	+C	334	67	27	1	0	20	0.0026178	382	0.920415	FALSE	NA	NA	NA	NA	NA	NA
NC_045512.2	16403	A	T	332	67	27	22	22	26	0.0577428	381	2.97828e-05	TRUE	NA	NA	NA	NA	NA	NA
NC_045512.2	16403	A	G	332	67	27	13	11	27	0.0341207	381	0.00584258	TRUE	NA	NA	NA	NA	NA	NA
NC_045512.2	16403	A	C	332	67	27	14	14	26	0.0367454	381	0.0033379	TRUE	NA	NA	NA	NA	NA	NA
NC_045512.2	16404	T	G	340	74	27	11	11	26	0.0290237	379	0.0197818	FALSE	NA	NA	NA	NA	NA	NA
NC_045512.2	16404	T	C	340	74	27	13	12	26	0.0343008	379	0.00685555	TRUE	NA	NA	NA	NA	NA	NA
NC_045512.2	16404	T	A	340	74	27	15	15	25	0.0395778	379	0.00228224	TRUE	NA	NA	NA	NA	NA	NA
NC_045512.2	16405	G	T	334	68	27	16	16	26	0.0422164	379	0.00115059	TRUE	NA	NA	NA	NA	NA	NA
NC_045512.2	16405	G	C	334	68	27	10	10	27	0.0263852	379	0.0307016	FALSE	NA	NA	NA	NA	NA	NA
NC_045512.2	16405	G	A	334	68	27	19	19	25	0.0501319	379	0.000200123	TRUE	NA	NA	NA	NA	NA	NA
NC_045512.2	16406	T	G	337	71	27	18	18	27	0.0473684	380	0.000378619	TRUE	NA	NA	NA	NA	NA	NA
NC_045512.2	16406	T	C	337	71	27	8	7	26	0.0210526	380	0.0841461	FALSE	NA	NA	NA	NA	NA	NA
NC_045512.2	16406	T	A	337	71	27	17	17	26	0.0447368	380	0.000676421	TRUE	NA	NA	NA	NA	NA	NA
NC_045512.2	16407	C	T	328	62	27	23	22	25	0.060686	379	1.51044e-05	TRUE	NA	NA	NA	NA	NA	NA
NC_045512.2	16407	C	G	328	62	27	6	6	26	0.0158311	379	0.195456	FALSE	NA	NA	NA	NA	NA	NA
NC_045512.2	16407	C	A	328	62	27	22	22	27	0.0580475	379	2.7886e-05	TRUE	NA	NA	NA	NA	NA	NA
NC_045512.2	16408	A	T	336	69	27	28	28	26	0.0734908	381	8.5813e-07	TRUE	NA	NA	NA	NA	NA	NA
NC_045512.2	16408	A	G	336	69	27	7	7	26	0.0183727	381	0.131433	FALSE	NA	NA	NA	NA	NA	NA
NC_045512.2	16408	A	C	336	69	27	10	10	25	0.0262467	381	0.0307741	FALSE	NA	NA	NA	NA	NA	NA
NC_045512.2	16409	C	T	332	65	27	11	11	27	0.0288714	381	0.0173455	FALSE	NA	NA	NA	NA	NA	NA
NC_045512.2	16409	C	G	332	65	27	14	14	27	0.0367454	381	0.0033379	TRUE	NA	NA	NA	NA	NA	NA
NC_045512.2	16409	C	A	332	65	27	24	24	27	0.0629921	381	8.76604e-06	TRUE	NA	NA	NA	NA	NA	NA
NC_045512.2	16410	A	T	337	71	27	20	20	26	0.0526316	380	0.000116825	TRUE	NA	NA	NA	NA	NA	NA
NC_045512.2	16410	A	G	337	71	27	11	10	27	0.0289474	380	0.0187846	FALSE	NA	NA	NA	NA	NA	NA
NC_045512.2	16410	A	C	337	71	27	12	12	26	0.0315789	380	0.0110599	FALSE	NA	NA	NA	NA	NA	NA
NC_045512.2	16411	G	T	336	70	27	25	25	27	0.0657895	380	5.59155e-06	TRUE	NA	NA	NA	NA	NA	NA
NC_045512.2	16411	G	C	336	70	27	5	5	27	0.0131579	380	0.306249	FALSE	NA	NA	NA	NA	NA	NA
NC_045512.2	16411	G	A	336	70	27	14	14	26	0.0368421	380	0.00364447	TRUE	NA	NA	NA	NA	NA	NA
NC_045512.2	16412	A	T	337	72	28	15	15	26	0.0395778	379	0.00215634	TRUE	NA	NA	NA	NA	NA	NA
NC_045512.2	16412	A	G	337	72	28	8	8	26	0.0211082	379	0.0848372	FALSE	NA	NA	NA	NA	NA	NA
NC_045512.2	16412	A	C	337	72	28	19	19	26	0.0501319	379	0.000215673	TRUE	NA	NA	NA	NA	NA	NA
NC_045512.2	16412	A	+T	337	72	28	1	0	20	0.00263852	379	0.922902	FALSE	NA	NA	NA	NA	NA	NA
NC_045512.2	16413	T	G	336	74	27	10	10	26	0.0263852	379	0.0314467	FALSE	NA	NA	NA	NA	NA	NA
NC_045512.2	16413	T	C	336	74	27	21	19	27	0.055409	379	6.43301e-05	TRUE	NA	NA	NA	NA	NA	NA
NC_045512.2	16413	T	A	336	74	27	12	12	28	0.0316623	379	0.0110452	FALSE	NA	NA	NA	NA	NA	NA
NC_045512.2	16414	G	T	328	64	27	23	23	27	0.0608466	378	1.55434e-05	TRUE	NA	NA	NA	NA	NA	NA
NC_045512.2	16414	G	C	328	64	27	12	12	26	0.031746	378	0.00992252	TRUE	NA	NA	NA	NA	NA	NA
NC_045512.2	16414	G	A	328	64	27	15	15	27	0.0396825	378	0.00184215	TRUE	NA	NA	NA	NA	NA	NA
NC_045512.2	16415	T	G	333	70	27	17	17	26	0.0448549	379	0.000631714	TRUE	NA	NA	NA	NA	NA	NA
NC_045512.2	16415	T	C	333	70	27	15	14	27	0.0395778	379	0.00199665	TRUE	NA	NA	NA	NA	NA	NA
NC_045512.2	16415	T	A	333	70	27	14	14	26	0.0369393	379	0.00351085	TRUE	NA	NA	NA	NA	NA	NA
NC_045512.2	16416	G	T	330	67	27	19	19	25	0.0503979	377	0.000189381	TRUE	NA	NA	NA	NA	NA	NA
NC_045512.2	16416	G	C	330	67	27	11	11	25	0.0291777	377	0.0177253	FALSE	NA	NA	NA	NA	NA	NA
NC_045512.2	16416	G	A	330	67	27	17	17	27	0.0450928	377	0.000615096	TRUE	NA	NA	NA	NA	NA	NA
NC_045512.2	16417	A	T	333	71	27	20	20	26	0.0531915	376	0.000115839	TRUE	NA	NA	NA	NA	NA	NA
NC_045512.2	16417	A	G	333	71	27	10	9	25	0.0265957	376	0.0313413	FALSE	NA	NA	NA	NA	NA	NA
NC_045512.2	16417	A	C	333	71	27	13	13	27	0.0345745	376	0.00639989	TRUE	NA	NA	NA	NA	NA	NA
NC_045512.2	16418	C	T	333	70	27	19	19	26	0.0503979	377	0.000204337	TRUE	NA	NA	NA	NA	NA	NA
NC_045512.2	16418	C	G	333	70	27	8	8	26	0.0212202	377	0.0831622	FALSE	NA	NA	NA	NA	NA	NA
NC_045512.2	16418	C	A	333	70	27	17	17	26	0.0450928	377	0.000657895	TRUE	NA	NA	NA	NA	NA	NA
NC_045512.2	16419	T	G	333	74	27	12	12	26	0.032	375	0.0111511	FALSE	NA	NA	NA	NA	NA	NA
NC_045512.2	16419	T	C	333	74	27	18	16	27	0.048	375	0.000383923	TRUE	NA	NA	NA	NA	NA	NA
NC_045512.2	16419	T	A	333	74	27	12	12	26	0.032	375	0.0111511	FALSE	NA	NA	NA	NA	NA	NA
NC_045512.2	16420	C	T	323	62	27	22	22	25	0.0586667	375	2.67175e-05	TRUE	NA	NA	NA	NA	NA	NA
NC_045512.2	16420	C	G	323	62	27	16	16	27	0.0426667	375	0.000982974	TRUE	NA	NA	NA	NA	NA	NA
NC_045512.2	16420	C	A	323	62	27	14	14	25	0.0373333	375	0.00312093	TRUE	NA	NA	NA	NA	NA	NA
NC_045512.2	16421	A	T	335	75	26	19	19	27	0.0508021	374	0.000230165	TRUE	NA	NA	NA	NA	NA	NA
NC_045512.2	16421	A	G	335	75	26	13	13	26	0.0347594	374	0.00681217	TRUE	NA	NA	NA	NA	NA	NA
NC_045512.2	16421	A	C	335	75	26	7	7	25	0.0187166	374	0.136913	FALSE	NA	NA	NA	NA	NA	NA
NC_045512.2	16422	A	T	321	77	24	16	16	26	0.0446927	358	0.00131317	TRUE	NA	NA	NA	NA	NA	NA
NC_045512.2	16422	A	G	321	77	24	9	9	26	0.0251397	358	0.0542368	FALSE	NA	NA	NA	NA	NA	NA
NC_045512.2	16422	A	C	321	77	24	12	12	26	0.0335196	358	0.011771	FALSE	NA	NA	NA	NA	NA	NA
NC_045512.2	16423	C	T	325	70	26	17	17	25	0.0459459	370	0.000634218	TRUE	NA	NA	NA	NA	NA	NA
NC_045512.2	16423	C	G	325	70	26	9	9	27	0.0243243	370	0.0503157	FALSE	NA	NA	NA	NA	NA	NA
NC_045512.2	16423	C	A	325	70	26	19	19	26	0.0513514	370	0.000196139	TRUE	NA	NA	NA	NA	NA	NA
NC_045512.2	16423	C	-T	325	70	26	1	0	20	0.0027027	370	0.921143	FALSE	NA	NA	NA	NA	NA	NA
NC_045512.2	16424	T	G	319	71	26	11	11	25	0.0306407	359	0.0188296	FALSE	NA	NA	NA	NA	NA	NA
NC_045512.2	16424	T	C	319	71	26	12	10	26	0.0334262	359	0.0110938	FALSE	NA	NA	NA	NA	NA	NA
NC_045512.2	16424	T	A	319	71	26	17	17	26	0.0473538	359	0.000681544	TRUE	NA	NA	NA	NA	NA	NA
NC_045512.2	16425	T	G	333	83	27	12	12	27	0.032967	364	0.0129591	FALSE	NA	NA	NA	NA	NA	NA
NC_045512.2	16425	T	C	333	83	27	10	10	24	0.0274725	364	0.0357463	FALSE	NA	NA	NA	NA	NA	NA
NC_045512.2	16425	T	A	333	83	27	9	9	25	0.0247253	364	0.0580712	FALSE	NA	NA	NA	NA	NA	NA
NC_045512.2	16426	T	G	269	69	23	11	11	27	0.0349206	315	0.0161997	FALSE	NA	NA	NA	NA	NA	NA
NC_045512.2	16426	T	C	269	69	23	19	19	26	0.0603175	315	0.000163529	TRUE	NA	NA	NA	NA	NA	NA
NC_045512.2	16426	T	A	269	69	23	16	16	27	0.0507937	315	0.000967254	TRUE	NA	NA	NA	NA	NA	NA
NC_045512.2	16427	A	T	318	71	27	20	20	26	0.0558659	358	0.00012093	TRUE	NA	NA	NA	NA	NA	NA
NC_045512.2	16427	A	G	318	71	27	9	9	27	0.0251397	358	0.052482	FALSE	NA	NA	NA	NA	NA	NA
NC_045512.2	16427	A	C	318	71	27	11	11	26	0.0307263	358	0.0190482	FALSE	NA	NA	NA	NA	NA	NA
NC_045512.2	16428	C	T	320	74	27	19	19	26	0.0529248	359	0.000223842	TRUE	NA	NA	NA	NA	NA	NA
NC_045512.2	16428	C	G	320	74	27	9	9	27	0.0250696	359	0.0531153	FALSE	NA	NA	NA	NA	NA	NA
NC_045512.2	16428	C	A	320	74	27	11	11	26	0.0306407	359	0.0193407	FALSE	NA	NA	NA	NA	NA	NA
NC_045512.2	16429	T	G	314	70	26	2	2	27	0.00566572	353	0.777933	FALSE	NA	NA	NA	NA	NA	NA
NC_045512.2	16429	T	C	314	70	26	17	16	26	0.0481586	353	0.000704698	TRUE	NA	NA	NA	NA	NA	NA
NC_045512.2	16429	T	A	314	70	26	20	20	25	0.0566572	353	0.000123044	TRUE	NA	NA	NA	NA	NA	NA
NC_045512.2	16430	T	G	304	79	23	13	13	26	0.0382353	340	0.00684801	TRUE	NA	NA	NA	NA	NA	NA
NC_045512.2	16430	T	C	304	79	23	8	7	25	0.0235294	340	0.086873	FALSE	NA	NA	NA	NA	NA	NA
NC_045512.2	16430	T	A	304	79	23	15	15	24	0.0441176	340	0.00228413	TRUE	NA	NA	NA	NA	NA	NA
NC_045512.2	16431	A	T	325	80	26	18	18	26	0.0502793	358	0.000462083	TRUE	NA	NA	NA	NA	NA	NA
NC_045512.2	16431	A	G	325	80	26	9	9	27	0.0251397	358	0.0566217	FALSE	NA	NA	NA	NA	NA	NA
NC_045512.2	16431	A	C	325	80	26	6	6	27	0.0167598	358	0.216614	FALSE	NA	NA	NA	NA	NA	NA
NC_045512.2	16432	G	T	307	63	26	28	28	26	0.0786517	356	6.74931e-07	TRUE	NA	NA	NA	NA	NA	NA
NC_045512.2	16432	G	C	307	63	26	13	13	27	0.0365169	356	0.00557505	TRUE	NA	NA	NA	NA	NA	NA
NC_045512.2	16432	G	A	307	63	26	8	8	26	0.0224719	356	0.0775269	FALSE	NA	NA	NA	NA	NA	NA
NC_045512.2	16433	G	T	279	68	24	31	26	25	0.0942249	329	8.68919e-08	TRUE	NA	NA	NA	NA	NA	NA
NC_045512.2	16433	G	C	279	68	24	9	9	26	0.0273556	329	0.0448029	FALSE	NA	NA	NA	NA	NA	NA
NC_045512.2	16433	G	A	279	68	24	10	10	26	0.0303951	329	0.0266386	FALSE	NA	NA	NA	NA	NA	NA
NC_045512.2	16434	A	T	306	65	26	32	32	27	0.0909091	352	6.22503e-08	TRUE	NA	NA	NA	NA	NA	NA
NC_045512.2	16434	A	G	306	65	26	4	4	27	0.0113636	352	0.432111	FALSE	NA	NA	NA	NA	NA	NA
NC_045512.2	16434	A	C	306	65	26	10	10	26	0.0284091	352	0.0292646	FALSE	NA	NA	NA	NA	NA	NA
NC_045512.2	16435	G	T	313	72	26	22	22	25	0.0619718	355	3.44294e-05	TRUE	NA	NA	NA	NA	NA	NA
NC_045512.2	16435	G	C	313	72	26	6	6	26	0.0169014	355	0.20387	FALSE	NA	NA	NA	NA	NA	NA
NC_045512.2	16435	G	A	313	72	26	14	14	25	0.0394366	355	0.00362677	TRUE	NA	NA	NA	NA	NA	NA
NC_045512.2	16436	G	T	284	66	23	19	19	26	0.0570571	333	0.000158436	TRUE	NA	NA	NA	NA	NA	NA
NC_045512.2	16436	G	C	284	66	23	11	11	26	0.033033	333	0.0159826	FALSE	NA	NA	NA	NA	NA	NA
NC_045512.2	16436	G	A	284	66	23	19	19	26	0.0570571	333	0.000158436	TRUE	NA	NA	NA	NA	NA	NA
NC_045512.2	16437	T	G	310	71	26	8	8	28	0.0226629	353	0.0820465	FALSE	NA	NA	NA	NA	NA	NA
NC_045512.2	16437	T	C	310	71	26	19	19	26	0.0538244	353	0.000198759	TRUE	NA	NA	NA	NA	NA	NA
NC_045512.2	16437	T	A	310	71	26	16	16	25	0.0453258	353	0.00114152	TRUE	NA	NA	NA	NA	NA	NA
NC_045512.2	16438	A	T	311	74	27	24	24	25	0.0683761	351	1.09197e-05	TRUE	NA	NA	NA	NA	NA	NA
NC_045512.2	16438	A	G	311	74	27	11	11	26	0.031339	351	0.0188788	FALSE	NA	NA	NA	NA	NA	NA
NC_045512.2	16438	A	C	311	74	27	5	5	29	0.014245	351	0.307951	FALSE	NA	NA	NA	NA	NA	NA
NC_045512.2	16439	T	G	312	79	26	14	14	26	0.0403458	347	0.00408929	TRUE	NA	NA	NA	NA	NA	NA
NC_045512.2	16439	T	C	312	79	26	13	13	26	0.037464	347	0.00703487	TRUE	NA	NA	NA	NA	NA	NA
NC_045512.2	16439	T	A	312	79	26	8	8	26	0.0230548	347	0.0882307	FALSE	NA	NA	NA	NA	NA	NA
NC_045512.2	16440	G	T	295	65	26	21	21	26	0.0608696	345	4.75353e-05	TRUE	NA	NA	NA	NA	NA	NA
NC_045512.2	16440	G	C	295	65	26	3	3	23	0.00869565	345	0.587413	FALSE	NA	NA	NA	NA	NA	NA
NC_045512.2	16440	G	A	295	65	26	26	26	26	0.0753623	345	2.16406e-06	TRUE	NA	NA	NA	NA	NA	NA
NC_045512.2	16441	A	T	298	71	26	10	10	28	0.0291545	343	0.0292727	FALSE	NA	NA	NA	NA	NA	NA
NC_045512.2	16441	A	G	298	71	26	19	18	26	0.0553936	343	0.000183379	TRUE	NA	NA	NA	NA	NA	NA
NC_045512.2	16441	A	C	298	71	26	16	16	26	0.0466472	343	0.00106685	TRUE	NA	NA	NA	NA	NA	NA
NC_045512.2	16442	G	T	301	74	26	17	17	26	0.0497076	342	0.000657134	TRUE	NA	NA	NA	NA	NA	NA
NC_045512.2	16442	G	C	301	74	26	14	14	26	0.0409357	342	0.0036137	TRUE	NA	NA	NA	NA	NA	NA
NC_045512.2	16442	G	A	301	74	26	10	10	26	0.0292398	342	0.0308498	FALSE	NA	NA	NA	NA	NA	NA
NC_045512.2	16443	C	T	296	69	26	20	20	26	0.0588235	340	0.000103157	TRUE	NA	NA	NA	NA	NA	NA
NC_045512.2	16443	C	G	296	69	26	12	12	26	0.0352941	340	0.0102394	FALSE	NA	NA	NA	NA	NA	NA
NC_045512.2	16443	C	A	296	69	26	12	12	26	0.0352941	340	0.0102394	FALSE	NA	NA	NA	NA	NA	NA
NC_045512.2	16444	T	G	303	76	26	12	12	25	0.0352941	340	0.0115027	FALSE	NA	NA	NA	NA	NA	NA
NC_045512.2	16444	T	C	303	76	26	13	13	25	0.0382353	340	0.00672693	TRUE	NA	NA	NA	NA	NA	NA
NC_045512.2	16444	T	A	303	76	26	12	12	25	0.0352941	340	0.0115027	FALSE	NA	NA	NA	NA	NA	NA
NC_045512.2	16445	A	T	302	76	27	18	18	26	0.0527859	341	0.000386436	TRUE	NA	NA	NA	NA	NA	NA
NC_045512.2	16445	A	G	302	76	27	15	15	26	0.0439883	341	0.00214779	TRUE	NA	NA	NA	NA	NA	NA
NC_045512.2	16445	A	C	302	76	27	6	6	25	0.0175953	341	0.206121	FALSE	NA	NA	NA	NA	NA	NA
NC_045512.2	16446	T	G	298	73	26	13	13	26	0.039039	333	0.00690404	TRUE	NA	NA	NA	NA	NA	NA
NC_045512.2	16446	T	C	298	73	26	8	8	27	0.024024	333	0.0872239	FALSE	NA	NA	NA	NA	NA	NA
NC_045512.2	16446	T	A	298	73	26	14	14	26	0.042042	333	0.00400813	TRUE	NA	NA	NA	NA	NA	NA
NC_045512.2	16447	T	G	286	74	24	16	16	26	0.0490798	326	0.00115618	TRUE	NA	NA	NA	NA	NA	NA
NC_045512.2	16447	T	C	286	74	24	10	10	27	0.0306748	326	0.0306099	FALSE	NA	NA	NA	NA	NA	NA
NC_045512.2	16447	T	A	286	74	24	14	14	26	0.0429448	326	0.00357901	TRUE	NA	NA	NA	NA	NA	NA
NC_045512.2	16448	A	T	286	68	26	27	27	25	0.0820669	329	1.46357e-06	TRUE	NA	NA	NA	NA	NA	NA
NC_045512.2	16448	A	G	286	68	26	9	9	27	0.0273556	329	0.0489733	FALSE	NA	NA	NA	NA	NA	NA
NC_045512.2	16448	A	C	286	68	26	7	7	26	0.0212766	329	0.127593	FALSE	NA	NA	NA	NA	NA	NA
NC_045512.2	16449	T	G	296	78	26	13	13	25	0.0393939	330	0.00700148	TRUE	NA	NA	NA	NA	NA	NA
NC_045512.2	16449	T	C	296	78	26	8	8	26	0.0242424	330	0.0878887	FALSE	NA	NA	NA	NA	NA	NA
NC_045512.2	16449	T	A	296	78	26	13	13	25	0.0393939	330	0.00700148	TRUE	NA	NA	NA	NA	NA	NA
NC_045512.2	16450	T	G	249	77	24	15	15	27	0.0519031	289	0.000550643	TRUE	NA	NA	NA	NA	NA	NA
NC_045512.2	16450	T	C	249	77	24	7	6	26	0.0242215	289	0.0625784	FALSE	NA	NA	NA	NA	NA	NA
NC_045512.2	16450	T	A	249	77	24	18	17	27	0.0622837	289	8.37239e-05	TRUE	NA	NA	NA	NA	NA	NA
NC_045512.2	16451	G	T	293	76	26	24	24	26	0.0722892	332	1.07716e-05	TRUE	NA	NA	NA	NA	NA	NA
NC_045512.2	16451	G	C	293	76	26	6	6	25	0.0180723	332	0.204828	FALSE	NA	NA	NA	NA	NA	NA
NC_045512.2	16451	G	A	293	76	26	9	9	27	0.0271084	332	0.0516226	FALSE	NA	NA	NA	NA	NA	NA
NC_045512.2	16452	T	G	281	74	26	17	17	27	0.0529595	321	0.000642944	TRUE	NA	NA	NA	NA	NA	NA
NC_045512.2	16452	T	C	281	74	26	16	16	27	0.0498442	321	0.00114347	TRUE	NA	NA	NA	NA	NA	NA
NC_045512.2	16452	T	A	281	74	26	7	7	26	0.0218069	321	0.130107	FALSE	NA	NA	NA	NA	NA	NA
NC_045512.2	16452	T	-A	281	74	26	3	0	20	0.00934579	321	0.599422	FALSE	NA	NA	NA	NA	NA	NA
NC_045512.2	16453	A	T	265	62	26	25	25	26	0.0814332	307	4.29201e-06	TRUE	NA	NA	NA	NA	NA	NA
NC_045512.2	16453	A	G	265	62	26	11	11	26	0.0358306	307	0.0163117	FALSE	NA	NA	NA	NA	NA	NA
NC_045512.2	16453	A	C	265	62	26	6	6	26	0.019544	307	0.191933	FALSE	NA	NA	NA	NA	NA	NA
NC_045512.2	16454	A	T	273	72	27	25	25	26	0.0788644	317	4.60072e-06	TRUE	NA	NA	NA	NA	NA	NA
NC_045512.2	16454	A	G	273	72	27	14	11	26	0.044164	317	0.00322247	TRUE	NA	NA	NA	NA	NA	NA
NC_045512.2	16454	A	C	273	72	27	5	5	26	0.0157729	317	0.294577	FALSE	NA	NA	NA	NA	NA	NA
NC_045512.2	16455	A	T	229	70	23	21	21	23	0.0774908	271	1.06078e-05	TRUE	NA	NA	NA	NA	NA	NA
NC_045512.2	16455	A	G	229	70	23	17	17	27	0.0627306	271	0.00013823	TRUE	NA	NA	NA	NA	NA	NA
NC_045512.2	16455	A	C	229	70	23	4	4	26	0.0147601	271	0.276383	FALSE	NA	NA	NA	NA	NA	NA
NC_045512.2	16456	T	G	288	87	27	8	8	25	0.0253165	316	0.0924553	FALSE	NA	NA	NA	NA	NA	NA
NC_045512.2	16456	T	C	288	87	27	9	7	28	0.028481	316	0.0579856	FALSE	NA	NA	NA	NA	NA	NA
NC_045512.2	16456	T	A	288	87	27	11	11	24	0.0348101	316	0.0216684	FALSE	NA	NA	NA	NA	NA	NA
NC_045512.2	16457	C	T	272	69	28	14	14	25	0.044586	314	0.00334403	TRUE	NA	NA	NA	NA	NA	NA
NC_045512.2	16457	C	G	272	69	28	12	12	26	0.0382166	314	0.0101083	FALSE	NA	NA	NA	NA	NA	NA
NC_045512.2	16457	C	A	272	69	28	16	16	26	0.0509554	314	0.00106946	TRUE	NA	NA	NA	NA	NA	NA
NC_045512.2	16458	A	T	273	71	28	25	25	26	0.0801282	312	5.5513e-06	TRUE	NA	NA	NA	NA	NA	NA
NC_045512.2	16458	A	G	273	71	28	9	9	25	0.0288462	312	0.0503661	FALSE	NA	NA	NA	NA	NA	NA
NC_045512.2	16458	A	C	273	71	28	5	5	25	0.0160256	312	0.302682	FALSE	NA	NA	NA	NA	NA	NA
NC_045512.2	16459	C	T	265	66	27	20	19	25	0.0647249	309	9.37765e-05	TRUE	NA	NA	NA	NA	NA	NA
NC_045512.2	16459	C	G	265	66	27	10	10	26	0.0323625	309	0.028094	FALSE	NA	NA	NA	NA	NA	NA
NC_045512.2	16459	C	A	265	66	27	14	14	25	0.0453074	309	0.00315984	TRUE	NA	NA	NA	NA	NA	NA
NC_045512.2	16460	A	T	270	70	27	16	16	26	0.0521173	307	0.00119497	TRUE	NA	NA	NA	NA	NA	NA
NC_045512.2	16460	A	G	270	70	27	13	13	25	0.0423453	307	0.00637411	TRUE	NA	NA	NA	NA	NA	NA
NC_045512.2	16460	A	C	270	70	27	8	8	25	0.0260586	307	0.0832375	FALSE	NA	NA	NA	NA	NA	NA
NC_045512.2	16461	T	G	268	72	27	20	20	26	0.0651466	307	0.000110036	TRUE	NA	NA	NA	NA	NA	NA
NC_045512.2	16461	T	C	268	72	27	6	6	27	0.019544	307	0.20084	FALSE	NA	NA	NA	NA	NA	NA
NC_045512.2	16461	T	A	268	72	27	13	13	26	0.0423453	307	0.00612081	TRUE	NA	NA	NA	NA	NA	NA
NC_045512.2	16461	T	-A	268	72	27	1	0	20	0.00325733	307	0.920529	FALSE	NA	NA	NA	NA	NA	NA
NC_045512.2	16462	A	T	263	69	26	12	12	27	0.040404	297	0.00392995	TRUE	NA	NA	NA	NA	NA	NA
NC_045512.2	16462	A	G	263	69	26	10	10	26	0.03367	297	0.0126582	FALSE	NA	NA	NA	NA	NA	NA
NC_045512.2	16462	A	C	263	69	26	12	12	27	0.040404	297	0.00392995	TRUE	NA	NA	NA	NA	NA	NA
NC_045512.2	16463	A	T	263	76	28	16	16	26	0.0538721	297	0.000357429	TRUE	NA	NA	NA	NA	NA	NA
NC_045512.2	16463	A	G	263	76	28	10	10	25	0.03367	297	0.0128502	FALSE	NA	NA	NA	NA	NA	NA
NC_045512.2	16463	A	C	263	76	28	8	8	27	0.026936	297	0.0394848	FALSE	NA	NA	NA	NA	NA	NA
NC_045512.2	16464	A	T	233	79	24	8	8	26	0.030303	264	0.0394394	FALSE	NA	NA	NA	NA	NA	NA
NC_045512.2	16464	A	G	233	79	24	16	16	25	0.0606061	264	0.000361416	TRUE	NA	NA	NA	NA	NA	NA
NC_045512.2	16464	A	C	233	79	24	7	7	27	0.0265152	264	0.0675615	FALSE	NA	NA	NA	NA	NA	NA
NC_045512.2	16465	C	T	240	61	26	29	29	25	0.102113	284	5.61869e-08	TRUE	NA	NA	NA	NA	NA	NA
NC_045512.2	16465	C	G	240	61	26	4	4	25	0.0140845	284	0.276053	FALSE	NA	NA	NA	NA	NA	NA
NC_045512.2	16465	C	A	240	61	26	11	11	25	0.0387324	284	0.00576793	TRUE	NA	NA	NA	NA	NA	NA
NC_045512.2	16466	C	T	229	68	24	15	15	26	0.0557621	269	0.000517233	TRUE	NA	NA	NA	NA	NA	NA
NC_045512.2	16466	C	G	229	68	24	13	13	26	0.0483271	269	0.00178887	TRUE	NA	NA	NA	NA	NA	NA
NC_045512.2	16466	C	A	229	68	24	12	12	26	0.0446097	269	0.00329763	TRUE	NA	NA	NA	NA	NA	NA
NC_045512.2	16467	A	T	254	76	27	16	16	26	0.0555556	288	0.000350166	TRUE	NA	NA	NA	NA	NA	NA
NC_045512.2	16467	A	G	254	76	27	13	13	25	0.0451389	288	0.00216928	TRUE	NA	NA	NA	NA	NA	NA
NC_045512.2	16467	A	C	254	76	27	5	5	26	0.0173611	288	0.185121	FALSE	NA	NA	NA	NA	NA	NA
NC_045512.2	16468	C	T	237	61	26	19	19	25	0.0693431	274	4.69875e-05	TRUE	NA	NA	NA	NA	NA	NA
NC_045512.2	16468	C	G	237	61	26	12	12	25	0.0437956	274	0.00358106	TRUE	NA	NA	NA	NA	NA	NA
NC_045512.2	16468	C	A	237	61	26	6	6	24	0.0218978	274	0.107844	FALSE	NA	NA	NA	NA	NA	NA
NC_045512.2	16469	C	T	239	66	28	13	13	25	0.0462633	281	0.00176238	TRUE	NA	NA	NA	NA	NA	NA
NC_045512.2	16469	C	G	239	66	28	6	6	25	0.0213523	281	0.103321	FALSE	NA	NA	NA	NA	NA	NA
NC_045512.2	16469	C	A	239	66	28	23	23	25	0.0818505	281	3.04737e-06	TRUE	NA	NA	NA	NA	NA	NA
NC_045512.2	16470	C	T	221	66	27	15	15	24	0.0572519	262	0.000489285	TRUE	NA	NA	NA	NA	NA	NA
NC_045512.2	16470	C	G	221	66	27	11	11	24	0.0419847	262	0.00579214	TRUE	NA	NA	NA	NA	NA	NA
NC_045512.2	16470	C	A	221	66	27	15	15	25	0.0572519	262	0.000489285	TRUE	NA	NA	NA	NA	NA	NA
NC_045512.2	16471	A	T	44	3	26	1	1	27	0.0204082	49	0.483871	FALSE	NA	NA	NA	NA	NA	NA
NC_045512.2	16471	A	G	44	3	26	2	2	28	0.0408163	49	0.236788	FALSE	NA	NA	NA	NA	NA	NA
NC_045512.2	16471	A	C	44	3	26	2	2	26	0.0408163	49	0.236788	FALSE	NA	NA	NA	NA	NA	NA
NC_045512.2	16471	A	-T	44	3	26	1	0	20	0.0204082	49	0.483871	FALSE	NA	NA	NA	NA	NA	NA
NC_045512.2	16473	T	C	37	1	22	2	1	25	0.0512821	39	0.253247	FALSE	NA	NA	NA	NA	NA	NA
NC_045512.2	16475	G	C	41	0	26	1	1	20	0.0232558	43	0.5	FALSE	NA	NA	NA	NA	NA	NA
NC_045512.2	16475	G	A	41	0	26	1	1	29	0.0232558	43	0.5	FALSE	NA	NA	NA	NA	NA	NA
NC_045512.2	16476	T	C	36	1	26	1	1	27	0.027027	37	0.506849	FALSE	NA	NA	NA	NA	NA	NA
NC_045512.2	16477	T	C	35	0	27	2	2	25	0.0540541	37	0.253425	FALSE	NA	NA	NA	NA	NA	NA
NC_045512.2	16478	T	C	34	0	27	1	1	28	0.0277778	36	0.5	FALSE	NA	NA	NA	NA	NA	NA
NC_045512.2	16478	T	A	34	0	27	1	1	27	0.0277778	36	0.5	FALSE	NA	NA	NA	NA	NA	NA
NC_045512.2	16479	T	G	13	1	21	1	1	28	0.0714286	14	0.518519	FALSE	NA	NA	NA	NA	NA	NA
NC_045512.2	16480	C	T	32	0	27	2	2	27	0.0588235	34	0.253731	FALSE	NA	NA	NA	NA	NA	NA
NC_045512.2	16481	C	A	30	0	23	2	2	27	0.0625	32	0.253968	FALSE	NA	NA	NA	NA	NA	NA
NC_045512.2	16482	A	T	32	0	27	1	1	27	0.030303	33	0.507692	FALSE	NA	NA	NA	NA	NA	NA
NC_045512.2	16483	T	G	31	0	28	1	1	27	0.030303	33	0.5	FALSE	NA	NA	NA	NA	NA	NA
NC_045512.2	16483	T	C	31	0	28	1	0	27	0.030303	33	0.5	FALSE	NA	NA	NA	NA	NA	NA
NC_045512.2	16485	G	T	32	0	27	1	1	28	0.030303	33	0.507692	FALSE	NA	NA	NA	NA	NA	NA
NC_045512.2	16488	T	C	31	0	27	1	1	32	0.0294118	34	0.492308	FALSE	NA	NA	NA	NA	NA	NA
NC_045512.2	16488	T	A	31	0	27	2	1	24	0.0588235	34	0.246154	FALSE	NA	NA	NA	NA	NA	NA
NC_045512.2	16489	G	A	32	0	27	2	2	25	0.0588235	34	0.253731	FALSE	NA	NA	NA	NA	NA	NA
NC_045512.2	16490	C	A	32	0	27	2	2	27	0.0588235	34	0.253731	FALSE	NA	NA	NA	NA	NA	NA
NC_045512.2	16491	T	C	33	2	27	1	0	24	0.0294118	34	0.507463	FALSE	NA	NA	NA	NA	NA	NA
NC_045512.2	16492	A	T	31	0	27	1	1	27	0.030303	33	0.5	FALSE	NA	NA	NA	NA	NA	NA
NC_045512.2	16492	A	G	31	0	27	1	1	23	0.030303	33	0.5	FALSE	NA	NA	NA	NA	NA	NA
NC_045512.2	16493	A	C	28	1	23	1	1	23	0.0344828	29	0.508772	FALSE	NA	NA	NA	NA	NA	NA
NC_045512.2	16494	T	G	31	1	26	1	1	27	0.030303	33	0.5	FALSE	NA	NA	NA	NA	NA	NA
NC_045512.2	16494	T	C	31	1	26	1	0	28	0.030303	33	0.5	FALSE	NA	NA	NA	NA	NA	NA
NC_045512.2	16495	G	T	31	0	27	1	1	28	0.030303	33	0.5	FALSE	NA	NA	NA	NA	NA	NA
NC_045512.2	16495	G	C	31	0	27	1	1	21	0.030303	33	0.5	FALSE	NA	NA	NA	NA	NA	NA
NC_045512.2	16496	G	C	30	0	22	2	2	28	0.0625	32	0.253968	FALSE	NA	NA	NA	NA	NA	NA
NC_045512.2	16497	A	T	33	2	27	1	1	24	0.0294118	34	0.507463	FALSE	NA	NA	NA	NA	NA	NA
NC_045512.2	16498	C	T	31	0	26	1	1	32	0.0294118	34	0.492308	FALSE	NA	NA	NA	NA	NA	NA
NC_045512.2	16498	C	G	31	0	26	1	1	24	0.0294118	34	0.492308	FALSE	NA	NA	NA	NA	NA	NA
NC_045512.2	16498	C	A	31	0	26	1	1	32	0.0294118	34	0.492308	FALSE	NA	NA	NA	NA	NA	NA
NC_045512.2	16499	A	G	31	1	27	2	2	27	0.0606061	33	0.253846	FALSE	NA	NA	NA	NA	NA	NA
NC_045512.2	16500	A	T	21	0	22	3	3	25	0.125	24	0.124823	FALSE	NA	NA	NA	NA	NA	NA
NC_045512.2	16501	G	T	28	0	24	2	2	29	0.0645161	31	0.245763	FALSE	NA	NA	NA	NA	NA	NA
NC_045512.2	16501	G	C	28	0	24	1	1	27	0.0322581	31	0.491525	FALSE	NA	NA	NA	NA	NA	NA
NC_045512.2	16502	T	G	28	1	24	1	1	29	0.0322581	31	0.491525	FALSE	NA	NA	NA	NA	NA	NA
NC_045512.2	16502	T	C	28	1	24	1	0	27	0.0322581	31	0.491525	FALSE	NA	NA	NA	NA	NA	NA
NC_045512.2	16502	T	A	28	1	24	1	1	30	0.0322581	31	0.491525	FALSE	NA	NA	NA	NA	NA	NA
NC_045512.2	16503	T	G	16	1	26	2	2	28	0.105263	19	0.242857	FALSE	NA	NA	NA	NA	NA	NA
NC_045512.2	16503	T	C	16	1	26	1	0	25	0.0526316	19	0.485714	FALSE	NA	NA	NA	NA	NA	NA
NC_045512.2	16504	T	G	18	2	26	1	1	28	0.0526316	19	0.513514	FALSE	NA	NA	NA	NA	NA	NA
NC_045512.2	16505	T	C	12	1	27	1	1	27	0.0714286	14	0.5	FALSE	NA	NA	NA	NA	NA	NA
NC_045512.2	16505	T	A	12	1	27	1	1	28	0.0714286	14	0.5	FALSE	NA	NA	NA	NA	NA	NA
NC_045512.2	16506	T	A	3	2	24	1	1	23	0.25	4	0.571429	FALSE	NA	NA	NA	NA	NA	NA
NC_045512.2	16507	G	T	51	2	26	1	1	27	0.0188679	53	0.5	FALSE	NA	NA	NA	NA	NA	NA
NC_045512.2	16507	G	A	51	2	26	1	1	27	0.0188679	53	0.5	FALSE	NA	NA	NA	NA	NA	NA
NC_045512.2	16508	G	T	37	2	23	2	2	27	0.0512821	39	0.253247	FALSE	NA	NA	NA	NA	NA	NA
NC_045512.2	16509	T	C	49	2	26	3	2	26	0.0576923	52	0.124964	FALSE	NA	NA	NA	NA	NA	NA
NC_045512.2	16510	T	C	49	1	28	2	2	27	0.0384615	52	0.247525	FALSE	NA	NA	NA	NA	NA	NA
NC_045512.2	16510	T	A	49	1	28	1	1	27	0.0192308	52	0.49505	FALSE	NA	NA	NA	NA	NA	NA
NC_045512.2	16511	T	G	38	2	22	1	1	27	0.025	40	0.5	FALSE	NA	NA	NA	NA	NA	NA
NC_045512.2	16511	T	C	38	2	22	1	1	28	0.025	40	0.5	FALSE	NA	NA	NA	NA	NA	NA
NC_045512.2	16512	A	T	50	2	27	1	1	27	0.0192308	52	0.5	FALSE	NA	NA	NA	NA	NA	NA
NC_045512.2	16512	A	G	50	2	27	1	1	27	0.0192308	52	0.5	FALSE	NA	NA	NA	NA	NA	NA
NC_045512.2	16513	T	G	50	2	26	1	1	27	0.0192308	52	0.5	FALSE	NA	NA	NA	NA	NA	NA
NC_045512.2	16513	T	A	50	2	26	1	1	29	0.0192308	52	0.5	FALSE	NA	NA	NA	NA	NA	NA
NC_045512.2	16514	A	T	50	2	26	2	2	27	0.0384615	52	0.252427	FALSE	NA	NA	NA	NA	NA	NA
NC_045512.2	16515	T	G	50	2	26	1	1	27	0.0196078	51	0.50495	FALSE	NA	NA	NA	NA	NA	NA
NC_045512.2	16515	T	-A	50	2	26	6	0	20	0.117647	51	0.019033	FALSE	NA	NA	NA	NA	NA	NA
NC_045512.2	16515	T	+A	50	2	26	1	0	20	0.0196078	51	0.50495	FALSE	NA	NA	NA	NA	NA	NA
NC_045512.2	16516	A	T	43	1	26	1	1	23	0.0222222	45	0.468085	FALSE	NA	NA	NA	NA	NA	NA
NC_045512.2	16516	A	G	43	1	26	1	1	27	0.0222222	45	0.468085	FALSE	NA	NA	NA	NA	NA	NA
NC_045512.2	16517	A	T	45	1	28	3	3	26	0.0625	48	0.124958	FALSE	NA	NA	NA	NA	NA	NA
NC_045512.2	16518	A	T	45	1	27	1	1	27	0.0208333	48	0.494624	FALSE	NA	NA	NA	NA	NA	NA
NC_045512.2	16518	A	G	45	1	27	1	1	27	0.0208333	48	0.494624	FALSE	NA	NA	NA	NA	NA	NA
NC_045512.2	16518	A	C	45	1	27	1	1	20	0.0208333	48	0.494624	FALSE	NA	NA	NA	NA	NA	NA
NC_045512.2	16519	A	G	44	2	28	1	1	27	0.0217391	46	0.5	FALSE	NA	NA	NA	NA	NA	NA
NC_045512.2	16519	A	C	44	2	28	1	1	26	0.0217391	46	0.5	FALSE	NA	NA	NA	NA	NA	NA
NC_045512.2	16520	A	G	2	1	22	3	1	26	0.428571	7	0.0606061	FALSE	NA	NA	NA	NA	NA	NA
NC_045512.2	16520	A	C	2	1	22	2	2	27	0.285714	7	0.133333	FALSE	NA	NA	NA	NA	NA	NA
NC_045512.2	16521	T	A	47	3	26	1	1	22	0.0208333	48	0.505263	FALSE	NA	NA	NA	NA	NA	NA
NC_045512.2	16522	A	C	47	3	26	1	1	28	0.0208333	48	0.505263	FALSE	NA	NA	NA	NA	NA	NA
NC_045512.2	16523	C	T	45	1	26	2	2	26	0.0416667	48	0.247312	FALSE	NA	NA	NA	NA	NA	NA
NC_045512.2	16523	C	A	45	1	26	1	1	24	0.0208333	48	0.494624	FALSE	NA	NA	NA	NA	NA	NA
NC_045512.2	16524	A	G	46	2	27	2	2	25	0.0416667	48	0.252632	FALSE	NA	NA	NA	NA	NA	NA
NC_045512.2	16525	T	C	46	2	25	1	1	29	0.0212766	47	0.505376	FALSE	NA	NA	NA	NA	NA	NA
NC_045512.2	16526	G	T	45	1	25	3	3	23	0.0625	48	0.124958	FALSE	NA	NA	NA	NA	NA	NA
NC_045512.2	16528	G	T	47	2	27	1	1	28	0.0204082	49	0.5	FALSE	NA	NA	NA	NA	NA	NA
NC_045512.2	16528	G	C	47	2	27	1	1	23	0.0204082	49	0.5	FALSE	NA	NA	NA	NA	NA	NA
NC_045512.2	16529	T	C	47	1	28	1	1	28	0.02	50	0.494845	FALSE	NA	NA	NA	NA	NA	NA
NC_045512.2	16529	T	A	47	1	28	2	2	26	0.04	50	0.247423	FALSE	NA	NA	NA	NA	NA	NA
NC_045512.2	16530	T	C	44	1	23	1	1	28	0.0217391	46	0.5	FALSE	NA	NA	NA	NA	NA	NA
NC_045512.2	16530	T	A	44	1	23	1	1	22	0.0217391	46	0.5	FALSE	NA	NA	NA	NA	NA	NA
NC_045512.2	16531	G	T	48	2	28	1	1	24	0.02	50	0.5	FALSE	NA	NA	NA	NA	NA	NA
NC_045512.2	16531	G	A	48	2	28	1	1	28	0.02	50	0.5	FALSE	NA	NA	NA	NA	NA	NA
NC_045512.2	16532	G	T	48	1	24	2	2	28	0.04	50	0.252525	FALSE	NA	NA	NA	NA	NA	NA
NC_045512.2	16533	T	G	49	2	28	1	1	32	0.0192308	52	0.49505	FALSE	NA	NA	NA	NA	NA	NA
NC_045512.2	16533	T	C	49	2	28	1	0	28	0.0192308	52	0.49505	FALSE	NA	NA	NA	NA	NA	NA
NC_045512.2	16533	T	A	49	2	28	1	1	28	0.0192308	52	0.49505	FALSE	NA	NA	NA	NA	NA	NA
NC_045512.2	16534	A	G	48	1	28	3	2	25	0.0576923	52	0.121287	FALSE	NA	NA	NA	NA	NA	NA
NC_045512.2	16534	A	C	48	1	28	1	1	27	0.0192308	52	0.49	FALSE	NA	NA	NA	NA	NA	NA
NC_045512.2	16535	G	T	49	2	28	2	2	27	0.0392157	51	0.252475	FALSE	NA	NA	NA	NA	NA	NA
NC_045512.2	16536	C	G	50	2	27	1	1	28	0.0192308	52	0.5	FALSE	NA	NA	NA	NA	NA	NA
NC_045512.2	16536	C	A	50	2	27	1	1	27	0.0192308	52	0.5	FALSE	NA	NA	NA	NA	NA	NA
NC_045512.2	16537	G	C	50	2	27	1	1	29	0.0192308	52	0.5	FALSE	NA	NA	NA	NA	NA	NA
NC_045512.2	16537	G	A	50	2	27	1	1	28	0.0192308	52	0.5	FALSE	NA	NA	NA	NA	NA	NA
NC_045512.2	16538	A	T	50	2	27	1	1	28	0.0192308	52	0.5	FALSE	NA	NA	NA	NA	NA	NA
NC_045512.2	16538	A	G	50	2	27	1	1	27	0.0192308	52	0.5	FALSE	NA	NA	NA	NA	NA	NA
NC_045512.2	16539	T	G	50	2	27	2	2	25	0.0384615	52	0.252427	FALSE	NA	NA	NA	NA	NA	NA
NC_045512.2	16540	A	T	50	2	28	1	1	28	0.0192308	52	0.5	FALSE	NA	NA	NA	NA	NA	NA
NC_045512.2	16540	A	G	50	2	28	1	1	28	0.0192308	52	0.5	FALSE	NA	NA	NA	NA	NA	NA
NC_045512.2	16541	A	T	46	1	25	2	2	21	0.0408163	49	0.247368	FALSE	NA	NA	NA	NA	NA	NA
NC_045512.2	16541	A	C	46	1	25	1	1	28	0.0204082	49	0.494737	FALSE	NA	NA	NA	NA	NA	NA
NC_045512.2	16542	T	G	50	2	27	1	1	26	0.0192308	52	0.5	FALSE	NA	NA	NA	NA	NA	NA
NC_045512.2	16542	T	A	50	2	27	1	1	28	0.0192308	52	0.5	FALSE	NA	NA	NA	NA	NA	NA
NC_045512.2	16543	G	C	50	2	27	1	1	26	0.0192308	52	0.5	FALSE	NA	NA	NA	NA	NA	NA
NC_045512.2	16543	G	A	50	2	27	1	1	26	0.0192308	52	0.5	FALSE	NA	NA	NA	NA	NA	NA
NC_045512.2	16544	T	G	50	2	28	1	1	25	0.0192308	52	0.5	FALSE	NA	NA	NA	NA	NA	NA
NC_045512.2	16544	T	A	50	2	28	1	1	26	0.0192308	52	0.5	FALSE	NA	NA	NA	NA	NA	NA
NC_045512.2	16545	T	G	46	1	23	2	2	27	0.0408163	49	0.247368	FALSE	NA	NA	NA	NA	NA	NA
NC_045512.2	16545	T	C	46	1	23	1	1	25	0.0204082	49	0.494737	FALSE	NA	NA	NA	NA	NA	NA
NC_045512.2	16546	A	T	51	3	27	1	1	25	0.0192308	52	0.504854	FALSE	NA	NA	NA	NA	NA	NA
NC_045512.2	16547	C	T	49	1	27	2	2	27	0.0384615	52	0.247525	FALSE	NA	NA	NA	NA	NA	NA
NC_045512.2	16547	C	A	49	1	27	1	1	26	0.0192308	52	0.49505	FALSE	NA	NA	NA	NA	NA	NA
NC_045512.2	16548	T	G	49	1	27	2	2	28	0.0392157	51	0.252475	FALSE	NA	NA	NA	NA	NA	NA
NC_045512.2	16549	G	T	49	1	26	2	2	28	0.0392157	51	0.252475	FALSE	NA	NA	NA	NA	NA	NA
NC_045512.2	16550	A	G	49	1	26	1	1	30	0.0196078	51	0.5	FALSE	NA	NA	NA	NA	NA	NA
NC_045512.2	16550	A	C	49	1	26	1	1	25	0.0196078	51	0.5	FALSE	NA	NA	NA	NA	NA	NA
NC_045512.2	16550	A	-C	49	1	26	1	0	20	0.0196078	51	0.5	FALSE	NA	NA	NA	NA	NA	NA
NC_045512.2	16551	C	A	44	1	26	2	2	26	0.0434783	46	0.247253	FALSE	NA	NA	NA	NA	NA	NA
NC_045512.2	16552	T	C	44	1	26	3	2	25	0.0638298	47	0.124956	FALSE	NA	NA	NA	NA	NA	NA
NC_045512.2	16553	T	A	45	2	27	1	1	28	0.0217391	46	0.505495	FALSE	NA	NA	NA	NA	NA	NA
NC_045512.2	16554	T	G	24	1	22	1	1	28	0.0384615	26	0.5	FALSE	NA	NA	NA	NA	NA	NA
NC_045512.2	16554	T	C	24	1	22	1	1	28	0.0384615	26	0.5	FALSE	NA	NA	NA	NA	NA	NA
NC_045512.2	16556	A	T	40	2	23	1	1	30	0.0243902	41	0.506173	FALSE	NA	NA	NA	NA	NA	NA
NC_045512.2	16557	T	G	44	1	25	1	1	29	0.0217391	46	0.5	FALSE	NA	NA	NA	NA	NA	NA
NC_045512.2	16557	T	C	44	1	25	1	1	27	0.0217391	46	0.5	FALSE	NA	NA	NA	NA	NA	NA
NC_045512.2	16558	G	T	44	1	25	2	2	27	0.0434783	46	0.252747	FALSE	NA	NA	NA	NA	NA	NA
NC_045512.2	16559	C	T	44	1	25	1	1	27	0.0217391	46	0.5	FALSE	NA	NA	NA	NA	NA	NA
NC_045512.2	16559	C	G	44	1	25	1	1	29	0.0217391	46	0.5	FALSE	NA	NA	NA	NA	NA	NA
NC_045512.2	16560	A	T	43	1	27	1	1	26	0.0217391	46	0.494382	FALSE	NA	NA	NA	NA	NA	NA
NC_045512.2	16560	A	G	43	1	27	2	1	27	0.0434783	46	0.247191	FALSE	NA	NA	NA	NA	NA	NA
NC_045512.2	16561	A	C	40	2	23	1	1	32	0.0243902	41	0.506173	FALSE	NA	NA	NA	NA	NA	NA
NC_045512.2	16562	T	C	45	2	27	1	1	26	0.0217391	46	0.505495	FALSE	NA	NA	NA	NA	NA	NA
NC_045512.2	16563	T	C	42	2	23	1	1	29	0.0232558	43	0.505882	FALSE	NA	NA	NA	NA	NA	NA
NC_045512.2	16564	G	T	44	1	27	1	1	26	0.0217391	46	0.5	FALSE	NA	NA	NA	NA	NA	NA
NC_045512.2	16564	G	A	44	1	27	1	1	24	0.0217391	46	0.5	FALSE	NA	NA	NA	NA	NA	NA
NC_045512.2	16565	C	A	44	1	27	2	2	27	0.0434783	46	0.252747	FALSE	NA	NA	NA	NA	NA	NA
NC_045512.2	16566	A	G	43	0	27	1	1	21	0.0222222	45	0.5	FALSE	NA	NA	NA	NA	NA	NA
NC_045512.2	16566	A	C	43	0	27	1	1	28	0.0222222	45	0.5	FALSE	NA	NA	NA	NA	NA	NA
NC_045512.2	16567	A	T	41	1	23	1	1	23	0.0232558	43	0.5	FALSE	NA	NA	NA	NA	NA	NA
NC_045512.2	16567	A	G	41	1	23	1	1	27	0.0232558	43	0.5	FALSE	NA	NA	NA	NA	NA	NA
NC_045512.2	16568	C	T	44	1	27	1	1	35	0.0217391	46	0.5	FALSE	NA	NA	NA	NA	NA	NA
NC_045512.2	16568	C	A	44	1	27	1	1	27	0.0217391	46	0.5	FALSE	NA	NA	NA	NA	NA	NA
NC_045512.2	16569	A	T	44	1	27	1	1	23	0.0217391	46	0.5	FALSE	NA	NA	NA	NA	NA	NA
NC_045512.2	16569	A	G	44	1	27	1	1	22	0.0217391	46	0.5	FALSE	NA	NA	NA	NA	NA	NA
NC_045512.2	16570	T	G	44	1	26	1	1	26	0.0217391	46	0.5	FALSE	NA	NA	NA	NA	NA	NA
NC_045512.2	16570	T	A	44	1	26	1	1	24	0.0217391	46	0.5	FALSE	NA	NA	NA	NA	NA	NA
NC_045512.2	16571	G	T	44	1	25	1	1	26	0.0217391	46	0.5	FALSE	NA	NA	NA	NA	NA	NA
NC_045512.2	16571	G	C	44	1	25	1	1	23	0.0217391	46	0.5	FALSE	NA	NA	NA	NA	NA	NA
NC_045512.2	16572	T	A	45	2	26	1	1	25	0.0217391	46	0.505495	FALSE	NA	NA	NA	NA	NA	NA
NC_045512.2	16573	G	T	44	1	27	1	1	27	0.0222222	45	0.505618	FALSE	NA	NA	NA	NA	NA	NA
NC_045512.2	16575	C	G	44	1	28	1	1	23	0.0222222	45	0.505618	FALSE	NA	NA	NA	NA	NA	NA
NC_045512.2	16576	T	G	44	1	27	1	1	28	0.0222222	45	0.505618	FALSE	NA	NA	NA	NA	NA	NA
NC_045512.2	16577	G	A	44	1	28	1	1	27	0.0222222	45	0.505618	FALSE	NA	NA	NA	NA	NA	NA
NC_045512.2	16579	A	G	43	1	27	1	1	27	0.0222222	45	0.5	FALSE	NA	NA	NA	NA	NA	NA
NC_045512.2	16579	A	C	43	1	27	1	0	28	0.0222222	45	0.5	FALSE	NA	NA	NA	NA	NA	NA
NC_045512.2	16580	C	T	44	1	26	1	1	23	0.0222222	45	0.505618	FALSE	NA	NA	NA	NA	NA	NA
NC_045512.2	16612	T	C	40	1	27	1	0	21	0.0243902	41	0.506173	FALSE	NA	NA	NA	NA	NA	NA
NC_045512.2	16617	T	C	39	1	27	1	0	22	0.025	40	0.506329	FALSE	NA	NA	NA	NA	NA	NA
NC_045512.2	16627	A	G	84	1	27	2	0	24	0.0232558	86	0.251462	FALSE	NA	NA	NA	NA	NA	NA
NC_045512.2	16630	C	-T	86	1	24	5	0	20	0.0581395	86	0.0349946	FALSE	NA	NA	NA	NA	NA	NA
NC_045512.2	16630	C	+T	86	1	24	3	0	20	0.0348837	86	0.131604	FALSE	NA	NA	NA	NA	NA	NA
NC_045512.2	16635	T	C	2	1	24	1	0	26	0.333333	3	0.6	FALSE	NA	NA	NA	NA	NA	NA
NC_045512.2	16637	C	T	73	1	27	1	0	26	0.0135135	74	0.503401	FALSE	NA	NA	NA	NA	NA	NA
NC_045512.2	16641	A	G	73	1	27	1	0	28	0.0135135	74	0.503401	FALSE	NA	NA	NA	NA	NA	NA
NC_045512.2	16651	A	G	71	1	27	1	0	29	0.0138889	72	0.503497	FALSE	NA	NA	NA	NA	NA	NA
NC_045512.2	16664	A	G	70	1	27	1	0	34	0.0140845	71	0.503546	FALSE	NA	NA	NA	NA	NA	NA
NC_045512.2	16665	G	A	70	1	27	1	0	27	0.0140845	71	0.503546	FALSE	NA	NA	NA	NA	NA	NA
NC_045512.2	16689	T	C	57	1	22	1	0	28	0.0172414	58	0.504348	FALSE	NA	NA	NA	NA	NA	NA
NC_045512.2	16691	C	T	61	1	26	1	0	28	0.016129	62	0.504065	FALSE	NA	NA	NA	NA	NA	NA
NC_045512.2	16710	G	A	54	1	26	1	0	24	0.0181818	55	0.504587	FALSE	NA	NA	NA	NA	NA	NA
NC_045512.2	16720	G	A	51	1	27	1	0	33	0.0192308	52	0.504854	FALSE	NA	NA	NA	NA	NA	NA
NC_045512.2	16743	T	A	23	0	22	1	0	28	0.0416667	24	0.510638	FALSE	NA	NA	NA	NA	NA	NA
NC_045512.2	16749	A	C	17	0	21	1	0	27	0.0555556	18	0.514286	FALSE	NA	NA	NA	NA	NA	NA
NC_045512.2	16758	A	G	24	0	26	1	0	27	0.04	25	0.510204	FALSE	NA	NA	NA	NA	NA	NA
NC_045512.2	16759	C	G	25	0	27	1	1	24	0.0384615	26	0.509804	FALSE	NA	NA	NA	NA	NA	NA
NC_045512.2	16762	C	A	22	0	27	1	1	24	0.0434783	23	0.511111	FALSE	NA	NA	NA	NA	NA	NA
NC_045512.2	16763	T	G	22	0	28	1	1	20	0.0434783	23	0.511111	FALSE	NA	NA	NA	NA	NA	NA
NC_045512.2	16764	T	A	17	0	22	1	1	21	0.0555556	18	0.514286	FALSE	NA	NA	NA	NA	NA	NA
NC_045512.2	16765	A	C	27	0	27	1	1	21	0.0357143	28	0.509091	FALSE	NA	NA	NA	NA	NA	NA
NC_045512.2	16766	A	T	20	0	22	1	1	24	0.047619	21	0.512195	FALSE	NA	NA	NA	NA	NA	NA
NC_045512.2	16767	C	G	26	1	27	1	1	27	0.037037	27	0.509434	FALSE	NA	NA	NA	NA	NA	NA
NC_045512.2	16768	C	A	20	0	21	2	2	20	0.0909091	22	0.255814	FALSE	NA	NA	NA	NA	NA	NA
NC_045512.2	16769	G	A	23	0	24	2	2	28	0.08	25	0.255102	FALSE	NA	NA	NA	NA	NA	NA
NC_045512.2	16770	A	G	22	1	25	1	1	25	0.0434783	23	0.511111	FALSE	NA	NA	NA	NA	NA	NA
NC_045512.2	16771	A	G	20	0	28	1	1	22	0.0454545	22	0.5	FALSE	NA	NA	NA	NA	NA	NA
NC_045512.2	16771	A	C	20	0	28	1	1	25	0.0454545	22	0.5	FALSE	NA	NA	NA	NA	NA	NA
NC_045512.2	16773	T	C	21	1	28	1	1	24	0.0454545	22	0.511628	FALSE	NA	NA	NA	NA	NA	NA
NC_045512.2	16775	A	T	20	0	26	1	1	28	0.0454545	22	0.5	FALSE	NA	NA	NA	NA	NA	NA
NC_045512.2	16775	A	C	20	0	26	1	1	23	0.0454545	22	0.5	FALSE	NA	NA	NA	NA	NA	NA
NC_045512.2	16777	G	A	21	1	26	1	1	23	0.0454545	22	0.511628	FALSE	NA	NA	NA	NA	NA	NA
NC_045512.2	16778	T	G	20	0	27	1	1	23	0.0454545	22	0.5	FALSE	NA	NA	NA	NA	NA	NA
NC_045512.2	16778	T	C	20	0	27	1	1	27	0.0454545	22	0.5	FALSE	NA	NA	NA	NA	NA	NA
NC_045512.2	16779	C	A	20	1	27	1	1	27	0.047619	21	0.512195	FALSE	NA	NA	NA	NA	NA	NA
NC_045512.2	16780	T	G	19	0	27	1	1	27	0.05	20	0.512821	FALSE	NA	NA	NA	NA	NA	NA
NC_045512.2	16781	T	C	20	1	28	1	1	23	0.047619	21	0.512195	FALSE	NA	NA	NA	NA	NA	NA
NC_045512.2	16782	T	A	17	1	22	1	1	26	0.0555556	18	0.514286	FALSE	NA	NA	NA	NA	NA	NA
NC_045512.2	16783	A	T	19	0	27	1	1	27	0.047619	21	0.5	FALSE	NA	NA	NA	NA	NA	NA
NC_045512.2	16783	A	G	19	0	27	1	1	25	0.047619	21	0.5	FALSE	NA	NA	NA	NA	NA	NA
NC_045512.2	16784	C	T	19	0	27	1	1	27	0.047619	21	0.5	FALSE	NA	NA	NA	NA	NA	NA
NC_045512.2	16784	C	A	19	0	27	1	1	23	0.047619	21	0.5	FALSE	NA	NA	NA	NA	NA	NA
NC_045512.2	16785	T	G	19	0	27	1	1	27	0.047619	21	0.5	FALSE	NA	NA	NA	NA	NA	NA
NC_045512.2	16785	T	A	19	0	27	1	1	31	0.047619	21	0.5	FALSE	NA	NA	NA	NA	NA	NA
NC_045512.2	16786	G	C	18	0	27	1	1	27	0.05	20	0.5	FALSE	NA	NA	NA	NA	NA	NA
NC_045512.2	16786	G	A	18	0	27	1	1	27	0.05	20	0.5	FALSE	NA	NA	NA	NA	NA	NA
NC_045512.2	16787	G	C	16	0	23	1	1	27	0.0555556	18	0.5	FALSE	NA	NA	NA	NA	NA	NA
NC_045512.2	16787	G	A	16	0	23	1	1	27	0.0555556	18	0.5	FALSE	NA	NA	NA	NA	NA	NA
NC_045512.2	16788	T	G	18	0	27	2	2	27	0.1	20	0.25641	FALSE	NA	NA	NA	NA	NA	NA
NC_045512.2	16789	T	C	18	0	23	2	2	27	0.1	20	0.25641	FALSE	NA	NA	NA	NA	NA	NA
NC_045512.2	16790	A	T	19	1	27	1	1	27	0.05	20	0.512821	FALSE	NA	NA	NA	NA	NA	NA
NC_045512.2	16791	T	G	18	0	28	1	1	27	0.05	20	0.5	FALSE	NA	NA	NA	NA	NA	NA
NC_045512.2	16791	T	C	18	0	28	1	1	27	0.05	20	0.5	FALSE	NA	NA	NA	NA	NA	NA
NC_045512.2	16792	C	A	18	0	27	1	1	21	0.0526316	19	0.513514	FALSE	NA	NA	NA	NA	NA	NA
NC_045512.2	16793	G	A	18	0	28	2	2	27	0.1	20	0.25641	FALSE	NA	NA	NA	NA	NA	NA
NC_045512.2	16794	T	A	18	0	27	2	2	27	0.1	20	0.25641	FALSE	NA	NA	NA	NA	NA	NA
NC_045512.2	16795	G	C	19	1	27	1	1	28	0.05	20	0.512821	FALSE	NA	NA	NA	NA	NA	NA
NC_045512.2	16796	T	G	17	0	27	1	1	28	0.05	20	0.486486	FALSE	NA	NA	NA	NA	NA	NA
NC_045512.2	16796	T	C	17	0	27	2	1	27	0.1	20	0.243243	FALSE	NA	NA	NA	NA	NA	NA
NC_045512.2	16797	A	T	18	0	28	1	1	25	0.05	20	0.5	FALSE	NA	NA	NA	NA	NA	NA
NC_045512.2	16797	A	C	18	0	28	1	1	28	0.05	20	0.5	FALSE	NA	NA	NA	NA	NA	NA
NC_045512.2	16798	A	T	18	1	22	1	1	27	0.0526316	19	0.513514	FALSE	NA	NA	NA	NA	NA	NA
NC_045512.2	16800	T	A	19	1	26	1	1	22	0.05	20	0.512821	FALSE	NA	NA	NA	NA	NA	NA
NC_045512.2	16800	T	+A	19	1	26	1	0	20	0.05	20	0.512821	FALSE	NA	NA	NA	NA	NA	NA
NC_045512.2	16801	A	G	19	1	26	1	1	27	0.05	20	0.512821	FALSE	NA	NA	NA	NA	NA	NA
NC_045512.2	16803	A	G	16	0	27	2	2	25	0.111111	18	0.257143	FALSE	NA	NA	NA	NA	NA	NA
NC_045512.2	16804	A	G	16	0	27	1	1	27	0.0555556	18	0.5	FALSE	NA	NA	NA	NA	NA	NA
NC_045512.2	16804	A	C	16	0	27	1	1	28	0.0555556	18	0.5	FALSE	NA	NA	NA	NA	NA	NA
NC_045512.2	16805	A	T	1	1	27	1	1	28	0.5	2	0.666667	FALSE	NA	NA	NA	NA	NA	NA
NC_045512.2	16806	C	G	16	0	26	1	1	27	0.0555556	18	0.5	FALSE	NA	NA	NA	NA	NA	NA
NC_045512.2	16806	C	A	16	0	26	1	1	28	0.0555556	18	0.5	FALSE	NA	NA	NA	NA	NA	NA
NC_045512.2	16807	A	C	17	1	26	1	1	27	0.0555556	18	0.514286	FALSE	NA	NA	NA	NA	NA	NA
NC_045512.2	16808	G	T	16	0	26	1	1	27	0.0555556	18	0.5	FALSE	NA	NA	NA	NA	NA	NA
NC_045512.2	16808	G	C	16	0	26	1	1	26	0.0555556	18	0.5	FALSE	NA	NA	NA	NA	NA	NA
NC_045512.2	16809	T	G	16	0	26	1	1	27	0.0555556	18	0.5	FALSE	NA	NA	NA	NA	NA	NA
NC_045512.2	16809	T	A	16	0	26	1	1	26	0.0555556	18	0.5	FALSE	NA	NA	NA	NA	NA	NA
NC_045512.2	16810	A	T	17	1	26	1	1	23	0.0555556	18	0.514286	FALSE	NA	NA	NA	NA	NA	NA
NC_045512.2	16811	A	T	16	0	27	1	1	29	0.0588235	17	0.515152	FALSE	NA	NA	NA	NA	NA	NA
NC_045512.2	16812	A	T	10	0	22	1	1	28	0.0833333	12	0.5	FALSE	NA	NA	NA	NA	NA	NA
NC_045512.2	16812	A	G	10	0	22	1	1	23	0.0833333	12	0.5	FALSE	NA	NA	NA	NA	NA	NA
NC_045512.2	16813	G	A	16	0	26	2	2	22	0.111111	18	0.257143	FALSE	NA	NA	NA	NA	NA	NA
NC_045512.2	16814	T	G	16	0	27	1	1	23	0.0555556	18	0.5	FALSE	NA	NA	NA	NA	NA	NA
NC_045512.2	16814	T	A	16	0	27	1	1	28	0.0555556	18	0.5	FALSE	NA	NA	NA	NA	NA	NA
NC_045512.2	16817	A	T	16	1	26	1	1	26	0.0555556	18	0.5	FALSE	NA	NA	NA	NA	NA	NA
NC_045512.2	16817	A	G	16	1	26	1	0	31	0.0555556	18	0.5	FALSE	NA	NA	NA	NA	NA	NA
NC_045512.2	16818	A	T	16	0	27	1	1	21	0.0555556	18	0.5	FALSE	NA	NA	NA	NA	NA	NA
NC_045512.2	16818	A	G	16	0	27	1	1	27	0.0555556	18	0.5	FALSE	NA	NA	NA	NA	NA	NA
NC_045512.2	16819	A	T	9	0	22	2	2	25	0.181818	11	0.261905	FALSE	NA	NA	NA	NA	NA	NA
NC_045512.2	16820	T	C	16	1	26	1	1	24	0.0588235	17	0.515152	FALSE	NA	NA	NA	NA	NA	NA
NC_045512.2	16822	G	T	15	0	26	1	1	26	0.0588235	17	0.5	FALSE	NA	NA	NA	NA	NA	NA
NC_045512.2	16822	G	A	15	0	26	1	1	29	0.0588235	17	0.5	FALSE	NA	NA	NA	NA	NA	NA
NC_045512.2	16823	G	A	12	0	22	2	2	27	0.142857	14	0.259259	FALSE	NA	NA	NA	NA	NA	NA
NC_045512.2	16824	A	T	15	0	25	1	1	26	0.0588235	17	0.5	FALSE	NA	NA	NA	NA	NA	NA
NC_045512.2	16824	A	C	15	0	25	1	1	27	0.0588235	17	0.5	FALSE	NA	NA	NA	NA	NA	NA
NC_045512.2	16825	G	T	15	0	26	1	1	28	0.0625	16	0.516129	FALSE	NA	NA	NA	NA	NA	NA
NC_045512.2	16826	A	G	15	0	26	2	2	28	0.117647	17	0.257576	FALSE	NA	NA	NA	NA	NA	NA
NC_045512.2	16827	G	T	15	0	27	2	2	28	0.117647	17	0.257576	FALSE	NA	NA	NA	NA	NA	NA
NC_045512.2	16828	T	C	15	0	25	1	1	28	0.0588235	17	0.5	FALSE	NA	NA	NA	NA	NA	NA
NC_045512.2	16828	T	A	15	0	25	1	1	27	0.0588235	17	0.5	FALSE	NA	NA	NA	NA	NA	NA
NC_045512.2	16829	A	T	14	0	24	2	2	23	0.125	16	0.258065	FALSE	NA	NA	NA	NA	NA	NA
NC_045512.2	16830	C	T	13	0	24	2	2	28	0.133333	15	0.258621	FALSE	NA	NA	NA	NA	NA	NA
NC_045512.2	16831	A	G	13	1	25	1	1	23	0.0714286	14	0.518519	FALSE	NA	NA	NA	NA	NA	NA
NC_045512.2	16832	C	T	13	1	26	1	1	29	0.0714286	14	0.518519	FALSE	NA	NA	NA	NA	NA	NA
NC_045512.2	16833	C	T	6	0	22	1	1	24	0.125	8	0.5	FALSE	NA	NA	NA	NA	NA	NA
NC_045512.2	16833	C	G	6	0	22	1	1	24	0.125	8	0.5	FALSE	NA	NA	NA	NA	NA	NA
NC_045512.2	16834	T	G	9	0	26	1	1	26	0.0909091	11	0.5	FALSE	NA	NA	NA	NA	NA	NA
NC_045512.2	16834	T	A	9	0	26	1	1	27	0.0909091	11	0.5	FALSE	NA	NA	NA	NA	NA	NA
NC_045512.2	16835	T	C	9	1	28	1	1	27	0.1	10	0.526316	FALSE	NA	NA	NA	NA	NA	NA
NC_045512.2	16836	T	A	8	1	22	1	1	26	0.111111	9	0.529412	FALSE	NA	NA	NA	NA	NA	NA
NC_045512.2	16837	G	T	9	1	26	1	1	23	0.1	10	0.526316	FALSE	NA	NA	NA	NA	NA	NA
NC_045512.2	16838	A	T	8	0	27	2	2	27	0.2	10	0.263158	FALSE	NA	NA	NA	NA	NA	NA
NC_045512.2	16839	A	G	8	1	27	1	1	23	0.111111	9	0.529412	FALSE	NA	NA	NA	NA	NA	NA
NC_045512.2	16840	A	C	7	0	28	2	2	24	0.222222	9	0.264706	FALSE	NA	NA	NA	NA	NA	NA
NC_045512.2	16841	A	T	7	0	28	1	1	23	0.111111	9	0.5	FALSE	NA	NA	NA	NA	NA	NA
NC_045512.2	16841	A	G	7	0	28	1	1	27	0.111111	9	0.5	FALSE	NA	NA	NA	NA	NA	NA
NC_045512.2	16842	A	T	1	1	26	1	1	27	0.5	2	0.666667	FALSE	NA	NA	NA	NA	NA	NA
NC_045512.2	16843	G	C	8	1	27	1	1	26	0.111111	9	0.529412	FALSE	NA	NA	NA	NA	NA	NA
NC_045512.2	16844	G	T	7	0	22	1	1	27	0.111111	9	0.5	FALSE	NA	NA	NA	NA	NA	NA
NC_045512.2	16844	G	A	7	0	22	1	1	23	0.111111	9	0.5	FALSE	NA	NA	NA	NA	NA	NA
NC_045512.2	16845	T	G	7	0	27	1	1	27	0.111111	9	0.5	FALSE	NA	NA	NA	NA	NA	NA
NC_045512.2	16845	T	A	7	0	27	1	1	29	0.111111	9	0.5	FALSE	NA	NA	NA	NA	NA	NA
NC_045512.2	16846	G	T	8	1	26	1	1	24	0.111111	9	0.529412	FALSE	NA	NA	NA	NA	NA	NA
NC_045512.2	16847	A	T	6	1	25	1	1	28	0.142857	7	0.538462	FALSE	NA	NA	NA	NA	NA	NA
NC_045512.2	16848	C	G	6	1	25	1	1	27	0.142857	7	0.538462	FALSE	NA	NA	NA	NA	NA	NA
NC_045512.2	16849	T	C	5	0	23	1	1	24	0.166667	6	0.545455	FALSE	NA	NA	NA	NA	NA	NA
NC_045512.2	16849	T	+A	5	0	23	1	0	20	0.166667	6	0.545455	FALSE	NA	NA	NA	NA	NA	NA
NC_045512.2	16850	A	T	2	0	21	1	1	24	0.333333	3	0.6	FALSE	NA	NA	NA	NA	NA	NA
NC_045512.2	16862	T	C	2	0	27	1	0	28	0.333333	3	0.6	FALSE	NA	NA	NA	NA	NA	NA
NC_045512.2	16878	A	T	33	1	27	17	1	27	0.34	50	1.78407e-06	TRUE	NA	NA	NA	NA	NA	NA
NC_045512.2	16880	C	-A	50	2	26	1	0	20	0.02	50	0.51	FALSE	NA	NA	NA	NA	NA	NA
NC_045512.2	16887	C	T	46	2	27	4	0	27	0.08	50	0.0611788	FALSE	NA	NA	NA	NA	NA	NA
NC_045512.2	16901	G	A	51	4	23	1	0	27	0.0192308	52	0.504854	FALSE	NA	NA	NA	NA	NA	NA
NC_045512.2	16907	A	-T	54	4	26	3	0	20	0.0555556	54	0.135576	FALSE	NA	NA	NA	NA	NA	NA
NC_045512.2	16912	G	A	53	3	26	1	1	28	0.0185185	54	0.504673	FALSE	NA	NA	NA	NA	NA	NA
NC_045512.2	16913	T	C	53	4	26	1	0	26	0.0185185	54	0.504673	FALSE	NA	NA	NA	NA	NA	NA
NC_045512.2	16921	T	C	54	4	27	1	0	27	0.0181818	55	0.504587	FALSE	NA	NA	NA	NA	NA	NA
NC_045512.2	16925	A	G	53	3	27	2	1	28	0.0363636	55	0.252294	FALSE	NA	NA	NA	NA	NA	NA
NC_045512.2	16931	T	C	54	4	27	1	0	25	0.0181818	55	0.504587	FALSE	NA	NA	NA	NA	NA	NA
NC_045512.2	16934	T	C	54	4	27	1	0	27	0.0181818	55	0.504587	FALSE	NA	NA	NA	NA	NA	NA
NC_045512.2	16938	A	G	54	4	27	1	0	26	0.0181818	55	0.504587	FALSE	NA	NA	NA	NA	NA	NA
NC_045512.2	16949	C	A	51	4	24	1	1	24	0.0192308	52	0.504854	FALSE	NA	NA	NA	NA	NA	NA
NC_045512.2	16950	T	C	52	4	27	2	1	23	0.037037	54	0.252336	FALSE	NA	NA	NA	NA	NA	NA
NC_045512.2	16951	A	T	53	4	26	1	1	24	0.0185185	54	0.504673	FALSE	NA	NA	NA	NA	NA	NA
NC_045512.2	16952	C	A	53	4	26	1	1	26	0.0185185	54	0.504673	FALSE	NA	NA	NA	NA	NA	NA
NC_045512.2	16953	A	C	53	4	26	1	1	25	0.0185185	54	0.504673	FALSE	NA	NA	NA	NA	NA	NA
NC_045512.2	16954	C	A	53	4	27	1	1	21	0.0185185	54	0.504673	FALSE	NA	NA	NA	NA	NA	NA
NC_045512.2	16955	T	A	53	4	27	1	1	26	0.0185185	54	0.504673	FALSE	NA	NA	NA	NA	NA	NA
NC_045512.2	16956	A	G	52	4	26	1	0	31	0.0185185	54	0.5	FALSE	NA	NA	NA	NA	NA	NA
NC_045512.2	16956	A	C	52	4	26	1	1	25	0.0185185	54	0.5	FALSE	NA	NA	NA	NA	NA	NA
NC_045512.2	16957	G	T	53	4	26	1	1	23	0.0181818	55	0.5	FALSE	NA	NA	NA	NA	NA	NA
NC_045512.2	16957	G	A	53	4	26	1	1	26	0.0181818	55	0.5	FALSE	NA	NA	NA	NA	NA	NA
NC_045512.2	16958	T	C	54	5	26	1	1	26	0.0181818	55	0.504587	FALSE	NA	NA	NA	NA	NA	NA
NC_045512.2	16959	G	A	53	4	27	2	2	25	0.0363636	55	0.252294	FALSE	NA	NA	NA	NA	NA	NA
NC_045512.2	16960	C	A	53	4	27	1	1	27	0.0185185	54	0.504673	FALSE	NA	NA	NA	NA	NA	NA
NC_045512.2	16963	C	A	53	4	26	2	2	24	0.0363636	55	0.252294	FALSE	NA	NA	NA	NA	NA	NA
NC_045512.2	16964	A	C	53	4	27	1	1	23	0.0185185	54	0.504673	FALSE	NA	NA	NA	NA	NA	NA
NC_045512.2	16965	A	T	47	4	23	1	1	25	0.0208333	48	0.505263	FALSE	NA	NA	NA	NA	NA	NA
NC_045512.2	16966	G	T	53	4	26	1	1	23	0.0185185	54	0.504673	FALSE	NA	NA	NA	NA	NA	NA
NC_045512.2	16968	G	T	53	4	26	1	1	25	0.0181818	55	0.5	FALSE	NA	NA	NA	NA	NA	NA
NC_045512.2	16968	G	A	53	4	26	1	1	21	0.0181818	55	0.5	FALSE	NA	NA	NA	NA	NA	NA
NC_045512.2	16969	C	T	53	4	26	1	1	22	0.0185185	54	0.504673	FALSE	NA	NA	NA	NA	NA	NA
NC_045512.2	16970	A	G	54	5	26	1	1	22	0.0181818	55	0.504587	FALSE	NA	NA	NA	NA	NA	NA
NC_045512.2	16971	C	T	53	4	27	1	1	24	0.0181818	55	0.5	FALSE	NA	NA	NA	NA	NA	NA
NC_045512.2	16971	C	A	53	4	27	1	1	26	0.0181818	55	0.5	FALSE	NA	NA	NA	NA	NA	NA
NC_045512.2	16973	A	T	53	4	27	1	1	31	0.0181818	55	0.5	FALSE	NA	NA	NA	NA	NA	NA
NC_045512.2	16973	A	G	53	4	27	1	1	23	0.0181818	55	0.5	FALSE	NA	NA	NA	NA	NA	NA
NC_045512.2	16974	T	G	53	4	28	1	1	28	0.0181818	55	0.5	FALSE	NA	NA	NA	NA	NA	NA
NC_045512.2	16974	T	A	53	4	28	1	1	23	0.0181818	55	0.5	FALSE	NA	NA	NA	NA	NA	NA
NC_045512.2	16975	G	T	53	4	27	1	1	28	0.0181818	55	0.5	FALSE	NA	NA	NA	NA	NA	NA
NC_045512.2	16975	G	A	53	4	27	1	1	31	0.0181818	55	0.5	FALSE	NA	NA	NA	NA	NA	NA
NC_045512.2	16976	T	G	51	3	27	1	1	27	0.0185185	54	0.495238	FALSE	NA	NA	NA	NA	NA	NA
NC_045512.2	16976	T	C	51	3	27	1	0	28	0.0185185	54	0.495238	FALSE	NA	NA	NA	NA	NA	NA
NC_045512.2	16976	T	A	51	3	27	1	1	29	0.0185185	54	0.495238	FALSE	NA	NA	NA	NA	NA	NA
NC_045512.2	16977	T	A	51	5	24	1	1	27	0.0192308	52	0.504854	FALSE	NA	NA	NA	NA	NA	NA
NC_045512.2	16978	A	T	53	4	27	1	1	22	0.0181818	55	0.5	FALSE	NA	NA	NA	NA	NA	NA
NC_045512.2	16978	A	G	53	4	27	1	1	28	0.0181818	55	0.5	FALSE	NA	NA	NA	NA	NA	NA
NC_045512.2	16979	G	T	53	4	27	2	2	25	0.0363636	55	0.252294	FALSE	NA	NA	NA	NA	NA	NA
NC_045512.2	16980	A	T	54	5	27	1	1	26	0.0178571	56	0.5	FALSE	NA	NA	NA	NA	NA	NA
NC_045512.2	16980	A	G	54	5	27	1	1	28	0.0178571	56	0.5	FALSE	NA	NA	NA	NA	NA	NA
NC_045512.2	16981	A	T	49	4	23	1	1	27	0.0196078	51	0.5	FALSE	NA	NA	NA	NA	NA	NA
NC_045512.2	16981	A	G	49	4	23	1	1	22	0.0196078	51	0.5	FALSE	NA	NA	NA	NA	NA	NA
NC_045512.2	16982	T	G	52	5	27	2	2	27	0.0363636	55	0.247664	FALSE	NA	NA	NA	NA	NA	NA
NC_045512.2	16982	T	C	52	5	27	1	0	28	0.0181818	55	0.495327	FALSE	NA	NA	NA	NA	NA	NA
NC_045512.2	16983	T	A	47	6	23	1	1	27	0.0208333	48	0.505263	FALSE	NA	NA	NA	NA	NA	NA
NC_045512.2	16984	A	T	52	4	26	2	2	24	0.0363636	55	0.247664	FALSE	NA	NA	NA	NA	NA	NA
NC_045512.2	16984	A	G	52	4	26	1	1	23	0.0181818	55	0.495327	FALSE	NA	NA	NA	NA	NA	NA
NC_045512.2	16985	C	T	51	4	26	1	1	27	0.0185185	54	0.495238	FALSE	NA	NA	NA	NA	NA	NA
NC_045512.2	16985	C	G	51	4	26	1	1	25	0.0185185	54	0.495238	FALSE	NA	NA	NA	NA	NA	NA
NC_045512.2	16985	C	A	51	4	26	1	1	23	0.0185185	54	0.495238	FALSE	NA	NA	NA	NA	NA	NA
NC_045512.2	16986	T	A	52	5	26	1	1	28	0.0188679	53	0.504762	FALSE	NA	NA	NA	NA	NA	NA
NC_045512.2	16987	G	T	51	5	26	2	2	24	0.0377358	53	0.252381	FALSE	NA	NA	NA	NA	NA	NA
NC_045512.2	16988	G	T	42	4	23	1	1	30	0.0222222	45	0.494253	FALSE	NA	NA	NA	NA	NA	NA
NC_045512.2	16988	G	C	42	4	23	1	1	23	0.0222222	45	0.494253	FALSE	NA	NA	NA	NA	NA	NA
NC_045512.2	16988	G	A	42	4	23	1	1	28	0.0222222	45	0.494253	FALSE	NA	NA	NA	NA	NA	NA
NC_045512.2	16989	C	T	50	4	26	2	2	29	0.0384615	52	0.252427	FALSE	NA	NA	NA	NA	NA	NA
NC_045512.2	16990	T	G	51	6	27	1	1	28	0.0192308	52	0.504854	FALSE	NA	NA	NA	NA	NA	NA
NC_045512.2	16991	T	G	47	5	23	1	1	27	0.0204082	49	0.5	FALSE	NA	NA	NA	NA	NA	NA
NC_045512.2	16991	T	A	47	5	23	1	1	28	0.0204082	49	0.5	FALSE	NA	NA	NA	NA	NA	NA
NC_045512.2	16992	A	T	49	4	27	2	2	25	0.0384615	52	0.247525	FALSE	NA	NA	NA	NA	NA	NA
NC_045512.2	16992	A	C	49	4	27	1	1	28	0.0192308	52	0.49505	FALSE	NA	NA	NA	NA	NA	NA
NC_045512.2	16993	T	G	49	4	27	2	2	25	0.0384615	52	0.247525	FALSE	NA	NA	NA	NA	NA	NA
NC_045512.2	16993	T	A	49	4	27	1	1	28	0.0192308	52	0.49505	FALSE	NA	NA	NA	NA	NA	NA
NC_045512.2	16994	A	T	47	4	27	2	2	25	0.04	50	0.247423	FALSE	NA	NA	NA	NA	NA	NA
NC_045512.2	16994	A	C	47	4	27	1	1	28	0.02	50	0.494845	FALSE	NA	NA	NA	NA	NA	NA
NC_045512.2	16995	C	T	46	5	27	2	1	30	0.0408163	49	0.247368	FALSE	NA	NA	NA	NA	NA	NA
NC_045512.2	16995	C	G	46	5	27	1	1	27	0.0204082	49	0.494737	FALSE	NA	NA	NA	NA	NA	NA
NC_045512.2	16996	C	G	47	5	28	1	1	28	0.0204082	49	0.5	FALSE	NA	NA	NA	NA	NA	NA
NC_045512.2	16996	C	A	47	5	28	1	1	28	0.0204082	49	0.5	FALSE	NA	NA	NA	NA	NA	NA
NC_045512.2	16997	C	T	38	5	23	2	1	31	0.0487805	41	0.246835	FALSE	NA	NA	NA	NA	NA	NA
NC_045512.2	16997	C	A	38	5	23	1	1	27	0.0243902	41	0.493671	FALSE	NA	NA	NA	NA	NA	NA
NC_045512.2	16998	A	G	45	4	27	1	1	29	0.0212766	47	0.5	FALSE	NA	NA	NA	NA	NA	NA
NC_045512.2	16998	A	C	45	4	27	1	1	28	0.0212766	47	0.5	FALSE	NA	NA	NA	NA	NA	NA
NC_045512.2	16999	A	T	45	6	23	1	1	29	0.0212766	47	0.5	FALSE	NA	NA	NA	NA	NA	NA
NC_045512.2	16999	A	G	45	6	23	1	0	26	0.0212766	47	0.5	FALSE	NA	NA	NA	NA	NA	NA
NC_045512.2	17000	C	T	46	5	27	1	1	28	0.0208333	48	0.5	FALSE	NA	NA	NA	NA	NA	NA
NC_045512.2	17000	C	A	46	5	27	1	1	29	0.0208333	48	0.5	FALSE	NA	NA	NA	NA	NA	NA
NC_045512.2	17001	A	C	46	5	27	2	2	29	0.0416667	48	0.252632	FALSE	NA	NA	NA	NA	NA	NA
NC_045512.2	17002	C	T	44	4	26	1	1	28	0.0212766	47	0.494505	FALSE	NA	NA	NA	NA	NA	NA
NC_045512.2	17002	C	A	44	4	26	2	2	28	0.0425532	47	0.247253	FALSE	NA	NA	NA	NA	NA	NA
NC_045512.2	17003	T	G	43	4	26	1	1	29	0.0217391	46	0.494382	FALSE	NA	NA	NA	NA	NA	NA
NC_045512.2	17003	T	C	43	4	26	2	2	28	0.0434783	46	0.247191	FALSE	NA	NA	NA	NA	NA	NA
NC_045512.2	17004	C	T	43	4	26	1	1	27	0.0217391	46	0.494382	FALSE	NA	NA	NA	NA	NA	NA
NC_045512.2	17004	C	A	43	4	26	2	2	28	0.0434783	46	0.247191	FALSE	NA	NA	NA	NA	NA	NA
NC_045512.2	17005	A	T	40	5	26	1	1	28	0.0238095	42	0.5	FALSE	NA	NA	NA	NA	NA	NA
NC_045512.2	17005	A	C	40	5	26	1	1	27	0.0238095	42	0.5	FALSE	NA	NA	NA	NA	NA	NA
NC_045512.2	17007	T	C	38	6	25	1	1	29	0.025641	39	0.506494	FALSE	NA	NA	NA	NA	NA	NA
NC_045512.2	17008	A	G	38	6	25	1	1	28	0.025641	39	0.506494	FALSE	NA	NA	NA	NA	NA	NA
NC_045512.2	17009	T	G	36	4	25	1	1	29	0.025641	39	0.493333	FALSE	NA	NA	NA	NA	NA	NA
NC_045512.2	17009	T	C	36	4	25	2	2	26	0.0512821	39	0.246667	FALSE	NA	NA	NA	NA	NA	NA
NC_045512.2	17010	C	T	37	5	27	1	1	27	0.025641	39	0.5	FALSE	NA	NA	NA	NA	NA	NA
NC_045512.2	17010	C	A	37	5	27	1	1	30	0.025641	39	0.5	FALSE	NA	NA	NA	NA	NA	NA
NC_045512.2	17011	T	G	36	4	27	1	1	29	0.025641	39	0.493333	FALSE	NA	NA	NA	NA	NA	NA
NC_045512.2	17011	T	A	36	4	27	2	2	25	0.0512821	39	0.246667	FALSE	NA	NA	NA	NA	NA	NA
NC_045512.2	17012	C	T	35	4	27	2	2	25	0.0526316	38	0.246575	FALSE	NA	NA	NA	NA	NA	NA
NC_045512.2	17012	C	A	35	4	27	1	1	32	0.0263158	38	0.493151	FALSE	NA	NA	NA	NA	NA	NA
NC_045512.2	17013	A	T	35	5	27	2	2	32	0.0540541	37	0.253425	FALSE	NA	NA	NA	NA	NA	NA
NC_045512.2	17014	G	C	34	5	27	1	1	21	0.027027	37	0.492958	FALSE	NA	NA	NA	NA	NA	NA
NC_045512.2	17014	G	A	34	5	27	2	2	25	0.0540541	37	0.246479	FALSE	NA	NA	NA	NA	NA	NA
NC_045512.2	17015	A	T	34	5	27	1	1	27	0.0277778	36	0.5	FALSE	NA	NA	NA	NA	NA	NA
NC_045512.2	17015	A	C	34	5	27	1	1	21	0.0277778	36	0.5	FALSE	NA	NA	NA	NA	NA	NA
NC_045512.2	17016	T	G	33	4	27	2	2	26	0.0540541	37	0.239437	FALSE	NA	NA	NA	NA	NA	NA
NC_045512.2	17016	T	C	33	4	27	1	1	26	0.027027	37	0.485714	FALSE	NA	NA	NA	NA	NA	NA
NC_045512.2	17016	T	A	33	4	27	1	1	25	0.027027	37	0.485714	FALSE	NA	NA	NA	NA	NA	NA
NC_045512.2	17017	G	T	33	4	26	1	1	27	0.0277778	36	0.492754	FALSE	NA	NA	NA	NA	NA	NA
NC_045512.2	17017	G	C	33	4	26	1	1	27	0.0277778	36	0.492754	FALSE	NA	NA	NA	NA	NA	NA
NC_045512.2	17017	G	A	33	4	26	1	1	26	0.0277778	36	0.492754	FALSE	NA	NA	NA	NA	NA	NA
NC_045512.2	17018	A	T	34	5	26	1	1	24	0.027027	37	0.492958	FALSE	NA	NA	NA	NA	NA	NA
NC_045512.2	17018	A	G	34	5	26	1	1	28	0.027027	37	0.492958	FALSE	NA	NA	NA	NA	NA	NA
NC_045512.2	17018	A	C	34	5	26	1	1	23	0.027027	37	0.492958	FALSE	NA	NA	NA	NA	NA	NA
NC_045512.2	17019	G	T	33	4	25	1	1	28	0.027027	37	0.485714	FALSE	NA	NA	NA	NA	NA	NA
NC_045512.2	17019	G	C	33	4	25	1	1	28	0.027027	37	0.485714	FALSE	NA	NA	NA	NA	NA	NA
NC_045512.2	17019	G	A	33	4	25	2	2	25	0.0540541	37	0.239437	FALSE	NA	NA	NA	NA	NA	NA
NC_045512.2	17019	G	-T	33	4	25	1	0	20	0.027027	37	0.485714	FALSE	NA	NA	NA	NA	NA	NA
NC_045512.2	17020	T	C	24	3	26	1	1	27	0.037037	27	0.480769	FALSE	NA	NA	NA	NA	NA	NA
NC_045512.2	17020	T	A	24	3	26	2	2	23	0.0740741	27	0.235849	FALSE	NA	NA	NA	NA	NA	NA
NC_045512.2	17021	T	A	28	6	26	1	1	28	0.0344828	29	0.508772	FALSE	NA	NA	NA	NA	NA	NA
NC_045512.2	17022	T	G	26	5	26	1	1	28	0.0333333	30	0.482143	FALSE	NA	NA	NA	NA	NA	NA
NC_045512.2	17022	T	C	26	5	26	2	1	25	0.0666667	30	0.236842	FALSE	NA	NA	NA	NA	NA	NA
NC_045512.2	17022	T	A	26	5	26	1	1	23	0.0333333	30	0.482143	FALSE	NA	NA	NA	NA	NA	NA
NC_045512.2	17023	T	A	12	6	24	2	2	26	0.142857	14	0.259259	FALSE	NA	NA	NA	NA	NA	NA
NC_045512.2	17024	C	G	27	5	26	2	2	26	0.0666667	30	0.245614	FALSE	NA	NA	NA	NA	NA	NA
NC_045512.2	17024	C	A	27	5	26	1	1	27	0.0333333	30	0.491228	FALSE	NA	NA	NA	NA	NA	NA
NC_045512.2	17025	T	C	27	5	27	2	2	26	0.0666667	30	0.245614	FALSE	NA	NA	NA	NA	NA	NA
NC_045512.2	17025	T	A	27	5	27	1	1	23	0.0333333	30	0.491228	FALSE	NA	NA	NA	NA	NA	NA
NC_045512.2	17026	A	G	29	7	27	1	1	24	0.0333333	30	0.508475	FALSE	NA	NA	NA	NA	NA	NA
NC_045512.2	17027	G	C	26	4	26	2	2	26	0.0689655	29	0.245455	FALSE	NA	NA	NA	NA	NA	NA
NC_045512.2	17027	G	A	26	4	26	1	1	28	0.0344828	29	0.490909	FALSE	NA	NA	NA	NA	NA	NA
NC_045512.2	17028	C	T	27	5	26	2	2	26	0.0666667	30	0.245614	FALSE	NA	NA	NA	NA	NA	NA
NC_045512.2	17028	C	A	27	5	26	1	1	25	0.0333333	30	0.491228	FALSE	NA	NA	NA	NA	NA	NA
NC_045512.2	17029	A	T	27	5	27	2	2	27	0.0666667	30	0.245614	FALSE	NA	NA	NA	NA	NA	NA
NC_045512.2	17029	A	C	27	5	27	1	1	21	0.0333333	30	0.491228	FALSE	NA	NA	NA	NA	NA	NA
NC_045512.2	17030	A	G	24	6	23	1	1	27	0.0384615	26	0.5	FALSE	NA	NA	NA	NA	NA	NA
NC_045512.2	17030	A	C	24	6	23	1	1	22	0.0384615	26	0.5	FALSE	NA	NA	NA	NA	NA	NA
NC_045512.2	17031	T	C	28	6	26	1	1	27	0.0333333	30	0.5	FALSE	NA	NA	NA	NA	NA	NA
NC_045512.2	17031	T	A	28	6	26	1	1	27	0.0333333	30	0.5	FALSE	NA	NA	NA	NA	NA	NA
NC_045512.2	17032	G	A	27	5	26	3	3	25	0.1	30	0.124888	FALSE	NA	NA	NA	NA	NA	NA
NC_045512.2	17033	T	C	27	5	26	3	3	23	0.1	30	0.124888	FALSE	NA	NA	NA	NA	NA	NA
NC_045512.2	17034	T	G	23	5	23	1	1	27	0.0384615	26	0.489796	FALSE	NA	NA	NA	NA	NA	NA
NC_045512.2	17034	T	C	23	5	23	1	1	25	0.0384615	26	0.489796	FALSE	NA	NA	NA	NA	NA	NA
NC_045512.2	17034	T	A	23	5	23	1	1	20	0.0384615	26	0.489796	FALSE	NA	NA	NA	NA	NA	NA
NC_045512.2	17035	G	T	31	5	26	1	1	23	0.0285714	35	0.484848	FALSE	NA	NA	NA	NA	NA	NA
NC_045512.2	17035	G	C	31	5	26	1	1	24	0.0285714	35	0.484848	FALSE	NA	NA	NA	NA	NA	NA
NC_045512.2	17035	G	A	31	5	26	2	2	26	0.0571429	35	0.238806	FALSE	NA	NA	NA	NA	NA	NA
NC_045512.2	17036	C	T	30	6	26	3	2	26	0.0882353	34	0.119231	FALSE	NA	NA	NA	NA	NA	NA
NC_045512.2	17036	C	G	30	6	26	1	1	27	0.0294118	34	0.484375	FALSE	NA	NA	NA	NA	NA	NA
NC_045512.2	17037	A	T	32	7	26	1	1	28	0.0294118	34	0.5	FALSE	NA	NA	NA	NA	NA	NA
NC_045512.2	17037	A	G	32	7	26	1	1	23	0.0294118	34	0.5	FALSE	NA	NA	NA	NA	NA	NA
NC_045512.2	17038	A	G	30	6	28	3	3	25	0.0909091	33	0.124908	FALSE	NA	NA	NA	NA	NA	NA
NC_045512.2	17039	A	T	20	5	23	2	2	26	0.0833333	24	0.233333	FALSE	NA	NA	NA	NA	NA	NA
NC_045512.2	17039	A	G	20	5	23	1	1	27	0.0416667	24	0.477273	FALSE	NA	NA	NA	NA	NA	NA
NC_045512.2	17039	A	C	20	5	23	1	1	21	0.0416667	24	0.477273	FALSE	NA	NA	NA	NA	NA	NA
NC_045512.2	17040	T	G	24	5	26	2	2	26	0.0714286	28	0.235849	FALSE	NA	NA	NA	NA	NA	NA
NC_045512.2	17040	T	C	24	5	26	1	1	27	0.0357143	28	0.480769	FALSE	NA	NA	NA	NA	NA	NA
NC_045512.2	17040	T	A	24	5	26	1	1	28	0.0357143	28	0.480769	FALSE	NA	NA	NA	NA	NA	NA
NC_045512.2	17041	T	G	21	5	23	1	1	28	0.04	25	0.478261	FALSE	NA	NA	NA	NA	NA	NA
NC_045512.2	17041	T	C	21	5	23	1	1	21	0.04	25	0.478261	FALSE	NA	NA	NA	NA	NA	NA
NC_045512.2	17041	T	A	21	5	23	2	2	27	0.08	25	0.234043	FALSE	NA	NA	NA	NA	NA	NA
NC_045512.2	17042	A	T	24	5	26	1	1	22	0.0357143	28	0.480769	FALSE	NA	NA	NA	NA	NA	NA
NC_045512.2	17042	A	C	24	5	26	3	3	27	0.107143	28	0.117925	FALSE	NA	NA	NA	NA	NA	NA
NC_045512.2	17043	T	A	24	6	26	3	3	25	0.111111	27	0.124861	FALSE	NA	NA	NA	NA	NA	NA
NC_045512.2	17044	C	A	25	7	26	2	2	25	0.0740741	27	0.254717	FALSE	NA	NA	NA	NA	NA	NA
NC_045512.2	17045	A	T	19	3	26	1	1	28	0.047619	21	0.5	FALSE	NA	NA	NA	NA	NA	NA
NC_045512.2	17045	A	G	19	3	26	1	1	28	0.047619	21	0.5	FALSE	NA	NA	NA	NA	NA	NA
NC_045512.2	17046	A	T	23	8	27	1	1	23	0.04	25	0.5	FALSE	NA	NA	NA	NA	NA	NA
NC_045512.2	17046	A	G	23	8	27	1	0	25	0.04	25	0.5	FALSE	NA	NA	NA	NA	NA	NA
NC_045512.2	17047	A	T	21	5	27	2	2	25	0.08	25	0.234043	FALSE	NA	NA	NA	NA	NA	NA
NC_045512.2	17047	A	G	21	5	27	2	2	27	0.08	25	0.234043	FALSE	NA	NA	NA	NA	NA	NA
NC_045512.2	17048	A	T	11	6	24	1	1	22	0.0714286	14	0.48	FALSE	NA	NA	NA	NA	NA	NA
NC_045512.2	17048	A	G	11	6	24	1	1	28	0.0714286	14	0.48	FALSE	NA	NA	NA	NA	NA	NA
NC_045512.2	17048	A	C	11	6	24	1	1	27	0.0714286	14	0.48	FALSE	NA	NA	NA	NA	NA	NA
NC_045512.2	17049	G	T	23	7	25	1	1	24	0.04	25	0.5	FALSE	NA	NA	NA	NA	NA	NA
NC_045512.2	17049	G	A	23	7	25	1	1	27	0.04	25	0.5	FALSE	NA	NA	NA	NA	NA	NA
NC_045512.2	17050	G	T	18	5	24	2	2	28	0.0909091	22	0.231707	FALSE	NA	NA	NA	NA	NA	NA
NC_045512.2	17050	G	C	18	5	24	2	2	27	0.0909091	22	0.231707	FALSE	NA	NA	NA	NA	NA	NA
NC_045512.2	17051	T	G	22	6	26	1	1	28	0.04	25	0.489362	FALSE	NA	NA	NA	NA	NA	NA
NC_045512.2	17051	T	A	22	6	26	2	2	27	0.08	25	0.244681	FALSE	NA	NA	NA	NA	NA	NA
NC_045512.2	17052	T	G	18	5	24	1	1	28	0.0454545	22	0.475	FALSE	NA	NA	NA	NA	NA	NA
NC_045512.2	17052	T	C	18	5	24	2	2	25	0.0909091	22	0.231707	FALSE	NA	NA	NA	NA	NA	NA
NC_045512.2	17052	T	A	18	5	24	1	1	28	0.0454545	22	0.475	FALSE	NA	NA	NA	NA	NA	NA
NC_045512.2	17053	G	T	21	5	26	3	3	26	0.12	25	0.117021	FALSE	NA	NA	NA	NA	NA	NA
NC_045512.2	17053	G	A	21	5	26	1	1	24	0.04	25	0.478261	FALSE	NA	NA	NA	NA	NA	NA
NC_045512.2	17054	G	A	21	8	25	2	2	25	0.0869565	23	0.255556	FALSE	NA	NA	NA	NA	NA	NA
NC_045512.2	17055	T	A	25	9	26	1	1	27	0.0384615	26	0.509804	FALSE	NA	NA	NA	NA	NA	NA
NC_045512.2	17056	A	T	22	6	26	2	2	27	0.0769231	26	0.234694	FALSE	NA	NA	NA	NA	NA	NA
NC_045512.2	17056	A	G	22	6	26	1	1	27	0.0384615	26	0.479167	FALSE	NA	NA	NA	NA	NA	NA
NC_045512.2	17056	A	C	22	6	26	1	1	27	0.0384615	26	0.479167	FALSE	NA	NA	NA	NA	NA	NA
NC_045512.2	17057	T	A	23	7	26	3	3	26	0.115385	26	0.12485	FALSE	NA	NA	NA	NA	NA	NA
NC_045512.2	17058	G	T	23	8	26	2	2	27	0.0769231	26	0.244898	FALSE	NA	NA	NA	NA	NA	NA
NC_045512.2	17058	G	C	23	8	26	1	1	27	0.0384615	26	0.489796	FALSE	NA	NA	NA	NA	NA	NA
NC_045512.2	17059	C	T	22	8	26	1	1	29	0.0384615	26	0.479167	FALSE	NA	NA	NA	NA	NA	NA
NC_045512.2	17059	C	G	22	8	26	1	1	27	0.0384615	26	0.479167	FALSE	NA	NA	NA	NA	NA	NA
NC_045512.2	17059	C	A	22	8	26	2	2	25	0.0769231	26	0.234694	FALSE	NA	NA	NA	NA	NA	NA
NC_045512.2	17060	A	G	21	6	25	2	2	25	0.0833333	24	0.244444	FALSE	NA	NA	NA	NA	NA	NA
NC_045512.2	17060	A	C	21	6	25	1	1	26	0.0416667	24	0.488889	FALSE	NA	NA	NA	NA	NA	NA
NC_045512.2	17061	A	T	23	8	26	1	1	24	0.0384615	26	0.489796	FALSE	NA	NA	NA	NA	NA	NA
NC_045512.2	17061	A	G	23	8	26	1	1	29	0.0384615	26	0.489796	FALSE	NA	NA	NA	NA	NA	NA
NC_045512.2	17061	A	C	23	8	26	1	1	28	0.0384615	26	0.489796	FALSE	NA	NA	NA	NA	NA	NA
NC_045512.2	17062	A	T	25	10	26	1	1	26	0.037037	27	0.5	FALSE	NA	NA	NA	NA	NA	NA
NC_045512.2	17062	A	C	25	10	26	1	1	29	0.037037	27	0.5	FALSE	NA	NA	NA	NA	NA	NA
NC_045512.2	17063	A	T	12	8	24	4	4	24	0.25	16	0.057842	FALSE	NA	NA	NA	NA	NA	NA
NC_045512.2	17064	G	T	19	6	26	4	4	24	0.16	25	0.0496454	FALSE	NA	NA	NA	NA	NA	NA
NC_045512.2	17064	G	C	19	6	26	1	1	26	0.04	25	0.454545	FALSE	NA	NA	NA	NA	NA	NA
NC_045512.2	17064	G	A	19	6	26	1	1	26	0.04	25	0.454545	FALSE	NA	NA	NA	NA	NA	NA
NC_045512.2	17065	T	C	20	8	26	2	1	27	0.08	25	0.223188	FALSE	NA	NA	NA	NA	NA	NA
NC_045512.2	17065	T	A	20	8	26	3	3	26	0.12	25	0.10922	FALSE	NA	NA	NA	NA	NA	NA
NC_045512.2	17066	A	T	19	8	26	2	2	28	0.0869565	23	0.232558	FALSE	NA	NA	NA	NA	NA	NA
NC_045512.2	17066	A	G	19	8	26	1	1	21	0.0434783	23	0.47619	FALSE	NA	NA	NA	NA	NA	NA
NC_045512.2	17066	A	C	19	8	26	1	1	24	0.0434783	23	0.47619	FALSE	NA	NA	NA	NA	NA	NA
NC_045512.2	17067	T	G	19	8	26	2	2	29	0.0869565	23	0.232558	FALSE	NA	NA	NA	NA	NA	NA
NC_045512.2	17067	T	C	19	8	26	1	1	28	0.0434783	23	0.47619	FALSE	NA	NA	NA	NA	NA	NA
NC_045512.2	17067	T	A	19	8	26	1	1	27	0.0434783	23	0.47619	FALSE	NA	NA	NA	NA	NA	NA
NC_045512.2	17068	T	G	16	7	25	1	1	21	0.05	20	0.472222	FALSE	NA	NA	NA	NA	NA	NA
NC_045512.2	17068	T	C	16	7	25	3	3	25	0.15	20	0.114865	FALSE	NA	NA	NA	NA	NA	NA
NC_045512.2	17069	C	T	18	7	27	1	1	24	0.0434783	23	0.463415	FALSE	NA	NA	NA	NA	NA	NA
NC_045512.2	17069	C	G	18	7	27	1	1	27	0.0434783	23	0.463415	FALSE	NA	NA	NA	NA	NA	NA
NC_045512.2	17069	C	A	18	7	27	3	3	24	0.130435	23	0.107771	FALSE	NA	NA	NA	NA	NA	NA
NC_045512.2	17070	T	C	17	7	26	2	2	27	0.0909091	22	0.219231	FALSE	NA	NA	NA	NA	NA	NA
NC_045512.2	17070	T	A	17	7	26	3	3	29	0.136364	22	0.106942	FALSE	NA	NA	NA	NA	NA	NA
NC_045512.2	17071	A	T	20	10	27	2	2	25	0.0909091	22	0.255814	FALSE	NA	NA	NA	NA	NA	NA
NC_045512.2	17072	C	T	16	6	26	2	2	30	0.0909091	22	0.206478	FALSE	NA	NA	NA	NA	NA	NA
NC_045512.2	17072	C	G	16	6	26	2	2	25	0.0909091	22	0.206478	FALSE	NA	NA	NA	NA	NA	NA
NC_045512.2	17072	C	A	16	6	26	2	2	27	0.0909091	22	0.206478	FALSE	NA	NA	NA	NA	NA	NA
NC_045512.2	17073	A	G	18	8	27	2	2	25	0.0909091	22	0.231707	FALSE	NA	NA	NA	NA	NA	NA
NC_045512.2	17073	A	C	18	8	27	2	2	25	0.0909091	22	0.231707	FALSE	NA	NA	NA	NA	NA	NA
NC_045512.2	17074	C	T	17	8	26	2	2	26	0.0909091	22	0.219231	FALSE	NA	NA	NA	NA	NA	NA
NC_045512.2	17074	C	G	17	8	26	2	2	26	0.0909091	22	0.219231	FALSE	NA	NA	NA	NA	NA	NA
NC_045512.2	17074	C	A	17	8	26	1	1	27	0.0454545	22	0.461538	FALSE	NA	NA	NA	NA	NA	NA
NC_045512.2	17075	T	C	17	8	27	3	3	27	0.136364	22	0.106942	FALSE	NA	NA	NA	NA	NA	NA
NC_045512.2	17075	T	A	17	8	27	2	2	26	0.0909091	22	0.219231	FALSE	NA	NA	NA	NA	NA	NA
NC_045512.2	17076	C	T	15	8	25	3	3	25	0.15	20	0.105019	FALSE	NA	NA	NA	NA	NA	NA
NC_045512.2	17076	C	G	15	8	25	1	1	24	0.05	20	0.457143	FALSE	NA	NA	NA	NA	NA	NA
NC_045512.2	17076	C	A	15	8	25	1	1	22	0.05	20	0.457143	FALSE	NA	NA	NA	NA	NA	NA
NC_045512.2	17077	C	T	14	8	26	1	1	28	0.0526316	19	0.454545	FALSE	NA	NA	NA	NA	NA	NA
NC_045512.2	17077	C	G	14	8	26	2	2	24	0.105263	19	0.213904	FALSE	NA	NA	NA	NA	NA	NA
NC_045512.2	17077	C	A	14	8	26	2	2	25	0.105263	19	0.213904	FALSE	NA	NA	NA	NA	NA	NA
NC_045512.2	17078	A	T	16	10	27	1	1	29	0.0526316	19	0.485714	FALSE	NA	NA	NA	NA	NA	NA
NC_045512.2	17078	A	G	16	10	27	1	1	27	0.0526316	19	0.485714	FALSE	NA	NA	NA	NA	NA	NA
NC_045512.2	17078	A	C	16	10	27	1	1	26	0.0526316	19	0.485714	FALSE	NA	NA	NA	NA	NA	NA
NC_045512.2	17079	G	T	6	1	26	2	2	24	0.153846	13	0.147368	FALSE	NA	NA	NA	NA	NA	NA
NC_045512.2	17079	G	C	6	1	26	1	1	29	0.0769231	13	0.368421	FALSE	NA	NA	NA	NA	NA	NA
NC_045512.2	17079	G	A	6	1	26	4	4	27	0.307692	13	0.0287081	FALSE	NA	NA	NA	NA	NA	NA
NC_045512.2	17080	G	T	8	3	28	3	3	27	0.214286	14	0.0815217	FALSE	NA	NA	NA	NA	NA	NA
NC_045512.2	17080	G	A	8	3	28	3	3	28	0.214286	14	0.0815217	FALSE	NA	NA	NA	NA	NA	NA
NC_045512.2	17081	G	T	8	3	24	2	2	27	0.142857	14	0.177866	FALSE	NA	NA	NA	NA	NA	NA
NC_045512.2	17081	G	C	8	3	24	2	2	28	0.142857	14	0.177866	FALSE	NA	NA	NA	NA	NA	NA
NC_045512.2	17081	G	A	8	3	24	2	2	28	0.142857	14	0.177866	FALSE	NA	NA	NA	NA	NA	NA
NC_045512.2	17082	A	T	8	3	27	3	3	27	0.214286	14	0.0815217	FALSE	NA	NA	NA	NA	NA	NA
NC_045512.2	17082	A	G	8	3	27	2	2	26	0.142857	14	0.177866	FALSE	NA	NA	NA	NA	NA	NA
NC_045512.2	17082	A	C	8	3	27	1	1	28	0.0714286	14	0.409091	FALSE	NA	NA	NA	NA	NA	NA
NC_045512.2	17083	C	A	13	8	26	1	1	20	0.0714286	14	0.518519	FALSE	NA	NA	NA	NA	NA	NA
NC_045512.2	17084	C	T	6	2	26	2	2	27	0.166667	12	0.163743	FALSE	NA	NA	NA	NA	NA	NA
NC_045512.2	17084	C	A	6	2	26	4	4	23	0.333333	12	0.0350877	FALSE	NA	NA	NA	NA	NA	NA
NC_045512.2	17085	A	C	11	6	27	2	2	26	0.153846	13	0.26	FALSE	NA	NA	NA	NA	NA	NA
NC_045512.2	17086	C	T	8	3	26	1	1	28	0.0714286	14	0.409091	FALSE	NA	NA	NA	NA	NA	NA
NC_045512.2	17086	C	A	8	3	26	5	5	25	0.357143	14	0.0195652	FALSE	NA	NA	NA	NA	NA	NA
NC_045512.2	17087	C	T	7	2	25	1	1	23	0.0714286	14	0.380952	FALSE	NA	NA	NA	NA	NA	NA
NC_045512.2	17087	C	G	7	2	25	2	2	24	0.142857	14	0.155844	FALSE	NA	NA	NA	NA	NA	NA
NC_045512.2	17087	C	A	7	2	25	4	4	26	0.285714	14	0.0310559	FALSE	NA	NA	NA	NA	NA	NA
NC_045512.2	17088	T	G	10	5	27	1	1	28	0.0769231	13	0.478261	FALSE	NA	NA	NA	NA	NA	NA
NC_045512.2	17088	T	A	10	5	27	2	2	23	0.153846	13	0.23913	FALSE	NA	NA	NA	NA	NA	NA
NC_045512.2	17089	G	T	7	2	27	2	2	27	0.153846	13	0.171429	FALSE	NA	NA	NA	NA	NA	NA
NC_045512.2	17089	G	C	7	2	27	2	2	27	0.153846	13	0.171429	FALSE	NA	NA	NA	NA	NA	NA
NC_045512.2	17089	G	A	7	2	27	2	2	27	0.153846	13	0.171429	FALSE	NA	NA	NA	NA	NA	NA
NC_045512.2	17090	G	T	8	3	24	3	3	27	0.230769	13	0.0931677	FALSE	NA	NA	NA	NA	NA	NA
NC_045512.2	17090	G	A	8	3	24	2	2	25	0.153846	13	0.194805	FALSE	NA	NA	NA	NA	NA	NA
NC_045512.2	17091	T	C	10	5	26	3	3	28	0.214286	14	0.11	FALSE	NA	NA	NA	NA	NA	NA
NC_045512.2	17091	T	A	10	5	26	1	1	26	0.0714286	14	0.458333	FALSE	NA	NA	NA	NA	NA	NA
NC_045512.2	17092	A	T	8	3	27	3	3	25	0.214286	14	0.0815217	FALSE	NA	NA	NA	NA	NA	NA
NC_045512.2	17092	A	G	8	3	27	2	2	24	0.142857	14	0.177866	FALSE	NA	NA	NA	NA	NA	NA
NC_045512.2	17092	A	C	8	3	27	1	1	28	0.0714286	14	0.409091	FALSE	NA	NA	NA	NA	NA	NA
NC_045512.2	17093	C	T	9	4	26	2	2	24	0.142857	14	0.199275	FALSE	NA	NA	NA	NA	NA	NA
NC_045512.2	17093	C	G	9	4	26	3	3	28	0.214286	14	0.0956522	FALSE	NA	NA	NA	NA	NA	NA
NC_045512.2	17094	T	G	11	6	27	1	1	25	0.0666667	15	0.461538	FALSE	NA	NA	NA	NA	NA	NA
NC_045512.2	17094	T	A	11	6	27	3	3	26	0.2	15	0.111111	FALSE	NA	NA	NA	NA	NA	NA
NC_045512.2	17095	G	T	8	3	26	3	3	27	0.2	15	0.0717391	FALSE	NA	NA	NA	NA	NA	NA
NC_045512.2	17095	G	C	8	3	26	1	1	28	0.0666667	15	0.391304	FALSE	NA	NA	NA	NA	NA	NA
NC_045512.2	17095	G	A	8	3	26	3	3	27	0.2	15	0.0717391	FALSE	NA	NA	NA	NA	NA	NA
NC_045512.2	17096	G	T	7	3	25	3	3	27	0.230769	13	0.0779221	FALSE	NA	NA	NA	NA	NA	NA
NC_045512.2	17096	G	C	7	3	25	1	1	27	0.0769231	13	0.4	FALSE	NA	NA	NA	NA	NA	NA
NC_045512.2	17096	G	A	7	3	25	2	2	29	0.153846	13	0.171429	FALSE	NA	NA	NA	NA	NA	NA
NC_045512.2	17097	T	G	8	3	25	2	2	25	0.142857	14	0.177866	FALSE	NA	NA	NA	NA	NA	NA
NC_045512.2	17097	T	C	8	3	25	2	2	28	0.142857	14	0.177866	FALSE	NA	NA	NA	NA	NA	NA
NC_045512.2	17097	T	A	8	3	25	2	2	27	0.142857	14	0.177866	FALSE	NA	NA	NA	NA	NA	NA
NC_045512.2	17098	A	T	6	1	27	1	1	29	0.1	10	0.4375	FALSE	NA	NA	NA	NA	NA	NA
NC_045512.2	17098	A	C	6	1	27	3	3	27	0.3	10	0.102941	FALSE	NA	NA	NA	NA	NA	NA
NC_045512.2	17099	A	T	8	3	24	1	1	26	0.1	10	0.5	FALSE	NA	NA	NA	NA	NA	NA
NC_045512.2	17099	A	C	8	3	24	1	1	22	0.1	10	0.5	FALSE	NA	NA	NA	NA	NA	NA
NC_045512.2	17100	G	C	7	2	27	2	2	28	0.181818	11	0.210526	FALSE	NA	NA	NA	NA	NA	NA
NC_045512.2	17100	G	A	7	2	27	2	2	26	0.181818	11	0.210526	FALSE	NA	NA	NA	NA	NA	NA
NC_045512.2	17101	A	C	10	5	27	1	1	28	0.0909091	11	0.52381	FALSE	NA	NA	NA	NA	NA	NA
NC_045512.2	17102	G	A	8	3	26	2	2	28	0.2	10	0.263158	FALSE	NA	NA	NA	NA	NA	NA
NC_045512.2	17103	T	G	7	2	26	4	4	26	0.363636	11	0.0551378	FALSE	NA	NA	NA	NA	NA	NA
NC_045512.2	17104	C	T	7	2	26	2	2	27	0.181818	11	0.210526	FALSE	NA	NA	NA	NA	NA	NA
NC_045512.2	17104	C	G	7	2	26	2	2	28	0.181818	11	0.210526	FALSE	NA	NA	NA	NA	NA	NA
NC_045512.2	17105	A	G	10	5	26	1	1	29	0.0909091	11	0.52381	FALSE	NA	NA	NA	NA	NA	NA
NC_045512.2	17105	A	-TT	10	5	26	1	0	20	0.0909091	11	0.52381	FALSE	NA	NA	NA	NA	NA	NA
NC_045512.2	17105	A	-T	10	5	26	2	0	20	0.181818	11	0.285714	FALSE	NA	NA	NA	NA	NA	NA
NC_045512.2	17106	T	C	6	3	24	1	1	21	0.125	8	0.4375	FALSE	NA	NA	NA	NA	NA	NA
NC_045512.2	17106	T	A	6	3	24	1	1	22	0.125	8	0.4375	FALSE	NA	NA	NA	NA	NA	NA
NC_045512.2	17107	T	C	5	3	28	1	1	26	0.166667	6	0.5	FALSE	NA	NA	NA	NA	NA	NA
NC_045512.2	17108	T	G	5	2	28	2	0	24	0.181818	11	0.154412	FALSE	NA	NA	NA	NA	NA	NA
NC_045512.2	17108	T	C	5	2	28	3	3	26	0.272727	11	0.0686275	FALSE	NA	NA	NA	NA	NA	NA
NC_045512.2	17108	T	A	5	2	28	1	1	27	0.0909091	11	0.375	FALSE	NA	NA	NA	NA	NA	NA
NC_045512.2	17109	T	C	8	4	25	1	1	21	0.1	10	0.5	FALSE	NA	NA	NA	NA	NA	NA
NC_045512.2	17109	T	A	8	4	25	1	1	22	0.1	10	0.5	FALSE	NA	NA	NA	NA	NA	NA
NC_045512.2	17109	T	-G	8	4	25	2	0	20	0.2	10	0.263158	FALSE	NA	NA	NA	NA	NA	NA
NC_045512.2	17110	G	C	5	2	26	2	2	23	0.222222	9	0.154412	FALSE	NA	NA	NA	NA	NA	NA
NC_045512.2	17110	G	A	5	2	26	2	2	27	0.222222	9	0.154412	FALSE	NA	NA	NA	NA	NA	NA
NC_045512.2	17111	C	T	10	5	24	1	1	25	0.0909091	11	0.52381	FALSE	NA	NA	NA	NA	NA	NA
NC_045512.2	17112	T	A	8	3	24	2	2	27	0.2	10	0.263158	FALSE	NA	NA	NA	NA	NA	NA
NC_045512.2	17113	A	G	7	2	26	2	2	25	0.181818	11	0.210526	FALSE	NA	NA	NA	NA	NA	NA
NC_045512.2	17113	A	C	7	2	26	2	2	27	0.181818	11	0.210526	FALSE	NA	NA	NA	NA	NA	NA
NC_045512.2	17114	T	G	9	4	26	1	1	28	0.1	10	0.526316	FALSE	NA	NA	NA	NA	NA	NA
NC_045512.2	17115	T	C	8	3	24	2	2	23	0.181818	11	0.236842	FALSE	NA	NA	NA	NA	NA	NA
NC_045512.2	17115	T	A	8	3	24	1	1	21	0.0909091	11	0.473684	FALSE	NA	NA	NA	NA	NA	NA
NC_045512.2	17116	G	C	7	2	26	3	3	25	0.272727	11	0.105263	FALSE	NA	NA	NA	NA	NA	NA
NC_045512.2	17116	G	A	7	2	26	1	1	27	0.0909091	11	0.444444	FALSE	NA	NA	NA	NA	NA	NA
NC_045512.2	17117	G	T	7	2	24	1	1	25	0.0909091	11	0.444444	FALSE	NA	NA	NA	NA	NA	NA
NC_045512.2	17117	G	C	7	2	24	1	1	27	0.0909091	11	0.444444	FALSE	NA	NA	NA	NA	NA	NA
NC_045512.2	17117	G	A	7	2	24	2	2	25	0.181818	11	0.210526	FALSE	NA	NA	NA	NA	NA	NA
NC_045512.2	17118	C	T	7	2	26	1	1	28	0.111111	9	0.5	FALSE	NA	NA	NA	NA	NA	NA
NC_045512.2	17118	C	G	7	2	26	1	1	22	0.111111	9	0.5	FALSE	NA	NA	NA	NA	NA	NA
NC_045512.2	17119	C	G	7	2	24	4	4	24	0.363636	11	0.0551378	FALSE	NA	NA	NA	NA	NA	NA
NC_045512.2	17120	T	G	8	3	27	3	3	26	0.272727	11	0.12406	FALSE	NA	NA	NA	NA	NA	NA
NC_045512.2	17121	A	T	20	6	27	1	1	27	0.047619	21	0.512195	FALSE	NA	NA	NA	NA	NA	NA
NC_045512.2	17122	G	C	17	3	27	2	2	22	0.0952381	21	0.230769	FALSE	NA	NA	NA	NA	NA	NA
NC_045512.2	17122	G	A	17	3	27	2	2	25	0.0952381	21	0.230769	FALSE	NA	NA	NA	NA	NA	NA
NC_045512.2	17123	C	G	19	5	27	1	1	27	0.047619	21	0.5	FALSE	NA	NA	NA	NA	NA	NA
NC_045512.2	17123	C	A	19	5	27	1	1	31	0.047619	21	0.5	FALSE	NA	NA	NA	NA	NA	NA
NC_045512.2	17124	T	G	17	3	26	1	1	29	0.047619	21	0.473684	FALSE	NA	NA	NA	NA	NA	NA
NC_045512.2	17124	T	A	17	3	26	3	3	27	0.142857	21	0.115385	FALSE	NA	NA	NA	NA	NA	NA
NC_045512.2	17125	C	G	19	5	26	1	1	27	0.047619	21	0.5	FALSE	NA	NA	NA	NA	NA	NA
NC_045512.2	17125	C	A	19	5	26	1	1	23	0.047619	21	0.5	FALSE	NA	NA	NA	NA	NA	NA
NC_045512.2	17126	T	G	18	4	27	1	1	23	0.047619	21	0.487179	FALSE	NA	NA	NA	NA	NA	NA
NC_045512.2	17126	T	C	18	4	27	2	2	28	0.0952381	21	0.24359	FALSE	NA	NA	NA	NA	NA	NA
NC_045512.2	17127	C	T	18	4	27	3	3	26	0.142857	21	0.124765	FALSE	NA	NA	NA	NA	NA	NA
NC_045512.2	17128	T	G	16	3	26	2	2	22	0.1	20	0.22973	FALSE	NA	NA	NA	NA	NA	NA
NC_045512.2	17128	T	C	16	3	26	1	1	27	0.05	20	0.472222	FALSE	NA	NA	NA	NA	NA	NA
NC_045512.2	17128	T	A	16	3	26	1	1	27	0.05	20	0.472222	FALSE	NA	NA	NA	NA	NA	NA
NC_045512.2	17128	T	-A	16	3	26	1	0	20	0.05	20	0.472222	FALSE	NA	NA	NA	NA	NA	NA
NC_045512.2	17129	A	G	17	4	26	2	2	27	0.105263	19	0.243243	FALSE	NA	NA	NA	NA	NA	NA
NC_045512.2	17130	C	T	16	3	26	3	3	26	0.157895	19	0.12471	FALSE	NA	NA	NA	NA	NA	NA
NC_045512.2	17131	T	A	18	5	26	2	2	27	0.1	20	0.25641	FALSE	NA	NA	NA	NA	NA	NA
NC_045512.2	17132	A	T	68	5	27	2	2	25	0.027027	74	0.237861	FALSE	NA	NA	NA	NA	NA	NA
NC_045512.2	17132	A	G	68	5	27	2	2	27	0.027027	74	0.237861	FALSE	NA	NA	NA	NA	NA	NA
NC_045512.2	17132	A	C	68	5	27	2	2	27	0.027027	74	0.237861	FALSE	NA	NA	NA	NA	NA	NA
NC_045512.2	17133	C	T	68	6	27	3	3	26	0.0416667	72	0.12234	FALSE	NA	NA	NA	NA	NA	NA
NC_045512.2	17133	C	G	68	6	27	1	1	25	0.0138889	72	0.492857	FALSE	NA	NA	NA	NA	NA	NA
NC_045512.2	17134	C	G	68	6	28	3	3	24	0.0410959	73	0.119774	FALSE	NA	NA	NA	NA	NA	NA
NC_045512.2	17134	C	A	68	6	28	2	2	22	0.0273973	73	0.241235	FALSE	NA	NA	NA	NA	NA	NA
NC_045512.2	17135	C	T	50	6	23	1	1	24	0.0181818	55	0.485714	FALSE	NA	NA	NA	NA	NA	NA
NC_045512.2	17135	C	G	50	6	23	2	2	28	0.0363636	55	0.238275	FALSE	NA	NA	NA	NA	NA	NA
NC_045512.2	17135	C	A	50	6	23	2	2	28	0.0363636	55	0.238275	FALSE	NA	NA	NA	NA	NA	NA
NC_045512.2	17136	T	A	69	8	26	3	3	27	0.0416667	72	0.124981	FALSE	NA	NA	NA	NA	NA	NA
NC_045512.2	17137	T	C	53	8	23	1	0	26	0.0175439	57	0.490909	FALSE	NA	NA	NA	NA	NA	NA
NC_045512.2	17137	T	A	53	8	23	3	3	24	0.0526316	57	0.121622	FALSE	NA	NA	NA	NA	NA	NA
NC_045512.2	17138	C	T	64	4	25	4	4	27	0.0571429	70	0.0579886	FALSE	NA	NA	NA	NA	NA	NA
NC_045512.2	17138	C	A	64	4	25	2	2	28	0.0285714	70	0.237148	FALSE	NA	NA	NA	NA	NA	NA
NC_045512.2	17139	T	G	66	6	26	3	3	26	0.0422535	71	0.119624	FALSE	NA	NA	NA	NA	NA	NA
NC_045512.2	17139	T	A	66	6	26	2	2	27	0.028169	71	0.240982	FALSE	NA	NA	NA	NA	NA	NA
NC_045512.2	17140	G	T	67	7	25	2	2	27	0.028169	71	0.244604	FALSE	NA	NA	NA	NA	NA	NA
NC_045512.2	17140	G	A	67	7	25	2	2	28	0.028169	71	0.244604	FALSE	NA	NA	NA	NA	NA	NA
NC_045512.2	17141	C	G	68	8	25	3	3	28	0.0422535	71	0.124981	FALSE	NA	NA	NA	NA	NA	NA
NC_045512.2	17142	T	C	66	7	25	2	2	26	0.0289855	69	0.248148	FALSE	NA	NA	NA	NA	NA	NA
NC_045512.2	17142	T	A	66	7	25	1	1	22	0.0144928	69	0.496296	FALSE	NA	NA	NA	NA	NA	NA
NC_045512.2	17143	C	T	68	8	27	1	1	29	0.0140845	71	0.496403	FALSE	NA	NA	NA	NA	NA	NA
NC_045512.2	17143	C	A	68	8	27	2	2	28	0.028169	71	0.248201	FALSE	NA	NA	NA	NA	NA	NA
NC_045512.2	17144	G	T	65	5	27	1	1	28	0.0140845	71	0.485294	FALSE	NA	NA	NA	NA	NA	NA
NC_045512.2	17144	G	A	65	5	27	5	5	26	0.0704225	71	0.0290264	FALSE	NA	NA	NA	NA	NA	NA
NC_045512.2	17144	G	-C	65	5	27	1	0	20	0.0140845	71	0.485294	FALSE	NA	NA	NA	NA	NA	NA
NC_045512.2	17145	C	G	65	5	27	1	1	29	0.0144928	69	0.492537	FALSE	NA	NA	NA	NA	NA	NA
NC_045512.2	17145	C	A	65	5	27	3	3	27	0.0434783	69	0.122222	FALSE	NA	NA	NA	NA	NA	NA
NC_045512.2	17146	A	T	65	5	27	1	1	25	0.0142857	70	0.488889	FALSE	NA	NA	NA	NA	NA	NA
NC_045512.2	17146	A	G	65	5	27	3	3	24	0.0428571	70	0.119546	FALSE	NA	NA	NA	NA	NA	NA
NC_045512.2	17146	A	C	65	5	27	1	1	29	0.0142857	70	0.488889	FALSE	NA	NA	NA	NA	NA	NA
NC_045512.2	17147	T	G	67	7	27	2	2	27	0.0285714	70	0.248175	FALSE	NA	NA	NA	NA	NA	NA
NC_045512.2	17147	T	C	67	7	27	1	1	27	0.0142857	70	0.49635	FALSE	NA	NA	NA	NA	NA	NA
NC_045512.2	17148	A	T	64	4	27	5	5	24	0.0714286	70	0.0289943	FALSE	NA	NA	NA	NA	NA	NA
NC_045512.2	17148	A	C	64	4	27	1	1	26	0.0142857	70	0.485075	FALSE	NA	NA	NA	NA	NA	NA
NC_045512.2	17149	G	T	67	7	27	3	3	27	0.0422535	71	0.122302	FALSE	NA	NA	NA	NA	NA	NA
NC_045512.2	17149	G	C	67	7	27	1	1	26	0.0140845	71	0.492754	FALSE	NA	NA	NA	NA	NA	NA
NC_045512.2	17150	T	G	66	6	27	2	2	24	0.0277778	72	0.237514	FALSE	NA	NA	NA	NA	NA	NA
NC_045512.2	17150	T	C	66	6	27	4	4	27	0.0555556	72	0.0581152	FALSE	NA	NA	NA	NA	NA	NA
NC_045512.2	17151	G	T	67	7	27	3	3	27	0.0416667	72	0.1197	FALSE	NA	NA	NA	NA	NA	NA
NC_045512.2	17151	G	C	67	7	27	1	1	27	0.0138889	72	0.489209	FALSE	NA	NA	NA	NA	NA	NA
NC_045512.2	17151	G	A	67	7	27	1	1	21	0.0138889	72	0.489209	FALSE	NA	NA	NA	NA	NA	NA
NC_045512.2	17152	T	A	68	8	27	4	4	28	0.0555556	72	0.061598	FALSE	NA	NA	NA	NA	NA	NA
NC_045512.2	17153	A	T	68	9	27	2	2	24	0.0277778	72	0.244681	FALSE	NA	NA	NA	NA	NA	NA
NC_045512.2	17153	A	G	68	9	27	1	0	28	0.0138889	72	0.492857	FALSE	NA	NA	NA	NA	NA	NA
NC_045512.2	17153	A	C	68	9	27	1	1	28	0.0138889	72	0.492857	FALSE	NA	NA	NA	NA	NA	NA
NC_045512.2	17154	T	C	70	11	27	2	1	29	0.0277778	72	0.251748	FALSE	NA	NA	NA	NA	NA	NA
NC_045512.2	17155	A	T	66	6	26	2	2	27	0.0277778	72	0.237514	FALSE	NA	NA	NA	NA	NA	NA
NC_045512.2	17155	A	G	66	6	26	4	4	24	0.0555556	72	0.0581152	FALSE	NA	NA	NA	NA	NA	NA
NC_045512.2	17156	C	G	67	7	27	2	2	28	0.028169	71	0.244604	FALSE	NA	NA	NA	NA	NA	NA
NC_045512.2	17156	C	A	67	7	27	2	2	28	0.028169	71	0.244604	FALSE	NA	NA	NA	NA	NA	NA
NC_045512.2	17157	A	T	66	6	27	1	1	28	0.0140845	71	0.489051	FALSE	NA	NA	NA	NA	NA	NA
NC_045512.2	17157	A	C	66	6	27	4	4	23	0.056338	71	0.059812	FALSE	NA	NA	NA	NA	NA	NA
NC_045512.2	17158	G	C	64	5	27	5	5	28	0.0704225	71	0.0279514	FALSE	NA	NA	NA	NA	NA	NA
NC_045512.2	17158	G	A	64	5	27	2	2	27	0.028169	71	0.23366	FALSE	NA	NA	NA	NA	NA	NA
NC_045512.2	17159	C	T	66	6	26	3	3	24	0.0416667	72	0.117061	FALSE	NA	NA	NA	NA	NA	NA
NC_045512.2	17159	C	A	66	6	26	3	3	25	0.0416667	72	0.117061	FALSE	NA	NA	NA	NA	NA	NA
NC_045512.2	17160	T	A	67	7	26	6	6	28	0.0821918	73	0.0146443	FALSE	NA	NA	NA	NA	NA	NA
NC_045512.2	17161	T	G	62	6	23	4	4	26	0.0571429	70	0.0544645	FALSE	NA	NA	NA	NA	NA	NA
NC_045512.2	17161	T	C	62	6	23	2	2	24	0.0285714	70	0.229665	FALSE	NA	NA	NA	NA	NA	NA
NC_045512.2	17161	T	A	62	6	23	2	1	30	0.0285714	70	0.229665	FALSE	NA	NA	NA	NA	NA	NA
NC_045512.2	17162	G	T	65	5	26	3	3	26	0.0410959	73	0.111971	FALSE	NA	NA	NA	NA	NA	NA
NC_045512.2	17162	G	C	65	5	26	4	4	27	0.0547945	73	0.0547943	FALSE	NA	NA	NA	NA	NA	NA
NC_045512.2	17162	G	A	65	5	26	1	1	33	0.0136986	73	0.478261	FALSE	NA	NA	NA	NA	NA	NA
NC_045512.2	17163	C	T	65	6	26	3	3	26	0.0416667	72	0.114423	FALSE	NA	NA	NA	NA	NA	NA
NC_045512.2	17163	C	G	65	6	26	2	2	28	0.0277778	72	0.233894	FALSE	NA	NA	NA	NA	NA	NA
NC_045512.2	17163	C	A	65	6	26	2	2	25	0.0277778	72	0.233894	FALSE	NA	NA	NA	NA	NA	NA
NC_045512.2	17164	T	G	67	8	26	2	2	28	0.0277778	72	0.24111	FALSE	NA	NA	NA	NA	NA	NA
NC_045512.2	17164	T	C	67	8	26	3	3	29	0.0416667	72	0.1197	FALSE	NA	NA	NA	NA	NA	NA
NC_045512.2	17165	C	T	65	6	27	7	7	27	0.0972222	72	0.00704822	TRUE	NA	NA	NA	NA	NA	NA
NC_045512.2	17166	T	C	67	7	27	6	6	27	0.0821918	73	0.0146443	FALSE	NA	NA	NA	NA	NA	NA
NC_045512.2	17167	C	T	66	6	26	5	5	27	0.0684932	73	0.0280416	FALSE	NA	NA	NA	NA	NA	NA
NC_045512.2	17167	C	G	66	6	26	2	2	24	0.0273973	73	0.234121	FALSE	NA	NA	NA	NA	NA	NA
NC_045512.2	17168	A	G	69	9	26	3	3	27	0.0410959	73	0.122378	FALSE	NA	NA	NA	NA	NA	NA
NC_045512.2	17168	A	C	69	9	26	1	1	25	0.0136986	73	0.492958	FALSE	NA	NA	NA	NA	NA	NA
NC_045512.2	17169	T	C	66	6	26	6	6	29	0.0821918	73	0.0140208	FALSE	NA	NA	NA	NA	NA	NA
NC_045512.2	17169	T	A	66	6	26	1	1	28	0.0136986	73	0.482014	FALSE	NA	NA	NA	NA	NA	NA
NC_045512.2	17170	G	T	65	5	27	4	4	27	0.0547945	73	0.0547943	FALSE	NA	NA	NA	NA	NA	NA
NC_045512.2	17170	G	A	65	5	27	4	4	28	0.0547945	73	0.0547943	FALSE	NA	NA	NA	NA	NA	NA
NC_045512.2	17171	C	T	66	7	27	3	2	26	0.0410959	73	0.11457	FALSE	NA	NA	NA	NA	NA	NA
NC_045512.2	17171	C	A	66	7	27	4	4	26	0.0547945	73	0.0564782	FALSE	NA	NA	NA	NA	NA	NA
NC_045512.2	17172	C	T	61	6	23	3	2	29	0.0441176	68	0.113791	FALSE	NA	NA	NA	NA	NA	NA
NC_045512.2	17172	C	G	61	6	23	3	3	25	0.0441176	68	0.113791	FALSE	NA	NA	NA	NA	NA	NA
NC_045512.2	17172	C	A	61	6	23	1	1	27	0.0147059	68	0.48062	FALSE	NA	NA	NA	NA	NA	NA
NC_045512.2	17173	G	T	66	6	27	1	1	28	0.0135135	74	0.478571	FALSE	NA	NA	NA	NA	NA	NA
NC_045512.2	17173	G	C	66	6	27	7	7	25	0.0945946	74	0.00672032	TRUE	NA	NA	NA	NA	NA	NA
NC_045512.2	17174	C	T	69	9	27	1	1	28	0.0138889	72	0.496454	FALSE	NA	NA	NA	NA	NA	NA
NC_045512.2	17174	C	G	69	9	27	1	1	27	0.0138889	72	0.496454	FALSE	NA	NA	NA	NA	NA	NA
NC_045512.2	17174	C	A	69	9	27	1	1	24	0.0138889	72	0.496454	FALSE	NA	NA	NA	NA	NA	NA
NC_045512.2	17175	T	G	69	9	26	1	1	28	0.0136986	73	0.492958	FALSE	NA	NA	NA	NA	NA	NA
NC_045512.2	17175	T	A	69	9	26	3	3	27	0.0410959	73	0.122378	FALSE	NA	NA	NA	NA	NA	NA
NC_045512.2	17176	G	T	67	7	26	3	3	26	0.0405405	74	0.114713	FALSE	NA	NA	NA	NA	NA	NA
NC_045512.2	17176	G	C	67	7	26	1	1	25	0.0135135	74	0.48227	FALSE	NA	NA	NA	NA	NA	NA
NC_045512.2	17176	G	A	67	7	26	3	3	27	0.0405405	74	0.114713	FALSE	NA	NA	NA	NA	NA	NA
NC_045512.2	17177	T	G	66	7	27	3	3	27	0.0405405	74	0.112149	FALSE	NA	NA	NA	NA	NA	NA
NC_045512.2	17177	T	C	66	7	27	3	2	24	0.0405405	74	0.112149	FALSE	NA	NA	NA	NA	NA	NA
NC_045512.2	17177	T	A	66	7	27	2	2	28	0.027027	74	0.2308	FALSE	NA	NA	NA	NA	NA	NA
NC_045512.2	17178	T	G	55	9	24	4	4	28	0.0666667	60	0.0593088	FALSE	NA	NA	NA	NA	NA	NA
NC_045512.2	17178	T	A	55	9	24	1	1	27	0.0166667	60	0.486957	FALSE	NA	NA	NA	NA	NA	NA
NC_045512.2	17179	G	T	67	8	26	1	1	27	0.0135135	74	0.48227	FALSE	NA	NA	NA	NA	NA	NA
NC_045512.2	17179	G	C	67	8	26	2	2	27	0.027027	74	0.234342	FALSE	NA	NA	NA	NA	NA	NA
NC_045512.2	17179	G	A	67	8	26	4	3	27	0.0540541	74	0.0565599	FALSE	NA	NA	NA	NA	NA	NA
NC_045512.2	17180	A	T	67	7	26	2	2	26	0.027027	74	0.234342	FALSE	NA	NA	NA	NA	NA	NA
NC_045512.2	17180	A	C	67	7	26	5	5	25	0.0675676	74	0.0280849	FALSE	NA	NA	NA	NA	NA	NA
NC_045512.2	17181	T	G	68	8	26	1	1	29	0.0135135	74	0.485915	FALSE	NA	NA	NA	NA	NA	NA
NC_045512.2	17181	T	C	68	8	26	3	3	26	0.0405405	74	0.117279	FALSE	NA	NA	NA	NA	NA	NA
NC_045512.2	17181	T	A	68	8	26	2	2	29	0.027027	74	0.237861	FALSE	NA	NA	NA	NA	NA	NA
NC_045512.2	17182	G	T	67	7	26	2	2	27	0.027027	74	0.234342	FALSE	NA	NA	NA	NA	NA	NA
NC_045512.2	17182	G	C	67	7	26	3	3	26	0.0405405	74	0.114713	FALSE	NA	NA	NA	NA	NA	NA
NC_045512.2	17182	G	A	67	7	26	2	2	27	0.027027	74	0.234342	FALSE	NA	NA	NA	NA	NA	NA
NC_045512.2	17183	C	T	70	10	26	1	1	22	0.0135135	74	0.493056	FALSE	NA	NA	NA	NA	NA	NA
NC_045512.2	17183	C	G	70	10	26	2	2	27	0.027027	74	0.244828	FALSE	NA	NA	NA	NA	NA	NA
NC_045512.2	17183	C	A	70	10	26	1	1	28	0.0135135	74	0.493056	FALSE	NA	NA	NA	NA	NA	NA
NC_045512.2	17184	A	T	67	7	26	3	3	26	0.04	75	0.112323	FALSE	NA	NA	NA	NA	NA	NA
NC_045512.2	17184	A	C	67	7	26	5	5	28	0.0666667	75	0.0271231	FALSE	NA	NA	NA	NA	NA	NA
NC_045512.2	17185	C	T	66	6	26	4	4	28	0.0533333	75	0.0533734	FALSE	NA	NA	NA	NA	NA	NA
NC_045512.2	17185	C	G	66	6	26	1	1	26	0.0133333	75	0.475177	FALSE	NA	NA	NA	NA	NA	NA
NC_045512.2	17185	C	A	66	6	26	4	4	27	0.0533333	75	0.0533734	FALSE	NA	NA	NA	NA	NA	NA
NC_045512.2	17186	T	G	67	7	26	4	4	25	0.0533333	75	0.0549996	FALSE	NA	NA	NA	NA	NA	NA
NC_045512.2	17186	T	C	67	7	26	3	3	27	0.04	75	0.112323	FALSE	NA	NA	NA	NA	NA	NA
NC_045512.2	17186	T	A	67	7	26	1	1	29	0.0133333	75	0.478873	FALSE	NA	NA	NA	NA	NA	NA
NC_045512.2	17187	A	T	68	8	27	1	1	29	0.0133333	75	0.482517	FALSE	NA	NA	NA	NA	NA	NA
NC_045512.2	17187	A	G	68	8	27	3	3	27	0.04	75	0.114852	FALSE	NA	NA	NA	NA	NA	NA
NC_045512.2	17187	A	C	68	8	27	3	3	27	0.04	75	0.114852	FALSE	NA	NA	NA	NA	NA	NA
NC_045512.2	17188	T	G	71	11	27	2	2	26	0.0266667	75	0.244898	FALSE	NA	NA	NA	NA	NA	NA
NC_045512.2	17188	T	C	71	11	27	2	2	28	0.0266667	75	0.244898	FALSE	NA	NA	NA	NA	NA	NA
NC_045512.2	17189	G	T	66	6	27	6	6	27	0.08	75	0.0128883	FALSE	NA	NA	NA	NA	NA	NA
NC_045512.2	17189	G	C	66	6	27	1	1	28	0.0133333	75	0.475177	FALSE	NA	NA	NA	NA	NA	NA
NC_045512.2	17189	G	A	66	6	27	2	2	25	0.0266667	75	0.22755	FALSE	NA	NA	NA	NA	NA	NA
NC_045512.2	17190	T	G	67	7	27	3	3	26	0.04	75	0.112323	FALSE	NA	NA	NA	NA	NA	NA
NC_045512.2	17190	T	C	67	7	27	5	5	25	0.0666667	75	0.0271231	FALSE	NA	NA	NA	NA	NA	NA
NC_045512.2	17191	G	T	65	5	27	5	5	27	0.0666667	75	0.0251617	FALSE	NA	NA	NA	NA	NA	NA
NC_045512.2	17191	G	C	65	5	27	3	3	28	0.04	75	0.107273	FALSE	NA	NA	NA	NA	NA	NA
NC_045512.2	17191	G	A	65	5	27	2	2	25	0.0266667	75	0.224012	FALSE	NA	NA	NA	NA	NA	NA
NC_045512.2	17192	A	T	69	9	27	3	3	27	0.04	75	0.117383	FALSE	NA	NA	NA	NA	NA	NA
NC_045512.2	17192	A	G	69	9	27	3	3	24	0.04	75	0.117383	FALSE	NA	NA	NA	NA	NA	NA
NC_045512.2	17193	G	T	69	9	27	3	3	28	0.04	75	0.117383	FALSE	NA	NA	NA	NA	NA	NA
NC_045512.2	17193	G	C	69	9	27	2	2	28	0.0266667	75	0.238027	FALSE	NA	NA	NA	NA	NA	NA
NC_045512.2	17193	G	A	69	9	27	1	1	27	0.0133333	75	0.486111	FALSE	NA	NA	NA	NA	NA	NA
NC_045512.2	17194	A	T	65	5	28	4	4	26	0.0547945	73	0.0547943	FALSE	NA	NA	NA	NA	NA	NA
NC_045512.2	17194	A	G	65	5	28	2	2	30	0.0273973	73	0.230529	FALSE	NA	NA	NA	NA	NA	NA
NC_045512.2	17194	A	C	65	5	28	2	2	24	0.0273973	73	0.230529	FALSE	NA	NA	NA	NA	NA	NA
NC_045512.2	17195	A	G	64	8	23	1	1	28	0.0140845	71	0.481481	FALSE	NA	NA	NA	NA	NA	NA
NC_045512.2	17195	A	C	64	8	23	6	6	26	0.084507	71	0.0139757	FALSE	NA	NA	NA	NA	NA	NA
NC_045512.2	17196	G	C	68	8	27	1	1	28	0.0133333	75	0.482517	FALSE	NA	NA	NA	NA	NA	NA
NC_045512.2	17196	G	A	68	8	27	6	6	27	0.08	75	0.0140635	FALSE	NA	NA	NA	NA	NA	NA
NC_045512.2	17197	G	T	64	10	24	1	1	25	0.0144928	69	0.488722	FALSE	NA	NA	NA	NA	NA	NA
NC_045512.2	17197	G	C	64	10	24	4	4	25	0.057971	69	0.0597327	FALSE	NA	NA	NA	NA	NA	NA
NC_045512.2	17198	C	T	69	9	27	2	2	24	0.0266667	75	0.238027	FALSE	NA	NA	NA	NA	NA	NA
NC_045512.2	17198	C	G	69	9	27	1	1	23	0.0133333	75	0.486111	FALSE	NA	NA	NA	NA	NA	NA
NC_045512.2	17198	C	A	69	9	27	3	3	27	0.04	75	0.117383	FALSE	NA	NA	NA	NA	NA	NA
NC_045512.2	17199	A	T	66	6	28	5	5	26	0.0675676	74	0.0270679	FALSE	NA	NA	NA	NA	NA	NA
NC_045512.2	17199	A	G	66	6	28	3	3	29	0.0405405	74	0.112149	FALSE	NA	NA	NA	NA	NA	NA
NC_045512.2	17200	T	G	68	8	28	2	2	24	0.0273973	73	0.241235	FALSE	NA	NA	NA	NA	NA	NA
NC_045512.2	17200	T	C	68	8	28	2	2	23	0.0273973	73	0.241235	FALSE	NA	NA	NA	NA	NA	NA
NC_045512.2	17200	T	A	68	8	28	1	1	28	0.0136986	73	0.489362	FALSE	NA	NA	NA	NA	NA	NA
NC_045512.2	17201	T	G	55	7	23	4	4	26	0.0634921	63	0.0535732	FALSE	NA	NA	NA	NA	NA	NA
NC_045512.2	17201	T	C	55	7	23	4	4	26	0.0634921	63	0.0535732	FALSE	NA	NA	NA	NA	NA	NA
NC_045512.2	17202	A	T	62	2	27	4	4	27	0.0571429	70	0.0544645	FALSE	NA	NA	NA	NA	NA	NA
NC_045512.2	17202	A	G	62	2	27	1	1	28	0.0142857	70	0.477273	FALSE	NA	NA	NA	NA	NA	NA
NC_045512.2	17202	A	C	62	2	27	3	3	26	0.0428571	70	0.111405	FALSE	NA	NA	NA	NA	NA	NA
NC_045512.2	17202	A	-A	62	2	27	1	0	20	0.0142857	70	0.477273	FALSE	NA	NA	NA	NA	NA	NA
NC_045512.2	17203	A	T	66	6	27	3	3	27	0.0410959	73	0.11457	FALSE	NA	NA	NA	NA	NA	NA
NC_045512.2	17203	A	G	66	6	27	3	3	26	0.0410959	73	0.11457	FALSE	NA	NA	NA	NA	NA	NA
NC_045512.2	17203	A	C	66	6	27	1	1	27	0.0136986	73	0.482014	FALSE	NA	NA	NA	NA	NA	NA
NC_045512.2	17204	A	T	65	6	28	4	4	26	0.0547945	73	0.0547943	FALSE	NA	NA	NA	NA	NA	NA
NC_045512.2	17204	A	G	65	6	28	2	2	25	0.0273973	73	0.230529	FALSE	NA	NA	NA	NA	NA	NA
NC_045512.2	17204	A	C	65	6	28	2	2	29	0.0273973	73	0.230529	FALSE	NA	NA	NA	NA	NA	NA
NC_045512.2	17205	A	T	33	6	23	7	7	26	0.166667	42	0.00536163	TRUE	NA	NA	NA	NA	NA	NA
NC_045512.2	17205	A	G	33	6	23	1	1	28	0.0238095	42	0.453333	FALSE	NA	NA	NA	NA	NA	NA
NC_045512.2	17205	A	C	33	6	23	1	1	27	0.0238095	42	0.453333	FALSE	NA	NA	NA	NA	NA	NA
NC_045512.2	17206	T	G	66	9	26	1	1	29	0.0138889	72	0.485507	FALSE	NA	NA	NA	NA	NA	NA
NC_045512.2	17206	T	C	66	9	26	3	3	27	0.0416667	72	0.117061	FALSE	NA	NA	NA	NA	NA	NA
NC_045512.2	17206	T	A	66	9	26	2	2	27	0.0277778	72	0.237514	FALSE	NA	NA	NA	NA	NA	NA
NC_045512.2	17207	A	T	66	9	27	1	1	27	0.0138889	72	0.485507	FALSE	NA	NA	NA	NA	NA	NA
NC_045512.2	17207	A	G	66	9	27	3	3	25	0.0416667	72	0.117061	FALSE	NA	NA	NA	NA	NA	NA
NC_045512.2	17207	A	C	66	9	27	2	2	28	0.0277778	72	0.237514	FALSE	NA	NA	NA	NA	NA	NA
NC_045512.2	17207	A	-T	66	9	27	1	0	20	0.0138889	72	0.485507	FALSE	NA	NA	NA	NA	NA	NA
NC_045512.2	17208	T	G	60	4	27	1	1	23	0.0149254	67	0.480315	FALSE	NA	NA	NA	NA	NA	NA
NC_045512.2	17208	T	C	60	4	27	4	4	27	0.0597015	67	0.0559365	FALSE	NA	NA	NA	NA	NA	NA
NC_045512.2	17208	T	A	60	4	27	2	2	27	0.0298507	67	0.232653	FALSE	NA	NA	NA	NA	NA	NA
NC_045512.2	17209	T	G	62	8	28	3	3	26	0.0447761	67	0.119297	FALSE	NA	NA	NA	NA	NA	NA
NC_045512.2	17209	T	C	62	8	28	1	1	27	0.0149254	67	0.488372	FALSE	NA	NA	NA	NA	NA	NA
NC_045512.2	17209	T	A	62	8	28	1	1	28	0.0149254	67	0.488372	FALSE	NA	NA	NA	NA	NA	NA
NC_045512.2	17210	T	G	23	6	22	3	3	24	0.0967742	31	0.0937951	FALSE	NA	NA	NA	NA	NA	NA
NC_045512.2	17210	T	C	23	6	22	2	2	24	0.0645161	31	0.20202	FALSE	NA	NA	NA	NA	NA	NA
NC_045512.2	17210	T	A	23	6	22	3	3	28	0.0967742	31	0.0937951	FALSE	NA	NA	NA	NA	NA	NA
NC_045512.2	17211	G	T	60	6	24	4	4	24	0.057971	69	0.0525852	FALSE	NA	NA	NA	NA	NA	NA
NC_045512.2	17211	G	C	60	6	24	4	4	25	0.057971	69	0.0525852	FALSE	NA	NA	NA	NA	NA	NA
NC_045512.2	17211	G	A	60	6	24	1	1	28	0.0144928	69	0.472868	FALSE	NA	NA	NA	NA	NA	NA
NC_045512.2	17212	C	T	60	6	23	4	4	26	0.0588235	68	0.0542285	FALSE	NA	NA	NA	NA	NA	NA
NC_045512.2	17212	C	G	60	6	23	3	3	27	0.0441176	68	0.110999	FALSE	NA	NA	NA	NA	NA	NA
NC_045512.2	17212	C	A	60	6	23	1	1	23	0.0147059	68	0.476563	FALSE	NA	NA	NA	NA	NA	NA
NC_045512.2	17213	C	T	61	8	23	3	3	27	0.0441176	68	0.113791	FALSE	NA	NA	NA	NA	NA	NA
NC_045512.2	17213	C	G	61	8	23	3	3	24	0.0441176	68	0.113791	FALSE	NA	NA	NA	NA	NA	NA
NC_045512.2	17213	C	A	61	8	23	1	1	31	0.0147059	68	0.48062	FALSE	NA	NA	NA	NA	NA	NA
NC_045512.2	17214	T	G	63	9	27	6	6	27	0.0869565	69	0.0145863	FALSE	NA	NA	NA	NA	NA	NA
NC_045512.2	17215	A	T	63	9	27	1	1	25	0.0142857	70	0.481203	FALSE	NA	NA	NA	NA	NA	NA
NC_045512.2	17215	A	G	63	9	27	3	3	28	0.0428571	70	0.114116	FALSE	NA	NA	NA	NA	NA	NA
NC_045512.2	17215	A	C	63	9	27	3	3	24	0.0428571	70	0.114116	FALSE	NA	NA	NA	NA	NA	NA
NC_045512.2	17216	T	G	63	10	27	2	2	25	0.0289855	69	0.236956	FALSE	NA	NA	NA	NA	NA	NA
NC_045512.2	17216	T	C	63	10	27	3	2	27	0.0434783	69	0.11671	FALSE	NA	NA	NA	NA	NA	NA
NC_045512.2	17216	T	A	63	10	27	1	1	26	0.0144928	69	0.484848	FALSE	NA	NA	NA	NA	NA	NA
NC_045512.2	17217	A	T	59	5	27	5	5	27	0.0724638	69	0.0246493	FALSE	NA	NA	NA	NA	NA	NA
NC_045512.2	17217	A	G	59	5	27	3	3	26	0.0434783	69	0.105713	FALSE	NA	NA	NA	NA	NA	NA
NC_045512.2	17217	A	C	59	5	27	2	2	26	0.0289855	69	0.221657	FALSE	NA	NA	NA	NA	NA	NA
NC_045512.2	17218	G	T	61	7	27	2	2	25	0.028169	71	0.222488	FALSE	NA	NA	NA	NA	NA	NA
NC_045512.2	17218	G	C	61	7	27	2	2	27	0.028169	71	0.222488	FALSE	NA	NA	NA	NA	NA	NA
NC_045512.2	17218	G	A	61	7	27	6	6	26	0.084507	71	0.0121429	FALSE	NA	NA	NA	NA	NA	NA
NC_045512.2	17219	A	T	63	9	27	1	1	28	0.0147059	68	0.48855	FALSE	NA	NA	NA	NA	NA	NA
NC_045512.2	17219	A	G	63	9	27	3	3	28	0.0441176	68	0.119382	FALSE	NA	NA	NA	NA	NA	NA
NC_045512.2	17219	A	C	63	9	27	1	1	23	0.0147059	68	0.48855	FALSE	NA	NA	NA	NA	NA	NA
NC_045512.2	17220	T	G	62	8	26	3	3	25	0.0428571	70	0.111405	FALSE	NA	NA	NA	NA	NA	NA
NC_045512.2	17220	T	C	62	8	26	3	3	28	0.0428571	70	0.111405	FALSE	NA	NA	NA	NA	NA	NA
NC_045512.2	17220	T	A	62	8	26	2	2	23	0.0285714	70	0.229665	FALSE	NA	NA	NA	NA	NA	NA
NC_045512.2	17221	A	T	54	4	26	4	4	27	0.0606061	66	0.0467328	FALSE	NA	NA	NA	NA	NA	NA
NC_045512.2	17221	A	G	54	4	26	4	4	26	0.0606061	66	0.0467328	FALSE	NA	NA	NA	NA	NA	NA
NC_045512.2	17221	A	C	54	4	26	4	4	27	0.0606061	66	0.0467328	FALSE	NA	NA	NA	NA	NA	NA
NC_045512.2	17222	A	T	55	7	27	3	3	25	0.046875	64	0.107146	FALSE	NA	NA	NA	NA	NA	NA
NC_045512.2	17222	A	G	55	7	27	1	1	22	0.015625	64	0.470588	FALSE	NA	NA	NA	NA	NA	NA
NC_045512.2	17222	A	C	55	7	27	5	5	27	0.078125	64	0.0252764	FALSE	NA	NA	NA	NA	NA	NA
NC_045512.2	17223	A	T	47	9	23	5	5	26	0.0925926	54	0.0269153	FALSE	NA	NA	NA	NA	NA	NA
NC_045512.2	17223	A	G	47	9	23	1	1	25	0.0185185	54	0.475248	FALSE	NA	NA	NA	NA	NA	NA
NC_045512.2	17223	A	C	47	9	23	1	1	26	0.0185185	54	0.475248	FALSE	NA	NA	NA	NA	NA	NA
NC_045512.2	17224	T	G	57	8	25	2	2	24	0.030303	66	0.224364	FALSE	NA	NA	NA	NA	NA	NA
NC_045512.2	17224	T	C	57	8	25	7	7	26	0.106061	66	0.00621531	TRUE	NA	NA	NA	NA	NA	NA
NC_045512.2	17225	G	T	56	7	25	7	7	26	0.106061	66	0.00585312	TRUE	NA	NA	NA	NA	NA	NA
NC_045512.2	17225	G	C	56	7	25	1	1	29	0.0151515	66	0.467213	FALSE	NA	NA	NA	NA	NA	NA
NC_045512.2	17225	G	A	56	7	25	2	2	25	0.030303	66	0.220312	FALSE	NA	NA	NA	NA	NA	NA
NC_045512.2	17226	T	G	56	7	25	1	1	23	0.0151515	66	0.467213	FALSE	NA	NA	NA	NA	NA	NA
NC_045512.2	17226	T	C	56	7	25	3	3	25	0.0454545	66	0.104826	FALSE	NA	NA	NA	NA	NA	NA
NC_045512.2	17226	T	A	56	7	25	6	6	26	0.0909091	66	0.0118921	FALSE	NA	NA	NA	NA	NA	NA
NC_045512.2	17227	A	T	58	9	27	3	3	27	0.0454545	66	0.110568	FALSE	NA	NA	NA	NA	NA	NA
NC_045512.2	17227	A	G	58	9	27	2	2	27	0.030303	66	0.228387	FALSE	NA	NA	NA	NA	NA	NA
NC_045512.2	17227	A	C	58	9	27	3	3	27	0.0454545	66	0.110568	FALSE	NA	NA	NA	NA	NA	NA
NC_045512.2	17228	G	T	57	8	27	5	5	25	0.0769231	65	0.0264963	FALSE	NA	NA	NA	NA	NA	NA
NC_045512.2	17228	G	C	57	8	27	1	1	26	0.0153846	65	0.47541	FALSE	NA	NA	NA	NA	NA	NA
NC_045512.2	17228	G	A	57	8	27	2	2	28	0.0307692	65	0.228042	FALSE	NA	NA	NA	NA	NA	NA
NC_045512.2	17229	T	G	60	11	27	1	1	27	0.0153846	65	0.488	FALSE	NA	NA	NA	NA	NA	NA
NC_045512.2	17229	T	C	60	11	27	1	1	27	0.0153846	65	0.488	FALSE	NA	NA	NA	NA	NA	NA
NC_045512.2	17229	T	A	60	11	27	3	3	26	0.0461538	65	0.119118	FALSE	NA	NA	NA	NA	NA	NA
NC_045512.2	17230	A	T	52	4	27	2	2	27	0.0357143	56	0.243119	FALSE	NA	NA	NA	NA	NA	NA
NC_045512.2	17230	A	G	52	4	27	2	2	25	0.0357143	56	0.243119	FALSE	NA	NA	NA	NA	NA	NA
NC_045512.2	17231	G	C	54	6	27	1	1	27	0.0175439	57	0.495495	FALSE	NA	NA	NA	NA	NA	NA
NC_045512.2	17231	G	A	54	6	27	2	2	23	0.0350877	57	0.247748	FALSE	NA	NA	NA	NA	NA	NA
NC_045512.2	17232	A	G	51	6	27	1	1	21	0.0188679	53	0.5	FALSE	NA	NA	NA	NA	NA	NA
NC_045512.2	17232	A	C	51	6	27	1	1	28	0.0188679	53	0.5	FALSE	NA	NA	NA	NA	NA	NA
NC_045512.2	17233	A	T	43	5	23	3	3	26	0.0638298	47	0.120879	FALSE	NA	NA	NA	NA	NA	NA
NC_045512.2	17233	A	C	43	5	23	1	1	29	0.0212766	47	0.488889	FALSE	NA	NA	NA	NA	NA	NA
NC_045512.2	17234	T	G	47	5	27	3	3	26	0.0588235	51	0.121212	FALSE	NA	NA	NA	NA	NA	NA
NC_045512.2	17234	T	A	47	5	27	1	1	22	0.0196078	51	0.489796	FALSE	NA	NA	NA	NA	NA	NA
NC_045512.2	17235	T	G	42	4	23	2	2	24	0.0425532	47	0.236205	FALSE	NA	NA	NA	NA	NA	NA
NC_045512.2	17235	T	C	42	4	23	1	1	28	0.0212766	47	0.483146	FALSE	NA	NA	NA	NA	NA	NA
NC_045512.2	17235	T	A	42	4	23	2	2	24	0.0425532	47	0.236205	FALSE	NA	NA	NA	NA	NA	NA
NC_045512.2	17236	A	T	47	5	27	2	2	22	0.0392157	51	0.242424	FALSE	NA	NA	NA	NA	NA	NA
NC_045512.2	17236	A	G	47	5	27	1	1	21	0.0196078	51	0.489796	FALSE	NA	NA	NA	NA	NA	NA
NC_045512.2	17236	A	C	47	5	27	1	1	26	0.0196078	51	0.489796	FALSE	NA	NA	NA	NA	NA	NA
NC_045512.2	17237	T	G	47	6	27	1	1	27	0.02	50	0.494845	FALSE	NA	NA	NA	NA	NA	NA
NC_045512.2	17237	T	C	47	6	27	1	1	27	0.02	50	0.494845	FALSE	NA	NA	NA	NA	NA	NA
NC_045512.2	17237	T	A	47	6	27	1	1	26	0.02	50	0.494845	FALSE	NA	NA	NA	NA	NA	NA
NC_045512.2	17238	A	T	44	5	26	4	4	26	0.0816327	49	0.0585739	FALSE	NA	NA	NA	NA	NA	NA
NC_045512.2	17238	A	C	44	5	26	1	1	32	0.0204082	49	0.483871	FALSE	NA	NA	NA	NA	NA	NA
NC_045512.2	17239	C	T	44	5	27	2	2	28	0.0408163	49	0.236788	FALSE	NA	NA	NA	NA	NA	NA
NC_045512.2	17239	C	G	44	5	27	1	1	28	0.0204082	49	0.483871	FALSE	NA	NA	NA	NA	NA	NA
NC_045512.2	17239	C	A	44	5	27	2	2	27	0.0408163	49	0.236788	FALSE	NA	NA	NA	NA	NA	NA
NC_045512.2	17240	C	T	37	4	23	3	3	27	0.0697674	43	0.111563	FALSE	NA	NA	NA	NA	NA	NA
NC_045512.2	17240	C	A	37	4	23	3	3	27	0.0697674	43	0.111563	FALSE	NA	NA	NA	NA	NA	NA
NC_045512.2	17241	T	G	42	3	26	2	2	28	0.0408163	49	0.225991	FALSE	NA	NA	NA	NA	NA	NA
NC_045512.2	17241	T	C	42	3	26	3	3	27	0.0612245	49	0.109351	FALSE	NA	NA	NA	NA	NA	NA
NC_045512.2	17241	T	A	42	3	26	2	2	29	0.0408163	49	0.225991	FALSE	NA	NA	NA	NA	NA	NA
NC_045512.2	17242	G	T	42	3	25	3	3	25	0.0612245	49	0.109351	FALSE	NA	NA	NA	NA	NA	NA
NC_045512.2	17242	G	C	42	3	25	2	2	28	0.0408163	49	0.225991	FALSE	NA	NA	NA	NA	NA	NA
NC_045512.2	17242	G	A	42	3	25	2	2	29	0.0408163	49	0.225991	FALSE	NA	NA	NA	NA	NA	NA
NC_045512.2	17243	C	T	42	3	25	1	1	23	0.0204082	49	0.472527	FALSE	NA	NA	NA	NA	NA	NA
NC_045512.2	17243	C	G	42	3	25	2	2	27	0.0408163	49	0.225991	FALSE	NA	NA	NA	NA	NA	NA
NC_045512.2	17243	C	A	42	3	25	4	4	26	0.0816327	49	0.053512	FALSE	NA	NA	NA	NA	NA	NA
NC_045512.2	17244	A	T	43	4	26	3	3	26	0.0612245	49	0.113246	FALSE	NA	NA	NA	NA	NA	NA
NC_045512.2	17244	A	G	43	4	26	1	1	27	0.0204082	49	0.478261	FALSE	NA	NA	NA	NA	NA	NA
NC_045512.2	17244	A	C	43	4	26	2	2	26	0.0408163	49	0.231417	FALSE	NA	NA	NA	NA	NA	NA
NC_045512.2	17245	C	T	43	4	26	2	2	24	0.0408163	49	0.231417	FALSE	NA	NA	NA	NA	NA	NA
NC_045512.2	17245	C	G	43	4	26	2	2	26	0.0408163	49	0.231417	FALSE	NA	NA	NA	NA	NA	NA
NC_045512.2	17245	C	A	43	4	26	2	2	27	0.0408163	49	0.231417	FALSE	NA	NA	NA	NA	NA	NA
NC_045512.2	17246	G	T	43	4	26	3	3	24	0.0612245	49	0.113246	FALSE	NA	NA	NA	NA	NA	NA
NC_045512.2	17246	G	C	43	4	26	1	1	27	0.0204082	49	0.478261	FALSE	NA	NA	NA	NA	NA	NA
NC_045512.2	17246	G	A	43	4	26	2	2	23	0.0408163	49	0.231417	FALSE	NA	NA	NA	NA	NA	NA
NC_045512.2	17247	T	G	45	6	26	1	1	26	0.0208333	48	0.494624	FALSE	NA	NA	NA	NA	NA	NA
NC_045512.2	17247	T	A	45	6	26	2	2	27	0.0416667	48	0.247312	FALSE	NA	NA	NA	NA	NA	NA
NC_045512.2	17248	G	T	44	5	27	2	2	28	0.0408163	49	0.236788	FALSE	NA	NA	NA	NA	NA	NA
NC_045512.2	17248	G	C	44	5	27	3	3	27	0.0612245	49	0.117148	FALSE	NA	NA	NA	NA	NA	NA
NC_045512.2	17249	C	T	44	5	27	2	2	25	0.0408163	49	0.236788	FALSE	NA	NA	NA	NA	NA	NA
NC_045512.2	17249	C	G	44	5	27	2	2	25	0.0408163	49	0.236788	FALSE	NA	NA	NA	NA	NA	NA
NC_045512.2	17249	C	A	44	5	27	1	1	21	0.0204082	49	0.483871	FALSE	NA	NA	NA	NA	NA	NA
NC_045512.2	17250	T	C	44	5	27	4	4	25	0.08	50	0.0561584	FALSE	NA	NA	NA	NA	NA	NA
NC_045512.2	17250	T	A	44	5	27	2	2	28	0.04	50	0.231803	FALSE	NA	NA	NA	NA	NA	NA
NC_045512.2	17251	C	T	46	7	27	2	2	29	0.0392157	51	0.237324	FALSE	NA	NA	NA	NA	NA	NA
NC_045512.2	17251	C	A	46	7	27	3	3	25	0.0588235	51	0.117463	FALSE	NA	NA	NA	NA	NA	NA
NC_045512.2	17252	G	T	43	4	27	5	5	25	0.0980392	51	0.025214	FALSE	NA	NA	NA	NA	NA	NA
NC_045512.2	17252	G	C	43	4	27	3	3	28	0.0588235	51	0.106243	FALSE	NA	NA	NA	NA	NA	NA
NC_045512.2	17253	T	G	45	6	27	2	2	25	0.0392157	51	0.232174	FALSE	NA	NA	NA	NA	NA	NA
NC_045512.2	17253	T	C	45	6	27	2	2	27	0.0392157	51	0.232174	FALSE	NA	NA	NA	NA	NA	NA
NC_045512.2	17253	T	A	45	6	27	2	2	27	0.0392157	51	0.232174	FALSE	NA	NA	NA	NA	NA	NA
NC_045512.2	17254	G	T	75	5	27	4	4	26	0.05	80	0.0601192	FALSE	NA	NA	NA	NA	NA	NA
NC_045512.2	17254	G	A	75	5	27	1	1	29	0.0125	80	0.490323	FALSE	NA	NA	NA	NA	NA	NA
NC_045512.2	17255	T	G	76	6	27	1	1	24	0.0121951	82	0.487342	FALSE	NA	NA	NA	NA	NA	NA
NC_045512.2	17255	T	C	76	6	27	2	2	23	0.0243902	82	0.239073	FALSE	NA	NA	NA	NA	NA	NA
NC_045512.2	17255	T	A	76	6	27	3	3	27	0.0365854	82	0.118042	FALSE	NA	NA	NA	NA	NA	NA
NC_045512.2	17256	A	T	76	5	28	1	1	24	0.0121951	82	0.487342	FALSE	NA	NA	NA	NA	NA	NA
NC_045512.2	17256	A	G	76	5	28	4	4	25	0.0487805	82	0.0586546	FALSE	NA	NA	NA	NA	NA	NA
NC_045512.2	17256	A	C	76	5	28	1	1	26	0.0121951	82	0.487342	FALSE	NA	NA	NA	NA	NA	NA
NC_045512.2	17257	G	T	75	4	28	2	2	27	0.0243902	82	0.235911	FALSE	NA	NA	NA	NA	NA	NA
NC_045512.2	17257	G	C	75	4	28	3	3	24	0.0365854	82	0.11573	FALSE	NA	NA	NA	NA	NA	NA
NC_045512.2	17257	G	A	75	4	28	2	2	27	0.0243902	82	0.235911	FALSE	NA	NA	NA	NA	NA	NA
NC_045512.2	17258	A	T	76	5	28	3	3	27	0.0361446	83	0.115843	FALSE	NA	NA	NA	NA	NA	NA
NC_045512.2	17258	A	G	76	5	28	3	3	24	0.0361446	83	0.115843	FALSE	NA	NA	NA	NA	NA	NA
NC_045512.2	17258	A	C	76	5	28	1	1	23	0.0120482	83	0.484277	FALSE	NA	NA	NA	NA	NA	NA
NC_045512.2	17259	G	C	78	7	27	3	3	27	0.0361446	83	0.120413	FALSE	NA	NA	NA	NA	NA	NA
NC_045512.2	17259	G	A	78	7	27	2	2	24	0.0240964	83	0.242313	FALSE	NA	NA	NA	NA	NA	NA
NC_045512.2	17260	T	C	77	7	27	1	1	28	0.0123457	81	0.493671	FALSE	NA	NA	NA	NA	NA	NA
NC_045512.2	17260	T	A	77	7	27	3	3	25	0.037037	81	0.122642	FALSE	NA	NA	NA	NA	NA	NA
NC_045512.2	17261	G	T	75	5	26	4	4	26	0.0487805	82	0.0571416	FALSE	NA	NA	NA	NA	NA	NA
NC_045512.2	17261	G	C	75	5	26	1	1	26	0.0121951	82	0.484076	FALSE	NA	NA	NA	NA	NA	NA
NC_045512.2	17261	G	A	75	5	26	2	2	27	0.0243902	82	0.235911	FALSE	NA	NA	NA	NA	NA	NA
NC_045512.2	17261	G	+T	75	5	26	1	0	20	0.0121951	82	0.484076	FALSE	NA	NA	NA	NA	NA	NA
NC_045512.2	17262	T	G	70	4	27	3	3	28	0.0405405	74	0.122414	FALSE	NA	NA	NA	NA	NA	NA
NC_045512.2	17262	T	A	70	4	27	1	1	22	0.0135135	74	0.493056	FALSE	NA	NA	NA	NA	NA	NA
NC_045512.2	17263	T	G	74	7	27	2	2	26	0.025641	78	0.245098	FALSE	NA	NA	NA	NA	NA	NA
NC_045512.2	17263	T	C	74	7	27	1	1	28	0.0128205	78	0.493421	FALSE	NA	NA	NA	NA	NA	NA
NC_045512.2	17263	T	A	74	7	27	1	1	27	0.0128205	78	0.493421	FALSE	NA	NA	NA	NA	NA	NA
NC_045512.2	17264	T	G	125	8	27	1	1	27	0.00775194	129	0.747036	FALSE	NA	NA	NA	NA	NA	NA
NC_045512.2	17264	T	C	125	8	27	1	1	21	0.00775194	129	0.747036	FALSE	NA	NA	NA	NA	NA	NA
NC_045512.2	17264	T	A	125	8	27	2	2	27	0.0155039	129	0.497047	FALSE	NA	NA	NA	NA	NA	NA
NC_045512.2	17265	T	G	75	7	22	2	2	24	0.025	80	0.242018	FALSE	NA	NA	NA	NA	NA	NA
NC_045512.2	17265	T	C	75	7	22	1	1	27	0.0125	80	0.490323	FALSE	NA	NA	NA	NA	NA	NA
NC_045512.2	17265	T	A	75	7	22	2	2	28	0.025	80	0.242018	FALSE	NA	NA	NA	NA	NA	NA
NC_045512.2	17266	G	T	122	6	26	2	2	27	0.015625	128	0.491	FALSE	NA	NA	NA	NA	NA	NA
NC_045512.2	17266	G	C	122	6	26	1	1	21	0.0078125	128	0.74294	FALSE	NA	NA	NA	NA	NA	NA
NC_045512.2	17266	G	A	122	6	26	3	3	28	0.0234375	128	0.305045	FALSE	NA	NA	NA	NA	NA	NA
NC_045512.2	17267	A	T	123	7	27	2	2	28	0.015625	128	0.494024	FALSE	NA	NA	NA	NA	NA	NA
NC_045512.2	17267	A	G	123	7	27	2	2	27	0.015625	128	0.494024	FALSE	NA	NA	NA	NA	NA	NA
NC_045512.2	17267	A	C	123	7	27	1	1	20	0.0078125	128	0.744988	FALSE	NA	NA	NA	NA	NA	NA
NC_045512.2	17268	T	G	122	7	27	1	1	27	0.00787402	127	0.744948	FALSE	NA	NA	NA	NA	NA	NA
NC_045512.2	17268	T	C	122	7	27	3	3	24	0.023622	127	0.307997	FALSE	NA	NA	NA	NA	NA	NA
NC_045512.2	17268	T	A	122	7	27	1	1	28	0.00787402	127	0.744948	FALSE	NA	NA	NA	NA	NA	NA
NC_045512.2	17268	T	+A	122	7	27	1	0	20	0.00787402	127	0.744948	FALSE	NA	NA	NA	NA	NA	NA
NC_045512.2	17269	A	T	122	7	27	2	2	24	0.015748	127	0.493976	FALSE	NA	NA	NA	NA	NA	NA
NC_045512.2	17269	A	G	122	7	27	2	2	27	0.015748	127	0.493976	FALSE	NA	NA	NA	NA	NA	NA
NC_045512.2	17269	A	C	122	7	27	1	1	27	0.00787402	127	0.744948	FALSE	NA	NA	NA	NA	NA	NA
NC_045512.2	17270	A	T	122	8	28	1	1	28	0.00787402	127	0.744948	FALSE	NA	NA	NA	NA	NA	NA
NC_045512.2	17270	A	G	122	8	28	3	2	27	0.023622	127	0.307997	FALSE	NA	NA	NA	NA	NA	NA
NC_045512.2	17270	A	C	122	8	28	1	1	29	0.00787402	127	0.744948	FALSE	NA	NA	NA	NA	NA	NA
NC_045512.2	17271	A	T	111	8	22	2	2	26	0.0173913	115	0.496681	FALSE	NA	NA	NA	NA	NA	NA
NC_045512.2	17271	A	C	111	8	22	2	2	26	0.0173913	115	0.496681	FALSE	NA	NA	NA	NA	NA	NA
NC_045512.2	17272	T	G	123	8	27	1	1	27	0.00793651	126	0.748996	FALSE	NA	NA	NA	NA	NA	NA
NC_045512.2	17272	T	A	123	8	27	2	2	26	0.015873	126	0.5	FALSE	NA	NA	NA	NA	NA	NA
NC_045512.2	17273	T	C	118	8	23	1	1	25	0.00819672	122	0.746862	FALSE	NA	NA	NA	NA	NA	NA
NC_045512.2	17273	T	A	118	8	23	3	3	27	0.0245902	122	0.310934	FALSE	NA	NA	NA	NA	NA	NA
NC_045512.2	17274	C	T	119	6	26	1	1	27	0.00793651	126	0.740716	FALSE	NA	NA	NA	NA	NA	NA
NC_045512.2	17274	C	G	119	6	26	3	3	26	0.0238095	126	0.301876	FALSE	NA	NA	NA	NA	NA	NA
NC_045512.2	17274	C	A	119	6	26	3	2	28	0.0238095	126	0.301876	FALSE	NA	NA	NA	NA	NA	NA
NC_045512.2	17275	A	T	120	7	27	4	3	27	0.032	125	0.184954	FALSE	NA	NA	NA	NA	NA	NA
NC_045512.2	17275	A	G	120	7	27	1	1	27	0.008	125	0.744865	FALSE	NA	NA	NA	NA	NA	NA
NC_045512.2	17276	A	T	119	5	28	3	3	27	0.0238095	126	0.301876	FALSE	NA	NA	NA	NA	NA	NA
NC_045512.2	17276	A	G	119	5	28	4	4	23	0.031746	126	0.179955	FALSE	NA	NA	NA	NA	NA	NA
NC_045512.2	17277	A	G	98	6	22	2	2	27	0.0194175	103	0.492537	FALSE	NA	NA	NA	NA	NA	NA
NC_045512.2	17277	A	C	98	6	22	3	3	26	0.0291262	103	0.306926	FALSE	NA	NA	NA	NA	NA	NA
NC_045512.2	17278	G	T	120	6	27	3	3	24	0.0238095	126	0.304924	FALSE	NA	NA	NA	NA	NA	NA
NC_045512.2	17278	G	C	120	6	27	1	1	29	0.00793651	126	0.742824	FALSE	NA	NA	NA	NA	NA	NA
NC_045512.2	17278	G	A	120	6	27	2	2	25	0.015873	126	0.490854	FALSE	NA	NA	NA	NA	NA	NA
NC_045512.2	17279	T	G	122	7	27	2	2	23	0.015748	127	0.493976	FALSE	NA	NA	NA	NA	NA	NA
NC_045512.2	17279	T	C	122	7	27	1	1	28	0.00787402	127	0.744948	FALSE	NA	NA	NA	NA	NA	NA
NC_045512.2	17279	T	A	122	7	27	2	2	24	0.015748	127	0.493976	FALSE	NA	NA	NA	NA	NA	NA
NC_045512.2	17280	G	A	125	10	27	1	1	25	0.00793651	126	0.752988	FALSE	NA	NA	NA	NA	NA	NA
NC_045512.2	17281	A	T	120	5	27	2	2	29	0.016	125	0.493878	FALSE	NA	NA	NA	NA	NA	NA
NC_045512.2	17281	A	C	120	5	27	3	3	26	0.024	125	0.307924	FALSE	NA	NA	NA	NA	NA	NA
NC_045512.2	17282	A	T	119	8	23	1	1	26	0.00813008	123	0.746888	FALSE	NA	NA	NA	NA	NA	NA
NC_045512.2	17282	A	G	119	8	23	3	3	24	0.0243902	123	0.310947	FALSE	NA	NA	NA	NA	NA	NA
NC_045512.2	17283	T	G	121	7	27	1	1	23	0.00793651	126	0.744906	FALSE	NA	NA	NA	NA	NA	NA
NC_045512.2	17283	T	C	121	7	27	4	3	27	0.031746	126	0.184975	FALSE	NA	NA	NA	NA	NA	NA
NC_045512.2	17284	T	G	118	7	23	1	1	28	0.00813008	123	0.744779	FALSE	NA	NA	NA	NA	NA	NA
NC_045512.2	17284	T	C	118	7	23	1	1	24	0.00813008	123	0.744779	FALSE	NA	NA	NA	NA	NA	NA
NC_045512.2	17284	T	A	118	7	23	3	3	26	0.0243902	123	0.307848	FALSE	NA	NA	NA	NA	NA	NA
NC_045512.2	17285	C	T	120	6	27	2	2	27	0.015873	126	0.490854	FALSE	NA	NA	NA	NA	NA	NA
NC_045512.2	17285	C	G	120	6	27	1	1	27	0.00793651	126	0.742824	FALSE	NA	NA	NA	NA	NA	NA
NC_045512.2	17285	C	A	120	6	27	3	3	24	0.0238095	126	0.304924	FALSE	NA	NA	NA	NA	NA	NA
NC_045512.2	17286	A	T	120	7	27	3	3	25	0.024	125	0.307924	FALSE	NA	NA	NA	NA	NA	NA
NC_045512.2	17286	A	G	120	7	27	2	1	25	0.016	125	0.493878	FALSE	NA	NA	NA	NA	NA	NA
NC_045512.2	17287	A	T	115	6	23	3	3	28	0.025	120	0.30773	FALSE	NA	NA	NA	NA	NA	NA
NC_045512.2	17287	A	G	115	6	23	1	1	27	0.00833333	120	0.744644	FALSE	NA	NA	NA	NA	NA	NA
NC_045512.2	17287	A	C	115	6	23	1	1	23	0.00833333	120	0.744644	FALSE	NA	NA	NA	NA	NA	NA
NC_045512.2	17288	C	T	119	5	27	2	2	25	0.015873	126	0.487756	FALSE	NA	NA	NA	NA	NA	NA
NC_045512.2	17288	C	G	119	5	27	1	1	27	0.00793651	126	0.740716	FALSE	NA	NA	NA	NA	NA	NA
NC_045512.2	17288	C	A	119	5	27	4	4	26	0.031746	126	0.179955	FALSE	NA	NA	NA	NA	NA	NA
NC_045512.2	17289	A	T	121	7	27	2	2	28	0.015873	126	0.493927	FALSE	NA	NA	NA	NA	NA	NA
NC_045512.2	17289	A	G	121	7	27	1	1	23	0.00793651	126	0.744906	FALSE	NA	NA	NA	NA	NA	NA
NC_045512.2	17289	A	C	121	7	27	2	2	24	0.015873	126	0.493927	FALSE	NA	NA	NA	NA	NA	NA
NC_045512.2	17290	T	G	119	5	27	1	1	26	0.008	125	0.742765	FALSE	NA	NA	NA	NA	NA	NA
NC_045512.2	17290	T	C	119	5	27	1	1	26	0.008	125	0.742765	FALSE	NA	NA	NA	NA	NA	NA
NC_045512.2	17290	T	A	119	5	27	4	4	25	0.032	125	0.182424	FALSE	NA	NA	NA	NA	NA	NA
NC_045512.2	17291	T	G	111	7	23	1	1	27	0.00877193	114	0.748889	FALSE	NA	NA	NA	NA	NA	NA
NC_045512.2	17291	T	C	111	7	23	1	1	22	0.00877193	114	0.748889	FALSE	NA	NA	NA	NA	NA	NA
NC_045512.2	17291	T	A	111	7	23	1	1	27	0.00877193	114	0.748889	FALSE	NA	NA	NA	NA	NA	NA
NC_045512.2	17292	A	T	116	5	27	3	3	25	0.0245902	122	0.304671	FALSE	NA	NA	NA	NA	NA	NA
NC_045512.2	17292	A	G	116	5	27	1	1	28	0.00819672	122	0.742581	FALSE	NA	NA	NA	NA	NA	NA
NC_045512.2	17292	A	C	116	5	27	2	2	27	0.0163934	122	0.490546	FALSE	NA	NA	NA	NA	NA	NA
NC_045512.2	17293	G	T	115	4	27	5	5	26	0.0413223	121	0.106421	FALSE	NA	NA	NA	NA	NA	NA
NC_045512.2	17293	G	A	115	4	27	1	1	23	0.00826446	121	0.742517	FALSE	NA	NA	NA	NA	NA	NA
NC_045512.2	17294	A	T	113	4	27	1	1	28	0.00840336	119	0.742387	FALSE	NA	NA	NA	NA	NA	NA
NC_045512.2	17294	A	G	113	4	27	5	4	25	0.0420168	119	0.10637	FALSE	NA	NA	NA	NA	NA	NA
NC_045512.2	17295	A	T	103	5	23	3	3	24	0.0272727	110	0.300296	FALSE	NA	NA	NA	NA	NA	NA
NC_045512.2	17295	A	G	103	5	23	2	1	27	0.0181818	110	0.485917	FALSE	NA	NA	NA	NA	NA	NA
NC_045512.2	17295	A	C	103	5	23	2	2	24	0.0181818	110	0.485917	FALSE	NA	NA	NA	NA	NA	NA
NC_045512.2	17296	C	T	115	5	26	4	4	24	0.0327869	122	0.179704	FALSE	NA	NA	NA	NA	NA	NA
NC_045512.2	17296	C	G	115	5	26	1	1	26	0.00819672	122	0.740399	FALSE	NA	NA	NA	NA	NA	NA
NC_045512.2	17296	C	A	115	5	26	2	2	27	0.0163934	122	0.487343	FALSE	NA	NA	NA	NA	NA	NA
NC_045512.2	17297	A	T	114	5	27	2	2	28	0.0165289	121	0.487235	FALSE	NA	NA	NA	NA	NA	NA
NC_045512.2	17297	A	G	114	5	27	3	3	25	0.0247934	121	0.301428	FALSE	NA	NA	NA	NA	NA	NA
NC_045512.2	17297	A	C	114	5	27	2	2	23	0.0165289	121	0.487235	FALSE	NA	NA	NA	NA	NA	NA
NC_045512.2	17298	G	T	115	6	27	1	1	27	0.00826446	121	0.742517	FALSE	NA	NA	NA	NA	NA	NA
NC_045512.2	17298	G	C	115	6	27	2	2	26	0.0165289	121	0.490466	FALSE	NA	NA	NA	NA	NA	NA
NC_045512.2	17298	G	A	115	6	27	3	3	27	0.0247934	121	0.304605	FALSE	NA	NA	NA	NA	NA	NA
NC_045512.2	17299	T	G	117	8	27	1	1	24	0.00826446	121	0.746835	FALSE	NA	NA	NA	NA	NA	NA
NC_045512.2	17299	T	C	117	8	27	1	1	27	0.00826446	121	0.746835	FALSE	NA	NA	NA	NA	NA	NA
NC_045512.2	17299	T	A	117	8	27	2	2	27	0.0165289	121	0.496849	FALSE	NA	NA	NA	NA	NA	NA
NC_045512.2	17300	A	T	115	6	27	3	3	26	0.025	120	0.30773	FALSE	NA	NA	NA	NA	NA	NA
NC_045512.2	17300	A	G	115	6	27	2	2	24	0.0166667	120	0.493617	FALSE	NA	NA	NA	NA	NA	NA
NC_045512.2	17301	T	G	116	7	26	1	1	28	0.00826446	121	0.74469	FALSE	NA	NA	NA	NA	NA	NA
NC_045512.2	17301	T	C	116	7	26	2	2	22	0.0165289	121	0.493671	FALSE	NA	NA	NA	NA	NA	NA
NC_045512.2	17301	T	A	116	7	26	2	2	25	0.0165289	121	0.493671	FALSE	NA	NA	NA	NA	NA	NA
NC_045512.2	17302	G	T	113	4	26	3	3	24	0.0247934	121	0.298239	FALSE	NA	NA	NA	NA	NA	NA
NC_045512.2	17302	G	C	113	4	26	1	1	27	0.00826446	121	0.738087	FALSE	NA	NA	NA	NA	NA	NA
NC_045512.2	17302	G	A	113	4	26	4	4	27	0.0330579	121	0.177026	FALSE	NA	NA	NA	NA	NA	NA
NC_045512.2	17303	T	G	115	6	26	1	1	28	0.00826446	121	0.742517	FALSE	NA	NA	NA	NA	NA	NA
NC_045512.2	17303	T	C	115	6	26	2	2	24	0.0165289	121	0.490466	FALSE	NA	NA	NA	NA	NA	NA
NC_045512.2	17303	T	A	115	6	26	3	3	26	0.0247934	121	0.304605	FALSE	NA	NA	NA	NA	NA	NA
NC_045512.2	17304	C	T	113	4	26	2	2	25	0.0165289	121	0.483976	FALSE	NA	NA	NA	NA	NA	NA
NC_045512.2	17304	C	G	113	4	26	3	3	25	0.0247934	121	0.298239	FALSE	NA	NA	NA	NA	NA	NA
NC_045512.2	17304	C	A	113	4	26	3	3	26	0.0247934	121	0.298239	FALSE	NA	NA	NA	NA	NA	NA
NC_045512.2	17304	C	-T	113	4	26	2	0	20	0.0165289	121	0.483976	FALSE	NA	NA	NA	NA	NA	NA
NC_045512.2	17304	C	+T	113	4	26	2	0	20	0.0165289	121	0.483976	FALSE	NA	NA	NA	NA	NA	NA
NC_045512.2	17305	T	C	106	7	26	1	0	21	0.00892857	112	0.737318	FALSE	NA	NA	NA	NA	NA	NA
NC_045512.2	17305	T	A	106	7	26	5	5	27	0.0446429	112	0.102118	FALSE	NA	NA	NA	NA	NA	NA
NC_045512.2	17306	T	G	109	7	27	2	2	27	0.0175439	114	0.493274	FALSE	NA	NA	NA	NA	NA	NA
NC_045512.2	17306	T	C	109	7	27	1	1	23	0.00877193	114	0.744354	FALSE	NA	NA	NA	NA	NA	NA
NC_045512.2	17306	T	A	109	7	27	2	2	26	0.0175439	114	0.493274	FALSE	NA	NA	NA	NA	NA	NA
NC_045512.2	17307	T	G	109	7	27	1	1	24	0.00884956	113	0.746606	FALSE	NA	NA	NA	NA	NA	NA
NC_045512.2	17307	T	A	109	7	27	3	3	24	0.0265487	113	0.310807	FALSE	NA	NA	NA	NA	NA	NA
NC_045512.2	17308	T	G	53	5	22	2	2	27	0.0333333	60	0.230554	FALSE	NA	NA	NA	NA	NA	NA
NC_045512.2	17308	T	A	53	5	22	5	5	28	0.0833333	60	0.0273478	FALSE	NA	NA	NA	NA	NA	NA
NC_045512.2	17309	G	T	108	6	26	2	2	29	0.0175439	114	0.489865	FALSE	NA	NA	NA	NA	NA	NA
NC_045512.2	17309	G	A	108	6	26	4	4	26	0.0350877	114	0.181926	FALSE	NA	NA	NA	NA	NA	NA
NC_045512.2	17310	T	G	108	6	27	2	2	28	0.0175439	114	0.489865	FALSE	NA	NA	NA	NA	NA	NA
NC_045512.2	17310	T	A	108	6	27	4	4	25	0.0350877	114	0.181926	FALSE	NA	NA	NA	NA	NA	NA
NC_045512.2	17311	A	T	105	4	27	4	4	27	0.0353982	113	0.176273	FALSE	NA	NA	NA	NA	NA	NA
NC_045512.2	17311	A	G	105	4	27	4	4	24	0.0353982	113	0.176273	FALSE	NA	NA	NA	NA	NA	NA
NC_045512.2	17312	C	T	105	5	27	3	3	28	0.0272727	110	0.307288	FALSE	NA	NA	NA	NA	NA	NA
NC_045512.2	17312	C	G	105	5	27	1	1	28	0.00909091	110	0.744143	FALSE	NA	NA	NA	NA	NA	NA
NC_045512.2	17312	C	A	105	5	27	1	1	28	0.00909091	110	0.744143	FALSE	NA	NA	NA	NA	NA	NA
NC_045512.2	17313	T	G	101	4	27	1	1	28	0.00917431	109	0.736705	FALSE	NA	NA	NA	NA	NA	NA
NC_045512.2	17313	T	C	101	4	27	2	1	25	0.0183486	109	0.482146	FALSE	NA	NA	NA	NA	NA	NA
NC_045512.2	17313	T	A	101	4	27	5	5	26	0.0458716	109	0.101782	FALSE	NA	NA	NA	NA	NA	NA
NC_045512.2	17314	G	T	106	7	27	1	1	28	0.00909091	110	0.746512	FALSE	NA	NA	NA	NA	NA	NA
NC_045512.2	17314	G	A	106	7	27	3	3	25	0.0272727	110	0.31076	FALSE	NA	NA	NA	NA	NA	NA
NC_045512.2	17315	T	G	101	6	27	1	1	27	0.00934579	107	0.741499	FALSE	NA	NA	NA	NA	NA	NA
NC_045512.2	17315	T	C	101	6	27	1	0	27	0.00934579	107	0.741499	FALSE	NA	NA	NA	NA	NA	NA
NC_045512.2	17315	T	A	101	6	27	4	4	26	0.0373832	107	0.181555	FALSE	NA	NA	NA	NA	NA	NA
NC_045512.2	17316	A	T	100	6	27	1	1	27	0.00934579	107	0.73899	FALSE	NA	NA	NA	NA	NA	NA
NC_045512.2	17316	A	G	100	6	27	4	2	26	0.0373832	107	0.178594	FALSE	NA	NA	NA	NA	NA	NA
NC_045512.2	17316	A	C	100	6	27	2	2	26	0.0186916	107	0.485509	FALSE	NA	NA	NA	NA	NA	NA
NC_045512.2	17317	A	T	103	7	28	2	2	25	0.0188679	106	0.5	FALSE	NA	NA	NA	NA	NA	NA
NC_045512.2	17317	A	C	103	7	28	1	1	28	0.00943396	106	0.748804	FALSE	NA	NA	NA	NA	NA	NA
NC_045512.2	17318	A	T	83	6	22	3	3	24	0.0344828	87	0.122807	FALSE	NA	NA	NA	NA	NA	NA
NC_045512.2	17318	A	G	83	6	22	1	1	28	0.0114943	87	0.494118	FALSE	NA	NA	NA	NA	NA	NA
NC_045512.2	17319	T	A	103	7	26	3	3	26	0.0283019	106	0.314282	FALSE	NA	NA	NA	NA	NA	NA
NC_045512.2	17320	G	T	100	4	26	2	2	27	0.0188679	106	0.489078	FALSE	NA	NA	NA	NA	NA	NA
NC_045512.2	17320	G	C	100	4	26	1	1	28	0.00943396	106	0.741416	FALSE	NA	NA	NA	NA	NA	NA
NC_045512.2	17320	G	A	100	4	26	3	3	25	0.0283019	106	0.303464	FALSE	NA	NA	NA	NA	NA	NA
NC_045512.2	17321	C	T	100	4	26	1	1	24	0.00943396	106	0.741416	FALSE	NA	NA	NA	NA	NA	NA
NC_045512.2	17321	C	G	100	4	26	1	1	30	0.00943396	106	0.490291	FALSE	NA	NA	NA	NA	NA	NA
NC_045512.2	17321	C	A	100	4	26	4	4	27	0.0377358	106	0.181498	FALSE	NA	NA	NA	NA	NA	NA
NC_045512.2	17322	A	T	102	6	27	3	3	26	0.0283019	106	0.310693	FALSE	NA	NA	NA	NA	NA	NA
NC_045512.2	17322	A	C	102	6	27	1	1	20	0.00943396	106	0.746377	FALSE	NA	NA	NA	NA	NA	NA
NC_045512.2	17323	T	C	100	4	27	2	2	26	0.0190476	105	0.492683	FALSE	NA	NA	NA	NA	NA	NA
NC_045512.2	17323	T	A	100	4	27	3	3	28	0.0285714	105	0.307034	FALSE	NA	NA	NA	NA	NA	NA
NC_045512.2	17324	T	C	80	6	23	2	2	25	0.0238095	84	0.245455	FALSE	NA	NA	NA	NA	NA	NA
NC_045512.2	17324	T	A	80	6	23	2	2	25	0.0238095	84	0.245455	FALSE	NA	NA	NA	NA	NA	NA
NC_045512.2	17325	G	C	102	6	25	1	1	27	0.00943396	106	0.746377	FALSE	NA	NA	NA	NA	NA	NA
NC_045512.2	17325	G	A	102	6	25	3	3	27	0.0283019	106	0.310693	FALSE	NA	NA	NA	NA	NA	NA
NC_045512.2	17326	C	T	99	4	26	1	1	27	0.00980392	102	0.748756	FALSE	NA	NA	NA	NA	NA	NA
NC_045512.2	17326	C	G	99	4	26	1	1	27	0.00980392	102	0.748756	FALSE	NA	NA	NA	NA	NA	NA
NC_045512.2	17326	C	A	99	4	26	1	1	22	0.00980392	102	0.748756	FALSE	NA	NA	NA	NA	NA	NA
NC_045512.2	17327	C	T	89	4	22	2	2	25	0.0210526	95	0.240599	FALSE	NA	NA	NA	NA	NA	NA
NC_045512.2	17327	C	G	89	4	22	1	1	27	0.0105263	95	0.48913	FALSE	NA	NA	NA	NA	NA	NA
NC_045512.2	17327	C	A	89	4	22	3	3	28	0.0315789	95	0.119006	FALSE	NA	NA	NA	NA	NA	NA
NC_045512.2	17328	T	C	101	6	26	3	3	28	0.0285714	105	0.310675	FALSE	NA	NA	NA	NA	NA	NA
NC_045512.2	17328	T	A	101	6	26	1	1	24	0.00952381	105	0.746341	FALSE	NA	NA	NA	NA	NA	NA
NC_045512.2	17329	G	T	100	5	26	2	2	26	0.0190476	105	0.492683	FALSE	NA	NA	NA	NA	NA	NA
NC_045512.2	17329	G	A	100	5	26	3	3	25	0.0285714	105	0.307034	FALSE	NA	NA	NA	NA	NA	NA
NC_045512.2	17330	A	T	90	3	26	1	1	27	0.0108696	92	0.5	FALSE	NA	NA	NA	NA	NA	NA
NC_045512.2	17330	A	G	90	3	26	1	1	27	0.0108696	92	0.5	FALSE	NA	NA	NA	NA	NA	NA
NC_045512.2	17331	G	T	91	4	26	1	1	27	0.0108696	92	0.502732	FALSE	NA	NA	NA	NA	NA	NA
NC_045512.2	17332	A	C	90	4	27	1	1	20	0.010989	91	0.502762	FALSE	NA	NA	NA	NA	NA	NA
NC_045512.2	17333	C	T	89	2	27	2	2	23	0.0217391	92	0.248619	FALSE	NA	NA	NA	NA	NA	NA
NC_045512.2	17333	C	A	89	2	27	1	1	26	0.0108696	92	0.497238	FALSE	NA	NA	NA	NA	NA	NA
NC_045512.2	17334	G	C	89	3	25	2	2	25	0.021978	91	0.251381	FALSE	NA	NA	NA	NA	NA	NA
NC_045512.2	17334	G	-A	89	3	25	1	0	20	0.010989	91	0.5	FALSE	NA	NA	NA	NA	NA	NA
NC_045512.2	17335	A	T	88	3	25	1	1	27	0.0111111	90	0.497207	FALSE	NA	NA	NA	NA	NA	NA
NC_045512.2	17335	A	G	88	3	25	1	1	26	0.0111111	90	0.497207	FALSE	NA	NA	NA	NA	NA	NA
NC_045512.2	17336	C	T	89	3	25	1	1	24	0.010989	91	0.5	FALSE	NA	NA	NA	NA	NA	NA
NC_045512.2	17336	C	G	89	3	25	1	1	27	0.010989	91	0.5	FALSE	NA	NA	NA	NA	NA	NA
NC_045512.2	17336	C	-A	89	3	25	1	0	20	0.010989	91	0.5	FALSE	NA	NA	NA	NA	NA	NA
NC_045512.2	17337	A	T	89	2	27	1	1	27	0.010989	91	0.5	FALSE	NA	NA	NA	NA	NA	NA
NC_045512.2	17337	A	G	89	2	27	1	1	20	0.010989	91	0.5	FALSE	NA	NA	NA	NA	NA	NA
NC_045512.2	17338	G	T	89	2	27	1	1	22	0.010989	91	0.5	FALSE	NA	NA	NA	NA	NA	NA
NC_045512.2	17338	G	A	89	2	27	1	1	28	0.010989	91	0.5	FALSE	NA	NA	NA	NA	NA	NA
NC_045512.2	17339	C	T	89	2	27	2	2	26	0.0217391	92	0.248619	FALSE	NA	NA	NA	NA	NA	NA
NC_045512.2	17339	C	A	89	2	27	1	1	22	0.0108696	92	0.497238	FALSE	NA	NA	NA	NA	NA	NA
NC_045512.2	17340	A	T	89	2	27	1	1	25	0.0108696	92	0.497238	FALSE	NA	NA	NA	NA	NA	NA
NC_045512.2	17340	A	G	89	2	27	2	2	25	0.0217391	92	0.248619	FALSE	NA	NA	NA	NA	NA	NA
NC_045512.2	17341	G	T	89	3	27	1	1	27	0.010989	91	0.5	FALSE	NA	NA	NA	NA	NA	NA
NC_045512.2	17341	G	A	89	3	27	1	1	26	0.010989	91	0.5	FALSE	NA	NA	NA	NA	NA	NA
NC_045512.2	17342	A	T	85	2	27	1	1	27	0.0116279	86	0.502924	FALSE	NA	NA	NA	NA	NA	NA
NC_045512.2	17343	T	A	85	2	27	1	1	27	0.0116279	86	0.502924	FALSE	NA	NA	NA	NA	NA	NA
NC_045512.2	17344	A	G	84	2	27	2	2	25	0.0229885	87	0.248538	FALSE	NA	NA	NA	NA	NA	NA
NC_045512.2	17344	A	C	84	2	27	1	1	28	0.0114943	87	0.497076	FALSE	NA	NA	NA	NA	NA	NA
NC_045512.2	17346	A	G	83	4	27	1	1	28	0.0119048	84	0.502994	FALSE	NA	NA	NA	NA	NA	NA
NC_045512.2	17347	G	T	79	5	27	1	1	29	0.0125	80	0.503145	FALSE	NA	NA	NA	NA	NA	NA
NC_045512.2	17348	T	A	77	3	27	3	3	26	0.0375	80	0.124985	FALSE	NA	NA	NA	NA	NA	NA
NC_045512.2	17349	T	G	51	2	22	2	2	26	0.0363636	55	0.242991	FALSE	NA	NA	NA	NA	NA	NA
NC_045512.2	17349	T	A	51	2	22	2	2	28	0.0363636	55	0.242991	FALSE	NA	NA	NA	NA	NA	NA
NC_045512.2	17349	T	+A	51	2	22	1	0	20	0.0181818	55	0.490566	FALSE	NA	NA	NA	NA	NA	NA
NC_045512.2	17350	G	T	77	3	25	2	2	25	0.025	80	0.248408	FALSE	NA	NA	NA	NA	NA	NA
NC_045512.2	17350	G	A	77	3	25	1	1	29	0.0125	80	0.496815	FALSE	NA	NA	NA	NA	NA	NA
NC_045512.2	17351	T	G	77	3	25	2	2	26	0.025	80	0.248408	FALSE	NA	NA	NA	NA	NA	NA
NC_045512.2	17351	T	A	77	3	25	1	1	26	0.0125	80	0.496815	FALSE	NA	NA	NA	NA	NA	NA
NC_045512.2	17352	C	T	73	2	26	1	1	20	0.0131579	76	0.496644	FALSE	NA	NA	NA	NA	NA	NA
NC_045512.2	17352	C	G	73	2	26	2	2	27	0.0263158	76	0.248322	FALSE	NA	NA	NA	NA	NA	NA
NC_045512.2	17352	C	-T	73	2	26	2	0	20	0.0263158	76	0.248322	FALSE	NA	NA	NA	NA	NA	NA
NC_045512.2	17353	T	C	74	5	26	1	1	27	0.0133333	75	0.496689	FALSE	NA	NA	NA	NA	NA	NA
NC_045512.2	17354	T	G	75	4	27	1	1	29	0.012987	77	0.5	FALSE	NA	NA	NA	NA	NA	NA
NC_045512.2	17354	T	A	75	4	27	1	1	27	0.012987	77	0.5	FALSE	NA	NA	NA	NA	NA	NA
NC_045512.2	17354	T	-T	75	4	27	1	0	20	0.012987	77	0.5	FALSE	NA	NA	NA	NA	NA	NA
NC_045512.2	17356	G	T	74	4	26	3	3	23	0.038961	77	0.124984	FALSE	NA	NA	NA	NA	NA	NA
NC_045512.2	17357	A	T	74	4	27	2	2	29	0.025974	77	0.248344	FALSE	NA	NA	NA	NA	NA	NA
NC_045512.2	17357	A	G	74	4	27	1	1	23	0.012987	77	0.496689	FALSE	NA	NA	NA	NA	NA	NA
NC_045512.2	17358	T	G	75	5	27	1	1	29	0.0131579	76	0.503311	FALSE	NA	NA	NA	NA	NA	NA
NC_045512.2	17359	G	C	72	3	27	1	1	23	0.0131579	76	0.493243	FALSE	NA	NA	NA	NA	NA	NA
NC_045512.2	17359	G	A	72	3	27	3	3	23	0.0394737	76	0.122483	FALSE	NA	NA	NA	NA	NA	NA
NC_045512.2	17360	A	T	74	5	27	2	2	25	0.0263158	76	0.251656	FALSE	NA	NA	NA	NA	NA	NA
NC_045512.2	17361	A	T	73	5	28	1	1	28	0.0133333	75	0.5	FALSE	NA	NA	NA	NA	NA	NA
NC_045512.2	17361	A	G	73	5	28	1	1	29	0.0133333	75	0.5	FALSE	NA	NA	NA	NA	NA	NA
NC_045512.2	17362	A	T	58	5	22	2	2	22	0.0333333	60	0.252101	FALSE	NA	NA	NA	NA	NA	NA
NC_045512.2	17363	T	G	66	4	27	1	1	29	0.0144928	69	0.496296	FALSE	NA	NA	NA	NA	NA	NA
NC_045512.2	17363	T	A	66	4	27	2	2	28	0.0289855	69	0.248148	FALSE	NA	NA	NA	NA	NA	NA
NC_045512.2	17364	T	C	63	3	28	2	2	26	0.0298507	67	0.244275	FALSE	NA	NA	NA	NA	NA	NA
NC_045512.2	17364	T	A	63	3	28	2	2	28	0.0298507	67	0.244275	FALSE	NA	NA	NA	NA	NA	NA
NC_045512.2	17365	T	C	54	4	22	1	1	28	0.0175439	57	0.495495	FALSE	NA	NA	NA	NA	NA	NA
NC_045512.2	17365	T	A	54	4	22	2	2	21	0.0350877	57	0.247748	FALSE	NA	NA	NA	NA	NA	NA
NC_045512.2	17366	C	T	62	3	27	1	1	28	0.0151515	66	0.492187	FALSE	NA	NA	NA	NA	NA	NA
NC_045512.2	17366	C	G	62	3	27	1	1	28	0.0151515	66	0.492187	FALSE	NA	NA	NA	NA	NA	NA
NC_045512.2	17366	C	A	62	3	27	2	2	30	0.030303	66	0.244186	FALSE	NA	NA	NA	NA	NA	NA
NC_045512.2	17367	A	C	64	5	27	1	1	28	0.0153846	65	0.503876	FALSE	NA	NA	NA	NA	NA	NA
NC_045512.2	17368	A	T	54	4	23	1	1	31	0.0172414	58	0.491071	FALSE	NA	NA	NA	NA	NA	NA
NC_045512.2	17368	A	G	54	4	23	2	2	27	0.0344828	58	0.243363	FALSE	NA	NA	NA	NA	NA	NA
NC_045512.2	17368	A	C	54	4	23	1	1	24	0.0172414	58	0.491071	FALSE	NA	NA	NA	NA	NA	NA
NC_045512.2	17369	T	G	61	4	27	1	1	25	0.0153846	65	0.492063	FALSE	NA	NA	NA	NA	NA	NA
NC_045512.2	17369	T	A	61	4	27	3	3	26	0.0461538	65	0.122047	FALSE	NA	NA	NA	NA	NA	NA
NC_045512.2	17370	G	A	95	15	27	2	2	26	0.0206186	97	0.251295	FALSE	NA	NA	NA	NA	NA	NA
NC_045512.2	17371	G	T	89	13	23	2	2	26	0.0212766	94	0.243229	FALSE	NA	NA	NA	NA	NA	NA
NC_045512.2	17371	G	C	89	13	23	1	1	29	0.0106383	94	0.491803	FALSE	NA	NA	NA	NA	NA	NA
NC_045512.2	17371	G	A	89	13	23	2	2	24	0.0212766	94	0.243229	FALSE	NA	NA	NA	NA	NA	NA
NC_045512.2	17372	C	T	86	8	27	1	1	27	0.010989	91	0.491525	FALSE	NA	NA	NA	NA	NA	NA
NC_045512.2	17372	C	G	86	8	27	1	1	28	0.010989	91	0.491525	FALSE	NA	NA	NA	NA	NA	NA
NC_045512.2	17372	C	A	86	8	27	3	3	29	0.032967	91	0.120822	FALSE	NA	NA	NA	NA	NA	NA
NC_045512.2	17373	C	T	84	12	23	2	2	22	0.0222222	90	0.240066	FALSE	NA	NA	NA	NA	NA	NA
NC_045512.2	17373	C	G	84	12	23	2	2	27	0.0222222	90	0.240066	FALSE	NA	NA	NA	NA	NA	NA
NC_045512.2	17373	C	A	84	12	23	2	2	23	0.0222222	90	0.240066	FALSE	NA	NA	NA	NA	NA	NA
NC_045512.2	17374	A	T	94	16	26	2	2	28	0.0208333	96	0.251309	FALSE	NA	NA	NA	NA	NA	NA
NC_045512.2	17375	C	T	87	14	26	2	2	24	0.0222222	90	0.248588	FALSE	NA	NA	NA	NA	NA	NA
NC_045512.2	17375	C	A	87	14	26	1	1	30	0.0111111	90	0.497175	FALSE	NA	NA	NA	NA	NA	NA
NC_045512.2	17375	C	-A	87	14	26	2	0	20	0.0222222	90	0.248588	FALSE	NA	NA	NA	NA	NA	NA
NC_045512.2	17376	A	T	75	5	27	3	3	25	0.0384615	78	0.122581	FALSE	NA	NA	NA	NA	NA	NA
NC_045512.2	17377	A	T	82	13	28	2	2	26	0.0232558	86	0.245562	FALSE	NA	NA	NA	NA	NA	NA
NC_045512.2	17377	A	C	82	13	28	2	2	24	0.0232558	86	0.245562	FALSE	NA	NA	NA	NA	NA	NA
NC_045512.2	17378	A	C	68	13	23	3	3	26	0.0422535	71	0.124981	FALSE	NA	NA	NA	NA	NA	NA
NC_045512.2	17379	T	G	78	9	26	2	2	25	0.0232558	86	0.233555	FALSE	NA	NA	NA	NA	NA	NA
NC_045512.2	17379	T	C	78	9	26	1	1	26	0.0116279	86	0.481707	FALSE	NA	NA	NA	NA	NA	NA
NC_045512.2	17379	T	A	78	9	26	5	5	24	0.0581395	86	0.027646	FALSE	NA	NA	NA	NA	NA	NA
NC_045512.2	17380	T	G	77	15	23	1	1	28	0.0123457	81	0.493671	FALSE	NA	NA	NA	NA	NA	NA
NC_045512.2	17380	T	C	77	15	23	1	1	26	0.0123457	81	0.493671	FALSE	NA	NA	NA	NA	NA	NA
NC_045512.2	17380	T	A	77	15	23	2	2	26	0.0246914	81	0.245283	FALSE	NA	NA	NA	NA	NA	NA
NC_045512.2	17381	A	T	82	13	27	3	3	28	0.0340909	88	0.118523	FALSE	NA	NA	NA	NA	NA	NA
NC_045512.2	17381	A	G	82	13	27	1	1	23	0.0113636	88	0.488235	FALSE	NA	NA	NA	NA	NA	NA
NC_045512.2	17381	A	C	82	13	27	2	2	24	0.0227273	88	0.239835	FALSE	NA	NA	NA	NA	NA	NA
NC_045512.2	17382	T	G	82	14	27	1	1	28	0.0114943	87	0.491124	FALSE	NA	NA	NA	NA	NA	NA
NC_045512.2	17382	T	C	82	14	27	1	1	31	0.0114943	87	0.491124	FALSE	NA	NA	NA	NA	NA	NA
NC_045512.2	17382	T	A	82	14	27	3	3	26	0.0344828	87	0.120627	FALSE	NA	NA	NA	NA	NA	NA
NC_045512.2	17383	G	T	83	15	27	3	3	26	0.0344828	87	0.122807	FALSE	NA	NA	NA	NA	NA	NA
NC_045512.2	17383	G	A	83	15	27	1	1	27	0.0114943	87	0.494118	FALSE	NA	NA	NA	NA	NA	NA
NC_045512.2	17384	A	T	80	15	25	1	1	27	0.0120482	83	0.496933	FALSE	NA	NA	NA	NA	NA	NA
NC_045512.2	17384	A	C	80	15	25	2	2	26	0.0240964	83	0.248466	FALSE	NA	NA	NA	NA	NA	NA
NC_045512.2	17385	T	G	76	11	24	1	1	27	0.0123457	81	0.490446	FALSE	NA	NA	NA	NA	NA	NA
NC_045512.2	17385	T	A	76	11	24	4	4	25	0.0493827	81	0.060149	FALSE	NA	NA	NA	NA	NA	NA
NC_045512.2	17386	T	G	79	14	26	1	1	27	0.0119048	84	0.490798	FALSE	NA	NA	NA	NA	NA	NA
NC_045512.2	17386	T	C	79	14	26	2	2	26	0.0238095	84	0.242406	FALSE	NA	NA	NA	NA	NA	NA
NC_045512.2	17386	T	A	79	14	26	2	2	24	0.0238095	84	0.242406	FALSE	NA	NA	NA	NA	NA	NA
NC_045512.2	17387	T	A	43	15	23	5	5	25	0.104167	48	0.0295528	FALSE	NA	NA	NA	NA	NA	NA
NC_045512.2	17388	G	T	80	16	25	1	1	22	0.0119048	84	0.493902	FALSE	NA	NA	NA	NA	NA	NA
NC_045512.2	17388	G	C	80	16	25	2	2	26	0.0238095	84	0.245455	FALSE	NA	NA	NA	NA	NA	NA
NC_045512.2	17388	G	A	80	16	25	1	1	28	0.0119048	84	0.493902	FALSE	NA	NA	NA	NA	NA	NA
NC_045512.2	17389	A	T	80	16	26	3	3	28	0.0357143	84	0.122727	FALSE	NA	NA	NA	NA	NA	NA
NC_045512.2	17389	A	C	80	16	26	1	1	27	0.0119048	84	0.493902	FALSE	NA	NA	NA	NA	NA	NA
NC_045512.2	17390	G	T	78	14	27	1	1	27	0.0119048	84	0.487654	FALSE	NA	NA	NA	NA	NA	NA
NC_045512.2	17390	G	A	78	14	27	5	5	27	0.0595238	84	0.0293735	FALSE	NA	NA	NA	NA	NA	NA
NC_045512.2	17391	T	G	80	17	27	2	2	27	0.0240964	83	0.248466	FALSE	NA	NA	NA	NA	NA	NA
NC_045512.2	17391	T	C	80	17	27	1	1	29	0.0120482	83	0.496933	FALSE	NA	NA	NA	NA	NA	NA
NC_045512.2	17392	G	T	79	16	26	1	1	28	0.0120482	83	0.493827	FALSE	NA	NA	NA	NA	NA	NA
NC_045512.2	17392	G	A	79	16	26	3	3	27	0.0361446	83	0.122699	FALSE	NA	NA	NA	NA	NA	NA
NC_045512.2	17393	T	A	77	15	26	3	3	27	0.0375	80	0.124985	FALSE	NA	NA	NA	NA	NA	NA
NC_045512.2	17394	T	G	72	16	24	1	1	27	0.012987	77	0.489933	FALSE	NA	NA	NA	NA	NA	NA
NC_045512.2	17394	T	C	72	16	24	3	2	26	0.038961	77	0.12005	FALSE	NA	NA	NA	NA	NA	NA
NC_045512.2	17394	T	A	72	16	24	1	1	26	0.012987	77	0.489933	FALSE	NA	NA	NA	NA	NA	NA
NC_045512.2	17395	G	T	75	14	26	2	2	27	0.025641	78	0.248366	FALSE	NA	NA	NA	NA	NA	NA
NC_045512.2	17395	G	A	75	14	26	1	1	28	0.0128205	78	0.496732	FALSE	NA	NA	NA	NA	NA	NA
NC_045512.2	17396	T	G	78	18	27	1	1	29	0.0123457	81	0.496855	FALSE	NA	NA	NA	NA	NA	NA
NC_045512.2	17396	T	C	78	18	27	2	1	27	0.0246914	81	0.248428	FALSE	NA	NA	NA	NA	NA	NA
NC_045512.2	17397	C	T	75	14	26	3	3	26	0.0375	80	0.120238	FALSE	NA	NA	NA	NA	NA	NA
NC_045512.2	17397	C	G	75	14	26	1	1	28	0.0125	80	0.490323	FALSE	NA	NA	NA	NA	NA	NA
NC_045512.2	17397	C	A	75	14	26	1	1	24	0.0125	80	0.490323	FALSE	NA	NA	NA	NA	NA	NA
NC_045512.2	17398	A	T	76	15	26	3	3	26	0.0375	80	0.122611	FALSE	NA	NA	NA	NA	NA	NA
NC_045512.2	17398	A	C	76	15	26	1	1	25	0.0125	80	0.49359	FALSE	NA	NA	NA	NA	NA	NA
NC_045512.2	17399	A	T	68	14	23	2	2	25	0.0263158	76	0.231322	FALSE	NA	NA	NA	NA	NA	NA
NC_045512.2	17399	A	G	68	14	23	5	5	25	0.0657895	76	0.0271768	FALSE	NA	NA	NA	NA	NA	NA
NC_045512.2	17399	A	C	68	14	23	1	1	25	0.0131579	76	0.479167	FALSE	NA	NA	NA	NA	NA	NA
NC_045512.2	17400	T	G	78	18	26	2	2	24	0.0243902	82	0.245342	FALSE	NA	NA	NA	NA	NA	NA
NC_045512.2	17400	T	A	78	18	26	2	2	25	0.0243902	82	0.245342	FALSE	NA	NA	NA	NA	NA	NA
NC_045512.2	17401	G	T	73	16	26	2	2	24	0.025641	78	0.241809	FALSE	NA	NA	NA	NA	NA	NA
NC_045512.2	17401	G	C	73	16	26	1	1	22	0.0128205	78	0.490066	FALSE	NA	NA	NA	NA	NA	NA
NC_045512.2	17401	G	A	73	16	26	2	2	27	0.025641	78	0.241809	FALSE	NA	NA	NA	NA	NA	NA
NC_045512.2	17402	C	T	73	17	26	3	2	27	0.0375	80	0.115495	FALSE	NA	NA	NA	NA	NA	NA
NC_045512.2	17402	C	G	73	17	26	4	4	26	0.05	80	0.0570071	FALSE	NA	NA	NA	NA	NA	NA
NC_045512.2	17403	C	T	67	13	23	4	4	26	0.0512821	78	0.0506308	FALSE	NA	NA	NA	NA	NA	NA
NC_045512.2	17403	C	G	67	13	23	3	3	26	0.0384615	78	0.10554	FALSE	NA	NA	NA	NA	NA	NA
NC_045512.2	17403	C	A	67	13	23	4	4	26	0.0512821	78	0.0506308	FALSE	NA	NA	NA	NA	NA	NA
NC_045512.2	17404	A	T	71	14	27	1	1	28	0.0125	80	0.476821	FALSE	NA	NA	NA	NA	NA	NA
NC_045512.2	17404	A	G	71	14	27	3	3	26	0.0375	80	0.110758	FALSE	NA	NA	NA	NA	NA	NA
NC_045512.2	17404	A	C	71	14	27	5	5	24	0.0625	80	0.0264483	FALSE	NA	NA	NA	NA	NA	NA
NC_045512.2	17405	G	T	71	15	27	4	4	27	0.0506329	79	0.055379	FALSE	NA	NA	NA	NA	NA	NA
NC_045512.2	17405	G	C	71	15	27	4	4	26	0.0506329	79	0.055379	FALSE	NA	NA	NA	NA	NA	NA
NC_045512.2	17406	A	T	73	19	26	2	2	28	0.025641	78	0.241809	FALSE	NA	NA	NA	NA	NA	NA
NC_045512.2	17406	A	G	73	19	26	2	2	28	0.025641	78	0.241809	FALSE	NA	NA	NA	NA	NA	NA
NC_045512.2	17406	A	C	73	19	26	1	1	28	0.0128205	78	0.490066	FALSE	NA	NA	NA	NA	NA	NA
NC_045512.2	17407	T	G	66	13	26	1	1	26	0.012987	77	0.468531	FALSE	NA	NA	NA	NA	NA	NA
NC_045512.2	17407	T	C	66	13	26	5	5	25	0.0649351	77	0.0243811	FALSE	NA	NA	NA	NA	NA	NA
NC_045512.2	17407	T	A	66	13	26	5	5	24	0.0649351	77	0.0243811	FALSE	NA	NA	NA	NA	NA	NA
NC_045512.2	17408	T	G	58	14	23	1	1	30	0.0153846	65	0.479675	FALSE	NA	NA	NA	NA	NA	NA
NC_045512.2	17408	T	C	58	14	23	1	1	27	0.0153846	65	0.479675	FALSE	NA	NA	NA	NA	NA	NA
NC_045512.2	17408	T	A	58	14	23	5	5	25	0.0769231	65	0.0276474	FALSE	NA	NA	NA	NA	NA	NA
NC_045512.2	17409	A	T	72	19	25	6	6	28	0.0759494	79	0.0141425	FALSE	NA	NA	NA	NA	NA	NA
NC_045512.2	17409	A	G	72	19	25	1	1	27	0.0126582	79	0.483444	FALSE	NA	NA	NA	NA	NA	NA
NC_045512.2	17410	C	T	2	2	24	67	14	26	0.8375	80	1.94032e-40	TRUE	NA	NA	NA	NA	NA	NA
NC_045512.2	17410	C	G	2	2	24	4	4	28	0.05	80	7.40819e-06	TRUE	NA	NA	NA	NA	NA	NA
NC_045512.2	17410	C	A	2	2	24	7	7	27	0.0875	80	5.67078e-09	TRUE	NA	NA	NA	NA	NA	NA
NC_045512.2	17411	G	T	65	14	26	7	7	25	0.0909091	77	0.00551288	TRUE	NA	NA	NA	NA	NA	NA
NC_045512.2	17411	G	C	65	14	26	4	4	26	0.0519481	77	0.0489353	FALSE	NA	NA	NA	NA	NA	NA
NC_045512.2	17411	G	A	65	14	26	1	1	28	0.012987	77	0.464789	FALSE	NA	NA	NA	NA	NA	NA
NC_045512.2	17412	T	G	68	17	27	4	4	28	0.0512821	78	0.0521699	FALSE	NA	NA	NA	NA	NA	NA
NC_045512.2	17412	T	C	68	17	27	2	2	25	0.025641	78	0.225049	FALSE	NA	NA	NA	NA	NA	NA
NC_045512.2	17412	T	A	68	17	27	4	4	26	0.0512821	78	0.0521699	FALSE	NA	NA	NA	NA	NA	NA
NC_045512.2	17413	G	T	66	14	26	3	3	23	0.0379747	79	0.101017	FALSE	NA	NA	NA	NA	NA	NA
NC_045512.2	17413	G	C	66	14	26	3	3	26	0.0379747	79	0.101017	FALSE	NA	NA	NA	NA	NA	NA
NC_045512.2	17413	G	A	66	14	26	7	7	28	0.0886076	79	0.00528312	TRUE	NA	NA	NA	NA	NA	NA
NC_045512.2	17414	C	T	64	14	27	8	8	26	0.105263	76	0.00268662	TRUE	NA	NA	NA	NA	NA	NA
NC_045512.2	17414	C	G	64	14	27	1	1	28	0.0131579	76	0.464286	FALSE	NA	NA	NA	NA	NA	NA
NC_045512.2	17414	C	A	64	14	27	3	3	24	0.0394737	76	0.102541	FALSE	NA	NA	NA	NA	NA	NA
NC_045512.2	17415	T	G	66	16	27	5	5	27	0.0657895	76	0.0252395	FALSE	NA	NA	NA	NA	NA	NA
NC_045512.2	17415	T	C	66	16	27	2	2	26	0.0263158	76	0.224367	FALSE	NA	NA	NA	NA	NA	NA
NC_045512.2	17415	T	A	66	16	27	3	3	27	0.0394737	76	0.107509	FALSE	NA	NA	NA	NA	NA	NA
NC_045512.2	17416	A	T	68	18	26	6	6	25	0.0789474	76	0.0134972	FALSE	NA	NA	NA	NA	NA	NA
NC_045512.2	17416	A	C	68	18	26	2	2	22	0.0263158	76	0.231322	FALSE	NA	NA	NA	NA	NA	NA
NC_045512.2	17417	A	T	60	14	23	6	6	24	0.0833333	72	0.0110554	FALSE	NA	NA	NA	NA	NA	NA
NC_045512.2	17417	A	G	60	14	23	4	4	26	0.0555556	72	0.0480151	FALSE	NA	NA	NA	NA	NA	NA
NC_045512.2	17417	A	C	60	14	23	2	2	28	0.0277778	72	0.215425	FALSE	NA	NA	NA	NA	NA	NA
NC_045512.2	17418	G	T	64	15	26	7	7	28	0.0921053	76	0.00548519	TRUE	NA	NA	NA	NA	NA	NA
NC_045512.2	17418	G	C	64	15	26	1	1	23	0.0131579	76	0.464286	FALSE	NA	NA	NA	NA	NA	NA
NC_045512.2	17418	G	A	64	15	26	4	4	27	0.0526316	76	0.0487606	FALSE	NA	NA	NA	NA	NA	NA
NC_045512.2	17419	C	T	64	15	26	5	5	26	0.0657895	76	0.0233645	FALSE	NA	NA	NA	NA	NA	NA
NC_045512.2	17419	C	G	64	15	26	4	4	27	0.0526316	76	0.0487606	FALSE	NA	NA	NA	NA	NA	NA
NC_045512.2	17419	C	A	64	15	26	3	3	25	0.0394737	76	0.102541	FALSE	NA	NA	NA	NA	NA	NA
NC_045512.2	17420	A	T	65	16	27	6	6	26	0.0789474	76	0.0118143	FALSE	NA	NA	NA	NA	NA	NA
NC_045512.2	17420	A	G	65	16	27	4	4	27	0.0526316	76	0.0503235	FALSE	NA	NA	NA	NA	NA	NA
NC_045512.2	17420	A	C	65	16	27	1	1	26	0.0131579	76	0.468085	FALSE	NA	NA	NA	NA	NA	NA
NC_045512.2	17421	C	T	62	13	27	3	3	28	0.0394737	76	0.0975915	FALSE	NA	NA	NA	NA	NA	NA
NC_045512.2	17421	C	G	62	13	27	6	6	26	0.0789474	76	0.0102493	FALSE	NA	NA	NA	NA	NA	NA
NC_045512.2	17421	C	A	62	13	27	5	5	27	0.0657895	76	0.0215538	FALSE	NA	NA	NA	NA	NA	NA
NC_045512.2	17422	T	G	66	17	26	5	5	28	0.0666667	75	0.0261346	FALSE	NA	NA	NA	NA	NA	NA
NC_045512.2	17422	T	A	66	17	26	4	4	27	0.0533333	75	0.0533734	FALSE	NA	NA	NA	NA	NA	NA
NC_045512.2	17423	A	T	63	14	26	6	6	26	0.0789474	76	0.0107577	FALSE	NA	NA	NA	NA	NA	NA
NC_045512.2	17423	A	G	63	14	26	4	4	27	0.0526316	76	0.047213	FALSE	NA	NA	NA	NA	NA	NA
NC_045512.2	17423	A	C	63	14	26	3	3	28	0.0394737	76	0.100063	FALSE	NA	NA	NA	NA	NA	NA
NC_045512.2	17424	T	G	64	15	26	8	8	26	0.105263	76	0.00268662	TRUE	NA	NA	NA	NA	NA	NA
NC_045512.2	17424	T	C	64	15	26	1	1	27	0.0131579	76	0.464286	FALSE	NA	NA	NA	NA	NA	NA
NC_045512.2	17424	T	A	64	15	26	3	3	27	0.0394737	76	0.102541	FALSE	NA	NA	NA	NA	NA	NA
NC_045512.2	17425	G	T	62	14	27	6	6	25	0.0810811	74	0.0111702	FALSE	NA	NA	NA	NA	NA	NA
NC_045512.2	17425	G	C	62	14	27	1	1	28	0.0135135	74	0.463235	FALSE	NA	NA	NA	NA	NA	NA
NC_045512.2	17425	G	A	62	14	27	5	5	26	0.0675676	74	0.0231617	FALSE	NA	NA	NA	NA	NA	NA
NC_045512.2	17426	T	G	67	19	27	2	2	28	0.0266667	75	0.231065	FALSE	NA	NA	NA	NA	NA	NA
NC_045512.2	17426	T	C	67	19	27	5	5	27	0.0666667	75	0.0271231	FALSE	NA	NA	NA	NA	NA	NA
NC_045512.2	17426	T	A	67	19	27	1	1	30	0.0133333	75	0.478873	FALSE	NA	NA	NA	NA	NA	NA
NC_045512.2	17427	G	T	68	19	27	2	2	28	0.0263158	76	0.231322	FALSE	NA	NA	NA	NA	NA	NA
NC_045512.2	17427	G	A	68	19	27	6	6	25	0.0789474	76	0.0134972	FALSE	NA	NA	NA	NA	NA	NA
NC_045512.2	17428	T	G	66	17	27	7	7	28	0.0897436	78	0.00553993	TRUE	NA	NA	NA	NA	NA	NA
NC_045512.2	17428	T	C	66	17	27	2	2	27	0.025641	78	0.218199	FALSE	NA	NA	NA	NA	NA	NA
NC_045512.2	17428	T	A	66	17	27	3	3	29	0.0384615	78	0.103122	FALSE	NA	NA	NA	NA	NA	NA
NC_045512.2	17429	A	T	64	16	27	4	4	27	0.0512821	78	0.0460984	FALSE	NA	NA	NA	NA	NA	NA
NC_045512.2	17429	A	G	64	16	27	3	2	28	0.0384615	78	0.0982981	FALSE	NA	NA	NA	NA	NA	NA
NC_045512.2	17429	A	C	64	16	27	7	7	27	0.0897436	78	0.00497691	TRUE	NA	NA	NA	NA	NA	NA
NC_045512.2	17430	C	G	66	17	26	6	6	27	0.0769231	78	0.0113834	FALSE	NA	NA	NA	NA	NA	NA
NC_045512.2	17430	C	A	66	17	26	6	6	25	0.0769231	78	0.0113834	FALSE	NA	NA	NA	NA	NA	NA
NC_045512.2	17431	A	T	64	16	26	5	5	26	0.0649351	77	0.0225588	FALSE	NA	NA	NA	NA	NA	NA
NC_045512.2	17431	A	G	64	16	26	3	3	28	0.038961	77	0.10039	FALSE	NA	NA	NA	NA	NA	NA
NC_045512.2	17431	A	C	64	16	26	5	5	26	0.0649351	77	0.0225588	FALSE	NA	NA	NA	NA	NA	NA
NC_045512.2	17432	T	G	64	17	26	3	3	27	0.038961	77	0.10039	FALSE	NA	NA	NA	NA	NA	NA
NC_045512.2	17432	T	C	64	17	26	4	4	28	0.0519481	77	0.0474062	FALSE	NA	NA	NA	NA	NA	NA
NC_045512.2	17432	T	A	64	17	26	6	6	26	0.0779221	77	0.0108159	FALSE	NA	NA	NA	NA	NA	NA
NC_045512.2	17433	T	G	57	16	24	6	6	26	0.084507	71	0.00990954	TRUE	NA	NA	NA	NA	NA	NA
NC_045512.2	17433	T	C	57	16	24	3	3	26	0.0422535	71	0.0956507	FALSE	NA	NA	NA	NA	NA	NA
NC_045512.2	17433	T	A	57	16	24	5	5	27	0.0704225	71	0.0209201	FALSE	NA	NA	NA	NA	NA	NA
NC_045512.2	17434	G	T	65	18	26	2	2	27	0.0266667	75	0.224012	FALSE	NA	NA	NA	NA	NA	NA
NC_045512.2	17434	G	C	65	18	26	3	3	22	0.04	75	0.107273	FALSE	NA	NA	NA	NA	NA	NA
NC_045512.2	17434	G	A	65	18	26	5	5	26	0.0666667	75	0.0251617	FALSE	NA	NA	NA	NA	NA	NA
NC_045512.2	17435	G	T	56	16	24	5	5	27	0.0694444	72	0.019233	FALSE	NA	NA	NA	NA	NA	NA
NC_045512.2	17435	G	C	56	16	24	5	5	26	0.0694444	72	0.019233	FALSE	NA	NA	NA	NA	NA	NA
NC_045512.2	17435	G	A	56	16	24	6	6	27	0.0833333	72	0.00896577	TRUE	NA	NA	NA	NA	NA	NA
NC_045512.2	17436	C	T	60	14	26	4	4	26	0.0512821	78	0.0402718	FALSE	NA	NA	NA	NA	NA	NA
NC_045512.2	17436	C	G	60	14	26	4	4	25	0.0512821	78	0.0402718	FALSE	NA	NA	NA	NA	NA	NA
NC_045512.2	17436	C	A	60	14	26	10	10	26	0.128205	78	0.000417796	TRUE	NA	NA	NA	NA	NA	NA
NC_045512.2	17437	G	T	65	20	26	6	6	26	0.0789474	76	0.0118143	FALSE	NA	NA	NA	NA	NA	NA
NC_045512.2	17437	G	C	65	20	26	3	3	26	0.0394737	76	0.105023	FALSE	NA	NA	NA	NA	NA	NA
NC_045512.2	17437	G	A	65	20	26	2	2	27	0.0263158	76	0.220857	FALSE	NA	NA	NA	NA	NA	NA
NC_045512.2	17438	A	T	64	22	26	5	5	26	0.0684932	73	0.0259973	FALSE	NA	NA	NA	NA	NA	NA
NC_045512.2	17438	A	G	64	22	26	1	1	28	0.0136986	73	0.474453	FALSE	NA	NA	NA	NA	NA	NA
NC_045512.2	17438	A	C	64	22	26	3	3	26	0.0410959	73	0.109375	FALSE	NA	NA	NA	NA	NA	NA
NC_045512.2	17439	C	T	57	16	25	8	7	26	0.105263	76	0.0016905	TRUE	NA	NA	NA	NA	NA	NA
NC_045512.2	17439	C	G	57	16	25	3	3	28	0.0394737	76	0.0853377	FALSE	NA	NA	NA	NA	NA	NA
NC_045512.2	17439	C	A	57	16	25	8	8	26	0.105263	76	0.0016905	TRUE	NA	NA	NA	NA	NA	NA
NC_045512.2	17440	C	T	60	17	28	7	7	26	0.0909091	77	0.00416091	TRUE	NA	NA	NA	NA	NA	NA
NC_045512.2	17440	C	G	60	17	28	6	6	28	0.0779221	77	0.00888074	TRUE	NA	NA	NA	NA	NA	NA
NC_045512.2	17440	C	A	60	17	28	4	4	24	0.0519481	77	0.0414476	FALSE	NA	NA	NA	NA	NA	NA
NC_045512.2	17440	C	-C	60	17	28	1	0	20	0.012987	77	0.445255	FALSE	NA	NA	NA	NA	NA	NA
NC_045512.2	17441	C	T	43	15	23	7	7	26	0.116667	60	0.00313887	TRUE	NA	NA	NA	NA	NA	NA
NC_045512.2	17441	C	G	43	15	23	4	4	26	0.0666667	60	0.0345628	FALSE	NA	NA	NA	NA	NA	NA
NC_045512.2	17441	C	A	43	15	23	6	6	26	0.1	60	0.00690551	TRUE	NA	NA	NA	NA	NA	NA
NC_045512.2	17442	T	G	62	20	26	4	4	26	0.0519481	77	0.0443943	FALSE	NA	NA	NA	NA	NA	NA
NC_045512.2	17442	T	C	62	20	26	6	6	27	0.0779221	77	0.00982229	TRUE	NA	NA	NA	NA	NA	NA
NC_045512.2	17442	T	A	62	20	26	5	5	26	0.0649351	77	0.0208001	FALSE	NA	NA	NA	NA	NA	NA
NC_045512.2	17443	G	T	62	20	26	6	6	24	0.0789474	76	0.0102493	FALSE	NA	NA	NA	NA	NA	NA
NC_045512.2	17443	G	C	62	20	26	3	3	28	0.0394737	76	0.0975915	FALSE	NA	NA	NA	NA	NA	NA
NC_045512.2	17443	G	A	62	20	26	5	5	27	0.0657895	76	0.0215538	FALSE	NA	NA	NA	NA	NA	NA
NC_045512.2	17444	C	T	58	16	26	13	13	28	0.168831	77	4.17477e-05	TRUE	NA	NA	NA	NA	NA	NA
NC_045512.2	17444	C	G	58	16	26	2	2	28	0.025974	77	0.19281	FALSE	NA	NA	NA	NA	NA	NA
NC_045512.2	17444	C	A	58	16	26	4	4	28	0.0519481	77	0.0385703	FALSE	NA	NA	NA	NA	NA	NA
NC_045512.2	17445	T	G	64	22	27	5	5	28	0.0649351	77	0.0225588	FALSE	NA	NA	NA	NA	NA	NA
NC_045512.2	17445	T	C	64	22	27	3	3	25	0.038961	77	0.10039	FALSE	NA	NA	NA	NA	NA	NA
NC_045512.2	17445	T	A	64	22	27	5	5	24	0.0649351	77	0.0225588	FALSE	NA	NA	NA	NA	NA	NA
NC_045512.2	17446	C	T	57	16	27	4	4	26	0.0533333	75	0.0394364	FALSE	NA	NA	NA	NA	NA	NA
NC_045512.2	17446	C	G	57	16	27	6	6	28	0.08	75	0.00826741	TRUE	NA	NA	NA	NA	NA	NA
NC_045512.2	17446	C	A	57	16	27	8	8	27	0.106667	75	0.00179295	TRUE	NA	NA	NA	NA	NA	NA
NC_045512.2	17447	A	T	61	20	26	10	10	27	0.135135	74	0.000601641	TRUE	NA	NA	NA	NA	NA	NA
NC_045512.2	17447	A	G	61	20	26	2	2	26	0.027027	74	0.212745	FALSE	NA	NA	NA	NA	NA	NA
NC_045512.2	17447	A	C	61	20	26	1	1	26	0.0135135	74	0.459259	FALSE	NA	NA	NA	NA	NA	NA
NC_045512.2	17448	A	T	55	18	24	8	8	27	0.111111	72	0.00185869	TRUE	NA	NA	NA	NA	NA	NA
NC_045512.2	17448	A	G	55	18	24	6	6	27	0.0833333	72	0.00848071	TRUE	NA	NA	NA	NA	NA	NA
NC_045512.2	17448	A	C	55	18	24	3	3	26	0.0416667	72	0.0882851	FALSE	NA	NA	NA	NA	NA	NA
NC_045512.2	17449	T	G	55	16	26	4	4	28	0.0547945	73	0.0388444	FALSE	NA	NA	NA	NA	NA	NA
NC_045512.2	17449	T	C	55	16	26	2	2	29	0.0273973	73	0.193314	FALSE	NA	NA	NA	NA	NA	NA
NC_045512.2	17449	T	A	55	16	26	12	11	27	0.164384	73	8.99987e-05	TRUE	NA	NA	NA	NA	NA	NA
NC_045512.2	17450	T	G	48	18	24	8	8	26	0.125	64	0.00181129	TRUE	NA	NA	NA	NA	NA	NA
NC_045512.2	17450	T	C	48	18	24	3	3	28	0.046875	64	0.0866034	FALSE	NA	NA	NA	NA	NA	NA
NC_045512.2	17450	T	A	48	18	24	5	5	26	0.078125	64	0.017892	FALSE	NA	NA	NA	NA	NA	NA
NC_045512.2	17450	T	-A	48	18	24	1	0	20	0.015625	64	0.4375	FALSE	NA	NA	NA	NA	NA	NA
NC_045512.2	17451	A	T	56	18	26	11	11	25	0.150685	73	0.000189548	TRUE	NA	NA	NA	NA	NA	NA
NC_045512.2	17451	A	G	56	18	26	3	3	29	0.0410959	73	0.0867693	FALSE	NA	NA	NA	NA	NA	NA
NC_045512.2	17451	A	C	56	18	26	3	3	27	0.0410959	73	0.0867693	FALSE	NA	NA	NA	NA	NA	NA
NC_045512.2	17452	C	T	51	13	25	8	8	27	0.111111	72	0.00136529	TRUE	NA	NA	NA	NA	NA	NA
NC_045512.2	17452	C	G	51	13	25	4	4	27	0.0555556	72	0.0340744	FALSE	NA	NA	NA	NA	NA	NA
NC_045512.2	17452	C	A	51	13	25	9	9	27	0.125	72	0.000625323	TRUE	NA	NA	NA	NA	NA	NA
NC_045512.2	17453	C	T	48	17	24	7	7	25	0.106061	66	0.00341126	TRUE	NA	NA	NA	NA	NA	NA
NC_045512.2	17453	C	G	48	17	24	7	7	26	0.106061	66	0.00341126	TRUE	NA	NA	NA	NA	NA	NA
NC_045512.2	17453	C	A	48	17	24	4	4	27	0.0606061	66	0.0365168	FALSE	NA	NA	NA	NA	NA	NA
NC_045512.2	17454	T	G	58	25	27	3	3	26	0.0441176	68	0.105426	FALSE	NA	NA	NA	NA	NA	NA
NC_045512.2	17454	T	C	58	25	27	2	2	28	0.0294118	68	0.221222	FALSE	NA	NA	NA	NA	NA	NA
NC_045512.2	17454	T	A	58	25	27	5	5	26	0.0735294	68	0.0245555	FALSE	NA	NA	NA	NA	NA	NA
NC_045512.2	17455	G	T	49	17	26	8	8	26	0.119403	67	0.00160448	TRUE	NA	NA	NA	NA	NA	NA
NC_045512.2	17455	G	C	49	17	26	4	4	24	0.0597015	67	0.0368762	FALSE	NA	NA	NA	NA	NA	NA
NC_045512.2	17455	G	A	49	17	26	6	6	28	0.0895522	67	0.00754287	TRUE	NA	NA	NA	NA	NA	NA
NC_045512.2	17455	G	+A	49	17	26	1	0	20	0.0149254	67	0.431034	FALSE	NA	NA	NA	NA	NA	NA
NC_045512.2	17456	C	T	46	16	25	8	8	28	0.126984	63	0.00163776	TRUE	NA	NA	NA	NA	NA	NA
NC_045512.2	17456	C	G	46	16	25	3	3	27	0.047619	63	0.0830602	FALSE	NA	NA	NA	NA	NA	NA
NC_045512.2	17456	C	A	46	16	25	6	6	24	0.0952381	63	0.0076337	TRUE	NA	NA	NA	NA	NA	NA
NC_045512.2	17457	A	T	47	18	25	6	6	26	0.0967742	62	0.00860822	TRUE	NA	NA	NA	NA	NA	NA
NC_045512.2	17457	A	G	47	18	25	8	8	27	0.129032	62	0.00191652	TRUE	NA	NA	NA	NA	NA	NA
NC_045512.2	17457	A	C	47	18	25	1	1	25	0.016129	62	0.440367	FALSE	NA	NA	NA	NA	NA	NA
NC_045512.2	17458	C	T	41	13	25	12	12	25	0.196721	61	5.39863e-05	TRUE	NA	NA	NA	NA	NA	NA
NC_045512.2	17458	C	G	41	13	25	1	1	25	0.0163934	61	0.411765	FALSE	NA	NA	NA	NA	NA	NA
NC_045512.2	17458	C	A	41	13	25	7	7	27	0.114754	61	0.00264062	TRUE	NA	NA	NA	NA	NA	NA
NC_045512.2	17459	C	T	39	18	24	7	7	27	0.12963	54	0.00359539	TRUE	NA	NA	NA	NA	NA	NA
NC_045512.2	17459	C	G	39	18	24	7	7	27	0.12963	54	0.00359539	TRUE	NA	NA	NA	NA	NA	NA
NC_045512.2	17459	C	A	39	18	24	1	1	23	0.0185185	54	0.430108	FALSE	NA	NA	NA	NA	NA	NA
NC_045512.2	17460	A	T	43	19	26	6	6	26	0.103448	58	0.0081973	TRUE	NA	NA	NA	NA	NA	NA
NC_045512.2	17460	A	G	43	19	26	7	7	25	0.12069	58	0.00383051	TRUE	NA	NA	NA	NA	NA	NA
NC_045512.2	17460	A	C	43	19	26	2	2	23	0.0344828	58	0.192196	FALSE	NA	NA	NA	NA	NA	NA
NC_045512.2	17461	C	T	39	16	26	7	7	26	0.122807	57	0.0028984	TRUE	NA	NA	NA	NA	NA	NA
NC_045512.2	17461	C	G	39	16	26	4	4	26	0.0701754	57	0.0327837	FALSE	NA	NA	NA	NA	NA	NA
NC_045512.2	17461	C	A	39	16	26	7	7	25	0.122807	57	0.0028984	TRUE	NA	NA	NA	NA	NA	NA
NC_045512.2	17462	G	T	38	16	26	7	7	26	0.127273	55	0.00304827	TRUE	NA	NA	NA	NA	NA	NA
NC_045512.2	17462	G	C	38	16	26	8	8	25	0.145455	55	0.0014022	TRUE	NA	NA	NA	NA	NA	NA
NC_045512.2	17462	G	A	38	16	26	2	2	26	0.0363636	55	0.178449	FALSE	NA	NA	NA	NA	NA	NA
NC_045512.2	17463	C	T	37	15	26	5	5	27	0.0909091	55	0.0139171	FALSE	NA	NA	NA	NA	NA	NA
NC_045512.2	17463	C	G	37	15	26	7	7	26	0.127273	55	0.00276995	TRUE	NA	NA	NA	NA	NA	NA
NC_045512.2	17463	C	A	37	15	26	6	6	24	0.109091	55	0.00616942	TRUE	NA	NA	NA	NA	NA	NA
NC_045512.2	17464	A	T	41	20	26	5	5	24	0.0909091	55	0.0182069	FALSE	NA	NA	NA	NA	NA	NA
NC_045512.2	17464	A	G	41	20	26	6	6	26	0.109091	55	0.00847253	TRUE	NA	NA	NA	NA	NA	NA
NC_045512.2	17464	A	C	41	20	26	3	3	23	0.0545455	55	0.0870766	FALSE	NA	NA	NA	NA	NA	NA
NC_045512.2	17465	C	T	42	21	26	9	9	26	0.163636	55	0.0010124	TRUE	NA	NA	NA	NA	NA	NA
NC_045512.2	17465	C	G	42	21	26	3	3	26	0.0545455	55	0.0904692	FALSE	NA	NA	NA	NA	NA	NA
NC_045512.2	17465	C	A	42	21	26	1	1	21	0.0181818	55	0.443299	FALSE	NA	NA	NA	NA	NA	NA
NC_045512.2	17465	C	-A	42	21	26	1	0	20	0.0181818	55	0.443299	FALSE	NA	NA	NA	NA	NA	NA
NC_045512.2	17466	A	T	31	15	26	5	5	27	0.111111	45	0.0156819	FALSE	NA	NA	NA	NA	NA	NA
NC_045512.2	17466	A	G	31	15	26	7	7	25	0.155556	45	0.00331959	TRUE	NA	NA	NA	NA	NA	NA
NC_045512.2	17466	A	C	31	15	26	2	2	27	0.0444444	45	0.180451	FALSE	NA	NA	NA	NA	NA	NA
NC_045512.2	17467	T	G	29	13	26	7	7	28	0.155556	45	0.00262777	TRUE	NA	NA	NA	NA	NA	NA
NC_045512.2	17467	T	C	29	13	26	3	3	23	0.0666667	45	0.0705548	FALSE	NA	NA	NA	NA	NA	NA
NC_045512.2	17467	T	A	29	13	26	6	6	25	0.133333	45	0.00583949	TRUE	NA	NA	NA	NA	NA	NA
NC_045512.2	17468	T	G	28	16	26	3	3	28	0.0697674	43	0.0722715	FALSE	NA	NA	NA	NA	NA	NA
NC_045512.2	17468	T	C	28	16	26	9	9	25	0.209302	43	0.000604454	TRUE	NA	NA	NA	NA	NA	NA
NC_045512.2	17468	T	A	28	16	26	3	3	27	0.0697674	43	0.0722715	FALSE	NA	NA	NA	NA	NA	NA
NC_045512.2	17469	G	T	32	16	26	2	2	26	0.0434783	46	0.182084	FALSE	NA	NA	NA	NA	NA	NA
NC_045512.2	17469	G	C	32	16	26	6	6	26	0.130435	46	0.00731409	TRUE	NA	NA	NA	NA	NA	NA
NC_045512.2	17469	G	A	32	16	26	6	6	26	0.130435	46	0.00731409	TRUE	NA	NA	NA	NA	NA	NA
NC_045512.2	17470	C	T	35	19	27	5	5	26	0.106383	47	0.018894	FALSE	NA	NA	NA	NA	NA	NA
NC_045512.2	17470	C	G	35	19	27	4	4	27	0.0851064	47	0.0406221	FALSE	NA	NA	NA	NA	NA	NA
NC_045512.2	17470	C	A	35	19	27	3	3	25	0.0638298	47	0.0885353	FALSE	NA	NA	NA	NA	NA	NA
NC_045512.2	17471	T	G	30	14	27	3	3	27	0.0652174	46	0.0717178	FALSE	NA	NA	NA	NA	NA	NA
NC_045512.2	17471	T	C	30	14	27	4	4	23	0.0869565	46	0.0308659	FALSE	NA	NA	NA	NA	NA	NA
NC_045512.2	17471	T	A	30	14	27	9	9	27	0.195652	46	0.000575642	TRUE	NA	NA	NA	NA	NA	NA
NC_045512.2	17472	A	T	28	12	26	6	6	25	0.12766	47	0.00447555	TRUE	NA	NA	NA	NA	NA	NA
NC_045512.2	17472	A	G	28	12	26	5	5	27	0.106383	47	0.0105307	FALSE	NA	NA	NA	NA	NA	NA
NC_045512.2	17472	A	C	28	12	26	8	8	28	0.170213	47	0.000849021	TRUE	NA	NA	NA	NA	NA	NA
NC_045512.2	17473	A	T	31	17	25	5	5	28	0.111111	45	0.0156819	FALSE	NA	NA	NA	NA	NA	NA
NC_045512.2	17473	A	G	31	17	25	5	5	28	0.111111	45	0.0156819	FALSE	NA	NA	NA	NA	NA	NA
NC_045512.2	17473	A	C	31	17	25	4	4	29	0.0888889	45	0.0348486	FALSE	NA	NA	NA	NA	NA	NA
NC_045512.2	17474	C	T	31	15	27	6	6	27	0.12766	47	0.00615923	TRUE	NA	NA	NA	NA	NA	NA
NC_045512.2	17474	C	G	31	15	27	3	3	27	0.0638298	47	0.0728335	FALSE	NA	NA	NA	NA	NA	NA
NC_045512.2	17474	C	A	31	15	27	7	7	26	0.148936	47	0.00278632	TRUE	NA	NA	NA	NA	NA	NA
NC_045512.2	17475	T	G	32	16	27	6	6	27	0.122449	49	0.00587185	TRUE	NA	NA	NA	NA	NA	NA
NC_045512.2	17475	T	C	32	16	27	5	5	26	0.102041	49	0.0132889	FALSE	NA	NA	NA	NA	NA	NA
NC_045512.2	17475	T	A	32	16	27	6	6	27	0.122449	49	0.00587185	TRUE	NA	NA	NA	NA	NA	NA
NC_045512.2	17476	A	T	34	17	26	5	5	23	0.1	50	0.0146968	FALSE	NA	NA	NA	NA	NA	NA
NC_045512.2	17476	A	G	34	17	26	5	5	27	0.1	50	0.0146968	FALSE	NA	NA	NA	NA	NA	NA
NC_045512.2	17476	A	C	34	17	26	6	6	27	0.12	50	0.00660529	TRUE	NA	NA	NA	NA	NA	NA
NC_045512.2	17477	A	T	30	14	25	13	13	27	0.265306	49	1.90774e-05	TRUE	NA	NA	NA	NA	NA	NA
NC_045512.2	17477	A	G	30	14	25	2	2	28	0.0408163	49	0.156962	FALSE	NA	NA	NA	NA	NA	NA
NC_045512.2	17477	A	C	30	14	25	4	4	24	0.0816327	49	0.0265148	FALSE	NA	NA	NA	NA	NA	NA
NC_045512.2	17478	G	T	35	18	26	2	2	24	0.0408163	49	0.186555	FALSE	NA	NA	NA	NA	NA	NA
NC_045512.2	17478	G	C	35	18	26	5	5	28	0.102041	49	0.0167963	FALSE	NA	NA	NA	NA	NA	NA
NC_045512.2	17478	G	A	35	18	26	7	7	27	0.142857	49	0.00361089	TRUE	NA	NA	NA	NA	NA	NA
NC_045512.2	17479	G	T	28	11	29	7	7	27	0.14	50	0.00148465	TRUE	NA	NA	NA	NA	NA	NA
NC_045512.2	17479	G	C	28	11	29	8	8	26	0.16	50	0.000628793	TRUE	NA	NA	NA	NA	NA	NA
NC_045512.2	17479	G	A	28	11	29	7	7	24	0.14	50	0.00148465	TRUE	NA	NA	NA	NA	NA	NA
NC_045512.2	17480	G	T	36	19	25	9	9	26	0.173077	52	0.000683481	TRUE	NA	NA	NA	NA	NA	NA
NC_045512.2	17480	G	C	36	19	25	2	2	27	0.0384615	52	0.17952	FALSE	NA	NA	NA	NA	NA	NA
NC_045512.2	17480	G	A	36	19	25	5	5	28	0.0961538	52	0.0152388	FALSE	NA	NA	NA	NA	NA	NA
NC_045512.2	17481	C	T	34	17	27	5	5	26	0.0961538	52	0.0131005	FALSE	NA	NA	NA	NA	NA	NA
NC_045512.2	17481	C	G	34	17	27	4	4	25	0.0769231	52	0.0302319	FALSE	NA	NA	NA	NA	NA	NA
NC_045512.2	17481	C	A	34	17	27	9	9	26	0.173077	52	0.000530163	TRUE	NA	NA	NA	NA	NA	NA
NC_045512.2	17482	A	T	34	17	27	10	10	26	0.196078	51	0.000274437	TRUE	NA	NA	NA	NA	NA	NA
NC_045512.2	17482	A	G	34	17	27	3	3	25	0.0588235	51	0.0733053	FALSE	NA	NA	NA	NA	NA	NA
NC_045512.2	17482	A	C	34	17	27	4	4	26	0.0784314	51	0.0316546	FALSE	NA	NA	NA	NA	NA	NA
NC_045512.2	17483	C	T	33	16	27	7	7	26	0.134615	52	0.00230338	TRUE	NA	NA	NA	NA	NA	NA
NC_045512.2	17483	C	G	33	16	27	7	7	27	0.134615	52	0.00230338	TRUE	NA	NA	NA	NA	NA	NA
NC_045512.2	17483	C	A	33	16	27	5	5	26	0.0961538	52	0.0120928	FALSE	NA	NA	NA	NA	NA	NA
NC_045512.2	17484	A	T	33	16	27	10	10	26	0.192308	52	0.000212065	TRUE	NA	NA	NA	NA	NA	NA
NC_045512.2	17484	A	G	33	16	27	2	2	27	0.0384615	52	0.162791	FALSE	NA	NA	NA	NA	NA	NA
NC_045512.2	17484	A	C	33	16	27	7	7	25	0.134615	52	0.00230338	TRUE	NA	NA	NA	NA	NA	NA
NC_045512.2	17485	C	T	33	17	27	4	4	26	0.0784314	51	0.0296712	FALSE	NA	NA	NA	NA	NA	NA
NC_045512.2	17485	C	G	33	17	27	8	8	27	0.156863	51	0.00112427	TRUE	NA	NA	NA	NA	NA	NA
NC_045512.2	17485	C	A	33	17	27	6	6	25	0.117647	51	0.0056145	TRUE	NA	NA	NA	NA	NA	NA
NC_045512.2	17485	C	-T	33	17	27	1	0	20	0.0196078	51	0.404762	FALSE	NA	NA	NA	NA	NA	NA
NC_045512.2	17486	T	G	34	18	27	1	1	25	0.02	50	0.411765	FALSE	NA	NA	NA	NA	NA	NA
NC_045512.2	17486	T	C	34	18	27	6	6	27	0.12	50	0.00616494	TRUE	NA	NA	NA	NA	NA	NA
NC_045512.2	17486	T	A	34	18	27	9	9	27	0.18	50	0.000586298	TRUE	NA	NA	NA	NA	NA	NA
NC_045512.2	17486	T	-A	34	18	27	1	0	20	0.0196078	51	0.411765	FALSE	NA	NA	NA	NA	NA	NA
NC_045512.2	17487	A	T	45	21	26	5	5	25	0.0793651	63	0.0150947	FALSE	NA	NA	NA	NA	NA	NA
NC_045512.2	17487	A	G	45	21	26	9	9	28	0.142857	63	0.000643904	TRUE	NA	NA	NA	NA	NA	NA
NC_045512.2	17487	A	C	45	21	26	4	4	25	0.0634921	63	0.034114	FALSE	NA	NA	NA	NA	NA	NA
NC_045512.2	17488	G	T	42	18	27	5	5	24	0.078125	64	0.012533	FALSE	NA	NA	NA	NA	NA	NA
NC_045512.2	17488	G	C	42	18	27	9	9	28	0.140625	64	0.000469364	TRUE	NA	NA	NA	NA	NA	NA
NC_045512.2	17488	G	A	42	18	27	8	8	25	0.125	64	0.00104917	TRUE	NA	NA	NA	NA	NA	NA
NC_045512.2	17489	A	T	49	25	26	9	9	25	0.140625	64	0.000942641	TRUE	NA	NA	NA	NA	NA	NA
NC_045512.2	17489	A	G	49	25	26	4	4	25	0.0625	64	0.0408959	FALSE	NA	NA	NA	NA	NA	NA
NC_045512.2	17489	A	C	49	25	26	2	2	23	0.03125	64	0.197951	FALSE	NA	NA	NA	NA	NA	NA
NC_045512.2	17490	A	T	39	15	24	11	11	24	0.169231	65	5.80511e-05	TRUE	NA	NA	NA	NA	NA	NA
NC_045512.2	17490	A	G	39	15	24	6	6	26	0.0923077	65	0.00402221	TRUE	NA	NA	NA	NA	NA	NA
NC_045512.2	17490	A	C	39	15	24	9	9	26	0.138462	65	0.00030523	TRUE	NA	NA	NA	NA	NA	NA
NC_045512.2	17491	C	T	42	18	26	11	11	27	0.166667	66	7.96627e-05	TRUE	NA	NA	NA	NA	NA	NA
NC_045512.2	17491	C	G	42	18	26	5	5	26	0.0757576	66	0.0114342	FALSE	NA	NA	NA	NA	NA	NA
NC_045512.2	17491	C	A	42	18	26	8	8	26	0.121212	66	0.000907678	TRUE	NA	NA	NA	NA	NA	NA
NC_045512.2	17492	C	T	48	24	25	4	4	27	0.0597015	67	0.035279	FALSE	NA	NA	NA	NA	NA	NA
NC_045512.2	17492	C	G	48	24	25	8	8	27	0.119403	67	0.00147524	TRUE	NA	NA	NA	NA	NA	NA
NC_045512.2	17492	C	A	48	24	25	7	7	27	0.104478	67	0.00321392	TRUE	NA	NA	NA	NA	NA	NA
NC_045512.2	17493	A	T	47	21	27	7	7	27	0.102941	68	0.00280487	TRUE	NA	NA	NA	NA	NA	NA
NC_045512.2	17493	A	G	47	21	27	7	7	28	0.102941	68	0.00280487	TRUE	NA	NA	NA	NA	NA	NA
NC_045512.2	17493	A	C	47	21	27	7	7	27	0.102941	68	0.00280487	TRUE	NA	NA	NA	NA	NA	NA
NC_045512.2	17494	G	T	45	19	27	4	4	26	0.057971	69	0.028579	FALSE	NA	NA	NA	NA	NA	NA
NC_045512.2	17494	G	C	45	19	27	9	9	28	0.130435	69	0.000436018	TRUE	NA	NA	NA	NA	NA	NA
NC_045512.2	17494	G	A	45	19	27	11	11	26	0.15942	69	8.80497e-05	TRUE	NA	NA	NA	NA	NA	NA
NC_045512.2	17495	A	T	47	22	26	7	7	25	0.104478	67	0.0029771	TRUE	NA	NA	NA	NA	NA	NA
NC_045512.2	17495	A	G	47	22	26	7	6	27	0.104478	67	0.0029771	TRUE	NA	NA	NA	NA	NA	NA
NC_045512.2	17495	A	C	47	22	26	6	6	25	0.0895522	67	0.00661578	TRUE	NA	NA	NA	NA	NA	NA
NC_045512.2	17495	A	-A	47	22	26	1	0	20	0.0149254	67	0.421053	FALSE	NA	NA	NA	NA	NA	NA
NC_045512.2	17496	A	T	51	25	25	9	9	26	0.134328	67	0.000897774	TRUE	NA	NA	NA	NA	NA	NA
NC_045512.2	17496	A	G	51	25	25	3	3	24	0.0447761	67	0.0883208	FALSE	NA	NA	NA	NA	NA	NA
NC_045512.2	17496	A	C	51	25	25	4	4	26	0.0597015	67	0.0401458	FALSE	NA	NA	NA	NA	NA	NA
NC_045512.2	17497	T	G	54	28	27	5	5	26	0.0746269	67	0.0213463	FALSE	NA	NA	NA	NA	NA	NA
NC_045512.2	17497	T	C	54	28	27	6	6	27	0.0895522	67	0.0101649	FALSE	NA	NA	NA	NA	NA	NA
NC_045512.2	17497	T	A	54	28	27	2	2	28	0.0298507	67	0.208644	FALSE	NA	NA	NA	NA	NA	NA
NC_045512.2	17498	A	T	48	22	27	6	6	26	0.0882353	68	0.00672001	TRUE	NA	NA	NA	NA	NA	NA
NC_045512.2	17498	A	G	48	22	27	8	8	27	0.117647	68	0.00137929	TRUE	NA	NA	NA	NA	NA	NA
NC_045512.2	17498	A	C	48	22	27	6	6	26	0.0882353	68	0.00672001	TRUE	NA	NA	NA	NA	NA	NA
NC_045512.2	17499	T	G	45	19	25	5	5	25	0.0757576	66	0.0138051	FALSE	NA	NA	NA	NA	NA	NA
NC_045512.2	17499	T	C	45	19	25	9	9	27	0.136364	66	0.000549808	TRUE	NA	NA	NA	NA	NA	NA
NC_045512.2	17499	T	A	45	19	25	7	7	26	0.106061	66	0.00269756	TRUE	NA	NA	NA	NA	NA	NA
NC_045512.2	17500	T	G	50	24	28	9	9	26	0.130435	69	0.000709029	TRUE	NA	NA	NA	NA	NA	NA
NC_045512.2	17500	T	C	50	24	28	5	5	26	0.0724638	69	0.0161001	FALSE	NA	NA	NA	NA	NA	NA
NC_045512.2	17500	T	A	50	24	28	5	5	27	0.0724638	69	0.0161001	FALSE	NA	NA	NA	NA	NA	NA
NC_045512.2	17501	T	G	37	19	24	7	7	26	0.116667	60	0.00193406	TRUE	NA	NA	NA	NA	NA	NA
NC_045512.2	17501	T	C	37	19	24	5	5	27	0.0833333	60	0.0107396	FALSE	NA	NA	NA	NA	NA	NA
NC_045512.2	17501	T	A	37	19	24	11	11	26	0.183333	60	7.29236e-05	TRUE	NA	NA	NA	NA	NA	NA
NC_045512.2	17502	C	T	47	21	26	7	7	25	0.102941	68	0.00280487	TRUE	NA	NA	NA	NA	NA	NA
NC_045512.2	17502	C	G	47	21	26	8	8	26	0.117647	68	0.00126449	TRUE	NA	NA	NA	NA	NA	NA
NC_045512.2	17502	C	A	47	21	26	6	6	27	0.0882353	68	0.00628499	TRUE	NA	NA	NA	NA	NA	NA
NC_045512.2	17503	A	T	43	18	25	12	11	26	0.181818	66	4.16139e-05	TRUE	NA	NA	NA	NA	NA	NA
NC_045512.2	17503	A	G	43	18	25	5	5	26	0.0757576	66	0.012199	FALSE	NA	NA	NA	NA	NA	NA
NC_045512.2	17503	A	C	43	18	25	6	6	27	0.0909091	66	0.00524342	TRUE	NA	NA	NA	NA	NA	NA
NC_045512.2	17504	A	T	44	22	24	10	10	26	0.15873	63	0.000293367	TRUE	NA	NA	NA	NA	NA	NA
NC_045512.2	17504	A	G	44	22	24	4	4	28	0.0634921	63	0.0337041	FALSE	NA	NA	NA	NA	NA	NA
NC_045512.2	17504	A	C	44	22	24	5	5	26	0.0793651	63	0.0148784	FALSE	NA	NA	NA	NA	NA	NA
NC_045512.2	17505	T	G	49	24	25	6	6	28	0.0869565	69	0.00682206	TRUE	NA	NA	NA	NA	NA	NA
NC_045512.2	17505	T	C	49	24	25	6	6	26	0.0869565	69	0.00682206	TRUE	NA	NA	NA	NA	NA	NA
NC_045512.2	17505	T	A	49	24	25	8	8	25	0.115942	69	0.0014049	TRUE	NA	NA	NA	NA	NA	NA
NC_045512.2	17506	T	G	43	20	25	6	6	25	0.0895522	67	0.00496985	TRUE	NA	NA	NA	NA	NA	NA
NC_045512.2	17506	T	C	43	20	25	8	8	26	0.119403	67	0.00093377	TRUE	NA	NA	NA	NA	NA	NA
NC_045512.2	17506	T	A	43	20	25	10	10	27	0.149254	67	0.000183269	TRUE	NA	NA	NA	NA	NA	NA
NC_045512.2	17507	C	T	42	17	27	12	12	26	0.179104	67	3.25345e-05	TRUE	NA	NA	NA	NA	NA	NA
NC_045512.2	17507	C	G	42	17	27	7	7	26	0.104478	67	0.00196058	TRUE	NA	NA	NA	NA	NA	NA
NC_045512.2	17507	C	A	42	17	27	6	6	26	0.0895522	67	0.00460137	TRUE	NA	NA	NA	NA	NA	NA
NC_045512.2	17508	A	T	45	20	27	6	6	27	0.0857143	70	0.00493039	TRUE	NA	NA	NA	NA	NA	NA
NC_045512.2	17508	A	G	45	20	27	11	11	27	0.157143	70	8.03014e-05	TRUE	NA	NA	NA	NA	NA	NA
NC_045512.2	17508	A	C	45	20	27	8	8	26	0.114286	70	0.000920482	TRUE	NA	NA	NA	NA	NA	NA
NC_045512.2	17509	G	T	45	20	27	6	6	26	0.0857143	70	0.00493039	TRUE	NA	NA	NA	NA	NA	NA
NC_045512.2	17509	G	C	45	20	27	7	7	26	0.1	70	0.00211885	TRUE	NA	NA	NA	NA	NA	NA
NC_045512.2	17509	G	A	45	20	27	12	12	26	0.171429	70	3.63268e-05	TRUE	NA	NA	NA	NA	NA	NA
NC_045512.2	17510	T	G	49	25	26	7	7	26	0.101449	69	0.00308093	TRUE	NA	NA	NA	NA	NA	NA
NC_045512.2	17510	T	C	49	25	26	8	7	27	0.115942	69	0.0014049	TRUE	NA	NA	NA	NA	NA	NA
NC_045512.2	17510	T	A	49	25	26	5	5	26	0.0724638	69	0.0152566	FALSE	NA	NA	NA	NA	NA	NA
NC_045512.2	17511	G	T	43	18	27	8	8	27	0.115942	69	0.000811945	TRUE	NA	NA	NA	NA	NA	NA
NC_045512.2	17511	G	C	43	18	27	11	11	27	0.15942	69	6.82139e-05	TRUE	NA	NA	NA	NA	NA	NA
NC_045512.2	17511	G	A	43	18	27	7	7	25	0.101449	69	0.00189454	TRUE	NA	NA	NA	NA	NA	NA
NC_045512.2	17512	T	G	47	22	27	7	7	28	0.101449	69	0.00264394	TRUE	NA	NA	NA	NA	NA	NA
NC_045512.2	17512	T	C	47	22	27	6	6	26	0.0869565	69	0.00597334	TRUE	NA	NA	NA	NA	NA	NA
NC_045512.2	17512	T	A	47	22	27	9	9	24	0.130435	69	0.000533919	TRUE	NA	NA	NA	NA	NA	NA
NC_045512.2	17513	G	T	44	19	27	6	6	26	0.0869565	69	0.00482246	TRUE	NA	NA	NA	NA	NA	NA
NC_045512.2	17513	G	C	44	19	27	8	8	27	0.115942	69	0.0008956	TRUE	NA	NA	NA	NA	NA	NA
NC_045512.2	17513	G	A	44	19	27	11	11	26	0.15942	69	7.76418e-05	TRUE	NA	NA	NA	NA	NA	NA
NC_045512.2	17513	G	-T	44	19	27	1	0	20	0.0144928	69	0.39823	FALSE	NA	NA	NA	NA	NA	NA
NC_045512.2	17514	T	G	46	22	27	2	2	28	0.0294118	68	0.169115	FALSE	NA	NA	NA	NA	NA	NA
NC_045512.2	17514	T	C	46	22	27	10	10	27	0.147059	68	0.00021821	TRUE	NA	NA	NA	NA	NA	NA
NC_045512.2	17514	T	A	46	22	27	10	10	26	0.147059	68	0.00021821	TRUE	NA	NA	NA	NA	NA	NA
NC_045512.2	17515	A	T	48	23	27	8	8	28	0.114286	70	0.00120772	TRUE	NA	NA	NA	NA	NA	NA
NC_045512.2	17515	A	G	48	23	27	9	9	27	0.128571	70	0.000546351	TRUE	NA	NA	NA	NA	NA	NA
NC_045512.2	17515	A	C	48	23	27	5	5	28	0.0714286	70	0.013844	FALSE	NA	NA	NA	NA	NA	NA
NC_045512.2	17516	G	T	43	18	27	6	6	26	0.0857143	70	0.00424376	TRUE	NA	NA	NA	NA	NA	NA
NC_045512.2	17516	G	C	43	18	27	8	8	27	0.114286	70	0.000757815	TRUE	NA	NA	NA	NA	NA	NA
NC_045512.2	17516	G	A	43	18	27	13	13	27	0.185714	70	1.23425e-05	TRUE	NA	NA	NA	NA	NA	NA
NC_045512.2	17517	A	T	46	21	27	10	10	27	0.142857	70	0.000200753	TRUE	NA	NA	NA	NA	NA	NA
NC_045512.2	17517	A	G	46	21	27	6	6	28	0.0857143	70	0.00529711	TRUE	NA	NA	NA	NA	NA	NA
NC_045512.2	17517	A	C	46	21	27	8	8	27	0.114286	70	0.00101029	TRUE	NA	NA	NA	NA	NA	NA
NC_045512.2	17518	C	T	45	21	27	8	8	27	0.115942	69	0.000985077	TRUE	NA	NA	NA	NA	NA	NA
NC_045512.2	17518	C	G	45	21	27	8	8	26	0.115942	69	0.000985077	TRUE	NA	NA	NA	NA	NA	NA
NC_045512.2	17518	C	A	45	21	27	8	8	25	0.115942	69	0.000985077	TRUE	NA	NA	NA	NA	NA	NA
NC_045512.2	17519	T	G	47	23	26	1	1	27	0.0144928	69	0.413793	FALSE	NA	NA	NA	NA	NA	NA
NC_045512.2	17519	T	C	47	23	26	7	7	25	0.101449	69	0.00264394	TRUE	NA	NA	NA	NA	NA	NA
NC_045512.2	17519	T	A	47	23	26	14	14	26	0.202899	69	1.15406e-05	TRUE	NA	NA	NA	NA	NA	NA
NC_045512.2	17520	T	G	42	19	24	11	11	27	0.161765	68	6.56715e-05	TRUE	NA	NA	NA	NA	NA	NA
NC_045512.2	17520	T	C	42	19	24	8	8	25	0.117647	68	0.000787296	TRUE	NA	NA	NA	NA	NA	NA
NC_045512.2	17520	T	A	42	19	24	7	7	27	0.102941	68	0.00184227	TRUE	NA	NA	NA	NA	NA	NA
NC_045512.2	17521	A	T	46	22	27	9	9	27	0.130435	69	0.00048318	TRUE	NA	NA	NA	NA	NA	NA
NC_045512.2	17521	A	G	46	22	27	4	4	26	0.057971	69	0.0300111	FALSE	NA	NA	NA	NA	NA	NA
NC_045512.2	17521	A	C	46	22	27	10	10	27	0.144928	69	0.00021821	TRUE	NA	NA	NA	NA	NA	NA
NC_045512.2	17522	T	G	42	19	27	8	8	27	0.119403	67	0.000845079	TRUE	NA	NA	NA	NA	NA	NA
NC_045512.2	17522	T	C	42	19	27	4	4	26	0.0597015	67	0.0262743	FALSE	NA	NA	NA	NA	NA	NA
NC_045512.2	17522	T	A	42	19	27	13	13	27	0.19403	67	1.47884e-05	TRUE	NA	NA	NA	NA	NA	NA
NC_045512.2	17523	G	T	44	21	26	9	9	26	0.132353	68	0.00042381	TRUE	NA	NA	NA	NA	NA	NA
NC_045512.2	17523	G	C	44	21	26	11	11	26	0.161765	68	8.52674e-05	TRUE	NA	NA	NA	NA	NA	NA
NC_045512.2	17523	G	A	44	21	26	4	4	27	0.0588235	68	0.0281456	FALSE	NA	NA	NA	NA	NA	NA
NC_045512.2	17523	G	-A	44	21	26	2	0	20	0.0294118	68	0.163559	FALSE	NA	NA	NA	NA	NA	NA
NC_045512.2	17524	A	T	39	19	25	5	5	25	0.0847458	59	0.0124057	FALSE	NA	NA	NA	NA	NA	NA
NC_045512.2	17524	A	G	39	19	25	6	6	26	0.101695	59	0.00536784	TRUE	NA	NA	NA	NA	NA	NA
NC_045512.2	17524	A	C	39	19	25	9	9	27	0.152542	59	0.000467754	TRUE	NA	NA	NA	NA	NA	NA
NC_045512.2	17525	A	T	44	23	28	9	9	25	0.138462	65	0.000536587	TRUE	NA	NA	NA	NA	NA	NA
NC_045512.2	17525	A	G	44	23	28	5	5	26	0.0769231	65	0.0135852	FALSE	NA	NA	NA	NA	NA	NA
NC_045512.2	17525	A	C	44	23	28	7	7	27	0.107692	65	0.00264244	TRUE	NA	NA	NA	NA	NA	NA
NC_045512.2	17526	A	T	48	27	27	9	9	27	0.136364	66	0.00073762	TRUE	NA	NA	NA	NA	NA	NA
NC_045512.2	17526	A	G	48	27	27	3	3	29	0.0454545	66	0.0821629	FALSE	NA	NA	NA	NA	NA	NA
NC_045512.2	17526	A	C	48	27	27	6	6	27	0.0909091	66	0.00744275	TRUE	NA	NA	NA	NA	NA	NA
NC_045512.2	17527	A	T	34	24	24	7	7	26	0.127273	55	0.00203455	TRUE	NA	NA	NA	NA	NA	NA
NC_045512.2	17527	A	G	34	24	24	9	9	26	0.163636	55	0.000394587	TRUE	NA	NA	NA	NA	NA	NA
NC_045512.2	17527	A	C	34	24	24	5	5	25	0.0909091	55	0.0110784	FALSE	NA	NA	NA	NA	NA	NA
NC_045512.2	17528	C	T	42	21	26	6	6	25	0.09375	64	0.0054197	TRUE	NA	NA	NA	NA	NA	NA
NC_045512.2	17528	C	G	42	21	26	6	6	27	0.09375	64	0.0054197	TRUE	NA	NA	NA	NA	NA	NA
NC_045512.2	17528	C	A	42	21	26	10	10	26	0.15625	64	0.000212234	TRUE	NA	NA	NA	NA	NA	NA
NC_045512.2	17529	T	G	49	28	27	5	5	26	0.078125	64	0.0188751	FALSE	NA	NA	NA	NA	NA	NA
NC_045512.2	17529	T	C	49	28	27	4	4	25	0.0625	64	0.0408959	FALSE	NA	NA	NA	NA	NA	NA
NC_045512.2	17529	T	A	49	28	27	6	6	27	0.09375	64	0.00879769	TRUE	NA	NA	NA	NA	NA	NA
NC_045512.2	17530	A	T	45	24	26	7	7	26	0.106061	66	0.00269756	TRUE	NA	NA	NA	NA	NA	NA
NC_045512.2	17530	A	G	45	24	26	6	6	28	0.0909091	66	0.0060695	TRUE	NA	NA	NA	NA	NA	NA
NC_045512.2	17530	A	C	45	24	26	8	8	27	0.121212	66	0.00121161	TRUE	NA	NA	NA	NA	NA	NA
NC_045512.2	17531	T	G	42	21	26	4	4	26	0.0615385	65	0.028266	FALSE	NA	NA	NA	NA	NA	NA
NC_045512.2	17531	T	C	42	21	26	10	10	26	0.153846	65	0.000193938	TRUE	NA	NA	NA	NA	NA	NA
NC_045512.2	17531	T	A	42	21	26	9	9	28	0.138462	65	0.000432631	TRUE	NA	NA	NA	NA	NA	NA
NC_045512.2	17532	A	T	38	17	26	11	11	26	0.169231	65	5.01156e-05	TRUE	NA	NA	NA	NA	NA	NA
NC_045512.2	17532	A	G	38	17	26	7	7	27	0.107692	65	0.00152297	TRUE	NA	NA	NA	NA	NA	NA
NC_045512.2	17532	A	C	38	17	26	9	9	28	0.138462	65	0.000269669	TRUE	NA	NA	NA	NA	NA	NA
NC_045512.2	17533	G	T	34	13	26	11	11	28	0.174603	63	3.27599e-05	TRUE	NA	NA	NA	NA	NA	NA
NC_045512.2	17533	G	C	34	13	26	4	4	27	0.0634921	63	0.0188245	FALSE	NA	NA	NA	NA	NA	NA
NC_045512.2	17533	G	A	34	13	26	14	14	25	0.222222	63	2.62541e-06	TRUE	NA	NA	NA	NA	NA	NA
NC_045512.2	17534	G	T	39	20	25	6	6	24	0.09375	64	0.00425651	TRUE	NA	NA	NA	NA	NA	NA
NC_045512.2	17534	G	C	39	20	25	7	7	26	0.109375	64	0.00179632	TRUE	NA	NA	NA	NA	NA	NA
NC_045512.2	17534	G	A	39	20	25	12	12	27	0.1875	64	2.87437e-05	TRUE	NA	NA	NA	NA	NA	NA
NC_045512.2	17535	T	G	46	25	27	4	4	28	0.0606061	66	0.0333124	FALSE	NA	NA	NA	NA	NA	NA
NC_045512.2	17535	T	C	46	25	27	5	5	26	0.0757576	66	0.014646	FALSE	NA	NA	NA	NA	NA	NA
NC_045512.2	17535	T	A	46	25	27	11	11	26	0.166667	66	0.000131485	TRUE	NA	NA	NA	NA	NA	NA
NC_045512.2	17536	C	T	43	22	26	7	7	27	0.107692	65	0.00242751	TRUE	NA	NA	NA	NA	NA	NA
NC_045512.2	17536	C	G	43	22	26	5	5	25	0.0769231	65	0.0127637	FALSE	NA	NA	NA	NA	NA	NA
NC_045512.2	17536	C	A	43	22	26	10	10	27	0.153846	65	0.000218609	TRUE	NA	NA	NA	NA	NA	NA
NC_045512.2	17537	C	T	37	21	26	10	10	26	0.163934	61	0.000147366	TRUE	NA	NA	NA	NA	NA	NA
NC_045512.2	17537	C	G	37	21	26	6	6	26	0.0983607	61	0.00426373	TRUE	NA	NA	NA	NA	NA	NA
NC_045512.2	17537	C	A	37	21	26	8	8	25	0.131148	61	0.000773094	TRUE	NA	NA	NA	NA	NA	NA
NC_045512.2	17538	A	T	42	21	26	8	8	27	0.121212	66	0.000907678	TRUE	NA	NA	NA	NA	NA	NA
NC_045512.2	17538	A	G	42	21	26	11	11	27	0.166667	66	7.96627e-05	TRUE	NA	NA	NA	NA	NA	NA
NC_045512.2	17538	A	C	42	21	26	5	5	28	0.0757576	66	0.0114342	FALSE	NA	NA	NA	NA	NA	NA
NC_045512.2	17539	G	T	35	15	26	12	12	26	0.184615	65	1.32495e-05	TRUE	NA	NA	NA	NA	NA	NA
NC_045512.2	17539	G	C	35	15	26	11	11	27	0.169231	65	3.12913e-05	TRUE	NA	NA	NA	NA	NA	NA
NC_045512.2	17539	G	A	35	15	26	7	7	27	0.107692	65	0.00110703	TRUE	NA	NA	NA	NA	NA	NA
NC_045512.2	17539	G	-A	35	15	26	1	0	20	0.0153846	65	0.36	FALSE	NA	NA	NA	NA	NA	NA
NC_045512.2	17540	A	T	41	21	27	9	9	27	0.140625	64	0.000386535	TRUE	NA	NA	NA	NA	NA	NA
NC_045512.2	17540	A	G	41	21	27	9	9	27	0.140625	64	0.000386535	TRUE	NA	NA	NA	NA	NA	NA
NC_045512.2	17540	A	C	41	21	27	5	5	26	0.078125	64	0.0111997	FALSE	NA	NA	NA	NA	NA	NA
NC_045512.2	17541	C	T	44	24	26	6	6	28	0.09375	64	0.00628946	TRUE	NA	NA	NA	NA	NA	NA
NC_045512.2	17541	C	G	44	24	26	4	4	28	0.0625	64	0.0324895	FALSE	NA	NA	NA	NA	NA	NA
NC_045512.2	17541	C	A	44	24	26	10	10	25	0.15625	64	0.000268293	TRUE	NA	NA	NA	NA	NA	NA
NC_045512.2	17542	A	T	42	23	27	8	8	27	0.131148	61	0.0013104	TRUE	NA	NA	NA	NA	NA	NA
NC_045512.2	17542	A	G	42	23	27	8	8	27	0.131148	61	0.0013104	TRUE	NA	NA	NA	NA	NA	NA
NC_045512.2	17542	A	C	42	23	27	3	3	28	0.0491803	61	0.0756961	FALSE	NA	NA	NA	NA	NA	NA
NC_045512.2	17543	T	G	42	23	26	6	6	26	0.0952381	63	0.00572939	TRUE	NA	NA	NA	NA	NA	NA
NC_045512.2	17543	T	C	42	23	26	8	8	26	0.126984	63	0.0011291	TRUE	NA	NA	NA	NA	NA	NA
NC_045512.2	17543	T	A	42	23	26	7	7	25	0.111111	63	0.00252919	TRUE	NA	NA	NA	NA	NA	NA
NC_045512.2	17544	G	T	38	20	26	12	12	26	0.190476	63	2.74852e-05	TRUE	NA	NA	NA	NA	NA	NA
NC_045512.2	17544	G	C	38	20	26	2	2	22	0.031746	63	0.151427	FALSE	NA	NA	NA	NA	NA	NA
NC_045512.2	17544	G	A	38	20	26	11	10	25	0.174603	63	6.15669e-05	TRUE	NA	NA	NA	NA	NA	NA
NC_045512.2	17545	T	G	38	22	24	12	12	26	0.193548	62	3.07835e-05	TRUE	NA	NA	NA	NA	NA	NA
NC_045512.2	17545	T	C	38	22	24	5	5	27	0.0806452	62	0.0104673	FALSE	NA	NA	NA	NA	NA	NA
NC_045512.2	17545	T	A	38	22	24	7	6	26	0.112903	62	0.0018621	TRUE	NA	NA	NA	NA	NA	NA
NC_045512.2	17546	T	G	32	20	25	7	7	27	0.122807	57	0.00139193	TRUE	NA	NA	NA	NA	NA	NA
NC_045512.2	17546	T	C	32	20	25	8	8	26	0.140351	57	0.000579971	TRUE	NA	NA	NA	NA	NA	NA
NC_045512.2	17546	T	A	32	20	25	10	10	27	0.175439	57	0.000105061	TRUE	NA	NA	NA	NA	NA	NA
NC_045512.2	17547	C	T	38	22	25	8	8	28	0.133333	60	0.00086522	TRUE	NA	NA	NA	NA	NA	NA
NC_045512.2	17547	C	G	38	22	25	6	6	25	0.1	60	0.00465213	TRUE	NA	NA	NA	NA	NA	NA
NC_045512.2	17547	C	A	38	22	25	8	8	25	0.133333	60	0.00086522	TRUE	NA	NA	NA	NA	NA	NA
NC_045512.2	17548	C	T	33	19	25	6	6	27	0.101695	59	0.00330167	TRUE	NA	NA	NA	NA	NA	NA
NC_045512.2	17548	C	G	33	19	25	10	10	28	0.169492	59	9.9796e-05	TRUE	NA	NA	NA	NA	NA	NA
NC_045512.2	17548	C	A	33	19	25	10	10	25	0.169492	59	9.9796e-05	TRUE	NA	NA	NA	NA	NA	NA
NC_045512.2	17549	T	G	36	21	26	3	3	27	0.0517241	58	0.0639628	FALSE	NA	NA	NA	NA	NA	NA
NC_045512.2	17549	T	C	36	21	26	9	7	26	0.155172	58	0.000386901	TRUE	NA	NA	NA	NA	NA	NA
NC_045512.2	17549	T	A	36	21	26	10	10	27	0.172414	58	0.000172791	TRUE	NA	NA	NA	NA	NA	NA
NC_045512.2	17550	C	T	46	29	26	7	7	28	0.114754	61	0.00399125	TRUE	NA	NA	NA	NA	NA	NA
NC_045512.2	17550	C	G	46	29	26	3	3	28	0.0491803	61	0.0877609	FALSE	NA	NA	NA	NA	NA	NA
NC_045512.2	17550	C	A	46	29	26	5	5	27	0.0819672	61	0.0183284	FALSE	NA	NA	NA	NA	NA	NA
NC_045512.2	17551	G	T	32	16	25	8	8	26	0.140351	57	0.000579971	TRUE	NA	NA	NA	NA	NA	NA
NC_045512.2	17551	G	C	32	16	25	8	8	26	0.140351	57	0.000579971	TRUE	NA	NA	NA	NA	NA	NA
NC_045512.2	17551	G	A	32	16	25	9	9	27	0.157895	57	0.000245142	TRUE	NA	NA	NA	NA	NA	NA
NC_045512.2	17552	G	T	36	23	26	9	9	26	0.155172	58	0.000386901	TRUE	NA	NA	NA	NA	NA	NA
NC_045512.2	17552	G	C	36	23	26	4	4	27	0.0689655	58	0.0263764	FALSE	NA	NA	NA	NA	NA	NA
NC_045512.2	17552	G	A	36	23	26	9	9	27	0.155172	58	0.000386901	TRUE	NA	NA	NA	NA	NA	NA
NC_045512.2	17553	A	T	36	20	25	5	5	27	0.0862069	58	0.011035	FALSE	NA	NA	NA	NA	NA	NA
NC_045512.2	17553	A	G	36	20	25	8	8	27	0.137931	58	0.000876975	TRUE	NA	NA	NA	NA	NA	NA
NC_045512.2	17553	A	C	36	20	25	9	9	26	0.155172	58	0.000386901	TRUE	NA	NA	NA	NA	NA	NA
NC_045512.2	17554	A	T	40	28	26	5	5	26	0.0892857	56	0.0162279	FALSE	NA	NA	NA	NA	NA	NA
NC_045512.2	17554	A	G	40	28	26	4	4	29	0.0714286	56	0.036062	FALSE	NA	NA	NA	NA	NA	NA
NC_045512.2	17554	A	C	40	28	26	7	7	27	0.125	56	0.00340562	TRUE	NA	NA	NA	NA	NA	NA
NC_045512.2	17555	C	T	35	19	27	8	8	27	0.131148	61	0.000609889	TRUE	NA	NA	NA	NA	NA	NA
NC_045512.2	17555	C	G	35	19	27	6	6	25	0.0983607	61	0.00354789	TRUE	NA	NA	NA	NA	NA	NA
NC_045512.2	17555	C	A	35	19	27	12	12	28	0.196721	61	2.10795e-05	TRUE	NA	NA	NA	NA	NA	NA
NC_045512.2	17556	T	G	30	14	25	3	3	27	0.05	60	0.0434464	FALSE	NA	NA	NA	NA	NA	NA
NC_045512.2	17556	T	C	30	14	25	16	16	25	0.266667	60	3.16678e-07	TRUE	NA	NA	NA	NA	NA	NA
NC_045512.2	17556	T	A	30	14	25	11	11	26	0.183333	60	2.23079e-05	TRUE	NA	NA	NA	NA	NA	NA
NC_045512.2	17557	T	G	31	20	25	3	3	26	0.0535714	56	0.0526928	FALSE	NA	NA	NA	NA	NA	NA
NC_045512.2	17557	T	C	31	20	25	11	11	27	0.196429	56	4.30344e-05	TRUE	NA	NA	NA	NA	NA	NA
NC_045512.2	17557	T	A	31	20	25	11	11	25	0.196429	56	4.30344e-05	TRUE	NA	NA	NA	NA	NA	NA
NC_045512.2	17558	G	T	31	16	26	8	8	27	0.131148	61	0.000359366	TRUE	NA	NA	NA	NA	NA	NA
NC_045512.2	17558	G	C	31	16	26	9	9	27	0.147541	61	0.000143746	TRUE	NA	NA	NA	NA	NA	NA
NC_045512.2	17558	G	A	31	16	26	13	13	26	0.213115	61	4.24384e-06	TRUE	NA	NA	NA	NA	NA	NA
NC_045512.2	17559	T	G	40	25	26	6	6	27	0.0983607	61	0.00549082	TRUE	NA	NA	NA	NA	NA	NA
NC_045512.2	17559	T	C	40	25	26	5	5	26	0.0819672	61	0.0126528	FALSE	NA	NA	NA	NA	NA	NA
NC_045512.2	17559	T	A	40	25	26	10	10	26	0.163934	61	0.000219036	TRUE	NA	NA	NA	NA	NA	NA
NC_045512.2	17560	C	T	38	24	27	8	8	27	0.133333	60	0.000935851	TRUE	NA	NA	NA	NA	NA	NA
NC_045512.2	17560	C	G	38	24	27	6	6	26	0.1	60	0.00493695	TRUE	NA	NA	NA	NA	NA	NA
NC_045512.2	17560	C	A	38	24	27	8	8	26	0.133333	60	0.000935851	TRUE	NA	NA	NA	NA	NA	NA
NC_045512.2	17561	G	T	29	15	25	8	8	26	0.140351	57	0.000379099	TRUE	NA	NA	NA	NA	NA	NA
NC_045512.2	17561	G	C	29	15	25	6	6	28	0.105263	57	0.00243512	TRUE	NA	NA	NA	NA	NA	NA
NC_045512.2	17561	G	A	29	15	25	14	14	27	0.245614	57	2.06256e-06	TRUE	NA	NA	NA	NA	NA	NA
NC_045512.2	17562	G	T	28	18	26	9	9	27	0.163636	55	0.000158725	TRUE	NA	NA	NA	NA	NA	NA
NC_045512.2	17562	G	C	28	18	26	5	5	24	0.0909091	55	0.00642319	TRUE	NA	NA	NA	NA	NA	NA
NC_045512.2	17562	G	A	28	18	26	13	13	26	0.236364	55	5.04912e-06	TRUE	NA	NA	NA	NA	NA	NA
NC_045512.2	17563	C	T	35	22	27	10	9	26	0.166667	60	0.000122225	TRUE	NA	NA	NA	NA	NA	NA
NC_045512.2	17563	C	G	35	22	27	5	5	27	0.0833333	60	0.00919993	TRUE	NA	NA	NA	NA	NA	NA
NC_045512.2	17563	C	A	35	22	27	10	10	27	0.166667	60	0.000122225	TRUE	NA	NA	NA	NA	NA	NA
NC_045512.2	17564	G	T	30	16	26	11	11	26	0.189655	58	2.81982e-05	TRUE	NA	NA	NA	NA	NA	NA
NC_045512.2	17564	G	C	30	16	26	9	9	26	0.155172	58	0.000163446	TRUE	NA	NA	NA	NA	NA	NA
NC_045512.2	17564	G	A	30	16	26	8	8	24	0.137931	58	0.000402329	TRUE	NA	NA	NA	NA	NA	NA
NC_045512.2	17565	T	G	34	20	25	5	5	26	0.0909091	55	0.0110784	FALSE	NA	NA	NA	NA	NA	NA
NC_045512.2	17565	T	C	34	20	25	6	6	26	0.109091	55	0.0047142	TRUE	NA	NA	NA	NA	NA	NA
NC_045512.2	17565	T	A	34	20	25	10	10	27	0.181818	55	0.000177162	TRUE	NA	NA	NA	NA	NA	NA
NC_045512.2	17566	T	G	34	23	24	7	7	27	0.125	56	0.0018862	TRUE	NA	NA	NA	NA	NA	NA
NC_045512.2	17566	T	C	34	23	24	8	8	28	0.142857	56	0.000816704	TRUE	NA	NA	NA	NA	NA	NA
NC_045512.2	17566	T	A	34	23	24	7	7	27	0.125	56	0.0018862	TRUE	NA	NA	NA	NA	NA	NA
NC_045512.2	17567	G	T	32	18	26	8	8	27	0.133333	60	0.000449207	TRUE	NA	NA	NA	NA	NA	NA
NC_045512.2	17567	G	C	32	18	26	8	8	26	0.133333	60	0.000449207	TRUE	NA	NA	NA	NA	NA	NA
NC_045512.2	17567	G	A	32	18	26	12	12	26	0.2	60	1.37925e-05	TRUE	NA	NA	NA	NA	NA	NA
NC_045512.2	17568	T	G	37	23	27	4	4	25	0.0701754	57	0.0292279	FALSE	NA	NA	NA	NA	NA	NA
NC_045512.2	17568	T	C	37	23	27	6	6	24	0.105263	57	0.00544069	TRUE	NA	NA	NA	NA	NA	NA
NC_045512.2	17568	T	A	37	23	27	10	10	26	0.175439	57	0.000219491	TRUE	NA	NA	NA	NA	NA	NA
NC_045512.2	17569	C	T	37	24	25	6	6	26	0.105263	57	0.00544069	TRUE	NA	NA	NA	NA	NA	NA
NC_045512.2	17569	C	G	37	24	25	5	5	26	0.0877193	57	0.0125262	FALSE	NA	NA	NA	NA	NA	NA
NC_045512.2	17569	C	A	37	24	25	9	9	25	0.157895	57	0.000481012	TRUE	NA	NA	NA	NA	NA	NA
NC_045512.2	17569	C	-C	37	24	25	1	0	20	0.0175439	57	0.404255	FALSE	NA	NA	NA	NA	NA	NA
NC_045512.2	17570	C	T	32	20	26	11	11	26	0.192982	57	4.0613e-05	TRUE	NA	NA	NA	NA	NA	NA
NC_045512.2	17570	C	G	32	20	26	2	2	25	0.0350877	57	0.136996	FALSE	NA	NA	NA	NA	NA	NA
NC_045512.2	17570	C	A	32	20	26	12	12	26	0.210526	57	1.76928e-05	TRUE	NA	NA	NA	NA	NA	NA
NC_045512.2	17571	T	G	34	22	27	10	10	25	0.169492	59	0.000116486	TRUE	NA	NA	NA	NA	NA	NA
NC_045512.2	17571	T	C	34	22	27	8	8	26	0.135593	59	0.000634271	TRUE	NA	NA	NA	NA	NA	NA
NC_045512.2	17571	T	A	34	22	27	7	7	27	0.118644	59	0.00151017	TRUE	NA	NA	NA	NA	NA	NA
NC_045512.2	17572	G	T	34	22	27	11	11	26	0.189655	58	5.6977e-05	TRUE	NA	NA	NA	NA	NA	NA
NC_045512.2	17572	G	C	34	22	27	6	6	26	0.103448	58	0.00388432	TRUE	NA	NA	NA	NA	NA	NA
NC_045512.2	17572	G	A	34	22	27	7	7	25	0.12069	58	0.00162507	TRUE	NA	NA	NA	NA	NA	NA
NC_045512.2	17573	C	T	36	24	27	4	4	27	0.0701754	57	0.0275109	FALSE	NA	NA	NA	NA	NA	NA
NC_045512.2	17573	C	G	36	24	27	6	6	26	0.105263	57	0.00498356	TRUE	NA	NA	NA	NA	NA	NA
NC_045512.2	17573	C	A	36	24	27	11	11	26	0.192982	57	8.73243e-05	TRUE	NA	NA	NA	NA	NA	NA
NC_045512.2	17574	T	G	33	21	26	10	10	26	0.169492	59	9.9796e-05	TRUE	NA	NA	NA	NA	NA	NA
NC_045512.2	17574	T	C	33	21	26	7	7	25	0.118644	59	0.00134762	TRUE	NA	NA	NA	NA	NA	NA
NC_045512.2	17574	T	A	33	21	26	9	9	26	0.152542	59	0.000234405	TRUE	NA	NA	NA	NA	NA	NA
NC_045512.2	17575	G	T	28	18	27	11	11	26	0.196429	56	2.42758e-05	TRUE	NA	NA	NA	NA	NA	NA
NC_045512.2	17575	G	C	28	18	27	9	9	27	0.160714	56	0.000143198	TRUE	NA	NA	NA	NA	NA	NA
NC_045512.2	17575	G	A	28	18	27	8	8	26	0.142857	56	0.000356059	TRUE	NA	NA	NA	NA	NA	NA
NC_045512.2	17575	G	-A	28	18	27	1	0	20	0.0178571	56	0.345238	FALSE	NA	NA	NA	NA	NA	NA
NC_045512.2	17576	A	T	29	20	25	3	3	26	0.0545455	55	0.0467947	FALSE	NA	NA	NA	NA	NA	NA
NC_045512.2	17576	A	G	29	20	25	10	10	27	0.181818	55	7.0316e-05	TRUE	NA	NA	NA	NA	NA	NA
NC_045512.2	17576	A	C	29	20	25	13	13	26	0.236364	55	5.47496e-06	TRUE	NA	NA	NA	NA	NA	NA
NC_045512.2	17577	A	T	33	24	27	12	12	25	0.218182	55	3.11131e-05	TRUE	NA	NA	NA	NA	NA	NA
NC_045512.2	17577	A	G	33	24	27	4	4	28	0.0727273	55	0.0247112	FALSE	NA	NA	NA	NA	NA	NA
NC_045512.2	17577	A	C	33	24	27	6	6	26	0.109091	55	0.00428028	TRUE	NA	NA	NA	NA	NA	NA
NC_045512.2	17578	A	T	22	18	26	13	13	27	0.26	50	2.3591e-06	TRUE	NA	NA	NA	NA	NA	NA
NC_045512.2	17578	A	G	22	18	26	8	8	27	0.16	50	0.000224346	TRUE	NA	NA	NA	NA	NA	NA
NC_045512.2	17578	A	C	22	18	26	7	7	28	0.14	50	0.000590779	TRUE	NA	NA	NA	NA	NA	NA
NC_045512.2	17579	T	G	26	18	25	7	7	27	0.132075	53	0.000865515	TRUE	NA	NA	NA	NA	NA	NA
NC_045512.2	17579	T	C	26	18	25	11	11	26	0.207547	53	2.34118e-05	TRUE	NA	NA	NA	NA	NA	NA
NC_045512.2	17579	T	A	26	18	25	9	9	26	0.169811	53	0.000137659	TRUE	NA	NA	NA	NA	NA	NA
NC_045512.2	17580	T	G	28	21	26	6	6	26	0.113208	53	0.00286055	TRUE	NA	NA	NA	NA	NA	NA
NC_045512.2	17580	T	C	28	21	26	10	10	27	0.188679	53	8.26364e-05	TRUE	NA	NA	NA	NA	NA	NA
NC_045512.2	17580	T	A	28	21	26	9	9	27	0.169811	53	0.000195718	TRUE	NA	NA	NA	NA	NA	NA
NC_045512.2	17581	G	T	32	24	26	10	10	27	0.178571	56	0.000117	TRUE	NA	NA	NA	NA	NA	NA
NC_045512.2	17581	G	C	32	24	26	6	6	26	0.107143	56	0.00362177	TRUE	NA	NA	NA	NA	NA	NA
NC_045512.2	17581	G	A	32	24	26	8	8	27	0.142857	56	0.000632695	TRUE	NA	NA	NA	NA	NA	NA
NC_045512.2	17582	T	G	24	16	26	5	5	27	0.0980392	51	0.00526921	TRUE	NA	NA	NA	NA	NA	NA
NC_045512.2	17582	T	C	24	16	26	9	9	26	0.176471	51	0.000117335	TRUE	NA	NA	NA	NA	NA	NA
NC_045512.2	17582	T	A	24	16	26	13	13	25	0.254902	51	3.48146e-06	TRUE	NA	NA	NA	NA	NA	NA
NC_045512.2	17583	T	G	28	21	26	7	7	26	0.134615	52	0.00125149	TRUE	NA	NA	NA	NA	NA	NA
NC_045512.2	17583	T	C	28	21	26	6	6	26	0.115385	52	0.0030751	TRUE	NA	NA	NA	NA	NA	NA
NC_045512.2	17583	T	A	28	21	26	11	11	26	0.211538	52	4.02853e-05	TRUE	NA	NA	NA	NA	NA	NA
NC_045512.2	17584	G	T	28	20	27	11	11	24	0.203704	54	3.11811e-05	TRUE	NA	NA	NA	NA	NA	NA
NC_045512.2	17584	G	C	28	20	27	5	5	27	0.0925926	54	0.00681485	TRUE	NA	NA	NA	NA	NA	NA
NC_045512.2	17584	G	A	28	20	27	10	10	26	0.185185	54	7.35555e-05	TRUE	NA	NA	NA	NA	NA	NA
NC_045512.2	17585	A	T	23	16	26	8	8	25	0.186047	43	0.000586866	TRUE	NA	NA	NA	NA	NA	NA
NC_045512.2	17585	A	G	23	16	26	5	5	27	0.116279	43	0.00812029	TRUE	NA	NA	NA	NA	NA	NA
NC_045512.2	17585	A	C	23	16	26	7	7	24	0.162791	43	0.00138197	TRUE	NA	NA	NA	NA	NA	NA
NC_045512.2	17586	C	T	22	15	27	7	7	25	0.175	40	0.00160997	TRUE	NA	NA	NA	NA	NA	NA
NC_045512.2	17586	C	G	22	15	27	3	3	25	0.075	40	0.0552035	FALSE	NA	NA	NA	NA	NA	NA
NC_045512.2	17586	C	A	22	15	27	8	8	26	0.2	40	0.000699989	TRUE	NA	NA	NA	NA	NA	NA
NC_045512.2	17587	A	T	22	15	28	8	8	26	0.195122	41	0.00061999	TRUE	NA	NA	NA	NA	NA	NA
NC_045512.2	17587	A	G	22	15	28	4	4	25	0.097561	41	0.0207431	FALSE	NA	NA	NA	NA	NA	NA
NC_045512.2	17587	A	C	22	15	28	7	7	25	0.170732	41	0.00144664	TRUE	NA	NA	NA	NA	NA	NA
NC_045512.2	17588	C	T	21	14	27	8	8	24	0.2	40	0.000580647	TRUE	NA	NA	NA	NA	NA	NA
NC_045512.2	17588	C	G	21	14	27	5	5	27	0.125	40	0.00796379	TRUE	NA	NA	NA	NA	NA	NA
NC_045512.2	17588	C	A	21	14	27	6	6	25	0.15	40	0.00325791	TRUE	NA	NA	NA	NA	NA	NA
NC_045512.2	17589	T	G	25	18	27	2	2	24	0.0526316	38	0.174107	FALSE	NA	NA	NA	NA	NA	NA
NC_045512.2	17589	T	C	25	18	27	2	2	25	0.0526316	38	0.174107	FALSE	NA	NA	NA	NA	NA	NA
NC_045512.2	17589	T	A	25	18	27	9	9	26	0.236842	38	0.000704291	TRUE	NA	NA	NA	NA	NA	NA
NC_045512.2	17590	G	T	23	16	26	1	1	26	0.0243902	41	0.375	FALSE	NA	NA	NA	NA	NA	NA
NC_045512.2	17590	G	C	23	16	26	8	8	26	0.195122	41	0.000741482	TRUE	NA	NA	NA	NA	NA	NA
NC_045512.2	17590	G	A	23	16	26	9	9	26	0.219512	41	0.000329548	TRUE	NA	NA	NA	NA	NA	NA
NC_045512.2	17591	T	G	25	18	26	5	5	23	0.121951	41	0.0117744	FALSE	NA	NA	NA	NA	NA	NA
NC_045512.2	17591	T	C	25	18	26	4	4	26	0.097561	41	0.0274737	FALSE	NA	NA	NA	NA	NA	NA
NC_045512.2	17591	T	A	25	18	26	7	7	24	0.170732	41	0.00228486	TRUE	NA	NA	NA	NA	NA	NA
NC_045512.2	17592	G	T	20	13	26	5	5	26	0.135135	37	0.00893069	TRUE	NA	NA	NA	NA	NA	NA
NC_045512.2	17592	G	C	20	13	26	4	4	26	0.108108	37	0.0217909	FALSE	NA	NA	NA	NA	NA	NA
NC_045512.2	17592	G	A	20	13	26	8	8	26	0.216216	37	0.000702212	TRUE	NA	NA	NA	NA	NA	NA
NC_045512.2	17593	A	T	9	3	27	3	3	27	0.214286	14	0.0956522	FALSE	NA	NA	NA	NA	NA	NA
NC_045512.2	17593	A	G	9	3	27	1	1	28	0.0714286	14	0.434783	FALSE	NA	NA	NA	NA	NA	NA
NC_045512.2	17593	A	C	9	3	27	1	1	25	0.0714286	14	0.434783	FALSE	NA	NA	NA	NA	NA	NA
NC_045512.2	17594	G	T	11	5	27	2	2	28	0.142857	14	0.24	FALSE	NA	NA	NA	NA	NA	NA
NC_045512.2	17594	G	A	11	5	27	1	1	24	0.0714286	14	0.48	FALSE	NA	NA	NA	NA	NA	NA
NC_045512.2	17595	T	A	12	6	27	2	2	27	0.142857	14	0.259259	FALSE	NA	NA	NA	NA	NA	NA
NC_045512.2	17596	G	T	11	5	26	2	2	28	0.142857	14	0.24	FALSE	NA	NA	NA	NA	NA	NA
NC_045512.2	17596	G	C	11	5	26	1	1	29	0.0714286	14	0.48	FALSE	NA	NA	NA	NA	NA	NA
NC_045512.2	17597	C	T	9	3	26	1	1	29	0.0714286	14	0.434783	FALSE	NA	NA	NA	NA	NA	NA
NC_045512.2	17597	C	A	9	3	26	4	4	25	0.285714	14	0.0478261	FALSE	NA	NA	NA	NA	NA	NA
NC_045512.2	17598	T	G	8	2	25	2	2	22	0.166667	12	0.214286	FALSE	NA	NA	NA	NA	NA	NA
NC_045512.2	17598	T	A	8	2	25	2	2	27	0.166667	12	0.214286	FALSE	NA	NA	NA	NA	NA	NA
NC_045512.2	17599	T	G	11	6	26	2	2	29	0.153846	13	0.26	FALSE	NA	NA	NA	NA	NA	NA
NC_045512.2	17600	T	G	9	6	25	1	1	20	0.0909091	11	0.5	FALSE	NA	NA	NA	NA	NA	NA
NC_045512.2	17600	T	A	9	6	25	1	1	28	0.0909091	11	0.5	FALSE	NA	NA	NA	NA	NA	NA
NC_045512.2	17601	G	C	8	3	25	5	5	25	0.384615	13	0.0242236	FALSE	NA	NA	NA	NA	NA	NA
NC_045512.2	17602	G	T	7	3	24	1	1	24	0.0909091	11	0.444444	FALSE	NA	NA	NA	NA	NA	NA
NC_045512.2	17602	G	C	7	3	24	1	1	27	0.0909091	11	0.444444	FALSE	NA	NA	NA	NA	NA	NA
NC_045512.2	17602	G	A	7	3	24	2	2	24	0.181818	11	0.210526	FALSE	NA	NA	NA	NA	NA	NA
NC_045512.2	17603	T	G	7	3	26	1	1	26	0.1	10	0.470588	FALSE	NA	NA	NA	NA	NA	NA
NC_045512.2	17603	T	A	7	3	26	2	2	27	0.2	10	0.235294	FALSE	NA	NA	NA	NA	NA	NA
NC_045512.2	17604	T	A	11	7	27	1	1	30	0.0833333	12	0.521739	FALSE	NA	NA	NA	NA	NA	NA
NC_045512.2	17605	T	G	9	5	24	2	2	25	0.153846	13	0.217391	FALSE	NA	NA	NA	NA	NA	NA
NC_045512.2	17605	T	A	9	5	24	2	2	27	0.153846	13	0.217391	FALSE	NA	NA	NA	NA	NA	NA
NC_045512.2	17606	A	T	7	3	26	1	1	26	0.0769231	13	0.4	FALSE	NA	NA	NA	NA	NA	NA
NC_045512.2	17606	A	G	7	3	26	3	3	28	0.230769	13	0.0779221	FALSE	NA	NA	NA	NA	NA	NA
NC_045512.2	17606	A	C	7	3	26	2	2	27	0.153846	13	0.171429	FALSE	NA	NA	NA	NA	NA	NA
NC_045512.2	17607	T	G	8	4	26	1	1	26	0.0769231	13	0.428571	FALSE	NA	NA	NA	NA	NA	NA
NC_045512.2	17607	T	A	8	4	26	4	4	25	0.307692	13	0.0465839	FALSE	NA	NA	NA	NA	NA	NA
NC_045512.2	17608	G	T	8	4	27	3	3	28	0.230769	13	0.0931677	FALSE	NA	NA	NA	NA	NA	NA
NC_045512.2	17608	G	A	8	4	27	2	2	28	0.153846	13	0.194805	FALSE	NA	NA	NA	NA	NA	NA
NC_045512.2	17609	A	T	9	5	27	2	2	27	0.153846	13	0.217391	FALSE	NA	NA	NA	NA	NA	NA
NC_045512.2	17609	A	G	9	5	27	1	1	28	0.0769231	13	0.454545	FALSE	NA	NA	NA	NA	NA	NA
NC_045512.2	17609	A	C	9	5	27	1	1	24	0.0769231	13	0.454545	FALSE	NA	NA	NA	NA	NA	NA
NC_045512.2	17610	T	G	8	4	25	2	2	28	0.153846	13	0.194805	FALSE	NA	NA	NA	NA	NA	NA
NC_045512.2	17610	T	C	8	4	25	1	1	28	0.0769231	13	0.428571	FALSE	NA	NA	NA	NA	NA	NA
NC_045512.2	17610	T	A	8	4	25	2	2	27	0.153846	13	0.194805	FALSE	NA	NA	NA	NA	NA	NA
NC_045512.2	17611	A	T	10	6	25	3	3	27	0.214286	14	0.11	FALSE	NA	NA	NA	NA	NA	NA
NC_045512.2	17611	A	C	10	6	25	1	1	28	0.0714286	14	0.458333	FALSE	NA	NA	NA	NA	NA	NA
NC_045512.2	17612	A	T	5	3	25	1	1	28	0.0833333	12	0.352941	FALSE	NA	NA	NA	NA	NA	NA
NC_045512.2	17612	A	G	5	3	25	4	4	27	0.333333	12	0.0260062	FALSE	NA	NA	NA	NA	NA	NA
NC_045512.2	17612	A	C	5	3	25	2	2	24	0.166667	12	0.137255	FALSE	NA	NA	NA	NA	NA	NA
NC_045512.2	17613	T	C	9	5	26	1	1	26	0.0714286	14	0.434783	FALSE	NA	NA	NA	NA	NA	NA
NC_045512.2	17613	T	A	9	5	26	4	4	25	0.285714	14	0.0478261	FALSE	NA	NA	NA	NA	NA	NA
NC_045512.2	17614	A	T	10	6	26	4	4	28	0.285714	14	0.057037	FALSE	NA	NA	NA	NA	NA	NA
NC_045512.2	17615	A	T	9	6	25	1	1	28	0.0769231	13	0.454545	FALSE	NA	NA	NA	NA	NA	NA
NC_045512.2	17615	A	G	9	6	25	1	1	29	0.0769231	13	0.454545	FALSE	NA	NA	NA	NA	NA	NA
NC_045512.2	17615	A	C	9	6	25	2	2	26	0.153846	13	0.217391	FALSE	NA	NA	NA	NA	NA	NA
NC_045512.2	17616	G	T	9	5	26	1	1	29	0.0714286	14	0.434783	FALSE	NA	NA	NA	NA	NA	NA
NC_045512.2	17616	G	C	9	5	26	1	1	32	0.0714286	14	0.434783	FALSE	NA	NA	NA	NA	NA	NA
NC_045512.2	17616	G	A	9	5	26	3	3	28	0.214286	14	0.0956522	FALSE	NA	NA	NA	NA	NA	NA
NC_045512.2	17617	C	T	8	4	27	2	2	24	0.142857	14	0.177866	FALSE	NA	NA	NA	NA	NA	NA
NC_045512.2	17617	C	G	8	4	27	3	3	28	0.214286	14	0.0815217	FALSE	NA	NA	NA	NA	NA	NA
NC_045512.2	17617	C	A	8	4	27	1	1	28	0.0714286	14	0.409091	FALSE	NA	NA	NA	NA	NA	NA
NC_045512.2	17618	T	G	10	6	26	1	1	28	0.0769231	13	0.478261	FALSE	NA	NA	NA	NA	NA	NA
NC_045512.2	17618	T	A	10	6	26	2	2	23	0.153846	13	0.23913	FALSE	NA	NA	NA	NA	NA	NA
NC_045512.2	17619	T	C	9	5	25	1	1	24	0.0714286	14	0.434783	FALSE	NA	NA	NA	NA	NA	NA
NC_045512.2	17619	T	A	9	5	25	4	4	28	0.285714	14	0.0478261	FALSE	NA	NA	NA	NA	NA	NA
NC_045512.2	17620	A	G	10	6	26	1	1	29	0.0714286	14	0.458333	FALSE	NA	NA	NA	NA	NA	NA
NC_045512.2	17620	A	C	10	6	26	3	3	27	0.214286	14	0.11	FALSE	NA	NA	NA	NA	NA	NA
NC_045512.2	17621	A	T	10	6	28	3	3	25	0.214286	14	0.11	FALSE	NA	NA	NA	NA	NA	NA
NC_045512.2	17621	A	C	10	6	28	1	1	27	0.0714286	14	0.458333	FALSE	NA	NA	NA	NA	NA	NA
NC_045512.2	17622	A	T	9	5	25	2	2	25	0.142857	14	0.199275	FALSE	NA	NA	NA	NA	NA	NA
NC_045512.2	17622	A	G	9	5	25	2	2	28	0.142857	14	0.199275	FALSE	NA	NA	NA	NA	NA	NA
NC_045512.2	17622	A	C	9	5	25	1	1	28	0.0714286	14	0.434783	FALSE	NA	NA	NA	NA	NA	NA
NC_045512.2	17623	G	T	8	4	27	3	3	26	0.214286	14	0.0815217	FALSE	NA	NA	NA	NA	NA	NA
NC_045512.2	17623	G	A	8	4	27	3	3	25	0.214286	14	0.0815217	FALSE	NA	NA	NA	NA	NA	NA
NC_045512.2	17624	C	T	8	4	28	3	3	28	0.2	15	0.0717391	FALSE	NA	NA	NA	NA	NA	NA
NC_045512.2	17624	C	G	8	4	28	1	1	26	0.0666667	15	0.391304	FALSE	NA	NA	NA	NA	NA	NA
NC_045512.2	17624	C	A	8	4	28	3	3	26	0.2	15	0.0717391	FALSE	NA	NA	NA	NA	NA	NA
NC_045512.2	17625	A	T	11	7	26	2	2	25	0.133333	15	0.222222	FALSE	NA	NA	NA	NA	NA	NA
NC_045512.2	17625	A	C	11	7	26	2	2	26	0.133333	15	0.222222	FALSE	NA	NA	NA	NA	NA	NA
NC_045512.2	17626	C	T	8	4	27	1	1	29	0.0588235	17	0.36	FALSE	NA	NA	NA	NA	NA	NA
NC_045512.2	17626	C	G	8	4	27	1	1	21	0.0588235	17	0.36	FALSE	NA	NA	NA	NA	NA	NA
NC_045512.2	17626	C	A	8	4	27	7	7	27	0.411765	17	0.00244716	TRUE	NA	NA	NA	NA	NA	NA
NC_045512.2	17627	A	G	8	4	27	7	7	27	0.411765	17	0.00244716	TRUE	NA	NA	NA	NA	NA	NA
NC_045512.2	17627	A	C	8	4	27	2	2	25	0.117647	17	0.138462	FALSE	NA	NA	NA	NA	NA	NA
NC_045512.2	17628	T	G	10	6	26	2	2	29	0.105263	19	0.151724	FALSE	NA	NA	NA	NA	NA	NA
NC_045512.2	17628	T	C	10	6	26	3	3	27	0.157895	19	0.0636263	FALSE	NA	NA	NA	NA	NA	NA
NC_045512.2	17628	T	A	10	6	26	4	4	24	0.210526	19	0.0278365	FALSE	NA	NA	NA	NA	NA	NA
NC_045512.2	17629	A	T	12	8	26	3	3	26	0.166667	18	0.0917339	FALSE	NA	NA	NA	NA	NA	NA
NC_045512.2	17629	A	G	12	8	26	3	3	26	0.166667	18	0.0917339	FALSE	NA	NA	NA	NA	NA	NA
NC_045512.2	17630	A	T	9	5	27	3	3	28	0.166667	18	0.060208	FALSE	NA	NA	NA	NA	NA	NA
NC_045512.2	17630	A	G	9	5	27	1	1	23	0.0555556	18	0.37037	FALSE	NA	NA	NA	NA	NA	NA
NC_045512.2	17630	A	C	9	5	27	5	5	24	0.277778	18	0.0117826	FALSE	NA	NA	NA	NA	NA	NA
NC_045512.2	17631	A	T	9	6	25	1	1	23	0.0588235	17	0.384615	FALSE	NA	NA	NA	NA	NA	NA
NC_045512.2	17631	A	G	9	6	25	1	1	26	0.0588235	17	0.384615	FALSE	NA	NA	NA	NA	NA	NA
NC_045512.2	17631	A	C	9	6	25	6	6	27	0.352941	17	0.00679768	TRUE	NA	NA	NA	NA	NA	NA
NC_045512.2	17632	G	T	9	5	25	3	3	27	0.15	20	0.0489433	FALSE	NA	NA	NA	NA	NA	NA
NC_045512.2	17632	G	C	9	5	25	2	2	26	0.1	20	0.126437	FALSE	NA	NA	NA	NA	NA	NA
NC_045512.2	17632	G	A	9	5	25	6	6	26	0.3	20	0.00372146	TRUE	NA	NA	NA	NA	NA	NA
NC_045512.2	17633	A	T	10	6	26	2	2	25	0.1	20	0.141935	FALSE	NA	NA	NA	NA	NA	NA
NC_045512.2	17633	A	G	10	6	26	6	6	26	0.3	20	0.00493359	TRUE	NA	NA	NA	NA	NA	NA
NC_045512.2	17633	A	C	10	6	26	2	2	28	0.1	20	0.141935	FALSE	NA	NA	NA	NA	NA	NA
NC_045512.2	17634	C	T	8	4	26	2	2	25	0.105263	19	0.119048	FALSE	NA	NA	NA	NA	NA	NA
NC_045512.2	17634	C	G	8	4	26	3	3	26	0.157895	19	0.045156	FALSE	NA	NA	NA	NA	NA	NA
NC_045512.2	17634	C	A	8	4	26	6	6	25	0.315789	19	0.00331387	TRUE	NA	NA	NA	NA	NA	NA
NC_045512.2	17635	A	T	13	9	25	1	1	20	0.05	20	0.424242	FALSE	NA	NA	NA	NA	NA	NA
NC_045512.2	17635	A	G	13	9	25	3	3	26	0.15	20	0.0855615	FALSE	NA	NA	NA	NA	NA	NA
NC_045512.2	17635	A	C	13	9	25	3	3	25	0.15	20	0.0855615	FALSE	NA	NA	NA	NA	NA	NA
NC_045512.2	17636	A	T	11	7	27	5	5	26	0.25	20	0.0134552	FALSE	NA	NA	NA	NA	NA	NA
NC_045512.2	17636	A	G	11	7	27	1	1	27	0.05	20	0.387097	FALSE	NA	NA	NA	NA	NA	NA
NC_045512.2	17636	A	C	11	7	27	3	3	25	0.15	20	0.0667155	FALSE	NA	NA	NA	NA	NA	NA
NC_045512.2	17637	A	T	13	10	26	4	4	26	0.2	20	0.040404	FALSE	NA	NA	NA	NA	NA	NA
NC_045512.2	17637	A	G	13	10	26	2	2	27	0.1	20	0.187166	FALSE	NA	NA	NA	NA	NA	NA
NC_045512.2	17637	A	C	13	10	26	1	1	28	0.05	20	0.424242	FALSE	NA	NA	NA	NA	NA	NA
NC_045512.2	17638	T	G	11	7	27	4	4	27	0.181818	22	0.0231729	FALSE	NA	NA	NA	NA	NA	NA
NC_045512.2	17638	T	C	11	7	27	4	4	28	0.181818	22	0.0231729	FALSE	NA	NA	NA	NA	NA	NA
NC_045512.2	17638	T	A	11	7	27	3	3	27	0.136364	22	0.055615	FALSE	NA	NA	NA	NA	NA	NA
NC_045512.2	17639	C	T	7	3	26	6	6	26	0.26087	23	0.0010572	TRUE	NA	NA	NA	NA	NA	NA
NC_045512.2	17639	C	G	7	3	26	3	3	26	0.130435	23	0.0241935	FALSE	NA	NA	NA	NA	NA	NA
NC_045512.2	17639	C	A	7	3	26	7	7	24	0.304348	23	0.000411132	TRUE	NA	NA	NA	NA	NA	NA
NC_045512.2	17640	A	T	13	9	26	7	7	26	0.304348	23	0.00287342	TRUE	NA	NA	NA	NA	NA	NA
NC_045512.2	17640	A	G	13	9	26	2	2	27	0.0869565	23	0.157658	FALSE	NA	NA	NA	NA	NA	NA
NC_045512.2	17640	A	C	13	9	26	1	1	31	0.0434783	23	0.388889	FALSE	NA	NA	NA	NA	NA	NA
NC_045512.2	17641	G	T	10	6	27	3	3	25	0.125	24	0.040056	FALSE	NA	NA	NA	NA	NA	NA
NC_045512.2	17641	G	C	10	6	27	4	4	25	0.166667	24	0.0151563	FALSE	NA	NA	NA	NA	NA	NA
NC_045512.2	17641	G	A	10	6	27	7	7	26	0.291667	24	0.00104315	TRUE	NA	NA	NA	NA	NA	NA
NC_045512.2	17642	C	T	13	9	26	6	6	27	0.25	24	0.00517215	TRUE	NA	NA	NA	NA	NA	NA
NC_045512.2	17642	C	A	13	9	26	5	5	22	0.208333	24	0.0114332	FALSE	NA	NA	NA	NA	NA	NA
NC_045512.2	17643	T	G	9	5	26	1	1	30	0.0416667	24	0.30303	FALSE	NA	NA	NA	NA	NA	NA
NC_045512.2	17643	T	C	9	5	26	6	6	27	0.25	24	0.00181296	TRUE	NA	NA	NA	NA	NA	NA
NC_045512.2	17643	T	A	9	5	26	8	8	25	0.333333	24	0.000316106	TRUE	NA	NA	NA	NA	NA	NA
NC_045512.2	17644	C	T	9	5	26	5	5	23	0.227273	22	0.00616698	TRUE	NA	NA	NA	NA	NA	NA
NC_045512.2	17644	C	G	9	5	26	1	1	28	0.0454545	22	0.322581	FALSE	NA	NA	NA	NA	NA	NA
NC_045512.2	17644	C	A	9	5	26	7	7	27	0.318182	22	0.00111117	TRUE	NA	NA	NA	NA	NA	NA
NC_045512.2	17645	A	T	11	7	25	6	6	26	0.25	24	0.00322428	TRUE	NA	NA	NA	NA	NA	NA
NC_045512.2	17645	A	G	11	7	25	6	6	26	0.25	24	0.00322428	TRUE	NA	NA	NA	NA	NA	NA
NC_045512.2	17645	A	C	11	7	25	1	1	28	0.0416667	24	0.342857	FALSE	NA	NA	NA	NA	NA	NA
NC_045512.2	17646	A	T	11	7	25	5	5	24	0.208333	24	0.00758653	TRUE	NA	NA	NA	NA	NA	NA
NC_045512.2	17646	A	G	11	7	25	2	2	28	0.0833333	24	0.12381	FALSE	NA	NA	NA	NA	NA	NA
NC_045512.2	17646	A	C	11	7	25	6	6	26	0.25	24	0.00322428	TRUE	NA	NA	NA	NA	NA	NA
NC_045512.2	17647	T	G	39	10	27	4	4	26	0.0784314	51	0.0422675	FALSE	NA	NA	NA	NA	NA	NA
NC_045512.2	17647	T	C	39	10	27	3	3	26	0.0588235	51	0.0914158	FALSE	NA	NA	NA	NA	NA	NA
NC_045512.2	17647	T	A	39	10	27	5	5	26	0.0980392	51	0.0197848	FALSE	NA	NA	NA	NA	NA	NA
NC_045512.2	17648	G	T	36	7	27	6	6	26	0.12	50	0.00786989	TRUE	NA	NA	NA	NA	NA	NA
NC_045512.2	17648	G	C	36	7	27	2	2	26	0.04	50	0.187918	FALSE	NA	NA	NA	NA	NA	NA
NC_045512.2	17648	G	A	36	7	27	6	6	25	0.12	50	0.00786989	TRUE	NA	NA	NA	NA	NA	NA
NC_045512.2	17649	C	T	35	7	26	5	5	25	0.1	50	0.0158527	FALSE	NA	NA	NA	NA	NA	NA
NC_045512.2	17649	C	G	35	7	26	3	3	27	0.06	50	0.0795887	FALSE	NA	NA	NA	NA	NA	NA
NC_045512.2	17649	C	A	35	7	26	7	7	25	0.14	50	0.00333313	TRUE	NA	NA	NA	NA	NA	NA
NC_045512.2	17650	T	G	38	11	26	5	5	26	0.106383	47	0.0231909	FALSE	NA	NA	NA	NA	NA	NA
NC_045512.2	17650	T	A	38	11	26	4	4	25	0.0851064	47	0.0479997	FALSE	NA	NA	NA	NA	NA	NA
NC_045512.2	17651	T	G	43	15	27	3	3	25	0.06	50	0.10967	FALSE	NA	NA	NA	NA	NA	NA
NC_045512.2	17651	T	C	43	15	27	1	1	27	0.02	50	0.473118	FALSE	NA	NA	NA	NA	NA	NA
NC_045512.2	17651	T	A	43	15	27	3	3	25	0.06	50	0.10967	FALSE	NA	NA	NA	NA	NA	NA
NC_045512.2	17652	T	G	28	8	23	7	7	27	0.170732	41	0.00338796	TRUE	NA	NA	NA	NA	NA	NA
NC_045512.2	17652	T	C	28	8	23	4	4	24	0.097561	41	0.0349537	FALSE	NA	NA	NA	NA	NA	NA
NC_045512.2	17652	T	A	28	8	23	2	2	24	0.0487805	41	0.180124	FALSE	NA	NA	NA	NA	NA	NA
NC_045512.2	17653	A	T	33	5	26	7	7	27	0.152174	46	0.00377718	TRUE	NA	NA	NA	NA	NA	NA
NC_045512.2	17653	A	G	33	5	26	1	1	28	0.0217391	46	0.43038	FALSE	NA	NA	NA	NA	NA	NA
NC_045512.2	17653	A	C	33	5	26	5	5	26	0.108696	46	0.0172878	FALSE	NA	NA	NA	NA	NA	NA
NC_045512.2	17654	A	T	39	11	27	5	5	26	0.1	50	0.0208963	FALSE	NA	NA	NA	NA	NA	NA
NC_045512.2	17654	A	G	39	11	27	2	2	28	0.04	50	0.204744	FALSE	NA	NA	NA	NA	NA	NA
NC_045512.2	17654	A	C	39	11	27	4	4	26	0.08	50	0.0441672	FALSE	NA	NA	NA	NA	NA	NA
NC_045512.2	17655	A	T	36	8	28	7	7	26	0.142857	49	0.00398124	TRUE	NA	NA	NA	NA	NA	NA
NC_045512.2	17655	A	G	36	8	28	4	4	27	0.0816327	49	0.0391914	FALSE	NA	NA	NA	NA	NA	NA
NC_045512.2	17655	A	C	36	8	28	2	2	29	0.0408163	49	0.192339	FALSE	NA	NA	NA	NA	NA	NA
NC_045512.2	17656	A	T	25	11	24	7	7	26	0.194444	36	0.00387037	TRUE	NA	NA	NA	NA	NA	NA
NC_045512.2	17656	A	G	25	11	24	3	3	28	0.0833333	36	0.082496	FALSE	NA	NA	NA	NA	NA	NA
NC_045512.2	17656	A	C	25	11	24	1	1	23	0.0277778	36	0.42623	FALSE	NA	NA	NA	NA	NA	NA
NC_045512.2	17657	T	G	37	9	26	5	5	27	0.1	50	0.0182922	FALSE	NA	NA	NA	NA	NA	NA
NC_045512.2	17657	T	C	37	9	26	4	4	27	0.08	50	0.0396331	FALSE	NA	NA	NA	NA	NA	NA
NC_045512.2	17657	T	A	37	9	26	4	4	25	0.08	50	0.0396331	FALSE	NA	NA	NA	NA	NA	NA
NC_045512.2	17658	G	T	37	9	26	5	5	23	0.1	50	0.0182922	FALSE	NA	NA	NA	NA	NA	NA
NC_045512.2	17658	G	C	37	9	26	3	3	27	0.06	50	0.0869994	FALSE	NA	NA	NA	NA	NA	NA
NC_045512.2	17658	G	A	37	9	26	5	5	28	0.1	50	0.0182922	FALSE	NA	NA	NA	NA	NA	NA
NC_045512.2	17658	G	-T	37	9	26	1	0	20	0.02	50	0.436782	FALSE	NA	NA	NA	NA	NA	NA
NC_045512.2	17659	T	G	37	9	26	3	3	24	0.0638298	47	0.0965409	FALSE	NA	NA	NA	NA	NA	NA
NC_045512.2	17659	T	C	37	9	26	3	3	26	0.0638298	47	0.0965409	FALSE	NA	NA	NA	NA	NA	NA
NC_045512.2	17659	T	A	37	9	26	4	4	25	0.0851064	47	0.0454963	FALSE	NA	NA	NA	NA	NA	NA
NC_045512.2	17660	T	G	36	9	28	2	2	27	0.0425532	47	0.201664	FALSE	NA	NA	NA	NA	NA	NA
NC_045512.2	17660	T	C	36	9	28	3	2	25	0.0638298	47	0.0925281	FALSE	NA	NA	NA	NA	NA	NA
NC_045512.2	17660	T	A	36	9	28	6	6	29	0.12766	47	0.0096798	TRUE	NA	NA	NA	NA	NA	NA
NC_045512.2	17661	T	G	40	12	28	5	5	26	0.1	50	0.0222579	FALSE	NA	NA	NA	NA	NA	NA
NC_045512.2	17661	T	C	40	12	28	1	1	26	0.02	50	0.455556	FALSE	NA	NA	NA	NA	NA	NA
NC_045512.2	17661	T	A	40	12	28	4	4	27	0.08	50	0.0464943	FALSE	NA	NA	NA	NA	NA	NA
NC_045512.2	17662	T	G	27	9	23	7	7	27	0.175	40	0.0033017	TRUE	NA	NA	NA	NA	NA	NA
NC_045512.2	17662	T	C	27	9	23	2	2	26	0.05	40	0.178227	FALSE	NA	NA	NA	NA	NA	NA
NC_045512.2	17662	T	A	27	9	23	4	4	24	0.1	40	0.0343169	FALSE	NA	NA	NA	NA	NA	NA
NC_045512.2	17663	A	T	35	7	27	7	7	25	0.145833	48	0.00391542	TRUE	NA	NA	NA	NA	NA	NA
NC_045512.2	17663	A	G	35	7	27	4	4	25	0.0833333	48	0.0387327	FALSE	NA	NA	NA	NA	NA	NA
NC_045512.2	17663	A	C	35	7	27	2	2	26	0.0416667	48	0.19105	FALSE	NA	NA	NA	NA	NA	NA
NC_045512.2	17663	A	-T	35	7	27	1	0	20	0.0208333	48	0.433735	FALSE	NA	NA	NA	NA	NA	NA
NC_045512.2	17664	T	G	38	10	27	5	5	27	0.104167	48	0.020699	FALSE	NA	NA	NA	NA	NA	NA
NC_045512.2	17664	T	C	38	10	27	2	2	26	0.0416667	48	0.203762	FALSE	NA	NA	NA	NA	NA	NA
NC_045512.2	17664	T	A	38	10	27	3	3	25	0.0625	48	0.0938678	FALSE	NA	NA	NA	NA	NA	NA
NC_045512.2	17665	A	T	35	8	27	10	10	27	0.212766	47	0.000496381	TRUE	NA	NA	NA	NA	NA	NA
NC_045512.2	17665	A	C	35	8	27	2	2	21	0.0425532	47	0.19571	FALSE	NA	NA	NA	NA	NA	NA
NC_045512.2	17666	A	T	39	14	24	2	2	28	0.0425532	47	0.219193	FALSE	NA	NA	NA	NA	NA	NA
NC_045512.2	17666	A	G	39	14	24	5	5	26	0.106383	47	0.0247105	FALSE	NA	NA	NA	NA	NA	NA
NC_045512.2	17666	A	C	39	14	24	1	1	27	0.0212766	47	0.465116	FALSE	NA	NA	NA	NA	NA	NA
NC_045512.2	17667	G	T	34	7	27	6	6	27	0.12766	47	0.00816407	TRUE	NA	NA	NA	NA	NA	NA
NC_045512.2	17667	G	C	34	7	27	3	3	28	0.0638298	47	0.0845659	FALSE	NA	NA	NA	NA	NA	NA
NC_045512.2	17667	G	A	34	7	27	4	4	27	0.0851064	47	0.038256	FALSE	NA	NA	NA	NA	NA	NA
NC_045512.2	17668	G	T	34	7	28	5	5	27	0.102041	49	0.0155821	FALSE	NA	NA	NA	NA	NA	NA
NC_045512.2	17668	G	C	34	7	28	4	4	26	0.0816327	49	0.0347601	FALSE	NA	NA	NA	NA	NA	NA
NC_045512.2	17668	G	A	34	7	28	6	6	28	0.122449	49	0.00708278	TRUE	NA	NA	NA	NA	NA	NA
NC_045512.2	17669	G	T	33	9	23	4	4	25	0.0888889	45	0.0396967	FALSE	NA	NA	NA	NA	NA	NA
NC_045512.2	17669	G	C	33	9	23	5	5	28	0.111111	45	0.018396	FALSE	NA	NA	NA	NA	NA	NA
NC_045512.2	17669	G	A	33	9	23	3	3	28	0.0666667	45	0.0869036	FALSE	NA	NA	NA	NA	NA	NA
NC_045512.2	17670	T	G	41	14	27	2	2	26	0.0408163	49	0.220513	FALSE	NA	NA	NA	NA	NA	NA
NC_045512.2	17670	T	A	41	14	27	6	6	26	0.122449	49	0.0123547	FALSE	NA	NA	NA	NA	NA	NA
NC_045512.2	17671	G	T	34	7	27	4	4	26	0.0833333	48	0.0364557	FALSE	NA	NA	NA	NA	NA	NA
NC_045512.2	17671	G	C	34	7	27	3	3	27	0.0625	48	0.0815457	FALSE	NA	NA	NA	NA	NA	NA
NC_045512.2	17671	G	A	34	7	27	7	7	28	0.145833	48	0.00354139	TRUE	NA	NA	NA	NA	NA	NA
NC_045512.2	17672	T	G	37	10	26	3	3	25	0.0612245	49	0.0900343	FALSE	NA	NA	NA	NA	NA	NA
NC_045512.2	17672	T	C	37	10	26	3	3	26	0.0612245	49	0.0900343	FALSE	NA	NA	NA	NA	NA	NA
NC_045512.2	17672	T	A	37	10	26	6	6	26	0.122449	49	0.00914609	TRUE	NA	NA	NA	NA	NA	NA
NC_045512.2	17673	T	G	37	11	24	7	7	26	0.145833	48	0.00473445	TRUE	NA	NA	NA	NA	NA	NA
NC_045512.2	17673	T	C	37	11	24	3	3	27	0.0625	48	0.0932119	FALSE	NA	NA	NA	NA	NA	NA
NC_045512.2	17673	T	A	37	11	24	1	1	27	0.0208333	48	0.447059	FALSE	NA	NA	NA	NA	NA	NA
NC_045512.2	17674	A	T	36	9	27	6	6	27	0.125	48	0.00902723	TRUE	NA	NA	NA	NA	NA	NA
NC_045512.2	17674	A	G	36	9	27	5	5	26	0.104167	48	0.0191291	FALSE	NA	NA	NA	NA	NA	NA
NC_045512.2	17674	A	C	36	9	27	1	1	28	0.0208333	48	0.440476	FALSE	NA	NA	NA	NA	NA	NA
NC_045512.2	17675	T	G	36	9	27	6	6	26	0.125	48	0.00902723	TRUE	NA	NA	NA	NA	NA	NA
NC_045512.2	17675	T	C	36	9	27	2	2	26	0.0416667	48	0.196919	FALSE	NA	NA	NA	NA	NA	NA
NC_045512.2	17675	T	A	36	9	27	4	4	25	0.0833333	48	0.0410576	FALSE	NA	NA	NA	NA	NA	NA
NC_045512.2	17676	C	T	35	8	27	4	4	25	0.0816327	49	0.0369519	FALSE	NA	NA	NA	NA	NA	NA
NC_045512.2	17676	C	G	35	8	27	3	3	25	0.0612245	49	0.0824311	FALSE	NA	NA	NA	NA	NA	NA
NC_045512.2	17676	C	A	35	8	27	7	7	27	0.142857	49	0.00361089	TRUE	NA	NA	NA	NA	NA	NA
NC_045512.2	17677	A	T	41	14	27	3	3	27	0.0625	48	0.109018	FALSE	NA	NA	NA	NA	NA	NA
NC_045512.2	17677	A	G	41	14	27	1	1	26	0.0208333	48	0.47191	FALSE	NA	NA	NA	NA	NA	NA
NC_045512.2	17677	A	C	41	14	27	3	3	26	0.0625	48	0.109018	FALSE	NA	NA	NA	NA	NA	NA
NC_045512.2	17678	C	T	35	8	27	3	3	26	0.0625	48	0.0854105	FALSE	NA	NA	NA	NA	NA	NA
NC_045512.2	17678	C	G	35	8	27	3	3	28	0.0625	48	0.0854105	FALSE	NA	NA	NA	NA	NA	NA
NC_045512.2	17678	C	A	35	8	27	7	7	26	0.145833	48	0.00391542	TRUE	NA	NA	NA	NA	NA	NA
NC_045512.2	17679	G	T	35	8	27	4	4	27	0.0833333	48	0.0387327	FALSE	NA	NA	NA	NA	NA	NA
NC_045512.2	17679	G	C	35	8	27	3	3	27	0.0625	48	0.0854105	FALSE	NA	NA	NA	NA	NA	NA
NC_045512.2	17679	G	A	35	8	27	6	6	26	0.125	48	0.00829697	TRUE	NA	NA	NA	NA	NA	NA
NC_045512.2	17680	C	T	37	10	27	4	4	25	0.0816327	49	0.0414765	FALSE	NA	NA	NA	NA	NA	NA
NC_045512.2	17680	C	G	37	10	27	4	4	28	0.0816327	49	0.0414765	FALSE	NA	NA	NA	NA	NA	NA
NC_045512.2	17680	C	A	37	10	27	4	4	26	0.0816327	49	0.0414765	FALSE	NA	NA	NA	NA	NA	NA
NC_045512.2	17681	A	T	39	12	26	4	4	25	0.0833333	48	0.0482978	FALSE	NA	NA	NA	NA	NA	NA
NC_045512.2	17681	A	G	39	12	26	1	1	28	0.0208333	48	0.45977	FALSE	NA	NA	NA	NA	NA	NA
NC_045512.2	17681	A	C	39	12	26	4	4	26	0.0833333	48	0.0482978	FALSE	NA	NA	NA	NA	NA	NA
NC_045512.2	17682	T	G	40	13	27	2	2	28	0.0408163	49	0.214981	FALSE	NA	NA	NA	NA	NA	NA
NC_045512.2	17682	T	C	40	13	27	5	5	27	0.102041	49	0.0235083	FALSE	NA	NA	NA	NA	NA	NA
NC_045512.2	17682	T	A	40	13	27	2	2	26	0.0408163	49	0.214981	FALSE	NA	NA	NA	NA	NA	NA
NC_045512.2	17683	G	T	36	9	27	6	6	25	0.125	48	0.00902723	TRUE	NA	NA	NA	NA	NA	NA
NC_045512.2	17683	G	C	36	9	27	1	1	23	0.0208333	48	0.440476	FALSE	NA	NA	NA	NA	NA	NA
NC_045512.2	17683	G	A	36	9	27	5	5	28	0.104167	48	0.0191291	FALSE	NA	NA	NA	NA	NA	NA
NC_045512.2	17684	A	T	33	6	27	5	5	25	0.102041	49	0.0144127	FALSE	NA	NA	NA	NA	NA	NA
NC_045512.2	17684	A	G	33	6	27	8	8	25	0.163265	49	0.00135289	TRUE	NA	NA	NA	NA	NA	NA
NC_045512.2	17684	A	C	33	6	27	3	3	26	0.0612245	49	0.0749339	FALSE	NA	NA	NA	NA	NA	NA
NC_045512.2	17685	T	G	33	8	26	6	6	27	0.136364	44	0.00931747	TRUE	NA	NA	NA	NA	NA	NA
NC_045512.2	17685	T	C	33	8	26	1	1	28	0.0227273	44	0.441558	FALSE	NA	NA	NA	NA	NA	NA
NC_045512.2	17685	T	A	33	8	26	4	4	25	0.0909091	44	0.0417589	FALSE	NA	NA	NA	NA	NA	NA
NC_045512.2	17686	G	T	30	5	26	6	6	26	0.139535	43	0.00758334	TRUE	NA	NA	NA	NA	NA	NA
NC_045512.2	17686	G	C	30	5	26	5	5	24	0.116279	43	0.0164306	FALSE	NA	NA	NA	NA	NA	NA
NC_045512.2	17686	G	A	30	5	26	2	2	29	0.0465116	43	0.183636	FALSE	NA	NA	NA	NA	NA	NA
NC_045512.2	17687	T	G	28	3	26	3	3	26	0.0714286	42	0.0753689	FALSE	NA	NA	NA	NA	NA	NA
NC_045512.2	17687	T	C	28	3	26	8	8	26	0.190476	42	0.00143809	TRUE	NA	NA	NA	NA	NA	NA
NC_045512.2	17687	T	A	28	3	26	3	3	28	0.0714286	42	0.0753689	FALSE	NA	NA	NA	NA	NA	NA
NC_045512.2	17688	T	G	33	8	27	4	4	27	0.0909091	44	0.0417589	FALSE	NA	NA	NA	NA	NA	NA
NC_045512.2	17688	T	C	33	8	27	5	5	26	0.113636	44	0.0195906	FALSE	NA	NA	NA	NA	NA	NA
NC_045512.2	17688	T	A	33	8	27	2	2	27	0.0454545	44	0.198135	FALSE	NA	NA	NA	NA	NA	NA
NC_045512.2	17689	T	G	23	6	23	3	3	27	0.0882353	34	0.0799779	FALSE	NA	NA	NA	NA	NA	NA
NC_045512.2	17689	T	C	23	6	23	5	5	26	0.147059	34	0.01652	FALSE	NA	NA	NA	NA	NA	NA
NC_045512.2	17689	T	A	23	6	23	3	3	27	0.0882353	34	0.0799779	FALSE	NA	NA	NA	NA	NA	NA
NC_045512.2	17690	C	T	29	4	26	5	5	26	0.116279	43	0.0150613	FALSE	NA	NA	NA	NA	NA	NA
NC_045512.2	17690	C	G	29	4	26	6	6	25	0.139535	43	0.00684607	TRUE	NA	NA	NA	NA	NA	NA
NC_045512.2	17690	C	A	29	4	26	3	3	26	0.0697674	43	0.0765149	FALSE	NA	NA	NA	NA	NA	NA
NC_045512.2	17691	A	T	30	5	27	1	1	27	0.0232558	43	0.424658	FALSE	NA	NA	NA	NA	NA	NA
NC_045512.2	17691	A	G	30	5	27	6	6	26	0.139535	43	0.00758334	TRUE	NA	NA	NA	NA	NA	NA
NC_045512.2	17691	A	C	30	5	27	6	6	26	0.139535	43	0.00758334	TRUE	NA	NA	NA	NA	NA	NA
NC_045512.2	17692	T	G	30	5	26	3	3	26	0.0714286	42	0.0841664	FALSE	NA	NA	NA	NA	NA	NA
NC_045512.2	17692	T	C	30	5	26	3	3	26	0.0714286	42	0.0841664	FALSE	NA	NA	NA	NA	NA	NA
NC_045512.2	17692	T	A	30	5	26	6	6	26	0.142857	42	0.00821528	TRUE	NA	NA	NA	NA	NA	NA
NC_045512.2	17693	C	T	29	4	26	5	5	27	0.116279	43	0.0150613	FALSE	NA	NA	NA	NA	NA	NA
NC_045512.2	17693	C	G	29	4	26	3	3	26	0.0697674	43	0.0765149	FALSE	NA	NA	NA	NA	NA	NA
NC_045512.2	17693	C	A	29	4	26	6	6	26	0.139535	43	0.00684607	TRUE	NA	NA	NA	NA	NA	NA
NC_045512.2	17694	T	G	32	7	26	2	2	26	0.0465116	43	0.196842	FALSE	NA	NA	NA	NA	NA	NA
NC_045512.2	17694	T	C	32	7	26	4	4	26	0.0930233	43	0.0412955	FALSE	NA	NA	NA	NA	NA	NA
NC_045512.2	17694	T	A	32	7	26	5	5	23	0.116279	43	0.019341	FALSE	NA	NA	NA	NA	NA	NA
NC_045512.2	17695	G	T	31	6	26	5	5	24	0.116279	43	0.0178575	FALSE	NA	NA	NA	NA	NA	NA
NC_045512.2	17695	G	C	31	6	26	2	2	27	0.0465116	43	0.19027	FALSE	NA	NA	NA	NA	NA	NA
NC_045512.2	17695	G	A	31	6	26	5	5	27	0.116279	43	0.0178575	FALSE	NA	NA	NA	NA	NA	NA
NC_045512.2	17696	C	T	30	5	27	7	7	25	0.166667	42	0.00389699	TRUE	NA	NA	NA	NA	NA	NA
NC_045512.2	17696	C	G	30	5	27	3	3	26	0.0714286	42	0.0841664	FALSE	NA	NA	NA	NA	NA	NA
NC_045512.2	17696	C	A	30	5	27	2	2	26	0.047619	42	0.188737	FALSE	NA	NA	NA	NA	NA	NA
NC_045512.2	17697	A	T	27	2	27	6	6	24	0.15	40	0.00708894	TRUE	NA	NA	NA	NA	NA	NA
NC_045512.2	17697	A	G	27	2	27	5	5	25	0.125	40	0.0154668	FALSE	NA	NA	NA	NA	NA	NA
NC_045512.2	17697	A	C	27	2	27	2	2	25	0.05	40	0.178227	FALSE	NA	NA	NA	NA	NA	NA
NC_045512.2	17698	A	T	26	5	23	8	8	26	0.205128	39	0.00151693	TRUE	NA	NA	NA	NA	NA	NA
NC_045512.2	17698	A	G	26	5	23	2	2	27	0.0512821	39	0.176224	FALSE	NA	NA	NA	NA	NA	NA
NC_045512.2	17698	A	C	26	5	23	3	3	23	0.0769231	39	0.076276	FALSE	NA	NA	NA	NA	NA	NA
NC_045512.2	17699	T	G	32	7	26	4	4	26	0.0930233	43	0.0412955	FALSE	NA	NA	NA	NA	NA	NA
NC_045512.2	17699	T	C	32	7	26	6	6	27	0.139535	43	0.00918695	TRUE	NA	NA	NA	NA	NA	NA
NC_045512.2	17699	T	A	32	7	26	1	1	25	0.0232558	43	0.44	FALSE	NA	NA	NA	NA	NA	NA
NC_045512.2	17700	T	G	26	5	23	2	2	24	0.0555556	36	0.193548	FALSE	NA	NA	NA	NA	NA	NA
NC_045512.2	17700	T	C	26	5	23	5	5	24	0.138889	36	0.0190122	FALSE	NA	NA	NA	NA	NA	NA
NC_045512.2	17700	T	A	26	5	23	3	3	24	0.0833333	36	0.0877016	FALSE	NA	NA	NA	NA	NA	NA
NC_045512.2	17701	A	T	28	3	27	4	4	24	0.1	40	0.0370098	FALSE	NA	NA	NA	NA	NA	NA
NC_045512.2	17701	A	G	28	3	27	4	4	24	0.1	40	0.0370098	FALSE	NA	NA	NA	NA	NA	NA
NC_045512.2	17701	A	C	28	3	27	4	4	27	0.1	40	0.0370098	FALSE	NA	NA	NA	NA	NA	NA
NC_045512.2	17702	A	T	26	4	23	4	4	25	0.102564	39	0.0336512	FALSE	NA	NA	NA	NA	NA	NA
NC_045512.2	17702	A	G	26	4	23	7	7	24	0.179487	39	0.00321233	TRUE	NA	NA	NA	NA	NA	NA
NC_045512.2	17702	A	C	26	4	23	2	2	28	0.0512821	39	0.176224	FALSE	NA	NA	NA	NA	NA	NA
NC_045512.2	17703	C	T	29	4	26	3	3	24	0.0697674	43	0.0765149	FALSE	NA	NA	NA	NA	NA	NA
NC_045512.2	17703	C	G	29	4	26	7	7	25	0.162791	43	0.00315972	TRUE	NA	NA	NA	NA	NA	NA
NC_045512.2	17703	C	A	29	4	26	4	4	24	0.0930233	43	0.0336665	FALSE	NA	NA	NA	NA	NA	NA
NC_045512.2	17704	A	T	31	6	25	7	7	25	0.166667	42	0.00435368	TRUE	NA	NA	NA	NA	NA	NA
NC_045512.2	17704	A	G	31	6	25	2	2	22	0.047619	42	0.195483	FALSE	NA	NA	NA	NA	NA	NA
NC_045512.2	17704	A	C	31	6	25	2	2	25	0.047619	42	0.195483	FALSE	NA	NA	NA	NA	NA	NA
NC_045512.2	17705	G	T	30	5	26	2	2	24	0.047619	42	0.188737	FALSE	NA	NA	NA	NA	NA	NA
NC_045512.2	17705	G	C	30	5	26	3	3	22	0.0714286	42	0.0841664	FALSE	NA	NA	NA	NA	NA	NA
NC_045512.2	17705	G	A	30	5	26	7	7	27	0.166667	42	0.00389699	TRUE	NA	NA	NA	NA	NA	NA
NC_045512.2	17706	G	T	24	6	23	3	3	23	0.0909091	33	0.0899751	FALSE	NA	NA	NA	NA	NA	NA
NC_045512.2	17706	G	C	24	6	23	4	4	27	0.121212	33	0.0419884	FALSE	NA	NA	NA	NA	NA	NA
NC_045512.2	17706	G	A	24	6	23	2	2	24	0.0606061	33	0.196612	FALSE	NA	NA	NA	NA	NA	NA
NC_045512.2	17707	C	T	29	4	26	10	10	25	0.232558	43	0.000338452	TRUE	NA	NA	NA	NA	NA	NA
NC_045512.2	17707	C	G	29	4	26	3	3	23	0.0697674	43	0.0765149	FALSE	NA	NA	NA	NA	NA	NA
NC_045512.2	17707	C	A	29	4	26	1	1	24	0.0232558	43	0.416667	FALSE	NA	NA	NA	NA	NA	NA
NC_045512.2	17708	C	T	25	5	22	5	5	27	0.131579	38	0.0147558	FALSE	NA	NA	NA	NA	NA	NA
NC_045512.2	17708	C	G	25	5	22	5	5	26	0.131579	38	0.0147558	FALSE	NA	NA	NA	NA	NA	NA
NC_045512.2	17708	C	A	25	5	22	3	3	24	0.0789474	38	0.075	FALSE	NA	NA	NA	NA	NA	NA
NC_045512.2	17709	A	T	29	4	26	5	5	24	0.116279	43	0.0150613	FALSE	NA	NA	NA	NA	NA	NA
NC_045512.2	17709	A	G	29	4	26	3	3	26	0.0697674	43	0.0765149	FALSE	NA	NA	NA	NA	NA	NA
NC_045512.2	17709	A	C	29	4	26	6	6	26	0.139535	43	0.00684607	TRUE	NA	NA	NA	NA	NA	NA
NC_045512.2	17710	C	T	31	6	26	6	6	27	0.142857	42	0.00905108	TRUE	NA	NA	NA	NA	NA	NA
NC_045512.2	17710	C	G	31	6	26	2	2	25	0.047619	42	0.195483	FALSE	NA	NA	NA	NA	NA	NA
NC_045512.2	17710	C	A	31	6	26	3	3	24	0.0714286	42	0.088619	FALSE	NA	NA	NA	NA	NA	NA
NC_045512.2	17710	C	-A	31	6	26	1	0	20	0.0238095	42	0.438356	FALSE	NA	NA	NA	NA	NA	NA
NC_045512.2	17711	A	T	28	4	28	3	3	25	0.0769231	39	0.0821155	FALSE	NA	NA	NA	NA	NA	NA
NC_045512.2	17711	A	G	28	4	28	4	4	24	0.102564	39	0.0370098	FALSE	NA	NA	NA	NA	NA	NA
NC_045512.2	17711	A	C	28	4	28	4	4	27	0.102564	39	0.0370098	FALSE	NA	NA	NA	NA	NA	NA
NC_045512.2	17712	A	T	28	3	28	4	4	25	0.097561	41	0.0349537	FALSE	NA	NA	NA	NA	NA	NA
NC_045512.2	17712	A	G	28	3	28	6	6	24	0.146341	41	0.00725991	TRUE	NA	NA	NA	NA	NA	NA
NC_045512.2	17712	A	C	28	3	28	3	3	26	0.0731707	41	0.0786458	FALSE	NA	NA	NA	NA	NA	NA
NC_045512.2	17713	A	T	24	5	22	6	6	25	0.162162	37	0.00653514	TRUE	NA	NA	NA	NA	NA	NA
NC_045512.2	17713	A	G	24	5	22	4	4	26	0.108108	37	0.032225	FALSE	NA	NA	NA	NA	NA	NA
NC_045512.2	17713	A	C	24	5	22	3	3	24	0.0810811	37	0.0736572	FALSE	NA	NA	NA	NA	NA	NA
NC_045512.2	17714	T	G	28	3	26	5	5	25	0.121951	41	0.015801	FALSE	NA	NA	NA	NA	NA	NA
NC_045512.2	17714	T	C	28	3	26	4	4	27	0.097561	41	0.0349537	FALSE	NA	NA	NA	NA	NA	NA
NC_045512.2	17714	T	A	28	3	26	4	4	23	0.097561	41	0.0349537	FALSE	NA	NA	NA	NA	NA	NA
NC_045512.2	17715	A	T	28	3	26	2	2	23	0.0526316	38	0.196744	FALSE	NA	NA	NA	NA	NA	NA
NC_045512.2	17715	A	G	28	3	26	6	6	24	0.157895	38	0.00939054	TRUE	NA	NA	NA	NA	NA	NA
NC_045512.2	17715	A	C	28	3	26	2	2	23	0.0526316	38	0.196744	FALSE	NA	NA	NA	NA	NA	NA
NC_045512.2	17716	G	T	26	1	27	3	3	22	0.0967742	31	0.1124	FALSE	NA	NA	NA	NA	NA	NA
NC_045512.2	17716	G	C	26	1	27	1	1	28	0.0322581	31	0.473684	FALSE	NA	NA	NA	NA	NA	NA
NC_045512.2	17716	G	A	26	1	27	1	1	28	0.0322581	31	0.473684	FALSE	NA	NA	NA	NA	NA	NA
NC_045512.2	17717	G	T	27	4	22	2	2	24	0.0666667	30	0.245614	FALSE	NA	NA	NA	NA	NA	NA
NC_045512.2	17717	G	A	27	4	22	1	1	28	0.0333333	30	0.491228	FALSE	NA	NA	NA	NA	NA	NA
NC_045512.2	17718	C	T	27	2	26	3	3	25	0.09375	32	0.112809	FALSE	NA	NA	NA	NA	NA	NA
NC_045512.2	17718	C	G	27	2	26	2	2	24	0.0625	32	0.229379	FALSE	NA	NA	NA	NA	NA	NA
NC_045512.2	17719	G	T	28	3	26	4	4	26	0.125	32	0.0603695	FALSE	NA	NA	NA	NA	NA	NA
NC_045512.2	17720	T	G	27	2	25	2	2	24	0.0606061	33	0.221858	FALSE	NA	NA	NA	NA	NA	NA
NC_045512.2	17720	T	C	27	2	25	4	4	24	0.121212	33	0.0528233	FALSE	NA	NA	NA	NA	NA	NA
NC_045512.2	17720	T	-G	27	2	25	1	0	20	0.030303	33	0.466667	FALSE	NA	NA	NA	NA	NA	NA
NC_045512.2	17721	G	T	26	2	25	4	4	23	0.125	32	0.0491265	FALSE	NA	NA	NA	NA	NA	NA
NC_045512.2	17721	G	C	26	2	25	2	2	27	0.0625	32	0.213559	FALSE	NA	NA	NA	NA	NA	NA
NC_045512.2	17722	G	T	23	3	22	5	4	26	0.172414	29	0.025729	FALSE	NA	NA	NA	NA	NA	NA
NC_045512.2	17722	G	C	23	3	22	1	1	22	0.0344828	29	0.461538	FALSE	NA	NA	NA	NA	NA	NA
NC_045512.2	17723	T	G	27	3	25	3	3	26	0.09375	32	0.112809	FALSE	NA	NA	NA	NA	NA	NA
NC_045512.2	17723	T	C	27	3	25	2	2	27	0.0625	32	0.229379	FALSE	NA	NA	NA	NA	NA	NA
NC_045512.2	17724	A	T	29	4	26	2	2	27	0.0606061	33	0.238095	FALSE	NA	NA	NA	NA	NA	NA
NC_045512.2	17724	A	C	29	4	26	2	2	27	0.0606061	33	0.238095	FALSE	NA	NA	NA	NA	NA	NA
NC_045512.2	17725	A	T	26	3	22	2	2	25	0.0645161	31	0.228675	FALSE	NA	NA	NA	NA	NA	NA
NC_045512.2	17725	A	G	26	3	22	2	2	25	0.0645161	31	0.228675	FALSE	NA	NA	NA	NA	NA	NA
NC_045512.2	17725	A	C	26	3	22	1	1	22	0.0322581	31	0.473684	FALSE	NA	NA	NA	NA	NA	NA
NC_045512.2	17726	G	C	29	4	26	1	1	26	0.0322581	31	0.5	FALSE	NA	NA	NA	NA	NA	NA
NC_045512.2	17726	G	A	29	4	26	1	1	28	0.0322581	31	0.5	FALSE	NA	NA	NA	NA	NA	NA
NC_045512.2	17726	G	+C	29	4	26	1	0	20	0.0322581	31	0.5	FALSE	NA	NA	NA	NA	NA	NA
NC_045512.2	17728	G	T	27	2	26	1	1	28	0.0357143	28	0.509091	FALSE	NA	NA	NA	NA	NA	NA
NC_045512.2	17729	A	G	27	2	26	1	1	29	0.0357143	28	0.509091	FALSE	NA	NA	NA	NA	NA	NA
NC_045512.2	17730	A	T	19	2	23	1	1	20	0.05	20	0.512821	FALSE	NA	NA	NA	NA	NA	NA
NC_045512.2	17733	C	T	23	2	27	1	1	32	0.0416667	24	0.510638	FALSE	NA	NA	NA	NA	NA	NA
NC_045512.2	17734	C	A	20	2	22	1	1	29	0.047619	21	0.512195	FALSE	NA	NA	NA	NA	NA	NA
NC_045512.2	17739	A	G	21	2	27	1	1	32	0.0454545	22	0.511628	FALSE	NA	NA	NA	NA	NA	NA
NC_045512.2	17740	C	G	21	2	26	1	1	31	0.0454545	22	0.511628	FALSE	NA	NA	NA	NA	NA	NA
NC_045512.2	17741	G	T	21	2	26	1	1	31	0.0454545	22	0.511628	FALSE	NA	NA	NA	NA	NA	NA
NC_045512.2	17742	T	G	21	2	26	1	1	29	0.0454545	22	0.511628	FALSE	NA	NA	NA	NA	NA	NA
NC_045512.2	17743	A	T	26	2	27	1	1	23	0.037037	27	0.509434	FALSE	NA	NA	NA	NA	NA	NA
NC_045512.2	17744	A	T	24	2	23	1	1	26	0.04	25	0.510204	FALSE	NA	NA	NA	NA	NA	NA
NC_045512.2	17745	C	A	26	2	27	1	1	26	0.037037	27	0.509434	FALSE	NA	NA	NA	NA	NA	NA
NC_045512.2	17746	C	T	26	2	29	1	1	26	0.037037	27	0.509434	FALSE	NA	NA	NA	NA	NA	NA
NC_045512.2	17748	T	A	26	2	27	1	1	25	0.037037	27	0.509434	FALSE	NA	NA	NA	NA	NA	NA
NC_045512.2	17749	G	C	26	2	27	1	1	25	0.037037	27	0.509434	FALSE	NA	NA	NA	NA	NA	NA
NC_045512.2	17750	C	G	26	2	27	1	1	27	0.037037	27	0.509434	FALSE	NA	NA	NA	NA	NA	NA
NC_045512.2	17751	T	C	25	2	27	2	1	24	0.0740741	27	0.254717	FALSE	NA	NA	NA	NA	NA	NA
NC_045512.2	17752	T	A	21	2	24	1	1	26	0.0454545	22	0.511628	FALSE	NA	NA	NA	NA	NA	NA
NC_045512.2	17753	G	T	34	2	27	1	1	26	0.0285714	35	0.507246	FALSE	NA	NA	NA	NA	NA	NA
NC_045512.2	17756	G	T	35	2	26	1	1	27	0.0277778	36	0.507042	FALSE	NA	NA	NA	NA	NA	NA
NC_045512.2	17756	G	+A	35	2	26	1	0	20	0.0277778	36	0.507042	FALSE	NA	NA	NA	NA	NA	NA
NC_045512.2	17757	A	G	32	1	27	1	1	26	0.030303	33	0.507692	FALSE	NA	NA	NA	NA	NA	NA
NC_045512.2	17759	A	T	32	2	28	1	1	26	0.030303	33	0.507692	FALSE	NA	NA	NA	NA	NA	NA
NC_045512.2	17760	A	T	16	2	21	1	1	25	0.0588235	17	0.515152	FALSE	NA	NA	NA	NA	NA	NA
NC_045512.2	17761	G	C	32	2	26	1	1	23	0.030303	33	0.507692	FALSE	NA	NA	NA	NA	NA	NA
NC_045512.2	17762	C	A	32	2	27	1	1	23	0.030303	33	0.507692	FALSE	NA	NA	NA	NA	NA	NA
NC_045512.2	17764	G	C	32	2	27	1	1	27	0.030303	33	0.507692	FALSE	NA	NA	NA	NA	NA	NA
NC_045512.2	17766	C	G	32	2	27	1	1	27	0.030303	33	0.507692	FALSE	NA	NA	NA	NA	NA	NA
NC_045512.2	17767	T	C	31	1	27	1	1	27	0.03125	32	0.507937	FALSE	NA	NA	NA	NA	NA	NA
NC_045512.2	17768	T	A	31	2	28	1	1	22	0.03125	32	0.507937	FALSE	NA	NA	NA	NA	NA	NA
NC_045512.2	17769	T	A	30	2	21	1	1	27	0.0322581	31	0.508197	FALSE	NA	NA	NA	NA	NA	NA
NC_045512.2	17770	A	T	30	2	25	1	1	21	0.0322581	31	0.508197	FALSE	NA	NA	NA	NA	NA	NA
NC_045512.2	17772	T	A	30	2	26	1	1	20	0.0322581	31	0.508197	FALSE	NA	NA	NA	NA	NA	NA
NC_045512.2	17773	T	A	17	2	22	1	1	27	0.0555556	18	0.514286	FALSE	NA	NA	NA	NA	NA	NA
NC_045512.2	17776	C	G	30	2	27	1	1	23	0.0322581	31	0.508197	FALSE	NA	NA	NA	NA	NA	NA
NC_045512.2	17777	C	A	27	2	23	1	1	23	0.0357143	28	0.509091	FALSE	NA	NA	NA	NA	NA	NA
NC_045512.2	17778	T	C	30	2	27	1	1	23	0.0322581	31	0.508197	FALSE	NA	NA	NA	NA	NA	NA
NC_045512.2	17779	T	C	24	2	23	1	1	29	0.04	25	0.510204	FALSE	NA	NA	NA	NA	NA	NA
NC_045512.2	17781	T	C	30	2	26	1	1	25	0.0322581	31	0.508197	FALSE	NA	NA	NA	NA	NA	NA
NC_045512.2	17784	T	A	30	2	27	1	1	25	0.0322581	31	0.508197	FALSE	NA	NA	NA	NA	NA	NA
NC_045512.2	17786	C	A	30	2	27	1	1	28	0.0322581	31	0.508197	FALSE	NA	NA	NA	NA	NA	NA
NC_045512.2	17786	C	-A	30	2	27	2	0	20	0.0645161	31	0.262295	FALSE	NA	NA	NA	NA	NA	NA
NC_045512.2	17787	A	G	28	2	27	1	1	22	0.0344828	29	0.491525	FALSE	NA	NA	NA	NA	NA	NA
NC_045512.2	17788	C	G	30	2	26	1	1	27	0.0322581	31	0.508197	FALSE	NA	NA	NA	NA	NA	NA
NC_045512.2	17789	A	C	30	2	26	1	1	27	0.0322581	31	0.508197	FALSE	NA	NA	NA	NA	NA	NA
NC_045512.2	17791	A	T	30	2	26	1	1	29	0.0322581	31	0.508197	FALSE	NA	NA	NA	NA	NA	NA
NC_045512.2	17792	A	G	27	2	23	1	1	23	0.0357143	28	0.509091	FALSE	NA	NA	NA	NA	NA	NA
NC_045512.2	17793	T	G	29	2	26	1	1	26	0.0322581	31	0.5	FALSE	NA	NA	NA	NA	NA	NA
NC_045512.2	17793	T	C	29	2	26	1	0	27	0.0322581	31	0.5	FALSE	NA	NA	NA	NA	NA	NA
NC_045512.2	17794	G	T	30	2	27	1	1	25	0.0322581	31	0.508197	FALSE	NA	NA	NA	NA	NA	NA
NC_045512.2	17795	C	T	29	2	27	1	0	29	0.0333333	30	0.508475	FALSE	NA	NA	NA	NA	NA	NA
NC_045512.2	17796	T	A	30	2	26	1	1	27	0.0322581	31	0.508197	FALSE	NA	NA	NA	NA	NA	NA
NC_045512.2	17798	T	A	30	2	26	1	1	28	0.0322581	31	0.508197	FALSE	NA	NA	NA	NA	NA	NA
NC_045512.2	17799	A	G	29	2	27	1	1	28	0.0333333	30	0.508475	FALSE	NA	NA	NA	NA	NA	NA
NC_045512.2	17800	G	A	29	2	27	1	1	23	0.0333333	30	0.508475	FALSE	NA	NA	NA	NA	NA	NA
NC_045512.2	17801	C	A	29	2	27	1	1	29	0.0333333	30	0.508475	FALSE	NA	NA	NA	NA	NA	NA
NC_045512.2	17802	C	T	27	2	23	1	1	23	0.0357143	28	0.509091	FALSE	NA	NA	NA	NA	NA	NA
NC_045512.2	17805	A	C	29	2	27	1	1	29	0.0333333	30	0.508475	FALSE	NA	NA	NA	NA	NA	NA
NC_045512.2	17806	A	T	29	2	28	1	1	23	0.0333333	30	0.508475	FALSE	NA	NA	NA	NA	NA	NA
NC_045512.2	17807	A	T	26	2	22	1	1	31	0.037037	27	0.509434	FALSE	NA	NA	NA	NA	NA	NA
NC_045512.2	17808	G	A	29	2	27	1	1	28	0.0333333	30	0.508475	FALSE	NA	NA	NA	NA	NA	NA
NC_045512.2	17809	A	C	29	2	27	1	1	28	0.0333333	30	0.508475	FALSE	NA	NA	NA	NA	NA	NA
NC_045512.2	17810	T	A	29	2	26	1	1	28	0.0333333	30	0.508475	FALSE	NA	NA	NA	NA	NA	NA
NC_045512.2	17811	T	C	29	2	28	1	1	28	0.0333333	30	0.508475	FALSE	NA	NA	NA	NA	NA	NA
NC_045512.2	17812	T	G	29	2	28	1	1	27	0.0333333	30	0.508475	FALSE	NA	NA	NA	NA	NA	NA
NC_045512.2	17815	G	A	28	2	27	1	1	25	0.0344828	29	0.508772	FALSE	NA	NA	NA	NA	NA	NA
NC_045512.2	17817	A	C	28	2	26	1	1	28	0.0344828	29	0.508772	FALSE	NA	NA	NA	NA	NA	NA
NC_045512.2	17820	A	G	25	2	26	1	1	28	0.0384615	26	0.509804	FALSE	NA	NA	NA	NA	NA	NA
NC_045512.2	17822	C	T	23	2	23	1	1	23	0.0416667	24	0.510638	FALSE	NA	NA	NA	NA	NA	NA
NC_045512.2	17823	A	T	24	2	27	1	1	28	0.04	25	0.510204	FALSE	NA	NA	NA	NA	NA	NA
NC_045512.2	17824	A	G	14	2	22	1	1	23	0.0666667	15	0.517241	FALSE	NA	NA	NA	NA	NA	NA
NC_045512.2	17825	C	G	23	2	25	1	1	27	0.0416667	24	0.510638	FALSE	NA	NA	NA	NA	NA	NA
NC_045512.2	17826	T	A	23	2	25	1	1	27	0.0416667	24	0.510638	FALSE	NA	NA	NA	NA	NA	NA
NC_045512.2	17827	C	G	21	2	27	1	1	27	0.0454545	22	0.511628	FALSE	NA	NA	NA	NA	NA	NA
NC_045512.2	17831	C	A	21	2	27	1	1	27	0.0454545	22	0.511628	FALSE	NA	NA	NA	NA	NA	NA
NC_045512.2	17832	T	G	21	2	26	1	1	29	0.0454545	22	0.511628	FALSE	NA	NA	NA	NA	NA	NA
NC_045512.2	17833	G	C	21	2	26	1	1	27	0.0454545	22	0.511628	FALSE	NA	NA	NA	NA	NA	NA
NC_045512.2	17835	T	G	20	2	23	1	1	27	0.047619	21	0.512195	FALSE	NA	NA	NA	NA	NA	NA
NC_045512.2	17836	G	T	21	2	28	1	1	29	0.0454545	22	0.511628	FALSE	NA	NA	NA	NA	NA	NA
NC_045512.2	17837	A	C	21	2	27	1	1	27	0.0454545	22	0.511628	FALSE	NA	NA	NA	NA	NA	NA
NC_045512.2	17840	C	T	20	2	26	1	1	24	0.047619	21	0.512195	FALSE	NA	NA	NA	NA	NA	NA
NC_045512.2	17843	C	T	20	2	26	1	1	24	0.047619	21	0.512195	FALSE	NA	NA	NA	NA	NA	NA
NC_045512.2	17844	A	T	20	2	26	1	1	21	0.047619	21	0.512195	FALSE	NA	NA	NA	NA	NA	NA
NC_045512.2	17846	A	-G	16	3	25	1	0	20	0.0625	16	0.53125	FALSE	NA	NA	NA	NA	NA	NA
NC_045512.2	17847	G	C	14	2	25	1	1	21	0.0666667	15	0.5	FALSE	NA	NA	NA	NA	NA	NA
NC_045512.2	17848	G	C	15	2	26	1	1	28	0.0625	16	0.516129	FALSE	NA	NA	NA	NA	NA	NA
NC_045512.2	17849	G	T	6	2	23	1	1	22	0.142857	7	0.538462	FALSE	NA	NA	NA	NA	NA	NA
NC_045512.2	17850	C	T	15	2	25	1	1	27	0.0625	16	0.516129	FALSE	NA	NA	NA	NA	NA	NA
NC_045512.2	17851	T	A	15	2	26	1	1	25	0.0625	16	0.516129	FALSE	NA	NA	NA	NA	NA	NA
NC_045512.2	17852	C	T	14	2	26	1	1	27	0.0666667	15	0.517241	FALSE	NA	NA	NA	NA	NA	NA
NC_045512.2	17854	G	A	13	2	26	1	1	27	0.0714286	14	0.518519	FALSE	NA	NA	NA	NA	NA	NA
NC_045512.2	17855	A	T	13	2	26	1	1	21	0.0714286	14	0.518519	FALSE	NA	NA	NA	NA	NA	NA
NC_045512.2	17856	A	T	11	2	24	1	1	26	0.0833333	12	0.521739	FALSE	NA	NA	NA	NA	NA	NA
NC_045512.2	17857	T	C	13	2	26	1	1	25	0.0714286	14	0.518519	FALSE	NA	NA	NA	NA	NA	NA
NC_045512.2	17859	T	C	0	0	0	14	3	26	1	14	4.98547e-08	TRUE	NA	NA	NA	NA	NA	NA
NC_045512.2	17860	G	A	13	2	27	1	1	25	0.0714286	14	0.518519	FALSE	NA	NA	NA	NA	NA	NA
NC_045512.2	17861	A	G	13	2	27	1	1	25	0.0714286	14	0.518519	FALSE	NA	NA	NA	NA	NA	NA
NC_045512.2	17862	C	A	13	2	27	1	1	23	0.0714286	14	0.518519	FALSE	NA	NA	NA	NA	NA	NA
NC_045512.2	17863	T	A	13	2	27	1	1	27	0.0714286	14	0.518519	FALSE	NA	NA	NA	NA	NA	NA
NC_045512.2	17864	A	T	12	2	27	1	1	26	0.0769231	13	0.52	FALSE	NA	NA	NA	NA	NA	NA
NC_045512.2	17865	T	G	11	2	26	1	1	26	0.0833333	12	0.521739	FALSE	NA	NA	NA	NA	NA	NA
NC_045512.2	17875	A	G	8	1	27	1	0	28	0.111111	9	0.529412	FALSE	NA	NA	NA	NA	NA	NA
NC_045512.2	17880	A	-ACC	6	1	28	1	0	20	0.166667	6	0.583333	FALSE	NA	NA	NA	NA	NA	NA
NC_045512.2	17912	A	C	23	0	22	1	0	27	0.0416667	24	0.510638	FALSE	NA	NA	NA	NA	NA	NA
NC_045512.2	17943	A	G	10	0	20	1	0	28	0.0909091	11	0.52381	FALSE	NA	NA	NA	NA	NA	NA
NC_045512.2	17950	A	G	29	2	27	1	0	25	0.0333333	30	0.508475	FALSE	NA	NA	NA	NA	NA	NA
NC_045512.2	17951	T	C	29	2	27	1	0	28	0.0333333	30	0.508475	FALSE	NA	NA	NA	NA	NA	NA
NC_045512.2	17953	C	-T	29	2	26	1	0	20	0.0344828	29	0.517241	FALSE	NA	NA	NA	NA	NA	NA
NC_045512.2	17991	G	A	25	2	26	1	1	24	0.0384615	26	0.509804	FALSE	NA	NA	NA	NA	NA	NA
NC_045512.2	17992	C	A	25	2	26	1	1	27	0.0384615	26	0.509804	FALSE	NA	NA	NA	NA	NA	NA
NC_045512.2	17993	A	T	24	1	27	1	1	27	0.04	25	0.510204	FALSE	NA	NA	NA	NA	NA	NA
NC_045512.2	17994	A	G	22	2	23	1	1	27	0.0434783	23	0.511111	FALSE	NA	NA	NA	NA	NA	NA
NC_045512.2	17997	T	A	19	2	22	1	1	26	0.05	20	0.512821	FALSE	NA	NA	NA	NA	NA	NA
NC_045512.2	18000	A	G	23	2	27	1	1	28	0.0416667	24	0.510638	FALSE	NA	NA	NA	NA	NA	NA
NC_045512.2	18001	A	G	21	2	24	1	1	25	0.0454545	22	0.511628	FALSE	NA	NA	NA	NA	NA	NA
NC_045512.2	18002	G	A	23	2	27	1	1	27	0.0416667	24	0.510638	FALSE	NA	NA	NA	NA	NA	NA
NC_045512.2	18004	C	T	23	2	26	1	1	28	0.0416667	24	0.510638	FALSE	NA	NA	NA	NA	NA	NA
NC_045512.2	18006	T	A	21	2	22	1	1	23	0.0454545	22	0.511628	FALSE	NA	NA	NA	NA	NA	NA
NC_045512.2	18007	G	A	22	2	25	1	1	27	0.0434783	23	0.511111	FALSE	NA	NA	NA	NA	NA	NA
NC_045512.2	18008	A	T	21	2	26	1	1	26	0.0434783	23	0.5	FALSE	NA	NA	NA	NA	NA	NA
NC_045512.2	18008	A	G	21	2	26	1	0	22	0.0434783	23	0.5	FALSE	NA	NA	NA	NA	NA	NA
NC_045512.2	18009	A	G	22	2	26	1	1	27	0.0434783	23	0.511111	FALSE	NA	NA	NA	NA	NA	NA
NC_045512.2	18010	A	T	15	2	22	1	1	22	0.0625	16	0.516129	FALSE	NA	NA	NA	NA	NA	NA
NC_045512.2	18012	T	G	21	2	23	1	1	26	0.0454545	22	0.511628	FALSE	NA	NA	NA	NA	NA	NA
NC_045512.2	18014	C	T	26	2	23	1	1	27	0.037037	27	0.509434	FALSE	NA	NA	NA	NA	NA	NA
NC_045512.2	18016	C	T	26	2	27	1	1	21	0.037037	27	0.509434	FALSE	NA	NA	NA	NA	NA	NA
NC_045512.2	18017	G	T	26	2	27	1	1	25	0.037037	27	0.509434	FALSE	NA	NA	NA	NA	NA	NA
NC_045512.2	18018	T	A	26	2	27	1	1	25	0.037037	27	0.509434	FALSE	NA	NA	NA	NA	NA	NA
NC_045512.2	18019	A	C	26	2	28	1	1	22	0.037037	27	0.509434	FALSE	NA	NA	NA	NA	NA	NA
NC_045512.2	18020	G	C	26	2	27	1	1	23	0.037037	27	0.509434	FALSE	NA	NA	NA	NA	NA	NA
NC_045512.2	18021	G	A	26	2	23	1	1	23	0.037037	27	0.509434	FALSE	NA	NA	NA	NA	NA	NA
NC_045512.2	18022	A	G	26	2	27	1	1	24	0.037037	27	0.509434	FALSE	NA	NA	NA	NA	NA	NA
NC_045512.2	18024	T	G	26	2	26	1	1	27	0.037037	27	0.509434	FALSE	NA	NA	NA	NA	NA	NA
NC_045512.2	18025	G	C	37	2	27	1	1	26	0.0263158	38	0.506667	FALSE	NA	NA	NA	NA	NA	NA
NC_045512.2	18027	G	A	37	2	27	1	1	26	0.0263158	38	0.506667	FALSE	NA	NA	NA	NA	NA	NA
NC_045512.2	18028	G	T	33	1	23	1	1	30	0.0285714	35	0.5	FALSE	NA	NA	NA	NA	NA	NA
NC_045512.2	18028	G	A	33	1	23	1	1	26	0.0285714	35	0.5	FALSE	NA	NA	NA	NA	NA	NA
NC_045512.2	18029	C	A	37	2	27	1	1	26	0.0263158	38	0.506667	FALSE	NA	NA	NA	NA	NA	NA
NC_045512.2	18030	A	G	36	2	27	2	1	25	0.0526316	38	0.253333	FALSE	NA	NA	NA	NA	NA	NA
NC_045512.2	18031	A	T	34	2	24	1	1	27	0.0285714	35	0.507246	FALSE	NA	NA	NA	NA	NA	NA
NC_045512.2	18032	C	A	36	2	27	1	1	30	0.027027	37	0.506849	FALSE	NA	NA	NA	NA	NA	NA
NC_045512.2	18033	T	G	36	2	27	1	1	24	0.027027	37	0.506849	FALSE	NA	NA	NA	NA	NA	NA
NC_045512.2	18034	T	G	36	2	28	1	1	29	0.027027	37	0.506849	FALSE	NA	NA	NA	NA	NA	NA
NC_045512.2	18035	T	C	32	2	22	2	1	29	0.0588235	34	0.253731	FALSE	NA	NA	NA	NA	NA	NA
NC_045512.2	18037	C	T	36	2	27	1	1	27	0.027027	37	0.506849	FALSE	NA	NA	NA	NA	NA	NA
NC_045512.2	18038	A	G	36	3	27	1	0	27	0.027027	37	0.506849	FALSE	NA	NA	NA	NA	NA	NA
NC_045512.2	18039	A	C	34	2	24	1	1	27	0.0285714	35	0.507246	FALSE	NA	NA	NA	NA	NA	NA
NC_045512.2	18040	G	T	36	2	27	1	1	23	0.027027	37	0.506849	FALSE	NA	NA	NA	NA	NA	NA
NC_045512.2	18041	C	T	36	2	27	1	1	28	0.027027	37	0.506849	FALSE	NA	NA	NA	NA	NA	NA
NC_045512.2	18044	A	C	34	1	27	1	1	26	0.0285714	35	0.507246	FALSE	NA	NA	NA	NA	NA	NA
NC_045512.2	18046	A	T	35	2	28	1	1	23	0.0277778	36	0.507042	FALSE	NA	NA	NA	NA	NA	NA
NC_045512.2	18048	T	A	35	2	26	1	1	28	0.0277778	36	0.507042	FALSE	NA	NA	NA	NA	NA	NA
NC_045512.2	18049	G	T	34	1	26	1	1	27	0.0277778	36	0.5	FALSE	NA	NA	NA	NA	NA	NA
NC_045512.2	18049	G	A	34	1	26	1	1	28	0.0277778	36	0.5	FALSE	NA	NA	NA	NA	NA	NA
NC_045512.2	18050	T	G	35	2	26	2	2	25	0.0540541	37	0.253425	FALSE	NA	NA	NA	NA	NA	NA
NC_045512.2	18051	A	T	35	2	26	2	2	25	0.0540541	37	0.253425	FALSE	NA	NA	NA	NA	NA	NA
NC_045512.2	18052	A	G	29	2	22	2	1	24	0.0606061	33	0.238095	FALSE	NA	NA	NA	NA	NA	NA
NC_045512.2	18052	A	C	29	2	22	2	1	25	0.0606061	33	0.238095	FALSE	NA	NA	NA	NA	NA	NA
NC_045512.2	18053	C	T	35	2	26	1	1	27	0.027027	37	0.5	FALSE	NA	NA	NA	NA	NA	NA
NC_045512.2	18053	C	G	35	2	26	1	1	26	0.027027	37	0.5	FALSE	NA	NA	NA	NA	NA	NA
NC_045512.2	18054	A	G	35	2	27	1	1	28	0.027027	37	0.5	FALSE	NA	NA	NA	NA	NA	NA
NC_045512.2	18054	A	C	35	2	27	1	1	26	0.027027	37	0.5	FALSE	NA	NA	NA	NA	NA	NA
NC_045512.2	18055	G	A	35	2	27	1	1	27	0.0277778	36	0.507042	FALSE	NA	NA	NA	NA	NA	NA
NC_045512.2	18056	G	T	34	2	23	1	1	28	0.0277778	36	0.5	FALSE	NA	NA	NA	NA	NA	NA
NC_045512.2	18056	G	A	34	2	23	1	1	26	0.0277778	36	0.5	FALSE	NA	NA	NA	NA	NA	NA
NC_045512.2	18057	A	C	36	3	27	1	1	26	0.027027	37	0.506849	FALSE	NA	NA	NA	NA	NA	NA
NC_045512.2	18058	C	G	35	2	27	1	1	25	0.0277778	36	0.507042	FALSE	NA	NA	NA	NA	NA	NA
NC_045512.2	18059	T	A	35	3	27	1	1	25	0.0277778	36	0.507042	FALSE	NA	NA	NA	NA	NA	NA
NC_045512.2	18060	C	T	31	2	26	1	1	27	0.030303	33	0.5	FALSE	NA	NA	NA	NA	NA	NA
NC_045512.2	18060	C	G	31	2	26	1	1	25	0.030303	33	0.5	FALSE	NA	NA	NA	NA	NA	NA
NC_045512.2	18061	T	A	31	2	26	2	2	25	0.0606061	33	0.253846	FALSE	NA	NA	NA	NA	NA	NA
NC_045512.2	18062	T	C	31	2	27	2	2	24	0.0606061	33	0.253846	FALSE	NA	NA	NA	NA	NA	NA
NC_045512.2	18063	T	C	20	2	22	1	1	26	0.0454545	22	0.5	FALSE	NA	NA	NA	NA	NA	NA
NC_045512.2	18063	T	A	20	2	22	1	1	20	0.0454545	22	0.5	FALSE	NA	NA	NA	NA	NA	NA
NC_045512.2	18065	A	T	31	2	28	1	1	27	0.030303	33	0.5	FALSE	NA	NA	NA	NA	NA	NA
NC_045512.2	18065	A	G	31	2	28	1	1	28	0.030303	33	0.5	FALSE	NA	NA	NA	NA	NA	NA
NC_045512.2	18066	A	T	23	2	22	1	1	27	0.04	25	0.5	FALSE	NA	NA	NA	NA	NA	NA
NC_045512.2	18066	A	C	23	2	22	1	1	29	0.04	25	0.5	FALSE	NA	NA	NA	NA	NA	NA
NC_045512.2	18067	G	T	31	2	26	1	1	27	0.030303	33	0.5	FALSE	NA	NA	NA	NA	NA	NA
NC_045512.2	18067	G	A	31	2	26	1	1	27	0.030303	33	0.5	FALSE	NA	NA	NA	NA	NA	NA
NC_045512.2	18068	A	T	31	2	26	1	1	27	0.030303	33	0.5	FALSE	NA	NA	NA	NA	NA	NA
NC_045512.2	18068	A	G	31	2	26	1	1	27	0.030303	33	0.5	FALSE	NA	NA	NA	NA	NA	NA
NC_045512.2	18069	T	G	31	2	26	1	1	27	0.030303	33	0.5	FALSE	NA	NA	NA	NA	NA	NA
NC_045512.2	18069	T	A	31	2	26	1	1	21	0.030303	33	0.5	FALSE	NA	NA	NA	NA	NA	NA
NC_045512.2	18070	T	A	27	2	23	2	2	27	0.0689655	29	0.254386	FALSE	NA	NA	NA	NA	NA	NA
NC_045512.2	18071	G	C	31	2	26	1	1	26	0.030303	33	0.5	FALSE	NA	NA	NA	NA	NA	NA
NC_045512.2	18071	G	A	31	2	26	1	1	28	0.030303	33	0.5	FALSE	NA	NA	NA	NA	NA	NA
NC_045512.2	18072	T	A	31	2	26	2	2	24	0.0606061	33	0.253846	FALSE	NA	NA	NA	NA	NA	NA
NC_045512.2	18073	A	T	31	2	27	1	1	26	0.030303	33	0.5	FALSE	NA	NA	NA	NA	NA	NA
NC_045512.2	18073	A	G	31	2	27	1	1	24	0.030303	33	0.5	FALSE	NA	NA	NA	NA	NA	NA
NC_045512.2	18076	A	T	32	3	27	1	1	29	0.030303	33	0.507692	FALSE	NA	NA	NA	NA	NA	NA
NC_045512.2	18077	A	G	30	3	23	1	1	23	0.0322581	31	0.508197	FALSE	NA	NA	NA	NA	NA	NA
NC_045512.2	18078	G	C	31	2	26	2	2	24	0.0606061	33	0.253846	FALSE	NA	NA	NA	NA	NA	NA
NC_045512.2	18079	G	A	29	2	23	1	1	26	0.0333333	30	0.508475	FALSE	NA	NA	NA	NA	NA	NA
NC_045512.2	18080	T	G	31	2	26	1	1	21	0.030303	33	0.5	FALSE	NA	NA	NA	NA	NA	NA
NC_045512.2	18080	T	A	31	2	26	1	1	27	0.030303	33	0.5	FALSE	NA	NA	NA	NA	NA	NA
NC_045512.2	18081	A	T	30	1	27	1	1	20	0.03125	32	0.5	FALSE	NA	NA	NA	NA	NA	NA
NC_045512.2	18081	A	G	30	1	27	1	1	23	0.03125	32	0.5	FALSE	NA	NA	NA	NA	NA	NA
NC_045512.2	18082	A	T	30	3	23	1	1	26	0.0322581	31	0.508197	FALSE	NA	NA	NA	NA	NA	NA
NC_045512.2	18083	T	C	32	3	27	1	1	23	0.030303	33	0.507692	FALSE	NA	NA	NA	NA	NA	NA
NC_045512.2	18084	C	T	31	2	28	1	1	27	0.030303	33	0.5	FALSE	NA	NA	NA	NA	NA	NA
NC_045512.2	18084	C	A	31	2	28	1	1	23	0.030303	33	0.5	FALSE	NA	NA	NA	NA	NA	NA
NC_045512.2	18085	A	C	31	2	27	2	2	25	0.0606061	33	0.253846	FALSE	NA	NA	NA	NA	NA	NA
NC_045512.2	18086	C	T	31	2	27	1	1	23	0.03125	32	0.507937	FALSE	NA	NA	NA	NA	NA	NA
NC_045512.2	18087	T	A	32	3	26	1	1	24	0.030303	33	0.507692	FALSE	NA	NA	NA	NA	NA	NA
NC_045512.2	18088	G	T	31	3	26	1	1	29	0.030303	33	0.5	FALSE	NA	NA	NA	NA	NA	NA
NC_045512.2	18088	G	A	31	3	26	1	0	27	0.030303	33	0.5	FALSE	NA	NA	NA	NA	NA	NA
NC_045512.2	18089	G	T	31	2	28	1	1	27	0.030303	33	0.5	FALSE	NA	NA	NA	NA	NA	NA
NC_045512.2	18089	G	A	31	2	28	1	1	23	0.030303	33	0.5	FALSE	NA	NA	NA	NA	NA	NA
NC_045512.2	18090	G	C	25	2	22	1	1	28	0.037037	27	0.5	FALSE	NA	NA	NA	NA	NA	NA
NC_045512.2	18090	G	A	25	2	22	1	1	34	0.037037	27	0.5	FALSE	NA	NA	NA	NA	NA	NA
NC_045512.2	18091	T	A	32	3	26	1	1	29	0.030303	33	0.507692	FALSE	NA	NA	NA	NA	NA	NA
NC_045512.2	18092	T	G	31	3	23	1	1	26	0.03125	32	0.507937	FALSE	NA	NA	NA	NA	NA	NA
NC_045512.2	18093	A	G	32	3	26	1	1	27	0.030303	33	0.507692	FALSE	NA	NA	NA	NA	NA	NA
NC_045512.2	18094	C	T	31	2	27	1	1	23	0.030303	33	0.5	FALSE	NA	NA	NA	NA	NA	NA
NC_045512.2	18094	C	A	31	2	27	1	1	23	0.030303	33	0.5	FALSE	NA	NA	NA	NA	NA	NA
NC_045512.2	18095	A	T	32	3	27	1	1	30	0.030303	33	0.507692	FALSE	NA	NA	NA	NA	NA	NA
NC_045512.2	18096	T	G	31	2	27	1	1	29	0.030303	33	0.5	FALSE	NA	NA	NA	NA	NA	NA
NC_045512.2	18096	T	A	31	2	27	1	1	29	0.030303	33	0.5	FALSE	NA	NA	NA	NA	NA	NA
NC_045512.2	18097	C	T	31	2	27	2	2	30	0.0606061	33	0.253846	FALSE	NA	NA	NA	NA	NA	NA
NC_045512.2	18098	C	T	30	2	24	1	1	29	0.03125	32	0.5	FALSE	NA	NA	NA	NA	NA	NA
NC_045512.2	18098	C	A	30	2	24	1	1	32	0.03125	32	0.5	FALSE	NA	NA	NA	NA	NA	NA
NC_045512.2	18099	T	G	31	2	27	1	1	31	0.030303	33	0.5	FALSE	NA	NA	NA	NA	NA	NA
NC_045512.2	18099	T	C	31	2	27	1	1	26	0.030303	33	0.5	FALSE	NA	NA	NA	NA	NA	NA
NC_045512.2	18100	A	T	31	2	28	1	1	27	0.030303	33	0.5	FALSE	NA	NA	NA	NA	NA	NA
NC_045512.2	18100	A	C	31	2	28	1	1	29	0.030303	33	0.5	FALSE	NA	NA	NA	NA	NA	NA
NC_045512.2	18101	C	A	31	2	27	2	2	25	0.0606061	33	0.253846	FALSE	NA	NA	NA	NA	NA	NA
NC_045512.2	18102	A	C	32	3	27	1	1	33	0.030303	33	0.507692	FALSE	NA	NA	NA	NA	NA	NA
NC_045512.2	18103	C	T	31	2	27	1	1	23	0.0294118	34	0.492308	FALSE	NA	NA	NA	NA	NA	NA
NC_045512.2	18103	C	G	31	2	27	2	2	25	0.0588235	34	0.246154	FALSE	NA	NA	NA	NA	NA	NA
NC_045512.2	18104	A	T	31	2	27	2	2	27	0.0588235	34	0.246154	FALSE	NA	NA	NA	NA	NA	NA
NC_045512.2	18104	A	G	31	2	27	1	1	27	0.0294118	34	0.492308	FALSE	NA	NA	NA	NA	NA	NA
NC_045512.2	18105	G	T	31	2	28	1	1	25	0.0294118	34	0.492308	FALSE	NA	NA	NA	NA	NA	NA
NC_045512.2	18105	G	A	31	2	28	2	2	26	0.0588235	34	0.246154	FALSE	NA	NA	NA	NA	NA	NA
NC_045512.2	18106	G	C	31	3	24	1	1	25	0.03125	32	0.507937	FALSE	NA	NA	NA	NA	NA	NA
NC_045512.2	18107	C	G	31	2	28	1	1	27	0.0294118	34	0.492308	FALSE	NA	NA	NA	NA	NA	NA
NC_045512.2	18107	C	A	31	2	28	2	2	26	0.0588235	34	0.246154	FALSE	NA	NA	NA	NA	NA	NA
NC_045512.2	18108	A	T	32	3	27	2	2	25	0.0588235	34	0.253731	FALSE	NA	NA	NA	NA	NA	NA
NC_045512.2	18109	C	A	32	3	28	1	1	27	0.030303	33	0.507692	FALSE	NA	NA	NA	NA	NA	NA
NC_045512.2	18110	C	T	30	3	24	1	1	27	0.03125	32	0.5	FALSE	NA	NA	NA	NA	NA	NA
NC_045512.2	18110	C	A	30	3	24	1	1	27	0.03125	32	0.5	FALSE	NA	NA	NA	NA	NA	NA
NC_045512.2	18111	T	G	31	3	27	1	1	27	0.0294118	34	0.492308	FALSE	NA	NA	NA	NA	NA	NA
NC_045512.2	18111	T	C	31	3	27	1	1	27	0.0294118	34	0.492308	FALSE	NA	NA	NA	NA	NA	NA
NC_045512.2	18111	T	A	31	3	27	1	0	28	0.0294118	34	0.492308	FALSE	NA	NA	NA	NA	NA	NA
NC_045512.2	18112	A	T	29	2	27	2	2	27	0.0645161	31	0.254098	FALSE	NA	NA	NA	NA	NA	NA
NC_045512.2	18113	C	G	29	2	28	2	2	22	0.0645161	31	0.254098	FALSE	NA	NA	NA	NA	NA	NA
NC_045512.2	18114	A	G	29	2	28	2	2	27	0.0645161	31	0.254098	FALSE	NA	NA	NA	NA	NA	NA
NC_045512.2	18115	C	G	30	3	27	1	1	27	0.0322581	31	0.508197	FALSE	NA	NA	NA	NA	NA	NA
NC_045512.2	18116	A	T	29	2	27	1	1	24	0.0333333	30	0.508475	FALSE	NA	NA	NA	NA	NA	NA
NC_045512.2	18117	C	T	28	1	28	1	1	27	0.0322581	31	0.491525	FALSE	NA	NA	NA	NA	NA	NA
NC_045512.2	18117	C	G	28	1	28	1	1	23	0.0322581	31	0.491525	FALSE	NA	NA	NA	NA	NA	NA
NC_045512.2	18117	C	A	28	1	28	1	1	27	0.0322581	31	0.491525	FALSE	NA	NA	NA	NA	NA	NA
NC_045512.2	18118	C	G	29	2	23	1	1	28	0.0322581	31	0.5	FALSE	NA	NA	NA	NA	NA	NA
NC_045512.2	18118	C	A	29	2	23	1	1	27	0.0322581	31	0.5	FALSE	NA	NA	NA	NA	NA	NA
NC_045512.2	18119	T	C	28	1	28	2	2	29	0.0666667	30	0.254237	FALSE	NA	NA	NA	NA	NA	NA
NC_045512.2	18120	C	T	28	1	27	1	1	26	0.0322581	31	0.491525	FALSE	NA	NA	NA	NA	NA	NA
NC_045512.2	18120	C	A	28	1	27	2	2	29	0.0645161	31	0.245763	FALSE	NA	NA	NA	NA	NA	NA
NC_045512.2	18121	A	T	28	1	28	2	2	26	0.0645161	31	0.245763	FALSE	NA	NA	NA	NA	NA	NA
NC_045512.2	18121	A	C	28	1	28	1	1	25	0.0322581	31	0.491525	FALSE	NA	NA	NA	NA	NA	NA
NC_045512.2	18122	G	C	28	1	27	2	2	24	0.0645161	31	0.245763	FALSE	NA	NA	NA	NA	NA	NA
NC_045512.2	18122	G	A	28	1	27	1	1	22	0.0322581	31	0.491525	FALSE	NA	NA	NA	NA	NA	NA
NC_045512.2	18123	T	C	28	2	27	2	2	24	0.0666667	30	0.254237	FALSE	NA	NA	NA	NA	NA	NA
NC_045512.2	18124	G	T	27	1	27	1	1	26	0.0344828	29	0.5	FALSE	NA	NA	NA	NA	NA	NA
NC_045512.2	18124	G	A	27	1	27	1	1	28	0.0344828	29	0.5	FALSE	NA	NA	NA	NA	NA	NA
NC_045512.2	18125	T	C	27	1	27	2	2	25	0.0645161	31	0.237288	FALSE	NA	NA	NA	NA	NA	NA
NC_045512.2	18125	T	A	27	1	27	2	2	27	0.0645161	31	0.237288	FALSE	NA	NA	NA	NA	NA	NA
NC_045512.2	18126	T	G	27	1	23	1	1	27	0.0322581	31	0.482759	FALSE	NA	NA	NA	NA	NA	NA
NC_045512.2	18126	T	C	27	1	23	2	2	28	0.0645161	31	0.237288	FALSE	NA	NA	NA	NA	NA	NA
NC_045512.2	18126	T	A	27	1	23	1	1	27	0.0322581	31	0.482759	FALSE	NA	NA	NA	NA	NA	NA
NC_045512.2	18127	G	C	26	1	27	2	2	26	0.0645161	31	0.228675	FALSE	NA	NA	NA	NA	NA	NA
NC_045512.2	18127	G	A	26	1	27	3	2	27	0.0967742	31	0.1124	FALSE	NA	NA	NA	NA	NA	NA
NC_045512.2	18128	A	C	18	1	27	2	2	26	0.1	20	0.25641	FALSE	NA	NA	NA	NA	NA	NA
NC_045512.2	18129	C	G	18	1	27	1	1	26	0.05	20	0.5	FALSE	NA	NA	NA	NA	NA	NA
NC_045512.2	18129	C	A	18	1	27	1	1	27	0.05	20	0.5	FALSE	NA	NA	NA	NA	NA	NA
NC_045512.2	18130	A	T	17	0	27	1	1	27	0.05	20	0.486486	FALSE	NA	NA	NA	NA	NA	NA
NC_045512.2	18130	A	G	17	0	27	1	1	23	0.05	20	0.486486	FALSE	NA	NA	NA	NA	NA	NA
NC_045512.2	18130	A	C	17	0	27	1	1	28	0.05	20	0.486486	FALSE	NA	NA	NA	NA	NA	NA
NC_045512.2	18131	C	T	17	0	27	1	1	28	0.05	20	0.486486	FALSE	NA	NA	NA	NA	NA	NA
NC_045512.2	18131	C	G	17	0	27	1	1	28	0.05	20	0.486486	FALSE	NA	NA	NA	NA	NA	NA
NC_045512.2	18131	C	A	17	0	27	1	1	27	0.05	20	0.486486	FALSE	NA	NA	NA	NA	NA	NA
NC_045512.2	18132	T	G	17	0	27	1	1	22	0.05	20	0.486486	FALSE	NA	NA	NA	NA	NA	NA
NC_045512.2	18132	T	C	17	0	27	2	2	27	0.1	20	0.243243	FALSE	NA	NA	NA	NA	NA	NA
NC_045512.2	18132	T	-A	17	0	27	1	0	20	0.05	20	0.486486	FALSE	NA	NA	NA	NA	NA	NA
NC_045512.2	18133	A	G	18	2	27	1	1	27	0.0526316	19	0.5	FALSE	NA	NA	NA	NA	NA	NA
NC_045512.2	18134	A	G	18	1	27	1	1	27	0.05	20	0.5	FALSE	NA	NA	NA	NA	NA	NA
NC_045512.2	18134	A	C	18	1	27	1	1	22	0.05	20	0.5	FALSE	NA	NA	NA	NA	NA	NA
NC_045512.2	18135	A	T	13	1	22	1	1	26	0.0666667	15	0.5	FALSE	NA	NA	NA	NA	NA	NA
NC_045512.2	18135	A	C	13	1	22	1	1	27	0.0666667	15	0.5	FALSE	NA	NA	NA	NA	NA	NA
NC_045512.2	18136	T	G	18	2	27	1	1	27	0.0526316	19	0.513514	FALSE	NA	NA	NA	NA	NA	NA
NC_045512.2	18137	T	G	16	1	22	1	1	28	0.0555556	18	0.5	FALSE	NA	NA	NA	NA	NA	NA
NC_045512.2	18137	T	A	16	1	22	1	1	23	0.0555556	18	0.5	FALSE	NA	NA	NA	NA	NA	NA
NC_045512.2	18138	C	T	16	1	25	2	2	28	0.111111	18	0.257143	FALSE	NA	NA	NA	NA	NA	NA
NC_045512.2	18138	C	-A	16	1	25	2	0	20	0.111111	18	0.257143	FALSE	NA	NA	NA	NA	NA	NA
NC_045512.2	18139	A	G	11	1	27	2	2	25	0.153846	13	0.222222	FALSE	NA	NA	NA	NA	NA	NA
NC_045512.2	18140	A	G	12	1	27	1	1	27	0.0714286	14	0.5	FALSE	NA	NA	NA	NA	NA	NA
NC_045512.2	18140	A	C	12	1	27	1	1	27	0.0714286	14	0.5	FALSE	NA	NA	NA	NA	NA	NA
NC_045512.2	18141	A	C	12	1	27	2	2	25	0.142857	14	0.259259	FALSE	NA	NA	NA	NA	NA	NA
NC_045512.2	18142	A	C	7	2	21	1	1	21	0.125	8	0.533333	FALSE	NA	NA	NA	NA	NA	NA
NC_045512.2	18143	C	A	13	2	26	1	1	28	0.0714286	14	0.518519	FALSE	NA	NA	NA	NA	NA	NA
NC_045512.2	18144	T	C	13	2	27	1	1	25	0.0714286	14	0.518519	FALSE	NA	NA	NA	NA	NA	NA
NC_045512.2	18145	G	C	11	0	27	1	1	27	0.0769231	13	0.5	FALSE	NA	NA	NA	NA	NA	NA
NC_045512.2	18145	G	A	11	0	27	1	1	23	0.0769231	13	0.5	FALSE	NA	NA	NA	NA	NA	NA
NC_045512.2	18146	A	T	13	2	28	1	1	25	0.0714286	14	0.518519	FALSE	NA	NA	NA	NA	NA	NA
NC_045512.2	18147	A	T	10	1	23	1	1	25	0.0833333	12	0.5	FALSE	NA	NA	NA	NA	NA	NA
NC_045512.2	18147	A	G	10	1	23	1	1	28	0.0833333	12	0.5	FALSE	NA	NA	NA	NA	NA	NA
NC_045512.2	18148	G	T	10	0	27	2	2	26	0.153846	13	0.23913	FALSE	NA	NA	NA	NA	NA	NA
NC_045512.2	18148	G	A	10	0	27	1	1	23	0.0769231	13	0.478261	FALSE	NA	NA	NA	NA	NA	NA
NC_045512.2	18149	G	T	9	1	22	1	1	28	0.0909091	11	0.5	FALSE	NA	NA	NA	NA	NA	NA
NC_045512.2	18149	G	C	9	1	22	1	1	23	0.0909091	11	0.5	FALSE	NA	NA	NA	NA	NA	NA
NC_045512.2	18150	T	C	10	1	27	1	1	27	0.0909091	11	0.52381	FALSE	NA	NA	NA	NA	NA	NA
NC_045512.2	18151	T	A	10	1	27	2	2	23	0.166667	12	0.26087	FALSE	NA	NA	NA	NA	NA	NA
NC_045512.2	18152	T	G	7	0	22	2	2	26	0.2	10	0.235294	FALSE	NA	NA	NA	NA	NA	NA
NC_045512.2	18152	T	A	7	0	22	1	1	28	0.1	10	0.470588	FALSE	NA	NA	NA	NA	NA	NA
NC_045512.2	18153	A	C	12	2	27	1	1	25	0.0769231	13	0.52	FALSE	NA	NA	NA	NA	NA	NA
NC_045512.2	18154	T	C	11	1	26	1	1	29	0.0769231	13	0.5	FALSE	NA	NA	NA	NA	NA	NA
NC_045512.2	18154	T	A	11	1	26	1	1	28	0.0769231	13	0.5	FALSE	NA	NA	NA	NA	NA	NA
NC_045512.2	18155	G	C	11	1	27	1	1	28	0.0769231	13	0.5	FALSE	NA	NA	NA	NA	NA	NA
NC_045512.2	18155	G	A	11	1	27	1	1	30	0.0769231	13	0.5	FALSE	NA	NA	NA	NA	NA	NA
NC_045512.2	18156	T	C	11	1	27	1	1	29	0.0833333	12	0.521739	FALSE	NA	NA	NA	NA	NA	NA
NC_045512.2	18157	G	T	11	1	26	1	1	28	0.0769231	13	0.5	FALSE	NA	NA	NA	NA	NA	NA
NC_045512.2	18157	G	A	11	1	26	1	1	26	0.0769231	13	0.5	FALSE	NA	NA	NA	NA	NA	NA
NC_045512.2	18158	T	A	10	0	26	3	3	24	0.230769	13	0.124348	FALSE	NA	NA	NA	NA	NA	NA
NC_045512.2	18159	T	A	8	0	22	3	3	28	0.272727	11	0.12406	FALSE	NA	NA	NA	NA	NA	NA
NC_045512.2	18160	G	T	11	1	26	1	1	27	0.0769231	13	0.5	FALSE	NA	NA	NA	NA	NA	NA
NC_045512.2	18160	G	A	11	1	26	1	1	23	0.0769231	13	0.5	FALSE	NA	NA	NA	NA	NA	NA
NC_045512.2	18161	A	T	10	0	26	1	1	23	0.0769231	13	0.478261	FALSE	NA	NA	NA	NA	NA	NA
NC_045512.2	18161	A	G	10	0	26	2	2	27	0.153846	13	0.23913	FALSE	NA	NA	NA	NA	NA	NA
NC_045512.2	18162	C	T	10	0	26	3	3	25	0.230769	13	0.124348	FALSE	NA	NA	NA	NA	NA	NA
NC_045512.2	18163	A	T	1	1	22	1	1	28	0.0769231	13	0.142857	FALSE	NA	NA	NA	NA	NA	NA
NC_045512.2	18163	A	G	1	1	22	10	0	25	0.769231	13	9.61483e-06	TRUE	NA	NA	NA	NA	NA	NA
NC_045512.2	18163	A	C	1	1	22	1	1	24	0.0769231	13	0.142857	FALSE	NA	NA	NA	NA	NA	NA
NC_045512.2	18164	T	A	11	1	26	2	2	25	0.153846	13	0.26	FALSE	NA	NA	NA	NA	NA	NA
NC_045512.2	18165	A	C	15	3	26	1	1	29	0.0625	16	0.516129	FALSE	NA	NA	NA	NA	NA	NA
NC_045512.2	18166	C	T	12	0	27	1	1	26	0.0666667	15	0.481481	FALSE	NA	NA	NA	NA	NA	NA
NC_045512.2	18166	C	A	12	0	27	2	2	29	0.133333	15	0.240741	FALSE	NA	NA	NA	NA	NA	NA
NC_045512.2	18167	C	G	12	1	23	2	2	24	0.133333	15	0.240741	FALSE	NA	NA	NA	NA	NA	NA
NC_045512.2	18167	C	A	12	1	23	1	1	31	0.0666667	15	0.481481	FALSE	NA	NA	NA	NA	NA	NA
NC_045512.2	18168	T	G	14	2	25	1	1	28	0.0625	16	0.5	FALSE	NA	NA	NA	NA	NA	NA
NC_045512.2	18168	T	C	14	2	25	1	1	28	0.0625	16	0.5	FALSE	NA	NA	NA	NA	NA	NA
NC_045512.2	18169	G	T	14	2	25	1	1	28	0.0625	16	0.5	FALSE	NA	NA	NA	NA	NA	NA
NC_045512.2	18169	G	A	14	2	25	1	1	27	0.0625	16	0.5	FALSE	NA	NA	NA	NA	NA	NA
NC_045512.2	18170	G	C	11	2	23	1	1	28	0.0833333	12	0.521739	FALSE	NA	NA	NA	NA	NA	NA
NC_045512.2	18171	C	T	13	1	25	2	2	28	0.125	16	0.241379	FALSE	NA	NA	NA	NA	NA	NA
NC_045512.2	18171	C	A	13	1	25	1	1	23	0.0625	16	0.482759	FALSE	NA	NA	NA	NA	NA	NA
NC_045512.2	18172	A	G	14	2	27	1	1	31	0.0625	16	0.5	FALSE	NA	NA	NA	NA	NA	NA
NC_045512.2	18172	A	C	14	2	27	1	1	25	0.0625	16	0.5	FALSE	NA	NA	NA	NA	NA	NA
NC_045512.2	18173	T	G	13	1	27	1	1	22	0.0666667	15	0.5	FALSE	NA	NA	NA	NA	NA	NA
NC_045512.2	18173	T	A	13	1	27	1	1	27	0.0666667	15	0.5	FALSE	NA	NA	NA	NA	NA	NA
NC_045512.2	18174	A	T	13	1	26	1	1	25	0.0625	16	0.482759	FALSE	NA	NA	NA	NA	NA	NA
NC_045512.2	18174	A	G	13	1	26	1	1	26	0.0625	16	0.482759	FALSE	NA	NA	NA	NA	NA	NA
NC_045512.2	18174	A	C	13	1	26	1	1	27	0.0625	16	0.482759	FALSE	NA	NA	NA	NA	NA	NA
NC_045512.2	18175	C	T	13	1	26	1	1	25	0.0666667	15	0.5	FALSE	NA	NA	NA	NA	NA	NA
NC_045512.2	18175	C	G	13	1	26	1	1	27	0.0666667	15	0.5	FALSE	NA	NA	NA	NA	NA	NA
NC_045512.2	18176	C	T	13	1	24	2	2	26	0.133333	15	0.258621	FALSE	NA	NA	NA	NA	NA	NA
NC_045512.2	18177	T	A	14	2	27	2	2	25	0.125	16	0.258065	FALSE	NA	NA	NA	NA	NA	NA
NC_045512.2	18178	A	T	13	3	27	1	0	22	0.0625	16	0.482759	FALSE	NA	NA	NA	NA	NA	NA
NC_045512.2	18178	A	G	13	3	27	1	0	29	0.0625	16	0.482759	FALSE	NA	NA	NA	NA	NA	NA
NC_045512.2	18178	A	C	13	3	27	1	1	24	0.0625	16	0.482759	FALSE	NA	NA	NA	NA	NA	NA
NC_045512.2	18179	A	G	13	1	24	1	1	26	0.0625	16	0.482759	FALSE	NA	NA	NA	NA	NA	NA
NC_045512.2	18179	A	C	13	1	24	2	2	27	0.125	16	0.241379	FALSE	NA	NA	NA	NA	NA	NA
NC_045512.2	18180	G	T	14	2	27	1	1	27	0.0625	16	0.5	FALSE	NA	NA	NA	NA	NA	NA
NC_045512.2	18180	G	A	14	2	27	1	1	28	0.0625	16	0.5	FALSE	NA	NA	NA	NA	NA	NA
NC_045512.2	18181	G	T	14	2	23	2	2	24	0.125	16	0.258065	FALSE	NA	NA	NA	NA	NA	NA
NC_045512.2	18182	A	T	13	1	27	1	1	29	0.0625	16	0.482759	FALSE	NA	NA	NA	NA	NA	NA
NC_045512.2	18182	A	G	13	1	27	2	2	27	0.125	16	0.241379	FALSE	NA	NA	NA	NA	NA	NA
NC_045512.2	18183	C	T	14	2	27	1	1	22	0.0625	16	0.5	FALSE	NA	NA	NA	NA	NA	NA
NC_045512.2	18183	C	G	14	2	27	1	1	27	0.0625	16	0.5	FALSE	NA	NA	NA	NA	NA	NA
NC_045512.2	18184	A	T	14	2	27	2	2	26	0.125	16	0.258065	FALSE	NA	NA	NA	NA	NA	NA
NC_045512.2	18185	T	G	14	2	27	1	1	27	0.0625	16	0.5	FALSE	NA	NA	NA	NA	NA	NA
NC_045512.2	18185	T	A	14	2	27	1	1	26	0.0625	16	0.5	FALSE	NA	NA	NA	NA	NA	NA
NC_045512.2	18186	G	A	14	2	27	2	2	28	0.125	16	0.258065	FALSE	NA	NA	NA	NA	NA	NA
NC_045512.2	18187	A	T	13	1	27	1	1	28	0.0625	16	0.482759	FALSE	NA	NA	NA	NA	NA	NA
NC_045512.2	18187	A	C	13	1	27	2	2	27	0.125	16	0.241379	FALSE	NA	NA	NA	NA	NA	NA
NC_045512.2	18188	C	G	14	2	27	1	1	28	0.0625	16	0.5	FALSE	NA	NA	NA	NA	NA	NA
NC_045512.2	18188	C	A	14	2	27	1	1	23	0.0625	16	0.5	FALSE	NA	NA	NA	NA	NA	NA
NC_045512.2	18189	C	T	12	1	24	2	2	26	0.133333	15	0.240741	FALSE	NA	NA	NA	NA	NA	NA
NC_045512.2	18189	C	A	12	1	24	1	1	28	0.0666667	15	0.481481	FALSE	NA	NA	NA	NA	NA	NA
NC_045512.2	18190	T	G	13	1	27	1	1	22	0.0625	16	0.482759	FALSE	NA	NA	NA	NA	NA	NA
NC_045512.2	18190	T	A	13	1	27	2	2	25	0.125	16	0.241379	FALSE	NA	NA	NA	NA	NA	NA
NC_045512.2	18191	A	G	14	2	27	1	1	31	0.0625	16	0.5	FALSE	NA	NA	NA	NA	NA	NA
NC_045512.2	18191	A	C	14	2	27	1	1	22	0.0625	16	0.5	FALSE	NA	NA	NA	NA	NA	NA
NC_045512.2	18192	T	G	14	2	27	1	1	23	0.0625	16	0.5	FALSE	NA	NA	NA	NA	NA	NA
NC_045512.2	18192	T	C	14	2	27	1	1	28	0.0625	16	0.5	FALSE	NA	NA	NA	NA	NA	NA
NC_045512.2	18193	A	T	14	2	27	1	1	28	0.0625	16	0.5	FALSE	NA	NA	NA	NA	NA	NA
NC_045512.2	18193	A	G	14	2	27	1	1	27	0.0625	16	0.5	FALSE	NA	NA	NA	NA	NA	NA
NC_045512.2	18194	G	A	14	2	27	2	2	26	0.125	16	0.258065	FALSE	NA	NA	NA	NA	NA	NA
NC_045512.2	18195	A	T	13	1	28	1	1	26	0.0625	16	0.482759	FALSE	NA	NA	NA	NA	NA	NA
NC_045512.2	18195	A	G	13	1	28	1	1	30	0.0625	16	0.482759	FALSE	NA	NA	NA	NA	NA	NA
NC_045512.2	18195	A	C	13	1	28	1	1	24	0.0625	16	0.482759	FALSE	NA	NA	NA	NA	NA	NA
NC_045512.2	18196	A	C	14	2	23	2	2	28	0.125	16	0.258065	FALSE	NA	NA	NA	NA	NA	NA
NC_045512.2	18197	G	T	13	1	27	1	1	24	0.0625	16	0.482759	FALSE	NA	NA	NA	NA	NA	NA
NC_045512.2	18197	G	A	13	1	27	2	2	27	0.125	16	0.241379	FALSE	NA	NA	NA	NA	NA	NA
NC_045512.2	18198	A	T	13	1	27	1	1	28	0.0625	16	0.482759	FALSE	NA	NA	NA	NA	NA	NA
NC_045512.2	18198	A	G	13	1	27	1	1	27	0.0625	16	0.482759	FALSE	NA	NA	NA	NA	NA	NA
NC_045512.2	18198	A	C	13	1	27	1	1	26	0.0625	16	0.482759	FALSE	NA	NA	NA	NA	NA	NA
NC_045512.2	18199	C	T	13	1	27	1	1	26	0.0625	16	0.482759	FALSE	NA	NA	NA	NA	NA	NA
NC_045512.2	18199	C	A	13	1	27	2	2	28	0.125	16	0.241379	FALSE	NA	NA	NA	NA	NA	NA
NC_045512.2	18200	T	C	12	1	27	2	2	23	0.142857	14	0.259259	FALSE	NA	NA	NA	NA	NA	NA
NC_045512.2	18201	C	G	13	3	26	1	1	27	0.0714286	14	0.518519	FALSE	NA	NA	NA	NA	NA	NA
NC_045512.2	18202	A	T	12	1	27	2	2	28	0.133333	15	0.240741	FALSE	NA	NA	NA	NA	NA	NA
NC_045512.2	18202	A	G	12	1	27	1	1	26	0.0666667	15	0.481481	FALSE	NA	NA	NA	NA	NA	NA
NC_045512.2	18203	T	A	13	2	25	2	2	25	0.133333	15	0.258621	FALSE	NA	NA	NA	NA	NA	NA
NC_045512.2	18204	C	T	12	1	25	2	2	26	0.133333	15	0.240741	FALSE	NA	NA	NA	NA	NA	NA
NC_045512.2	18204	C	A	12	1	25	1	1	28	0.0666667	15	0.481481	FALSE	NA	NA	NA	NA	NA	NA
NC_045512.2	18205	T	G	12	1	25	1	1	24	0.0666667	15	0.481481	FALSE	NA	NA	NA	NA	NA	NA
NC_045512.2	18205	T	A	12	1	25	2	2	26	0.133333	15	0.240741	FALSE	NA	NA	NA	NA	NA	NA
NC_045512.2	18206	C	G	13	2	26	2	2	27	0.133333	15	0.258621	FALSE	NA	NA	NA	NA	NA	NA
NC_045512.2	18207	T	A	12	1	26	3	3	26	0.2	15	0.124521	FALSE	NA	NA	NA	NA	NA	NA
NC_045512.2	18208	A	T	13	2	26	1	1	29	0.0666667	15	0.5	FALSE	NA	NA	NA	NA	NA	NA
NC_045512.2	18208	A	C	13	2	26	1	1	33	0.0666667	15	0.5	FALSE	NA	NA	NA	NA	NA	NA
NC_045512.2	18209	T	G	12	1	26	1	1	27	0.0666667	15	0.481481	FALSE	NA	NA	NA	NA	NA	NA
NC_045512.2	18209	T	C	12	1	26	1	1	23	0.0666667	15	0.481481	FALSE	NA	NA	NA	NA	NA	NA
NC_045512.2	18209	T	A	12	1	26	1	1	34	0.0666667	15	0.481481	FALSE	NA	NA	NA	NA	NA	NA
NC_045512.2	18210	G	T	12	1	26	1	1	29	0.0666667	15	0.481481	FALSE	NA	NA	NA	NA	NA	NA
NC_045512.2	18210	G	C	12	1	26	1	1	29	0.0666667	15	0.481481	FALSE	NA	NA	NA	NA	NA	NA
NC_045512.2	18210	G	A	12	1	26	1	1	27	0.0666667	15	0.481481	FALSE	NA	NA	NA	NA	NA	NA
NC_045512.2	18211	A	T	12	1	26	1	1	29	0.0666667	15	0.481481	FALSE	NA	NA	NA	NA	NA	NA
NC_045512.2	18211	A	G	12	1	26	1	1	27	0.0666667	15	0.481481	FALSE	NA	NA	NA	NA	NA	NA
NC_045512.2	18211	A	C	12	1	26	1	1	27	0.0666667	15	0.481481	FALSE	NA	NA	NA	NA	NA	NA
NC_045512.2	18212	T	A	10	2	26	2	2	28	0.166667	12	0.26087	FALSE	NA	NA	NA	NA	NA	NA
NC_045512.2	18213	G	C	8	1	26	3	3	25	0.272727	11	0.12406	FALSE	NA	NA	NA	NA	NA	NA
NC_045512.2	18214	G	C	8	1	25	1	1	27	0.0909091	11	0.473684	FALSE	NA	NA	NA	NA	NA	NA
NC_045512.2	18214	G	A	8	1	25	2	2	26	0.181818	11	0.236842	FALSE	NA	NA	NA	NA	NA	NA
NC_045512.2	18214	G	-GTT	8	1	25	1	0	20	0.0909091	11	0.473684	FALSE	NA	NA	NA	NA	NA	NA
NC_045512.2	18215	G	T	3	1	23	2	2	25	0.333333	6	0.181818	FALSE	NA	NA	NA	NA	NA	NA
NC_045512.2	18215	G	C	3	1	23	1	1	28	0.166667	6	0.4	FALSE	NA	NA	NA	NA	NA	NA
NC_045512.2	18216	T	C	5	0	26	1	1	27	0.125	8	0.4	FALSE	NA	NA	NA	NA	NA	NA
NC_045512.2	18216	T	A	5	0	26	2	2	27	0.25	8	0.175	FALSE	NA	NA	NA	NA	NA	NA
NC_045512.2	18217	T	G	9	3	27	1	1	23	0.1	10	0.5	FALSE	NA	NA	NA	NA	NA	NA
NC_045512.2	18218	T	G	7	1	27	1	1	29	0.1	10	0.470588	FALSE	NA	NA	NA	NA	NA	NA
NC_045512.2	18218	T	C	7	1	27	1	1	28	0.1	10	0.470588	FALSE	NA	NA	NA	NA	NA	NA
NC_045512.2	18218	T	A	7	1	27	1	1	30	0.1	10	0.470588	FALSE	NA	NA	NA	NA	NA	NA
NC_045512.2	18219	T	G	4	2	26	1	1	30	0.166667	6	0.454545	FALSE	NA	NA	NA	NA	NA	NA
NC_045512.2	18219	T	C	4	2	26	1	1	25	0.166667	6	0.454545	FALSE	NA	NA	NA	NA	NA	NA
NC_045512.2	18221	A	T	9	2	27	1	1	27	0.1	10	0.526316	FALSE	NA	NA	NA	NA	NA	NA
NC_045512.2	18222	A	G	8	1	27	2	2	28	0.181818	11	0.236842	FALSE	NA	NA	NA	NA	NA	NA
NC_045512.2	18222	A	C	8	1	27	1	1	25	0.0909091	11	0.473684	FALSE	NA	NA	NA	NA	NA	NA
NC_045512.2	18223	A	T	5	3	25	1	1	25	0.166667	6	0.545455	FALSE	NA	NA	NA	NA	NA	NA
NC_045512.2	18224	T	C	9	2	25	1	1	28	0.0909091	11	0.5	FALSE	NA	NA	NA	NA	NA	NA
NC_045512.2	18224	T	A	9	2	25	1	1	27	0.0909091	11	0.5	FALSE	NA	NA	NA	NA	NA	NA
NC_045512.2	18225	G	T	9	2	25	1	1	30	0.0909091	11	0.5	FALSE	NA	NA	NA	NA	NA	NA
NC_045512.2	18225	G	C	9	2	25	1	1	25	0.0909091	11	0.5	FALSE	NA	NA	NA	NA	NA	NA
NC_045512.2	18226	A	G	8	2	25	1	1	27	0.1	10	0.5	FALSE	NA	NA	NA	NA	NA	NA
NC_045512.2	18226	A	C	8	2	25	1	1	27	0.1	10	0.5	FALSE	NA	NA	NA	NA	NA	NA
NC_045512.2	18227	A	G	5	2	24	1	1	28	0.142857	7	0.5	FALSE	NA	NA	NA	NA	NA	NA
NC_045512.2	18227	A	C	5	2	24	1	1	27	0.142857	7	0.5	FALSE	NA	NA	NA	NA	NA	NA
NC_045512.2	18228	T	A	7	2	25	1	1	28	0.125	8	0.533333	FALSE	NA	NA	NA	NA	NA	NA
NC_045512.2	18229	T	C	4	2	25	2	2	26	0.333333	6	0.272727	FALSE	NA	NA	NA	NA	NA	NA
NC_045512.2	18230	A	T	6	1	24	2	2	29	0.222222	9	0.233333	FALSE	NA	NA	NA	NA	NA	NA
NC_045512.2	18230	A	C	6	1	24	1	1	28	0.111111	9	0.466667	FALSE	NA	NA	NA	NA	NA	NA
NC_045512.2	18231	T	C	8	3	25	1	1	27	0.111111	9	0.529412	FALSE	NA	NA	NA	NA	NA	NA
NC_045512.2	18232	C	T	7	2	27	1	1	27	0.125	8	0.533333	FALSE	NA	NA	NA	NA	NA	NA
NC_045512.2	18234	A	T	2	2	27	1	1	28	0.25	4	0.5	FALSE	NA	NA	NA	NA	NA	NA
NC_045512.2	18234	A	G	2	2	27	1	1	28	0.25	4	0.5	FALSE	NA	NA	NA	NA	NA	NA
NC_045512.2	18235	G	T	5	2	24	1	1	28	0.142857	7	0.5	FALSE	NA	NA	NA	NA	NA	NA
NC_045512.2	18235	G	A	5	2	24	1	1	24	0.142857	7	0.5	FALSE	NA	NA	NA	NA	NA	NA
NC_045512.2	18236	T	G	5	2	22	1	1	27	0.142857	7	0.5	FALSE	NA	NA	NA	NA	NA	NA
NC_045512.2	18236	T	A	5	2	22	1	1	27	0.142857	7	0.5	FALSE	NA	NA	NA	NA	NA	NA
NC_045512.2	18237	T	G	5	3	24	1	1	27	0.166667	6	0.545455	FALSE	NA	NA	NA	NA	NA	NA
NC_045512.2	18238	A	T	5	2	25	1	1	28	0.142857	7	0.5	FALSE	NA	NA	NA	NA	NA	NA
NC_045512.2	18238	A	G	5	2	25	1	1	21	0.142857	7	0.5	FALSE	NA	NA	NA	NA	NA	NA
NC_045512.2	18239	A	G	4	2	26	2	2	27	0.333333	6	0.272727	FALSE	NA	NA	NA	NA	NA	NA
NC_045512.2	18240	T	G	4	2	26	1	1	30	0.166667	6	0.5	FALSE	NA	NA	NA	NA	NA	NA
NC_045512.2	18240	T	A	4	2	26	1	1	28	0.166667	6	0.5	FALSE	NA	NA	NA	NA	NA	NA
NC_045512.2	18241	G	T	3	1	25	1	1	30	0.2	5	0.5	FALSE	NA	NA	NA	NA	NA	NA
NC_045512.2	18241	G	C	3	1	25	1	1	28	0.2	5	0.5	FALSE	NA	NA	NA	NA	NA	NA
NC_045512.2	18242	G	T	3	1	23	1	1	28	0.166667	6	0.444444	FALSE	NA	NA	NA	NA	NA	NA
NC_045512.2	18242	G	A	3	1	23	2	2	29	0.333333	6	0.222222	FALSE	NA	NA	NA	NA	NA	NA
NC_045512.2	18243	T	C	5	3	26	1	1	28	0.166667	6	0.545455	FALSE	NA	NA	NA	NA	NA	NA
NC_045512.2	18244	T	C	5	3	24	1	1	27	0.166667	6	0.545455	FALSE	NA	NA	NA	NA	NA	NA
NC_045512.2	18246	C	A	2	0	28	3	3	26	0.6	5	0.119048	FALSE	NA	NA	NA	NA	NA	NA
NC_045512.2	18247	C	G	3	1	28	1	1	27	0.166667	6	0.444444	FALSE	NA	NA	NA	NA	NA	NA
NC_045512.2	18247	C	A	3	1	28	2	2	25	0.333333	6	0.222222	FALSE	NA	NA	NA	NA	NA	NA
NC_045512.2	18248	C	T	3	1	23	2	2	22	0.333333	6	0.222222	FALSE	NA	NA	NA	NA	NA	NA
NC_045512.2	18248	C	A	3	1	23	1	1	24	0.166667	6	0.444444	FALSE	NA	NA	NA	NA	NA	NA
NC_045512.2	18252	C	A	3	1	27	1	1	25	0.25	4	0.571429	FALSE	NA	NA	NA	NA	NA	NA
NC_045512.2	18254	T	C	3	1	29	1	1	25	0.25	4	0.571429	FALSE	NA	NA	NA	NA	NA	NA
NC_045512.2	18255	G	T	3	1	27	1	1	25	0.25	4	0.571429	FALSE	NA	NA	NA	NA	NA	NA
NC_045512.2	18256	T	G	3	1	25	1	1	21	0.25	4	0.571429	FALSE	NA	NA	NA	NA	NA	NA
NC_045512.2	18257	T	G	3	1	27	1	1	21	0.25	4	0.571429	FALSE	NA	NA	NA	NA	NA	NA
NC_045512.2	18258	T	C	3	1	23	1	1	21	0.25	4	0.571429	FALSE	NA	NA	NA	NA	NA	NA
NC_045512.2	18261	C	A	3	1	26	1	1	27	0.25	4	0.571429	FALSE	NA	NA	NA	NA	NA	NA
NC_045512.2	18262	A	C	3	1	28	1	1	21	0.25	4	0.571429	FALSE	NA	NA	NA	NA	NA	NA
NC_045512.2	18264	C	T	3	1	28	1	1	28	0.25	4	0.571429	FALSE	NA	NA	NA	NA	NA	NA
NC_045512.2	18265	C	A	2	1	25	1	1	24	0.333333	3	0.6	FALSE	NA	NA	NA	NA	NA	NA
NC_045512.2	18266	G	A	3	1	28	1	1	28	0.25	4	0.571429	FALSE	NA	NA	NA	NA	NA	NA
NC_045512.2	18267	C	G	3	1	29	1	1	24	0.25	4	0.571429	FALSE	NA	NA	NA	NA	NA	NA
NC_045512.2	18270	A	C	3	1	23	1	1	25	0.25	4	0.571429	FALSE	NA	NA	NA	NA	NA	NA
NC_045512.2	18271	G	A	3	1	26	1	1	25	0.25	4	0.571429	FALSE	NA	NA	NA	NA	NA	NA
NC_045512.2	18272	A	T	3	1	25	1	1	26	0.25	4	0.571429	FALSE	NA	NA	NA	NA	NA	NA
NC_045512.2	18273	A	G	3	1	25	1	1	25	0.25	4	0.571429	FALSE	NA	NA	NA	NA	NA	NA
NC_045512.2	18274	G	A	3	1	29	1	1	25	0.25	4	0.571429	FALSE	NA	NA	NA	NA	NA	NA
NC_045512.2	18276	T	C	3	1	27	1	1	26	0.25	4	0.571429	FALSE	NA	NA	NA	NA	NA	NA
NC_045512.2	18277	A	T	10	2	27	1	1	26	0.0909091	11	0.52381	FALSE	NA	NA	NA	NA	NA	NA
NC_045512.2	18278	T	A	10	2	27	1	1	26	0.0909091	11	0.52381	FALSE	NA	NA	NA	NA	NA	NA
NC_045512.2	18279	A	T	9	1	27	1	1	26	0.1	10	0.526316	FALSE	NA	NA	NA	NA	NA	NA
NC_045512.2	18283	C	A	9	2	25	1	1	24	0.1	10	0.526316	FALSE	NA	NA	NA	NA	NA	NA
NC_045512.2	18284	A	G	9	2	25	1	1	24	0.1	10	0.526316	FALSE	NA	NA	NA	NA	NA	NA
NC_045512.2	18285	T	A	9	2	26	1	1	22	0.1	10	0.526316	FALSE	NA	NA	NA	NA	NA	NA
NC_045512.2	18286	G	C	9	2	26	1	1	26	0.1	10	0.526316	FALSE	NA	NA	NA	NA	NA	NA
NC_045512.2	18288	A	C	9	2	26	1	1	25	0.1	10	0.526316	FALSE	NA	NA	NA	NA	NA	NA
NC_045512.2	18289	C	A	9	2	26	1	1	25	0.1	10	0.526316	FALSE	NA	NA	NA	NA	NA	NA
NC_045512.2	18290	G	T	9	2	26	1	1	27	0.1	10	0.526316	FALSE	NA	NA	NA	NA	NA	NA
NC_045512.2	18291	T	C	9	2	26	1	1	25	0.1	10	0.526316	FALSE	NA	NA	NA	NA	NA	NA
NC_045512.2	18292	G	T	9	2	26	1	1	25	0.1	10	0.526316	FALSE	NA	NA	NA	NA	NA	NA
NC_045512.2	18294	A	T	9	2	26	1	1	28	0.1	10	0.526316	FALSE	NA	NA	NA	NA	NA	NA
NC_045512.2	18295	T	A	9	2	25	1	1	22	0.1	10	0.526316	FALSE	NA	NA	NA	NA	NA	NA
NC_045512.2	18296	G	T	8	1	25	1	1	23	0.111111	9	0.529412	FALSE	NA	NA	NA	NA	NA	NA
NC_045512.2	18306	C	T	9	2	26	1	1	27	0.1	10	0.526316	FALSE	NA	NA	NA	NA	NA	NA
NC_045512.2	18309	T	A	9	2	26	1	1	27	0.1	10	0.526316	FALSE	NA	NA	NA	NA	NA	NA
NC_045512.2	18310	G	A	9	2	26	1	1	27	0.1	10	0.526316	FALSE	NA	NA	NA	NA	NA	NA
NC_045512.2	18312	C	G	9	2	26	1	1	27	0.1	10	0.526316	FALSE	NA	NA	NA	NA	NA	NA
NC_045512.2	18313	G	A	9	2	27	1	1	23	0.1	10	0.526316	FALSE	NA	NA	NA	NA	NA	NA
NC_045512.2	18315	G	T	8	1	26	1	1	24	0.111111	9	0.529412	FALSE	NA	NA	NA	NA	NA	NA
NC_045512.2	18316	G	T	9	2	27	1	1	26	0.1	10	0.526316	FALSE	NA	NA	NA	NA	NA	NA
NC_045512.2	18317	G	A	9	2	27	1	1	27	0.1	10	0.526316	FALSE	NA	NA	NA	NA	NA	NA
NC_045512.2	18318	G	T	5	2	23	1	1	26	0.166667	6	0.545455	FALSE	NA	NA	NA	NA	NA	NA
NC_045512.2	18319	T	C	9	2	26	1	1	25	0.1	10	0.526316	FALSE	NA	NA	NA	NA	NA	NA
NC_045512.2	18320	G	A	9	2	27	1	1	21	0.1	10	0.526316	FALSE	NA	NA	NA	NA	NA	NA
NC_045512.2	18321	T	A	9	2	28	1	1	26	0.1	10	0.526316	FALSE	NA	NA	NA	NA	NA	NA
NC_045512.2	18322	C	G	9	2	28	1	1	25	0.1	10	0.526316	FALSE	NA	NA	NA	NA	NA	NA
NC_045512.2	18323	A	T	9	2	27	1	1	22	0.1	10	0.526316	FALSE	NA	NA	NA	NA	NA	NA
NC_045512.2	18325	G	A	9	2	26	1	1	22	0.1	10	0.526316	FALSE	NA	NA	NA	NA	NA	NA
NC_045512.2	18326	C	A	8	2	26	1	1	27	0.111111	9	0.529412	FALSE	NA	NA	NA	NA	NA	NA
NC_045512.2	18328	A	G	8	2	27	1	1	22	0.111111	9	0.529412	FALSE	NA	NA	NA	NA	NA	NA
NC_045512.2	18329	C	G	8	2	27	1	1	27	0.111111	9	0.529412	FALSE	NA	NA	NA	NA	NA	NA
NC_045512.2	18331	A	T	8	2	27	1	1	28	0.111111	9	0.529412	FALSE	NA	NA	NA	NA	NA	NA
NC_045512.2	18332	G	A	8	2	28	1	1	27	0.111111	9	0.529412	FALSE	NA	NA	NA	NA	NA	NA
NC_045512.2	18333	A	C	8	2	28	1	1	22	0.111111	9	0.529412	FALSE	NA	NA	NA	NA	NA	NA
NC_045512.2	18334	G	C	8	2	27	1	1	27	0.111111	9	0.529412	FALSE	NA	NA	NA	NA	NA	NA
NC_045512.2	18335	A	C	8	2	27	1	1	27	0.111111	9	0.529412	FALSE	NA	NA	NA	NA	NA	NA
NC_045512.2	18336	A	T	7	2	25	1	1	27	0.125	8	0.533333	FALSE	NA	NA	NA	NA	NA	NA
NC_045512.2	18337	G	A	8	2	27	1	1	24	0.111111	9	0.529412	FALSE	NA	NA	NA	NA	NA	NA
NC_045512.2	18338	C	A	8	2	27	1	1	25	0.111111	9	0.529412	FALSE	NA	NA	NA	NA	NA	NA
NC_045512.2	18339	T	C	8	2	29	1	1	25	0.111111	9	0.529412	FALSE	NA	NA	NA	NA	NA	NA
NC_045512.2	18340	G	A	8	2	28	1	1	25	0.111111	9	0.529412	FALSE	NA	NA	NA	NA	NA	NA
NC_045512.2	18342	T	G	8	2	25	1	1	27	0.111111	9	0.529412	FALSE	NA	NA	NA	NA	NA	NA
NC_045512.2	18343	G	T	8	2	27	1	1	23	0.111111	9	0.529412	FALSE	NA	NA	NA	NA	NA	NA
NC_045512.2	18344	G	T	8	2	25	1	1	28	0.111111	9	0.529412	FALSE	NA	NA	NA	NA	NA	NA
NC_045512.2	18347	C	T	8	2	25	1	1	32	0.0909091	11	0.473684	FALSE	NA	NA	NA	NA	NA	NA
NC_045512.2	18347	C	A	8	2	25	2	2	28	0.181818	11	0.236842	FALSE	NA	NA	NA	NA	NA	NA
NC_045512.2	18348	C	T	9	3	23	2	2	27	0.181818	11	0.261905	FALSE	NA	NA	NA	NA	NA	NA
NC_045512.2	18350	A	C	9	4	23	1	1	23	0.1	10	0.526316	FALSE	NA	NA	NA	NA	NA	NA
NC_045512.2	18351	T	G	6	0	26	2	2	27	0.222222	9	0.233333	FALSE	NA	NA	NA	NA	NA	NA
NC_045512.2	18351	T	C	6	0	26	1	1	31	0.111111	9	0.466667	FALSE	NA	NA	NA	NA	NA	NA
NC_045512.2	18352	T	C	8	2	27	1	1	29	0.0909091	11	0.473684	FALSE	NA	NA	NA	NA	NA	NA
NC_045512.2	18352	T	A	8	2	27	2	2	26	0.181818	11	0.236842	FALSE	NA	NA	NA	NA	NA	NA
NC_045512.2	18353	T	G	4	2	23	1	1	27	0.142857	7	0.454545	FALSE	NA	NA	NA	NA	NA	NA
NC_045512.2	18353	T	C	4	2	23	2	2	27	0.285714	7	0.227273	FALSE	NA	NA	NA	NA	NA	NA
NC_045512.2	18354	A	C	10	4	26	1	1	27	0.0909091	11	0.52381	FALSE	NA	NA	NA	NA	NA	NA
NC_045512.2	18355	C	T	8	2	26	2	2	28	0.181818	11	0.236842	FALSE	NA	NA	NA	NA	NA	NA
NC_045512.2	18355	C	G	8	2	26	1	1	27	0.0909091	11	0.473684	FALSE	NA	NA	NA	NA	NA	NA
NC_045512.2	18356	C	G	6	2	23	2	2	27	0.222222	9	0.233333	FALSE	NA	NA	NA	NA	NA	NA
NC_045512.2	18356	C	A	6	2	23	1	1	21	0.111111	9	0.466667	FALSE	NA	NA	NA	NA	NA	NA
NC_045512.2	18357	T	A	9	3	26	1	1	27	0.1	10	0.526316	FALSE	NA	NA	NA	NA	NA	NA
NC_045512.2	18358	T	G	8	2	26	1	1	27	0.0909091	11	0.473684	FALSE	NA	NA	NA	NA	NA	NA
NC_045512.2	18358	T	A	8	2	26	2	2	27	0.181818	11	0.236842	FALSE	NA	NA	NA	NA	NA	NA
NC_045512.2	18359	T	C	5	2	23	2	2	24	0.25	8	0.230769	FALSE	NA	NA	NA	NA	NA	NA
NC_045512.2	18359	T	A	5	2	23	1	1	27	0.125	8	0.461538	FALSE	NA	NA	NA	NA	NA	NA
NC_045512.2	18360	A	G	8	2	26	3	3	24	0.272727	11	0.12406	FALSE	NA	NA	NA	NA	NA	NA
NC_045512.2	18361	C	T	8	2	27	2	2	25	0.181818	11	0.236842	FALSE	NA	NA	NA	NA	NA	NA
NC_045512.2	18361	C	G	8	2	27	1	1	29	0.0909091	11	0.473684	FALSE	NA	NA	NA	NA	NA	NA
NC_045512.2	18362	A	G	8	2	27	2	2	24	0.181818	11	0.236842	FALSE	NA	NA	NA	NA	NA	NA
NC_045512.2	18362	A	C	8	2	27	1	1	27	0.0909091	11	0.473684	FALSE	NA	NA	NA	NA	NA	NA
NC_045512.2	18363	G	T	8	2	27	1	1	27	0.0909091	11	0.473684	FALSE	NA	NA	NA	NA	NA	NA
NC_045512.2	18363	G	C	8	2	27	2	2	24	0.181818	11	0.236842	FALSE	NA	NA	NA	NA	NA	NA
NC_045512.2	18364	C	A	8	2	26	3	3	26	0.272727	11	0.12406	FALSE	NA	NA	NA	NA	NA	NA
NC_045512.2	18364	C	-T	8	2	26	1	0	20	0.0909091	11	0.473684	FALSE	NA	NA	NA	NA	NA	NA
NC_045512.2	18366	A	G	9	3	25	2	2	22	0.181818	11	0.261905	FALSE	NA	NA	NA	NA	NA	NA
NC_045512.2	18367	G	A	9	4	25	1	1	27	0.1	10	0.526316	FALSE	NA	NA	NA	NA	NA	NA
NC_045512.2	18368	G	A	5	3	24	2	2	27	0.285714	7	0.269231	FALSE	NA	NA	NA	NA	NA	NA
NC_045512.2	18369	T	A	6	2	24	1	1	27	0.142857	7	0.538462	FALSE	NA	NA	NA	NA	NA	NA
NC_045512.2	18370	T	C	6	4	27	1	1	27	0.142857	7	0.538462	FALSE	NA	NA	NA	NA	NA	NA
NC_045512.2	18371	T	G	4	2	27	2	2	24	0.285714	7	0.227273	FALSE	NA	NA	NA	NA	NA	NA
NC_045512.2	18371	T	A	4	2	27	1	1	27	0.142857	7	0.454545	FALSE	NA	NA	NA	NA	NA	NA
NC_045512.2	18372	T	G	5	3	27	2	2	28	0.285714	7	0.269231	FALSE	NA	NA	NA	NA	NA	NA
NC_045512.2	18373	T	G	2	2	26	1	1	25	0.2	5	0.428571	FALSE	NA	NA	NA	NA	NA	NA
NC_045512.2	18373	T	C	2	2	26	2	2	27	0.4	5	0.214286	FALSE	NA	NA	NA	NA	NA	NA
NC_045512.2	18374	C	T	4	2	26	3	3	24	0.428571	7	0.122378	FALSE	NA	NA	NA	NA	NA	NA
NC_045512.2	18375	T	A	6	4	27	1	1	25	0.142857	7	0.538462	FALSE	NA	NA	NA	NA	NA	NA
NC_045512.2	18376	A	C	4	2	26	3	3	25	0.428571	7	0.122378	FALSE	NA	NA	NA	NA	NA	NA
NC_045512.2	18377	C	G	4	2	27	3	3	25	0.428571	7	0.122378	FALSE	NA	NA	NA	NA	NA	NA
NC_045512.2	18378	A	T	6	4	26	1	1	25	0.142857	7	0.538462	FALSE	NA	NA	NA	NA	NA	NA
NC_045512.2	18379	G	T	5	3	25	2	2	27	0.285714	7	0.269231	FALSE	NA	NA	NA	NA	NA	NA
NC_045512.2	18380	G	T	4	3	26	1	1	24	0.166667	6	0.5	FALSE	NA	NA	NA	NA	NA	NA
NC_045512.2	18380	G	C	4	3	26	1	1	25	0.166667	6	0.5	FALSE	NA	NA	NA	NA	NA	NA
NC_045512.2	18381	T	A	6	4	28	1	1	25	0.142857	7	0.538462	FALSE	NA	NA	NA	NA	NA	NA
NC_045512.2	18382	G	T	4	2	27	1	1	22	0.142857	7	0.454545	FALSE	NA	NA	NA	NA	NA	NA
NC_045512.2	18382	G	C	4	2	27	2	2	27	0.285714	7	0.227273	FALSE	NA	NA	NA	NA	NA	NA
NC_045512.2	18383	T	G	4	2	26	2	2	27	0.333333	6	0.272727	FALSE	NA	NA	NA	NA	NA	NA
NC_045512.2	18384	T	G	3	2	27	1	1	23	0.166667	6	0.444444	FALSE	NA	NA	NA	NA	NA	NA
NC_045512.2	18384	T	A	3	2	27	2	2	27	0.333333	6	0.222222	FALSE	NA	NA	NA	NA	NA	NA
NC_045512.2	18386	A	T	4	2	25	1	1	20	0.142857	7	0.454545	FALSE	NA	NA	NA	NA	NA	NA
NC_045512.2	18386	A	G	4	2	25	2	2	27	0.285714	7	0.227273	FALSE	NA	NA	NA	NA	NA	NA
NC_045512.2	18387	C	T	4	2	25	1	1	26	0.142857	7	0.454545	FALSE	NA	NA	NA	NA	NA	NA
NC_045512.2	18387	C	G	4	2	25	2	2	27	0.285714	7	0.227273	FALSE	NA	NA	NA	NA	NA	NA
NC_045512.2	18388	C	G	4	2	26	2	2	27	0.333333	6	0.272727	FALSE	NA	NA	NA	NA	NA	NA
NC_045512.2	18389	T	G	6	4	26	1	1	23	0.142857	7	0.538462	FALSE	NA	NA	NA	NA	NA	NA
NC_045512.2	18390	A	G	4	2	26	2	2	27	0.285714	7	0.227273	FALSE	NA	NA	NA	NA	NA	NA
NC_045512.2	18390	A	C	4	2	26	1	1	25	0.142857	7	0.454545	FALSE	NA	NA	NA	NA	NA	NA
NC_045512.2	18391	G	T	4	2	26	3	3	24	0.428571	7	0.122378	FALSE	NA	NA	NA	NA	NA	NA
NC_045512.2	18392	T	C	5	3	25	2	2	27	0.285714	7	0.269231	FALSE	NA	NA	NA	NA	NA	NA
NC_045512.2	18393	T	C	3	2	27	1	1	28	0.166667	6	0.444444	FALSE	NA	NA	NA	NA	NA	NA
NC_045512.2	18393	T	A	3	2	27	2	2	27	0.333333	6	0.222222	FALSE	NA	NA	NA	NA	NA	NA
NC_045512.2	18394	G	T	5	3	27	2	2	27	0.285714	7	0.269231	FALSE	NA	NA	NA	NA	NA	NA
NC_045512.2	18395	C	G	4	2	27	2	2	25	0.285714	7	0.227273	FALSE	NA	NA	NA	NA	NA	NA
NC_045512.2	18395	C	A	4	2	27	1	1	27	0.142857	7	0.454545	FALSE	NA	NA	NA	NA	NA	NA
NC_045512.2	18396	T	C	5	3	27	2	2	25	0.285714	7	0.269231	FALSE	NA	NA	NA	NA	NA	NA
NC_045512.2	18397	G	T	5	3	25	2	2	25	0.285714	7	0.269231	FALSE	NA	NA	NA	NA	NA	NA
NC_045512.2	18398	T	A	4	3	26	2	2	27	0.333333	6	0.272727	FALSE	NA	NA	NA	NA	NA	NA
NC_045512.2	18399	A	C	2	1	28	2	2	27	0.5	4	0.285714	FALSE	NA	NA	NA	NA	NA	NA
NC_045512.2	18400	C	T	2	1	26	2	2	27	0.5	4	0.285714	FALSE	NA	NA	NA	NA	NA	NA
NC_045512.2	18401	C	A	2	1	25	2	2	28	0.5	4	0.285714	FALSE	NA	NA	NA	NA	NA	NA
NC_045512.2	18402	T	G	2	1	28	2	2	27	0.4	5	0.214286	FALSE	NA	NA	NA	NA	NA	NA
NC_045512.2	18402	T	A	2	1	28	1	1	28	0.2	5	0.428571	FALSE	NA	NA	NA	NA	NA	NA
NC_045512.2	18403	A	T	4	3	27	1	1	27	0.2	5	0.555556	FALSE	NA	NA	NA	NA	NA	NA
NC_045512.2	18404	C	G	2	1	28	2	2	24	0.4	5	0.214286	FALSE	NA	NA	NA	NA	NA	NA
NC_045512.2	18404	C	A	2	1	28	1	1	20	0.2	5	0.428571	FALSE	NA	NA	NA	NA	NA	NA
NC_045512.2	18406	G	A	3	2	24	2	2	24	0.4	5	0.277778	FALSE	NA	NA	NA	NA	NA	NA
NC_045512.2	18407	G	A	4	3	25	2	2	24	0.333333	6	0.272727	FALSE	NA	NA	NA	NA	NA	NA
NC_045512.2	18408	T	C	3	2	26	3	3	24	0.5	6	0.121212	FALSE	NA	NA	NA	NA	NA	NA
NC_045512.2	18409	T	A	4	3	25	1	1	23	0.2	5	0.555556	FALSE	NA	NA	NA	NA	NA	NA
NC_045512.2	18410	A	T	3	2	26	1	1	23	0.166667	6	0.444444	FALSE	NA	NA	NA	NA	NA	NA
NC_045512.2	18410	A	G	3	2	26	2	2	26	0.333333	6	0.222222	FALSE	NA	NA	NA	NA	NA	NA
NC_045512.2	18411	T	G	4	3	23	2	2	24	0.333333	6	0.272727	FALSE	NA	NA	NA	NA	NA	NA
NC_045512.2	18412	G	T	2	1	26	2	2	27	0.4	5	0.214286	FALSE	NA	NA	NA	NA	NA	NA
NC_045512.2	18412	G	A	2	1	26	1	1	25	0.2	5	0.428571	FALSE	NA	NA	NA	NA	NA	NA
NC_045512.2	18413	T	G	1	0	28	1	1	22	0.333333	3	0.5	FALSE	NA	NA	NA	NA	NA	NA
NC_045512.2	18413	T	C	1	0	28	1	1	28	0.333333	3	0.5	FALSE	NA	NA	NA	NA	NA	NA
NC_045512.2	18414	T	G	2	1	25	2	2	26	0.333333	6	0.166667	FALSE	NA	NA	NA	NA	NA	NA
NC_045512.2	18414	T	C	2	1	25	1	1	21	0.166667	6	0.375	FALSE	NA	NA	NA	NA	NA	NA
NC_045512.2	18414	T	A	2	1	25	1	1	22	0.166667	6	0.375	FALSE	NA	NA	NA	NA	NA	NA
NC_045512.2	18415	G	T	3	2	27	3	3	25	0.5	6	0.121212	FALSE	NA	NA	NA	NA	NA	NA
NC_045512.2	18416	A	T	4	3	27	1	1	22	0.166667	6	0.5	FALSE	NA	NA	NA	NA	NA	NA
NC_045512.2	18416	A	G	4	3	27	1	1	25	0.166667	6	0.5	FALSE	NA	NA	NA	NA	NA	NA
NC_045512.2	18417	T	G	3	2	26	1	1	22	0.166667	6	0.444444	FALSE	NA	NA	NA	NA	NA	NA
NC_045512.2	18417	T	C	3	2	26	2	2	22	0.333333	6	0.222222	FALSE	NA	NA	NA	NA	NA	NA
NC_045512.2	18418	A	C	3	2	25	3	3	25	0.5	6	0.121212	FALSE	NA	NA	NA	NA	NA	NA
NC_045512.2	18419	C	A	3	2	25	3	3	23	0.5	6	0.121212	FALSE	NA	NA	NA	NA	NA	NA
NC_045512.2	18420	A	T	4	3	26	1	1	27	0.166667	6	0.5	FALSE	NA	NA	NA	NA	NA	NA
NC_045512.2	18420	A	G	4	3	26	1	1	22	0.166667	6	0.5	FALSE	NA	NA	NA	NA	NA	NA
NC_045512.2	18421	C	T	2	1	26	1	1	24	0.25	4	0.5	FALSE	NA	NA	NA	NA	NA	NA
NC_045512.2	18421	C	G	2	1	26	1	1	22	0.25	4	0.5	FALSE	NA	NA	NA	NA	NA	NA
NC_045512.2	18422	C	T	2	1	25	2	2	24	0.333333	6	0.166667	FALSE	NA	NA	NA	NA	NA	NA
NC_045512.2	18422	C	G	2	1	25	2	2	23	0.333333	6	0.166667	FALSE	NA	NA	NA	NA	NA	NA
NC_045512.2	18423	T	C	4	3	26	1	1	20	0.166667	6	0.5	FALSE	NA	NA	NA	NA	NA	NA
NC_045512.2	18423	T	A	4	3	26	1	1	25	0.166667	6	0.5	FALSE	NA	NA	NA	NA	NA	NA
NC_045512.2	18425	A	T	2	1	25	2	2	26	0.333333	6	0.166667	FALSE	NA	NA	NA	NA	NA	NA
NC_045512.2	18425	A	C	2	1	25	2	2	21	0.333333	6	0.166667	FALSE	NA	NA	NA	NA	NA	NA
NC_045512.2	18426	T	G	2	1	27	1	1	22	0.2	5	0.428571	FALSE	NA	NA	NA	NA	NA	NA
NC_045512.2	18426	T	C	2	1	27	2	2	28	0.4	5	0.214286	FALSE	NA	NA	NA	NA	NA	NA
NC_045512.2	18427	A	T	2	1	25	1	1	22	0.2	5	0.428571	FALSE	NA	NA	NA	NA	NA	NA
NC_045512.2	18427	A	G	2	1	25	2	2	28	0.4	5	0.214286	FALSE	NA	NA	NA	NA	NA	NA
NC_045512.2	18428	A	T	3	2	26	2	2	31	0.333333	6	0.222222	FALSE	NA	NA	NA	NA	NA	NA
NC_045512.2	18428	A	C	3	2	26	1	1	27	0.166667	6	0.444444	FALSE	NA	NA	NA	NA	NA	NA
NC_045512.2	18430	A	T	4	3	26	2	2	27	0.333333	6	0.272727	FALSE	NA	NA	NA	NA	NA	NA
NC_045512.2	18431	C	G	5	4	26	1	1	21	0.166667	6	0.545455	FALSE	NA	NA	NA	NA	NA	NA
NC_045512.2	18432	A	G	3	2	26	2	2	27	0.4	5	0.277778	FALSE	NA	NA	NA	NA	NA	NA
NC_045512.2	18433	G	C	4	3	27	1	1	27	0.166667	6	0.5	FALSE	NA	NA	NA	NA	NA	NA
NC_045512.2	18433	G	A	4	3	27	1	1	27	0.166667	6	0.5	FALSE	NA	NA	NA	NA	NA	NA
NC_045512.2	18434	A	T	2	1	28	2	2	24	0.333333	6	0.166667	FALSE	NA	NA	NA	NA	NA	NA
NC_045512.2	18434	A	C	2	1	28	2	2	25	0.333333	6	0.166667	FALSE	NA	NA	NA	NA	NA	NA
NC_045512.2	18434	A	-T	2	1	28	3	0	20	0.5	6	0.0833333	FALSE	NA	NA	NA	NA	NA	NA
NC_045512.2	18435	T	G	2	1	28	1	1	27	0.333333	3	0.375	FALSE	NA	NA	NA	NA	NA	NA
NC_045512.2	18436	T	A	3	2	26	3	3	27	0.5	6	0.121212	FALSE	NA	NA	NA	NA	NA	NA
NC_045512.2	18437	T	G	2	1	30	2	2	25	0.4	5	0.214286	FALSE	NA	NA	NA	NA	NA	NA
NC_045512.2	18437	T	C	2	1	30	1	1	28	0.2	5	0.428571	FALSE	NA	NA	NA	NA	NA	NA
NC_045512.2	18438	T	G	2	1	30	3	3	27	0.5	6	0.0833333	FALSE	NA	NA	NA	NA	NA	NA
NC_045512.2	18438	T	A	2	1	30	1	1	29	0.166667	6	0.375	FALSE	NA	NA	NA	NA	NA	NA
NC_045512.2	18439	T	A	2	2	28	1	1	27	0.333333	3	0.6	FALSE	NA	NA	NA	NA	NA	NA
NC_045512.2	18440	C	T	4	2	25	2	2	27	0.285714	7	0.227273	FALSE	NA	NA	NA	NA	NA	NA
NC_045512.2	18440	C	G	4	2	25	1	1	28	0.142857	7	0.454545	FALSE	NA	NA	NA	NA	NA	NA
NC_045512.2	18441	C	T	4	2	25	3	3	28	0.375	8	0.0961538	FALSE	NA	NA	NA	NA	NA	NA
NC_045512.2	18441	C	G	4	2	25	1	1	27	0.125	8	0.416667	FALSE	NA	NA	NA	NA	NA	NA
NC_045512.2	18442	A	T	4	2	27	2	2	27	0.25	8	0.192308	FALSE	NA	NA	NA	NA	NA	NA
NC_045512.2	18442	A	G	4	2	27	1	1	27	0.125	8	0.416667	FALSE	NA	NA	NA	NA	NA	NA
NC_045512.2	18442	A	C	4	2	27	1	1	29	0.125	8	0.416667	FALSE	NA	NA	NA	NA	NA	NA
NC_045512.2	18443	G	T	6	4	27	2	2	26	0.25	8	0.266667	FALSE	NA	NA	NA	NA	NA	NA
NC_045512.2	18444	A	T	5	3	26	1	1	27	0.125	8	0.461538	FALSE	NA	NA	NA	NA	NA	NA
NC_045512.2	18444	A	C	5	3	26	2	2	26	0.25	8	0.230769	FALSE	NA	NA	NA	NA	NA	NA
NC_045512.2	18445	G	T	6	4	25	2	2	26	0.25	8	0.266667	FALSE	NA	NA	NA	NA	NA	NA
NC_045512.2	18446	T	G	5	3	25	1	1	31	0.125	8	0.461538	FALSE	NA	NA	NA	NA	NA	NA
NC_045512.2	18446	T	A	5	3	25	2	2	26	0.25	8	0.230769	FALSE	NA	NA	NA	NA	NA	NA
NC_045512.2	18447	T	G	3	2	27	1	1	30	0.142857	7	0.4	FALSE	NA	NA	NA	NA	NA	NA
NC_045512.2	18447	T	C	3	2	27	3	3	27	0.428571	7	0.0909091	FALSE	NA	NA	NA	NA	NA	NA
NC_045512.2	18448	A	G	7	5	27	1	1	28	0.125	8	0.533333	FALSE	NA	NA	NA	NA	NA	NA
NC_045512.2	18449	G	T	6	4	27	2	2	27	0.25	8	0.266667	FALSE	NA	NA	NA	NA	NA	NA
NC_045512.2	18450	T	G	5	3	27	3	3	27	0.375	8	0.123077	FALSE	NA	NA	NA	NA	NA	NA
NC_045512.2	18451	G	T	4	2	28	3	3	28	0.375	8	0.0961538	FALSE	NA	NA	NA	NA	NA	NA
NC_045512.2	18451	G	C	4	2	28	1	1	28	0.125	8	0.416667	FALSE	NA	NA	NA	NA	NA	NA
NC_045512.2	18452	C	T	5	3	28	1	1	28	0.125	8	0.461538	FALSE	NA	NA	NA	NA	NA	NA
NC_045512.2	18452	C	G	5	3	28	2	2	28	0.25	8	0.230769	FALSE	NA	NA	NA	NA	NA	NA
NC_045512.2	18453	T	A	6	4	25	2	2	29	0.25	8	0.266667	FALSE	NA	NA	NA	NA	NA	NA
NC_045512.2	18454	A	T	6	2	25	3	3	28	0.3	10	0.102941	FALSE	NA	NA	NA	NA	NA	NA
NC_045512.2	18454	A	C	6	2	25	1	1	27	0.1	10	0.4375	FALSE	NA	NA	NA	NA	NA	NA
NC_045512.2	18455	A	T	10	6	26	1	1	27	0.0833333	12	0.5	FALSE	NA	NA	NA	NA	NA	NA
NC_045512.2	18455	A	G	10	6	26	1	1	28	0.0833333	12	0.5	FALSE	NA	NA	NA	NA	NA	NA
NC_045512.2	18456	A	C	10	7	25	1	1	28	0.0909091	11	0.52381	FALSE	NA	NA	NA	NA	NA	NA
NC_045512.2	18457	C	T	10	6	24	1	1	28	0.0833333	12	0.5	FALSE	NA	NA	NA	NA	NA	NA
NC_045512.2	18457	C	G	10	6	24	1	1	27	0.0833333	12	0.5	FALSE	NA	NA	NA	NA	NA	NA
NC_045512.2	18458	C	A	10	6	26	2	2	27	0.166667	12	0.26087	FALSE	NA	NA	NA	NA	NA	NA
NC_045512.2	18459	A	T	8	4	27	2	2	27	0.166667	12	0.214286	FALSE	NA	NA	NA	NA	NA	NA
NC_045512.2	18459	A	G	8	4	27	1	1	23	0.0833333	12	0.45	FALSE	NA	NA	NA	NA	NA	NA
NC_045512.2	18459	A	C	8	4	27	1	1	26	0.0833333	12	0.45	FALSE	NA	NA	NA	NA	NA	NA
NC_045512.2	18460	C	T	8	4	25	1	1	26	0.0909091	11	0.473684	FALSE	NA	NA	NA	NA	NA	NA
NC_045512.2	18460	C	A	8	4	25	2	2	27	0.181818	11	0.236842	FALSE	NA	NA	NA	NA	NA	NA
NC_045512.2	18461	C	G	7	4	25	2	2	28	0.181818	11	0.210526	FALSE	NA	NA	NA	NA	NA	NA
NC_045512.2	18461	C	A	7	4	25	2	2	24	0.181818	11	0.210526	FALSE	NA	NA	NA	NA	NA	NA
NC_045512.2	18462	G	T	10	6	26	2	2	24	0.166667	12	0.26087	FALSE	NA	NA	NA	NA	NA	NA
NC_045512.2	18463	C	T	9	5	24	2	2	28	0.166667	12	0.238095	FALSE	NA	NA	NA	NA	NA	NA
NC_045512.2	18463	C	A	9	5	24	1	1	25	0.0833333	12	0.47619	FALSE	NA	NA	NA	NA	NA	NA
NC_045512.2	18464	C	T	8	4	25	1	1	27	0.0833333	12	0.45	FALSE	NA	NA	NA	NA	NA	NA
NC_045512.2	18464	C	G	8	4	25	3	3	26	0.25	12	0.107143	FALSE	NA	NA	NA	NA	NA	NA
NC_045512.2	18465	T	G	8	4	26	1	1	22	0.0909091	11	0.473684	FALSE	NA	NA	NA	NA	NA	NA
NC_045512.2	18465	T	C	8	4	26	2	2	27	0.181818	11	0.236842	FALSE	NA	NA	NA	NA	NA	NA
NC_045512.2	18466	G	T	7	3	26	2	2	28	0.2	10	0.235294	FALSE	NA	NA	NA	NA	NA	NA
NC_045512.2	18466	G	A	7	3	26	1	1	23	0.1	10	0.470588	FALSE	NA	NA	NA	NA	NA	NA
NC_045512.2	18467	G	T	11	7	25	1	1	23	0.0833333	12	0.521739	FALSE	NA	NA	NA	NA	NA	NA
NC_045512.2	18468	A	T	8	4	27	2	2	28	0.181818	11	0.236842	FALSE	NA	NA	NA	NA	NA	NA
NC_045512.2	18468	A	C	8	4	27	1	1	23	0.0909091	11	0.473684	FALSE	NA	NA	NA	NA	NA	NA
NC_045512.2	18469	G	T	9	5	27	1	1	23	0.0833333	12	0.47619	FALSE	NA	NA	NA	NA	NA	NA
NC_045512.2	18469	G	A	9	5	27	2	2	28	0.166667	12	0.238095	FALSE	NA	NA	NA	NA	NA	NA
NC_045512.2	18470	A	T	8	4	28	1	1	29	0.0833333	12	0.45	FALSE	NA	NA	NA	NA	NA	NA
NC_045512.2	18470	A	G	8	4	28	1	1	26	0.0833333	12	0.45	FALSE	NA	NA	NA	NA	NA	NA
NC_045512.2	18470	A	C	8	4	28	2	2	24	0.166667	12	0.214286	FALSE	NA	NA	NA	NA	NA	NA
NC_045512.2	18471	T	C	8	4	27	2	2	29	0.181818	11	0.236842	FALSE	NA	NA	NA	NA	NA	NA
NC_045512.2	18471	T	A	8	4	27	1	1	32	0.0909091	11	0.473684	FALSE	NA	NA	NA	NA	NA	NA
NC_045512.2	18472	C	T	9	5	27	3	3	28	0.25	12	0.124224	FALSE	NA	NA	NA	NA	NA	NA
NC_045512.2	18473	A	C	10	6	26	1	1	29	0.0909091	11	0.52381	FALSE	NA	NA	NA	NA	NA	NA
NC_045512.2	18474	A	G	8	5	25	1	1	26	0.0909091	11	0.473684	FALSE	NA	NA	NA	NA	NA	NA
NC_045512.2	18474	A	C	8	5	25	2	2	27	0.181818	11	0.236842	FALSE	NA	NA	NA	NA	NA	NA
NC_045512.2	18475	T	A	8	5	24	3	3	26	0.272727	11	0.12406	FALSE	NA	NA	NA	NA	NA	NA
NC_045512.2	18476	T	G	7	4	27	2	2	22	0.2	10	0.235294	FALSE	NA	NA	NA	NA	NA	NA
NC_045512.2	18476	T	A	7	4	27	1	1	28	0.1	10	0.470588	FALSE	NA	NA	NA	NA	NA	NA
NC_045512.2	18477	T	G	6	5	26	2	2	27	0.222222	9	0.233333	FALSE	NA	NA	NA	NA	NA	NA
NC_045512.2	18477	T	C	6	5	26	1	1	24	0.111111	9	0.466667	FALSE	NA	NA	NA	NA	NA	NA
NC_045512.2	18478	A	T	6	3	23	3	3	23	0.3	10	0.102941	FALSE	NA	NA	NA	NA	NA	NA
NC_045512.2	18478	A	C	6	3	23	1	1	27	0.1	10	0.4375	FALSE	NA	NA	NA	NA	NA	NA
NC_045512.2	18479	A	T	9	6	26	2	2	27	0.181818	11	0.261905	FALSE	NA	NA	NA	NA	NA	NA
NC_045512.2	18480	A	C	7	7	27	1	1	21	0.125	8	0.533333	FALSE	NA	NA	NA	NA	NA	NA
NC_045512.2	18481	C	T	8	5	27	3	3	25	0.272727	11	0.12406	FALSE	NA	NA	NA	NA	NA	NA
NC_045512.2	18482	A	T	7	4	28	2	2	27	0.181818	11	0.210526	FALSE	NA	NA	NA	NA	NA	NA
NC_045512.2	18482	A	G	7	4	28	2	2	27	0.181818	11	0.210526	FALSE	NA	NA	NA	NA	NA	NA
NC_045512.2	18483	C	T	7	4	24	4	4	26	0.363636	11	0.0551378	FALSE	NA	NA	NA	NA	NA	NA
NC_045512.2	18484	C	T	6	4	25	3	3	28	0.3	10	0.102941	FALSE	NA	NA	NA	NA	NA	NA
NC_045512.2	18484	C	A	6	4	25	1	1	28	0.1	10	0.4375	FALSE	NA	NA	NA	NA	NA	NA
NC_045512.2	18485	T	G	7	4	25	2	2	27	0.181818	11	0.210526	FALSE	NA	NA	NA	NA	NA	NA
NC_045512.2	18485	T	C	7	4	25	1	1	24	0.0909091	11	0.444444	FALSE	NA	NA	NA	NA	NA	NA
NC_045512.2	18485	T	A	7	4	25	1	1	28	0.0909091	11	0.444444	FALSE	NA	NA	NA	NA	NA	NA
NC_045512.2	18486	C	A	9	6	26	2	2	28	0.181818	11	0.261905	FALSE	NA	NA	NA	NA	NA	NA
NC_045512.2	18487	A	T	8	5	26	3	3	26	0.272727	11	0.12406	FALSE	NA	NA	NA	NA	NA	NA
NC_045512.2	18488	T	G	8	5	28	1	1	25	0.0909091	11	0.473684	FALSE	NA	NA	NA	NA	NA	NA
NC_045512.2	18488	T	A	8	5	28	2	2	29	0.181818	11	0.236842	FALSE	NA	NA	NA	NA	NA	NA
NC_045512.2	18489	A	T	7	4	27	1	1	28	0.0909091	11	0.444444	FALSE	NA	NA	NA	NA	NA	NA
NC_045512.2	18489	A	C	7	4	27	3	3	26	0.272727	11	0.105263	FALSE	NA	NA	NA	NA	NA	NA
NC_045512.2	18490	C	T	7	4	25	1	1	23	0.0909091	11	0.444444	FALSE	NA	NA	NA	NA	NA	NA
NC_045512.2	18490	C	A	7	4	25	3	3	28	0.272727	11	0.105263	FALSE	NA	NA	NA	NA	NA	NA
NC_045512.2	18492	A	G	1	1	27	6	3	27	0.666667	9	0.0013986	TRUE	NA	NA	NA	NA	NA	NA
NC_045512.2	18492	A	C	1	1	27	2	2	26	0.222222	9	0.0545455	FALSE	NA	NA	NA	NA	NA	NA
NC_045512.2	18493	C	T	7	4	27	2	2	27	0.222222	9	0.264706	FALSE	NA	NA	NA	NA	NA	NA
NC_045512.2	18494	T	A	7	4	24	2	2	22	0.222222	9	0.264706	FALSE	NA	NA	NA	NA	NA	NA
NC_045512.2	18495	T	A	7	4	25	2	2	27	0.222222	9	0.264706	FALSE	NA	NA	NA	NA	NA	NA
NC_045512.2	18496	A	T	8	5	26	2	2	25	0.2	10	0.263158	FALSE	NA	NA	NA	NA	NA	NA
NC_045512.2	18497	T	A	7	4	26	3	3	24	0.3	10	0.123839	FALSE	NA	NA	NA	NA	NA	NA
NC_045512.2	18498	G	A	7	4	27	4	4	27	0.363636	11	0.0551378	FALSE	NA	NA	NA	NA	NA	NA
NC_045512.2	18499	T	C	9	6	26	1	1	23	0.0909091	11	0.5	FALSE	NA	NA	NA	NA	NA	NA
NC_045512.2	18499	T	A	9	6	26	1	1	29	0.0909091	11	0.5	FALSE	NA	NA	NA	NA	NA	NA
NC_045512.2	18500	A	C	9	6	26	2	2	24	0.181818	11	0.261905	FALSE	NA	NA	NA	NA	NA	NA
NC_045512.2	18501	C	A	10	7	26	1	1	26	0.0909091	11	0.52381	FALSE	NA	NA	NA	NA	NA	NA
NC_045512.2	18502	A	C	8	5	25	1	1	22	0.111111	9	0.529412	FALSE	NA	NA	NA	NA	NA	NA
NC_045512.2	18503	A	G	7	4	27	2	2	29	0.2	10	0.235294	FALSE	NA	NA	NA	NA	NA	NA
NC_045512.2	18503	A	C	7	4	27	1	1	26	0.1	10	0.470588	FALSE	NA	NA	NA	NA	NA	NA
NC_045512.2	18504	A	G	5	3	24	1	1	26	0.142857	7	0.5	FALSE	NA	NA	NA	NA	NA	NA
NC_045512.2	18504	A	C	5	3	24	1	1	23	0.142857	7	0.5	FALSE	NA	NA	NA	NA	NA	NA
NC_045512.2	18505	G	C	6	3	24	1	1	22	0.142857	7	0.538462	FALSE	NA	NA	NA	NA	NA	NA
NC_045512.2	18506	G	C	6	3	24	2	2	25	0.25	8	0.266667	FALSE	NA	NA	NA	NA	NA	NA
NC_045512.2	18507	A	T	6	3	25	1	1	29	0.125	8	0.5	FALSE	NA	NA	NA	NA	NA	NA
NC_045512.2	18507	A	C	6	3	25	1	1	28	0.125	8	0.5	FALSE	NA	NA	NA	NA	NA	NA
NC_045512.2	18508	C	T	6	3	25	1	1	25	0.125	8	0.5	FALSE	NA	NA	NA	NA	NA	NA
NC_045512.2	18508	C	G	6	3	25	1	1	23	0.125	8	0.5	FALSE	NA	NA	NA	NA	NA	NA
NC_045512.2	18509	T	G	5	2	24	1	1	29	0.166667	6	0.545455	FALSE	NA	NA	NA	NA	NA	NA
NC_045512.2	18510	T	G	5	3	24	1	1	25	0.142857	7	0.5	FALSE	NA	NA	NA	NA	NA	NA
NC_045512.2	18510	T	A	5	3	24	1	1	28	0.142857	7	0.5	FALSE	NA	NA	NA	NA	NA	NA
NC_045512.2	18511	C	G	5	2	25	1	1	28	0.142857	7	0.5	FALSE	NA	NA	NA	NA	NA	NA
NC_045512.2	18511	C	A	5	2	25	1	1	25	0.142857	7	0.5	FALSE	NA	NA	NA	NA	NA	NA
NC_045512.2	18512	C	G	6	3	24	1	1	25	0.125	8	0.5	FALSE	NA	NA	NA	NA	NA	NA
NC_045512.2	18512	C	A	6	3	24	1	1	28	0.125	8	0.5	FALSE	NA	NA	NA	NA	NA	NA
NC_045512.2	18513	T	A	5	2	27	1	1	26	0.166667	6	0.545455	FALSE	NA	NA	NA	NA	NA	NA
NC_045512.2	18514	T	C	7	4	25	1	1	28	0.125	8	0.533333	FALSE	NA	NA	NA	NA	NA	NA
NC_045512.2	18515	G	C	6	3	24	1	1	27	0.125	8	0.5	FALSE	NA	NA	NA	NA	NA	NA
NC_045512.2	18515	G	A	6	3	24	1	1	23	0.125	8	0.5	FALSE	NA	NA	NA	NA	NA	NA
NC_045512.2	18516	G	A	6	4	25	2	2	24	0.25	8	0.266667	FALSE	NA	NA	NA	NA	NA	NA
NC_045512.2	18517	A	T	7	4	24	1	1	22	0.125	8	0.533333	FALSE	NA	NA	NA	NA	NA	NA
NC_045512.2	18518	A	T	7	4	26	1	1	28	0.125	8	0.533333	FALSE	NA	NA	NA	NA	NA	NA
NC_045512.2	18520	G	T	7	4	28	1	1	25	0.111111	9	0.5	FALSE	NA	NA	NA	NA	NA	NA
NC_045512.2	18520	G	A	7	4	28	1	1	22	0.111111	9	0.5	FALSE	NA	NA	NA	NA	NA	NA
NC_045512.2	18521	T	A	7	4	28	1	1	27	0.125	8	0.533333	FALSE	NA	NA	NA	NA	NA	NA
NC_045512.2	18523	G	C	7	4	28	1	1	26	0.111111	9	0.5	FALSE	NA	NA	NA	NA	NA	NA
NC_045512.2	18523	G	A	7	4	28	1	1	25	0.111111	9	0.5	FALSE	NA	NA	NA	NA	NA	NA
NC_045512.2	18524	T	C	7	4	28	1	1	25	0.111111	9	0.5	FALSE	NA	NA	NA	NA	NA	NA
NC_045512.2	18524	T	A	7	4	28	1	1	26	0.111111	9	0.5	FALSE	NA	NA	NA	NA	NA	NA
NC_045512.2	18525	G	A	12	5	28	1	1	25	0.0769231	13	0.52	FALSE	NA	NA	NA	NA	NA	NA
NC_045512.2	18527	G	T	12	5	27	1	1	28	0.0714286	14	0.5	FALSE	NA	NA	NA	NA	NA	NA
NC_045512.2	18527	G	C	12	5	27	1	1	25	0.0714286	14	0.5	FALSE	NA	NA	NA	NA	NA	NA
NC_045512.2	18528	T	C	13	6	27	1	1	28	0.0714286	14	0.518519	FALSE	NA	NA	NA	NA	NA	NA
NC_045512.2	18529	A	C	13	6	27	1	1	26	0.0714286	14	0.518519	FALSE	NA	NA	NA	NA	NA	NA
NC_045512.2	18530	T	A	13	6	26	1	1	27	0.0714286	14	0.518519	FALSE	NA	NA	NA	NA	NA	NA
NC_045512.2	18531	A	T	11	4	25	1	1	27	0.0833333	12	0.521739	FALSE	NA	NA	NA	NA	NA	NA
NC_045512.2	18533	A	C	10	5	24	1	1	23	0.0909091	11	0.52381	FALSE	NA	NA	NA	NA	NA	NA
NC_045512.2	18534	G	C	13	6	26	1	1	25	0.0714286	14	0.518519	FALSE	NA	NA	NA	NA	NA	NA
NC_045512.2	18535	A	C	13	6	26	1	1	27	0.0714286	14	0.518519	FALSE	NA	NA	NA	NA	NA	NA
NC_045512.2	18536	T	C	11	5	24	1	1	23	0.0833333	12	0.521739	FALSE	NA	NA	NA	NA	NA	NA
NC_045512.2	18538	G	T	11	5	26	1	1	24	0.0769231	13	0.5	FALSE	NA	NA	NA	NA	NA	NA
NC_045512.2	18538	G	A	11	5	26	1	1	28	0.0769231	13	0.5	FALSE	NA	NA	NA	NA	NA	NA
NC_045512.2	18539	T	A	12	6	27	1	1	24	0.0769231	13	0.52	FALSE	NA	NA	NA	NA	NA	NA
NC_045512.2	18540	A	T	11	5	27	1	1	28	0.0769231	13	0.5	FALSE	NA	NA	NA	NA	NA	NA
NC_045512.2	18540	A	G	11	5	27	1	1	28	0.0769231	13	0.5	FALSE	NA	NA	NA	NA	NA	NA
NC_045512.2	18541	C	T	11	5	26	1	1	27	0.0769231	13	0.5	FALSE	NA	NA	NA	NA	NA	NA
NC_045512.2	18541	C	G	11	5	26	1	1	29	0.0769231	13	0.5	FALSE	NA	NA	NA	NA	NA	NA
NC_045512.2	18542	A	T	11	5	25	1	1	29	0.0833333	12	0.521739	FALSE	NA	NA	NA	NA	NA	NA
NC_045512.2	18543	A	C	12	6	28	1	1	27	0.0769231	13	0.52	FALSE	NA	NA	NA	NA	NA	NA
NC_045512.2	18544	A	C	10	6	24	1	1	26	0.0909091	11	0.52381	FALSE	NA	NA	NA	NA	NA	NA
NC_045512.2	18545	T	A	11	5	26	2	2	24	0.153846	13	0.26	FALSE	NA	NA	NA	NA	NA	NA
NC_045512.2	18546	G	A	11	5	26	2	2	27	0.153846	13	0.26	FALSE	NA	NA	NA	NA	NA	NA
NC_045512.2	18547	T	G	10	4	25	1	1	22	0.0833333	12	0.5	FALSE	NA	NA	NA	NA	NA	NA
NC_045512.2	18547	T	A	10	4	25	1	1	28	0.0833333	12	0.5	FALSE	NA	NA	NA	NA	NA	NA
NC_045512.2	18548	T	G	11	5	24	2	2	25	0.153846	13	0.26	FALSE	NA	NA	NA	NA	NA	NA
NC_045512.2	18549	A	G	12	6	25	1	1	29	0.0769231	13	0.52	FALSE	NA	NA	NA	NA	NA	NA
NC_045512.2	18550	A	C	11	6	25	1	1	28	0.0833333	12	0.521739	FALSE	NA	NA	NA	NA	NA	NA
NC_045512.2	18551	G	T	11	5	27	1	1	23	0.0769231	13	0.5	FALSE	NA	NA	NA	NA	NA	NA
NC_045512.2	18551	G	C	11	5	27	1	1	29	0.0769231	13	0.5	FALSE	NA	NA	NA	NA	NA	NA
NC_045512.2	18553	G	T	11	5	27	1	1	27	0.0769231	13	0.5	FALSE	NA	NA	NA	NA	NA	NA
NC_045512.2	18553	G	C	11	5	27	1	1	23	0.0769231	13	0.5	FALSE	NA	NA	NA	NA	NA	NA
NC_045512.2	18554	A	C	11	5	27	2	2	25	0.153846	13	0.26	FALSE	NA	NA	NA	NA	NA	NA
NC_045512.2	18555	C	T	12	6	27	1	1	23	0.0769231	13	0.52	FALSE	NA	NA	NA	NA	NA	NA
NC_045512.2	18556	A	T	11	5	26	2	2	26	0.153846	13	0.26	FALSE	NA	NA	NA	NA	NA	NA
NC_045512.2	18557	C	T	11	5	26	1	1	30	0.0769231	13	0.5	FALSE	NA	NA	NA	NA	NA	NA
NC_045512.2	18557	C	G	11	5	26	1	1	23	0.0769231	13	0.5	FALSE	NA	NA	NA	NA	NA	NA
NC_045512.2	18558	A	G	11	5	27	2	2	23	0.153846	13	0.26	FALSE	NA	NA	NA	NA	NA	NA
NC_045512.2	18559	C	G	11	5	27	1	1	30	0.0833333	12	0.521739	FALSE	NA	NA	NA	NA	NA	NA
NC_045512.2	18560	T	A	11	5	25	2	2	23	0.153846	13	0.26	FALSE	NA	NA	NA	NA	NA	NA
NC_045512.2	18561	T	A	11	6	25	1	1	26	0.0833333	12	0.521739	FALSE	NA	NA	NA	NA	NA	NA
NC_045512.2	18562	A	T	6	0	27	1	1	25	0.125	8	0.5	FALSE	NA	NA	NA	NA	NA	NA
NC_045512.2	18562	A	G	6	0	27	1	1	25	0.125	8	0.5	FALSE	NA	NA	NA	NA	NA	NA
NC_045512.2	18563	A	T	11	5	28	1	1	25	0.0714286	14	0.48	FALSE	NA	NA	NA	NA	NA	NA
NC_045512.2	18563	A	G	11	5	28	1	1	25	0.0714286	14	0.48	FALSE	NA	NA	NA	NA	NA	NA
NC_045512.2	18563	A	C	11	5	28	1	1	24	0.0714286	14	0.48	FALSE	NA	NA	NA	NA	NA	NA
NC_045512.2	18564	A	T	11	6	28	1	1	27	0.0769231	13	0.5	FALSE	NA	NA	NA	NA	NA	NA
NC_045512.2	18564	A	C	11	6	28	1	1	29	0.0769231	13	0.5	FALSE	NA	NA	NA	NA	NA	NA
NC_045512.2	18565	A	G	12	7	28	1	1	27	0.0769231	13	0.52	FALSE	NA	NA	NA	NA	NA	NA
NC_045512.2	18566	A	T	5	5	28	1	1	27	0.125	8	0.461538	FALSE	NA	NA	NA	NA	NA	NA
NC_045512.2	18566	A	G	5	5	28	2	2	28	0.25	8	0.230769	FALSE	NA	NA	NA	NA	NA	NA
NC_045512.2	18567	T	G	11	6	26	1	1	27	0.0769231	13	0.5	FALSE	NA	NA	NA	NA	NA	NA
NC_045512.2	18567	T	A	11	6	26	1	1	28	0.0769231	13	0.5	FALSE	NA	NA	NA	NA	NA	NA
NC_045512.2	18568	C	G	11	6	26	2	2	28	0.153846	13	0.26	FALSE	NA	NA	NA	NA	NA	NA
NC_045512.2	18569	T	G	11	6	26	1	1	31	0.0769231	13	0.5	FALSE	NA	NA	NA	NA	NA	NA
NC_045512.2	18569	T	C	11	6	26	1	1	28	0.0769231	13	0.5	FALSE	NA	NA	NA	NA	NA	NA
NC_045512.2	18570	C	T	10	5	26	2	2	28	0.153846	13	0.23913	FALSE	NA	NA	NA	NA	NA	NA
NC_045512.2	18570	C	G	10	5	26	1	1	28	0.0769231	13	0.478261	FALSE	NA	NA	NA	NA	NA	NA
NC_045512.2	18571	T	A	11	6	27	2	2	27	0.153846	13	0.26	FALSE	NA	NA	NA	NA	NA	NA
NC_045512.2	18572	C	T	10	5	26	1	1	26	0.0769231	13	0.478261	FALSE	NA	NA	NA	NA	NA	NA
NC_045512.2	18572	C	G	10	5	26	1	1	28	0.0769231	13	0.478261	FALSE	NA	NA	NA	NA	NA	NA
NC_045512.2	18572	C	A	10	5	26	1	1	28	0.0769231	13	0.478261	FALSE	NA	NA	NA	NA	NA	NA
NC_045512.2	18574	G	A	11	6	28	2	2	23	0.153846	13	0.26	FALSE	NA	NA	NA	NA	NA	NA
NC_045512.2	18575	A	C	12	7	27	1	1	31	0.0769231	13	0.52	FALSE	NA	NA	NA	NA	NA	NA
NC_045512.2	18576	C	T	10	5	27	1	1	28	0.0769231	13	0.478261	FALSE	NA	NA	NA	NA	NA	NA
NC_045512.2	18576	C	G	10	5	27	1	1	25	0.0769231	13	0.478261	FALSE	NA	NA	NA	NA	NA	NA
NC_045512.2	18576	C	A	10	5	27	1	1	29	0.0769231	13	0.478261	FALSE	NA	NA	NA	NA	NA	NA
NC_045512.2	18577	A	G	12	7	25	1	1	30	0.0769231	13	0.52	FALSE	NA	NA	NA	NA	NA	NA
NC_045512.2	18578	G	T	10	5	27	1	1	21	0.0769231	13	0.478261	FALSE	NA	NA	NA	NA	NA	NA
NC_045512.2	18578	G	A	10	5	27	2	2	28	0.153846	13	0.23913	FALSE	NA	NA	NA	NA	NA	NA
NC_045512.2	18579	A	T	11	6	26	2	2	25	0.153846	13	0.26	FALSE	NA	NA	NA	NA	NA	NA
NC_045512.2	18580	G	T	11	6	27	1	1	28	0.0769231	13	0.5	FALSE	NA	NA	NA	NA	NA	NA
NC_045512.2	18580	G	C	11	6	27	1	1	21	0.0769231	13	0.5	FALSE	NA	NA	NA	NA	NA	NA
NC_045512.2	18581	T	G	11	6	26	1	1	28	0.0769231	13	0.5	FALSE	NA	NA	NA	NA	NA	NA
NC_045512.2	18581	T	C	11	6	26	1	1	25	0.0769231	13	0.5	FALSE	NA	NA	NA	NA	NA	NA
NC_045512.2	18582	C	T	10	5	27	1	1	27	0.0769231	13	0.478261	FALSE	NA	NA	NA	NA	NA	NA
NC_045512.2	18582	C	A	10	5	27	2	2	25	0.153846	13	0.23913	FALSE	NA	NA	NA	NA	NA	NA
NC_045512.2	18583	G	C	10	5	27	1	1	25	0.0833333	12	0.5	FALSE	NA	NA	NA	NA	NA	NA
NC_045512.2	18583	G	A	10	5	27	1	1	28	0.0833333	12	0.5	FALSE	NA	NA	NA	NA	NA	NA
NC_045512.2	18584	T	C	10	5	27	2	2	26	0.153846	13	0.23913	FALSE	NA	NA	NA	NA	NA	NA
NC_045512.2	18584	T	A	10	5	27	1	1	22	0.0769231	13	0.478261	FALSE	NA	NA	NA	NA	NA	NA
NC_045512.2	18585	A	G	12	7	26	1	1	25	0.0769231	13	0.52	FALSE	NA	NA	NA	NA	NA	NA
NC_045512.2	18586	T	C	9	4	25	1	1	21	0.0833333	12	0.47619	FALSE	NA	NA	NA	NA	NA	NA
NC_045512.2	18586	T	A	9	4	25	2	2	28	0.166667	12	0.238095	FALSE	NA	NA	NA	NA	NA	NA
NC_045512.2	18587	T	C	11	6	28	1	1	29	0.0769231	13	0.5	FALSE	NA	NA	NA	NA	NA	NA
NC_045512.2	18587	T	A	11	6	28	1	1	30	0.0769231	13	0.5	FALSE	NA	NA	NA	NA	NA	NA
NC_045512.2	18588	T	G	10	7	25	1	1	28	0.0909091	11	0.52381	FALSE	NA	NA	NA	NA	NA	NA
NC_045512.2	18589	G	T	11	6	26	1	1	24	0.0833333	12	0.521739	FALSE	NA	NA	NA	NA	NA	NA
NC_045512.2	18590	T	G	12	7	27	1	1	26	0.0666667	15	0.481481	FALSE	NA	NA	NA	NA	NA	NA
NC_045512.2	18590	T	A	12	7	27	2	2	27	0.133333	15	0.240741	FALSE	NA	NA	NA	NA	NA	NA
NC_045512.2	18591	C	T	10	5	27	1	1	28	0.0666667	15	0.44	FALSE	NA	NA	NA	NA	NA	NA
NC_045512.2	18591	C	A	10	5	27	4	4	28	0.266667	15	0.0488889	FALSE	NA	NA	NA	NA	NA	NA
NC_045512.2	18592	T	G	10	5	25	1	1	28	0.0666667	15	0.44	FALSE	NA	NA	NA	NA	NA	NA
NC_045512.2	18592	T	C	10	5	25	1	1	22	0.0666667	15	0.44	FALSE	NA	NA	NA	NA	NA	NA
NC_045512.2	18592	T	A	10	5	25	3	3	27	0.2	15	0.0977778	FALSE	NA	NA	NA	NA	NA	NA
NC_045512.2	18593	T	G	9	5	25	1	1	26	0.0714286	14	0.434783	FALSE	NA	NA	NA	NA	NA	NA
NC_045512.2	18593	T	C	9	5	25	2	2	26	0.142857	14	0.199275	FALSE	NA	NA	NA	NA	NA	NA
NC_045512.2	18593	T	A	9	5	25	2	2	28	0.142857	14	0.199275	FALSE	NA	NA	NA	NA	NA	NA
NC_045512.2	18594	A	T	11	6	26	2	2	27	0.133333	15	0.222222	FALSE	NA	NA	NA	NA	NA	NA
NC_045512.2	18594	A	G	11	6	26	1	1	28	0.0666667	15	0.461538	FALSE	NA	NA	NA	NA	NA	NA
NC_045512.2	18594	A	C	11	6	26	1	1	31	0.0666667	15	0.461538	FALSE	NA	NA	NA	NA	NA	NA
NC_045512.2	18595	T	G	11	6	27	1	1	27	0.0714286	14	0.48	FALSE	NA	NA	NA	NA	NA	NA
NC_045512.2	18595	T	C	11	6	27	1	1	28	0.0714286	14	0.48	FALSE	NA	NA	NA	NA	NA	NA
NC_045512.2	18595	T	A	11	6	27	1	1	29	0.0714286	14	0.48	FALSE	NA	NA	NA	NA	NA	NA
NC_045512.2	18596	G	C	11	6	24	2	2	23	0.133333	15	0.222222	FALSE	NA	NA	NA	NA	NA	NA
NC_045512.2	18596	G	A	11	6	24	2	2	25	0.133333	15	0.222222	FALSE	NA	NA	NA	NA	NA	NA
NC_045512.2	18597	G	C	12	6	26	2	2	28	0.125	16	0.224138	FALSE	NA	NA	NA	NA	NA	NA
NC_045512.2	18597	G	A	12	6	26	2	2	28	0.125	16	0.224138	FALSE	NA	NA	NA	NA	NA	NA
NC_045512.2	18598	G	T	9	6	25	1	1	22	0.0769231	13	0.454545	FALSE	NA	NA	NA	NA	NA	NA
NC_045512.2	18598	G	C	9	6	25	2	2	25	0.153846	13	0.217391	FALSE	NA	NA	NA	NA	NA	NA
NC_045512.2	18598	G	A	9	6	25	1	1	28	0.0769231	13	0.454545	FALSE	NA	NA	NA	NA	NA	NA
NC_045512.2	18599	C	T	14	8	26	1	1	29	0.0625	16	0.5	FALSE	NA	NA	NA	NA	NA	NA
NC_045512.2	18599	C	A	14	8	26	1	1	28	0.0625	16	0.5	FALSE	NA	NA	NA	NA	NA	NA
NC_045512.2	18600	A	T	12	6	26	2	2	28	0.125	16	0.224138	FALSE	NA	NA	NA	NA	NA	NA
NC_045512.2	18600	A	C	12	6	26	2	2	29	0.125	16	0.224138	FALSE	NA	NA	NA	NA	NA	NA
NC_045512.2	18601	C	T	12	6	26	1	1	30	0.0625	16	0.464286	FALSE	NA	NA	NA	NA	NA	NA
NC_045512.2	18601	C	G	12	6	26	1	1	23	0.0625	16	0.464286	FALSE	NA	NA	NA	NA	NA	NA
NC_045512.2	18601	C	A	12	6	26	2	2	25	0.125	16	0.224138	FALSE	NA	NA	NA	NA	NA	NA
NC_045512.2	18602	A	T	12	6	27	1	1	23	0.0625	16	0.464286	FALSE	NA	NA	NA	NA	NA	NA
NC_045512.2	18602	A	G	12	6	27	2	2	27	0.125	16	0.224138	FALSE	NA	NA	NA	NA	NA	NA
NC_045512.2	18602	A	C	12	6	27	1	1	27	0.0625	16	0.464286	FALSE	NA	NA	NA	NA	NA	NA
NC_045512.2	18603	T	G	13	7	26	1	1	28	0.0625	16	0.482759	FALSE	NA	NA	NA	NA	NA	NA
NC_045512.2	18603	T	A	13	7	26	2	2	29	0.125	16	0.241379	FALSE	NA	NA	NA	NA	NA	NA
NC_045512.2	18604	G	T	12	6	25	1	1	25	0.0666667	15	0.481481	FALSE	NA	NA	NA	NA	NA	NA
NC_045512.2	18604	G	C	12	6	25	1	1	32	0.0666667	15	0.481481	FALSE	NA	NA	NA	NA	NA	NA
NC_045512.2	18604	G	A	12	6	25	1	1	28	0.0666667	15	0.481481	FALSE	NA	NA	NA	NA	NA	NA
NC_045512.2	18605	G	A	12	6	24	3	3	27	0.2	15	0.124521	FALSE	NA	NA	NA	NA	NA	NA
NC_045512.2	18606	C	T	12	6	26	1	1	28	0.0625	16	0.464286	FALSE	NA	NA	NA	NA	NA	NA
NC_045512.2	18606	C	A	12	6	26	3	3	27	0.1875	16	0.112069	FALSE	NA	NA	NA	NA	NA	NA
NC_045512.2	18607	T	C	12	6	26	2	2	27	0.125	16	0.224138	FALSE	NA	NA	NA	NA	NA	NA
NC_045512.2	18607	T	A	12	6	26	2	2	26	0.125	16	0.224138	FALSE	NA	NA	NA	NA	NA	NA
NC_045512.2	18608	T	C	11	5	29	2	2	27	0.125	16	0.206349	FALSE	NA	NA	NA	NA	NA	NA
NC_045512.2	18608	T	A	11	5	29	3	3	25	0.1875	16	0.0996169	FALSE	NA	NA	NA	NA	NA	NA
NC_045512.2	18609	T	C	11	6	25	1	1	27	0.0714286	14	0.48	FALSE	NA	NA	NA	NA	NA	NA
NC_045512.2	18609	T	A	11	6	25	2	2	26	0.142857	14	0.24	FALSE	NA	NA	NA	NA	NA	NA
NC_045512.2	18610	G	T	11	5	27	2	2	22	0.125	16	0.206349	FALSE	NA	NA	NA	NA	NA	NA
NC_045512.2	18610	G	C	11	5	27	1	1	27	0.0625	16	0.444444	FALSE	NA	NA	NA	NA	NA	NA
NC_045512.2	18610	G	A	11	5	27	2	2	29	0.125	16	0.206349	FALSE	NA	NA	NA	NA	NA	NA
NC_045512.2	18611	A	T	11	5	28	4	4	26	0.25	16	0.0498084	FALSE	NA	NA	NA	NA	NA	NA
NC_045512.2	18611	A	C	11	5	28	1	1	22	0.0625	16	0.444444	FALSE	NA	NA	NA	NA	NA	NA
NC_045512.2	18612	G	T	11	5	27	3	3	26	0.1875	16	0.0996169	FALSE	NA	NA	NA	NA	NA	NA
NC_045512.2	18612	G	C	11	5	27	1	1	27	0.0625	16	0.444444	FALSE	NA	NA	NA	NA	NA	NA
NC_045512.2	18612	G	A	11	5	27	1	1	27	0.0625	16	0.444444	FALSE	NA	NA	NA	NA	NA	NA
NC_045512.2	18613	T	C	13	7	26	2	2	22	0.125	16	0.241379	FALSE	NA	NA	NA	NA	NA	NA
NC_045512.2	18613	T	A	13	7	26	1	1	20	0.0625	16	0.482759	FALSE	NA	NA	NA	NA	NA	NA
NC_045512.2	18614	T	C	11	6	26	2	2	27	0.133333	15	0.222222	FALSE	NA	NA	NA	NA	NA	NA
NC_045512.2	18614	T	A	11	6	26	2	2	24	0.133333	15	0.222222	FALSE	NA	NA	NA	NA	NA	NA
NC_045512.2	18615	G	T	11	5	27	1	1	28	0.0625	16	0.444444	FALSE	NA	NA	NA	NA	NA	NA
NC_045512.2	18615	G	C	11	5	27	1	1	26	0.0625	16	0.444444	FALSE	NA	NA	NA	NA	NA	NA
NC_045512.2	18615	G	A	11	5	27	3	3	28	0.1875	16	0.0996169	FALSE	NA	NA	NA	NA	NA	NA
NC_045512.2	18616	A	T	12	6	27	1	1	28	0.0625	16	0.464286	FALSE	NA	NA	NA	NA	NA	NA
NC_045512.2	18616	A	G	12	6	27	1	1	27	0.0625	16	0.464286	FALSE	NA	NA	NA	NA	NA	NA
NC_045512.2	18616	A	C	12	6	27	2	2	27	0.125	16	0.224138	FALSE	NA	NA	NA	NA	NA	NA
NC_045512.2	18617	C	T	12	6	27	1	1	23	0.0625	16	0.464286	FALSE	NA	NA	NA	NA	NA	NA
NC_045512.2	18617	C	G	12	6	27	1	1	29	0.0625	16	0.464286	FALSE	NA	NA	NA	NA	NA	NA
NC_045512.2	18617	C	A	12	6	27	2	2	26	0.125	16	0.224138	FALSE	NA	NA	NA	NA	NA	NA
NC_045512.2	18618	A	T	13	7	27	1	1	31	0.0666667	15	0.5	FALSE	NA	NA	NA	NA	NA	NA
NC_045512.2	18618	A	C	13	7	27	1	1	27	0.0666667	15	0.5	FALSE	NA	NA	NA	NA	NA	NA
NC_045512.2	18619	T	C	11	5	28	2	2	27	0.133333	15	0.222222	FALSE	NA	NA	NA	NA	NA	NA
NC_045512.2	18619	T	A	11	5	28	2	2	28	0.133333	15	0.222222	FALSE	NA	NA	NA	NA	NA	NA
NC_045512.2	18620	C	T	12	6	27	2	2	26	0.125	16	0.224138	FALSE	NA	NA	NA	NA	NA	NA
NC_045512.2	18620	C	G	12	6	27	1	1	28	0.0625	16	0.464286	FALSE	NA	NA	NA	NA	NA	NA
NC_045512.2	18620	C	A	12	6	27	1	1	29	0.0625	16	0.464286	FALSE	NA	NA	NA	NA	NA	NA
NC_045512.2	18621	T	G	12	6	27	2	2	29	0.125	16	0.224138	FALSE	NA	NA	NA	NA	NA	NA
NC_045512.2	18621	T	C	12	6	27	1	1	25	0.0625	16	0.464286	FALSE	NA	NA	NA	NA	NA	NA
NC_045512.2	18621	T	A	12	6	27	1	1	25	0.0625	16	0.464286	FALSE	NA	NA	NA	NA	NA	NA
NC_045512.2	18622	A	T	13	7	27	1	1	29	0.0625	16	0.482759	FALSE	NA	NA	NA	NA	NA	NA
NC_045512.2	18622	A	G	13	7	27	1	1	25	0.0625	16	0.482759	FALSE	NA	NA	NA	NA	NA	NA
NC_045512.2	18622	A	C	13	7	27	1	1	23	0.0625	16	0.482759	FALSE	NA	NA	NA	NA	NA	NA
NC_045512.2	18623	T	G	13	7	27	1	1	28	0.0625	16	0.482759	FALSE	NA	NA	NA	NA	NA	NA
NC_045512.2	18623	T	A	13	7	27	2	2	28	0.125	16	0.241379	FALSE	NA	NA	NA	NA	NA	NA
NC_045512.2	18624	G	T	11	5	27	2	2	26	0.125	16	0.206349	FALSE	NA	NA	NA	NA	NA	NA
NC_045512.2	18624	G	C	11	5	27	2	2	26	0.125	16	0.206349	FALSE	NA	NA	NA	NA	NA	NA
NC_045512.2	18624	G	A	11	5	27	1	1	25	0.0625	16	0.444444	FALSE	NA	NA	NA	NA	NA	NA
NC_045512.2	18625	A	G	12	6	26	1	1	27	0.0666667	15	0.481481	FALSE	NA	NA	NA	NA	NA	NA
NC_045512.2	18625	A	C	12	6	26	2	2	25	0.133333	15	0.240741	FALSE	NA	NA	NA	NA	NA	NA
NC_045512.2	18626	A	T	11	6	26	1	1	28	0.0714286	14	0.48	FALSE	NA	NA	NA	NA	NA	NA
NC_045512.2	18626	A	G	11	6	26	1	1	29	0.0714286	14	0.48	FALSE	NA	NA	NA	NA	NA	NA
NC_045512.2	18626	A	C	11	6	26	1	1	25	0.0714286	14	0.48	FALSE	NA	NA	NA	NA	NA	NA
NC_045512.2	18627	G	T	12	6	27	1	1	28	0.0625	16	0.464286	FALSE	NA	NA	NA	NA	NA	NA
NC_045512.2	18627	G	C	12	6	27	1	1	28	0.0625	16	0.464286	FALSE	NA	NA	NA	NA	NA	NA
NC_045512.2	18627	G	A	12	6	27	2	2	26	0.125	16	0.224138	FALSE	NA	NA	NA	NA	NA	NA
NC_045512.2	18628	T	C	12	6	27	1	1	25	0.0666667	15	0.481481	FALSE	NA	NA	NA	NA	NA	NA
NC_045512.2	18628	T	A	12	6	27	2	2	28	0.133333	15	0.240741	FALSE	NA	NA	NA	NA	NA	NA
NC_045512.2	18629	A	T	11	5	26	2	2	25	0.133333	15	0.222222	FALSE	NA	NA	NA	NA	NA	NA
NC_045512.2	18629	A	G	11	5	26	1	1	24	0.0666667	15	0.461538	FALSE	NA	NA	NA	NA	NA	NA
NC_045512.2	18629	A	C	11	5	26	1	1	28	0.0666667	15	0.461538	FALSE	NA	NA	NA	NA	NA	NA
NC_045512.2	18630	T	A	12	8	26	1	1	25	0.0769231	13	0.52	FALSE	NA	NA	NA	NA	NA	NA
NC_045512.2	18631	T	G	11	7	27	1	1	28	0.0714286	14	0.48	FALSE	NA	NA	NA	NA	NA	NA
NC_045512.2	18631	T	C	11	7	27	1	1	24	0.0714286	14	0.48	FALSE	NA	NA	NA	NA	NA	NA
NC_045512.2	18631	T	A	11	7	27	1	1	26	0.0714286	14	0.48	FALSE	NA	NA	NA	NA	NA	NA
NC_045512.2	18632	T	G	12	8	27	1	1	23	0.0714286	14	0.5	FALSE	NA	NA	NA	NA	NA	NA
NC_045512.2	18632	T	A	12	8	27	1	1	27	0.0714286	14	0.5	FALSE	NA	NA	NA	NA	NA	NA
NC_045512.2	18633	T	G	8	8	27	1	1	31	0.1	10	0.5	FALSE	NA	NA	NA	NA	NA	NA
NC_045512.2	18633	T	C	8	8	27	1	1	29	0.1	10	0.5	FALSE	NA	NA	NA	NA	NA	NA
NC_045512.2	18634	G	T	10	6	27	2	2	26	0.142857	14	0.22	FALSE	NA	NA	NA	NA	NA	NA
NC_045512.2	18634	G	C	10	6	27	2	2	24	0.142857	14	0.22	FALSE	NA	NA	NA	NA	NA	NA
NC_045512.2	18635	T	C	12	8	27	1	1	28	0.0714286	14	0.5	FALSE	NA	NA	NA	NA	NA	NA
NC_045512.2	18635	T	A	12	8	27	1	1	24	0.0714286	14	0.5	FALSE	NA	NA	NA	NA	NA	NA
NC_045512.2	18636	G	T	9	5	26	2	2	25	0.142857	14	0.199275	FALSE	NA	NA	NA	NA	NA	NA
NC_045512.2	18636	G	C	9	5	26	1	1	24	0.0714286	14	0.434783	FALSE	NA	NA	NA	NA	NA	NA
NC_045512.2	18636	G	A	9	5	26	2	2	29	0.142857	14	0.199275	FALSE	NA	NA	NA	NA	NA	NA
NC_045512.2	18637	A	T	8	5	24	2	2	28	0.181818	11	0.236842	FALSE	NA	NA	NA	NA	NA	NA
NC_045512.2	18637	A	C	8	5	24	1	1	27	0.0909091	11	0.473684	FALSE	NA	NA	NA	NA	NA	NA
NC_045512.2	18638	A	T	10	7	27	1	1	27	0.0769231	13	0.478261	FALSE	NA	NA	NA	NA	NA	NA
NC_045512.2	18638	A	G	10	7	27	2	2	23	0.153846	13	0.23913	FALSE	NA	NA	NA	NA	NA	NA
NC_045512.2	18639	A	G	10	7	27	3	3	23	0.230769	13	0.124348	FALSE	NA	NA	NA	NA	NA	NA
NC_045512.2	18640	A	G	6	6	28	2	2	27	0.25	8	0.266667	FALSE	NA	NA	NA	NA	NA	NA
NC_045512.2	18641	T	G	8	5	27	3	3	25	0.230769	13	0.0931677	FALSE	NA	NA	NA	NA	NA	NA
NC_045512.2	18641	T	C	8	5	27	1	1	27	0.0769231	13	0.428571	FALSE	NA	NA	NA	NA	NA	NA
NC_045512.2	18641	T	A	8	5	27	1	1	23	0.0769231	13	0.428571	FALSE	NA	NA	NA	NA	NA	NA
NC_045512.2	18642	A	T	10	7	27	1	1	23	0.0769231	13	0.478261	FALSE	NA	NA	NA	NA	NA	NA
NC_045512.2	18642	A	G	10	7	27	1	1	30	0.0769231	13	0.478261	FALSE	NA	NA	NA	NA	NA	NA
NC_045512.2	18642	A	C	10	7	27	1	1	27	0.0769231	13	0.478261	FALSE	NA	NA	NA	NA	NA	NA
NC_045512.2	18643	G	C	9	6	26	2	2	25	0.153846	13	0.217391	FALSE	NA	NA	NA	NA	NA	NA
NC_045512.2	18643	G	A	9	6	26	2	2	26	0.153846	13	0.217391	FALSE	NA	NA	NA	NA	NA	NA
NC_045512.2	18644	G	T	8	5	27	1	1	27	0.0833333	12	0.45	FALSE	NA	NA	NA	NA	NA	NA
NC_045512.2	18644	G	C	8	5	27	2	2	26	0.166667	12	0.214286	FALSE	NA	NA	NA	NA	NA	NA
NC_045512.2	18644	G	A	8	5	27	1	1	27	0.0833333	12	0.45	FALSE	NA	NA	NA	NA	NA	NA
NC_045512.2	18645	A	T	10	7	27	2	2	26	0.153846	13	0.23913	FALSE	NA	NA	NA	NA	NA	NA
NC_045512.2	18645	A	G	10	7	27	1	1	27	0.0769231	13	0.478261	FALSE	NA	NA	NA	NA	NA	NA
NC_045512.2	18646	C	T	8	5	25	2	2	25	0.153846	13	0.194805	FALSE	NA	NA	NA	NA	NA	NA
NC_045512.2	18646	C	G	8	5	25	3	3	26	0.230769	13	0.0931677	FALSE	NA	NA	NA	NA	NA	NA
NC_045512.2	18647	C	T	9	7	26	1	1	27	0.0769231	13	0.454545	FALSE	NA	NA	NA	NA	NA	NA
NC_045512.2	18647	C	G	9	7	26	2	2	24	0.153846	13	0.217391	FALSE	NA	NA	NA	NA	NA	NA
NC_045512.2	18647	C	A	9	7	26	1	1	23	0.0769231	13	0.454545	FALSE	NA	NA	NA	NA	NA	NA
NC_045512.2	18648	T	G	9	6	26	2	2	28	0.142857	14	0.199275	FALSE	NA	NA	NA	NA	NA	NA
NC_045512.2	18648	T	C	9	6	26	2	2	28	0.142857	14	0.199275	FALSE	NA	NA	NA	NA	NA	NA
NC_045512.2	18648	T	A	9	6	26	1	1	28	0.0714286	14	0.434783	FALSE	NA	NA	NA	NA	NA	NA
NC_045512.2	18649	G	T	6	4	27	6	5	26	0.428571	14	0.00521739	TRUE	NA	NA	NA	NA	NA	NA
NC_045512.2	18649	G	C	6	4	27	2	2	28	0.142857	14	0.133333	FALSE	NA	NA	NA	NA	NA	NA
NC_045512.2	18650	A	T	8	5	27	3	3	26	0.214286	14	0.0815217	FALSE	NA	NA	NA	NA	NA	NA
NC_045512.2	18650	A	G	8	5	27	3	3	26	0.214286	14	0.0815217	FALSE	NA	NA	NA	NA	NA	NA
NC_045512.2	18651	G	T	10	7	27	4	4	26	0.285714	14	0.057037	FALSE	NA	NA	NA	NA	NA	NA
NC_045512.2	18652	C	T	8	5	27	1	1	29	0.0714286	14	0.409091	FALSE	NA	NA	NA	NA	NA	NA
NC_045512.2	18652	C	G	8	5	27	2	2	27	0.142857	14	0.177866	FALSE	NA	NA	NA	NA	NA	NA
NC_045512.2	18652	C	A	8	5	27	3	3	24	0.214286	14	0.0815217	FALSE	NA	NA	NA	NA	NA	NA
NC_045512.2	18653	G	T	10	7	26	1	1	21	0.0714286	14	0.458333	FALSE	NA	NA	NA	NA	NA	NA
NC_045512.2	18653	G	A	10	7	26	3	3	27	0.214286	14	0.11	FALSE	NA	NA	NA	NA	NA	NA
NC_045512.2	18654	C	T	8	5	26	2	2	29	0.153846	13	0.194805	FALSE	NA	NA	NA	NA	NA	NA
NC_045512.2	18654	C	G	8	5	26	1	1	27	0.0769231	13	0.428571	FALSE	NA	NA	NA	NA	NA	NA
NC_045512.2	18654	C	A	8	5	26	2	2	28	0.153846	13	0.194805	FALSE	NA	NA	NA	NA	NA	NA
NC_045512.2	18655	A	T	9	6	27	2	2	25	0.142857	14	0.199275	FALSE	NA	NA	NA	NA	NA	NA
NC_045512.2	18655	A	G	9	6	27	3	3	29	0.214286	14	0.0956522	FALSE	NA	NA	NA	NA	NA	NA
NC_045512.2	18656	C	T	9	6	25	3	3	26	0.214286	14	0.0956522	FALSE	NA	NA	NA	NA	NA	NA
NC_045512.2	18656	C	G	9	6	25	1	1	28	0.0714286	14	0.434783	FALSE	NA	NA	NA	NA	NA	NA
NC_045512.2	18656	C	A	9	6	25	1	1	25	0.0714286	14	0.434783	FALSE	NA	NA	NA	NA	NA	NA
NC_045512.2	18657	C	T	8	5	26	2	2	28	0.142857	14	0.177866	FALSE	NA	NA	NA	NA	NA	NA
NC_045512.2	18657	C	G	8	5	26	3	3	27	0.214286	14	0.0815217	FALSE	NA	NA	NA	NA	NA	NA
NC_045512.2	18657	C	A	8	5	26	1	1	21	0.0714286	14	0.409091	FALSE	NA	NA	NA	NA	NA	NA
NC_045512.2	18658	T	G	9	6	27	2	2	24	0.142857	14	0.199275	FALSE	NA	NA	NA	NA	NA	NA
NC_045512.2	18658	T	A	9	6	27	3	3	25	0.214286	14	0.0956522	FALSE	NA	NA	NA	NA	NA	NA
NC_045512.2	18659	G	T	9	6	27	2	2	21	0.142857	14	0.199275	FALSE	NA	NA	NA	NA	NA	NA
NC_045512.2	18659	G	C	9	6	27	1	1	27	0.0714286	14	0.434783	FALSE	NA	NA	NA	NA	NA	NA
NC_045512.2	18659	G	A	9	6	27	2	2	27	0.142857	14	0.199275	FALSE	NA	NA	NA	NA	NA	NA
NC_045512.2	18660	T	G	11	8	25	1	1	29	0.0714286	14	0.48	FALSE	NA	NA	NA	NA	NA	NA
NC_045512.2	18660	T	C	11	8	25	1	1	27	0.0714286	14	0.48	FALSE	NA	NA	NA	NA	NA	NA
NC_045512.2	18660	T	A	11	8	25	1	1	28	0.0714286	14	0.48	FALSE	NA	NA	NA	NA	NA	NA
NC_045512.2	18661	T	G	9	6	26	2	2	26	0.142857	14	0.199275	FALSE	NA	NA	NA	NA	NA	NA
NC_045512.2	18661	T	C	9	6	26	1	1	23	0.0714286	14	0.434783	FALSE	NA	NA	NA	NA	NA	NA
NC_045512.2	18661	T	A	9	6	26	2	2	24	0.142857	14	0.199275	FALSE	NA	NA	NA	NA	NA	NA
NC_045512.2	18662	G	T	9	6	27	2	2	26	0.142857	14	0.199275	FALSE	NA	NA	NA	NA	NA	NA
NC_045512.2	18662	G	C	9	6	27	2	2	26	0.142857	14	0.199275	FALSE	NA	NA	NA	NA	NA	NA
NC_045512.2	18662	G	A	9	6	27	1	1	32	0.0714286	14	0.434783	FALSE	NA	NA	NA	NA	NA	NA
NC_045512.2	18663	T	G	10	7	27	1	1	25	0.0714286	14	0.458333	FALSE	NA	NA	NA	NA	NA	NA
NC_045512.2	18663	T	C	10	7	27	1	1	28	0.0714286	14	0.458333	FALSE	NA	NA	NA	NA	NA	NA
NC_045512.2	18663	T	A	10	7	27	2	2	27	0.142857	14	0.22	FALSE	NA	NA	NA	NA	NA	NA
NC_045512.2	18664	C	T	9	6	28	2	2	26	0.142857	14	0.199275	FALSE	NA	NA	NA	NA	NA	NA
NC_045512.2	18664	C	G	9	6	28	1	1	26	0.0714286	14	0.434783	FALSE	NA	NA	NA	NA	NA	NA
NC_045512.2	18664	C	A	9	6	28	2	2	26	0.142857	14	0.199275	FALSE	NA	NA	NA	NA	NA	NA
NC_045512.2	18665	T	A	10	7	27	4	4	26	0.285714	14	0.057037	FALSE	NA	NA	NA	NA	NA	NA
NC_045512.2	18666	A	T	10	7	26	3	3	25	0.214286	14	0.11	FALSE	NA	NA	NA	NA	NA	NA
NC_045512.2	18666	A	G	10	7	26	1	1	26	0.0714286	14	0.458333	FALSE	NA	NA	NA	NA	NA	NA
NC_045512.2	18667	T	G	9	6	27	1	1	27	0.0714286	14	0.434783	FALSE	NA	NA	NA	NA	NA	NA
NC_045512.2	18667	T	A	9	6	27	4	4	25	0.285714	14	0.0478261	FALSE	NA	NA	NA	NA	NA	NA
NC_045512.2	18668	G	T	9	6	27	1	1	27	0.0714286	14	0.434783	FALSE	NA	NA	NA	NA	NA	NA
NC_045512.2	18668	G	A	9	6	27	4	4	26	0.285714	14	0.0478261	FALSE	NA	NA	NA	NA	NA	NA
NC_045512.2	18669	T	G	9	6	27	3	3	26	0.214286	14	0.0956522	FALSE	NA	NA	NA	NA	NA	NA
NC_045512.2	18669	T	A	9	6	27	2	2	27	0.142857	14	0.199275	FALSE	NA	NA	NA	NA	NA	NA
NC_045512.2	18670	G	T	10	7	27	2	2	23	0.142857	14	0.22	FALSE	NA	NA	NA	NA	NA	NA
NC_045512.2	18670	G	A	10	7	27	2	2	27	0.142857	14	0.22	FALSE	NA	NA	NA	NA	NA	NA
NC_045512.2	18671	A	T	7	4	28	2	2	24	0.2	10	0.235294	FALSE	NA	NA	NA	NA	NA	NA
NC_045512.2	18671	A	C	7	4	28	1	1	28	0.1	10	0.470588	FALSE	NA	NA	NA	NA	NA	NA
NC_045512.2	18672	T	A	8	5	27	1	1	20	0.111111	9	0.529412	FALSE	NA	NA	NA	NA	NA	NA
NC_045512.2	18673	A	G	9	6	27	1	1	28	0.1	10	0.526316	FALSE	NA	NA	NA	NA	NA	NA
NC_045512.2	18674	G	T	8	5	27	1	1	27	0.1	10	0.5	FALSE	NA	NA	NA	NA	NA	NA
NC_045512.2	18674	G	A	8	5	27	1	1	29	0.1	10	0.5	FALSE	NA	NA	NA	NA	NA	NA
NC_045512.2	18675	A	T	8	5	27	2	2	27	0.2	10	0.263158	FALSE	NA	NA	NA	NA	NA	NA
NC_045512.2	18676	C	G	8	5	27	2	2	29	0.2	10	0.263158	FALSE	NA	NA	NA	NA	NA	NA
NC_045512.2	18677	G	T	7	4	27	1	1	22	0.111111	9	0.5	FALSE	NA	NA	NA	NA	NA	NA
NC_045512.2	18677	G	A	7	4	27	1	1	28	0.111111	9	0.5	FALSE	NA	NA	NA	NA	NA	NA
NC_045512.2	18678	T	C	8	5	27	1	1	27	0.1	10	0.5	FALSE	NA	NA	NA	NA	NA	NA
NC_045512.2	18678	T	A	8	5	27	1	1	25	0.1	10	0.5	FALSE	NA	NA	NA	NA	NA	NA
NC_045512.2	18679	G	A	7	4	27	3	3	26	0.3	10	0.123839	FALSE	NA	NA	NA	NA	NA	NA
NC_045512.2	18680	C	T	8	5	25	1	1	23	0.1	10	0.5	FALSE	NA	NA	NA	NA	NA	NA
NC_045512.2	18680	C	A	8	5	25	1	1	29	0.1	10	0.5	FALSE	NA	NA	NA	NA	NA	NA
NC_045512.2	18681	C	G	7	4	26	2	2	25	0.2	10	0.235294	FALSE	NA	NA	NA	NA	NA	NA
NC_045512.2	18681	C	A	7	4	26	1	1	25	0.1	10	0.470588	FALSE	NA	NA	NA	NA	NA	NA
NC_045512.2	18682	A	T	4	2	28	1	1	29	0.2	5	0.555556	FALSE	NA	NA	NA	NA	NA	NA
NC_045512.2	18683	C	G	4	2	27	1	1	32	0.2	5	0.555556	FALSE	NA	NA	NA	NA	NA	NA
NC_045512.2	18685	T	C	4	2	28	1	1	23	0.2	5	0.555556	FALSE	NA	NA	NA	NA	NA	NA
NC_045512.2	18686	G	A	4	2	28	1	1	22	0.2	5	0.555556	FALSE	NA	NA	NA	NA	NA	NA
NC_045512.2	18688	T	A	2	1	25	1	1	26	0.333333	3	0.6	FALSE	NA	NA	NA	NA	NA	NA
NC_045512.2	18689	T	C	3	2	27	1	1	25	0.25	4	0.571429	FALSE	NA	NA	NA	NA	NA	NA
NC_045512.2	18693	C	A	3	2	25	1	1	27	0.25	4	0.571429	FALSE	NA	NA	NA	NA	NA	NA
NC_045512.2	18695	C	A	3	2	25	1	1	27	0.25	4	0.571429	FALSE	NA	NA	NA	NA	NA	NA
NC_045512.2	18696	T	A	3	2	26	1	1	27	0.25	4	0.571429	FALSE	NA	NA	NA	NA	NA	NA
NC_045512.2	18697	G	T	3	2	26	1	1	27	0.25	4	0.571429	FALSE	NA	NA	NA	NA	NA	NA
NC_045512.2	18700	T	C	3	2	25	1	1	27	0.25	4	0.571429	FALSE	NA	NA	NA	NA	NA	NA
NC_045512.2	18701	C	T	3	2	28	1	1	27	0.25	4	0.571429	FALSE	NA	NA	NA	NA	NA	NA
NC_045512.2	18702	A	C	3	2	27	1	1	27	0.25	4	0.571429	FALSE	NA	NA	NA	NA	NA	NA
NC_045512.2	18703	G	T	3	2	27	1	1	28	0.25	4	0.571429	FALSE	NA	NA	NA	NA	NA	NA
NC_045512.2	18704	A	G	3	2	27	1	1	27	0.25	4	0.571429	FALSE	NA	NA	NA	NA	NA	NA
NC_045512.2	18705	C	A	3	2	27	1	1	29	0.25	4	0.571429	FALSE	NA	NA	NA	NA	NA	NA
NC_045512.2	18706	A	C	3	2	27	1	1	28	0.25	4	0.571429	FALSE	NA	NA	NA	NA	NA	NA
NC_045512.2	18707	C	A	3	2	27	1	1	29	0.25	4	0.571429	FALSE	NA	NA	NA	NA	NA	NA
NC_045512.2	18708	T	G	3	2	24	1	1	29	0.25	4	0.571429	FALSE	NA	NA	NA	NA	NA	NA
NC_045512.2	18709	T	A	3	2	25	1	1	20	0.25	4	0.571429	FALSE	NA	NA	NA	NA	NA	NA
NC_045512.2	18710	A	G	3	2	26	1	1	20	0.25	4	0.571429	FALSE	NA	NA	NA	NA	NA	NA
NC_045512.2	18712	G	C	3	2	27	1	1	25	0.25	4	0.571429	FALSE	NA	NA	NA	NA	NA	NA
NC_045512.2	18713	C	G	2	2	24	1	1	22	0.333333	3	0.6	FALSE	NA	NA	NA	NA	NA	NA
NC_045512.2	18714	C	T	2	2	29	1	1	22	0.333333	3	0.6	FALSE	NA	NA	NA	NA	NA	NA
NC_045512.2	18715	T	A	2	2	31	1	1	22	0.333333	3	0.6	FALSE	NA	NA	NA	NA	NA	NA
NC_045512.2	18720	G	T	6	2	24	1	1	26	0.142857	7	0.538462	FALSE	NA	NA	NA	NA	NA	NA
NC_045512.2	18722	A	T	7	2	28	1	1	22	0.125	8	0.533333	FALSE	NA	NA	NA	NA	NA	NA
NC_045512.2	18724	C	A	7	2	28	1	1	26	0.125	8	0.533333	FALSE	NA	NA	NA	NA	NA	NA
NC_045512.2	18725	A	T	7	2	27	1	1	27	0.125	8	0.533333	FALSE	NA	NA	NA	NA	NA	NA
NC_045512.2	18726	T	G	7	2	25	1	1	20	0.125	8	0.533333	FALSE	NA	NA	NA	NA	NA	NA
NC_045512.2	18727	T	G	7	2	23	1	1	28	0.125	8	0.533333	FALSE	NA	NA	NA	NA	NA	NA
NC_045512.2	18728	C	G	7	2	27	1	1	27	0.125	8	0.533333	FALSE	NA	NA	NA	NA	NA	NA
NC_045512.2	18729	T	C	7	2	27	1	1	27	0.125	8	0.533333	FALSE	NA	NA	NA	NA	NA	NA
NC_045512.2	18731	T	C	7	2	27	1	1	23	0.125	8	0.533333	FALSE	NA	NA	NA	NA	NA	NA
NC_045512.2	18732	T	A	7	2	24	1	1	23	0.125	8	0.533333	FALSE	NA	NA	NA	NA	NA	NA
NC_045512.2	18733	G	T	17	9	27	1	1	23	0.0555556	18	0.514286	FALSE	NA	NA	NA	NA	NA	NA
NC_045512.2	18735	A	G	17	9	27	1	1	27	0.0555556	18	0.514286	FALSE	NA	NA	NA	NA	NA	NA
NC_045512.2	18735	A	+T	17	9	27	1	0	20	0.0555556	18	0.514286	FALSE	NA	NA	NA	NA	NA	NA
NC_045512.2	18736	T	C	15	7	25	1	1	27	0.0625	16	0.516129	FALSE	NA	NA	NA	NA	NA	NA
NC_045512.2	18739	G	T	17	9	27	1	1	28	0.0555556	18	0.514286	FALSE	NA	NA	NA	NA	NA	NA
NC_045512.2	18740	A	G	17	9	27	1	1	26	0.0555556	18	0.514286	FALSE	NA	NA	NA	NA	NA	NA
NC_045512.2	18741	T	A	16	8	25	1	1	25	0.0588235	17	0.515152	FALSE	NA	NA	NA	NA	NA	NA
NC_045512.2	18742	T	G	16	9	25	1	1	24	0.0588235	17	0.515152	FALSE	NA	NA	NA	NA	NA	NA
NC_045512.2	18743	A	T	17	9	26	1	1	20	0.0555556	18	0.514286	FALSE	NA	NA	NA	NA	NA	NA
NC_045512.2	18744	C	T	17	9	26	1	1	27	0.0555556	18	0.514286	FALSE	NA	NA	NA	NA	NA	NA
NC_045512.2	18746	T	A	17	9	27	1	1	25	0.0555556	18	0.514286	FALSE	NA	NA	NA	NA	NA	NA
NC_045512.2	18748	T	A	17	9	27	1	1	28	0.0555556	18	0.514286	FALSE	NA	NA	NA	NA	NA	NA
NC_045512.2	18749	A	T	17	9	27	1	1	28	0.0555556	18	0.514286	FALSE	NA	NA	NA	NA	NA	NA
NC_045512.2	18750	T	C	17	9	26	1	1	28	0.0555556	18	0.514286	FALSE	NA	NA	NA	NA	NA	NA
NC_045512.2	18751	A	T	14	6	25	1	1	28	0.0666667	15	0.517241	FALSE	NA	NA	NA	NA	NA	NA
NC_045512.2	18754	C	G	13	5	26	1	1	21	0.0714286	14	0.518519	FALSE	NA	NA	NA	NA	NA	NA
NC_045512.2	18767	A	G	14	7	27	1	0	24	0.0666667	15	0.517241	FALSE	NA	NA	NA	NA	NA	NA
NC_045512.2	18768	T	G	15	7	26	1	1	24	0.0625	16	0.516129	FALSE	NA	NA	NA	NA	NA	NA
NC_045512.2	18770	T	C	12	4	26	1	1	25	0.0769231	13	0.52	FALSE	NA	NA	NA	NA	NA	NA
NC_045512.2	18771	T	A	15	7	25	1	1	26	0.0625	16	0.516129	FALSE	NA	NA	NA	NA	NA	NA
NC_045512.2	18772	C	T	14	6	26	2	2	26	0.117647	17	0.241935	FALSE	NA	NA	NA	NA	NA	NA
NC_045512.2	18772	C	G	14	6	26	1	1	30	0.0588235	17	0.483871	FALSE	NA	NA	NA	NA	NA	NA
NC_045512.2	18773	A	G	15	7	25	1	1	30	0.0588235	17	0.5	FALSE	NA	NA	NA	NA	NA	NA
NC_045512.2	18773	A	C	15	7	25	1	1	26	0.0588235	17	0.5	FALSE	NA	NA	NA	NA	NA	NA
NC_045512.2	18775	C	T	14	6	25	3	3	23	0.176471	17	0.124633	FALSE	NA	NA	NA	NA	NA	NA
NC_045512.2	18775	C	-A	14	6	25	2	0	20	0.117647	17	0.241935	FALSE	NA	NA	NA	NA	NA	NA
NC_045512.2	18776	A	T	12	6	24	2	2	27	0.142857	14	0.224138	FALSE	NA	NA	NA	NA	NA	NA
NC_045512.2	18777	A	T	13	7	24	1	1	26	0.0666667	15	0.5	FALSE	NA	NA	NA	NA	NA	NA
NC_045512.2	18777	A	C	13	7	24	1	1	27	0.0666667	15	0.5	FALSE	NA	NA	NA	NA	NA	NA
NC_045512.2	18778	T	G	16	8	25	1	1	26	0.0588235	17	0.515152	FALSE	NA	NA	NA	NA	NA	NA
NC_045512.2	18779	G	A	13	5	24	2	2	25	0.133333	15	0.258621	FALSE	NA	NA	NA	NA	NA	NA
NC_045512.2	18780	G	T	15	7	28	2	2	22	0.117647	17	0.257576	FALSE	NA	NA	NA	NA	NA	NA
NC_045512.2	18781	G	T	15	7	28	2	2	25	0.117647	17	0.257576	FALSE	NA	NA	NA	NA	NA	NA
NC_045512.2	18782	G	A	7	7	28	1	1	26	0.125	8	0.533333	FALSE	NA	NA	NA	NA	NA	NA
NC_045512.2	18783	T	G	11	4	24	1	1	25	0.0769231	13	0.48	FALSE	NA	NA	NA	NA	NA	NA
NC_045512.2	18783	T	C	11	4	24	1	1	27	0.0769231	13	0.48	FALSE	NA	NA	NA	NA	NA	NA
NC_045512.2	18784	T	G	15	7	27	1	1	25	0.0588235	17	0.5	FALSE	NA	NA	NA	NA	NA	NA
NC_045512.2	18784	T	A	15	7	27	1	1	26	0.0588235	17	0.5	FALSE	NA	NA	NA	NA	NA	NA
NC_045512.2	18786	T	C	9	8	27	1	1	25	0.1	10	0.526316	FALSE	NA	NA	NA	NA	NA	NA
NC_045512.2	18787	A	T	16	7	26	2	2	27	0.111111	18	0.257143	FALSE	NA	NA	NA	NA	NA	NA
NC_045512.2	18788	C	G	16	7	27	1	1	28	0.0555556	18	0.5	FALSE	NA	NA	NA	NA	NA	NA
NC_045512.2	18788	C	A	16	7	27	1	1	26	0.0555556	18	0.5	FALSE	NA	NA	NA	NA	NA	NA
NC_045512.2	18789	A	T	17	8	27	1	1	26	0.0555556	18	0.514286	FALSE	NA	NA	NA	NA	NA	NA
NC_045512.2	18790	G	T	14	5	25	1	1	23	0.0625	16	0.5	FALSE	NA	NA	NA	NA	NA	NA
NC_045512.2	18790	G	A	14	5	25	1	1	21	0.0625	16	0.5	FALSE	NA	NA	NA	NA	NA	NA
NC_045512.2	18791	G	T	16	7	24	1	1	26	0.0555556	18	0.5	FALSE	NA	NA	NA	NA	NA	NA
NC_045512.2	18791	G	A	16	7	24	1	1	27	0.0555556	18	0.5	FALSE	NA	NA	NA	NA	NA	NA
NC_045512.2	18792	T	A	17	8	26	1	1	26	0.0555556	18	0.514286	FALSE	NA	NA	NA	NA	NA	NA
NC_045512.2	18793	A	C	15	6	25	2	2	24	0.117647	17	0.257576	FALSE	NA	NA	NA	NA	NA	NA
NC_045512.2	18794	A	G	16	7	25	1	1	27	0.0555556	18	0.5	FALSE	NA	NA	NA	NA	NA	NA
NC_045512.2	18794	A	C	16	7	25	1	1	28	0.0555556	18	0.5	FALSE	NA	NA	NA	NA	NA	NA
NC_045512.2	18795	C	T	15	6	25	1	1	27	0.0588235	17	0.5	FALSE	NA	NA	NA	NA	NA	NA
NC_045512.2	18795	C	G	15	6	25	1	1	27	0.0588235	17	0.5	FALSE	NA	NA	NA	NA	NA	NA
NC_045512.2	18796	C	T	17	8	25	1	1	20	0.0555556	18	0.514286	FALSE	NA	NA	NA	NA	NA	NA
NC_045512.2	18798	A	T	27	8	27	1	1	27	0.0357143	28	0.509091	FALSE	NA	NA	NA	NA	NA	NA
NC_045512.2	18799	C	T	26	7	27	1	1	27	0.0357143	28	0.5	FALSE	NA	NA	NA	NA	NA	NA
NC_045512.2	18799	C	A	26	7	27	1	1	27	0.0357143	28	0.5	FALSE	NA	NA	NA	NA	NA	NA
NC_045512.2	18800	A	T	27	8	25	1	1	27	0.0357143	28	0.509091	FALSE	NA	NA	NA	NA	NA	NA
NC_045512.2	18801	A	G	27	8	28	1	1	27	0.0357143	28	0.509091	FALSE	NA	NA	NA	NA	NA	NA
NC_045512.2	18802	A	T	20	8	25	1	1	27	0.047619	21	0.512195	FALSE	NA	NA	NA	NA	NA	NA
NC_045512.2	18803	G	T	26	7	26	1	1	23	0.0357143	28	0.5	FALSE	NA	NA	NA	NA	NA	NA
NC_045512.2	18803	G	C	26	7	26	1	1	23	0.0357143	28	0.5	FALSE	NA	NA	NA	NA	NA	NA
NC_045512.2	18804	C	T	27	8	26	1	1	30	0.0357143	28	0.509091	FALSE	NA	NA	NA	NA	NA	NA
NC_045512.2	18805	A	G	22	3	27	2	2	25	0.0833333	24	0.255319	FALSE	NA	NA	NA	NA	NA	NA
NC_045512.2	18807	C	T	26	7	26	2	2	25	0.0714286	28	0.254545	FALSE	NA	NA	NA	NA	NA	NA
NC_045512.2	18808	C	T	24	7	24	1	1	27	0.0384615	26	0.5	FALSE	NA	NA	NA	NA	NA	NA
NC_045512.2	18808	C	G	24	7	24	1	1	23	0.0384615	26	0.5	FALSE	NA	NA	NA	NA	NA	NA
NC_045512.2	18809	A	T	27	8	26	1	1	22	0.0357143	28	0.509091	FALSE	NA	NA	NA	NA	NA	NA
NC_045512.2	18811	G	C	27	8	27	1	1	28	0.0357143	28	0.509091	FALSE	NA	NA	NA	NA	NA	NA
NC_045512.2	18812	A	G	30	10	26	1	0	24	0.0322581	31	0.508197	FALSE	NA	NA	NA	NA	NA	NA
NC_045512.2	18813	T	A	30	9	26	1	1	23	0.0322581	31	0.508197	FALSE	NA	NA	NA	NA	NA	NA
NC_045512.2	18814	C	T	30	9	26	1	1	28	0.0322581	31	0.508197	FALSE	NA	NA	NA	NA	NA	NA
NC_045512.2	18815	T	G	29	8	26	1	1	25	0.0333333	30	0.508475	FALSE	NA	NA	NA	NA	NA	NA
NC_045512.2	18816	G	A	29	8	26	2	2	26	0.0645161	31	0.254098	FALSE	NA	NA	NA	NA	NA	NA
NC_045512.2	18818	A	G	29	8	26	1	1	27	0.0333333	30	0.508475	FALSE	NA	NA	NA	NA	NA	NA
NC_045512.2	18819	T	G	28	7	25	1	1	27	0.0344828	29	0.508772	FALSE	NA	NA	NA	NA	NA	NA
NC_045512.2	18820	T	G	29	9	23	1	1	27	0.0333333	30	0.508475	FALSE	NA	NA	NA	NA	NA	NA
NC_045512.2	18821	G	C	30	9	26	1	1	26	0.0322581	31	0.508197	FALSE	NA	NA	NA	NA	NA	NA
NC_045512.2	18822	T	A	31	10	26	1	1	21	0.03125	32	0.507937	FALSE	NA	NA	NA	NA	NA	NA
NC_045512.2	18823	C	T	31	10	26	1	1	26	0.030303	33	0.5	FALSE	NA	NA	NA	NA	NA	NA
NC_045512.2	18823	C	A	31	10	26	1	1	27	0.030303	33	0.5	FALSE	NA	NA	NA	NA	NA	NA
NC_045512.2	18824	A	T	28	7	25	1	1	26	0.0333333	30	0.5	FALSE	NA	NA	NA	NA	NA	NA
NC_045512.2	18824	A	C	28	7	25	1	1	26	0.0333333	30	0.5	FALSE	NA	NA	NA	NA	NA	NA
NC_045512.2	18825	A	T	30	11	24	1	1	27	0.0322581	31	0.508197	FALSE	NA	NA	NA	NA	NA	NA
NC_045512.2	18826	G	A	30	10	26	2	2	24	0.0625	32	0.253968	FALSE	NA	NA	NA	NA	NA	NA
NC_045512.2	18827	T	C	31	11	26	1	1	23	0.03125	32	0.507937	FALSE	NA	NA	NA	NA	NA	NA
NC_045512.2	18828	C	A	30	10	25	1	1	23	0.0322581	31	0.508197	FALSE	NA	NA	NA	NA	NA	NA
NC_045512.2	18829	C	G	29	10	24	2	2	24	0.0645161	31	0.254098	FALSE	NA	NA	NA	NA	NA	NA
NC_045512.2	18830	A	G	30	10	27	2	2	27	0.0625	32	0.253968	FALSE	NA	NA	NA	NA	NA	NA
NC_045512.2	18830	A	+T	30	10	27	1	0	20	0.03125	32	0.5	FALSE	NA	NA	NA	NA	NA	NA
NC_045512.2	18831	T	G	30	11	27	1	1	27	0.0322581	31	0.508197	FALSE	NA	NA	NA	NA	NA	NA
NC_045512.2	18832	G	A	29	10	25	1	1	21	0.0333333	30	0.508475	FALSE	NA	NA	NA	NA	NA	NA
NC_045512.2	18833	G	T	28	10	24	1	1	31	0.0333333	30	0.5	FALSE	NA	NA	NA	NA	NA	NA
NC_045512.2	18833	G	A	28	10	24	1	1	27	0.0333333	30	0.5	FALSE	NA	NA	NA	NA	NA	NA
NC_045512.2	18834	T	C	30	11	27	1	1	22	0.0322581	31	0.508197	FALSE	NA	NA	NA	NA	NA	NA
NC_045512.2	18834	T	-A	30	11	27	1	0	20	0.0322581	31	0.508197	FALSE	NA	NA	NA	NA	NA	NA
NC_045512.2	18835	A	T	28	10	25	1	1	29	0.0333333	30	0.491525	FALSE	NA	NA	NA	NA	NA	NA
NC_045512.2	18835	A	C	28	10	25	1	1	23	0.0333333	30	0.491525	FALSE	NA	NA	NA	NA	NA	NA
NC_045512.2	18836	A	T	27	11	25	1	1	23	0.0357143	28	0.509091	FALSE	NA	NA	NA	NA	NA	NA
NC_045512.2	18837	T	C	29	10	26	1	1	27	0.0322581	31	0.5	FALSE	NA	NA	NA	NA	NA	NA
NC_045512.2	18837	T	A	29	10	26	1	1	24	0.0322581	31	0.5	FALSE	NA	NA	NA	NA	NA	NA
NC_045512.2	18838	G	C	29	10	26	1	1	24	0.0322581	31	0.5	FALSE	NA	NA	NA	NA	NA	NA
NC_045512.2	18838	G	A	29	10	26	1	1	27	0.0322581	31	0.5	FALSE	NA	NA	NA	NA	NA	NA
NC_045512.2	18839	C	G	28	10	26	1	1	24	0.0333333	30	0.5	FALSE	NA	NA	NA	NA	NA	NA
NC_045512.2	18839	C	A	28	10	26	1	1	24	0.0333333	30	0.5	FALSE	NA	NA	NA	NA	NA	NA
NC_045512.2	18840	A	G	29	10	27	2	2	27	0.0645161	31	0.254098	FALSE	NA	NA	NA	NA	NA	NA
NC_045512.2	18841	C	T	28	10	27	2	1	25	0.0645161	31	0.245763	FALSE	NA	NA	NA	NA	NA	NA
NC_045512.2	18841	C	A	28	10	27	1	1	28	0.0322581	31	0.491525	FALSE	NA	NA	NA	NA	NA	NA
NC_045512.2	18842	A	G	30	11	26	1	1	28	0.0322581	31	0.508197	FALSE	NA	NA	NA	NA	NA	NA
NC_045512.2	18843	T	C	29	10	26	1	1	28	0.0322581	31	0.5	FALSE	NA	NA	NA	NA	NA	NA
NC_045512.2	18843	T	A	29	10	26	1	1	27	0.0322581	31	0.5	FALSE	NA	NA	NA	NA	NA	NA
NC_045512.2	18844	G	C	29	10	26	1	1	23	0.0322581	31	0.5	FALSE	NA	NA	NA	NA	NA	NA
NC_045512.2	18844	G	A	29	10	26	1	1	23	0.0322581	31	0.5	FALSE	NA	NA	NA	NA	NA	NA
NC_045512.2	18845	T	C	29	10	26	1	1	27	0.0322581	31	0.5	FALSE	NA	NA	NA	NA	NA	NA
NC_045512.2	18845	T	A	29	10	26	1	1	29	0.0322581	31	0.5	FALSE	NA	NA	NA	NA	NA	NA
NC_045512.2	18846	A	T	29	10	26	1	1	27	0.0322581	31	0.5	FALSE	NA	NA	NA	NA	NA	NA
NC_045512.2	18846	A	C	29	10	26	1	1	23	0.0322581	31	0.5	FALSE	NA	NA	NA	NA	NA	NA
NC_045512.2	18847	G	C	29	10	26	1	1	28	0.0322581	31	0.5	FALSE	NA	NA	NA	NA	NA	NA
NC_045512.2	18847	G	A	29	10	26	1	1	29	0.0322581	31	0.5	FALSE	NA	NA	NA	NA	NA	NA
NC_045512.2	18848	C	A	30	11	27	1	1	23	0.0322581	31	0.508197	FALSE	NA	NA	NA	NA	NA	NA
NC_045512.2	18849	T	A	30	11	27	2	2	24	0.0625	32	0.253968	FALSE	NA	NA	NA	NA	NA	NA
NC_045512.2	18850	A	G	30	11	27	1	1	23	0.03125	32	0.5	FALSE	NA	NA	NA	NA	NA	NA
NC_045512.2	18850	A	C	30	11	27	1	1	26	0.03125	32	0.5	FALSE	NA	NA	NA	NA	NA	NA
NC_045512.2	18851	G	A	29	10	27	3	3	26	0.09375	32	0.124902	FALSE	NA	NA	NA	NA	NA	NA
NC_045512.2	18852	T	G	30	11	26	1	1	28	0.03125	32	0.5	FALSE	NA	NA	NA	NA	NA	NA
NC_045512.2	18852	T	A	30	11	26	1	1	30	0.03125	32	0.5	FALSE	NA	NA	NA	NA	NA	NA
NC_045512.2	18853	T	C	26	10	24	2	2	29	0.0689655	29	0.245455	FALSE	NA	NA	NA	NA	NA	NA
NC_045512.2	18853	T	A	26	10	24	1	1	23	0.0344828	29	0.490909	FALSE	NA	NA	NA	NA	NA	NA
NC_045512.2	18854	G	T	30	11	26	1	1	29	0.03125	32	0.5	FALSE	NA	NA	NA	NA	NA	NA
NC_045512.2	18854	G	A	30	11	26	1	1	21	0.03125	32	0.5	FALSE	NA	NA	NA	NA	NA	NA
NC_045512.2	18855	T	G	29	10	26	1	1	30	0.03125	32	0.491803	FALSE	NA	NA	NA	NA	NA	NA
NC_045512.2	18855	T	C	29	10	26	1	1	23	0.03125	32	0.491803	FALSE	NA	NA	NA	NA	NA	NA
NC_045512.2	18855	T	A	29	10	26	1	1	26	0.03125	32	0.491803	FALSE	NA	NA	NA	NA	NA	NA
NC_045512.2	18856	G	T	29	10	27	1	1	27	0.03125	32	0.491803	FALSE	NA	NA	NA	NA	NA	NA
NC_045512.2	18856	G	C	29	10	27	1	1	21	0.03125	32	0.491803	FALSE	NA	NA	NA	NA	NA	NA
NC_045512.2	18856	G	A	29	10	27	1	1	23	0.03125	32	0.491803	FALSE	NA	NA	NA	NA	NA	NA
NC_045512.2	18857	A	G	30	11	27	1	1	28	0.03125	32	0.5	FALSE	NA	NA	NA	NA	NA	NA
NC_045512.2	18857	A	C	30	11	27	1	1	27	0.03125	32	0.5	FALSE	NA	NA	NA	NA	NA	NA
NC_045512.2	18858	T	C	30	11	27	1	1	23	0.03125	32	0.5	FALSE	NA	NA	NA	NA	NA	NA
NC_045512.2	18858	T	A	30	11	27	1	1	27	0.03125	32	0.5	FALSE	NA	NA	NA	NA	NA	NA
NC_045512.2	18859	G	T	29	10	27	2	2	26	0.0625	32	0.245902	FALSE	NA	NA	NA	NA	NA	NA
NC_045512.2	18859	G	C	29	10	27	1	1	29	0.03125	32	0.491803	FALSE	NA	NA	NA	NA	NA	NA
NC_045512.2	18860	C	G	29	10	27	2	2	26	0.0625	32	0.245902	FALSE	NA	NA	NA	NA	NA	NA
NC_045512.2	18860	C	A	29	10	27	1	1	30	0.03125	32	0.491803	FALSE	NA	NA	NA	NA	NA	NA
NC_045512.2	18861	A	T	30	11	25	2	2	26	0.0625	32	0.253968	FALSE	NA	NA	NA	NA	NA	NA
NC_045512.2	18862	A	T	28	10	25	1	1	25	0.0322581	31	0.491525	FALSE	NA	NA	NA	NA	NA	NA
NC_045512.2	18862	A	G	28	10	25	1	1	28	0.0322581	31	0.491525	FALSE	NA	NA	NA	NA	NA	NA
NC_045512.2	18862	A	C	28	10	25	1	1	25	0.0322581	31	0.491525	FALSE	NA	NA	NA	NA	NA	NA
NC_045512.2	18863	T	C	29	10	27	1	1	25	0.03125	32	0.491803	FALSE	NA	NA	NA	NA	NA	NA
NC_045512.2	18863	T	A	29	10	27	2	2	26	0.0625	32	0.245902	FALSE	NA	NA	NA	NA	NA	NA
NC_045512.2	18864	C	T	28	9	27	2	2	23	0.0625	32	0.237705	FALSE	NA	NA	NA	NA	NA	NA
NC_045512.2	18864	C	A	28	9	27	2	2	25	0.0625	32	0.237705	FALSE	NA	NA	NA	NA	NA	NA
NC_045512.2	18865	A	G	29	10	27	2	2	23	0.0625	32	0.245902	FALSE	NA	NA	NA	NA	NA	NA
NC_045512.2	18865	A	C	29	10	27	1	1	30	0.03125	32	0.491803	FALSE	NA	NA	NA	NA	NA	NA
NC_045512.2	18867	G	A	30	11	27	1	1	26	0.0322581	31	0.508197	FALSE	NA	NA	NA	NA	NA	NA
NC_045512.2	18868	A	T	29	10	27	2	2	24	0.0625	32	0.245902	FALSE	NA	NA	NA	NA	NA	NA
NC_045512.2	18868	A	C	29	10	27	1	1	24	0.03125	32	0.491803	FALSE	NA	NA	NA	NA	NA	NA
NC_045512.2	18869	C	T	29	10	27	1	1	25	0.03125	32	0.491803	FALSE	NA	NA	NA	NA	NA	NA
NC_045512.2	18869	C	A	29	10	27	2	2	25	0.0625	32	0.245902	FALSE	NA	NA	NA	NA	NA	NA
NC_045512.2	18870	T	G	31	12	27	1	1	20	0.03125	32	0.507937	FALSE	NA	NA	NA	NA	NA	NA
NC_045512.2	18871	A	T	29	10	27	2	2	22	0.0625	32	0.245902	FALSE	NA	NA	NA	NA	NA	NA
NC_045512.2	18871	A	G	29	10	27	1	1	20	0.03125	32	0.491803	FALSE	NA	NA	NA	NA	NA	NA
NC_045512.2	18872	G	C	31	12	26	1	1	24	0.03125	32	0.507937	FALSE	NA	NA	NA	NA	NA	NA
NC_045512.2	18873	G	T	28	10	24	2	2	25	0.0666667	30	0.254237	FALSE	NA	NA	NA	NA	NA	NA
NC_045512.2	18874	T	C	29	10	27	1	1	25	0.03125	32	0.491803	FALSE	NA	NA	NA	NA	NA	NA
NC_045512.2	18874	T	A	29	10	27	2	2	26	0.0625	32	0.245902	FALSE	NA	NA	NA	NA	NA	NA
NC_045512.2	18875	G	A	30	11	27	1	1	25	0.0322581	31	0.508197	FALSE	NA	NA	NA	NA	NA	NA
NC_045512.2	18876	T	A	31	12	27	1	1	25	0.03125	32	0.507937	FALSE	NA	NA	NA	NA	NA	NA
NC_045512.2	18877	C	G	30	11	27	2	2	25	0.0625	32	0.253968	FALSE	NA	NA	NA	NA	NA	NA
NC_045512.2	18878	T	C	30	11	28	2	2	26	0.0625	32	0.253968	FALSE	NA	NA	NA	NA	NA	NA
NC_045512.2	18880	G	T	29	10	27	1	1	25	0.03125	32	0.491803	FALSE	NA	NA	NA	NA	NA	NA
NC_045512.2	18880	G	C	29	10	27	2	2	21	0.0625	32	0.245902	FALSE	NA	NA	NA	NA	NA	NA
NC_045512.2	18881	C	A	28	9	27	2	2	22	0.0666667	30	0.254237	FALSE	NA	NA	NA	NA	NA	NA
NC_045512.2	18883	G	A	28	10	27	2	1	25	0.0666667	30	0.254237	FALSE	NA	NA	NA	NA	NA	NA
NC_045512.2	18884	T	G	29	10	27	1	1	27	0.03125	32	0.491803	FALSE	NA	NA	NA	NA	NA	NA
NC_045512.2	18884	T	C	29	10	27	2	2	23	0.0625	32	0.245902	FALSE	NA	NA	NA	NA	NA	NA
NC_045512.2	18885	C	T	27	8	26	1	1	27	0.0344828	29	0.5	FALSE	NA	NA	NA	NA	NA	NA
NC_045512.2	18885	C	A	27	8	26	1	1	26	0.0344828	29	0.5	FALSE	NA	NA	NA	NA	NA	NA
NC_045512.2	18886	C	G	27	9	24	1	1	25	0.0322581	31	0.482759	FALSE	NA	NA	NA	NA	NA	NA
NC_045512.2	18886	C	A	27	9	24	3	3	24	0.0967742	31	0.118644	FALSE	NA	NA	NA	NA	NA	NA
NC_045512.2	18887	A	C	29	12	27	1	1	21	0.0333333	30	0.508475	FALSE	NA	NA	NA	NA	NA	NA
NC_045512.2	18888	C	T	28	11	27	2	2	24	0.0645161	31	0.245763	FALSE	NA	NA	NA	NA	NA	NA
NC_045512.2	18888	C	G	28	11	27	1	1	26	0.0322581	31	0.491525	FALSE	NA	NA	NA	NA	NA	NA
NC_045512.2	18889	G	C	27	10	27	1	1	28	0.0333333	30	0.491228	FALSE	NA	NA	NA	NA	NA	NA
NC_045512.2	18889	G	A	27	10	27	2	2	24	0.0666667	30	0.245614	FALSE	NA	NA	NA	NA	NA	NA
NC_045512.2	18890	A	T	16	5	26	1	1	24	0.0555556	18	0.5	FALSE	NA	NA	NA	NA	NA	NA
NC_045512.2	18890	A	C	16	5	26	1	1	27	0.0555556	18	0.5	FALSE	NA	NA	NA	NA	NA	NA
NC_045512.2	18891	G	A	15	4	26	3	3	27	0.166667	18	0.124675	FALSE	NA	NA	NA	NA	NA	NA
NC_045512.2	18892	T	G	14	3	26	1	1	24	0.0555556	18	0.46875	FALSE	NA	NA	NA	NA	NA	NA
NC_045512.2	18892	T	C	14	3	26	2	2	25	0.111111	18	0.227273	FALSE	NA	NA	NA	NA	NA	NA
NC_045512.2	18892	T	A	14	3	26	1	1	25	0.0555556	18	0.46875	FALSE	NA	NA	NA	NA	NA	NA
NC_045512.2	18893	G	T	14	3	26	1	1	26	0.0555556	18	0.46875	FALSE	NA	NA	NA	NA	NA	NA
NC_045512.2	18893	G	C	14	3	26	2	2	26	0.111111	18	0.227273	FALSE	NA	NA	NA	NA	NA	NA
NC_045512.2	18893	G	A	14	3	26	1	1	27	0.0555556	18	0.46875	FALSE	NA	NA	NA	NA	NA	NA
NC_045512.2	18894	C	T	15	4	26	1	1	29	0.0588235	17	0.5	FALSE	NA	NA	NA	NA	NA	NA
NC_045512.2	18894	C	A	15	4	26	1	1	28	0.0588235	17	0.5	FALSE	NA	NA	NA	NA	NA	NA
NC_045512.2	18895	T	G	16	5	26	1	1	34	0.0555556	18	0.5	FALSE	NA	NA	NA	NA	NA	NA
NC_045512.2	18895	T	A	16	5	26	1	1	28	0.0555556	18	0.5	FALSE	NA	NA	NA	NA	NA	NA
NC_045512.2	18896	T	G	15	4	28	2	2	27	0.111111	18	0.242424	FALSE	NA	NA	NA	NA	NA	NA
NC_045512.2	18896	T	C	15	4	28	1	1	24	0.0555556	18	0.484848	FALSE	NA	NA	NA	NA	NA	NA
NC_045512.2	18897	T	C	13	4	23	1	1	28	0.0625	16	0.482759	FALSE	NA	NA	NA	NA	NA	NA
NC_045512.2	18897	T	A	13	4	23	2	2	28	0.125	16	0.241379	FALSE	NA	NA	NA	NA	NA	NA
NC_045512.2	18898	G	T	15	4	27	1	1	28	0.0555556	18	0.484848	FALSE	NA	NA	NA	NA	NA	NA
NC_045512.2	18898	G	A	15	4	27	2	2	27	0.111111	18	0.242424	FALSE	NA	NA	NA	NA	NA	NA
NC_045512.2	18899	T	C	16	5	27	2	2	28	0.111111	18	0.257143	FALSE	NA	NA	NA	NA	NA	NA
NC_045512.2	18900	T	G	16	6	25	1	1	29	0.0588235	17	0.515152	FALSE	NA	NA	NA	NA	NA	NA
NC_045512.2	18901	A	G	16	5	27	2	2	26	0.111111	18	0.257143	FALSE	NA	NA	NA	NA	NA	NA
NC_045512.2	18902	A	T	14	3	24	3	3	26	0.166667	18	0.113636	FALSE	NA	NA	NA	NA	NA	NA
NC_045512.2	18902	A	G	14	3	24	1	1	28	0.0555556	18	0.46875	FALSE	NA	NA	NA	NA	NA	NA
NC_045512.2	18903	G	T	14	3	27	1	1	24	0.0555556	18	0.46875	FALSE	NA	NA	NA	NA	NA	NA
NC_045512.2	18903	G	C	14	3	27	2	2	27	0.111111	18	0.227273	FALSE	NA	NA	NA	NA	NA	NA
NC_045512.2	18903	G	A	14	3	27	1	1	28	0.0555556	18	0.46875	FALSE	NA	NA	NA	NA	NA	NA
NC_045512.2	18904	C	T	14	3	27	3	3	26	0.176471	17	0.124633	FALSE	NA	NA	NA	NA	NA	NA
NC_045512.2	18905	G	T	16	5	27	1	1	27	0.0555556	18	0.5	FALSE	NA	NA	NA	NA	NA	NA
NC_045512.2	18905	G	A	16	5	27	1	1	29	0.0555556	18	0.5	FALSE	NA	NA	NA	NA	NA	NA
NC_045512.2	18906	T	G	16	5	27	2	2	28	0.111111	18	0.257143	FALSE	NA	NA	NA	NA	NA	NA
NC_045512.2	18907	G	T	15	4	27	2	2	28	0.111111	18	0.242424	FALSE	NA	NA	NA	NA	NA	NA
NC_045512.2	18907	G	A	15	4	27	1	1	28	0.0555556	18	0.484848	FALSE	NA	NA	NA	NA	NA	NA
NC_045512.2	18908	T	G	14	3	27	1	1	28	0.0555556	18	0.46875	FALSE	NA	NA	NA	NA	NA	NA
NC_045512.2	18908	T	C	14	3	27	2	2	25	0.111111	18	0.227273	FALSE	NA	NA	NA	NA	NA	NA
NC_045512.2	18908	T	A	14	3	27	1	1	27	0.0555556	18	0.46875	FALSE	NA	NA	NA	NA	NA	NA
NC_045512.2	18909	T	C	16	5	25	1	1	27	0.0555556	18	0.5	FALSE	NA	NA	NA	NA	NA	NA
NC_045512.2	18909	T	A	16	5	25	1	1	25	0.0555556	18	0.5	FALSE	NA	NA	NA	NA	NA	NA
NC_045512.2	18910	G	A	16	5	28	2	2	26	0.111111	18	0.257143	FALSE	NA	NA	NA	NA	NA	NA
NC_045512.2	18911	A	T	14	3	27	2	2	31	0.111111	18	0.227273	FALSE	NA	NA	NA	NA	NA	NA
NC_045512.2	18911	A	G	14	3	27	1	1	28	0.0555556	18	0.46875	FALSE	NA	NA	NA	NA	NA	NA
NC_045512.2	18911	A	C	14	3	27	1	1	27	0.0555556	18	0.46875	FALSE	NA	NA	NA	NA	NA	NA
NC_045512.2	18912	C	T	15	4	26	1	1	28	0.0588235	17	0.5	FALSE	NA	NA	NA	NA	NA	NA
NC_045512.2	18912	C	A	15	4	26	1	1	23	0.0588235	17	0.5	FALSE	NA	NA	NA	NA	NA	NA
NC_045512.2	18913	T	G	14	3	26	1	1	30	0.0555556	18	0.46875	FALSE	NA	NA	NA	NA	NA	NA
NC_045512.2	18913	T	C	14	3	26	1	1	23	0.0555556	18	0.46875	FALSE	NA	NA	NA	NA	NA	NA
NC_045512.2	18913	T	A	14	3	26	2	2	27	0.111111	18	0.227273	FALSE	NA	NA	NA	NA	NA	NA
NC_045512.2	18914	G	T	23	3	26	2	2	27	0.0740741	27	0.235294	FALSE	NA	NA	NA	NA	NA	NA
NC_045512.2	18914	G	C	23	3	26	1	1	27	0.037037	27	0.48	FALSE	NA	NA	NA	NA	NA	NA
NC_045512.2	18914	G	A	23	3	26	1	1	27	0.037037	27	0.48	FALSE	NA	NA	NA	NA	NA	NA
NC_045512.2	18915	G	C	22	4	24	1	1	28	0.04	25	0.489362	FALSE	NA	NA	NA	NA	NA	NA
NC_045512.2	18915	G	A	22	4	24	2	2	22	0.08	25	0.244681	FALSE	NA	NA	NA	NA	NA	NA
NC_045512.2	18916	A	T	25	5	26	2	2	25	0.0740741	27	0.254717	FALSE	NA	NA	NA	NA	NA	NA
NC_045512.2	18917	C	T	24	4	26	2	2	27	0.0769231	26	0.254902	FALSE	NA	NA	NA	NA	NA	NA
NC_045512.2	18918	T	G	23	3	26	3	3	27	0.111111	27	0.117647	FALSE	NA	NA	NA	NA	NA	NA
NC_045512.2	18918	T	C	23	3	26	1	1	27	0.037037	27	0.48	FALSE	NA	NA	NA	NA	NA	NA
NC_045512.2	18919	A	T	25	5	27	1	1	29	0.037037	27	0.5	FALSE	NA	NA	NA	NA	NA	NA
NC_045512.2	18919	A	C	25	5	27	1	1	24	0.037037	27	0.5	FALSE	NA	NA	NA	NA	NA	NA
NC_045512.2	18920	T	C	24	4	26	1	1	27	0.037037	27	0.490196	FALSE	NA	NA	NA	NA	NA	NA
NC_045512.2	18920	T	A	24	4	26	2	2	23	0.0740741	27	0.245098	FALSE	NA	NA	NA	NA	NA	NA
NC_045512.2	18921	T	G	22	4	24	1	1	22	0.04	25	0.489362	FALSE	NA	NA	NA	NA	NA	NA
NC_045512.2	18921	T	C	22	4	24	1	1	28	0.04	25	0.489362	FALSE	NA	NA	NA	NA	NA	NA
NC_045512.2	18921	T	A	22	4	24	1	1	27	0.04	25	0.489362	FALSE	NA	NA	NA	NA	NA	NA
NC_045512.2	18922	G	T	24	4	27	1	1	27	0.037037	27	0.490196	FALSE	NA	NA	NA	NA	NA	NA
NC_045512.2	18922	G	A	24	4	27	2	2	27	0.0740741	27	0.245098	FALSE	NA	NA	NA	NA	NA	NA
NC_045512.2	18923	A	T	22	2	26	2	2	27	0.0769231	26	0.234694	FALSE	NA	NA	NA	NA	NA	NA
NC_045512.2	18923	A	G	22	2	26	2	2	25	0.0769231	26	0.234694	FALSE	NA	NA	NA	NA	NA	NA
NC_045512.2	18924	A	G	22	4	23	2	2	28	0.08	25	0.244681	FALSE	NA	NA	NA	NA	NA	NA
NC_045512.2	18924	A	C	22	4	23	1	1	26	0.04	25	0.489362	FALSE	NA	NA	NA	NA	NA	NA
NC_045512.2	18925	T	A	25	5	26	2	2	26	0.0740741	27	0.254717	FALSE	NA	NA	NA	NA	NA	NA
NC_045512.2	18926	A	T	47	5	27	1	1	27	0.02	50	0.494845	FALSE	NA	NA	NA	NA	NA	NA
NC_045512.2	18926	A	G	47	5	27	1	1	28	0.02	50	0.494845	FALSE	NA	NA	NA	NA	NA	NA
NC_045512.2	18926	A	C	47	5	27	1	1	21	0.02	50	0.494845	FALSE	NA	NA	NA	NA	NA	NA
NC_045512.2	18927	T	G	47	5	27	2	2	27	0.04	50	0.247423	FALSE	NA	NA	NA	NA	NA	NA
NC_045512.2	18927	T	A	47	5	27	1	1	20	0.02	50	0.494845	FALSE	NA	NA	NA	NA	NA	NA
NC_045512.2	18928	C	T	46	4	27	2	2	22	0.0416667	48	0.252632	FALSE	NA	NA	NA	NA	NA	NA
NC_045512.2	18929	C	T	42	4	23	2	2	29	0.0434783	46	0.241573	FALSE	NA	NA	NA	NA	NA	NA
NC_045512.2	18929	C	G	42	4	23	1	1	23	0.0217391	46	0.488636	FALSE	NA	NA	NA	NA	NA	NA
NC_045512.2	18929	C	A	42	4	23	1	1	26	0.0217391	46	0.488636	FALSE	NA	NA	NA	NA	NA	NA
NC_045512.2	18930	T	C	47	5	27	1	1	26	0.02	50	0.494845	FALSE	NA	NA	NA	NA	NA	NA
NC_045512.2	18930	T	A	47	5	27	2	2	27	0.04	50	0.247423	FALSE	NA	NA	NA	NA	NA	NA
NC_045512.2	18931	A	G	48	6	27	2	2	27	0.04	50	0.252525	FALSE	NA	NA	NA	NA	NA	NA
NC_045512.2	18932	T	G	48	6	27	1	1	27	0.02	50	0.5	FALSE	NA	NA	NA	NA	NA	NA
NC_045512.2	18932	T	C	48	6	27	1	1	23	0.02	50	0.5	FALSE	NA	NA	NA	NA	NA	NA
NC_045512.2	18932	T	+C	48	6	27	1	0	20	0.02	50	0.5	FALSE	NA	NA	NA	NA	NA	NA
NC_045512.2	18933	A	T	45	3	27	1	1	28	0.0204082	49	0.489362	FALSE	NA	NA	NA	NA	NA	NA
NC_045512.2	18933	A	G	45	3	27	1	1	27	0.0204082	49	0.489362	FALSE	NA	NA	NA	NA	NA	NA
NC_045512.2	18933	A	C	45	3	27	2	2	29	0.0408163	49	0.242105	FALSE	NA	NA	NA	NA	NA	NA
NC_045512.2	18934	A	T	44	4	23	2	2	27	0.0416667	48	0.241935	FALSE	NA	NA	NA	NA	NA	NA
NC_045512.2	18934	A	G	44	4	23	2	2	28	0.0416667	48	0.241935	FALSE	NA	NA	NA	NA	NA	NA
NC_045512.2	18935	T	A	47	5	27	2	2	28	0.0408163	49	0.252577	FALSE	NA	NA	NA	NA	NA	NA
NC_045512.2	18936	T	G	43	4	23	3	3	28	0.0638298	47	0.120879	FALSE	NA	NA	NA	NA	NA	NA
NC_045512.2	18936	T	C	43	4	23	1	1	24	0.0212766	47	0.488889	FALSE	NA	NA	NA	NA	NA	NA
NC_045512.2	18937	G	T	46	4	27	1	1	23	0.02	50	0.489583	FALSE	NA	NA	NA	NA	NA	NA
NC_045512.2	18937	G	C	46	4	27	2	2	28	0.04	50	0.242268	FALSE	NA	NA	NA	NA	NA	NA
NC_045512.2	18937	G	A	46	4	27	1	1	27	0.02	50	0.489583	FALSE	NA	NA	NA	NA	NA	NA
NC_045512.2	18938	G	T	44	4	24	3	3	26	0.0625	48	0.120968	FALSE	NA	NA	NA	NA	NA	NA
NC_045512.2	18938	G	A	44	4	24	1	1	28	0.0208333	48	0.48913	FALSE	NA	NA	NA	NA	NA	NA
NC_045512.2	18939	T	G	47	4	27	2	2	22	0.0392157	51	0.242424	FALSE	NA	NA	NA	NA	NA	NA
NC_045512.2	18939	T	C	47	4	27	1	1	28	0.0196078	51	0.489796	FALSE	NA	NA	NA	NA	NA	NA
NC_045512.2	18939	T	A	47	4	27	1	1	28	0.0196078	51	0.489796	FALSE	NA	NA	NA	NA	NA	NA
NC_045512.2	18940	G	T	50	6	27	1	1	25	0.0192308	52	0.5	FALSE	NA	NA	NA	NA	NA	NA
NC_045512.2	18940	G	C	50	6	27	1	1	20	0.0192308	52	0.5	FALSE	NA	NA	NA	NA	NA	NA
NC_045512.2	18941	A	T	49	5	27	1	1	24	0.0196078	51	0.5	FALSE	NA	NA	NA	NA	NA	NA
NC_045512.2	18941	A	G	49	5	27	1	1	27	0.0196078	51	0.5	FALSE	NA	NA	NA	NA	NA	NA
NC_045512.2	18942	T	G	49	5	27	1	1	27	0.0192308	52	0.49505	FALSE	NA	NA	NA	NA	NA	NA
NC_045512.2	18942	T	A	49	5	27	2	2	27	0.0384615	52	0.247525	FALSE	NA	NA	NA	NA	NA	NA
NC_045512.2	18943	G	T	49	5	27	3	3	26	0.0576923	52	0.124964	FALSE	NA	NA	NA	NA	NA	NA
NC_045512.2	18944	A	T	48	3	27	1	1	27	0.0188679	53	0.485149	FALSE	NA	NA	NA	NA	NA	NA
NC_045512.2	18944	A	G	48	3	27	3	3	27	0.0566038	53	0.117754	FALSE	NA	NA	NA	NA	NA	NA
NC_045512.2	18944	A	C	48	3	27	1	1	28	0.0188679	53	0.485149	FALSE	NA	NA	NA	NA	NA	NA
NC_045512.2	18945	A	G	43	5	23	1	1	27	0.0217391	46	0.494382	FALSE	NA	NA	NA	NA	NA	NA
NC_045512.2	18945	A	C	43	5	23	2	2	27	0.0434783	46	0.247191	FALSE	NA	NA	NA	NA	NA	NA
NC_045512.2	18946	C	T	49	4	26	2	2	25	0.0377358	53	0.242718	FALSE	NA	NA	NA	NA	NA	NA
NC_045512.2	18946	C	A	49	4	26	2	2	25	0.0377358	53	0.242718	FALSE	NA	NA	NA	NA	NA	NA
NC_045512.2	18947	T	G	51	6	26	1	1	28	0.0188679	53	0.5	FALSE	NA	NA	NA	NA	NA	NA
NC_045512.2	18947	T	A	51	6	26	1	1	25	0.0188679	53	0.5	FALSE	NA	NA	NA	NA	NA	NA
NC_045512.2	18948	G	T	50	5	27	2	2	26	0.0377358	53	0.247573	FALSE	NA	NA	NA	NA	NA	NA
NC_045512.2	18948	G	A	50	5	27	1	1	28	0.0188679	53	0.495146	FALSE	NA	NA	NA	NA	NA	NA
NC_045512.2	18949	A	G	49	4	27	1	1	28	0.0188679	53	0.490196	FALSE	NA	NA	NA	NA	NA	NA
NC_045512.2	18949	A	C	49	4	27	3	3	27	0.0566038	53	0.121359	FALSE	NA	NA	NA	NA	NA	NA
NC_045512.2	18950	A	T	49	6	24	2	2	27	0.0384615	52	0.247525	FALSE	NA	NA	NA	NA	NA	NA
NC_045512.2	18950	A	G	49	6	24	1	0	30	0.0192308	52	0.49505	FALSE	NA	NA	NA	NA	NA	NA
NC_045512.2	18951	G	T	50	5	27	2	2	29	0.0377358	53	0.247573	FALSE	NA	NA	NA	NA	NA	NA
NC_045512.2	18951	G	A	50	5	27	1	1	27	0.0188679	53	0.495146	FALSE	NA	NA	NA	NA	NA	NA
NC_045512.2	18952	A	T	50	5	27	1	1	27	0.0188679	53	0.495146	FALSE	NA	NA	NA	NA	NA	NA
NC_045512.2	18952	A	G	50	5	27	2	2	25	0.0377358	53	0.247573	FALSE	NA	NA	NA	NA	NA	NA
NC_045512.2	18953	T	G	48	4	27	1	1	28	0.0192308	52	0.49	FALSE	NA	NA	NA	NA	NA	NA
NC_045512.2	18953	T	C	48	4	27	1	1	27	0.0192308	52	0.49	FALSE	NA	NA	NA	NA	NA	NA
NC_045512.2	18953	T	A	48	4	27	2	2	27	0.0384615	52	0.242574	FALSE	NA	NA	NA	NA	NA	NA
NC_045512.2	18954	T	G	45	5	23	1	1	27	0.0208333	48	0.494624	FALSE	NA	NA	NA	NA	NA	NA
NC_045512.2	18954	T	C	45	5	23	1	1	25	0.0208333	48	0.494624	FALSE	NA	NA	NA	NA	NA	NA
NC_045512.2	18954	T	A	45	5	23	1	1	31	0.0208333	48	0.494624	FALSE	NA	NA	NA	NA	NA	NA
NC_045512.2	18955	A	T	48	4	26	2	2	30	0.0377358	53	0.237818	FALSE	NA	NA	NA	NA	NA	NA
NC_045512.2	18955	A	G	48	4	26	2	2	25	0.0377358	53	0.237818	FALSE	NA	NA	NA	NA	NA	NA
NC_045512.2	18955	A	C	48	4	26	1	1	27	0.0188679	53	0.485149	FALSE	NA	NA	NA	NA	NA	NA
NC_045512.2	18956	A	T	43	5	23	1	1	27	0.0208333	48	0.483516	FALSE	NA	NA	NA	NA	NA	NA
NC_045512.2	18956	A	G	43	5	23	4	3	27	0.0833333	48	0.0584899	FALSE	NA	NA	NA	NA	NA	NA
NC_045512.2	18957	T	G	48	5	26	1	1	24	0.0192308	52	0.49	FALSE	NA	NA	NA	NA	NA	NA
NC_045512.2	18957	T	C	48	5	26	1	1	25	0.0192308	52	0.49	FALSE	NA	NA	NA	NA	NA	NA
NC_045512.2	18957	T	A	48	5	26	2	2	26	0.0384615	52	0.242574	FALSE	NA	NA	NA	NA	NA	NA
NC_045512.2	18958	G	T	49	6	26	1	1	26	0.0192308	52	0.49505	FALSE	NA	NA	NA	NA	NA	NA
NC_045512.2	18958	G	C	49	6	26	2	2	27	0.0384615	52	0.247525	FALSE	NA	NA	NA	NA	NA	NA
NC_045512.2	18958	G	+C	49	6	26	1	0	20	0.0192308	52	0.49505	FALSE	NA	NA	NA	NA	NA	NA
NC_045512.2	18959	C	T	47	4	26	4	4	26	0.0769231	52	0.0588059	FALSE	NA	NA	NA	NA	NA	NA
NC_045512.2	18959	C	A	47	4	26	1	1	26	0.0192308	52	0.484848	FALSE	NA	NA	NA	NA	NA	NA
NC_045512.2	18960	G	T	50	6	26	1	1	29	0.0188679	53	0.495146	FALSE	NA	NA	NA	NA	NA	NA
NC_045512.2	18960	G	A	50	6	26	2	2	26	0.0377358	53	0.247573	FALSE	NA	NA	NA	NA	NA	NA
NC_045512.2	18961	G	T	46	6	23	2	2	24	0.0408163	49	0.247368	FALSE	NA	NA	NA	NA	NA	NA
NC_045512.2	18961	G	C	46	6	23	1	1	27	0.0204082	49	0.494737	FALSE	NA	NA	NA	NA	NA	NA
NC_045512.2	18962	C	T	48	5	27	2	2	25	0.0384615	52	0.242574	FALSE	NA	NA	NA	NA	NA	NA
NC_045512.2	18962	C	G	48	5	27	1	1	28	0.0192308	52	0.49	FALSE	NA	NA	NA	NA	NA	NA
NC_045512.2	18962	C	A	48	5	27	1	1	29	0.0192308	52	0.49	FALSE	NA	NA	NA	NA	NA	NA
NC_045512.2	18963	T	G	48	6	27	2	2	25	0.0384615	52	0.242574	FALSE	NA	NA	NA	NA	NA	NA
NC_045512.2	18963	T	C	48	6	27	2	1	24	0.0384615	52	0.242574	FALSE	NA	NA	NA	NA	NA	NA
NC_045512.2	18964	T	G	39	6	23	1	1	28	0.0238095	42	0.493827	FALSE	NA	NA	NA	NA	NA	NA
NC_045512.2	18964	T	C	39	6	23	1	0	27	0.0238095	42	0.493827	FALSE	NA	NA	NA	NA	NA	NA
NC_045512.2	18964	T	A	39	6	23	1	1	28	0.0238095	42	0.493827	FALSE	NA	NA	NA	NA	NA	NA
NC_045512.2	18965	G	T	48	6	26	1	1	28	0.0192308	52	0.49	FALSE	NA	NA	NA	NA	NA	NA
NC_045512.2	18965	G	C	48	6	26	1	1	24	0.0192308	52	0.49	FALSE	NA	NA	NA	NA	NA	NA
NC_045512.2	18965	G	A	48	6	26	2	1	26	0.0384615	52	0.242574	FALSE	NA	NA	NA	NA	NA	NA
NC_045512.2	18966	T	G	48	5	25	1	1	27	0.0192308	52	0.49	FALSE	NA	NA	NA	NA	NA	NA
NC_045512.2	18966	T	C	48	5	25	3	3	27	0.0576923	52	0.121287	FALSE	NA	NA	NA	NA	NA	NA
NC_045512.2	18967	A	T	50	7	27	2	2	27	0.0384615	52	0.252427	FALSE	NA	NA	NA	NA	NA	NA
NC_045512.2	18968	G	T	48	5	26	1	1	23	0.0192308	52	0.49	FALSE	NA	NA	NA	NA	NA	NA
NC_045512.2	18968	G	C	48	5	26	2	2	27	0.0384615	52	0.242574	FALSE	NA	NA	NA	NA	NA	NA
NC_045512.2	18968	G	A	48	5	26	1	1	27	0.0192308	52	0.49	FALSE	NA	NA	NA	NA	NA	NA
NC_045512.2	18969	A	T	46	4	27	2	2	27	0.0392157	51	0.237324	FALSE	NA	NA	NA	NA	NA	NA
NC_045512.2	18969	A	G	46	4	27	3	2	25	0.0588235	51	0.117463	FALSE	NA	NA	NA	NA	NA	NA
NC_045512.2	18970	A	C	49	6	27	3	3	23	0.0576923	52	0.124964	FALSE	NA	NA	NA	NA	NA	NA
NC_045512.2	18971	A	T	39	4	22	2	2	24	0.0465116	43	0.240964	FALSE	NA	NA	NA	NA	NA	NA
NC_045512.2	18971	A	G	39	4	22	1	1	28	0.0232558	43	0.487805	FALSE	NA	NA	NA	NA	NA	NA
NC_045512.2	18971	A	C	39	4	22	1	1	27	0.0232558	43	0.487805	FALSE	NA	NA	NA	NA	NA	NA
NC_045512.2	18972	G	T	48	5	27	2	2	28	0.0384615	52	0.242574	FALSE	NA	NA	NA	NA	NA	NA
NC_045512.2	18972	G	A	48	5	27	2	2	25	0.0384615	52	0.242574	FALSE	NA	NA	NA	NA	NA	NA
NC_045512.2	18973	G	T	47	6	23	2	2	25	0.04	50	0.247423	FALSE	NA	NA	NA	NA	NA	NA
NC_045512.2	18973	G	C	47	6	23	1	1	28	0.02	50	0.494845	FALSE	NA	NA	NA	NA	NA	NA
NC_045512.2	18974	T	G	47	4	27	1	1	28	0.0196078	51	0.489796	FALSE	NA	NA	NA	NA	NA	NA
NC_045512.2	18974	T	C	47	4	27	2	2	25	0.0392157	51	0.242424	FALSE	NA	NA	NA	NA	NA	NA
NC_045512.2	18974	T	A	47	4	27	1	1	23	0.0196078	51	0.489796	FALSE	NA	NA	NA	NA	NA	NA
NC_045512.2	18975	T	C	45	5	23	1	1	27	0.0204082	49	0.489362	FALSE	NA	NA	NA	NA	NA	NA
NC_045512.2	18975	T	A	45	5	23	3	3	28	0.0612245	49	0.121053	FALSE	NA	NA	NA	NA	NA	NA
NC_045512.2	18976	C	T	46	4	27	3	3	25	0.0588235	51	0.117463	FALSE	NA	NA	NA	NA	NA	NA
NC_045512.2	18976	C	G	46	4	27	1	1	28	0.0196078	51	0.484536	FALSE	NA	NA	NA	NA	NA	NA
NC_045512.2	18976	C	A	46	4	27	1	1	26	0.0196078	51	0.484536	FALSE	NA	NA	NA	NA	NA	NA
NC_045512.2	18977	A	T	47	5	27	3	3	29	0.0588235	51	0.121212	FALSE	NA	NA	NA	NA	NA	NA
NC_045512.2	18977	A	C	47	5	27	1	1	26	0.0196078	51	0.489796	FALSE	NA	NA	NA	NA	NA	NA
NC_045512.2	18978	A	T	43	4	23	1	1	27	0.0208333	48	0.483516	FALSE	NA	NA	NA	NA	NA	NA
NC_045512.2	18978	A	G	43	4	23	4	4	25	0.0833333	48	0.0584899	FALSE	NA	NA	NA	NA	NA	NA
NC_045512.2	18979	C	T	48	6	27	1	1	24	0.0196078	51	0.494949	FALSE	NA	NA	NA	NA	NA	NA
NC_045512.2	18979	C	G	48	6	27	1	1	31	0.0196078	51	0.494949	FALSE	NA	NA	NA	NA	NA	NA
NC_045512.2	18979	C	A	48	6	27	1	1	30	0.0196078	51	0.494949	FALSE	NA	NA	NA	NA	NA	NA
NC_045512.2	18980	A	T	46	4	27	3	3	26	0.0588235	51	0.117463	FALSE	NA	NA	NA	NA	NA	NA
NC_045512.2	18980	A	G	46	4	27	1	1	26	0.0196078	51	0.484536	FALSE	NA	NA	NA	NA	NA	NA
NC_045512.2	18980	A	C	46	4	27	1	1	25	0.0196078	51	0.484536	FALSE	NA	NA	NA	NA	NA	NA
NC_045512.2	18981	C	T	46	4	26	3	3	27	0.0588235	51	0.117463	FALSE	NA	NA	NA	NA	NA	NA
NC_045512.2	18981	C	G	46	4	26	1	1	28	0.0196078	51	0.484536	FALSE	NA	NA	NA	NA	NA	NA
NC_045512.2	18981	C	A	46	4	26	1	1	27	0.0196078	51	0.484536	FALSE	NA	NA	NA	NA	NA	NA
NC_045512.2	18982	A	T	49	7	26	1	1	34	0.0196078	51	0.5	FALSE	NA	NA	NA	NA	NA	NA
NC_045512.2	18982	A	G	49	7	26	1	1	26	0.0196078	51	0.5	FALSE	NA	NA	NA	NA	NA	NA
NC_045512.2	18983	T	G	48	6	26	2	2	28	0.0392157	51	0.247475	FALSE	NA	NA	NA	NA	NA	NA
NC_045512.2	18983	T	C	48	6	26	1	1	32	0.0196078	51	0.494949	FALSE	NA	NA	NA	NA	NA	NA
NC_045512.2	18984	G	T	47	5	27	2	2	25	0.0392157	51	0.242424	FALSE	NA	NA	NA	NA	NA	NA
NC_045512.2	18984	G	C	47	5	27	1	1	27	0.0196078	51	0.489796	FALSE	NA	NA	NA	NA	NA	NA
NC_045512.2	18984	G	A	47	5	27	1	1	21	0.0196078	51	0.489796	FALSE	NA	NA	NA	NA	NA	NA
NC_045512.2	18985	G	T	41	5	23	2	2	28	0.0444444	45	0.241379	FALSE	NA	NA	NA	NA	NA	NA
NC_045512.2	18985	G	A	41	5	23	2	2	25	0.0444444	45	0.241379	FALSE	NA	NA	NA	NA	NA	NA
NC_045512.2	18986	T	A	49	7	27	2	2	26	0.0392157	51	0.252475	FALSE	NA	NA	NA	NA	NA	NA
NC_045512.2	18987	T	G	39	5	23	2	2	28	0.0454545	44	0.235227	FALSE	NA	NA	NA	NA	NA	NA
NC_045512.2	18987	T	C	39	5	23	2	1	27	0.0454545	44	0.235227	FALSE	NA	NA	NA	NA	NA	NA
NC_045512.2	18987	T	A	39	5	23	1	1	27	0.0227273	44	0.481928	FALSE	NA	NA	NA	NA	NA	NA
NC_045512.2	18988	G	T	48	6	26	3	3	24	0.0588235	51	0.124962	FALSE	NA	NA	NA	NA	NA	NA
NC_045512.2	18989	T	G	48	6	26	2	2	26	0.0392157	51	0.247475	FALSE	NA	NA	NA	NA	NA	NA
NC_045512.2	18989	T	C	48	6	26	1	1	27	0.0196078	51	0.494949	FALSE	NA	NA	NA	NA	NA	NA
NC_045512.2	18990	T	G	38	5	23	2	2	26	0.047619	42	0.240741	FALSE	NA	NA	NA	NA	NA	NA
NC_045512.2	18990	T	A	38	5	23	2	2	24	0.047619	42	0.240741	FALSE	NA	NA	NA	NA	NA	NA
NC_045512.2	18991	A	T	49	7	26	1	1	27	0.0196078	51	0.5	FALSE	NA	NA	NA	NA	NA	NA
NC_045512.2	18991	A	G	49	7	26	1	1	29	0.0196078	51	0.5	FALSE	NA	NA	NA	NA	NA	NA
NC_045512.2	18992	A	G	47	5	27	3	3	27	0.0588235	51	0.121212	FALSE	NA	NA	NA	NA	NA	NA
NC_045512.2	18992	A	C	47	5	27	1	1	27	0.0196078	51	0.489796	FALSE	NA	NA	NA	NA	NA	NA
NC_045512.2	18993	A	T	28	5	23	3	3	27	0.09375	32	0.118852	FALSE	NA	NA	NA	NA	NA	NA
NC_045512.2	18993	A	C	28	5	23	1	1	28	0.03125	32	0.483333	FALSE	NA	NA	NA	NA	NA	NA
NC_045512.2	18994	G	T	49	7	26	2	2	24	0.0392157	51	0.252475	FALSE	NA	NA	NA	NA	NA	NA
NC_045512.2	18995	C	T	46	4	26	2	2	27	0.0392157	51	0.237324	FALSE	NA	NA	NA	NA	NA	NA
NC_045512.2	18995	C	G	46	4	26	2	2	27	0.0392157	51	0.237324	FALSE	NA	NA	NA	NA	NA	NA
NC_045512.2	18995	C	A	46	4	26	1	1	24	0.0196078	51	0.484536	FALSE	NA	NA	NA	NA	NA	NA
NC_045512.2	18996	T	G	46	4	27	1	1	28	0.0196078	51	0.484536	FALSE	NA	NA	NA	NA	NA	NA
NC_045512.2	18996	T	A	46	4	27	4	4	26	0.0784314	51	0.0587316	FALSE	NA	NA	NA	NA	NA	NA
NC_045512.2	18997	G	T	46	4	27	1	1	23	0.0196078	51	0.484536	FALSE	NA	NA	NA	NA	NA	NA
NC_045512.2	18997	G	C	46	4	27	3	3	26	0.0588235	51	0.117463	FALSE	NA	NA	NA	NA	NA	NA
NC_045512.2	18997	G	A	46	4	27	1	1	28	0.0196078	51	0.484536	FALSE	NA	NA	NA	NA	NA	NA
NC_045512.2	18998	C	T	44	3	26	5	5	26	0.1	50	0.0280792	FALSE	NA	NA	NA	NA	NA	NA
NC_045512.2	18998	C	A	44	3	26	1	1	26	0.02	50	0.478723	FALSE	NA	NA	NA	NA	NA	NA
NC_045512.2	18999	A	T	44	4	26	1	1	24	0.0204082	49	0.483871	FALSE	NA	NA	NA	NA	NA	NA
NC_045512.2	18999	A	G	44	4	26	4	4	26	0.0816327	49	0.0585739	FALSE	NA	NA	NA	NA	NA	NA
NC_045512.2	19000	T	G	44	4	26	1	1	28	0.02	50	0.478723	FALSE	NA	NA	NA	NA	NA	NA
NC_045512.2	19000	T	C	44	4	26	3	2	25	0.06	50	0.113487	FALSE	NA	NA	NA	NA	NA	NA
NC_045512.2	19000	T	A	44	4	26	2	2	24	0.04	50	0.231803	FALSE	NA	NA	NA	NA	NA	NA
NC_045512.2	19001	T	G	36	4	23	1	1	24	0.0243902	41	0.480519	FALSE	NA	NA	NA	NA	NA	NA
NC_045512.2	19001	T	C	36	4	23	2	2	23	0.0487805	41	0.234099	FALSE	NA	NA	NA	NA	NA	NA
NC_045512.2	19001	T	A	36	4	23	2	2	27	0.0487805	41	0.234099	FALSE	NA	NA	NA	NA	NA	NA
NC_045512.2	19002	A	T	44	3	26	2	2	24	0.04	50	0.231803	FALSE	NA	NA	NA	NA	NA	NA
NC_045512.2	19002	A	G	44	3	26	3	3	27	0.06	50	0.113487	FALSE	NA	NA	NA	NA	NA	NA
NC_045512.2	19002	A	C	44	3	26	1	1	26	0.02	50	0.478723	FALSE	NA	NA	NA	NA	NA	NA
NC_045512.2	19003	T	G	44	3	26	1	1	20	0.0204082	49	0.483871	FALSE	NA	NA	NA	NA	NA	NA
NC_045512.2	19003	T	C	44	3	26	1	1	29	0.0204082	49	0.483871	FALSE	NA	NA	NA	NA	NA	NA
NC_045512.2	19003	T	A	44	3	26	3	3	24	0.0612245	49	0.117148	FALSE	NA	NA	NA	NA	NA	NA
NC_045512.2	19004	T	G	40	6	23	2	1	29	0.0454545	44	0.241176	FALSE	NA	NA	NA	NA	NA	NA
NC_045512.2	19004	T	A	40	6	23	2	2	30	0.0454545	44	0.241176	FALSE	NA	NA	NA	NA	NA	NA
NC_045512.2	19005	A	T	46	5	26	4	4	28	0.08	50	0.0611788	FALSE	NA	NA	NA	NA	NA	NA
NC_045512.2	19006	G	T	45	4	26	1	1	28	0.0204082	49	0.489362	FALSE	NA	NA	NA	NA	NA	NA
NC_045512.2	19006	G	A	45	4	26	3	3	25	0.0612245	49	0.121053	FALSE	NA	NA	NA	NA	NA	NA
NC_045512.2	19007	C	T	44	3	26	3	3	25	0.0612245	49	0.117148	FALSE	NA	NA	NA	NA	NA	NA
NC_045512.2	19007	C	G	44	3	26	1	1	26	0.0204082	49	0.483871	FALSE	NA	NA	NA	NA	NA	NA
NC_045512.2	19007	C	A	44	3	26	1	1	31	0.0204082	49	0.483871	FALSE	NA	NA	NA	NA	NA	NA
NC_045512.2	19008	A	T	46	5	26	2	2	27	0.0408163	49	0.247368	FALSE	NA	NA	NA	NA	NA	NA
NC_045512.2	19008	A	C	46	5	26	1	1	22	0.0204082	49	0.494737	FALSE	NA	NA	NA	NA	NA	NA
NC_045512.2	19009	G	C	47	6	26	1	1	27	0.0204082	49	0.5	FALSE	NA	NA	NA	NA	NA	NA
NC_045512.2	19009	G	A	47	6	26	1	1	25	0.0204082	49	0.5	FALSE	NA	NA	NA	NA	NA	NA
NC_045512.2	19010	A	T	36	4	27	1	1	25	0.025	40	0.486842	FALSE	NA	NA	NA	NA	NA	NA
NC_045512.2	19010	A	G	36	4	27	2	1	24	0.05	40	0.24026	FALSE	NA	NA	NA	NA	NA	NA
NC_045512.2	19010	A	C	36	4	27	1	1	27	0.025	40	0.486842	FALSE	NA	NA	NA	NA	NA	NA
NC_045512.2	19011	C	T	35	3	27	1	1	27	0.025641	39	0.486486	FALSE	NA	NA	NA	NA	NA	NA
NC_045512.2	19011	C	G	35	3	27	1	1	23	0.025641	39	0.486486	FALSE	NA	NA	NA	NA	NA	NA
NC_045512.2	19011	C	A	35	3	27	2	2	33	0.0512821	39	0.24	FALSE	NA	NA	NA	NA	NA	NA
NC_045512.2	19012	A	T	35	3	27	1	1	24	0.0263158	38	0.493151	FALSE	NA	NA	NA	NA	NA	NA
NC_045512.2	19012	A	G	35	3	27	2	2	27	0.0526316	38	0.246575	FALSE	NA	NA	NA	NA	NA	NA
NC_045512.2	19013	A	G	35	4	28	1	1	24	0.027027	37	0.5	FALSE	NA	NA	NA	NA	NA	NA
NC_045512.2	19013	A	C	35	4	28	1	1	27	0.027027	37	0.5	FALSE	NA	NA	NA	NA	NA	NA
NC_045512.2	19014	A	T	22	3	22	2	2	25	0.0769231	26	0.234694	FALSE	NA	NA	NA	NA	NA	NA
NC_045512.2	19014	A	G	22	3	22	1	1	29	0.0384615	26	0.479167	FALSE	NA	NA	NA	NA	NA	NA
NC_045512.2	19014	A	C	22	3	22	1	1	24	0.0384615	26	0.479167	FALSE	NA	NA	NA	NA	NA	NA
NC_045512.2	19015	T	G	36	6	26	1	1	28	0.027027	37	0.506849	FALSE	NA	NA	NA	NA	NA	NA
NC_045512.2	19016	T	G	30	4	22	1	1	27	0.030303	33	0.492063	FALSE	NA	NA	NA	NA	NA	NA
NC_045512.2	19016	T	A	30	4	22	2	2	24	0.0606061	33	0.246032	FALSE	NA	NA	NA	NA	NA	NA
NC_045512.2	19017	C	T	31	3	26	2	2	26	0.0588235	34	0.246154	FALSE	NA	NA	NA	NA	NA	NA
NC_045512.2	19017	C	A	31	3	26	1	1	28	0.0294118	34	0.492308	FALSE	NA	NA	NA	NA	NA	NA
NC_045512.2	19018	C	A	31	4	28	2	2	24	0.0606061	33	0.253846	FALSE	NA	NA	NA	NA	NA	NA
NC_045512.2	19019	C	T	27	3	22	1	1	28	0.0322581	31	0.482759	FALSE	NA	NA	NA	NA	NA	NA
NC_045512.2	19019	C	G	27	3	22	1	1	23	0.0322581	31	0.482759	FALSE	NA	NA	NA	NA	NA	NA
NC_045512.2	19019	C	A	27	3	22	2	2	27	0.0645161	31	0.237288	FALSE	NA	NA	NA	NA	NA	NA
NC_045512.2	19020	A	G	27	1	27	1	1	29	0.0344828	29	0.5	FALSE	NA	NA	NA	NA	NA	NA
NC_045512.2	19020	A	C	27	1	27	1	1	27	0.0344828	29	0.5	FALSE	NA	NA	NA	NA	NA	NA
NC_045512.2	19021	G	A	27	1	26	2	2	23	0.0689655	29	0.254386	FALSE	NA	NA	NA	NA	NA	NA
NC_045512.2	19022	T	C	27	1	26	1	1	23	0.0344828	29	0.5	FALSE	NA	NA	NA	NA	NA	NA
NC_045512.2	19022	T	A	27	1	26	1	1	29	0.0344828	29	0.5	FALSE	NA	NA	NA	NA	NA	NA
NC_045512.2	19023	T	G	21	1	22	1	1	28	0.0434783	23	0.5	FALSE	NA	NA	NA	NA	NA	NA
NC_045512.2	19023	T	A	21	1	22	1	1	23	0.0434783	23	0.5	FALSE	NA	NA	NA	NA	NA	NA
NC_045512.2	19024	C	T	25	1	25	1	1	28	0.037037	27	0.5	FALSE	NA	NA	NA	NA	NA	NA
NC_045512.2	19024	C	A	25	1	25	1	1	27	0.037037	27	0.5	FALSE	NA	NA	NA	NA	NA	NA
NC_045512.2	19025	T	G	26	2	26	1	1	24	0.037037	27	0.509434	FALSE	NA	NA	NA	NA	NA	NA
NC_045512.2	19026	T	G	25	2	23	1	1	28	0.0384615	26	0.509804	FALSE	NA	NA	NA	NA	NA	NA
NC_045512.2	19027	C	T	25	1	27	1	1	24	0.037037	27	0.5	FALSE	NA	NA	NA	NA	NA	NA
NC_045512.2	19027	C	A	25	1	27	1	1	22	0.037037	27	0.5	FALSE	NA	NA	NA	NA	NA	NA
NC_045512.2	19028	A	T	26	2	27	1	1	28	0.037037	27	0.509434	FALSE	NA	NA	NA	NA	NA	NA
NC_045512.2	19029	C	T	24	1	27	2	1	28	0.0740741	27	0.245098	FALSE	NA	NA	NA	NA	NA	NA
NC_045512.2	19029	C	G	24	1	27	1	1	27	0.037037	27	0.490196	FALSE	NA	NA	NA	NA	NA	NA
NC_045512.2	19030	G	T	26	2	26	1	1	24	0.037037	27	0.509434	FALSE	NA	NA	NA	NA	NA	NA
NC_045512.2	19031	A	T	25	1	26	1	1	27	0.037037	27	0.5	FALSE	NA	NA	NA	NA	NA	NA
NC_045512.2	19031	A	C	25	1	26	1	1	28	0.037037	27	0.5	FALSE	NA	NA	NA	NA	NA	NA
NC_045512.2	19032	C	G	25	1	25	1	1	20	0.037037	27	0.5	FALSE	NA	NA	NA	NA	NA	NA
NC_045512.2	19032	C	A	25	1	25	1	1	23	0.037037	27	0.5	FALSE	NA	NA	NA	NA	NA	NA
NC_045512.2	19033	A	G	25	2	26	1	1	22	0.0384615	26	0.509804	FALSE	NA	NA	NA	NA	NA	NA
NC_045512.2	19034	T	C	23	1	27	1	1	22	0.04	25	0.5	FALSE	NA	NA	NA	NA	NA	NA
NC_045512.2	19034	T	A	23	1	27	1	1	27	0.04	25	0.5	FALSE	NA	NA	NA	NA	NA	NA
NC_045512.2	19035	T	G	20	1	22	1	1	26	0.047619	21	0.512195	FALSE	NA	NA	NA	NA	NA	NA
NC_045512.2	19036	G	T	23	1	27	1	1	26	0.04	25	0.5	FALSE	NA	NA	NA	NA	NA	NA
NC_045512.2	19036	G	C	23	1	27	1	1	26	0.04	25	0.5	FALSE	NA	NA	NA	NA	NA	NA
NC_045512.2	19037	G	T	22	2	22	1	1	26	0.0434783	23	0.511111	FALSE	NA	NA	NA	NA	NA	NA
NC_045512.2	19038	T	G	23	2	26	1	1	23	0.0416667	24	0.510638	FALSE	NA	NA	NA	NA	NA	NA
NC_045512.2	19039	A	C	23	2	27	1	1	23	0.0416667	24	0.510638	FALSE	NA	NA	NA	NA	NA	NA
NC_045512.2	19040	A	G	21	2	22	1	1	27	0.0454545	22	0.511628	FALSE	NA	NA	NA	NA	NA	NA
NC_045512.2	19041	C	T	22	1	27	1	1	23	0.0416667	24	0.5	FALSE	NA	NA	NA	NA	NA	NA
NC_045512.2	19041	C	A	22	1	27	1	1	22	0.0416667	24	0.5	FALSE	NA	NA	NA	NA	NA	NA
NC_045512.2	19042	C	T	22	1	28	1	1	29	0.0416667	24	0.5	FALSE	NA	NA	NA	NA	NA	NA
NC_045512.2	19042	C	A	22	1	28	1	1	27	0.0416667	24	0.5	FALSE	NA	NA	NA	NA	NA	NA
NC_045512.2	19043	C	A	20	1	22	2	2	27	0.0909091	22	0.255814	FALSE	NA	NA	NA	NA	NA	NA
NC_045512.2	19044	T	G	23	2	26	1	1	23	0.0416667	24	0.510638	FALSE	NA	NA	NA	NA	NA	NA
NC_045512.2	19045	A	T	27	1	27	1	1	26	0.0344828	29	0.5	FALSE	NA	NA	NA	NA	NA	NA
NC_045512.2	19045	A	G	27	1	27	1	1	28	0.0344828	29	0.5	FALSE	NA	NA	NA	NA	NA	NA
NC_045512.2	19046	A	T	28	2	28	1	1	23	0.0344828	29	0.508772	FALSE	NA	NA	NA	NA	NA	NA
NC_045512.2	19047	A	T	22	1	22	1	1	28	0.0416667	24	0.5	FALSE	NA	NA	NA	NA	NA	NA
NC_045512.2	19047	A	G	22	1	22	1	1	27	0.0416667	24	0.5	FALSE	NA	NA	NA	NA	NA	NA
NC_045512.2	19048	G	C	27	1	27	2	2	27	0.0689655	29	0.254386	FALSE	NA	NA	NA	NA	NA	NA
NC_045512.2	19049	C	A	27	1	27	2	2	25	0.0689655	29	0.254386	FALSE	NA	NA	NA	NA	NA	NA
NC_045512.2	19050	T	G	27	1	27	1	1	26	0.0344828	29	0.5	FALSE	NA	NA	NA	NA	NA	NA
NC_045512.2	19050	T	A	27	1	27	1	1	29	0.0344828	29	0.5	FALSE	NA	NA	NA	NA	NA	NA
NC_045512.2	19051	A	C	28	2	27	1	1	29	0.0344828	29	0.508772	FALSE	NA	NA	NA	NA	NA	NA
NC_045512.2	19052	T	C	27	1	28	1	1	22	0.0344828	29	0.5	FALSE	NA	NA	NA	NA	NA	NA
NC_045512.2	19052	T	A	27	1	28	1	1	27	0.0344828	29	0.5	FALSE	NA	NA	NA	NA	NA	NA
NC_045512.2	19053	T	C	26	1	23	1	1	27	0.037037	27	0.509434	FALSE	NA	NA	NA	NA	NA	NA
NC_045512.2	19055	A	T	28	2	23	1	1	29	0.0344828	29	0.508772	FALSE	NA	NA	NA	NA	NA	NA
NC_045512.2	19056	G	T	28	2	27	1	1	22	0.0344828	29	0.508772	FALSE	NA	NA	NA	NA	NA	NA
NC_045512.2	19057	T	G	28	2	27	1	1	29	0.0344828	29	0.508772	FALSE	NA	NA	NA	NA	NA	NA
NC_045512.2	19058	G	T	27	1	27	1	1	22	0.0344828	29	0.5	FALSE	NA	NA	NA	NA	NA	NA
NC_045512.2	19058	G	C	27	1	27	1	1	22	0.0344828	29	0.5	FALSE	NA	NA	NA	NA	NA	NA
NC_045512.2	19059	T	C	28	2	27	1	1	28	0.0344828	29	0.508772	FALSE	NA	NA	NA	NA	NA	NA
NC_045512.2	19060	G	C	28	2	27	1	1	28	0.0344828	29	0.508772	FALSE	NA	NA	NA	NA	NA	NA
NC_045512.2	19061	T	A	27	2	26	2	1	26	0.0689655	29	0.254386	FALSE	NA	NA	NA	NA	NA	NA
NC_045512.2	19062	A	T	27	1	27	1	1	27	0.0344828	29	0.5	FALSE	NA	NA	NA	NA	NA	NA
NC_045512.2	19062	A	G	27	1	27	1	1	27	0.0344828	29	0.5	FALSE	NA	NA	NA	NA	NA	NA
NC_045512.2	19063	C	T	27	1	27	1	1	21	0.0357143	28	0.509091	FALSE	NA	NA	NA	NA	NA	NA
NC_045512.2	19064	C	T	26	1	23	1	1	27	0.0344828	29	0.490909	FALSE	NA	NA	NA	NA	NA	NA
NC_045512.2	19064	C	A	26	1	23	2	2	25	0.0689655	29	0.245455	FALSE	NA	NA	NA	NA	NA	NA
NC_045512.2	19065	T	C	28	2	27	1	1	27	0.0333333	30	0.5	FALSE	NA	NA	NA	NA	NA	NA
NC_045512.2	19065	T	A	28	2	27	1	1	25	0.0333333	30	0.5	FALSE	NA	NA	NA	NA	NA	NA
NC_045512.2	19066	C	T	27	1	27	1	1	22	0.0344828	29	0.5	FALSE	NA	NA	NA	NA	NA	NA
NC_045512.2	19066	C	G	27	1	27	1	1	23	0.0344828	29	0.5	FALSE	NA	NA	NA	NA	NA	NA
NC_045512.2	19067	A	T	27	1	27	1	1	28	0.0333333	30	0.491228	FALSE	NA	NA	NA	NA	NA	NA
NC_045512.2	19067	A	C	27	1	27	2	2	24	0.0666667	30	0.245614	FALSE	NA	NA	NA	NA	NA	NA
NC_045512.2	19068	A	T	26	1	23	2	2	24	0.0689655	29	0.245455	FALSE	NA	NA	NA	NA	NA	NA
NC_045512.2	19068	A	C	26	1	23	1	1	27	0.0344828	29	0.490909	FALSE	NA	NA	NA	NA	NA	NA
NC_045512.2	19069	G	A	28	2	27	2	2	24	0.0666667	30	0.254237	FALSE	NA	NA	NA	NA	NA	NA
NC_045512.2	19070	C	T	29	3	27	1	1	22	0.0333333	30	0.508475	FALSE	NA	NA	NA	NA	NA	NA
NC_045512.2	19071	T	G	27	1	27	1	1	27	0.0344828	29	0.5	FALSE	NA	NA	NA	NA	NA	NA
NC_045512.2	19071	T	A	27	1	27	1	1	27	0.0344828	29	0.5	FALSE	NA	NA	NA	NA	NA	NA
NC_045512.2	19072	G	T	27	1	26	1	1	24	0.0333333	30	0.491228	FALSE	NA	NA	NA	NA	NA	NA
NC_045512.2	19072	G	A	27	1	26	2	2	24	0.0666667	30	0.245614	FALSE	NA	NA	NA	NA	NA	NA
NC_045512.2	19073	A	T	27	1	27	1	1	29	0.0344828	29	0.5	FALSE	NA	NA	NA	NA	NA	NA
NC_045512.2	19073	A	C	27	1	27	1	1	24	0.0344828	29	0.5	FALSE	NA	NA	NA	NA	NA	NA
NC_045512.2	19074	T	A	28	2	27	2	2	26	0.0666667	30	0.254237	FALSE	NA	NA	NA	NA	NA	NA
NC_045512.2	19075	G	T	28	2	27	1	1	24	0.0344828	29	0.508772	FALSE	NA	NA	NA	NA	NA	NA
NC_045512.2	19076	T	G	29	3	27	1	1	29	0.0333333	30	0.508475	FALSE	NA	NA	NA	NA	NA	NA
NC_045512.2	19077	A	T	28	2	27	1	1	29	0.0333333	30	0.5	FALSE	NA	NA	NA	NA	NA	NA
NC_045512.2	19077	A	G	28	2	27	1	1	24	0.0333333	30	0.5	FALSE	NA	NA	NA	NA	NA	NA
NC_045512.2	19079	A	T	25	2	27	1	1	28	0.037037	27	0.5	FALSE	NA	NA	NA	NA	NA	NA
NC_045512.2	19079	A	C	25	2	27	1	1	27	0.037037	27	0.5	FALSE	NA	NA	NA	NA	NA	NA
NC_045512.2	19080	A	T	23	4	23	1	1	27	0.04	25	0.5	FALSE	NA	NA	NA	NA	NA	NA
NC_045512.2	19080	A	G	23	4	23	1	0	28	0.04	25	0.5	FALSE	NA	NA	NA	NA	NA	NA
NC_045512.2	19081	T	G	24	2	26	2	2	28	0.0740741	27	0.245098	FALSE	NA	NA	NA	NA	NA	NA
NC_045512.2	19081	T	A	24	2	26	1	1	29	0.037037	27	0.490196	FALSE	NA	NA	NA	NA	NA	NA
NC_045512.2	19082	G	C	23	1	27	1	1	23	0.0384615	26	0.489796	FALSE	NA	NA	NA	NA	NA	NA
NC_045512.2	19082	G	A	23	1	27	2	2	24	0.0769231	26	0.244898	FALSE	NA	NA	NA	NA	NA	NA
NC_045512.2	19083	G	C	21	1	23	3	3	25	0.12	25	0.117021	FALSE	NA	NA	NA	NA	NA	NA
NC_045512.2	19083	G	A	21	1	23	1	1	25	0.04	25	0.478261	FALSE	NA	NA	NA	NA	NA	NA
NC_045512.2	19084	A	T	23	1	27	1	1	23	0.0384615	26	0.489796	FALSE	NA	NA	NA	NA	NA	NA
NC_045512.2	19084	A	C	23	1	27	2	2	26	0.0769231	26	0.244898	FALSE	NA	NA	NA	NA	NA	NA
NC_045512.2	19085	A	T	24	3	23	2	2	26	0.0769231	26	0.254902	FALSE	NA	NA	NA	NA	NA	NA
NC_045512.2	19086	G	T	24	2	27	1	1	25	0.037037	27	0.490196	FALSE	NA	NA	NA	NA	NA	NA
NC_045512.2	19086	G	A	24	2	27	2	2	24	0.0740741	27	0.245098	FALSE	NA	NA	NA	NA	NA	NA
NC_045512.2	19087	T	A	24	2	28	3	3	25	0.111111	27	0.124861	FALSE	NA	NA	NA	NA	NA	NA
NC_045512.2	19088	T	A	21	2	23	3	3	28	0.125	24	0.124823	FALSE	NA	NA	NA	NA	NA	NA
NC_045512.2	19089	C	T	24	2	27	1	1	23	0.037037	27	0.490196	FALSE	NA	NA	NA	NA	NA	NA
NC_045512.2	19089	C	G	24	2	27	2	2	28	0.0740741	27	0.245098	FALSE	NA	NA	NA	NA	NA	NA
NC_045512.2	19090	T	C	24	2	27	2	2	28	0.0740741	27	0.245098	FALSE	NA	NA	NA	NA	NA	NA
NC_045512.2	19090	T	A	24	2	27	1	1	27	0.037037	27	0.490196	FALSE	NA	NA	NA	NA	NA	NA
NC_045512.2	19091	A	T	23	1	27	2	2	27	0.0740741	27	0.235294	FALSE	NA	NA	NA	NA	NA	NA
NC_045512.2	19091	A	G	23	1	27	1	1	23	0.037037	27	0.48	FALSE	NA	NA	NA	NA	NA	NA
NC_045512.2	19091	A	C	23	1	27	1	1	26	0.037037	27	0.48	FALSE	NA	NA	NA	NA	NA	NA
NC_045512.2	19092	T	G	24	2	27	1	1	28	0.037037	27	0.490196	FALSE	NA	NA	NA	NA	NA	NA
NC_045512.2	19092	T	A	24	2	27	2	2	27	0.0740741	27	0.245098	FALSE	NA	NA	NA	NA	NA	NA
NC_045512.2	19093	G	T	24	2	27	2	2	26	0.0740741	27	0.245098	FALSE	NA	NA	NA	NA	NA	NA
NC_045512.2	19093	G	A	24	2	27	1	1	23	0.037037	27	0.490196	FALSE	NA	NA	NA	NA	NA	NA
NC_045512.2	19094	A	T	24	2	27	2	2	24	0.0740741	27	0.245098	FALSE	NA	NA	NA	NA	NA	NA
NC_045512.2	19094	A	G	24	2	27	1	1	28	0.037037	27	0.490196	FALSE	NA	NA	NA	NA	NA	NA
NC_045512.2	19095	T	A	25	3	26	2	2	25	0.0740741	27	0.254717	FALSE	NA	NA	NA	NA	NA	NA
NC_045512.2	19096	G	T	24	2	25	1	1	23	0.037037	27	0.490196	FALSE	NA	NA	NA	NA	NA	NA
NC_045512.2	19096	G	C	24	2	25	1	1	25	0.037037	27	0.490196	FALSE	NA	NA	NA	NA	NA	NA
NC_045512.2	19096	G	A	24	2	25	1	1	28	0.037037	27	0.490196	FALSE	NA	NA	NA	NA	NA	NA
NC_045512.2	19097	C	T	24	2	25	1	1	21	0.037037	27	0.490196	FALSE	NA	NA	NA	NA	NA	NA
NC_045512.2	19097	C	G	24	2	25	2	2	23	0.0740741	27	0.245098	FALSE	NA	NA	NA	NA	NA	NA
NC_045512.2	19098	A	T	23	2	25	2	2	25	0.0769231	26	0.244898	FALSE	NA	NA	NA	NA	NA	NA
NC_045512.2	19098	A	G	23	2	25	1	1	22	0.0384615	26	0.489796	FALSE	NA	NA	NA	NA	NA	NA
NC_045512.2	19099	C	G	23	2	25	2	2	25	0.0769231	26	0.244898	FALSE	NA	NA	NA	NA	NA	NA
NC_045512.2	19099	C	A	23	2	25	1	1	27	0.0384615	26	0.489796	FALSE	NA	NA	NA	NA	NA	NA
NC_045512.2	19100	A	T	23	2	25	1	1	28	0.0384615	26	0.489796	FALSE	NA	NA	NA	NA	NA	NA
NC_045512.2	19100	A	C	23	2	25	2	2	27	0.0769231	26	0.244898	FALSE	NA	NA	NA	NA	NA	NA
NC_045512.2	19100	A	-G	23	2	25	1	0	20	0.0384615	26	0.489796	FALSE	NA	NA	NA	NA	NA	NA
NC_045512.2	19101	G	T	23	2	26	2	2	25	0.08	25	0.244898	FALSE	NA	NA	NA	NA	NA	NA
NC_045512.2	19102	C	T	22	1	26	2	2	30	0.0769231	26	0.234694	FALSE	NA	NA	NA	NA	NA	NA
NC_045512.2	19102	C	G	22	1	26	2	2	25	0.0769231	26	0.234694	FALSE	NA	NA	NA	NA	NA	NA
NC_045512.2	19103	C	G	16	1	23	1	1	28	0.05	20	0.472222	FALSE	NA	NA	NA	NA	NA	NA
NC_045512.2	19103	C	A	16	1	23	3	3	25	0.15	20	0.114865	FALSE	NA	NA	NA	NA	NA	NA
NC_045512.2	19104	T	C	23	2	26	2	2	26	0.0769231	26	0.244898	FALSE	NA	NA	NA	NA	NA	NA
NC_045512.2	19104	T	A	23	2	26	1	1	27	0.0384615	26	0.489796	FALSE	NA	NA	NA	NA	NA	NA
NC_045512.2	19105	T	G	21	1	22	1	1	20	0.04	25	0.478261	FALSE	NA	NA	NA	NA	NA	NA
NC_045512.2	19105	T	C	21	1	22	1	1	28	0.04	25	0.478261	FALSE	NA	NA	NA	NA	NA	NA
NC_045512.2	19105	T	A	21	1	22	2	2	27	0.08	25	0.234043	FALSE	NA	NA	NA	NA	NA	NA
NC_045512.2	19106	G	T	23	2	27	2	2	25	0.0769231	26	0.244898	FALSE	NA	NA	NA	NA	NA	NA
NC_045512.2	19106	G	A	23	2	27	1	1	20	0.0384615	26	0.489796	FALSE	NA	NA	NA	NA	NA	NA
NC_045512.2	19107	T	C	23	2	27	1	1	29	0.04	25	0.5	FALSE	NA	NA	NA	NA	NA	NA
NC_045512.2	19107	T	A	23	2	27	1	1	22	0.04	25	0.5	FALSE	NA	NA	NA	NA	NA	NA
NC_045512.2	19108	A	T	24	3	27	1	1	28	0.0384615	26	0.5	FALSE	NA	NA	NA	NA	NA	NA
NC_045512.2	19108	A	G	24	3	27	1	1	22	0.0384615	26	0.5	FALSE	NA	NA	NA	NA	NA	NA
NC_045512.2	19109	G	A	23	2	26	3	3	26	0.115385	26	0.12485	FALSE	NA	NA	NA	NA	NA	NA
NC_045512.2	19110	T	G	23	2	26	2	2	25	0.0769231	26	0.244898	FALSE	NA	NA	NA	NA	NA	NA
NC_045512.2	19110	T	A	23	2	26	1	1	27	0.0384615	26	0.489796	FALSE	NA	NA	NA	NA	NA	NA
NC_045512.2	19111	G	T	23	2	26	1	1	28	0.04	25	0.5	FALSE	NA	NA	NA	NA	NA	NA
NC_045512.2	19111	G	C	23	2	26	1	1	28	0.04	25	0.5	FALSE	NA	NA	NA	NA	NA	NA
NC_045512.2	19112	A	T	23	2	26	2	2	25	0.0769231	26	0.244898	FALSE	NA	NA	NA	NA	NA	NA
NC_045512.2	19112	A	G	23	2	26	1	1	28	0.0384615	26	0.489796	FALSE	NA	NA	NA	NA	NA	NA
NC_045512.2	19113	C	T	20	2	25	1	1	28	0.0454545	22	0.5	FALSE	NA	NA	NA	NA	NA	NA
NC_045512.2	19113	C	G	20	2	25	1	1	28	0.0454545	22	0.5	FALSE	NA	NA	NA	NA	NA	NA
NC_045512.2	19113	C	-A	20	2	25	2	0	20	0.0909091	22	0.255814	FALSE	NA	NA	NA	NA	NA	NA
NC_045512.2	19114	A	G	18	2	25	1	1	23	0.047619	21	0.463415	FALSE	NA	NA	NA	NA	NA	NA
NC_045512.2	19114	A	C	18	2	25	2	2	26	0.0952381	21	0.220674	FALSE	NA	NA	NA	NA	NA	NA
NC_045512.2	19115	A	T	20	2	26	1	1	28	0.0434783	23	0.488372	FALSE	NA	NA	NA	NA	NA	NA
NC_045512.2	19115	A	G	20	2	26	1	1	28	0.0434783	23	0.488372	FALSE	NA	NA	NA	NA	NA	NA
NC_045512.2	19115	A	C	20	2	26	1	1	26	0.0434783	23	0.488372	FALSE	NA	NA	NA	NA	NA	NA
NC_045512.2	19116	A	T	12	2	23	1	1	25	0.0666667	15	0.481481	FALSE	NA	NA	NA	NA	NA	NA
NC_045512.2	19116	A	G	12	2	23	1	1	27	0.0666667	15	0.481481	FALSE	NA	NA	NA	NA	NA	NA
NC_045512.2	19116	A	C	12	2	23	1	1	27	0.0666667	15	0.481481	FALSE	NA	NA	NA	NA	NA	NA
NC_045512.2	19117	G	T	19	1	26	2	2	25	0.0869565	23	0.232558	FALSE	NA	NA	NA	NA	NA	NA
NC_045512.2	19117	G	C	19	1	26	1	1	28	0.0434783	23	0.47619	FALSE	NA	NA	NA	NA	NA	NA
NC_045512.2	19117	G	A	19	1	26	1	1	21	0.0434783	23	0.47619	FALSE	NA	NA	NA	NA	NA	NA
NC_045512.2	19118	C	T	19	1	27	1	1	27	0.0434783	23	0.47619	FALSE	NA	NA	NA	NA	NA	NA
NC_045512.2	19118	C	A	19	1	27	3	3	27	0.130435	23	0.116279	FALSE	NA	NA	NA	NA	NA	NA
NC_045512.2	19119	T	G	19	1	27	2	2	27	0.0869565	23	0.232558	FALSE	NA	NA	NA	NA	NA	NA
NC_045512.2	19119	T	C	19	1	27	1	1	27	0.0434783	23	0.47619	FALSE	NA	NA	NA	NA	NA	NA
NC_045512.2	19119	T	A	19	1	27	1	1	25	0.0434783	23	0.47619	FALSE	NA	NA	NA	NA	NA	NA
NC_045512.2	19120	T	G	16	2	23	1	1	26	0.0526316	19	0.485714	FALSE	NA	NA	NA	NA	NA	NA
NC_045512.2	19120	T	A	16	2	23	2	2	24	0.105263	19	0.242857	FALSE	NA	NA	NA	NA	NA	NA
NC_045512.2	19121	A	T	21	3	26	1	1	28	0.0434783	23	0.5	FALSE	NA	NA	NA	NA	NA	NA
NC_045512.2	19121	A	C	21	3	26	1	1	27	0.0434783	23	0.5	FALSE	NA	NA	NA	NA	NA	NA
NC_045512.2	19122	T	G	21	3	24	2	2	24	0.0869565	23	0.255556	FALSE	NA	NA	NA	NA	NA	NA
NC_045512.2	19122	T	-A	21	3	24	2	0	20	0.0869565	23	0.255556	FALSE	NA	NA	NA	NA	NA	NA
NC_045512.2	19123	A	G	15	3	26	1	1	28	0.0625	16	0.484848	FALSE	NA	NA	NA	NA	NA	NA
NC_045512.2	19124	A	T	15	2	27	2	2	22	0.111111	18	0.242424	FALSE	NA	NA	NA	NA	NA	NA
NC_045512.2	19124	A	G	15	2	27	1	1	23	0.0555556	18	0.484848	FALSE	NA	NA	NA	NA	NA	NA
NC_045512.2	19125	A	T	15	2	27	2	2	25	0.117647	17	0.257576	FALSE	NA	NA	NA	NA	NA	NA
NC_045512.2	19126	A	T	7	3	22	1	0	27	0.1	10	0.470588	FALSE	NA	NA	NA	NA	NA	NA
NC_045512.2	19126	A	G	7	3	22	2	2	24	0.2	10	0.235294	FALSE	NA	NA	NA	NA	NA	NA
NC_045512.2	19127	T	G	13	1	26	2	2	26	0.117647	17	0.225806	FALSE	NA	NA	NA	NA	NA	NA
NC_045512.2	19127	T	A	13	1	26	2	1	26	0.117647	17	0.225806	FALSE	NA	NA	NA	NA	NA	NA
NC_045512.2	19128	A	T	13	1	27	3	3	23	0.166667	18	0.102639	FALSE	NA	NA	NA	NA	NA	NA
NC_045512.2	19128	A	G	13	1	27	2	1	25	0.111111	18	0.211694	FALSE	NA	NA	NA	NA	NA	NA
NC_045512.2	19129	G	T	12	1	26	3	3	26	0.1875	16	0.112069	FALSE	NA	NA	NA	NA	NA	NA
NC_045512.2	19129	G	A	12	1	26	1	0	30	0.0625	16	0.464286	FALSE	NA	NA	NA	NA	NA	NA
NC_045512.2	19130	A	G	13	2	25	1	1	23	0.0625	16	0.482759	FALSE	NA	NA	NA	NA	NA	NA
NC_045512.2	19130	A	C	13	2	25	2	2	27	0.125	16	0.241379	FALSE	NA	NA	NA	NA	NA	NA
NC_045512.2	19131	A	T	9	3	23	2	2	25	0.181818	11	0.261905	FALSE	NA	NA	NA	NA	NA	NA
NC_045512.2	19132	G	A	13	3	26	2	2	28	0.133333	15	0.258621	FALSE	NA	NA	NA	NA	NA	NA
NC_045512.2	19133	A	T	10	1	27	2	2	26	0.142857	14	0.22	FALSE	NA	NA	NA	NA	NA	NA
NC_045512.2	19133	A	C	10	1	27	2	2	28	0.142857	14	0.22	FALSE	NA	NA	NA	NA	NA	NA
NC_045512.2	19134	A	T	10	3	23	1	1	29	0.0769231	13	0.478261	FALSE	NA	NA	NA	NA	NA	NA
NC_045512.2	19134	A	G	10	3	23	2	1	27	0.153846	13	0.23913	FALSE	NA	NA	NA	NA	NA	NA
NC_045512.2	19135	T	G	9	1	26	1	1	29	0.0833333	12	0.47619	FALSE	NA	NA	NA	NA	NA	NA
NC_045512.2	19135	T	C	9	1	26	1	1	28	0.0833333	12	0.47619	FALSE	NA	NA	NA	NA	NA	NA
NC_045512.2	19135	T	A	9	1	26	1	1	32	0.0833333	12	0.47619	FALSE	NA	NA	NA	NA	NA	NA
NC_045512.2	19136	T	C	7	2	24	2	2	25	0.2	10	0.235294	FALSE	NA	NA	NA	NA	NA	NA
NC_045512.2	19136	T	A	7	2	24	1	1	27	0.1	10	0.470588	FALSE	NA	NA	NA	NA	NA	NA
NC_045512.2	19137	A	T	8	2	26	2	2	24	0.181818	11	0.236842	FALSE	NA	NA	NA	NA	NA	NA
NC_045512.2	19137	A	G	8	2	26	1	1	28	0.0909091	11	0.473684	FALSE	NA	NA	NA	NA	NA	NA
NC_045512.2	19138	T	G	8	2	26	1	1	22	0.0909091	11	0.473684	FALSE	NA	NA	NA	NA	NA	NA
NC_045512.2	19138	T	C	8	2	26	2	2	25	0.181818	11	0.236842	FALSE	NA	NA	NA	NA	NA	NA
NC_045512.2	19139	T	G	5	2	25	1	1	28	0.142857	7	0.5	FALSE	NA	NA	NA	NA	NA	NA
NC_045512.2	19139	T	A	5	2	25	1	1	28	0.142857	7	0.5	FALSE	NA	NA	NA	NA	NA	NA
NC_045512.2	19140	C	T	8	2	26	1	1	23	0.0909091	11	0.473684	FALSE	NA	NA	NA	NA	NA	NA
NC_045512.2	19140	C	A	8	2	26	2	2	27	0.181818	11	0.236842	FALSE	NA	NA	NA	NA	NA	NA
NC_045512.2	19141	T	G	9	3	27	1	1	27	0.0909091	11	0.5	FALSE	NA	NA	NA	NA	NA	NA
NC_045512.2	19141	T	A	9	3	27	1	1	28	0.0909091	11	0.5	FALSE	NA	NA	NA	NA	NA	NA
NC_045512.2	19142	A	T	7	1	27	1	1	27	0.0909091	11	0.444444	FALSE	NA	NA	NA	NA	NA	NA
NC_045512.2	19142	A	G	7	1	27	2	2	27	0.181818	11	0.210526	FALSE	NA	NA	NA	NA	NA	NA
NC_045512.2	19142	A	C	7	1	27	1	1	29	0.0909091	11	0.444444	FALSE	NA	NA	NA	NA	NA	NA
NC_045512.2	19143	T	C	9	3	26	1	1	22	0.0909091	11	0.5	FALSE	NA	NA	NA	NA	NA	NA
NC_045512.2	19143	T	A	9	3	26	1	1	27	0.0909091	11	0.5	FALSE	NA	NA	NA	NA	NA	NA
NC_045512.2	19144	T	G	6	2	24	2	2	28	0.222222	9	0.233333	FALSE	NA	NA	NA	NA	NA	NA
NC_045512.2	19144	T	C	6	2	24	1	1	27	0.111111	9	0.466667	FALSE	NA	NA	NA	NA	NA	NA
NC_045512.2	19145	C	T	8	2	26	1	1	20	0.0909091	11	0.473684	FALSE	NA	NA	NA	NA	NA	NA
NC_045512.2	19145	C	A	8	2	26	2	2	25	0.181818	11	0.236842	FALSE	NA	NA	NA	NA	NA	NA
NC_045512.2	19146	T	A	8	3	26	2	2	28	0.2	10	0.263158	FALSE	NA	NA	NA	NA	NA	NA
NC_045512.2	19147	T	G	6	1	23	3	3	26	0.3	10	0.102941	FALSE	NA	NA	NA	NA	NA	NA
NC_045512.2	19147	T	A	6	1	23	1	1	28	0.1	10	0.4375	FALSE	NA	NA	NA	NA	NA	NA
NC_045512.2	19148	A	T	6	1	27	1	1	28	0.125	8	0.5	FALSE	NA	NA	NA	NA	NA	NA
NC_045512.2	19148	A	G	6	1	27	1	1	27	0.125	8	0.5	FALSE	NA	NA	NA	NA	NA	NA
NC_045512.2	19149	T	C	5	1	26	2	1	27	0.25	8	0.230769	FALSE	NA	NA	NA	NA	NA	NA
NC_045512.2	19149	T	A	5	1	26	1	1	27	0.125	8	0.461538	FALSE	NA	NA	NA	NA	NA	NA
NC_045512.2	19150	G	T	7	2	26	1	1	27	0.125	8	0.533333	FALSE	NA	NA	NA	NA	NA	NA
NC_045512.2	19151	C	T	4	1	26	1	1	27	0.166667	6	0.5	FALSE	NA	NA	NA	NA	NA	NA
NC_045512.2	19151	C	G	4	1	26	1	1	28	0.166667	6	0.5	FALSE	NA	NA	NA	NA	NA	NA
NC_045512.2	19152	C	G	3	1	25	1	1	27	0.25	4	0.571429	FALSE	NA	NA	NA	NA	NA	NA
NC_045512.2	19154	C	T	3	1	26	1	1	24	0.25	4	0.571429	FALSE	NA	NA	NA	NA	NA	NA
NC_045512.2	19155	A	T	2	0	27	1	1	29	0.333333	3	0.6	FALSE	NA	NA	NA	NA	NA	NA
NC_045512.2	19156	C	A	2	0	27	2	2	27	0.5	4	0.285714	FALSE	NA	NA	NA	NA	NA	NA
NC_045512.2	19157	A	T	3	1	28	1	1	23	0.25	4	0.571429	FALSE	NA	NA	NA	NA	NA	NA
NC_045512.2	19158	T	G	3	1	29	1	1	27	0.25	4	0.571429	FALSE	NA	NA	NA	NA	NA	NA
NC_045512.2	19159	T	C	2	0	22	1	1	30	0.25	4	0.5	FALSE	NA	NA	NA	NA	NA	NA
NC_045512.2	19159	T	A	2	0	22	1	1	25	0.25	4	0.5	FALSE	NA	NA	NA	NA	NA	NA
NC_045512.2	19160	C	T	2	0	27	1	1	22	0.25	4	0.5	FALSE	NA	NA	NA	NA	NA	NA
NC_045512.2	19160	C	G	2	0	27	1	1	25	0.25	4	0.5	FALSE	NA	NA	NA	NA	NA	NA
NC_045512.2	19161	T	C	3	1	27	1	1	25	0.25	4	0.571429	FALSE	NA	NA	NA	NA	NA	NA
NC_045512.2	19162	G	A	2	0	28	2	2	26	0.5	4	0.285714	FALSE	NA	NA	NA	NA	NA	NA
NC_045512.2	19179	T	C	1	0	27	1	0	26	0.5	2	0.666667	FALSE	NA	NA	NA	NA	NA	NA
NC_045512.2	19224	T	C	13	0	26	1	0	27	0.0714286	14	0.518519	FALSE	NA	NA	NA	NA	NA	NA
NC_045512.2	19273	C	T	12	0	26	1	0	27	0.0769231	13	0.52	FALSE	NA	NA	NA	NA	NA	NA
NC_045512.2	19296	G	T	13	0	25	1	1	29	0.0714286	14	0.518519	FALSE	NA	NA	NA	NA	NA	NA
NC_045512.2	19297	T	A	13	0	26	1	1	30	0.0714286	14	0.518519	FALSE	NA	NA	NA	NA	NA	NA
NC_045512.2	19298	A	T	13	0	26	1	1	27	0.0714286	14	0.518519	FALSE	NA	NA	NA	NA	NA	NA
NC_045512.2	19299	T	C	13	0	27	1	1	23	0.0714286	14	0.518519	FALSE	NA	NA	NA	NA	NA	NA
NC_045512.2	19300	G	C	12	0	27	1	1	27	0.0769231	13	0.52	FALSE	NA	NA	NA	NA	NA	NA
NC_045512.2	19302	A	G	13	0	27	1	1	28	0.0714286	14	0.518519	FALSE	NA	NA	NA	NA	NA	NA
NC_045512.2	19303	A	C	13	0	27	1	1	27	0.0714286	14	0.518519	FALSE	NA	NA	NA	NA	NA	NA
NC_045512.2	19304	A	T	7	0	21	1	1	27	0.125	8	0.533333	FALSE	NA	NA	NA	NA	NA	NA
NC_045512.2	19305	T	A	11	0	27	1	1	23	0.0833333	12	0.521739	FALSE	NA	NA	NA	NA	NA	NA
NC_045512.2	19307	A	T	10	0	26	1	1	23	0.0909091	11	0.52381	FALSE	NA	NA	NA	NA	NA	NA
NC_045512.2	19308	A	T	5	0	21	1	1	27	0.166667	6	0.545455	FALSE	NA	NA	NA	NA	NA	NA
NC_045512.2	19310	A	C	10	0	25	1	1	28	0.0909091	11	0.52381	FALSE	NA	NA	NA	NA	NA	NA
NC_045512.2	19311	T	A	10	0	25	1	1	28	0.0909091	11	0.52381	FALSE	NA	NA	NA	NA	NA	NA
NC_045512.2	19312	G	T	10	0	24	1	1	24	0.0909091	11	0.52381	FALSE	NA	NA	NA	NA	NA	NA
NC_045512.2	19313	C	T	9	0	25	1	1	28	0.1	10	0.526316	FALSE	NA	NA	NA	NA	NA	NA
NC_045512.2	19314	A	G	10	0	25	1	1	28	0.0909091	11	0.52381	FALSE	NA	NA	NA	NA	NA	NA
NC_045512.2	19317	C	T	10	0	27	1	1	28	0.0909091	11	0.52381	FALSE	NA	NA	NA	NA	NA	NA
NC_045512.2	19318	C	G	9	0	23	1	1	28	0.1	10	0.526316	FALSE	NA	NA	NA	NA	NA	NA
NC_045512.2	19319	A	T	10	0	26	1	1	27	0.0909091	11	0.52381	FALSE	NA	NA	NA	NA	NA	NA
NC_045512.2	19320	C	A	10	0	26	1	1	28	0.0909091	11	0.52381	FALSE	NA	NA	NA	NA	NA	NA
NC_045512.2	19321	A	G	10	0	27	1	1	27	0.0909091	11	0.52381	FALSE	NA	NA	NA	NA	NA	NA
NC_045512.2	19322	C	A	10	0	27	1	1	27	0.0909091	11	0.52381	FALSE	NA	NA	NA	NA	NA	NA
NC_045512.2	19323	A	T	10	0	26	1	1	22	0.0909091	11	0.52381	FALSE	NA	NA	NA	NA	NA	NA
NC_045512.2	19324	C	T	9	0	26	1	1	27	0.1	10	0.526316	FALSE	NA	NA	NA	NA	NA	NA
NC_045512.2	19325	C	T	8	0	22	1	1	27	0.111111	9	0.529412	FALSE	NA	NA	NA	NA	NA	NA
NC_045512.2	19326	A	G	0	0	0	10	1	27	1	10	1.08251e-05	TRUE	NA	NA	NA	NA	NA	NA
NC_045512.2	19327	G	A	8	0	23	2	1	26	0.2	10	0.263158	FALSE	NA	NA	NA	NA	NA	NA
NC_045512.2	19329	T	A	6	0	26	1	1	27	0.142857	7	0.538462	FALSE	NA	NA	NA	NA	NA	NA
NC_045512.2	19330	T	C	6	0	26	1	1	28	0.142857	7	0.538462	FALSE	NA	NA	NA	NA	NA	NA
NC_045512.2	19332	T	A	2	0	22	1	1	28	0.333333	3	0.6	FALSE	NA	NA	NA	NA	NA	NA
NC_045512.2	19335	T	G	6	0	26	1	1	29	0.142857	7	0.538462	FALSE	NA	NA	NA	NA	NA	NA
NC_045512.2	19336	A	T	6	0	27	1	1	30	0.142857	7	0.538462	FALSE	NA	NA	NA	NA	NA	NA
NC_045512.2	19337	A	G	6	0	27	1	1	29	0.142857	7	0.538462	FALSE	NA	NA	NA	NA	NA	NA
NC_045512.2	19338	A	C	5	0	27	1	1	30	0.166667	6	0.545455	FALSE	NA	NA	NA	NA	NA	NA
NC_045512.2	19339	A	T	2	0	21	1	1	29	0.333333	3	0.6	FALSE	NA	NA	NA	NA	NA	NA
NC_045512.2	19340	G	A	5	0	27	1	1	27	0.166667	6	0.545455	FALSE	NA	NA	NA	NA	NA	NA
NC_045512.2	19342	G	C	5	0	27	1	1	27	0.166667	6	0.545455	FALSE	NA	NA	NA	NA	NA	NA
NC_045512.2	19343	C	T	5	0	26	1	1	28	0.166667	6	0.545455	FALSE	NA	NA	NA	NA	NA	NA
NC_045512.2	19344	T	A	4	0	29	1	1	23	0.2	5	0.555556	FALSE	NA	NA	NA	NA	NA	NA
NC_045512.2	19345	T	A	4	0	29	1	1	27	0.2	5	0.555556	FALSE	NA	NA	NA	NA	NA	NA
NC_045512.2	19346	T	C	4	0	29	1	1	22	0.2	5	0.555556	FALSE	NA	NA	NA	NA	NA	NA
NC_045512.2	19347	T	C	3	0	21	1	1	27	0.25	4	0.571429	FALSE	NA	NA	NA	NA	NA	NA
NC_045512.2	19348	G	T	4	0	28	1	1	22	0.2	5	0.555556	FALSE	NA	NA	NA	NA	NA	NA
NC_045512.2	19350	T	A	4	0	23	1	1	23	0.2	5	0.555556	FALSE	NA	NA	NA	NA	NA	NA
NC_045512.2	19352	A	C	4	0	22	1	1	27	0.2	5	0.555556	FALSE	NA	NA	NA	NA	NA	NA
NC_045512.2	19355	T	G	4	0	21	1	1	22	0.2	5	0.555556	FALSE	NA	NA	NA	NA	NA	NA
NC_045512.2	19357	A	C	4	0	28	1	1	27	0.2	5	0.555556	FALSE	NA	NA	NA	NA	NA	NA
NC_045512.2	19358	A	T	4	0	28	1	1	26	0.2	5	0.555556	FALSE	NA	NA	NA	NA	NA	NA
NC_045512.2	19359	A	G	2	0	21	1	1	20	0.333333	3	0.6	FALSE	NA	NA	NA	NA	NA	NA
NC_045512.2	19360	C	G	4	0	26	1	1	26	0.2	5	0.555556	FALSE	NA	NA	NA	NA	NA	NA
NC_045512.2	19361	A	T	3	0	28	1	1	20	0.25	4	0.571429	FALSE	NA	NA	NA	NA	NA	NA
NC_045512.2	19362	A	T	3	0	23	1	1	23	0.25	4	0.571429	FALSE	NA	NA	NA	NA	NA	NA
NC_045512.2	19363	T	G	3	0	28	1	1	25	0.25	4	0.571429	FALSE	NA	NA	NA	NA	NA	NA
NC_045512.2	19365	A	G	3	0	28	1	1	27	0.25	4	0.571429	FALSE	NA	NA	NA	NA	NA	NA
NC_045512.2	19366	C	A	3	0	28	1	1	27	0.25	4	0.571429	FALSE	NA	NA	NA	NA	NA	NA
NC_045512.2	19367	C	T	3	0	22	1	1	27	0.25	4	0.571429	FALSE	NA	NA	NA	NA	NA	NA
NC_045512.2	19368	A	G	3	0	27	1	1	23	0.25	4	0.571429	FALSE	NA	NA	NA	NA	NA	NA
NC_045512.2	19368	A	-T	3	0	27	3	0	20	0.75	4	0.238095	FALSE	NA	NA	NA	NA	NA	NA
NC_045512.2	19369	T	G	0	0	0	1	1	28	1	1	0.25	FALSE	NA	NA	NA	NA	NA	NA
NC_045512.2	19371	T	G	3	0	28	1	1	24	0.25	4	0.571429	FALSE	NA	NA	NA	NA	NA	NA
NC_045512.2	19372	T	G	3	0	29	1	1	27	0.25	4	0.571429	FALSE	NA	NA	NA	NA	NA	NA
NC_045512.2	19373	T	C	2	0	20	1	1	25	0.333333	3	0.6	FALSE	NA	NA	NA	NA	NA	NA
NC_045512.2	19374	C	A	3	0	27	1	1	25	0.25	4	0.571429	FALSE	NA	NA	NA	NA	NA	NA
NC_045512.2	19375	T	G	3	0	27	1	1	27	0.25	4	0.571429	FALSE	NA	NA	NA	NA	NA	NA
NC_045512.2	19376	A	T	3	0	28	1	1	22	0.25	4	0.571429	FALSE	NA	NA	NA	NA	NA	NA
NC_045512.2	19379	A	G	3	0	28	1	1	27	0.25	4	0.571429	FALSE	NA	NA	NA	NA	NA	NA
NC_045512.2	19380	C	T	3	0	27	1	1	27	0.25	4	0.571429	FALSE	NA	NA	NA	NA	NA	NA
NC_045512.2	19381	T	A	3	0	27	1	1	26	0.25	4	0.571429	FALSE	NA	NA	NA	NA	NA	NA
NC_045512.2	19382	C	T	2	0	25	1	1	27	0.333333	3	0.6	FALSE	NA	NA	NA	NA	NA	NA
NC_045512.2	19461	A	G	41	2	26	1	0	28	0.0238095	42	0.506024	FALSE	NA	NA	NA	NA	NA	NA
NC_045512.2	19462	A	G	41	2	23	1	0	27	0.0238095	42	0.506024	FALSE	NA	NA	NA	NA	NA	NA
NC_045512.2	19464	A	G	41	2	26	1	0	26	0.0238095	42	0.506024	FALSE	NA	NA	NA	NA	NA	NA
NC_045512.2	19469	G	A	40	2	26	1	0	28	0.0243902	41	0.506173	FALSE	NA	NA	NA	NA	NA	NA
NC_045512.2	19472	A	G	39	2	23	1	0	27	0.025	40	0.506329	FALSE	NA	NA	NA	NA	NA	NA
NC_045512.2	19473	T	C	42	2	27	1	0	24	0.0232558	43	0.505882	FALSE	NA	NA	NA	NA	NA	NA
NC_045512.2	19475	T	A	38	2	22	1	1	25	0.025641	39	0.506494	FALSE	NA	NA	NA	NA	NA	NA
NC_045512.2	19476	A	C	43	2	27	1	1	26	0.0227273	44	0.505747	FALSE	NA	NA	NA	NA	NA	NA
NC_045512.2	19478	G	T	43	2	23	1	1	27	0.0227273	44	0.505747	FALSE	NA	NA	NA	NA	NA	NA
NC_045512.2	19479	T	G	43	2	27	1	1	28	0.0227273	44	0.505747	FALSE	NA	NA	NA	NA	NA	NA
NC_045512.2	19480	G	T	43	2	27	1	1	27	0.0227273	44	0.505747	FALSE	NA	NA	NA	NA	NA	NA
NC_045512.2	19481	G	A	42	2	23	1	1	29	0.0232558	43	0.505882	FALSE	NA	NA	NA	NA	NA	NA
NC_045512.2	19483	G	A	43	2	27	1	1	22	0.0227273	44	0.505747	FALSE	NA	NA	NA	NA	NA	NA
NC_045512.2	19484	C	A	43	2	27	1	1	27	0.0227273	44	0.505747	FALSE	NA	NA	NA	NA	NA	NA
NC_045512.2	19485	T	C	42	2	26	1	1	27	0.0232558	43	0.505882	FALSE	NA	NA	NA	NA	NA	NA
NC_045512.2	19486	G	A	42	2	26	1	1	25	0.0232558	43	0.505882	FALSE	NA	NA	NA	NA	NA	NA
NC_045512.2	19487	T	C	43	2	26	1	1	25	0.0227273	44	0.505747	FALSE	NA	NA	NA	NA	NA	NA
NC_045512.2	19488	C	G	42	2	26	1	1	25	0.0232558	43	0.505882	FALSE	NA	NA	NA	NA	NA	NA
NC_045512.2	19490	G	T	42	1	26	1	1	29	0.0227273	44	0.5	FALSE	NA	NA	NA	NA	NA	NA
NC_045512.2	19490	G	A	42	1	26	1	1	28	0.0227273	44	0.5	FALSE	NA	NA	NA	NA	NA	NA
NC_045512.2	19491	T	G	43	2	26	1	1	25	0.0227273	44	0.505747	FALSE	NA	NA	NA	NA	NA	NA
NC_045512.2	19492	A	C	43	2	27	1	1	25	0.0227273	44	0.505747	FALSE	NA	NA	NA	NA	NA	NA
NC_045512.2	19496	A	T	43	2	26	1	1	28	0.0227273	44	0.505747	FALSE	NA	NA	NA	NA	NA	NA
NC_045512.2	19498	C	A	43	2	27	1	1	27	0.0227273	44	0.505747	FALSE	NA	NA	NA	NA	NA	NA
NC_045512.2	19499	A	G	43	2	27	1	1	23	0.0227273	44	0.505747	FALSE	NA	NA	NA	NA	NA	NA
NC_045512.2	19500	T	G	42	2	28	1	1	28	0.0232558	43	0.505882	FALSE	NA	NA	NA	NA	NA	NA
NC_045512.2	19501	G	T	42	2	28	1	1	28	0.0232558	43	0.505882	FALSE	NA	NA	NA	NA	NA	NA
NC_045512.2	19502	C	G	42	2	27	1	1	24	0.0232558	43	0.505882	FALSE	NA	NA	NA	NA	NA	NA
NC_045512.2	19503	T	G	43	2	26	1	1	28	0.0227273	44	0.505747	FALSE	NA	NA	NA	NA	NA	NA
NC_045512.2	19504	A	T	42	2	26	1	1	28	0.0227273	44	0.5	FALSE	NA	NA	NA	NA	NA	NA
NC_045512.2	19504	A	G	42	2	26	1	0	28	0.0227273	44	0.5	FALSE	NA	NA	NA	NA	NA	NA
NC_045512.2	19505	A	G	40	2	23	1	1	27	0.0243902	41	0.506173	FALSE	NA	NA	NA	NA	NA	NA
NC_045512.2	19506	T	C	42	2	26	2	1	27	0.0444444	45	0.247126	FALSE	NA	NA	NA	NA	NA	NA
NC_045512.2	19506	T	A	42	2	26	1	1	24	0.0222222	45	0.494253	FALSE	NA	NA	NA	NA	NA	NA
NC_045512.2	19507	G	T	43	2	26	1	1	27	0.0222222	45	0.5	FALSE	NA	NA	NA	NA	NA	NA
NC_045512.2	19507	G	C	43	2	26	1	1	24	0.0222222	45	0.5	FALSE	NA	NA	NA	NA	NA	NA
NC_045512.2	19508	A	G	43	2	26	2	2	26	0.0444444	45	0.252809	FALSE	NA	NA	NA	NA	NA	NA
NC_045512.2	19509	G	T	43	2	27	2	2	27	0.0444444	45	0.252809	FALSE	NA	NA	NA	NA	NA	NA
NC_045512.2	19510	T	G	43	2	27	1	1	27	0.0222222	45	0.5	FALSE	NA	NA	NA	NA	NA	NA
NC_045512.2	19510	T	C	43	2	27	1	1	27	0.0222222	45	0.5	FALSE	NA	NA	NA	NA	NA	NA
NC_045512.2	19511	A	T	43	2	26	2	2	27	0.0444444	45	0.252809	FALSE	NA	NA	NA	NA	NA	NA
NC_045512.2	19512	C	G	42	2	26	1	1	29	0.0227273	44	0.5	FALSE	NA	NA	NA	NA	NA	NA
NC_045512.2	19512	C	A	42	2	26	1	1	27	0.0227273	44	0.5	FALSE	NA	NA	NA	NA	NA	NA
NC_045512.2	19513	A	T	42	2	26	2	2	29	0.0454545	44	0.252874	FALSE	NA	NA	NA	NA	NA	NA
NC_045512.2	19514	G	A	42	2	26	2	2	26	0.0454545	44	0.252874	FALSE	NA	NA	NA	NA	NA	NA
NC_045512.2	19514	G	-A	42	2	26	1	0	20	0.0227273	44	0.5	FALSE	NA	NA	NA	NA	NA	NA
NC_045512.2	19515	A	G	43	2	26	1	1	30	0.0227273	44	0.5	FALSE	NA	NA	NA	NA	NA	NA
NC_045512.2	19516	T	G	42	1	26	1	1	23	0.0222222	45	0.494253	FALSE	NA	NA	NA	NA	NA	NA
NC_045512.2	19516	T	C	42	1	26	1	1	29	0.0222222	45	0.494253	FALSE	NA	NA	NA	NA	NA	NA
NC_045512.2	19516	T	A	42	1	26	1	1	28	0.0222222	45	0.494253	FALSE	NA	NA	NA	NA	NA	NA
NC_045512.2	19517	T	C	36	2	22	1	1	27	0.0263158	38	0.5	FALSE	NA	NA	NA	NA	NA	NA
NC_045512.2	19517	T	A	36	2	22	1	1	27	0.0263158	38	0.5	FALSE	NA	NA	NA	NA	NA	NA
NC_045512.2	19518	G	C	42	2	26	1	1	27	0.0222222	45	0.494253	FALSE	NA	NA	NA	NA	NA	NA
NC_045512.2	19518	G	A	42	2	26	2	1	29	0.0444444	45	0.247126	FALSE	NA	NA	NA	NA	NA	NA
NC_045512.2	19519	T	G	44	3	26	1	1	27	0.0222222	45	0.505618	FALSE	NA	NA	NA	NA	NA	NA
NC_045512.2	19520	A	T	43	2	26	1	1	22	0.0222222	45	0.5	FALSE	NA	NA	NA	NA	NA	NA
NC_045512.2	19520	A	C	43	2	26	1	1	27	0.0222222	45	0.5	FALSE	NA	NA	NA	NA	NA	NA
NC_045512.2	19521	T	A	44	3	26	1	1	26	0.0222222	45	0.505618	FALSE	NA	NA	NA	NA	NA	NA
NC_045512.2	19522	C	T	43	2	26	1	1	27	0.0222222	45	0.5	FALSE	NA	NA	NA	NA	NA	NA
NC_045512.2	19522	C	G	43	2	26	1	1	29	0.0222222	45	0.5	FALSE	NA	NA	NA	NA	NA	NA
NC_045512.2	19523	T	G	43	2	26	1	1	27	0.0222222	45	0.5	FALSE	NA	NA	NA	NA	NA	NA
NC_045512.2	19523	T	C	43	2	26	1	1	28	0.0222222	45	0.5	FALSE	NA	NA	NA	NA	NA	NA
NC_045512.2	19524	C	A	44	3	27	1	1	23	0.0222222	45	0.505618	FALSE	NA	NA	NA	NA	NA	NA
NC_045512.2	19525	G	T	43	2	26	1	1	23	0.0217391	46	0.494382	FALSE	NA	NA	NA	NA	NA	NA
NC_045512.2	19525	G	A	43	2	26	2	2	26	0.0434783	46	0.247191	FALSE	NA	NA	NA	NA	NA	NA
NC_045512.2	19526	A	T	43	2	26	1	1	22	0.0222222	45	0.5	FALSE	NA	NA	NA	NA	NA	NA
NC_045512.2	19526	A	C	43	2	26	1	1	24	0.0222222	45	0.5	FALSE	NA	NA	NA	NA	NA	NA
NC_045512.2	19527	T	G	42	3	26	1	1	25	0.0217391	46	0.488636	FALSE	NA	NA	NA	NA	NA	NA
NC_045512.2	19527	T	C	42	3	26	1	0	27	0.0217391	46	0.488636	FALSE	NA	NA	NA	NA	NA	NA
NC_045512.2	19527	T	A	42	3	26	2	2	25	0.0434783	46	0.241573	FALSE	NA	NA	NA	NA	NA	NA
NC_045512.2	19528	G	T	40	2	26	3	3	26	0.0666667	45	0.11643	FALSE	NA	NA	NA	NA	NA	NA
NC_045512.2	19528	G	C	40	2	26	1	1	28	0.0222222	45	0.482353	FALSE	NA	NA	NA	NA	NA	NA
NC_045512.2	19528	G	A	40	2	26	1	1	25	0.0222222	45	0.482353	FALSE	NA	NA	NA	NA	NA	NA
NC_045512.2	19529	C	G	41	3	25	3	3	27	0.0666667	45	0.12069	FALSE	NA	NA	NA	NA	NA	NA
NC_045512.2	19529	C	A	41	3	25	1	1	27	0.0222222	45	0.488372	FALSE	NA	NA	NA	NA	NA	NA
NC_045512.2	19530	T	G	42	4	26	2	2	23	0.0444444	45	0.247126	FALSE	NA	NA	NA	NA	NA	NA
NC_045512.2	19530	T	A	42	4	26	1	1	32	0.0222222	45	0.494253	FALSE	NA	NA	NA	NA	NA	NA
NC_045512.2	19531	T	G	32	3	22	3	3	26	0.0833333	36	0.119565	FALSE	NA	NA	NA	NA	NA	NA
NC_045512.2	19531	T	A	32	3	22	1	1	26	0.0277778	36	0.485294	FALSE	NA	NA	NA	NA	NA	NA
NC_045512.2	19532	A	T	40	2	26	4	4	27	0.0888889	45	0.058215	FALSE	NA	NA	NA	NA	NA	NA
NC_045512.2	19532	A	G	40	2	26	1	1	24	0.0222222	45	0.482353	FALSE	NA	NA	NA	NA	NA	NA
NC_045512.2	19533	T	G	38	3	26	1	1	23	0.0238095	42	0.4875	FALSE	NA	NA	NA	NA	NA	NA
NC_045512.2	19533	T	A	38	3	26	3	3	25	0.0714286	42	0.12037	FALSE	NA	NA	NA	NA	NA	NA
NC_045512.2	19534	A	T	36	3	27	1	1	27	0.025641	39	0.493333	FALSE	NA	NA	NA	NA	NA	NA
NC_045512.2	19534	A	G	36	3	27	1	1	28	0.025641	39	0.493333	FALSE	NA	NA	NA	NA	NA	NA
NC_045512.2	19534	A	C	36	3	27	1	1	28	0.025641	39	0.493333	FALSE	NA	NA	NA	NA	NA	NA
NC_045512.2	19535	A	T	31	4	22	2	2	28	0.0588235	34	0.246154	FALSE	NA	NA	NA	NA	NA	NA
NC_045512.2	19535	A	C	31	4	22	1	1	23	0.0294118	34	0.492308	FALSE	NA	NA	NA	NA	NA	NA
NC_045512.2	19536	C	G	35	2	25	2	2	26	0.05	40	0.233684	FALSE	NA	NA	NA	NA	NA	NA
NC_045512.2	19536	C	A	35	2	25	3	3	24	0.075	40	0.115325	FALSE	NA	NA	NA	NA	NA	NA
NC_045512.2	19537	A	C	36	4	26	3	3	25	0.0769231	39	0.124935	FALSE	NA	NA	NA	NA	NA	NA
NC_045512.2	19538	T	G	36	4	26	1	1	25	0.025641	39	0.493333	FALSE	NA	NA	NA	NA	NA	NA
NC_045512.2	19538	T	C	36	4	26	1	1	28	0.025641	39	0.493333	FALSE	NA	NA	NA	NA	NA	NA
NC_045512.2	19538	T	A	36	4	26	1	1	27	0.025641	39	0.493333	FALSE	NA	NA	NA	NA	NA	NA
NC_045512.2	19539	G	T	35	3	26	1	1	30	0.025	40	0.48	FALSE	NA	NA	NA	NA	NA	NA
NC_045512.2	19539	G	C	35	3	26	1	1	27	0.025	40	0.48	FALSE	NA	NA	NA	NA	NA	NA
NC_045512.2	19539	G	A	35	3	26	3	3	26	0.075	40	0.115325	FALSE	NA	NA	NA	NA	NA	NA
NC_045512.2	19540	A	T	35	3	26	2	2	25	0.047619	42	0.221778	FALSE	NA	NA	NA	NA	NA	NA
NC_045512.2	19540	A	G	35	3	26	2	2	28	0.047619	42	0.221778	FALSE	NA	NA	NA	NA	NA	NA
NC_045512.2	19540	A	C	35	3	26	3	3	26	0.0714286	42	0.106678	FALSE	NA	NA	NA	NA	NA	NA
NC_045512.2	19541	T	G	36	4	26	4	4	24	0.0952381	42	0.0549305	FALSE	NA	NA	NA	NA	NA	NA
NC_045512.2	19541	T	C	36	4	26	2	2	29	0.047619	42	0.228173	FALSE	NA	NA	NA	NA	NA	NA
NC_045512.2	19542	G	T	33	3	26	5	5	25	0.125	40	0.0254047	FALSE	NA	NA	NA	NA	NA	NA
NC_045512.2	19542	G	C	33	3	26	1	1	23	0.025	40	0.465753	FALSE	NA	NA	NA	NA	NA	NA
NC_045512.2	19542	G	A	33	3	26	1	1	27	0.025	40	0.465753	FALSE	NA	NA	NA	NA	NA	NA
NC_045512.2	19543	A	T	32	2	26	3	3	27	0.0769231	39	0.105232	FALSE	NA	NA	NA	NA	NA	NA
NC_045512.2	19543	A	G	32	2	26	4	4	26	0.102564	39	0.0511939	FALSE	NA	NA	NA	NA	NA	NA
NC_045512.2	19544	T	G	35	5	25	2	2	27	0.05	40	0.233684	FALSE	NA	NA	NA	NA	NA	NA
NC_045512.2	19544	T	C	35	5	25	2	2	27	0.05	40	0.233684	FALSE	NA	NA	NA	NA	NA	NA
NC_045512.2	19544	T	A	35	5	25	1	1	25	0.025	40	0.48	FALSE	NA	NA	NA	NA	NA	NA
NC_045512.2	19545	C	T	33	3	26	2	2	27	0.0512821	39	0.226408	FALSE	NA	NA	NA	NA	NA	NA
NC_045512.2	19545	C	A	33	3	26	4	4	26	0.102564	39	0.0543379	FALSE	NA	NA	NA	NA	NA	NA
NC_045512.2	19546	T	G	35	5	26	1	1	25	0.025	40	0.48	FALSE	NA	NA	NA	NA	NA	NA
NC_045512.2	19546	T	C	35	5	26	1	1	27	0.025	40	0.48	FALSE	NA	NA	NA	NA	NA	NA
NC_045512.2	19546	T	A	35	5	26	3	3	25	0.075	40	0.115325	FALSE	NA	NA	NA	NA	NA	NA
NC_045512.2	19547	C	T	32	2	27	3	3	26	0.0769231	39	0.105232	FALSE	NA	NA	NA	NA	NA	NA
NC_045512.2	19547	C	G	32	2	27	1	1	28	0.025641	39	0.464789	FALSE	NA	NA	NA	NA	NA	NA
NC_045512.2	19547	C	A	32	2	27	3	3	25	0.0769231	39	0.105232	FALSE	NA	NA	NA	NA	NA	NA
NC_045512.2	19548	A	T	37	7	27	2	2	26	0.05	40	0.246753	FALSE	NA	NA	NA	NA	NA	NA
NC_045512.2	19548	A	C	37	7	27	1	1	27	0.025	40	0.493506	FALSE	NA	NA	NA	NA	NA	NA
NC_045512.2	19549	G	T	33	3	27	3	3	28	0.075	40	0.105739	FALSE	NA	NA	NA	NA	NA	NA
NC_045512.2	19549	G	C	33	3	27	2	2	27	0.05	40	0.220289	FALSE	NA	NA	NA	NA	NA	NA
NC_045512.2	19549	G	A	33	3	27	2	2	28	0.05	40	0.220289	FALSE	NA	NA	NA	NA	NA	NA
NC_045512.2	19550	C	T	33	3	27	2	2	26	0.05	40	0.220289	FALSE	NA	NA	NA	NA	NA	NA
NC_045512.2	19550	C	G	33	3	27	2	2	27	0.05	40	0.220289	FALSE	NA	NA	NA	NA	NA	NA
NC_045512.2	19550	C	A	33	3	27	3	3	27	0.075	40	0.105739	FALSE	NA	NA	NA	NA	NA	NA
NC_045512.2	19551	T	G	32	3	27	1	1	22	0.025641	39	0.464789	FALSE	NA	NA	NA	NA	NA	NA
NC_045512.2	19551	T	C	32	3	27	4	4	27	0.102564	39	0.0511939	FALSE	NA	NA	NA	NA	NA	NA
NC_045512.2	19551	T	A	32	3	27	2	2	26	0.0512821	39	0.219484	FALSE	NA	NA	NA	NA	NA	NA
NC_045512.2	19552	G	T	36	7	27	1	1	24	0.025641	39	0.493333	FALSE	NA	NA	NA	NA	NA	NA
NC_045512.2	19552	G	C	36	7	27	1	1	27	0.025641	39	0.493333	FALSE	NA	NA	NA	NA	NA	NA
NC_045512.2	19552	G	A	36	7	27	1	1	27	0.025641	39	0.493333	FALSE	NA	NA	NA	NA	NA	NA
NC_045512.2	19553	G	T	29	5	23	5	5	26	0.147059	34	0.028812	FALSE	NA	NA	NA	NA	NA	NA
NC_045512.2	19553	G	-C	29	5	23	1	0	20	0.0294118	34	0.47619	FALSE	NA	NA	NA	NA	NA	NA
NC_045512.2	19554	C	T	26	2	26	5	5	27	0.147059	34	0.0205706	FALSE	NA	NA	NA	NA	NA	NA
NC_045512.2	19554	C	G	26	2	26	2	2	25	0.0588235	34	0.199894	FALSE	NA	NA	NA	NA	NA	NA
NC_045512.2	19554	C	A	26	2	26	1	1	26	0.0294118	34	0.442623	FALSE	NA	NA	NA	NA	NA	NA
NC_045512.2	19555	T	G	29	4	26	5	5	26	0.142857	35	0.0266935	FALSE	NA	NA	NA	NA	NA	NA
NC_045512.2	19555	T	C	29	4	26	1	1	28	0.0285714	35	0.46875	FALSE	NA	NA	NA	NA	NA	NA
NC_045512.2	19556	T	G	28	4	27	2	2	27	0.0588235	34	0.222734	FALSE	NA	NA	NA	NA	NA	NA
NC_045512.2	19556	T	C	28	4	27	3	3	27	0.0882353	34	0.107887	FALSE	NA	NA	NA	NA	NA	NA
NC_045512.2	19556	T	A	28	4	27	1	1	22	0.0294118	34	0.467742	FALSE	NA	NA	NA	NA	NA	NA
NC_045512.2	19557	T	G	17	4	23	1	1	28	0.0434783	23	0.45	FALSE	NA	NA	NA	NA	NA	NA
NC_045512.2	19557	T	C	17	4	23	1	1	27	0.0434783	23	0.45	FALSE	NA	NA	NA	NA	NA	NA
NC_045512.2	19557	T	A	17	4	23	4	4	23	0.173913	23	0.0484969	FALSE	NA	NA	NA	NA	NA	NA
NC_045512.2	19558	A	G	29	6	26	2	2	27	0.0606061	33	0.238095	FALSE	NA	NA	NA	NA	NA	NA
NC_045512.2	19558	A	C	29	6	26	2	2	28	0.0606061	33	0.238095	FALSE	NA	NA	NA	NA	NA	NA
NC_045512.2	19559	G	T	25	2	26	5	5	25	0.147059	34	0.0202744	FALSE	NA	NA	NA	NA	NA	NA
NC_045512.2	19559	G	C	25	2	26	1	1	27	0.0294118	34	0.440678	FALSE	NA	NA	NA	NA	NA	NA
NC_045512.2	19559	G	A	25	2	26	3	3	27	0.0882353	34	0.0910253	FALSE	NA	NA	NA	NA	NA	NA
NC_045512.2	19560	C	T	26	4	26	5	5	27	0.147059	34	0.0222848	FALSE	NA	NA	NA	NA	NA	NA
NC_045512.2	19560	C	G	26	4	26	2	2	24	0.0588235	34	0.206557	FALSE	NA	NA	NA	NA	NA	NA
NC_045512.2	19560	C	A	26	4	26	1	1	27	0.0294118	34	0.45	FALSE	NA	NA	NA	NA	NA	NA
NC_045512.2	19561	T	G	29	7	27	3	3	27	0.0857143	35	0.108392	FALSE	NA	NA	NA	NA	NA	NA
NC_045512.2	19561	T	C	29	7	27	1	1	27	0.0285714	35	0.46875	FALSE	NA	NA	NA	NA	NA	NA
NC_045512.2	19561	T	A	29	7	27	2	2	24	0.0571429	35	0.223558	FALSE	NA	NA	NA	NA	NA	NA
NC_045512.2	19562	T	G	23	5	23	3	3	26	0.0967742	31	0.0937951	FALSE	NA	NA	NA	NA	NA	NA
NC_045512.2	19562	T	C	23	5	23	2	2	27	0.0645161	31	0.20202	FALSE	NA	NA	NA	NA	NA	NA
NC_045512.2	19562	T	A	23	5	23	3	3	28	0.0967742	31	0.0937951	FALSE	NA	NA	NA	NA	NA	NA
NC_045512.2	19563	G	T	28	6	26	5	5	27	0.142857	35	0.0245749	FALSE	NA	NA	NA	NA	NA	NA
NC_045512.2	19563	G	C	28	6	26	1	1	28	0.0285714	35	0.460317	FALSE	NA	NA	NA	NA	NA	NA
NC_045512.2	19563	G	A	28	6	26	1	1	27	0.0285714	35	0.460317	FALSE	NA	NA	NA	NA	NA	NA
NC_045512.2	19564	T	G	25	5	26	6	6	26	0.181818	33	0.0108363	FALSE	NA	NA	NA	NA	NA	NA
NC_045512.2	19564	T	A	25	5	26	2	2	28	0.0606061	33	0.205143	FALSE	NA	NA	NA	NA	NA	NA
NC_045512.2	19565	G	T	25	5	27	4	4	25	0.121212	33	0.0455126	FALSE	NA	NA	NA	NA	NA	NA
NC_045512.2	19565	G	C	25	5	27	1	1	28	0.030303	33	0.448276	FALSE	NA	NA	NA	NA	NA	NA
NC_045512.2	19565	G	A	25	5	27	3	3	26	0.0909091	33	0.0957335	FALSE	NA	NA	NA	NA	NA	NA
NC_045512.2	19566	G	T	24	4	27	5	5	27	0.147059	34	0.0183519	FALSE	NA	NA	NA	NA	NA	NA
NC_045512.2	19566	G	C	24	4	27	1	1	26	0.0294118	34	0.431034	FALSE	NA	NA	NA	NA	NA	NA
NC_045512.2	19566	G	A	24	4	27	4	4	26	0.117647	34	0.039235	FALSE	NA	NA	NA	NA	NA	NA
NC_045512.2	19567	G	T	19	8	23	1	1	28	0.0384615	26	0.444444	FALSE	NA	NA	NA	NA	NA	NA
NC_045512.2	19567	G	C	19	8	23	2	2	26	0.0769231	26	0.202899	FALSE	NA	NA	NA	NA	NA	NA
NC_045512.2	19567	G	A	19	8	23	4	4	25	0.153846	26	0.0455083	FALSE	NA	NA	NA	NA	NA	NA
NC_045512.2	19568	T	G	21	6	27	2	2	28	0.0689655	29	0.198431	FALSE	NA	NA	NA	NA	NA	NA
NC_045512.2	19568	T	C	21	6	27	1	1	26	0.0344828	29	0.44	FALSE	NA	NA	NA	NA	NA	NA
NC_045512.2	19568	T	A	21	6	27	5	5	26	0.172414	29	0.0207999	FALSE	NA	NA	NA	NA	NA	NA
NC_045512.2	19569	T	G	20	5	27	4	4	27	0.133333	30	0.0362879	FALSE	NA	NA	NA	NA	NA	NA
NC_045512.2	19569	T	C	20	5	27	3	3	26	0.1	30	0.0801357	FALSE	NA	NA	NA	NA	NA	NA
NC_045512.2	19569	T	A	20	5	27	3	3	25	0.1	30	0.0801357	FALSE	NA	NA	NA	NA	NA	NA
NC_045512.2	19570	T	G	10	5	24	1	1	28	0.05	20	0.366667	FALSE	NA	NA	NA	NA	NA	NA
NC_045512.2	19570	T	C	10	5	24	5	5	27	0.25	20	0.0107922	FALSE	NA	NA	NA	NA	NA	NA
NC_045512.2	19570	T	A	10	5	24	4	4	26	0.2	20	0.0244624	FALSE	NA	NA	NA	NA	NA	NA
NC_045512.2	19571	A	T	21	6	26	3	3	26	0.1	30	0.0863997	FALSE	NA	NA	NA	NA	NA	NA
NC_045512.2	19571	A	G	21	6	26	3	3	26	0.1	30	0.0863997	FALSE	NA	NA	NA	NA	NA	NA
NC_045512.2	19571	A	C	21	6	26	3	3	26	0.1	30	0.0863997	FALSE	NA	NA	NA	NA	NA	NA
NC_045512.2	19572	C	T	19	5	26	6	6	26	0.206897	29	0.00771426	TRUE	NA	NA	NA	NA	NA	NA
NC_045512.2	19572	C	G	19	5	26	3	3	27	0.103448	29	0.0785714	FALSE	NA	NA	NA	NA	NA	NA
NC_045512.2	19572	C	A	19	5	26	1	1	27	0.0344828	29	0.416667	FALSE	NA	NA	NA	NA	NA	NA
NC_045512.2	19573	A	T	19	5	26	4	4	26	0.142857	28	0.0384498	FALSE	NA	NA	NA	NA	NA	NA
NC_045512.2	19573	A	G	19	5	26	3	3	28	0.107143	28	0.0835866	FALSE	NA	NA	NA	NA	NA	NA
NC_045512.2	19573	A	C	19	5	26	2	2	25	0.0714286	28	0.18617	FALSE	NA	NA	NA	NA	NA	NA
NC_045512.2	19574	A	T	18	4	27	6	6	27	0.206897	29	0.00661129	TRUE	NA	NA	NA	NA	NA	NA
NC_045512.2	19574	A	G	18	4	27	2	2	23	0.0689655	29	0.16844	FALSE	NA	NA	NA	NA	NA	NA
NC_045512.2	19574	A	C	18	4	27	3	3	29	0.103448	29	0.0721884	FALSE	NA	NA	NA	NA	NA	NA
NC_045512.2	19575	A	T	9	3	23	5	5	27	0.25	20	0.0084353	TRUE	NA	NA	NA	NA	NA	NA
NC_045512.2	19575	A	G	9	3	23	3	3	26	0.15	20	0.0489433	FALSE	NA	NA	NA	NA	NA	NA
NC_045512.2	19575	A	C	9	3	23	3	3	28	0.15	20	0.0489433	FALSE	NA	NA	NA	NA	NA	NA
NC_045512.2	19576	C	T	16	5	26	3	3	27	0.12	25	0.0785188	FALSE	NA	NA	NA	NA	NA	NA
NC_045512.2	19576	C	G	16	5	26	4	4	28	0.16	25	0.0356903	FALSE	NA	NA	NA	NA	NA	NA
NC_045512.2	19576	C	A	16	5	26	2	2	26	0.08	25	0.1777	FALSE	NA	NA	NA	NA	NA	NA
NC_045512.2	19577	A	T	15	4	26	4	4	25	0.153846	26	0.0285523	FALSE	NA	NA	NA	NA	NA	NA
NC_045512.2	19577	A	G	15	4	26	2	2	26	0.0769231	26	0.157956	FALSE	NA	NA	NA	NA	NA	NA
NC_045512.2	19577	A	C	15	4	26	5	5	27	0.192308	26	0.0126899	FALSE	NA	NA	NA	NA	NA	NA
NC_045512.2	19578	A	T	16	8	24	4	4	27	0.173913	23	0.043286	FALSE	NA	NA	NA	NA	NA	NA
NC_045512.2	19578	A	G	16	8	24	2	2	28	0.0869565	23	0.196154	FALSE	NA	NA	NA	NA	NA	NA
NC_045512.2	19578	A	C	16	8	24	1	1	26	0.0434783	23	0.435897	FALSE	NA	NA	NA	NA	NA	NA
NC_045512.2	19579	T	G	15	5	26	3	3	27	0.12	25	0.0710801	FALSE	NA	NA	NA	NA	NA	NA
NC_045512.2	19579	T	C	15	5	26	1	1	27	0.04	25	0.4	FALSE	NA	NA	NA	NA	NA	NA
NC_045512.2	19579	T	A	15	5	26	6	6	25	0.24	25	0.0066622	TRUE	NA	NA	NA	NA	NA	NA
NC_045512.2	19580	T	G	16	6	28	2	2	25	0.0833333	24	0.186585	FALSE	NA	NA	NA	NA	NA	NA
NC_045512.2	19580	T	A	16	6	28	6	6	27	0.25	24	0.00916052	TRUE	NA	NA	NA	NA	NA	NA
NC_045512.2	19581	T	G	13	5	24	5	5	27	0.227273	22	0.0148813	FALSE	NA	NA	NA	NA	NA	NA
NC_045512.2	19581	T	C	13	5	24	2	2	27	0.0909091	22	0.166667	FALSE	NA	NA	NA	NA	NA	NA
NC_045512.2	19581	T	A	13	5	24	2	2	25	0.0909091	22	0.166667	FALSE	NA	NA	NA	NA	NA	NA
NC_045512.2	19582	G	T	13	3	27	4	4	24	0.153846	26	0.0212633	FALSE	NA	NA	NA	NA	NA	NA
NC_045512.2	19582	G	C	13	3	27	4	4	28	0.153846	26	0.0212633	FALSE	NA	NA	NA	NA	NA	NA
NC_045512.2	19582	G	A	13	3	27	5	5	26	0.192308	26	0.00890091	TRUE	NA	NA	NA	NA	NA	NA
NC_045512.2	19583	A	T	18	8	26	5	5	26	0.192308	26	0.0196513	FALSE	NA	NA	NA	NA	NA	NA
NC_045512.2	19583	A	G	18	8	26	3	3	22	0.115385	26	0.0876153	FALSE	NA	NA	NA	NA	NA	NA
NC_045512.2	19584	T	G	16	6	26	4	4	26	0.153846	26	0.0325179	FALSE	NA	NA	NA	NA	NA	NA
NC_045512.2	19584	T	C	16	6	26	4	4	26	0.153846	26	0.0325179	FALSE	NA	NA	NA	NA	NA	NA
NC_045512.2	19584	T	A	16	6	26	2	2	27	0.0769231	26	0.169435	FALSE	NA	NA	NA	NA	NA	NA
NC_045512.2	19585	A	T	19	9	26	4	4	26	0.148148	27	0.0417933	FALSE	NA	NA	NA	NA	NA	NA
NC_045512.2	19585	A	G	19	9	26	3	3	26	0.111111	27	0.0890379	FALSE	NA	NA	NA	NA	NA	NA
NC_045512.2	19585	A	C	19	9	26	1	1	28	0.037037	27	0.434783	FALSE	NA	NA	NA	NA	NA	NA
NC_045512.2	19586	C	T	13	5	26	6	6	28	0.24	25	0.00445046	TRUE	NA	NA	NA	NA	NA	NA
NC_045512.2	19586	C	G	13	5	26	3	3	26	0.12	25	0.0566802	FALSE	NA	NA	NA	NA	NA	NA
NC_045512.2	19586	C	A	13	5	26	3	3	26	0.12	25	0.0566802	FALSE	NA	NA	NA	NA	NA	NA
NC_045512.2	19587	T	G	11	6	26	5	5	26	0.25	20	0.0134552	FALSE	NA	NA	NA	NA	NA	NA
NC_045512.2	19587	T	C	11	6	26	1	1	27	0.05	20	0.387097	FALSE	NA	NA	NA	NA	NA	NA
NC_045512.2	19587	T	A	11	6	26	3	3	25	0.15	20	0.0667155	FALSE	NA	NA	NA	NA	NA	NA
NC_045512.2	19588	T	G	9	5	24	6	6	26	0.285714	21	0.00308349	TRUE	NA	NA	NA	NA	NA	NA
NC_045512.2	19588	T	C	9	5	24	2	2	27	0.0952381	21	0.11828	FALSE	NA	NA	NA	NA	NA	NA
NC_045512.2	19588	T	A	9	5	24	4	4	25	0.190476	21	0.0174731	FALSE	NA	NA	NA	NA	NA	NA
NC_045512.2	19589	A	T	9	4	26	5	5	26	0.227273	22	0.00616698	TRUE	NA	NA	NA	NA	NA	NA
NC_045512.2	19589	A	G	9	4	26	5	5	27	0.227273	22	0.00616698	TRUE	NA	NA	NA	NA	NA	NA
NC_045512.2	19589	A	C	9	4	26	3	3	24	0.136364	22	0.0403226	FALSE	NA	NA	NA	NA	NA	NA
NC_045512.2	19590	T	G	11	7	24	3	3	26	0.142857	21	0.0608289	FALSE	NA	NA	NA	NA	NA	NA
NC_045512.2	19590	T	C	11	7	24	2	2	26	0.0952381	21	0.147727	FALSE	NA	NA	NA	NA	NA	NA
NC_045512.2	19590	T	A	11	7	24	5	5	24	0.238095	21	0.0115865	FALSE	NA	NA	NA	NA	NA	NA
NC_045512.2	19590	T	-A	11	7	24	1	0	20	0.047619	21	0.375	FALSE	NA	NA	NA	NA	NA	NA
NC_045512.2	19591	A	T	9	6	24	7	7	27	0.368421	19	0.00170124	TRUE	NA	NA	NA	NA	NA	NA
NC_045512.2	19591	A	G	9	6	24	2	2	24	0.105263	19	0.126437	FALSE	NA	NA	NA	NA	NA	NA
NC_045512.2	19591	A	C	9	6	24	1	1	27	0.0526316	19	0.344828	FALSE	NA	NA	NA	NA	NA	NA
NC_045512.2	19592	A	T	7	5	25	5	5	28	0.263158	19	0.00555766	TRUE	NA	NA	NA	NA	NA	NA
NC_045512.2	19592	A	G	7	5	25	5	5	25	0.263158	19	0.00555766	TRUE	NA	NA	NA	NA	NA	NA
NC_045512.2	19592	A	C	7	5	25	2	2	26	0.105263	19	0.102564	FALSE	NA	NA	NA	NA	NA	NA
NC_045512.2	19593	C	T	6	2	23	7	7	26	0.333333	21	0.000401681	TRUE	NA	NA	NA	NA	NA	NA
NC_045512.2	19593	C	G	6	2	23	6	6	27	0.285714	21	0.00101965	TRUE	NA	NA	NA	NA	NA	NA
NC_045512.2	19593	C	A	6	2	23	2	2	27	0.0952381	21	0.0740741	FALSE	NA	NA	NA	NA	NA	NA
NC_045512.2	19594	C	T	8	5	25	6	6	27	0.315789	19	0.00331387	TRUE	NA	NA	NA	NA	NA	NA
NC_045512.2	19594	C	G	8	5	25	2	2	28	0.105263	19	0.119048	FALSE	NA	NA	NA	NA	NA	NA
NC_045512.2	19594	C	A	8	5	25	3	3	28	0.157895	19	0.045156	FALSE	NA	NA	NA	NA	NA	NA
NC_045512.2	19595	T	G	11	7	27	6	6	27	0.285714	21	0.00532351	TRUE	NA	NA	NA	NA	NA	NA
NC_045512.2	19595	T	C	11	7	27	1	1	26	0.047619	21	0.375	FALSE	NA	NA	NA	NA	NA	NA
NC_045512.2	19595	T	A	11	7	27	3	3	26	0.142857	21	0.0608289	FALSE	NA	NA	NA	NA	NA	NA
NC_045512.2	19596	C	T	10	6	27	6	6	28	0.285714	21	0.00411132	TRUE	NA	NA	NA	NA	NA	NA
NC_045512.2	19596	C	G	10	6	27	3	3	26	0.142857	21	0.0524194	FALSE	NA	NA	NA	NA	NA	NA
NC_045512.2	19596	C	A	10	6	27	2	2	27	0.0952381	21	0.133065	FALSE	NA	NA	NA	NA	NA	NA
NC_045512.2	19597	T	G	12	8	26	3	3	26	0.142857	21	0.0695187	FALSE	NA	NA	NA	NA	NA	NA
NC_045512.2	19597	T	C	12	8	26	1	1	27	0.047619	21	0.393939	FALSE	NA	NA	NA	NA	NA	NA
NC_045512.2	19597	T	A	12	8	26	5	5	27	0.238095	21	0.014196	FALSE	NA	NA	NA	NA	NA	NA
NC_045512.2	19598	G	T	8	4	26	4	4	26	0.190476	21	0.0137653	FALSE	NA	NA	NA	NA	NA	NA
NC_045512.2	19598	G	C	8	4	26	6	6	27	0.285714	21	0.00223287	TRUE	NA	NA	NA	NA	NA	NA
NC_045512.2	19598	G	A	8	4	26	3	3	27	0.142857	21	0.0367075	FALSE	NA	NA	NA	NA	NA	NA
NC_045512.2	19599	G	T	6	4	26	5	5	27	0.263158	19	0.00389036	TRUE	NA	NA	NA	NA	NA	NA
NC_045512.2	19599	G	C	6	4	26	2	2	27	0.105263	19	0.0861538	FALSE	NA	NA	NA	NA	NA	NA
NC_045512.2	19599	G	A	6	4	26	6	6	25	0.315789	19	0.00155615	TRUE	NA	NA	NA	NA	NA	NA
NC_045512.2	19600	A	G	12	8	26	6	6	27	0.285714	21	0.00672443	TRUE	NA	NA	NA	NA	NA	NA
NC_045512.2	19600	A	C	12	8	26	3	3	27	0.142857	21	0.0695187	FALSE	NA	NA	NA	NA	NA	NA
NC_045512.2	19601	A	T	11	7	24	5	5	25	0.238095	21	0.0115865	FALSE	NA	NA	NA	NA	NA	NA
NC_045512.2	19601	A	G	11	7	24	2	2	25	0.0952381	21	0.147727	FALSE	NA	NA	NA	NA	NA	NA
NC_045512.2	19601	A	C	11	7	24	3	3	27	0.142857	21	0.0608289	FALSE	NA	NA	NA	NA	NA	NA
NC_045512.2	19602	C	T	8	4	25	6	6	25	0.285714	21	0.00223287	TRUE	NA	NA	NA	NA	NA	NA
NC_045512.2	19602	C	G	8	4	25	3	3	27	0.142857	21	0.0367075	FALSE	NA	NA	NA	NA	NA	NA
NC_045512.2	19602	C	A	8	4	25	4	4	26	0.190476	21	0.0137653	FALSE	NA	NA	NA	NA	NA	NA
NC_045512.2	19603	A	T	7	4	27	8	8	27	0.4	20	0.000354424	TRUE	NA	NA	NA	NA	NA	NA
NC_045512.2	19603	A	G	7	4	27	1	1	30	0.05	20	0.296296	FALSE	NA	NA	NA	NA	NA	NA
NC_045512.2	19603	A	C	7	4	27	4	4	28	0.2	20	0.0120416	FALSE	NA	NA	NA	NA	NA	NA
NC_045512.2	19604	C	T	7	4	26	5	5	28	0.25	20	0.00466126	TRUE	NA	NA	NA	NA	NA	NA
NC_045512.2	19604	C	G	7	4	26	5	5	26	0.25	20	0.00466126	TRUE	NA	NA	NA	NA	NA	NA
NC_045512.2	19604	C	A	7	4	26	3	3	27	0.15	20	0.0328407	FALSE	NA	NA	NA	NA	NA	NA
NC_045512.2	19605	T	G	9	8	26	3	3	26	0.1875	16	0.0752137	FALSE	NA	NA	NA	NA	NA	NA
NC_045512.2	19605	T	C	9	8	26	1	1	28	0.0625	16	0.4	FALSE	NA	NA	NA	NA	NA	NA
NC_045512.2	19605	T	A	9	8	26	3	3	26	0.1875	16	0.0752137	FALSE	NA	NA	NA	NA	NA	NA
NC_045512.2	19606	T	G	8	7	27	1	1	28	0.0555556	18	0.346154	FALSE	NA	NA	NA	NA	NA	NA
NC_045512.2	19606	T	C	8	7	27	1	1	22	0.0555556	18	0.346154	FALSE	NA	NA	NA	NA	NA	NA
NC_045512.2	19606	T	A	8	7	27	8	8	26	0.444444	18	0.000926956	TRUE	NA	NA	NA	NA	NA	NA
NC_045512.2	19607	T	G	7	6	28	3	3	27	0.166667	18	0.0410256	FALSE	NA	NA	NA	NA	NA	NA
NC_045512.2	19607	T	C	7	6	28	3	3	25	0.166667	18	0.0410256	FALSE	NA	NA	NA	NA	NA	NA
NC_045512.2	19607	T	A	7	6	28	5	5	26	0.277778	18	0.00666919	TRUE	NA	NA	NA	NA	NA	NA
NC_045512.2	19608	T	G	7	6	26	1	1	29	0.0555556	18	0.32	FALSE	NA	NA	NA	NA	NA	NA
NC_045512.2	19608	T	C	7	6	26	7	7	27	0.388889	18	0.00130515	TRUE	NA	NA	NA	NA	NA	NA
NC_045512.2	19608	T	A	7	6	26	3	3	26	0.166667	18	0.0410256	FALSE	NA	NA	NA	NA	NA	NA
NC_045512.2	19609	A	T	6	5	27	7	7	27	0.411765	17	0.00109945	TRUE	NA	NA	NA	NA	NA	NA
NC_045512.2	19609	A	G	6	5	27	1	1	28	0.0588235	17	0.304348	FALSE	NA	NA	NA	NA	NA	NA
NC_045512.2	19609	A	C	6	5	27	3	3	28	0.176471	17	0.0365217	FALSE	NA	NA	NA	NA	NA	NA
NC_045512.2	19610	C	T	9	8	27	5	5	28	0.277778	18	0.0117826	FALSE	NA	NA	NA	NA	NA	NA
NC_045512.2	19610	C	A	9	8	27	4	4	28	0.222222	18	0.0260901	FALSE	NA	NA	NA	NA	NA	NA
NC_045512.2	19611	A	T	9	8	26	4	4	26	0.222222	18	0.0260901	FALSE	NA	NA	NA	NA	NA	NA
NC_045512.2	19611	A	G	9	8	26	3	3	27	0.166667	18	0.060208	FALSE	NA	NA	NA	NA	NA	NA
NC_045512.2	19611	A	C	9	8	26	2	2	30	0.111111	18	0.145503	FALSE	NA	NA	NA	NA	NA	NA
NC_045512.2	19612	A	T	9	8	27	5	5	27	0.277778	18	0.0117826	FALSE	NA	NA	NA	NA	NA	NA
NC_045512.2	19612	A	G	9	8	27	3	3	26	0.166667	18	0.060208	FALSE	NA	NA	NA	NA	NA	NA
NC_045512.2	19612	A	C	9	8	27	1	1	28	0.0555556	18	0.37037	FALSE	NA	NA	NA	NA	NA	NA
NC_045512.2	19613	G	T	7	6	27	6	6	28	0.333333	18	0.00288998	TRUE	NA	NA	NA	NA	NA	NA
NC_045512.2	19613	G	C	7	6	27	1	1	29	0.0555556	18	0.32	FALSE	NA	NA	NA	NA	NA	NA
NC_045512.2	19613	G	A	7	6	27	4	4	26	0.222222	18	0.0161172	FALSE	NA	NA	NA	NA	NA	NA
NC_045512.2	19614	A	T	8	7	25	4	4	26	0.222222	18	0.0208412	FALSE	NA	NA	NA	NA	NA	NA
NC_045512.2	19614	A	G	8	7	25	5	5	28	0.277778	18	0.0090312	TRUE	NA	NA	NA	NA	NA	NA
NC_045512.2	19614	A	C	8	7	25	1	1	27	0.0555556	18	0.346154	FALSE	NA	NA	NA	NA	NA	NA
NC_045512.2	19615	C	T	6	5	25	3	3	24	0.166667	18	0.0323077	FALSE	NA	NA	NA	NA	NA	NA
NC_045512.2	19615	C	G	6	5	25	5	5	26	0.277778	18	0.00470085	TRUE	NA	NA	NA	NA	NA	NA
NC_045512.2	19615	C	A	6	5	25	4	4	27	0.222222	18	0.0119658	FALSE	NA	NA	NA	NA	NA	NA
NC_045512.2	19616	T	G	7	6	25	4	4	23	0.25	16	0.0220736	FALSE	NA	NA	NA	NA	NA	NA
NC_045512.2	19616	T	C	7	6	25	4	4	28	0.25	16	0.0220736	FALSE	NA	NA	NA	NA	NA	NA
NC_045512.2	19616	T	A	7	6	25	1	1	28	0.0625	16	0.347826	FALSE	NA	NA	NA	NA	NA	NA
NC_045512.2	19617	T	G	10	10	25	2	2	27	0.117647	17	0.174603	FALSE	NA	NA	NA	NA	NA	NA
NC_045512.2	19617	T	C	10	10	25	1	1	27	0.0588235	17	0.407407	FALSE	NA	NA	NA	NA	NA	NA
NC_045512.2	19617	T	A	10	10	25	4	4	26	0.235294	17	0.0365262	FALSE	NA	NA	NA	NA	NA	NA
NC_045512.2	19618	C	T	6	5	26	5	5	26	0.3125	16	0.00702341	TRUE	NA	NA	NA	NA	NA	NA
NC_045512.2	19618	C	A	6	5	26	5	5	26	0.3125	16	0.00702341	TRUE	NA	NA	NA	NA	NA	NA
NC_045512.2	19619	A	T	7	6	27	4	4	27	0.235294	17	0.0188034	FALSE	NA	NA	NA	NA	NA	NA
NC_045512.2	19619	A	G	7	6	27	3	3	26	0.176471	17	0.0461538	FALSE	NA	NA	NA	NA	NA	NA
NC_045512.2	19619	A	C	7	6	27	3	3	26	0.176471	17	0.0461538	FALSE	NA	NA	NA	NA	NA	NA
NC_045512.2	19620	G	T	6	5	26	5	5	27	0.277778	18	0.00470085	TRUE	NA	NA	NA	NA	NA	NA
NC_045512.2	19620	G	C	6	5	26	2	2	25	0.111111	18	0.0933333	FALSE	NA	NA	NA	NA	NA	NA
NC_045512.2	19620	G	A	6	5	26	5	5	25	0.277778	18	0.00470085	TRUE	NA	NA	NA	NA	NA	NA
NC_045512.2	19621	A	T	8	7	26	2	2	26	0.117647	17	0.138462	FALSE	NA	NA	NA	NA	NA	NA
NC_045512.2	19621	A	G	8	7	26	6	6	27	0.352941	17	0.00505747	TRUE	NA	NA	NA	NA	NA	NA
NC_045512.2	19621	A	C	8	7	26	1	1	27	0.0588235	17	0.36	FALSE	NA	NA	NA	NA	NA	NA
NC_045512.2	19622	G	T	4	3	26	4	4	26	0.222222	18	0.0055336	TRUE	NA	NA	NA	NA	NA	NA
NC_045512.2	19622	G	C	4	3	26	5	5	27	0.277778	18	0.00191548	TRUE	NA	NA	NA	NA	NA	NA
NC_045512.2	19622	G	A	4	3	26	5	5	26	0.277778	18	0.00191548	TRUE	NA	NA	NA	NA	NA	NA
NC_045512.2	19623	T	G	8	7	26	2	2	26	0.111111	18	0.128205	FALSE	NA	NA	NA	NA	NA	NA
NC_045512.2	19623	T	C	8	7	26	1	1	28	0.0555556	18	0.346154	FALSE	NA	NA	NA	NA	NA	NA
NC_045512.2	19623	T	A	8	7	26	7	7	26	0.388889	18	0.00191185	TRUE	NA	NA	NA	NA	NA	NA
NC_045512.2	19624	T	G	8	7	26	4	4	27	0.222222	18	0.0208412	FALSE	NA	NA	NA	NA	NA	NA
NC_045512.2	19624	T	C	8	7	26	4	4	27	0.222222	18	0.0208412	FALSE	NA	NA	NA	NA	NA	NA
NC_045512.2	19624	T	A	8	7	26	2	2	26	0.111111	18	0.128205	FALSE	NA	NA	NA	NA	NA	NA
NC_045512.2	19625	T	G	7	7	26	4	4	27	0.235294	17	0.0188034	FALSE	NA	NA	NA	NA	NA	NA
NC_045512.2	19625	T	C	7	7	26	2	2	28	0.117647	17	0.12	FALSE	NA	NA	NA	NA	NA	NA
NC_045512.2	19625	T	A	7	7	26	4	4	25	0.235294	17	0.0188034	FALSE	NA	NA	NA	NA	NA	NA
NC_045512.2	19626	A	T	7	6	27	2	2	28	0.117647	17	0.12	FALSE	NA	NA	NA	NA	NA	NA
NC_045512.2	19626	A	G	7	6	27	4	4	25	0.235294	17	0.0188034	FALSE	NA	NA	NA	NA	NA	NA
NC_045512.2	19626	A	C	7	6	27	4	4	25	0.235294	17	0.0188034	FALSE	NA	NA	NA	NA	NA	NA
NC_045512.2	19627	G	T	6	5	26	6	6	27	0.352941	17	0.00245262	TRUE	NA	NA	NA	NA	NA	NA
NC_045512.2	19627	G	A	6	5	26	5	5	26	0.294118	17	0.00572278	TRUE	NA	NA	NA	NA	NA	NA
NC_045512.2	19628	A	T	5	5	25	5	5	25	0.294118	17	0.00383095	TRUE	NA	NA	NA	NA	NA	NA
NC_045512.2	19628	A	G	5	5	25	5	5	27	0.294118	17	0.00383095	TRUE	NA	NA	NA	NA	NA	NA
NC_045512.2	19628	A	C	5	5	25	2	2	27	0.117647	17	0.083004	FALSE	NA	NA	NA	NA	NA	NA
NC_045512.2	19629	A	T	5	5	28	7	7	26	0.411765	17	0.000668896	TRUE	NA	NA	NA	NA	NA	NA
NC_045512.2	19629	A	G	5	5	28	1	1	27	0.0588235	17	0.272727	FALSE	NA	NA	NA	NA	NA	NA
NC_045512.2	19629	A	C	5	5	28	4	4	27	0.235294	17	0.00996047	TRUE	NA	NA	NA	NA	NA	NA
NC_045512.2	19630	A	T	6	6	26	8	8	25	0.470588	17	0.000513077	TRUE	NA	NA	NA	NA	NA	NA
NC_045512.2	19630	A	G	6	6	26	1	1	26	0.0588235	17	0.304348	FALSE	NA	NA	NA	NA	NA	NA
NC_045512.2	19630	A	C	6	6	26	2	2	27	0.117647	17	0.101449	FALSE	NA	NA	NA	NA	NA	NA
NC_045512.2	19631	A	T	4	4	27	7	7	27	0.411765	17	0.000371609	TRUE	NA	NA	NA	NA	NA	NA
NC_045512.2	19631	A	G	4	4	27	3	3	27	0.176471	17	0.0197628	FALSE	NA	NA	NA	NA	NA	NA
NC_045512.2	19631	A	C	4	4	27	3	3	26	0.176471	17	0.0197628	FALSE	NA	NA	NA	NA	NA	NA
NC_045512.2	19632	T	G	5	5	27	2	2	26	0.125	16	0.0909091	FALSE	NA	NA	NA	NA	NA	NA
NC_045512.2	19632	T	C	5	5	27	5	5	27	0.3125	16	0.00474308	TRUE	NA	NA	NA	NA	NA	NA
NC_045512.2	19632	T	A	5	5	27	4	4	25	0.25	16	0.0118577	FALSE	NA	NA	NA	NA	NA	NA
NC_045512.2	19633	G	T	4	4	25	6	6	27	0.352941	17	0.000912131	TRUE	NA	NA	NA	NA	NA	NA
NC_045512.2	19633	G	C	4	4	25	3	3	25	0.176471	17	0.0197628	FALSE	NA	NA	NA	NA	NA	NA
NC_045512.2	19633	G	A	4	4	25	4	4	26	0.235294	17	0.00658762	TRUE	NA	NA	NA	NA	NA	NA
NC_045512.2	19634	T	G	5	5	27	3	3	28	0.176471	17	0.027668	FALSE	NA	NA	NA	NA	NA	NA
NC_045512.2	19634	T	C	5	5	27	3	3	25	0.176471	17	0.027668	FALSE	NA	NA	NA	NA	NA	NA
NC_045512.2	19634	T	A	5	5	27	6	6	27	0.352941	17	0.00156076	TRUE	NA	NA	NA	NA	NA	NA
NC_045512.2	19635	G	T	8	8	27	5	5	25	0.294118	17	0.0108374	FALSE	NA	NA	NA	NA	NA	NA
NC_045512.2	19635	G	C	8	8	27	2	2	27	0.117647	17	0.138462	FALSE	NA	NA	NA	NA	NA	NA
NC_045512.2	19635	G	A	8	8	27	2	2	27	0.117647	17	0.138462	FALSE	NA	NA	NA	NA	NA	NA
NC_045512.2	19636	G	T	5	5	28	4	4	25	0.235294	17	0.00996047	TRUE	NA	NA	NA	NA	NA	NA
NC_045512.2	19636	G	C	5	5	28	6	6	27	0.352941	17	0.00156076	TRUE	NA	NA	NA	NA	NA	NA
NC_045512.2	19636	G	A	5	5	28	2	2	28	0.117647	17	0.083004	FALSE	NA	NA	NA	NA	NA	NA
NC_045512.2	19637	C	T	5	5	29	7	7	27	0.4375	16	0.000891862	TRUE	NA	NA	NA	NA	NA	NA
NC_045512.2	19637	C	G	5	5	29	3	3	25	0.1875	16	0.0316206	FALSE	NA	NA	NA	NA	NA	NA
NC_045512.2	19637	C	A	5	5	29	1	1	25	0.0625	16	0.285714	FALSE	NA	NA	NA	NA	NA	NA
NC_045512.2	19638	T	G	8	8	25	4	4	25	0.25	16	0.0282051	FALSE	NA	NA	NA	NA	NA	NA
NC_045512.2	19638	T	C	8	8	25	1	1	29	0.0625	16	0.375	FALSE	NA	NA	NA	NA	NA	NA
NC_045512.2	19638	T	A	8	8	25	3	3	29	0.1875	16	0.0634615	FALSE	NA	NA	NA	NA	NA	NA
NC_045512.2	19639	T	G	8	8	29	6	6	26	0.375	16	0.00632184	TRUE	NA	NA	NA	NA	NA	NA
NC_045512.2	19639	T	C	8	8	29	1	1	25	0.0625	16	0.375	FALSE	NA	NA	NA	NA	NA	NA
NC_045512.2	19639	T	A	8	8	29	1	1	33	0.0625	16	0.375	FALSE	NA	NA	NA	NA	NA	NA
NC_045512.2	19640	T	G	5	5	27	4	4	25	0.235294	17	0.00996047	TRUE	NA	NA	NA	NA	NA	NA
NC_045512.2	19640	T	C	5	5	27	4	4	27	0.235294	17	0.00996047	TRUE	NA	NA	NA	NA	NA	NA
NC_045512.2	19640	T	A	5	5	27	4	4	26	0.235294	17	0.00996047	TRUE	NA	NA	NA	NA	NA	NA
NC_045512.2	19641	T	G	9	9	27	3	3	25	0.176471	17	0.0671551	FALSE	NA	NA	NA	NA	NA	NA
NC_045512.2	19641	T	C	9	9	27	2	2	28	0.117647	17	0.156695	FALSE	NA	NA	NA	NA	NA	NA
NC_045512.2	19641	T	A	9	9	27	3	3	26	0.176471	17	0.0671551	FALSE	NA	NA	NA	NA	NA	NA
NC_045512.2	19642	A	T	5	5	24	5	5	26	0.357143	14	0.00748908	TRUE	NA	NA	NA	NA	NA	NA
NC_045512.2	19642	A	G	5	5	24	3	3	27	0.214286	14	0.0421053	FALSE	NA	NA	NA	NA	NA	NA
NC_045512.2	19642	A	C	5	5	24	1	1	27	0.0714286	14	0.315789	FALSE	NA	NA	NA	NA	NA	NA
NC_045512.2	19643	A	T	8	8	27	7	7	26	0.411765	17	0.00244716	TRUE	NA	NA	NA	NA	NA	NA
NC_045512.2	19643	A	C	8	8	27	2	2	26	0.117647	17	0.138462	FALSE	NA	NA	NA	NA	NA	NA
NC_045512.2	19644	T	G	8	8	25	1	1	28	0.0588235	17	0.36	FALSE	NA	NA	NA	NA	NA	NA
NC_045512.2	19644	T	C	8	8	25	2	2	27	0.117647	17	0.138462	FALSE	NA	NA	NA	NA	NA	NA
NC_045512.2	19644	T	A	8	8	25	6	6	26	0.352941	17	0.00505747	TRUE	NA	NA	NA	NA	NA	NA
NC_045512.2	19645	G	T	5	5	26	6	6	26	0.352941	17	0.00156076	TRUE	NA	NA	NA	NA	NA	NA
NC_045512.2	19645	G	A	5	5	26	6	6	26	0.352941	17	0.00156076	TRUE	NA	NA	NA	NA	NA	NA
NC_045512.2	19646	T	G	5	5	26	2	2	27	0.117647	17	0.083004	FALSE	NA	NA	NA	NA	NA	NA
NC_045512.2	19646	T	C	5	5	26	4	4	24	0.235294	17	0.00996047	TRUE	NA	NA	NA	NA	NA	NA
NC_045512.2	19646	T	A	5	5	26	6	6	25	0.352941	17	0.00156076	TRUE	NA	NA	NA	NA	NA	NA
NC_045512.2	19647	T	G	6	6	26	3	3	26	0.2	15	0.0474308	FALSE	NA	NA	NA	NA	NA	NA
NC_045512.2	19647	T	C	6	6	26	3	3	27	0.2	15	0.0474308	FALSE	NA	NA	NA	NA	NA	NA
NC_045512.2	19647	T	A	6	6	26	3	3	27	0.2	15	0.0474308	FALSE	NA	NA	NA	NA	NA	NA
NC_045512.2	19648	G	T	3	3	24	7	7	26	0.411765	17	0.000182426	TRUE	NA	NA	NA	NA	NA	NA
NC_045512.2	19648	G	C	3	3	24	2	2	27	0.117647	17	0.047619	FALSE	NA	NA	NA	NA	NA	NA
NC_045512.2	19648	G	A	3	3	24	5	5	25	0.294118	17	0.00131752	TRUE	NA	NA	NA	NA	NA	NA
NC_045512.2	19649	T	G	4	4	24	5	5	26	0.294118	17	0.00237154	TRUE	NA	NA	NA	NA	NA	NA
NC_045512.2	19649	T	C	4	4	24	1	1	25	0.0588235	17	0.238095	FALSE	NA	NA	NA	NA	NA	NA
NC_045512.2	19649	T	A	4	4	24	7	7	25	0.411765	17	0.000371609	TRUE	NA	NA	NA	NA	NA	NA
NC_045512.2	19650	A	T	4	4	26	5	5	26	0.333333	15	0.00374454	TRUE	NA	NA	NA	NA	NA	NA
NC_045512.2	19650	A	G	4	4	26	3	3	26	0.2	15	0.0263158	FALSE	NA	NA	NA	NA	NA	NA
NC_045512.2	19650	A	C	4	4	26	3	3	26	0.2	15	0.0263158	FALSE	NA	NA	NA	NA	NA	NA
NC_045512.2	19651	A	T	7	7	26	3	3	25	0.2	15	0.0592885	FALSE	NA	NA	NA	NA	NA	NA
NC_045512.2	19651	A	G	7	7	26	2	2	26	0.133333	15	0.142292	FALSE	NA	NA	NA	NA	NA	NA
NC_045512.2	19651	A	C	7	7	26	3	3	26	0.2	15	0.0592885	FALSE	NA	NA	NA	NA	NA	NA
NC_045512.2	19652	A	T	6	6	26	5	5	25	0.294118	17	0.00572278	TRUE	NA	NA	NA	NA	NA	NA
NC_045512.2	19652	A	G	6	6	26	5	5	26	0.294118	17	0.00572278	TRUE	NA	NA	NA	NA	NA	NA
NC_045512.2	19652	A	C	6	6	26	1	1	28	0.0588235	17	0.304348	FALSE	NA	NA	NA	NA	NA	NA
NC_045512.2	19653	T	G	7	7	27	4	4	28	0.25	16	0.0220736	FALSE	NA	NA	NA	NA	NA	NA
NC_045512.2	19653	T	C	7	7	27	2	2	26	0.125	16	0.130435	FALSE	NA	NA	NA	NA	NA	NA
NC_045512.2	19653	T	A	7	7	27	3	3	26	0.1875	16	0.0521739	FALSE	NA	NA	NA	NA	NA	NA
NC_045512.2	19654	A	T	5	5	25	8	8	25	0.470588	17	0.00029985	TRUE	NA	NA	NA	NA	NA	NA
NC_045512.2	19654	A	G	5	5	25	3	3	26	0.176471	17	0.027668	FALSE	NA	NA	NA	NA	NA	NA
NC_045512.2	19654	A	C	5	5	25	1	1	29	0.0588235	17	0.272727	FALSE	NA	NA	NA	NA	NA	NA
NC_045512.2	19655	A	T	5	5	27	8	8	28	0.470588	17	0.00029985	TRUE	NA	NA	NA	NA	NA	NA
NC_045512.2	19655	A	G	5	5	27	2	2	27	0.117647	17	0.083004	FALSE	NA	NA	NA	NA	NA	NA
NC_045512.2	19655	A	C	5	5	27	2	2	26	0.117647	17	0.083004	FALSE	NA	NA	NA	NA	NA	NA
NC_045512.2	19656	G	T	6	6	25	7	7	27	0.411765	17	0.00109945	TRUE	NA	NA	NA	NA	NA	NA
NC_045512.2	19656	G	C	6	6	25	1	1	27	0.0588235	17	0.304348	FALSE	NA	NA	NA	NA	NA	NA
NC_045512.2	19656	G	A	6	6	25	3	3	25	0.176471	17	0.0365217	FALSE	NA	NA	NA	NA	NA	NA
NC_045512.2	19657	G	T	5	5	28	3	3	28	0.176471	17	0.027668	FALSE	NA	NA	NA	NA	NA	NA
NC_045512.2	19657	G	C	5	5	28	3	3	25	0.176471	17	0.027668	FALSE	NA	NA	NA	NA	NA	NA
NC_045512.2	19657	G	A	5	5	28	6	6	26	0.352941	17	0.00156076	TRUE	NA	NA	NA	NA	NA	NA
NC_045512.2	19658	G	T	4	4	27	5	5	23	0.3125	16	0.00296443	TRUE	NA	NA	NA	NA	NA	NA
NC_045512.2	19658	G	C	4	4	27	4	4	28	0.25	16	0.00790514	TRUE	NA	NA	NA	NA	NA	NA
NC_045512.2	19658	G	A	4	4	27	3	3	27	0.1875	16	0.0227273	FALSE	NA	NA	NA	NA	NA	NA
NC_045512.2	19659	A	T	5	5	25	5	5	26	0.294118	17	0.00383095	TRUE	NA	NA	NA	NA	NA	NA
NC_045512.2	19659	A	G	5	5	25	3	3	23	0.176471	17	0.027668	FALSE	NA	NA	NA	NA	NA	NA
NC_045512.2	19659	A	C	5	5	25	4	4	26	0.235294	17	0.00996047	TRUE	NA	NA	NA	NA	NA	NA
NC_045512.2	19660	C	T	5	5	26	5	5	25	0.294118	17	0.00383095	TRUE	NA	NA	NA	NA	NA	NA
NC_045512.2	19660	C	G	5	5	26	2	2	25	0.117647	17	0.083004	FALSE	NA	NA	NA	NA	NA	NA
NC_045512.2	19660	C	A	5	5	26	5	5	26	0.294118	17	0.00383095	TRUE	NA	NA	NA	NA	NA	NA
NC_045512.2	19661	A	T	6	6	28	5	5	27	0.3125	16	0.00702341	TRUE	NA	NA	NA	NA	NA	NA
NC_045512.2	19661	A	G	6	6	28	2	2	25	0.125	16	0.110672	FALSE	NA	NA	NA	NA	NA	NA
NC_045512.2	19661	A	C	6	6	28	3	3	26	0.1875	16	0.041502	FALSE	NA	NA	NA	NA	NA	NA
NC_045512.2	19662	C	T	7	7	27	5	5	28	0.3125	16	0.00981048	TRUE	NA	NA	NA	NA	NA	NA
NC_045512.2	19662	C	G	7	7	27	1	1	27	0.0625	16	0.347826	FALSE	NA	NA	NA	NA	NA	NA
NC_045512.2	19662	C	A	7	7	27	3	3	27	0.1875	16	0.0521739	FALSE	NA	NA	NA	NA	NA	NA
NC_045512.2	19663	T	G	9	9	26	2	2	27	0.117647	17	0.156695	FALSE	NA	NA	NA	NA	NA	NA
NC_045512.2	19663	T	C	9	9	26	2	2	27	0.117647	17	0.156695	FALSE	NA	NA	NA	NA	NA	NA
NC_045512.2	19663	T	A	9	9	26	4	4	23	0.235294	17	0.030104	FALSE	NA	NA	NA	NA	NA	NA
NC_045512.2	19664	T	G	5	5	26	1	1	20	0.0588235	17	0.272727	FALSE	NA	NA	NA	NA	NA	NA
NC_045512.2	19664	T	C	5	5	26	1	1	27	0.0588235	17	0.272727	FALSE	NA	NA	NA	NA	NA	NA
NC_045512.2	19664	T	A	5	5	26	10	10	25	0.588235	17	6.77081e-05	TRUE	NA	NA	NA	NA	NA	NA
NC_045512.2	19665	T	G	8	8	26	2	2	27	0.125	16	0.15	FALSE	NA	NA	NA	NA	NA	NA
NC_045512.2	19665	T	C	8	8	26	1	1	23	0.0625	16	0.375	FALSE	NA	NA	NA	NA	NA	NA
NC_045512.2	19665	T	A	8	8	26	5	5	26	0.3125	16	0.0130952	FALSE	NA	NA	NA	NA	NA	NA
NC_045512.2	19666	G	T	6	6	27	4	4	26	0.235294	17	0.0140468	FALSE	NA	NA	NA	NA	NA	NA
NC_045512.2	19666	G	C	6	6	27	3	3	27	0.176471	17	0.0365217	FALSE	NA	NA	NA	NA	NA	NA
NC_045512.2	19666	G	A	6	6	27	4	4	25	0.235294	17	0.0140468	FALSE	NA	NA	NA	NA	NA	NA
NC_045512.2	19667	A	T	4	4	27	6	6	26	0.4	15	0.00156022	TRUE	NA	NA	NA	NA	NA	NA
NC_045512.2	19667	A	G	4	4	27	3	3	27	0.2	15	0.0263158	FALSE	NA	NA	NA	NA	NA	NA
NC_045512.2	19667	A	C	4	4	27	2	2	28	0.133333	15	0.0789474	FALSE	NA	NA	NA	NA	NA	NA
NC_045512.2	19668	T	G	8	8	26	2	2	27	0.125	16	0.15	FALSE	NA	NA	NA	NA	NA	NA
NC_045512.2	19668	T	C	8	8	26	6	6	26	0.375	16	0.00632184	TRUE	NA	NA	NA	NA	NA	NA
NC_045512.2	19669	G	T	4	4	24	9	9	26	0.529412	17	7.13929e-05	TRUE	NA	NA	NA	NA	NA	NA
NC_045512.2	19669	G	C	4	4	24	1	1	28	0.0588235	17	0.238095	FALSE	NA	NA	NA	NA	NA	NA
NC_045512.2	19669	G	A	4	4	24	3	3	26	0.176471	17	0.0197628	FALSE	NA	NA	NA	NA	NA	NA
NC_045512.2	19670	G	T	5	5	26	7	7	27	0.4375	16	0.000891862	TRUE	NA	NA	NA	NA	NA	NA
NC_045512.2	19670	G	C	5	5	26	1	1	25	0.0625	16	0.285714	FALSE	NA	NA	NA	NA	NA	NA
NC_045512.2	19670	G	A	5	5	26	3	3	26	0.1875	16	0.0316206	FALSE	NA	NA	NA	NA	NA	NA
NC_045512.2	19671	A	T	4	4	25	6	6	27	0.352941	17	0.000912131	TRUE	NA	NA	NA	NA	NA	NA
NC_045512.2	19671	A	G	4	4	25	5	5	26	0.294118	17	0.00237154	TRUE	NA	NA	NA	NA	NA	NA
NC_045512.2	19671	A	C	4	4	25	2	2	27	0.117647	17	0.0649351	FALSE	NA	NA	NA	NA	NA	NA
NC_045512.2	19672	C	T	5	5	26	2	2	27	0.117647	17	0.083004	FALSE	NA	NA	NA	NA	NA	NA
NC_045512.2	19672	C	G	5	5	26	4	4	24	0.235294	17	0.00996047	TRUE	NA	NA	NA	NA	NA	NA
NC_045512.2	19672	C	A	5	5	26	6	6	24	0.352941	17	0.00156076	TRUE	NA	NA	NA	NA	NA	NA
NC_045512.2	19673	A	T	5	5	26	3	3	22	0.1875	16	0.0316206	FALSE	NA	NA	NA	NA	NA	NA
NC_045512.2	19673	A	G	5	5	26	7	7	26	0.4375	16	0.000891862	TRUE	NA	NA	NA	NA	NA	NA
NC_045512.2	19673	A	C	5	5	26	1	1	28	0.0625	16	0.285714	FALSE	NA	NA	NA	NA	NA	NA
NC_045512.2	19674	A	T	5	5	26	5	5	24	0.294118	17	0.00383095	TRUE	NA	NA	NA	NA	NA	NA
NC_045512.2	19674	A	G	5	5	26	3	3	26	0.176471	17	0.027668	FALSE	NA	NA	NA	NA	NA	NA
NC_045512.2	19674	A	C	5	5	26	4	4	25	0.235294	17	0.00996047	TRUE	NA	NA	NA	NA	NA	NA
NC_045512.2	19675	C	T	2	2	25	4	4	26	0.25	16	0.00250627	TRUE	NA	NA	NA	NA	NA	NA
NC_045512.2	19675	C	G	2	2	25	3	3	27	0.1875	16	0.00877193	TRUE	NA	NA	NA	NA	NA	NA
NC_045512.2	19675	C	A	2	2	25	7	7	25	0.4375	16	0.000104015	TRUE	NA	NA	NA	NA	NA	NA
NC_045512.2	19676	A	T	2	2	26	5	5	26	0.625	8	0.0104895	FALSE	NA	NA	NA	NA	NA	NA
NC_045512.2	19676	A	C	2	2	26	1	1	28	0.125	8	0.3	FALSE	NA	NA	NA	NA	NA	NA
NC_045512.2	19677	G	T	0	0	0	4	4	27	0.571429	7	0.0047619	TRUE	NA	NA	NA	NA	NA	NA
NC_045512.2	19677	G	A	0	0	0	3	3	24	0.428571	7	0.0119048	FALSE	NA	NA	NA	NA	NA	NA
NC_045512.2	19678	G	T	1	1	23	1	1	28	0.2	5	0.333333	FALSE	NA	NA	NA	NA	NA	NA
NC_045512.2	19678	G	A	1	1	23	3	3	23	0.6	5	0.0714286	FALSE	NA	NA	NA	NA	NA	NA
NC_045512.2	19679	G	T	1	1	31	1	1	28	0.25	4	0.4	FALSE	NA	NA	NA	NA	NA	NA
NC_045512.2	19679	G	C	1	1	31	1	1	21	0.25	4	0.4	FALSE	NA	NA	NA	NA	NA	NA
NC_045512.2	19679	G	A	1	1	31	1	1	22	0.25	4	0.4	FALSE	NA	NA	NA	NA	NA	NA
NC_045512.2	19680	T	G	0	0	0	2	2	28	0.5	4	0.1	FALSE	NA	NA	NA	NA	NA	NA
NC_045512.2	19680	T	C	0	0	0	2	2	24	0.5	4	0.1	FALSE	NA	NA	NA	NA	NA	NA
NC_045512.2	19681	G	T	0	0	0	2	2	24	0.4	5	0.0666667	FALSE	NA	NA	NA	NA	NA	NA
NC_045512.2	19681	G	C	0	0	0	1	1	22	0.2	5	0.2	FALSE	NA	NA	NA	NA	NA	NA
NC_045512.2	19681	G	A	0	0	0	2	2	28	0.4	5	0.0666667	FALSE	NA	NA	NA	NA	NA	NA
NC_045512.2	19682	A	T	0	0	0	2	2	24	0.4	5	0.0666667	FALSE	NA	NA	NA	NA	NA	NA
NC_045512.2	19682	A	C	0	0	0	3	3	27	0.6	5	0.0285714	FALSE	NA	NA	NA	NA	NA	NA
NC_045512.2	19683	A	T	1	1	29	2	2	27	0.4	5	0.142857	FALSE	NA	NA	NA	NA	NA	NA
NC_045512.2	19683	A	G	1	1	29	1	1	23	0.2	5	0.333333	FALSE	NA	NA	NA	NA	NA	NA
NC_045512.2	19683	A	C	1	1	29	1	1	27	0.2	5	0.333333	FALSE	NA	NA	NA	NA	NA	NA
NC_045512.2	19684	G	T	3	3	23	1	1	27	0.2	5	0.5	FALSE	NA	NA	NA	NA	NA	NA
NC_045512.2	19684	G	C	3	3	23	1	1	28	0.2	5	0.5	FALSE	NA	NA	NA	NA	NA	NA
NC_045512.2	19685	T	G	1	1	24	3	3	26	0.6	5	0.0714286	FALSE	NA	NA	NA	NA	NA	NA
NC_045512.2	19685	T	A	1	1	24	1	1	27	0.2	5	0.333333	FALSE	NA	NA	NA	NA	NA	NA
NC_045512.2	19686	A	T	2	2	22	1	1	28	0.2	5	0.428571	FALSE	NA	NA	NA	NA	NA	NA
NC_045512.2	19686	A	G	2	2	22	1	1	28	0.2	5	0.428571	FALSE	NA	NA	NA	NA	NA	NA
NC_045512.2	19686	A	C	2	2	22	1	1	28	0.2	5	0.428571	FALSE	NA	NA	NA	NA	NA	NA
NC_045512.2	19687	C	T	0	0	0	1	1	28	0.2	5	0.2	FALSE	NA	NA	NA	NA	NA	NA
NC_045512.2	19687	C	A	0	0	0	4	4	24	0.8	5	0.0142857	FALSE	NA	NA	NA	NA	NA	NA
NC_045512.2	19688	C	G	1	1	26	1	1	28	0.25	4	0.4	FALSE	NA	NA	NA	NA	NA	NA
NC_045512.2	19688	C	A	1	1	26	2	2	26	0.5	4	0.2	FALSE	NA	NA	NA	NA	NA	NA
NC_045512.2	19689	A	C	1	1	26	2	2	26	0.666667	3	0.3	FALSE	NA	NA	NA	NA	NA	NA
NC_045512.2	19690	G	T	0	0	0	1	1	26	0.5	2	0.5	FALSE	NA	NA	NA	NA	NA	NA
NC_045512.2	19690	G	A	0	0	0	1	1	25	0.5	2	0.5	FALSE	NA	NA	NA	NA	NA	NA
NC_045512.2	19691	T	G	0	0	0	1	1	23	1	1	1	FALSE	NA	NA	NA	NA	NA	NA
NC_045512.2	19692	T	G	0	0	0	2	2	27	1	2	0.333333	FALSE	NA	NA	NA	NA	NA	NA
NC_045512.2	19693	T	G	0	0	0	1	1	28	0.5	2	0.5	FALSE	NA	NA	NA	NA	NA	NA
NC_045512.2	19693	T	A	0	0	0	1	1	23	0.5	2	0.5	FALSE	NA	NA	NA	NA	NA	NA
NC_045512.2	19694	C	T	0	0	0	1	1	28	1	1	1	FALSE	NA	NA	NA	NA	NA	NA
NC_045512.2	19695	T	G	0	0	0	1	1	26	1	1	1	FALSE	NA	NA	NA	NA	NA	NA
NC_045512.2	19697	T	A	0	0	0	1	1	26	1	1	1	FALSE	NA	NA	NA	NA	NA	NA
NC_045512.2	19698	C	G	0	0	0	1	1	27	1	1	1	FALSE	NA	NA	NA	NA	NA	NA
NC_045512.2	19699	A	T	0	0	0	1	1	29	1	1	1	FALSE	NA	NA	NA	NA	NA	NA
NC_045512.2	19700	T	A	0	0	0	1	1	28	1	1	1	FALSE	NA	NA	NA	NA	NA	NA
NC_045512.2	19701	T	C	0	0	0	1	1	24	1	1	1	FALSE	NA	NA	NA	NA	NA	NA
NC_045512.2	19702	A	C	0	0	0	1	1	27	1	1	1	FALSE	NA	NA	NA	NA	NA	NA
NC_045512.2	19704	T	G	0	0	0	1	1	28	1	1	1	FALSE	NA	NA	NA	NA	NA	NA
NC_045512.2	19705	A	T	0	0	0	1	1	23	1	1	1	FALSE	NA	NA	NA	NA	NA	NA
NC_045512.2	19706	A	T	0	0	0	1	1	28	1	1	1	FALSE	NA	NA	NA	NA	NA	NA
NC_045512.2	19707	C	T	0	0	0	1	1	29	1	1	1	FALSE	NA	NA	NA	NA	NA	NA
NC_045512.2	19708	A	C	0	0	0	1	1	29	1	1	1	FALSE	NA	NA	NA	NA	NA	NA
NC_045512.2	19709	C	T	0	0	0	1	1	29	1	1	1	FALSE	NA	NA	NA	NA	NA	NA
NC_045512.2	19710	T	A	0	0	0	1	1	30	1	1	1	FALSE	NA	NA	NA	NA	NA	NA
NC_045512.2	19711	G	T	0	0	0	1	1	31	1	1	1	FALSE	NA	NA	NA	NA	NA	NA
NC_045512.2	19712	T	C	0	0	0	1	1	27	1	1	1	FALSE	NA	NA	NA	NA	NA	NA
NC_045512.2	19713	T	A	0	0	0	1	1	28	1	1	1	FALSE	NA	NA	NA	NA	NA	NA
NC_045512.2	19715	A	T	0	0	0	1	1	31	1	1	1	FALSE	NA	NA	NA	NA	NA	NA
NC_045512.2	19716	C	A	0	0	0	1	1	30	1	1	1	FALSE	NA	NA	NA	NA	NA	NA
NC_045512.2	19718	C	T	0	0	0	1	1	27	1	1	1	FALSE	NA	NA	NA	NA	NA	NA
NC_045512.2	19721	A	C	0	0	0	1	1	29	1	1	1	FALSE	NA	NA	NA	NA	NA	NA
NC_045512.2	19723	G	C	0	0	0	1	1	27	1	1	1	FALSE	NA	NA	NA	NA	NA	NA
NC_045512.2	19725	T	G	0	0	0	1	1	24	1	1	1	FALSE	NA	NA	NA	NA	NA	NA
NC_045512.2	19725	T	+T	0	0	0	1	0	20	1	1	1	FALSE	NA	NA	NA	NA	NA	NA
NC_045512.2	19726	G	T	0	0	0	1	1	23	1	1	1	FALSE	NA	NA	NA	NA	NA	NA
NC_045512.2	19727	A	T	0	0	0	1	1	23	1	1	1	FALSE	NA	NA	NA	NA	NA	NA
NC_045512.2	19729	G	A	0	0	0	1	1	24	1	1	1	FALSE	NA	NA	NA	NA	NA	NA
NC_045512.2	19730	G	C	1	0	24	1	1	27	0.5	2	0.666667	FALSE	NA	NA	NA	NA	NA	NA
NC_045512.2	19731	T	A	1	0	28	1	1	27	0.5	2	0.666667	FALSE	NA	NA	NA	NA	NA	NA
NC_045512.2	19732	G	C	12	5	26	1	1	27	0.0769231	13	0.52	FALSE	NA	NA	NA	NA	NA	NA
NC_045512.2	19734	T	A	12	5	24	1	1	28	0.0769231	13	0.52	FALSE	NA	NA	NA	NA	NA	NA
NC_045512.2	19735	G	A	12	5	26	1	1	28	0.0769231	13	0.52	FALSE	NA	NA	NA	NA	NA	NA
NC_045512.2	19737	T	G	12	5	26	1	1	28	0.0769231	13	0.52	FALSE	NA	NA	NA	NA	NA	NA
NC_045512.2	19738	G	T	12	5	27	1	1	24	0.0769231	13	0.52	FALSE	NA	NA	NA	NA	NA	NA
NC_045512.2	19740	A	G	12	5	27	1	1	29	0.0769231	13	0.52	FALSE	NA	NA	NA	NA	NA	NA
NC_045512.2	19741	G	A	12	5	27	1	1	27	0.0769231	13	0.52	FALSE	NA	NA	NA	NA	NA	NA
NC_045512.2	19742	A	T	12	5	26	1	1	28	0.0769231	13	0.52	FALSE	NA	NA	NA	NA	NA	NA
NC_045512.2	19743	A	G	8	4	25	2	2	24	0.2	10	0.263158	FALSE	NA	NA	NA	NA	NA	NA
NC_045512.2	19744	T	G	12	5	24	1	1	29	0.0769231	13	0.52	FALSE	NA	NA	NA	NA	NA	NA
NC_045512.2	19749	T	G	11	5	24	1	1	27	0.0833333	12	0.521739	FALSE	NA	NA	NA	NA	NA	NA
NC_045512.2	19750	G	A	13	5	25	1	1	27	0.0714286	14	0.518519	FALSE	NA	NA	NA	NA	NA	NA
NC_045512.2	19751	A	T	8	0	27	1	1	28	0.111111	9	0.529412	FALSE	NA	NA	NA	NA	NA	NA
NC_045512.2	19752	A	G	13	5	26	1	1	28	0.0714286	14	0.518519	FALSE	NA	NA	NA	NA	NA	NA
NC_045512.2	19753	A	T	13	5	26	1	1	27	0.0714286	14	0.518519	FALSE	NA	NA	NA	NA	NA	NA
NC_045512.2	19755	T	G	13	5	25	1	1	29	0.0714286	14	0.518519	FALSE	NA	NA	NA	NA	NA	NA
NC_045512.2	19755	T	+A	13	5	25	1	0	20	0.0714286	14	0.518519	FALSE	NA	NA	NA	NA	NA	NA
NC_045512.2	19758	A	T	13	5	28	1	1	24	0.0714286	14	0.518519	FALSE	NA	NA	NA	NA	NA	NA
NC_045512.2	19759	A	T	9	5	23	1	1	27	0.0909091	11	0.5	FALSE	NA	NA	NA	NA	NA	NA
NC_045512.2	19759	A	G	9	5	23	1	1	26	0.0909091	11	0.5	FALSE	NA	NA	NA	NA	NA	NA
NC_045512.2	19760	C	T	13	5	25	1	1	21	0.0666667	15	0.5	FALSE	NA	NA	NA	NA	NA	NA
NC_045512.2	19760	C	G	13	5	25	1	1	28	0.0666667	15	0.5	FALSE	NA	NA	NA	NA	NA	NA
NC_045512.2	19761	A	T	11	3	25	2	2	27	0.153846	13	0.26	FALSE	NA	NA	NA	NA	NA	NA
NC_045512.2	19762	A	G	11	5	24	1	1	23	0.0769231	13	0.5	FALSE	NA	NA	NA	NA	NA	NA
NC_045512.2	19762	A	C	11	5	24	1	1	26	0.0769231	13	0.5	FALSE	NA	NA	NA	NA	NA	NA
NC_045512.2	19763	C	T	13	5	25	1	1	27	0.0666667	15	0.5	FALSE	NA	NA	NA	NA	NA	NA
NC_045512.2	19763	C	A	13	5	25	1	1	24	0.0666667	15	0.5	FALSE	NA	NA	NA	NA	NA	NA
NC_045512.2	19764	A	T	13	5	26	1	1	24	0.0666667	15	0.5	FALSE	NA	NA	NA	NA	NA	NA
NC_045512.2	19764	A	G	13	5	26	1	1	28	0.0666667	15	0.5	FALSE	NA	NA	NA	NA	NA	NA
NC_045512.2	19765	T	G	11	4	24	1	1	28	0.0769231	13	0.5	FALSE	NA	NA	NA	NA	NA	NA
NC_045512.2	19765	T	A	11	4	24	1	1	20	0.0769231	13	0.5	FALSE	NA	NA	NA	NA	NA	NA
NC_045512.2	19766	T	A	9	6	25	1	1	28	0.1	10	0.526316	FALSE	NA	NA	NA	NA	NA	NA
NC_045512.2	19768	C	G	12	4	25	1	1	29	0.0714286	14	0.5	FALSE	NA	NA	NA	NA	NA	NA
NC_045512.2	19768	C	A	12	4	25	1	1	28	0.0714286	14	0.5	FALSE	NA	NA	NA	NA	NA	NA
NC_045512.2	19769	C	T	13	5	24	1	1	27	0.0666667	15	0.5	FALSE	NA	NA	NA	NA	NA	NA
NC_045512.2	19769	C	A	13	5	24	1	1	26	0.0666667	15	0.5	FALSE	NA	NA	NA	NA	NA	NA
NC_045512.2	19770	T	A	13	5	27	2	2	24	0.133333	15	0.258621	FALSE	NA	NA	NA	NA	NA	NA
NC_045512.2	19771	G	T	13	5	27	1	1	23	0.0666667	15	0.5	FALSE	NA	NA	NA	NA	NA	NA
NC_045512.2	19771	G	A	13	5	27	1	1	28	0.0666667	15	0.5	FALSE	NA	NA	NA	NA	NA	NA
NC_045512.2	19772	T	A	14	6	25	1	1	27	0.0666667	15	0.517241	FALSE	NA	NA	NA	NA	NA	NA
NC_045512.2	19773	T	G	12	5	24	1	1	29	0.0714286	14	0.5	FALSE	NA	NA	NA	NA	NA	NA
NC_045512.2	19773	T	A	12	5	24	1	1	28	0.0714286	14	0.5	FALSE	NA	NA	NA	NA	NA	NA
NC_045512.2	19774	A	T	12	4	25	1	1	22	0.0714286	14	0.5	FALSE	NA	NA	NA	NA	NA	NA
NC_045512.2	19774	A	C	12	4	25	1	1	27	0.0714286	14	0.5	FALSE	NA	NA	NA	NA	NA	NA
NC_045512.2	19775	A	T	14	6	24	1	1	28	0.0666667	15	0.517241	FALSE	NA	NA	NA	NA	NA	NA
NC_045512.2	19776	T	A	14	6	26	1	1	22	0.0666667	15	0.517241	FALSE	NA	NA	NA	NA	NA	NA
NC_045512.2	19777	G	C	14	6	26	1	1	22	0.0666667	15	0.517241	FALSE	NA	NA	NA	NA	NA	NA
NC_045512.2	19778	T	G	13	5	26	1	1	25	0.0666667	15	0.5	FALSE	NA	NA	NA	NA	NA	NA
NC_045512.2	19778	T	A	13	5	26	1	1	22	0.0666667	15	0.5	FALSE	NA	NA	NA	NA	NA	NA
NC_045512.2	19779	A	T	14	6	27	2	2	22	0.125	16	0.258065	FALSE	NA	NA	NA	NA	NA	NA
NC_045512.2	19780	G	T	13	5	28	2	2	25	0.125	16	0.241379	FALSE	NA	NA	NA	NA	NA	NA
NC_045512.2	19780	G	A	13	5	28	1	1	28	0.0625	16	0.482759	FALSE	NA	NA	NA	NA	NA	NA
NC_045512.2	19781	C	T	12	4	27	1	1	28	0.0625	16	0.464286	FALSE	NA	NA	NA	NA	NA	NA
NC_045512.2	19781	C	G	12	4	27	1	1	22	0.0625	16	0.464286	FALSE	NA	NA	NA	NA	NA	NA
NC_045512.2	19781	C	A	12	4	27	2	2	26	0.125	16	0.224138	FALSE	NA	NA	NA	NA	NA	NA
NC_045512.2	19782	A	T	14	6	26	1	1	27	0.0625	16	0.5	FALSE	NA	NA	NA	NA	NA	NA
NC_045512.2	19782	A	C	14	6	26	1	1	20	0.0625	16	0.5	FALSE	NA	NA	NA	NA	NA	NA
NC_045512.2	19783	T	C	13	5	25	1	1	25	0.0666667	15	0.5	FALSE	NA	NA	NA	NA	NA	NA
NC_045512.2	19783	T	A	13	5	25	1	1	20	0.0666667	15	0.5	FALSE	NA	NA	NA	NA	NA	NA
NC_045512.2	19784	T	G	14	6	27	1	1	27	0.0625	16	0.5	FALSE	NA	NA	NA	NA	NA	NA
NC_045512.2	19784	T	A	14	6	27	1	1	29	0.0625	16	0.5	FALSE	NA	NA	NA	NA	NA	NA
NC_045512.2	19785	T	G	12	6	24	1	1	29	0.0714286	14	0.5	FALSE	NA	NA	NA	NA	NA	NA
NC_045512.2	19785	T	A	12	6	24	1	1	29	0.0714286	14	0.5	FALSE	NA	NA	NA	NA	NA	NA
NC_045512.2	19786	G	T	13	5	26	1	1	23	0.0625	16	0.482759	FALSE	NA	NA	NA	NA	NA	NA
NC_045512.2	19786	G	A	13	5	26	2	2	26	0.125	16	0.241379	FALSE	NA	NA	NA	NA	NA	NA
NC_045512.2	19787	A	T	13	5	27	1	1	23	0.0625	16	0.482759	FALSE	NA	NA	NA	NA	NA	NA
NC_045512.2	19787	A	G	13	5	27	1	1	26	0.0625	16	0.482759	FALSE	NA	NA	NA	NA	NA	NA
NC_045512.2	19787	A	C	13	5	27	1	1	27	0.0625	16	0.482759	FALSE	NA	NA	NA	NA	NA	NA
NC_045512.2	19788	G	A	13	5	27	2	2	22	0.133333	15	0.258621	FALSE	NA	NA	NA	NA	NA	NA
NC_045512.2	19789	C	A	13	5	26	3	3	25	0.1875	16	0.124583	FALSE	NA	NA	NA	NA	NA	NA
NC_045512.2	19790	T	C	14	6	25	1	1	27	0.0666667	15	0.517241	FALSE	NA	NA	NA	NA	NA	NA
NC_045512.2	19791	T	G	14	6	27	1	1	28	0.0625	16	0.5	FALSE	NA	NA	NA	NA	NA	NA
NC_045512.2	19791	T	A	14	6	27	1	1	25	0.0625	16	0.5	FALSE	NA	NA	NA	NA	NA	NA
NC_045512.2	19792	T	G	13	7	24	1	1	31	0.0714286	14	0.518519	FALSE	NA	NA	NA	NA	NA	NA
NC_045512.2	19793	G	T	13	5	25	2	2	24	0.125	16	0.241379	FALSE	NA	NA	NA	NA	NA	NA
NC_045512.2	19793	G	A	13	5	25	1	1	27	0.0625	16	0.482759	FALSE	NA	NA	NA	NA	NA	NA
NC_045512.2	19794	G	T	14	6	28	1	1	27	0.0625	16	0.5	FALSE	NA	NA	NA	NA	NA	NA
NC_045512.2	19794	G	A	14	6	28	1	1	26	0.0625	16	0.5	FALSE	NA	NA	NA	NA	NA	NA
NC_045512.2	19795	G	T	12	5	24	1	1	27	0.0666667	15	0.481481	FALSE	NA	NA	NA	NA	NA	NA
NC_045512.2	19795	G	C	12	5	24	2	2	25	0.133333	15	0.240741	FALSE	NA	NA	NA	NA	NA	NA
NC_045512.2	19796	C	G	14	6	27	1	1	23	0.0625	16	0.5	FALSE	NA	NA	NA	NA	NA	NA
NC_045512.2	19796	C	A	14	6	27	1	1	27	0.0625	16	0.5	FALSE	NA	NA	NA	NA	NA	NA
NC_045512.2	19798	A	T	12	5	25	1	1	27	0.0714286	14	0.5	FALSE	NA	NA	NA	NA	NA	NA
NC_045512.2	19798	A	G	12	5	25	1	1	27	0.0714286	14	0.5	FALSE	NA	NA	NA	NA	NA	NA
NC_045512.2	19799	A	T	14	6	24	2	2	24	0.125	16	0.258065	FALSE	NA	NA	NA	NA	NA	NA
NC_045512.2	19800	G	T	14	6	27	1	1	23	0.0625	16	0.5	FALSE	NA	NA	NA	NA	NA	NA
NC_045512.2	19800	G	A	14	6	27	1	1	22	0.0625	16	0.5	FALSE	NA	NA	NA	NA	NA	NA
NC_045512.2	19801	C	T	13	5	27	1	1	23	0.0666667	15	0.5	FALSE	NA	NA	NA	NA	NA	NA
NC_045512.2	19801	C	A	13	5	27	1	1	27	0.0666667	15	0.5	FALSE	NA	NA	NA	NA	NA	NA
NC_045512.2	19802	G	A	14	6	27	1	1	23	0.0666667	15	0.517241	FALSE	NA	NA	NA	NA	NA	NA
NC_045512.2	19803	C	T	14	6	26	1	1	23	0.0625	16	0.5	FALSE	NA	NA	NA	NA	NA	NA
NC_045512.2	19803	C	A	14	6	26	1	1	31	0.0625	16	0.5	FALSE	NA	NA	NA	NA	NA	NA
NC_045512.2	19804	A	G	14	6	25	1	1	25	0.0666667	15	0.517241	FALSE	NA	NA	NA	NA	NA	NA
NC_045512.2	19805	A	T	14	6	24	1	1	25	0.0666667	15	0.517241	FALSE	NA	NA	NA	NA	NA	NA
NC_045512.2	19806	C	A	14	6	27	1	1	25	0.0666667	15	0.517241	FALSE	NA	NA	NA	NA	NA	NA
NC_045512.2	19807	A	G	14	6	26	1	1	26	0.0666667	15	0.517241	FALSE	NA	NA	NA	NA	NA	NA
NC_045512.2	19808	T	C	13	5	25	1	1	27	0.0666667	15	0.5	FALSE	NA	NA	NA	NA	NA	NA
NC_045512.2	19808	T	A	13	5	25	1	1	28	0.0666667	15	0.5	FALSE	NA	NA	NA	NA	NA	NA
NC_045512.2	19809	T	C	12	5	24	1	1	24	0.0714286	14	0.5	FALSE	NA	NA	NA	NA	NA	NA
NC_045512.2	19809	T	A	12	5	24	1	1	25	0.0714286	14	0.5	FALSE	NA	NA	NA	NA	NA	NA
NC_045512.2	19811	A	T	13	5	28	1	1	25	0.0666667	15	0.5	FALSE	NA	NA	NA	NA	NA	NA
NC_045512.2	19811	A	G	13	5	28	1	1	27	0.0666667	15	0.5	FALSE	NA	NA	NA	NA	NA	NA
NC_045512.2	19812	A	T	13	5	24	3	3	25	0.1875	16	0.124583	FALSE	NA	NA	NA	NA	NA	NA
NC_045512.2	19813	C	T	13	5	26	1	1	25	0.0625	16	0.482759	FALSE	NA	NA	NA	NA	NA	NA
NC_045512.2	19813	C	G	13	5	26	1	1	26	0.0625	16	0.482759	FALSE	NA	NA	NA	NA	NA	NA
NC_045512.2	19813	C	A	13	5	26	1	1	28	0.0625	16	0.482759	FALSE	NA	NA	NA	NA	NA	NA
NC_045512.2	19814	C	G	13	6	24	1	1	25	0.0666667	15	0.5	FALSE	NA	NA	NA	NA	NA	NA
NC_045512.2	19814	C	A	13	6	24	1	1	28	0.0666667	15	0.5	FALSE	NA	NA	NA	NA	NA	NA
NC_045512.2	19815	A	G	13	6	27	1	1	28	0.0666667	15	0.5	FALSE	NA	NA	NA	NA	NA	NA
NC_045512.2	19815	A	C	13	6	27	1	1	28	0.0666667	15	0.5	FALSE	NA	NA	NA	NA	NA	NA
NC_045512.2	19816	G	T	12	5	27	2	2	27	0.133333	15	0.240741	FALSE	NA	NA	NA	NA	NA	NA
NC_045512.2	19816	G	C	12	5	27	1	1	28	0.0666667	15	0.481481	FALSE	NA	NA	NA	NA	NA	NA
NC_045512.2	19817	T	G	13	6	26	2	2	27	0.133333	15	0.258621	FALSE	NA	NA	NA	NA	NA	NA
NC_045512.2	19818	A	T	12	5	27	3	3	26	0.2	15	0.124521	FALSE	NA	NA	NA	NA	NA	NA
NC_045512.2	19819	C	T	12	5	26	2	2	28	0.133333	15	0.240741	FALSE	NA	NA	NA	NA	NA	NA
NC_045512.2	19819	C	A	12	5	26	1	1	26	0.0666667	15	0.481481	FALSE	NA	NA	NA	NA	NA	NA
NC_045512.2	19820	C	G	12	5	25	2	2	25	0.133333	15	0.240741	FALSE	NA	NA	NA	NA	NA	NA
NC_045512.2	19820	C	A	12	5	25	1	1	24	0.0666667	15	0.481481	FALSE	NA	NA	NA	NA	NA	NA
NC_045512.2	19821	A	G	13	6	28	1	1	28	0.0714286	14	0.518519	FALSE	NA	NA	NA	NA	NA	NA
NC_045512.2	19822	G	T	13	6	27	1	1	28	0.0666667	15	0.5	FALSE	NA	NA	NA	NA	NA	NA
NC_045512.2	19822	G	A	13	6	27	1	1	29	0.0666667	15	0.5	FALSE	NA	NA	NA	NA	NA	NA
NC_045512.2	19823	A	T	12	5	28	1	1	23	0.0666667	15	0.481481	FALSE	NA	NA	NA	NA	NA	NA
NC_045512.2	19823	A	G	12	5	28	1	1	28	0.0666667	15	0.481481	FALSE	NA	NA	NA	NA	NA	NA
NC_045512.2	19823	A	C	12	5	28	1	1	27	0.0666667	15	0.481481	FALSE	NA	NA	NA	NA	NA	NA
NC_045512.2	19824	G	T	12	5	26	3	3	28	0.2	15	0.124521	FALSE	NA	NA	NA	NA	NA	NA
NC_045512.2	19825	G	A	12	6	25	1	1	28	0.0769231	13	0.52	FALSE	NA	NA	NA	NA	NA	NA
NC_045512.2	19826	T	G	12	5	27	1	1	23	0.0714286	14	0.5	FALSE	NA	NA	NA	NA	NA	NA
NC_045512.2	19826	T	A	12	5	27	1	1	25	0.0714286	14	0.5	FALSE	NA	NA	NA	NA	NA	NA
NC_045512.2	19827	G	T	13	6	27	1	1	26	0.0666667	15	0.5	FALSE	NA	NA	NA	NA	NA	NA
NC_045512.2	19827	G	C	13	6	27	1	1	25	0.0666667	15	0.5	FALSE	NA	NA	NA	NA	NA	NA
NC_045512.2	19828	A	T	10	3	26	1	1	26	0.0833333	12	0.5	FALSE	NA	NA	NA	NA	NA	NA
NC_045512.2	19828	A	C	10	3	26	1	1	25	0.0833333	12	0.5	FALSE	NA	NA	NA	NA	NA	NA
NC_045512.2	19829	A	T	11	5	28	1	1	23	0.0714286	14	0.48	FALSE	NA	NA	NA	NA	NA	NA
NC_045512.2	19829	A	G	11	5	28	2	2	25	0.142857	14	0.24	FALSE	NA	NA	NA	NA	NA	NA
NC_045512.2	19830	A	T	12	6	28	1	1	29	0.0714286	14	0.5	FALSE	NA	NA	NA	NA	NA	NA
NC_045512.2	19830	A	C	12	6	28	1	1	27	0.0714286	14	0.5	FALSE	NA	NA	NA	NA	NA	NA
NC_045512.2	19831	A	T	10	7	25	1	1	29	0.0909091	11	0.52381	FALSE	NA	NA	NA	NA	NA	NA
NC_045512.2	19832	T	G	11	5	27	1	1	29	0.0714286	14	0.48	FALSE	NA	NA	NA	NA	NA	NA
NC_045512.2	19832	T	A	11	5	27	2	2	28	0.142857	14	0.24	FALSE	NA	NA	NA	NA	NA	NA
NC_045512.2	19833	A	C	13	7	28	1	1	25	0.0714286	14	0.518519	FALSE	NA	NA	NA	NA	NA	NA
NC_045512.2	19834	C	T	11	5	28	1	1	27	0.0714286	14	0.48	FALSE	NA	NA	NA	NA	NA	NA
NC_045512.2	19834	C	G	11	5	28	1	1	28	0.0714286	14	0.48	FALSE	NA	NA	NA	NA	NA	NA
NC_045512.2	19834	C	A	11	5	28	1	1	25	0.0714286	14	0.48	FALSE	NA	NA	NA	NA	NA	NA
NC_045512.2	19835	T	C	12	6	27	1	1	27	0.0769231	13	0.52	FALSE	NA	NA	NA	NA	NA	NA
NC_045512.2	19836	C	T	11	5	28	2	2	26	0.142857	14	0.24	FALSE	NA	NA	NA	NA	NA	NA
NC_045512.2	19836	C	A	11	5	28	1	1	27	0.0714286	14	0.48	FALSE	NA	NA	NA	NA	NA	NA
NC_045512.2	19837	A	T	12	6	25	1	1	31	0.0714286	14	0.5	FALSE	NA	NA	NA	NA	NA	NA
NC_045512.2	19837	A	G	12	6	25	1	1	28	0.0714286	14	0.5	FALSE	NA	NA	NA	NA	NA	NA
NC_045512.2	19838	A	T	13	7	26	1	1	29	0.0714286	14	0.518519	FALSE	NA	NA	NA	NA	NA	NA
NC_045512.2	19839	T	G	11	5	27	1	1	23	0.0714286	14	0.48	FALSE	NA	NA	NA	NA	NA	NA
NC_045512.2	19839	T	C	11	5	27	1	1	25	0.0714286	14	0.48	FALSE	NA	NA	NA	NA	NA	NA
NC_045512.2	19839	T	A	11	5	27	1	1	25	0.0714286	14	0.48	FALSE	NA	NA	NA	NA	NA	NA
NC_045512.2	19840	A	G	11	5	26	1	1	29	0.0769231	13	0.5	FALSE	NA	NA	NA	NA	NA	NA
NC_045512.2	19840	A	C	11	5	26	1	1	20	0.0769231	13	0.5	FALSE	NA	NA	NA	NA	NA	NA
NC_045512.2	19841	A	G	11	6	25	1	1	26	0.0769231	13	0.5	FALSE	NA	NA	NA	NA	NA	NA
NC_045512.2	19841	A	C	11	6	25	1	1	25	0.0769231	13	0.5	FALSE	NA	NA	NA	NA	NA	NA
NC_045512.2	19842	T	C	9	4	25	2	2	26	0.166667	12	0.238095	FALSE	NA	NA	NA	NA	NA	NA
NC_045512.2	19842	T	A	9	4	25	1	1	26	0.0833333	12	0.47619	FALSE	NA	NA	NA	NA	NA	NA
NC_045512.2	19843	T	G	11	6	28	1	1	26	0.0769231	13	0.5	FALSE	NA	NA	NA	NA	NA	NA
NC_045512.2	19843	T	A	11	6	28	1	1	31	0.0769231	13	0.5	FALSE	NA	NA	NA	NA	NA	NA
NC_045512.2	19844	T	A	11	7	25	1	1	26	0.0833333	12	0.521739	FALSE	NA	NA	NA	NA	NA	NA
NC_045512.2	19845	G	T	17	5	26	1	1	27	0.05	20	0.486486	FALSE	NA	NA	NA	NA	NA	NA
NC_045512.2	19845	G	A	17	5	26	2	2	27	0.1	20	0.243243	FALSE	NA	NA	NA	NA	NA	NA
NC_045512.2	19846	G	C	18	6	28	1	1	22	0.05	20	0.5	FALSE	NA	NA	NA	NA	NA	NA
NC_045512.2	19846	G	A	18	6	28	1	1	27	0.05	20	0.5	FALSE	NA	NA	NA	NA	NA	NA
NC_045512.2	19847	G	C	15	5	23	3	3	25	0.166667	18	0.124675	FALSE	NA	NA	NA	NA	NA	NA
NC_045512.2	19848	T	G	16	4	27	1	1	25	0.05	20	0.472222	FALSE	NA	NA	NA	NA	NA	NA
NC_045512.2	19848	T	C	16	4	27	2	2	27	0.1	20	0.22973	FALSE	NA	NA	NA	NA	NA	NA
NC_045512.2	19848	T	A	16	4	27	1	1	27	0.05	20	0.472222	FALSE	NA	NA	NA	NA	NA	NA
NC_045512.2	19849	G	T	18	6	28	1	1	31	0.05	20	0.5	FALSE	NA	NA	NA	NA	NA	NA
NC_045512.2	19849	G	C	18	6	28	1	1	25	0.05	20	0.5	FALSE	NA	NA	NA	NA	NA	NA
NC_045512.2	19850	T	G	17	5	27	1	1	23	0.05	20	0.486486	FALSE	NA	NA	NA	NA	NA	NA
NC_045512.2	19850	T	A	17	5	27	2	2	23	0.1	20	0.243243	FALSE	NA	NA	NA	NA	NA	NA
NC_045512.2	19851	G	A	18	6	26	1	1	28	0.0526316	19	0.513514	FALSE	NA	NA	NA	NA	NA	NA
NC_045512.2	19852	G	T	18	6	24	1	1	23	0.05	20	0.5	FALSE	NA	NA	NA	NA	NA	NA
NC_045512.2	19852	G	C	18	6	24	1	1	27	0.05	20	0.5	FALSE	NA	NA	NA	NA	NA	NA
NC_045512.2	19853	A	T	19	6	27	1	1	25	0.05	20	0.512821	FALSE	NA	NA	NA	NA	NA	NA
NC_045512.2	19854	C	T	18	5	27	1	1	22	0.047619	21	0.487179	FALSE	NA	NA	NA	NA	NA	NA
NC_045512.2	19854	C	G	18	5	27	1	1	26	0.047619	21	0.487179	FALSE	NA	NA	NA	NA	NA	NA
NC_045512.2	19854	C	A	18	5	27	1	1	30	0.047619	21	0.487179	FALSE	NA	NA	NA	NA	NA	NA
NC_045512.2	19855	A	T	18	5	27	2	2	28	0.1	20	0.25641	FALSE	NA	NA	NA	NA	NA	NA
NC_045512.2	19856	T	G	18	5	26	1	1	29	0.047619	21	0.487179	FALSE	NA	NA	NA	NA	NA	NA
NC_045512.2	19856	T	A	18	5	26	2	2	23	0.0952381	21	0.24359	FALSE	NA	NA	NA	NA	NA	NA
NC_045512.2	19857	T	A	19	6	24	2	2	27	0.0952381	21	0.256098	FALSE	NA	NA	NA	NA	NA	NA
NC_045512.2	19858	G	A	18	5	27	3	3	27	0.142857	21	0.124765	FALSE	NA	NA	NA	NA	NA	NA
NC_045512.2	19859	C	T	19	6	27	1	1	26	0.047619	21	0.5	FALSE	NA	NA	NA	NA	NA	NA
NC_045512.2	19859	C	G	19	6	27	1	1	23	0.047619	21	0.5	FALSE	NA	NA	NA	NA	NA	NA
NC_045512.2	19860	T	C	18	5	27	2	2	25	0.0952381	21	0.24359	FALSE	NA	NA	NA	NA	NA	NA
NC_045512.2	19860	T	A	18	5	27	1	1	28	0.047619	21	0.487179	FALSE	NA	NA	NA	NA	NA	NA
NC_045512.2	19861	G	C	18	5	27	1	1	30	0.047619	21	0.487179	FALSE	NA	NA	NA	NA	NA	NA
NC_045512.2	19861	G	A	18	5	27	2	2	25	0.0952381	21	0.24359	FALSE	NA	NA	NA	NA	NA	NA
NC_045512.2	19862	C	T	18	5	27	2	2	27	0.0952381	21	0.24359	FALSE	NA	NA	NA	NA	NA	NA
NC_045512.2	19862	C	G	18	5	27	1	1	29	0.047619	21	0.487179	FALSE	NA	NA	NA	NA	NA	NA
NC_045512.2	19863	T	C	20	7	28	1	1	29	0.047619	21	0.512195	FALSE	NA	NA	NA	NA	NA	NA
NC_045512.2	19864	A	T	20	7	27	1	1	26	0.047619	21	0.512195	FALSE	NA	NA	NA	NA	NA	NA
NC_045512.2	19865	A	G	19	6	24	2	2	24	0.0909091	22	0.243902	FALSE	NA	NA	NA	NA	NA	NA
NC_045512.2	19865	A	C	19	6	24	1	1	24	0.0454545	22	0.487805	FALSE	NA	NA	NA	NA	NA	NA
NC_045512.2	19866	T	C	19	6	27	1	1	27	0.047619	21	0.5	FALSE	NA	NA	NA	NA	NA	NA
NC_045512.2	19866	T	A	19	6	27	1	1	28	0.047619	21	0.5	FALSE	NA	NA	NA	NA	NA	NA
NC_045512.2	19867	A	T	20	7	26	1	1	24	0.0454545	22	0.5	FALSE	NA	NA	NA	NA	NA	NA
NC_045512.2	19867	A	G	20	7	26	1	1	28	0.0454545	22	0.5	FALSE	NA	NA	NA	NA	NA	NA
NC_045512.2	19868	C	G	19	6	26	2	2	25	0.0909091	22	0.243902	FALSE	NA	NA	NA	NA	NA	NA
NC_045512.2	19868	C	A	19	6	26	1	1	28	0.0454545	22	0.487805	FALSE	NA	NA	NA	NA	NA	NA
NC_045512.2	19869	T	C	19	7	26	1	0	24	0.0454545	22	0.487805	FALSE	NA	NA	NA	NA	NA	NA
NC_045512.2	19869	T	A	19	7	26	2	2	27	0.0909091	22	0.243902	FALSE	NA	NA	NA	NA	NA	NA
NC_045512.2	19870	G	T	19	6	26	3	3	27	0.136364	22	0.124787	FALSE	NA	NA	NA	NA	NA	NA
NC_045512.2	19871	T	G	20	7	27	2	2	26	0.0909091	22	0.255814	FALSE	NA	NA	NA	NA	NA	NA
NC_045512.2	19872	G	T	20	7	27	2	2	27	0.0909091	22	0.255814	FALSE	NA	NA	NA	NA	NA	NA
NC_045512.2	19873	A	G	19	6	27	3	3	30	0.136364	22	0.124787	FALSE	NA	NA	NA	NA	NA	NA
NC_045512.2	19874	T	G	17	5	27	3	3	29	0.15	20	0.12474	FALSE	NA	NA	NA	NA	NA	NA
NC_045512.2	19875	C	T	17	6	27	1	1	27	0.05	20	0.486486	FALSE	NA	NA	NA	NA	NA	NA
NC_045512.2	19875	C	A	17	6	27	2	2	25	0.1	20	0.243243	FALSE	NA	NA	NA	NA	NA	NA
NC_045512.2	19876	T	G	18	6	26	1	1	28	0.047619	21	0.487179	FALSE	NA	NA	NA	NA	NA	NA
NC_045512.2	19876	T	A	18	6	26	2	2	28	0.0952381	21	0.24359	FALSE	NA	NA	NA	NA	NA	NA
NC_045512.2	19877	G	T	16	4	26	2	2	27	0.1	20	0.22973	FALSE	NA	NA	NA	NA	NA	NA
NC_045512.2	19877	G	A	16	4	26	2	2	25	0.1	20	0.22973	FALSE	NA	NA	NA	NA	NA	NA
NC_045512.2	19878	G	T	18	6	27	2	2	27	0.0952381	21	0.24359	FALSE	NA	NA	NA	NA	NA	NA
NC_045512.2	19878	G	A	18	6	27	1	1	28	0.047619	21	0.487179	FALSE	NA	NA	NA	NA	NA	NA
NC_045512.2	19879	G	A	19	8	24	1	1	29	0.05	20	0.512821	FALSE	NA	NA	NA	NA	NA	NA
NC_045512.2	19880	A	C	18	6	26	2	2	27	0.1	20	0.25641	FALSE	NA	NA	NA	NA	NA	NA
NC_045512.2	19881	C	T	18	6	27	2	2	28	0.0952381	21	0.24359	FALSE	NA	NA	NA	NA	NA	NA
NC_045512.2	19881	C	G	18	6	27	1	1	22	0.047619	21	0.487179	FALSE	NA	NA	NA	NA	NA	NA
NC_045512.2	19882	T	C	18	6	27	2	2	25	0.0952381	21	0.24359	FALSE	NA	NA	NA	NA	NA	NA
NC_045512.2	19882	T	A	18	6	27	1	1	24	0.047619	21	0.487179	FALSE	NA	NA	NA	NA	NA	NA
NC_045512.2	19883	A	T	18	6	27	1	1	25	0.05	20	0.5	FALSE	NA	NA	NA	NA	NA	NA
NC_045512.2	19883	A	G	18	6	27	1	1	25	0.05	20	0.5	FALSE	NA	NA	NA	NA	NA	NA
NC_045512.2	19884	C	T	17	5	27	1	1	29	0.05	20	0.486486	FALSE	NA	NA	NA	NA	NA	NA
NC_045512.2	19884	C	A	17	5	27	2	2	26	0.1	20	0.243243	FALSE	NA	NA	NA	NA	NA	NA
NC_045512.2	19885	A	T	17	5	25	1	1	24	0.05	20	0.486486	FALSE	NA	NA	NA	NA	NA	NA
NC_045512.2	19885	A	G	17	5	25	1	1	27	0.05	20	0.486486	FALSE	NA	NA	NA	NA	NA	NA
NC_045512.2	19885	A	C	17	5	25	1	1	29	0.05	20	0.486486	FALSE	NA	NA	NA	NA	NA	NA
NC_045512.2	19886	A	C	20	8	28	1	1	27	0.047619	21	0.512195	FALSE	NA	NA	NA	NA	NA	NA
NC_045512.2	19887	A	T	19	7	28	2	2	23	0.0952381	21	0.256098	FALSE	NA	NA	NA	NA	NA	NA
NC_045512.2	19888	A	T	12	5	24	3	3	25	0.176471	17	0.101224	FALSE	NA	NA	NA	NA	NA	NA
NC_045512.2	19888	A	G	12	5	24	2	1	25	0.117647	17	0.209195	FALSE	NA	NA	NA	NA	NA	NA
NC_045512.2	19889	G	T	17	5	26	1	1	29	0.05	20	0.486486	FALSE	NA	NA	NA	NA	NA	NA
NC_045512.2	19889	G	C	17	5	26	1	1	23	0.05	20	0.486486	FALSE	NA	NA	NA	NA	NA	NA
NC_045512.2	19889	G	A	17	5	26	1	1	23	0.05	20	0.486486	FALSE	NA	NA	NA	NA	NA	NA
NC_045512.2	19890	A	T	18	7	27	2	2	27	0.0952381	21	0.24359	FALSE	NA	NA	NA	NA	NA	NA
NC_045512.2	19890	A	G	18	7	27	1	0	28	0.047619	21	0.487179	FALSE	NA	NA	NA	NA	NA	NA
NC_045512.2	19891	G	A	18	6	26	3	3	25	0.142857	21	0.124765	FALSE	NA	NA	NA	NA	NA	NA
NC_045512.2	19892	A	G	19	7	27	1	1	27	0.047619	21	0.5	FALSE	NA	NA	NA	NA	NA	NA
NC_045512.2	19892	A	C	19	7	27	1	1	22	0.047619	21	0.5	FALSE	NA	NA	NA	NA	NA	NA
NC_045512.2	19893	T	G	18	6	26	1	1	27	0.047619	21	0.487179	FALSE	NA	NA	NA	NA	NA	NA
NC_045512.2	19893	T	C	18	6	26	2	2	26	0.0952381	21	0.24359	FALSE	NA	NA	NA	NA	NA	NA
NC_045512.2	19894	G	T	17	5	27	1	1	27	0.047619	21	0.473684	FALSE	NA	NA	NA	NA	NA	NA
NC_045512.2	19894	G	A	17	5	27	3	3	26	0.142857	21	0.115385	FALSE	NA	NA	NA	NA	NA	NA
NC_045512.2	19895	C	G	18	6	26	2	2	27	0.0952381	21	0.24359	FALSE	NA	NA	NA	NA	NA	NA
NC_045512.2	19895	C	A	18	6	26	1	1	25	0.047619	21	0.487179	FALSE	NA	NA	NA	NA	NA	NA
NC_045512.2	19896	T	C	20	8	26	1	1	25	0.047619	21	0.512195	FALSE	NA	NA	NA	NA	NA	NA
NC_045512.2	19897	C	G	17	5	25	2	2	26	0.0952381	21	0.230769	FALSE	NA	NA	NA	NA	NA	NA
NC_045512.2	19897	C	A	17	5	25	2	2	24	0.0952381	21	0.230769	FALSE	NA	NA	NA	NA	NA	NA
NC_045512.2	19898	C	T	17	5	23	1	1	27	0.0526316	19	0.5	FALSE	NA	NA	NA	NA	NA	NA
NC_045512.2	19898	C	G	17	5	23	1	1	28	0.0526316	19	0.5	FALSE	NA	NA	NA	NA	NA	NA
NC_045512.2	19899	A	T	18	6	26	1	1	25	0.047619	21	0.487179	FALSE	NA	NA	NA	NA	NA	NA
NC_045512.2	19899	A	G	18	6	26	1	1	27	0.047619	21	0.487179	FALSE	NA	NA	NA	NA	NA	NA
NC_045512.2	19899	A	C	18	6	26	1	1	23	0.047619	21	0.487179	FALSE	NA	NA	NA	NA	NA	NA
NC_045512.2	19900	G	C	17	5	27	1	1	23	0.047619	21	0.473684	FALSE	NA	NA	NA	NA	NA	NA
NC_045512.2	19900	G	A	17	5	27	3	3	25	0.142857	21	0.115385	FALSE	NA	NA	NA	NA	NA	NA
NC_045512.2	19901	C	T	17	5	26	1	1	28	0.05	20	0.486486	FALSE	NA	NA	NA	NA	NA	NA
NC_045512.2	19901	C	G	17	5	26	1	1	27	0.05	20	0.486486	FALSE	NA	NA	NA	NA	NA	NA
NC_045512.2	19901	C	A	17	5	26	1	1	24	0.05	20	0.486486	FALSE	NA	NA	NA	NA	NA	NA
NC_045512.2	19902	A	T	18	6	26	1	1	28	0.047619	21	0.487179	FALSE	NA	NA	NA	NA	NA	NA
NC_045512.2	19902	A	C	18	6	26	2	2	26	0.0952381	21	0.24359	FALSE	NA	NA	NA	NA	NA	NA
NC_045512.2	19903	C	T	17	5	25	3	3	27	0.15	20	0.12474	FALSE	NA	NA	NA	NA	NA	NA
NC_045512.2	19904	A	G	17	5	27	4	4	24	0.190476	21	0.0590994	FALSE	NA	NA	NA	NA	NA	NA
NC_045512.2	19905	T	G	18	6	26	1	1	28	0.05	20	0.5	FALSE	NA	NA	NA	NA	NA	NA
NC_045512.2	19905	T	C	18	6	26	1	1	27	0.05	20	0.5	FALSE	NA	NA	NA	NA	NA	NA
NC_045512.2	19906	A	T	17	5	26	2	2	28	0.0952381	21	0.230769	FALSE	NA	NA	NA	NA	NA	NA
NC_045512.2	19906	A	G	17	5	26	2	2	26	0.0952381	21	0.230769	FALSE	NA	NA	NA	NA	NA	NA
NC_045512.2	19907	T	G	17	5	25	1	1	29	0.047619	21	0.473684	FALSE	NA	NA	NA	NA	NA	NA
NC_045512.2	19907	T	A	17	5	25	3	3	24	0.142857	21	0.115385	FALSE	NA	NA	NA	NA	NA	NA
NC_045512.2	19908	A	C	17	7	26	2	2	28	0.105263	19	0.256757	FALSE	NA	NA	NA	NA	NA	NA
NC_045512.2	19909	T	A	18	8	26	1	1	31	0.0526316	19	0.513514	FALSE	NA	NA	NA	NA	NA	NA
NC_045512.2	19910	C	G	16	5	26	1	1	31	0.05	20	0.472222	FALSE	NA	NA	NA	NA	NA	NA
NC_045512.2	19910	C	A	16	5	26	3	3	24	0.15	20	0.114865	FALSE	NA	NA	NA	NA	NA	NA
NC_045512.2	19911	T	C	18	7	26	1	1	20	0.05	20	0.5	FALSE	NA	NA	NA	NA	NA	NA
NC_045512.2	19911	T	A	18	7	26	1	1	28	0.05	20	0.5	FALSE	NA	NA	NA	NA	NA	NA
NC_045512.2	19912	A	T	18	7	25	1	1	28	0.0526316	19	0.513514	FALSE	NA	NA	NA	NA	NA	NA
NC_045512.2	19913	C	G	17	6	25	1	1	21	0.05	20	0.486486	FALSE	NA	NA	NA	NA	NA	NA
NC_045512.2	19913	C	A	17	6	25	2	2	26	0.1	20	0.243243	FALSE	NA	NA	NA	NA	NA	NA
NC_045512.2	19914	T	C	17	6	25	2	2	23	0.1	20	0.243243	FALSE	NA	NA	NA	NA	NA	NA
NC_045512.2	19914	T	A	17	6	25	1	1	26	0.05	20	0.486486	FALSE	NA	NA	NA	NA	NA	NA
NC_045512.2	19915	A	T	18	7	25	1	1	27	0.05	20	0.5	FALSE	NA	NA	NA	NA	NA	NA
NC_045512.2	19915	A	C	18	7	25	1	1	27	0.05	20	0.5	FALSE	NA	NA	NA	NA	NA	NA
NC_045512.2	19916	T	G	16	5	24	2	2	26	0.1	20	0.22973	FALSE	NA	NA	NA	NA	NA	NA
NC_045512.2	19916	T	C	16	5	24	1	1	26	0.05	20	0.472222	FALSE	NA	NA	NA	NA	NA	NA
NC_045512.2	19916	T	A	16	5	24	1	1	20	0.05	20	0.472222	FALSE	NA	NA	NA	NA	NA	NA
NC_045512.2	19917	T	A	13	7	25	2	2	25	0.133333	15	0.258621	FALSE	NA	NA	NA	NA	NA	NA
NC_045512.2	19918	G	T	18	7	25	2	2	27	0.1	20	0.25641	FALSE	NA	NA	NA	NA	NA	NA
NC_045512.2	19919	G	A	17	6	23	3	3	25	0.15	20	0.12474	FALSE	NA	NA	NA	NA	NA	NA
NC_045512.2	19920	T	A	18	7	25	2	2	27	0.1	20	0.25641	FALSE	NA	NA	NA	NA	NA	NA
NC_045512.2	19921	G	T	18	7	25	1	1	21	0.05	20	0.5	FALSE	NA	NA	NA	NA	NA	NA
NC_045512.2	19921	G	C	18	7	25	1	1	29	0.05	20	0.5	FALSE	NA	NA	NA	NA	NA	NA
NC_045512.2	19922	T	C	17	7	25	2	2	22	0.105263	19	0.256757	FALSE	NA	NA	NA	NA	NA	NA
NC_045512.2	19923	T	G	17	7	27	1	1	24	0.0555556	18	0.514286	FALSE	NA	NA	NA	NA	NA	NA
NC_045512.2	19924	T	G	10	6	25	2	2	25	0.153846	13	0.23913	FALSE	NA	NA	NA	NA	NA	NA
NC_045512.2	19924	T	C	10	6	25	1	1	23	0.0769231	13	0.478261	FALSE	NA	NA	NA	NA	NA	NA
NC_045512.2	19925	G	T	17	7	26	1	1	28	0.0526316	19	0.5	FALSE	NA	NA	NA	NA	NA	NA
NC_045512.2	19925	G	C	17	7	26	1	1	28	0.0526316	19	0.5	FALSE	NA	NA	NA	NA	NA	NA
NC_045512.2	19926	T	G	15	5	25	2	2	24	0.105263	19	0.228571	FALSE	NA	NA	NA	NA	NA	NA
NC_045512.2	19926	T	A	15	5	25	2	2	28	0.105263	19	0.228571	FALSE	NA	NA	NA	NA	NA	NA
NC_045512.2	19927	T	G	14	6	25	2	2	28	0.117647	17	0.241935	FALSE	NA	NA	NA	NA	NA	NA
NC_045512.2	19927	T	C	14	6	25	1	1	29	0.0588235	17	0.483871	FALSE	NA	NA	NA	NA	NA	NA
NC_045512.2	19928	C	T	15	6	27	1	1	28	0.0555556	18	0.484848	FALSE	NA	NA	NA	NA	NA	NA
NC_045512.2	19928	C	G	15	6	27	2	2	27	0.111111	18	0.242424	FALSE	NA	NA	NA	NA	NA	NA
NC_045512.2	19929	T	C	15	6	27	1	1	28	0.0555556	18	0.484848	FALSE	NA	NA	NA	NA	NA	NA
NC_045512.2	19929	T	A	15	6	27	2	2	27	0.111111	18	0.242424	FALSE	NA	NA	NA	NA	NA	NA
NC_045512.2	19930	A	T	14	5	27	1	1	28	0.0555556	18	0.46875	FALSE	NA	NA	NA	NA	NA	NA
NC_045512.2	19930	A	G	14	5	27	1	1	27	0.0555556	18	0.46875	FALSE	NA	NA	NA	NA	NA	NA
NC_045512.2	19930	A	C	14	5	27	2	2	27	0.111111	18	0.227273	FALSE	NA	NA	NA	NA	NA	NA
NC_045512.2	19931	T	G	13	5	27	1	1	33	0.0588235	17	0.466667	FALSE	NA	NA	NA	NA	NA	NA
NC_045512.2	19931	T	A	13	5	27	3	3	23	0.176471	17	0.112903	FALSE	NA	NA	NA	NA	NA	NA
NC_045512.2	19932	G	T	13	5	27	1	1	29	0.0588235	17	0.466667	FALSE	NA	NA	NA	NA	NA	NA
NC_045512.2	19932	G	A	13	5	27	3	3	27	0.176471	17	0.112903	FALSE	NA	NA	NA	NA	NA	NA
NC_045512.2	19933	A	G	15	7	26	1	1	28	0.0588235	17	0.5	FALSE	NA	NA	NA	NA	NA	NA
NC_045512.2	19933	A	C	15	7	26	1	1	23	0.0588235	17	0.5	FALSE	NA	NA	NA	NA	NA	NA
NC_045512.2	19934	C	T	14	6	26	1	1	29	0.0588235	17	0.483871	FALSE	NA	NA	NA	NA	NA	NA
NC_045512.2	19934	C	A	14	6	26	2	2	26	0.117647	17	0.241935	FALSE	NA	NA	NA	NA	NA	NA
NC_045512.2	19935	T	G	13	5	26	2	2	27	0.125	16	0.241379	FALSE	NA	NA	NA	NA	NA	NA
NC_045512.2	19935	T	A	13	5	26	1	1	29	0.0625	16	0.482759	FALSE	NA	NA	NA	NA	NA	NA
NC_045512.2	19936	G	T	13	5	26	2	2	26	0.117647	17	0.225806	FALSE	NA	NA	NA	NA	NA	NA
NC_045512.2	19936	G	C	13	5	26	1	1	25	0.0588235	17	0.466667	FALSE	NA	NA	NA	NA	NA	NA
NC_045512.2	19936	G	A	13	5	26	1	1	28	0.0588235	17	0.466667	FALSE	NA	NA	NA	NA	NA	NA
NC_045512.2	19937	A	G	14	6	25	2	2	26	0.117647	17	0.241935	FALSE	NA	NA	NA	NA	NA	NA
NC_045512.2	19937	A	C	14	6	25	1	1	27	0.0588235	17	0.483871	FALSE	NA	NA	NA	NA	NA	NA
NC_045512.2	19938	C	T	14	6	26	1	1	27	0.0588235	17	0.483871	FALSE	NA	NA	NA	NA	NA	NA
NC_045512.2	19938	C	A	14	6	26	2	2	28	0.117647	17	0.241935	FALSE	NA	NA	NA	NA	NA	NA
NC_045512.2	19939	A	T	14	6	26	2	2	27	0.117647	17	0.241935	FALSE	NA	NA	NA	NA	NA	NA
NC_045512.2	19939	A	C	14	6	26	1	1	28	0.0588235	17	0.483871	FALSE	NA	NA	NA	NA	NA	NA
NC_045512.2	19940	T	G	13	5	27	2	2	29	0.117647	17	0.225806	FALSE	NA	NA	NA	NA	NA	NA
NC_045512.2	19940	T	C	13	5	27	1	1	28	0.0588235	17	0.466667	FALSE	NA	NA	NA	NA	NA	NA
NC_045512.2	19940	T	A	13	5	27	1	1	28	0.0588235	17	0.466667	FALSE	NA	NA	NA	NA	NA	NA
NC_045512.2	19941	A	T	13	5	28	2	2	27	0.117647	17	0.225806	FALSE	NA	NA	NA	NA	NA	NA
NC_045512.2	19941	A	C	13	5	28	2	2	30	0.117647	17	0.225806	FALSE	NA	NA	NA	NA	NA	NA
NC_045512.2	19942	G	T	12	5	26	3	3	28	0.1875	16	0.112069	FALSE	NA	NA	NA	NA	NA	NA
NC_045512.2	19942	G	A	12	5	26	1	1	30	0.0625	16	0.464286	FALSE	NA	NA	NA	NA	NA	NA
NC_045512.2	19943	C	T	13	6	24	1	1	24	0.0625	16	0.482759	FALSE	NA	NA	NA	NA	NA	NA
NC_045512.2	19943	C	A	13	6	24	2	2	22	0.125	16	0.241379	FALSE	NA	NA	NA	NA	NA	NA
NC_045512.2	19944	C	T	10	6	25	1	1	31	0.0769231	13	0.478261	FALSE	NA	NA	NA	NA	NA	NA
NC_045512.2	19944	C	A	10	6	25	2	2	28	0.153846	13	0.23913	FALSE	NA	NA	NA	NA	NA	NA
NC_045512.2	19945	A	T	14	7	25	1	1	29	0.0625	16	0.5	FALSE	NA	NA	NA	NA	NA	NA
NC_045512.2	19945	A	G	14	7	25	1	1	24	0.0625	16	0.5	FALSE	NA	NA	NA	NA	NA	NA
NC_045512.2	19946	A	G	13	6	24	2	2	28	0.125	16	0.241379	FALSE	NA	NA	NA	NA	NA	NA
NC_045512.2	19946	A	C	13	6	24	1	1	23	0.0625	16	0.482759	FALSE	NA	NA	NA	NA	NA	NA
NC_045512.2	19947	G	T	12	5	26	1	1	27	0.0625	16	0.464286	FALSE	NA	NA	NA	NA	NA	NA
NC_045512.2	19947	G	C	12	5	26	3	3	29	0.1875	16	0.112069	FALSE	NA	NA	NA	NA	NA	NA
NC_045512.2	19948	A	T	13	6	26	1	1	27	0.0666667	15	0.5	FALSE	NA	NA	NA	NA	NA	NA
NC_045512.2	19948	A	G	13	6	26	1	1	27	0.0666667	15	0.5	FALSE	NA	NA	NA	NA	NA	NA
NC_045512.2	19949	A	T	11	5	29	1	1	22	0.0666667	15	0.461538	FALSE	NA	NA	NA	NA	NA	NA
NC_045512.2	19949	A	G	11	5	29	2	2	28	0.133333	15	0.222222	FALSE	NA	NA	NA	NA	NA	NA
NC_045512.2	19949	A	C	11	5	29	1	1	27	0.0666667	15	0.461538	FALSE	NA	NA	NA	NA	NA	NA
NC_045512.2	19950	A	T	12	6	24	3	3	28	0.2	15	0.124521	FALSE	NA	NA	NA	NA	NA	NA
NC_045512.2	19951	C	T	11	5	25	2	2	27	0.133333	15	0.222222	FALSE	NA	NA	NA	NA	NA	NA
NC_045512.2	19951	C	G	11	5	25	1	1	27	0.0666667	15	0.461538	FALSE	NA	NA	NA	NA	NA	NA
NC_045512.2	19951	C	A	11	5	25	1	1	28	0.0666667	15	0.461538	FALSE	NA	NA	NA	NA	NA	NA
NC_045512.2	19952	C	G	11	6	24	1	1	28	0.0714286	14	0.48	FALSE	NA	NA	NA	NA	NA	NA
NC_045512.2	19952	C	A	11	6	24	2	2	26	0.142857	14	0.24	FALSE	NA	NA	NA	NA	NA	NA
NC_045512.2	19953	A	T	11	5	24	3	3	25	0.1875	16	0.0996169	FALSE	NA	NA	NA	NA	NA	NA
NC_045512.2	19953	A	G	11	5	24	1	1	27	0.0625	16	0.444444	FALSE	NA	NA	NA	NA	NA	NA
NC_045512.2	19953	A	C	11	5	24	1	1	28	0.0625	16	0.444444	FALSE	NA	NA	NA	NA	NA	NA
NC_045512.2	19954	A	T	9	7	26	1	1	29	0.0833333	12	0.47619	FALSE	NA	NA	NA	NA	NA	NA
NC_045512.2	19954	A	G	9	7	26	1	1	27	0.0833333	12	0.47619	FALSE	NA	NA	NA	NA	NA	NA
NC_045512.2	19954	A	C	9	7	26	1	1	27	0.0833333	12	0.47619	FALSE	NA	NA	NA	NA	NA	NA
NC_045512.2	19955	C	T	1	1	29	11	7	24	0.785714	14	2.69215e-06	TRUE	NA	NA	NA	NA	NA	NA
NC_045512.2	19955	C	G	1	1	29	2	2	26	0.142857	14	0.025	FALSE	NA	NA	NA	NA	NA	NA
NC_045512.2	19956	T	G	9	7	26	1	1	22	0.0833333	12	0.47619	FALSE	NA	NA	NA	NA	NA	NA
NC_045512.2	19956	T	C	9	7	26	1	1	28	0.0833333	12	0.47619	FALSE	NA	NA	NA	NA	NA	NA
NC_045512.2	19956	T	A	9	7	26	1	1	27	0.0833333	12	0.47619	FALSE	NA	NA	NA	NA	NA	NA
NC_045512.2	19957	G	T	11	8	26	1	1	26	0.0769231	13	0.5	FALSE	NA	NA	NA	NA	NA	NA
NC_045512.2	19957	G	A	11	8	26	1	1	28	0.0769231	13	0.5	FALSE	NA	NA	NA	NA	NA	NA
NC_045512.2	19958	A	T	9	6	25	2	2	26	0.153846	13	0.217391	FALSE	NA	NA	NA	NA	NA	NA
NC_045512.2	19958	A	G	9	6	25	2	2	27	0.153846	13	0.217391	FALSE	NA	NA	NA	NA	NA	NA
NC_045512.2	19959	A	G	4	1	28	1	1	20	0.2	5	0.555556	FALSE	NA	NA	NA	NA	NA	NA
NC_045512.2	19960	A	G	3	0	22	1	1	26	0.2	5	0.5	FALSE	NA	NA	NA	NA	NA	NA
NC_045512.2	19960	A	C	3	0	22	1	1	25	0.2	5	0.5	FALSE	NA	NA	NA	NA	NA	NA
NC_045512.2	19961	C	A	2	0	28	1	1	26	0.333333	3	0.6	FALSE	NA	NA	NA	NA	NA	NA
NC_045512.2	19962	G	C	2	0	27	1	1	26	0.333333	3	0.6	FALSE	NA	NA	NA	NA	NA	NA
NC_045512.2	19966	T	G	1	0	22	1	1	27	0.5	2	0.666667	FALSE	NA	NA	NA	NA	NA	NA
NC_045512.2	19967	G	C	2	0	25	1	1	27	0.333333	3	0.6	FALSE	NA	NA	NA	NA	NA	NA
NC_045512.2	19968	T	G	3	1	25	1	1	31	0.25	4	0.571429	FALSE	NA	NA	NA	NA	NA	NA
NC_045512.2	19970	C	G	3	1	27	2	2	29	0.4	5	0.277778	FALSE	NA	NA	NA	NA	NA	NA
NC_045512.2	19971	A	T	1	0	28	2	2	28	0.5	4	0.2	FALSE	NA	NA	NA	NA	NA	NA
NC_045512.2	19971	A	G	1	0	28	1	1	31	0.25	4	0.4	FALSE	NA	NA	NA	NA	NA	NA
NC_045512.2	19972	C	G	1	0	29	2	2	29	0.5	4	0.2	FALSE	NA	NA	NA	NA	NA	NA
NC_045512.2	19972	C	A	1	0	29	1	1	23	0.25	4	0.4	FALSE	NA	NA	NA	NA	NA	NA
NC_045512.2	19973	C	T	1	0	21	2	2	28	0.5	4	0.2	FALSE	NA	NA	NA	NA	NA	NA
NC_045512.2	19973	C	A	1	0	21	1	1	28	0.25	4	0.4	FALSE	NA	NA	NA	NA	NA	NA
NC_045512.2	19974	A	T	1	0	26	1	1	28	0.25	4	0.4	FALSE	NA	NA	NA	NA	NA	NA
NC_045512.2	19974	A	G	1	0	26	2	2	26	0.5	4	0.2	FALSE	NA	NA	NA	NA	NA	NA
NC_045512.2	19975	C	T	1	0	26	1	1	29	0.25	4	0.4	FALSE	NA	NA	NA	NA	NA	NA
NC_045512.2	19975	C	G	1	0	26	1	1	29	0.25	4	0.4	FALSE	NA	NA	NA	NA	NA	NA
NC_045512.2	19975	C	A	1	0	26	1	1	28	0.25	4	0.4	FALSE	NA	NA	NA	NA	NA	NA
NC_045512.2	19976	T	G	1	0	27	1	1	26	0.25	4	0.4	FALSE	NA	NA	NA	NA	NA	NA
NC_045512.2	19976	T	C	1	0	27	1	1	28	0.25	4	0.4	FALSE	NA	NA	NA	NA	NA	NA
NC_045512.2	19976	T	A	1	0	27	1	1	27	0.25	4	0.4	FALSE	NA	NA	NA	NA	NA	NA
NC_045512.2	19977	C	T	2	1	26	1	1	28	0.25	4	0.5	FALSE	NA	NA	NA	NA	NA	NA
NC_045512.2	19977	C	G	2	1	26	1	1	31	0.25	4	0.5	FALSE	NA	NA	NA	NA	NA	NA
NC_045512.2	19978	A	G	3	2	28	1	1	29	0.25	4	0.571429	FALSE	NA	NA	NA	NA	NA	NA
NC_045512.2	19979	C	T	2	1	27	2	2	26	0.5	4	0.285714	FALSE	NA	NA	NA	NA	NA	NA
NC_045512.2	19980	T	G	2	1	30	1	1	28	0.25	4	0.5	FALSE	NA	NA	NA	NA	NA	NA
NC_045512.2	19980	T	A	2	1	30	1	1	29	0.25	4	0.5	FALSE	NA	NA	NA	NA	NA	NA
NC_045512.2	19981	G	T	2	1	26	1	1	24	0.25	4	0.5	FALSE	NA	NA	NA	NA	NA	NA
NC_045512.2	19981	G	A	2	1	26	1	1	28	0.25	4	0.5	FALSE	NA	NA	NA	NA	NA	NA
NC_045512.2	19982	T	C	3	2	28	1	1	24	0.25	4	0.571429	FALSE	NA	NA	NA	NA	NA	NA
NC_045512.2	19983	C	T	2	1	27	1	1	24	0.25	4	0.5	FALSE	NA	NA	NA	NA	NA	NA
NC_045512.2	19983	C	G	2	1	27	1	1	29	0.25	4	0.5	FALSE	NA	NA	NA	NA	NA	NA
NC_045512.2	19984	T	G	2	1	27	1	1	28	0.25	4	0.5	FALSE	NA	NA	NA	NA	NA	NA
NC_045512.2	19984	T	C	2	1	27	1	1	36	0.25	4	0.5	FALSE	NA	NA	NA	NA	NA	NA
NC_045512.2	19985	T	G	2	1	29	1	1	22	0.25	4	0.5	FALSE	NA	NA	NA	NA	NA	NA
NC_045512.2	19985	T	C	2	1	29	1	1	28	0.25	4	0.5	FALSE	NA	NA	NA	NA	NA	NA
NC_045512.2	19986	T	G	2	1	28	2	2	27	0.5	4	0.285714	FALSE	NA	NA	NA	NA	NA	NA
NC_045512.2	19987	T	G	1	0	31	1	1	27	0.25	4	0.4	FALSE	NA	NA	NA	NA	NA	NA
NC_045512.2	19987	T	C	1	0	31	1	1	27	0.25	4	0.4	FALSE	NA	NA	NA	NA	NA	NA
NC_045512.2	19987	T	A	1	0	31	1	1	23	0.25	4	0.4	FALSE	NA	NA	NA	NA	NA	NA
NC_045512.2	19988	T	A	2	1	27	2	2	27	0.5	4	0.285714	FALSE	NA	NA	NA	NA	NA	NA
NC_045512.2	19989	T	C	1	1	27	1	1	28	0.5	2	0.666667	FALSE	NA	NA	NA	NA	NA	NA
NC_045512.2	19990	G	T	1	0	28	1	1	28	0.25	4	0.4	FALSE	NA	NA	NA	NA	NA	NA
NC_045512.2	19990	G	A	1	0	28	2	2	26	0.5	4	0.2	FALSE	NA	NA	NA	NA	NA	NA
NC_045512.2	19991	A	T	2	1	24	1	1	24	0.25	4	0.5	FALSE	NA	NA	NA	NA	NA	NA
NC_045512.2	19991	A	C	2	1	24	1	1	29	0.25	4	0.5	FALSE	NA	NA	NA	NA	NA	NA
NC_045512.2	19992	T	C	2	1	26	1	1	26	0.25	4	0.5	FALSE	NA	NA	NA	NA	NA	NA
NC_045512.2	19992	T	A	2	1	26	1	1	28	0.25	4	0.5	FALSE	NA	NA	NA	NA	NA	NA
NC_045512.2	19993	G	C	2	1	26	1	1	31	0.333333	3	0.6	FALSE	NA	NA	NA	NA	NA	NA
NC_045512.2	19994	G	T	1	0	24	2	2	28	0.5	4	0.2	FALSE	NA	NA	NA	NA	NA	NA
NC_045512.2	19994	G	A	1	0	24	1	1	26	0.25	4	0.4	FALSE	NA	NA	NA	NA	NA	NA
NC_045512.2	19995	T	G	1	0	26	2	2	28	0.5	4	0.2	FALSE	NA	NA	NA	NA	NA	NA
NC_045512.2	19995	T	A	1	0	26	1	1	26	0.25	4	0.4	FALSE	NA	NA	NA	NA	NA	NA
NC_045512.2	19996	A	T	3	2	26	1	1	31	0.25	4	0.571429	FALSE	NA	NA	NA	NA	NA	NA
NC_045512.2	19997	G	T	3	2	27	1	1	28	0.25	4	0.571429	FALSE	NA	NA	NA	NA	NA	NA
NC_045512.2	19998	A	C	3	2	28	1	1	31	0.25	4	0.571429	FALSE	NA	NA	NA	NA	NA	NA
NC_045512.2	19999	G	T	2	1	26	2	2	30	0.5	4	0.285714	FALSE	NA	NA	NA	NA	NA	NA
NC_045512.2	20000	T	G	1	0	25	1	1	23	0.25	4	0.4	FALSE	NA	NA	NA	NA	NA	NA
NC_045512.2	20000	T	C	1	0	25	1	1	28	0.25	4	0.4	FALSE	NA	NA	NA	NA	NA	NA
NC_045512.2	20000	T	A	1	0	25	1	1	27	0.25	4	0.4	FALSE	NA	NA	NA	NA	NA	NA
NC_045512.2	20001	T	G	3	2	25	1	1	32	0.25	4	0.571429	FALSE	NA	NA	NA	NA	NA	NA
NC_045512.2	20003	A	G	2	1	27	1	1	31	0.25	4	0.5	FALSE	NA	NA	NA	NA	NA	NA
NC_045512.2	20003	A	C	2	1	27	1	1	29	0.25	4	0.5	FALSE	NA	NA	NA	NA	NA	NA
NC_045512.2	20004	T	G	1	1	27	1	1	28	0.333333	3	0.5	FALSE	NA	NA	NA	NA	NA	NA
NC_045512.2	20004	T	C	1	1	27	1	1	28	0.333333	3	0.5	FALSE	NA	NA	NA	NA	NA	NA
NC_045512.2	20005	G	T	0	0	0	1	1	28	0.333333	3	0.333333	FALSE	NA	NA	NA	NA	NA	NA
NC_045512.2	20005	G	C	0	0	0	1	1	22	0.333333	3	0.333333	FALSE	NA	NA	NA	NA	NA	NA
NC_045512.2	20005	G	A	0	0	0	1	1	28	0.333333	3	0.333333	FALSE	NA	NA	NA	NA	NA	NA
NC_045512.2	20006	G	C	0	0	0	2	2	27	0.666667	3	0.166667	FALSE	NA	NA	NA	NA	NA	NA
NC_045512.2	20006	G	A	0	0	0	1	1	29	0.333333	3	0.333333	FALSE	NA	NA	NA	NA	NA	NA
NC_045512.2	20007	T	C	1	1	28	1	1	23	0.333333	3	0.5	FALSE	NA	NA	NA	NA	NA	NA
NC_045512.2	20007	T	A	1	1	28	1	1	24	0.333333	3	0.5	FALSE	NA	NA	NA	NA	NA	NA
NC_045512.2	20008	C	G	2	2	27	1	1	23	0.25	4	0.5	FALSE	NA	NA	NA	NA	NA	NA
NC_045512.2	20008	C	A	2	2	27	1	1	28	0.25	4	0.5	FALSE	NA	NA	NA	NA	NA	NA
NC_045512.2	20009	A	C	3	3	23	2	2	24	0.4	5	0.277778	FALSE	NA	NA	NA	NA	NA	NA
NC_045512.2	20011	G	C	2	2	26	1	1	28	0.2	5	0.428571	FALSE	NA	NA	NA	NA	NA	NA
NC_045512.2	20011	G	A	2	2	26	2	2	26	0.4	5	0.214286	FALSE	NA	NA	NA	NA	NA	NA
NC_045512.2	20012	T	G	2	2	27	1	1	23	0.2	5	0.428571	FALSE	NA	NA	NA	NA	NA	NA
NC_045512.2	20012	T	A	2	2	27	2	2	28	0.4	5	0.214286	FALSE	NA	NA	NA	NA	NA	NA
NC_045512.2	20013	A	T	4	4	27	1	1	27	0.2	5	0.555556	FALSE	NA	NA	NA	NA	NA	NA
NC_045512.2	20014	G	A	4	4	27	1	1	26	0.2	5	0.555556	FALSE	NA	NA	NA	NA	NA	NA
NC_045512.2	20015	A	T	4	4	27	1	1	27	0.2	5	0.555556	FALSE	NA	NA	NA	NA	NA	NA
NC_045512.2	20016	C	T	2	2	28	1	1	27	0.2	5	0.428571	FALSE	NA	NA	NA	NA	NA	NA
NC_045512.2	20016	C	G	2	2	28	1	1	28	0.2	5	0.428571	FALSE	NA	NA	NA	NA	NA	NA
NC_045512.2	20016	C	A	2	2	28	1	1	28	0.2	5	0.428571	FALSE	NA	NA	NA	NA	NA	NA
NC_045512.2	20017	T	G	3	3	24	1	1	27	0.2	5	0.5	FALSE	NA	NA	NA	NA	NA	NA
NC_045512.2	20017	T	A	3	3	24	1	1	28	0.2	5	0.5	FALSE	NA	NA	NA	NA	NA	NA
NC_045512.2	20018	T	C	3	3	28	2	2	27	0.4	5	0.277778	FALSE	NA	NA	NA	NA	NA	NA
NC_045512.2	20019	A	T	2	2	27	2	2	27	0.4	5	0.214286	FALSE	NA	NA	NA	NA	NA	NA
NC_045512.2	20019	A	G	2	2	27	1	1	28	0.2	5	0.428571	FALSE	NA	NA	NA	NA	NA	NA
NC_045512.2	20020	T	C	2	2	22	2	2	26	0.4	5	0.214286	FALSE	NA	NA	NA	NA	NA	NA
NC_045512.2	20020	T	A	2	2	22	1	1	27	0.2	5	0.428571	FALSE	NA	NA	NA	NA	NA	NA
NC_045512.2	20021	T	C	3	3	27	2	2	27	0.4	5	0.277778	FALSE	NA	NA	NA	NA	NA	NA
NC_045512.2	20022	T	C	3	3	26	2	2	25	0.333333	6	0.222222	FALSE	NA	NA	NA	NA	NA	NA
NC_045512.2	20022	T	A	3	3	26	1	1	26	0.166667	6	0.444444	FALSE	NA	NA	NA	NA	NA	NA
NC_045512.2	20023	A	G	4	4	25	1	1	21	0.166667	6	0.5	FALSE	NA	NA	NA	NA	NA	NA
NC_045512.2	20023	A	C	4	4	25	1	1	27	0.166667	6	0.5	FALSE	NA	NA	NA	NA	NA	NA
NC_045512.2	20024	G	C	2	2	27	1	1	22	0.2	5	0.428571	FALSE	NA	NA	NA	NA	NA	NA
NC_045512.2	20024	G	A	2	2	27	2	2	27	0.4	5	0.214286	FALSE	NA	NA	NA	NA	NA	NA
NC_045512.2	20025	A	T	3	3	22	1	1	27	0.142857	7	0.4	FALSE	NA	NA	NA	NA	NA	NA
NC_045512.2	20025	A	G	3	3	22	2	2	26	0.285714	7	0.181818	FALSE	NA	NA	NA	NA	NA	NA
NC_045512.2	20025	A	C	3	3	22	1	1	22	0.142857	7	0.4	FALSE	NA	NA	NA	NA	NA	NA
NC_045512.2	20026	A	T	3	3	26	1	1	26	0.142857	7	0.4	FALSE	NA	NA	NA	NA	NA	NA
NC_045512.2	20026	A	G	3	3	26	1	1	21	0.142857	7	0.4	FALSE	NA	NA	NA	NA	NA	NA
NC_045512.2	20026	A	C	3	3	26	2	2	24	0.285714	7	0.181818	FALSE	NA	NA	NA	NA	NA	NA
NC_045512.2	20027	A	G	6	6	24	1	1	27	0.142857	7	0.538462	FALSE	NA	NA	NA	NA	NA	NA
NC_045512.2	20028	T	G	4	4	26	2	2	24	0.285714	7	0.227273	FALSE	NA	NA	NA	NA	NA	NA
NC_045512.2	20028	T	C	4	4	26	1	1	20	0.142857	7	0.454545	FALSE	NA	NA	NA	NA	NA	NA
NC_045512.2	20029	G	T	3	3	27	1	1	25	0.142857	7	0.4	FALSE	NA	NA	NA	NA	NA	NA
NC_045512.2	20029	G	A	3	3	27	3	3	22	0.428571	7	0.0909091	FALSE	NA	NA	NA	NA	NA	NA
NC_045512.2	20030	C	T	3	3	24	2	2	27	0.333333	6	0.222222	FALSE	NA	NA	NA	NA	NA	NA
NC_045512.2	20030	C	A	3	3	24	1	1	24	0.166667	6	0.444444	FALSE	NA	NA	NA	NA	NA	NA
NC_045512.2	20031	C	T	2	2	31	2	2	25	0.285714	7	0.133333	FALSE	NA	NA	NA	NA	NA	NA
NC_045512.2	20031	C	G	2	2	31	1	1	21	0.142857	7	0.333333	FALSE	NA	NA	NA	NA	NA	NA
NC_045512.2	20031	C	A	2	2	31	2	2	22	0.285714	7	0.133333	FALSE	NA	NA	NA	NA	NA	NA
NC_045512.2	20032	C	T	2	2	27	4	4	25	0.571429	7	0.030303	FALSE	NA	NA	NA	NA	NA	NA
NC_045512.2	20032	C	A	2	2	27	1	1	22	0.142857	7	0.333333	FALSE	NA	NA	NA	NA	NA	NA
NC_045512.2	20033	G	C	3	3	25	2	2	21	0.285714	7	0.181818	FALSE	NA	NA	NA	NA	NA	NA
NC_045512.2	20033	G	A	3	3	25	2	2	26	0.285714	7	0.181818	FALSE	NA	NA	NA	NA	NA	NA
NC_045512.2	20035	A	T	3	3	24	3	3	26	0.428571	7	0.0909091	FALSE	NA	NA	NA	NA	NA	NA
NC_045512.2	20035	A	C	3	3	24	1	1	24	0.142857	7	0.4	FALSE	NA	NA	NA	NA	NA	NA
NC_045512.2	20036	A	T	3	3	29	2	2	25	0.285714	7	0.181818	FALSE	NA	NA	NA	NA	NA	NA
NC_045512.2	20036	A	C	3	3	29	2	2	25	0.285714	7	0.181818	FALSE	NA	NA	NA	NA	NA	NA
NC_045512.2	20037	T	A	5	5	26	2	2	28	0.285714	7	0.269231	FALSE	NA	NA	NA	NA	NA	NA
NC_045512.2	20038	G	T	3	3	25	1	1	30	0.142857	7	0.4	FALSE	NA	NA	NA	NA	NA	NA
NC_045512.2	20038	G	C	3	3	25	1	1	29	0.142857	7	0.4	FALSE	NA	NA	NA	NA	NA	NA
NC_045512.2	20038	G	A	3	3	25	2	2	25	0.285714	7	0.181818	FALSE	NA	NA	NA	NA	NA	NA
NC_045512.2	20039	G	T	2	2	27	3	3	28	0.5	6	0.0833333	FALSE	NA	NA	NA	NA	NA	NA
NC_045512.2	20039	G	A	2	2	27	1	1	23	0.166667	6	0.375	FALSE	NA	NA	NA	NA	NA	NA
NC_045512.2	20040	T	G	3	3	26	1	1	27	0.142857	7	0.4	FALSE	NA	NA	NA	NA	NA	NA
NC_045512.2	20040	T	A	3	3	26	3	3	28	0.428571	7	0.0909091	FALSE	NA	NA	NA	NA	NA	NA
NC_045512.2	20041	G	T	3	3	27	1	1	23	0.166667	6	0.444444	FALSE	NA	NA	NA	NA	NA	NA
NC_045512.2	20041	G	A	3	3	27	2	2	29	0.333333	6	0.222222	FALSE	NA	NA	NA	NA	NA	NA
NC_045512.2	20042	T	G	4	4	26	1	1	29	0.142857	7	0.454545	FALSE	NA	NA	NA	NA	NA	NA
NC_045512.2	20042	T	C	4	4	26	1	1	27	0.142857	7	0.454545	FALSE	NA	NA	NA	NA	NA	NA
NC_045512.2	20042	T	A	4	4	26	1	1	22	0.142857	7	0.454545	FALSE	NA	NA	NA	NA	NA	NA
NC_045512.2	20043	T	G	4	4	27	2	2	25	0.285714	7	0.227273	FALSE	NA	NA	NA	NA	NA	NA
NC_045512.2	20043	T	A	4	4	27	1	1	28	0.142857	7	0.454545	FALSE	NA	NA	NA	NA	NA	NA
NC_045512.2	20044	C	G	3	3	25	3	3	27	0.428571	7	0.0909091	FALSE	NA	NA	NA	NA	NA	NA
NC_045512.2	20044	C	A	3	3	25	1	1	28	0.142857	7	0.4	FALSE	NA	NA	NA	NA	NA	NA
NC_045512.2	20045	T	C	5	5	24	1	1	27	0.142857	7	0.5	FALSE	NA	NA	NA	NA	NA	NA
NC_045512.2	20045	T	A	5	5	24	1	1	26	0.142857	7	0.5	FALSE	NA	NA	NA	NA	NA	NA
NC_045512.2	20046	T	G	3	3	28	2	2	26	0.285714	7	0.181818	FALSE	NA	NA	NA	NA	NA	NA
NC_045512.2	20046	T	C	3	3	28	2	2	26	0.285714	7	0.181818	FALSE	NA	NA	NA	NA	NA	NA
NC_045512.2	20047	A	T	3	3	27	2	2	26	0.333333	6	0.222222	FALSE	NA	NA	NA	NA	NA	NA
NC_045512.2	20047	A	G	3	3	27	1	1	27	0.166667	6	0.444444	FALSE	NA	NA	NA	NA	NA	NA
NC_045512.2	20048	T	G	5	5	25	1	1	29	0.142857	7	0.5	FALSE	NA	NA	NA	NA	NA	NA
NC_045512.2	20048	T	C	5	5	25	1	1	25	0.142857	7	0.5	FALSE	NA	NA	NA	NA	NA	NA
NC_045512.2	20049	T	C	4	4	26	1	1	25	0.142857	7	0.454545	FALSE	NA	NA	NA	NA	NA	NA
NC_045512.2	20049	T	A	4	4	26	2	2	23	0.285714	7	0.227273	FALSE	NA	NA	NA	NA	NA	NA
NC_045512.2	20050	A	T	3	3	27	1	1	27	0.142857	7	0.4	FALSE	NA	NA	NA	NA	NA	NA
NC_045512.2	20050	A	G	3	3	27	3	3	26	0.428571	7	0.0909091	FALSE	NA	NA	NA	NA	NA	NA
NC_045512.2	20051	C	T	4	4	25	3	3	26	0.428571	7	0.122378	FALSE	NA	NA	NA	NA	NA	NA
NC_045512.2	20052	A	T	3	3	24	2	2	26	0.285714	7	0.181818	FALSE	NA	NA	NA	NA	NA	NA
NC_045512.2	20052	A	G	3	3	24	1	1	22	0.142857	7	0.4	FALSE	NA	NA	NA	NA	NA	NA
NC_045512.2	20052	A	C	3	3	24	1	1	27	0.142857	7	0.4	FALSE	NA	NA	NA	NA	NA	NA
NC_045512.2	20053	G	C	3	3	25	1	1	27	0.142857	7	0.4	FALSE	NA	NA	NA	NA	NA	NA
NC_045512.2	20053	G	A	3	3	25	3	3	24	0.428571	7	0.0909091	FALSE	NA	NA	NA	NA	NA	NA
NC_045512.2	20054	A	T	3	3	25	4	4	27	0.571429	7	0.048951	FALSE	NA	NA	NA	NA	NA	NA
NC_045512.2	20055	A	G	1	1	28	5	5	26	0.833333	6	0.012987	FALSE	NA	NA	NA	NA	NA	NA
NC_045512.2	20056	G	T	3	3	28	2	2	24	0.285714	7	0.181818	FALSE	NA	NA	NA	NA	NA	NA
NC_045512.2	20056	G	A	3	3	28	2	2	25	0.285714	7	0.181818	FALSE	NA	NA	NA	NA	NA	NA
NC_045512.2	20057	G	T	3	3	28	2	2	27	0.285714	7	0.181818	FALSE	NA	NA	NA	NA	NA	NA
NC_045512.2	20057	G	C	3	3	28	1	1	29	0.142857	7	0.4	FALSE	NA	NA	NA	NA	NA	NA
NC_045512.2	20057	G	A	3	3	28	1	1	27	0.142857	7	0.4	FALSE	NA	NA	NA	NA	NA	NA
NC_045512.2	20058	T	G	3	3	26	1	1	27	0.142857	7	0.4	FALSE	NA	NA	NA	NA	NA	NA
NC_045512.2	20058	T	C	3	3	26	1	1	27	0.142857	7	0.4	FALSE	NA	NA	NA	NA	NA	NA
NC_045512.2	20058	T	A	3	3	26	2	2	28	0.285714	7	0.181818	FALSE	NA	NA	NA	NA	NA	NA
NC_045512.2	20059	A	T	2	2	25	2	2	22	0.285714	7	0.133333	FALSE	NA	NA	NA	NA	NA	NA
NC_045512.2	20059	A	G	2	2	25	1	1	25	0.142857	7	0.333333	FALSE	NA	NA	NA	NA	NA	NA
NC_045512.2	20059	A	C	2	2	25	2	2	25	0.285714	7	0.133333	FALSE	NA	NA	NA	NA	NA	NA
NC_045512.2	20060	G	T	2	2	25	3	3	27	0.428571	7	0.0606061	FALSE	NA	NA	NA	NA	NA	NA
NC_045512.2	20060	G	C	2	2	25	1	1	29	0.142857	7	0.333333	FALSE	NA	NA	NA	NA	NA	NA
NC_045512.2	20060	G	A	2	2	25	1	1	25	0.142857	7	0.333333	FALSE	NA	NA	NA	NA	NA	NA
NC_045512.2	20061	T	G	2	2	28	1	1	25	0.142857	7	0.333333	FALSE	NA	NA	NA	NA	NA	NA
NC_045512.2	20061	T	C	2	2	28	2	2	26	0.285714	7	0.133333	FALSE	NA	NA	NA	NA	NA	NA
NC_045512.2	20061	T	A	2	2	28	2	2	25	0.285714	7	0.133333	FALSE	NA	NA	NA	NA	NA	NA
NC_045512.2	20062	G	T	2	2	27	2	2	22	0.285714	7	0.133333	FALSE	NA	NA	NA	NA	NA	NA
NC_045512.2	20062	G	A	2	2	27	3	3	26	0.428571	7	0.0606061	FALSE	NA	NA	NA	NA	NA	NA
NC_045512.2	20063	T	C	6	6	24	1	1	26	0.142857	7	0.538462	FALSE	NA	NA	NA	NA	NA	NA
NC_045512.2	20064	T	A	3	3	27	4	4	26	0.571429	7	0.048951	FALSE	NA	NA	NA	NA	NA	NA
NC_045512.2	20065	A	T	2	2	21	2	2	24	0.285714	7	0.133333	FALSE	NA	NA	NA	NA	NA	NA
NC_045512.2	20065	A	G	2	2	21	2	2	26	0.285714	7	0.133333	FALSE	NA	NA	NA	NA	NA	NA
NC_045512.2	20065	A	C	2	2	21	1	1	28	0.142857	7	0.333333	FALSE	NA	NA	NA	NA	NA	NA
NC_045512.2	20066	A	T	5	5	26	1	1	26	0.142857	7	0.5	FALSE	NA	NA	NA	NA	NA	NA
NC_045512.2	20066	A	C	5	5	26	1	1	20	0.142857	7	0.5	FALSE	NA	NA	NA	NA	NA	NA
NC_045512.2	20067	A	G	4	4	28	2	2	29	0.285714	7	0.227273	FALSE	NA	NA	NA	NA	NA	NA
NC_045512.2	20067	A	C	4	4	28	1	1	25	0.142857	7	0.454545	FALSE	NA	NA	NA	NA	NA	NA
NC_045512.2	20068	G	C	2	2	21	2	2	25	0.333333	6	0.166667	FALSE	NA	NA	NA	NA	NA	NA
NC_045512.2	20068	G	A	2	2	21	2	2	26	0.333333	6	0.166667	FALSE	NA	NA	NA	NA	NA	NA
NC_045512.2	20069	G	C	3	3	23	2	2	27	0.285714	7	0.181818	FALSE	NA	NA	NA	NA	NA	NA
NC_045512.2	20069	G	A	3	3	23	2	2	24	0.285714	7	0.181818	FALSE	NA	NA	NA	NA	NA	NA
NC_045512.2	20070	T	G	1	1	20	4	4	25	0.666667	6	0.0238095	FALSE	NA	NA	NA	NA	NA	NA
NC_045512.2	20070	T	A	1	1	20	1	1	23	0.166667	6	0.285714	FALSE	NA	NA	NA	NA	NA	NA
NC_045512.2	20071	T	G	2	2	25	1	1	28	0.25	4	0.5	FALSE	NA	NA	NA	NA	NA	NA
NC_045512.2	20071	T	A	2	2	25	1	1	24	0.25	4	0.5	FALSE	NA	NA	NA	NA	NA	NA
NC_045512.2	20073	A	G	3	3	26	1	1	29	0.25	4	0.571429	FALSE	NA	NA	NA	NA	NA	NA
NC_045512.2	20074	C	G	2	2	27	2	2	28	0.5	4	0.285714	FALSE	NA	NA	NA	NA	NA	NA
NC_045512.2	20075	A	T	2	2	23	2	2	28	0.5	4	0.285714	FALSE	NA	NA	NA	NA	NA	NA
NC_045512.2	20076	A	G	3	3	27	1	1	27	0.25	4	0.571429	FALSE	NA	NA	NA	NA	NA	NA
NC_045512.2	20077	C	T	1	1	24	1	1	23	0.333333	3	0.5	FALSE	NA	NA	NA	NA	NA	NA
NC_045512.2	20077	C	G	1	1	24	1	1	27	0.333333	3	0.5	FALSE	NA	NA	NA	NA	NA	NA
NC_045512.2	20078	C	T	2	2	26	2	2	27	0.5	4	0.285714	FALSE	NA	NA	NA	NA	NA	NA
NC_045512.2	20079	A	G	3	3	25	1	1	29	0.25	4	0.571429	FALSE	NA	NA	NA	NA	NA	NA
NC_045512.2	20080	T	A	3	3	25	1	1	29	0.25	4	0.571429	FALSE	NA	NA	NA	NA	NA	NA
NC_045512.2	20081	C	T	2	2	27	1	1	30	0.25	4	0.5	FALSE	NA	NA	NA	NA	NA	NA
NC_045512.2	20081	C	A	2	2	27	1	1	27	0.25	4	0.5	FALSE	NA	NA	NA	NA	NA	NA
NC_045512.2	20082	T	G	2	2	28	1	1	23	0.25	4	0.5	FALSE	NA	NA	NA	NA	NA	NA
NC_045512.2	20082	T	A	2	2	28	1	1	23	0.25	4	0.5	FALSE	NA	NA	NA	NA	NA	NA
NC_045512.2	20083	G	A	3	3	28	1	1	32	0.25	4	0.571429	FALSE	NA	NA	NA	NA	NA	NA
NC_045512.2	20084	T	A	3	3	26	1	1	29	0.25	4	0.571429	FALSE	NA	NA	NA	NA	NA	NA
NC_045512.2	20085	A	T	2	2	28	1	1	29	0.25	4	0.5	FALSE	NA	NA	NA	NA	NA	NA
NC_045512.2	20085	A	G	2	2	28	1	1	23	0.25	4	0.5	FALSE	NA	NA	NA	NA	NA	NA
NC_045512.2	20086	G	T	3	3	25	1	1	28	0.25	4	0.571429	FALSE	NA	NA	NA	NA	NA	NA
NC_045512.2	20087	G	T	2	2	28	1	1	21	0.25	4	0.5	FALSE	NA	NA	NA	NA	NA	NA
NC_045512.2	20087	G	A	2	2	28	1	1	27	0.25	4	0.5	FALSE	NA	NA	NA	NA	NA	NA
NC_045512.2	20088	T	C	3	3	27	1	1	27	0.25	4	0.571429	FALSE	NA	NA	NA	NA	NA	NA
NC_045512.2	20089	C	T	2	2	25	1	1	25	0.25	4	0.5	FALSE	NA	NA	NA	NA	NA	NA
NC_045512.2	20089	C	A	2	2	25	1	1	22	0.25	4	0.5	FALSE	NA	NA	NA	NA	NA	NA
NC_045512.2	20090	C	A	2	2	31	2	2	24	0.5	4	0.285714	FALSE	NA	NA	NA	NA	NA	NA
NC_045512.2	20092	A	C	3	3	23	1	1	23	0.25	4	0.571429	FALSE	NA	NA	NA	NA	NA	NA
NC_045512.2	20094	A	T	2	2	28	1	1	27	0.25	4	0.5	FALSE	NA	NA	NA	NA	NA	NA
NC_045512.2	20094	A	C	2	2	28	1	1	22	0.25	4	0.5	FALSE	NA	NA	NA	NA	NA	NA
NC_045512.2	20096	A	T	3	3	25	1	1	27	0.25	4	0.571429	FALSE	NA	NA	NA	NA	NA	NA
NC_045512.2	20097	A	T	2	2	27	1	1	27	0.25	4	0.5	FALSE	NA	NA	NA	NA	NA	NA
NC_045512.2	20097	A	G	2	2	27	1	1	27	0.25	4	0.5	FALSE	NA	NA	NA	NA	NA	NA
NC_045512.2	20098	G	T	2	2	27	1	1	28	0.25	4	0.5	FALSE	NA	NA	NA	NA	NA	NA
NC_045512.2	20098	G	C	2	2	27	1	1	26	0.25	4	0.5	FALSE	NA	NA	NA	NA	NA	NA
NC_045512.2	20099	C	T	2	2	27	1	1	26	0.25	4	0.5	FALSE	NA	NA	NA	NA	NA	NA
NC_045512.2	20099	C	A	2	2	27	1	1	27	0.25	4	0.5	FALSE	NA	NA	NA	NA	NA	NA
NC_045512.2	20100	T	G	2	2	25	2	2	24	0.5	4	0.285714	FALSE	NA	NA	NA	NA	NA	NA
NC_045512.2	20101	A	T	2	2	25	1	1	27	0.25	4	0.5	FALSE	NA	NA	NA	NA	NA	NA
NC_045512.2	20101	A	G	2	2	25	1	1	27	0.25	4	0.5	FALSE	NA	NA	NA	NA	NA	NA
NC_045512.2	20102	G	T	2	2	25	1	1	27	0.25	4	0.5	FALSE	NA	NA	NA	NA	NA	NA
NC_045512.2	20102	G	A	2	2	25	1	1	26	0.25	4	0.5	FALSE	NA	NA	NA	NA	NA	NA
NC_045512.2	20103	T	G	2	2	27	1	1	21	0.25	4	0.5	FALSE	NA	NA	NA	NA	NA	NA
NC_045512.2	20103	T	C	2	2	27	1	1	21	0.25	4	0.5	FALSE	NA	NA	NA	NA	NA	NA
NC_045512.2	20104	C	G	3	3	27	1	1	27	0.25	4	0.571429	FALSE	NA	NA	NA	NA	NA	NA
NC_045512.2	20105	T	C	3	3	25	1	1	26	0.25	4	0.571429	FALSE	NA	NA	NA	NA	NA	NA
NC_045512.2	20106	T	C	2	2	27	1	1	20	0.25	4	0.5	FALSE	NA	NA	NA	NA	NA	NA
NC_045512.2	20106	T	A	2	2	27	1	1	21	0.25	4	0.5	FALSE	NA	NA	NA	NA	NA	NA
NC_045512.2	20107	A	C	3	3	24	1	1	27	0.25	4	0.571429	FALSE	NA	NA	NA	NA	NA	NA
NC_045512.2	20108	A	C	3	3	27	1	1	27	0.25	4	0.571429	FALSE	NA	NA	NA	NA	NA	NA
NC_045512.2	20109	T	C	2	2	25	1	1	27	0.333333	3	0.6	FALSE	NA	NA	NA	NA	NA	NA
NC_045512.2	20110	G	A	0	0	0	2	2	25	1	2	0.333333	FALSE	NA	NA	NA	NA	NA	NA
NC_045512.2	20111	G	A	2	2	25	2	2	28	0.5	4	0.285714	FALSE	NA	NA	NA	NA	NA	NA
NC_045512.2	20112	A	G	1	1	23	2	2	28	0.5	4	0.2	FALSE	NA	NA	NA	NA	NA	NA
NC_045512.2	20112	A	C	1	1	23	1	1	25	0.25	4	0.4	FALSE	NA	NA	NA	NA	NA	NA
NC_045512.2	20113	G	C	2	2	29	1	1	28	0.25	4	0.5	FALSE	NA	NA	NA	NA	NA	NA
NC_045512.2	20113	G	A	2	2	29	1	1	20	0.25	4	0.5	FALSE	NA	NA	NA	NA	NA	NA
NC_045512.2	20114	T	A	3	3	28	1	1	26	0.25	4	0.571429	FALSE	NA	NA	NA	NA	NA	NA
NC_045512.2	20115	C	G	2	2	28	1	1	25	0.25	4	0.5	FALSE	NA	NA	NA	NA	NA	NA
NC_045512.2	20115	C	A	2	2	28	1	1	28	0.25	4	0.5	FALSE	NA	NA	NA	NA	NA	NA
NC_045512.2	20116	A	G	2	2	26	1	1	27	0.25	4	0.5	FALSE	NA	NA	NA	NA	NA	NA
NC_045512.2	20116	A	C	2	2	26	1	1	27	0.25	4	0.5	FALSE	NA	NA	NA	NA	NA	NA
NC_045512.2	20117	C	T	2	2	26	2	2	27	0.5	4	0.285714	FALSE	NA	NA	NA	NA	NA	NA
NC_045512.2	20118	A	C	3	3	27	1	1	27	0.25	4	0.571429	FALSE	NA	NA	NA	NA	NA	NA
NC_045512.2	20119	T	G	3	3	23	1	1	28	0.25	4	0.571429	FALSE	NA	NA	NA	NA	NA	NA
NC_045512.2	20121	A	C	3	3	23	1	1	28	0.25	4	0.571429	FALSE	NA	NA	NA	NA	NA	NA
NC_045512.2	20122	A	T	6	6	27	1	1	24	0.142857	7	0.538462	FALSE	NA	NA	NA	NA	NA	NA
NC_045512.2	20124	T	G	5	5	27	1	1	24	0.142857	7	0.5	FALSE	NA	NA	NA	NA	NA	NA
NC_045512.2	20124	T	A	5	5	27	1	1	24	0.142857	7	0.5	FALSE	NA	NA	NA	NA	NA	NA
NC_045512.2	20125	G	A	5	5	24	1	1	28	0.166667	6	0.545455	FALSE	NA	NA	NA	NA	NA	NA
NC_045512.2	20126	G	T	5	5	26	1	1	28	0.142857	7	0.5	FALSE	NA	NA	NA	NA	NA	NA
NC_045512.2	20126	G	A	5	5	26	1	1	32	0.142857	7	0.5	FALSE	NA	NA	NA	NA	NA	NA
NC_045512.2	20127	A	G	5	5	27	2	2	26	0.285714	7	0.269231	FALSE	NA	NA	NA	NA	NA	NA
NC_045512.2	20128	G	T	6	6	27	1	1	28	0.142857	7	0.538462	FALSE	NA	NA	NA	NA	NA	NA
NC_045512.2	20129	A	C	6	6	23	1	1	28	0.142857	7	0.538462	FALSE	NA	NA	NA	NA	NA	NA
NC_045512.2	20130	A	G	6	6	27	1	1	27	0.142857	7	0.538462	FALSE	NA	NA	NA	NA	NA	NA
NC_045512.2	20131	G	T	5	5	26	1	1	27	0.142857	7	0.5	FALSE	NA	NA	NA	NA	NA	NA
NC_045512.2	20131	G	C	5	5	26	1	1	28	0.142857	7	0.5	FALSE	NA	NA	NA	NA	NA	NA
NC_045512.2	20132	C	A	5	5	22	1	1	28	0.166667	6	0.545455	FALSE	NA	NA	NA	NA	NA	NA
NC_045512.2	20133	C	T	5	5	26	1	1	24	0.142857	7	0.5	FALSE	NA	NA	NA	NA	NA	NA
NC_045512.2	20133	C	A	5	5	26	1	1	24	0.142857	7	0.5	FALSE	NA	NA	NA	NA	NA	NA
NC_045512.2	20134	G	T	5	5	26	1	1	29	0.142857	7	0.5	FALSE	NA	NA	NA	NA	NA	NA
NC_045512.2	20134	G	C	5	5	26	1	1	23	0.142857	7	0.5	FALSE	NA	NA	NA	NA	NA	NA
NC_045512.2	20135	T	A	5	5	26	2	2	25	0.285714	7	0.269231	FALSE	NA	NA	NA	NA	NA	NA
NC_045512.2	20136	A	T	1	1	28	1	1	24	0.5	2	0.666667	FALSE	NA	NA	NA	NA	NA	NA
NC_045512.2	20137	A	T	5	5	26	2	2	27	0.285714	7	0.269231	FALSE	NA	NA	NA	NA	NA	NA
NC_045512.2	20138	A	T	6	6	26	1	1	32	0.142857	7	0.538462	FALSE	NA	NA	NA	NA	NA	NA
NC_045512.2	20139	A	G	6	6	27	1	1	24	0.142857	7	0.538462	FALSE	NA	NA	NA	NA	NA	NA
NC_045512.2	20140	A	T	5	5	26	1	1	24	0.142857	7	0.5	FALSE	NA	NA	NA	NA	NA	NA
NC_045512.2	20140	A	G	5	5	26	1	1	28	0.142857	7	0.5	FALSE	NA	NA	NA	NA	NA	NA
NC_045512.2	20141	C	T	5	5	25	1	1	29	0.142857	7	0.5	FALSE	NA	NA	NA	NA	NA	NA
NC_045512.2	20141	C	A	5	5	25	1	1	29	0.142857	7	0.5	FALSE	NA	NA	NA	NA	NA	NA
NC_045512.2	20142	A	G	5	5	27	2	2	26	0.285714	7	0.269231	FALSE	NA	NA	NA	NA	NA	NA
NC_045512.2	20143	C	G	5	5	26	1	1	28	0.142857	7	0.5	FALSE	NA	NA	NA	NA	NA	NA
NC_045512.2	20143	C	A	5	5	26	1	1	27	0.142857	7	0.5	FALSE	NA	NA	NA	NA	NA	NA
NC_045512.2	20146	T	C	5	5	23	1	1	23	0.142857	7	0.5	FALSE	NA	NA	NA	NA	NA	NA
NC_045512.2	20146	T	A	5	5	23	1	1	24	0.142857	7	0.5	FALSE	NA	NA	NA	NA	NA	NA
NC_045512.2	20147	T	C	5	5	28	1	1	27	0.142857	7	0.5	FALSE	NA	NA	NA	NA	NA	NA
NC_045512.2	20147	T	A	5	5	28	1	1	31	0.142857	7	0.5	FALSE	NA	NA	NA	NA	NA	NA
NC_045512.2	20148	C	G	6	6	26	2	2	27	0.25	8	0.266667	FALSE	NA	NA	NA	NA	NA	NA
NC_045512.2	20149	A	T	6	6	23	1	1	27	0.125	8	0.5	FALSE	NA	NA	NA	NA	NA	NA
NC_045512.2	20149	A	C	6	6	23	1	1	22	0.125	8	0.5	FALSE	NA	NA	NA	NA	NA	NA
NC_045512.2	20150	A	C	6	6	27	1	1	27	0.142857	7	0.538462	FALSE	NA	NA	NA	NA	NA	NA
NC_045512.2	20151	T	G	5	5	23	2	2	26	0.25	8	0.230769	FALSE	NA	NA	NA	NA	NA	NA
NC_045512.2	20151	T	A	5	5	23	1	1	27	0.125	8	0.461538	FALSE	NA	NA	NA	NA	NA	NA
NC_045512.2	20152	T	A	7	7	27	1	1	27	0.125	8	0.533333	FALSE	NA	NA	NA	NA	NA	NA
NC_045512.2	20154	T	G	4	4	23	1	1	25	0.142857	7	0.454545	FALSE	NA	NA	NA	NA	NA	NA
NC_045512.2	20154	T	A	4	4	23	2	2	28	0.285714	7	0.227273	FALSE	NA	NA	NA	NA	NA	NA
NC_045512.2	20155	T	C	5	5	26	2	2	27	0.222222	9	0.2	FALSE	NA	NA	NA	NA	NA	NA
NC_045512.2	20155	T	A	5	5	26	2	2	27	0.222222	9	0.2	FALSE	NA	NA	NA	NA	NA	NA
NC_045512.2	20156	A	C	8	8	26	1	1	25	0.111111	9	0.529412	FALSE	NA	NA	NA	NA	NA	NA
NC_045512.2	20157	T	C	6	6	27	1	1	27	0.111111	9	0.466667	FALSE	NA	NA	NA	NA	NA	NA
NC_045512.2	20157	T	A	6	6	27	2	2	27	0.222222	9	0.233333	FALSE	NA	NA	NA	NA	NA	NA
NC_045512.2	20158	A	T	5	5	24	1	1	26	0.125	8	0.461538	FALSE	NA	NA	NA	NA	NA	NA
NC_045512.2	20158	A	G	5	5	24	1	1	27	0.125	8	0.461538	FALSE	NA	NA	NA	NA	NA	NA
NC_045512.2	20158	A	C	5	5	24	1	1	27	0.125	8	0.461538	FALSE	NA	NA	NA	NA	NA	NA
NC_045512.2	20159	A	T	7	7	26	1	1	27	0.111111	9	0.5	FALSE	NA	NA	NA	NA	NA	NA
NC_045512.2	20159	A	G	7	7	26	1	1	28	0.111111	9	0.5	FALSE	NA	NA	NA	NA	NA	NA
NC_045512.2	20160	G	T	5	5	26	2	2	21	0.222222	9	0.2	FALSE	NA	NA	NA	NA	NA	NA
NC_045512.2	20160	G	C	5	5	26	1	1	26	0.111111	9	0.428571	FALSE	NA	NA	NA	NA	NA	NA
NC_045512.2	20160	G	A	5	5	26	1	1	26	0.111111	9	0.428571	FALSE	NA	NA	NA	NA	NA	NA
NC_045512.2	20161	A	T	5	5	22	2	2	29	0.25	8	0.230769	FALSE	NA	NA	NA	NA	NA	NA
NC_045512.2	20161	A	G	5	5	22	1	1	23	0.125	8	0.461538	FALSE	NA	NA	NA	NA	NA	NA
NC_045512.2	20162	A	T	6	6	28	1	1	27	0.111111	9	0.466667	FALSE	NA	NA	NA	NA	NA	NA
NC_045512.2	20162	A	G	6	6	28	1	1	23	0.111111	9	0.466667	FALSE	NA	NA	NA	NA	NA	NA
NC_045512.2	20162	A	C	6	6	28	1	1	28	0.111111	9	0.466667	FALSE	NA	NA	NA	NA	NA	NA
NC_045512.2	20163	A	C	7	7	27	1	1	24	0.125	8	0.533333	FALSE	NA	NA	NA	NA	NA	NA
NC_045512.2	20164	G	T	6	6	28	1	1	27	0.125	8	0.5	FALSE	NA	NA	NA	NA	NA	NA
NC_045512.2	20164	G	A	6	6	28	1	1	29	0.125	8	0.5	FALSE	NA	NA	NA	NA	NA	NA
NC_045512.2	20165	T	C	7	7	24	1	1	27	0.111111	9	0.5	FALSE	NA	NA	NA	NA	NA	NA
NC_045512.2	20165	T	A	7	7	24	1	1	22	0.111111	9	0.5	FALSE	NA	NA	NA	NA	NA	NA
NC_045512.2	20166	T	A	6	6	28	3	3	25	0.333333	9	0.123529	FALSE	NA	NA	NA	NA	NA	NA
NC_045512.2	20167	G	T	5	5	27	1	1	21	0.111111	9	0.428571	FALSE	NA	NA	NA	NA	NA	NA
NC_045512.2	20167	G	A	5	5	27	3	3	27	0.333333	9	0.1	FALSE	NA	NA	NA	NA	NA	NA
NC_045512.2	20168	A	T	5	5	27	4	4	24	0.444444	9	0.0529412	FALSE	NA	NA	NA	NA	NA	NA
NC_045512.2	20169	T	G	8	8	27	1	1	25	0.111111	9	0.529412	FALSE	NA	NA	NA	NA	NA	NA
NC_045512.2	20170	G	A	5	5	23	3	3	26	0.375	8	0.123077	FALSE	NA	NA	NA	NA	NA	NA
NC_045512.2	20171	G	T	6	6	26	2	2	23	0.222222	9	0.233333	FALSE	NA	NA	NA	NA	NA	NA
NC_045512.2	20171	G	C	6	6	26	1	1	25	0.111111	9	0.466667	FALSE	NA	NA	NA	NA	NA	NA
NC_045512.2	20172	T	C	6	6	26	1	1	25	0.111111	9	0.466667	FALSE	NA	NA	NA	NA	NA	NA
NC_045512.2	20172	T	A	6	6	26	2	2	22	0.222222	9	0.233333	FALSE	NA	NA	NA	NA	NA	NA
NC_045512.2	20173	G	A	6	6	26	3	3	26	0.333333	9	0.123529	FALSE	NA	NA	NA	NA	NA	NA
NC_045512.2	20174	T	G	7	7	23	1	1	26	0.111111	9	0.5	FALSE	NA	NA	NA	NA	NA	NA
NC_045512.2	20174	T	A	7	7	23	1	1	28	0.111111	9	0.5	FALSE	NA	NA	NA	NA	NA	NA
NC_045512.2	20175	T	A	6	6	27	1	1	21	0.142857	7	0.538462	FALSE	NA	NA	NA	NA	NA	NA
NC_045512.2	20176	G	A	7	7	27	3	3	26	0.3	10	0.123839	FALSE	NA	NA	NA	NA	NA	NA
NC_045512.2	20177	T	G	7	7	25	1	1	26	0.1	10	0.470588	FALSE	NA	NA	NA	NA	NA	NA
NC_045512.2	20177	T	C	7	7	25	1	1	26	0.1	10	0.470588	FALSE	NA	NA	NA	NA	NA	NA
NC_045512.2	20177	T	A	7	7	25	1	1	28	0.1	10	0.470588	FALSE	NA	NA	NA	NA	NA	NA
NC_045512.2	20178	C	G	7	7	24	2	2	24	0.2	10	0.235294	FALSE	NA	NA	NA	NA	NA	NA
NC_045512.2	20178	C	A	7	7	24	1	1	21	0.1	10	0.470588	FALSE	NA	NA	NA	NA	NA	NA
NC_045512.2	20179	C	T	7	7	28	1	1	21	0.1	10	0.470588	FALSE	NA	NA	NA	NA	NA	NA
NC_045512.2	20179	C	G	7	7	28	1	1	25	0.1	10	0.470588	FALSE	NA	NA	NA	NA	NA	NA
NC_045512.2	20179	C	A	7	7	28	1	1	27	0.1	10	0.470588	FALSE	NA	NA	NA	NA	NA	NA
NC_045512.2	20180	A	T	7	7	23	2	2	26	0.2	10	0.235294	FALSE	NA	NA	NA	NA	NA	NA
NC_045512.2	20180	A	G	7	7	23	1	1	33	0.1	10	0.470588	FALSE	NA	NA	NA	NA	NA	NA
NC_045512.2	20181	A	T	6	6	25	1	1	29	0.1	10	0.4375	FALSE	NA	NA	NA	NA	NA	NA
NC_045512.2	20181	A	G	6	6	25	3	3	26	0.3	10	0.102941	FALSE	NA	NA	NA	NA	NA	NA
NC_045512.2	20182	C	T	6	6	27	2	2	23	0.2	10	0.205882	FALSE	NA	NA	NA	NA	NA	NA
NC_045512.2	20182	C	A	6	6	27	2	2	25	0.2	10	0.205882	FALSE	NA	NA	NA	NA	NA	NA
NC_045512.2	20183	A	T	6	6	24	3	3	27	0.333333	9	0.123529	FALSE	NA	NA	NA	NA	NA	NA
NC_045512.2	20184	A	T	6	6	29	1	1	30	0.1	10	0.4375	FALSE	NA	NA	NA	NA	NA	NA
NC_045512.2	20184	A	G	6	6	29	2	2	25	0.2	10	0.205882	FALSE	NA	NA	NA	NA	NA	NA
NC_045512.2	20184	A	C	6	6	29	1	1	27	0.1	10	0.4375	FALSE	NA	NA	NA	NA	NA	NA
NC_045512.2	20185	T	G	7	7	23	2	2	26	0.2	10	0.235294	FALSE	NA	NA	NA	NA	NA	NA
NC_045512.2	20185	T	A	7	7	23	1	1	29	0.1	10	0.470588	FALSE	NA	NA	NA	NA	NA	NA
NC_045512.2	20186	T	G	9	9	27	1	1	28	0.1	10	0.526316	FALSE	NA	NA	NA	NA	NA	NA
NC_045512.2	20187	A	T	7	7	26	1	1	28	0.1	10	0.470588	FALSE	NA	NA	NA	NA	NA	NA
NC_045512.2	20187	A	G	7	7	26	2	2	25	0.2	10	0.235294	FALSE	NA	NA	NA	NA	NA	NA
NC_045512.2	20188	C	T	6	6	23	1	1	22	0.111111	9	0.466667	FALSE	NA	NA	NA	NA	NA	NA
NC_045512.2	20188	C	G	6	6	23	2	2	28	0.222222	9	0.233333	FALSE	NA	NA	NA	NA	NA	NA
NC_045512.2	20189	C	T	6	6	27	4	4	26	0.4	10	0.0541796	FALSE	NA	NA	NA	NA	NA	NA
NC_045512.2	20190	T	G	7	7	27	2	2	26	0.2	10	0.235294	FALSE	NA	NA	NA	NA	NA	NA
NC_045512.2	20190	T	A	7	7	27	1	1	26	0.1	10	0.470588	FALSE	NA	NA	NA	NA	NA	NA
NC_045512.2	20191	G	T	6	6	27	2	2	26	0.2	10	0.205882	FALSE	NA	NA	NA	NA	NA	NA
NC_045512.2	20191	G	C	6	6	27	2	2	27	0.2	10	0.205882	FALSE	NA	NA	NA	NA	NA	NA
NC_045512.2	20192	A	T	6	6	24	2	2	25	0.222222	9	0.233333	FALSE	NA	NA	NA	NA	NA	NA
NC_045512.2	20192	A	C	6	6	24	1	1	22	0.111111	9	0.466667	FALSE	NA	NA	NA	NA	NA	NA
NC_045512.2	20193	A	T	6	6	29	1	1	28	0.1	10	0.4375	FALSE	NA	NA	NA	NA	NA	NA
NC_045512.2	20193	A	G	6	6	29	2	2	27	0.2	10	0.205882	FALSE	NA	NA	NA	NA	NA	NA
NC_045512.2	20193	A	C	6	6	29	1	1	26	0.1	10	0.4375	FALSE	NA	NA	NA	NA	NA	NA
NC_045512.2	20194	A	T	9	9	26	1	1	27	0.1	10	0.526316	FALSE	NA	NA	NA	NA	NA	NA
NC_045512.2	20195	C	T	7	7	27	1	1	24	0.111111	9	0.5	FALSE	NA	NA	NA	NA	NA	NA
NC_045512.2	20195	C	A	7	7	27	1	1	26	0.111111	9	0.5	FALSE	NA	NA	NA	NA	NA	NA
NC_045512.2	20196	T	G	7	7	24	1	1	26	0.0909091	11	0.444444	FALSE	NA	NA	NA	NA	NA	NA
NC_045512.2	20196	T	C	7	7	24	2	2	23	0.181818	11	0.210526	FALSE	NA	NA	NA	NA	NA	NA
NC_045512.2	20196	T	A	7	7	24	1	1	28	0.0909091	11	0.444444	FALSE	NA	NA	NA	NA	NA	NA
NC_045512.2	20197	T	G	7	7	27	1	1	23	0.1	10	0.470588	FALSE	NA	NA	NA	NA	NA	NA
NC_045512.2	20197	T	A	7	7	27	2	2	25	0.2	10	0.235294	FALSE	NA	NA	NA	NA	NA	NA
NC_045512.2	20198	A	T	8	8	27	2	2	26	0.181818	11	0.236842	FALSE	NA	NA	NA	NA	NA	NA
NC_045512.2	20198	A	C	8	8	27	1	1	28	0.0909091	11	0.473684	FALSE	NA	NA	NA	NA	NA	NA
NC_045512.2	20199	C	T	7	7	27	1	1	22	0.0909091	11	0.444444	FALSE	NA	NA	NA	NA	NA	NA
NC_045512.2	20199	C	G	7	7	27	1	1	24	0.0909091	11	0.444444	FALSE	NA	NA	NA	NA	NA	NA
NC_045512.2	20199	C	A	7	7	27	2	2	23	0.181818	11	0.210526	FALSE	NA	NA	NA	NA	NA	NA
NC_045512.2	20200	T	G	7	7	21	3	3	25	0.272727	11	0.105263	FALSE	NA	NA	NA	NA	NA	NA
NC_045512.2	20200	T	A	7	7	21	1	1	20	0.0909091	11	0.444444	FALSE	NA	NA	NA	NA	NA	NA
NC_045512.2	20201	T	A	7	7	27	4	4	25	0.363636	11	0.0551378	FALSE	NA	NA	NA	NA	NA	NA
NC_045512.2	20202	T	G	7	7	26	3	3	25	0.3	10	0.123839	FALSE	NA	NA	NA	NA	NA	NA
NC_045512.2	20203	A	T	7	7	26	2	2	24	0.181818	11	0.210526	FALSE	NA	NA	NA	NA	NA	NA
NC_045512.2	20203	A	G	7	7	26	1	1	31	0.0909091	11	0.444444	FALSE	NA	NA	NA	NA	NA	NA
NC_045512.2	20203	A	C	7	7	26	1	1	26	0.0909091	11	0.444444	FALSE	NA	NA	NA	NA	NA	NA
NC_045512.2	20204	C	T	5	5	28	2	2	26	0.2	10	0.175	FALSE	NA	NA	NA	NA	NA	NA
NC_045512.2	20204	C	G	5	5	28	1	1	31	0.1	10	0.4	FALSE	NA	NA	NA	NA	NA	NA
NC_045512.2	20204	C	A	5	5	28	2	2	26	0.2	10	0.175	FALSE	NA	NA	NA	NA	NA	NA
NC_045512.2	20205	T	G	6	6	28	2	2	23	0.181818	11	0.183007	FALSE	NA	NA	NA	NA	NA	NA
NC_045512.2	20205	T	C	6	6	28	2	2	22	0.181818	11	0.183007	FALSE	NA	NA	NA	NA	NA	NA
NC_045512.2	20205	T	A	6	6	28	1	1	21	0.0909091	11	0.411765	FALSE	NA	NA	NA	NA	NA	NA
NC_045512.2	20206	C	A	7	7	27	2	2	27	0.222222	9	0.264706	FALSE	NA	NA	NA	NA	NA	NA
NC_045512.2	20207	A	T	8	8	26	1	1	25	0.0909091	11	0.473684	FALSE	NA	NA	NA	NA	NA	NA
NC_045512.2	20207	A	G	8	8	26	1	1	27	0.0909091	11	0.473684	FALSE	NA	NA	NA	NA	NA	NA
NC_045512.2	20207	A	C	8	8	26	1	1	24	0.0909091	11	0.473684	FALSE	NA	NA	NA	NA	NA	NA
NC_045512.2	20208	G	T	9	9	26	1	1	27	0.0909091	11	0.5	FALSE	NA	NA	NA	NA	NA	NA
NC_045512.2	20208	G	A	9	9	26	1	1	24	0.0909091	11	0.5	FALSE	NA	NA	NA	NA	NA	NA
NC_045512.2	20209	A	T	7	7	26	1	1	24	0.0909091	11	0.444444	FALSE	NA	NA	NA	NA	NA	NA
NC_045512.2	20209	A	G	7	7	26	2	2	27	0.181818	11	0.210526	FALSE	NA	NA	NA	NA	NA	NA
NC_045512.2	20209	A	C	7	7	26	1	1	24	0.0909091	11	0.444444	FALSE	NA	NA	NA	NA	NA	NA
NC_045512.2	20209	A	-G	7	7	26	1	0	20	0.0909091	11	0.444444	FALSE	NA	NA	NA	NA	NA	NA
NC_045512.2	20210	G	T	6	6	27	3	3	22	0.3	10	0.102941	FALSE	NA	NA	NA	NA	NA	NA
NC_045512.2	20210	G	A	6	6	27	1	1	31	0.1	10	0.4375	FALSE	NA	NA	NA	NA	NA	NA
NC_045512.2	20211	T	A	9	9	26	1	1	29	0.1	10	0.526316	FALSE	NA	NA	NA	NA	NA	NA
NC_045512.2	20212	A	T	9	9	26	1	1	27	0.0909091	11	0.5	FALSE	NA	NA	NA	NA	NA	NA
NC_045512.2	20212	A	C	9	9	26	1	1	29	0.0909091	11	0.5	FALSE	NA	NA	NA	NA	NA	NA
NC_045512.2	20213	G	T	6	6	26	1	1	24	0.0909091	11	0.411765	FALSE	NA	NA	NA	NA	NA	NA
NC_045512.2	20213	G	C	6	6	26	1	1	26	0.0909091	11	0.411765	FALSE	NA	NA	NA	NA	NA	NA
NC_045512.2	20213	G	A	6	6	26	3	3	26	0.272727	11	0.0866873	FALSE	NA	NA	NA	NA	NA	NA
NC_045512.2	20214	A	T	6	6	24	2	2	24	0.222222	9	0.233333	FALSE	NA	NA	NA	NA	NA	NA
NC_045512.2	20214	A	C	6	6	24	1	1	25	0.111111	9	0.466667	FALSE	NA	NA	NA	NA	NA	NA
NC_045512.2	20215	A	T	7	7	28	1	1	29	0.1	10	0.470588	FALSE	NA	NA	NA	NA	NA	NA
NC_045512.2	20215	A	G	7	7	28	1	1	23	0.1	10	0.470588	FALSE	NA	NA	NA	NA	NA	NA
NC_045512.2	20215	A	C	7	7	28	1	1	24	0.1	10	0.470588	FALSE	NA	NA	NA	NA	NA	NA
NC_045512.2	20216	A	T	8	8	26	1	1	28	0.0909091	11	0.473684	FALSE	NA	NA	NA	NA	NA	NA
NC_045512.2	20216	A	G	8	8	26	1	1	24	0.0909091	11	0.473684	FALSE	NA	NA	NA	NA	NA	NA
NC_045512.2	20216	A	C	8	8	26	1	1	27	0.0909091	11	0.473684	FALSE	NA	NA	NA	NA	NA	NA
NC_045512.2	20217	T	C	5	5	22	2	2	24	0.25	8	0.230769	FALSE	NA	NA	NA	NA	NA	NA
NC_045512.2	20217	T	A	5	5	22	1	1	27	0.125	8	0.461538	FALSE	NA	NA	NA	NA	NA	NA
NC_045512.2	20218	T	C	8	8	28	2	2	27	0.181818	11	0.236842	FALSE	NA	NA	NA	NA	NA	NA
NC_045512.2	20218	T	A	8	8	28	1	1	28	0.0909091	11	0.473684	FALSE	NA	NA	NA	NA	NA	NA
NC_045512.2	20219	T	G	8	8	26	1	1	31	0.0909091	11	0.473684	FALSE	NA	NA	NA	NA	NA	NA
NC_045512.2	20219	T	C	8	8	26	1	1	27	0.0909091	11	0.473684	FALSE	NA	NA	NA	NA	NA	NA
NC_045512.2	20219	T	A	8	8	26	1	1	28	0.0909091	11	0.473684	FALSE	NA	NA	NA	NA	NA	NA
NC_045512.2	20220	A	T	8	8	27	2	2	25	0.181818	11	0.236842	FALSE	NA	NA	NA	NA	NA	NA
NC_045512.2	20220	A	C	8	8	27	1	1	25	0.0909091	11	0.473684	FALSE	NA	NA	NA	NA	NA	NA
NC_045512.2	20221	C	T	9	9	27	1	1	32	0.0909091	11	0.5	FALSE	NA	NA	NA	NA	NA	NA
NC_045512.2	20221	C	A	9	9	27	1	1	25	0.0909091	11	0.5	FALSE	NA	NA	NA	NA	NA	NA
NC_045512.2	20222	A	T	7	7	24	2	2	27	0.181818	11	0.210526	FALSE	NA	NA	NA	NA	NA	NA
NC_045512.2	20222	A	G	7	7	24	1	1	26	0.0909091	11	0.444444	FALSE	NA	NA	NA	NA	NA	NA
NC_045512.2	20222	A	C	7	7	24	1	1	28	0.0909091	11	0.444444	FALSE	NA	NA	NA	NA	NA	NA
NC_045512.2	20223	A	G	9	9	27	1	1	27	0.0909091	11	0.5	FALSE	NA	NA	NA	NA	NA	NA
NC_045512.2	20223	A	C	9	9	27	1	1	28	0.0909091	11	0.5	FALSE	NA	NA	NA	NA	NA	NA
NC_045512.2	20224	G	T	7	7	27	1	1	27	0.0909091	11	0.444444	FALSE	NA	NA	NA	NA	NA	NA
NC_045512.2	20224	G	C	7	7	27	1	1	24	0.0909091	11	0.444444	FALSE	NA	NA	NA	NA	NA	NA
NC_045512.2	20224	G	A	7	7	27	2	2	28	0.181818	11	0.210526	FALSE	NA	NA	NA	NA	NA	NA
NC_045512.2	20225	A	T	7	7	24	2	2	23	0.181818	11	0.210526	FALSE	NA	NA	NA	NA	NA	NA
NC_045512.2	20225	A	G	7	7	24	1	1	28	0.0909091	11	0.444444	FALSE	NA	NA	NA	NA	NA	NA
NC_045512.2	20225	A	C	7	7	24	1	1	27	0.0909091	11	0.444444	FALSE	NA	NA	NA	NA	NA	NA
NC_045512.2	20226	A	T	9	9	29	1	1	28	0.0909091	11	0.5	FALSE	NA	NA	NA	NA	NA	NA
NC_045512.2	20226	A	G	9	9	29	1	1	21	0.0909091	11	0.5	FALSE	NA	NA	NA	NA	NA	NA
NC_045512.2	20227	T	G	7	7	23	3	3	26	0.272727	11	0.105263	FALSE	NA	NA	NA	NA	NA	NA
NC_045512.2	20227	T	A	7	7	23	1	1	28	0.0909091	11	0.444444	FALSE	NA	NA	NA	NA	NA	NA
NC_045512.2	20228	T	C	9	9	28	1	1	28	0.0909091	11	0.5	FALSE	NA	NA	NA	NA	NA	NA
NC_045512.2	20228	T	A	9	9	28	1	1	20	0.0909091	11	0.5	FALSE	NA	NA	NA	NA	NA	NA
NC_045512.2	20229	T	C	8	8	28	1	1	21	0.0909091	11	0.473684	FALSE	NA	NA	NA	NA	NA	NA
NC_045512.2	20229	T	A	8	8	28	2	2	27	0.181818	11	0.236842	FALSE	NA	NA	NA	NA	NA	NA
NC_045512.2	20230	A	G	8	8	24	2	2	28	0.181818	11	0.236842	FALSE	NA	NA	NA	NA	NA	NA
NC_045512.2	20230	A	C	8	8	24	1	1	27	0.0909091	11	0.473684	FALSE	NA	NA	NA	NA	NA	NA
NC_045512.2	20231	A	T	8	8	28	2	2	28	0.181818	11	0.236842	FALSE	NA	NA	NA	NA	NA	NA
NC_045512.2	20231	A	C	8	8	28	1	1	28	0.0909091	11	0.473684	FALSE	NA	NA	NA	NA	NA	NA
NC_045512.2	20232	A	T	11	11	26	2	2	24	0.153846	13	0.26	FALSE	NA	NA	NA	NA	NA	NA
NC_045512.2	20233	C	T	5	5	23	3	3	24	0.25	12	0.0577915	FALSE	NA	NA	NA	NA	NA	NA
NC_045512.2	20233	C	G	5	5	23	1	1	22	0.0833333	12	0.352941	FALSE	NA	NA	NA	NA	NA	NA
NC_045512.2	20233	C	A	5	5	23	3	3	28	0.25	12	0.0577915	FALSE	NA	NA	NA	NA	NA	NA
NC_045512.2	20234	C	T	6	6	29	2	2	22	0.153846	13	0.147368	FALSE	NA	NA	NA	NA	NA	NA
NC_045512.2	20234	C	G	6	6	29	2	2	28	0.153846	13	0.147368	FALSE	NA	NA	NA	NA	NA	NA
NC_045512.2	20234	C	A	6	6	29	3	3	26	0.230769	13	0.0631579	FALSE	NA	NA	NA	NA	NA	NA
NC_045512.2	20235	C	T	7	7	26	3	3	27	0.25	12	0.0902256	FALSE	NA	NA	NA	NA	NA	NA
NC_045512.2	20235	C	G	7	7	26	1	1	24	0.0833333	12	0.421053	FALSE	NA	NA	NA	NA	NA	NA
NC_045512.2	20235	C	A	7	7	26	1	1	23	0.0833333	12	0.421053	FALSE	NA	NA	NA	NA	NA	NA
NC_045512.2	20236	A	T	6	6	26	2	2	25	0.222222	9	0.233333	FALSE	NA	NA	NA	NA	NA	NA
NC_045512.2	20236	A	G	6	6	26	1	1	23	0.111111	9	0.466667	FALSE	NA	NA	NA	NA	NA	NA
NC_045512.2	20237	G	A	6	6	24	3	3	25	0.333333	9	0.123529	FALSE	NA	NA	NA	NA	NA	NA
NC_045512.2	20238	G	C	7	7	26	1	1	25	0.111111	9	0.5	FALSE	NA	NA	NA	NA	NA	NA
NC_045512.2	20238	G	A	7	7	26	1	1	21	0.111111	9	0.5	FALSE	NA	NA	NA	NA	NA	NA
NC_045512.2	20239	A	T	7	7	25	1	1	24	0.125	8	0.533333	FALSE	NA	NA	NA	NA	NA	NA
NC_045512.2	20240	G	T	6	6	26	1	1	28	0.111111	9	0.466667	FALSE	NA	NA	NA	NA	NA	NA
NC_045512.2	20240	G	A	6	6	26	2	2	25	0.222222	9	0.233333	FALSE	NA	NA	NA	NA	NA	NA
NC_045512.2	20241	T	G	4	4	26	3	3	25	0.333333	9	0.0769231	FALSE	NA	NA	NA	NA	NA	NA
NC_045512.2	20241	T	C	4	4	26	1	1	22	0.111111	9	0.384615	FALSE	NA	NA	NA	NA	NA	NA
NC_045512.2	20241	T	A	4	4	26	1	1	23	0.111111	9	0.384615	FALSE	NA	NA	NA	NA	NA	NA
NC_045512.2	20242	C	A	6	6	25	2	2	27	0.25	8	0.266667	FALSE	NA	NA	NA	NA	NA	NA
NC_045512.2	20243	A	T	3	3	22	1	1	26	0.142857	7	0.4	FALSE	NA	NA	NA	NA	NA	NA
NC_045512.2	20243	A	G	3	3	22	2	2	26	0.285714	7	0.181818	FALSE	NA	NA	NA	NA	NA	NA
NC_045512.2	20243	A	C	3	3	22	1	1	26	0.142857	7	0.4	FALSE	NA	NA	NA	NA	NA	NA
NC_045512.2	20244	A	T	4	4	25	1	1	26	0.142857	7	0.454545	FALSE	NA	NA	NA	NA	NA	NA
NC_045512.2	20244	A	G	4	4	25	2	2	23	0.285714	7	0.227273	FALSE	NA	NA	NA	NA	NA	NA
NC_045512.2	20244	A	-A	4	4	25	1	0	20	0.142857	7	0.454545	FALSE	NA	NA	NA	NA	NA	NA
NC_045512.2	20245	A	T	4	4	25	1	1	26	0.142857	7	0.454545	FALSE	NA	NA	NA	NA	NA	NA
NC_045512.2	20245	A	G	4	4	25	1	1	28	0.142857	7	0.454545	FALSE	NA	NA	NA	NA	NA	NA
NC_045512.2	20245	A	C	4	4	25	1	1	26	0.142857	7	0.454545	FALSE	NA	NA	NA	NA	NA	NA
NC_045512.2	20245	A	-T	4	4	25	1	0	20	0.142857	7	0.454545	FALSE	NA	NA	NA	NA	NA	NA
NC_045512.2	20246	T	G	5	5	26	1	1	25	0.166667	6	0.545455	FALSE	NA	NA	NA	NA	NA	NA
NC_045512.2	20247	G	T	5	5	23	1	1	24	0.142857	7	0.5	FALSE	NA	NA	NA	NA	NA	NA
NC_045512.2	20247	G	A	5	5	23	1	1	26	0.142857	7	0.5	FALSE	NA	NA	NA	NA	NA	NA
NC_045512.2	20248	G	T	4	4	26	1	1	21	0.142857	7	0.454545	FALSE	NA	NA	NA	NA	NA	NA
NC_045512.2	20248	G	A	4	4	26	2	2	26	0.285714	7	0.227273	FALSE	NA	NA	NA	NA	NA	NA
NC_045512.2	20249	A	T	5	5	24	1	1	27	0.166667	6	0.545455	FALSE	NA	NA	NA	NA	NA	NA
NC_045512.2	20250	A	G	6	6	26	1	1	27	0.125	8	0.5	FALSE	NA	NA	NA	NA	NA	NA
NC_045512.2	20250	A	C	6	6	26	1	1	27	0.125	8	0.5	FALSE	NA	NA	NA	NA	NA	NA
NC_045512.2	20251	A	T	6	6	26	1	1	30	0.125	8	0.5	FALSE	NA	NA	NA	NA	NA	NA
NC_045512.2	20251	A	C	6	6	26	1	1	27	0.125	8	0.5	FALSE	NA	NA	NA	NA	NA	NA
NC_045512.2	20252	T	C	4	4	23	2	2	26	0.25	8	0.192308	FALSE	NA	NA	NA	NA	NA	NA
NC_045512.2	20252	T	A	4	4	23	2	2	25	0.25	8	0.192308	FALSE	NA	NA	NA	NA	NA	NA
NC_045512.2	20253	T	C	4	4	29	3	3	27	0.375	8	0.0961538	FALSE	NA	NA	NA	NA	NA	NA
NC_045512.2	20253	T	A	4	4	29	1	1	28	0.125	8	0.416667	FALSE	NA	NA	NA	NA	NA	NA
NC_045512.2	20254	G	A	5	5	29	3	3	24	0.375	8	0.123077	FALSE	NA	NA	NA	NA	NA	NA
NC_045512.2	20255	A	T	5	5	28	1	1	24	0.125	8	0.461538	FALSE	NA	NA	NA	NA	NA	NA
NC_045512.2	20255	A	G	5	5	28	1	1	24	0.125	8	0.461538	FALSE	NA	NA	NA	NA	NA	NA
NC_045512.2	20255	A	C	5	5	28	1	1	24	0.125	8	0.461538	FALSE	NA	NA	NA	NA	NA	NA
NC_045512.2	20256	T	C	6	6	23	1	1	28	0.125	8	0.5	FALSE	NA	NA	NA	NA	NA	NA
NC_045512.2	20256	T	A	6	6	23	1	1	24	0.125	8	0.5	FALSE	NA	NA	NA	NA	NA	NA
NC_045512.2	20257	T	G	5	5	29	1	1	27	0.125	8	0.461538	FALSE	NA	NA	NA	NA	NA	NA
NC_045512.2	20257	T	C	5	5	29	1	1	28	0.125	8	0.461538	FALSE	NA	NA	NA	NA	NA	NA
NC_045512.2	20257	T	A	5	5	29	1	1	33	0.125	8	0.461538	FALSE	NA	NA	NA	NA	NA	NA
NC_045512.2	20258	T	C	5	5	27	1	1	27	0.125	8	0.461538	FALSE	NA	NA	NA	NA	NA	NA
NC_045512.2	20258	T	A	5	5	27	2	2	26	0.25	8	0.230769	FALSE	NA	NA	NA	NA	NA	NA
NC_045512.2	20259	C	T	4	4	28	2	2	30	0.25	8	0.192308	FALSE	NA	NA	NA	NA	NA	NA
NC_045512.2	20259	C	A	4	4	28	2	2	25	0.25	8	0.192308	FALSE	NA	NA	NA	NA	NA	NA
NC_045512.2	20260	T	C	6	6	24	1	1	27	0.125	8	0.5	FALSE	NA	NA	NA	NA	NA	NA
NC_045512.2	20260	T	A	6	6	24	1	1	27	0.125	8	0.5	FALSE	NA	NA	NA	NA	NA	NA
NC_045512.2	20261	T	A	6	6	27	2	2	25	0.25	8	0.266667	FALSE	NA	NA	NA	NA	NA	NA
NC_045512.2	20262	A	T	6	6	27	1	1	29	0.125	8	0.5	FALSE	NA	NA	NA	NA	NA	NA
NC_045512.2	20262	A	C	6	6	27	1	1	26	0.125	8	0.5	FALSE	NA	NA	NA	NA	NA	NA
NC_045512.2	20263	G	T	4	4	27	2	2	23	0.25	8	0.192308	FALSE	NA	NA	NA	NA	NA	NA
NC_045512.2	20263	G	C	4	4	27	1	1	31	0.125	8	0.416667	FALSE	NA	NA	NA	NA	NA	NA
NC_045512.2	20263	G	A	4	4	27	1	1	27	0.125	8	0.416667	FALSE	NA	NA	NA	NA	NA	NA
NC_045512.2	20264	A	T	4	4	22	4	4	26	0.5	8	0.0512821	FALSE	NA	NA	NA	NA	NA	NA
NC_045512.2	20265	A	T	6	6	27	1	1	27	0.125	8	0.5	FALSE	NA	NA	NA	NA	NA	NA
NC_045512.2	20265	A	G	6	6	27	1	1	24	0.125	8	0.5	FALSE	NA	NA	NA	NA	NA	NA
NC_045512.2	20266	T	A	6	6	23	1	1	27	0.142857	7	0.538462	FALSE	NA	NA	NA	NA	NA	NA
NC_045512.2	20267	T	A	6	6	28	2	2	23	0.25	8	0.266667	FALSE	NA	NA	NA	NA	NA	NA
NC_045512.2	20269	G	T	5	5	28	1	1	27	0.125	8	0.461538	FALSE	NA	NA	NA	NA	NA	NA
NC_045512.2	20269	G	C	5	5	28	1	1	24	0.125	8	0.461538	FALSE	NA	NA	NA	NA	NA	NA
NC_045512.2	20269	G	A	5	5	28	1	1	27	0.125	8	0.461538	FALSE	NA	NA	NA	NA	NA	NA
NC_045512.2	20270	C	T	4	4	26	1	1	21	0.125	8	0.416667	FALSE	NA	NA	NA	NA	NA	NA
NC_045512.2	20270	C	G	4	4	26	1	1	27	0.125	8	0.416667	FALSE	NA	NA	NA	NA	NA	NA
NC_045512.2	20270	C	A	4	4	26	2	2	22	0.25	8	0.192308	FALSE	NA	NA	NA	NA	NA	NA
NC_045512.2	20271	T	A	5	5	26	2	2	29	0.285714	7	0.269231	FALSE	NA	NA	NA	NA	NA	NA
NC_045512.2	20272	A	G	7	7	27	1	1	27	0.125	8	0.533333	FALSE	NA	NA	NA	NA	NA	NA
NC_045512.2	20273	T	G	4	4	28	1	1	28	0.125	8	0.416667	FALSE	NA	NA	NA	NA	NA	NA
NC_045512.2	20273	T	C	4	4	28	1	1	29	0.125	8	0.416667	FALSE	NA	NA	NA	NA	NA	NA
NC_045512.2	20273	T	A	4	4	28	2	2	24	0.25	8	0.192308	FALSE	NA	NA	NA	NA	NA	NA
NC_045512.2	20274	G	T	5	5	24	2	2	23	0.25	8	0.230769	FALSE	NA	NA	NA	NA	NA	NA
NC_045512.2	20274	G	A	5	5	24	1	1	30	0.125	8	0.461538	FALSE	NA	NA	NA	NA	NA	NA
NC_045512.2	20275	G	T	4	4	28	3	3	26	0.375	8	0.0961538	FALSE	NA	NA	NA	NA	NA	NA
NC_045512.2	20275	G	A	4	4	28	1	1	27	0.125	8	0.416667	FALSE	NA	NA	NA	NA	NA	NA
NC_045512.2	20276	A	T	4	4	28	2	2	32	0.25	8	0.192308	FALSE	NA	NA	NA	NA	NA	NA
NC_045512.2	20276	A	G	4	4	28	2	2	27	0.25	8	0.192308	FALSE	NA	NA	NA	NA	NA	NA
NC_045512.2	20277	T	G	5	5	26	1	1	28	0.125	8	0.461538	FALSE	NA	NA	NA	NA	NA	NA
NC_045512.2	20277	T	A	5	5	26	2	2	28	0.25	8	0.230769	FALSE	NA	NA	NA	NA	NA	NA
NC_045512.2	20278	G	T	4	4	26	2	2	23	0.25	8	0.192308	FALSE	NA	NA	NA	NA	NA	NA
NC_045512.2	20278	G	C	4	4	26	1	1	28	0.125	8	0.416667	FALSE	NA	NA	NA	NA	NA	NA
NC_045512.2	20278	G	A	4	4	26	1	1	28	0.125	8	0.416667	FALSE	NA	NA	NA	NA	NA	NA
NC_045512.2	20279	A	T	4	4	21	2	2	28	0.285714	7	0.227273	FALSE	NA	NA	NA	NA	NA	NA
NC_045512.2	20279	A	G	4	4	21	1	1	23	0.142857	7	0.454545	FALSE	NA	NA	NA	NA	NA	NA
NC_045512.2	20280	A	G	5	5	26	2	2	23	0.25	8	0.230769	FALSE	NA	NA	NA	NA	NA	NA
NC_045512.2	20280	A	C	5	5	26	1	1	30	0.125	8	0.461538	FALSE	NA	NA	NA	NA	NA	NA
NC_045512.2	20281	T	G	6	6	23	1	1	28	0.125	8	0.5	FALSE	NA	NA	NA	NA	NA	NA
NC_045512.2	20281	T	A	6	6	23	1	1	28	0.125	8	0.5	FALSE	NA	NA	NA	NA	NA	NA
NC_045512.2	20282	T	G	8	5	25	3	3	26	0.272727	11	0.12406	FALSE	NA	NA	NA	NA	NA	NA
NC_045512.2	20283	C	T	7	4	27	1	1	23	0.0909091	11	0.444444	FALSE	NA	NA	NA	NA	NA	NA
NC_045512.2	20283	C	G	7	4	27	2	2	27	0.181818	11	0.210526	FALSE	NA	NA	NA	NA	NA	NA
NC_045512.2	20283	C	A	7	4	27	1	1	28	0.0909091	11	0.444444	FALSE	NA	NA	NA	NA	NA	NA
NC_045512.2	20284	A	T	7	4	26	3	3	25	0.272727	11	0.105263	FALSE	NA	NA	NA	NA	NA	NA
NC_045512.2	20284	A	G	7	4	26	1	1	29	0.0909091	11	0.444444	FALSE	NA	NA	NA	NA	NA	NA
NC_045512.2	20285	T	G	9	6	25	2	2	25	0.181818	11	0.261905	FALSE	NA	NA	NA	NA	NA	NA
NC_045512.2	20286	T	G	7	5	27	1	1	26	0.111111	9	0.5	FALSE	NA	NA	NA	NA	NA	NA
NC_045512.2	20286	T	A	7	5	27	1	1	27	0.111111	9	0.5	FALSE	NA	NA	NA	NA	NA	NA
NC_045512.2	20287	G	T	8	5	27	2	2	25	0.181818	11	0.236842	FALSE	NA	NA	NA	NA	NA	NA
NC_045512.2	20287	G	C	8	5	27	1	1	24	0.0909091	11	0.473684	FALSE	NA	NA	NA	NA	NA	NA
NC_045512.2	20288	A	G	7	4	25	1	1	23	0.1	10	0.470588	FALSE	NA	NA	NA	NA	NA	NA
NC_045512.2	20288	A	C	7	4	25	2	2	26	0.2	10	0.235294	FALSE	NA	NA	NA	NA	NA	NA
NC_045512.2	20289	A	T	9	6	25	1	1	27	0.0909091	11	0.5	FALSE	NA	NA	NA	NA	NA	NA
NC_045512.2	20289	A	C	9	6	25	1	1	32	0.0909091	11	0.5	FALSE	NA	NA	NA	NA	NA	NA
NC_045512.2	20290	C	A	8	5	26	3	3	25	0.272727	11	0.12406	FALSE	NA	NA	NA	NA	NA	NA
NC_045512.2	20291	G	C	7	4	25	2	2	27	0.2	10	0.235294	FALSE	NA	NA	NA	NA	NA	NA
NC_045512.2	20291	G	A	7	4	25	1	1	27	0.1	10	0.470588	FALSE	NA	NA	NA	NA	NA	NA
NC_045512.2	20292	G	T	7	4	26	1	1	27	0.0909091	11	0.444444	FALSE	NA	NA	NA	NA	NA	NA
NC_045512.2	20292	G	C	7	4	26	1	1	30	0.0909091	11	0.444444	FALSE	NA	NA	NA	NA	NA	NA
NC_045512.2	20292	G	A	7	4	26	2	2	22	0.181818	11	0.210526	FALSE	NA	NA	NA	NA	NA	NA
NC_045512.2	20293	T	A	8	5	28	3	3	24	0.272727	11	0.12406	FALSE	NA	NA	NA	NA	NA	NA
NC_045512.2	20294	A	T	80	7	28	1	1	23	0.0121951	82	0.5	FALSE	NA	NA	NA	NA	NA	NA
NC_045512.2	20294	A	C	80	7	28	1	1	23	0.0121951	82	0.5	FALSE	NA	NA	NA	NA	NA	NA
NC_045512.2	20295	T	C	80	7	27	1	1	32	0.0123457	81	0.503106	FALSE	NA	NA	NA	NA	NA	NA
NC_045512.2	20296	A	T	81	7	27	1	1	27	0.0121951	82	0.503067	FALSE	NA	NA	NA	NA	NA	NA
NC_045512.2	20297	A	C	81	7	28	1	1	21	0.0121951	82	0.503067	FALSE	NA	NA	NA	NA	NA	NA
NC_045512.2	20298	A	T	64	5	22	1	1	23	0.0147059	68	0.492424	FALSE	NA	NA	NA	NA	NA	NA
NC_045512.2	20298	A	G	64	5	22	1	1	27	0.0147059	68	0.492424	FALSE	NA	NA	NA	NA	NA	NA
NC_045512.2	20298	A	C	64	5	22	2	2	24	0.0294118	68	0.244361	FALSE	NA	NA	NA	NA	NA	NA
NC_045512.2	20299	T	C	80	6	27	1	1	27	0.0120482	83	0.496933	FALSE	NA	NA	NA	NA	NA	NA
NC_045512.2	20299	T	A	80	6	27	2	2	23	0.0240964	83	0.248466	FALSE	NA	NA	NA	NA	NA	NA
NC_045512.2	20300	T	G	69	6	22	1	1	27	0.0138889	72	0.496454	FALSE	NA	NA	NA	NA	NA	NA
NC_045512.2	20300	T	C	69	6	22	1	1	23	0.0138889	72	0.496454	FALSE	NA	NA	NA	NA	NA	NA
NC_045512.2	20300	T	A	69	6	22	1	1	28	0.0138889	72	0.496454	FALSE	NA	NA	NA	NA	NA	NA
NC_045512.2	20301	A	T	80	6	26	1	1	23	0.0120482	83	0.496933	FALSE	NA	NA	NA	NA	NA	NA
NC_045512.2	20301	A	G	80	6	26	1	1	24	0.0120482	83	0.496933	FALSE	NA	NA	NA	NA	NA	NA
NC_045512.2	20301	A	C	80	6	26	1	1	27	0.0120482	83	0.496933	FALSE	NA	NA	NA	NA	NA	NA
NC_045512.2	20302	G	T	79	5	27	2	2	28	0.0243902	82	0.248447	FALSE	NA	NA	NA	NA	NA	NA
NC_045512.2	20302	G	A	79	5	27	1	1	27	0.0121951	82	0.496894	FALSE	NA	NA	NA	NA	NA	NA
NC_045512.2	20303	A	T	81	7	27	1	1	28	0.0120482	83	0.5	FALSE	NA	NA	NA	NA	NA	NA
NC_045512.2	20303	A	G	81	7	27	1	1	28	0.0120482	83	0.5	FALSE	NA	NA	NA	NA	NA	NA
NC_045512.2	20304	A	G	75	8	22	1	0	23	0.012987	77	0.5	FALSE	NA	NA	NA	NA	NA	NA
NC_045512.2	20304	A	C	75	8	22	1	1	27	0.012987	77	0.5	FALSE	NA	NA	NA	NA	NA	NA
NC_045512.2	20305	G	T	79	5	26	1	1	23	0.0120482	83	0.493827	FALSE	NA	NA	NA	NA	NA	NA
NC_045512.2	20305	G	C	79	5	26	1	1	24	0.0120482	83	0.493827	FALSE	NA	NA	NA	NA	NA	NA
NC_045512.2	20305	G	A	79	5	26	2	2	29	0.0240964	83	0.245399	FALSE	NA	NA	NA	NA	NA	NA
NC_045512.2	20306	G	T	75	5	22	2	2	25	0.0253165	79	0.245161	FALSE	NA	NA	NA	NA	NA	NA
NC_045512.2	20306	G	A	75	5	22	2	2	28	0.0253165	79	0.245161	FALSE	NA	NA	NA	NA	NA	NA
NC_045512.2	20307	C	T	81	7	26	1	1	30	0.0120482	83	0.5	FALSE	NA	NA	NA	NA	NA	NA
NC_045512.2	20307	C	A	81	7	26	1	1	26	0.0120482	83	0.5	FALSE	NA	NA	NA	NA	NA	NA
NC_045512.2	20308	T	C	79	6	27	2	2	27	0.0243902	82	0.248447	FALSE	NA	NA	NA	NA	NA	NA
NC_045512.2	20308	T	A	79	6	27	1	1	29	0.0121951	82	0.496894	FALSE	NA	NA	NA	NA	NA	NA
NC_045512.2	20309	A	T	79	6	27	1	1	29	0.0120482	83	0.493827	FALSE	NA	NA	NA	NA	NA	NA
NC_045512.2	20309	A	G	79	6	27	1	0	28	0.0120482	83	0.493827	FALSE	NA	NA	NA	NA	NA	NA
NC_045512.2	20309	A	C	79	6	27	2	2	28	0.0240964	83	0.245399	FALSE	NA	NA	NA	NA	NA	NA
NC_045512.2	20310	T	A	82	8	27	2	2	28	0.0238095	84	0.251497	FALSE	NA	NA	NA	NA	NA	NA
NC_045512.2	20311	G	T	80	6	27	2	2	26	0.0238095	84	0.245455	FALSE	NA	NA	NA	NA	NA	NA
NC_045512.2	20311	G	C	80	6	27	1	1	25	0.0119048	84	0.493902	FALSE	NA	NA	NA	NA	NA	NA
NC_045512.2	20311	G	A	80	6	27	1	1	23	0.0119048	84	0.493902	FALSE	NA	NA	NA	NA	NA	NA
NC_045512.2	20312	C	T	79	5	27	1	1	27	0.0120482	83	0.493827	FALSE	NA	NA	NA	NA	NA	NA
NC_045512.2	20312	C	G	79	5	27	1	1	29	0.0120482	83	0.493827	FALSE	NA	NA	NA	NA	NA	NA
NC_045512.2	20312	C	A	79	5	27	2	2	28	0.0240964	83	0.245399	FALSE	NA	NA	NA	NA	NA	NA
NC_045512.2	20313	C	T	76	6	23	1	1	26	0.0125	80	0.49359	FALSE	NA	NA	NA	NA	NA	NA
NC_045512.2	20313	C	A	76	6	23	3	3	27	0.0375	80	0.122611	FALSE	NA	NA	NA	NA	NA	NA
NC_045512.2	20314	T	G	82	8	27	1	1	28	0.0119048	84	0.5	FALSE	NA	NA	NA	NA	NA	NA
NC_045512.2	20314	T	C	82	8	27	1	1	28	0.0119048	84	0.5	FALSE	NA	NA	NA	NA	NA	NA
NC_045512.2	20315	T	C	78	8	23	1	1	26	0.0125	80	0.5	FALSE	NA	NA	NA	NA	NA	NA
NC_045512.2	20315	T	A	78	8	23	1	1	26	0.0125	80	0.5	FALSE	NA	NA	NA	NA	NA	NA
NC_045512.2	20316	C	A	82	8	27	2	2	27	0.0238095	84	0.251497	FALSE	NA	NA	NA	NA	NA	NA
NC_045512.2	20317	G	T	81	7	27	1	1	27	0.0119048	84	0.49697	FALSE	NA	NA	NA	NA	NA	NA
NC_045512.2	20317	G	A	81	7	27	2	2	24	0.0238095	84	0.248485	FALSE	NA	NA	NA	NA	NA	NA
NC_045512.2	20318	A	G	82	8	27	1	1	28	0.0119048	84	0.5	FALSE	NA	NA	NA	NA	NA	NA
NC_045512.2	20318	A	C	82	8	27	1	1	27	0.0119048	84	0.5	FALSE	NA	NA	NA	NA	NA	NA
NC_045512.2	20319	A	G	81	9	23	1	1	23	0.0121951	82	0.503067	FALSE	NA	NA	NA	NA	NA	NA
NC_045512.2	20320	C	T	76	4	27	4	2	26	0.0481928	83	0.0572064	FALSE	NA	NA	NA	NA	NA	NA
NC_045512.2	20320	C	G	76	4	27	3	3	26	0.0361446	83	0.115843	FALSE	NA	NA	NA	NA	NA	NA
NC_045512.2	20321	A	T	79	6	27	1	1	29	0.0121951	82	0.496894	FALSE	NA	NA	NA	NA	NA	NA
NC_045512.2	20321	A	G	79	6	27	2	2	25	0.0243902	82	0.248447	FALSE	NA	NA	NA	NA	NA	NA
NC_045512.2	20322	T	G	78	4	26	3	3	24	0.0361446	83	0.120413	FALSE	NA	NA	NA	NA	NA	NA
NC_045512.2	20322	T	C	78	4	26	1	1	29	0.0120482	83	0.490683	FALSE	NA	NA	NA	NA	NA	NA
NC_045512.2	20322	T	A	78	4	26	1	1	26	0.0120482	83	0.490683	FALSE	NA	NA	NA	NA	NA	NA
NC_045512.2	20323	A	T	79	5	27	2	2	27	0.0246914	81	0.251553	FALSE	NA	NA	NA	NA	NA	NA
NC_045512.2	20324	T	A	79	5	27	2	2	26	0.0246914	81	0.251553	FALSE	NA	NA	NA	NA	NA	NA
NC_045512.2	20325	C	T	78	4	26	1	1	29	0.0123457	81	0.496855	FALSE	NA	NA	NA	NA	NA	NA
NC_045512.2	20325	C	G	78	4	26	1	1	26	0.0123457	81	0.496855	FALSE	NA	NA	NA	NA	NA	NA
NC_045512.2	20325	C	A	78	4	26	1	1	22	0.0123457	81	0.496855	FALSE	NA	NA	NA	NA	NA	NA
NC_045512.2	20325	C	-G	78	4	26	1	0	20	0.0123457	81	0.496855	FALSE	NA	NA	NA	NA	NA	NA
NC_045512.2	20326	G	A	75	5	26	3	1	26	0.0384615	78	0.122581	FALSE	NA	NA	NA	NA	NA	NA
NC_045512.2	20326	G	+T	75	5	26	3	0	20	0.0379747	79	0.122581	FALSE	NA	NA	NA	NA	NA	NA
NC_045512.2	20327	T	C	75	2	26	1	1	24	0.0128205	78	0.496732	FALSE	NA	NA	NA	NA	NA	NA
NC_045512.2	20327	T	A	75	2	26	2	1	26	0.025641	78	0.248366	FALSE	NA	NA	NA	NA	NA	NA
NC_045512.2	20328	T	C	79	5	26	1	1	38	0.0125	80	0.503145	FALSE	NA	NA	NA	NA	NA	NA
NC_045512.2	20330	A	T	79	5	25	1	1	30	0.0125	80	0.503145	FALSE	NA	NA	NA	NA	NA	NA
NC_045512.2	20331	T	G	78	4	26	1	1	27	0.0123457	81	0.496855	FALSE	NA	NA	NA	NA	NA	NA
NC_045512.2	20331	T	C	78	4	26	1	1	34	0.0123457	81	0.496855	FALSE	NA	NA	NA	NA	NA	NA
NC_045512.2	20331	T	A	78	4	26	1	1	20	0.0123457	81	0.496855	FALSE	NA	NA	NA	NA	NA	NA
NC_045512.2	20332	G	A	79	5	27	2	2	25	0.0246914	81	0.251553	FALSE	NA	NA	NA	NA	NA	NA
NC_045512.2	20333	G	A	69	5	23	3	3	26	0.0416667	72	0.124981	FALSE	NA	NA	NA	NA	NA	NA
NC_045512.2	20334	A	T	78	4	26	1	1	28	0.0123457	81	0.496855	FALSE	NA	NA	NA	NA	NA	NA
NC_045512.2	20334	A	G	78	4	26	2	2	26	0.0246914	81	0.248428	FALSE	NA	NA	NA	NA	NA	NA
NC_045512.2	20335	G	C	78	4	26	2	2	25	0.0246914	81	0.248428	FALSE	NA	NA	NA	NA	NA	NA
NC_045512.2	20335	G	A	78	4	26	1	1	22	0.0123457	81	0.496855	FALSE	NA	NA	NA	NA	NA	NA
NC_045512.2	20336	A	T	79	5	26	1	1	23	0.0123457	81	0.5	FALSE	NA	NA	NA	NA	NA	NA
NC_045512.2	20336	A	C	79	5	26	1	1	23	0.0123457	81	0.5	FALSE	NA	NA	NA	NA	NA	NA
NC_045512.2	20337	T	A	78	4	27	2	2	23	0.025	80	0.251572	FALSE	NA	NA	NA	NA	NA	NA
NC_045512.2	20338	T	A	78	4	28	2	2	25	0.025	80	0.251572	FALSE	NA	NA	NA	NA	NA	NA
NC_045512.2	20339	T	G	80	6	28	1	1	27	0.0123457	81	0.503106	FALSE	NA	NA	NA	NA	NA	NA
NC_045512.2	20340	T	G	45	3	22	1	1	28	0.0204082	49	0.489362	FALSE	NA	NA	NA	NA	NA	NA
NC_045512.2	20340	T	C	45	3	22	2	2	25	0.0408163	49	0.242105	FALSE	NA	NA	NA	NA	NA	NA
NC_045512.2	20340	T	A	45	3	22	1	1	24	0.0204082	49	0.489362	FALSE	NA	NA	NA	NA	NA	NA
NC_045512.2	20341	A	G	77	3	27	2	2	25	0.0246914	81	0.245283	FALSE	NA	NA	NA	NA	NA	NA
NC_045512.2	20341	A	C	77	3	27	2	2	25	0.0246914	81	0.245283	FALSE	NA	NA	NA	NA	NA	NA
NC_045512.2	20342	G	T	77	3	27	1	1	24	0.0125	80	0.496815	FALSE	NA	NA	NA	NA	NA	NA
NC_045512.2	20342	G	C	77	3	27	1	1	27	0.0125	80	0.496815	FALSE	NA	NA	NA	NA	NA	NA
NC_045512.2	20342	G	A	77	3	27	1	1	20	0.0125	80	0.496815	FALSE	NA	NA	NA	NA	NA	NA
NC_045512.2	20343	T	A	80	6	27	1	1	27	0.0123457	81	0.503106	FALSE	NA	NA	NA	NA	NA	NA
NC_045512.2	20344	C	T	78	4	27	2	2	27	0.0246914	81	0.248428	FALSE	NA	NA	NA	NA	NA	NA
NC_045512.2	20344	C	G	78	4	27	1	1	21	0.0123457	81	0.496855	FALSE	NA	NA	NA	NA	NA	NA
NC_045512.2	20345	A	G	78	4	27	2	2	29	0.0246914	81	0.248428	FALSE	NA	NA	NA	NA	NA	NA
NC_045512.2	20345	A	C	78	4	27	1	1	27	0.0123457	81	0.496855	FALSE	NA	NA	NA	NA	NA	NA
NC_045512.2	20346	T	G	78	4	27	1	1	29	0.0123457	81	0.496855	FALSE	NA	NA	NA	NA	NA	NA
NC_045512.2	20346	T	C	78	4	27	1	1	29	0.0123457	81	0.496855	FALSE	NA	NA	NA	NA	NA	NA
NC_045512.2	20346	T	A	78	4	27	1	1	22	0.0123457	81	0.496855	FALSE	NA	NA	NA	NA	NA	NA
NC_045512.2	20347	A	T	80	6	27	1	1	30	0.0121951	82	0.5	FALSE	NA	NA	NA	NA	NA	NA
NC_045512.2	20347	A	G	80	6	27	1	1	22	0.0121951	82	0.5	FALSE	NA	NA	NA	NA	NA	NA
NC_045512.2	20348	G	T	78	4	27	1	1	23	0.0119048	84	0.487654	FALSE	NA	NA	NA	NA	NA	NA
NC_045512.2	20348	G	C	78	4	27	1	1	27	0.0119048	84	0.487654	FALSE	NA	NA	NA	NA	NA	NA
NC_045512.2	20348	G	A	78	4	27	4	4	27	0.047619	84	0.058747	FALSE	NA	NA	NA	NA	NA	NA
NC_045512.2	20349	T	C	81	7	27	1	1	28	0.0119048	84	0.49697	FALSE	NA	NA	NA	NA	NA	NA
NC_045512.2	20349	T	A	81	7	27	2	2	25	0.0238095	84	0.248485	FALSE	NA	NA	NA	NA	NA	NA
NC_045512.2	20350	C	T	78	4	27	1	1	23	0.0119048	84	0.487654	FALSE	NA	NA	NA	NA	NA	NA
NC_045512.2	20350	C	G	78	4	27	2	2	26	0.0238095	84	0.23934	FALSE	NA	NA	NA	NA	NA	NA
NC_045512.2	20350	C	A	78	4	27	3	3	25	0.0357143	84	0.11821	FALSE	NA	NA	NA	NA	NA	NA
NC_045512.2	20351	A	T	82	8	26	1	1	28	0.0119048	84	0.5	FALSE	NA	NA	NA	NA	NA	NA
NC_045512.2	20351	A	C	82	8	26	1	1	22	0.0119048	84	0.5	FALSE	NA	NA	NA	NA	NA	NA
NC_045512.2	20352	G	T	76	2	27	3	3	23	0.0361446	83	0.115843	FALSE	NA	NA	NA	NA	NA	NA
NC_045512.2	20352	G	C	76	2	27	1	1	27	0.0120482	83	0.484277	FALSE	NA	NA	NA	NA	NA	NA
NC_045512.2	20352	G	A	76	2	27	3	3	25	0.0361446	83	0.115843	FALSE	NA	NA	NA	NA	NA	NA
NC_045512.2	20353	T	C	82	8	27	1	1	27	0.0119048	84	0.5	FALSE	NA	NA	NA	NA	NA	NA
NC_045512.2	20353	T	A	82	8	27	1	1	27	0.0119048	84	0.5	FALSE	NA	NA	NA	NA	NA	NA
NC_045512.2	20354	T	G	76	7	23	2	2	27	0.025	80	0.245223	FALSE	NA	NA	NA	NA	NA	NA
NC_045512.2	20354	T	C	76	7	23	1	1	27	0.0125	80	0.49359	FALSE	NA	NA	NA	NA	NA	NA
NC_045512.2	20354	T	A	76	7	23	1	1	26	0.0125	80	0.49359	FALSE	NA	NA	NA	NA	NA	NA
NC_045512.2	20355	A	T	79	5	27	2	2	22	0.0238095	84	0.242406	FALSE	NA	NA	NA	NA	NA	NA
NC_045512.2	20355	A	G	79	5	27	2	2	27	0.0238095	84	0.242406	FALSE	NA	NA	NA	NA	NA	NA
NC_045512.2	20355	A	C	79	5	27	1	1	27	0.0119048	84	0.490798	FALSE	NA	NA	NA	NA	NA	NA
NC_045512.2	20356	G	T	79	5	27	1	1	27	0.0119048	84	0.490798	FALSE	NA	NA	NA	NA	NA	NA
NC_045512.2	20356	G	A	79	5	27	4	4	25	0.047619	84	0.0602342	FALSE	NA	NA	NA	NA	NA	NA
NC_045512.2	20357	G	T	77	3	23	2	2	28	0.0235294	85	0.233356	FALSE	NA	NA	NA	NA	NA	NA
NC_045512.2	20357	G	C	77	3	23	1	1	27	0.0117647	85	0.481481	FALSE	NA	NA	NA	NA	NA	NA
NC_045512.2	20357	G	A	77	3	23	5	5	24	0.0588235	85	0.027604	FALSE	NA	NA	NA	NA	NA	NA
NC_045512.2	20358	T	G	79	5	27	2	2	22	0.0235294	85	0.239468	FALSE	NA	NA	NA	NA	NA	NA
NC_045512.2	20358	T	A	79	5	27	4	4	28	0.0470588	85	0.0587915	FALSE	NA	NA	NA	NA	NA	NA
NC_045512.2	20359	G	T	79	5	27	2	2	24	0.0238095	84	0.242406	FALSE	NA	NA	NA	NA	NA	NA
NC_045512.2	20359	G	C	79	5	27	2	2	27	0.0238095	84	0.242406	FALSE	NA	NA	NA	NA	NA	NA
NC_045512.2	20359	G	A	79	5	27	1	1	27	0.0119048	84	0.490798	FALSE	NA	NA	NA	NA	NA	NA
NC_045512.2	20360	G	T	75	4	23	2	2	27	0.0243902	82	0.235911	FALSE	NA	NA	NA	NA	NA	NA
NC_045512.2	20360	G	C	75	4	23	1	1	26	0.0121951	82	0.484076	FALSE	NA	NA	NA	NA	NA	NA
NC_045512.2	20360	G	A	75	4	23	4	4	27	0.0487805	82	0.0571416	FALSE	NA	NA	NA	NA	NA	NA
NC_045512.2	20361	T	G	78	5	28	3	3	23	0.0344828	87	0.111916	FALSE	NA	NA	NA	NA	NA	NA
NC_045512.2	20361	T	C	78	5	28	3	2	26	0.0344828	87	0.111916	FALSE	NA	NA	NA	NA	NA	NA
NC_045512.2	20361	T	A	78	5	28	3	3	27	0.0344828	87	0.111916	FALSE	NA	NA	NA	NA	NA	NA
NC_045512.2	20362	T	G	81	7	29	1	1	27	0.0113636	88	0.485207	FALSE	NA	NA	NA	NA	NA	NA
NC_045512.2	20362	T	A	81	7	29	6	6	24	0.0681818	88	0.014294	FALSE	NA	NA	NA	NA	NA	NA
NC_045512.2	20363	T	G	77	4	23	2	2	28	0.0229885	87	0.227716	FALSE	NA	NA	NA	NA	NA	NA
NC_045512.2	20363	T	A	77	4	23	8	8	23	0.091954	87	0.00313396	TRUE	NA	NA	NA	NA	NA	NA
NC_045512.2	20364	A	T	81	7	27	3	3	26	0.0344828	87	0.118448	FALSE	NA	NA	NA	NA	NA	NA
NC_045512.2	20364	A	G	81	7	27	2	2	26	0.0229885	87	0.239715	FALSE	NA	NA	NA	NA	NA	NA
NC_045512.2	20364	A	C	81	7	27	1	1	27	0.0114943	87	0.488095	FALSE	NA	NA	NA	NA	NA	NA
NC_045512.2	20365	C	T	78	4	27	1	1	22	0.0114943	87	0.478788	FALSE	NA	NA	NA	NA	NA	NA
NC_045512.2	20365	C	G	78	4	27	4	4	25	0.045977	87	0.0546258	FALSE	NA	NA	NA	NA	NA	NA
NC_045512.2	20365	C	A	78	4	27	4	4	27	0.045977	87	0.0546258	FALSE	NA	NA	NA	NA	NA	NA
NC_045512.2	20366	A	T	78	4	27	6	6	24	0.0681818	88	0.0127911	FALSE	NA	NA	NA	NA	NA	NA
NC_045512.2	20366	A	C	78	4	27	4	4	23	0.0454545	88	0.0533329	FALSE	NA	NA	NA	NA	NA	NA
NC_045512.2	20367	T	G	85	11	28	1	1	24	0.011236	89	0.494253	FALSE	NA	NA	NA	NA	NA	NA
NC_045512.2	20367	T	C	85	11	28	2	2	27	0.0224719	89	0.245714	FALSE	NA	NA	NA	NA	NA	NA
NC_045512.2	20367	T	A	85	11	28	1	1	29	0.011236	89	0.494253	FALSE	NA	NA	NA	NA	NA	NA
NC_045512.2	20368	C	T	75	2	28	6	6	25	0.0689655	87	0.0117963	FALSE	NA	NA	NA	NA	NA	NA
NC_045512.2	20368	C	G	75	2	28	1	1	27	0.0114943	87	0.469136	FALSE	NA	NA	NA	NA	NA	NA
NC_045512.2	20368	C	A	75	2	28	5	5	26	0.0574713	87	0.0243208	FALSE	NA	NA	NA	NA	NA	NA
NC_045512.2	20369	T	G	81	8	27	3	3	26	0.0337079	89	0.11434	FALSE	NA	NA	NA	NA	NA	NA
NC_045512.2	20369	T	C	81	8	27	1	1	27	0.011236	89	0.482353	FALSE	NA	NA	NA	NA	NA	NA
NC_045512.2	20369	T	A	81	8	27	4	4	25	0.0449438	89	0.0561786	FALSE	NA	NA	NA	NA	NA	NA
NC_045512.2	20370	A	T	82	9	27	1	1	26	0.0113636	88	0.488235	FALSE	NA	NA	NA	NA	NA	NA
NC_045512.2	20370	A	G	82	9	27	3	3	27	0.0340909	88	0.118523	FALSE	NA	NA	NA	NA	NA	NA
NC_045512.2	20370	A	C	82	9	27	2	2	27	0.0227273	88	0.239835	FALSE	NA	NA	NA	NA	NA	NA
NC_045512.2	20371	C	T	75	3	27	1	1	27	0.0113636	88	0.466258	FALSE	NA	NA	NA	NA	NA	NA
NC_045512.2	20371	C	G	75	3	27	6	6	24	0.0681818	88	0.011375	FALSE	NA	NA	NA	NA	NA	NA
NC_045512.2	20371	C	A	75	3	27	6	6	26	0.0681818	88	0.011375	FALSE	NA	NA	NA	NA	NA	NA
NC_045512.2	20372	T	G	77	5	27	5	5	25	0.0574713	87	0.0259806	FALSE	NA	NA	NA	NA	NA	NA
NC_045512.2	20372	T	C	77	5	27	2	2	27	0.0229885	87	0.227716	FALSE	NA	NA	NA	NA	NA	NA
NC_045512.2	20372	T	A	77	5	27	3	3	25	0.0344828	87	0.109743	FALSE	NA	NA	NA	NA	NA	NA
NC_045512.2	20373	G	T	78	5	28	3	3	23	0.0337079	89	0.107967	FALSE	NA	NA	NA	NA	NA	NA
NC_045512.2	20373	G	C	78	5	28	3	3	26	0.0337079	89	0.107967	FALSE	NA	NA	NA	NA	NA	NA
NC_045512.2	20373	G	A	78	5	28	5	5	25	0.0561798	89	0.0252776	FALSE	NA	NA	NA	NA	NA	NA
NC_045512.2	20374	A	T	78	5	27	4	4	27	0.0444444	90	0.0508598	FALSE	NA	NA	NA	NA	NA	NA
NC_045512.2	20374	A	G	78	5	27	3	3	24	0.0333333	90	0.106061	FALSE	NA	NA	NA	NA	NA	NA
NC_045512.2	20374	A	C	78	5	27	5	5	25	0.0555556	90	0.0245428	FALSE	NA	NA	NA	NA	NA	NA
NC_045512.2	20375	T	G	78	7	27	1	1	27	0.0113636	88	0.475904	FALSE	NA	NA	NA	NA	NA	NA
NC_045512.2	20375	T	C	78	7	27	2	1	27	0.0227273	88	0.227978	FALSE	NA	NA	NA	NA	NA	NA
NC_045512.2	20375	T	A	78	7	27	7	7	26	0.0795455	88	0.00632118	TRUE	NA	NA	NA	NA	NA	NA
NC_045512.2	20376	T	G	75	6	23	3	3	27	0.0357143	84	0.111444	FALSE	NA	NA	NA	NA	NA	NA
NC_045512.2	20376	T	A	75	6	23	6	6	25	0.0714286	84	0.0131738	FALSE	NA	NA	NA	NA	NA	NA
NC_045512.2	20377	G	T	75	4	27	8	8	26	0.091954	87	0.00282776	TRUE	NA	NA	NA	NA	NA	NA
NC_045512.2	20377	G	A	75	4	27	4	4	24	0.045977	87	0.0504656	FALSE	NA	NA	NA	NA	NA	NA
NC_045512.2	20378	G	T	76	6	23	5	5	26	0.0568182	88	0.0243964	FALSE	NA	NA	NA	NA	NA	NA
NC_045512.2	20378	G	C	76	6	23	3	3	25	0.0340909	88	0.105627	FALSE	NA	NA	NA	NA	NA	NA
NC_045512.2	20378	G	A	76	6	23	4	4	26	0.0454545	88	0.0505999	FALSE	NA	NA	NA	NA	NA	NA
NC_045512.2	20379	A	T	75	4	27	2	2	27	0.0227273	88	0.218914	FALSE	NA	NA	NA	NA	NA	NA
NC_045512.2	20379	A	G	75	4	27	3	3	25	0.0340909	88	0.103486	FALSE	NA	NA	NA	NA	NA	NA
NC_045512.2	20379	A	C	75	4	27	8	8	25	0.0909091	88	0.00269469	TRUE	NA	NA	NA	NA	NA	NA
NC_045512.2	20380	C	T	77	6	27	3	3	24	0.0337079	89	0.105847	FALSE	NA	NA	NA	NA	NA	NA
NC_045512.2	20380	C	G	77	6	27	4	4	26	0.0449438	89	0.0507313	FALSE	NA	NA	NA	NA	NA	NA
NC_045512.2	20380	C	A	77	6	27	5	5	24	0.0561798	89	0.0244704	FALSE	NA	NA	NA	NA	NA	NA
NC_045512.2	20381	T	G	79	8	27	2	2	26	0.0227273	88	0.230967	FALSE	NA	NA	NA	NA	NA	NA
NC_045512.2	20381	T	C	79	8	27	1	1	27	0.0113636	88	0.479042	FALSE	NA	NA	NA	NA	NA	NA
NC_045512.2	20381	T	A	79	8	27	6	6	26	0.0681818	88	0.0132825	FALSE	NA	NA	NA	NA	NA	NA
NC_045512.2	20382	A	T	75	4	27	14	14	27	0.153846	91	3.23367e-05	TRUE	NA	NA	NA	NA	NA	NA
NC_045512.2	20382	A	G	75	4	27	1	1	22	0.010989	91	0.457831	FALSE	NA	NA	NA	NA	NA	NA
NC_045512.2	20382	A	C	75	4	27	1	1	28	0.010989	91	0.457831	FALSE	NA	NA	NA	NA	NA	NA
NC_045512.2	20383	G	T	76	5	27	5	5	25	0.0549451	91	0.0223064	FALSE	NA	NA	NA	NA	NA	NA
NC_045512.2	20383	G	C	76	5	27	5	5	28	0.0549451	91	0.0223064	FALSE	NA	NA	NA	NA	NA	NA
NC_045512.2	20383	G	A	76	5	27	5	5	26	0.0549451	91	0.0223064	FALSE	NA	NA	NA	NA	NA	NA
NC_045512.2	20384	C	T	76	5	27	5	5	27	0.0543478	92	0.021658	FALSE	NA	NA	NA	NA	NA	NA
NC_045512.2	20384	C	G	76	5	27	4	4	27	0.0434783	92	0.0459898	FALSE	NA	NA	NA	NA	NA	NA
NC_045512.2	20384	C	A	76	5	27	7	7	26	0.076087	92	0.00489682	TRUE	NA	NA	NA	NA	NA	NA
NC_045512.2	20385	T	G	72	6	27	5	5	26	0.0574713	87	0.0219217	FALSE	NA	NA	NA	NA	NA	NA
NC_045512.2	20385	T	C	72	6	27	1	1	26	0.0114943	87	0.459119	FALSE	NA	NA	NA	NA	NA	NA
NC_045512.2	20385	T	A	72	6	27	9	9	25	0.103448	87	0.00116686	TRUE	NA	NA	NA	NA	NA	NA
NC_045512.2	20385	T	-A	72	6	27	1	0	20	0.0114943	87	0.459119	FALSE	NA	NA	NA	NA	NA	NA
NC_045512.2	20386	A	T	71	6	27	4	4	23	0.0487805	82	0.0498967	FALSE	NA	NA	NA	NA	NA	NA
NC_045512.2	20386	A	G	71	6	27	4	4	26	0.0487805	82	0.0498967	FALSE	NA	NA	NA	NA	NA	NA
NC_045512.2	20386	A	C	71	6	27	3	3	27	0.0365854	82	0.10445	FALSE	NA	NA	NA	NA	NA	NA
NC_045512.2	20387	A	T	72	6	27	7	7	28	0.0804598	87	0.00499193	TRUE	NA	NA	NA	NA	NA	NA
NC_045512.2	20387	A	G	72	6	27	4	4	26	0.045977	87	0.0464057	FALSE	NA	NA	NA	NA	NA	NA
NC_045512.2	20387	A	C	72	6	27	4	4	27	0.045977	87	0.0464057	FALSE	NA	NA	NA	NA	NA	NA
NC_045512.2	20388	A	T	53	10	22	4	4	26	0.0634921	63	0.0497447	FALSE	NA	NA	NA	NA	NA	NA
NC_045512.2	20388	A	G	53	10	22	5	5	26	0.0793651	63	0.0240433	FALSE	NA	NA	NA	NA	NA	NA
NC_045512.2	20388	A	C	53	10	22	1	1	29	0.015873	63	0.465517	FALSE	NA	NA	NA	NA	NA	NA
NC_045512.2	20389	C	T	70	4	26	6	6	25	0.0697674	86	0.00993107	TRUE	NA	NA	NA	NA	NA	NA
NC_045512.2	20389	C	G	70	4	26	6	6	28	0.0697674	86	0.00993107	TRUE	NA	NA	NA	NA	NA	NA
NC_045512.2	20389	C	A	70	4	26	4	4	29	0.0465116	86	0.0448815	FALSE	NA	NA	NA	NA	NA	NA
NC_045512.2	20390	G	T	68	3	25	6	6	24	0.0697674	86	0.00908159	TRUE	NA	NA	NA	NA	NA	NA
NC_045512.2	20390	G	C	68	3	25	2	2	27	0.0232558	86	0.202346	FALSE	NA	NA	NA	NA	NA	NA
NC_045512.2	20390	G	A	68	3	25	10	10	25	0.116279	86	0.00045706	TRUE	NA	NA	NA	NA	NA	NA
NC_045512.2	20390	G	+T	68	3	25	4	0	20	0.0465116	86	0.0422339	FALSE	NA	NA	NA	NA	NA	NA
NC_045512.2	20391	T	G	59	11	26	3	3	29	0.0441176	68	0.10821	FALSE	NA	NA	NA	NA	NA	NA
NC_045512.2	20391	T	C	59	11	26	3	2	25	0.0441176	68	0.10821	FALSE	NA	NA	NA	NA	NA	NA
NC_045512.2	20391	T	A	59	11	26	3	3	27	0.0441176	68	0.10821	FALSE	NA	NA	NA	NA	NA	NA
NC_045512.2	20392	T	G	57	9	27	5	5	23	0.0724638	69	0.0226066	FALSE	NA	NA	NA	NA	NA	NA
NC_045512.2	20392	T	C	57	9	27	4	4	27	0.057971	69	0.047401	FALSE	NA	NA	NA	NA	NA	NA
NC_045512.2	20392	T	A	57	9	27	3	3	24	0.0434783	69	0.100241	FALSE	NA	NA	NA	NA	NA	NA
NC_045512.2	20393	T	G	52	7	27	6	6	28	0.0895522	67	0.00906406	TRUE	NA	NA	NA	NA	NA	NA
NC_045512.2	20393	T	C	52	7	27	3	2	27	0.0447761	67	0.0911001	FALSE	NA	NA	NA	NA	NA	NA
NC_045512.2	20393	T	A	52	7	27	6	6	26	0.0895522	67	0.00906406	TRUE	NA	NA	NA	NA	NA	NA
NC_045512.2	20394	T	G	30	10	22	2	2	27	0.05	40	0.199598	FALSE	NA	NA	NA	NA	NA	NA
NC_045512.2	20394	T	C	30	10	22	4	4	27	0.1	40	0.0426082	FALSE	NA	NA	NA	NA	NA	NA
NC_045512.2	20394	T	A	30	10	22	4	4	27	0.1	40	0.0426082	FALSE	NA	NA	NA	NA	NA	NA
NC_045512.2	20395	A	T	54	8	26	7	7	29	0.106061	66	0.00516717	TRUE	NA	NA	NA	NA	NA	NA
NC_045512.2	20395	A	G	54	8	26	4	4	25	0.0606061	66	0.0467328	FALSE	NA	NA	NA	NA	NA	NA
NC_045512.2	20395	A	C	54	8	26	1	1	27	0.0151515	66	0.458333	FALSE	NA	NA	NA	NA	NA	NA
NC_045512.2	20396	A	T	51	6	22	9	9	26	0.136364	66	0.000966834	TRUE	NA	NA	NA	NA	NA	NA
NC_045512.2	20396	A	G	51	6	22	3	3	27	0.0454545	66	0.0905854	FALSE	NA	NA	NA	NA	NA	NA
NC_045512.2	20396	A	C	51	6	22	3	3	24	0.0454545	66	0.0905854	FALSE	NA	NA	NA	NA	NA	NA
NC_045512.2	20397	G	T	44	1	27	9	9	27	0.142857	63	0.000630197	TRUE	NA	NA	NA	NA	NA	NA
NC_045512.2	20397	G	C	44	1	27	5	5	27	0.0793651	63	0.0148784	FALSE	NA	NA	NA	NA	NA	NA
NC_045512.2	20397	G	A	44	1	27	5	5	27	0.0793651	63	0.0148784	FALSE	NA	NA	NA	NA	NA	NA
NC_045512.2	20398	G	T	45	8	22	7	7	26	0.12069	58	0.0044899	TRUE	NA	NA	NA	NA	NA	NA
NC_045512.2	20398	G	C	45	8	22	2	2	29	0.0344828	58	0.20183	FALSE	NA	NA	NA	NA	NA	NA
NC_045512.2	20398	G	A	45	8	22	4	4	26	0.0689655	58	0.0426508	FALSE	NA	NA	NA	NA	NA	NA
NC_045512.2	20399	A	T	47	5	26	6	6	26	0.0967742	62	0.00860822	TRUE	NA	NA	NA	NA	NA	NA
NC_045512.2	20399	A	G	47	5	26	5	5	24	0.0806452	62	0.0185158	FALSE	NA	NA	NA	NA	NA	NA
NC_045512.2	20399	A	C	47	5	26	4	4	27	0.0645161	62	0.0402362	FALSE	NA	NA	NA	NA	NA	NA
NC_045512.2	20400	A	T	43	6	23	5	5	27	0.0877193	57	0.0186196	FALSE	NA	NA	NA	NA	NA	NA
NC_045512.2	20400	A	G	43	6	23	5	5	28	0.0877193	57	0.0186196	FALSE	NA	NA	NA	NA	NA	NA
NC_045512.2	20400	A	C	43	6	23	4	4	26	0.0701754	57	0.0403424	FALSE	NA	NA	NA	NA	NA	NA
NC_045512.2	20401	T	G	49	8	26	5	5	27	0.0819672	61	0.0215425	FALSE	NA	NA	NA	NA	NA	NA
NC_045512.2	20401	T	C	49	8	26	2	1	24	0.0327869	61	0.208845	FALSE	NA	NA	NA	NA	NA	NA
NC_045512.2	20401	T	A	49	8	26	5	5	26	0.0819672	61	0.0215425	FALSE	NA	NA	NA	NA	NA	NA
NC_045512.2	20402	C	T	46	4	26	6	6	28	0.0952381	63	0.0076337	TRUE	NA	NA	NA	NA	NA	NA
NC_045512.2	20402	C	G	46	4	26	6	6	26	0.0952381	63	0.0076337	TRUE	NA	NA	NA	NA	NA	NA
NC_045512.2	20402	C	A	46	4	26	5	5	26	0.0793651	63	0.0167354	FALSE	NA	NA	NA	NA	NA	NA
NC_045512.2	20403	A	T	50	9	26	6	6	27	0.0967742	62	0.0103813	FALSE	NA	NA	NA	NA	NA	NA
NC_045512.2	20403	A	G	50	9	26	2	1	28	0.0322581	62	0.209545	FALSE	NA	NA	NA	NA	NA	NA
NC_045512.2	20403	A	C	50	9	26	4	4	28	0.0645161	62	0.045745	FALSE	NA	NA	NA	NA	NA	NA
NC_045512.2	20404	C	T	47	7	26	6	6	26	0.101695	59	0.0101391	FALSE	NA	NA	NA	NA	NA	NA
NC_045512.2	20404	C	G	47	7	26	3	3	27	0.0508475	59	0.096005	FALSE	NA	NA	NA	NA	NA	NA
NC_045512.2	20404	C	A	47	7	26	3	3	28	0.0508475	59	0.096005	FALSE	NA	NA	NA	NA	NA	NA
NC_045512.2	20405	C	T	18	3	22	8	8	27	0.222222	36	0.000530515	TRUE	NA	NA	NA	NA	NA	NA
NC_045512.2	20405	C	G	18	3	22	3	3	26	0.0833333	36	0.0479798	FALSE	NA	NA	NA	NA	NA	NA
NC_045512.2	20405	C	A	18	3	22	7	7	26	0.194444	36	0.00124467	TRUE	NA	NA	NA	NA	NA	NA
NC_045512.2	20405	C	-T	18	3	22	11	0	20	0.305556	36	4.6527e-05	TRUE	NA	NA	NA	NA	NA	NA
NC_045512.2	20406	T	G	13	8	25	6	6	26	0.25	24	0.000935919	TRUE	NA	NA	NA	NA	NA	NA
NC_045512.2	20406	T	C	13	8	25	1	1	26	0.0416667	24	0.28	FALSE	NA	NA	NA	NA	NA	NA
NC_045512.2	20406	T	A	13	8	25	4	4	28	0.166667	24	0.00812772	TRUE	NA	NA	NA	NA	NA	NA
NC_045512.2	20407	T	G	27	9	26	4	4	27	0.102564	39	0.0363967	FALSE	NA	NA	NA	NA	NA	NA
NC_045512.2	20407	T	C	27	9	26	3	3	28	0.0769231	39	0.0810121	FALSE	NA	NA	NA	NA	NA	NA
NC_045512.2	20407	T	A	27	9	26	5	5	26	0.128205	39	0.0166385	FALSE	NA	NA	NA	NA	NA	NA
NC_045512.2	20407	T	+A	27	9	26	1	0	20	0.025641	39	0.424242	FALSE	NA	NA	NA	NA	NA	NA
NC_045512.2	20408	T	G	27	9	26	1	1	27	0.025641	39	0.424242	FALSE	NA	NA	NA	NA	NA	NA
NC_045512.2	20408	T	C	27	9	26	1	1	28	0.025641	39	0.424242	FALSE	NA	NA	NA	NA	NA	NA
NC_045512.2	20408	T	A	27	9	26	10	10	27	0.25641	39	0.000420216	TRUE	NA	NA	NA	NA	NA	NA
NC_045512.2	20409	T	G	12	8	24	6	6	25	0.24	25	0.00353884	TRUE	NA	NA	NA	NA	NA	NA
NC_045512.2	20409	T	C	12	8	24	4	4	28	0.16	25	0.0199147	FALSE	NA	NA	NA	NA	NA	NA
NC_045512.2	20409	T	A	12	8	24	3	3	27	0.12	25	0.0497866	FALSE	NA	NA	NA	NA	NA	NA
NC_045512.2	20410	G	T	19	7	25	5	5	27	0.151515	33	0.0111272	FALSE	NA	NA	NA	NA	NA	NA
NC_045512.2	20410	G	C	19	7	25	2	2	27	0.0606061	33	0.152395	FALSE	NA	NA	NA	NA	NA	NA
NC_045512.2	20410	G	A	19	7	25	7	7	25	0.212121	33	0.00218775	TRUE	NA	NA	NA	NA	NA	NA
NC_045512.2	20411	A	T	17	6	26	6	6	25	0.193548	31	0.00439713	TRUE	NA	NA	NA	NA	NA	NA
NC_045512.2	20411	A	G	17	6	26	4	4	25	0.129032	31	0.0239496	FALSE	NA	NA	NA	NA	NA	NA
NC_045512.2	20411	A	C	17	6	26	4	4	25	0.129032	31	0.0239496	FALSE	NA	NA	NA	NA	NA	NA
NC_045512.2	20412	A	T	10	6	24	6	6	28	0.25	24	0.00245447	TRUE	NA	NA	NA	NA	NA	NA
NC_045512.2	20412	A	G	10	6	24	5	5	24	0.208333	24	0.00598276	TRUE	NA	NA	NA	NA	NA	NA
NC_045512.2	20412	A	C	10	6	24	3	3	26	0.125	24	0.040056	FALSE	NA	NA	NA	NA	NA	NA
NC_045512.2	20413	T	G	19	10	25	6	6	25	0.2	30	0.00610907	TRUE	NA	NA	NA	NA	NA	NA
NC_045512.2	20413	T	C	19	10	25	1	1	26	0.0333333	30	0.4	FALSE	NA	NA	NA	NA	NA	NA
NC_045512.2	20413	T	A	19	10	25	4	4	27	0.133333	30	0.0302399	FALSE	NA	NA	NA	NA	NA	NA
NC_045512.2	20414	T	G	16	9	22	4	4	28	0.142857	28	0.0271634	FALSE	NA	NA	NA	NA	NA	NA
NC_045512.2	20414	T	C	16	9	22	1	1	27	0.0357143	28	0.386364	FALSE	NA	NA	NA	NA	NA	NA
NC_045512.2	20414	T	A	16	9	22	7	7	24	0.25	28	0.00245441	TRUE	NA	NA	NA	NA	NA	NA
NC_045512.2	20415	A	T	14	5	25	9	9	26	0.321429	28	0.000326167	TRUE	NA	NA	NA	NA	NA	NA
NC_045512.2	20415	A	G	14	5	25	5	5	25	0.178571	28	0.00848292	TRUE	NA	NA	NA	NA	NA	NA
NC_045512.2	20416	G	T	14	4	25	11	11	27	0.366667	30	4.65657e-05	TRUE	NA	NA	NA	NA	NA	NA
NC_045512.2	20416	G	C	14	4	25	2	2	28	0.0666667	30	0.121212	FALSE	NA	NA	NA	NA	NA	NA
NC_045512.2	20416	G	A	14	4	25	3	3	26	0.1	30	0.0447958	FALSE	NA	NA	NA	NA	NA	NA
NC_045512.2	20417	A	T	18	8	26	6	6	28	0.193548	31	0.00521141	TRUE	NA	NA	NA	NA	NA	NA
NC_045512.2	20417	A	G	18	8	26	2	2	25	0.0645161	31	0.155102	FALSE	NA	NA	NA	NA	NA	NA
NC_045512.2	20417	A	C	18	8	26	5	5	24	0.16129	31	0.0117257	FALSE	NA	NA	NA	NA	NA	NA
NC_045512.2	20418	A	T	20	11	23	4	4	27	0.133333	30	0.0362879	FALSE	NA	NA	NA	NA	NA	NA
NC_045512.2	20418	A	G	20	11	23	3	3	26	0.1	30	0.0801357	FALSE	NA	NA	NA	NA	NA	NA
NC_045512.2	20418	A	C	20	11	23	3	3	26	0.1	30	0.0801357	FALSE	NA	NA	NA	NA	NA	NA
NC_045512.2	20419	G	T	20	10	25	1	1	24	0.0344828	29	0.428571	FALSE	NA	NA	NA	NA	NA	NA
NC_045512.2	20419	G	C	20	10	25	4	4	24	0.137931	29	0.0392502	FALSE	NA	NA	NA	NA	NA	NA
NC_045512.2	20419	G	A	20	10	25	4	4	27	0.137931	29	0.0392502	FALSE	NA	NA	NA	NA	NA	NA
NC_045512.2	20420	A	T	15	5	24	11	11	26	0.366667	30	6.45711e-05	TRUE	NA	NA	NA	NA	NA	NA
NC_045512.2	20420	A	G	15	5	24	3	3	26	0.1	30	0.0503238	FALSE	NA	NA	NA	NA	NA	NA
NC_045512.2	20420	A	C	15	5	24	1	1	29	0.0333333	30	0.355556	FALSE	NA	NA	NA	NA	NA	NA
NC_045512.2	20421	T	G	17	10	26	1	1	21	0.04	25	0.428571	FALSE	NA	NA	NA	NA	NA	NA
NC_045512.2	20421	T	C	17	10	26	2	2	27	0.08	25	0.189369	FALSE	NA	NA	NA	NA	NA	NA
NC_045512.2	20421	T	A	17	10	26	5	5	26	0.2	25	0.0192113	FALSE	NA	NA	NA	NA	NA	NA
NC_045512.2	20422	T	G	14	8	27	6	6	27	0.222222	27	0.00413801	TRUE	NA	NA	NA	NA	NA	NA
NC_045512.2	20422	T	C	14	8	27	3	3	24	0.111111	27	0.0551009	FALSE	NA	NA	NA	NA	NA	NA
NC_045512.2	20422	T	A	14	8	27	4	4	27	0.148148	27	0.0225413	FALSE	NA	NA	NA	NA	NA	NA
NC_045512.2	20423	T	G	15	9	26	3	3	25	0.115385	26	0.0661211	FALSE	NA	NA	NA	NA	NA	NA
NC_045512.2	20423	T	C	15	9	26	1	1	27	0.0384615	26	0.390244	FALSE	NA	NA	NA	NA	NA	NA
NC_045512.2	20423	T	A	15	9	26	7	7	25	0.269231	26	0.00271172	TRUE	NA	NA	NA	NA	NA	NA
NC_045512.2	20424	T	G	8	6	26	5	5	25	0.238095	21	0.00542269	TRUE	NA	NA	NA	NA	NA	NA
NC_045512.2	20424	T	C	8	6	26	3	3	29	0.142857	21	0.0367075	FALSE	NA	NA	NA	NA	NA	NA
NC_045512.2	20424	T	A	8	6	26	5	5	25	0.238095	21	0.00542269	TRUE	NA	NA	NA	NA	NA	NA
NC_045512.2	20425	A	T	14	8	25	7	7	26	0.259259	27	0.0018489	TRUE	NA	NA	NA	NA	NA	NA
NC_045512.2	20425	A	G	14	8	25	4	4	25	0.148148	27	0.0225413	FALSE	NA	NA	NA	NA	NA	NA
NC_045512.2	20425	A	C	14	8	25	2	2	27	0.0740741	27	0.139373	FALSE	NA	NA	NA	NA	NA	NA
NC_045512.2	20426	T	G	15	9	26	8	8	26	0.32	25	0.00155924	TRUE	NA	NA	NA	NA	NA	NA
NC_045512.2	20426	T	A	15	9	26	2	2	25	0.08	25	0.165854	FALSE	NA	NA	NA	NA	NA	NA
NC_045512.2	20427	T	G	14	8	24	6	6	26	0.222222	27	0.00413801	TRUE	NA	NA	NA	NA	NA	NA
NC_045512.2	20427	T	C	14	8	24	2	2	27	0.0740741	27	0.139373	FALSE	NA	NA	NA	NA	NA	NA
NC_045512.2	20427	T	A	14	8	24	5	5	26	0.185185	27	0.00951743	TRUE	NA	NA	NA	NA	NA	NA
NC_045512.2	20428	C	T	10	4	26	7	7	25	0.28	25	0.00086505	TRUE	NA	NA	NA	NA	NA	NA
NC_045512.2	20428	C	G	10	4	26	1	1	24	0.04	25	0.314286	FALSE	NA	NA	NA	NA	NA	NA
NC_045512.2	20428	C	A	10	4	26	7	7	26	0.28	25	0.00086505	TRUE	NA	NA	NA	NA	NA	NA
NC_045512.2	20429	C	T	8	2	23	10	10	26	0.37037	27	1.76354e-05	TRUE	NA	NA	NA	NA	NA	NA
NC_045512.2	20429	C	G	8	2	23	5	5	26	0.185185	27	0.00223532	TRUE	NA	NA	NA	NA	NA	NA
NC_045512.2	20429	C	A	8	2	23	4	4	27	0.148148	27	0.00670595	TRUE	NA	NA	NA	NA	NA	NA
NC_045512.2	20430	T	G	19	13	27	2	2	23	0.0740741	27	0.194265	FALSE	NA	NA	NA	NA	NA	NA
NC_045512.2	20430	T	C	19	13	27	3	3	26	0.111111	27	0.0890379	FALSE	NA	NA	NA	NA	NA	NA
NC_045512.2	20430	T	A	19	13	27	3	3	26	0.111111	27	0.0890379	FALSE	NA	NA	NA	NA	NA	NA
NC_045512.2	20431	A	T	13	7	27	2	2	27	0.0769231	26	0.134615	FALSE	NA	NA	NA	NA	NA	NA
NC_045512.2	20431	A	G	13	7	27	7	7	25	0.269231	26	0.00170826	TRUE	NA	NA	NA	NA	NA	NA
NC_045512.2	20431	A	C	13	7	27	4	4	28	0.153846	26	0.0212633	FALSE	NA	NA	NA	NA	NA	NA
NC_045512.2	20432	T	G	11	5	25	5	5	27	0.185185	27	0.00513479	TRUE	NA	NA	NA	NA	NA	NA
NC_045512.2	20432	T	C	11	5	25	4	4	25	0.148148	27	0.0134788	FALSE	NA	NA	NA	NA	NA	NA
NC_045512.2	20432	T	A	11	5	25	7	7	26	0.259259	27	0.000830468	TRUE	NA	NA	NA	NA	NA	NA
NC_045512.2	20433	G	T	10	4	24	6	6	26	0.222222	27	0.00152656	TRUE	NA	NA	NA	NA	NA	NA
NC_045512.2	20433	G	C	10	4	24	4	4	24	0.148148	27	0.0109531	FALSE	NA	NA	NA	NA	NA	NA
NC_045512.2	20433	G	A	10	4	24	7	7	27	0.259259	27	0.000603523	TRUE	NA	NA	NA	NA	NA	NA
NC_045512.2	20434	G	T	9	5	25	7	7	25	0.28	25	0.000613617	TRUE	NA	NA	NA	NA	NA	NA
NC_045512.2	20434	G	C	9	5	25	5	5	27	0.2	25	0.00398851	TRUE	NA	NA	NA	NA	NA	NA
NC_045512.2	20434	G	A	9	5	25	4	4	23	0.16	25	0.010826	FALSE	NA	NA	NA	NA	NA	NA
NC_045512.2	20435	A	T	12	6	26	9	9	26	0.346154	26	0.000266793	TRUE	NA	NA	NA	NA	NA	NA
NC_045512.2	20435	A	G	12	6	26	2	2	28	0.0769231	26	0.122807	FALSE	NA	NA	NA	NA	NA	NA
NC_045512.2	20435	A	C	12	6	26	3	3	27	0.115385	26	0.0460526	FALSE	NA	NA	NA	NA	NA	NA
NC_045512.2	20436	C	T	7	1	26	8	8	27	0.32	25	0.000104594	TRUE	NA	NA	NA	NA	NA	NA
NC_045512.2	20436	C	G	7	1	26	6	6	24	0.24	25	0.000738133	TRUE	NA	NA	NA	NA	NA	NA
NC_045512.2	20436	C	A	7	1	26	4	4	26	0.16	25	0.00630252	TRUE	NA	NA	NA	NA	NA	NA
NC_045512.2	20437	A	T	10	4	26	5	5	26	0.192308	26	0.00456377	TRUE	NA	NA	NA	NA	NA	NA
NC_045512.2	20437	A	G	10	4	26	6	6	29	0.230769	26	0.00178099	TRUE	NA	NA	NA	NA	NA	NA
NC_045512.2	20437	A	C	10	4	26	5	5	25	0.192308	26	0.00456377	TRUE	NA	NA	NA	NA	NA	NA
NC_045512.2	20438	G	T	8	2	25	7	7	25	0.269231	26	0.000345159	TRUE	NA	NA	NA	NA	NA	NA
NC_045512.2	20438	G	C	8	2	25	5	5	28	0.192308	26	0.00256404	TRUE	NA	NA	NA	NA	NA	NA
NC_045512.2	20438	G	A	8	2	25	6	6	26	0.230769	26	0.000920425	TRUE	NA	NA	NA	NA	NA	NA
NC_045512.2	20439	T	G	15	9	26	4	4	29	0.16	25	0.0314075	FALSE	NA	NA	NA	NA	NA	NA
NC_045512.2	20439	T	C	15	9	26	3	3	25	0.12	25	0.0710801	FALSE	NA	NA	NA	NA	NA	NA
NC_045512.2	20439	T	A	15	9	26	3	3	26	0.12	25	0.0710801	FALSE	NA	NA	NA	NA	NA	NA
NC_045512.2	20440	A	T	16	10	25	5	5	25	0.192308	26	0.0148451	FALSE	NA	NA	NA	NA	NA	NA
NC_045512.2	20440	A	G	16	10	25	4	4	25	0.153846	26	0.0325179	FALSE	NA	NA	NA	NA	NA	NA
NC_045512.2	20440	A	C	16	10	25	1	1	28	0.0384615	26	0.404762	FALSE	NA	NA	NA	NA	NA	NA
NC_045512.2	20441	C	T	8	2	26	7	7	25	0.269231	26	0.000345159	TRUE	NA	NA	NA	NA	NA	NA
NC_045512.2	20441	C	G	8	2	26	2	2	27	0.0769231	26	0.0756303	FALSE	NA	NA	NA	NA	NA	NA
NC_045512.2	20441	C	A	8	2	26	9	9	27	0.346154	26	5.452e-05	TRUE	NA	NA	NA	NA	NA	NA
NC_045512.2	20442	A	T	13	7	26	9	9	25	0.346154	26	0.000365039	TRUE	NA	NA	NA	NA	NA	NA
NC_045512.2	20442	A	G	13	7	26	1	1	25	0.0384615	26	0.358974	FALSE	NA	NA	NA	NA	NA	NA
NC_045512.2	20442	A	C	13	7	26	3	3	24	0.115385	26	0.0525328	FALSE	NA	NA	NA	NA	NA	NA
NC_045512.2	20443	G	T	12	6	25	6	6	26	0.230769	26	0.00304505	TRUE	NA	NA	NA	NA	NA	NA
NC_045512.2	20443	G	C	12	6	25	6	6	25	0.230769	26	0.00304505	TRUE	NA	NA	NA	NA	NA	NA
NC_045512.2	20443	G	A	12	6	25	2	2	25	0.0769231	26	0.122807	FALSE	NA	NA	NA	NA	NA	NA
NC_045512.2	20444	T	G	10	4	25	10	10	25	0.4	25	7.44607e-05	TRUE	NA	NA	NA	NA	NA	NA
NC_045512.2	20444	T	C	10	4	25	2	2	28	0.08	25	0.104762	FALSE	NA	NA	NA	NA	NA	NA
NC_045512.2	20444	T	A	10	4	25	3	3	26	0.12	25	0.0368082	FALSE	NA	NA	NA	NA	NA	NA
NC_045512.2	20445	T	G	9	7	24	6	6	26	0.315789	19	0.00451891	TRUE	NA	NA	NA	NA	NA	NA
NC_045512.2	20445	T	C	9	7	24	2	2	25	0.105263	19	0.135468	FALSE	NA	NA	NA	NA	NA	NA
NC_045512.2	20445	T	A	9	7	24	2	2	25	0.105263	19	0.135468	FALSE	NA	NA	NA	NA	NA	NA
NC_045512.2	20446	A	T	14	8	25	7	7	25	0.28	25	0.00256238	TRUE	NA	NA	NA	NA	NA	NA
NC_045512.2	20446	A	G	14	8	25	3	3	24	0.12	25	0.0637899	FALSE	NA	NA	NA	NA	NA	NA
NC_045512.2	20446	A	C	14	8	25	1	1	28	0.04	25	0.384615	FALSE	NA	NA	NA	NA	NA	NA
NC_045512.2	20447	A	T	9	4	26	9	9	25	0.36	25	0.00010904	TRUE	NA	NA	NA	NA	NA	NA
NC_045512.2	20447	A	G	9	4	26	4	4	28	0.16	25	0.010826	FALSE	NA	NA	NA	NA	NA	NA
NC_045512.2	20447	A	C	9	4	26	3	3	27	0.12	25	0.0308123	FALSE	NA	NA	NA	NA	NA	NA
NC_045512.2	20448	A	T	11	6	26	9	9	25	0.36	25	0.00023692	TRUE	NA	NA	NA	NA	NA	NA
NC_045512.2	20448	A	G	11	6	26	3	3	24	0.12	25	0.0431484	FALSE	NA	NA	NA	NA	NA	NA
NC_045512.2	20448	A	C	11	6	26	2	2	27	0.08	25	0.117117	FALSE	NA	NA	NA	NA	NA	NA
NC_045512.2	20449	A	T	8	6	27	4	4	27	0.210526	19	0.0180624	FALSE	NA	NA	NA	NA	NA	NA
NC_045512.2	20449	A	G	8	6	27	6	6	26	0.315789	19	0.00331387	TRUE	NA	NA	NA	NA	NA	NA
NC_045512.2	20449	A	C	8	6	27	1	1	21	0.0526316	19	0.333333	FALSE	NA	NA	NA	NA	NA	NA
NC_045512.2	20450	A	T	6	6	25	5	5	26	0.294118	17	0.00572278	TRUE	NA	NA	NA	NA	NA	NA
NC_045512.2	20450	A	G	6	6	25	6	6	25	0.352941	17	0.00245262	TRUE	NA	NA	NA	NA	NA	NA
NC_045512.2	20451	C	T	7	5	27	5	5	27	0.238095	21	0.00393294	TRUE	NA	NA	NA	NA	NA	NA
NC_045512.2	20451	C	G	7	5	27	4	4	22	0.190476	21	0.0104878	FALSE	NA	NA	NA	NA	NA	NA
NC_045512.2	20451	C	A	7	5	27	5	5	26	0.238095	21	0.00393294	TRUE	NA	NA	NA	NA	NA	NA
NC_045512.2	20452	T	G	12	10	26	3	3	27	0.15	20	0.0760361	FALSE	NA	NA	NA	NA	NA	NA
NC_045512.2	20452	T	C	12	10	26	4	4	26	0.2	20	0.0347594	FALSE	NA	NA	NA	NA	NA	NA
NC_045512.2	20452	T	A	12	10	26	1	1	29	0.05	20	0.40625	FALSE	NA	NA	NA	NA	NA	NA
NC_045512.2	20452	T	+A	12	10	26	1	0	20	0.05	20	0.40625	FALSE	NA	NA	NA	NA	NA	NA
NC_045512.2	20453	A	T	13	11	26	6	6	27	0.3	20	0.00982801	TRUE	NA	NA	NA	NA	NA	NA
NC_045512.2	20453	A	G	13	11	26	1	1	27	0.05	20	0.424242	FALSE	NA	NA	NA	NA	NA	NA
NC_045512.2	20454	T	G	8	6	26	1	1	24	0.047619	21	0.310345	FALSE	NA	NA	NA	NA	NA	NA
NC_045512.2	20454	T	C	8	6	26	2	2	26	0.0952381	21	0.103448	FALSE	NA	NA	NA	NA	NA	NA
NC_045512.2	20454	T	A	8	6	26	10	10	26	0.47619	21	9.25637e-05	TRUE	NA	NA	NA	NA	NA	NA
NC_045512.2	20455	T	G	8	6	27	3	3	25	0.142857	21	0.0367075	FALSE	NA	NA	NA	NA	NA	NA
NC_045512.2	20455	T	C	8	6	27	4	4	27	0.190476	21	0.0137653	FALSE	NA	NA	NA	NA	NA	NA
NC_045512.2	20455	T	A	8	6	27	6	6	26	0.285714	21	0.00223287	TRUE	NA	NA	NA	NA	NA	NA
NC_045512.2	20456	T	G	8	6	25	1	1	23	0.047619	21	0.310345	FALSE	NA	NA	NA	NA	NA	NA
NC_045512.2	20456	T	C	8	6	25	8	8	25	0.380952	21	0.000425309	TRUE	NA	NA	NA	NA	NA	NA
NC_045512.2	20456	T	A	8	6	25	4	4	25	0.190476	21	0.0137653	FALSE	NA	NA	NA	NA	NA	NA
NC_045512.2	20457	C	G	7	5	25	6	6	26	0.333333	18	0.00288998	TRUE	NA	NA	NA	NA	NA	NA
NC_045512.2	20457	C	A	7	5	25	5	5	26	0.277778	18	0.00666919	TRUE	NA	NA	NA	NA	NA	NA
NC_045512.2	20458	A	T	4	2	26	3	3	25	0.272727	11	0.0514706	FALSE	NA	NA	NA	NA	NA	NA
NC_045512.2	20458	A	C	4	2	26	4	4	25	0.363636	11	0.0228758	FALSE	NA	NA	NA	NA	NA	NA
NC_045512.2	20459	T	C	8	6	26	1	1	29	0.0769231	13	0.428571	FALSE	NA	NA	NA	NA	NA	NA
NC_045512.2	20459	T	A	8	6	26	4	4	27	0.307692	13	0.0465839	FALSE	NA	NA	NA	NA	NA	NA
NC_045512.2	20460	A	T	1	0	28	7	7	25	0.538462	13	0.000103199	TRUE	NA	NA	NA	NA	NA	NA
NC_045512.2	20460	A	G	1	0	28	3	3	28	0.230769	13	0.00714286	TRUE	NA	NA	NA	NA	NA	NA
NC_045512.2	20460	A	C	1	0	28	2	1	27	0.153846	13	0.0285714	FALSE	NA	NA	NA	NA	NA	NA
NC_045512.2	20461	A	T	4	2	26	5	5	25	0.384615	13	0.00619195	TRUE	NA	NA	NA	NA	NA	NA
NC_045512.2	20461	A	G	4	2	26	2	2	22	0.153846	13	0.0980392	FALSE	NA	NA	NA	NA	NA	NA
NC_045512.2	20461	A	C	4	2	26	2	2	26	0.153846	13	0.0980392	FALSE	NA	NA	NA	NA	NA	NA
NC_045512.2	20462	C	T	2	0	28	4	4	25	0.363636	11	0.00824176	TRUE	NA	NA	NA	NA	NA	NA
NC_045512.2	20462	C	G	2	0	28	3	3	28	0.272727	11	0.021978	FALSE	NA	NA	NA	NA	NA	NA
NC_045512.2	20462	C	A	2	0	28	2	2	24	0.181818	11	0.0659341	FALSE	NA	NA	NA	NA	NA	NA
NC_045512.2	20463	A	T	7	7	26	3	3	28	0.272727	11	0.105263	FALSE	NA	NA	NA	NA	NA	NA
NC_045512.2	20463	A	C	7	7	26	1	1	20	0.0909091	11	0.444444	FALSE	NA	NA	NA	NA	NA	NA
NC_045512.2	20464	G	T	5	5	23	1	1	20	0.1	10	0.4	FALSE	NA	NA	NA	NA	NA	NA
NC_045512.2	20464	G	C	5	5	23	3	3	27	0.3	10	0.0823529	FALSE	NA	NA	NA	NA	NA	NA
NC_045512.2	20464	G	A	5	5	23	1	1	27	0.1	10	0.4	FALSE	NA	NA	NA	NA	NA	NA
NC_045512.2	20465	A	T	3	3	26	2	2	26	0.2	10	0.10989	FALSE	NA	NA	NA	NA	NA	NA
NC_045512.2	20465	A	G	3	3	26	5	5	27	0.5	10	0.00904977	TRUE	NA	NA	NA	NA	NA	NA
NC_045512.2	20466	T	G	1	1	24	2	2	22	0.181818	11	0.0384615	FALSE	NA	NA	NA	NA	NA	NA
NC_045512.2	20466	T	C	1	1	24	1	1	28	0.0909091	11	0.166667	FALSE	NA	NA	NA	NA	NA	NA
NC_045512.2	20466	T	A	1	1	24	7	7	25	0.636364	11	0.000251383	TRUE	NA	NA	NA	NA	NA	NA
NC_045512.2	20467	G	T	3	3	26	3	3	23	0.272727	11	0.0357143	FALSE	NA	NA	NA	NA	NA	NA
NC_045512.2	20467	G	C	3	3	26	2	2	27	0.181818	11	0.0952381	FALSE	NA	NA	NA	NA	NA	NA
NC_045512.2	20467	G	A	3	3	26	3	3	26	0.272727	11	0.0357143	FALSE	NA	NA	NA	NA	NA	NA
NC_045512.2	20468	C	T	1	1	28	7	7	26	0.7	10	0.000411353	TRUE	NA	NA	NA	NA	NA	NA
NC_045512.2	20468	C	A	1	1	28	2	2	24	0.2	10	0.0454545	FALSE	NA	NA	NA	NA	NA	NA
NC_045512.2	20469	G	T	1	1	24	2	2	26	0.181818	11	0.0384615	FALSE	NA	NA	NA	NA	NA	NA
NC_045512.2	20469	G	C	1	1	24	5	5	26	0.454545	11	0.00137363	TRUE	NA	NA	NA	NA	NA	NA
NC_045512.2	20469	G	A	1	1	24	3	3	25	0.272727	11	0.010989	FALSE	NA	NA	NA	NA	NA	NA
NC_045512.2	20470	C	T	0	0	0	2	2	25	0.2	10	0.0181818	FALSE	NA	NA	NA	NA	NA	NA
NC_045512.2	20470	C	G	0	0	0	3	3	25	0.3	10	0.00454545	TRUE	NA	NA	NA	NA	NA	NA
NC_045512.2	20470	C	A	0	0	0	5	5	25	0.5	10	0.0004995	TRUE	NA	NA	NA	NA	NA	NA
NC_045512.2	20471	A	C	1	1	27	1	1	24	0.5	2	0.666667	FALSE	NA	NA	NA	NA	NA	NA
NC_045512.2	20472	A	T	0	0	0	1	1	25	1	1	1	FALSE	NA	NA	NA	NA	NA	NA
NC_045512.2	20474	C	A	0	0	0	1	1	26	1	1	1	FALSE	NA	NA	NA	NA	NA	NA
NC_045512.2	20476	G	C	0	0	0	1	1	25	1	1	1	FALSE	NA	NA	NA	NA	NA	NA
NC_045512.2	20480	C	T	0	0	0	1	1	30	1	1	1	FALSE	NA	NA	NA	NA	NA	NA
NC_045512.2	20481	A	T	0	0	0	1	1	22	1	1	1	FALSE	NA	NA	NA	NA	NA	NA
NC_045512.2	20483	C	A	0	0	0	1	1	23	1	1	1	FALSE	NA	NA	NA	NA	NA	NA
NC_045512.2	20485	A	G	8	0	28	1	1	27	0.111111	9	0.529412	FALSE	NA	NA	NA	NA	NA	NA
NC_045512.2	20487	G	A	8	0	27	1	1	30	0.111111	9	0.529412	FALSE	NA	NA	NA	NA	NA	NA
NC_045512.2	20489	G	C	8	0	27	1	1	27	0.111111	9	0.529412	FALSE	NA	NA	NA	NA	NA	NA
NC_045512.2	20490	T	A	8	0	26	1	1	28	0.111111	9	0.529412	FALSE	NA	NA	NA	NA	NA	NA
NC_045512.2	20501	T	C	39	14	25	1	0	27	0.025	40	0.506329	FALSE	NA	NA	NA	NA	NA	NA
NC_045512.2	20503	A	G	39	14	26	1	0	27	0.025	40	0.506329	FALSE	NA	NA	NA	NA	NA	NA
NC_045512.2	20513	T	C	40	14	24	2	2	27	0.047619	42	0.253012	FALSE	NA	NA	NA	NA	NA	NA
NC_045512.2	20514	A	T	39	13	26	2	2	27	0.047619	42	0.246914	FALSE	NA	NA	NA	NA	NA	NA
NC_045512.2	20514	A	G	39	13	26	1	1	28	0.0238095	42	0.493827	FALSE	NA	NA	NA	NA	NA	NA
NC_045512.2	20515	C	G	40	14	26	2	2	25	0.047619	42	0.253012	FALSE	NA	NA	NA	NA	NA	NA
NC_045512.2	20516	T	C	39	14	25	1	0	24	0.025	40	0.506329	FALSE	NA	NA	NA	NA	NA	NA
NC_045512.2	20517	T	C	39	16	25	1	1	26	0.025	40	0.506329	FALSE	NA	NA	NA	NA	NA	NA
NC_045512.2	20518	G	T	40	14	27	1	1	26	0.0232558	43	0.493976	FALSE	NA	NA	NA	NA	NA	NA
NC_045512.2	20518	G	A	40	14	27	2	2	25	0.0465116	43	0.246988	FALSE	NA	NA	NA	NA	NA	NA
NC_045512.2	20519	A	T	41	14	27	1	1	21	0.0232558	43	0.5	FALSE	NA	NA	NA	NA	NA	NA
NC_045512.2	20519	A	G	41	14	27	1	1	26	0.0232558	43	0.5	FALSE	NA	NA	NA	NA	NA	NA
NC_045512.2	20521	G	T	43	16	27	1	1	31	0.0227273	44	0.505747	FALSE	NA	NA	NA	NA	NA	NA
NC_045512.2	20522	A	-T	44	17	26	2	0	20	0.0454545	44	0.2643	FALSE	NA	NA	NA	NA	NA	NA
NC_045512.2	20525	T	G	43	16	26	1	1	28	0.0227273	44	0.505747	FALSE	NA	NA	NA	NA	NA	NA
NC_045512.2	20526	T	A	22	14	24	3	3	29	0.12	25	0.124837	FALSE	NA	NA	NA	NA	NA	NA
NC_045512.2	20527	G	T	41	14	26	3	3	22	0.0681818	44	0.124949	FALSE	NA	NA	NA	NA	NA	NA
NC_045512.2	20529	T	A	40	15	24	2	2	27	0.047619	42	0.253012	FALSE	NA	NA	NA	NA	NA	NA
NC_045512.2	20530	G	C	41	14	26	2	2	28	0.0454545	44	0.247059	FALSE	NA	NA	NA	NA	NA	NA
NC_045512.2	20530	G	A	41	14	26	1	1	27	0.0227273	44	0.494118	FALSE	NA	NA	NA	NA	NA	NA
NC_045512.2	20531	A	T	37	10	25	3	3	22	0.075	40	0.124938	FALSE	NA	NA	NA	NA	NA	NA
NC_045512.2	20532	A	T	41	14	27	3	3	26	0.0681818	44	0.124949	FALSE	NA	NA	NA	NA	NA	NA
NC_045512.2	20533	A	G	31	15	24	2	2	26	0.0588235	34	0.246154	FALSE	NA	NA	NA	NA	NA	NA
NC_045512.2	20533	A	C	31	15	24	1	1	29	0.0294118	34	0.492308	FALSE	NA	NA	NA	NA	NA	NA
NC_045512.2	20534	T	C	42	15	26	1	1	22	0.0222222	45	0.494253	FALSE	NA	NA	NA	NA	NA	NA
NC_045512.2	20534	T	A	42	15	26	2	2	27	0.0444444	45	0.247126	FALSE	NA	NA	NA	NA	NA	NA
NC_045512.2	20535	A	T	42	15	25	3	3	25	0.0652174	46	0.120787	FALSE	NA	NA	NA	NA	NA	NA
NC_045512.2	20535	A	G	42	15	25	1	1	28	0.0217391	46	0.488636	FALSE	NA	NA	NA	NA	NA	NA
NC_045512.2	20536	A	T	41	15	24	2	2	27	0.0444444	45	0.241379	FALSE	NA	NA	NA	NA	NA	NA
NC_045512.2	20536	A	G	41	15	24	2	2	28	0.0444444	45	0.241379	FALSE	NA	NA	NA	NA	NA	NA
NC_045512.2	20537	T	G	42	15	27	2	2	27	0.0434783	46	0.241573	FALSE	NA	NA	NA	NA	NA	NA
NC_045512.2	20537	T	A	42	15	27	2	2	28	0.0434783	46	0.241573	FALSE	NA	NA	NA	NA	NA	NA
NC_045512.2	20538	A	T	38	11	26	3	3	24	0.0731707	41	0.124941	FALSE	NA	NA	NA	NA	NA	NA
NC_045512.2	20539	A	T	41	14	28	4	4	29	0.0869565	46	0.0583107	FALSE	NA	NA	NA	NA	NA	NA
NC_045512.2	20539	A	G	41	14	28	1	1	32	0.0217391	46	0.482759	FALSE	NA	NA	NA	NA	NA	NA
NC_045512.2	20540	A	T	41	14	28	3	3	29	0.0652174	46	0.116621	FALSE	NA	NA	NA	NA	NA	NA
NC_045512.2	20540	A	G	41	14	28	1	1	28	0.0217391	46	0.482759	FALSE	NA	NA	NA	NA	NA	NA
NC_045512.2	20540	A	C	41	14	28	1	1	28	0.0217391	46	0.482759	FALSE	NA	NA	NA	NA	NA	NA
NC_045512.2	20541	A	T	24	15	25	2	2	28	0.0714286	28	0.235849	FALSE	NA	NA	NA	NA	NA	NA
NC_045512.2	20541	A	G	24	15	25	2	2	24	0.0714286	28	0.235849	FALSE	NA	NA	NA	NA	NA	NA
NC_045512.2	20542	T	G	42	15	26	2	2	28	0.0434783	46	0.241573	FALSE	NA	NA	NA	NA	NA	NA
NC_045512.2	20542	T	C	42	15	26	1	1	22	0.0217391	46	0.488636	FALSE	NA	NA	NA	NA	NA	NA
NC_045512.2	20542	T	A	42	15	26	1	1	27	0.0217391	46	0.488636	FALSE	NA	NA	NA	NA	NA	NA
NC_045512.2	20543	C	T	41	14	24	4	4	24	0.0869565	46	0.0583107	FALSE	NA	NA	NA	NA	NA	NA
NC_045512.2	20543	C	G	41	14	24	1	1	21	0.0217391	46	0.482759	FALSE	NA	NA	NA	NA	NA	NA
NC_045512.2	20544	C	T	41	14	28	5	5	27	0.108696	46	0.0294758	FALSE	NA	NA	NA	NA	NA	NA
NC_045512.2	20545	C	T	33	14	24	2	2	28	0.0526316	38	0.232786	FALSE	NA	NA	NA	NA	NA	NA
NC_045512.2	20545	C	G	33	14	24	3	3	26	0.0789474	38	0.114798	FALSE	NA	NA	NA	NA	NA	NA
NC_045512.2	20546	A	T	43	16	25	1	1	23	0.0222222	45	0.5	FALSE	NA	NA	NA	NA	NA	NA
NC_045512.2	20546	A	G	43	16	25	1	1	29	0.0222222	45	0.5	FALSE	NA	NA	NA	NA	NA	NA
NC_045512.2	20547	A	T	43	16	24	3	3	25	0.0652174	46	0.124954	FALSE	NA	NA	NA	NA	NA	NA
NC_045512.2	20548	G	T	41	14	27	2	2	27	0.0434783	46	0.235893	FALSE	NA	NA	NA	NA	NA	NA
NC_045512.2	20548	G	C	41	14	27	1	1	27	0.0217391	46	0.482759	FALSE	NA	NA	NA	NA	NA	NA
NC_045512.2	20548	G	A	41	14	27	2	2	25	0.0434783	46	0.235893	FALSE	NA	NA	NA	NA	NA	NA
NC_045512.2	20549	A	T	42	15	27	3	3	26	0.0638298	47	0.116805	FALSE	NA	NA	NA	NA	NA	NA
NC_045512.2	20549	A	G	42	15	27	1	1	26	0.0212766	47	0.483146	FALSE	NA	NA	NA	NA	NA	NA
NC_045512.2	20549	A	C	42	15	27	1	1	27	0.0212766	47	0.483146	FALSE	NA	NA	NA	NA	NA	NA
NC_045512.2	20550	T	G	41	14	26	1	1	27	0.0217391	46	0.482759	FALSE	NA	NA	NA	NA	NA	NA
NC_045512.2	20550	T	C	41	14	26	2	2	27	0.0434783	46	0.235893	FALSE	NA	NA	NA	NA	NA	NA
NC_045512.2	20550	T	A	41	14	26	2	2	21	0.0434783	46	0.235893	FALSE	NA	NA	NA	NA	NA	NA
NC_045512.2	20551	T	G	43	16	28	1	1	28	0.0212766	47	0.488889	FALSE	NA	NA	NA	NA	NA	NA
NC_045512.2	20551	T	A	43	16	28	3	3	27	0.0638298	47	0.120879	FALSE	NA	NA	NA	NA	NA	NA
NC_045512.2	20552	T	G	42	19	24	1	1	30	0.0227273	44	0.5	FALSE	NA	NA	NA	NA	NA	NA
NC_045512.2	20552	T	A	42	19	24	1	1	26	0.0227273	44	0.5	FALSE	NA	NA	NA	NA	NA	NA
NC_045512.2	20553	A	T	42	15	27	3	3	26	0.0652174	46	0.120787	FALSE	NA	NA	NA	NA	NA	NA
NC_045512.2	20553	A	G	42	15	27	1	1	25	0.0217391	46	0.488636	FALSE	NA	NA	NA	NA	NA	NA
NC_045512.2	20554	T	G	43	16	27	1	1	22	0.0204082	49	0.478261	FALSE	NA	NA	NA	NA	NA	NA
NC_045512.2	20554	T	A	43	16	27	5	5	26	0.102041	49	0.0280136	FALSE	NA	NA	NA	NA	NA	NA
NC_045512.2	20555	C	T	41	14	27	3	3	25	0.0625	48	0.109018	FALSE	NA	NA	NA	NA	NA	NA
NC_045512.2	20555	C	A	41	14	27	4	4	27	0.0833333	48	0.0533238	FALSE	NA	NA	NA	NA	NA	NA
NC_045512.2	20556	T	G	45	18	27	2	2	26	0.0408163	49	0.242105	FALSE	NA	NA	NA	NA	NA	NA
NC_045512.2	20556	T	A	45	18	27	2	2	27	0.0408163	49	0.242105	FALSE	NA	NA	NA	NA	NA	NA
NC_045512.2	20557	G	T	42	15	28	3	3	27	0.0612245	49	0.109351	FALSE	NA	NA	NA	NA	NA	NA
NC_045512.2	20557	G	A	42	15	28	4	4	24	0.0816327	49	0.053512	FALSE	NA	NA	NA	NA	NA	NA
NC_045512.2	20558	T	G	43	16	28	1	1	28	0.0208333	48	0.483516	FALSE	NA	NA	NA	NA	NA	NA
NC_045512.2	20558	T	C	43	16	28	2	2	23	0.0416667	48	0.236503	FALSE	NA	NA	NA	NA	NA	NA
NC_045512.2	20558	T	A	43	16	28	2	2	27	0.0416667	48	0.236503	FALSE	NA	NA	NA	NA	NA	NA
NC_045512.2	20559	A	T	43	16	28	4	4	25	0.0816327	49	0.0560272	FALSE	NA	NA	NA	NA	NA	NA
NC_045512.2	20559	A	C	43	16	28	2	2	31	0.0408163	49	0.231417	FALSE	NA	NA	NA	NA	NA	NA
NC_045512.2	20560	G	T	42	15	27	3	3	27	0.0625	48	0.112996	FALSE	NA	NA	NA	NA	NA	NA
NC_045512.2	20560	G	C	42	15	27	2	2	32	0.0416667	48	0.231013	FALSE	NA	NA	NA	NA	NA	NA
NC_045512.2	20560	G	A	42	15	27	1	1	28	0.0208333	48	0.477778	FALSE	NA	NA	NA	NA	NA	NA
NC_045512.2	20561	T	A	43	16	26	4	4	25	0.0851064	47	0.0610894	FALSE	NA	NA	NA	NA	NA	NA
NC_045512.2	20562	T	G	43	16	28	1	1	27	0.0204082	49	0.478261	FALSE	NA	NA	NA	NA	NA	NA
NC_045512.2	20562	T	C	43	16	28	1	1	24	0.0204082	49	0.478261	FALSE	NA	NA	NA	NA	NA	NA
NC_045512.2	20562	T	A	43	16	28	4	4	25	0.0816327	49	0.0560272	FALSE	NA	NA	NA	NA	NA	NA
NC_045512.2	20563	T	G	42	17	24	2	2	28	0.0425532	47	0.236205	FALSE	NA	NA	NA	NA	NA	NA
NC_045512.2	20563	T	C	42	17	24	1	1	31	0.0212766	47	0.483146	FALSE	NA	NA	NA	NA	NA	NA
NC_045512.2	20563	T	A	42	17	24	2	2	26	0.0425532	47	0.236205	FALSE	NA	NA	NA	NA	NA	NA
NC_045512.2	20564	C	T	42	15	27	3	3	24	0.0612245	49	0.109351	FALSE	NA	NA	NA	NA	NA	NA
NC_045512.2	20564	C	G	42	15	27	1	1	21	0.0204082	49	0.472527	FALSE	NA	NA	NA	NA	NA	NA
NC_045512.2	20564	C	A	42	15	27	3	3	28	0.0612245	49	0.109351	FALSE	NA	NA	NA	NA	NA	NA
NC_045512.2	20565	T	G	45	18	27	1	1	26	0.02	50	0.484211	FALSE	NA	NA	NA	NA	NA	NA
NC_045512.2	20565	T	C	45	18	27	1	1	27	0.02	50	0.484211	FALSE	NA	NA	NA	NA	NA	NA
NC_045512.2	20565	T	A	45	18	27	3	3	23	0.06	50	0.117309	FALSE	NA	NA	NA	NA	NA	NA
NC_045512.2	20566	A	T	43	16	26	3	3	29	0.0625	48	0.11698	FALSE	NA	NA	NA	NA	NA	NA
NC_045512.2	20566	A	G	43	16	26	1	1	22	0.0208333	48	0.483516	FALSE	NA	NA	NA	NA	NA	NA
NC_045512.2	20566	A	C	43	16	26	1	1	23	0.0208333	48	0.483516	FALSE	NA	NA	NA	NA	NA	NA
NC_045512.2	20567	A	T	41	15	24	6	6	27	0.122449	49	0.0123547	FALSE	NA	NA	NA	NA	NA	NA
NC_045512.2	20567	A	G	41	15	24	1	1	28	0.0204082	49	0.466667	FALSE	NA	NA	NA	NA	NA	NA
NC_045512.2	20567	A	C	41	15	24	1	1	25	0.0204082	49	0.466667	FALSE	NA	NA	NA	NA	NA	NA
NC_045512.2	20568	G	T	43	16	26	2	2	26	0.0392157	51	0.221725	FALSE	NA	NA	NA	NA	NA	NA
NC_045512.2	20568	G	C	43	16	26	1	1	25	0.0196078	51	0.468085	FALSE	NA	NA	NA	NA	NA	NA
NC_045512.2	20568	G	A	43	16	26	5	5	28	0.0980392	51	0.025214	FALSE	NA	NA	NA	NA	NA	NA
NC_045512.2	20569	G	T	42	15	24	7	7	26	0.137255	51	0.00577016	TRUE	NA	NA	NA	NA	NA	NA
NC_045512.2	20569	G	C	42	15	24	1	1	25	0.0196078	51	0.462366	FALSE	NA	NA	NA	NA	NA	NA
NC_045512.2	20569	G	A	42	15	24	1	1	28	0.0196078	51	0.462366	FALSE	NA	NA	NA	NA	NA	NA
NC_045512.2	20570	T	G	42	16	26	3	3	25	0.06	50	0.105861	FALSE	NA	NA	NA	NA	NA	NA
NC_045512.2	20570	T	C	42	16	26	3	2	27	0.06	50	0.105861	FALSE	NA	NA	NA	NA	NA	NA
NC_045512.2	20570	T	A	42	16	26	2	2	24	0.04	50	0.221131	FALSE	NA	NA	NA	NA	NA	NA
NC_045512.2	20571	T	G	45	21	24	1	1	28	0.0204082	49	0.489362	FALSE	NA	NA	NA	NA	NA	NA
NC_045512.2	20571	T	C	45	21	24	1	1	23	0.0204082	49	0.489362	FALSE	NA	NA	NA	NA	NA	NA
NC_045512.2	20571	T	A	45	21	24	2	2	28	0.0408163	49	0.242105	FALSE	NA	NA	NA	NA	NA	NA
NC_045512.2	20572	G	T	46	19	26	4	4	26	0.0769231	52	0.0564056	FALSE	NA	NA	NA	NA	NA	NA
NC_045512.2	20572	G	A	46	19	26	2	2	28	0.0384615	52	0.232529	FALSE	NA	NA	NA	NA	NA	NA
NC_045512.2	20573	T	G	46	19	27	2	2	27	0.0392157	51	0.237324	FALSE	NA	NA	NA	NA	NA	NA
NC_045512.2	20573	T	A	46	19	27	3	3	26	0.0588235	51	0.117463	FALSE	NA	NA	NA	NA	NA	NA
NC_045512.2	20574	C	T	42	15	27	5	5	24	0.0961538	52	0.0225875	FALSE	NA	NA	NA	NA	NA	NA
NC_045512.2	20574	C	A	42	15	27	5	5	25	0.0961538	52	0.0225875	FALSE	NA	NA	NA	NA	NA	NA
NC_045512.2	20575	A	T	42	15	25	6	6	26	0.115385	52	0.0109515	FALSE	NA	NA	NA	NA	NA	NA
NC_045512.2	20575	A	G	42	15	25	3	3	26	0.0576923	52	0.0993141	FALSE	NA	NA	NA	NA	NA	NA
NC_045512.2	20575	A	C	42	15	25	1	1	27	0.0192308	52	0.457447	FALSE	NA	NA	NA	NA	NA	NA
NC_045512.2	20576	A	T	44	17	27	5	5	26	0.0925926	54	0.0228941	FALSE	NA	NA	NA	NA	NA	NA
NC_045512.2	20576	A	G	44	17	27	3	3	28	0.0555556	54	0.100278	FALSE	NA	NA	NA	NA	NA	NA
NC_045512.2	20576	A	C	44	17	27	2	2	27	0.037037	54	0.213358	FALSE	NA	NA	NA	NA	NA	NA
NC_045512.2	20577	A	T	33	15	25	10	10	27	0.222222	45	0.000479244	TRUE	NA	NA	NA	NA	NA	NA
NC_045512.2	20577	A	G	33	15	25	2	2	27	0.0444444	45	0.193119	FALSE	NA	NA	NA	NA	NA	NA
NC_045512.2	20578	G	T	45	18	27	8	8	25	0.145455	55	0.0027192	TRUE	NA	NA	NA	NA	NA	NA
NC_045512.2	20578	G	C	45	18	27	1	1	21	0.0181818	55	0.46	FALSE	NA	NA	NA	NA	NA	NA
NC_045512.2	20578	G	A	45	18	27	1	1	30	0.0181818	55	0.46	FALSE	NA	NA	NA	NA	NA	NA
NC_045512.2	20579	T	G	49	22	27	3	3	28	0.0545455	55	0.114555	FALSE	NA	NA	NA	NA	NA	NA
NC_045512.2	20579	T	C	49	22	27	3	3	27	0.0545455	55	0.114555	FALSE	NA	NA	NA	NA	NA	NA
NC_045512.2	20580	G	T	42	16	27	9	9	25	0.166667	54	0.00110731	TRUE	NA	NA	NA	NA	NA	NA
NC_045512.2	20580	G	C	42	16	27	1	1	27	0.0185185	54	0.447917	FALSE	NA	NA	NA	NA	NA	NA
NC_045512.2	20580	G	A	42	16	27	2	2	27	0.037037	54	0.203179	FALSE	NA	NA	NA	NA	NA	NA
NC_045512.2	20581	A	T	47	20	27	5	5	25	0.0925926	54	0.0269153	FALSE	NA	NA	NA	NA	NA	NA
NC_045512.2	20581	A	G	47	20	27	2	2	26	0.037037	54	0.228305	FALSE	NA	NA	NA	NA	NA	NA
NC_045512.2	20582	C	T	41	14	27	6	6	25	0.111111	54	0.00900764	TRUE	NA	NA	NA	NA	NA	NA
NC_045512.2	20582	C	G	41	14	27	2	2	27	0.037037	54	0.198026	FALSE	NA	NA	NA	NA	NA	NA
NC_045512.2	20582	C	A	41	14	27	5	5	25	0.0925926	54	0.0191652	FALSE	NA	NA	NA	NA	NA	NA
NC_045512.2	20583	T	G	47	20	26	4	4	25	0.0689655	58	0.046631	FALSE	NA	NA	NA	NA	NA	NA
NC_045512.2	20583	T	C	47	20	26	5	5	27	0.0862069	58	0.022246	FALSE	NA	NA	NA	NA	NA	NA
NC_045512.2	20583	T	A	47	20	26	2	2	26	0.0344828	58	0.211321	FALSE	NA	NA	NA	NA	NA	NA
NC_045512.2	20584	A	T	46	20	27	6	6	26	0.103448	58	0.0100535	FALSE	NA	NA	NA	NA	NA	NA
NC_045512.2	20584	A	G	46	20	27	6	6	25	0.103448	58	0.0100535	FALSE	NA	NA	NA	NA	NA	NA
NC_045512.2	20585	T	G	46	19	25	4	4	26	0.0701754	57	0.0463596	FALSE	NA	NA	NA	NA	NA	NA
NC_045512.2	20585	T	C	46	19	25	1	1	26	0.0175439	57	0.456311	FALSE	NA	NA	NA	NA	NA	NA
NC_045512.2	20585	T	A	46	19	25	6	6	23	0.105263	57	0.0106391	FALSE	NA	NA	NA	NA	NA	NA
NC_045512.2	20586	T	C	51	25	24	1	1	29	0.0178571	56	0.485981	FALSE	NA	NA	NA	NA	NA	NA
NC_045512.2	20586	T	A	51	25	24	4	4	26	0.0714286	56	0.0590757	FALSE	NA	NA	NA	NA	NA	NA
NC_045512.2	20587	G	T	44	17	27	11	11	26	0.183333	60	0.000185952	TRUE	NA	NA	NA	NA	NA	NA
NC_045512.2	20587	G	C	44	17	27	1	1	27	0.0166667	60	0.432692	FALSE	NA	NA	NA	NA	NA	NA
NC_045512.2	20587	G	A	44	17	27	4	4	25	0.0666667	60	0.0377048	FALSE	NA	NA	NA	NA	NA	NA
NC_045512.2	20588	A	T	49	22	27	7	7	26	0.116667	60	0.00529325	TRUE	NA	NA	NA	NA	NA	NA
NC_045512.2	20588	A	G	49	22	27	3	3	26	0.05	60	0.0996326	FALSE	NA	NA	NA	NA	NA	NA
NC_045512.2	20588	A	C	49	22	27	1	1	27	0.0166667	60	0.458716	FALSE	NA	NA	NA	NA	NA	NA
NC_045512.2	20589	C	T	43	16	27	8	8	23	0.140351	57	0.00195356	TRUE	NA	NA	NA	NA	NA	NA
NC_045512.2	20589	C	G	43	16	27	1	1	27	0.0175439	57	0.44	FALSE	NA	NA	NA	NA	NA	NA
NC_045512.2	20589	C	A	43	16	27	5	5	25	0.0877193	57	0.0186196	FALSE	NA	NA	NA	NA	NA	NA
NC_045512.2	20590	T	C	52	25	27	3	3	27	0.0491803	61	0.106255	FALSE	NA	NA	NA	NA	NA	NA
NC_045512.2	20590	T	A	52	25	27	6	6	25	0.0983607	61	0.0122833	FALSE	NA	NA	NA	NA	NA	NA
NC_045512.2	20591	A	T	48	21	27	7	7	27	0.112903	62	0.0043521	TRUE	NA	NA	NA	NA	NA	NA
NC_045512.2	20591	A	G	48	21	27	7	7	25	0.112903	62	0.0043521	TRUE	NA	NA	NA	NA	NA	NA
NC_045512.2	20592	T	G	44	17	28	3	3	28	0.0483871	62	0.0794246	FALSE	NA	NA	NA	NA	NA	NA
NC_045512.2	20592	T	C	44	17	28	2	2	27	0.0322581	62	0.182507	FALSE	NA	NA	NA	NA	NA	NA
NC_045512.2	20592	T	A	44	17	28	13	13	27	0.209677	62	3.51936e-05	TRUE	NA	NA	NA	NA	NA	NA
NC_045512.2	20593	A	T	42	16	27	14	14	24	0.225806	62	1.26232e-05	TRUE	NA	NA	NA	NA	NA	NA
NC_045512.2	20593	A	G	42	16	27	3	2	27	0.0483871	62	0.0735538	FALSE	NA	NA	NA	NA	NA	NA
NC_045512.2	20593	A	C	42	16	27	3	3	27	0.0483871	62	0.0735538	FALSE	NA	NA	NA	NA	NA	NA
NC_045512.2	20594	C	T	42	15	26	13	13	28	0.213115	61	2.97022e-05	TRUE	NA	NA	NA	NA	NA	NA
NC_045512.2	20594	C	G	42	15	26	3	3	24	0.0491803	61	0.0756961	FALSE	NA	NA	NA	NA	NA	NA
NC_045512.2	20594	C	A	42	15	26	3	3	25	0.0491803	61	0.0756961	FALSE	NA	NA	NA	NA	NA	NA
NC_045512.2	20595	A	T	47	20	26	7	7	27	0.112903	62	0.00404212	TRUE	NA	NA	NA	NA	NA	NA
NC_045512.2	20595	A	G	47	20	26	5	5	27	0.0806452	62	0.0185158	FALSE	NA	NA	NA	NA	NA	NA
NC_045512.2	20595	A	C	47	20	26	3	3	26	0.0483871	62	0.0883619	FALSE	NA	NA	NA	NA	NA	NA
NC_045512.2	20596	G	T	42	16	27	7	7	24	0.114754	61	0.00288288	TRUE	NA	NA	NA	NA	NA	NA
NC_045512.2	20596	G	C	42	16	27	2	2	28	0.0327869	61	0.176624	FALSE	NA	NA	NA	NA	NA	NA
NC_045512.2	20596	G	A	42	16	27	10	10	27	0.163934	61	0.000279535	TRUE	NA	NA	NA	NA	NA	NA
NC_045512.2	20597	A	T	44	18	25	11	11	25	0.180328	61	0.000168166	TRUE	NA	NA	NA	NA	NA	NA
NC_045512.2	20597	A	G	44	18	25	2	2	27	0.0327869	61	0.185984	FALSE	NA	NA	NA	NA	NA	NA
NC_045512.2	20597	A	C	44	18	25	4	4	26	0.0655738	61	0.0363084	FALSE	NA	NA	NA	NA	NA	NA
NC_045512.2	20598	A	T	41	15	27	15	15	26	0.241935	62	5.14732e-06	TRUE	NA	NA	NA	NA	NA	NA
NC_045512.2	20598	A	G	41	15	27	5	5	27	0.0806452	62	0.0128941	FALSE	NA	NA	NA	NA	NA	NA
NC_045512.2	20598	A	C	41	15	27	1	1	27	0.016129	62	0.407767	FALSE	NA	NA	NA	NA	NA	NA
NC_045512.2	20599	A	T	47	26	24	4	4	27	0.0701754	57	0.0484245	FALSE	NA	NA	NA	NA	NA	NA
NC_045512.2	20599	A	G	47	26	24	4	4	26	0.0701754	57	0.0484245	FALSE	NA	NA	NA	NA	NA	NA
NC_045512.2	20599	A	C	47	26	24	2	2	27	0.0350877	57	0.215385	FALSE	NA	NA	NA	NA	NA	NA
NC_045512.2	20600	T	G	41	16	25	4	4	26	0.0727273	55	0.0395803	FALSE	NA	NA	NA	NA	NA	NA
NC_045512.2	20600	T	C	41	16	25	4	4	26	0.0727273	55	0.0395803	FALSE	NA	NA	NA	NA	NA	NA
NC_045512.2	20600	T	A	41	16	25	6	6	25	0.109091	55	0.00847253	TRUE	NA	NA	NA	NA	NA	NA
NC_045512.2	20600	T	-T	41	16	25	1	0	20	0.0181818	55	0.4375	FALSE	NA	NA	NA	NA	NA	NA
NC_045512.2	20601	T	C	51	26	27	1	1	29	0.0175439	57	0.477064	FALSE	NA	NA	NA	NA	NA	NA
NC_045512.2	20601	T	A	51	26	27	5	5	24	0.0877193	57	0.0272135	FALSE	NA	NA	NA	NA	NA	NA
NC_045512.2	20602	T	G	51	29	24	3	3	27	0.0526316	57	0.114929	FALSE	NA	NA	NA	NA	NA	NA
NC_045512.2	20602	T	A	51	29	24	3	3	26	0.0526316	57	0.114929	FALSE	NA	NA	NA	NA	NA	NA
NC_045512.2	20603	C	T	39	15	27	6	6	27	0.1	60	0.00536784	TRUE	NA	NA	NA	NA	NA	NA
NC_045512.2	20603	C	G	39	15	27	6	6	26	0.1	60	0.00536784	TRUE	NA	NA	NA	NA	NA	NA
NC_045512.2	20603	C	A	39	15	27	9	9	27	0.15	60	0.000467754	TRUE	NA	NA	NA	NA	NA	NA
NC_045512.2	20603	C	-A	39	15	27	1	0	20	0.0166667	60	0.40404	FALSE	NA	NA	NA	NA	NA	NA
NC_045512.2	20604	A	T	42	19	27	11	11	25	0.189655	58	0.000161068	TRUE	NA	NA	NA	NA	NA	NA
NC_045512.2	20604	A	G	42	19	27	2	2	27	0.0344828	58	0.183654	FALSE	NA	NA	NA	NA	NA	NA
NC_045512.2	20604	A	C	42	19	27	3	3	27	0.0517241	58	0.080237	FALSE	NA	NA	NA	NA	NA	NA
NC_045512.2	20605	T	G	47	25	26	2	2	26	0.037037	54	0.228305	FALSE	NA	NA	NA	NA	NA	NA
NC_045512.2	20605	T	C	47	25	26	1	1	30	0.0185185	54	0.475248	FALSE	NA	NA	NA	NA	NA	NA
NC_045512.2	20605	T	A	47	25	26	4	4	25	0.0740741	54	0.0543482	FALSE	NA	NA	NA	NA	NA	NA
NC_045512.2	20606	T	G	45	23	27	6	6	27	0.103448	58	0.00941152	TRUE	NA	NA	NA	NA	NA	NA
NC_045512.2	20606	T	C	45	23	27	1	1	27	0.0172414	58	0.446602	FALSE	NA	NA	NA	NA	NA	NA
NC_045512.2	20606	T	A	45	23	27	6	6	27	0.103448	58	0.00941152	TRUE	NA	NA	NA	NA	NA	NA
NC_045512.2	20607	T	G	40	22	24	4	4	26	0.0740741	54	0.0391796	FALSE	NA	NA	NA	NA	NA	NA
NC_045512.2	20607	T	C	40	22	24	3	3	28	0.0555556	54	0.0863732	FALSE	NA	NA	NA	NA	NA	NA
NC_045512.2	20607	T	A	40	22	24	7	7	27	0.12963	54	0.00392886	TRUE	NA	NA	NA	NA	NA	NA
NC_045512.2	20608	A	T	43	21	26	10	10	24	0.175439	57	0.000457358	TRUE	NA	NA	NA	NA	NA	NA
NC_045512.2	20608	A	G	43	21	26	3	3	26	0.0526316	57	0.08841	FALSE	NA	NA	NA	NA	NA	NA
NC_045512.2	20608	A	C	43	21	26	1	1	30	0.0175439	57	0.44	FALSE	NA	NA	NA	NA	NA	NA
NC_045512.2	20609	T	G	44	23	26	2	2	27	0.0357143	56	0.20495	FALSE	NA	NA	NA	NA	NA	NA
NC_045512.2	20609	T	C	44	23	26	5	5	28	0.0892857	56	0.0207354	FALSE	NA	NA	NA	NA	NA	NA
NC_045512.2	20609	T	A	44	23	26	5	5	27	0.0892857	56	0.0207354	FALSE	NA	NA	NA	NA	NA	NA
NC_045512.2	20610	G	T	39	18	27	8	8	26	0.140351	57	0.00132257	TRUE	NA	NA	NA	NA	NA	NA
NC_045512.2	20610	G	A	39	18	27	10	10	26	0.175439	57	0.000284862	TRUE	NA	NA	NA	NA	NA	NA
NC_045512.2	20611	C	T	30	14	26	9	9	26	0.176471	51	0.000333395	TRUE	NA	NA	NA	NA	NA	NA
NC_045512.2	20611	C	G	30	14	26	4	4	27	0.0784314	51	0.0240352	FALSE	NA	NA	NA	NA	NA	NA
NC_045512.2	20611	C	A	30	14	26	8	8	27	0.156863	51	0.000760825	TRUE	NA	NA	NA	NA	NA	NA
NC_045512.2	20612	T	G	38	23	25	6	6	27	0.117647	51	0.00866975	TRUE	NA	NA	NA	NA	NA	NA
NC_045512.2	20612	T	C	38	23	25	1	0	23	0.0196078	51	0.438202	FALSE	NA	NA	NA	NA	NA	NA
NC_045512.2	20612	T	A	38	23	25	6	6	24	0.117647	51	0.00866975	TRUE	NA	NA	NA	NA	NA	NA
NC_045512.2	20613	T	G	37	22	27	3	3	28	0.06	50	0.0869994	FALSE	NA	NA	NA	NA	NA	NA
NC_045512.2	20613	T	C	37	22	27	2	2	26	0.04	50	0.193574	FALSE	NA	NA	NA	NA	NA	NA
NC_045512.2	20613	T	A	37	22	27	8	8	25	0.16	50	0.00193642	TRUE	NA	NA	NA	NA	NA	NA
NC_045512.2	20614	T	G	36	25	26	1	1	28	0.0212766	47	0.445783	FALSE	NA	NA	NA	NA	NA	NA
NC_045512.2	20614	T	C	36	25	26	2	2	32	0.0425532	47	0.201664	FALSE	NA	NA	NA	NA	NA	NA
NC_045512.2	20614	T	A	36	25	26	8	8	27	0.170213	47	0.00228641	TRUE	NA	NA	NA	NA	NA	NA
NC_045512.2	20615	G	T	37	22	25	10	10	24	0.204082	49	0.00051243	TRUE	NA	NA	NA	NA	NA	NA
NC_045512.2	20615	G	C	37	22	25	2	2	28	0.0408163	49	0.198075	FALSE	NA	NA	NA	NA	NA	NA
NC_045512.2	20616	G	T	30	15	25	7	7	28	0.134615	52	0.00162176	TRUE	NA	NA	NA	NA	NA	NA
NC_045512.2	20616	G	C	30	15	25	3	3	25	0.0576923	52	0.0572604	FALSE	NA	NA	NA	NA	NA	NA
NC_045512.2	20616	G	A	30	15	25	12	12	23	0.230769	52	2.6545e-05	TRUE	NA	NA	NA	NA	NA	NA
NC_045512.2	20616	G	-T	30	15	25	1	0	20	0.0192308	52	0.378049	FALSE	NA	NA	NA	NA	NA	NA
NC_045512.2	20617	T	C	38	23	27	2	2	30	0.0392157	51	0.194757	FALSE	NA	NA	NA	NA	NA	NA
NC_045512.2	20617	T	A	38	23	27	11	11	27	0.215686	51	0.000231145	TRUE	NA	NA	NA	NA	NA	NA
NC_045512.2	20618	G	T	33	18	27	4	4	27	0.0784314	51	0.0296712	FALSE	NA	NA	NA	NA	NA	NA
NC_045512.2	20618	G	C	33	18	27	4	4	27	0.0784314	51	0.0296712	FALSE	NA	NA	NA	NA	NA	NA
NC_045512.2	20618	G	A	33	18	27	10	10	27	0.196078	51	0.000237311	TRUE	NA	NA	NA	NA	NA	NA
NC_045512.2	20619	T	G	37	23	27	5	5	25	0.0980392	51	0.017298	FALSE	NA	NA	NA	NA	NA	NA
NC_045512.2	20619	T	A	37	23	27	9	9	26	0.176471	51	0.000849734	TRUE	NA	NA	NA	NA	NA	NA
NC_045512.2	20620	A	T	34	20	25	10	10	25	0.212766	47	0.000433737	TRUE	NA	NA	NA	NA	NA	NA
NC_045512.2	20620	A	G	34	20	25	2	2	25	0.0425532	47	0.189702	FALSE	NA	NA	NA	NA	NA	NA
NC_045512.2	20620	A	C	34	20	25	1	1	23	0.0212766	47	0.432099	FALSE	NA	NA	NA	NA	NA	NA
NC_045512.2	20621	A	T	36	22	28	9	9	27	0.176471	51	0.000754186	TRUE	NA	NA	NA	NA	NA	NA
NC_045512.2	20621	A	G	36	22	28	3	3	25	0.0588235	51	0.0804744	FALSE	NA	NA	NA	NA	NA	NA
NC_045512.2	20621	A	C	36	22	28	3	3	24	0.0588235	51	0.0804744	FALSE	NA	NA	NA	NA	NA	NA
NC_045512.2	20622	A	T	28	16	25	12	12	25	0.244898	49	2.72036e-05	TRUE	NA	NA	NA	NA	NA	NA
NC_045512.2	20622	A	G	28	16	25	5	5	27	0.102041	49	0.00926312	TRUE	NA	NA	NA	NA	NA	NA
NC_045512.2	20622	A	C	28	16	25	4	4	30	0.0816327	49	0.0227368	FALSE	NA	NA	NA	NA	NA	NA
NC_045512.2	20623	G	T	30	16	27	6	6	25	0.12766	47	0.00556255	TRUE	NA	NA	NA	NA	NA	NA
NC_045512.2	20623	G	C	30	16	27	2	2	29	0.0425532	47	0.165168	FALSE	NA	NA	NA	NA	NA	NA
NC_045512.2	20623	G	A	30	16	27	9	9	25	0.191489	47	0.000514692	TRUE	NA	NA	NA	NA	NA	NA
NC_045512.2	20624	A	T	38	25	26	6	6	27	0.122449	49	0.00989954	TRUE	NA	NA	NA	NA	NA	NA
NC_045512.2	20624	A	G	38	25	26	3	3	24	0.0612245	49	0.0938678	FALSE	NA	NA	NA	NA	NA	NA
NC_045512.2	20624	A	C	38	25	26	2	2	30	0.0408163	49	0.203762	FALSE	NA	NA	NA	NA	NA	NA
NC_045512.2	20625	T	G	33	20	26	3	3	28	0.0612245	49	0.0749339	FALSE	NA	NA	NA	NA	NA	NA
NC_045512.2	20625	T	C	33	20	26	2	2	27	0.0408163	49	0.174846	FALSE	NA	NA	NA	NA	NA	NA
NC_045512.2	20625	T	A	33	20	26	11	11	26	0.22449	49	0.000142679	TRUE	NA	NA	NA	NA	NA	NA
NC_045512.2	20626	G	T	27	14	25	5	5	26	0.113636	44	0.0116676	FALSE	NA	NA	NA	NA	NA	NA
NC_045512.2	20626	G	C	27	14	25	3	3	27	0.0681818	44	0.0652775	FALSE	NA	NA	NA	NA	NA	NA
NC_045512.2	20626	G	A	27	14	25	9	9	27	0.204545	44	0.000457425	TRUE	NA	NA	NA	NA	NA	NA
NC_045512.2	20627	G	T	28	15	26	11	11	24	0.22449	49	5.98479e-05	TRUE	NA	NA	NA	NA	NA	NA
NC_045512.2	20627	G	A	28	15	26	10	10	25	0.204082	49	0.000133507	TRUE	NA	NA	NA	NA	NA	NA
NC_045512.2	20628	C	T	32	19	26	9	9	26	0.183673	49	0.000551178	TRUE	NA	NA	NA	NA	NA	NA
NC_045512.2	20628	C	G	32	19	26	1	1	28	0.0204082	49	0.407407	FALSE	NA	NA	NA	NA	NA	NA
NC_045512.2	20628	C	A	32	19	26	7	7	27	0.142857	49	0.00263221	TRUE	NA	NA	NA	NA	NA	NA
NC_045512.2	20629	C	T	32	19	27	9	9	28	0.183673	49	0.000551178	TRUE	NA	NA	NA	NA	NA	NA
NC_045512.2	20629	C	G	32	19	27	2	2	28	0.0408163	49	0.168925	FALSE	NA	NA	NA	NA	NA	NA
NC_045512.2	20629	C	A	32	19	27	6	6	24	0.122449	49	0.00587185	TRUE	NA	NA	NA	NA	NA	NA
NC_045512.2	20630	A	T	34	21	27	4	4	27	0.0816327	49	0.0347601	FALSE	NA	NA	NA	NA	NA	NA
NC_045512.2	20630	A	G	34	21	27	6	6	25	0.122449	49	0.00708278	TRUE	NA	NA	NA	NA	NA	NA
NC_045512.2	20630	A	C	34	21	27	5	5	27	0.102041	49	0.0155821	FALSE	NA	NA	NA	NA	NA	NA
NC_045512.2	20631	T	G	34	21	27	4	4	27	0.0816327	49	0.0347601	FALSE	NA	NA	NA	NA	NA	NA
NC_045512.2	20631	T	C	34	21	27	1	1	23	0.0204082	49	0.421687	FALSE	NA	NA	NA	NA	NA	NA
NC_045512.2	20631	T	A	34	21	27	10	10	26	0.204082	49	0.000344109	TRUE	NA	NA	NA	NA	NA	NA
NC_045512.2	20632	G	T	29	16	28	6	6	27	0.122449	49	0.00430036	TRUE	NA	NA	NA	NA	NA	NA
NC_045512.2	20632	G	C	29	16	28	4	4	25	0.0816327	49	0.0245952	FALSE	NA	NA	NA	NA	NA	NA
NC_045512.2	20632	G	A	29	16	28	10	10	26	0.204082	49	0.000158907	TRUE	NA	NA	NA	NA	NA	NA
NC_045512.2	20633	T	G	32	19	28	7	7	27	0.14	50	0.00242283	TRUE	NA	NA	NA	NA	NA	NA
NC_045512.2	20633	T	C	32	19	28	6	6	27	0.12	50	0.0054669	TRUE	NA	NA	NA	NA	NA	NA
NC_045512.2	20633	T	A	32	19	28	5	5	27	0.1	50	0.0125163	FALSE	NA	NA	NA	NA	NA	NA
NC_045512.2	20634	A	T	35	22	27	9	9	26	0.18	50	0.00073706	TRUE	NA	NA	NA	NA	NA	NA
NC_045512.2	20634	A	G	35	22	27	3	3	26	0.06	50	0.0795887	FALSE	NA	NA	NA	NA	NA	NA
NC_045512.2	20634	A	C	35	22	27	3	3	27	0.06	50	0.0795887	FALSE	NA	NA	NA	NA	NA	NA
NC_045512.2	20635	G	T	30	17	27	10	10	25	0.204082	49	0.000187799	TRUE	NA	NA	NA	NA	NA	NA
NC_045512.2	20635	G	C	30	17	27	2	2	23	0.0408163	49	0.156962	FALSE	NA	NA	NA	NA	NA	NA
NC_045512.2	20635	G	A	30	17	27	7	7	25	0.142857	49	0.00208586	TRUE	NA	NA	NA	NA	NA	NA
NC_045512.2	20636	A	T	31	18	26	12	12	27	0.25	48	5.60015e-05	TRUE	NA	NA	NA	NA	NA	NA
NC_045512.2	20636	A	G	31	18	26	2	2	27	0.0416667	48	0.167089	FALSE	NA	NA	NA	NA	NA	NA
NC_045512.2	20636	A	C	31	18	26	3	3	29	0.0625	48	0.070136	FALSE	NA	NA	NA	NA	NA	NA
NC_045512.2	20637	A	T	33	21	28	8	8	27	0.16	50	0.00123263	TRUE	NA	NA	NA	NA	NA	NA
NC_045512.2	20637	A	G	33	21	28	5	4	28	0.1	50	0.0135844	FALSE	NA	NA	NA	NA	NA	NA
NC_045512.2	20637	A	C	33	21	28	4	4	25	0.08	50	0.0311011	FALSE	NA	NA	NA	NA	NA	NA
NC_045512.2	20638	A	T	35	23	25	5	5	26	0.104167	48	0.0178081	FALSE	NA	NA	NA	NA	NA	NA
NC_045512.2	20638	A	G	35	23	25	6	6	26	0.125	48	0.00829697	TRUE	NA	NA	NA	NA	NA	NA
NC_045512.2	20638	A	C	35	23	25	2	2	27	0.0416667	48	0.19105	FALSE	NA	NA	NA	NA	NA	NA
NC_045512.2	20639	C	T	29	16	26	10	10	25	0.204082	49	0.000158907	TRUE	NA	NA	NA	NA	NA	NA
NC_045512.2	20639	C	G	29	16	26	3	3	26	0.0612245	49	0.06037	FALSE	NA	NA	NA	NA	NA	NA
NC_045512.2	20639	C	A	29	16	26	7	7	26	0.142857	49	0.00184301	TRUE	NA	NA	NA	NA	NA	NA
NC_045512.2	20640	A	T	32	19	26	10	10	26	0.204082	49	0.000257216	TRUE	NA	NA	NA	NA	NA	NA
NC_045512.2	20640	A	G	32	19	26	2	2	29	0.0408163	49	0.168925	FALSE	NA	NA	NA	NA	NA	NA
NC_045512.2	20640	A	C	32	19	26	5	5	28	0.102041	49	0.0132889	FALSE	NA	NA	NA	NA	NA	NA
NC_045512.2	20640	A	+T	32	19	26	1	0	20	0.0204082	49	0.407407	FALSE	NA	NA	NA	NA	NA	NA
NC_045512.2	20641	T	G	29	17	25	4	4	23	0.0952381	42	0.0355632	FALSE	NA	NA	NA	NA	NA	NA
NC_045512.2	20641	T	C	29	17	25	3	3	28	0.0714286	42	0.0797479	FALSE	NA	NA	NA	NA	NA	NA
NC_045512.2	20641	T	A	29	17	25	6	6	26	0.142857	42	0.00742461	TRUE	NA	NA	NA	NA	NA	NA
NC_045512.2	20642	T	G	32	20	28	10	10	27	0.208333	48	0.000289368	TRUE	NA	NA	NA	NA	NA	NA
NC_045512.2	20642	T	C	32	20	28	3	3	25	0.0625	48	0.0739047	FALSE	NA	NA	NA	NA	NA	NA
NC_045512.2	20642	T	A	32	20	28	3	3	28	0.0625	48	0.0739047	FALSE	NA	NA	NA	NA	NA	NA
NC_045512.2	20643	T	C	39	27	28	4	4	27	0.0816327	49	0.0461748	FALSE	NA	NA	NA	NA	NA	NA
NC_045512.2	20643	T	A	39	27	28	6	6	27	0.122449	49	0.0106856	FALSE	NA	NA	NA	NA	NA	NA
NC_045512.2	20644	T	C	35	24	25	5	5	28	0.106383	47	0.018894	FALSE	NA	NA	NA	NA	NA	NA
NC_045512.2	20644	T	A	35	24	25	7	7	26	0.148936	47	0.00424967	TRUE	NA	NA	NA	NA	NA	NA
NC_045512.2	20645	A	T	41	24	27	2	2	27	0.037037	54	0.198026	FALSE	NA	NA	NA	NA	NA	NA
NC_045512.2	20645	A	G	41	24	27	10	10	26	0.185185	54	0.000489549	TRUE	NA	NA	NA	NA	NA	NA
NC_045512.2	20645	A	C	41	24	27	1	1	28	0.0185185	54	0.442105	FALSE	NA	NA	NA	NA	NA	NA
NC_045512.2	20646	C	T	32	15	25	12	12	26	0.235294	51	4.4165e-05	TRUE	NA	NA	NA	NA	NA	NA
NC_045512.2	20646	C	G	32	15	25	5	5	27	0.0980392	51	0.011797	FALSE	NA	NA	NA	NA	NA	NA
NC_045512.2	20646	C	A	32	15	25	2	2	29	0.0392157	51	0.160929	FALSE	NA	NA	NA	NA	NA	NA
NC_045512.2	20647	C	T	35	18	29	8	8	26	0.148148	54	0.00109357	TRUE	NA	NA	NA	NA	NA	NA
NC_045512.2	20647	C	G	35	18	29	5	5	27	0.0925926	54	0.012661	FALSE	NA	NA	NA	NA	NA	NA
NC_045512.2	20647	C	A	35	18	29	6	6	26	0.111111	54	0.00552235	TRUE	NA	NA	NA	NA	NA	NA
NC_045512.2	20648	C	T	28	16	25	12	12	27	0.25	48	3.14989e-05	TRUE	NA	NA	NA	NA	NA	NA
NC_045512.2	20648	C	G	28	16	25	4	4	28	0.0833333	48	0.0239334	FALSE	NA	NA	NA	NA	NA	NA
NC_045512.2	20648	C	A	28	16	25	4	4	25	0.0833333	48	0.0239334	FALSE	NA	NA	NA	NA	NA	NA
NC_045512.2	20649	A	T	35	19	25	5	5	25	0.102041	49	0.0167963	FALSE	NA	NA	NA	NA	NA	NA
NC_045512.2	20649	A	G	35	19	25	4	4	28	0.0816327	49	0.0369519	FALSE	NA	NA	NA	NA	NA	NA
NC_045512.2	20649	A	C	35	19	25	5	5	26	0.102041	49	0.0167963	FALSE	NA	NA	NA	NA	NA	NA
NC_045512.2	20650	A	T	34	18	28	10	10	27	0.196078	51	0.000274437	TRUE	NA	NA	NA	NA	NA	NA
NC_045512.2	20650	A	G	34	18	28	7	7	26	0.137255	51	0.00277761	TRUE	NA	NA	NA	NA	NA	NA
NC_045512.2	20651	A	T	42	26	27	6	6	24	0.113208	53	0.0102944	FALSE	NA	NA	NA	NA	NA	NA
NC_045512.2	20651	A	G	42	26	27	4	4	27	0.0754717	53	0.0451751	FALSE	NA	NA	NA	NA	NA	NA
NC_045512.2	20651	A	C	42	26	27	1	1	28	0.0188679	53	0.452632	FALSE	NA	NA	NA	NA	NA	NA
NC_045512.2	20652	A	T	28	22	26	8	8	26	0.190476	42	0.00143809	TRUE	NA	NA	NA	NA	NA	NA
NC_045512.2	20652	A	G	28	22	26	2	2	27	0.047619	42	0.17505	FALSE	NA	NA	NA	NA	NA	NA
NC_045512.2	20652	A	C	28	22	26	4	4	26	0.0952381	42	0.0330384	FALSE	NA	NA	NA	NA	NA	NA
NC_045512.2	20653	T	G	34	19	25	7	7	25	0.14	50	0.00300908	TRUE	NA	NA	NA	NA	NA	NA
NC_045512.2	20653	T	C	34	19	25	2	2	22	0.04	50	0.176471	FALSE	NA	NA	NA	NA	NA	NA
NC_045512.2	20653	T	A	34	19	25	7	7	26	0.14	50	0.00300908	TRUE	NA	NA	NA	NA	NA	NA
NC_045512.2	20654	T	G	34	20	25	6	6	25	0.117647	51	0.00616494	TRUE	NA	NA	NA	NA	NA	NA
NC_045512.2	20654	T	C	34	20	25	3	3	28	0.0588235	51	0.0733053	FALSE	NA	NA	NA	NA	NA	NA
NC_045512.2	20654	T	A	34	20	25	8	8	26	0.156863	51	0.00126804	TRUE	NA	NA	NA	NA	NA	NA
NC_045512.2	20655	A	T	36	21	26	8	8	25	0.170213	47	0.00228641	TRUE	NA	NA	NA	NA	NA	NA
NC_045512.2	20655	A	G	36	21	26	1	1	23	0.0212766	47	0.445783	FALSE	NA	NA	NA	NA	NA	NA
NC_045512.2	20655	A	C	36	21	26	2	2	26	0.0425532	47	0.201664	FALSE	NA	NA	NA	NA	NA	NA
NC_045512.2	20656	C	T	31	16	26	11	11	25	0.22	50	9.04497e-05	TRUE	NA	NA	NA	NA	NA	NA
NC_045512.2	20656	C	G	31	16	26	3	3	24	0.06	50	0.0651277	FALSE	NA	NA	NA	NA	NA	NA
NC_045512.2	20656	C	A	31	16	26	5	5	24	0.1	50	0.0114931	FALSE	NA	NA	NA	NA	NA	NA
NC_045512.2	20657	A	T	32	17	25	9	9	26	0.18	50	0.00049606	TRUE	NA	NA	NA	NA	NA	NA
NC_045512.2	20657	A	G	32	17	25	8	8	25	0.16	50	0.00108891	TRUE	NA	NA	NA	NA	NA	NA
NC_045512.2	20657	A	C	32	17	25	1	1	20	0.02	50	0.402439	FALSE	NA	NA	NA	NA	NA	NA
NC_045512.2	20658	A	T	35	21	25	10	10	26	0.196078	51	0.000315706	TRUE	NA	NA	NA	NA	NA	NA
NC_045512.2	20658	A	G	35	21	25	4	4	25	0.0784314	51	0.033687	FALSE	NA	NA	NA	NA	NA	NA
NC_045512.2	20658	A	C	35	21	25	2	2	24	0.0392157	51	0.178027	FALSE	NA	NA	NA	NA	NA	NA
NC_045512.2	20659	T	G	37	22	27	1	1	29	0.0196078	51	0.431818	FALSE	NA	NA	NA	NA	NA	NA
NC_045512.2	20659	T	C	37	22	27	6	6	27	0.117647	51	0.00799802	TRUE	NA	NA	NA	NA	NA	NA
NC_045512.2	20659	T	A	37	22	27	7	7	27	0.137255	51	0.00374375	TRUE	NA	NA	NA	NA	NA	NA
NC_045512.2	20660	C	T	30	16	28	8	7	28	0.16	50	0.000836908	TRUE	NA	NA	NA	NA	NA	NA
NC_045512.2	20660	C	G	30	16	28	5	5	25	0.1	50	0.0105154	FALSE	NA	NA	NA	NA	NA	NA
NC_045512.2	20660	C	A	30	16	28	7	7	24	0.14	50	0.00191608	TRUE	NA	NA	NA	NA	NA	NA
NC_045512.2	20661	T	G	35	20	27	5	5	25	0.0961538	52	0.0141494	FALSE	NA	NA	NA	NA	NA	NA
NC_045512.2	20661	T	C	35	20	27	4	4	22	0.0769231	52	0.0321898	FALSE	NA	NA	NA	NA	NA	NA
NC_045512.2	20661	T	A	35	20	27	8	8	27	0.153846	52	0.00130269	TRUE	NA	NA	NA	NA	NA	NA
NC_045512.2	20662	A	T	36	21	26	6	6	25	0.117647	51	0.00735664	TRUE	NA	NA	NA	NA	NA	NA
NC_045512.2	20662	A	G	36	21	26	3	3	28	0.0588235	51	0.0804744	FALSE	NA	NA	NA	NA	NA	NA
NC_045512.2	20662	A	C	36	21	26	6	6	27	0.117647	51	0.00735664	TRUE	NA	NA	NA	NA	NA	NA
NC_045512.2	20663	G	T	34	19	26	10	10	26	0.192308	52	0.000245549	TRUE	NA	NA	NA	NA	NA	NA
NC_045512.2	20663	G	C	34	19	26	6	6	27	0.115385	52	0.00575846	TRUE	NA	NA	NA	NA	NA	NA
NC_045512.2	20663	G	A	34	19	26	2	2	24	0.0384615	52	0.168404	FALSE	NA	NA	NA	NA	NA	NA
NC_045512.2	20664	T	G	39	24	27	4	4	25	0.0784314	51	0.0422675	FALSE	NA	NA	NA	NA	NA	NA
NC_045512.2	20664	T	C	39	24	27	2	2	28	0.0392157	51	0.200244	FALSE	NA	NA	NA	NA	NA	NA
NC_045512.2	20664	T	A	39	24	27	6	6	26	0.117647	51	0.00937175	TRUE	NA	NA	NA	NA	NA	NA
NC_045512.2	20665	C	T	31	16	27	6	6	28	0.115385	52	0.00428981	TRUE	NA	NA	NA	NA	NA	NA
NC_045512.2	20665	C	G	31	16	27	7	7	27	0.134615	52	0.00183161	TRUE	NA	NA	NA	NA	NA	NA
NC_045512.2	20665	C	A	31	16	27	8	8	29	0.153846	52	0.000793696	TRUE	NA	NA	NA	NA	NA	NA
NC_045512.2	20666	A	T	39	24	26	3	3	25	0.0576923	52	0.0884669	FALSE	NA	NA	NA	NA	NA	NA
NC_045512.2	20666	A	G	39	24	26	6	6	26	0.115385	52	0.00878601	TRUE	NA	NA	NA	NA	NA	NA
NC_045512.2	20666	A	C	39	24	26	4	4	29	0.0769231	52	0.0404689	FALSE	NA	NA	NA	NA	NA	NA
NC_045512.2	20667	A	T	35	20	25	5	5	27	0.0961538	52	0.0141494	FALSE	NA	NA	NA	NA	NA	NA
NC_045512.2	20667	A	G	35	20	25	4	4	26	0.0769231	52	0.0321898	FALSE	NA	NA	NA	NA	NA	NA
NC_045512.2	20667	A	C	35	20	25	8	8	27	0.153846	52	0.00130269	TRUE	NA	NA	NA	NA	NA	NA
NC_045512.2	20668	G	T	32	17	27	12	12	26	0.235294	51	4.4165e-05	TRUE	NA	NA	NA	NA	NA	NA
NC_045512.2	20668	G	C	32	17	27	1	1	26	0.0196078	51	0.39759	FALSE	NA	NA	NA	NA	NA	NA
NC_045512.2	20668	G	A	32	17	27	6	6	27	0.117647	51	0.00509415	TRUE	NA	NA	NA	NA	NA	NA
NC_045512.2	20669	C	T	29	14	27	6	6	28	0.117647	51	0.00371132	TRUE	NA	NA	NA	NA	NA	NA
NC_045512.2	20669	C	G	29	14	27	3	3	27	0.0588235	51	0.0560072	FALSE	NA	NA	NA	NA	NA	NA
NC_045512.2	20669	C	A	29	14	27	13	13	28	0.254902	51	1.14291e-05	TRUE	NA	NA	NA	NA	NA	NA
NC_045512.2	20670	G	T	34	19	27	9	9	25	0.176471	51	0.000586298	TRUE	NA	NA	NA	NA	NA	NA
NC_045512.2	20670	G	C	34	19	27	1	1	27	0.0196078	51	0.411765	FALSE	NA	NA	NA	NA	NA	NA
NC_045512.2	20670	G	A	34	19	27	7	7	27	0.137255	51	0.00277761	TRUE	NA	NA	NA	NA	NA	NA
NC_045512.2	20671	T	C	39	24	27	4	4	26	0.0769231	52	0.0404689	FALSE	NA	NA	NA	NA	NA	NA
NC_045512.2	20671	T	A	39	24	27	9	9	26	0.173077	52	0.000968848	TRUE	NA	NA	NA	NA	NA	NA
NC_045512.2	20672	G	T	36	21	25	4	4	25	0.08	50	0.03743	FALSE	NA	NA	NA	NA	NA	NA
NC_045512.2	20672	G	C	36	21	25	1	1	29	0.02	50	0.430233	FALSE	NA	NA	NA	NA	NA	NA
NC_045512.2	20672	G	A	36	21	25	9	9	25	0.18	50	0.000833113	TRUE	NA	NA	NA	NA	NA	NA
NC_045512.2	20673	G	T	27	16	23	5	5	25	0.106383	47	0.00953887	TRUE	NA	NA	NA	NA	NA	NA
NC_045512.2	20673	G	C	27	16	23	2	2	27	0.0425532	47	0.146306	FALSE	NA	NA	NA	NA	NA	NA
NC_045512.2	20673	G	A	27	16	23	13	13	27	0.276596	47	1.38255e-05	TRUE	NA	NA	NA	NA	NA	NA
NC_045512.2	20674	C	T	34	20	26	6	6	26	0.125	48	0.00760103	TRUE	NA	NA	NA	NA	NA	NA
NC_045512.2	20674	C	G	34	20	26	3	3	26	0.0625	48	0.0815457	FALSE	NA	NA	NA	NA	NA	NA
NC_045512.2	20674	C	A	34	20	26	5	5	25	0.104167	48	0.0165322	FALSE	NA	NA	NA	NA	NA	NA
NC_045512.2	20675	A	T	27	13	26	10	10	26	0.232558	43	0.000241782	TRUE	NA	NA	NA	NA	NA	NA
NC_045512.2	20675	A	G	27	13	26	3	3	27	0.0697674	43	0.0680751	FALSE	NA	NA	NA	NA	NA	NA
NC_045512.2	20675	A	C	27	13	26	3	3	27	0.0697674	43	0.0680751	FALSE	NA	NA	NA	NA	NA	NA
NC_045512.2	20676	A	T	38	24	25	6	6	27	0.12766	47	0.0113378	FALSE	NA	NA	NA	NA	NA	NA
NC_045512.2	20676	A	G	38	24	25	1	1	27	0.0212766	47	0.458824	FALSE	NA	NA	NA	NA	NA	NA
NC_045512.2	20676	A	C	38	24	25	2	2	24	0.0425532	47	0.213406	FALSE	NA	NA	NA	NA	NA	NA
NC_045512.2	20677	C	T	26	12	25	11	11	26	0.23913	46	6.10597e-05	TRUE	NA	NA	NA	NA	NA	NA
NC_045512.2	20677	C	G	26	12	25	3	3	26	0.0652174	46	0.056368	FALSE	NA	NA	NA	NA	NA	NA
NC_045512.2	20677	C	A	26	12	25	6	6	27	0.130435	46	0.00382208	TRUE	NA	NA	NA	NA	NA	NA
NC_045512.2	20678	C	T	28	15	25	7	7	27	0.148936	47	0.00193388	TRUE	NA	NA	NA	NA	NA	NA
NC_045512.2	20678	C	G	28	15	25	5	5	28	0.106383	47	0.0105307	FALSE	NA	NA	NA	NA	NA	NA
NC_045512.2	20678	C	A	28	15	25	7	7	28	0.148936	47	0.00193388	TRUE	NA	NA	NA	NA	NA	NA
NC_045512.2	20679	G	T	26	13	26	10	10	26	0.227273	44	0.000176435	TRUE	NA	NA	NA	NA	NA	NA
NC_045512.2	20679	G	C	26	13	26	7	7	26	0.159091	44	0.00195411	TRUE	NA	NA	NA	NA	NA	NA
NC_045512.2	20679	G	A	26	13	26	1	1	27	0.0227273	44	0.385714	FALSE	NA	NA	NA	NA	NA	NA
NC_045512.2	20680	G	T	28	15	29	5	5	26	0.106383	47	0.0105307	FALSE	NA	NA	NA	NA	NA	NA
NC_045512.2	20680	G	C	28	15	29	5	5	27	0.106383	47	0.0105307	FALSE	NA	NA	NA	NA	NA	NA
NC_045512.2	20680	G	A	28	15	29	9	9	28	0.191489	47	0.000378479	TRUE	NA	NA	NA	NA	NA	NA
NC_045512.2	20681	G	T	31	19	26	3	3	27	0.0652174	46	0.0756712	FALSE	NA	NA	NA	NA	NA	NA
NC_045512.2	20681	G	C	31	19	26	5	5	27	0.108696	46	0.0147138	FALSE	NA	NA	NA	NA	NA	NA
NC_045512.2	20681	G	A	31	19	26	7	7	25	0.152174	46	0.00303962	TRUE	NA	NA	NA	NA	NA	NA
NC_045512.2	20681	G	-T	31	19	26	3	0	20	0.0652174	46	0.0756712	FALSE	NA	NA	NA	NA	NA	NA
NC_045512.2	20682	T	G	27	15	28	2	2	27	0.047619	42	0.158842	FALSE	NA	NA	NA	NA	NA	NA
NC_045512.2	20682	T	C	27	15	28	4	4	27	0.0952381	42	0.027346	FALSE	NA	NA	NA	NA	NA	NA
NC_045512.2	20682	T	A	27	15	28	9	9	25	0.214286	42	0.000457425	TRUE	NA	NA	NA	NA	NA	NA
NC_045512.2	20683	G	T	29	17	28	6	6	27	0.130435	46	0.00540153	TRUE	NA	NA	NA	NA	NA	NA
NC_045512.2	20683	G	C	29	17	28	4	4	29	0.0869565	46	0.0286871	FALSE	NA	NA	NA	NA	NA	NA
NC_045512.2	20683	G	A	29	17	28	7	7	29	0.152174	46	0.00240068	TRUE	NA	NA	NA	NA	NA	NA
NC_045512.2	20684	T	G	32	19	25	2	2	28	0.0425532	47	0.177532	FALSE	NA	NA	NA	NA	NA	NA
NC_045512.2	20684	T	C	32	19	25	4	4	27	0.0851064	47	0.0336781	FALSE	NA	NA	NA	NA	NA	NA
NC_045512.2	20684	T	A	32	19	25	9	9	26	0.191489	47	0.000683042	TRUE	NA	NA	NA	NA	NA	NA
NC_045512.2	20685	T	G	31	19	25	5	5	24	0.108696	46	0.0147138	FALSE	NA	NA	NA	NA	NA	NA
NC_045512.2	20685	T	C	31	19	25	1	0	26	0.0217391	46	0.415584	FALSE	NA	NA	NA	NA	NA	NA
NC_045512.2	20685	T	A	31	19	25	9	9	25	0.195652	46	0.000664119	TRUE	NA	NA	NA	NA	NA	NA
NC_045512.2	20686	G	T	30	17	27	9	9	27	0.195652	46	0.000575642	TRUE	NA	NA	NA	NA	NA	NA
NC_045512.2	20686	G	C	30	17	27	2	2	28	0.0434783	46	0.169515	FALSE	NA	NA	NA	NA	NA	NA
NC_045512.2	20686	G	A	30	17	27	5	5	26	0.108696	46	0.0135038	FALSE	NA	NA	NA	NA	NA	NA
NC_045512.2	20687	C	T	26	13	27	7	7	26	0.148936	47	0.00147375	TRUE	NA	NA	NA	NA	NA	NA
NC_045512.2	20687	C	G	26	13	27	6	6	25	0.12766	47	0.00352808	TRUE	NA	NA	NA	NA	NA	NA
NC_045512.2	20687	C	A	26	13	27	8	8	27	0.170213	47	0.000626345	TRUE	NA	NA	NA	NA	NA	NA
NC_045512.2	20688	T	G	29	16	26	6	6	23	0.12766	47	0.00500141	TRUE	NA	NA	NA	NA	NA	NA
NC_045512.2	20688	T	C	29	16	26	7	7	25	0.148936	47	0.00219574	TRUE	NA	NA	NA	NA	NA	NA
NC_045512.2	20688	T	A	29	16	26	5	5	26	0.106383	47	0.0115747	FALSE	NA	NA	NA	NA	NA	NA
NC_045512.2	20689	A	T	7	1	27	3	3	26	0.272727	11	0.105263	FALSE	NA	NA	NA	NA	NA	NA
NC_045512.2	20689	A	G	7	1	27	1	1	29	0.0909091	11	0.444444	FALSE	NA	NA	NA	NA	NA	NA
NC_045512.2	20690	T	G	6	1	28	2	2	27	0.25	8	0.266667	FALSE	NA	NA	NA	NA	NA	NA
NC_045512.2	20691	G	T	5	0	27	2	2	28	0.285714	7	0.269231	FALSE	NA	NA	NA	NA	NA	NA
NC_045512.2	20693	C	A	5	0	23	2	2	25	0.285714	7	0.269231	FALSE	NA	NA	NA	NA	NA	NA
NC_045512.2	20694	T	A	6	1	26	1	1	34	0.142857	7	0.538462	FALSE	NA	NA	NA	NA	NA	NA
NC_045512.2	20695	A	T	6	1	27	1	1	27	0.142857	7	0.538462	FALSE	NA	NA	NA	NA	NA	NA
NC_045512.2	20696	A	T	5	0	22	1	1	27	0.142857	7	0.5	FALSE	NA	NA	NA	NA	NA	NA
NC_045512.2	20696	A	G	5	0	22	1	1	28	0.142857	7	0.5	FALSE	NA	NA	NA	NA	NA	NA
NC_045512.2	20697	T	A	6	1	27	1	1	27	0.142857	7	0.538462	FALSE	NA	NA	NA	NA	NA	NA
NC_045512.2	20698	C	T	5	0	26	1	1	27	0.142857	7	0.5	FALSE	NA	NA	NA	NA	NA	NA
NC_045512.2	20698	C	G	5	0	26	1	1	29	0.142857	7	0.5	FALSE	NA	NA	NA	NA	NA	NA
NC_045512.2	20699	T	G	5	0	25	1	1	28	0.142857	7	0.5	FALSE	NA	NA	NA	NA	NA	NA
NC_045512.2	20699	T	A	5	0	25	1	1	28	0.142857	7	0.5	FALSE	NA	NA	NA	NA	NA	NA
NC_045512.2	20700	T	C	5	0	28	2	2	25	0.285714	7	0.269231	FALSE	NA	NA	NA	NA	NA	NA
NC_045512.2	20702	A	T	6	1	25	1	1	23	0.142857	7	0.538462	FALSE	NA	NA	NA	NA	NA	NA
NC_045512.2	20703	C	T	5	0	27	2	2	24	0.285714	7	0.269231	FALSE	NA	NA	NA	NA	NA	NA
NC_045512.2	20704	A	T	5	0	26	1	1	29	0.166667	6	0.545455	FALSE	NA	NA	NA	NA	NA	NA
NC_045512.2	20705	A	G	5	0	27	2	2	29	0.285714	7	0.269231	FALSE	NA	NA	NA	NA	NA	NA
NC_045512.2	20706	A	T	6	1	27	1	1	27	0.142857	7	0.538462	FALSE	NA	NA	NA	NA	NA	NA
NC_045512.2	20707	A	G	1	0	22	1	1	28	0.333333	3	0.5	FALSE	NA	NA	NA	NA	NA	NA
NC_045512.2	20707	A	C	1	0	22	1	1	28	0.333333	3	0.5	FALSE	NA	NA	NA	NA	NA	NA
NC_045512.2	20709	G	A	5	0	25	2	2	25	0.285714	7	0.269231	FALSE	NA	NA	NA	NA	NA	NA
NC_045512.2	20710	C	T	5	0	24	1	1	29	0.142857	7	0.5	FALSE	NA	NA	NA	NA	NA	NA
NC_045512.2	20710	C	A	5	0	24	1	1	27	0.142857	7	0.5	FALSE	NA	NA	NA	NA	NA	NA
NC_045512.2	20712	A	G	5	0	25	1	1	26	0.142857	7	0.5	FALSE	NA	NA	NA	NA	NA	NA
NC_045512.2	20712	A	C	5	0	25	1	1	27	0.142857	7	0.5	FALSE	NA	NA	NA	NA	NA	NA
NC_045512.2	20714	G	T	6	1	24	1	1	28	0.142857	7	0.538462	FALSE	NA	NA	NA	NA	NA	NA
NC_045512.2	20714	G	+A	6	1	24	1	0	20	0.142857	7	0.538462	FALSE	NA	NA	NA	NA	NA	NA
NC_045512.2	20715	A	G	6	1	26	1	1	24	0.142857	7	0.538462	FALSE	NA	NA	NA	NA	NA	NA
NC_045512.2	20716	A	G	4	1	25	1	1	27	0.2	5	0.555556	FALSE	NA	NA	NA	NA	NA	NA
NC_045512.2	20717	T	C	5	0	26	1	1	23	0.142857	7	0.5	FALSE	NA	NA	NA	NA	NA	NA
NC_045512.2	20717	T	A	5	0	26	1	1	27	0.142857	7	0.5	FALSE	NA	NA	NA	NA	NA	NA
NC_045512.2	20718	G	T	5	0	27	1	1	20	0.142857	7	0.5	FALSE	NA	NA	NA	NA	NA	NA
NC_045512.2	20718	G	C	5	0	27	1	1	27	0.142857	7	0.5	FALSE	NA	NA	NA	NA	NA	NA
NC_045512.2	20719	C	T	5	0	27	1	1	26	0.142857	7	0.5	FALSE	NA	NA	NA	NA	NA	NA
NC_045512.2	20719	C	A	5	0	27	1	1	27	0.142857	7	0.5	FALSE	NA	NA	NA	NA	NA	NA
NC_045512.2	20721	A	G	5	0	26	1	1	25	0.142857	7	0.5	FALSE	NA	NA	NA	NA	NA	NA
NC_045512.2	20721	A	C	5	0	26	1	1	26	0.142857	7	0.5	FALSE	NA	NA	NA	NA	NA	NA
NC_045512.2	20779	A	T	16	3	24	1	0	26	0.0588235	17	0.515152	FALSE	NA	NA	NA	NA	NA	NA
NC_045512.2	20804	A	G	16	2	27	1	1	28	0.0588235	17	0.515152	FALSE	NA	NA	NA	NA	NA	NA
NC_045512.2	20809	T	G	17	3	27	1	1	28	0.0555556	18	0.514286	FALSE	NA	NA	NA	NA	NA	NA
NC_045512.2	20810	G	C	17	3	27	1	1	27	0.0555556	18	0.514286	FALSE	NA	NA	NA	NA	NA	NA
NC_045512.2	20811	T	A	17	3	27	1	1	21	0.0555556	18	0.514286	FALSE	NA	NA	NA	NA	NA	NA
NC_045512.2	20812	C	A	17	3	27	1	1	23	0.0555556	18	0.514286	FALSE	NA	NA	NA	NA	NA	NA
NC_045512.2	20813	A	C	16	2	27	1	1	23	0.0588235	17	0.515152	FALSE	NA	NA	NA	NA	NA	NA
NC_045512.2	20816	A	T	17	3	26	1	1	29	0.0555556	18	0.514286	FALSE	NA	NA	NA	NA	NA	NA
NC_045512.2	20817	T	A	16	2	25	1	1	29	0.0588235	17	0.515152	FALSE	NA	NA	NA	NA	NA	NA
NC_045512.2	20818	T	C	17	3	27	1	1	25	0.0555556	18	0.514286	FALSE	NA	NA	NA	NA	NA	NA
NC_045512.2	20819	T	C	11	3	23	1	1	29	0.0833333	12	0.521739	FALSE	NA	NA	NA	NA	NA	NA
NC_045512.2	20820	A	T	17	3	26	1	1	29	0.0555556	18	0.514286	FALSE	NA	NA	NA	NA	NA	NA
NC_045512.2	20821	A	G	17	4	27	1	0	28	0.0555556	18	0.514286	FALSE	NA	NA	NA	NA	NA	NA
NC_045512.2	20823	C	A	17	3	26	1	1	27	0.0555556	18	0.514286	FALSE	NA	NA	NA	NA	NA	NA
NC_045512.2	20824	A	G	17	3	26	1	1	22	0.0555556	18	0.514286	FALSE	NA	NA	NA	NA	NA	NA
NC_045512.2	20825	C	G	17	3	26	1	1	27	0.0555556	18	0.514286	FALSE	NA	NA	NA	NA	NA	NA
NC_045512.2	20826	A	C	17	3	26	1	1	28	0.0555556	18	0.514286	FALSE	NA	NA	NA	NA	NA	NA
NC_045512.2	20827	T	A	17	3	26	1	1	27	0.0555556	18	0.514286	FALSE	NA	NA	NA	NA	NA	NA
NC_045512.2	20831	C	T	17	3	25	1	1	24	0.0555556	18	0.514286	FALSE	NA	NA	NA	NA	NA	NA
NC_045512.2	20832	A	G	17	3	25	1	1	26	0.0555556	18	0.514286	FALSE	NA	NA	NA	NA	NA	NA
NC_045512.2	20833	T	A	17	3	25	1	1	23	0.0555556	18	0.514286	FALSE	NA	NA	NA	NA	NA	NA
NC_045512.2	20835	A	G	17	3	26	1	1	23	0.0555556	18	0.514286	FALSE	NA	NA	NA	NA	NA	NA
NC_045512.2	20837	C	A	18	4	25	1	1	29	0.0526316	19	0.513514	FALSE	NA	NA	NA	NA	NA	NA
NC_045512.2	20839	G	A	17	4	25	1	1	22	0.0555556	18	0.514286	FALSE	NA	NA	NA	NA	NA	NA
NC_045512.2	20840	T	C	17	4	26	1	1	22	0.0555556	18	0.514286	FALSE	NA	NA	NA	NA	NA	NA
NC_045512.2	20841	A	C	16	4	25	1	1	28	0.0588235	17	0.515152	FALSE	NA	NA	NA	NA	NA	NA
NC_045512.2	20841	A	-C	16	4	25	1	0	20	0.0588235	17	0.515152	FALSE	NA	NA	NA	NA	NA	NA
NC_045512.2	20842	C	T	14	3	25	1	1	21	0.0625	16	0.483871	FALSE	NA	NA	NA	NA	NA	NA
NC_045512.2	20842	C	G	14	3	25	1	1	29	0.0625	16	0.483871	FALSE	NA	NA	NA	NA	NA	NA
NC_045512.2	20843	C	T	16	4	26	1	1	27	0.0588235	17	0.515152	FALSE	NA	NA	NA	NA	NA	NA
NC_045512.2	20843	C	-C	16	4	26	1	0	20	0.0588235	17	0.515152	FALSE	NA	NA	NA	NA	NA	NA
NC_045512.2	20844	C	A	9	3	24	1	1	27	0.1	10	0.526316	FALSE	NA	NA	NA	NA	NA	NA
NC_045512.2	20845	T	C	15	3	26	1	1	23	0.0625	16	0.516129	FALSE	NA	NA	NA	NA	NA	NA
NC_045512.2	20846	A	C	15	4	27	1	1	28	0.0625	16	0.516129	FALSE	NA	NA	NA	NA	NA	NA
NC_045512.2	20847	T	A	14	4	27	1	1	23	0.0666667	15	0.517241	FALSE	NA	NA	NA	NA	NA	NA
NC_045512.2	20848	A	T	15	4	25	1	1	25	0.0625	16	0.516129	FALSE	NA	NA	NA	NA	NA	NA
NC_045512.2	20850	T	A	14	4	26	1	1	28	0.0666667	15	0.517241	FALSE	NA	NA	NA	NA	NA	NA
NC_045512.2	20851	A	G	14	4	27	1	1	23	0.0666667	15	0.517241	FALSE	NA	NA	NA	NA	NA	NA
NC_045512.2	20852	T	G	12	3	27	1	1	29	0.0714286	14	0.5	FALSE	NA	NA	NA	NA	NA	NA
NC_045512.2	20852	T	C	12	3	27	1	1	27	0.0714286	14	0.5	FALSE	NA	NA	NA	NA	NA	NA
NC_045512.2	20853	G	T	13	4	26	1	1	28	0.0666667	15	0.5	FALSE	NA	NA	NA	NA	NA	NA
NC_045512.2	20853	G	C	13	4	26	1	1	29	0.0666667	15	0.5	FALSE	NA	NA	NA	NA	NA	NA
NC_045512.2	20854	A	C	13	4	26	2	2	27	0.133333	15	0.258621	FALSE	NA	NA	NA	NA	NA	NA
NC_045512.2	20855	G	T	12	3	26	1	1	30	0.0666667	15	0.481481	FALSE	NA	NA	NA	NA	NA	NA
NC_045512.2	20855	G	A	12	3	26	2	2	22	0.133333	15	0.240741	FALSE	NA	NA	NA	NA	NA	NA
NC_045512.2	20857	G	C	12	3	26	2	2	25	0.133333	15	0.240741	FALSE	NA	NA	NA	NA	NA	NA
NC_045512.2	20857	G	A	12	3	26	1	1	29	0.0666667	15	0.481481	FALSE	NA	NA	NA	NA	NA	NA
NC_045512.2	20858	T	A	13	5	26	1	1	23	0.0714286	14	0.518519	FALSE	NA	NA	NA	NA	NA	NA
NC_045512.2	20859	T	G	9	4	25	2	2	27	0.181818	11	0.261905	FALSE	NA	NA	NA	NA	NA	NA
NC_045512.2	20860	A	T	13	5	26	2	2	25	0.133333	15	0.258621	FALSE	NA	NA	NA	NA	NA	NA
NC_045512.2	20861	T	G	13	5	27	1	1	28	0.0666667	15	0.5	FALSE	NA	NA	NA	NA	NA	NA
NC_045512.2	20861	T	A	13	5	27	1	1	23	0.0666667	15	0.5	FALSE	NA	NA	NA	NA	NA	NA
NC_045512.2	20862	A	T	12	4	26	1	1	28	0.0666667	15	0.481481	FALSE	NA	NA	NA	NA	NA	NA
NC_045512.2	20862	A	G	12	4	26	1	1	29	0.0666667	15	0.481481	FALSE	NA	NA	NA	NA	NA	NA
NC_045512.2	20862	A	C	12	4	26	1	1	21	0.0666667	15	0.481481	FALSE	NA	NA	NA	NA	NA	NA
NC_045512.2	20863	C	A	14	6	26	1	1	23	0.0666667	15	0.517241	FALSE	NA	NA	NA	NA	NA	NA
NC_045512.2	20864	A	T	13	6	25	1	1	23	0.0666667	15	0.5	FALSE	NA	NA	NA	NA	NA	NA
NC_045512.2	20864	A	G	13	6	25	1	0	29	0.0666667	15	0.5	FALSE	NA	NA	NA	NA	NA	NA
NC_045512.2	20865	T	A	11	3	25	1	1	28	0.0833333	12	0.521739	FALSE	NA	NA	NA	NA	NA	NA
NC_045512.2	20866	T	G	12	5	26	1	1	30	0.0714286	14	0.5	FALSE	NA	NA	NA	NA	NA	NA
NC_045512.2	20866	T	A	12	5	26	1	1	29	0.0714286	14	0.5	FALSE	NA	NA	NA	NA	NA	NA
NC_045512.2	20867	T	A	11	5	27	2	2	28	0.153846	13	0.26	FALSE	NA	NA	NA	NA	NA	NA
NC_045512.2	20868	T	G	7	5	24	1	1	23	0.111111	9	0.5	FALSE	NA	NA	NA	NA	NA	NA
NC_045512.2	20868	T	C	7	5	24	1	1	28	0.111111	9	0.5	FALSE	NA	NA	NA	NA	NA	NA
NC_045512.2	20869	G	T	9	4	27	1	1	28	0.1	10	0.526316	FALSE	NA	NA	NA	NA	NA	NA
NC_045512.2	20870	G	T	10	5	24	1	1	28	0.0769231	13	0.478261	FALSE	NA	NA	NA	NA	NA	NA
NC_045512.2	20870	G	C	10	5	24	2	2	25	0.153846	13	0.23913	FALSE	NA	NA	NA	NA	NA	NA
NC_045512.2	20871	T	C	8	4	27	2	1	27	0.166667	12	0.214286	FALSE	NA	NA	NA	NA	NA	NA
NC_045512.2	20871	T	A	8	4	27	2	2	25	0.166667	12	0.214286	FALSE	NA	NA	NA	NA	NA	NA
NC_045512.2	20872	G	T	9	4	27	1	1	28	0.0769231	13	0.454545	FALSE	NA	NA	NA	NA	NA	NA
NC_045512.2	20872	G	A	9	4	27	3	3	24	0.230769	13	0.108696	FALSE	NA	NA	NA	NA	NA	NA
NC_045512.2	20873	C	A	9	4	27	4	4	26	0.307692	13	0.0565217	FALSE	NA	NA	NA	NA	NA	NA
NC_045512.2	20874	T	C	9	4	27	2	2	27	0.153846	13	0.217391	FALSE	NA	NA	NA	NA	NA	NA
NC_045512.2	20874	T	A	9	4	27	2	2	25	0.153846	13	0.217391	FALSE	NA	NA	NA	NA	NA	NA
NC_045512.2	20875	G	T	10	5	26	2	2	25	0.142857	14	0.22	FALSE	NA	NA	NA	NA	NA	NA
NC_045512.2	20875	G	A	10	5	26	2	2	25	0.142857	14	0.22	FALSE	NA	NA	NA	NA	NA	NA
NC_045512.2	20876	G	C	9	6	26	2	2	26	0.166667	12	0.238095	FALSE	NA	NA	NA	NA	NA	NA
NC_045512.2	20876	G	A	9	6	26	1	1	29	0.0833333	12	0.47619	FALSE	NA	NA	NA	NA	NA	NA
NC_045512.2	20877	T	G	10	6	25	1	1	27	0.0769231	13	0.478261	FALSE	NA	NA	NA	NA	NA	NA
NC_045512.2	20877	T	A	10	6	25	2	2	27	0.153846	13	0.23913	FALSE	NA	NA	NA	NA	NA	NA
NC_045512.2	20878	T	A	9	7	26	3	3	26	0.25	12	0.124224	FALSE	NA	NA	NA	NA	NA	NA
NC_045512.2	20879	C	T	10	6	26	1	1	28	0.0769231	13	0.478261	FALSE	NA	NA	NA	NA	NA	NA
NC_045512.2	20879	C	G	10	6	26	2	2	27	0.153846	13	0.23913	FALSE	NA	NA	NA	NA	NA	NA
NC_045512.2	20880	T	C	9	5	26	2	2	26	0.142857	14	0.199275	FALSE	NA	NA	NA	NA	NA	NA
NC_045512.2	20880	T	A	9	5	26	3	3	23	0.214286	14	0.0956522	FALSE	NA	NA	NA	NA	NA	NA
NC_045512.2	20881	G	T	10	6	25	2	2	26	0.133333	15	0.203077	FALSE	NA	NA	NA	NA	NA	NA
NC_045512.2	20881	G	C	10	6	25	1	1	28	0.0666667	15	0.44	FALSE	NA	NA	NA	NA	NA	NA
NC_045512.2	20881	G	A	10	6	25	2	2	27	0.133333	15	0.203077	FALSE	NA	NA	NA	NA	NA	NA
NC_045512.2	20882	A	T	10	6	26	2	2	25	0.1	20	0.141935	FALSE	NA	NA	NA	NA	NA	NA
NC_045512.2	20882	A	G	10	6	26	5	5	25	0.25	20	0.0107922	FALSE	NA	NA	NA	NA	NA	NA
NC_045512.2	20882	A	C	10	6	26	3	3	24	0.15	20	0.0576613	FALSE	NA	NA	NA	NA	NA	NA
NC_045512.2	20883	T	G	7	4	27	2	2	24	0.117647	17	0.12	FALSE	NA	NA	NA	NA	NA	NA
NC_045512.2	20883	T	C	7	4	27	4	4	25	0.235294	17	0.0188034	FALSE	NA	NA	NA	NA	NA	NA
NC_045512.2	20883	T	A	7	4	27	4	4	27	0.235294	17	0.0188034	FALSE	NA	NA	NA	NA	NA	NA
NC_045512.2	20884	A	T	14	11	23	3	3	23	0.157895	19	0.103896	FALSE	NA	NA	NA	NA	NA	NA
NC_045512.2	20884	A	C	14	11	23	2	2	24	0.105263	19	0.213904	FALSE	NA	NA	NA	NA	NA	NA
NC_045512.2	20885	A	T	11	8	27	3	3	28	0.157895	19	0.0733871	FALSE	NA	NA	NA	NA	NA	NA
NC_045512.2	20885	A	G	11	8	27	1	1	23	0.0526316	19	0.4	FALSE	NA	NA	NA	NA	NA	NA
NC_045512.2	20885	A	C	11	8	27	4	4	23	0.210526	19	0.0333578	FALSE	NA	NA	NA	NA	NA	NA
NC_045512.2	20886	A	T	9	7	25	1	1	29	0.0555556	18	0.37037	FALSE	NA	NA	NA	NA	NA	NA
NC_045512.2	20886	A	G	9	7	25	3	3	27	0.166667	18	0.060208	FALSE	NA	NA	NA	NA	NA	NA
NC_045512.2	20886	A	C	9	7	25	5	5	27	0.277778	18	0.0117826	FALSE	NA	NA	NA	NA	NA	NA
NC_045512.2	20887	G	T	8	5	24	4	4	25	0.210526	19	0.0180624	FALSE	NA	NA	NA	NA	NA	NA
NC_045512.2	20887	G	C	8	5	24	2	2	25	0.105263	19	0.119048	FALSE	NA	NA	NA	NA	NA	NA
NC_045512.2	20887	G	A	8	5	24	5	5	28	0.263158	19	0.00757455	TRUE	NA	NA	NA	NA	NA	NA
NC_045512.2	20888	G	T	9	6	25	6	6	24	0.333333	18	0.00552311	TRUE	NA	NA	NA	NA	NA	NA
NC_045512.2	20888	G	C	9	6	25	1	1	27	0.0555556	18	0.37037	FALSE	NA	NA	NA	NA	NA	NA
NC_045512.2	20888	G	A	9	6	25	2	2	29	0.111111	18	0.145503	FALSE	NA	NA	NA	NA	NA	NA
NC_045512.2	20889	A	T	12	9	26	7	7	27	0.368421	19	0.00489419	TRUE	NA	NA	NA	NA	NA	NA
NC_045512.2	20890	G	T	9	6	26	1	1	32	0.0555556	18	0.37037	FALSE	NA	NA	NA	NA	NA	NA
NC_045512.2	20890	G	C	9	6	26	2	2	25	0.111111	18	0.145503	FALSE	NA	NA	NA	NA	NA	NA
NC_045512.2	20890	G	A	9	6	26	6	6	26	0.333333	18	0.00552311	TRUE	NA	NA	NA	NA	NA	NA
NC_045512.2	20891	T	G	8	5	25	1	1	31	0.0526316	19	0.333333	FALSE	NA	NA	NA	NA	NA	NA
NC_045512.2	20891	T	C	8	5	25	6	6	23	0.315789	19	0.00331387	TRUE	NA	NA	NA	NA	NA	NA
NC_045512.2	20891	T	A	8	5	25	4	4	24	0.210526	19	0.0180624	FALSE	NA	NA	NA	NA	NA	NA
NC_045512.2	20892	T	C	11	8	25	5	5	27	0.263158	19	0.0156978	FALSE	NA	NA	NA	NA	NA	NA
NC_045512.2	20892	T	A	11	8	25	3	3	26	0.157895	19	0.0733871	FALSE	NA	NA	NA	NA	NA	NA
NC_045512.2	20893	G	T	8	5	26	5	5	26	0.263158	19	0.00757455	TRUE	NA	NA	NA	NA	NA	NA
NC_045512.2	20893	G	C	8	5	26	1	1	22	0.0526316	19	0.333333	FALSE	NA	NA	NA	NA	NA	NA
NC_045512.2	20893	G	A	8	5	26	5	5	24	0.263158	19	0.00757455	TRUE	NA	NA	NA	NA	NA	NA
NC_045512.2	20894	C	T	8	5	27	2	2	25	0.111111	18	0.128205	FALSE	NA	NA	NA	NA	NA	NA
NC_045512.2	20894	C	G	8	5	27	1	1	24	0.0555556	18	0.346154	FALSE	NA	NA	NA	NA	NA	NA
NC_045512.2	20894	C	A	8	5	27	7	7	24	0.388889	18	0.00191185	TRUE	NA	NA	NA	NA	NA	NA
NC_045512.2	20895	A	T	15	12	27	2	2	24	0.1	20	0.215873	FALSE	NA	NA	NA	NA	NA	NA
NC_045512.2	20895	A	G	15	12	27	2	2	26	0.1	20	0.215873	FALSE	NA	NA	NA	NA	NA	NA
NC_045512.2	20895	A	C	15	12	27	1	1	27	0.05	20	0.457143	FALSE	NA	NA	NA	NA	NA	NA
NC_045512.2	20896	C	T	9	6	25	2	2	28	0.0909091	22	0.110887	FALSE	NA	NA	NA	NA	NA	NA
NC_045512.2	20896	C	G	9	6	25	5	5	25	0.227273	22	0.00616698	TRUE	NA	NA	NA	NA	NA	NA
NC_045512.2	20896	C	A	9	6	25	6	6	28	0.272727	22	0.00256958	TRUE	NA	NA	NA	NA	NA	NA
NC_045512.2	20897	C	T	9	6	26	3	3	28	0.142857	21	0.0443548	FALSE	NA	NA	NA	NA	NA	NA
NC_045512.2	20897	C	G	9	6	26	6	6	26	0.285714	21	0.00308349	TRUE	NA	NA	NA	NA	NA	NA
NC_045512.2	20897	C	A	9	6	26	3	3	23	0.142857	21	0.0443548	FALSE	NA	NA	NA	NA	NA	NA
NC_045512.2	20898	A	T	11	8	26	2	2	26	0.0952381	21	0.147727	FALSE	NA	NA	NA	NA	NA	NA
NC_045512.2	20898	A	G	11	8	26	5	5	28	0.238095	21	0.0115865	FALSE	NA	NA	NA	NA	NA	NA
NC_045512.2	20898	A	C	11	8	26	3	3	27	0.142857	21	0.0608289	FALSE	NA	NA	NA	NA	NA	NA
NC_045512.2	20899	G	T	8	5	26	2	2	28	0.0869565	23	0.0907258	FALSE	NA	NA	NA	NA	NA	NA
NC_045512.2	20899	G	C	8	5	26	5	5	27	0.217391	23	0.00396449	TRUE	NA	NA	NA	NA	NA	NA
NC_045512.2	20899	G	A	8	5	26	8	8	25	0.347826	23	0.000263171	TRUE	NA	NA	NA	NA	NA	NA
NC_045512.2	20900	G	T	7	5	26	3	3	27	0.136364	22	0.0266963	FALSE	NA	NA	NA	NA	NA	NA
NC_045512.2	20900	G	C	7	5	26	3	3	26	0.136364	22	0.0266963	FALSE	NA	NA	NA	NA	NA	NA
NC_045512.2	20900	G	A	7	5	26	9	9	26	0.409091	22	9.19587e-05	TRUE	NA	NA	NA	NA	NA	NA
NC_045512.2	20901	T	G	14	11	26	1	1	28	0.0454545	22	0.416667	FALSE	NA	NA	NA	NA	NA	NA
NC_045512.2	20901	T	C	14	11	26	3	3	28	0.136364	22	0.0806069	FALSE	NA	NA	NA	NA	NA	NA
NC_045512.2	20901	T	A	14	11	26	4	4	24	0.181818	22	0.0372032	FALSE	NA	NA	NA	NA	NA	NA
NC_045512.2	20902	A	T	36	14	27	2	2	28	0.0512821	39	0.246667	FALSE	NA	NA	NA	NA	NA	NA
NC_045512.2	20902	A	C	36	14	27	1	1	27	0.025641	39	0.493333	FALSE	NA	NA	NA	NA	NA	NA
NC_045512.2	20903	C	T	29	7	27	5	5	27	0.119048	42	0.016122	FALSE	NA	NA	NA	NA	NA	NA
NC_045512.2	20903	C	G	29	7	27	2	2	27	0.047619	42	0.181925	FALSE	NA	NA	NA	NA	NA	NA
NC_045512.2	20903	C	A	29	7	27	6	6	27	0.142857	42	0.00742461	TRUE	NA	NA	NA	NA	NA	NA
NC_045512.2	20904	A	T	30	8	28	6	6	25	0.142857	42	0.00821528	TRUE	NA	NA	NA	NA	NA	NA
NC_045512.2	20904	A	G	30	8	28	3	3	28	0.0714286	42	0.0841664	FALSE	NA	NA	NA	NA	NA	NA
NC_045512.2	20904	A	C	30	8	28	3	3	25	0.0714286	42	0.0841664	FALSE	NA	NA	NA	NA	NA	NA
NC_045512.2	20905	G	T	32	10	27	1	1	24	0.0243902	41	0.452055	FALSE	NA	NA	NA	NA	NA	NA
NC_045512.2	20905	G	C	32	10	27	4	4	24	0.097561	41	0.0459128	FALSE	NA	NA	NA	NA	NA	NA
NC_045512.2	20905	G	A	32	10	27	4	4	28	0.097561	41	0.0459128	FALSE	NA	NA	NA	NA	NA	NA
NC_045512.2	20906	C	T	28	6	27	8	8	26	0.186047	43	0.00129059	TRUE	NA	NA	NA	NA	NA	NA
NC_045512.2	20906	C	G	28	6	27	2	2	26	0.0465116	43	0.170188	FALSE	NA	NA	NA	NA	NA	NA
NC_045512.2	20906	C	A	28	6	27	5	5	25	0.116279	43	0.0137511	FALSE	NA	NA	NA	NA	NA	NA
NC_045512.2	20907	T	G	32	10	27	3	3	26	0.0714286	42	0.093101	FALSE	NA	NA	NA	NA	NA	NA
NC_045512.2	20907	T	C	32	10	27	2	2	28	0.047619	42	0.202162	FALSE	NA	NA	NA	NA	NA	NA
NC_045512.2	20907	T	A	32	10	27	5	5	25	0.119048	42	0.0206478	FALSE	NA	NA	NA	NA	NA	NA
NC_045512.2	20908	G	T	32	10	26	1	1	30	0.0232558	43	0.44	FALSE	NA	NA	NA	NA	NA	NA
NC_045512.2	20908	G	C	32	10	26	1	1	23	0.0232558	43	0.44	FALSE	NA	NA	NA	NA	NA	NA
NC_045512.2	20908	G	A	32	10	26	9	9	24	0.209302	43	0.00106587	TRUE	NA	NA	NA	NA	NA	NA
NC_045512.2	20909	T	C	26	4	26	3	3	25	0.075	40	0.0729108	FALSE	NA	NA	NA	NA	NA	NA
NC_045512.2	20909	T	A	26	4	26	11	11	26	0.275	40	0.000149287	TRUE	NA	NA	NA	NA	NA	NA
NC_045512.2	20909	T	-T	26	4	26	1	0	20	0.025	40	0.409091	FALSE	NA	NA	NA	NA	NA	NA
NC_045512.2	20910	T	G	31	9	27	2	2	23	0.047619	42	0.195483	FALSE	NA	NA	NA	NA	NA	NA
NC_045512.2	20910	T	C	31	9	27	1	1	28	0.0238095	42	0.438356	FALSE	NA	NA	NA	NA	NA	NA
NC_045512.2	20910	T	A	31	9	27	8	8	26	0.190476	42	0.00212242	TRUE	NA	NA	NA	NA	NA	NA
NC_045512.2	20911	T	G	31	10	27	6	6	25	0.142857	42	0.00905108	TRUE	NA	NA	NA	NA	NA	NA
NC_045512.2	20911	T	C	31	10	27	1	0	27	0.0238095	42	0.438356	FALSE	NA	NA	NA	NA	NA	NA
NC_045512.2	20911	T	A	31	10	27	4	4	27	0.0952381	42	0.0408114	FALSE	NA	NA	NA	NA	NA	NA
NC_045512.2	20912	T	G	21	9	24	7	7	26	0.212121	33	0.00306582	TRUE	NA	NA	NA	NA	NA	NA
NC_045512.2	20912	T	C	21	9	24	2	2	26	0.0606061	33	0.17037	FALSE	NA	NA	NA	NA	NA	NA
NC_045512.2	20912	T	A	21	9	24	3	3	26	0.0909091	33	0.0730159	FALSE	NA	NA	NA	NA	NA	NA
NC_045512.2	20913	A	T	55	10	26	5	5	27	0.0757576	66	0.0232869	FALSE	NA	NA	NA	NA	NA	NA
NC_045512.2	20913	A	C	55	10	26	6	6	27	0.0909091	66	0.0112738	FALSE	NA	NA	NA	NA	NA	NA
NC_045512.2	20914	A	T	48	6	24	6	6	27	0.0952381	63	0.0087042	TRUE	NA	NA	NA	NA	NA	NA
NC_045512.2	20914	A	G	48	6	24	4	4	25	0.0634921	63	0.040571	FALSE	NA	NA	NA	NA	NA	NA
NC_045512.2	20914	A	C	48	6	24	5	5	27	0.0793651	63	0.0186979	FALSE	NA	NA	NA	NA	NA	NA
NC_045512.2	20915	G	T	55	10	27	2	2	27	0.030303	66	0.216231	FALSE	NA	NA	NA	NA	NA	NA
NC_045512.2	20915	G	C	55	10	27	4	4	27	0.0606061	66	0.0485144	FALSE	NA	NA	NA	NA	NA	NA
NC_045512.2	20915	G	A	55	10	27	5	5	24	0.0757576	66	0.0232869	FALSE	NA	NA	NA	NA	NA	NA
NC_045512.2	20916	A	T	55	10	27	3	3	28	0.047619	63	0.10987	FALSE	NA	NA	NA	NA	NA	NA
NC_045512.2	20916	A	C	55	10	27	5	5	27	0.0793651	63	0.0263475	FALSE	NA	NA	NA	NA	NA	NA
NC_045512.2	20917	C	T	49	4	27	4	4	26	0.0615385	65	0.0394978	FALSE	NA	NA	NA	NA	NA	NA
NC_045512.2	20917	C	G	49	4	27	1	1	27	0.0153846	65	0.438596	FALSE	NA	NA	NA	NA	NA	NA
NC_045512.2	20917	C	A	49	4	27	11	11	25	0.169231	65	0.000202647	TRUE	NA	NA	NA	NA	NA	NA
NC_045512.2	20918	A	T	55	10	27	6	6	26	0.0909091	66	0.0112738	FALSE	NA	NA	NA	NA	NA	NA
NC_045512.2	20918	A	G	55	10	27	2	2	25	0.030303	66	0.216231	FALSE	NA	NA	NA	NA	NA	NA
NC_045512.2	20918	A	C	55	10	27	3	3	27	0.0454545	66	0.101963	FALSE	NA	NA	NA	NA	NA	NA
NC_045512.2	20919	G	T	51	6	27	4	4	26	0.0615385	65	0.04295	FALSE	NA	NA	NA	NA	NA	NA
NC_045512.2	20919	G	A	51	6	27	10	10	26	0.153846	65	0.000508421	TRUE	NA	NA	NA	NA	NA	NA
NC_045512.2	20920	T	G	54	8	27	2	2	25	0.030303	66	0.212121	FALSE	NA	NA	NA	NA	NA	NA
NC_045512.2	20920	T	C	54	8	27	3	3	25	0.0454545	66	0.0991058	FALSE	NA	NA	NA	NA	NA	NA
NC_045512.2	20920	T	A	54	8	27	7	7	26	0.106061	66	0.00516717	TRUE	NA	NA	NA	NA	NA	NA
NC_045512.2	20921	G	T	53	7	27	8	8	25	0.119403	67	0.00219706	TRUE	NA	NA	NA	NA	NA	NA
NC_045512.2	20921	G	C	53	7	27	1	1	30	0.0149254	67	0.45	FALSE	NA	NA	NA	NA	NA	NA
NC_045512.2	20921	G	A	53	7	27	5	5	26	0.0746269	67	0.0203514	FALSE	NA	NA	NA	NA	NA	NA
NC_045512.2	20922	G	T	54	9	24	4	4	27	0.0606061	66	0.0467328	FALSE	NA	NA	NA	NA	NA	NA
NC_045512.2	20922	G	C	54	9	24	1	1	30	0.0151515	66	0.458333	FALSE	NA	NA	NA	NA	NA	NA
NC_045512.2	20922	G	A	54	9	24	7	7	25	0.106061	66	0.00516717	TRUE	NA	NA	NA	NA	NA	NA
NC_045512.2	20923	T	G	58	11	28	1	1	27	0.0149254	67	0.472	FALSE	NA	NA	NA	NA	NA	NA
NC_045512.2	20923	T	C	58	11	28	1	1	27	0.0149254	67	0.472	FALSE	NA	NA	NA	NA	NA	NA
NC_045512.2	20923	T	A	58	11	28	7	7	26	0.104478	67	0.00623821	TRUE	NA	NA	NA	NA	NA	NA
NC_045512.2	20924	T	G	52	8	23	1	1	28	0.0153846	65	0.452991	FALSE	NA	NA	NA	NA	NA	NA
NC_045512.2	20924	T	C	52	8	23	5	5	27	0.0769231	65	0.0210627	FALSE	NA	NA	NA	NA	NA	NA
NC_045512.2	20924	T	A	52	8	23	7	7	26	0.107692	65	0.00480318	TRUE	NA	NA	NA	NA	NA	NA
NC_045512.2	20925	G	T	55	8	27	6	6	28	0.0882353	68	0.0102377	FALSE	NA	NA	NA	NA	NA	NA
NC_045512.2	20925	G	C	55	8	27	4	4	25	0.0588235	68	0.0454711	FALSE	NA	NA	NA	NA	NA	NA
NC_045512.2	20925	G	A	55	8	27	3	3	23	0.0441176	68	0.0971078	FALSE	NA	NA	NA	NA	NA	NA
NC_045512.2	20926	C	T	54	7	26	7	7	26	0.102941	68	0.00461536	TRUE	NA	NA	NA	NA	NA	NA
NC_045512.2	20926	C	G	54	7	26	4	4	26	0.0588235	68	0.0437781	FALSE	NA	NA	NA	NA	NA	NA
NC_045512.2	20926	C	A	54	7	26	3	3	23	0.0441176	68	0.0943494	FALSE	NA	NA	NA	NA	NA	NA
NC_045512.2	20927	C	T	51	10	24	4	4	26	0.0645161	62	0.0476318	FALSE	NA	NA	NA	NA	NA	NA
NC_045512.2	20927	C	G	51	10	24	2	2	27	0.0322581	62	0.213942	FALSE	NA	NA	NA	NA	NA	NA
NC_045512.2	20927	C	A	51	10	24	5	5	25	0.0806452	62	0.0227981	FALSE	NA	NA	NA	NA	NA	NA
NC_045512.2	20928	T	G	56	9	26	3	3	26	0.0447761	67	0.10231	FALSE	NA	NA	NA	NA	NA	NA
NC_045512.2	20928	T	C	56	9	26	2	2	25	0.0298507	67	0.216758	FALSE	NA	NA	NA	NA	NA	NA
NC_045512.2	20928	T	A	56	9	26	6	6	25	0.0895522	67	0.0113346	FALSE	NA	NA	NA	NA	NA	NA
NC_045512.2	20929	A	T	56	9	27	3	3	27	0.0441176	68	0.099874	FALSE	NA	NA	NA	NA	NA	NA
NC_045512.2	20929	A	G	56	9	27	4	4	26	0.0588235	68	0.0471846	FALSE	NA	NA	NA	NA	NA	NA
NC_045512.2	20929	A	C	56	9	27	5	5	26	0.0735294	68	0.0224864	FALSE	NA	NA	NA	NA	NA	NA
NC_045512.2	20930	C	T	58	11	26	6	6	26	0.0909091	66	0.0131807	FALSE	NA	NA	NA	NA	NA	NA
NC_045512.2	20930	C	A	58	11	26	2	2	25	0.030303	66	0.228387	FALSE	NA	NA	NA	NA	NA	NA
NC_045512.2	20930	C	-G	58	11	26	1	0	20	0.0151515	66	0.475806	FALSE	NA	NA	NA	NA	NA	NA
NC_045512.2	20931	G	T	55	8	27	7	7	28	0.106061	66	0.00550376	TRUE	NA	NA	NA	NA	NA	NA
NC_045512.2	20931	G	C	55	8	27	1	1	29	0.0151515	66	0.46281	FALSE	NA	NA	NA	NA	NA	NA
NC_045512.2	20931	G	A	55	8	27	3	3	26	0.0454545	66	0.101963	FALSE	NA	NA	NA	NA	NA	NA
NC_045512.2	20932	G	T	57	11	28	3	3	28	0.0447761	67	0.105131	FALSE	NA	NA	NA	NA	NA	NA
NC_045512.2	20932	G	C	57	11	28	1	1	28	0.0149254	67	0.467742	FALSE	NA	NA	NA	NA	NA	NA
NC_045512.2	20932	G	A	57	11	28	6	5	25	0.0895522	67	0.011945	FALSE	NA	NA	NA	NA	NA	NA
NC_045512.2	20933	G	T	45	7	23	5	5	28	0.0847458	59	0.0190076	FALSE	NA	NA	NA	NA	NA	NA
NC_045512.2	20933	G	C	45	7	23	2	2	26	0.0338983	59	0.197985	FALSE	NA	NA	NA	NA	NA	NA
NC_045512.2	20933	G	A	45	7	23	7	7	26	0.118644	59	0.00420418	TRUE	NA	NA	NA	NA	NA	NA
NC_045512.2	20934	T	G	57	10	26	5	5	27	0.0735294	68	0.0235109	FALSE	NA	NA	NA	NA	NA	NA
NC_045512.2	20934	T	C	57	10	26	1	1	29	0.0147059	68	0.464	FALSE	NA	NA	NA	NA	NA	NA
NC_045512.2	20934	T	A	57	10	26	5	5	25	0.0735294	68	0.0235109	FALSE	NA	NA	NA	NA	NA	NA
NC_045512.2	20935	A	T	55	8	26	9	9	27	0.132353	68	0.00116496	TRUE	NA	NA	NA	NA	NA	NA
NC_045512.2	20935	A	G	55	8	26	1	1	29	0.0147059	68	0.455285	FALSE	NA	NA	NA	NA	NA	NA
NC_045512.2	20935	A	C	55	8	26	3	3	26	0.0441176	68	0.0971078	FALSE	NA	NA	NA	NA	NA	NA
NC_045512.2	20936	C	T	55	8	27	4	4	27	0.0588235	68	0.0454711	FALSE	NA	NA	NA	NA	NA	NA
NC_045512.2	20936	C	A	55	8	27	9	9	26	0.132353	68	0.00116496	TRUE	NA	NA	NA	NA	NA	NA
NC_045512.2	20937	G	T	51	4	27	3	3	28	0.0447761	67	0.0883208	FALSE	NA	NA	NA	NA	NA	NA
NC_045512.2	20937	G	C	51	4	27	2	2	27	0.0298507	67	0.196268	FALSE	NA	NA	NA	NA	NA	NA
NC_045512.2	20937	G	A	51	4	27	11	11	25	0.164179	67	0.000208869	TRUE	NA	NA	NA	NA	NA	NA
NC_045512.2	20938	C	T	54	7	27	3	3	27	0.0441176	68	0.0943494	FALSE	NA	NA	NA	NA	NA	NA
NC_045512.2	20938	C	G	54	7	27	2	2	21	0.0294118	68	0.205251	FALSE	NA	NA	NA	NA	NA	NA
NC_045512.2	20938	C	A	54	7	27	9	9	28	0.132353	68	0.00107499	TRUE	NA	NA	NA	NA	NA	NA
NC_045512.2	20939	T	G	58	12	27	2	2	29	0.0289855	69	0.217766	FALSE	NA	NA	NA	NA	NA	NA
NC_045512.2	20939	T	C	58	12	27	4	3	26	0.057971	69	0.0491109	FALSE	NA	NA	NA	NA	NA	NA
NC_045512.2	20939	T	A	58	12	27	5	5	28	0.0724638	69	0.0236182	FALSE	NA	NA	NA	NA	NA	NA
NC_045512.2	20940	G	T	52	5	27	7	7	26	0.101449	69	0.00381785	TRUE	NA	NA	NA	NA	NA	NA
NC_045512.2	20940	G	C	52	5	27	4	4	27	0.057971	69	0.0391515	FALSE	NA	NA	NA	NA	NA	NA
NC_045512.2	20940	G	A	52	5	27	6	6	27	0.0869565	69	0.00821809	TRUE	NA	NA	NA	NA	NA	NA
NC_045512.2	20941	C	T	54	7	27	6	6	24	0.0895522	67	0.0101649	FALSE	NA	NA	NA	NA	NA	NA
NC_045512.2	20941	C	G	54	7	27	1	1	27	0.0149254	67	0.454545	FALSE	NA	NA	NA	NA	NA	NA
NC_045512.2	20941	C	A	54	7	27	6	6	26	0.0895522	67	0.0101649	FALSE	NA	NA	NA	NA	NA	NA
NC_045512.2	20942	T	G	58	11	27	1	1	29	0.0147059	68	0.468254	FALSE	NA	NA	NA	NA	NA	NA
NC_045512.2	20942	T	C	58	11	27	2	2	27	0.0294118	68	0.221222	FALSE	NA	NA	NA	NA	NA	NA
NC_045512.2	20942	T	A	58	11	27	7	7	24	0.102941	68	0.0059074	TRUE	NA	NA	NA	NA	NA	NA
NC_045512.2	20943	T	C	54	11	24	5	5	26	0.078125	64	0.0241518	FALSE	NA	NA	NA	NA	NA	NA
NC_045512.2	20943	T	A	54	11	24	5	5	24	0.078125	64	0.0241518	FALSE	NA	NA	NA	NA	NA	NA
NC_045512.2	20944	G	T	52	6	27	5	5	27	0.0735294	68	0.018597	FALSE	NA	NA	NA	NA	NA	NA
NC_045512.2	20944	G	C	52	6	27	3	3	26	0.0441176	68	0.0888599	FALSE	NA	NA	NA	NA	NA	NA
NC_045512.2	20944	G	A	52	6	27	8	8	24	0.117647	68	0.00190893	TRUE	NA	NA	NA	NA	NA	NA
NC_045512.2	20945	T	G	56	10	27	3	3	28	0.0441176	68	0.099874	FALSE	NA	NA	NA	NA	NA	NA
NC_045512.2	20945	T	C	56	10	27	2	2	24	0.0294118	68	0.21329	FALSE	NA	NA	NA	NA	NA	NA
NC_045512.2	20945	T	A	56	10	27	7	7	26	0.102941	68	0.00523744	TRUE	NA	NA	NA	NA	NA	NA
NC_045512.2	20946	C	T	52	6	27	6	6	25	0.0882353	68	0.00862899	TRUE	NA	NA	NA	NA	NA	NA
NC_045512.2	20946	C	G	52	6	27	2	2	27	0.0294118	68	0.197107	FALSE	NA	NA	NA	NA	NA	NA
NC_045512.2	20946	C	A	52	6	27	8	8	26	0.117647	68	0.00190893	TRUE	NA	NA	NA	NA	NA	NA
NC_045512.2	20947	G	T	54	8	27	4	4	28	0.0588235	68	0.0437781	FALSE	NA	NA	NA	NA	NA	NA
NC_045512.2	20947	G	C	54	8	27	6	6	25	0.0882353	68	0.00968469	TRUE	NA	NA	NA	NA	NA	NA
NC_045512.2	20947	G	A	54	8	27	4	4	27	0.0588235	68	0.0437781	FALSE	NA	NA	NA	NA	NA	NA
NC_045512.2	20948	A	T	54	8	26	4	4	28	0.0588235	68	0.0437781	FALSE	NA	NA	NA	NA	NA	NA
NC_045512.2	20948	A	G	54	8	26	5	5	27	0.0735294	68	0.0204993	FALSE	NA	NA	NA	NA	NA	NA
NC_045512.2	20948	A	C	54	8	26	5	5	27	0.0735294	68	0.0204993	FALSE	NA	NA	NA	NA	NA	NA
NC_045512.2	20949	T	G	55	9	26	1	1	27	0.0147059	68	0.455285	FALSE	NA	NA	NA	NA	NA	NA
NC_045512.2	20949	T	C	55	9	26	7	7	27	0.102941	68	0.00492045	TRUE	NA	NA	NA	NA	NA	NA
NC_045512.2	20949	T	A	55	9	26	5	5	27	0.0735294	68	0.0214824	FALSE	NA	NA	NA	NA	NA	NA
NC_045512.2	20950	T	G	48	10	23	3	3	27	0.05	60	0.0964924	FALSE	NA	NA	NA	NA	NA	NA
NC_045512.2	20950	T	C	48	10	23	2	2	26	0.0333333	60	0.208121	FALSE	NA	NA	NA	NA	NA	NA
NC_045512.2	20950	T	A	48	10	23	7	7	26	0.116667	60	0.00493179	TRUE	NA	NA	NA	NA	NA	NA
NC_045512.2	20951	C	T	51	5	27	7	7	25	0.102941	68	0.00377065	TRUE	NA	NA	NA	NA	NA	NA
NC_045512.2	20951	C	G	51	5	27	4	4	27	0.0588235	68	0.0388295	FALSE	NA	NA	NA	NA	NA	NA
NC_045512.2	20951	C	A	51	5	27	6	6	26	0.0882353	68	0.0081264	TRUE	NA	NA	NA	NA	NA	NA
NC_045512.2	20952	A	T	55	9	27	11	11	28	0.161765	68	0.000284671	TRUE	NA	NA	NA	NA	NA	NA
NC_045512.2	20952	A	G	55	9	27	2	2	29	0.0294118	68	0.209284	FALSE	NA	NA	NA	NA	NA	NA
NC_045512.2	20953	G	T	52	6	27	3	3	25	0.0441176	68	0.0888599	FALSE	NA	NA	NA	NA	NA	NA
NC_045512.2	20953	G	C	52	6	27	2	2	27	0.0294118	68	0.197107	FALSE	NA	NA	NA	NA	NA	NA
NC_045512.2	20953	G	A	52	6	27	11	11	25	0.161765	68	0.000211889	TRUE	NA	NA	NA	NA	NA	NA
NC_045512.2	20954	A	T	57	11	27	3	3	25	0.0441176	68	0.102647	FALSE	NA	NA	NA	NA	NA	NA
NC_045512.2	20954	A	G	57	11	27	2	2	27	0.0294118	68	0.21727	FALSE	NA	NA	NA	NA	NA	NA
NC_045512.2	20954	A	C	57	11	27	6	6	26	0.0882353	68	0.0113937	FALSE	NA	NA	NA	NA	NA	NA
NC_045512.2	20955	T	C	56	10	26	5	5	27	0.0735294	68	0.0224864	FALSE	NA	NA	NA	NA	NA	NA
NC_045512.2	20955	T	A	56	10	26	7	7	27	0.102941	68	0.00523744	TRUE	NA	NA	NA	NA	NA	NA
NC_045512.2	20956	C	T	51	5	26	10	10	26	0.147059	68	0.000397526	TRUE	NA	NA	NA	NA	NA	NA
NC_045512.2	20956	C	G	51	5	26	3	3	28	0.0441176	68	0.086131	FALSE	NA	NA	NA	NA	NA	NA
NC_045512.2	20956	C	A	51	5	26	4	4	27	0.0588235	68	0.0388295	FALSE	NA	NA	NA	NA	NA	NA
NC_045512.2	20957	T	C	62	16	26	2	2	27	0.0298507	67	0.240429	FALSE	NA	NA	NA	NA	NA	NA
NC_045512.2	20957	T	A	62	16	26	3	3	27	0.0447761	67	0.119297	FALSE	NA	NA	NA	NA	NA	NA
NC_045512.2	20958	T	G	53	11	23	1	1	24	0.015625	64	0.461538	FALSE	NA	NA	NA	NA	NA	NA
NC_045512.2	20958	T	C	53	11	23	2	2	27	0.03125	64	0.215124	FALSE	NA	NA	NA	NA	NA	NA
NC_045512.2	20958	T	A	53	11	23	8	8	26	0.125	64	0.00267493	TRUE	NA	NA	NA	NA	NA	NA
NC_045512.2	20959	A	T	60	14	27	2	2	29	0.0298507	67	0.232653	FALSE	NA	NA	NA	NA	NA	NA
NC_045512.2	20959	A	G	60	14	27	5	5	29	0.0746269	67	0.0277548	FALSE	NA	NA	NA	NA	NA	NA
NC_045512.2	20960	A	T	51	8	23	3	3	24	0.046875	64	0.0953523	FALSE	NA	NA	NA	NA	NA	NA
NC_045512.2	20960	A	G	51	8	23	5	5	27	0.078125	64	0.0209148	FALSE	NA	NA	NA	NA	NA	NA
NC_045512.2	20960	A	C	51	8	23	5	5	26	0.078125	64	0.0209148	FALSE	NA	NA	NA	NA	NA	NA
NC_045512.2	20961	T	C	55	9	27	8	8	27	0.117647	68	0.00238453	TRUE	NA	NA	NA	NA	NA	NA
NC_045512.2	20961	T	A	55	9	27	5	5	25	0.0735294	68	0.0214824	FALSE	NA	NA	NA	NA	NA	NA
NC_045512.2	20962	G	T	53	7	27	9	9	26	0.132353	68	0.000989957	TRUE	NA	NA	NA	NA	NA	NA
NC_045512.2	20962	G	C	53	7	27	2	2	25	0.0294118	68	0.201192	FALSE	NA	NA	NA	NA	NA	NA
NC_045512.2	20962	G	A	53	7	27	4	4	25	0.0588235	68	0.0421063	FALSE	NA	NA	NA	NA	NA	NA
NC_045512.2	20963	A	T	56	10	27	4	4	29	0.0588235	68	0.0471846	FALSE	NA	NA	NA	NA	NA	NA
NC_045512.2	20963	A	G	56	10	27	4	4	28	0.0588235	68	0.0471846	FALSE	NA	NA	NA	NA	NA	NA
NC_045512.2	20963	A	C	56	10	27	4	4	25	0.0588235	68	0.0471846	FALSE	NA	NA	NA	NA	NA	NA
NC_045512.2	20964	C	T	52	6	26	8	8	26	0.119403	67	0.00203726	TRUE	NA	NA	NA	NA	NA	NA
NC_045512.2	20964	C	G	52	6	26	1	1	21	0.0149254	67	0.445378	FALSE	NA	NA	NA	NA	NA	NA
NC_045512.2	20964	C	A	52	6	26	6	6	27	0.0895522	67	0.00906406	TRUE	NA	NA	NA	NA	NA	NA
NC_045512.2	20965	T	G	55	9	26	3	3	27	0.0447761	67	0.0994957	FALSE	NA	NA	NA	NA	NA	NA
NC_045512.2	20965	T	C	55	9	26	2	2	22	0.0298507	67	0.212715	FALSE	NA	NA	NA	NA	NA	NA
NC_045512.2	20965	T	A	55	9	26	7	7	28	0.104478	67	0.00520277	TRUE	NA	NA	NA	NA	NA	NA
NC_045512.2	20966	T	G	53	7	28	2	2	28	0.0294118	68	0.201192	FALSE	NA	NA	NA	NA	NA	NA
NC_045512.2	20966	T	C	53	7	28	7	7	25	0.102941	68	0.0043221	TRUE	NA	NA	NA	NA	NA	NA
NC_045512.2	20966	T	A	53	7	28	6	6	25	0.0882353	68	0.00914843	TRUE	NA	NA	NA	NA	NA	NA
NC_045512.2	20967	T	G	38	5	23	2	2	29	0.0363636	55	0.178449	FALSE	NA	NA	NA	NA	NA	NA
NC_045512.2	20967	T	C	38	5	23	7	7	28	0.127273	55	0.00304827	TRUE	NA	NA	NA	NA	NA	NA
NC_045512.2	20967	T	A	38	5	23	8	8	26	0.145455	55	0.0014022	TRUE	NA	NA	NA	NA	NA	NA
NC_045512.2	20968	G	T	51	5	26	4	4	26	0.0597015	67	0.0401458	FALSE	NA	NA	NA	NA	NA	NA
NC_045512.2	20968	G	C	51	5	26	8	8	28	0.119403	67	0.00188533	TRUE	NA	NA	NA	NA	NA	NA
NC_045512.2	20968	G	A	51	5	26	4	4	28	0.0597015	67	0.0401458	FALSE	NA	NA	NA	NA	NA	NA
NC_045512.2	20969	T	G	58	12	27	3	3	26	0.0441176	68	0.105426	FALSE	NA	NA	NA	NA	NA	NA
NC_045512.2	20969	T	C	58	12	27	2	2	27	0.0294118	68	0.221222	FALSE	NA	NA	NA	NA	NA	NA
NC_045512.2	20969	T	A	58	12	27	5	5	28	0.0735294	68	0.0245555	FALSE	NA	NA	NA	NA	NA	NA
NC_045512.2	20970	C	T	50	4	26	5	5	26	0.0746269	67	0.0174994	FALSE	NA	NA	NA	NA	NA	NA
NC_045512.2	20970	C	G	50	4	26	4	4	27	0.0597015	67	0.0384988	FALSE	NA	NA	NA	NA	NA	NA
NC_045512.2	20970	C	A	50	4	26	8	8	26	0.119403	67	0.00174112	TRUE	NA	NA	NA	NA	NA	NA
NC_045512.2	20971	T	G	61	15	26	2	2	25	0.0294118	68	0.232916	FALSE	NA	NA	NA	NA	NA	NA
NC_045512.2	20971	T	C	61	15	26	1	1	27	0.0147059	68	0.48062	FALSE	NA	NA	NA	NA	NA	NA
NC_045512.2	20971	T	A	61	15	26	4	4	26	0.0588235	68	0.0560334	FALSE	NA	NA	NA	NA	NA	NA
NC_045512.2	20972	C	T	52	6	26	4	4	25	0.0606061	66	0.0432339	FALSE	NA	NA	NA	NA	NA	NA
NC_045512.2	20972	C	G	52	6	26	2	2	24	0.030303	66	0.203817	FALSE	NA	NA	NA	NA	NA	NA
NC_045512.2	20972	C	A	52	6	26	8	8	26	0.121212	66	0.00217538	TRUE	NA	NA	NA	NA	NA	NA
NC_045512.2	20973	T	G	53	8	26	3	3	29	0.0447761	67	0.0938897	FALSE	NA	NA	NA	NA	NA	NA
NC_045512.2	20973	T	C	53	8	26	2	1	25	0.0298507	67	0.204545	FALSE	NA	NA	NA	NA	NA	NA
NC_045512.2	20973	T	A	53	8	26	9	9	27	0.134328	67	0.0010642	TRUE	NA	NA	NA	NA	NA	NA
NC_045512.2	20974	G	T	53	8	26	7	7	26	0.106061	66	0.00484329	TRUE	NA	NA	NA	NA	NA	NA
NC_045512.2	20974	G	C	53	8	26	4	4	27	0.0606061	66	0.0449724	FALSE	NA	NA	NA	NA	NA	NA
NC_045512.2	20974	G	A	53	8	26	2	2	28	0.030303	66	0.207983	FALSE	NA	NA	NA	NA	NA	NA
NC_045512.2	20975	A	T	54	8	26	8	8	27	0.119403	67	0.0023649	TRUE	NA	NA	NA	NA	NA	NA
NC_045512.2	20975	A	G	54	8	26	1	1	27	0.0149254	67	0.454545	FALSE	NA	NA	NA	NA	NA	NA
NC_045512.2	20975	A	C	54	8	26	4	4	29	0.0597015	67	0.0452253	FALSE	NA	NA	NA	NA	NA	NA
NC_045512.2	20976	T	G	59	13	27	6	6	26	0.0895522	67	0.0132165	FALSE	NA	NA	NA	NA	NA	NA
NC_045512.2	20976	T	A	59	13	27	2	2	27	0.0298507	67	0.228721	FALSE	NA	NA	NA	NA	NA	NA
NC_045512.2	20977	G	T	59	13	27	2	2	27	0.030303	66	0.232381	FALSE	NA	NA	NA	NA	NA	NA
NC_045512.2	20977	G	C	59	13	27	1	1	27	0.0151515	66	0.48	FALSE	NA	NA	NA	NA	NA	NA
NC_045512.2	20977	G	A	59	13	27	4	4	27	0.0606061	66	0.0558366	FALSE	NA	NA	NA	NA	NA	NA
NC_045512.2	20978	C	T	52	7	26	6	5	28	0.0895522	67	0.00906406	TRUE	NA	NA	NA	NA	NA	NA
NC_045512.2	20978	C	G	52	7	26	3	3	27	0.0447761	67	0.0911001	FALSE	NA	NA	NA	NA	NA	NA
NC_045512.2	20978	C	A	52	7	26	6	6	27	0.0895522	67	0.00906406	TRUE	NA	NA	NA	NA	NA	NA
NC_045512.2	20979	A	T	55	9	26	4	4	25	0.0615385	65	0.0501316	FALSE	NA	NA	NA	NA	NA	NA
NC_045512.2	20979	A	G	55	9	26	4	4	27	0.0615385	65	0.0501316	FALSE	NA	NA	NA	NA	NA	NA
NC_045512.2	20979	A	C	55	9	26	2	2	25	0.0307692	65	0.219835	FALSE	NA	NA	NA	NA	NA	NA
NC_045512.2	20980	G	T	53	7	27	2	2	27	0.0307692	65	0.211508	FALSE	NA	NA	NA	NA	NA	NA
NC_045512.2	20980	G	C	53	7	27	3	3	27	0.0461538	65	0.0987039	FALSE	NA	NA	NA	NA	NA	NA
NC_045512.2	20980	G	A	53	7	27	7	7	28	0.107692	65	0.0051306	TRUE	NA	NA	NA	NA	NA	NA
NC_045512.2	20981	A	T	52	6	26	2	2	25	0.030303	66	0.203817	FALSE	NA	NA	NA	NA	NA	NA
NC_045512.2	20981	A	G	52	6	26	6	6	27	0.0909091	66	0.00952495	TRUE	NA	NA	NA	NA	NA	NA
NC_045512.2	20981	A	C	52	6	26	6	6	26	0.0909091	66	0.00952495	TRUE	NA	NA	NA	NA	NA	NA
NC_045512.2	20982	T	G	60	14	26	1	1	20	0.0151515	66	0.484127	FALSE	NA	NA	NA	NA	NA	NA
NC_045512.2	20982	T	C	60	14	26	2	2	24	0.030303	66	0.236345	FALSE	NA	NA	NA	NA	NA	NA
NC_045512.2	20982	T	A	60	14	26	3	3	28	0.0454545	66	0.116326	FALSE	NA	NA	NA	NA	NA	NA
NC_045512.2	20983	T	G	51	12	23	3	3	26	0.05	60	0.105938	FALSE	NA	NA	NA	NA	NA	NA
NC_045512.2	20983	T	C	51	12	23	2	2	25	0.0333333	60	0.221686	FALSE	NA	NA	NA	NA	NA	NA
NC_045512.2	20983	T	A	51	12	23	4	4	27	0.0666667	60	0.0511106	FALSE	NA	NA	NA	NA	NA	NA
NC_045512.2	20984	C	T	48	6	27	5	5	26	0.0793651	63	0.0186979	FALSE	NA	NA	NA	NA	NA	NA
NC_045512.2	20984	C	G	48	6	27	3	3	26	0.047619	63	0.088944	FALSE	NA	NA	NA	NA	NA	NA
NC_045512.2	20984	C	A	48	6	27	7	7	26	0.111111	63	0.00409172	TRUE	NA	NA	NA	NA	NA	NA
NC_045512.2	20985	A	T	49	8	26	9	9	26	0.147541	61	0.00119104	TRUE	NA	NA	NA	NA	NA	NA
NC_045512.2	20985	A	G	49	8	26	1	1	27	0.0163934	61	0.454545	FALSE	NA	NA	NA	NA	NA	NA
NC_045512.2	20985	A	C	49	8	26	2	2	27	0.0327869	61	0.208845	FALSE	NA	NA	NA	NA	NA	NA
NC_045512.2	20986	A	T	41	7	23	2	2	23	0.0454545	44	0.247059	FALSE	NA	NA	NA	NA	NA	NA
NC_045512.2	20986	A	G	41	7	23	1	1	24	0.0227273	44	0.494118	FALSE	NA	NA	NA	NA	NA	NA
NC_045512.2	20987	C	T	40	2	26	4	4	27	0.0833333	48	0.0507923	FALSE	NA	NA	NA	NA	NA	NA
NC_045512.2	20987	C	G	40	2	26	2	2	27	0.0416667	48	0.219867	FALSE	NA	NA	NA	NA	NA	NA
NC_045512.2	20987	C	A	40	2	26	2	2	27	0.0416667	48	0.219867	FALSE	NA	NA	NA	NA	NA	NA
NC_045512.2	20987	C	-T	40	2	26	1	0	20	0.0208333	48	0.465909	FALSE	NA	NA	NA	NA	NA	NA
NC_045512.2	20988	T	G	40	3	26	3	3	27	0.0638298	47	0.105048	FALSE	NA	NA	NA	NA	NA	NA
NC_045512.2	20988	T	C	40	3	26	1	1	28	0.0212766	47	0.465909	FALSE	NA	NA	NA	NA	NA	NA
NC_045512.2	20988	T	A	40	3	26	3	3	26	0.0638298	47	0.105048	FALSE	NA	NA	NA	NA	NA	NA
NC_045512.2	20989	T	G	42	4	27	1	1	27	0.0204082	49	0.472527	FALSE	NA	NA	NA	NA	NA	NA
NC_045512.2	20989	T	C	42	4	27	3	3	26	0.0612245	49	0.109351	FALSE	NA	NA	NA	NA	NA	NA
NC_045512.2	20989	T	A	42	4	27	3	3	27	0.0612245	49	0.109351	FALSE	NA	NA	NA	NA	NA	NA
NC_045512.2	20990	T	G	32	5	22	3	3	27	0.0789474	38	0.109742	FALSE	NA	NA	NA	NA	NA	NA
NC_045512.2	20990	T	C	32	5	22	1	1	28	0.0263158	38	0.471429	FALSE	NA	NA	NA	NA	NA	NA
NC_045512.2	20990	T	A	32	5	22	2	2	27	0.0526316	38	0.225755	FALSE	NA	NA	NA	NA	NA	NA
NC_045512.2	20991	G	T	43	5	26	1	1	28	0.02	50	0.473118	FALSE	NA	NA	NA	NA	NA	NA
NC_045512.2	20991	G	C	43	5	26	2	2	25	0.04	50	0.226493	FALSE	NA	NA	NA	NA	NA	NA
NC_045512.2	20991	G	A	43	5	26	4	4	28	0.08	50	0.0536927	FALSE	NA	NA	NA	NA	NA	NA
NC_045512.2	20992	A	T	42	4	25	1	1	34	0.02	50	0.467391	FALSE	NA	NA	NA	NA	NA	NA
NC_045512.2	20992	A	G	42	4	25	3	3	26	0.06	50	0.105861	FALSE	NA	NA	NA	NA	NA	NA
NC_045512.2	20992	A	C	42	4	25	4	4	27	0.08	50	0.0512589	FALSE	NA	NA	NA	NA	NA	NA
NC_045512.2	20993	T	G	39	2	27	3	3	27	0.0612245	49	0.0977188	FALSE	NA	NA	NA	NA	NA	NA
NC_045512.2	20993	T	C	39	2	27	2	1	31	0.0408163	49	0.209397	FALSE	NA	NA	NA	NA	NA	NA
NC_045512.2	20993	T	A	39	2	27	5	5	28	0.102041	49	0.0220836	FALSE	NA	NA	NA	NA	NA	NA
NC_045512.2	20994	T	G	34	4	23	5	5	27	0.119048	42	0.0239499	FALSE	NA	NA	NA	NA	NA	NA
NC_045512.2	20994	T	C	34	4	23	1	1	28	0.0238095	42	0.460526	FALSE	NA	NA	NA	NA	NA	NA
NC_045512.2	20994	T	A	34	4	23	2	2	28	0.047619	42	0.215311	FALSE	NA	NA	NA	NA	NA	NA
NC_045512.2	20995	G	T	43	5	26	6	6	24	0.12	50	0.0132848	FALSE	NA	NA	NA	NA	NA	NA
NC_045512.2	20995	G	C	43	5	26	1	1	28	0.02	50	0.473118	FALSE	NA	NA	NA	NA	NA	NA
NC_045512.2	20996	G	T	36	1	23	9	9	26	0.1875	48	0.00102004	TRUE	NA	NA	NA	NA	NA	NA
NC_045512.2	20996	G	C	36	1	23	1	1	23	0.0208333	48	0.440476	FALSE	NA	NA	NA	NA	NA	NA
NC_045512.2	20996	G	A	36	1	23	2	1	26	0.0416667	48	0.196919	FALSE	NA	NA	NA	NA	NA	NA
NC_045512.2	20997	T	G	42	6	27	1	1	27	0.0208333	48	0.477778	FALSE	NA	NA	NA	NA	NA	NA
NC_045512.2	20997	T	C	42	6	27	1	1	25	0.0208333	48	0.477778	FALSE	NA	NA	NA	NA	NA	NA
NC_045512.2	20997	T	A	42	6	27	4	4	27	0.0833333	48	0.0558903	FALSE	NA	NA	NA	NA	NA	NA
NC_045512.2	20998	G	T	40	4	26	4	4	26	0.0851064	47	0.0531276	FALSE	NA	NA	NA	NA	NA	NA
NC_045512.2	20998	G	C	40	4	26	1	1	29	0.0212766	47	0.471264	FALSE	NA	NA	NA	NA	NA	NA
NC_045512.2	20998	G	A	40	4	26	2	2	26	0.0425532	47	0.224922	FALSE	NA	NA	NA	NA	NA	NA
NC_045512.2	20999	A	T	39	4	27	2	2	26	0.0465116	43	0.240964	FALSE	NA	NA	NA	NA	NA	NA
NC_045512.2	20999	A	G	39	4	27	2	1	26	0.0465116	43	0.240964	FALSE	NA	NA	NA	NA	NA	NA
NC_045512.2	21000	T	A	37	2	27	2	2	30	0.0512821	39	0.253247	FALSE	NA	NA	NA	NA	NA	NA
NC_045512.2	21001	T	G	31	2	22	1	1	31	0.030303	33	0.5	FALSE	NA	NA	NA	NA	NA	NA
NC_045512.2	21001	T	C	31	2	22	1	1	28	0.030303	33	0.5	FALSE	NA	NA	NA	NA	NA	NA
NC_045512.2	21002	G	T	35	0	25	1	1	24	0.025641	39	0.486486	FALSE	NA	NA	NA	NA	NA	NA
NC_045512.2	21002	G	C	35	0	25	1	1	28	0.025641	39	0.486486	FALSE	NA	NA	NA	NA	NA	NA
NC_045512.2	21002	G	A	35	0	25	2	2	24	0.0512821	39	0.24	FALSE	NA	NA	NA	NA	NA	NA
NC_045512.2	21003	T	C	36	1	25	1	1	29	0.0243902	41	0.480519	FALSE	NA	NA	NA	NA	NA	NA
NC_045512.2	21003	T	A	36	1	25	4	4	25	0.097561	41	0.057784	FALSE	NA	NA	NA	NA	NA	NA
NC_045512.2	21004	G	T	37	2	26	1	1	28	0.0243902	41	0.487179	FALSE	NA	NA	NA	NA	NA	NA
NC_045512.2	21004	G	C	37	2	26	1	1	27	0.0243902	41	0.487179	FALSE	NA	NA	NA	NA	NA	NA
NC_045512.2	21004	G	A	37	2	26	2	2	27	0.0487805	41	0.240506	FALSE	NA	NA	NA	NA	NA	NA
NC_045512.2	21005	C	G	35	0	26	3	3	27	0.0731707	41	0.110889	FALSE	NA	NA	NA	NA	NA	NA
NC_045512.2	21005	C	A	35	0	26	3	3	25	0.0731707	41	0.110889	FALSE	NA	NA	NA	NA	NA	NA
NC_045512.2	21006	A	T	36	1	26	3	3	27	0.0731707	41	0.115568	FALSE	NA	NA	NA	NA	NA	NA
NC_045512.2	21006	A	G	36	1	26	1	1	27	0.0243902	41	0.480519	FALSE	NA	NA	NA	NA	NA	NA
NC_045512.2	21006	A	C	36	1	26	1	1	24	0.0243902	41	0.480519	FALSE	NA	NA	NA	NA	NA	NA
NC_045512.2	21007	A	G	32	1	22	1	1	24	0.027027	37	0.478261	FALSE	NA	NA	NA	NA	NA	NA
NC_045512.2	21007	A	C	32	1	22	4	4	27	0.108108	37	0.0572566	FALSE	NA	NA	NA	NA	NA	NA
NC_045512.2	21008	C	T	34	0	26	3	3	25	0.0731707	41	0.10622	FALSE	NA	NA	NA	NA	NA	NA
NC_045512.2	21008	C	G	34	0	26	2	2	28	0.0487805	41	0.221053	FALSE	NA	NA	NA	NA	NA	NA
NC_045512.2	21008	C	A	34	0	26	2	2	25	0.0487805	41	0.221053	FALSE	NA	NA	NA	NA	NA	NA
NC_045512.2	21009	T	G	36	3	25	2	2	28	0.05	40	0.24026	FALSE	NA	NA	NA	NA	NA	NA
NC_045512.2	21009	T	C	36	3	25	1	1	30	0.025	40	0.486842	FALSE	NA	NA	NA	NA	NA	NA
NC_045512.2	21009	T	A	36	3	25	1	1	30	0.025	40	0.486842	FALSE	NA	NA	NA	NA	NA	NA
NC_045512.2	21010	G	T	35	2	26	4	4	26	0.1	40	0.0576623	FALSE	NA	NA	NA	NA	NA	NA
NC_045512.2	21010	G	A	35	2	26	1	1	23	0.025	40	0.48	FALSE	NA	NA	NA	NA	NA	NA
NC_045512.2	21011	T	G	32	1	26	4	4	27	0.105263	38	0.0541192	FALSE	NA	NA	NA	NA	NA	NA
NC_045512.2	21011	T	A	32	1	26	2	2	29	0.0526316	38	0.225755	FALSE	NA	NA	NA	NA	NA	NA
NC_045512.2	21012	A	T	33	1	27	3	3	28	0.0769231	39	0.110144	FALSE	NA	NA	NA	NA	NA	NA
NC_045512.2	21012	A	G	33	1	27	1	1	29	0.025641	39	0.472222	FALSE	NA	NA	NA	NA	NA	NA
NC_045512.2	21012	A	C	33	1	27	2	2	26	0.0512821	39	0.226408	FALSE	NA	NA	NA	NA	NA	NA
NC_045512.2	21013	C	T	33	1	26	4	4	28	0.102564	39	0.0543379	FALSE	NA	NA	NA	NA	NA	NA
NC_045512.2	21013	C	G	33	1	26	1	1	28	0.025641	39	0.472222	FALSE	NA	NA	NA	NA	NA	NA
NC_045512.2	21013	C	A	33	1	26	1	1	27	0.025641	39	0.472222	FALSE	NA	NA	NA	NA	NA	NA
NC_045512.2	21014	A	T	34	2	26	2	2	30	0.0512821	39	0.233247	FALSE	NA	NA	NA	NA	NA	NA
NC_045512.2	21014	A	G	34	2	26	3	3	27	0.0769231	39	0.115068	FALSE	NA	NA	NA	NA	NA	NA
NC_045512.2	21015	T	G	33	1	27	1	1	28	0.025641	39	0.472222	FALSE	NA	NA	NA	NA	NA	NA
NC_045512.2	21015	T	C	33	1	27	3	3	24	0.0769231	39	0.110144	FALSE	NA	NA	NA	NA	NA	NA
NC_045512.2	21015	T	A	33	1	27	2	2	27	0.0512821	39	0.226408	FALSE	NA	NA	NA	NA	NA	NA
NC_045512.2	21016	A	T	33	1	26	1	1	23	0.025641	39	0.472222	FALSE	NA	NA	NA	NA	NA	NA
NC_045512.2	21016	A	G	33	1	26	2	2	27	0.0512821	39	0.226408	FALSE	NA	NA	NA	NA	NA	NA
NC_045512.2	21016	A	C	33	1	26	3	3	25	0.0769231	39	0.110144	FALSE	NA	NA	NA	NA	NA	NA
NC_045512.2	21017	C	T	33	1	26	2	2	28	0.0526316	38	0.232786	FALSE	NA	NA	NA	NA	NA	NA
NC_045512.2	21017	C	G	33	1	26	2	2	27	0.0526316	38	0.232786	FALSE	NA	NA	NA	NA	NA	NA
NC_045512.2	21017	C	A	33	1	26	1	1	28	0.0263158	38	0.478873	FALSE	NA	NA	NA	NA	NA	NA
NC_045512.2	21018	A	T	34	2	26	3	3	26	0.0769231	39	0.115068	FALSE	NA	NA	NA	NA	NA	NA
NC_045512.2	21018	A	G	34	2	26	1	1	26	0.025641	39	0.479452	FALSE	NA	NA	NA	NA	NA	NA
NC_045512.2	21018	A	C	34	2	26	1	1	28	0.025641	39	0.479452	FALSE	NA	NA	NA	NA	NA	NA
NC_045512.2	21019	G	T	33	2	26	2	2	26	0.0526316	38	0.232786	FALSE	NA	NA	NA	NA	NA	NA
NC_045512.2	21019	G	C	33	2	26	1	1	28	0.0263158	38	0.478873	FALSE	NA	NA	NA	NA	NA	NA
NC_045512.2	21019	G	A	33	2	26	2	2	27	0.0526316	38	0.232786	FALSE	NA	NA	NA	NA	NA	NA
NC_045512.2	21020	C	T	32	1	26	3	3	24	0.0789474	38	0.109742	FALSE	NA	NA	NA	NA	NA	NA
NC_045512.2	21020	C	G	32	1	26	3	3	26	0.0789474	38	0.109742	FALSE	NA	NA	NA	NA	NA	NA
NC_045512.2	21021	T	G	31	1	26	2	2	25	0.0555556	36	0.231782	FALSE	NA	NA	NA	NA	NA	NA
NC_045512.2	21021	T	C	31	1	26	2	2	25	0.0555556	36	0.231782	FALSE	NA	NA	NA	NA	NA	NA
NC_045512.2	21021	T	A	31	1	26	1	1	25	0.0277778	36	0.477612	FALSE	NA	NA	NA	NA	NA	NA
NC_045512.2	21022	A	G	32	2	27	3	3	28	0.0810811	37	0.114513	FALSE	NA	NA	NA	NA	NA	NA
NC_045512.2	21022	A	C	32	2	27	2	2	26	0.0540541	37	0.232298	FALSE	NA	NA	NA	NA	NA	NA
NC_045512.2	21023	A	T	28	1	22	2	2	26	0.0588235	34	0.222734	FALSE	NA	NA	NA	NA	NA	NA
NC_045512.2	21023	A	G	28	1	22	3	3	28	0.0882353	34	0.107887	FALSE	NA	NA	NA	NA	NA	NA
NC_045512.2	21023	A	C	28	1	22	1	1	26	0.0294118	34	0.467742	FALSE	NA	NA	NA	NA	NA	NA
NC_045512.2	21024	T	C	30	2	26	2	2	27	0.0571429	35	0.231235	FALSE	NA	NA	NA	NA	NA	NA
NC_045512.2	21024	T	A	30	2	26	3	3	27	0.0857143	35	0.113892	FALSE	NA	NA	NA	NA	NA	NA
NC_045512.2	21025	A	T	28	2	27	3	3	26	0.0882353	34	0.107887	FALSE	NA	NA	NA	NA	NA	NA
NC_045512.2	21025	A	G	28	2	27	1	1	27	0.0294118	34	0.467742	FALSE	NA	NA	NA	NA	NA	NA
NC_045512.2	21025	A	C	28	2	27	2	2	28	0.0588235	34	0.222734	FALSE	NA	NA	NA	NA	NA	NA
NC_045512.2	21026	A	T	26	0	27	1	1	31	0.0294118	34	0.45	FALSE	NA	NA	NA	NA	NA	NA
NC_045512.2	21026	A	G	26	0	27	4	4	26	0.117647	34	0.0460074	FALSE	NA	NA	NA	NA	NA	NA
NC_045512.2	21026	A	C	26	0	27	3	3	27	0.0882353	34	0.0966155	FALSE	NA	NA	NA	NA	NA	NA
NC_045512.2	21027	A	T	15	1	22	2	2	27	0.0909091	22	0.193457	FALSE	NA	NA	NA	NA	NA	NA
NC_045512.2	21027	A	G	15	1	22	2	2	28	0.0909091	22	0.193457	FALSE	NA	NA	NA	NA	NA	NA
NC_045512.2	21027	A	C	15	1	22	3	3	26	0.136364	22	0.0892877	FALSE	NA	NA	NA	NA	NA	NA
NC_045512.2	21028	T	G	27	2	26	4	4	26	0.121212	33	0.0528233	FALSE	NA	NA	NA	NA	NA	NA
NC_045512.2	21028	T	C	27	2	26	2	2	28	0.0606061	33	0.221858	FALSE	NA	NA	NA	NA	NA	NA
NC_045512.2	21029	G	T	31	1	27	4	4	27	0.105263	38	0.0508947	FALSE	NA	NA	NA	NA	NA	NA
NC_045512.2	21029	G	C	31	1	27	1	1	28	0.0263158	38	0.463768	FALSE	NA	NA	NA	NA	NA	NA
NC_045512.2	21029	G	A	31	1	27	2	2	25	0.0526316	38	0.218634	FALSE	NA	NA	NA	NA	NA	NA
NC_045512.2	21030	G	T	32	2	28	3	3	25	0.075	40	0.100966	FALSE	NA	NA	NA	NA	NA	NA
NC_045512.2	21030	G	C	32	2	28	2	2	27	0.05	40	0.21347	FALSE	NA	NA	NA	NA	NA	NA
NC_045512.2	21030	G	A	32	2	28	3	3	26	0.075	40	0.100966	FALSE	NA	NA	NA	NA	NA	NA
NC_045512.2	21031	G	T	21	1	23	4	4	26	0.129032	31	0.0370908	FALSE	NA	NA	NA	NA	NA	NA
NC_045512.2	21031	G	C	21	1	23	4	4	27	0.129032	31	0.0370908	FALSE	NA	NA	NA	NA	NA	NA
NC_045512.2	21031	G	A	21	1	23	2	2	28	0.0645161	31	0.183599	FALSE	NA	NA	NA	NA	NA	NA
NC_045512.2	21032	A	T	31	2	26	4	4	24	0.0952381	42	0.0408114	FALSE	NA	NA	NA	NA	NA	NA
NC_045512.2	21032	A	G	31	2	26	4	4	25	0.0952381	42	0.0408114	FALSE	NA	NA	NA	NA	NA	NA
NC_045512.2	21032	A	C	31	2	26	3	2	27	0.0714286	42	0.088619	FALSE	NA	NA	NA	NA	NA	NA
NC_045512.2	21033	T	G	32	2	27	5	5	28	0.113636	44	0.0181321	FALSE	NA	NA	NA	NA	NA	NA
NC_045512.2	21033	T	C	32	2	27	3	3	28	0.0681818	44	0.0860324	FALSE	NA	NA	NA	NA	NA	NA
NC_045512.2	21033	T	A	32	2	27	4	4	25	0.0909091	44	0.0392046	FALSE	NA	NA	NA	NA	NA	NA
NC_045512.2	21034	C	T	33	3	27	5	5	28	0.108696	46	0.0172878	FALSE	NA	NA	NA	NA	NA	NA
NC_045512.2	21034	C	G	33	3	27	3	3	27	0.0652174	46	0.083685	FALSE	NA	NA	NA	NA	NA	NA
NC_045512.2	21034	C	A	33	3	27	5	5	27	0.108696	46	0.0172878	FALSE	NA	NA	NA	NA	NA	NA
NC_045512.2	21035	T	G	35	5	27	5	5	28	0.108696	46	0.0200603	FALSE	NA	NA	NA	NA	NA	NA
NC_045512.2	21035	T	C	35	5	27	3	3	27	0.0652174	46	0.0918144	FALSE	NA	NA	NA	NA	NA	NA
NC_045512.2	21035	T	A	35	5	27	3	3	27	0.0652174	46	0.0918144	FALSE	NA	NA	NA	NA	NA	NA
NC_045512.2	21036	C	T	31	3	27	5	3	24	0.108696	46	0.0147138	FALSE	NA	NA	NA	NA	NA	NA
NC_045512.2	21036	C	G	31	3	27	5	5	28	0.108696	46	0.0147138	FALSE	NA	NA	NA	NA	NA	NA
NC_045512.2	21036	C	A	31	3	27	5	5	24	0.108696	46	0.0147138	FALSE	NA	NA	NA	NA	NA	NA
NC_045512.2	21037	A	T	32	3	27	5	5	24	0.111111	45	0.0170129	FALSE	NA	NA	NA	NA	NA	NA
NC_045512.2	21037	A	G	32	3	27	3	3	25	0.0666667	45	0.0827653	FALSE	NA	NA	NA	NA	NA	NA
NC_045512.2	21037	A	C	32	3	27	5	5	27	0.111111	45	0.0170129	FALSE	NA	NA	NA	NA	NA	NA
NC_045512.2	21038	T	G	36	7	27	3	3	26	0.0681818	44	0.103196	FALSE	NA	NA	NA	NA	NA	NA
NC_045512.2	21038	T	C	36	7	27	2	2	25	0.0454545	44	0.216975	FALSE	NA	NA	NA	NA	NA	NA
NC_045512.2	21038	T	A	36	7	27	3	3	29	0.0681818	44	0.103196	FALSE	NA	NA	NA	NA	NA	NA
NC_045512.2	21039	T	G	31	7	23	6	6	28	0.15	40	0.010634	FALSE	NA	NA	NA	NA	NA	NA
NC_045512.2	21039	T	C	31	7	23	1	1	27	0.025	40	0.450704	FALSE	NA	NA	NA	NA	NA	NA
NC_045512.2	21039	T	A	31	7	23	2	2	27	0.05	40	0.206573	FALSE	NA	NA	NA	NA	NA	NA
NC_045512.2	21040	A	T	30	2	26	10	10	26	0.227273	44	0.000348497	TRUE	NA	NA	NA	NA	NA	NA
NC_045512.2	21040	A	G	30	2	26	2	2	27	0.0454545	44	0.178739	FALSE	NA	NA	NA	NA	NA	NA
NC_045512.2	21040	A	C	30	2	26	2	2	27	0.0454545	44	0.178739	FALSE	NA	NA	NA	NA	NA	NA
NC_045512.2	21041	T	G	35	7	27	3	3	24	0.0681818	44	0.0988748	FALSE	NA	NA	NA	NA	NA	NA
NC_045512.2	21041	T	C	35	7	27	2	2	27	0.0454545	44	0.210759	FALSE	NA	NA	NA	NA	NA	NA
NC_045512.2	21041	T	A	35	7	27	4	4	27	0.0909091	44	0.0470258	FALSE	NA	NA	NA	NA	NA	NA
NC_045512.2	21042	T	G	30	4	24	6	6	27	0.142857	42	0.00821528	TRUE	NA	NA	NA	NA	NA	NA
NC_045512.2	21042	T	C	30	4	24	3	3	26	0.0714286	42	0.0841664	FALSE	NA	NA	NA	NA	NA	NA
NC_045512.2	21042	T	A	30	4	24	3	3	25	0.0714286	42	0.0841664	FALSE	NA	NA	NA	NA	NA	NA
NC_045512.2	21043	A	T	34	6	27	6	6	25	0.136364	44	0.0101693	FALSE	NA	NA	NA	NA	NA	NA
NC_045512.2	21043	A	G	34	6	27	3	3	27	0.0681818	44	0.0945716	FALSE	NA	NA	NA	NA	NA	NA
NC_045512.2	21043	A	C	34	6	27	1	1	27	0.0227273	44	0.448718	FALSE	NA	NA	NA	NA	NA	NA
NC_045512.2	21044	G	T	31	3	27	7	7	25	0.148936	47	0.00278632	TRUE	NA	NA	NA	NA	NA	NA
NC_045512.2	21044	G	C	31	3	27	1	1	29	0.0212766	47	0.410256	FALSE	NA	NA	NA	NA	NA	NA
NC_045512.2	21044	G	A	31	3	27	8	8	26	0.170213	47	0.00127843	TRUE	NA	NA	NA	NA	NA	NA
NC_045512.2	21045	T	G	31	3	27	4	4	27	0.0833333	48	0.0299361	FALSE	NA	NA	NA	NA	NA	NA
NC_045512.2	21045	T	C	31	3	27	3	3	28	0.0625	48	0.070136	FALSE	NA	NA	NA	NA	NA	NA
NC_045512.2	21045	T	A	31	3	27	10	10	25	0.208333	48	0.000248379	TRUE	NA	NA	NA	NA	NA	NA
NC_045512.2	21046	G	T	34	6	27	4	4	23	0.0816327	49	0.0347601	FALSE	NA	NA	NA	NA	NA	NA
NC_045512.2	21046	G	C	34	6	27	5	5	24	0.102041	49	0.0155821	FALSE	NA	NA	NA	NA	NA	NA
NC_045512.2	21046	G	A	34	6	27	6	6	27	0.122449	49	0.00708278	TRUE	NA	NA	NA	NA	NA	NA
NC_045512.2	21047	A	T	37	8	27	5	5	27	0.0980392	51	0.017298	FALSE	NA	NA	NA	NA	NA	NA
NC_045512.2	21047	A	G	37	8	27	5	5	25	0.0980392	51	0.017298	FALSE	NA	NA	NA	NA	NA	NA
NC_045512.2	21047	A	C	37	8	27	4	4	26	0.0784314	51	0.0378909	FALSE	NA	NA	NA	NA	NA	NA
NC_045512.2	21048	T	G	33	4	27	8	8	26	0.156863	51	0.00112427	TRUE	NA	NA	NA	NA	NA	NA
NC_045512.2	21048	T	C	33	4	27	5	5	27	0.0980392	51	0.0128126	FALSE	NA	NA	NA	NA	NA	NA
NC_045512.2	21048	T	A	33	4	27	5	5	26	0.0980392	51	0.0128126	FALSE	NA	NA	NA	NA	NA	NA
NC_045512.2	21049	A	T	41	12	27	3	3	26	0.06	50	0.102061	FALSE	NA	NA	NA	NA	NA	NA
NC_045512.2	21049	A	G	41	12	27	4	4	26	0.08	50	0.0488588	FALSE	NA	NA	NA	NA	NA	NA
NC_045512.2	21049	A	C	41	12	27	2	2	26	0.04	50	0.215719	FALSE	NA	NA	NA	NA	NA	NA
NC_045512.2	21050	T	G	34	5	27	6	6	27	0.12	50	0.00660529	TRUE	NA	NA	NA	NA	NA	NA
NC_045512.2	21050	T	C	34	5	27	5	5	26	0.1	50	0.0146968	FALSE	NA	NA	NA	NA	NA	NA
NC_045512.2	21050	T	A	34	5	27	5	5	26	0.1	50	0.0146968	FALSE	NA	NA	NA	NA	NA	NA
NC_045512.2	21051	G	T	35	6	27	10	10	26	0.2	50	0.000352848	TRUE	NA	NA	NA	NA	NA	NA
NC_045512.2	21051	G	C	35	6	27	3	3	28	0.06	50	0.0795887	FALSE	NA	NA	NA	NA	NA	NA
NC_045512.2	21051	G	A	35	6	27	2	2	28	0.04	50	0.182216	FALSE	NA	NA	NA	NA	NA	NA
NC_045512.2	21052	T	G	37	8	27	10	10	24	0.196078	51	0.000411727	TRUE	NA	NA	NA	NA	NA	NA
NC_045512.2	21052	T	C	37	8	27	1	1	28	0.0196078	51	0.431818	FALSE	NA	NA	NA	NA	NA	NA
NC_045512.2	21052	T	A	37	8	27	3	3	27	0.0588235	51	0.0840994	FALSE	NA	NA	NA	NA	NA	NA
NC_045512.2	21053	A	T	32	3	26	5	5	25	0.0980392	51	0.011797	FALSE	NA	NA	NA	NA	NA	NA
NC_045512.2	21053	A	G	32	3	26	10	10	26	0.196078	51	0.000204065	TRUE	NA	NA	NA	NA	NA	NA
NC_045512.2	21053	A	C	32	3	26	4	4	25	0.0784314	51	0.0277389	FALSE	NA	NA	NA	NA	NA	NA
NC_045512.2	21054	C	T	33	4	26	7	7	24	0.142857	49	0.00293676	TRUE	NA	NA	NA	NA	NA	NA
NC_045512.2	21054	C	G	33	4	26	8	8	26	0.163265	49	0.00135289	TRUE	NA	NA	NA	NA	NA	NA
NC_045512.2	21054	C	A	33	4	26	1	1	20	0.0204082	49	0.414634	FALSE	NA	NA	NA	NA	NA	NA
NC_045512.2	21055	G	T	33	4	26	10	10	26	0.2	50	0.000265903	TRUE	NA	NA	NA	NA	NA	NA
NC_045512.2	21055	G	C	33	4	26	3	3	23	0.06	50	0.0722892	FALSE	NA	NA	NA	NA	NA	NA
NC_045512.2	21055	G	A	33	4	26	4	4	25	0.08	50	0.0311011	FALSE	NA	NA	NA	NA	NA	NA
NC_045512.2	21056	A	T	31	2	26	8	8	26	0.16	50	0.000957167	TRUE	NA	NA	NA	NA	NA	NA
NC_045512.2	21056	A	G	31	2	26	7	7	25	0.14	50	0.00215976	TRUE	NA	NA	NA	NA	NA	NA
NC_045512.2	21056	A	C	31	2	26	4	4	27	0.08	50	0.0271365	FALSE	NA	NA	NA	NA	NA	NA
NC_045512.2	21057	C	T	35	6	27	7	7	26	0.145833	48	0.00391542	TRUE	NA	NA	NA	NA	NA	NA
NC_045512.2	21057	C	G	35	6	27	5	5	25	0.104167	48	0.0178081	FALSE	NA	NA	NA	NA	NA	NA
NC_045512.2	21057	C	A	35	6	27	1	1	27	0.0208333	48	0.433735	FALSE	NA	NA	NA	NA	NA	NA
NC_045512.2	21058	C	T	38	9	27	5	5	26	0.0980392	51	0.0185217	FALSE	NA	NA	NA	NA	NA	NA
NC_045512.2	21058	C	G	38	9	27	4	4	26	0.0784314	51	0.0400586	FALSE	NA	NA	NA	NA	NA	NA
NC_045512.2	21058	C	A	38	9	27	4	4	24	0.0784314	51	0.0400586	FALSE	NA	NA	NA	NA	NA	NA
NC_045512.2	21059	C	T	32	9	23	8	8	26	0.173913	46	0.00159804	TRUE	NA	NA	NA	NA	NA	NA
NC_045512.2	21059	C	G	32	9	23	3	3	25	0.0652174	46	0.0796616	FALSE	NA	NA	NA	NA	NA	NA
NC_045512.2	21059	C	A	32	9	23	3	3	26	0.0652174	46	0.0796616	FALSE	NA	NA	NA	NA	NA	NA
NC_045512.2	21060	T	G	34	5	26	5	5	28	0.1	50	0.0146968	FALSE	NA	NA	NA	NA	NA	NA
NC_045512.2	21060	T	C	34	5	26	5	5	26	0.1	50	0.0146968	FALSE	NA	NA	NA	NA	NA	NA
NC_045512.2	21060	T	A	34	5	26	6	6	26	0.12	50	0.00660529	TRUE	NA	NA	NA	NA	NA	NA
NC_045512.2	21061	A	T	34	5	27	5	5	27	0.0980392	51	0.0138711	FALSE	NA	NA	NA	NA	NA	NA
NC_045512.2	21061	A	G	34	5	27	4	4	26	0.0784314	51	0.0316546	FALSE	NA	NA	NA	NA	NA	NA
NC_045512.2	21061	A	C	34	5	27	8	8	27	0.156863	51	0.00126804	TRUE	NA	NA	NA	NA	NA	NA
NC_045512.2	21062	A	T	32	3	22	7	7	26	0.14	50	0.00242283	TRUE	NA	NA	NA	NA	NA	NA
NC_045512.2	21062	A	G	32	3	22	7	7	24	0.14	50	0.00242283	TRUE	NA	NA	NA	NA	NA	NA
NC_045512.2	21062	A	C	32	3	22	4	4	27	0.08	50	0.029092	FALSE	NA	NA	NA	NA	NA	NA
NC_045512.2	21063	G	T	41	12	27	5	5	26	0.0961538	52	0.0212698	FALSE	NA	NA	NA	NA	NA	NA
NC_045512.2	21063	G	C	41	12	27	3	3	27	0.0576923	52	0.0956833	FALSE	NA	NA	NA	NA	NA	NA
NC_045512.2	21063	G	A	41	12	27	3	3	27	0.0576923	52	0.0956833	FALSE	NA	NA	NA	NA	NA	NA
NC_045512.2	21064	A	T	36	7	26	4	4	26	0.0740741	54	0.0313008	FALSE	NA	NA	NA	NA	NA	NA
NC_045512.2	21064	A	G	36	7	26	10	10	27	0.185185	54	0.000261652	TRUE	NA	NA	NA	NA	NA	NA
NC_045512.2	21064	A	C	36	7	26	4	4	27	0.0740741	54	0.0313008	FALSE	NA	NA	NA	NA	NA	NA
NC_045512.2	21065	C	T	36	7	26	8	8	25	0.148148	54	0.00122635	TRUE	NA	NA	NA	NA	NA	NA
NC_045512.2	21065	C	G	36	7	26	7	7	27	0.12963	54	0.00270355	TRUE	NA	NA	NA	NA	NA	NA
NC_045512.2	21065	C	A	36	7	26	3	3	27	0.0555556	54	0.0727743	FALSE	NA	NA	NA	NA	NA	NA
NC_045512.2	21066	T	G	37	8	25	7	7	26	0.132075	53	0.00321503	TRUE	NA	NA	NA	NA	NA	NA
NC_045512.2	21066	T	C	37	8	25	3	3	24	0.0566038	53	0.0786749	FALSE	NA	NA	NA	NA	NA	NA
NC_045512.2	21066	T	A	37	8	25	6	6	25	0.113208	53	0.00701461	TRUE	NA	NA	NA	NA	NA	NA
NC_045512.2	21066	T	-A	37	8	25	3	0	20	0.0566038	53	0.0786749	FALSE	NA	NA	NA	NA	NA	NA
NC_045512.2	21066	T	+A	37	8	25	1	0	20	0.0188679	53	0.422222	FALSE	NA	NA	NA	NA	NA	NA
NC_045512.2	21067	A	T	29	3	26	4	4	26	0.0784314	51	0.0192696	FALSE	NA	NA	NA	NA	NA	NA
NC_045512.2	21067	A	G	29	3	26	9	9	25	0.176471	51	0.000207985	TRUE	NA	NA	NA	NA	NA	NA
NC_045512.2	21067	A	C	29	3	26	9	9	26	0.176471	51	0.000207985	TRUE	NA	NA	NA	NA	NA	NA
NC_045512.2	21068	A	T	31	4	26	8	8	26	0.153846	52	0.000793696	TRUE	NA	NA	NA	NA	NA	NA
NC_045512.2	21068	A	G	31	4	26	6	6	26	0.115385	52	0.00428981	TRUE	NA	NA	NA	NA	NA	NA
NC_045512.2	21068	A	C	31	4	26	7	7	25	0.134615	52	0.00183161	TRUE	NA	NA	NA	NA	NA	NA
NC_045512.2	21069	A	T	31	4	26	5	5	26	0.1	50	0.0114931	FALSE	NA	NA	NA	NA	NA	NA
NC_045512.2	21069	A	G	31	4	26	7	7	27	0.14	50	0.00215976	TRUE	NA	NA	NA	NA	NA	NA
NC_045512.2	21069	A	C	31	4	26	7	7	27	0.14	50	0.00215976	TRUE	NA	NA	NA	NA	NA	NA
NC_045512.2	21070	A	T	31	4	26	10	10	26	0.188679	53	0.00013876	TRUE	NA	NA	NA	NA	NA	NA
NC_045512.2	21070	A	G	31	4	26	6	6	27	0.113208	53	0.00400061	TRUE	NA	NA	NA	NA	NA	NA
NC_045512.2	21070	A	C	31	4	26	6	6	26	0.113208	53	0.00400061	TRUE	NA	NA	NA	NA	NA	NA
NC_045512.2	21071	A	T	4	4	26	9	9	24	0.36	25	5.74742e-06	TRUE	NA	NA	NA	NA	NA	NA
NC_045512.2	21071	A	G	4	4	26	6	6	27	0.24	25	0.000156145	TRUE	NA	NA	NA	NA	NA	NA
NC_045512.2	21071	A	C	4	4	26	6	6	26	0.24	25	0.000156145	TRUE	NA	NA	NA	NA	NA	NA
NC_045512.2	21072	T	G	38	11	25	5	5	26	0.0961538	52	0.0175365	FALSE	NA	NA	NA	NA	NA	NA
NC_045512.2	21072	T	C	38	11	25	6	6	27	0.115385	52	0.00812218	TRUE	NA	NA	NA	NA	NA	NA
NC_045512.2	21072	T	A	38	11	25	3	3	26	0.0576923	52	0.0848861	FALSE	NA	NA	NA	NA	NA	NA
NC_045512.2	21073	G	T	32	5	25	11	11	26	0.207547	53	7.36647e-05	TRUE	NA	NA	NA	NA	NA	NA
NC_045512.2	21073	G	C	32	5	25	8	8	28	0.150943	53	0.000826213	TRUE	NA	NA	NA	NA	NA	NA
NC_045512.2	21073	G	A	32	5	25	2	2	26	0.0377358	53	0.153488	FALSE	NA	NA	NA	NA	NA	NA
NC_045512.2	21074	T	G	38	11	26	4	4	26	0.0769231	52	0.0383357	FALSE	NA	NA	NA	NA	NA	NA
NC_045512.2	21074	T	C	38	11	26	6	6	28	0.115385	52	0.00812218	TRUE	NA	NA	NA	NA	NA	NA
NC_045512.2	21074	T	A	38	11	26	4	4	27	0.0769231	52	0.0383357	FALSE	NA	NA	NA	NA	NA	NA
NC_045512.2	21075	T	G	32	8	22	7	7	29	0.14	50	0.00242283	TRUE	NA	NA	NA	NA	NA	NA
NC_045512.2	21075	T	C	32	8	22	3	3	26	0.06	50	0.0686894	FALSE	NA	NA	NA	NA	NA	NA
NC_045512.2	21075	T	A	32	8	22	8	8	26	0.16	50	0.00108891	TRUE	NA	NA	NA	NA	NA	NA
NC_045512.2	21076	A	T	33	6	27	10	10	27	0.188679	53	0.000189742	TRUE	NA	NA	NA	NA	NA	NA
NC_045512.2	21076	A	G	33	6	27	7	7	27	0.132075	53	0.00212813	TRUE	NA	NA	NA	NA	NA	NA
NC_045512.2	21076	A	C	33	6	27	3	3	27	0.0566038	53	0.0650652	FALSE	NA	NA	NA	NA	NA	NA
NC_045512.2	21077	C	T	32	6	26	10	10	25	0.196078	51	0.000204065	TRUE	NA	NA	NA	NA	NA	NA
NC_045512.2	21077	C	G	32	6	26	5	5	26	0.0980392	51	0.011797	FALSE	NA	NA	NA	NA	NA	NA
NC_045512.2	21077	C	A	32	6	26	4	4	26	0.0784314	51	0.0277389	FALSE	NA	NA	NA	NA	NA	NA
NC_045512.2	21078	A	T	27	4	26	12	12	25	0.244898	49	2.20492e-05	TRUE	NA	NA	NA	NA	NA	NA
NC_045512.2	21078	A	G	27	4	26	7	7	26	0.142857	49	0.00141503	TRUE	NA	NA	NA	NA	NA	NA
NC_045512.2	21078	A	C	27	4	26	3	3	27	0.0612245	49	0.0533677	FALSE	NA	NA	NA	NA	NA	NA
NC_045512.2	21079	A	T	30	6	27	9	9	27	0.18	50	0.000370902	TRUE	NA	NA	NA	NA	NA	NA
NC_045512.2	21079	A	G	30	6	27	4	4	27	0.08	50	0.025237	FALSE	NA	NA	NA	NA	NA	NA
NC_045512.2	21079	A	C	30	6	27	7	7	26	0.14	50	0.00191608	TRUE	NA	NA	NA	NA	NA	NA
NC_045512.2	21080	A	T	33	9	27	9	9	24	0.18	50	0.000568908	TRUE	NA	NA	NA	NA	NA	NA
NC_045512.2	21080	A	G	33	9	27	5	5	27	0.1	50	0.0135844	FALSE	NA	NA	NA	NA	NA	NA
NC_045512.2	21080	A	C	33	9	27	3	3	28	0.06	50	0.0722892	FALSE	NA	NA	NA	NA	NA	NA
NC_045512.2	21081	A	T	16	8	24	9	9	26	0.264706	34	0.000191849	TRUE	NA	NA	NA	NA	NA	NA
NC_045512.2	21081	A	G	16	8	24	8	8	28	0.235294	34	0.00044509	TRUE	NA	NA	NA	NA	NA	NA
NC_045512.2	21081	A	C	16	8	24	1	1	28	0.0294118	34	0.34	FALSE	NA	NA	NA	NA	NA	NA
NC_045512.2	21082	G	T	29	5	26	8	8	27	0.16	50	0.000727625	TRUE	NA	NA	NA	NA	NA	NA
NC_045512.2	21082	G	C	29	5	26	5	5	27	0.1	50	0.00958367	TRUE	NA	NA	NA	NA	NA	NA
NC_045512.2	21082	G	A	29	5	26	8	8	27	0.16	50	0.000727625	TRUE	NA	NA	NA	NA	NA	NA
NC_045512.2	21083	A	T	31	8	27	9	9	25	0.18	50	0.000430187	TRUE	NA	NA	NA	NA	NA	NA
NC_045512.2	21083	A	G	31	8	27	6	6	26	0.12	50	0.00494472	TRUE	NA	NA	NA	NA	NA	NA
NC_045512.2	21083	A	C	31	8	27	4	4	26	0.08	50	0.0271365	FALSE	NA	NA	NA	NA	NA	NA
NC_045512.2	21084	A	T	29	6	27	8	8	27	0.16	50	0.000727625	TRUE	NA	NA	NA	NA	NA	NA
NC_045512.2	21084	A	G	29	6	27	8	8	27	0.16	50	0.000727625	TRUE	NA	NA	NA	NA	NA	NA
NC_045512.2	21084	A	C	29	6	27	5	5	28	0.1	50	0.00958367	TRUE	NA	NA	NA	NA	NA	NA
NC_045512.2	21085	A	T	29	6	27	10	10	26	0.2	50	0.000140849	TRUE	NA	NA	NA	NA	NA	NA
NC_045512.2	21085	A	G	29	6	27	5	5	27	0.1	50	0.00958367	TRUE	NA	NA	NA	NA	NA	NA
NC_045512.2	21085	A	C	29	6	27	6	6	27	0.12	50	0.00399319	TRUE	NA	NA	NA	NA	NA	NA
NC_045512.2	21086	A	T	19	9	24	13	13	26	0.351351	37	1.10739e-05	TRUE	NA	NA	NA	NA	NA	NA
NC_045512.2	21086	A	G	19	9	24	3	3	28	0.0810811	37	0.0499093	FALSE	NA	NA	NA	NA	NA	NA
NC_045512.2	21086	A	C	19	9	24	2	2	27	0.0540541	37	0.131579	FALSE	NA	NA	NA	NA	NA	NA
NC_045512.2	21087	T	G	33	10	26	5	5	28	0.1	50	0.0135844	FALSE	NA	NA	NA	NA	NA	NA
NC_045512.2	21087	T	C	33	10	26	6	6	27	0.12	50	0.00602036	TRUE	NA	NA	NA	NA	NA	NA
NC_045512.2	21087	T	A	33	10	26	6	6	27	0.12	50	0.00602036	TRUE	NA	NA	NA	NA	NA	NA
NC_045512.2	21088	G	T	27	4	27	12	12	25	0.244898	49	2.20492e-05	TRUE	NA	NA	NA	NA	NA	NA
NC_045512.2	21088	G	C	27	4	27	5	5	25	0.102041	49	0.0083767	TRUE	NA	NA	NA	NA	NA	NA
NC_045512.2	21088	G	A	27	4	27	5	5	26	0.102041	49	0.0083767	TRUE	NA	NA	NA	NA	NA	NA
NC_045512.2	21089	A	T	27	4	27	15	15	26	0.306122	49	2.15462e-06	TRUE	NA	NA	NA	NA	NA	NA
NC_045512.2	21089	A	G	27	4	27	4	4	26	0.0816327	49	0.0209417	FALSE	NA	NA	NA	NA	NA	NA
NC_045512.2	21089	A	C	27	4	27	3	3	27	0.0612245	49	0.0533677	FALSE	NA	NA	NA	NA	NA	NA
NC_045512.2	21090	C	T	25	2	27	12	12	26	0.24	50	1.21155e-05	TRUE	NA	NA	NA	NA	NA	NA
NC_045512.2	21090	C	G	25	2	27	5	5	25	0.1	50	0.00632306	TRUE	NA	NA	NA	NA	NA	NA
NC_045512.2	21090	C	A	25	2	27	8	8	25	0.16	50	0.000389551	TRUE	NA	NA	NA	NA	NA	NA
NC_045512.2	21091	T	G	32	9	26	5	5	27	0.102041	49	0.0132889	FALSE	NA	NA	NA	NA	NA	NA
NC_045512.2	21091	T	C	32	9	26	4	4	26	0.0816327	49	0.0305286	FALSE	NA	NA	NA	NA	NA	NA
NC_045512.2	21091	T	A	32	9	26	8	8	27	0.163265	49	0.00119646	TRUE	NA	NA	NA	NA	NA	NA
NC_045512.2	21092	C	T	27	4	27	12	12	27	0.24	50	1.90425e-05	TRUE	NA	NA	NA	NA	NA	NA
NC_045512.2	21092	C	G	27	4	27	4	4	26	0.08	50	0.0198947	FALSE	NA	NA	NA	NA	NA	NA
NC_045512.2	21092	C	A	27	4	27	7	7	25	0.14	50	0.00129569	TRUE	NA	NA	NA	NA	NA	NA
NC_045512.2	21093	T	G	29	6	27	8	8	26	0.163265	49	0.000802253	TRUE	NA	NA	NA	NA	NA	NA
NC_045512.2	21093	T	C	29	6	27	5	5	27	0.102041	49	0.010198	FALSE	NA	NA	NA	NA	NA	NA
NC_045512.2	21093	T	A	29	6	27	7	7	26	0.142857	49	0.00184301	TRUE	NA	NA	NA	NA	NA	NA
NC_045512.2	21094	A	T	29	6	27	7	7	25	0.145833	48	0.00201056	TRUE	NA	NA	NA	NA	NA	NA
NC_045512.2	21094	A	G	29	6	27	8	8	26	0.166667	48	0.000885604	TRUE	NA	NA	NA	NA	NA	NA
NC_045512.2	21094	A	C	29	6	27	4	4	26	0.0833333	48	0.0258729	FALSE	NA	NA	NA	NA	NA	NA
NC_045512.2	21095	A	T	27	4	28	9	9	25	0.18	50	0.000228652	TRUE	NA	NA	NA	NA	NA	NA
NC_045512.2	21095	A	G	27	4	28	5	5	26	0.1	50	0.00785962	TRUE	NA	NA	NA	NA	NA	NA
NC_045512.2	21095	A	C	27	4	28	9	9	26	0.18	50	0.000228652	TRUE	NA	NA	NA	NA	NA	NA
NC_045512.2	21096	A	T	22	4	22	13	13	25	0.302326	43	8.03465e-06	TRUE	NA	NA	NA	NA	NA	NA
NC_045512.2	21096	A	G	22	4	22	5	5	27	0.116279	43	0.00718333	TRUE	NA	NA	NA	NA	NA	NA
NC_045512.2	21096	A	C	22	4	22	3	3	27	0.0697674	43	0.0480117	FALSE	NA	NA	NA	NA	NA	NA
NC_045512.2	21097	G	T	30	7	27	11	11	26	0.22	50	7.594e-05	TRUE	NA	NA	NA	NA	NA	NA
NC_045512.2	21097	G	C	30	7	27	3	3	30	0.06	50	0.0616079	FALSE	NA	NA	NA	NA	NA	NA
NC_045512.2	21097	G	A	30	7	27	6	6	26	0.12	50	0.00445359	TRUE	NA	NA	NA	NA	NA	NA
NC_045512.2	21098	A	T	25	3	26	14	14	27	0.285714	49	2.78893e-06	TRUE	NA	NA	NA	NA	NA	NA
NC_045512.2	21098	A	G	25	3	26	2	2	28	0.0408163	49	0.126486	FALSE	NA	NA	NA	NA	NA	NA
NC_045512.2	21098	A	C	25	3	26	8	8	26	0.163265	49	0.000431664	TRUE	NA	NA	NA	NA	NA	NA
NC_045512.2	21099	G	T	31	9	26	8	8	27	0.170213	47	0.00127843	TRUE	NA	NA	NA	NA	NA	NA
NC_045512.2	21099	G	C	31	9	26	5	5	27	0.106383	47	0.0138167	FALSE	NA	NA	NA	NA	NA	NA
NC_045512.2	21099	G	A	31	9	26	3	3	26	0.0638298	47	0.0728335	FALSE	NA	NA	NA	NA	NA	NA
NC_045512.2	21100	G	T	24	7	27	12	12	27	0.272727	44	2.44422e-05	TRUE	NA	NA	NA	NA	NA	NA
NC_045512.2	21100	G	C	24	7	27	5	5	29	0.113636	44	0.00848763	TRUE	NA	NA	NA	NA	NA	NA
NC_045512.2	21100	G	A	24	7	27	3	3	27	0.0681818	44	0.0534344	FALSE	NA	NA	NA	NA	NA	NA
NC_045512.2	21101	G	T	16	6	24	10	10	27	0.27027	37	4.94028e-05	TRUE	NA	NA	NA	NA	NA	NA
NC_045512.2	21101	G	C	16	6	24	7	7	27	0.189189	37	0.000718621	TRUE	NA	NA	NA	NA	NA	NA
NC_045512.2	21101	G	A	16	6	24	4	4	26	0.108108	37	0.0131912	FALSE	NA	NA	NA	NA	NA	NA
NC_045512.2	21101	G	-T	16	6	24	1	0	20	0.027027	37	0.320755	FALSE	NA	NA	NA	NA	NA	NA
NC_045512.2	21102	T	G	28	12	26	4	4	27	0.0930233	43	0.0295858	FALSE	NA	NA	NA	NA	NA	NA
NC_045512.2	21102	T	C	28	12	26	5	5	28	0.116279	43	0.0128464	FALSE	NA	NA	NA	NA	NA	NA
NC_045512.2	21102	T	A	28	12	26	6	6	26	0.139535	43	0.00567246	TRUE	NA	NA	NA	NA	NA	NA
NC_045512.2	21103	T	G	25	8	28	4	4	27	0.0930233	43	0.0244444	FALSE	NA	NA	NA	NA	NA	NA
NC_045512.2	21103	T	C	25	8	28	10	10	28	0.232558	43	0.000167348	TRUE	NA	NA	NA	NA	NA	NA
NC_045512.2	21103	T	A	25	8	28	4	4	25	0.0930233	43	0.0244444	FALSE	NA	NA	NA	NA	NA	NA
NC_045512.2	21104	T	G	27	11	28	3	3	26	0.0714286	42	0.0710349	FALSE	NA	NA	NA	NA	NA	NA
NC_045512.2	21104	T	C	27	11	28	7	7	26	0.166667	42	0.00271037	TRUE	NA	NA	NA	NA	NA	NA
NC_045512.2	21104	T	A	27	11	28	5	5	27	0.119048	42	0.0134069	FALSE	NA	NA	NA	NA	NA	NA
NC_045512.2	21105	T	G	25	9	28	10	10	26	0.232558	43	0.000167348	TRUE	NA	NA	NA	NA	NA	NA
NC_045512.2	21105	T	C	25	9	28	3	3	27	0.0697674	43	0.0598465	FALSE	NA	NA	NA	NA	NA	NA
NC_045512.2	21105	T	A	25	9	28	5	5	26	0.116279	43	0.0101852	FALSE	NA	NA	NA	NA	NA	NA
NC_045512.2	21106	T	G	21	5	28	6	6	27	0.139535	43	0.00246927	TRUE	NA	NA	NA	NA	NA	NA
NC_045512.2	21106	T	C	21	5	28	6	6	27	0.139535	43	0.00246927	TRUE	NA	NA	NA	NA	NA	NA
NC_045512.2	21106	T	A	21	5	28	10	10	26	0.232558	43	7.13832e-05	TRUE	NA	NA	NA	NA	NA	NA
NC_045512.2	21107	T	G	10	10	26	3	3	27	0.115385	26	0.0339023	FALSE	NA	NA	NA	NA	NA	NA
NC_045512.2	21107	T	C	10	10	26	5	5	26	0.192308	26	0.00456377	TRUE	NA	NA	NA	NA	NA	NA
NC_045512.2	21107	T	A	10	10	26	8	8	26	0.307692	26	0.000301762	TRUE	NA	NA	NA	NA	NA	NA
NC_045512.2	21108	C	T	23	7	27	3	3	26	0.0714286	42	0.0542741	FALSE	NA	NA	NA	NA	NA	NA
NC_045512.2	21108	C	G	23	7	27	9	9	26	0.214286	42	0.000288919	TRUE	NA	NA	NA	NA	NA	NA
NC_045512.2	21108	C	A	23	7	27	7	7	26	0.166667	42	0.0015308	TRUE	NA	NA	NA	NA	NA	NA
NC_045512.2	21109	A	T	22	7	27	5	5	25	0.119048	42	0.00774453	TRUE	NA	NA	NA	NA	NA	NA
NC_045512.2	21109	A	G	22	7	27	7	7	27	0.166667	42	0.00130198	TRUE	NA	NA	NA	NA	NA	NA
NC_045512.2	21109	A	C	22	7	27	8	8	25	0.190476	42	0.000550132	TRUE	NA	NA	NA	NA	NA	NA
NC_045512.2	21110	C	T	19	4	26	10	10	26	0.243902	41	5.89062e-05	TRUE	NA	NA	NA	NA	NA	NA
NC_045512.2	21110	C	G	19	4	26	4	4	28	0.097561	41	0.0148657	FALSE	NA	NA	NA	NA	NA	NA
NC_045512.2	21110	C	A	19	4	26	8	8	26	0.195122	41	0.000340379	TRUE	NA	NA	NA	NA	NA	NA
NC_045512.2	21110	C	-T	19	4	26	1	0	20	0.0243902	41	0.333333	FALSE	NA	NA	NA	NA	NA	NA
NC_045512.2	21111	T	G	25	10	25	7	7	27	0.170732	41	0.00206577	TRUE	NA	NA	NA	NA	NA	NA
NC_045512.2	21111	T	C	25	10	25	2	2	27	0.0487805	41	0.154083	FALSE	NA	NA	NA	NA	NA	NA
NC_045512.2	21111	T	A	25	10	25	7	7	26	0.170732	41	0.00206577	TRUE	NA	NA	NA	NA	NA	NA
NC_045512.2	21112	T	G	21	9	25	4	4	26	0.105263	38	0.0226765	FALSE	NA	NA	NA	NA	NA	NA
NC_045512.2	21112	T	C	21	9	25	3	3	28	0.0789474	38	0.0562378	FALSE	NA	NA	NA	NA	NA	NA
NC_045512.2	21112	T	A	21	9	25	10	10	26	0.263158	38	0.000152543	TRUE	NA	NA	NA	NA	NA	NA
NC_045512.2	21113	A	T	26	11	27	9	9	24	0.214286	42	0.000495607	TRUE	NA	NA	NA	NA	NA	NA
NC_045512.2	21113	A	G	26	11	27	2	2	28	0.047619	42	0.161125	FALSE	NA	NA	NA	NA	NA	NA
NC_045512.2	21113	A	C	26	11	27	5	5	27	0.119048	42	0.0121438	FALSE	NA	NA	NA	NA	NA	NA
NC_045512.2	21113	A	+C	26	11	27	1	0	20	0.0238095	42	0.397059	FALSE	NA	NA	NA	NA	NA	NA
NC_045512.2	21114	C	T	20	5	26	11	11	24	0.261905	42	2.8016e-05	TRUE	NA	NA	NA	NA	NA	NA
NC_045512.2	21114	C	G	20	5	26	3	3	28	0.0714286	42	0.0425067	FALSE	NA	NA	NA	NA	NA	NA
NC_045512.2	21114	C	A	20	5	26	8	8	25	0.190476	42	0.000371718	TRUE	NA	NA	NA	NA	NA	NA
NC_045512.2	21115	A	T	22	7	26	6	6	25	0.153846	39	0.00414644	TRUE	NA	NA	NA	NA	NA	NA
NC_045512.2	21115	A	G	22	7	26	4	4	25	0.102564	39	0.0235294	FALSE	NA	NA	NA	NA	NA	NA
NC_045512.2	21115	A	C	22	7	26	7	7	26	0.179487	39	0.00179473	TRUE	NA	NA	NA	NA	NA	NA
NC_045512.2	21116	T	G	23	8	26	3	3	25	0.0731707	41	0.0568182	FALSE	NA	NA	NA	NA	NA	NA
NC_045512.2	21116	T	C	23	8	26	4	4	26	0.097561	41	0.0228969	FALSE	NA	NA	NA	NA	NA	NA
NC_045512.2	21116	T	A	23	8	26	11	11	25	0.268293	41	6.84473e-05	TRUE	NA	NA	NA	NA	NA	NA
NC_045512.2	21117	T	G	26	11	27	2	2	26	0.0487805	41	0.165935	FALSE	NA	NA	NA	NA	NA	NA
NC_045512.2	21117	T	C	26	11	27	2	2	27	0.0487805	41	0.165935	FALSE	NA	NA	NA	NA	NA	NA
NC_045512.2	21117	T	A	26	11	27	11	11	25	0.268293	41	0.000127961	TRUE	NA	NA	NA	NA	NA	NA
NC_045512.2	21118	T	G	21	8	23	4	4	25	0.1	40	0.0199095	FALSE	NA	NA	NA	NA	NA	NA
NC_045512.2	21118	T	C	21	8	23	8	8	27	0.2	40	0.000580647	TRUE	NA	NA	NA	NA	NA	NA
NC_045512.2	21118	T	A	21	8	23	7	7	25	0.175	40	0.00136152	TRUE	NA	NA	NA	NA	NA	NA
NC_045512.2	21119	G	T	20	6	26	9	9	24	0.236842	38	0.000270572	TRUE	NA	NA	NA	NA	NA	NA
NC_045512.2	21119	G	C	20	6	26	3	3	26	0.0789474	38	0.0517534	FALSE	NA	NA	NA	NA	NA	NA
NC_045512.2	21119	G	A	20	6	26	6	6	26	0.157895	38	0.00338845	TRUE	NA	NA	NA	NA	NA	NA
NC_045512.2	21120	T	G	26	12	26	5	5	26	0.128205	39	0.0151186	FALSE	NA	NA	NA	NA	NA	NA
NC_045512.2	21120	T	C	26	12	26	2	2	25	0.0512821	39	0.176224	FALSE	NA	NA	NA	NA	NA	NA
NC_045512.2	21120	T	A	26	12	26	6	6	26	0.153846	39	0.00691138	TRUE	NA	NA	NA	NA	NA	NA
NC_045512.2	21121	G	T	18	4	27	11	11	25	0.275	40	2.25675e-05	TRUE	NA	NA	NA	NA	NA	NA
NC_045512.2	21121	G	C	18	4	27	3	3	26	0.075	40	0.0388662	FALSE	NA	NA	NA	NA	NA	NA
NC_045512.2	21121	G	A	18	4	27	8	8	25	0.2	40	0.000309522	TRUE	NA	NA	NA	NA	NA	NA
NC_045512.2	21122	G	T	20	6	26	12	12	25	0.292683	41	1.46969e-05	TRUE	NA	NA	NA	NA	NA	NA
NC_045512.2	21122	G	C	20	6	26	1	1	24	0.0243902	41	0.344262	FALSE	NA	NA	NA	NA	NA	NA
NC_045512.2	21122	G	A	20	6	26	8	8	27	0.195122	41	0.000420468	TRUE	NA	NA	NA	NA	NA	NA
NC_045512.2	21123	G	T	19	6	23	13	13	26	0.333333	39	7.31839e-06	TRUE	NA	NA	NA	NA	NA	NA
NC_045512.2	21123	G	C	19	6	23	1	1	27	0.025641	39	0.344828	FALSE	NA	NA	NA	NA	NA	NA
NC_045512.2	21123	G	A	19	6	23	6	6	25	0.153846	39	0.0026065	TRUE	NA	NA	NA	NA	NA	NA
NC_045512.2	21124	T	G	25	12	26	9	8	24	0.230769	39	0.000616254	TRUE	NA	NA	NA	NA	NA	NA
NC_045512.2	21124	T	C	25	12	26	2	2	27	0.0512821	39	0.16875	FALSE	NA	NA	NA	NA	NA	NA
NC_045512.2	21124	T	A	25	12	26	3	3	24	0.0769231	39	0.0715909	FALSE	NA	NA	NA	NA	NA	NA
NC_045512.2	21125	T	G	23	11	27	10	10	27	0.263158	38	0.000233325	TRUE	NA	NA	NA	NA	NA	NA
NC_045512.2	21125	T	C	23	11	27	2	2	27	0.0526316	38	0.158646	FALSE	NA	NA	NA	NA	NA	NA
NC_045512.2	21125	T	A	23	11	27	3	3	27	0.0789474	38	0.065473	FALSE	NA	NA	NA	NA	NA	NA
NC_045512.2	21125	T	-T	23	11	27	1	0	20	0.0263158	38	0.393443	FALSE	NA	NA	NA	NA	NA	NA
NC_045512.2	21126	T	G	19	7	24	6	6	25	0.166667	36	0.00318953	TRUE	NA	NA	NA	NA	NA	NA
NC_045512.2	21126	T	C	19	7	24	4	4	27	0.111111	36	0.0194562	FALSE	NA	NA	NA	NA	NA	NA
NC_045512.2	21126	T	A	19	7	24	7	7	26	0.194444	36	0.00133755	TRUE	NA	NA	NA	NA	NA	NA
NC_045512.2	21127	A	T	18	6	26	7	7	24	0.189189	37	0.00110184	TRUE	NA	NA	NA	NA	NA	NA
NC_045512.2	21127	A	G	18	6	26	9	9	26	0.243243	37	0.000198026	TRUE	NA	NA	NA	NA	NA	NA
NC_045512.2	21127	A	C	18	6	26	3	3	26	0.0810811	37	0.0454545	FALSE	NA	NA	NA	NA	NA	NA
NC_045512.2	21128	T	G	26	14	27	4	4	25	0.108108	37	0.0380245	FALSE	NA	NA	NA	NA	NA	NA
NC_045512.2	21128	T	C	26	14	27	2	2	27	0.0540541	37	0.1875	FALSE	NA	NA	NA	NA	NA	NA
NC_045512.2	21128	T	A	26	14	27	5	5	26	0.135135	37	0.0175934	FALSE	NA	NA	NA	NA	NA	NA
NC_045512.2	21129	A	T	17	5	27	11	11	26	0.282051	39	1.9993e-05	TRUE	NA	NA	NA	NA	NA	NA
NC_045512.2	21129	A	G	17	5	27	7	7	26	0.179487	39	0.000703755	TRUE	NA	NA	NA	NA	NA	NA
NC_045512.2	21129	A	C	17	5	27	4	4	28	0.102564	39	0.0131502	FALSE	NA	NA	NA	NA	NA	NA
NC_045512.2	21130	C	T	12	0	27	10	10	26	0.25641	39	8.57689e-06	TRUE	NA	NA	NA	NA	NA	NA
NC_045512.2	21130	C	G	12	0	27	10	10	26	0.25641	39	8.57689e-06	TRUE	NA	NA	NA	NA	NA	NA
NC_045512.2	21130	C	A	12	0	27	7	7	27	0.179487	39	0.000190585	TRUE	NA	NA	NA	NA	NA	NA
NC_045512.2	21131	A	T	16	4	27	13	13	26	0.342105	38	3.31871e-06	TRUE	NA	NA	NA	NA	NA	NA
NC_045512.2	21131	A	G	16	4	27	7	7	27	0.184211	38	0.000634781	TRUE	NA	NA	NA	NA	NA	NA
NC_045512.2	21131	A	C	16	4	27	2	2	27	0.0526316	38	0.10303	FALSE	NA	NA	NA	NA	NA	NA
NC_045512.2	21132	A	T	16	6	24	11	11	25	0.297297	37	2.11726e-05	TRUE	NA	NA	NA	NA	NA	NA
NC_045512.2	21132	A	G	16	6	24	6	6	25	0.162162	37	0.00184342	TRUE	NA	NA	NA	NA	NA	NA
NC_045512.2	21132	A	C	16	6	24	4	4	26	0.108108	37	0.0131912	FALSE	NA	NA	NA	NA	NA	NA
NC_045512.2	21133	C	T	12	2	25	8	8	26	0.228571	35	0.000121071	TRUE	NA	NA	NA	NA	NA	NA
NC_045512.2	21133	C	G	12	2	25	8	8	26	0.228571	35	0.000121071	TRUE	NA	NA	NA	NA	NA	NA
NC_045512.2	21133	C	A	12	2	25	7	7	24	0.2	35	0.000326891	TRUE	NA	NA	NA	NA	NA	NA
NC_045512.2	21133	C	-A	12	2	25	1	0	20	0.0285714	35	0.276596	FALSE	NA	NA	NA	NA	NA	NA
NC_045512.2	21134	A	T	10	3	26	12	12	26	0.363636	33	1.47391e-06	TRUE	NA	NA	NA	NA	NA	NA
NC_045512.2	21134	A	G	10	3	26	6	6	26	0.181818	33	0.000572662	TRUE	NA	NA	NA	NA	NA	NA
NC_045512.2	21134	A	C	10	3	26	5	5	26	0.151515	33	0.00175378	TRUE	NA	NA	NA	NA	NA	NA
NC_045512.2	21135	A	T	17	9	26	8	8	27	0.228571	35	0.000487751	TRUE	NA	NA	NA	NA	NA	NA
NC_045512.2	21135	A	G	17	9	26	6	6	27	0.171429	35	0.00278181	TRUE	NA	NA	NA	NA	NA	NA
NC_045512.2	21135	A	C	17	9	26	4	4	27	0.114286	35	0.0175485	FALSE	NA	NA	NA	NA	NA	NA
NC_045512.2	21136	A	T	15	7	27	6	6	25	0.171429	35	0.00187184	TRUE	NA	NA	NA	NA	NA	NA
NC_045512.2	21136	A	G	15	7	27	8	8	25	0.228571	35	0.000296726	TRUE	NA	NA	NA	NA	NA	NA
NC_045512.2	21136	A	C	15	7	27	6	6	28	0.171429	35	0.00187184	TRUE	NA	NA	NA	NA	NA	NA
NC_045512.2	21137	A	T	13	10	24	6	6	26	0.2	30	0.00221097	TRUE	NA	NA	NA	NA	NA	NA
NC_045512.2	21137	A	G	13	10	24	6	5	26	0.2	30	0.00221097	TRUE	NA	NA	NA	NA	NA	NA
NC_045512.2	21137	A	C	13	10	24	5	5	27	0.166667	30	0.00558562	TRUE	NA	NA	NA	NA	NA	NA
NC_045512.2	21138	G	T	12	4	26	8	8	25	0.235294	34	0.000142127	TRUE	NA	NA	NA	NA	NA	NA
NC_045512.2	21138	G	C	12	4	26	4	4	26	0.117647	34	0.00858993	TRUE	NA	NA	NA	NA	NA	NA
NC_045512.2	21138	G	A	12	4	26	10	10	27	0.294118	34	2.21086e-05	TRUE	NA	NA	NA	NA	NA	NA
NC_045512.2	21138	G	-C	12	4	26	1	0	20	0.0294118	34	0.282609	FALSE	NA	NA	NA	NA	NA	NA
NC_045512.2	21139	C	T	13	5	26	6	6	25	0.181818	33	0.00150654	TRUE	NA	NA	NA	NA	NA	NA
NC_045512.2	21139	C	G	13	5	26	6	6	27	0.181818	33	0.00150654	TRUE	NA	NA	NA	NA	NA	NA
NC_045512.2	21139	C	A	13	5	26	8	8	25	0.242424	33	0.000229589	TRUE	NA	NA	NA	NA	NA	NA
NC_045512.2	21140	T	G	18	10	27	3	3	27	0.0909091	33	0.0567745	FALSE	NA	NA	NA	NA	NA	NA
NC_045512.2	21140	T	C	18	10	27	9	9	25	0.272727	33	0.000372986	TRUE	NA	NA	NA	NA	NA	NA
NC_045512.2	21140	T	A	18	10	27	3	3	25	0.0909091	33	0.0567745	FALSE	NA	NA	NA	NA	NA	NA
NC_045512.2	21141	A	T	16	8	27	7	7	26	0.205882	34	0.00105709	TRUE	NA	NA	NA	NA	NA	NA
NC_045512.2	21141	A	G	16	8	27	7	7	26	0.205882	34	0.00105709	TRUE	NA	NA	NA	NA	NA	NA
NC_045512.2	21141	A	C	16	8	27	4	4	26	0.117647	34	0.0165457	FALSE	NA	NA	NA	NA	NA	NA
NC_045512.2	21142	G	T	13	5	26	10	10	26	0.294118	34	3.21303e-05	TRUE	NA	NA	NA	NA	NA	NA
NC_045512.2	21142	G	C	13	5	26	4	4	27	0.117647	34	0.0103343	FALSE	NA	NA	NA	NA	NA	NA
NC_045512.2	21142	G	A	13	5	26	7	7	24	0.205882	34	0.000502909	TRUE	NA	NA	NA	NA	NA	NA
NC_045512.2	21142	G	-CT	13	5	26	1	0	20	0.0294118	34	0.297872	FALSE	NA	NA	NA	NA	NA	NA
NC_045512.2	21143	C	T	11	3	26	7	7	26	0.225806	31	0.000370475	TRUE	NA	NA	NA	NA	NA	NA
NC_045512.2	21143	C	G	11	3	26	1	1	27	0.0322581	31	0.27907	FALSE	NA	NA	NA	NA	NA	NA
NC_045512.2	21143	C	A	11	3	26	12	12	27	0.387097	31	3.94184e-06	TRUE	NA	NA	NA	NA	NA	NA
NC_045512.2	21144	T	G	16	8	26	2	2	26	0.0645161	31	0.130102	FALSE	NA	NA	NA	NA	NA	NA
NC_045512.2	21144	T	C	16	8	26	8	8	27	0.258065	31	0.00060405	TRUE	NA	NA	NA	NA	NA	NA
NC_045512.2	21144	T	A	16	8	26	5	5	25	0.16129	31	0.00782967	TRUE	NA	NA	NA	NA	NA	NA
NC_045512.2	21145	C	T	12	4	28	7	7	24	0.212121	33	0.000435223	TRUE	NA	NA	NA	NA	NA	NA
NC_045512.2	21145	C	G	12	4	28	3	3	24	0.0909091	33	0.0280604	FALSE	NA	NA	NA	NA	NA	NA
NC_045512.2	21145	C	A	12	4	28	11	11	26	0.333333	33	1.12999e-05	TRUE	NA	NA	NA	NA	NA	NA
NC_045512.2	21145	C	-T	12	4	28	1	0	20	0.030303	33	0.288889	FALSE	NA	NA	NA	NA	NA	NA
NC_045512.2	21146	T	G	15	7	27	1	1	26	0.0322581	31	0.347826	FALSE	NA	NA	NA	NA	NA	NA
NC_045512.2	21146	T	C	15	7	27	7	7	24	0.225806	31	0.00127477	TRUE	NA	NA	NA	NA	NA	NA
NC_045512.2	21146	T	A	15	7	27	8	8	26	0.258065	31	0.0005532	TRUE	NA	NA	NA	NA	NA	NA
NC_045512.2	21147	T	G	10	3	24	3	3	26	0.107143	28	0.0289474	FALSE	NA	NA	NA	NA	NA	NA
NC_045512.2	21147	T	C	10	3	24	5	5	25	0.178571	28	0.00353017	TRUE	NA	NA	NA	NA	NA	NA
NC_045512.2	21147	T	A	10	3	24	10	10	25	0.357143	28	3.56805e-05	TRUE	NA	NA	NA	NA	NA	NA
NC_045512.2	21147	T	-G	10	3	24	1	0	20	0.0357143	28	0.289474	FALSE	NA	NA	NA	NA	NA	NA
NC_045512.2	21148	G	T	11	3	27	3	3	25	0.1	30	0.0294952	FALSE	NA	NA	NA	NA	NA	NA
NC_045512.2	21148	G	C	11	3	27	7	7	26	0.233333	30	0.000506014	TRUE	NA	NA	NA	NA	NA	NA
NC_045512.2	21148	G	A	11	3	27	9	9	25	0.3	30	8.1754e-05	TRUE	NA	NA	NA	NA	NA	NA
NC_045512.2	21149	G	T	11	3	23	6	6	25	0.25	24	0.00322428	TRUE	NA	NA	NA	NA	NA	NA
NC_045512.2	21149	G	C	11	3	23	3	3	26	0.125	24	0.0468468	FALSE	NA	NA	NA	NA	NA	NA
NC_045512.2	21149	G	A	11	3	23	4	4	25	0.166667	24	0.0184922	FALSE	NA	NA	NA	NA	NA	NA
NC_045512.2	21150	A	T	10	4	26	1	1	23	0.0625	16	0.423077	FALSE	NA	NA	NA	NA	NA	NA
NC_045512.2	21150	A	G	10	4	26	3	3	26	0.1875	16	0.0873016	FALSE	NA	NA	NA	NA	NA	NA
NC_045512.2	21150	A	C	10	4	26	2	2	24	0.125	16	0.188034	FALSE	NA	NA	NA	NA	NA	NA
NC_045512.2	21151	G	T	8	2	28	1	1	21	0.0833333	12	0.45	FALSE	NA	NA	NA	NA	NA	NA
NC_045512.2	21151	G	C	8	2	28	2	2	26	0.166667	12	0.214286	FALSE	NA	NA	NA	NA	NA	NA
NC_045512.2	21151	G	A	8	2	28	1	1	23	0.0833333	12	0.45	FALSE	NA	NA	NA	NA	NA	NA
NC_045512.2	21151	G	-G	8	2	28	1	0	20	0.0833333	12	0.45	FALSE	NA	NA	NA	NA	NA	NA
NC_045512.2	21152	G	T	6	2	24	1	1	27	0.142857	7	0.538462	FALSE	NA	NA	NA	NA	NA	NA
NC_045512.2	21153	T	A	5	0	27	1	1	26	0.166667	6	0.545455	FALSE	NA	NA	NA	NA	NA	NA
NC_045512.2	21155	C	T	6	1	26	1	1	27	0.142857	7	0.538462	FALSE	NA	NA	NA	NA	NA	NA
NC_045512.2	21156	C	T	5	0	23	1	1	27	0.166667	6	0.545455	FALSE	NA	NA	NA	NA	NA	NA
NC_045512.2	21157	G	T	5	0	27	1	1	26	0.166667	6	0.545455	FALSE	NA	NA	NA	NA	NA	NA
NC_045512.2	21158	T	C	5	0	27	1	1	27	0.166667	6	0.545455	FALSE	NA	NA	NA	NA	NA	NA
NC_045512.2	21159	G	A	5	0	30	1	1	26	0.166667	6	0.545455	FALSE	NA	NA	NA	NA	NA	NA
NC_045512.2	21160	G	C	5	0	25	1	1	25	0.166667	6	0.545455	FALSE	NA	NA	NA	NA	NA	NA
NC_045512.2	21161	C	T	5	0	28	1	1	21	0.166667	6	0.545455	FALSE	NA	NA	NA	NA	NA	NA
NC_045512.2	21164	T	C	5	0	29	1	1	23	0.166667	6	0.545455	FALSE	NA	NA	NA	NA	NA	NA
NC_045512.2	21167	A	T	5	0	23	1	1	29	0.166667	6	0.545455	FALSE	NA	NA	NA	NA	NA	NA
NC_045512.2	21168	G	T	5	0	29	1	1	29	0.166667	6	0.545455	FALSE	NA	NA	NA	NA	NA	NA
NC_045512.2	21169	A	G	5	0	28	1	1	29	0.166667	6	0.545455	FALSE	NA	NA	NA	NA	NA	NA
NC_045512.2	21171	A	G	9	1	28	1	1	20	0.1	10	0.526316	FALSE	NA	NA	NA	NA	NA	NA
NC_045512.2	21172	A	G	9	1	24	1	1	30	0.1	10	0.526316	FALSE	NA	NA	NA	NA	NA	NA
NC_045512.2	21173	C	G	9	1	28	1	1	23	0.1	10	0.526316	FALSE	NA	NA	NA	NA	NA	NA
NC_045512.2	21175	G	T	9	1	28	1	1	23	0.1	10	0.526316	FALSE	NA	NA	NA	NA	NA	NA
NC_045512.2	21176	A	T	9	1	27	1	1	24	0.1	10	0.526316	FALSE	NA	NA	NA	NA	NA	NA
NC_045512.2	21178	C	T	9	1	27	1	1	25	0.1	10	0.526316	FALSE	NA	NA	NA	NA	NA	NA
NC_045512.2	21180	T	C	9	1	28	1	1	23	0.1	10	0.526316	FALSE	NA	NA	NA	NA	NA	NA
NC_045512.2	21182	C	A	9	1	27	1	1	27	0.1	10	0.526316	FALSE	NA	NA	NA	NA	NA	NA
NC_045512.2	21183	T	C	9	1	27	1	1	27	0.1	10	0.526316	FALSE	NA	NA	NA	NA	NA	NA
NC_045512.2	21185	G	A	12	3	27	1	1	27	0.0769231	13	0.52	FALSE	NA	NA	NA	NA	NA	NA
NC_045512.2	21186	G	A	12	3	24	1	1	27	0.0769231	13	0.52	FALSE	NA	NA	NA	NA	NA	NA
NC_045512.2	21188	A	G	12	3	24	1	1	28	0.0769231	13	0.52	FALSE	NA	NA	NA	NA	NA	NA
NC_045512.2	21189	T	C	12	3	27	1	1	27	0.0769231	13	0.52	FALSE	NA	NA	NA	NA	NA	NA
NC_045512.2	21190	G	T	12	3	27	1	1	27	0.0769231	13	0.52	FALSE	NA	NA	NA	NA	NA	NA
NC_045512.2	21191	C	A	12	3	27	1	1	26	0.0769231	13	0.52	FALSE	NA	NA	NA	NA	NA	NA
NC_045512.2	21192	T	G	12	3	27	1	1	26	0.0769231	13	0.52	FALSE	NA	NA	NA	NA	NA	NA
NC_045512.2	21193	G	C	12	3	27	1	1	30	0.0769231	13	0.52	FALSE	NA	NA	NA	NA	NA	NA
NC_045512.2	21194	A	T	12	3	27	1	1	26	0.0769231	13	0.52	FALSE	NA	NA	NA	NA	NA	NA
NC_045512.2	21195	T	C	12	3	27	1	1	26	0.0769231	13	0.52	FALSE	NA	NA	NA	NA	NA	NA
NC_045512.2	21196	C	T	12	3	27	1	1	20	0.0769231	13	0.52	FALSE	NA	NA	NA	NA	NA	NA
NC_045512.2	21198	T	G	12	3	28	1	1	21	0.0769231	13	0.52	FALSE	NA	NA	NA	NA	NA	NA
NC_045512.2	21199	T	G	12	3	23	1	1	27	0.0769231	13	0.52	FALSE	NA	NA	NA	NA	NA	NA
NC_045512.2	21243	T	C	34	12	27	1	0	27	0.0285714	35	0.507246	FALSE	NA	NA	NA	NA	NA	NA
NC_045512.2	21244	A	T	49	19	26	1	1	29	0.02	50	0.505051	FALSE	NA	NA	NA	NA	NA	NA
NC_045512.2	21245	A	G	50	20	25	1	1	28	0.0196078	51	0.50495	FALSE	NA	NA	NA	NA	NA	NA
NC_045512.2	21247	G	T	50	20	27	1	1	29	0.0196078	51	0.50495	FALSE	NA	NA	NA	NA	NA	NA
NC_045512.2	21248	T	A	50	20	27	1	1	29	0.0196078	51	0.50495	FALSE	NA	NA	NA	NA	NA	NA
NC_045512.2	21249	G	C	50	20	27	1	1	29	0.0196078	51	0.50495	FALSE	NA	NA	NA	NA	NA	NA
NC_045512.2	21250	A	T	46	16	26	1	1	29	0.0212766	47	0.505376	FALSE	NA	NA	NA	NA	NA	NA
NC_045512.2	21252	T	A	50	20	26	1	1	28	0.0196078	51	0.50495	FALSE	NA	NA	NA	NA	NA	NA
NC_045512.2	21253	G	T	50	20	27	2	2	29	0.0384615	52	0.252427	FALSE	NA	NA	NA	NA	NA	NA
NC_045512.2	21254	C	G	50	20	27	2	2	27	0.0384615	52	0.252427	FALSE	NA	NA	NA	NA	NA	NA
NC_045512.2	21255	G	T	49	20	27	3	3	24	0.0566038	53	0.121359	FALSE	NA	NA	NA	NA	NA	NA
NC_045512.2	21255	G	A	49	20	27	1	1	25	0.0188679	53	0.490196	FALSE	NA	NA	NA	NA	NA	NA
NC_045512.2	21256	T	G	52	22	27	1	1	25	0.0185185	54	0.5	FALSE	NA	NA	NA	NA	NA	NA
NC_045512.2	21256	T	A	52	22	27	1	1	27	0.0185185	54	0.5	FALSE	NA	NA	NA	NA	NA	NA
NC_045512.2	21257	C	T	50	20	27	1	1	27	0.0185185	54	0.490385	FALSE	NA	NA	NA	NA	NA	NA
NC_045512.2	21257	C	G	50	20	27	1	1	27	0.0185185	54	0.490385	FALSE	NA	NA	NA	NA	NA	NA
NC_045512.2	21257	C	A	50	20	27	2	2	23	0.037037	54	0.242857	FALSE	NA	NA	NA	NA	NA	NA
NC_045512.2	21258	A	T	47	20	27	1	1	24	0.02	50	0.494845	FALSE	NA	NA	NA	NA	NA	NA
NC_045512.2	21258	A	G	47	20	27	1	1	27	0.02	50	0.494845	FALSE	NA	NA	NA	NA	NA	NA
NC_045512.2	21258	A	C	47	20	27	1	1	28	0.02	50	0.494845	FALSE	NA	NA	NA	NA	NA	NA
NC_045512.2	21259	T	C	49	23	27	1	0	27	0.02	50	0.505051	FALSE	NA	NA	NA	NA	NA	NA
NC_045512.2	21260	C	G	46	19	27	2	2	27	0.04	50	0.242268	FALSE	NA	NA	NA	NA	NA	NA
NC_045512.2	21260	C	A	46	19	27	2	2	26	0.04	50	0.242268	FALSE	NA	NA	NA	NA	NA	NA
NC_045512.2	21261	A	C	48	21	27	3	3	27	0.0588235	51	0.124962	FALSE	NA	NA	NA	NA	NA	NA
NC_045512.2	21262	T	G	48	21	25	2	2	26	0.0392157	51	0.247475	FALSE	NA	NA	NA	NA	NA	NA
NC_045512.2	21262	T	A	48	21	25	1	1	27	0.0196078	51	0.494949	FALSE	NA	NA	NA	NA	NA	NA
NC_045512.2	21263	C	T	44	19	25	3	3	25	0.0612245	49	0.117148	FALSE	NA	NA	NA	NA	NA	NA
NC_045512.2	21263	C	G	44	19	25	1	1	28	0.0204082	49	0.483871	FALSE	NA	NA	NA	NA	NA	NA
NC_045512.2	21263	C	A	44	19	25	1	1	26	0.0204082	49	0.483871	FALSE	NA	NA	NA	NA	NA	NA
NC_045512.2	21264	T	G	47	21	24	1	1	28	0.0196078	51	0.489796	FALSE	NA	NA	NA	NA	NA	NA
NC_045512.2	21264	T	C	47	21	24	2	2	26	0.0392157	51	0.242424	FALSE	NA	NA	NA	NA	NA	NA
NC_045512.2	21264	T	A	47	21	24	1	1	29	0.0196078	51	0.489796	FALSE	NA	NA	NA	NA	NA	NA
NC_045512.2	21265	G	T	47	20	27	2	2	28	0.0384615	52	0.237576	FALSE	NA	NA	NA	NA	NA	NA
NC_045512.2	21265	G	C	47	20	27	1	1	31	0.0192308	52	0.484848	FALSE	NA	NA	NA	NA	NA	NA
NC_045512.2	21265	G	A	47	20	27	2	2	28	0.0384615	52	0.237576	FALSE	NA	NA	NA	NA	NA	NA
NC_045512.2	21265	G	-A	47	20	27	1	0	20	0.0192308	52	0.484848	FALSE	NA	NA	NA	NA	NA	NA
NC_045512.2	21265	G	+T	47	20	27	1	0	20	0.0192308	52	0.484848	FALSE	NA	NA	NA	NA	NA	NA
NC_045512.2	21266	A	T	39	13	25	2	2	26	0.0444444	45	0.22435	FALSE	NA	NA	NA	NA	NA	NA
NC_045512.2	21266	A	G	39	13	25	4	3	27	0.0888889	45	0.0529227	FALSE	NA	NA	NA	NA	NA	NA
NC_045512.2	21267	A	T	45	20	24	4	3	26	0.0784314	51	0.0562845	FALSE	NA	NA	NA	NA	NA	NA
NC_045512.2	21267	A	C	45	20	24	2	2	26	0.0392157	51	0.232174	FALSE	NA	NA	NA	NA	NA	NA
NC_045512.2	21268	G	T	47	20	26	2	2	29	0.0384615	52	0.237576	FALSE	NA	NA	NA	NA	NA	NA
NC_045512.2	21268	G	C	47	20	26	1	1	27	0.0192308	52	0.484848	FALSE	NA	NA	NA	NA	NA	NA
NC_045512.2	21268	G	A	47	20	26	2	2	26	0.0384615	52	0.237576	FALSE	NA	NA	NA	NA	NA	NA
NC_045512.2	21269	C	T	46	19	26	2	2	27	0.0384615	52	0.232529	FALSE	NA	NA	NA	NA	NA	NA
NC_045512.2	21269	C	G	46	19	26	1	1	27	0.0192308	52	0.479592	FALSE	NA	NA	NA	NA	NA	NA
NC_045512.2	21269	C	A	46	19	26	3	3	25	0.0576923	52	0.113939	FALSE	NA	NA	NA	NA	NA	NA
NC_045512.2	21270	A	T	44	18	26	1	1	27	0.0204082	49	0.483871	FALSE	NA	NA	NA	NA	NA	NA
NC_045512.2	21270	A	C	44	18	26	4	4	27	0.0816327	49	0.0585739	FALSE	NA	NA	NA	NA	NA	NA
NC_045512.2	21271	T	G	30	4	28	1	1	27	0.03125	32	0.5	FALSE	NA	NA	NA	NA	NA	NA
NC_045512.2	21271	T	C	30	4	28	1	1	28	0.03125	32	0.5	FALSE	NA	NA	NA	NA	NA	NA
NC_045512.2	21272	T	G	44	18	28	3	3	23	0.0612245	49	0.117148	FALSE	NA	NA	NA	NA	NA	NA
NC_045512.2	21272	T	A	44	18	28	2	2	24	0.0408163	49	0.236788	FALSE	NA	NA	NA	NA	NA	NA
NC_045512.2	21273	T	C	44	18	28	2	2	27	0.0425532	47	0.247253	FALSE	NA	NA	NA	NA	NA	NA
NC_045512.2	21273	T	A	44	18	28	1	1	27	0.0212766	47	0.494505	FALSE	NA	NA	NA	NA	NA	NA
NC_045512.2	21274	T	G	44	18	28	1	1	26	0.0204082	49	0.483871	FALSE	NA	NA	NA	NA	NA	NA
NC_045512.2	21274	T	C	44	18	28	1	1	22	0.0204082	49	0.483871	FALSE	NA	NA	NA	NA	NA	NA
NC_045512.2	21274	T	A	44	18	28	3	3	24	0.0612245	49	0.117148	FALSE	NA	NA	NA	NA	NA	NA
NC_045512.2	21275	T	G	20	20	26	3	3	23	0.130435	23	0.124806	FALSE	NA	NA	NA	NA	NA	NA
NC_045512.2	21276	A	T	40	14	25	1	1	25	0.0217391	46	0.476744	FALSE	NA	NA	NA	NA	NA	NA
NC_045512.2	21276	A	G	40	14	25	1	1	25	0.0217391	46	0.476744	FALSE	NA	NA	NA	NA	NA	NA
NC_045512.2	21276	A	C	40	14	25	4	4	25	0.0869565	46	0.0555986	FALSE	NA	NA	NA	NA	NA	NA
NC_045512.2	21277	A	G	45	21	24	1	1	26	0.0217391	46	0.505495	FALSE	NA	NA	NA	NA	NA	NA
NC_045512.2	21278	T	A	44	18	25	2	2	22	0.0434783	46	0.252747	FALSE	NA	NA	NA	NA	NA	NA
NC_045512.2	21279	T	G	41	19	24	1	1	25	0.0222222	45	0.488372	FALSE	NA	NA	NA	NA	NA	NA
NC_045512.2	21279	T	C	41	19	24	2	2	28	0.0444444	45	0.241379	FALSE	NA	NA	NA	NA	NA	NA
NC_045512.2	21279	T	A	41	19	24	1	1	27	0.0222222	45	0.488372	FALSE	NA	NA	NA	NA	NA	NA
NC_045512.2	21280	G	T	40	14	25	4	4	25	0.0869565	46	0.0555986	FALSE	NA	NA	NA	NA	NA	NA
NC_045512.2	21280	G	C	40	14	25	1	1	25	0.0217391	46	0.476744	FALSE	NA	NA	NA	NA	NA	NA
NC_045512.2	21280	G	A	40	14	25	1	1	28	0.0217391	46	0.476744	FALSE	NA	NA	NA	NA	NA	NA
NC_045512.2	21281	G	T	40	19	24	3	3	24	0.0681818	44	0.120588	FALSE	NA	NA	NA	NA	NA	NA
NC_045512.2	21281	G	A	40	19	24	1	1	25	0.0227273	44	0.488095	FALSE	NA	NA	NA	NA	NA	NA
NC_045512.2	21282	A	T	43	17	27	2	2	23	0.0416667	48	0.236503	FALSE	NA	NA	NA	NA	NA	NA
NC_045512.2	21282	A	G	43	17	27	1	1	33	0.0208333	48	0.483516	FALSE	NA	NA	NA	NA	NA	NA
NC_045512.2	21282	A	C	43	17	27	2	2	26	0.0416667	48	0.236503	FALSE	NA	NA	NA	NA	NA	NA
NC_045512.2	21283	T	G	45	19	27	1	1	27	0.0212766	47	0.5	FALSE	NA	NA	NA	NA	NA	NA
NC_045512.2	21283	T	A	45	19	27	1	1	25	0.0212766	47	0.5	FALSE	NA	NA	NA	NA	NA	NA
NC_045512.2	21284	G	T	45	19	27	2	2	26	0.0408163	49	0.242105	FALSE	NA	NA	NA	NA	NA	NA
NC_045512.2	21284	G	A	45	19	27	2	2	26	0.0408163	49	0.242105	FALSE	NA	NA	NA	NA	NA	NA
NC_045512.2	21285	T	C	45	19	27	2	2	23	0.0416667	48	0.247312	FALSE	NA	NA	NA	NA	NA	NA
NC_045512.2	21285	T	A	45	19	27	1	1	20	0.0208333	48	0.494624	FALSE	NA	NA	NA	NA	NA	NA
NC_045512.2	21286	A	T	44	18	25	3	3	27	0.0638298	47	0.124956	FALSE	NA	NA	NA	NA	NA	NA
NC_045512.2	21287	A	T	42	18	25	1	1	22	0.0222222	45	0.494253	FALSE	NA	NA	NA	NA	NA	NA
NC_045512.2	21287	A	G	42	18	25	2	2	23	0.0444444	45	0.247126	FALSE	NA	NA	NA	NA	NA	NA
NC_045512.2	21288	T	G	43	17	26	2	2	27	0.0416667	48	0.236503	FALSE	NA	NA	NA	NA	NA	NA
NC_045512.2	21288	T	C	43	17	26	2	2	24	0.0416667	48	0.236503	FALSE	NA	NA	NA	NA	NA	NA
NC_045512.2	21288	T	A	43	17	26	1	1	27	0.0208333	48	0.483516	FALSE	NA	NA	NA	NA	NA	NA
NC_045512.2	21289	T	A	45	19	25	4	4	26	0.0816327	49	0.0611503	FALSE	NA	NA	NA	NA	NA	NA
NC_045512.2	21290	A	T	43	17	27	5	5	26	0.104167	48	0.0295528	FALSE	NA	NA	NA	NA	NA	NA
NC_045512.2	21291	T	G	44	19	27	3	3	24	0.0612245	49	0.117148	FALSE	NA	NA	NA	NA	NA	NA
NC_045512.2	21291	T	C	44	19	27	2	1	26	0.0408163	49	0.236788	FALSE	NA	NA	NA	NA	NA	NA
NC_045512.2	21292	C	T	43	17	27	4	4	26	0.0816327	49	0.0560272	FALSE	NA	NA	NA	NA	NA	NA
NC_045512.2	21292	C	G	43	17	27	1	1	28	0.0204082	49	0.478261	FALSE	NA	NA	NA	NA	NA	NA
NC_045512.2	21292	C	A	43	17	27	1	1	21	0.0204082	49	0.478261	FALSE	NA	NA	NA	NA	NA	NA
NC_045512.2	21293	T	G	43	17	25	1	1	25	0.0212766	47	0.488889	FALSE	NA	NA	NA	NA	NA	NA
NC_045512.2	21293	T	A	43	17	25	3	3	26	0.0638298	47	0.120879	FALSE	NA	NA	NA	NA	NA	NA
NC_045512.2	21294	T	A	44	20	25	3	3	24	0.0638298	47	0.124956	FALSE	NA	NA	NA	NA	NA	NA
NC_045512.2	21295	G	T	42	16	25	2	2	25	0.0434783	46	0.241573	FALSE	NA	NA	NA	NA	NA	NA
NC_045512.2	21295	G	A	42	16	25	2	2	25	0.0434783	46	0.241573	FALSE	NA	NA	NA	NA	NA	NA
NC_045512.2	21296	G	T	44	19	24	3	3	24	0.0625	48	0.120968	FALSE	NA	NA	NA	NA	NA	NA
NC_045512.2	21296	G	A	44	19	24	1	1	28	0.0208333	48	0.48913	FALSE	NA	NA	NA	NA	NA	NA
NC_045512.2	21297	C	T	44	18	26	1	1	23	0.0204082	49	0.483871	FALSE	NA	NA	NA	NA	NA	NA
NC_045512.2	21297	C	G	44	18	26	1	1	30	0.0204082	49	0.483871	FALSE	NA	NA	NA	NA	NA	NA
NC_045512.2	21297	C	A	44	18	26	3	3	24	0.0612245	49	0.117148	FALSE	NA	NA	NA	NA	NA	NA
NC_045512.2	21298	A	T	43	17	24	3	3	27	0.0652174	46	0.124954	FALSE	NA	NA	NA	NA	NA	NA
NC_045512.2	21299	A	T	43	17	27	2	2	24	0.0416667	48	0.236503	FALSE	NA	NA	NA	NA	NA	NA
NC_045512.2	21299	A	G	43	17	27	1	1	23	0.0208333	48	0.483516	FALSE	NA	NA	NA	NA	NA	NA
NC_045512.2	21299	A	C	43	17	27	2	2	27	0.0416667	48	0.236503	FALSE	NA	NA	NA	NA	NA	NA
NC_045512.2	21300	A	T	32	17	24	4	4	25	0.105263	38	0.0541192	FALSE	NA	NA	NA	NA	NA	NA
NC_045512.2	21300	A	G	32	17	24	2	2	27	0.0526316	38	0.225755	FALSE	NA	NA	NA	NA	NA	NA
NC_045512.2	21301	C	T	41	15	25	4	4	27	0.0851064	47	0.0557476	FALSE	NA	NA	NA	NA	NA	NA
NC_045512.2	21301	C	A	41	15	25	2	2	26	0.0425532	47	0.230592	FALSE	NA	NA	NA	NA	NA	NA
NC_045512.2	21302	C	T	40	17	24	3	3	26	0.0652174	46	0.112461	FALSE	NA	NA	NA	NA	NA	NA
NC_045512.2	21302	C	G	40	17	24	2	2	21	0.0434783	46	0.230152	FALSE	NA	NA	NA	NA	NA	NA
NC_045512.2	21302	C	A	40	17	24	1	1	26	0.0217391	46	0.476744	FALSE	NA	NA	NA	NA	NA	NA
NC_045512.2	21303	A	T	44	18	27	1	1	27	0.0204082	49	0.483871	FALSE	NA	NA	NA	NA	NA	NA
NC_045512.2	21303	A	G	44	18	27	3	3	28	0.0612245	49	0.117148	FALSE	NA	NA	NA	NA	NA	NA
NC_045512.2	21303	A	C	44	18	27	1	1	26	0.0204082	49	0.483871	FALSE	NA	NA	NA	NA	NA	NA
NC_045512.2	21304	C	T	45	19	27	3	3	23	0.0612245	49	0.121053	FALSE	NA	NA	NA	NA	NA	NA
NC_045512.2	21304	C	A	45	19	27	1	1	22	0.0204082	49	0.489362	FALSE	NA	NA	NA	NA	NA	NA
NC_045512.2	21305	G	T	42	16	27	2	2	28	0.0425532	47	0.236205	FALSE	NA	NA	NA	NA	NA	NA
NC_045512.2	21305	G	A	42	16	27	3	3	26	0.0638298	47	0.116805	FALSE	NA	NA	NA	NA	NA	NA
NC_045512.2	21306	C	T	43	17	27	1	1	23	0.0204082	49	0.478261	FALSE	NA	NA	NA	NA	NA	NA
NC_045512.2	21306	C	G	43	17	27	1	1	23	0.0204082	49	0.478261	FALSE	NA	NA	NA	NA	NA	NA
NC_045512.2	21306	C	A	43	17	27	4	4	27	0.0816327	49	0.0560272	FALSE	NA	NA	NA	NA	NA	NA
NC_045512.2	21307	G	T	44	18	27	3	3	25	0.0612245	49	0.117148	FALSE	NA	NA	NA	NA	NA	NA
NC_045512.2	21307	G	A	44	18	27	2	2	29	0.0408163	49	0.236788	FALSE	NA	NA	NA	NA	NA	NA
NC_045512.2	21308	A	T	41	15	26	1	1	29	0.0217391	46	0.482759	FALSE	NA	NA	NA	NA	NA	NA
NC_045512.2	21308	A	G	41	15	26	1	1	21	0.0217391	46	0.482759	FALSE	NA	NA	NA	NA	NA	NA
NC_045512.2	21308	A	C	41	15	26	3	3	25	0.0652174	46	0.116621	FALSE	NA	NA	NA	NA	NA	NA
NC_045512.2	21309	A	G	43	19	24	2	1	26	0.0425532	47	0.241758	FALSE	NA	NA	NA	NA	NA	NA
NC_045512.2	21309	A	C	43	19	24	2	2	30	0.0425532	47	0.241758	FALSE	NA	NA	NA	NA	NA	NA
NC_045512.2	21310	C	T	43	17	26	2	2	26	0.0408163	49	0.231417	FALSE	NA	NA	NA	NA	NA	NA
NC_045512.2	21310	C	A	43	17	26	4	4	28	0.0816327	49	0.0560272	FALSE	NA	NA	NA	NA	NA	NA
NC_045512.2	21310	C	-A	43	17	26	1	0	20	0.0204082	49	0.478261	FALSE	NA	NA	NA	NA	NA	NA
NC_045512.2	21311	A	T	35	10	25	1	1	24	0.025641	39	0.48	FALSE	NA	NA	NA	NA	NA	NA
NC_045512.2	21311	A	C	35	10	25	3	3	27	0.0769231	39	0.115325	FALSE	NA	NA	NA	NA	NA	NA
NC_045512.2	21312	A	T	43	17	27	1	1	22	0.0204082	49	0.478261	FALSE	NA	NA	NA	NA	NA	NA
NC_045512.2	21312	A	G	43	17	27	4	4	26	0.0816327	49	0.0560272	FALSE	NA	NA	NA	NA	NA	NA
NC_045512.2	21312	A	C	43	17	27	1	1	21	0.0204082	49	0.478261	FALSE	NA	NA	NA	NA	NA	NA
NC_045512.2	21313	A	T	36	17	23	2	2	25	0.047619	42	0.228173	FALSE	NA	NA	NA	NA	NA	NA
NC_045512.2	21313	A	C	36	17	23	4	4	25	0.0952381	42	0.0549305	FALSE	NA	NA	NA	NA	NA	NA
NC_045512.2	21314	T	G	43	17	26	3	3	25	0.0612245	49	0.113246	FALSE	NA	NA	NA	NA	NA	NA
NC_045512.2	21314	T	A	43	17	26	3	3	21	0.0612245	49	0.113246	FALSE	NA	NA	NA	NA	NA	NA
NC_045512.2	21315	A	G	46	20	26	2	2	24	0.0408163	49	0.247368	FALSE	NA	NA	NA	NA	NA	NA
NC_045512.2	21315	A	C	46	20	26	1	1	25	0.0204082	49	0.494737	FALSE	NA	NA	NA	NA	NA	NA
NC_045512.2	21316	G	C	43	18	26	2	2	24	0.0416667	48	0.236503	FALSE	NA	NA	NA	NA	NA	NA
NC_045512.2	21316	G	A	43	18	26	3	3	27	0.0625	48	0.11698	FALSE	NA	NA	NA	NA	NA	NA
NC_045512.2	21317	A	T	42	17	27	1	1	22	0.0212766	47	0.483146	FALSE	NA	NA	NA	NA	NA	NA
NC_045512.2	21317	A	C	42	17	27	4	4	25	0.0851064	47	0.0584023	FALSE	NA	NA	NA	NA	NA	NA
NC_045512.2	21318	T	G	42	17	26	1	1	28	0.0208333	48	0.477778	FALSE	NA	NA	NA	NA	NA	NA
NC_045512.2	21318	T	C	42	17	26	1	1	29	0.0208333	48	0.477778	FALSE	NA	NA	NA	NA	NA	NA
NC_045512.2	21318	T	A	42	17	26	4	4	22	0.0833333	48	0.0558903	FALSE	NA	NA	NA	NA	NA	NA
NC_045512.2	21319	G	T	41	17	25	1	1	28	0.0212766	47	0.477273	FALSE	NA	NA	NA	NA	NA	NA
NC_045512.2	21319	G	A	41	17	25	5	5	26	0.106383	47	0.0278738	FALSE	NA	NA	NA	NA	NA	NA
NC_045512.2	21320	G	C	38	17	25	2	2	24	0.0465116	43	0.234869	FALSE	NA	NA	NA	NA	NA	NA
NC_045512.2	21320	G	A	38	17	25	3	3	26	0.0697674	43	0.11602	FALSE	NA	NA	NA	NA	NA	NA
NC_045512.2	21321	T	G	42	18	25	1	1	24	0.0222222	45	0.494253	FALSE	NA	NA	NA	NA	NA	NA
NC_045512.2	21321	T	C	42	18	25	2	2	25	0.0444444	45	0.247126	FALSE	NA	NA	NA	NA	NA	NA
NC_045512.2	21322	T	C	38	18	25	1	1	24	0.0238095	42	0.4875	FALSE	NA	NA	NA	NA	NA	NA
NC_045512.2	21322	T	A	38	18	25	3	3	25	0.0714286	42	0.12037	FALSE	NA	NA	NA	NA	NA	NA
NC_045512.2	21323	A	G	42	18	27	3	3	26	0.0652174	46	0.120787	FALSE	NA	NA	NA	NA	NA	NA
NC_045512.2	21323	A	C	42	18	27	1	1	25	0.0217391	46	0.488636	FALSE	NA	NA	NA	NA	NA	NA
NC_045512.2	21324	T	G	41	17	27	2	2	25	0.0425532	47	0.230592	FALSE	NA	NA	NA	NA	NA	NA
NC_045512.2	21324	T	A	41	17	27	4	4	25	0.0851064	47	0.0557476	FALSE	NA	NA	NA	NA	NA	NA
NC_045512.2	21325	G	T	41	17	27	3	3	26	0.0638298	47	0.112734	FALSE	NA	NA	NA	NA	NA	NA
NC_045512.2	21325	G	C	41	17	27	2	2	25	0.0425532	47	0.230592	FALSE	NA	NA	NA	NA	NA	NA
NC_045512.2	21325	G	A	41	17	27	1	1	27	0.0212766	47	0.477273	FALSE	NA	NA	NA	NA	NA	NA
NC_045512.2	21326	T	G	41	17	27	3	3	22	0.0638298	47	0.112734	FALSE	NA	NA	NA	NA	NA	NA
NC_045512.2	21326	T	C	41	17	27	1	1	27	0.0212766	47	0.477273	FALSE	NA	NA	NA	NA	NA	NA
NC_045512.2	21326	T	A	41	17	27	2	2	25	0.0425532	47	0.230592	FALSE	NA	NA	NA	NA	NA	NA
NC_045512.2	21327	C	G	41	17	27	3	3	26	0.0652174	46	0.116621	FALSE	NA	NA	NA	NA	NA	NA
NC_045512.2	21327	C	A	41	17	27	2	2	27	0.0434783	46	0.235893	FALSE	NA	NA	NA	NA	NA	NA
NC_045512.2	21328	A	T	45	21	27	1	1	21	0.0217391	46	0.505495	FALSE	NA	NA	NA	NA	NA	NA
NC_045512.2	21329	T	C	43	19	26	3	3	25	0.0638298	47	0.120879	FALSE	NA	NA	NA	NA	NA	NA
NC_045512.2	21329	T	A	43	19	26	1	1	28	0.0212766	47	0.488889	FALSE	NA	NA	NA	NA	NA	NA
NC_045512.2	21330	G	T	41	18	27	1	1	28	0.0222222	45	0.488372	FALSE	NA	NA	NA	NA	NA	NA
NC_045512.2	21330	G	C	41	18	27	1	1	28	0.0222222	45	0.488372	FALSE	NA	NA	NA	NA	NA	NA
NC_045512.2	21330	G	A	41	18	27	2	2	24	0.0444444	45	0.241379	FALSE	NA	NA	NA	NA	NA	NA
NC_045512.2	21331	C	T	40	17	27	2	2	27	0.0434783	46	0.230152	FALSE	NA	NA	NA	NA	NA	NA
NC_045512.2	21331	C	G	40	17	27	1	1	28	0.0217391	46	0.476744	FALSE	NA	NA	NA	NA	NA	NA
NC_045512.2	21331	C	A	40	17	27	3	3	27	0.0652174	46	0.112461	FALSE	NA	NA	NA	NA	NA	NA
NC_045512.2	21332	A	T	41	18	27	1	1	24	0.0217391	46	0.482759	FALSE	NA	NA	NA	NA	NA	NA
NC_045512.2	21332	A	G	41	18	27	3	3	27	0.0652174	46	0.116621	FALSE	NA	NA	NA	NA	NA	NA
NC_045512.2	21332	A	C	41	18	27	1	1	28	0.0217391	46	0.482759	FALSE	NA	NA	NA	NA	NA	NA
NC_045512.2	21333	T	G	43	21	27	1	1	28	0.0222222	45	0.5	FALSE	NA	NA	NA	NA	NA	NA
NC_045512.2	21333	T	A	43	21	27	1	1	29	0.0222222	45	0.5	FALSE	NA	NA	NA	NA	NA	NA
NC_045512.2	21334	G	T	39	17	27	1	1	28	0.0222222	45	0.47619	FALSE	NA	NA	NA	NA	NA	NA
NC_045512.2	21334	G	C	39	17	27	3	3	28	0.0666667	45	0.112175	FALSE	NA	NA	NA	NA	NA	NA
NC_045512.2	21334	G	A	39	17	27	2	2	27	0.0444444	45	0.229692	FALSE	NA	NA	NA	NA	NA	NA
NC_045512.2	21335	C	T	39	17	26	1	1	27	0.0222222	45	0.47619	FALSE	NA	NA	NA	NA	NA	NA
NC_045512.2	21335	C	G	39	17	26	3	3	26	0.0666667	45	0.112175	FALSE	NA	NA	NA	NA	NA	NA
NC_045512.2	21335	C	A	39	17	26	2	2	28	0.0444444	45	0.229692	FALSE	NA	NA	NA	NA	NA	NA
NC_045512.2	21336	A	T	38	16	25	2	2	28	0.047619	42	0.240741	FALSE	NA	NA	NA	NA	NA	NA
NC_045512.2	21336	A	G	38	16	25	2	2	27	0.047619	42	0.240741	FALSE	NA	NA	NA	NA	NA	NA
NC_045512.2	21337	A	T	40	18	27	3	3	25	0.0666667	45	0.11643	FALSE	NA	NA	NA	NA	NA	NA
NC_045512.2	21337	A	G	40	18	27	2	2	28	0.0444444	45	0.235568	FALSE	NA	NA	NA	NA	NA	NA
NC_045512.2	21338	A	T	33	16	24	1	1	28	0.025	40	0.465753	FALSE	NA	NA	NA	NA	NA	NA
NC_045512.2	21338	A	G	33	16	24	2	2	28	0.05	40	0.220289	FALSE	NA	NA	NA	NA	NA	NA
NC_045512.2	21338	A	C	33	16	24	4	4	27	0.1	40	0.051478	FALSE	NA	NA	NA	NA	NA	NA
NC_045512.2	21339	T	G	37	15	25	1	1	26	0.0232558	43	0.475	FALSE	NA	NA	NA	NA	NA	NA
NC_045512.2	21339	T	A	37	15	25	5	5	27	0.116279	43	0.0275547	FALSE	NA	NA	NA	NA	NA	NA
NC_045512.2	21340	T	A	43	22	25	1	1	28	0.0227273	44	0.505747	FALSE	NA	NA	NA	NA	NA	NA
NC_045512.2	21341	A	T	40	18	27	1	1	26	0.0222222	45	0.482353	FALSE	NA	NA	NA	NA	NA	NA
NC_045512.2	21341	A	G	40	18	27	4	4	26	0.0888889	45	0.058215	FALSE	NA	NA	NA	NA	NA	NA
NC_045512.2	21342	C	T	41	19	27	2	2	27	0.0454545	44	0.247059	FALSE	NA	NA	NA	NA	NA	NA
NC_045512.2	21342	C	A	41	19	27	1	1	26	0.0227273	44	0.494118	FALSE	NA	NA	NA	NA	NA	NA
NC_045512.2	21343	A	T	40	18	27	1	1	26	0.0238095	42	0.5	FALSE	NA	NA	NA	NA	NA	NA
NC_045512.2	21343	A	C	40	18	27	1	1	28	0.0238095	42	0.5	FALSE	NA	NA	NA	NA	NA	NA
NC_045512.2	21344	T	G	39	17	27	2	2	26	0.0454545	44	0.235227	FALSE	NA	NA	NA	NA	NA	NA
NC_045512.2	21344	T	A	39	17	27	3	3	26	0.0681818	44	0.11623	FALSE	NA	NA	NA	NA	NA	NA
NC_045512.2	21345	A	T	39	19	26	2	2	26	0.047619	42	0.246914	FALSE	NA	NA	NA	NA	NA	NA
NC_045512.2	21345	A	G	39	19	26	1	1	27	0.0238095	42	0.493827	FALSE	NA	NA	NA	NA	NA	NA
NC_045512.2	21345	A	-T	39	19	26	1	0	20	0.0238095	42	0.493827	FALSE	NA	NA	NA	NA	NA	NA
NC_045512.2	21346	T	G	27	11	24	1	1	28	0.0333333	30	0.482759	FALSE	NA	NA	NA	NA	NA	NA
NC_045512.2	21346	T	C	27	11	24	2	2	24	0.0666667	30	0.237288	FALSE	NA	NA	NA	NA	NA	NA
NC_045512.2	21347	T	G	33	18	26	1	1	22	0.0277778	36	0.492754	FALSE	NA	NA	NA	NA	NA	NA
NC_045512.2	21347	T	C	33	18	26	1	1	29	0.0277778	36	0.492754	FALSE	NA	NA	NA	NA	NA	NA
NC_045512.2	21347	T	A	33	18	26	1	1	26	0.0277778	36	0.492754	FALSE	NA	NA	NA	NA	NA	NA
NC_045512.2	21348	T	G	23	17	25	1	1	27	0.0357143	28	0.461538	FALSE	NA	NA	NA	NA	NA	NA
NC_045512.2	21348	T	A	23	17	25	4	4	26	0.142857	28	0.051458	FALSE	NA	NA	NA	NA	NA	NA
NC_045512.2	21349	T	G	18	18	26	11	1	26	0.34375	32	8.275e-05	TRUE	NA	NA	NA	NA	NA	NA
NC_045512.2	21349	T	C	18	18	26	2	2	28	0.0625	32	0.143288	FALSE	NA	NA	NA	NA	NA	NA
NC_045512.2	21349	T	A	18	18	26	1	1	23	0.03125	32	0.372549	FALSE	NA	NA	NA	NA	NA	NA
NC_045512.2	21350	G	T	22	14	23	1	1	27	0.0384615	26	0.469388	FALSE	NA	NA	NA	NA	NA	NA
NC_045512.2	21350	G	C	22	14	23	1	1	27	0.0384615	26	0.469388	FALSE	NA	NA	NA	NA	NA	NA
NC_045512.2	21350	G	A	22	14	23	2	2	26	0.0769231	26	0.225306	FALSE	NA	NA	NA	NA	NA	NA
NC_045512.2	21351	G	T	17	16	28	3	3	25	0.130435	23	0.0993031	FALSE	NA	NA	NA	NA	NA	NA
NC_045512.2	21351	G	C	17	16	28	1	1	24	0.0434783	23	0.45	FALSE	NA	NA	NA	NA	NA	NA
NC_045512.2	21351	G	A	17	16	28	2	2	26	0.0869565	23	0.208537	FALSE	NA	NA	NA	NA	NA	NA
NC_045512.2	21352	A	T	4	2	25	1	1	27	0.2	5	0.555556	FALSE	NA	NA	NA	NA	NA	NA
NC_045512.2	21354	G	C	4	2	25	1	1	26	0.2	5	0.555556	FALSE	NA	NA	NA	NA	NA	NA
NC_045512.2	21357	T	A	2	0	27	1	1	25	0.333333	3	0.6	FALSE	NA	NA	NA	NA	NA	NA
NC_045512.2	21358	A	T	2	0	25	1	1	21	0.333333	3	0.6	FALSE	NA	NA	NA	NA	NA	NA
NC_045512.2	21359	C	T	2	0	25	1	1	28	0.333333	3	0.6	FALSE	NA	NA	NA	NA	NA	NA
NC_045512.2	21361	A	C	2	0	28	1	1	27	0.333333	3	0.6	FALSE	NA	NA	NA	NA	NA	NA
NC_045512.2	21364	C	A	2	0	29	1	1	22	0.333333	3	0.6	FALSE	NA	NA	NA	NA	NA	NA
NC_045512.2	21364	C	-C	2	0	29	1	0	20	0.333333	3	0.6	FALSE	NA	NA	NA	NA	NA	NA
NC_045512.2	21369	T	C	1	0	23	1	0	29	0.5	2	0.666667	FALSE	NA	NA	NA	NA	NA	NA
NC_045512.2	21371	A	C	1	0	28	1	0	23	0.5	2	0.666667	FALSE	NA	NA	NA	NA	NA	NA
NC_045512.2	21430	G	T	0	0	0	1	1	26	1	1	1	FALSE	NA	NA	NA	NA	NA	NA
NC_045512.2	21431	C	A	0	0	0	1	1	27	1	1	1	FALSE	NA	NA	NA	NA	NA	NA
NC_045512.2	21435	T	C	1	0	28	1	1	27	0.5	2	0.666667	FALSE	NA	NA	NA	NA	NA	NA
NC_045512.2	21439	T	C	1	0	28	1	1	26	0.5	2	0.666667	FALSE	NA	NA	NA	NA	NA	NA
NC_045512.2	21440	C	A	1	0	27	1	1	26	0.5	2	0.666667	FALSE	NA	NA	NA	NA	NA	NA
NC_045512.2	21442	T	G	1	0	27	1	1	27	0.5	2	0.666667	FALSE	NA	NA	NA	NA	NA	NA
NC_045512.2	21443	T	C	1	0	22	1	1	27	0.5	2	0.666667	FALSE	NA	NA	NA	NA	NA	NA
NC_045512.2	21447	A	T	2	0	21	1	1	23	0.333333	3	0.6	FALSE	NA	NA	NA	NA	NA	NA
NC_045512.2	21448	G	T	7	0	26	1	1	23	0.125	8	0.533333	FALSE	NA	NA	NA	NA	NA	NA
NC_045512.2	21450	A	C	7	0	22	1	1	23	0.125	8	0.533333	FALSE	NA	NA	NA	NA	NA	NA
NC_045512.2	21451	G	A	7	0	29	1	1	23	0.125	8	0.533333	FALSE	NA	NA	NA	NA	NA	NA
NC_045512.2	21452	G	T	7	0	23	1	1	27	0.125	8	0.533333	FALSE	NA	NA	NA	NA	NA	NA
NC_045512.2	21453	T	A	7	0	27	1	1	27	0.125	8	0.533333	FALSE	NA	NA	NA	NA	NA	NA
NC_045512.2	21455	A	T	7	0	27	1	1	28	0.125	8	0.533333	FALSE	NA	NA	NA	NA	NA	NA
NC_045512.2	21456	A	T	7	0	27	1	1	30	0.125	8	0.533333	FALSE	NA	NA	NA	NA	NA	NA
NC_045512.2	21457	A	T	4	0	22	1	1	24	0.2	5	0.555556	FALSE	NA	NA	NA	NA	NA	NA
NC_045512.2	21458	T	G	7	0	26	1	1	20	0.125	8	0.533333	FALSE	NA	NA	NA	NA	NA	NA
NC_045512.2	21459	C	G	7	0	26	1	1	25	0.125	8	0.533333	FALSE	NA	NA	NA	NA	NA	NA
NC_045512.2	21461	A	G	6	0	22	1	1	21	0.142857	7	0.538462	FALSE	NA	NA	NA	NA	NA	NA
NC_045512.2	21462	T	G	7	0	25	1	1	27	0.125	8	0.533333	FALSE	NA	NA	NA	NA	NA	NA
NC_045512.2	21463	G	A	7	0	26	1	1	21	0.125	8	0.533333	FALSE	NA	NA	NA	NA	NA	NA
NC_045512.2	21467	T	C	7	0	26	1	1	25	0.125	8	0.533333	FALSE	NA	NA	NA	NA	NA	NA
NC_045512.2	21470	T	A	7	0	27	1	1	22	0.125	8	0.533333	FALSE	NA	NA	NA	NA	NA	NA
NC_045512.2	21473	T	C	5	0	20	1	1	25	0.166667	6	0.545455	FALSE	NA	NA	NA	NA	NA	NA
NC_045512.2	21475	T	A	7	0	26	1	1	26	0.125	8	0.533333	FALSE	NA	NA	NA	NA	NA	NA
NC_045512.2	21476	C	T	7	0	26	1	1	21	0.125	8	0.533333	FALSE	NA	NA	NA	NA	NA	NA
NC_045512.2	21477	T	C	7	1	27	1	0	30	0.125	8	0.533333	FALSE	NA	NA	NA	NA	NA	NA
NC_045512.2	21479	T	A	7	0	28	1	1	25	0.125	8	0.533333	FALSE	NA	NA	NA	NA	NA	NA
NC_045512.2	21480	T	G	6	0	22	1	1	25	0.142857	7	0.538462	FALSE	NA	NA	NA	NA	NA	NA
NC_045512.2	21481	C	T	7	0	26	1	1	21	0.125	8	0.533333	FALSE	NA	NA	NA	NA	NA	NA
NC_045512.2	21483	T	G	7	0	23	1	1	23	0.125	8	0.533333	FALSE	NA	NA	NA	NA	NA	NA
NC_045512.2	21484	A	T	7	0	26	1	1	23	0.125	8	0.533333	FALSE	NA	NA	NA	NA	NA	NA
NC_045512.2	21485	G	C	7	0	26	1	1	23	0.125	8	0.533333	FALSE	NA	NA	NA	NA	NA	NA
NC_045512.2	21487	A	T	7	0	28	1	1	23	0.125	8	0.533333	FALSE	NA	NA	NA	NA	NA	NA
NC_045512.2	21489	A	C	4	0	23	1	1	23	0.2	5	0.555556	FALSE	NA	NA	NA	NA	NA	NA
NC_045512.2	21490	G	T	7	0	26	1	1	25	0.125	8	0.533333	FALSE	NA	NA	NA	NA	NA	NA
NC_045512.2	21491	G	A	6	0	23	1	1	25	0.142857	7	0.538462	FALSE	NA	NA	NA	NA	NA	NA
NC_045512.2	21493	A	T	7	0	27	1	1	25	0.125	8	0.533333	FALSE	NA	NA	NA	NA	NA	NA
NC_045512.2	21494	G	C	7	0	27	1	1	26	0.125	8	0.533333	FALSE	NA	NA	NA	NA	NA	NA
NC_045512.2	21496	C	T	7	0	26	1	1	26	0.125	8	0.533333	FALSE	NA	NA	NA	NA	NA	NA
NC_045512.2	21498	T	A	3	0	22	1	1	26	0.25	4	0.571429	FALSE	NA	NA	NA	NA	NA	NA
NC_045512.2	21499	A	T	7	0	24	1	1	20	0.125	8	0.533333	FALSE	NA	NA	NA	NA	NA	NA
NC_045512.2	21501	A	T	7	0	26	1	1	28	0.125	8	0.533333	FALSE	NA	NA	NA	NA	NA	NA
NC_045512.2	21502	A	G	4	0	23	1	1	27	0.2	5	0.555556	FALSE	NA	NA	NA	NA	NA	NA
NC_045512.2	21503	T	A	7	0	26	1	1	22	0.125	8	0.533333	FALSE	NA	NA	NA	NA	NA	NA
NC_045512.2	21504	T	C	5	0	22	1	1	22	0.166667	6	0.545455	FALSE	NA	NA	NA	NA	NA	NA
NC_045512.2	21506	G	T	7	0	26	1	1	25	0.125	8	0.533333	FALSE	NA	NA	NA	NA	NA	NA
NC_045512.2	21507	A	G	7	0	26	1	1	25	0.125	8	0.533333	FALSE	NA	NA	NA	NA	NA	NA
NC_045512.2	21508	G	A	7	0	25	1	1	25	0.125	8	0.533333	FALSE	NA	NA	NA	NA	NA	NA
NC_045512.2	21509	A	G	7	0	25	1	1	25	0.125	8	0.533333	FALSE	NA	NA	NA	NA	NA	NA
NC_045512.2	21875	A	-T	9	0	26	2	0	20	0.222222	9	0.321637	FALSE	NA	NA	NA	NA	NA	NA
NC_045512.2	21918	T	G	8	0	26	1	0	28	0.111111	9	0.529412	FALSE	NA	NA	NA	NA	NA	NA
NC_045512.2	21923	A	C	9	0	27	1	1	24	0.1	10	0.526316	FALSE	NA	NA	NA	NA	NA	NA
NC_045512.2	21924	A	C	8	0	23	1	1	27	0.111111	9	0.529412	FALSE	NA	NA	NA	NA	NA	NA
NC_045512.2	21925	T	A	9	0	26	1	1	27	0.1	10	0.526316	FALSE	NA	NA	NA	NA	NA	NA
NC_045512.2	21926	A	C	9	0	26	1	1	27	0.1	10	0.526316	FALSE	NA	NA	NA	NA	NA	NA
NC_045512.2	21927	A	T	7	0	22	1	1	28	0.125	8	0.533333	FALSE	NA	NA	NA	NA	NA	NA
NC_045512.2	21928	C	G	8	0	26	1	1	27	0.111111	9	0.529412	FALSE	NA	NA	NA	NA	NA	NA
NC_045512.2	21929	G	A	8	0	26	1	1	27	0.111111	9	0.529412	FALSE	NA	NA	NA	NA	NA	NA
NC_045512.2	21930	C	G	8	0	26	1	1	27	0.111111	9	0.529412	FALSE	NA	NA	NA	NA	NA	NA
NC_045512.2	21931	T	A	7	0	26	1	1	23	0.125	8	0.533333	FALSE	NA	NA	NA	NA	NA	NA
NC_045512.2	21933	C	G	6	0	22	1	1	27	0.142857	7	0.538462	FALSE	NA	NA	NA	NA	NA	NA
NC_045512.2	21935	A	C	6	0	22	1	1	29	0.142857	7	0.538462	FALSE	NA	NA	NA	NA	NA	NA
NC_045512.2	21936	A	T	6	0	20	1	1	30	0.142857	7	0.538462	FALSE	NA	NA	NA	NA	NA	NA
NC_045512.2	21937	T	A	4	0	21	1	1	24	0.2	5	0.555556	FALSE	NA	NA	NA	NA	NA	NA
NC_045512.2	21938	G	A	4	0	24	1	1	27	0.2	5	0.555556	FALSE	NA	NA	NA	NA	NA	NA
NC_045512.2	21939	T	C	4	0	27	1	1	27	0.2	5	0.555556	FALSE	NA	NA	NA	NA	NA	NA
NC_045512.2	21940	T	A	3	0	22	1	1	27	0.25	4	0.571429	FALSE	NA	NA	NA	NA	NA	NA
NC_045512.2	21941	G	T	4	0	26	1	1	27	0.2	5	0.555556	FALSE	NA	NA	NA	NA	NA	NA
NC_045512.2	21942	T	A	3	0	27	1	1	22	0.25	4	0.571429	FALSE	NA	NA	NA	NA	NA	NA
NC_045512.2	21943	T	A	3	0	22	1	1	27	0.25	4	0.571429	FALSE	NA	NA	NA	NA	NA	NA
NC_045512.2	21944	A	T	3	0	26	1	1	27	0.25	4	0.571429	FALSE	NA	NA	NA	NA	NA	NA
NC_045512.2	21945	T	A	3	0	26	1	1	23	0.25	4	0.571429	FALSE	NA	NA	NA	NA	NA	NA
NC_045512.2	21946	T	A	3	0	21	1	1	28	0.25	4	0.571429	FALSE	NA	NA	NA	NA	NA	NA
NC_045512.2	21947	A	G	3	0	27	1	1	27	0.25	4	0.571429	FALSE	NA	NA	NA	NA	NA	NA
NC_045512.2	21949	A	G	0	0	0	1	1	23	1	1	1	FALSE	NA	NA	NA	NA	NA	NA
NC_045512.2	21951	T	C	3	0	27	1	1	28	0.25	4	0.571429	FALSE	NA	NA	NA	NA	NA	NA
NC_045512.2	21952	C	T	3	0	26	1	1	29	0.25	4	0.571429	FALSE	NA	NA	NA	NA	NA	NA
NC_045512.2	21953	T	G	3	0	26	1	1	24	0.25	4	0.571429	FALSE	NA	NA	NA	NA	NA	NA
NC_045512.2	21955	T	A	3	0	24	1	1	27	0.25	4	0.571429	FALSE	NA	NA	NA	NA	NA	NA
NC_045512.2	21955	T	-G	3	0	24	1	0	20	0.25	4	0.571429	FALSE	NA	NA	NA	NA	NA	NA
NC_045512.2	21957	A	C	3	0	26	1	1	23	0.25	4	0.571429	FALSE	NA	NA	NA	NA	NA	NA
NC_045512.2	21958	A	T	2	1	23	1	1	31	0.333333	3	0.6	FALSE	NA	NA	NA	NA	NA	NA
NC_045512.2	21959	T	C	2	1	28	1	1	27	0.333333	3	0.6	FALSE	NA	NA	NA	NA	NA	NA
NC_045512.2	21961	T	G	1	0	21	2	2	24	0.666667	3	0.3	FALSE	NA	NA	NA	NA	NA	NA
NC_045512.2	21962	C	G	1	0	27	1	1	27	0.333333	3	0.5	FALSE	NA	NA	NA	NA	NA	NA
NC_045512.2	21962	C	A	1	0	27	1	1	27	0.333333	3	0.5	FALSE	NA	NA	NA	NA	NA	NA
NC_045512.2	21963	A	T	1	0	28	1	1	27	0.333333	3	0.5	FALSE	NA	NA	NA	NA	NA	NA
NC_045512.2	21963	A	G	1	0	28	1	1	27	0.333333	3	0.5	FALSE	NA	NA	NA	NA	NA	NA
NC_045512.2	21964	A	C	3	2	24	1	1	24	0.25	4	0.571429	FALSE	NA	NA	NA	NA	NA	NA
NC_045512.2	21965	T	C	1	0	27	2	2	28	0.5	4	0.2	FALSE	NA	NA	NA	NA	NA	NA
NC_045512.2	21965	T	A	1	0	27	1	1	27	0.25	4	0.4	FALSE	NA	NA	NA	NA	NA	NA
NC_045512.2	21966	T	G	1	1	27	1	1	28	0.333333	3	0.5	FALSE	NA	NA	NA	NA	NA	NA
NC_045512.2	21966	T	A	1	1	27	1	1	27	0.333333	3	0.5	FALSE	NA	NA	NA	NA	NA	NA
NC_045512.2	21967	T	C	1	1	27	1	1	26	0.333333	3	0.5	FALSE	NA	NA	NA	NA	NA	NA
NC_045512.2	21967	T	A	1	1	27	1	1	27	0.333333	3	0.5	FALSE	NA	NA	NA	NA	NA	NA
NC_045512.2	21968	T	C	1	1	27	2	2	27	0.666667	3	0.3	FALSE	NA	NA	NA	NA	NA	NA
NC_045512.2	21969	G	T	1	1	27	2	2	24	0.4	5	0.142857	FALSE	NA	NA	NA	NA	NA	NA
NC_045512.2	21969	G	C	1	1	27	2	2	27	0.4	5	0.142857	FALSE	NA	NA	NA	NA	NA	NA
NC_045512.2	21970	T	C	1	1	28	1	1	27	0.2	5	0.333333	FALSE	NA	NA	NA	NA	NA	NA
NC_045512.2	21970	T	A	1	1	28	3	3	26	0.6	5	0.0714286	FALSE	NA	NA	NA	NA	NA	NA
NC_045512.2	21971	A	T	2	2	27	1	1	28	0.2	5	0.428571	FALSE	NA	NA	NA	NA	NA	NA
NC_045512.2	21971	A	G	2	2	27	1	1	27	0.2	5	0.428571	FALSE	NA	NA	NA	NA	NA	NA
NC_045512.2	21971	A	C	2	2	27	1	1	28	0.2	5	0.428571	FALSE	NA	NA	NA	NA	NA	NA
NC_045512.2	21972	A	T	2	2	25	1	1	24	0.2	5	0.428571	FALSE	NA	NA	NA	NA	NA	NA
NC_045512.2	21972	A	C	2	2	25	2	2	27	0.4	5	0.214286	FALSE	NA	NA	NA	NA	NA	NA
NC_045512.2	21973	T	G	1	1	26	2	2	26	0.4	5	0.142857	FALSE	NA	NA	NA	NA	NA	NA
NC_045512.2	21973	T	A	1	1	26	2	2	27	0.4	5	0.142857	FALSE	NA	NA	NA	NA	NA	NA
NC_045512.2	21974	G	T	2	2	25	1	1	28	0.2	5	0.428571	FALSE	NA	NA	NA	NA	NA	NA
NC_045512.2	21974	G	A	2	2	25	2	2	26	0.4	5	0.214286	FALSE	NA	NA	NA	NA	NA	NA
NC_045512.2	21975	A	T	2	2	24	2	2	24	0.4	5	0.214286	FALSE	NA	NA	NA	NA	NA	NA
NC_045512.2	21975	A	G	2	2	24	1	1	27	0.2	5	0.428571	FALSE	NA	NA	NA	NA	NA	NA
NC_045512.2	21976	T	G	1	1	28	1	1	25	0.2	5	0.333333	FALSE	NA	NA	NA	NA	NA	NA
NC_045512.2	21976	T	C	1	1	28	1	1	25	0.2	5	0.333333	FALSE	NA	NA	NA	NA	NA	NA
NC_045512.2	21976	T	A	1	1	28	2	2	25	0.4	5	0.142857	FALSE	NA	NA	NA	NA	NA	NA
NC_045512.2	21977	C	T	1	1	28	2	2	27	0.4	5	0.142857	FALSE	NA	NA	NA	NA	NA	NA
NC_045512.2	21977	C	A	1	1	28	2	2	25	0.4	5	0.142857	FALSE	NA	NA	NA	NA	NA	NA
NC_045512.2	21978	C	G	0	0	0	2	2	27	0.4	5	0.0666667	FALSE	NA	NA	NA	NA	NA	NA
NC_045512.2	21978	C	A	0	0	0	3	3	24	0.6	5	0.0285714	FALSE	NA	NA	NA	NA	NA	NA
NC_045512.2	21979	A	T	3	3	26	1	1	25	0.2	5	0.5	FALSE	NA	NA	NA	NA	NA	NA
NC_045512.2	21979	A	G	3	3	26	1	1	29	0.2	5	0.5	FALSE	NA	NA	NA	NA	NA	NA
NC_045512.2	21980	T	G	1	1	28	1	1	27	0.2	5	0.333333	FALSE	NA	NA	NA	NA	NA	NA
NC_045512.2	21980	T	C	1	1	28	2	2	26	0.4	5	0.142857	FALSE	NA	NA	NA	NA	NA	NA
NC_045512.2	21980	T	A	1	1	28	1	1	28	0.2	5	0.333333	FALSE	NA	NA	NA	NA	NA	NA
NC_045512.2	21981	T	G	1	1	25	1	1	28	0.2	5	0.333333	FALSE	NA	NA	NA	NA	NA	NA
NC_045512.2	21981	T	C	1	1	25	1	1	28	0.2	5	0.333333	FALSE	NA	NA	NA	NA	NA	NA
NC_045512.2	21981	T	A	1	1	25	2	2	25	0.4	5	0.142857	FALSE	NA	NA	NA	NA	NA	NA
NC_045512.2	21982	T	A	2	2	27	2	2	24	0.5	4	0.285714	FALSE	NA	NA	NA	NA	NA	NA
NC_045512.2	21983	T	G	0	0	0	1	1	24	0.2	5	0.2	FALSE	NA	NA	NA	NA	NA	NA
NC_045512.2	21983	T	C	0	0	0	1	1	23	0.2	5	0.2	FALSE	NA	NA	NA	NA	NA	NA
NC_045512.2	21983	T	A	0	0	0	3	3	24	0.6	5	0.0285714	FALSE	NA	NA	NA	NA	NA	NA
NC_045512.2	21984	T	C	0	0	0	3	3	26	0.6	5	0.0285714	FALSE	NA	NA	NA	NA	NA	NA
NC_045512.2	21984	T	A	0	0	0	2	2	29	0.4	5	0.0666667	FALSE	NA	NA	NA	NA	NA	NA
NC_045512.2	21985	G	T	0	0	0	2	2	27	0.4	5	0.0666667	FALSE	NA	NA	NA	NA	NA	NA
NC_045512.2	21985	G	C	0	0	0	2	2	28	0.4	5	0.0666667	FALSE	NA	NA	NA	NA	NA	NA
NC_045512.2	21985	G	A	0	0	0	1	1	26	0.2	5	0.2	FALSE	NA	NA	NA	NA	NA	NA
NC_045512.2	21986	G	T	1	1	22	1	1	25	0.2	5	0.333333	FALSE	NA	NA	NA	NA	NA	NA
NC_045512.2	21986	G	A	1	1	22	3	3	23	0.6	5	0.0714286	FALSE	NA	NA	NA	NA	NA	NA
NC_045512.2	21987	G	T	2	2	23	1	1	26	0.2	5	0.428571	FALSE	NA	NA	NA	NA	NA	NA
NC_045512.2	21987	G	A	2	2	23	2	2	24	0.4	5	0.214286	FALSE	NA	NA	NA	NA	NA	NA
NC_045512.2	21988	T	G	1	1	23	1	1	26	0.2	5	0.333333	FALSE	NA	NA	NA	NA	NA	NA
NC_045512.2	21988	T	A	1	1	23	3	3	23	0.6	5	0.0714286	FALSE	NA	NA	NA	NA	NA	NA
NC_045512.2	21989	G	T	0	0	0	1	1	25	0.25	4	0.25	FALSE	NA	NA	NA	NA	NA	NA
NC_045512.2	21989	G	C	0	0	0	1	1	23	0.25	4	0.25	FALSE	NA	NA	NA	NA	NA	NA
NC_045512.2	21989	G	A	0	0	0	2	2	26	0.5	4	0.1	FALSE	NA	NA	NA	NA	NA	NA
NC_045512.2	21990	T	C	2	2	25	1	1	28	0.25	4	0.5	FALSE	NA	NA	NA	NA	NA	NA
NC_045512.2	21990	T	A	2	2	25	1	1	24	0.25	4	0.5	FALSE	NA	NA	NA	NA	NA	NA
NC_045512.2	21991	T	G	0	0	0	1	1	25	0.2	5	0.2	FALSE	NA	NA	NA	NA	NA	NA
NC_045512.2	21991	T	C	0	0	0	2	2	26	0.4	5	0.0666667	FALSE	NA	NA	NA	NA	NA	NA
NC_045512.2	21991	T	A	0	0	0	2	2	26	0.4	5	0.0666667	FALSE	NA	NA	NA	NA	NA	NA
NC_045512.2	21992	T	G	2	2	25	1	1	27	0.2	5	0.428571	FALSE	NA	NA	NA	NA	NA	NA
NC_045512.2	21992	T	C	2	2	25	1	1	25	0.2	5	0.428571	FALSE	NA	NA	NA	NA	NA	NA
NC_045512.2	21992	T	A	2	2	25	1	1	28	0.2	5	0.428571	FALSE	NA	NA	NA	NA	NA	NA
NC_045512.2	21993	A	T	2	2	28	2	2	27	0.4	5	0.214286	FALSE	NA	NA	NA	NA	NA	NA
NC_045512.2	21993	A	G	2	2	28	1	1	27	0.2	5	0.428571	FALSE	NA	NA	NA	NA	NA	NA
NC_045512.2	21994	T	G	0	0	0	3	3	22	0.6	5	0.0285714	FALSE	NA	NA	NA	NA	NA	NA
NC_045512.2	21994	T	C	0	0	0	1	1	28	0.2	5	0.2	FALSE	NA	NA	NA	NA	NA	NA
NC_045512.2	21994	T	A	0	0	0	1	1	26	0.2	5	0.2	FALSE	NA	NA	NA	NA	NA	NA
NC_045512.2	21995	T	G	1	1	24	4	4	26	0.8	5	0.0396825	FALSE	NA	NA	NA	NA	NA	NA
NC_045512.2	21996	A	T	1	1	27	2	2	27	0.4	5	0.142857	FALSE	NA	NA	NA	NA	NA	NA
NC_045512.2	21996	A	G	1	1	27	1	1	27	0.2	5	0.333333	FALSE	NA	NA	NA	NA	NA	NA
NC_045512.2	21996	A	C	1	1	27	1	1	28	0.2	5	0.333333	FALSE	NA	NA	NA	NA	NA	NA
NC_045512.2	21996	A	-C	1	1	27	1	0	20	0.2	5	0.333333	FALSE	NA	NA	NA	NA	NA	NA
NC_045512.2	21997	C	T	1	1	27	1	1	28	0.25	4	0.4	FALSE	NA	NA	NA	NA	NA	NA
NC_045512.2	21997	C	A	1	1	27	2	2	25	0.5	4	0.2	FALSE	NA	NA	NA	NA	NA	NA
NC_045512.2	21998	C	T	1	1	27	2	2	23	0.5	4	0.2	FALSE	NA	NA	NA	NA	NA	NA
NC_045512.2	21998	C	G	1	1	27	1	1	24	0.25	4	0.4	FALSE	NA	NA	NA	NA	NA	NA
NC_045512.2	21999	A	T	0	0	0	3	3	26	0.6	5	0.0285714	FALSE	NA	NA	NA	NA	NA	NA
NC_045512.2	21999	A	G	0	0	0	2	2	25	0.4	5	0.0666667	FALSE	NA	NA	NA	NA	NA	NA
NC_045512.2	22000	C	T	0	0	0	1	1	28	0.2	5	0.2	FALSE	NA	NA	NA	NA	NA	NA
NC_045512.2	22000	C	G	0	0	0	2	2	26	0.4	5	0.0666667	FALSE	NA	NA	NA	NA	NA	NA
NC_045512.2	22000	C	A	0	0	0	2	2	26	0.4	5	0.0666667	FALSE	NA	NA	NA	NA	NA	NA
NC_045512.2	22000	C	-A	0	0	0	1	0	20	0.2	5	0.2	FALSE	NA	NA	NA	NA	NA	NA
NC_045512.2	22001	A	T	1	1	26	2	2	25	0.5	4	0.2	FALSE	NA	NA	NA	NA	NA	NA
NC_045512.2	22001	A	C	1	1	26	1	1	25	0.25	4	0.4	FALSE	NA	NA	NA	NA	NA	NA
NC_045512.2	22002	A	T	0	0	0	1	1	27	0.5	2	0.5	FALSE	NA	NA	NA	NA	NA	NA
NC_045512.2	22002	A	G	0	0	0	1	1	24	0.5	2	0.5	FALSE	NA	NA	NA	NA	NA	NA
NC_045512.2	22003	A	T	1	1	22	3	3	26	0.6	5	0.0714286	FALSE	NA	NA	NA	NA	NA	NA
NC_045512.2	22003	A	G	1	1	22	1	1	28	0.2	5	0.333333	FALSE	NA	NA	NA	NA	NA	NA
NC_045512.2	22004	A	T	1	1	23	4	4	26	0.8	5	0.0396825	FALSE	NA	NA	NA	NA	NA	NA
NC_045512.2	22005	A	T	2	2	27	3	3	24	0.6	5	0.119048	FALSE	NA	NA	NA	NA	NA	NA
NC_045512.2	22006	C	T	1	1	27	1	1	22	0.25	4	0.4	FALSE	NA	NA	NA	NA	NA	NA
NC_045512.2	22006	C	G	1	1	27	2	2	24	0.5	4	0.2	FALSE	NA	NA	NA	NA	NA	NA
NC_045512.2	22007	A	T	2	2	24	1	1	27	0.25	4	0.5	FALSE	NA	NA	NA	NA	NA	NA
NC_045512.2	22007	A	G	2	2	24	1	1	27	0.25	4	0.5	FALSE	NA	NA	NA	NA	NA	NA
NC_045512.2	22008	A	T	1	1	25	1	1	24	0.25	4	0.4	FALSE	NA	NA	NA	NA	NA	NA
NC_045512.2	22008	A	G	1	1	25	1	1	26	0.25	4	0.4	FALSE	NA	NA	NA	NA	NA	NA
NC_045512.2	22008	A	C	1	1	25	1	1	27	0.25	4	0.4	FALSE	NA	NA	NA	NA	NA	NA
NC_045512.2	22009	C	T	1	1	25	2	2	24	0.4	5	0.142857	FALSE	NA	NA	NA	NA	NA	NA
NC_045512.2	22009	C	G	1	1	25	1	1	27	0.2	5	0.333333	FALSE	NA	NA	NA	NA	NA	NA
NC_045512.2	22009	C	A	1	1	25	1	1	27	0.2	5	0.333333	FALSE	NA	NA	NA	NA	NA	NA
NC_045512.2	22010	A	C	1	1	26	3	3	25	0.75	4	0.114286	FALSE	NA	NA	NA	NA	NA	NA
NC_045512.2	22011	A	T	0	0	0	3	3	28	0.6	5	0.0285714	FALSE	NA	NA	NA	NA	NA	NA
NC_045512.2	22011	A	G	0	0	0	1	1	22	0.2	5	0.2	FALSE	NA	NA	NA	NA	NA	NA
NC_045512.2	22011	A	C	0	0	0	1	1	26	0.2	5	0.2	FALSE	NA	NA	NA	NA	NA	NA
NC_045512.2	22012	A	T	2	2	24	2	2	25	0.5	4	0.285714	FALSE	NA	NA	NA	NA	NA	NA
NC_045512.2	22013	A	C	3	3	24	2	2	25	0.4	5	0.277778	FALSE	NA	NA	NA	NA	NA	NA
NC_045512.2	22014	G	T	2	2	24	1	1	27	0.25	4	0.5	FALSE	NA	NA	NA	NA	NA	NA
NC_045512.2	22014	G	C	2	2	24	1	1	25	0.25	4	0.5	FALSE	NA	NA	NA	NA	NA	NA
NC_045512.2	22015	T	A	1	1	27	3	3	25	0.75	4	0.114286	FALSE	NA	NA	NA	NA	NA	NA
NC_045512.2	22016	T	C	3	3	24	1	1	22	0.2	5	0.5	FALSE	NA	NA	NA	NA	NA	NA
NC_045512.2	22016	T	A	3	3	24	1	1	28	0.2	5	0.5	FALSE	NA	NA	NA	NA	NA	NA
NC_045512.2	22017	G	T	0	0	0	3	3	26	0.6	5	0.0285714	FALSE	NA	NA	NA	NA	NA	NA
NC_045512.2	22017	G	C	0	0	0	1	1	27	0.2	5	0.2	FALSE	NA	NA	NA	NA	NA	NA
NC_045512.2	22017	G	A	0	0	0	1	1	27	0.2	5	0.2	FALSE	NA	NA	NA	NA	NA	NA
NC_045512.2	22018	G	C	2	2	26	2	2	25	0.4	5	0.214286	FALSE	NA	NA	NA	NA	NA	NA
NC_045512.2	22018	G	A	2	2	26	1	1	27	0.2	5	0.428571	FALSE	NA	NA	NA	NA	NA	NA
NC_045512.2	22019	A	T	2	2	26	1	1	23	0.2	5	0.428571	FALSE	NA	NA	NA	NA	NA	NA
NC_045512.2	22019	A	G	2	2	26	2	2	27	0.4	5	0.214286	FALSE	NA	NA	NA	NA	NA	NA
NC_045512.2	22020	T	G	2	2	25	1	1	26	0.2	5	0.428571	FALSE	NA	NA	NA	NA	NA	NA
NC_045512.2	22020	T	A	2	2	25	2	2	25	0.4	5	0.214286	FALSE	NA	NA	NA	NA	NA	NA
NC_045512.2	22021	G	T	1	1	23	3	3	26	0.6	5	0.0714286	FALSE	NA	NA	NA	NA	NA	NA
NC_045512.2	22021	G	A	1	1	23	1	1	27	0.2	5	0.333333	FALSE	NA	NA	NA	NA	NA	NA
NC_045512.2	22022	G	T	1	1	27	1	1	26	0.25	4	0.4	FALSE	NA	NA	NA	NA	NA	NA
NC_045512.2	22022	G	C	1	1	27	2	2	25	0.5	4	0.2	FALSE	NA	NA	NA	NA	NA	NA
NC_045512.2	22023	A	T	1	1	28	1	1	24	0.2	5	0.333333	FALSE	NA	NA	NA	NA	NA	NA
NC_045512.2	22023	A	G	1	1	28	1	1	26	0.2	5	0.333333	FALSE	NA	NA	NA	NA	NA	NA
NC_045512.2	22023	A	C	1	1	28	2	2	27	0.4	5	0.142857	FALSE	NA	NA	NA	NA	NA	NA
NC_045512.2	22024	A	G	2	2	23	1	1	22	0.2	5	0.428571	FALSE	NA	NA	NA	NA	NA	NA
NC_045512.2	22024	A	C	2	2	23	2	2	25	0.4	5	0.214286	FALSE	NA	NA	NA	NA	NA	NA
NC_045512.2	22025	A	T	1	1	26	2	2	26	0.5	4	0.2	FALSE	NA	NA	NA	NA	NA	NA
NC_045512.2	22025	A	C	1	1	26	1	1	29	0.25	4	0.4	FALSE	NA	NA	NA	NA	NA	NA
NC_045512.2	22026	G	T	1	1	26	1	1	28	0.2	5	0.333333	FALSE	NA	NA	NA	NA	NA	NA
NC_045512.2	22026	G	C	1	1	26	1	1	28	0.2	5	0.333333	FALSE	NA	NA	NA	NA	NA	NA
NC_045512.2	22026	G	A	1	1	26	2	2	25	0.4	5	0.142857	FALSE	NA	NA	NA	NA	NA	NA
NC_045512.2	22027	T	G	0	0	0	1	1	22	0.2	5	0.2	FALSE	NA	NA	NA	NA	NA	NA
NC_045512.2	22027	T	C	0	0	0	1	1	29	0.2	5	0.2	FALSE	NA	NA	NA	NA	NA	NA
NC_045512.2	22027	T	A	0	0	0	3	3	25	0.6	5	0.0285714	FALSE	NA	NA	NA	NA	NA	NA
NC_045512.2	22028	G	T	1	1	27	1	1	25	0.2	5	0.333333	FALSE	NA	NA	NA	NA	NA	NA
NC_045512.2	22028	G	C	1	1	27	1	1	21	0.2	5	0.333333	FALSE	NA	NA	NA	NA	NA	NA
NC_045512.2	22028	G	A	1	1	27	2	2	27	0.4	5	0.142857	FALSE	NA	NA	NA	NA	NA	NA
NC_045512.2	22029	A	T	1	1	30	2	2	27	0.4	5	0.142857	FALSE	NA	NA	NA	NA	NA	NA
NC_045512.2	22029	A	C	1	1	30	2	2	25	0.4	5	0.142857	FALSE	NA	NA	NA	NA	NA	NA
NC_045512.2	22030	G	C	1	1	28	3	3	25	0.6	5	0.0714286	FALSE	NA	NA	NA	NA	NA	NA
NC_045512.2	22030	G	A	1	1	28	1	1	28	0.2	5	0.333333	FALSE	NA	NA	NA	NA	NA	NA
NC_045512.2	22031	T	C	2	2	26	2	2	28	0.4	5	0.214286	FALSE	NA	NA	NA	NA	NA	NA
NC_045512.2	22031	T	A	2	2	26	1	1	23	0.2	5	0.428571	FALSE	NA	NA	NA	NA	NA	NA
NC_045512.2	22032	T	G	1	1	31	1	1	23	0.2	5	0.333333	FALSE	NA	NA	NA	NA	NA	NA
NC_045512.2	22032	T	C	1	1	31	2	2	28	0.4	5	0.142857	FALSE	NA	NA	NA	NA	NA	NA
NC_045512.2	22032	T	A	1	1	31	1	1	27	0.2	5	0.333333	FALSE	NA	NA	NA	NA	NA	NA
NC_045512.2	22033	C	T	0	0	0	3	3	27	0.6	5	0.0285714	FALSE	NA	NA	NA	NA	NA	NA
NC_045512.2	22033	C	G	0	0	0	2	2	29	0.4	5	0.0666667	FALSE	NA	NA	NA	NA	NA	NA
NC_045512.2	22034	A	T	1	1	28	2	2	25	0.4	5	0.142857	FALSE	NA	NA	NA	NA	NA	NA
NC_045512.2	22034	A	G	1	1	28	1	1	28	0.2	5	0.333333	FALSE	NA	NA	NA	NA	NA	NA
NC_045512.2	22034	A	C	1	1	28	1	1	21	0.2	5	0.333333	FALSE	NA	NA	NA	NA	NA	NA
NC_045512.2	22035	G	T	0	0	0	2	2	28	0.5	4	0.1	FALSE	NA	NA	NA	NA	NA	NA
NC_045512.2	22035	G	C	0	0	0	2	2	27	0.5	4	0.1	FALSE	NA	NA	NA	NA	NA	NA
NC_045512.2	22036	A	T	1	1	24	1	1	23	0.2	5	0.333333	FALSE	NA	NA	NA	NA	NA	NA
NC_045512.2	22036	A	G	1	1	24	1	1	28	0.2	5	0.333333	FALSE	NA	NA	NA	NA	NA	NA
NC_045512.2	22036	A	C	1	1	24	2	2	26	0.4	5	0.142857	FALSE	NA	NA	NA	NA	NA	NA
NC_045512.2	22037	G	T	0	0	0	2	2	26	0.4	5	0.0666667	FALSE	NA	NA	NA	NA	NA	NA
NC_045512.2	22037	G	C	0	0	0	1	1	26	0.2	5	0.2	FALSE	NA	NA	NA	NA	NA	NA
NC_045512.2	22037	G	A	0	0	0	2	2	25	0.4	5	0.0666667	FALSE	NA	NA	NA	NA	NA	NA
NC_045512.2	22038	T	A	2	2	27	3	3	25	0.6	5	0.119048	FALSE	NA	NA	NA	NA	NA	NA
NC_045512.2	22039	T	C	1	1	22	1	1	25	0.25	4	0.4	FALSE	NA	NA	NA	NA	NA	NA
NC_045512.2	22039	T	A	1	1	22	2	2	25	0.5	4	0.2	FALSE	NA	NA	NA	NA	NA	NA
NC_045512.2	22040	T	C	3	3	24	1	1	27	0.2	5	0.5	FALSE	NA	NA	NA	NA	NA	NA
NC_045512.2	22040	T	A	3	3	24	1	1	29	0.2	5	0.5	FALSE	NA	NA	NA	NA	NA	NA
NC_045512.2	22041	A	T	0	0	0	3	3	24	0.6	5	0.0285714	FALSE	NA	NA	NA	NA	NA	NA
NC_045512.2	22041	A	G	0	0	0	1	1	26	0.2	5	0.2	FALSE	NA	NA	NA	NA	NA	NA
NC_045512.2	22041	A	C	0	0	0	1	1	28	0.2	5	0.2	FALSE	NA	NA	NA	NA	NA	NA
NC_045512.2	22042	T	G	2	2	23	1	1	28	0.2	5	0.428571	FALSE	NA	NA	NA	NA	NA	NA
NC_045512.2	22042	T	C	2	2	23	1	1	25	0.2	5	0.428571	FALSE	NA	NA	NA	NA	NA	NA
NC_045512.2	22042	T	A	2	2	23	1	1	26	0.2	5	0.428571	FALSE	NA	NA	NA	NA	NA	NA
NC_045512.2	22043	T	C	2	2	23	1	1	28	0.2	5	0.428571	FALSE	NA	NA	NA	NA	NA	NA
NC_045512.2	22043	T	A	2	2	23	2	2	25	0.4	5	0.214286	FALSE	NA	NA	NA	NA	NA	NA
NC_045512.2	22044	C	T	0	0	0	3	3	25	0.6	5	0.0285714	FALSE	NA	NA	NA	NA	NA	NA
NC_045512.2	22044	C	A	0	0	0	2	2	23	0.4	5	0.0666667	FALSE	NA	NA	NA	NA	NA	NA
NC_045512.2	22045	T	G	2	2	24	1	1	27	0.2	5	0.428571	FALSE	NA	NA	NA	NA	NA	NA
NC_045512.2	22045	T	A	2	2	24	2	2	24	0.4	5	0.214286	FALSE	NA	NA	NA	NA	NA	NA
NC_045512.2	22046	A	T	0	0	0	3	3	24	0.6	5	0.0285714	FALSE	NA	NA	NA	NA	NA	NA
NC_045512.2	22046	A	G	0	0	0	1	1	28	0.2	5	0.2	FALSE	NA	NA	NA	NA	NA	NA
NC_045512.2	22046	A	C	0	0	0	1	1	25	0.2	5	0.2	FALSE	NA	NA	NA	NA	NA	NA
NC_045512.2	22047	G	T	0	0	0	4	4	26	1	4	0.0285714	FALSE	NA	NA	NA	NA	NA	NA
NC_045512.2	22048	T	A	2	2	28	2	2	23	0.5	4	0.285714	FALSE	NA	NA	NA	NA	NA	NA
NC_045512.2	22049	G	C	1	1	26	1	1	23	0.2	5	0.333333	FALSE	NA	NA	NA	NA	NA	NA
NC_045512.2	22049	G	A	1	1	26	3	3	24	0.6	5	0.0714286	FALSE	NA	NA	NA	NA	NA	NA
NC_045512.2	22050	C	T	0	0	0	3	3	25	0.6	5	0.0285714	FALSE	NA	NA	NA	NA	NA	NA
NC_045512.2	22050	C	G	0	0	0	1	1	27	0.2	5	0.2	FALSE	NA	NA	NA	NA	NA	NA
NC_045512.2	22050	C	A	0	0	0	1	1	27	0.2	5	0.2	FALSE	NA	NA	NA	NA	NA	NA
NC_045512.2	22051	G	T	1	1	27	1	1	27	0.2	5	0.333333	FALSE	NA	NA	NA	NA	NA	NA
NC_045512.2	22051	G	C	1	1	27	1	1	27	0.2	5	0.333333	FALSE	NA	NA	NA	NA	NA	NA
NC_045512.2	22051	G	A	1	1	27	2	2	22	0.4	5	0.142857	FALSE	NA	NA	NA	NA	NA	NA
NC_045512.2	22052	A	T	3	3	25	2	2	24	0.4	5	0.277778	FALSE	NA	NA	NA	NA	NA	NA
NC_045512.2	22053	A	T	2	2	26	2	2	26	0.4	5	0.214286	FALSE	NA	NA	NA	NA	NA	NA
NC_045512.2	22053	A	C	2	2	26	1	1	25	0.2	5	0.428571	FALSE	NA	NA	NA	NA	NA	NA
NC_045512.2	22054	T	G	0	0	0	3	3	25	0.6	5	0.0285714	FALSE	NA	NA	NA	NA	NA	NA
NC_045512.2	22054	T	C	0	0	0	2	2	24	0.4	5	0.0666667	FALSE	NA	NA	NA	NA	NA	NA
NC_045512.2	22055	A	T	1	1	26	1	1	23	0.25	4	0.4	FALSE	NA	NA	NA	NA	NA	NA
NC_045512.2	22055	A	G	1	1	26	1	1	23	0.25	4	0.4	FALSE	NA	NA	NA	NA	NA	NA
NC_045512.2	22055	A	C	1	1	26	1	1	27	0.25	4	0.4	FALSE	NA	NA	NA	NA	NA	NA
NC_045512.2	22055	A	-A	1	1	26	1	0	20	0.25	4	0.4	FALSE	NA	NA	NA	NA	NA	NA
NC_045512.2	22056	A	T	0	0	0	2	2	25	0.666667	3	0.1	FALSE	NA	NA	NA	NA	NA	NA
NC_045512.2	22056	A	C	0	0	0	1	1	23	0.333333	3	0.25	FALSE	NA	NA	NA	NA	NA	NA
NC_045512.2	22057	T	A	1	1	26	1	1	23	0.5	2	0.666667	FALSE	NA	NA	NA	NA	NA	NA
NC_045512.2	22141	G	+T	9	0	27	1	0	20	0.111111	9	0.555556	FALSE	NA	NA	NA	NA	NA	NA
NC_045512.2	22171	A	G	8	0	26	1	0	28	0.111111	9	0.529412	FALSE	NA	NA	NA	NA	NA	NA
NC_045512.2	22183	C	G	8	0	27	1	0	27	0.111111	9	0.529412	FALSE	NA	NA	NA	NA	NA	NA
NC_045512.2	22200	T	A	0	0	0	9	0	27	1	9	4.11353e-05	TRUE	NA	NA	NA	NA	NA	NA
NC_045512.2	22257	G	A	18	1	22	1	0	27	0.0526316	19	0.513514	FALSE	NA	NA	NA	NA	NA	NA
NC_045512.2	22276	T	C	14	1	23	1	0	27	0.0666667	15	0.517241	FALSE	NA	NA	NA	NA	NA	NA
NC_045512.2	22280	A	G	17	1	22	1	0	28	0.0555556	18	0.514286	FALSE	NA	NA	NA	NA	NA	NA
NC_045512.2	22306	T	C	18	1	26	1	0	28	0.0526316	19	0.513514	FALSE	NA	NA	NA	NA	NA	NA
NC_045512.2	22317	G	T	0	0	0	18	1	27	1	18	2.20382e-10	TRUE	NA	NA	NA	NA	NA	NA
NC_045512.2	22323	C	A	17	1	26	1	1	23	0.0555556	18	0.514286	FALSE	NA	NA	NA	NA	NA	NA
NC_045512.2	22324	T	G	17	1	26	1	1	23	0.0555556	18	0.514286	FALSE	NA	NA	NA	NA	NA	NA
NC_045512.2	22325	T	A	15	1	22	2	2	25	0.117647	17	0.257576	FALSE	NA	NA	NA	NA	NA	NA
NC_045512.2	22326	C	T	15	1	27	1	1	21	0.0588235	17	0.5	FALSE	NA	NA	NA	NA	NA	NA
NC_045512.2	22326	C	G	15	1	27	1	1	23	0.0588235	17	0.5	FALSE	NA	NA	NA	NA	NA	NA
NC_045512.2	22327	T	A	16	2	27	1	1	23	0.0588235	17	0.515152	FALSE	NA	NA	NA	NA	NA	NA
NC_045512.2	22328	T	A	15	3	23	1	1	26	0.0625	16	0.516129	FALSE	NA	NA	NA	NA	NA	NA
NC_045512.2	22329	C	T	15	1	26	1	1	29	0.0555556	18	0.484848	FALSE	NA	NA	NA	NA	NA	NA
NC_045512.2	22329	C	G	15	1	26	2	2	27	0.111111	18	0.242424	FALSE	NA	NA	NA	NA	NA	NA
NC_045512.2	22330	A	T	16	2	26	1	1	30	0.0555556	18	0.5	FALSE	NA	NA	NA	NA	NA	NA
NC_045512.2	22330	A	C	16	2	26	1	1	23	0.0555556	18	0.5	FALSE	NA	NA	NA	NA	NA	NA
NC_045512.2	22331	G	T	16	2	26	1	1	23	0.0555556	18	0.5	FALSE	NA	NA	NA	NA	NA	NA
NC_045512.2	22331	G	C	16	2	26	1	1	24	0.0555556	18	0.5	FALSE	NA	NA	NA	NA	NA	NA
NC_045512.2	22332	G	T	14	1	22	1	1	31	0.0625	16	0.5	FALSE	NA	NA	NA	NA	NA	NA
NC_045512.2	22332	G	C	14	1	22	1	1	24	0.0625	16	0.5	FALSE	NA	NA	NA	NA	NA	NA
NC_045512.2	22333	T	C	16	2	27	1	1	27	0.0555556	18	0.5	FALSE	NA	NA	NA	NA	NA	NA
NC_045512.2	22333	T	A	16	2	27	1	1	24	0.0555556	18	0.5	FALSE	NA	NA	NA	NA	NA	NA
NC_045512.2	22334	T	G	16	2	22	1	1	27	0.0555556	18	0.5	FALSE	NA	NA	NA	NA	NA	NA
NC_045512.2	22334	T	A	16	2	22	1	1	22	0.0555556	18	0.5	FALSE	NA	NA	NA	NA	NA	NA
NC_045512.2	22335	G	C	14	1	27	1	1	21	0.0588235	17	0.483871	FALSE	NA	NA	NA	NA	NA	NA
NC_045512.2	22335	G	A	14	1	27	2	2	27	0.117647	17	0.241935	FALSE	NA	NA	NA	NA	NA	NA
NC_045512.2	22336	G	T	15	2	23	1	1	27	0.0588235	17	0.5	FALSE	NA	NA	NA	NA	NA	NA
NC_045512.2	22336	G	C	15	2	23	1	1	23	0.0588235	17	0.5	FALSE	NA	NA	NA	NA	NA	NA
NC_045512.2	22337	A	G	14	3	27	2	1	25	0.125	16	0.258065	FALSE	NA	NA	NA	NA	NA	NA
NC_045512.2	22338	C	T	14	1	27	1	1	27	0.0555556	18	0.46875	FALSE	NA	NA	NA	NA	NA	NA
NC_045512.2	22338	C	G	14	1	27	2	2	25	0.111111	18	0.227273	FALSE	NA	NA	NA	NA	NA	NA
NC_045512.2	22338	C	A	14	1	27	1	1	23	0.0555556	18	0.46875	FALSE	NA	NA	NA	NA	NA	NA
NC_045512.2	22339	A	T	16	3	27	1	1	23	0.0555556	18	0.5	FALSE	NA	NA	NA	NA	NA	NA
NC_045512.2	22339	A	G	16	3	27	1	1	27	0.0555556	18	0.5	FALSE	NA	NA	NA	NA	NA	NA
NC_045512.2	22340	G	T	14	1	26	3	3	23	0.166667	18	0.113636	FALSE	NA	NA	NA	NA	NA	NA
NC_045512.2	22340	G	A	14	1	26	1	1	28	0.0555556	18	0.46875	FALSE	NA	NA	NA	NA	NA	NA
NC_045512.2	22341	C	T	14	1	26	2	2	27	0.111111	18	0.227273	FALSE	NA	NA	NA	NA	NA	NA
NC_045512.2	22341	C	G	14	1	26	1	1	23	0.0555556	18	0.46875	FALSE	NA	NA	NA	NA	NA	NA
NC_045512.2	22341	C	A	14	1	26	1	1	28	0.0555556	18	0.46875	FALSE	NA	NA	NA	NA	NA	NA
NC_045512.2	22342	T	G	16	3	25	1	1	28	0.0555556	18	0.5	FALSE	NA	NA	NA	NA	NA	NA
NC_045512.2	22342	T	A	16	3	25	1	1	21	0.0555556	18	0.5	FALSE	NA	NA	NA	NA	NA	NA
NC_045512.2	22343	G	T	15	2	25	2	2	28	0.111111	18	0.242424	FALSE	NA	NA	NA	NA	NA	NA
NC_045512.2	22343	G	A	15	2	25	1	1	29	0.0555556	18	0.484848	FALSE	NA	NA	NA	NA	NA	NA
NC_045512.2	22344	G	C	10	1	22	2	2	26	0.142857	14	0.22	FALSE	NA	NA	NA	NA	NA	NA
NC_045512.2	22344	G	A	10	1	22	2	2	26	0.142857	14	0.22	FALSE	NA	NA	NA	NA	NA	NA
NC_045512.2	22345	T	C	15	2	25	1	1	23	0.0555556	18	0.484848	FALSE	NA	NA	NA	NA	NA	NA
NC_045512.2	22345	T	A	15	2	25	2	2	30	0.111111	18	0.242424	FALSE	NA	NA	NA	NA	NA	NA
NC_045512.2	22346	G	T	13	0	25	2	2	30	0.117647	17	0.225806	FALSE	NA	NA	NA	NA	NA	NA
NC_045512.2	22346	G	C	13	0	25	1	1	30	0.0588235	17	0.466667	FALSE	NA	NA	NA	NA	NA	NA
NC_045512.2	22346	G	A	13	0	25	1	1	28	0.0588235	17	0.466667	FALSE	NA	NA	NA	NA	NA	NA
NC_045512.2	22347	C	A	15	2	25	3	3	26	0.166667	18	0.124675	FALSE	NA	NA	NA	NA	NA	NA
NC_045512.2	22348	T	A	15	3	26	4	3	26	0.210526	19	0.0586873	FALSE	NA	NA	NA	NA	NA	NA
NC_045512.2	22349	G	C	15	2	25	3	3	30	0.157895	19	0.114286	FALSE	NA	NA	NA	NA	NA	NA
NC_045512.2	22349	G	A	15	2	25	1	1	28	0.0526316	19	0.470588	FALSE	NA	NA	NA	NA	NA	NA
NC_045512.2	22350	C	T	13	1	26	1	1	27	0.0555556	18	0.451613	FALSE	NA	NA	NA	NA	NA	NA
NC_045512.2	22350	C	G	13	1	26	1	1	24	0.0555556	18	0.451613	FALSE	NA	NA	NA	NA	NA	NA
NC_045512.2	22350	C	A	13	1	26	3	3	28	0.166667	18	0.102639	FALSE	NA	NA	NA	NA	NA	NA
NC_045512.2	22351	A	T	14	2	27	2	2	25	0.111111	18	0.227273	FALSE	NA	NA	NA	NA	NA	NA
NC_045512.2	22351	A	G	14	2	27	1	1	27	0.0555556	18	0.46875	FALSE	NA	NA	NA	NA	NA	NA
NC_045512.2	22351	A	C	14	2	27	1	1	30	0.0555556	18	0.46875	FALSE	NA	NA	NA	NA	NA	NA
NC_045512.2	22352	G	T	14	2	26	3	3	27	0.166667	18	0.113636	FALSE	NA	NA	NA	NA	NA	NA
NC_045512.2	22352	G	C	14	2	26	1	1	27	0.0555556	18	0.46875	FALSE	NA	NA	NA	NA	NA	NA
NC_045512.2	22353	C	T	13	1	27	1	1	28	0.0555556	18	0.451613	FALSE	NA	NA	NA	NA	NA	NA
NC_045512.2	22353	C	G	13	1	27	1	1	27	0.0555556	18	0.451613	FALSE	NA	NA	NA	NA	NA	NA
NC_045512.2	22353	C	A	13	1	27	3	3	28	0.166667	18	0.102639	FALSE	NA	NA	NA	NA	NA	NA
NC_045512.2	22354	T	G	15	3	26	2	2	26	0.111111	18	0.242424	FALSE	NA	NA	NA	NA	NA	NA
NC_045512.2	22354	T	C	15	3	26	1	1	27	0.0555556	18	0.484848	FALSE	NA	NA	NA	NA	NA	NA
NC_045512.2	22355	T	G	13	4	24	1	1	28	0.0666667	15	0.5	FALSE	NA	NA	NA	NA	NA	NA
NC_045512.2	22355	T	C	13	4	24	1	1	24	0.0666667	15	0.5	FALSE	NA	NA	NA	NA	NA	NA
NC_045512.2	22356	A	T	15	3	27	2	2	25	0.111111	18	0.242424	FALSE	NA	NA	NA	NA	NA	NA
NC_045512.2	22356	A	C	15	3	27	1	1	25	0.0555556	18	0.484848	FALSE	NA	NA	NA	NA	NA	NA
NC_045512.2	22357	T	G	14	2	27	1	1	24	0.0555556	18	0.46875	FALSE	NA	NA	NA	NA	NA	NA
NC_045512.2	22357	T	C	14	2	27	1	1	27	0.0555556	18	0.46875	FALSE	NA	NA	NA	NA	NA	NA
NC_045512.2	22357	T	A	14	2	27	2	2	24	0.111111	18	0.227273	FALSE	NA	NA	NA	NA	NA	NA
NC_045512.2	22358	T	G	11	2	23	1	1	29	0.0666667	15	0.461538	FALSE	NA	NA	NA	NA	NA	NA
NC_045512.2	22358	T	C	11	2	23	1	1	27	0.0666667	15	0.461538	FALSE	NA	NA	NA	NA	NA	NA
NC_045512.2	22358	T	A	11	2	23	2	2	24	0.133333	15	0.222222	FALSE	NA	NA	NA	NA	NA	NA
NC_045512.2	22359	A	T	15	3	25	1	1	26	0.0555556	18	0.484848	FALSE	NA	NA	NA	NA	NA	NA
NC_045512.2	22359	A	C	15	3	25	2	2	27	0.111111	18	0.242424	FALSE	NA	NA	NA	NA	NA	NA
NC_045512.2	22360	T	A	15	3	25	3	3	26	0.166667	18	0.124675	FALSE	NA	NA	NA	NA	NA	NA
NC_045512.2	22361	G	T	14	2	25	1	1	27	0.0555556	18	0.46875	FALSE	NA	NA	NA	NA	NA	NA
NC_045512.2	22361	G	C	14	2	25	2	2	28	0.111111	18	0.227273	FALSE	NA	NA	NA	NA	NA	NA
NC_045512.2	22361	G	A	14	2	25	1	1	27	0.0555556	18	0.46875	FALSE	NA	NA	NA	NA	NA	NA
NC_045512.2	22362	T	G	13	2	26	1	1	29	0.0555556	18	0.451613	FALSE	NA	NA	NA	NA	NA	NA
NC_045512.2	22362	T	C	13	2	26	1	1	27	0.0555556	18	0.451613	FALSE	NA	NA	NA	NA	NA	NA
NC_045512.2	22362	T	A	13	2	26	3	3	25	0.166667	18	0.102639	FALSE	NA	NA	NA	NA	NA	NA
NC_045512.2	22363	G	T	13	2	25	2	2	34	0.111111	18	0.211694	FALSE	NA	NA	NA	NA	NA	NA
NC_045512.2	22363	G	C	13	2	25	2	2	26	0.111111	18	0.211694	FALSE	NA	NA	NA	NA	NA	NA
NC_045512.2	22363	G	A	13	2	25	1	1	23	0.0555556	18	0.451613	FALSE	NA	NA	NA	NA	NA	NA
NC_045512.2	22364	G	T	10	1	29	2	2	29	0.133333	15	0.203077	FALSE	NA	NA	NA	NA	NA	NA
NC_045512.2	22364	G	A	10	1	29	3	3	28	0.2	15	0.0977778	FALSE	NA	NA	NA	NA	NA	NA
NC_045512.2	22365	G	T	8	1	22	3	3	24	0.2	15	0.0717391	FALSE	NA	NA	NA	NA	NA	NA
NC_045512.2	22365	G	A	8	1	22	4	4	27	0.266667	15	0.0331104	FALSE	NA	NA	NA	NA	NA	NA
NC_045512.2	22366	T	G	12	4	27	1	1	27	0.0666667	15	0.481481	FALSE	NA	NA	NA	NA	NA	NA
NC_045512.2	22366	T	C	12	4	27	2	2	27	0.133333	15	0.240741	FALSE	NA	NA	NA	NA	NA	NA
NC_045512.2	22367	T	G	11	4	23	1	1	27	0.0666667	15	0.461538	FALSE	NA	NA	NA	NA	NA	NA
NC_045512.2	22367	T	A	11	4	23	3	3	27	0.2	15	0.111111	FALSE	NA	NA	NA	NA	NA	NA
NC_045512.2	22368	A	T	11	2	26	3	3	26	0.1875	16	0.0996169	FALSE	NA	NA	NA	NA	NA	NA
NC_045512.2	22368	A	G	11	2	26	1	1	27	0.0625	16	0.444444	FALSE	NA	NA	NA	NA	NA	NA
NC_045512.2	22368	A	C	11	2	26	1	1	28	0.0625	16	0.444444	FALSE	NA	NA	NA	NA	NA	NA
NC_045512.2	22369	T	G	14	5	26	1	1	30	0.0588235	17	0.483871	FALSE	NA	NA	NA	NA	NA	NA
NC_045512.2	22369	T	C	14	5	26	2	2	25	0.117647	17	0.241935	FALSE	NA	NA	NA	NA	NA	NA
NC_045512.2	22370	C	T	11	3	26	3	3	26	0.1875	16	0.0996169	FALSE	NA	NA	NA	NA	NA	NA
NC_045512.2	22370	C	A	11	3	26	2	2	27	0.125	16	0.206349	FALSE	NA	NA	NA	NA	NA	NA
NC_045512.2	22371	T	G	11	3	25	2	2	26	0.125	16	0.206349	FALSE	NA	NA	NA	NA	NA	NA
NC_045512.2	22371	T	C	11	3	25	2	2	26	0.125	16	0.206349	FALSE	NA	NA	NA	NA	NA	NA
NC_045512.2	22371	T	A	11	3	25	1	1	21	0.0625	16	0.444444	FALSE	NA	NA	NA	NA	NA	NA
NC_045512.2	22372	T	C	9	3	24	3	3	24	0.214286	14	0.0956522	FALSE	NA	NA	NA	NA	NA	NA
NC_045512.2	22372	T	A	9	3	24	2	2	24	0.142857	14	0.199275	FALSE	NA	NA	NA	NA	NA	NA
NC_045512.2	22373	C	T	9	2	26	3	3	27	0.214286	14	0.0956522	FALSE	NA	NA	NA	NA	NA	NA
NC_045512.2	22373	C	A	9	2	26	2	2	28	0.142857	14	0.199275	FALSE	NA	NA	NA	NA	NA	NA
NC_045512.2	22374	A	T	12	5	26	1	1	23	0.0666667	15	0.481481	FALSE	NA	NA	NA	NA	NA	NA
NC_045512.2	22374	A	G	12	5	26	1	1	28	0.0666667	15	0.481481	FALSE	NA	NA	NA	NA	NA	NA
NC_045512.2	22374	A	C	12	5	26	1	1	34	0.0666667	15	0.481481	FALSE	NA	NA	NA	NA	NA	NA
NC_045512.2	22375	A	T	8	2	23	2	2	27	0.142857	14	0.177866	FALSE	NA	NA	NA	NA	NA	NA
NC_045512.2	22375	A	G	8	2	23	1	1	24	0.0714286	14	0.409091	FALSE	NA	NA	NA	NA	NA	NA
NC_045512.2	22375	A	C	8	2	23	3	3	27	0.214286	14	0.0815217	FALSE	NA	NA	NA	NA	NA	NA
NC_045512.2	22376	C	T	8	1	26	3	3	25	0.2	15	0.0717391	FALSE	NA	NA	NA	NA	NA	NA
NC_045512.2	22376	C	G	8	1	26	1	1	32	0.0666667	15	0.391304	FALSE	NA	NA	NA	NA	NA	NA
NC_045512.2	22376	C	A	8	1	26	3	3	26	0.2	15	0.0717391	FALSE	NA	NA	NA	NA	NA	NA
NC_045512.2	22377	C	T	7	2	23	4	4	28	0.307692	13	0.0372671	FALSE	NA	NA	NA	NA	NA	NA
NC_045512.2	22377	C	G	7	2	23	1	1	26	0.0769231	13	0.4	FALSE	NA	NA	NA	NA	NA	NA
NC_045512.2	22377	C	A	7	2	23	1	1	27	0.0769231	13	0.4	FALSE	NA	NA	NA	NA	NA	NA
NC_045512.2	22378	T	G	9	3	26	2	2	27	0.142857	14	0.199275	FALSE	NA	NA	NA	NA	NA	NA
NC_045512.2	22378	T	A	9	3	26	3	3	25	0.214286	14	0.0956522	FALSE	NA	NA	NA	NA	NA	NA
NC_045512.2	22379	A	T	9	3	26	3	3	24	0.214286	14	0.0956522	FALSE	NA	NA	NA	NA	NA	NA
NC_045512.2	22379	A	G	9	3	26	2	2	26	0.142857	14	0.199275	FALSE	NA	NA	NA	NA	NA	NA
NC_045512.2	22380	G	T	7	1	25	3	3	30	0.214286	14	0.0677583	FALSE	NA	NA	NA	NA	NA	NA
NC_045512.2	22380	G	C	7	1	25	2	2	28	0.142857	14	0.155844	FALSE	NA	NA	NA	NA	NA	NA
NC_045512.2	22380	G	A	7	1	25	2	2	25	0.142857	14	0.155844	FALSE	NA	NA	NA	NA	NA	NA
NC_045512.2	22381	G	T	4	2	24	2	2	28	0.2	10	0.142857	FALSE	NA	NA	NA	NA	NA	NA
NC_045512.2	22381	G	A	4	2	24	4	4	25	0.4	10	0.0294118	FALSE	NA	NA	NA	NA	NA	NA
NC_045512.2	22382	A	T	8	3	24	3	3	26	0.230769	13	0.0931677	FALSE	NA	NA	NA	NA	NA	NA
NC_045512.2	22382	A	G	8	3	24	1	1	28	0.0769231	13	0.428571	FALSE	NA	NA	NA	NA	NA	NA
NC_045512.2	22382	A	C	8	3	24	1	1	28	0.0769231	13	0.428571	FALSE	NA	NA	NA	NA	NA	NA
NC_045512.2	22383	C	T	7	2	24	2	2	25	0.153846	13	0.171429	FALSE	NA	NA	NA	NA	NA	NA
NC_045512.2	22383	C	G	7	2	24	1	1	27	0.0769231	13	0.4	FALSE	NA	NA	NA	NA	NA	NA
NC_045512.2	22383	C	A	7	2	24	3	3	26	0.230769	13	0.0779221	FALSE	NA	NA	NA	NA	NA	NA
NC_045512.2	22384	T	G	6	2	24	2	2	27	0.166667	12	0.163743	FALSE	NA	NA	NA	NA	NA	NA
NC_045512.2	22384	T	C	6	2	24	1	1	23	0.0833333	12	0.388889	FALSE	NA	NA	NA	NA	NA	NA
NC_045512.2	22384	T	A	6	2	24	3	3	26	0.25	12	0.0736842	FALSE	NA	NA	NA	NA	NA	NA
NC_045512.2	22385	T	A	6	3	25	4	4	25	0.4	10	0.0541796	FALSE	NA	NA	NA	NA	NA	NA
NC_045512.2	22386	T	C	7	4	25	3	3	27	0.272727	11	0.105263	FALSE	NA	NA	NA	NA	NA	NA
NC_045512.2	22386	T	A	7	4	25	1	1	27	0.0909091	11	0.444444	FALSE	NA	NA	NA	NA	NA	NA
NC_045512.2	22387	T	G	4	4	25	1	1	28	0.125	8	0.416667	FALSE	NA	NA	NA	NA	NA	NA
NC_045512.2	22387	T	A	4	4	25	3	3	27	0.375	8	0.0961538	FALSE	NA	NA	NA	NA	NA	NA
NC_045512.2	22388	C	T	5	2	26	5	5	27	0.454545	11	0.0162539	FALSE	NA	NA	NA	NA	NA	NA
NC_045512.2	22388	C	A	5	2	26	1	1	25	0.0909091	11	0.375	FALSE	NA	NA	NA	NA	NA	NA
NC_045512.2	22389	T	G	8	5	28	1	1	28	0.0909091	11	0.473684	FALSE	NA	NA	NA	NA	NA	NA
NC_045512.2	22389	T	C	8	5	28	2	2	30	0.181818	11	0.236842	FALSE	NA	NA	NA	NA	NA	NA
NC_045512.2	22390	A	T	10	7	26	1	1	27	0.0909091	11	0.52381	FALSE	NA	NA	NA	NA	NA	NA
NC_045512.2	22391	T	G	6	3	25	2	2	25	0.181818	11	0.183007	FALSE	NA	NA	NA	NA	NA	NA
NC_045512.2	22391	T	C	6	3	25	3	3	25	0.272727	11	0.0866873	FALSE	NA	NA	NA	NA	NA	NA
NC_045512.2	22392	T	G	7	4	25	1	1	28	0.1	10	0.470588	FALSE	NA	NA	NA	NA	NA	NA
NC_045512.2	22392	T	A	7	4	25	2	2	27	0.2	10	0.235294	FALSE	NA	NA	NA	NA	NA	NA
NC_045512.2	22393	A	T	5	2	24	3	3	25	0.272727	11	0.0686275	FALSE	NA	NA	NA	NA	NA	NA
NC_045512.2	22393	A	G	5	2	24	1	1	25	0.0909091	11	0.375	FALSE	NA	NA	NA	NA	NA	NA
NC_045512.2	22393	A	C	5	2	24	2	2	24	0.181818	11	0.154412	FALSE	NA	NA	NA	NA	NA	NA
NC_045512.2	22394	A	T	3	1	28	2	2	28	0.222222	9	0.128205	FALSE	NA	NA	NA	NA	NA	NA
NC_045512.2	22394	A	G	3	1	28	3	3	25	0.333333	9	0.0549451	FALSE	NA	NA	NA	NA	NA	NA
NC_045512.2	22394	A	C	3	1	28	1	1	28	0.111111	9	0.333333	FALSE	NA	NA	NA	NA	NA	NA
NC_045512.2	22395	A	T	5	3	27	2	2	28	0.2	10	0.175	FALSE	NA	NA	NA	NA	NA	NA
NC_045512.2	22395	A	G	5	3	27	1	1	27	0.1	10	0.4	FALSE	NA	NA	NA	NA	NA	NA
NC_045512.2	22395	A	C	5	3	27	2	2	25	0.2	10	0.175	FALSE	NA	NA	NA	NA	NA	NA
NC_045512.2	22396	A	T	1	1	29	2	2	20	0.25	8	0.0666667	FALSE	NA	NA	NA	NA	NA	NA
NC_045512.2	22396	A	G	1	1	29	2	2	26	0.25	8	0.0666667	FALSE	NA	NA	NA	NA	NA	NA
NC_045512.2	22396	A	C	1	1	29	3	3	27	0.375	8	0.0242424	FALSE	NA	NA	NA	NA	NA	NA
NC_045512.2	22397	T	A	9	7	25	1	1	23	0.1	10	0.526316	FALSE	NA	NA	NA	NA	NA	NA
NC_045512.2	22398	A	T	4	2	27	4	4	27	0.4	10	0.0294118	FALSE	NA	NA	NA	NA	NA	NA
NC_045512.2	22398	A	G	4	2	27	1	1	26	0.1	10	0.357143	FALSE	NA	NA	NA	NA	NA	NA
NC_045512.2	22398	A	C	4	2	27	1	1	23	0.1	10	0.357143	FALSE	NA	NA	NA	NA	NA	NA
NC_045512.2	22399	T	G	4	2	25	1	1	26	0.1	10	0.357143	FALSE	NA	NA	NA	NA	NA	NA
NC_045512.2	22399	T	C	4	2	25	2	2	27	0.2	10	0.142857	FALSE	NA	NA	NA	NA	NA	NA
NC_045512.2	22399	T	A	4	2	25	3	3	28	0.3	10	0.0625	FALSE	NA	NA	NA	NA	NA	NA
NC_045512.2	22400	A	T	5	3	24	3	3	25	0.3	10	0.0823529	FALSE	NA	NA	NA	NA	NA	NA
NC_045512.2	22400	A	C	5	3	24	2	2	26	0.2	10	0.175	FALSE	NA	NA	NA	NA	NA	NA
NC_045512.2	22401	A	T	5	3	24	3	3	23	0.3	10	0.0823529	FALSE	NA	NA	NA	NA	NA	NA
NC_045512.2	22401	A	G	5	3	24	2	2	27	0.2	10	0.175	FALSE	NA	NA	NA	NA	NA	NA
NC_045512.2	22402	T	A	8	6	26	2	2	26	0.2	10	0.263158	FALSE	NA	NA	NA	NA	NA	NA
NC_045512.2	22403	G	T	4	2	24	3	3	26	0.3	10	0.0625	FALSE	NA	NA	NA	NA	NA	NA
NC_045512.2	22403	G	C	4	2	24	2	2	28	0.2	10	0.142857	FALSE	NA	NA	NA	NA	NA	NA
NC_045512.2	22403	G	A	4	2	24	1	1	21	0.1	10	0.357143	FALSE	NA	NA	NA	NA	NA	NA
NC_045512.2	22404	A	T	3	2	26	3	3	24	0.375	8	0.0699301	FALSE	NA	NA	NA	NA	NA	NA
NC_045512.2	22404	A	G	3	2	26	2	2	25	0.25	8	0.151515	FALSE	NA	NA	NA	NA	NA	NA
NC_045512.2	22405	A	T	3	2	26	2	2	28	0.25	8	0.151515	FALSE	NA	NA	NA	NA	NA	NA
NC_045512.2	22405	A	C	3	2	26	3	3	27	0.375	8	0.0699301	FALSE	NA	NA	NA	NA	NA	NA
NC_045512.2	22406	A	T	3	2	25	5	5	24	0.555556	9	0.0128205	FALSE	NA	NA	NA	NA	NA	NA
NC_045512.2	22406	A	C	3	2	25	1	1	28	0.111111	9	0.333333	FALSE	NA	NA	NA	NA	NA	NA
NC_045512.2	22407	A	T	2	2	24	4	4	26	0.5	8	0.020979	FALSE	NA	NA	NA	NA	NA	NA
NC_045512.2	22407	A	G	2	2	24	1	1	25	0.125	8	0.3	FALSE	NA	NA	NA	NA	NA	NA
NC_045512.2	22407	A	C	2	2	24	1	1	24	0.125	8	0.3	FALSE	NA	NA	NA	NA	NA	NA
NC_045512.2	22408	T	G	4	3	24	1	1	24	0.111111	9	0.384615	FALSE	NA	NA	NA	NA	NA	NA
NC_045512.2	22408	T	C	4	3	24	4	4	27	0.444444	9	0.0384615	FALSE	NA	NA	NA	NA	NA	NA
NC_045512.2	22409	G	T	2	1	25	4	4	25	0.5	8	0.020979	FALSE	NA	NA	NA	NA	NA	NA
NC_045512.2	22409	G	C	2	1	25	2	2	24	0.25	8	0.109091	FALSE	NA	NA	NA	NA	NA	NA
NC_045512.2	22410	G	T	3	2	26	3	3	27	0.375	8	0.0699301	FALSE	NA	NA	NA	NA	NA	NA
NC_045512.2	22410	G	A	3	2	26	2	2	27	0.25	8	0.151515	FALSE	NA	NA	NA	NA	NA	NA
NC_045512.2	22411	A	T	2	1	25	3	3	23	0.333333	9	0.034965	FALSE	NA	NA	NA	NA	NA	NA
NC_045512.2	22411	A	G	2	1	25	2	2	25	0.222222	9	0.0909091	FALSE	NA	NA	NA	NA	NA	NA
NC_045512.2	22411	A	C	2	1	25	2	2	26	0.222222	9	0.0909091	FALSE	NA	NA	NA	NA	NA	NA
NC_045512.2	22412	A	T	3	2	26	4	4	26	0.444444	9	0.025641	FALSE	NA	NA	NA	NA	NA	NA
NC_045512.2	22412	A	G	3	2	26	1	1	27	0.111111	9	0.333333	FALSE	NA	NA	NA	NA	NA	NA
NC_045512.2	22412	A	C	3	2	26	1	1	26	0.111111	9	0.333333	FALSE	NA	NA	NA	NA	NA	NA
NC_045512.2	22413	C	T	2	1	25	3	3	26	0.375	8	0.0454545	FALSE	NA	NA	NA	NA	NA	NA
NC_045512.2	22413	C	G	2	1	25	2	2	25	0.25	8	0.109091	FALSE	NA	NA	NA	NA	NA	NA
NC_045512.2	22413	C	A	2	1	25	1	1	26	0.125	8	0.3	FALSE	NA	NA	NA	NA	NA	NA
NC_045512.2	22414	C	T	4	3	25	2	2	26	0.222222	9	0.164835	FALSE	NA	NA	NA	NA	NA	NA
NC_045512.2	22414	C	G	4	3	25	2	2	25	0.222222	9	0.164835	FALSE	NA	NA	NA	NA	NA	NA
NC_045512.2	22414	C	A	4	3	25	1	1	28	0.111111	9	0.384615	FALSE	NA	NA	NA	NA	NA	NA
NC_045512.2	22415	A	T	5	4	26	2	2	24	0.25	8	0.230769	FALSE	NA	NA	NA	NA	NA	NA
NC_045512.2	22415	A	G	5	4	26	1	1	22	0.125	8	0.461538	FALSE	NA	NA	NA	NA	NA	NA
NC_045512.2	22416	T	G	5	4	26	2	2	25	0.222222	9	0.2	FALSE	NA	NA	NA	NA	NA	NA
NC_045512.2	22416	T	C	5	4	26	1	1	25	0.111111	9	0.428571	FALSE	NA	NA	NA	NA	NA	NA
NC_045512.2	22416	T	A	5	4	26	1	1	25	0.111111	9	0.428571	FALSE	NA	NA	NA	NA	NA	NA
NC_045512.2	22417	T	G	3	2	25	1	1	28	0.125	8	0.363636	FALSE	NA	NA	NA	NA	NA	NA
NC_045512.2	22417	T	C	3	2	25	2	2	26	0.25	8	0.151515	FALSE	NA	NA	NA	NA	NA	NA
NC_045512.2	22417	T	A	3	2	25	2	2	27	0.25	8	0.151515	FALSE	NA	NA	NA	NA	NA	NA
NC_045512.2	22418	A	T	3	2	26	2	2	23	0.222222	9	0.128205	FALSE	NA	NA	NA	NA	NA	NA
NC_045512.2	22418	A	G	3	2	26	2	2	24	0.222222	9	0.128205	FALSE	NA	NA	NA	NA	NA	NA
NC_045512.2	22418	A	C	3	2	26	2	2	24	0.222222	9	0.128205	FALSE	NA	NA	NA	NA	NA	NA
NC_045512.2	22419	C	T	3	2	26	3	3	25	0.375	8	0.0699301	FALSE	NA	NA	NA	NA	NA	NA
NC_045512.2	22419	C	A	3	2	26	2	2	25	0.25	8	0.151515	FALSE	NA	NA	NA	NA	NA	NA
NC_045512.2	22420	A	T	3	3	24	1	1	27	0.111111	9	0.333333	FALSE	NA	NA	NA	NA	NA	NA
NC_045512.2	22420	A	G	3	3	24	3	2	24	0.333333	9	0.0549451	FALSE	NA	NA	NA	NA	NA	NA
NC_045512.2	22420	A	C	3	3	24	2	2	26	0.222222	9	0.128205	FALSE	NA	NA	NA	NA	NA	NA
NC_045512.2	22421	G	T	6	5	25	1	1	24	0.111111	9	0.466667	FALSE	NA	NA	NA	NA	NA	NA
NC_045512.2	22421	G	C	6	5	25	1	1	26	0.111111	9	0.466667	FALSE	NA	NA	NA	NA	NA	NA
NC_045512.2	22421	G	A	6	5	25	1	1	27	0.111111	9	0.466667	FALSE	NA	NA	NA	NA	NA	NA
NC_045512.2	22422	A	T	3	2	27	3	3	26	0.428571	7	0.0909091	FALSE	NA	NA	NA	NA	NA	NA
NC_045512.2	22422	A	G	3	2	27	1	1	27	0.142857	7	0.4	FALSE	NA	NA	NA	NA	NA	NA
NC_045512.2	22423	T	G	4	3	27	1	1	23	0.111111	9	0.384615	FALSE	NA	NA	NA	NA	NA	NA
NC_045512.2	22423	T	C	4	3	27	3	3	27	0.333333	9	0.0769231	FALSE	NA	NA	NA	NA	NA	NA
NC_045512.2	22423	T	A	4	3	27	1	1	23	0.111111	9	0.384615	FALSE	NA	NA	NA	NA	NA	NA
NC_045512.2	22424	G	T	5	4	26	1	1	27	0.111111	9	0.428571	FALSE	NA	NA	NA	NA	NA	NA
NC_045512.2	22424	G	A	5	4	26	3	3	25	0.333333	9	0.1	FALSE	NA	NA	NA	NA	NA	NA
NC_045512.2	22425	C	T	2	1	27	1	1	28	0.142857	7	0.333333	FALSE	NA	NA	NA	NA	NA	NA
NC_045512.2	22425	C	G	2	1	27	3	3	24	0.428571	7	0.0606061	FALSE	NA	NA	NA	NA	NA	NA
NC_045512.2	22425	C	A	2	1	27	1	1	27	0.142857	7	0.333333	FALSE	NA	NA	NA	NA	NA	NA
NC_045512.2	22426	T	G	5	4	26	3	3	29	0.333333	9	0.1	FALSE	NA	NA	NA	NA	NA	NA
NC_045512.2	22426	T	C	5	4	26	1	1	27	0.111111	9	0.428571	FALSE	NA	NA	NA	NA	NA	NA
NC_045512.2	22427	G	T	2	1	28	5	5	27	0.555556	9	0.00699301	TRUE	NA	NA	NA	NA	NA	NA
NC_045512.2	22427	G	C	2	1	28	1	1	28	0.111111	9	0.272727	FALSE	NA	NA	NA	NA	NA	NA
NC_045512.2	22427	G	A	2	1	28	1	1	26	0.111111	9	0.272727	FALSE	NA	NA	NA	NA	NA	NA
NC_045512.2	22428	T	G	4	3	27	3	3	24	0.375	8	0.0961538	FALSE	NA	NA	NA	NA	NA	NA
NC_045512.2	22428	T	C	4	3	27	1	1	27	0.125	8	0.416667	FALSE	NA	NA	NA	NA	NA	NA
NC_045512.2	22429	A	T	3	2	25	2	2	26	0.25	8	0.151515	FALSE	NA	NA	NA	NA	NA	NA
NC_045512.2	22429	A	G	3	2	25	2	2	28	0.25	8	0.151515	FALSE	NA	NA	NA	NA	NA	NA
NC_045512.2	22429	A	C	3	2	25	1	1	28	0.125	8	0.363636	FALSE	NA	NA	NA	NA	NA	NA
NC_045512.2	22430	G	T	3	2	25	4	4	28	0.444444	9	0.025641	FALSE	NA	NA	NA	NA	NA	NA
NC_045512.2	22430	G	C	3	2	25	2	2	26	0.222222	9	0.128205	FALSE	NA	NA	NA	NA	NA	NA
NC_045512.2	22431	A	T	4	3	27	1	1	28	0.111111	9	0.384615	FALSE	NA	NA	NA	NA	NA	NA
NC_045512.2	22431	A	G	4	3	27	3	3	28	0.333333	9	0.0769231	FALSE	NA	NA	NA	NA	NA	NA
NC_045512.2	22431	A	C	4	3	27	1	1	27	0.111111	9	0.384615	FALSE	NA	NA	NA	NA	NA	NA
NC_045512.2	22432	C	T	6	5	26	1	1	22	0.111111	9	0.466667	FALSE	NA	NA	NA	NA	NA	NA
NC_045512.2	22432	C	G	6	5	26	1	1	26	0.111111	9	0.466667	FALSE	NA	NA	NA	NA	NA	NA
NC_045512.2	22432	C	A	6	5	26	1	1	29	0.111111	9	0.466667	FALSE	NA	NA	NA	NA	NA	NA
NC_045512.2	22433	T	C	4	3	27	3	3	28	0.375	8	0.0961538	FALSE	NA	NA	NA	NA	NA	NA
NC_045512.2	22433	T	A	4	3	27	1	1	29	0.125	8	0.416667	FALSE	NA	NA	NA	NA	NA	NA
NC_045512.2	22434	G	T	5	4	30	3	3	25	0.333333	9	0.1	FALSE	NA	NA	NA	NA	NA	NA
NC_045512.2	22434	G	C	5	4	30	1	1	27	0.111111	9	0.428571	FALSE	NA	NA	NA	NA	NA	NA
NC_045512.2	22435	T	G	3	2	27	1	1	27	0.111111	9	0.333333	FALSE	NA	NA	NA	NA	NA	NA
NC_045512.2	22435	T	C	3	2	27	4	4	26	0.444444	9	0.025641	FALSE	NA	NA	NA	NA	NA	NA
NC_045512.2	22435	T	A	3	2	27	1	1	27	0.111111	9	0.333333	FALSE	NA	NA	NA	NA	NA	NA
NC_045512.2	22436	G	T	3	2	25	3	3	23	0.333333	9	0.0549451	FALSE	NA	NA	NA	NA	NA	NA
NC_045512.2	22436	G	C	3	2	25	1	1	27	0.111111	9	0.333333	FALSE	NA	NA	NA	NA	NA	NA
NC_045512.2	22436	G	A	3	2	25	2	2	27	0.222222	9	0.128205	FALSE	NA	NA	NA	NA	NA	NA
NC_045512.2	22437	C	T	2	1	27	4	4	25	0.5	8	0.020979	FALSE	NA	NA	NA	NA	NA	NA
NC_045512.2	22437	C	G	2	1	27	2	2	26	0.25	8	0.109091	FALSE	NA	NA	NA	NA	NA	NA
NC_045512.2	22438	A	T	3	2	27	2	2	26	0.222222	9	0.128205	FALSE	NA	NA	NA	NA	NA	NA
NC_045512.2	22438	A	G	3	2	27	3	3	26	0.333333	9	0.0549451	FALSE	NA	NA	NA	NA	NA	NA
NC_045512.2	22438	A	C	3	2	27	1	1	26	0.111111	9	0.333333	FALSE	NA	NA	NA	NA	NA	NA
NC_045512.2	22439	C	T	2	1	28	5	5	24	0.555556	9	0.00699301	TRUE	NA	NA	NA	NA	NA	NA
NC_045512.2	22439	C	A	2	1	28	2	2	28	0.222222	9	0.0909091	FALSE	NA	NA	NA	NA	NA	NA
NC_045512.2	22440	T	G	7	6	26	2	2	25	0.222222	9	0.264706	FALSE	NA	NA	NA	NA	NA	NA
NC_045512.2	22441	T	G	3	2	26	3	3	27	0.333333	9	0.0549451	FALSE	NA	NA	NA	NA	NA	NA
NC_045512.2	22441	T	C	3	2	26	1	1	27	0.111111	9	0.333333	FALSE	NA	NA	NA	NA	NA	NA
NC_045512.2	22441	T	A	3	2	26	2	2	27	0.222222	9	0.128205	FALSE	NA	NA	NA	NA	NA	NA
NC_045512.2	22442	G	T	2	1	28	4	4	26	0.444444	9	0.014985	FALSE	NA	NA	NA	NA	NA	NA
NC_045512.2	22442	G	C	2	1	28	1	1	27	0.111111	9	0.272727	FALSE	NA	NA	NA	NA	NA	NA
NC_045512.2	22442	G	A	2	1	28	2	2	27	0.222222	9	0.0909091	FALSE	NA	NA	NA	NA	NA	NA
NC_045512.2	22443	A	T	2	1	26	3	3	24	0.333333	9	0.034965	FALSE	NA	NA	NA	NA	NA	NA
NC_045512.2	22443	A	G	2	1	26	3	3	26	0.333333	9	0.034965	FALSE	NA	NA	NA	NA	NA	NA
NC_045512.2	22443	A	C	2	1	26	1	1	30	0.111111	9	0.272727	FALSE	NA	NA	NA	NA	NA	NA
NC_045512.2	22443	A	-C	2	1	26	1	0	20	0.111111	9	0.272727	FALSE	NA	NA	NA	NA	NA	NA
NC_045512.2	22444	C	T	2	2	23	3	3	26	0.428571	7	0.0454545	FALSE	NA	NA	NA	NA	NA	NA
NC_045512.2	22444	C	G	2	2	23	1	1	32	0.142857	7	0.3	FALSE	NA	NA	NA	NA	NA	NA
NC_045512.2	22444	C	A	2	2	23	1	1	28	0.142857	7	0.3	FALSE	NA	NA	NA	NA	NA	NA
NC_045512.2	22445	C	T	4	3	26	1	1	27	0.125	8	0.416667	FALSE	NA	NA	NA	NA	NA	NA
NC_045512.2	22445	C	G	4	3	26	2	2	26	0.25	8	0.192308	FALSE	NA	NA	NA	NA	NA	NA
NC_045512.2	22445	C	A	4	3	26	1	1	26	0.125	8	0.416667	FALSE	NA	NA	NA	NA	NA	NA
NC_045512.2	22446	C	T	2	1	25	3	3	22	0.375	8	0.0454545	FALSE	NA	NA	NA	NA	NA	NA
NC_045512.2	22446	C	G	2	1	25	3	3	27	0.375	8	0.0454545	FALSE	NA	NA	NA	NA	NA	NA
NC_045512.2	22447	T	G	6	5	28	1	1	28	0.125	8	0.5	FALSE	NA	NA	NA	NA	NA	NA
NC_045512.2	22447	T	C	6	5	28	1	1	27	0.125	8	0.5	FALSE	NA	NA	NA	NA	NA	NA
NC_045512.2	22448	C	T	4	3	27	2	2	22	0.25	8	0.192308	FALSE	NA	NA	NA	NA	NA	NA
NC_045512.2	22448	C	G	4	3	27	1	1	22	0.125	8	0.416667	FALSE	NA	NA	NA	NA	NA	NA
NC_045512.2	22448	C	A	4	3	27	1	1	28	0.125	8	0.416667	FALSE	NA	NA	NA	NA	NA	NA
NC_045512.2	22449	T	G	6	5	27	1	1	28	0.125	8	0.5	FALSE	NA	NA	NA	NA	NA	NA
NC_045512.2	22449	T	A	6	5	27	1	1	31	0.125	8	0.5	FALSE	NA	NA	NA	NA	NA	NA
NC_045512.2	22450	C	T	3	2	27	1	1	28	0.125	8	0.363636	FALSE	NA	NA	NA	NA	NA	NA
NC_045512.2	22450	C	G	3	2	27	2	2	25	0.25	8	0.151515	FALSE	NA	NA	NA	NA	NA	NA
NC_045512.2	22450	C	A	3	2	27	2	2	28	0.25	8	0.151515	FALSE	NA	NA	NA	NA	NA	NA
NC_045512.2	22451	T	G	6	5	25	1	1	28	0.125	8	0.5	FALSE	NA	NA	NA	NA	NA	NA
NC_045512.2	22451	T	C	6	5	25	1	1	29	0.125	8	0.5	FALSE	NA	NA	NA	NA	NA	NA
NC_045512.2	22452	C	T	3	2	25	3	3	28	0.428571	7	0.0909091	FALSE	NA	NA	NA	NA	NA	NA
NC_045512.2	22452	C	A	3	2	25	1	1	26	0.142857	7	0.4	FALSE	NA	NA	NA	NA	NA	NA
NC_045512.2	22543	T	A	1	0	24	1	1	29	0.5	2	0.666667	FALSE	NA	NA	NA	NA	NA	NA
NC_045512.2	22545	G	A	1	0	29	1	1	27	0.5	2	0.666667	FALSE	NA	NA	NA	NA	NA	NA
NC_045512.2	22546	A	G	1	0	27	1	1	21	0.5	2	0.666667	FALSE	NA	NA	NA	NA	NA	NA
NC_045512.2	22547	T	G	1	0	27	1	1	25	0.5	2	0.666667	FALSE	NA	NA	NA	NA	NA	NA
NC_045512.2	22549	T	A	0	0	0	1	1	25	1	1	1	FALSE	NA	NA	NA	NA	NA	NA
NC_045512.2	22550	C	T	1	0	27	1	1	26	0.5	2	0.666667	FALSE	NA	NA	NA	NA	NA	NA
NC_045512.2	22554	A	T	1	0	24	1	1	28	0.5	2	0.666667	FALSE	NA	NA	NA	NA	NA	NA
NC_045512.2	22555	T	C	1	0	28	1	1	29	0.5	2	0.666667	FALSE	NA	NA	NA	NA	NA	NA
NC_045512.2	22557	T	A	1	0	31	1	1	29	0.5	2	0.666667	FALSE	NA	NA	NA	NA	NA	NA
NC_045512.2	22558	T	A	1	0	24	1	1	28	0.5	2	0.666667	FALSE	NA	NA	NA	NA	NA	NA
NC_045512.2	22559	A	C	1	0	34	1	1	25	0.5	2	0.666667	FALSE	NA	NA	NA	NA	NA	NA
NC_045512.2	22561	A	T	1	0	28	1	1	25	0.5	2	0.666667	FALSE	NA	NA	NA	NA	NA	NA
NC_045512.2	22562	A	C	1	0	33	1	1	25	0.5	2	0.666667	FALSE	NA	NA	NA	NA	NA	NA
NC_045512.2	22563	A	T	1	0	23	1	1	27	0.5	2	0.666667	FALSE	NA	NA	NA	NA	NA	NA
NC_045512.2	22564	C	A	1	0	30	1	1	23	0.5	2	0.666667	FALSE	NA	NA	NA	NA	NA	NA
NC_045512.2	22565	T	A	1	0	29	1	1	27	0.5	2	0.666667	FALSE	NA	NA	NA	NA	NA	NA
NC_045512.2	22566	T	C	1	0	22	1	1	27	0.5	2	0.666667	FALSE	NA	NA	NA	NA	NA	NA
NC_045512.2	22567	G	T	1	0	26	1	1	23	0.5	2	0.666667	FALSE	NA	NA	NA	NA	NA	NA
NC_045512.2	22569	G	T	1	0	28	1	1	27	0.5	2	0.666667	FALSE	NA	NA	NA	NA	NA	NA
NC_045512.2	22570	C	A	1	0	27	1	1	27	0.5	2	0.666667	FALSE	NA	NA	NA	NA	NA	NA
NC_045512.2	22571	C	G	1	0	27	1	1	27	0.5	2	0.666667	FALSE	NA	NA	NA	NA	NA	NA
NC_045512.2	22572	C	A	1	0	22	1	1	27	0.5	2	0.666667	FALSE	NA	NA	NA	NA	NA	NA
NC_045512.2	22573	T	G	1	0	28	1	1	27	0.5	2	0.666667	FALSE	NA	NA	NA	NA	NA	NA
NC_045512.2	22575	T	C	1	0	28	1	1	21	0.5	2	0.666667	FALSE	NA	NA	NA	NA	NA	NA
NC_045512.2	22576	T	C	1	0	22	1	1	27	0.5	2	0.666667	FALSE	NA	NA	NA	NA	NA	NA
NC_045512.2	22577	G	C	0	0	0	1	0	29	0.5	2	0.5	FALSE	NA	NA	NA	NA	NA	NA
NC_045512.2	22577	G	A	0	0	0	1	1	21	0.5	2	0.5	FALSE	NA	NA	NA	NA	NA	NA
NC_045512.2	22578	G	A	0	0	0	2	1	27	1	2	0.333333	FALSE	NA	NA	NA	NA	NA	NA
NC_045512.2	22579	T	C	1	0	27	1	1	22	0.5	2	0.666667	FALSE	NA	NA	NA	NA	NA	NA
NC_045512.2	22580	G	C	1	0	29	1	1	27	0.5	2	0.666667	FALSE	NA	NA	NA	NA	NA	NA
NC_045512.2	22583	G	C	1	0	28	1	1	27	0.5	2	0.666667	FALSE	NA	NA	NA	NA	NA	NA
NC_045512.2	22584	T	A	1	0	30	1	1	27	0.5	2	0.666667	FALSE	NA	NA	NA	NA	NA	NA
NC_045512.2	22585	T	G	1	0	30	1	1	27	0.5	2	0.666667	FALSE	NA	NA	NA	NA	NA	NA
NC_045512.2	22586	T	A	1	0	30	1	1	22	0.5	2	0.666667	FALSE	NA	NA	NA	NA	NA	NA
NC_045512.2	22587	T	A	1	0	29	1	1	23	0.5	2	0.666667	FALSE	NA	NA	NA	NA	NA	NA
NC_045512.2	22589	A	C	1	0	29	1	1	23	0.5	2	0.666667	FALSE	NA	NA	NA	NA	NA	NA
NC_045512.2	22590	A	T	1	0	24	1	1	29	0.5	2	0.666667	FALSE	NA	NA	NA	NA	NA	NA
NC_045512.2	22591	C	A	1	0	28	1	1	29	0.5	2	0.666667	FALSE	NA	NA	NA	NA	NA	NA
NC_045512.2	22592	G	T	1	0	28	1	1	23	0.5	2	0.666667	FALSE	NA	NA	NA	NA	NA	NA
NC_045512.2	22593	C	T	1	0	30	1	1	31	0.5	2	0.666667	FALSE	NA	NA	NA	NA	NA	NA
NC_045512.2	22594	C	G	1	0	24	1	1	22	0.5	2	0.666667	FALSE	NA	NA	NA	NA	NA	NA
NC_045512.2	22596	C	T	1	0	28	1	1	22	0.5	2	0.666667	FALSE	NA	NA	NA	NA	NA	NA
NC_045512.2	22597	C	A	1	0	24	1	1	22	0.5	2	0.666667	FALSE	NA	NA	NA	NA	NA	NA
NC_045512.2	22598	A	G	1	0	28	1	1	28	0.5	2	0.666667	FALSE	NA	NA	NA	NA	NA	NA
NC_045512.2	22599	G	C	0	0	0	1	0	28	0.5	2	0.5	FALSE	NA	NA	NA	NA	NA	NA
NC_045512.2	22599	G	A	0	0	0	1	1	28	0.5	2	0.5	FALSE	NA	NA	NA	NA	NA	NA
NC_045512.2	22600	A	T	1	0	28	1	1	22	0.5	2	0.666667	FALSE	NA	NA	NA	NA	NA	NA
NC_045512.2	22603	T	C	1	0	22	1	1	23	0.5	2	0.666667	FALSE	NA	NA	NA	NA	NA	NA
NC_045512.2	22604	G	C	1	0	28	1	1	28	0.5	2	0.666667	FALSE	NA	NA	NA	NA	NA	NA
NC_045512.2	22605	C	T	1	0	29	1	1	28	0.5	2	0.666667	FALSE	NA	NA	NA	NA	NA	NA
NC_045512.2	22607	T	A	1	0	34	1	1	28	0.5	2	0.666667	FALSE	NA	NA	NA	NA	NA	NA
NC_045512.2	22608	C	T	2	0	28	1	1	28	0.333333	3	0.6	FALSE	NA	NA	NA	NA	NA	NA
NC_045512.2	22609	T	A	2	0	29	1	1	28	0.333333	3	0.6	FALSE	NA	NA	NA	NA	NA	NA
NC_045512.2	22610	G	T	2	0	31	1	1	24	0.333333	3	0.6	FALSE	NA	NA	NA	NA	NA	NA
NC_045512.2	22612	T	A	2	0	31	1	1	28	0.333333	3	0.6	FALSE	NA	NA	NA	NA	NA	NA
NC_045512.2	22613	T	C	2	0	22	1	1	28	0.333333	3	0.6	FALSE	NA	NA	NA	NA	NA	NA
NC_045512.2	22615	T	A	2	0	27	1	1	28	0.333333	3	0.6	FALSE	NA	NA	NA	NA	NA	NA
NC_045512.2	22616	G	A	2	0	27	1	1	28	0.333333	3	0.6	FALSE	NA	NA	NA	NA	NA	NA
NC_045512.2	22621	G	T	2	0	23	1	1	28	0.333333	3	0.6	FALSE	NA	NA	NA	NA	NA	NA
NC_045512.2	22622	A	G	2	0	27	1	1	27	0.333333	3	0.6	FALSE	NA	NA	NA	NA	NA	NA
NC_045512.2	22623	A	C	2	0	24	1	1	20	0.333333	3	0.6	FALSE	NA	NA	NA	NA	NA	NA
NC_045512.2	22625	A	C	2	0	27	1	1	25	0.333333	3	0.6	FALSE	NA	NA	NA	NA	NA	NA
NC_045512.2	22627	G	T	2	0	23	1	1	26	0.333333	3	0.6	FALSE	NA	NA	NA	NA	NA	NA
NC_045512.2	22628	A	T	2	0	27	1	1	26	0.333333	3	0.6	FALSE	NA	NA	NA	NA	NA	NA
NC_045512.2	22629	A	T	2	0	24	1	1	26	0.333333	3	0.6	FALSE	NA	NA	NA	NA	NA	NA
NC_045512.2	22630	G	C	2	0	28	1	1	27	0.333333	3	0.6	FALSE	NA	NA	NA	NA	NA	NA
NC_045512.2	22632	G	T	2	0	28	1	1	23	0.333333	3	0.6	FALSE	NA	NA	NA	NA	NA	NA
NC_045512.2	22633	A	G	2	0	28	1	1	23	0.333333	3	0.6	FALSE	NA	NA	NA	NA	NA	NA
NC_045512.2	22635	T	A	2	0	28	1	1	29	0.333333	3	0.6	FALSE	NA	NA	NA	NA	NA	NA
NC_045512.2	22636	C	G	2	0	28	1	1	30	0.333333	3	0.6	FALSE	NA	NA	NA	NA	NA	NA
NC_045512.2	22638	G	T	2	0	25	1	1	38	0.333333	3	0.6	FALSE	NA	NA	NA	NA	NA	NA
NC_045512.2	22639	C	T	2	0	26	1	1	38	0.333333	3	0.6	FALSE	NA	NA	NA	NA	NA	NA
NC_045512.2	22640	A	T	2	0	26	1	1	38	0.333333	3	0.6	FALSE	NA	NA	NA	NA	NA	NA
NC_045512.2	22641	A	T	1	0	25	1	1	28	0.5	2	0.666667	FALSE	NA	NA	NA	NA	NA	NA
NC_045512.2	22642	C	A	2	0	26	1	1	24	0.333333	3	0.6	FALSE	NA	NA	NA	NA	NA	NA
NC_045512.2	22643	T	A	2	0	27	1	1	28	0.333333	3	0.6	FALSE	NA	NA	NA	NA	NA	NA
NC_045512.2	22644	G	C	2	0	27	1	1	28	0.333333	3	0.6	FALSE	NA	NA	NA	NA	NA	NA
NC_045512.2	22645	T	G	2	0	27	1	1	28	0.333333	3	0.6	FALSE	NA	NA	NA	NA	NA	NA
NC_045512.2	22646	G	C	2	0	27	1	1	24	0.333333	3	0.6	FALSE	NA	NA	NA	NA	NA	NA
NC_045512.2	22647	T	C	2	0	27	1	1	31	0.333333	3	0.6	FALSE	NA	NA	NA	NA	NA	NA
NC_045512.2	22648	T	A	1	0	24	1	1	28	0.5	2	0.666667	FALSE	NA	NA	NA	NA	NA	NA
NC_045512.2	22649	G	C	2	0	24	1	1	24	0.333333	3	0.6	FALSE	NA	NA	NA	NA	NA	NA
NC_045512.2	22651	T	A	2	0	30	1	1	24	0.333333	3	0.6	FALSE	NA	NA	NA	NA	NA	NA
NC_045512.2	22652	G	C	2	0	30	1	1	23	0.333333	3	0.6	FALSE	NA	NA	NA	NA	NA	NA
NC_045512.2	22656	A	T	2	0	27	1	1	28	0.333333	3	0.6	FALSE	NA	NA	NA	NA	NA	NA
NC_045512.2	22657	T	G	2	0	27	1	1	28	0.333333	3	0.6	FALSE	NA	NA	NA	NA	NA	NA
NC_045512.2	22658	T	C	2	0	23	1	1	28	0.333333	3	0.6	FALSE	NA	NA	NA	NA	NA	NA
NC_045512.2	22659	C	A	2	0	27	1	1	27	0.333333	3	0.6	FALSE	NA	NA	NA	NA	NA	NA
NC_045512.2	22661	G	C	2	0	28	1	1	24	0.333333	3	0.6	FALSE	NA	NA	NA	NA	NA	NA
NC_045512.2	22663	C	G	2	0	28	1	1	23	0.333333	3	0.6	FALSE	NA	NA	NA	NA	NA	NA
NC_045512.2	22664	C	A	0	0	0	2	0	28	1	2	0.333333	FALSE	NA	NA	NA	NA	NA	NA
NC_045512.2	22666	A	T	2	0	27	1	1	25	0.333333	3	0.6	FALSE	NA	NA	NA	NA	NA	NA
NC_045512.2	22667	T	A	2	0	27	1	1	25	0.333333	3	0.6	FALSE	NA	NA	NA	NA	NA	NA
NC_045512.2	22668	A	T	2	0	26	1	1	25	0.333333	3	0.6	FALSE	NA	NA	NA	NA	NA	NA
NC_045512.2	22669	T	G	2	0	26	1	1	25	0.333333	3	0.6	FALSE	NA	NA	NA	NA	NA	NA
NC_045512.2	22670	A	C	2	0	26	1	1	25	0.333333	3	0.6	FALSE	NA	NA	NA	NA	NA	NA
NC_045512.2	22673	T	G	1	0	29	1	1	22	0.5	2	0.666667	FALSE	NA	NA	NA	NA	NA	NA
NC_045512.2	22674	C	T	0	0	0	1	0	23	0.5	2	0.5	FALSE	NA	NA	NA	NA	NA	NA
NC_045512.2	22674	C	G	0	0	0	1	1	33	0.5	2	0.5	FALSE	NA	NA	NA	NA	NA	NA
NC_045512.2	22675	C	A	1	0	28	1	1	23	0.5	2	0.666667	FALSE	NA	NA	NA	NA	NA	NA
NC_045512.2	22676	G	A	1	0	29	1	1	28	0.5	2	0.666667	FALSE	NA	NA	NA	NA	NA	NA
NC_045512.2	22679	T	G	0	0	0	1	1	23	0.5	2	0.5	FALSE	NA	NA	NA	NA	NA	NA
NC_045512.2	22679	T	C	0	0	0	1	0	28	0.5	2	0.5	FALSE	NA	NA	NA	NA	NA	NA
NC_045512.2	22680	C	G	1	0	24	1	1	28	0.5	2	0.666667	FALSE	NA	NA	NA	NA	NA	NA
NC_045512.2	22682	T	A	1	0	28	1	1	31	0.5	2	0.666667	FALSE	NA	NA	NA	NA	NA	NA
NC_045512.2	22683	T	G	1	0	28	1	1	28	0.5	2	0.666667	FALSE	NA	NA	NA	NA	NA	NA
NC_045512.2	22684	T	A	1	0	28	1	1	28	0.5	2	0.666667	FALSE	NA	NA	NA	NA	NA	NA
NC_045512.2	22685	T	G	1	0	22	1	1	22	0.5	2	0.666667	FALSE	NA	NA	NA	NA	NA	NA
NC_045512.2	22685	T	-C	1	0	22	1	0	20	0.5	2	0.666667	FALSE	NA	NA	NA	NA	NA	NA
NC_045512.2	22688	A	G	0	0	0	1	0	32	1	1	1	FALSE	NA	NA	NA	NA	NA	NA
NC_045512.2	22775	G	A	0	0	0	1	0	24	1	1	1	FALSE	NA	NA	NA	NA	NA	NA
NC_045512.2	22786	A	C	6	2	27	1	0	27	0.142857	7	0.538462	FALSE	NA	NA	NA	NA	NA	NA
NC_045512.2	22789	A	T	6	2	26	1	0	30	0.142857	7	0.538462	FALSE	NA	NA	NA	NA	NA	NA
NC_045512.2	22796	C	T	35	15	26	2	0	20	0.0540541	37	0.253425	FALSE	NA	NA	NA	NA	NA	NA
NC_045512.2	22799	G	A	35	13	25	1	1	22	0.0277778	36	0.507042	FALSE	NA	NA	NA	NA	NA	NA
NC_045512.2	22800	G	A	38	16	28	1	1	27	0.025641	39	0.506494	FALSE	NA	NA	NA	NA	NA	NA
NC_045512.2	22801	G	A	36	17	24	1	1	22	0.027027	37	0.506849	FALSE	NA	NA	NA	NA	NA	NA
NC_045512.2	22802	C	T	38	16	26	1	1	27	0.0238095	42	0.4875	FALSE	NA	NA	NA	NA	NA	NA
NC_045512.2	22802	C	A	38	16	26	3	3	23	0.0714286	42	0.12037	FALSE	NA	NA	NA	NA	NA	NA
NC_045512.2	22802	C	+A	38	16	26	2	0	20	0.047619	42	0.240741	FALSE	NA	NA	NA	NA	NA	NA
NC_045512.2	22803	A	G	36	16	25	2	1	27	0.0512821	39	0.246667	FALSE	NA	NA	NA	NA	NA	NA
NC_045512.2	22803	A	C	36	16	25	1	1	27	0.025641	39	0.493333	FALSE	NA	NA	NA	NA	NA	NA
NC_045512.2	22804	A	T	38	17	27	1	1	27	0.0243902	41	0.493671	FALSE	NA	NA	NA	NA	NA	NA
NC_045512.2	22804	A	G	38	17	27	2	2	26	0.0487805	41	0.246835	FALSE	NA	NA	NA	NA	NA	NA
NC_045512.2	22805	A	T	30	16	24	2	2	26	0.0588235	34	0.238462	FALSE	NA	NA	NA	NA	NA	NA
NC_045512.2	22805	A	G	30	16	24	1	1	28	0.0294118	34	0.484375	FALSE	NA	NA	NA	NA	NA	NA
NC_045512.2	22805	A	C	30	16	24	1	1	27	0.0294118	34	0.484375	FALSE	NA	NA	NA	NA	NA	NA
NC_045512.2	22806	C	A	39	18	27	2	2	27	0.0487805	41	0.253086	FALSE	NA	NA	NA	NA	NA	NA
NC_045512.2	22807	T	G	37	16	27	1	1	28	0.0243902	41	0.487179	FALSE	NA	NA	NA	NA	NA	NA
NC_045512.2	22807	T	C	37	16	27	1	1	29	0.0243902	41	0.487179	FALSE	NA	NA	NA	NA	NA	NA
NC_045512.2	22807	T	A	37	16	27	2	2	27	0.0487805	41	0.240506	FALSE	NA	NA	NA	NA	NA	NA
NC_045512.2	22808	G	A	39	18	26	3	3	24	0.0714286	42	0.124944	FALSE	NA	NA	NA	NA	NA	NA
NC_045512.2	22809	G	C	34	16	25	1	1	28	0.025641	39	0.479452	FALSE	NA	NA	NA	NA	NA	NA
NC_045512.2	22809	G	A	34	16	25	4	4	26	0.102564	39	0.0575342	FALSE	NA	NA	NA	NA	NA	NA
NC_045512.2	22810	A	G	39	18	25	1	1	22	0.0238095	42	0.493827	FALSE	NA	NA	NA	NA	NA	NA
NC_045512.2	22810	A	C	39	18	25	2	2	27	0.047619	42	0.246914	FALSE	NA	NA	NA	NA	NA	NA
NC_045512.2	22811	A	T	40	19	27	2	2	25	0.047619	42	0.253012	FALSE	NA	NA	NA	NA	NA	NA
NC_045512.2	22812	A	C	26	19	26	4	4	27	0.133333	30	0.0602141	FALSE	NA	NA	NA	NA	NA	NA
NC_045512.2	22813	G	T	3	3	27	38	17	26	0.808511	47	1.60902e-21	TRUE	NA	NA	NA	NA	NA	NA
NC_045512.2	22813	G	C	3	3	27	3	3	25	0.0638298	47	0.000904977	TRUE	NA	NA	NA	NA	NA	NA
NC_045512.2	22813	G	A	3	3	27	3	3	27	0.0638298	47	0.000904977	TRUE	NA	NA	NA	NA	NA	NA
NC_045512.2	22814	A	T	38	17	26	2	2	27	0.0408163	49	0.203762	FALSE	NA	NA	NA	NA	NA	NA
NC_045512.2	22814	A	G	38	17	26	4	4	26	0.0816327	49	0.043805	FALSE	NA	NA	NA	NA	NA	NA
NC_045512.2	22814	A	C	38	17	26	5	5	27	0.102041	49	0.020699	FALSE	NA	NA	NA	NA	NA	NA
NC_045512.2	22815	T	G	39	18	25	3	3	26	0.0588235	51	0.0914158	FALSE	NA	NA	NA	NA	NA	NA
NC_045512.2	22815	T	C	39	18	25	8	8	26	0.156863	51	0.00217587	TRUE	NA	NA	NA	NA	NA	NA
NC_045512.2	22815	T	A	39	18	25	1	1	27	0.0196078	51	0.444444	FALSE	NA	NA	NA	NA	NA	NA
NC_045512.2	22816	T	G	37	20	25	5	5	26	0.0961538	52	0.016368	FALSE	NA	NA	NA	NA	NA	NA
NC_045512.2	22816	T	C	37	20	25	10	10	25	0.192308	52	0.000369714	TRUE	NA	NA	NA	NA	NA	NA
NC_045512.2	22817	G	T	41	20	26	2	2	26	0.0357143	56	0.189985	FALSE	NA	NA	NA	NA	NA	NA
NC_045512.2	22817	G	C	41	20	26	12	12	26	0.214286	56	9.56682e-05	TRUE	NA	NA	NA	NA	NA	NA
NC_045512.2	22817	G	A	41	20	26	1	1	22	0.0178571	56	0.43299	FALSE	NA	NA	NA	NA	NA	NA
NC_045512.2	22818	C	T	47	26	26	5	5	26	0.0862069	58	0.022246	FALSE	NA	NA	NA	NA	NA	NA
NC_045512.2	22818	C	G	47	26	26	1	1	27	0.0172414	58	0.457143	FALSE	NA	NA	NA	NA	NA	NA
NC_045512.2	22818	C	A	47	26	26	5	5	27	0.0862069	58	0.022246	FALSE	NA	NA	NA	NA	NA	NA
NC_045512.2	22819	T	G	41	20	26	4	4	24	0.0689655	58	0.0350612	FALSE	NA	NA	NA	NA	NA	NA
NC_045512.2	22819	T	C	41	20	26	9	9	24	0.155172	58	0.000698779	TRUE	NA	NA	NA	NA	NA	NA
NC_045512.2	22819	T	A	41	20	26	4	4	26	0.0689655	58	0.0350612	FALSE	NA	NA	NA	NA	NA	NA
NC_045512.2	22820	G	T	44	23	26	2	2	28	0.0338983	59	0.193241	FALSE	NA	NA	NA	NA	NA	NA
NC_045512.2	22820	G	C	44	23	26	10	10	25	0.169492	59	0.000422849	TRUE	NA	NA	NA	NA	NA	NA
NC_045512.2	22820	G	A	44	23	26	3	3	26	0.0508475	59	0.0864985	FALSE	NA	NA	NA	NA	NA	NA
NC_045512.2	22821	A	T	42	21	27	1	1	24	0.0169492	59	0.425743	FALSE	NA	NA	NA	NA	NA	NA
NC_045512.2	22821	A	G	42	21	27	7	7	26	0.118644	59	0.00329424	TRUE	NA	NA	NA	NA	NA	NA
NC_045512.2	22821	A	C	42	21	27	9	9	26	0.152542	59	0.000713585	TRUE	NA	NA	NA	NA	NA	NA
NC_045512.2	22822	T	G	38	17	25	12	12	25	0.2	60	3.87411e-05	TRUE	NA	NA	NA	NA	NA	NA
NC_045512.2	22822	T	C	38	17	25	5	5	25	0.0833333	60	0.011557	FALSE	NA	NA	NA	NA	NA	NA
NC_045512.2	22822	T	A	38	17	25	5	5	25	0.0833333	60	0.011557	FALSE	NA	NA	NA	NA	NA	NA
NC_045512.2	22822	T	+A	38	17	25	2	0	20	0.0333333	60	0.160792	FALSE	NA	NA	NA	NA	NA	NA
NC_045512.2	22823	T	G	35	16	25	11	11	26	0.189655	58	6.68867e-05	TRUE	NA	NA	NA	NA	NA	NA
NC_045512.2	22823	T	C	35	16	25	7	7	25	0.12069	58	0.0018122	TRUE	NA	NA	NA	NA	NA	NA
NC_045512.2	22823	T	A	35	16	25	5	5	25	0.0862069	58	0.0102102	FALSE	NA	NA	NA	NA	NA	NA
NC_045512.2	22824	A	T	44	23	26	2	2	26	0.0338983	59	0.193241	FALSE	NA	NA	NA	NA	NA	NA
NC_045512.2	22824	A	G	44	23	26	10	10	27	0.169492	59	0.000422849	TRUE	NA	NA	NA	NA	NA	NA
NC_045512.2	22824	A	C	44	23	26	3	3	26	0.0508475	59	0.0864985	FALSE	NA	NA	NA	NA	NA	NA
NC_045512.2	22825	T	G	38	17	27	6	6	26	0.101695	59	0.00524233	TRUE	NA	NA	NA	NA	NA	NA
NC_045512.2	22825	T	C	38	17	27	7	7	25	0.118644	59	0.00229034	TRUE	NA	NA	NA	NA	NA	NA
NC_045512.2	22825	T	A	38	17	27	8	8	26	0.135593	59	0.00101303	TRUE	NA	NA	NA	NA	NA	NA
NC_045512.2	22825	T	+A	38	17	27	1	0	20	0.0169492	59	0.402062	FALSE	NA	NA	NA	NA	NA	NA
NC_045512.2	22826	A	G	46	25	26	3	3	27	0.0508475	59	0.0928231	FALSE	NA	NA	NA	NA	NA	NA
NC_045512.2	22826	A	C	46	25	26	10	10	26	0.169492	59	0.000523182	TRUE	NA	NA	NA	NA	NA	NA
NC_045512.2	22826	A	+A	46	25	26	1	0	20	0.0169492	59	0.447619	FALSE	NA	NA	NA	NA	NA	NA
NC_045512.2	22827	A	T	47	28	25	3	3	27	0.0517241	58	0.098748	FALSE	NA	NA	NA	NA	NA	NA
NC_045512.2	22827	A	G	47	28	25	4	3	28	0.0689655	58	0.046631	FALSE	NA	NA	NA	NA	NA	NA
NC_045512.2	22827	A	C	47	28	25	4	4	28	0.0689655	58	0.046631	FALSE	NA	NA	NA	NA	NA	NA
NC_045512.2	22828	T	G	38	17	25	5	5	23	0.0877193	57	0.0134586	FALSE	NA	NA	NA	NA	NA	NA
NC_045512.2	22828	T	C	38	17	25	4	4	28	0.0701754	57	0.030986	FALSE	NA	NA	NA	NA	NA	NA
NC_045512.2	22828	T	A	38	17	25	10	10	27	0.175439	57	0.000250593	TRUE	NA	NA	NA	NA	NA	NA
NC_045512.2	22829	T	G	38	19	25	8	8	27	0.131148	61	0.00086522	TRUE	NA	NA	NA	NA	NA	NA
NC_045512.2	22829	T	C	38	19	25	9	9	27	0.147541	61	0.00038005	TRUE	NA	NA	NA	NA	NA	NA
NC_045512.2	22829	T	A	38	19	25	6	6	26	0.0983607	61	0.00465213	TRUE	NA	NA	NA	NA	NA	NA
NC_045512.2	22830	A	T	43	22	26	5	5	27	0.0769231	65	0.0127637	FALSE	NA	NA	NA	NA	NA	NA
NC_045512.2	22830	A	G	43	22	26	10	10	27	0.153846	65	0.000218609	TRUE	NA	NA	NA	NA	NA	NA
NC_045512.2	22830	A	C	43	22	26	7	7	25	0.107692	65	0.00242751	TRUE	NA	NA	NA	NA	NA	NA
NC_045512.2	22831	T	G	41	20	27	9	9	25	0.138462	65	0.000386535	TRUE	NA	NA	NA	NA	NA	NA
NC_045512.2	22831	T	C	41	20	27	7	7	27	0.107692	65	0.00203239	TRUE	NA	NA	NA	NA	NA	NA
NC_045512.2	22831	T	A	41	20	27	8	8	28	0.123077	65	0.0008813	TRUE	NA	NA	NA	NA	NA	NA
NC_045512.2	22832	A	T	44	23	26	4	4	27	0.0655738	61	0.0363084	FALSE	NA	NA	NA	NA	NA	NA
NC_045512.2	22832	A	G	44	23	26	9	9	28	0.147541	61	0.000742307	TRUE	NA	NA	NA	NA	NA	NA
NC_045512.2	22832	A	C	44	23	26	4	4	27	0.0655738	61	0.0363084	FALSE	NA	NA	NA	NA	NA	NA
NC_045512.2	22833	A	T	48	27	27	6	6	27	0.0869565	69	0.00638952	TRUE	NA	NA	NA	NA	NA	NA
NC_045512.2	22833	A	G	48	27	27	8	8	26	0.115942	69	0.0012903	TRUE	NA	NA	NA	NA	NA	NA
NC_045512.2	22833	A	C	48	27	27	7	7	24	0.101449	69	0.0028571	TRUE	NA	NA	NA	NA	NA	NA
NC_045512.2	22834	A	T	47	32	25	4	4	27	0.0634921	63	0.0388119	FALSE	NA	NA	NA	NA	NA	NA
NC_045512.2	22834	A	G	47	32	25	6	6	25	0.0952381	63	0.00815909	TRUE	NA	NA	NA	NA	NA	NA
NC_045512.2	22834	A	C	47	32	25	6	6	26	0.0952381	63	0.00815909	TRUE	NA	NA	NA	NA	NA	NA
NC_045512.2	22835	T	G	43	22	25	3	3	25	0.0441176	68	0.0648341	FALSE	NA	NA	NA	NA	NA	NA
NC_045512.2	22835	T	C	43	22	25	7	7	27	0.102941	68	0.00201401	TRUE	NA	NA	NA	NA	NA	NA
NC_045512.2	22835	T	A	43	22	25	15	15	27	0.220588	68	3.28221e-06	TRUE	NA	NA	NA	NA	NA	NA
NC_045512.2	22836	T	G	51	31	25	3	3	25	0.0454545	66	0.0905854	FALSE	NA	NA	NA	NA	NA	NA
NC_045512.2	22836	T	C	51	31	25	2	2	24	0.030303	66	0.199623	FALSE	NA	NA	NA	NA	NA	NA
NC_045512.2	22836	T	A	51	31	25	10	10	27	0.151515	66	0.00046807	TRUE	NA	NA	NA	NA	NA	NA
NC_045512.2	22837	A	T	46	25	27	9	9	27	0.132353	68	0.000521326	TRUE	NA	NA	NA	NA	NA	NA
NC_045512.2	22837	A	G	46	25	27	10	10	25	0.147059	68	0.000237351	TRUE	NA	NA	NA	NA	NA	NA
NC_045512.2	22837	A	C	46	25	27	3	3	24	0.0441176	68	0.07269	FALSE	NA	NA	NA	NA	NA	NA
NC_045512.2	22838	C	T	43	22	25	7	7	24	0.101449	69	0.00189454	TRUE	NA	NA	NA	NA	NA	NA
NC_045512.2	22838	C	G	43	22	25	10	10	27	0.144928	69	0.000154113	TRUE	NA	NA	NA	NA	NA	NA
NC_045512.2	22838	C	A	43	22	25	9	9	26	0.130435	69	0.000351843	TRUE	NA	NA	NA	NA	NA	NA
NC_045512.2	22839	C	T	41	22	25	12	12	26	0.179104	67	2.81163e-05	TRUE	NA	NA	NA	NA	NA	NA
NC_045512.2	22839	C	G	41	22	25	5	5	26	0.0746269	67	0.0102178	FALSE	NA	NA	NA	NA	NA	NA
NC_045512.2	22839	C	A	41	22	25	9	9	25	0.134328	67	0.000328642	TRUE	NA	NA	NA	NA	NA	NA
NC_045512.2	22840	A	T	43	22	27	8	8	27	0.115942	69	0.000811945	TRUE	NA	NA	NA	NA	NA	NA
NC_045512.2	22840	A	G	43	22	27	13	13	26	0.188406	69	1.37752e-05	TRUE	NA	NA	NA	NA	NA	NA
NC_045512.2	22840	A	C	43	22	27	5	5	26	0.0724638	69	0.0106759	FALSE	NA	NA	NA	NA	NA	NA
NC_045512.2	22841	G	T	48	27	27	6	6	26	0.0857143	70	0.00607783	TRUE	NA	NA	NA	NA	NA	NA
NC_045512.2	22841	G	C	48	27	27	5	5	27	0.0714286	70	0.013844	FALSE	NA	NA	NA	NA	NA	NA
NC_045512.2	22841	G	A	48	27	27	11	11	26	0.157143	70	0.000115011	TRUE	NA	NA	NA	NA	NA	NA
NC_045512.2	22842	A	T	45	24	27	12	12	26	0.171429	70	3.63268e-05	TRUE	NA	NA	NA	NA	NA	NA
NC_045512.2	22842	A	G	45	24	27	7	7	26	0.1	70	0.00211885	TRUE	NA	NA	NA	NA	NA	NA
NC_045512.2	22842	A	C	45	24	27	6	6	28	0.0857143	70	0.00493039	TRUE	NA	NA	NA	NA	NA	NA
NC_045512.2	22843	T	G	48	27	27	7	7	26	0.1	70	0.00269581	TRUE	NA	NA	NA	NA	NA	NA
NC_045512.2	22843	T	C	48	27	27	7	7	27	0.1	70	0.00269581	TRUE	NA	NA	NA	NA	NA	NA
NC_045512.2	22843	T	A	48	27	27	8	8	26	0.114286	70	0.00120772	TRUE	NA	NA	NA	NA	NA	NA
NC_045512.2	22844	G	T	43	22	27	11	11	26	0.157143	70	6.21135e-05	TRUE	NA	NA	NA	NA	NA	NA
NC_045512.2	22844	G	C	43	22	27	3	3	29	0.0428571	70	0.0614811	FALSE	NA	NA	NA	NA	NA	NA
NC_045512.2	22844	G	A	43	22	27	13	13	25	0.185714	70	1.23425e-05	TRUE	NA	NA	NA	NA	NA	NA
NC_045512.2	22845	A	T	50	29	27	15	15	25	0.214286	70	7.58531e-06	TRUE	NA	NA	NA	NA	NA	NA
NC_045512.2	22845	A	G	50	29	27	4	4	24	0.0571429	70	0.0348347	FALSE	NA	NA	NA	NA	NA	NA
NC_045512.2	22845	A	C	50	29	27	1	1	28	0.0142857	70	0.425	FALSE	NA	NA	NA	NA	NA	NA
NC_045512.2	22846	T	G	43	22	25	8	8	27	0.126984	63	0.00124436	TRUE	NA	NA	NA	NA	NA	NA
NC_045512.2	22846	T	C	43	22	25	2	2	27	0.031746	63	0.174572	FALSE	NA	NA	NA	NA	NA	NA
NC_045512.2	22846	T	A	43	22	25	10	10	26	0.15873	63	0.000261591	TRUE	NA	NA	NA	NA	NA	NA
NC_045512.2	22847	T	G	46	25	27	3	3	29	0.0428571	70	0.0690255	FALSE	NA	NA	NA	NA	NA	NA
NC_045512.2	22847	T	C	46	25	27	5	5	27	0.0714286	70	0.012326	FALSE	NA	NA	NA	NA	NA	NA
NC_045512.2	22847	T	A	46	25	27	16	16	26	0.228571	70	1.9747e-06	TRUE	NA	NA	NA	NA	NA	NA
NC_045512.2	22848	T	G	52	31	27	1	1	22	0.0140845	71	0.430894	FALSE	NA	NA	NA	NA	NA	NA
NC_045512.2	22848	T	C	52	31	27	1	1	33	0.0140845	71	0.430894	FALSE	NA	NA	NA	NA	NA	NA
NC_045512.2	22848	T	A	52	31	27	17	17	27	0.239437	71	2.17879e-06	TRUE	NA	NA	NA	NA	NA	NA
NC_045512.2	22849	T	G	33	28	26	7	7	24	0.122807	57	0.00156416	TRUE	NA	NA	NA	NA	NA	NA
NC_045512.2	22849	T	C	33	28	26	3	3	26	0.0526316	57	0.0568562	FALSE	NA	NA	NA	NA	NA	NA
NC_045512.2	22849	T	A	33	28	26	14	14	26	0.245614	57	4.96493e-06	TRUE	NA	NA	NA	NA	NA	NA
NC_045512.2	22850	A	T	55	34	26	12	12	25	0.16	75	7.52816e-05	TRUE	NA	NA	NA	NA	NA	NA
NC_045512.2	22850	A	G	55	34	26	6	6	27	0.08	75	0.00739171	TRUE	NA	NA	NA	NA	NA	NA
NC_045512.2	22850	A	C	55	34	26	2	2	26	0.0266667	75	0.187434	FALSE	NA	NA	NA	NA	NA	NA
NC_045512.2	22851	C	T	41	20	27	15	15	25	0.2	75	9.61361e-07	TRUE	NA	NA	NA	NA	NA	NA
NC_045512.2	22851	C	G	41	20	27	2	2	25	0.0266667	75	0.133068	FALSE	NA	NA	NA	NA	NA	NA
NC_045512.2	22851	C	A	41	20	27	17	17	25	0.226667	75	1.83799e-07	TRUE	NA	NA	NA	NA	NA	NA
NC_045512.2	22852	A	T	51	30	27	19	19	26	0.256757	74	3.01767e-07	TRUE	NA	NA	NA	NA	NA	NA
NC_045512.2	22852	A	G	51	30	27	1	1	26	0.0135135	74	0.416	FALSE	NA	NA	NA	NA	NA	NA
NC_045512.2	22852	A	C	51	30	27	3	3	27	0.0405405	74	0.0744027	FALSE	NA	NA	NA	NA	NA	NA
NC_045512.2	22853	G	T	39	18	26	15	15	26	0.2	75	6.54802e-07	TRUE	NA	NA	NA	NA	NA	NA
NC_045512.2	22853	G	C	39	18	26	4	4	24	0.0533333	75	0.0166462	FALSE	NA	NA	NA	NA	NA	NA
NC_045512.2	22853	G	A	39	18	26	17	17	25	0.226667	75	1.20262e-07	TRUE	NA	NA	NA	NA	NA	NA
NC_045512.2	22854	G	T	40	20	26	16	16	25	0.213333	75	3.42746e-07	TRUE	NA	NA	NA	NA	NA	NA
NC_045512.2	22854	G	C	40	20	26	5	5	25	0.0666667	75	0.00668954	TRUE	NA	NA	NA	NA	NA	NA
NC_045512.2	22854	G	A	40	20	26	14	14	27	0.186667	75	1.86619e-06	TRUE	NA	NA	NA	NA	NA	NA
NC_045512.2	22855	C	T	42	21	27	11	11	25	0.150685	73	4.11067e-05	TRUE	NA	NA	NA	NA	NA	NA
NC_045512.2	22855	C	G	42	21	27	3	3	24	0.0410959	73	0.0545496	FALSE	NA	NA	NA	NA	NA	NA
NC_045512.2	22855	C	A	42	21	27	17	17	25	0.232877	73	2.96362e-07	TRUE	NA	NA	NA	NA	NA	NA
NC_045512.2	22856	T	G	53	32	27	4	4	22	0.0519481	77	0.0317087	FALSE	NA	NA	NA	NA	NA	NA
NC_045512.2	22856	T	C	53	32	27	4	4	24	0.0519481	77	0.0317087	FALSE	NA	NA	NA	NA	NA	NA
NC_045512.2	22856	T	A	53	32	27	16	16	25	0.207792	77	2.47428e-06	TRUE	NA	NA	NA	NA	NA	NA
NC_045512.2	22857	G	T	47	26	26	13	13	26	0.171053	76	1.18091e-05	TRUE	NA	NA	NA	NA	NA	NA
NC_045512.2	22857	G	C	47	26	26	1	1	27	0.0131579	76	0.390244	FALSE	NA	NA	NA	NA	NA	NA
NC_045512.2	22857	G	A	47	26	26	15	15	27	0.197368	76	2.39706e-06	TRUE	NA	NA	NA	NA	NA	NA
NC_045512.2	22858	C	T	42	21	27	10	10	24	0.12987	77	6.9739e-05	TRUE	NA	NA	NA	NA	NA	NA
NC_045512.2	22858	C	G	42	21	27	10	10	26	0.12987	77	6.9739e-05	TRUE	NA	NA	NA	NA	NA	NA
NC_045512.2	22858	C	A	42	21	27	15	15	26	0.194805	77	9.08534e-07	TRUE	NA	NA	NA	NA	NA	NA
NC_045512.2	22859	G	T	40	19	26	14	14	25	0.186667	75	1.86619e-06	TRUE	NA	NA	NA	NA	NA	NA
NC_045512.2	22859	G	C	40	19	26	12	12	27	0.16	75	1.05998e-05	TRUE	NA	NA	NA	NA	NA	NA
NC_045512.2	22859	G	A	40	19	26	9	9	26	0.12	75	0.00015612	TRUE	NA	NA	NA	NA	NA	NA
NC_045512.2	22860	T	G	51	30	25	3	3	29	0.0394737	76	0.0709691	FALSE	NA	NA	NA	NA	NA	NA
NC_045512.2	22860	T	C	51	30	25	7	7	26	0.0921053	76	0.00241703	TRUE	NA	NA	NA	NA	NA	NA
NC_045512.2	22860	T	A	51	30	25	15	15	26	0.197368	76	4.38578e-06	TRUE	NA	NA	NA	NA	NA	NA
NC_045512.2	22860	T	+A	51	30	25	1	0	20	0.0131579	76	0.409449	FALSE	NA	NA	NA	NA	NA	NA
NC_045512.2	22861	T	G	37	20	25	8	8	26	0.108108	74	0.000294664	TRUE	NA	NA	NA	NA	NA	NA
NC_045512.2	22861	T	C	37	20	25	9	8	25	0.121622	74	0.000113904	TRUE	NA	NA	NA	NA	NA	NA
NC_045512.2	22861	T	A	37	20	25	20	20	27	0.27027	74	7.23155e-09	TRUE	NA	NA	NA	NA	NA	NA
NC_045512.2	22862	A	T	56	35	27	7	7	26	0.0886076	79	0.00292775	TRUE	NA	NA	NA	NA	NA	NA
NC_045512.2	22862	A	G	56	35	27	3	3	27	0.0379747	79	0.0775464	FALSE	NA	NA	NA	NA	NA	NA
NC_045512.2	22862	A	C	56	35	27	13	13	27	0.164557	79	2.77702e-05	TRUE	NA	NA	NA	NA	NA	NA
NC_045512.2	22863	T	G	51	30	27	4	4	27	0.0493827	81	0.0257734	FALSE	NA	NA	NA	NA	NA	NA
NC_045512.2	22863	T	C	51	30	27	9	9	27	0.111111	81	0.000337586	TRUE	NA	NA	NA	NA	NA	NA
NC_045512.2	22863	T	A	51	30	27	17	17	26	0.209877	81	5.2986e-07	TRUE	NA	NA	NA	NA	NA	NA
NC_045512.2	22864	A	T	52	31	27	11	11	27	0.135802	81	7.13138e-05	TRUE	NA	NA	NA	NA	NA	NA
NC_045512.2	22864	A	G	52	31	27	10	10	27	0.123457	81	0.000161871	TRUE	NA	NA	NA	NA	NA	NA
NC_045512.2	22864	A	C	52	31	27	8	8	26	0.0987654	81	0.000856949	TRUE	NA	NA	NA	NA	NA	NA
NC_045512.2	22865	G	T	50	29	27	12	12	25	0.146341	82	2.27422e-05	TRUE	NA	NA	NA	NA	NA	NA
NC_045512.2	22865	G	C	50	29	27	5	5	25	0.0609756	82	0.00966502	TRUE	NA	NA	NA	NA	NA	NA
NC_045512.2	22865	G	A	50	29	27	15	15	27	0.182927	82	1.95516e-06	TRUE	NA	NA	NA	NA	NA	NA
NC_045512.2	22866	C	T	41	20	27	17	17	26	0.21519	79	1.0705e-07	TRUE	NA	NA	NA	NA	NA	NA
NC_045512.2	22866	C	G	41	20	27	7	7	27	0.0886076	79	0.000872059	TRUE	NA	NA	NA	NA	NA	NA
NC_045512.2	22866	C	A	41	20	27	14	14	25	0.177215	79	1.42257e-06	TRUE	NA	NA	NA	NA	NA	NA
NC_045512.2	22867	T	G	51	30	26	8	8	26	0.1	80	0.000835804	TRUE	NA	NA	NA	NA	NA	NA
NC_045512.2	22867	T	C	51	30	26	5	5	24	0.0625	80	0.0110176	FALSE	NA	NA	NA	NA	NA	NA
NC_045512.2	22867	T	A	51	30	26	16	16	25	0.2	80	1.29408e-06	TRUE	NA	NA	NA	NA	NA	NA
NC_045512.2	22868	T	G	47	27	25	8	8	27	0.0987654	81	0.000549711	TRUE	NA	NA	NA	NA	NA	NA
NC_045512.2	22868	T	C	47	27	25	6	6	27	0.0740741	81	0.00334824	TRUE	NA	NA	NA	NA	NA	NA
NC_045512.2	22868	T	A	47	27	25	20	20	27	0.246914	81	2.45967e-08	TRUE	NA	NA	NA	NA	NA	NA
NC_045512.2	22869	G	T	43	22	25	19	19	25	0.24359	78	3.62378e-08	TRUE	NA	NA	NA	NA	NA	NA
NC_045512.2	22869	G	C	43	22	25	2	2	28	0.025641	78	0.134128	FALSE	NA	NA	NA	NA	NA	NA
NC_045512.2	22869	G	A	43	22	25	14	14	27	0.179487	78	2.25162e-06	TRUE	NA	NA	NA	NA	NA	NA
NC_045512.2	22870	G	T	41	21	25	20	20	27	0.253165	79	8.79643e-09	TRUE	NA	NA	NA	NA	NA	NA
NC_045512.2	22870	G	C	41	21	25	2	2	25	0.0253165	79	0.12438	FALSE	NA	NA	NA	NA	NA	NA
NC_045512.2	22870	G	A	41	21	25	16	16	26	0.202532	79	2.51014e-07	TRUE	NA	NA	NA	NA	NA	NA
NC_045512.2	22871	A	T	57	36	26	14	14	28	0.17284	81	1.21938e-05	TRUE	NA	NA	NA	NA	NA	NA
NC_045512.2	22871	A	G	57	36	26	6	6	24	0.0740741	81	0.0063625	TRUE	NA	NA	NA	NA	NA	NA
NC_045512.2	22871	A	C	57	36	26	4	4	28	0.0493827	81	0.0330765	FALSE	NA	NA	NA	NA	NA	NA
NC_045512.2	22872	A	T	49	29	25	22	22	26	0.268293	82	6.89505e-09	TRUE	NA	NA	NA	NA	NA	NA
NC_045512.2	22872	A	G	49	29	25	3	3	26	0.0365854	82	0.0576563	FALSE	NA	NA	NA	NA	NA	NA
NC_045512.2	22872	A	C	49	29	25	8	8	25	0.097561	82	0.000622823	TRUE	NA	NA	NA	NA	NA	NA
NC_045512.2	22873	T	G	52	32	26	10	10	25	0.123457	81	0.000161871	TRUE	NA	NA	NA	NA	NA	NA
NC_045512.2	22873	T	C	52	32	26	5	5	26	0.0617284	81	0.0112084	FALSE	NA	NA	NA	NA	NA	NA
NC_045512.2	22873	T	A	52	32	26	14	14	27	0.17284	81	6.42284e-06	TRUE	NA	NA	NA	NA	NA	NA
NC_045512.2	22874	T	G	42	22	25	9	9	26	0.107143	84	0.000104291	TRUE	NA	NA	NA	NA	NA	NA
NC_045512.2	22874	T	C	42	22	25	12	12	27	0.142857	84	6.1706e-06	TRUE	NA	NA	NA	NA	NA	NA
NC_045512.2	22874	T	A	42	22	25	21	21	26	0.25	84	2.26099e-09	TRUE	NA	NA	NA	NA	NA	NA
NC_045512.2	22875	C	T	50	30	27	7	7	26	0.0853659	82	0.0016318	TRUE	NA	NA	NA	NA	NA	NA
NC_045512.2	22875	C	G	50	30	27	9	9	26	0.109756	82	0.000286948	TRUE	NA	NA	NA	NA	NA	NA
NC_045512.2	22875	C	A	50	30	27	16	16	26	0.195122	82	8.77828e-07	TRUE	NA	NA	NA	NA	NA	NA
NC_045512.2	22876	T	G	50	30	27	11	11	25	0.130952	84	4.47202e-05	TRUE	NA	NA	NA	NA	NA	NA
NC_045512.2	22876	T	C	50	30	27	14	14	26	0.166667	84	3.59234e-06	TRUE	NA	NA	NA	NA	NA	NA
NC_045512.2	22876	T	A	50	30	27	9	9	27	0.107143	84	0.000251606	TRUE	NA	NA	NA	NA	NA	NA
NC_045512.2	22877	A	T	45	25	26	13	13	27	0.152941	85	3.62654e-06	TRUE	NA	NA	NA	NA	NA	NA
NC_045512.2	22877	A	G	45	25	26	19	19	27	0.223529	85	2.06414e-08	TRUE	NA	NA	NA	NA	NA	NA
NC_045512.2	22877	A	C	45	25	26	8	8	27	0.0941176	85	0.000354629	TRUE	NA	NA	NA	NA	NA	NA
NC_045512.2	22878	A	T	46	28	25	7	7	27	0.0843373	83	0.00111349	TRUE	NA	NA	NA	NA	NA	NA
NC_045512.2	22878	A	G	46	28	25	16	14	28	0.192771	83	3.97348e-07	TRUE	NA	NA	NA	NA	NA	NA
NC_045512.2	22878	A	C	46	28	25	14	14	27	0.168675	83	2.16345e-06	TRUE	NA	NA	NA	NA	NA	NA
NC_045512.2	22878	A	+A	46	28	25	1	0	20	0.0120482	83	0.364341	FALSE	NA	NA	NA	NA	NA	NA
NC_045512.2	22879	C	T	47	27	27	14	14	26	0.164706	85	2.06594e-06	TRUE	NA	NA	NA	NA	NA	NA
NC_045512.2	22879	C	G	47	27	27	14	14	26	0.164706	85	2.06594e-06	TRUE	NA	NA	NA	NA	NA	NA
NC_045512.2	22879	C	A	47	27	27	10	10	27	0.117647	85	6.99377e-05	TRUE	NA	NA	NA	NA	NA	NA
NC_045512.2	22880	A	T	43	23	25	14	14	26	0.17284	81	1.62537e-06	TRUE	NA	NA	NA	NA	NA	NA
NC_045512.2	22880	A	G	43	23	25	15	15	26	0.185185	81	6.83128e-07	TRUE	NA	NA	NA	NA	NA	NA
NC_045512.2	22880	A	C	43	23	25	9	9	27	0.111111	81	0.000145013	TRUE	NA	NA	NA	NA	NA	NA
NC_045512.2	22881	A	T	46	28	25	14	14	26	0.170732	82	2.40008e-06	TRUE	NA	NA	NA	NA	NA	NA
NC_045512.2	22881	A	G	46	28	25	15	15	28	0.182927	82	1.03102e-06	TRUE	NA	NA	NA	NA	NA	NA
NC_045512.2	22881	A	C	46	28	25	7	7	27	0.0853659	82	0.00117438	TRUE	NA	NA	NA	NA	NA	NA
NC_045512.2	22882	T	G	12	12	26	51	31	26	0.593023	86	1.55749e-28	TRUE	NA	NA	NA	NA	NA	NA
NC_045512.2	22882	T	C	12	12	26	9	9	28	0.104651	86	8.95073e-08	TRUE	NA	NA	NA	NA	NA	NA
NC_045512.2	22882	T	A	12	12	26	14	14	25	0.162791	86	4.59392e-11	TRUE	NA	NA	NA	NA	NA	NA
NC_045512.2	22883	C	T	38	18	26	20	20	26	0.240964	83	2.23324e-09	TRUE	NA	NA	NA	NA	NA	NA
NC_045512.2	22883	C	G	38	18	26	9	9	27	0.108434	83	6.64953e-05	TRUE	NA	NA	NA	NA	NA	NA
NC_045512.2	22883	C	A	38	18	26	16	16	26	0.192771	83	8.06908e-08	TRUE	NA	NA	NA	NA	NA	NA
NC_045512.2	22884	T	G	56	36	26	4	4	26	0.0493827	81	0.03181	FALSE	NA	NA	NA	NA	NA	NA
NC_045512.2	22884	T	C	56	36	26	5	5	26	0.0617284	81	0.0137618	FALSE	NA	NA	NA	NA	NA	NA
NC_045512.2	22884	T	A	56	36	26	16	16	27	0.197531	81	2.40315e-06	TRUE	NA	NA	NA	NA	NA	NA
NC_045512.2	22885	T	G	55	39	26	9	9	27	0.111111	81	0.00048445	TRUE	NA	NA	NA	NA	NA	NA
NC_045512.2	22885	T	C	55	39	26	4	4	26	0.0493827	81	0.0305625	FALSE	NA	NA	NA	NA	NA	NA
NC_045512.2	22885	T	A	55	39	26	13	13	26	0.160494	81	2.05584e-05	TRUE	NA	NA	NA	NA	NA	NA
NC_045512.2	22886	G	T	41	22	27	17	17	28	0.204819	83	6.33982e-08	TRUE	NA	NA	NA	NA	NA	NA
NC_045512.2	22886	G	C	41	22	27	7	7	26	0.0843373	83	0.000696997	TRUE	NA	NA	NA	NA	NA	NA
NC_045512.2	22886	G	A	41	22	27	18	18	26	0.216867	83	2.65283e-08	TRUE	NA	NA	NA	NA	NA	NA
NC_045512.2	22887	A	T	48	32	27	20	20	26	0.246914	81	3.01365e-08	TRUE	NA	NA	NA	NA	NA	NA
NC_045512.2	22887	A	G	48	32	27	6	6	25	0.0740741	81	0.00359811	TRUE	NA	NA	NA	NA	NA	NA
NC_045512.2	22887	A	C	48	32	27	7	7	28	0.0864198	81	0.0014659	TRUE	NA	NA	NA	NA	NA	NA
NC_045512.2	22888	T	G	49	33	25	13	13	27	0.160494	81	9.54825e-06	TRUE	NA	NA	NA	NA	NA	NA
NC_045512.2	22888	T	C	49	33	25	9	9	27	0.111111	81	0.000277875	TRUE	NA	NA	NA	NA	NA	NA
NC_045512.2	22888	T	A	49	33	25	10	10	26	0.123457	81	0.000117947	TRUE	NA	NA	NA	NA	NA	NA
NC_045512.2	22889	T	G	46	34	25	12	12	27	0.155844	77	2.11664e-05	TRUE	NA	NA	NA	NA	NA	NA
NC_045512.2	22889	T	C	46	34	25	9	9	27	0.116883	77	0.000268959	TRUE	NA	NA	NA	NA	NA	NA
NC_045512.2	22889	T	A	46	34	25	10	10	26	0.12987	77	0.000114104	TRUE	NA	NA	NA	NA	NA	NA
NC_045512.2	22890	C	T	38	23	27	17	17	25	0.209877	81	4.22666e-08	TRUE	NA	NA	NA	NA	NA	NA
NC_045512.2	22890	C	G	38	23	27	15	15	25	0.185185	81	2.57442e-07	TRUE	NA	NA	NA	NA	NA	NA
NC_045512.2	22890	C	A	38	23	27	11	11	25	0.135802	81	1.09522e-05	TRUE	NA	NA	NA	NA	NA	NA
NC_045512.2	22891	T	G	44	30	27	15	15	26	0.1875	80	9.16012e-07	TRUE	NA	NA	NA	NA	NA	NA
NC_045512.2	22891	T	C	44	30	27	3	3	26	0.0375	80	0.0498157	FALSE	NA	NA	NA	NA	NA	NA
NC_045512.2	22891	T	A	44	30	27	18	18	25	0.225	80	7.57551e-08	TRUE	NA	NA	NA	NA	NA	NA
NC_045512.2	22892	A	T	44	31	25	14	14	25	0.177215	79	2.3864e-06	TRUE	NA	NA	NA	NA	NA	NA
NC_045512.2	22892	A	G	44	31	25	12	12	26	0.151899	79	1.3253e-05	TRUE	NA	NA	NA	NA	NA	NA
NC_045512.2	22892	A	C	44	31	25	9	9	26	0.113924	79	0.000187456	TRUE	NA	NA	NA	NA	NA	NA
NC_045512.2	22893	A	T	43	34	26	16	16	26	0.216216	74	6.96524e-07	TRUE	NA	NA	NA	NA	NA	NA
NC_045512.2	22893	A	G	43	34	26	12	12	26	0.162162	74	1.84915e-05	TRUE	NA	NA	NA	NA	NA	NA
NC_045512.2	22893	A	C	43	34	26	3	3	28	0.0405405	74	0.0554381	FALSE	NA	NA	NA	NA	NA	NA
NC_045512.2	22894	G	T	43	30	26	15	15	25	0.189873	79	8.6067e-07	TRUE	NA	NA	NA	NA	NA	NA
NC_045512.2	22894	G	C	43	30	26	3	3	28	0.0379747	79	0.0489482	FALSE	NA	NA	NA	NA	NA	NA
NC_045512.2	22894	G	A	43	30	26	18	18	26	0.227848	79	7.07221e-08	TRUE	NA	NA	NA	NA	NA	NA
NC_045512.2	22895	G	T	7	7	27	17	17	25	0.21519	79	3.60706e-14	TRUE	NA	NA	NA	NA	NA	NA
NC_045512.2	22895	G	C	7	7	27	42	30	25	0.531646	79	1.12857e-26	TRUE	NA	NA	NA	NA	NA	NA
NC_045512.2	22895	G	A	7	7	27	13	13	25	0.164557	79	1.44254e-11	TRUE	NA	NA	NA	NA	NA	NA
NC_045512.2	22896	T	G	18	18	26	7	7	26	0.0921053	76	3.00296e-05	TRUE	NA	NA	NA	NA	NA	NA
NC_045512.2	22896	T	C	18	18	26	39	29	25	0.513158	76	6.54805e-20	TRUE	NA	NA	NA	NA	NA	NA
NC_045512.2	22896	T	A	18	18	26	12	12	26	0.157895	76	4.43182e-08	TRUE	NA	NA	NA	NA	NA	NA
NC_045512.2	22897	T	G	53	41	26	8	8	26	0.102564	78	0.00110996	TRUE	NA	NA	NA	NA	NA	NA
NC_045512.2	22897	T	C	53	41	26	4	4	27	0.0512821	78	0.0307622	FALSE	NA	NA	NA	NA	NA	NA
NC_045512.2	22897	T	A	53	41	26	13	13	25	0.166667	78	2.13643e-05	TRUE	NA	NA	NA	NA	NA	NA
NC_045512.2	22897	T	+T	53	41	26	1	0	20	0.0128205	78	0.412214	FALSE	NA	NA	NA	NA	NA	NA
NC_045512.2	22898	G	T	10	10	27	16	16	26	0.219178	73	5.60421e-12	TRUE	NA	NA	NA	NA	NA	NA
NC_045512.2	22898	G	C	10	10	27	9	9	27	0.123288	73	1.17864e-07	TRUE	NA	NA	NA	NA	NA	NA
NC_045512.2	22898	G	A	10	10	27	38	32	26	0.520548	73	2.43096e-22	TRUE	NA	NA	NA	NA	NA	NA
NC_045512.2	22899	G	T	27	23	26	16	16	27	0.228571	70	2.78661e-08	TRUE	NA	NA	NA	NA	NA	NA
NC_045512.2	22899	G	C	27	23	26	10	10	27	0.142857	70	1.09354e-05	TRUE	NA	NA	NA	NA	NA	NA
NC_045512.2	22899	G	A	27	23	26	17	17	27	0.242857	70	1.08505e-08	TRUE	NA	NA	NA	NA	NA	NA
NC_045512.2	22900	T	G	34	32	27	6	6	27	0.0869565	69	0.00200589	TRUE	NA	NA	NA	NA	NA	NA
NC_045512.2	22900	T	C	34	32	27	6	6	26	0.0869565	69	0.00200589	TRUE	NA	NA	NA	NA	NA	NA
NC_045512.2	22900	T	A	34	32	27	23	23	25	0.333333	69	7.01017e-10	TRUE	NA	NA	NA	NA	NA	NA
NC_045512.2	22901	G	T	22	20	24	16	16	26	0.235294	68	7.10333e-09	TRUE	NA	NA	NA	NA	NA	NA
NC_045512.2	22901	G	C	22	20	24	3	3	27	0.0441176	68	0.018315	FALSE	NA	NA	NA	NA	NA	NA
NC_045512.2	22901	G	A	22	20	24	27	27	27	0.397059	68	2.6329e-13	TRUE	NA	NA	NA	NA	NA	NA
NC_045512.2	22902	G	T	25	24	26	12	12	25	0.176471	68	1.07167e-06	TRUE	NA	NA	NA	NA	NA	NA
NC_045512.2	22902	G	C	25	24	26	6	6	27	0.0882353	68	0.000699476	TRUE	NA	NA	NA	NA	NA	NA
NC_045512.2	22902	G	A	25	24	26	25	25	26	0.367647	68	6.14343e-12	TRUE	NA	NA	NA	NA	NA	NA
NC_045512.2	22903	T	G	31	29	26	7	7	25	0.107692	65	0.000683397	TRUE	NA	NA	NA	NA	NA	NA
NC_045512.2	22903	T	C	31	29	26	10	10	27	0.153846	65	3.88617e-05	TRUE	NA	NA	NA	NA	NA	NA
NC_045512.2	22903	T	A	31	29	26	17	17	25	0.261538	65	7.89819e-08	TRUE	NA	NA	NA	NA	NA	NA
NC_045512.2	22904	A	T	35	34	25	15	15	26	0.241935	62	1.65566e-06	TRUE	NA	NA	NA	NA	NA	NA
NC_045512.2	22904	A	G	35	34	25	4	4	25	0.0645161	62	0.0209758	FALSE	NA	NA	NA	NA	NA	NA
NC_045512.2	22904	A	C	35	34	25	8	8	26	0.129032	62	0.000562975	TRUE	NA	NA	NA	NA	NA	NA
NC_045512.2	22905	A	T	32	31	27	23	23	26	0.353846	65	8.58355e-10	TRUE	NA	NA	NA	NA	NA	NA
NC_045512.2	22905	A	G	32	31	27	7	7	25	0.107692	65	0.000776286	TRUE	NA	NA	NA	NA	NA	NA
NC_045512.2	22905	A	C	32	31	27	3	3	26	0.0461538	65	0.041728	FALSE	NA	NA	NA	NA	NA	NA
NC_045512.2	22906	T	G	33	32	25	14	14	26	0.208955	67	1.2458e-06	TRUE	NA	NA	NA	NA	NA	NA
NC_045512.2	22906	T	C	33	32	25	9	9	25	0.134328	67	0.000113998	TRUE	NA	NA	NA	NA	NA	NA
NC_045512.2	22906	T	A	33	32	25	11	11	25	0.164179	67	1.79887e-05	TRUE	NA	NA	NA	NA	NA	NA
NC_045512.2	22907	T	G	33	32	26	10	10	26	0.151515	66	4.95143e-05	TRUE	NA	NA	NA	NA	NA	NA
NC_045512.2	22907	T	C	33	32	26	10	10	27	0.151515	66	4.95143e-05	TRUE	NA	NA	NA	NA	NA	NA
NC_045512.2	22907	T	A	33	32	26	13	13	27	0.19697	66	3.38853e-06	TRUE	NA	NA	NA	NA	NA	NA
NC_045512.2	22908	A	T	30	29	26	23	23	25	0.338235	68	2.31746e-10	TRUE	NA	NA	NA	NA	NA	NA
NC_045512.2	22908	A	G	30	29	26	6	6	27	0.0882353	68	0.00136224	TRUE	NA	NA	NA	NA	NA	NA
NC_045512.2	22908	A	C	30	29	26	9	9	26	0.132353	68	6.45322e-05	TRUE	NA	NA	NA	NA	NA	NA
NC_045512.2	22909	T	G	33	32	27	10	10	26	0.149254	67	4.49717e-05	TRUE	NA	NA	NA	NA	NA	NA
NC_045512.2	22909	T	C	33	32	27	6	6	27	0.0895522	67	0.0020273	TRUE	NA	NA	NA	NA	NA	NA
NC_045512.2	22909	T	A	33	32	27	18	18	26	0.268657	67	4.19932e-08	TRUE	NA	NA	NA	NA	NA	NA
NC_045512.2	22910	A	T	34	33	26	13	13	24	0.191176	68	3.24628e-06	TRUE	NA	NA	NA	NA	NA	NA
NC_045512.2	22910	A	G	34	33	26	13	13	25	0.191176	68	3.24628e-06	TRUE	NA	NA	NA	NA	NA	NA
NC_045512.2	22910	A	C	34	33	26	8	8	26	0.117647	68	0.00031068	TRUE	NA	NA	NA	NA	NA	NA
NC_045512.2	22911	A	T	24	24	27	22	22	25	0.333333	66	8.30456e-11	TRUE	NA	NA	NA	NA	NA	NA
NC_045512.2	22911	A	G	24	24	27	13	13	27	0.19697	66	3.8089e-07	TRUE	NA	NA	NA	NA	NA	NA
NC_045512.2	22911	A	C	24	24	27	7	7	27	0.106061	66	0.000220617	TRUE	NA	NA	NA	NA	NA	NA
NC_045512.2	22912	T	G	34	33	25	5	5	27	0.0757576	66	0.00626078	TRUE	NA	NA	NA	NA	NA	NA
NC_045512.2	22912	T	C	34	33	25	10	10	27	0.151515	66	5.81987e-05	TRUE	NA	NA	NA	NA	NA	NA
NC_045512.2	22912	T	A	34	33	25	17	17	25	0.257576	66	1.44506e-07	TRUE	NA	NA	NA	NA	NA	NA
NC_045512.2	22913	T	G	37	37	27	6	6	28	0.0895522	67	0.00301056	TRUE	NA	NA	NA	NA	NA	NA
NC_045512.2	22913	T	C	37	37	27	9	9	27	0.134328	67	0.00020051	TRUE	NA	NA	NA	NA	NA	NA
NC_045512.2	22913	T	A	37	37	27	15	15	26	0.223881	67	1.23882e-06	TRUE	NA	NA	NA	NA	NA	NA
NC_045512.2	22914	A	T	33	32	26	19	19	26	0.279412	68	1.55508e-08	TRUE	NA	NA	NA	NA	NA	NA
NC_045512.2	22914	A	G	33	32	26	9	9	28	0.132353	68	0.000104585	TRUE	NA	NA	NA	NA	NA	NA
NC_045512.2	22914	A	C	33	32	26	7	7	27	0.102941	68	0.000714971	TRUE	NA	NA	NA	NA	NA	NA
NC_045512.2	22915	C	T	26	25	24	15	15	27	0.227273	66	9.78354e-08	TRUE	NA	NA	NA	NA	NA	NA
NC_045512.2	22915	C	G	26	25	24	8	8	27	0.121212	66	0.000106052	TRUE	NA	NA	NA	NA	NA	NA
NC_045512.2	22915	C	A	26	25	24	17	17	26	0.257576	66	1.529e-08	TRUE	NA	NA	NA	NA	NA	NA
NC_045512.2	22916	C	T	30	30	26	10	10	25	0.149254	67	2.66112e-05	TRUE	NA	NA	NA	NA	NA	NA
NC_045512.2	22916	C	G	30	30	26	9	9	26	0.134328	67	7.05197e-05	TRUE	NA	NA	NA	NA	NA	NA
NC_045512.2	22916	C	A	30	30	26	18	18	26	0.268657	67	1.82464e-08	TRUE	NA	NA	NA	NA	NA	NA
NC_045512.2	22917	T	G	30	30	26	12	11	26	0.184615	65	5.02462e-06	TRUE	NA	NA	NA	NA	NA	NA
NC_045512.2	22917	T	C	30	30	26	10	10	26	0.153846	65	3.24762e-05	TRUE	NA	NA	NA	NA	NA	NA
NC_045512.2	22917	T	A	30	30	26	13	13	25	0.2	65	2.01924e-06	TRUE	NA	NA	NA	NA	NA	NA
NC_045512.2	22918	G	T	22	21	27	17	17	26	0.261538	65	4.43974e-09	TRUE	NA	NA	NA	NA	NA	NA
NC_045512.2	22918	G	C	22	21	27	9	9	25	0.138462	65	1.71576e-05	TRUE	NA	NA	NA	NA	NA	NA
NC_045512.2	22918	G	A	22	21	27	17	17	26	0.261538	65	4.43974e-09	TRUE	NA	NA	NA	NA	NA	NA
NC_045512.2	22919	T	G	31	30	27	8	8	26	0.117647	68	0.000204005	TRUE	NA	NA	NA	NA	NA	NA
NC_045512.2	22919	T	C	31	30	27	14	14	26	0.205882	68	6.94544e-07	TRUE	NA	NA	NA	NA	NA	NA
NC_045512.2	22919	T	A	31	30	27	15	15	26	0.220588	68	2.82735e-07	TRUE	NA	NA	NA	NA	NA	NA
NC_045512.2	22920	A	T	29	28	27	19	19	27	0.279412	68	4.75993e-09	TRUE	NA	NA	NA	NA	NA	NA
NC_045512.2	22920	A	G	29	28	27	8	8	27	0.117647	68	0.00014989	TRUE	NA	NA	NA	NA	NA	NA
NC_045512.2	22920	A	C	29	28	27	12	12	25	0.176471	68	2.83245e-06	TRUE	NA	NA	NA	NA	NA	NA
NC_045512.2	22921	T	G	31	30	27	9	9	26	0.134328	67	8.32674e-05	TRUE	NA	NA	NA	NA	NA	NA
NC_045512.2	22921	T	C	31	30	27	7	7	27	0.104478	67	0.000594081	TRUE	NA	NA	NA	NA	NA	NA
NC_045512.2	22921	T	A	31	30	27	20	20	25	0.298507	67	4.57069e-09	TRUE	NA	NA	NA	NA	NA	NA
NC_045512.2	22922	A	T	37	36	27	11	11	25	0.164179	67	3.5115e-05	TRUE	NA	NA	NA	NA	NA	NA
NC_045512.2	22922	A	G	37	36	27	16	16	26	0.238806	67	5.51743e-07	TRUE	NA	NA	NA	NA	NA	NA
NC_045512.2	22922	A	C	37	36	27	3	3	27	0.0447761	67	0.0512129	FALSE	NA	NA	NA	NA	NA	NA
NC_045512.2	22923	G	T	38	37	26	17	17	27	0.25	68	2.65831e-07	TRUE	NA	NA	NA	NA	NA	NA
NC_045512.2	22923	G	C	38	37	26	8	8	26	0.117647	68	0.000509914	TRUE	NA	NA	NA	NA	NA	NA
NC_045512.2	22923	G	A	38	37	26	5	5	26	0.0735294	68	0.00786491	TRUE	NA	NA	NA	NA	NA	NA
NC_045512.2	22924	A	T	29	28	26	15	15	26	0.227273	66	2.26418e-07	TRUE	NA	NA	NA	NA	NA	NA
NC_045512.2	22924	A	G	29	28	26	15	15	27	0.227273	66	2.26418e-07	TRUE	NA	NA	NA	NA	NA	NA
NC_045512.2	22924	A	C	29	28	26	7	7	25	0.106061	66	0.000485341	TRUE	NA	NA	NA	NA	NA	NA
NC_045512.2	22925	T	G	35	34	24	16	16	26	0.238806	67	3.56413e-07	TRUE	NA	NA	NA	NA	NA	NA
NC_045512.2	22925	T	C	35	34	24	5	5	28	0.0746269	67	0.00649302	TRUE	NA	NA	NA	NA	NA	NA
NC_045512.2	22925	T	A	35	34	24	11	11	26	0.164179	67	2.54216e-05	TRUE	NA	NA	NA	NA	NA	NA
NC_045512.2	22926	T	G	41	40	26	13	13	27	0.19697	66	1.41895e-05	TRUE	NA	NA	NA	NA	NA	NA
NC_045512.2	22926	T	C	41	40	26	4	4	27	0.0606061	66	0.0258081	FALSE	NA	NA	NA	NA	NA	NA
NC_045512.2	22926	T	A	41	40	26	8	8	26	0.121212	66	0.000819455	TRUE	NA	NA	NA	NA	NA	NA
NC_045512.2	22927	G	T	29	28	26	17	17	27	0.25	68	2.76608e-08	TRUE	NA	NA	NA	NA	NA	NA
NC_045512.2	22927	G	C	29	28	26	8	8	27	0.117647	68	0.00014989	TRUE	NA	NA	NA	NA	NA	NA
NC_045512.2	22927	G	A	29	28	26	14	14	25	0.205882	68	4.26639e-07	TRUE	NA	NA	NA	NA	NA	NA
NC_045512.2	22928	T	G	25	24	25	8	8	26	0.123077	65	9.60707e-05	TRUE	NA	NA	NA	NA	NA	NA
NC_045512.2	22928	T	C	25	24	25	11	11	26	0.169231	65	4.24208e-06	TRUE	NA	NA	NA	NA	NA	NA
NC_045512.2	22928	T	A	25	24	25	21	21	26	0.323077	65	3.68723e-10	TRUE	NA	NA	NA	NA	NA	NA
NC_045512.2	22929	T	G	37	37	26	9	9	27	0.138462	65	0.000237269	TRUE	NA	NA	NA	NA	NA	NA
NC_045512.2	22929	T	C	37	37	26	3	3	26	0.0461538	65	0.0542547	FALSE	NA	NA	NA	NA	NA	NA
NC_045512.2	22929	T	A	37	37	26	16	16	25	0.246154	65	7.37444e-07	TRUE	NA	NA	NA	NA	NA	NA
NC_045512.2	22930	T	G	34	34	26	6	6	29	0.0882353	68	0.00212388	TRUE	NA	NA	NA	NA	NA	NA
NC_045512.2	22930	T	C	34	34	26	4	4	27	0.0588235	68	0.0154417	FALSE	NA	NA	NA	NA	NA	NA
NC_045512.2	22930	T	A	34	34	26	24	23	25	0.352941	68	3.98617e-10	TRUE	NA	NA	NA	NA	NA	NA
NC_045512.2	22931	A	T	35	34	27	19	19	26	0.279412	68	2.65357e-08	TRUE	NA	NA	NA	NA	NA	NA
NC_045512.2	22931	A	G	35	34	27	8	8	27	0.117647	68	0.000353933	TRUE	NA	NA	NA	NA	NA	NA
NC_045512.2	22931	A	C	35	34	27	6	6	26	0.0882353	68	0.00234976	TRUE	NA	NA	NA	NA	NA	NA
NC_045512.2	22932	G	T	20	19	23	23	23	26	0.348485	66	5.28113e-12	TRUE	NA	NA	NA	NA	NA	NA
NC_045512.2	22932	G	C	20	19	23	5	5	26	0.0757576	66	0.00120889	TRUE	NA	NA	NA	NA	NA	NA
NC_045512.2	22932	G	A	20	19	23	18	18	27	0.272727	66	6.11556e-10	TRUE	NA	NA	NA	NA	NA	NA
NC_045512.2	22933	G	T	22	21	26	21	21	27	0.313433	67	6.90492e-11	TRUE	NA	NA	NA	NA	NA	NA
NC_045512.2	22933	G	C	22	21	26	7	7	25	0.104478	67	0.000141246	TRUE	NA	NA	NA	NA	NA	NA
NC_045512.2	22933	G	A	22	21	26	17	17	24	0.253731	67	3.1127e-09	TRUE	NA	NA	NA	NA	NA	NA
NC_045512.2	22934	A	T	43	42	24	14	14	26	0.215385	65	1.01646e-05	TRUE	NA	NA	NA	NA	NA	NA
NC_045512.2	22934	A	G	43	42	24	3	3	30	0.0461538	65	0.0703364	FALSE	NA	NA	NA	NA	NA	NA
NC_045512.2	22934	A	C	43	42	24	5	5	28	0.0769231	65	0.0127637	FALSE	NA	NA	NA	NA	NA	NA
NC_045512.2	22935	A	T	35	34	26	17	17	26	0.257576	66	1.835e-07	TRUE	NA	NA	NA	NA	NA	NA
NC_045512.2	22935	A	G	35	34	26	8	8	24	0.121212	66	0.000411926	TRUE	NA	NA	NA	NA	NA	NA
NC_045512.2	22935	A	C	35	34	26	6	6	24	0.0909091	66	0.00263578	TRUE	NA	NA	NA	NA	NA	NA
NC_045512.2	22936	G	T	23	22	27	18	18	26	0.285714	63	3.68108e-09	TRUE	NA	NA	NA	NA	NA	NA
NC_045512.2	22936	G	C	23	22	27	12	12	25	0.190476	63	1.17057e-06	TRUE	NA	NA	NA	NA	NA	NA
NC_045512.2	22936	G	A	23	22	27	10	10	27	0.15873	63	9.15998e-06	TRUE	NA	NA	NA	NA	NA	NA
NC_045512.2	22937	T	G	36	35	26	6	6	27	0.0882353	68	0.00259048	TRUE	NA	NA	NA	NA	NA	NA
NC_045512.2	22937	T	C	36	35	26	11	11	25	0.161765	68	2.70678e-05	TRUE	NA	NA	NA	NA	NA	NA
NC_045512.2	22937	T	A	36	35	26	15	15	26	0.220588	68	8.81468e-07	TRUE	NA	NA	NA	NA	NA	NA
NC_045512.2	22938	C	T	28	27	26	17	17	26	0.25	68	2.05264e-08	TRUE	NA	NA	NA	NA	NA	NA
NC_045512.2	22938	C	G	28	27	26	9	9	25	0.132353	68	4.52793e-05	TRUE	NA	NA	NA	NA	NA	NA
NC_045512.2	22938	C	A	28	27	26	14	14	26	0.205882	68	3.29695e-07	TRUE	NA	NA	NA	NA	NA	NA
NC_045512.2	22939	T	G	28	27	27	16	16	25	0.238806	67	5.96921e-08	TRUE	NA	NA	NA	NA	NA	NA
NC_045512.2	22939	T	C	28	27	27	12	12	26	0.179104	67	2.53857e-06	TRUE	NA	NA	NA	NA	NA	NA
NC_045512.2	22939	T	A	28	27	27	11	11	25	0.164179	67	6.72721e-06	TRUE	NA	NA	NA	NA	NA	NA
NC_045512.2	22940	A	T	29	28	24	15	15	27	0.223881	67	1.95543e-07	TRUE	NA	NA	NA	NA	NA	NA
NC_045512.2	22940	A	G	29	28	24	13	13	26	0.19403	67	1.2392e-06	TRUE	NA	NA	NA	NA	NA	NA
NC_045512.2	22940	A	C	29	28	24	10	10	27	0.149254	67	2.20374e-05	TRUE	NA	NA	NA	NA	NA	NA
NC_045512.2	22941	A	T	28	27	26	22	22	25	0.328358	67	3.19678e-10	TRUE	NA	NA	NA	NA	NA	NA
NC_045512.2	22941	A	G	28	27	26	13	13	26	0.19403	67	9.72723e-07	TRUE	NA	NA	NA	NA	NA	NA
NC_045512.2	22941	A	C	28	27	26	4	4	26	0.0597015	67	0.00995493	TRUE	NA	NA	NA	NA	NA	NA
NC_045512.2	22942	T	G	17	17	27	31	30	26	0.455882	68	3.95444e-16	TRUE	NA	NA	NA	NA	NA	NA
NC_045512.2	22942	T	C	17	17	27	4	4	26	0.0588235	68	0.00256659	TRUE	NA	NA	NA	NA	NA	NA
NC_045512.2	22942	T	A	17	17	27	16	16	26	0.235294	68	8.66957e-10	TRUE	NA	NA	NA	NA	NA	NA
NC_045512.2	22943	C	T	21	20	26	18	18	25	0.268657	67	7.78174e-10	TRUE	NA	NA	NA	NA	NA	NA
NC_045512.2	22943	C	G	21	20	26	12	12	27	0.179104	67	3.83848e-07	TRUE	NA	NA	NA	NA	NA	NA
NC_045512.2	22943	C	A	21	20	26	16	16	26	0.238806	67	5.73391e-09	TRUE	NA	NA	NA	NA	NA	NA
NC_045512.2	22944	T	G	40	39	26	7	7	26	0.104478	67	0.00162846	TRUE	NA	NA	NA	NA	NA	NA
NC_045512.2	22944	T	C	40	39	26	2	2	23	0.0298507	67	0.149013	FALSE	NA	NA	NA	NA	NA	NA
NC_045512.2	22944	T	A	40	39	26	18	18	27	0.268657	67	2.19256e-07	TRUE	NA	NA	NA	NA	NA	NA
NC_045512.2	22945	C	T	22	21	26	20	20	26	0.294118	68	1.42916e-10	TRUE	NA	NA	NA	NA	NA	NA
NC_045512.2	22945	C	G	22	21	26	7	7	27	0.102941	68	0.000130947	TRUE	NA	NA	NA	NA	NA	NA
NC_045512.2	22945	C	A	22	21	26	19	19	26	0.279412	68	3.709e-10	TRUE	NA	NA	NA	NA	NA	NA
NC_045512.2	22946	A	T	30	29	24	23	23	26	0.348485	66	3.55384e-10	TRUE	NA	NA	NA	NA	NA	NA
NC_045512.2	22946	A	G	30	29	24	9	9	25	0.136364	66	7.71309e-05	TRUE	NA	NA	NA	NA	NA	NA
NC_045512.2	22946	A	C	30	29	24	4	4	28	0.0606061	66	0.0123197	FALSE	NA	NA	NA	NA	NA	NA
NC_045512.2	22947	A	T	31	30	26	18	18	26	0.264706	68	2.0552e-08	TRUE	NA	NA	NA	NA	NA	NA
NC_045512.2	22947	A	G	31	30	26	12	12	27	0.176471	68	4.3609e-06	TRUE	NA	NA	NA	NA	NA	NA
NC_045512.2	22947	A	C	31	30	26	7	7	27	0.102941	68	0.000554475	TRUE	NA	NA	NA	NA	NA	NA
NC_045512.2	22948	A	T	34	34	26	21	21	26	0.323077	65	7.2723e-09	TRUE	NA	NA	NA	NA	NA	NA
NC_045512.2	22948	A	G	34	34	26	5	5	26	0.0769231	65	0.00657698	TRUE	NA	NA	NA	NA	NA	NA
NC_045512.2	22948	A	C	34	34	26	5	5	26	0.0769231	65	0.00657698	TRUE	NA	NA	NA	NA	NA	NA
NC_045512.2	22949	C	T	18	17	23	24	24	25	0.375	64	1.17643e-12	TRUE	NA	NA	NA	NA	NA	NA
NC_045512.2	22949	C	G	18	17	23	5	5	26	0.078125	64	0.000966195	TRUE	NA	NA	NA	NA	NA	NA
NC_045512.2	22949	C	A	18	17	23	17	17	26	0.265625	64	9.92512e-10	TRUE	NA	NA	NA	NA	NA	NA
NC_045512.2	22950	C	T	20	19	26	28	28	26	0.411765	68	3.67676e-14	TRUE	NA	NA	NA	NA	NA	NA
NC_045512.2	22950	C	G	20	19	26	9	9	27	0.132353	68	7.72439e-06	TRUE	NA	NA	NA	NA	NA	NA
NC_045512.2	22950	C	A	20	19	26	11	11	25	0.161765	68	7.557e-07	TRUE	NA	NA	NA	NA	NA	NA
NC_045512.2	22951	T	G	18	17	25	8	8	26	0.145455	55	5.38947e-05	TRUE	NA	NA	NA	NA	NA	NA
NC_045512.2	22951	T	C	18	17	25	8	8	26	0.145455	55	5.38947e-05	TRUE	NA	NA	NA	NA	NA	NA
NC_045512.2	22951	T	A	18	17	25	21	21	25	0.381818	55	1.68652e-10	TRUE	NA	NA	NA	NA	NA	NA
NC_045512.2	22952	T	G	30	29	26	11	11	26	0.174603	63	1.58406e-05	TRUE	NA	NA	NA	NA	NA	NA
NC_045512.2	22952	T	C	30	29	26	6	6	25	0.0952381	63	0.00185043	TRUE	NA	NA	NA	NA	NA	NA
NC_045512.2	22952	T	A	30	29	26	16	16	27	0.253968	63	1.94794e-07	TRUE	NA	NA	NA	NA	NA	NA
NC_045512.2	22953	T	G	31	31	26	10	10	25	0.15625	64	4.29524e-05	TRUE	NA	NA	NA	NA	NA	NA
NC_045512.2	22953	T	C	31	31	26	11	11	25	0.171875	64	1.7181e-05	TRUE	NA	NA	NA	NA	NA	NA
NC_045512.2	22953	T	A	31	31	26	12	12	25	0.1875	64	6.96963e-06	TRUE	NA	NA	NA	NA	NA	NA
NC_045512.2	22954	T	G	32	32	26	12	12	25	0.184615	65	7.5631e-06	TRUE	NA	NA	NA	NA	NA	NA
NC_045512.2	22954	T	C	32	32	26	6	6	27	0.0923077	65	0.00205019	TRUE	NA	NA	NA	NA	NA	NA
NC_045512.2	22954	T	A	32	32	26	15	15	25	0.230769	65	5.52874e-07	TRUE	NA	NA	NA	NA	NA	NA
NC_045512.2	22955	G	T	28	28	25	13	13	26	0.2	65	1.26203e-06	TRUE	NA	NA	NA	NA	NA	NA
NC_045512.2	22955	G	C	28	28	25	7	7	26	0.107692	65	0.000451703	TRUE	NA	NA	NA	NA	NA	NA
NC_045512.2	22955	G	A	28	28	25	17	17	26	0.261538	65	3.37996e-08	TRUE	NA	NA	NA	NA	NA	NA
NC_045512.2	22956	A	T	24	24	27	14	14	26	0.21875	64	1.885e-07	TRUE	NA	NA	NA	NA	NA	NA
NC_045512.2	22956	A	G	24	24	27	21	21	25	0.328125	64	3.06781e-10	TRUE	NA	NA	NA	NA	NA	NA
NC_045512.2	22956	A	C	24	24	27	5	5	24	0.078125	64	0.00241484	TRUE	NA	NA	NA	NA	NA	NA
NC_045512.2	22957	G	T	29	29	26	15	15	27	0.238095	63	3.54607e-07	TRUE	NA	NA	NA	NA	NA	NA
NC_045512.2	22957	G	C	29	29	26	4	4	28	0.0634921	63	0.0128536	FALSE	NA	NA	NA	NA	NA	NA
NC_045512.2	22957	G	A	29	29	26	15	15	25	0.238095	63	3.54607e-07	TRUE	NA	NA	NA	NA	NA	NA
NC_045512.2	22958	A	T	31	31	27	13	13	26	0.206349	63	3.26238e-06	TRUE	NA	NA	NA	NA	NA	NA
NC_045512.2	22958	A	G	31	31	27	15	15	25	0.238095	63	5.84383e-07	TRUE	NA	NA	NA	NA	NA	NA
NC_045512.2	22958	A	C	31	31	27	4	4	26	0.0634921	63	0.0151118	FALSE	NA	NA	NA	NA	NA	NA
NC_045512.2	22959	G	T	33	33	27	14	14	25	0.215385	65	1.62511e-06	TRUE	NA	NA	NA	NA	NA	NA
NC_045512.2	22959	G	C	33	33	27	5	5	25	0.0769231	65	0.00602632	TRUE	NA	NA	NA	NA	NA	NA
NC_045512.2	22959	G	A	33	33	27	13	13	26	0.2	65	3.83803e-06	TRUE	NA	NA	NA	NA	NA	NA
NC_045512.2	22960	A	T	29	29	26	20	20	25	0.3125	64	4.33384e-09	TRUE	NA	NA	NA	NA	NA	NA
NC_045512.2	22960	A	G	29	29	26	11	11	26	0.171875	64	1.15907e-05	TRUE	NA	NA	NA	NA	NA	NA
NC_045512.2	22960	A	C	29	29	26	4	4	26	0.0625	64	0.012318	FALSE	NA	NA	NA	NA	NA	NA
NC_045512.2	22961	G	T	22	22	27	13	13	26	0.203125	64	2.74726e-07	TRUE	NA	NA	NA	NA	NA	NA
NC_045512.2	22961	G	C	22	22	27	7	7	26	0.109375	64	0.00017816	TRUE	NA	NA	NA	NA	NA	NA
NC_045512.2	22961	G	A	22	22	27	22	22	25	0.34375	64	5.43201e-11	TRUE	NA	NA	NA	NA	NA	NA
NC_045512.2	22962	A	T	31	31	26	17	17	25	0.265625	64	9.31155e-08	TRUE	NA	NA	NA	NA	NA	NA
NC_045512.2	22962	A	G	31	31	26	10	10	24	0.15625	64	4.29524e-05	TRUE	NA	NA	NA	NA	NA	NA
NC_045512.2	22962	A	C	31	31	26	6	6	26	0.09375	64	0.00195024	TRUE	NA	NA	NA	NA	NA	NA
NC_045512.2	22963	T	G	36	36	26	4	4	25	0.0625	64	0.0206705	FALSE	NA	NA	NA	NA	NA	NA
NC_045512.2	22963	T	C	36	36	26	7	7	26	0.109375	64	0.00132228	TRUE	NA	NA	NA	NA	NA	NA
NC_045512.2	22963	T	A	36	36	26	17	17	24	0.265625	64	3.16079e-07	TRUE	NA	NA	NA	NA	NA	NA
NC_045512.2	22964	A	T	32	32	26	16	16	27	0.246154	65	2.36946e-07	TRUE	NA	NA	NA	NA	NA	NA
NC_045512.2	22964	A	G	32	32	26	11	11	26	0.169231	65	1.8564e-05	TRUE	NA	NA	NA	NA	NA	NA
NC_045512.2	22964	A	C	32	32	26	6	6	24	0.0923077	65	0.00205019	TRUE	NA	NA	NA	NA	NA	NA
NC_045512.2	22965	T	G	29	29	23	10	10	25	0.15625	64	2.9846e-05	TRUE	NA	NA	NA	NA	NA	NA
NC_045512.2	22965	T	C	29	29	23	9	9	25	0.140625	64	7.80588e-05	TRUE	NA	NA	NA	NA	NA	NA
NC_045512.2	22965	T	A	29	29	23	16	16	26	0.25	64	1.2704e-07	TRUE	NA	NA	NA	NA	NA	NA
NC_045512.2	22966	T	G	31	31	27	8	8	25	0.133333	60	0.000390958	TRUE	NA	NA	NA	NA	NA	NA
NC_045512.2	22966	T	C	31	31	27	12	12	25	0.2	60	1.13536e-05	TRUE	NA	NA	NA	NA	NA	NA
NC_045512.2	22966	T	A	31	31	27	9	9	23	0.15	60	0.000157963	TRUE	NA	NA	NA	NA	NA	NA
NC_045512.2	22967	T	G	33	33	27	3	3	27	0.0483871	62	0.0484265	FALSE	NA	NA	NA	NA	NA	NA
NC_045512.2	22967	T	C	33	33	27	11	11	24	0.177419	62	3.07825e-05	TRUE	NA	NA	NA	NA	NA	NA
NC_045512.2	22967	T	A	33	33	27	15	15	24	0.241935	62	1.07665e-06	TRUE	NA	NA	NA	NA	NA	NA
NC_045512.2	22968	C	T	20	20	27	6	6	26	0.136364	44	0.00192054	TRUE	NA	NA	NA	NA	NA	NA
NC_045512.2	22968	C	G	20	20	27	3	3	26	0.0681818	44	0.0387019	FALSE	NA	NA	NA	NA	NA	NA
NC_045512.2	22968	C	A	20	20	27	15	15	25	0.340909	44	7.43591e-07	TRUE	NA	NA	NA	NA	NA	NA
NC_045512.2	22969	A	T	5	5	26	1	1	23	0.125	8	0.461538	FALSE	NA	NA	NA	NA	NA	NA
NC_045512.2	22969	A	G	5	5	26	2	2	26	0.25	8	0.230769	FALSE	NA	NA	NA	NA	NA	NA
NC_045512.2	22970	A	T	0	0	0	3	3	24	0.6	5	0.0285714	FALSE	NA	NA	NA	NA	NA	NA
NC_045512.2	22970	A	G	0	0	0	2	2	27	0.4	5	0.0666667	FALSE	NA	NA	NA	NA	NA	NA
NC_045512.2	22971	C	T	0	0	0	3	3	27	0.6	5	0.0285714	FALSE	NA	NA	NA	NA	NA	NA
NC_045512.2	22971	C	G	0	0	0	2	2	21	0.4	5	0.0666667	FALSE	NA	NA	NA	NA	NA	NA
NC_045512.2	22972	T	G	0	0	0	3	3	24	0.6	5	0.0285714	FALSE	NA	NA	NA	NA	NA	NA
NC_045512.2	22972	T	C	0	0	0	2	2	27	0.4	5	0.0666667	FALSE	NA	NA	NA	NA	NA	NA
NC_045512.2	22973	G	T	1	1	29	4	4	25	0.8	5	0.0396825	FALSE	NA	NA	NA	NA	NA	NA
NC_045512.2	22974	A	T	3	3	22	1	1	28	0.25	4	0.571429	FALSE	NA	NA	NA	NA	NA	NA
NC_045512.2	22976	A	T	1	1	28	1	1	23	0.25	4	0.4	FALSE	NA	NA	NA	NA	NA	NA
NC_045512.2	22976	A	G	1	1	28	2	2	27	0.5	4	0.2	FALSE	NA	NA	NA	NA	NA	NA
NC_045512.2	22977	T	C	3	3	26	2	2	22	0.4	5	0.277778	FALSE	NA	NA	NA	NA	NA	NA
NC_045512.2	22978	C	T	1	1	25	2	2	25	0.4	5	0.142857	FALSE	NA	NA	NA	NA	NA	NA
NC_045512.2	22978	C	A	1	1	25	2	2	27	0.4	5	0.142857	FALSE	NA	NA	NA	NA	NA	NA
NC_045512.2	22979	T	C	3	3	25	1	1	23	0.2	5	0.5	FALSE	NA	NA	NA	NA	NA	NA
NC_045512.2	22979	T	A	3	3	25	1	1	23	0.2	5	0.5	FALSE	NA	NA	NA	NA	NA	NA
NC_045512.2	22980	A	T	2	2	25	1	1	23	0.333333	3	0.6	FALSE	NA	NA	NA	NA	NA	NA
NC_045512.2	22981	T	G	0	0	0	1	1	24	0.2	5	0.2	FALSE	NA	NA	NA	NA	NA	NA
NC_045512.2	22981	T	A	0	0	0	4	4	24	0.8	5	0.0142857	FALSE	NA	NA	NA	NA	NA	NA
NC_045512.2	22982	C	T	0	0	0	1	1	25	1	1	1	FALSE	NA	NA	NA	NA	NA	NA
NC_045512.2	23013	A	C	0	0	0	4	1	26	1	4	0.0285714	FALSE	NA	NA	NA	NA	NA	NA
NC_045512.2	23018	T	C	0	0	0	4	1	26	1	4	0.0285714	FALSE	NA	NA	NA	NA	NA	NA
NC_045512.2	23019	T	C	0	0	0	4	1	24	1	4	0.0285714	FALSE	NA	NA	NA	NA	NA	NA
NC_045512.2	23031	T	C	0	0	0	4	1	27	1	4	0.0285714	FALSE	NA	NA	NA	NA	NA	NA
NC_045512.2	23055	A	G	0	0	0	4	1	26	1	4	0.0285714	FALSE	NA	NA	NA	NA	NA	NA
NC_045512.2	23063	A	T	0	0	0	4	1	24	1	4	0.0285714	FALSE	NA	NA	NA	NA	NA	NA
NC_045512.2	23071	T	G	4	1	22	1	1	21	0.2	5	0.555556	FALSE	NA	NA	NA	NA	NA	NA
NC_045512.2	23073	G	T	4	1	23	1	1	20	0.2	5	0.555556	FALSE	NA	NA	NA	NA	NA	NA
NC_045512.2	23074	T	G	4	1	26	2	2	24	0.333333	6	0.272727	FALSE	NA	NA	NA	NA	NA	NA
NC_045512.2	23075	T	G	1	1	21	1	1	21	0.0909091	11	0.166667	FALSE	NA	NA	NA	NA	NA	NA
NC_045512.2	23075	T	C	1	1	21	9	1	27	0.818182	11	5.9538e-05	TRUE	NA	NA	NA	NA	NA	NA
NC_045512.2	23076	A	T	9	1	28	2	2	23	0.181818	11	0.261905	FALSE	NA	NA	NA	NA	NA	NA
NC_045512.2	23077	C	G	9	1	27	2	2	26	0.181818	11	0.261905	FALSE	NA	NA	NA	NA	NA	NA
NC_045512.2	23078	C	T	9	2	23	1	1	21	0.1	10	0.526316	FALSE	NA	NA	NA	NA	NA	NA
NC_045512.2	23079	A	T	10	2	26	1	1	23	0.0909091	11	0.52381	FALSE	NA	NA	NA	NA	NA	NA
NC_045512.2	23080	A	G	7	1	23	1	1	24	0.125	8	0.533333	FALSE	NA	NA	NA	NA	NA	NA
NC_045512.2	23081	C	G	10	2	26	1	1	23	0.0909091	11	0.52381	FALSE	NA	NA	NA	NA	NA	NA
NC_045512.2	23082	C	T	7	1	23	1	1	23	0.111111	9	0.5	FALSE	NA	NA	NA	NA	NA	NA
NC_045512.2	23082	C	A	7	1	23	1	1	22	0.111111	9	0.5	FALSE	NA	NA	NA	NA	NA	NA
NC_045512.2	23083	A	C	9	1	26	1	1	22	0.1	10	0.526316	FALSE	NA	NA	NA	NA	NA	NA
NC_045512.2	23084	T	G	9	1	26	1	1	22	0.0909091	11	0.5	FALSE	NA	NA	NA	NA	NA	NA
NC_045512.2	23084	T	C	9	1	26	1	1	31	0.0909091	11	0.5	FALSE	NA	NA	NA	NA	NA	NA
NC_045512.2	23085	A	T	11	1	26	2	2	25	0.153846	13	0.26	FALSE	NA	NA	NA	NA	NA	NA
NC_045512.2	23086	C	A	12	2	25	1	1	22	0.0769231	13	0.52	FALSE	NA	NA	NA	NA	NA	NA
NC_045512.2	23087	A	C	12	2	26	1	1	29	0.0769231	13	0.52	FALSE	NA	NA	NA	NA	NA	NA
NC_045512.2	23088	G	T	11	1	26	1	1	28	0.0833333	12	0.521739	FALSE	NA	NA	NA	NA	NA	NA
NC_045512.2	23089	A	T	12	2	26	1	1	23	0.0769231	13	0.52	FALSE	NA	NA	NA	NA	NA	NA
NC_045512.2	23090	G	A	12	2	26	1	1	26	0.0769231	13	0.52	FALSE	NA	NA	NA	NA	NA	NA
NC_045512.2	23092	A	T	11	1	26	2	2	27	0.153846	13	0.26	FALSE	NA	NA	NA	NA	NA	NA
NC_045512.2	23093	G	A	11	2	26	1	1	27	0.0833333	12	0.521739	FALSE	NA	NA	NA	NA	NA	NA
NC_045512.2	23094	T	C	11	2	26	1	1	29	0.0833333	12	0.521739	FALSE	NA	NA	NA	NA	NA	NA
NC_045512.2	23095	A	T	10	1	26	2	2	29	0.166667	12	0.26087	FALSE	NA	NA	NA	NA	NA	NA
NC_045512.2	23096	G	C	10	1	26	1	1	28	0.0833333	12	0.5	FALSE	NA	NA	NA	NA	NA	NA
NC_045512.2	23096	G	A	10	1	26	1	1	28	0.0833333	12	0.5	FALSE	NA	NA	NA	NA	NA	NA
NC_045512.2	23097	T	C	11	2	26	1	1	28	0.0833333	12	0.521739	FALSE	NA	NA	NA	NA	NA	NA
NC_045512.2	23098	A	T	10	1	26	1	1	26	0.0833333	12	0.5	FALSE	NA	NA	NA	NA	NA	NA
NC_045512.2	23098	A	C	10	1	26	1	1	23	0.0833333	12	0.5	FALSE	NA	NA	NA	NA	NA	NA
NC_045512.2	23101	T	C	10	2	27	1	1	23	0.0909091	11	0.52381	FALSE	NA	NA	NA	NA	NA	NA
NC_045512.2	23102	T	C	7	2	23	1	1	27	0.125	8	0.533333	FALSE	NA	NA	NA	NA	NA	NA
NC_045512.2	23103	C	A	9	1	25	1	1	29	0.1	10	0.526316	FALSE	NA	NA	NA	NA	NA	NA
NC_045512.2	23104	T	C	10	2	26	1	1	30	0.0909091	11	0.52381	FALSE	NA	NA	NA	NA	NA	NA
NC_045512.2	23105	T	A	10	2	28	1	1	23	0.0909091	11	0.52381	FALSE	NA	NA	NA	NA	NA	NA
NC_045512.2	23106	T	A	9	1	27	2	2	27	0.181818	11	0.261905	FALSE	NA	NA	NA	NA	NA	NA
NC_045512.2	23107	T	C	6	2	23	1	1	27	0.142857	7	0.538462	FALSE	NA	NA	NA	NA	NA	NA
NC_045512.2	23108	G	C	9	1	26	1	1	28	0.0909091	11	0.5	FALSE	NA	NA	NA	NA	NA	NA
NC_045512.2	23108	G	A	9	1	26	1	1	22	0.0909091	11	0.5	FALSE	NA	NA	NA	NA	NA	NA
NC_045512.2	23110	A	T	9	1	22	2	2	27	0.181818	11	0.261905	FALSE	NA	NA	NA	NA	NA	NA
NC_045512.2	23111	C	A	10	2	26	1	1	28	0.0909091	11	0.52381	FALSE	NA	NA	NA	NA	NA	NA
NC_045512.2	23112	T	A	10	2	26	1	1	27	0.0909091	11	0.52381	FALSE	NA	NA	NA	NA	NA	NA
NC_045512.2	23113	T	G	9	2	24	1	1	22	0.1	10	0.526316	FALSE	NA	NA	NA	NA	NA	NA
NC_045512.2	23114	C	G	9	1	26	1	1	27	0.0909091	11	0.5	FALSE	NA	NA	NA	NA	NA	NA
NC_045512.2	23114	C	A	9	1	26	1	1	28	0.0909091	11	0.5	FALSE	NA	NA	NA	NA	NA	NA
NC_045512.2	23116	A	T	9	1	27	1	1	32	0.0909091	11	0.5	FALSE	NA	NA	NA	NA	NA	NA
NC_045512.2	23116	A	G	9	1	27	1	1	23	0.0909091	11	0.5	FALSE	NA	NA	NA	NA	NA	NA
NC_045512.2	23117	C	T	9	1	25	1	1	30	0.0909091	11	0.5	FALSE	NA	NA	NA	NA	NA	NA
NC_045512.2	23117	C	G	9	1	25	1	1	30	0.0909091	11	0.5	FALSE	NA	NA	NA	NA	NA	NA
NC_045512.2	23118	A	T	9	1	25	1	1	23	0.0909091	11	0.5	FALSE	NA	NA	NA	NA	NA	NA
NC_045512.2	23118	A	C	9	1	25	1	1	23	0.0909091	11	0.5	FALSE	NA	NA	NA	NA	NA	NA
NC_045512.2	23119	T	C	10	2	26	1	1	29	0.0909091	11	0.52381	FALSE	NA	NA	NA	NA	NA	NA
NC_045512.2	23120	G	T	10	2	27	1	1	30	0.0909091	11	0.52381	FALSE	NA	NA	NA	NA	NA	NA
NC_045512.2	23121	C	A	10	2	27	1	1	27	0.0909091	11	0.52381	FALSE	NA	NA	NA	NA	NA	NA
NC_045512.2	23122	A	C	9	1	27	2	2	23	0.181818	11	0.261905	FALSE	NA	NA	NA	NA	NA	NA
NC_045512.2	23123	C	T	9	2	26	1	0	29	0.0909091	11	0.5	FALSE	NA	NA	NA	NA	NA	NA
NC_045512.2	23123	C	G	9	2	26	1	1	24	0.0909091	11	0.5	FALSE	NA	NA	NA	NA	NA	NA
NC_045512.2	23124	C	A	9	2	25	1	1	23	0.1	10	0.526316	FALSE	NA	NA	NA	NA	NA	NA
NC_045512.2	23126	G	C	9	1	27	2	2	26	0.181818	11	0.261905	FALSE	NA	NA	NA	NA	NA	NA
NC_045512.2	23127	C	T	10	2	26	1	1	23	0.0909091	11	0.52381	FALSE	NA	NA	NA	NA	NA	NA
NC_045512.2	23128	A	T	10	2	26	1	1	28	0.0909091	11	0.52381	FALSE	NA	NA	NA	NA	NA	NA
NC_045512.2	23129	A	C	9	2	24	1	1	25	0.1	10	0.526316	FALSE	NA	NA	NA	NA	NA	NA
NC_045512.2	23130	C	T	9	1	27	1	1	23	0.1	10	0.526316	FALSE	NA	NA	NA	NA	NA	NA
NC_045512.2	23132	G	A	10	2	26	1	1	25	0.0909091	11	0.52381	FALSE	NA	NA	NA	NA	NA	NA
NC_045512.2	23133	T	G	10	2	26	1	1	26	0.0909091	11	0.52381	FALSE	NA	NA	NA	NA	NA	NA
NC_045512.2	23134	T	G	9	1	29	4	4	24	0.307692	13	0.0565217	FALSE	NA	NA	NA	NA	NA	NA
NC_045512.2	23135	T	G	6	2	25	2	2	27	0.25	8	0.266667	FALSE	NA	NA	NA	NA	NA	NA
NC_045512.2	23136	G	T	10	2	26	3	3	27	0.230769	13	0.124348	FALSE	NA	NA	NA	NA	NA	NA
NC_045512.2	23137	T	G	10	2	26	3	3	25	0.230769	13	0.124348	FALSE	NA	NA	NA	NA	NA	NA
NC_045512.2	23138	G	T	9	2	27	3	3	24	0.25	12	0.124224	FALSE	NA	NA	NA	NA	NA	NA
NC_045512.2	23139	G	T	8	2	24	3	3	26	0.272727	11	0.12406	FALSE	NA	NA	NA	NA	NA	NA
NC_045512.2	23140	A	G	8	1	26	2	2	25	0.166667	12	0.214286	FALSE	NA	NA	NA	NA	NA	NA
NC_045512.2	23140	A	C	8	1	26	2	2	26	0.166667	12	0.214286	FALSE	NA	NA	NA	NA	NA	NA
NC_045512.2	23141	C	G	9	2	27	1	1	28	0.0833333	12	0.47619	FALSE	NA	NA	NA	NA	NA	NA
NC_045512.2	23141	C	A	9	2	27	2	2	26	0.166667	12	0.238095	FALSE	NA	NA	NA	NA	NA	NA
NC_045512.2	23142	C	T	9	2	23	1	1	27	0.0833333	12	0.47619	FALSE	NA	NA	NA	NA	NA	NA
NC_045512.2	23142	C	G	9	2	23	1	1	24	0.0833333	12	0.47619	FALSE	NA	NA	NA	NA	NA	NA
NC_045512.2	23142	C	A	9	2	23	1	1	27	0.0833333	12	0.47619	FALSE	NA	NA	NA	NA	NA	NA
NC_045512.2	23143	T	G	8	1	27	2	2	25	0.166667	12	0.214286	FALSE	NA	NA	NA	NA	NA	NA
NC_045512.2	23143	T	C	8	1	27	2	2	25	0.166667	12	0.214286	FALSE	NA	NA	NA	NA	NA	NA
NC_045512.2	23144	A	T	8	1	27	1	1	27	0.1	10	0.5	FALSE	NA	NA	NA	NA	NA	NA
NC_045512.2	23144	A	G	8	1	27	1	1	28	0.1	10	0.5	FALSE	NA	NA	NA	NA	NA	NA
NC_045512.2	23145	A	T	9	2	26	1	1	28	0.0909091	11	0.5	FALSE	NA	NA	NA	NA	NA	NA
NC_045512.2	23145	A	C	9	2	26	1	1	21	0.0909091	11	0.5	FALSE	NA	NA	NA	NA	NA	NA
NC_045512.2	23146	A	C	8	1	27	3	3	27	0.272727	11	0.12406	FALSE	NA	NA	NA	NA	NA	NA
NC_045512.2	23147	A	T	8	1	27	1	1	27	0.0909091	11	0.473684	FALSE	NA	NA	NA	NA	NA	NA
NC_045512.2	23147	A	C	8	1	27	2	2	26	0.181818	11	0.236842	FALSE	NA	NA	NA	NA	NA	NA
NC_045512.2	23148	A	T	4	4	25	1	1	28	0.2	5	0.555556	FALSE	NA	NA	NA	NA	NA	NA
NC_045512.2	23149	G	T	8	1	26	1	1	28	0.0909091	11	0.473684	FALSE	NA	NA	NA	NA	NA	NA
NC_045512.2	23149	G	A	8	1	26	2	2	25	0.181818	11	0.236842	FALSE	NA	NA	NA	NA	NA	NA
NC_045512.2	23150	T	C	9	2	26	1	1	25	0.0833333	12	0.47619	FALSE	NA	NA	NA	NA	NA	NA
NC_045512.2	23150	T	A	9	2	26	2	2	26	0.166667	12	0.238095	FALSE	NA	NA	NA	NA	NA	NA
NC_045512.2	23151	C	T	9	2	26	2	2	24	0.166667	12	0.238095	FALSE	NA	NA	NA	NA	NA	NA
NC_045512.2	23151	C	A	9	2	26	1	1	25	0.0833333	12	0.47619	FALSE	NA	NA	NA	NA	NA	NA
NC_045512.2	23152	T	G	10	3	27	1	1	27	0.0833333	12	0.5	FALSE	NA	NA	NA	NA	NA	NA
NC_045512.2	23152	T	A	10	3	27	1	1	26	0.0833333	12	0.5	FALSE	NA	NA	NA	NA	NA	NA
NC_045512.2	23153	A	T	9	2	27	1	1	22	0.0833333	12	0.47619	FALSE	NA	NA	NA	NA	NA	NA
NC_045512.2	23153	A	G	9	2	27	2	2	26	0.166667	12	0.238095	FALSE	NA	NA	NA	NA	NA	NA
NC_045512.2	23154	C	T	9	2	26	2	2	24	0.166667	12	0.238095	FALSE	NA	NA	NA	NA	NA	NA
NC_045512.2	23154	C	A	9	2	26	1	1	27	0.0833333	12	0.47619	FALSE	NA	NA	NA	NA	NA	NA
NC_045512.2	23155	T	G	9	2	27	1	1	27	0.0833333	12	0.47619	FALSE	NA	NA	NA	NA	NA	NA
NC_045512.2	23155	T	A	9	2	27	2	2	26	0.166667	12	0.238095	FALSE	NA	NA	NA	NA	NA	NA
NC_045512.2	23156	A	T	9	2	26	1	1	28	0.0833333	12	0.47619	FALSE	NA	NA	NA	NA	NA	NA
NC_045512.2	23156	A	G	9	2	26	1	1	25	0.0833333	12	0.47619	FALSE	NA	NA	NA	NA	NA	NA
NC_045512.2	23156	A	C	9	2	26	1	1	27	0.0833333	12	0.47619	FALSE	NA	NA	NA	NA	NA	NA
NC_045512.2	23157	A	T	9	3	24	1	1	27	0.0909091	11	0.5	FALSE	NA	NA	NA	NA	NA	NA
NC_045512.2	23157	A	C	9	3	24	1	1	28	0.0909091	11	0.5	FALSE	NA	NA	NA	NA	NA	NA
NC_045512.2	23158	T	G	9	2	26	2	2	25	0.166667	12	0.238095	FALSE	NA	NA	NA	NA	NA	NA
NC_045512.2	23158	T	C	9	2	26	1	1	27	0.0833333	12	0.47619	FALSE	NA	NA	NA	NA	NA	NA
NC_045512.2	23159	T	C	9	4	27	1	1	28	0.1	10	0.526316	FALSE	NA	NA	NA	NA	NA	NA
NC_045512.2	23160	T	C	6	2	23	1	1	21	0.111111	9	0.466667	FALSE	NA	NA	NA	NA	NA	NA
NC_045512.2	23160	T	A	6	2	23	2	2	26	0.222222	9	0.233333	FALSE	NA	NA	NA	NA	NA	NA
NC_045512.2	23161	G	C	8	3	26	2	2	25	0.2	10	0.263158	FALSE	NA	NA	NA	NA	NA	NA
NC_045512.2	23162	G	T	5	1	23	3	3	25	0.333333	9	0.1	FALSE	NA	NA	NA	NA	NA	NA
NC_045512.2	23162	G	C	5	1	23	1	1	27	0.111111	9	0.428571	FALSE	NA	NA	NA	NA	NA	NA
NC_045512.2	23163	T	A	8	3	25	2	2	26	0.2	10	0.263158	FALSE	NA	NA	NA	NA	NA	NA
NC_045512.2	23164	T	C	5	3	25	1	1	27	0.166667	6	0.545455	FALSE	NA	NA	NA	NA	NA	NA
NC_045512.2	23165	A	T	6	1	25	3	3	23	0.333333	9	0.123529	FALSE	NA	NA	NA	NA	NA	NA
NC_045512.2	23166	A	T	7	3	25	1	1	26	0.111111	9	0.5	FALSE	NA	NA	NA	NA	NA	NA
NC_045512.2	23166	A	C	7	3	25	1	1	28	0.111111	9	0.5	FALSE	NA	NA	NA	NA	NA	NA
NC_045512.2	23167	A	T	5	2	26	1	1	27	0.125	8	0.461538	FALSE	NA	NA	NA	NA	NA	NA
NC_045512.2	23167	A	C	5	2	26	2	2	27	0.25	8	0.230769	FALSE	NA	NA	NA	NA	NA	NA
NC_045512.2	23168	A	T	6	3	26	1	1	20	0.125	8	0.5	FALSE	NA	NA	NA	NA	NA	NA
NC_045512.2	23168	A	C	6	3	26	1	1	25	0.125	8	0.5	FALSE	NA	NA	NA	NA	NA	NA
NC_045512.2	23169	A	T	2	2	26	2	2	27	0.5	4	0.285714	FALSE	NA	NA	NA	NA	NA	NA
NC_045512.2	23170	C	T	4	2	26	3	3	26	0.428571	7	0.122378	FALSE	NA	NA	NA	NA	NA	NA
NC_045512.2	23171	A	T	3	1	27	1	1	25	0.166667	6	0.444444	FALSE	NA	NA	NA	NA	NA	NA
NC_045512.2	23171	A	C	3	1	27	2	2	27	0.333333	6	0.222222	FALSE	NA	NA	NA	NA	NA	NA
NC_045512.2	23172	A	T	4	2	28	3	3	24	0.428571	7	0.122378	FALSE	NA	NA	NA	NA	NA	NA
NC_045512.2	23173	A	T	4	2	25	2	2	28	0.285714	7	0.227273	FALSE	NA	NA	NA	NA	NA	NA
NC_045512.2	23173	A	G	4	2	25	1	1	25	0.142857	7	0.454545	FALSE	NA	NA	NA	NA	NA	NA
NC_045512.2	23174	T	A	5	3	27	2	2	24	0.285714	7	0.269231	FALSE	NA	NA	NA	NA	NA	NA
NC_045512.2	23175	G	T	4	2	26	2	2	27	0.285714	7	0.227273	FALSE	NA	NA	NA	NA	NA	NA
NC_045512.2	23175	G	A	4	2	26	1	1	26	0.142857	7	0.454545	FALSE	NA	NA	NA	NA	NA	NA
NC_045512.2	23176	T	G	3	1	27	3	3	25	0.428571	7	0.0909091	FALSE	NA	NA	NA	NA	NA	NA
NC_045512.2	23176	T	C	3	1	27	1	1	27	0.142857	7	0.4	FALSE	NA	NA	NA	NA	NA	NA
NC_045512.2	23177	G	T	4	2	27	2	2	22	0.285714	7	0.227273	FALSE	NA	NA	NA	NA	NA	NA
NC_045512.2	23177	G	A	4	2	27	1	1	23	0.142857	7	0.454545	FALSE	NA	NA	NA	NA	NA	NA
NC_045512.2	23178	T	A	6	4	26	1	1	29	0.142857	7	0.538462	FALSE	NA	NA	NA	NA	NA	NA
NC_045512.2	23179	C	T	5	3	27	2	2	27	0.285714	7	0.269231	FALSE	NA	NA	NA	NA	NA	NA
NC_045512.2	23180	A	T	3	1	26	3	3	26	0.428571	7	0.0909091	FALSE	NA	NA	NA	NA	NA	NA
NC_045512.2	23180	A	C	3	1	26	1	1	24	0.142857	7	0.4	FALSE	NA	NA	NA	NA	NA	NA
NC_045512.2	23181	A	T	4	2	26	1	1	27	0.142857	7	0.454545	FALSE	NA	NA	NA	NA	NA	NA
NC_045512.2	23181	A	C	4	2	26	2	2	25	0.285714	7	0.227273	FALSE	NA	NA	NA	NA	NA	NA
NC_045512.2	23182	T	G	3	1	26	1	1	29	0.142857	7	0.4	FALSE	NA	NA	NA	NA	NA	NA
NC_045512.2	23182	T	C	3	1	26	3	3	28	0.428571	7	0.0909091	FALSE	NA	NA	NA	NA	NA	NA
NC_045512.2	23183	T	G	4	2	28	1	1	28	0.142857	7	0.454545	FALSE	NA	NA	NA	NA	NA	NA
NC_045512.2	23183	T	A	4	2	28	2	2	27	0.285714	7	0.227273	FALSE	NA	NA	NA	NA	NA	NA
NC_045512.2	23184	T	C	4	2	25	1	1	22	0.142857	7	0.454545	FALSE	NA	NA	NA	NA	NA	NA
NC_045512.2	23184	T	A	4	2	25	2	2	28	0.285714	7	0.227273	FALSE	NA	NA	NA	NA	NA	NA
NC_045512.2	23185	C	G	6	4	26	1	1	29	0.142857	7	0.538462	FALSE	NA	NA	NA	NA	NA	NA
NC_045512.2	23186	A	C	4	2	26	3	3	27	0.428571	7	0.122378	FALSE	NA	NA	NA	NA	NA	NA
NC_045512.2	23187	A	T	5	3	26	1	1	27	0.142857	7	0.5	FALSE	NA	NA	NA	NA	NA	NA
NC_045512.2	23187	A	C	5	3	26	1	1	28	0.142857	7	0.5	FALSE	NA	NA	NA	NA	NA	NA
NC_045512.2	23188	C	G	5	3	25	1	1	27	0.142857	7	0.5	FALSE	NA	NA	NA	NA	NA	NA
NC_045512.2	23188	C	A	5	3	25	1	1	28	0.142857	7	0.5	FALSE	NA	NA	NA	NA	NA	NA
NC_045512.2	23189	T	C	4	2	25	3	3	26	0.428571	7	0.122378	FALSE	NA	NA	NA	NA	NA	NA
NC_045512.2	23190	T	A	5	3	24	2	2	27	0.285714	7	0.269231	FALSE	NA	NA	NA	NA	NA	NA
NC_045512.2	23191	C	T	4	2	26	1	1	28	0.125	8	0.416667	FALSE	NA	NA	NA	NA	NA	NA
NC_045512.2	23191	C	G	4	2	26	1	1	23	0.125	8	0.416667	FALSE	NA	NA	NA	NA	NA	NA
NC_045512.2	23191	C	A	4	2	26	2	2	27	0.25	8	0.192308	FALSE	NA	NA	NA	NA	NA	NA
NC_045512.2	23192	A	T	4	2	27	1	1	26	0.125	8	0.416667	FALSE	NA	NA	NA	NA	NA	NA
NC_045512.2	23192	A	C	4	2	27	3	3	26	0.375	8	0.0961538	FALSE	NA	NA	NA	NA	NA	NA
NC_045512.2	23193	A	T	5	3	26	1	1	28	0.142857	7	0.5	FALSE	NA	NA	NA	NA	NA	NA
NC_045512.2	23193	A	G	5	3	26	1	1	20	0.142857	7	0.5	FALSE	NA	NA	NA	NA	NA	NA
NC_045512.2	23194	T	G	3	1	27	4	4	26	0.5	8	0.034965	FALSE	NA	NA	NA	NA	NA	NA
NC_045512.2	23194	T	A	3	1	27	1	1	28	0.125	8	0.363636	FALSE	NA	NA	NA	NA	NA	NA
NC_045512.2	23195	G	T	4	2	26	1	1	27	0.125	8	0.416667	FALSE	NA	NA	NA	NA	NA	NA
NC_045512.2	23195	G	C	4	2	26	2	2	27	0.25	8	0.192308	FALSE	NA	NA	NA	NA	NA	NA
NC_045512.2	23195	G	A	4	2	26	1	1	28	0.125	8	0.416667	FALSE	NA	NA	NA	NA	NA	NA
NC_045512.2	23196	G	T	5	3	26	2	2	27	0.25	8	0.230769	FALSE	NA	NA	NA	NA	NA	NA
NC_045512.2	23196	G	A	5	3	26	1	1	21	0.125	8	0.461538	FALSE	NA	NA	NA	NA	NA	NA
NC_045512.2	23197	T	G	5	3	26	2	2	27	0.25	8	0.230769	FALSE	NA	NA	NA	NA	NA	NA
NC_045512.2	23197	T	A	5	3	26	1	1	27	0.125	8	0.461538	FALSE	NA	NA	NA	NA	NA	NA
NC_045512.2	23198	T	C	6	4	25	1	1	25	0.125	8	0.5	FALSE	NA	NA	NA	NA	NA	NA
NC_045512.2	23198	T	A	6	4	25	1	1	28	0.125	8	0.5	FALSE	NA	NA	NA	NA	NA	NA
NC_045512.2	23199	T	G	5	4	26	2	2	24	0.285714	7	0.269231	FALSE	NA	NA	NA	NA	NA	NA
NC_045512.2	23200	A	T	3	1	24	2	2	27	0.25	8	0.151515	FALSE	NA	NA	NA	NA	NA	NA
NC_045512.2	23200	A	G	3	1	24	3	3	27	0.375	8	0.0699301	FALSE	NA	NA	NA	NA	NA	NA
NC_045512.2	23201	A	T	2	2	26	1	1	28	0.2	5	0.428571	FALSE	NA	NA	NA	NA	NA	NA
NC_045512.2	23201	A	G	2	2	26	2	2	29	0.4	5	0.214286	FALSE	NA	NA	NA	NA	NA	NA
NC_045512.2	23202	C	T	4	2	24	3	3	28	0.375	8	0.0961538	FALSE	NA	NA	NA	NA	NA	NA
NC_045512.2	23202	C	G	4	2	24	1	1	28	0.125	8	0.416667	FALSE	NA	NA	NA	NA	NA	NA
NC_045512.2	23203	A	T	4	2	25	2	2	26	0.25	8	0.192308	FALSE	NA	NA	NA	NA	NA	NA
NC_045512.2	23203	A	G	4	2	25	1	1	26	0.125	8	0.416667	FALSE	NA	NA	NA	NA	NA	NA
NC_045512.2	23203	A	C	4	2	25	1	1	28	0.125	8	0.416667	FALSE	NA	NA	NA	NA	NA	NA
NC_045512.2	23204	G	C	5	3	24	1	1	21	0.125	8	0.461538	FALSE	NA	NA	NA	NA	NA	NA
NC_045512.2	23204	G	A	5	3	24	2	2	27	0.25	8	0.230769	FALSE	NA	NA	NA	NA	NA	NA
NC_045512.2	23205	G	T	2	1	23	1	1	28	0.142857	7	0.333333	FALSE	NA	NA	NA	NA	NA	NA
NC_045512.2	23205	G	C	2	1	23	3	3	25	0.428571	7	0.0606061	FALSE	NA	NA	NA	NA	NA	NA
NC_045512.2	23205	G	A	2	1	23	1	1	23	0.142857	7	0.333333	FALSE	NA	NA	NA	NA	NA	NA
NC_045512.2	23206	C	G	4	2	26	1	1	25	0.166667	6	0.5	FALSE	NA	NA	NA	NA	NA	NA
NC_045512.2	23206	C	A	4	2	26	1	1	21	0.166667	6	0.5	FALSE	NA	NA	NA	NA	NA	NA
NC_045512.2	23207	A	T	5	3	26	1	1	27	0.125	8	0.461538	FALSE	NA	NA	NA	NA	NA	NA
NC_045512.2	23207	A	G	5	3	26	1	1	28	0.125	8	0.461538	FALSE	NA	NA	NA	NA	NA	NA
NC_045512.2	23207	A	C	5	3	26	1	1	29	0.125	8	0.461538	FALSE	NA	NA	NA	NA	NA	NA
NC_045512.2	23208	C	T	4	2	24	2	2	27	0.25	8	0.192308	FALSE	NA	NA	NA	NA	NA	NA
NC_045512.2	23208	C	A	4	2	24	2	2	28	0.25	8	0.192308	FALSE	NA	NA	NA	NA	NA	NA
NC_045512.2	23209	A	C	3	1	25	4	4	23	0.571429	7	0.048951	FALSE	NA	NA	NA	NA	NA	NA
NC_045512.2	23209	A	-G	3	1	25	1	0	20	0.142857	7	0.4	FALSE	NA	NA	NA	NA	NA	NA
NC_045512.2	23210	G	C	3	1	23	2	2	27	0.285714	7	0.181818	FALSE	NA	NA	NA	NA	NA	NA
NC_045512.2	23210	G	A	3	1	23	2	2	27	0.285714	7	0.181818	FALSE	NA	NA	NA	NA	NA	NA
NC_045512.2	23211	G	T	3	1	25	2	2	24	0.285714	7	0.181818	FALSE	NA	NA	NA	NA	NA	NA
NC_045512.2	23211	G	A	3	1	25	2	2	26	0.285714	7	0.181818	FALSE	NA	NA	NA	NA	NA	NA
NC_045512.2	23212	T	A	5	3	25	2	2	26	0.285714	7	0.269231	FALSE	NA	NA	NA	NA	NA	NA
NC_045512.2	23213	G	T	3	1	28	1	1	22	0.125	8	0.363636	FALSE	NA	NA	NA	NA	NA	NA
NC_045512.2	23213	G	C	3	1	28	1	1	27	0.125	8	0.363636	FALSE	NA	NA	NA	NA	NA	NA
NC_045512.2	23213	G	A	3	1	28	3	3	24	0.375	8	0.0699301	FALSE	NA	NA	NA	NA	NA	NA
NC_045512.2	23214	T	G	3	1	26	2	2	23	0.25	8	0.151515	FALSE	NA	NA	NA	NA	NA	NA
NC_045512.2	23214	T	C	3	1	26	1	1	26	0.125	8	0.363636	FALSE	NA	NA	NA	NA	NA	NA
NC_045512.2	23214	T	A	3	1	26	2	2	26	0.25	8	0.151515	FALSE	NA	NA	NA	NA	NA	NA
NC_045512.2	23215	T	G	4	2	25	1	1	27	0.142857	7	0.454545	FALSE	NA	NA	NA	NA	NA	NA
NC_045512.2	23215	T	A	4	2	25	2	2	26	0.285714	7	0.227273	FALSE	NA	NA	NA	NA	NA	NA
NC_045512.2	23216	C	G	4	2	28	1	1	28	0.125	8	0.416667	FALSE	NA	NA	NA	NA	NA	NA
NC_045512.2	23216	C	A	4	2	28	3	3	25	0.375	8	0.0961538	FALSE	NA	NA	NA	NA	NA	NA
NC_045512.2	23217	T	G	4	2	26	2	2	25	0.25	8	0.192308	FALSE	NA	NA	NA	NA	NA	NA
NC_045512.2	23217	T	C	4	2	26	1	1	26	0.125	8	0.416667	FALSE	NA	NA	NA	NA	NA	NA
NC_045512.2	23217	T	A	4	2	26	1	1	27	0.125	8	0.416667	FALSE	NA	NA	NA	NA	NA	NA
NC_045512.2	23218	T	G	5	4	25	1	1	29	0.142857	7	0.5	FALSE	NA	NA	NA	NA	NA	NA
NC_045512.2	23218	T	A	5	4	25	1	1	28	0.142857	7	0.5	FALSE	NA	NA	NA	NA	NA	NA
NC_045512.2	23219	A	T	4	2	26	2	2	26	0.25	8	0.192308	FALSE	NA	NA	NA	NA	NA	NA
NC_045512.2	23219	A	C	4	2	26	2	2	25	0.25	8	0.192308	FALSE	NA	NA	NA	NA	NA	NA
NC_045512.2	23220	C	T	4	2	27	2	2	26	0.25	8	0.192308	FALSE	NA	NA	NA	NA	NA	NA
NC_045512.2	23220	C	G	4	2	27	1	1	26	0.125	8	0.416667	FALSE	NA	NA	NA	NA	NA	NA
NC_045512.2	23220	C	A	4	2	27	1	1	24	0.125	8	0.416667	FALSE	NA	NA	NA	NA	NA	NA
NC_045512.2	23221	T	G	5	3	26	1	1	24	0.125	8	0.461538	FALSE	NA	NA	NA	NA	NA	NA
NC_045512.2	23221	T	A	5	3	26	2	2	22	0.25	8	0.230769	FALSE	NA	NA	NA	NA	NA	NA
NC_045512.2	23222	G	T	3	1	25	1	1	23	0.125	8	0.363636	FALSE	NA	NA	NA	NA	NA	NA
NC_045512.2	23222	G	C	3	1	25	1	1	25	0.125	8	0.363636	FALSE	NA	NA	NA	NA	NA	NA
NC_045512.2	23222	G	A	3	1	25	3	3	27	0.375	8	0.0699301	FALSE	NA	NA	NA	NA	NA	NA
NC_045512.2	23223	A	T	3	1	25	1	1	23	0.166667	6	0.444444	FALSE	NA	NA	NA	NA	NA	NA
NC_045512.2	23223	A	G	3	1	25	1	1	27	0.166667	6	0.444444	FALSE	NA	NA	NA	NA	NA	NA
NC_045512.2	23223	A	C	3	1	25	1	1	29	0.166667	6	0.444444	FALSE	NA	NA	NA	NA	NA	NA
NC_045512.2	23224	G	T	4	2	24	2	2	29	0.25	8	0.192308	FALSE	NA	NA	NA	NA	NA	NA
NC_045512.2	23224	G	A	4	2	24	2	2	25	0.25	8	0.192308	FALSE	NA	NA	NA	NA	NA	NA
NC_045512.2	23225	T	A	6	4	26	2	2	26	0.25	8	0.266667	FALSE	NA	NA	NA	NA	NA	NA
NC_045512.2	23226	C	G	4	2	27	1	1	28	0.166667	6	0.5	FALSE	NA	NA	NA	NA	NA	NA
NC_045512.2	23226	C	A	4	2	27	1	1	24	0.166667	6	0.5	FALSE	NA	NA	NA	NA	NA	NA
NC_045512.2	23227	T	G	4	2	26	1	1	25	0.142857	7	0.454545	FALSE	NA	NA	NA	NA	NA	NA
NC_045512.2	23227	T	C	4	2	26	2	2	26	0.285714	7	0.227273	FALSE	NA	NA	NA	NA	NA	NA
NC_045512.2	23229	A	C	1	0	23	1	1	22	0.5	2	0.666667	FALSE	NA	NA	NA	NA	NA	NA
NC_045512.2	23232	A	G	0	0	0	1	1	27	1	1	1	FALSE	NA	NA	NA	NA	NA	NA
NC_045512.2	23233	A	C	0	0	0	1	1	27	1	1	1	FALSE	NA	NA	NA	NA	NA	NA
NC_045512.2	23236	G	C	0	0	0	1	1	23	1	1	1	FALSE	NA	NA	NA	NA	NA	NA
NC_045512.2	23238	T	G	0	0	0	1	1	25	1	1	1	FALSE	NA	NA	NA	NA	NA	NA
NC_045512.2	23240	C	T	0	0	0	1	1	25	1	1	1	FALSE	NA	NA	NA	NA	NA	NA
NC_045512.2	23243	C	T	0	0	0	1	1	27	1	1	1	FALSE	NA	NA	NA	NA	NA	NA
NC_045512.2	23244	C	G	0	0	0	1	1	23	1	1	1	FALSE	NA	NA	NA	NA	NA	NA
NC_045512.2	23245	T	G	0	0	0	1	1	29	1	1	1	FALSE	NA	NA	NA	NA	NA	NA
NC_045512.2	23246	T	A	0	0	0	1	1	27	1	1	1	FALSE	NA	NA	NA	NA	NA	NA
NC_045512.2	23247	T	C	0	0	0	1	1	22	1	1	1	FALSE	NA	NA	NA	NA	NA	NA
NC_045512.2	23249	C	T	0	0	0	1	1	27	1	1	1	FALSE	NA	NA	NA	NA	NA	NA
NC_045512.2	23252	C	A	0	0	0	1	1	29	1	1	1	FALSE	NA	NA	NA	NA	NA	NA
NC_045512.2	23255	T	G	0	0	0	1	1	26	1	1	1	FALSE	NA	NA	NA	NA	NA	NA
NC_045512.2	23257	T	C	9	5	25	1	1	28	0.1	10	0.526316	FALSE	NA	NA	NA	NA	NA	NA
NC_045512.2	23258	G	T	10	5	25	1	1	27	0.0909091	11	0.52381	FALSE	NA	NA	NA	NA	NA	NA
NC_045512.2	23259	G	A	10	5	25	1	1	27	0.0909091	11	0.52381	FALSE	NA	NA	NA	NA	NA	NA
NC_045512.2	23261	A	T	10	5	27	1	1	28	0.0909091	11	0.52381	FALSE	NA	NA	NA	NA	NA	NA
NC_045512.2	23262	G	A	10	5	28	1	1	23	0.0909091	11	0.52381	FALSE	NA	NA	NA	NA	NA	NA
NC_045512.2	23264	G	T	10	5	28	1	1	21	0.0909091	11	0.52381	FALSE	NA	NA	NA	NA	NA	NA
NC_045512.2	23265	A	T	10	5	29	1	1	30	0.0909091	11	0.52381	FALSE	NA	NA	NA	NA	NA	NA
NC_045512.2	23266	C	T	10	5	28	1	1	29	0.0909091	11	0.52381	FALSE	NA	NA	NA	NA	NA	NA
NC_045512.2	23267	A	G	10	5	27	1	1	22	0.0909091	11	0.52381	FALSE	NA	NA	NA	NA	NA	NA
NC_045512.2	23268	T	G	9	4	26	1	1	27	0.1	10	0.526316	FALSE	NA	NA	NA	NA	NA	NA
NC_045512.2	23270	G	T	48	15	27	1	1	27	0.0204082	49	0.505155	FALSE	NA	NA	NA	NA	NA	NA
NC_045512.2	23272	T	A	48	15	27	1	1	25	0.0204082	49	0.505155	FALSE	NA	NA	NA	NA	NA	NA
NC_045512.2	23273	G	A	48	15	28	1	1	25	0.0204082	49	0.505155	FALSE	NA	NA	NA	NA	NA	NA
NC_045512.2	23275	C	A	48	15	28	1	1	25	0.0204082	49	0.505155	FALSE	NA	NA	NA	NA	NA	NA
NC_045512.2	23276	A	C	48	15	28	1	1	25	0.0204082	49	0.505155	FALSE	NA	NA	NA	NA	NA	NA
NC_045512.2	23278	T	A	48	15	27	1	1	28	0.0204082	49	0.505155	FALSE	NA	NA	NA	NA	NA	NA
NC_045512.2	23280	C	T	48	15	27	1	1	28	0.0204082	49	0.505155	FALSE	NA	NA	NA	NA	NA	NA
NC_045512.2	23281	T	G	48	15	27	1	1	28	0.0204082	49	0.505155	FALSE	NA	NA	NA	NA	NA	NA
NC_045512.2	23282	G	T	48	15	27	2	2	27	0.04	50	0.252525	FALSE	NA	NA	NA	NA	NA	NA
NC_045512.2	23283	A	G	48	15	28	2	2	29	0.04	50	0.252525	FALSE	NA	NA	NA	NA	NA	NA
NC_045512.2	23284	T	C	49	16	27	1	1	27	0.02	50	0.505051	FALSE	NA	NA	NA	NA	NA	NA
NC_045512.2	23285	G	T	48	15	28	1	1	27	0.02	50	0.5	FALSE	NA	NA	NA	NA	NA	NA
NC_045512.2	23285	G	C	48	15	28	1	1	23	0.02	50	0.5	FALSE	NA	NA	NA	NA	NA	NA
NC_045512.2	23286	C	G	50	16	27	1	1	28	0.0196078	51	0.50495	FALSE	NA	NA	NA	NA	NA	NA
NC_045512.2	23287	T	A	50	16	28	2	2	29	0.0384615	52	0.252427	FALSE	NA	NA	NA	NA	NA	NA
NC_045512.2	23288	G	T	50	16	27	1	1	21	0.0192308	52	0.5	FALSE	NA	NA	NA	NA	NA	NA
NC_045512.2	23288	G	C	50	16	27	1	1	23	0.0192308	52	0.5	FALSE	NA	NA	NA	NA	NA	NA
NC_045512.2	23289	T	C	50	16	27	1	1	22	0.0192308	52	0.5	FALSE	NA	NA	NA	NA	NA	NA
NC_045512.2	23289	T	A	50	16	27	1	1	23	0.0192308	52	0.5	FALSE	NA	NA	NA	NA	NA	NA
NC_045512.2	23290	C	T	51	17	26	1	1	29	0.0192308	52	0.504854	FALSE	NA	NA	NA	NA	NA	NA
NC_045512.2	23291	C	T	50	17	25	1	1	27	0.0196078	51	0.50495	FALSE	NA	NA	NA	NA	NA	NA
NC_045512.2	23292	G	A	49	16	27	2	2	24	0.0392157	51	0.247525	FALSE	NA	NA	NA	NA	NA	NA
NC_045512.2	23293	T	C	50	16	27	1	1	25	0.0192308	52	0.5	FALSE	NA	NA	NA	NA	NA	NA
NC_045512.2	23293	T	A	50	16	27	1	1	23	0.0192308	52	0.5	FALSE	NA	NA	NA	NA	NA	NA
NC_045512.2	23294	G	T	50	16	27	1	1	25	0.0192308	52	0.5	FALSE	NA	NA	NA	NA	NA	NA
NC_045512.2	23294	G	C	50	16	27	1	1	23	0.0192308	52	0.5	FALSE	NA	NA	NA	NA	NA	NA
NC_045512.2	23295	A	G	50	16	27	1	1	25	0.0196078	51	0.50495	FALSE	NA	NA	NA	NA	NA	NA
NC_045512.2	23296	T	A	51	17	27	1	1	27	0.0192308	52	0.504854	FALSE	NA	NA	NA	NA	NA	NA
NC_045512.2	23297	C	T	50	16	26	1	1	23	0.0192308	52	0.5	FALSE	NA	NA	NA	NA	NA	NA
NC_045512.2	23297	C	G	50	16	26	1	1	22	0.0192308	52	0.5	FALSE	NA	NA	NA	NA	NA	NA
NC_045512.2	23298	C	G	48	16	25	2	2	26	0.04	50	0.252525	FALSE	NA	NA	NA	NA	NA	NA
NC_045512.2	23299	A	C	50	16	27	2	2	25	0.0384615	52	0.252427	FALSE	NA	NA	NA	NA	NA	NA
NC_045512.2	23300	C	T	50	16	27	1	1	27	0.0192308	52	0.5	FALSE	NA	NA	NA	NA	NA	NA
NC_045512.2	23300	C	A	50	16	27	1	1	28	0.0192308	52	0.5	FALSE	NA	NA	NA	NA	NA	NA
NC_045512.2	23301	A	G	50	16	27	2	2	28	0.0384615	52	0.252427	FALSE	NA	NA	NA	NA	NA	NA
NC_045512.2	23302	G	T	50	16	27	1	1	28	0.0192308	52	0.5	FALSE	NA	NA	NA	NA	NA	NA
NC_045512.2	23302	G	A	50	16	27	1	1	26	0.0192308	52	0.5	FALSE	NA	NA	NA	NA	NA	NA
NC_045512.2	23303	A	G	50	16	27	1	1	22	0.0192308	52	0.5	FALSE	NA	NA	NA	NA	NA	NA
NC_045512.2	23303	A	C	50	16	27	1	1	24	0.0192308	52	0.5	FALSE	NA	NA	NA	NA	NA	NA
NC_045512.2	23304	C	T	51	17	27	1	1	28	0.0188679	53	0.5	FALSE	NA	NA	NA	NA	NA	NA
NC_045512.2	23304	C	A	51	17	27	1	1	22	0.0188679	53	0.5	FALSE	NA	NA	NA	NA	NA	NA
NC_045512.2	23305	A	T	50	16	27	2	2	26	0.0363636	55	0.238275	FALSE	NA	NA	NA	NA	NA	NA
NC_045512.2	23305	A	G	50	16	27	2	2	28	0.0363636	55	0.238275	FALSE	NA	NA	NA	NA	NA	NA
NC_045512.2	23305	A	C	50	16	27	1	1	22	0.0181818	55	0.485714	FALSE	NA	NA	NA	NA	NA	NA
NC_045512.2	23306	C	T	51	17	27	1	1	28	0.0181818	55	0.490566	FALSE	NA	NA	NA	NA	NA	NA
NC_045512.2	23306	C	G	51	17	27	2	2	28	0.0363636	55	0.242991	FALSE	NA	NA	NA	NA	NA	NA
NC_045512.2	23306	C	A	51	17	27	1	1	28	0.0181818	55	0.490566	FALSE	NA	NA	NA	NA	NA	NA
NC_045512.2	23307	T	G	51	17	26	1	1	29	0.0185185	54	0.495238	FALSE	NA	NA	NA	NA	NA	NA
NC_045512.2	23307	T	C	51	17	26	2	2	28	0.037037	54	0.247619	FALSE	NA	NA	NA	NA	NA	NA
NC_045512.2	23308	T	G	52	20	24	1	1	28	0.0181818	55	0.495327	FALSE	NA	NA	NA	NA	NA	NA
NC_045512.2	23308	T	C	52	20	24	1	1	28	0.0181818	55	0.495327	FALSE	NA	NA	NA	NA	NA	NA
NC_045512.2	23308	T	A	52	20	24	1	1	28	0.0181818	55	0.495327	FALSE	NA	NA	NA	NA	NA	NA
NC_045512.2	23309	G	T	54	20	27	3	3	25	0.0517241	58	0.121681	FALSE	NA	NA	NA	NA	NA	NA
NC_045512.2	23309	G	A	54	20	27	1	1	27	0.0172414	58	0.491071	FALSE	NA	NA	NA	NA	NA	NA
NC_045512.2	23310	A	T	52	18	27	1	1	28	0.0175439	57	0.486239	FALSE	NA	NA	NA	NA	NA	NA
NC_045512.2	23310	A	G	52	18	27	1	1	26	0.0175439	57	0.486239	FALSE	NA	NA	NA	NA	NA	NA
NC_045512.2	23310	A	C	52	18	27	3	3	28	0.0526316	57	0.118274	FALSE	NA	NA	NA	NA	NA	NA
NC_045512.2	23311	G	T	52	18	27	3	3	27	0.05	60	0.109102	FALSE	NA	NA	NA	NA	NA	NA
NC_045512.2	23311	G	C	52	18	27	3	3	26	0.05	60	0.109102	FALSE	NA	NA	NA	NA	NA	NA
NC_045512.2	23311	G	A	52	18	27	2	2	26	0.0333333	60	0.226138	FALSE	NA	NA	NA	NA	NA	NA
NC_045512.2	23312	A	G	52	19	27	4	3	25	0.0666667	60	0.0531277	FALSE	NA	NA	NA	NA	NA	NA
NC_045512.2	23312	A	C	52	19	27	4	4	27	0.0666667	60	0.0531277	FALSE	NA	NA	NA	NA	NA	NA
NC_045512.2	23313	T	C	51	17	26	4	4	28	0.0677966	59	0.0529692	FALSE	NA	NA	NA	NA	NA	NA
NC_045512.2	23313	T	A	51	17	26	4	4	26	0.0677966	59	0.0529692	FALSE	NA	NA	NA	NA	NA	NA
NC_045512.2	23314	T	G	51	19	24	2	2	24	0.0344828	58	0.229858	FALSE	NA	NA	NA	NA	NA	NA
NC_045512.2	23314	T	C	51	19	24	3	3	26	0.0517241	58	0.111823	FALSE	NA	NA	NA	NA	NA	NA
NC_045512.2	23314	T	A	51	19	24	2	2	28	0.0344828	58	0.229858	FALSE	NA	NA	NA	NA	NA	NA
NC_045512.2	23314	T	-C	51	19	24	1	0	20	0.0172414	58	0.477064	FALSE	NA	NA	NA	NA	NA	NA
NC_045512.2	23315	C	T	50	17	26	2	2	26	0.0333333	60	0.21332	FALSE	NA	NA	NA	NA	NA	NA
NC_045512.2	23315	C	G	50	17	26	2	2	28	0.0333333	60	0.21332	FALSE	NA	NA	NA	NA	NA	NA
NC_045512.2	23315	C	A	50	17	26	6	6	27	0.1	60	0.0109424	FALSE	NA	NA	NA	NA	NA	NA
NC_045512.2	23316	T	G	49	15	26	2	2	25	0.0338983	59	0.216616	FALSE	NA	NA	NA	NA	NA	NA
NC_045512.2	23316	T	C	49	15	26	5	5	27	0.0847458	59	0.0235738	FALSE	NA	NA	NA	NA	NA	NA
NC_045512.2	23316	T	A	49	15	26	3	3	28	0.0508475	59	0.1024	FALSE	NA	NA	NA	NA	NA	NA
NC_045512.2	23317	T	G	51	21	24	1	1	27	0.0172414	58	0.477064	FALSE	NA	NA	NA	NA	NA	NA
NC_045512.2	23317	T	C	51	21	24	4	4	27	0.0689655	58	0.054913	FALSE	NA	NA	NA	NA	NA	NA
NC_045512.2	23317	T	A	51	21	24	2	2	28	0.0344828	58	0.229858	FALSE	NA	NA	NA	NA	NA	NA
NC_045512.2	23318	G	T	53	19	27	2	2	27	0.0322581	62	0.222639	FALSE	NA	NA	NA	NA	NA	NA
NC_045512.2	23318	G	C	53	19	27	2	2	28	0.0322581	62	0.222639	FALSE	NA	NA	NA	NA	NA	NA
NC_045512.2	23318	G	A	53	19	27	5	5	27	0.0806452	62	0.0250886	FALSE	NA	NA	NA	NA	NA	NA
NC_045512.2	23319	A	T	54	20	27	2	2	27	0.0322581	62	0.226938	FALSE	NA	NA	NA	NA	NA	NA
NC_045512.2	23319	A	G	54	20	27	2	2	26	0.0322581	62	0.226938	FALSE	NA	NA	NA	NA	NA	NA
NC_045512.2	23319	A	C	54	20	27	4	4	27	0.0645161	62	0.0534295	FALSE	NA	NA	NA	NA	NA	NA
NC_045512.2	23320	C	T	50	16	27	12	12	26	0.181818	66	0.000100464	TRUE	NA	NA	NA	NA	NA	NA
NC_045512.2	23320	C	G	50	16	27	1	1	28	0.0151515	66	0.439655	FALSE	NA	NA	NA	NA	NA	NA
NC_045512.2	23320	C	A	50	16	27	3	3	26	0.0454545	66	0.0877654	FALSE	NA	NA	NA	NA	NA	NA
NC_045512.2	23321	A	T	51	17	27	3	3	27	0.0454545	66	0.0905854	FALSE	NA	NA	NA	NA	NA	NA
NC_045512.2	23321	A	G	51	17	27	9	9	28	0.136364	66	0.000966834	TRUE	NA	NA	NA	NA	NA	NA
NC_045512.2	23321	A	C	51	17	27	3	3	27	0.0454545	66	0.0905854	FALSE	NA	NA	NA	NA	NA	NA
NC_045512.2	23321	A	-T	51	17	27	1	0	20	0.0151515	66	0.444444	FALSE	NA	NA	NA	NA	NA	NA
NC_045512.2	23322	T	G	52	18	26	3	3	27	0.0454545	66	0.0911001	FALSE	NA	NA	NA	NA	NA	NA
NC_045512.2	23322	T	C	52	18	26	8	8	28	0.121212	66	0.00203726	TRUE	NA	NA	NA	NA	NA	NA
NC_045512.2	23322	T	A	52	18	26	3	3	27	0.0454545	66	0.0911001	FALSE	NA	NA	NA	NA	NA	NA
NC_045512.2	23323	T	G	61	27	25	3	3	27	0.0441176	68	0.113791	FALSE	NA	NA	NA	NA	NA	NA
NC_045512.2	23323	T	C	61	27	25	3	3	28	0.0441176	68	0.113791	FALSE	NA	NA	NA	NA	NA	NA
NC_045512.2	23323	T	A	61	27	25	1	1	28	0.0147059	68	0.48062	FALSE	NA	NA	NA	NA	NA	NA
NC_045512.2	23324	A	T	51	18	27	4	4	27	0.0588235	68	0.0388295	FALSE	NA	NA	NA	NA	NA	NA
NC_045512.2	23324	A	G	51	18	27	12	11	27	0.176471	68	9.25901e-05	TRUE	NA	NA	NA	NA	NA	NA
NC_045512.2	23324	A	C	51	18	27	1	1	29	0.0147059	68	0.436975	FALSE	NA	NA	NA	NA	NA	NA
NC_045512.2	23325	C	T	54	20	27	5	5	28	0.0735294	68	0.0204993	FALSE	NA	NA	NA	NA	NA	NA
NC_045512.2	23325	C	G	54	20	27	2	2	27	0.0294118	68	0.205251	FALSE	NA	NA	NA	NA	NA	NA
NC_045512.2	23325	C	A	54	20	27	7	7	27	0.102941	68	0.00461536	TRUE	NA	NA	NA	NA	NA	NA
NC_045512.2	23326	A	T	50	18	28	7	6	27	0.101449	69	0.00331557	TRUE	NA	NA	NA	NA	NA	NA
NC_045512.2	23326	A	G	50	18	28	3	2	26	0.0434783	69	0.0813459	FALSE	NA	NA	NA	NA	NA	NA
NC_045512.2	23326	A	C	50	18	28	9	9	26	0.130435	69	0.000709029	TRUE	NA	NA	NA	NA	NA	NA
NC_045512.2	23327	C	T	57	23	26	3	3	27	0.0428571	70	0.0979102	FALSE	NA	NA	NA	NA	NA	NA
NC_045512.2	23327	C	G	57	23	26	5	5	28	0.0714286	70	0.0217438	FALSE	NA	NA	NA	NA	NA	NA
NC_045512.2	23327	C	A	57	23	26	5	5	28	0.0714286	70	0.0217438	FALSE	NA	NA	NA	NA	NA	NA
NC_045512.2	23328	C	T	59	26	25	6	6	26	0.084507	71	0.0109958	FALSE	NA	NA	NA	NA	NA	NA
NC_045512.2	23328	C	G	59	26	25	5	5	27	0.0704225	71	0.0228375	FALSE	NA	NA	NA	NA	NA	NA
NC_045512.2	23328	C	A	59	26	25	1	1	26	0.0140845	71	0.461538	FALSE	NA	NA	NA	NA	NA	NA
NC_045512.2	23329	A	T	53	19	27	10	10	26	0.138889	72	0.000350496	TRUE	NA	NA	NA	NA	NA	NA
NC_045512.2	23329	A	G	53	19	27	5	5	25	0.0694444	72	0.016648	FALSE	NA	NA	NA	NA	NA	NA
NC_045512.2	23329	A	C	53	19	27	4	4	26	0.0555556	72	0.0370276	FALSE	NA	NA	NA	NA	NA	NA
NC_045512.2	23330	T	G	56	23	26	6	6	26	0.0833333	72	0.00896577	TRUE	NA	NA	NA	NA	NA	NA
NC_045512.2	23330	T	C	56	23	26	5	4	28	0.0694444	72	0.019233	FALSE	NA	NA	NA	NA	NA	NA
NC_045512.2	23330	T	A	56	23	26	5	5	26	0.0694444	72	0.019233	FALSE	NA	NA	NA	NA	NA	NA
NC_045512.2	23331	G	T	57	23	26	4	4	27	0.0555556	72	0.04319	FALSE	NA	NA	NA	NA	NA	NA
NC_045512.2	23331	G	C	57	23	26	6	6	25	0.0833333	72	0.00946583	TRUE	NA	NA	NA	NA	NA	NA
NC_045512.2	23331	G	A	57	23	26	5	5	26	0.0694444	72	0.0201337	FALSE	NA	NA	NA	NA	NA	NA
NC_045512.2	23332	T	G	59	25	26	1	1	28	0.0142857	70	0.465116	FALSE	NA	NA	NA	NA	NA	NA
NC_045512.2	23332	T	C	59	25	26	5	5	25	0.0714286	70	0.0237227	FALSE	NA	NA	NA	NA	NA	NA
NC_045512.2	23332	T	A	59	25	26	5	5	26	0.0714286	70	0.0237227	FALSE	NA	NA	NA	NA	NA	NA
NC_045512.2	23333	T	G	47	19	24	8	8	27	0.121212	66	0.00144903	TRUE	NA	NA	NA	NA	NA	NA
NC_045512.2	23333	T	C	47	19	24	9	9	25	0.136364	66	0.000670626	TRUE	NA	NA	NA	NA	NA	NA
NC_045512.2	23333	T	A	47	19	24	2	2	27	0.030303	66	0.18258	FALSE	NA	NA	NA	NA	NA	NA
NC_045512.2	23334	C	T	58	23	26	3	3	26	0.0405405	74	0.0917916	FALSE	NA	NA	NA	NA	NA	NA
NC_045512.2	23334	C	G	58	23	26	3	3	27	0.0405405	74	0.0917916	FALSE	NA	NA	NA	NA	NA	NA
NC_045512.2	23334	C	A	58	23	26	10	10	27	0.135135	74	0.000470892	TRUE	NA	NA	NA	NA	NA	NA
NC_045512.2	23334	C	-T	58	23	26	9	0	20	0.121622	74	0.000976409	TRUE	NA	NA	NA	NA	NA	NA
NC_045512.2	23335	T	G	44	19	25	4	4	26	0.0645161	62	0.0253563	FALSE	NA	NA	NA	NA	NA	NA
NC_045512.2	23335	T	C	44	19	25	8	3	27	0.129032	62	0.000781541	TRUE	NA	NA	NA	NA	NA	NA
NC_045512.2	23335	T	A	44	19	25	6	5	28	0.0967742	62	0.00435034	TRUE	NA	NA	NA	NA	NA	NA
NC_045512.2	23336	T	G	59	20	26	5	5	28	0.0632911	79	0.0170163	FALSE	NA	NA	NA	NA	NA	NA
NC_045512.2	23336	T	C	59	20	26	9	8	26	0.113924	79	0.000762931	TRUE	NA	NA	NA	NA	NA	NA
NC_045512.2	23336	T	A	59	20	26	6	6	27	0.0759494	79	0.00773466	TRUE	NA	NA	NA	NA	NA	NA
NC_045512.2	23337	T	G	62	23	26	2	2	28	0.025	80	0.198562	FALSE	NA	NA	NA	NA	NA	NA
NC_045512.2	23337	T	C	62	23	26	10	10	26	0.125	80	0.000428113	TRUE	NA	NA	NA	NA	NA	NA
NC_045512.2	23337	T	A	62	23	26	6	6	28	0.075	80	0.00866037	TRUE	NA	NA	NA	NA	NA	NA
NC_045512.2	23338	T	G	44	24	24	8	8	26	0.129032	62	0.00147061	TRUE	NA	NA	NA	NA	NA	NA
NC_045512.2	23338	T	C	44	24	24	4	4	27	0.0645161	62	0.034976	FALSE	NA	NA	NA	NA	NA	NA
NC_045512.2	23338	T	A	44	24	24	6	6	26	0.0967742	62	0.00701811	TRUE	NA	NA	NA	NA	NA	NA
NC_045512.2	23339	G	T	62	23	26	4	4	28	0.0506329	79	0.0419539	FALSE	NA	NA	NA	NA	NA	NA
NC_045512.2	23339	G	C	62	23	26	8	8	27	0.101266	79	0.00200448	TRUE	NA	NA	NA	NA	NA	NA
NC_045512.2	23339	G	A	62	23	26	5	5	28	0.0632911	79	0.0193856	FALSE	NA	NA	NA	NA	NA	NA
NC_045512.2	23340	G	T	58	21	25	8	8	27	0.1	80	0.00144247	TRUE	NA	NA	NA	NA	NA	NA
NC_045512.2	23340	G	C	58	21	25	8	8	27	0.1	80	0.00144247	TRUE	NA	NA	NA	NA	NA	NA
NC_045512.2	23340	G	A	58	21	25	6	6	28	0.075	80	0.00702069	TRUE	NA	NA	NA	NA	NA	NA
NC_045512.2	23341	T	G	60	21	27	6	6	28	0.0722892	83	0.00689765	TRUE	NA	NA	NA	NA	NA	NA
NC_045512.2	23341	T	C	60	21	27	9	9	26	0.108434	83	0.000642509	TRUE	NA	NA	NA	NA	NA	NA
NC_045512.2	23341	T	A	60	21	27	8	8	28	0.0963855	83	0.00140607	TRUE	NA	NA	NA	NA	NA	NA
NC_045512.2	23342	G	T	59	21	26	5	5	26	0.060241	83	0.0147804	FALSE	NA	NA	NA	NA	NA	NA
NC_045512.2	23342	G	C	59	21	26	11	11	27	0.13253	83	0.000125025	TRUE	NA	NA	NA	NA	NA	NA
NC_045512.2	23342	G	A	59	21	26	8	7	28	0.0963855	83	0.00131055	TRUE	NA	NA	NA	NA	NA	NA
NC_045512.2	23343	G	T	61	24	25	9	9	24	0.109756	82	0.000737305	TRUE	NA	NA	NA	NA	NA	NA
NC_045512.2	23343	G	C	61	24	25	9	9	26	0.109756	82	0.000737305	TRUE	NA	NA	NA	NA	NA	NA
NC_045512.2	23343	G	A	61	24	25	3	3	27	0.0365854	82	0.0837232	FALSE	NA	NA	NA	NA	NA	NA
NC_045512.2	23344	T	G	65	26	27	7	7	26	0.0843373	83	0.00415044	TRUE	NA	NA	NA	NA	NA	NA
NC_045512.2	23344	T	C	65	26	27	4	4	28	0.0481928	83	0.0415394	FALSE	NA	NA	NA	NA	NA	NA
NC_045512.2	23344	T	A	65	26	27	7	7	27	0.0843373	83	0.00415044	TRUE	NA	NA	NA	NA	NA	NA
NC_045512.2	23345	G	T	67	28	27	4	4	25	0.047619	84	0.0431203	FALSE	NA	NA	NA	NA	NA	NA
NC_045512.2	23345	G	C	67	28	27	7	7	26	0.0833333	84	0.00441787	TRUE	NA	NA	NA	NA	NA	NA
NC_045512.2	23345	G	A	67	28	27	6	6	27	0.0714286	84	0.00937305	TRUE	NA	NA	NA	NA	NA	NA
NC_045512.2	23345	G	-T	67	28	27	1	0	20	0.0119048	84	0.450331	FALSE	NA	NA	NA	NA	NA	NA
NC_045512.2	23346	T	G	64	26	26	4	4	28	0.0470588	85	0.0371055	FALSE	NA	NA	NA	NA	NA	NA
NC_045512.2	23346	T	C	64	26	26	7	6	26	0.0823529	85	0.00341717	TRUE	NA	NA	NA	NA	NA	NA
NC_045512.2	23346	T	A	64	26	26	10	10	27	0.117647	85	0.000336976	TRUE	NA	NA	NA	NA	NA	NA
NC_045512.2	23347	C	T	61	22	27	9	9	27	0.103448	87	0.000545597	TRUE	NA	NA	NA	NA	NA	NA
NC_045512.2	23347	C	G	61	22	27	8	7	27	0.091954	87	0.0012159	TRUE	NA	NA	NA	NA	NA	NA
NC_045512.2	23347	C	A	61	22	27	9	9	26	0.103448	87	0.000545597	TRUE	NA	NA	NA	NA	NA	NA
NC_045512.2	23348	A	T	64	24	27	6	6	25	0.0697674	86	0.00750814	TRUE	NA	NA	NA	NA	NA	NA
NC_045512.2	23348	A	G	64	24	27	6	6	27	0.0697674	86	0.00750814	TRUE	NA	NA	NA	NA	NA	NA
NC_045512.2	23348	A	C	64	24	27	10	10	25	0.116279	86	0.000336976	TRUE	NA	NA	NA	NA	NA	NA
NC_045512.2	23349	G	T	58	19	27	18	18	26	0.195652	92	2.03198e-07	TRUE	NA	NA	NA	NA	NA	NA
NC_045512.2	23349	G	C	58	19	27	10	10	27	0.108696	92	0.00013638	TRUE	NA	NA	NA	NA	NA	NA
NC_045512.2	23349	G	A	58	19	27	6	6	27	0.0652174	92	0.00429328	TRUE	NA	NA	NA	NA	NA	NA
NC_045512.2	23350	T	G	66	28	27	14	14	27	0.152174	92	1.24267e-05	TRUE	NA	NA	NA	NA	NA	NA
NC_045512.2	23350	T	C	66	28	27	7	7	26	0.076087	92	0.00293021	TRUE	NA	NA	NA	NA	NA	NA
NC_045512.2	23350	T	A	66	28	27	5	5	28	0.0543478	92	0.014903	FALSE	NA	NA	NA	NA	NA	NA
NC_045512.2	23351	G	T	59	23	27	10	8	24	0.106383	94	0.000131583	TRUE	NA	NA	NA	NA	NA	NA
NC_045512.2	23351	G	C	59	23	27	16	16	27	0.170213	94	9.28658e-07	TRUE	NA	NA	NA	NA	NA	NA
NC_045512.2	23351	G	A	59	23	27	9	9	27	0.0957447	94	0.000308934	TRUE	NA	NA	NA	NA	NA	NA
NC_045512.2	23352	T	G	75	37	26	7	7	25	0.0714286	98	0.00366457	TRUE	NA	NA	NA	NA	NA	NA
NC_045512.2	23352	T	C	75	37	26	7	7	27	0.0714286	98	0.00366457	TRUE	NA	NA	NA	NA	NA	NA
NC_045512.2	23352	T	A	75	37	26	9	9	27	0.0918367	98	0.000784204	TRUE	NA	NA	NA	NA	NA	NA
NC_045512.2	23353	T	G	57	28	25	22	22	26	0.241758	91	8.93131e-09	TRUE	NA	NA	NA	NA	NA	NA
NC_045512.2	23353	T	C	57	28	25	5	5	26	0.0549451	91	0.0102281	FALSE	NA	NA	NA	NA	NA	NA
NC_045512.2	23353	T	A	57	28	25	7	7	26	0.0769231	91	0.00175026	TRUE	NA	NA	NA	NA	NA	NA
NC_045512.2	23354	A	T	70	33	26	10	10	27	0.1	100	0.00148549	TRUE	NA	NA	NA	NA	NA	NA
NC_045512.2	23354	A	G	70	33	26	8	8	26	0.08	100	0.00627862	TRUE	NA	NA	NA	NA	NA	NA
NC_045512.2	23354	A	C	70	33	26	12	12	27	0.12	100	0.000350715	TRUE	NA	NA	NA	NA	NA	NA
NC_045512.2	23355	T	G	70	33	26	8	8	26	0.0792079	101	0.00627862	TRUE	NA	NA	NA	NA	NA	NA
NC_045512.2	23355	T	C	70	33	26	16	16	25	0.158416	101	1.99309e-05	TRUE	NA	NA	NA	NA	NA	NA
NC_045512.2	23355	T	A	70	33	26	7	7	27	0.0693069	101	0.012851	FALSE	NA	NA	NA	NA	NA	NA
NC_045512.2	23356	A	T	71	34	26	6	6	26	0.0606061	99	0.00648106	TRUE	NA	NA	NA	NA	NA	NA
NC_045512.2	23356	A	G	71	34	26	11	11	27	0.111111	99	0.000118775	TRUE	NA	NA	NA	NA	NA	NA
NC_045512.2	23356	A	C	71	34	26	11	11	27	0.111111	99	0.000118775	TRUE	NA	NA	NA	NA	NA	NA
NC_045512.2	23357	A	T	60	29	25	7	7	26	0.0736842	95	0.0017841	TRUE	NA	NA	NA	NA	NA	NA
NC_045512.2	23357	A	G	60	29	25	6	6	27	0.0631579	95	0.00428716	TRUE	NA	NA	NA	NA	NA	NA
NC_045512.2	23357	A	C	60	29	25	22	22	26	0.231579	95	8.91919e-09	TRUE	NA	NA	NA	NA	NA	NA
NC_045512.2	23358	C	T	66	29	27	21	21	25	0.207921	101	3.31896e-07	TRUE	NA	NA	NA	NA	NA	NA
NC_045512.2	23358	C	G	66	29	27	4	4	27	0.039604	101	0.0930846	FALSE	NA	NA	NA	NA	NA	NA
NC_045512.2	23358	C	A	66	29	27	10	10	27	0.0990099	101	0.0011069	TRUE	NA	NA	NA	NA	NA	NA
NC_045512.2	23359	A	T	67	30	26	16	16	26	0.158416	101	1.42115e-05	TRUE	NA	NA	NA	NA	NA	NA
NC_045512.2	23359	A	G	67	30	26	9	9	27	0.0891089	101	0.00250962	TRUE	NA	NA	NA	NA	NA	NA
NC_045512.2	23359	A	C	67	30	26	9	9	26	0.0891089	101	0.00250962	TRUE	NA	NA	NA	NA	NA	NA
NC_045512.2	23360	C	T	68	31	25	8	8	26	0.0792079	101	0.00559149	TRUE	NA	NA	NA	NA	NA	NA
NC_045512.2	23360	C	G	68	31	25	11	11	26	0.108911	101	0.000616222	TRUE	NA	NA	NA	NA	NA	NA
NC_045512.2	23360	C	A	68	31	25	14	14	27	0.138614	101	6.82858e-05	TRUE	NA	NA	NA	NA	NA	NA
NC_045512.2	23361	C	T	62	30	25	20	20	26	0.2	100	3.74582e-07	TRUE	NA	NA	NA	NA	NA	NA
NC_045512.2	23361	C	G	62	30	25	5	5	26	0.05	100	0.0387307	FALSE	NA	NA	NA	NA	NA	NA
NC_045512.2	23361	C	A	62	30	25	13	13	27	0.13	100	7.78045e-05	TRUE	NA	NA	NA	NA	NA	NA
NC_045512.2	23362	A	T	71	34	26	8	8	26	0.0754717	106	0.00539284	TRUE	NA	NA	NA	NA	NA	NA
NC_045512.2	23362	A	G	71	34	26	17	17	27	0.160377	106	7.01901e-06	TRUE	NA	NA	NA	NA	NA	NA
NC_045512.2	23362	A	C	71	34	26	10	10	26	0.0943396	106	0.00122548	TRUE	NA	NA	NA	NA	NA	NA
NC_045512.2	23363	G	T	58	23	25	8	8	27	0.0769231	104	0.0025192	TRUE	NA	NA	NA	NA	NA	NA
NC_045512.2	23363	G	C	58	23	25	20	20	26	0.192308	104	1.38737e-07	TRUE	NA	NA	NA	NA	NA	NA
NC_045512.2	23363	G	A	58	23	25	18	18	27	0.173077	104	6.82788e-07	TRUE	NA	NA	NA	NA	NA	NA
NC_045512.2	23364	G	T	58	26	24	25	25	26	0.25	100	4.32113e-09	TRUE	NA	NA	NA	NA	NA	NA
NC_045512.2	23364	G	C	58	26	24	9	9	27	0.09	100	0.00128058	TRUE	NA	NA	NA	NA	NA	NA
NC_045512.2	23364	G	A	58	26	24	8	8	26	0.08	100	0.00289021	TRUE	NA	NA	NA	NA	NA	NA
NC_045512.2	23365	A	T	59	24	26	17	17	26	0.171717	99	2.48189e-07	TRUE	NA	NA	NA	NA	NA	NA
NC_045512.2	23365	A	G	59	24	26	15	15	26	0.151515	99	1.3107e-06	TRUE	NA	NA	NA	NA	NA	NA
NC_045512.2	23365	A	C	59	24	26	8	8	27	0.0808081	99	0.000568715	TRUE	NA	NA	NA	NA	NA	NA
NC_045512.2	23366	A	T	60	29	24	17	17	27	0.165049	103	2.2499e-06	TRUE	NA	NA	NA	NA	NA	NA
NC_045512.2	23366	A	G	60	29	24	8	8	27	0.0776699	103	0.00304875	TRUE	NA	NA	NA	NA	NA	NA
NC_045512.2	23366	A	C	60	29	24	18	18	26	0.174757	103	1.02741e-06	TRUE	NA	NA	NA	NA	NA	NA
NC_045512.2	23367	C	T	63	30	26	24	24	26	0.226415	106	1.21039e-08	TRUE	NA	NA	NA	NA	NA	NA
NC_045512.2	23367	C	G	63	30	26	11	11	27	0.103774	106	0.00029738	TRUE	NA	NA	NA	NA	NA	NA
NC_045512.2	23367	C	A	63	30	26	8	8	27	0.0754717	106	0.00328527	TRUE	NA	NA	NA	NA	NA	NA
NC_045512.2	23368	A	T	54	21	25	18	18	26	0.176471	102	4.37903e-07	TRUE	NA	NA	NA	NA	NA	NA
NC_045512.2	23368	A	G	54	21	25	17	17	27	0.166667	102	9.98322e-07	TRUE	NA	NA	NA	NA	NA	NA
NC_045512.2	23368	A	C	54	21	25	13	13	26	0.127451	102	2.83685e-05	TRUE	NA	NA	NA	NA	NA	NA
NC_045512.2	23369	A	T	59	26	27	21	21	28	0.194444	108	4.7104e-08	TRUE	NA	NA	NA	NA	NA	NA
NC_045512.2	23369	A	G	59	26	27	11	11	26	0.101852	108	0.000179616	TRUE	NA	NA	NA	NA	NA	NA
NC_045512.2	23369	A	C	59	26	27	17	17	27	0.157407	108	1.20865e-06	TRUE	NA	NA	NA	NA	NA	NA
NC_045512.2	23370	A	T	48	31	25	17	17	27	0.182796	93	7.62517e-08	TRUE	NA	NA	NA	NA	NA	NA
NC_045512.2	23370	A	G	48	31	25	13	13	27	0.139785	93	2.74347e-06	TRUE	NA	NA	NA	NA	NA	NA
NC_045512.2	23370	A	C	48	31	25	15	15	25	0.16129	93	4.48932e-07	TRUE	NA	NA	NA	NA	NA	NA
NC_045512.2	23371	T	G	62	29	26	13	13	27	0.12037	108	4.69424e-05	TRUE	NA	NA	NA	NA	NA	NA
NC_045512.2	23371	T	C	62	29	26	22	22	27	0.203704	108	3.63018e-08	TRUE	NA	NA	NA	NA	NA	NA
NC_045512.2	23371	T	A	62	29	26	11	11	27	0.101852	108	0.000240404	TRUE	NA	NA	NA	NA	NA	NA
NC_045512.2	23372	A	T	64	31	26	20	20	26	0.183486	109	2.12936e-07	TRUE	NA	NA	NA	NA	NA	NA
NC_045512.2	23372	A	G	64	31	26	10	10	27	0.0917431	109	0.000612061	TRUE	NA	NA	NA	NA	NA	NA
NC_045512.2	23372	A	C	64	31	26	15	15	27	0.137615	109	1.0935e-05	TRUE	NA	NA	NA	NA	NA	NA
NC_045512.2	23373	C	T	66	33	26	25	25	26	0.233645	107	8.69156e-09	TRUE	NA	NA	NA	NA	NA	NA
NC_045512.2	23373	C	G	66	33	26	7	7	26	0.0654206	107	0.00834584	TRUE	NA	NA	NA	NA	NA	NA
NC_045512.2	23373	C	A	66	33	26	9	9	27	0.0841121	107	0.00175148	TRUE	NA	NA	NA	NA	NA	NA
NC_045512.2	23374	T	G	69	37	25	17	17	27	0.157407	108	4.63549e-06	TRUE	NA	NA	NA	NA	NA	NA
NC_045512.2	23374	T	C	69	37	25	16	15	26	0.148148	108	9.84495e-06	TRUE	NA	NA	NA	NA	NA	NA
NC_045512.2	23374	T	A	69	37	25	6	6	27	0.0555556	108	0.0201501	FALSE	NA	NA	NA	NA	NA	NA
NC_045512.2	23375	T	G	62	36	25	13	13	26	0.128713	101	7.78045e-05	TRUE	NA	NA	NA	NA	NA	NA
NC_045512.2	23375	T	C	62	36	25	6	6	25	0.0594059	101	0.0180448	FALSE	NA	NA	NA	NA	NA	NA
NC_045512.2	23375	T	A	62	36	25	20	20	27	0.19802	101	3.74582e-07	TRUE	NA	NA	NA	NA	NA	NA
NC_045512.2	23376	C	T	66	33	26	21	21	26	0.194444	108	1.50482e-07	TRUE	NA	NA	NA	NA	NA	NA
NC_045512.2	23376	C	G	66	33	26	11	11	27	0.101852	108	0.000344899	TRUE	NA	NA	NA	NA	NA	NA
NC_045512.2	23376	C	A	66	33	26	10	10	27	0.0925926	108	0.000758851	TRUE	NA	NA	NA	NA	NA	NA
NC_045512.2	23377	T	G	63	31	26	13	13	26	0.121495	107	5.6157e-05	TRUE	NA	NA	NA	NA	NA	NA
NC_045512.2	23377	T	C	63	31	26	18	18	26	0.168224	107	1.0699e-06	TRUE	NA	NA	NA	NA	NA	NA
NC_045512.2	23377	T	A	63	31	26	13	13	27	0.121495	107	5.6157e-05	TRUE	NA	NA	NA	NA	NA	NA
NC_045512.2	23378	A	T	61	30	25	13	13	26	0.121495	107	4.51256e-05	TRUE	NA	NA	NA	NA	NA	NA
NC_045512.2	23378	A	G	61	30	25	14	14	26	0.130841	107	1.99813e-05	TRUE	NA	NA	NA	NA	NA	NA
NC_045512.2	23378	A	C	61	30	25	19	19	26	0.17757	107	3.61097e-07	TRUE	NA	NA	NA	NA	NA	NA
NC_045512.2	23379	A	T	53	31	25	21	21	26	0.216495	97	4.06112e-09	TRUE	NA	NA	NA	NA	NA	NA
NC_045512.2	23379	A	G	53	31	25	12	12	27	0.123711	97	9.68113e-06	TRUE	NA	NA	NA	NA	NA	NA
NC_045512.2	23379	A	C	53	31	25	11	11	26	0.113402	97	2.39794e-05	TRUE	NA	NA	NA	NA	NA	NA
NC_045512.2	23380	C	T	68	38	25	13	13	26	0.122642	106	0.000100079	TRUE	NA	NA	NA	NA	NA	NA
NC_045512.2	23380	C	G	68	38	25	12	12	26	0.113208	106	0.000214122	TRUE	NA	NA	NA	NA	NA	NA
NC_045512.2	23380	C	A	68	38	25	13	13	27	0.122642	106	0.000100079	TRUE	NA	NA	NA	NA	NA	NA
NC_045512.2	23381	C	T	52	27	25	17	17	26	0.171717	99	8.06148e-08	TRUE	NA	NA	NA	NA	NA	NA
NC_045512.2	23381	C	G	52	27	25	12	12	27	0.121212	99	7.30911e-06	TRUE	NA	NA	NA	NA	NA	NA
NC_045512.2	23381	C	A	52	27	25	18	18	26	0.181818	99	3.35895e-08	TRUE	NA	NA	NA	NA	NA	NA
NC_045512.2	23382	A	T	58	30	27	14	14	27	0.135922	103	1.89718e-05	TRUE	NA	NA	NA	NA	NA	NA
NC_045512.2	23382	A	G	58	30	27	21	21	27	0.203883	103	7.09999e-08	TRUE	NA	NA	NA	NA	NA	NA
NC_045512.2	23382	A	C	58	30	27	10	10	25	0.0970874	103	0.000505502	TRUE	NA	NA	NA	NA	NA	NA
NC_045512.2	23383	G	T	51	23	25	17	17	26	0.163462	104	4.92419e-07	TRUE	NA	NA	NA	NA	NA	NA
NC_045512.2	23383	G	C	51	23	25	20	20	26	0.192308	104	3.79053e-08	TRUE	NA	NA	NA	NA	NA	NA
NC_045512.2	23383	G	A	51	23	25	16	16	27	0.153846	104	1.17134e-06	TRUE	NA	NA	NA	NA	NA	NA
NC_045512.2	23384	G	T	52	31	25	13	13	26	0.136842	95	4.07739e-06	TRUE	NA	NA	NA	NA	NA	NA
NC_045512.2	23384	G	C	52	31	25	16	16	27	0.168421	95	2.93798e-07	TRUE	NA	NA	NA	NA	NA	NA
NC_045512.2	23384	G	A	52	31	25	14	14	27	0.147368	95	1.68192e-06	TRUE	NA	NA	NA	NA	NA	NA
NC_045512.2	23385	T	G	60	33	25	14	14	27	0.137255	102	2.62526e-05	TRUE	NA	NA	NA	NA	NA	NA
NC_045512.2	23385	T	C	60	33	25	12	12	28	0.117647	102	0.000129002	TRUE	NA	NA	NA	NA	NA	NA
NC_045512.2	23385	T	A	60	33	25	16	16	26	0.156863	102	5.41961e-06	TRUE	NA	NA	NA	NA	NA	NA
NC_045512.2	23386	T	G	49	34	25	10	10	27	0.111111	90	6.16978e-05	TRUE	NA	NA	NA	NA	NA	NA
NC_045512.2	23386	T	C	49	34	25	23	23	26	0.255556	90	9.17437e-10	TRUE	NA	NA	NA	NA	NA	NA
NC_045512.2	23386	T	A	49	34	25	8	8	28	0.0888889	90	0.000392256	TRUE	NA	NA	NA	NA	NA	NA
NC_045512.2	23387	G	T	51	24	26	22	22	26	0.215686	102	9.18592e-09	TRUE	NA	NA	NA	NA	NA	NA
NC_045512.2	23387	G	C	51	24	26	15	15	27	0.147059	102	3.35659e-06	TRUE	NA	NA	NA	NA	NA	NA
NC_045512.2	23387	G	A	51	24	26	14	14	27	0.137255	102	7.9786e-06	TRUE	NA	NA	NA	NA	NA	NA
NC_045512.2	23388	C	T	54	27	26	26	26	26	0.25	104	5.42216e-10	TRUE	NA	NA	NA	NA	NA	NA
NC_045512.2	23388	C	G	54	27	26	15	15	27	0.144231	104	4.41595e-06	TRUE	NA	NA	NA	NA	NA	NA
NC_045512.2	23388	C	A	54	27	26	9	9	27	0.0865385	104	0.00077252	TRUE	NA	NA	NA	NA	NA	NA
NC_045512.2	23389	T	G	67	40	26	13	13	27	0.126214	103	0.000111981	TRUE	NA	NA	NA	NA	NA	NA
NC_045512.2	23389	T	C	67	40	26	10	10	25	0.0970874	103	0.00107126	TRUE	NA	NA	NA	NA	NA	NA
NC_045512.2	23389	T	A	67	40	26	13	13	28	0.126214	103	0.000111981	TRUE	NA	NA	NA	NA	NA	NA
NC_045512.2	23390	G	T	58	31	27	22	22	25	0.211538	104	2.8768e-08	TRUE	NA	NA	NA	NA	NA	NA
NC_045512.2	23390	G	C	58	31	27	10	10	26	0.0961538	104	0.000477393	TRUE	NA	NA	NA	NA	NA	NA
NC_045512.2	23390	G	A	58	31	27	14	14	27	0.134615	104	1.75095e-05	TRUE	NA	NA	NA	NA	NA	NA
NC_045512.2	23391	T	G	62	35	26	16	16	28	0.158416	101	7.71892e-06	TRUE	NA	NA	NA	NA	NA	NA
NC_045512.2	23391	T	C	62	35	26	6	6	27	0.0594059	101	0.0180448	FALSE	NA	NA	NA	NA	NA	NA
NC_045512.2	23391	T	A	62	35	26	17	17	26	0.168317	101	3.60001e-06	TRUE	NA	NA	NA	NA	NA	NA
NC_045512.2	23392	T	G	62	36	25	11	11	27	0.105769	104	0.000306248	TRUE	NA	NA	NA	NA	NA	NA
NC_045512.2	23392	T	C	62	36	25	13	12	26	0.125	104	6.25095e-05	TRUE	NA	NA	NA	NA	NA	NA
NC_045512.2	23392	T	A	62	36	25	18	18	26	0.173077	104	1.2463e-06	TRUE	NA	NA	NA	NA	NA	NA
NC_045512.2	23393	C	T	54	27	27	20	20	24	0.194175	103	7.615e-08	TRUE	NA	NA	NA	NA	NA	NA
NC_045512.2	23393	C	G	54	27	27	10	10	25	0.0970874	103	0.00034383	TRUE	NA	NA	NA	NA	NA	NA
NC_045512.2	23393	C	A	54	27	27	19	19	26	0.184466	103	1.72701e-07	TRUE	NA	NA	NA	NA	NA	NA
NC_045512.2	23394	T	G	63	36	26	14	14	27	0.14	100	4.01799e-05	TRUE	NA	NA	NA	NA	NA	NA
NC_045512.2	23394	T	C	63	36	26	13	13	27	0.13	100	8.64524e-05	TRUE	NA	NA	NA	NA	NA	NA
NC_045512.2	23394	T	A	63	36	26	10	10	27	0.1	100	0.000873184	TRUE	NA	NA	NA	NA	NA	NA
NC_045512.2	23395	T	G	61	35	27	9	9	27	0.0882353	102	0.00154594	TRUE	NA	NA	NA	NA	NA	NA
NC_045512.2	23395	T	C	61	35	27	11	11	27	0.107843	102	0.000315681	TRUE	NA	NA	NA	NA	NA	NA
NC_045512.2	23395	T	A	61	35	27	21	21	26	0.205882	102	1.3401e-07	TRUE	NA	NA	NA	NA	NA	NA
NC_045512.2	23396	T	G	60	38	24	11	11	26	0.114583	96	5.43658e-05	TRUE	NA	NA	NA	NA	NA	NA
NC_045512.2	23396	T	C	60	38	24	11	11	25	0.114583	96	5.43658e-05	TRUE	NA	NA	NA	NA	NA	NA
NC_045512.2	23396	T	A	60	38	24	14	14	26	0.145833	96	4.45965e-06	TRUE	NA	NA	NA	NA	NA	NA
NC_045512.2	23397	A	T	53	27	27	21	21	27	0.205882	102	3.14104e-08	TRUE	NA	NA	NA	NA	NA	NA
NC_045512.2	23397	A	G	53	27	27	11	11	26	0.107843	102	0.000138892	TRUE	NA	NA	NA	NA	NA	NA
NC_045512.2	23397	A	C	53	27	27	17	17	26	0.166667	102	8.47582e-07	TRUE	NA	NA	NA	NA	NA	NA
NC_045512.2	23398	T	G	54	28	26	12	12	26	0.118812	101	7.11475e-05	TRUE	NA	NA	NA	NA	NA	NA
NC_045512.2	23398	T	C	54	28	26	17	17	26	0.168317	101	1.10429e-06	TRUE	NA	NA	NA	NA	NA	NA
NC_045512.2	23398	T	A	54	28	26	18	18	26	0.178218	101	4.87193e-07	TRUE	NA	NA	NA	NA	NA	NA
NC_045512.2	23399	C	T	53	28	25	13	13	25	0.134021	97	3.94416e-06	TRUE	NA	NA	NA	NA	NA	NA
NC_045512.2	23399	C	G	53	28	25	13	13	26	0.134021	97	3.94416e-06	TRUE	NA	NA	NA	NA	NA	NA
NC_045512.2	23399	C	A	53	28	25	18	18	27	0.185567	97	5.03969e-08	TRUE	NA	NA	NA	NA	NA	NA
NC_045512.2	23400	A	T	53	29	26	20	20	25	0.196078	102	7.09835e-08	TRUE	NA	NA	NA	NA	NA	NA
NC_045512.2	23400	A	G	53	29	26	14	14	25	0.137255	102	1.0625e-05	TRUE	NA	NA	NA	NA	NA	NA
NC_045512.2	23400	A	C	53	29	26	15	15	27	0.147059	102	4.55053e-06	TRUE	NA	NA	NA	NA	NA	NA
NC_045512.2	23401	G	T	46	26	25	18	15	26	0.1875	96	1.48539e-08	TRUE	NA	NA	NA	NA	NA	NA
NC_045512.2	23401	G	C	46	26	25	12	11	25	0.125	96	4.04134e-06	TRUE	NA	NA	NA	NA	NA	NA
NC_045512.2	23401	G	A	46	26	25	20	20	26	0.208333	96	2.47373e-09	TRUE	NA	NA	NA	NA	NA	NA
NC_045512.2	23402	G	T	51	28	27	19	19	25	0.188119	101	1.24692e-07	TRUE	NA	NA	NA	NA	NA	NA
NC_045512.2	23402	G	C	51	28	27	12	12	26	0.118812	101	4.92216e-05	TRUE	NA	NA	NA	NA	NA	NA
NC_045512.2	23402	G	A	51	28	27	19	19	26	0.188119	101	1.24692e-07	TRUE	NA	NA	NA	NA	NA	NA
NC_045512.2	23403	A	T	10	10	26	24	24	26	0.26087	92	4.07334e-18	TRUE	NA	NA	NA	NA	NA	NA
NC_045512.2	23403	A	G	10	10	26	44	29	25	0.478261	92	7.45068e-28	TRUE	NA	NA	NA	NA	NA	NA
NC_045512.2	23403	A	C	10	10	26	14	14	27	0.152174	92	5.5097e-12	TRUE	NA	NA	NA	NA	NA	NA
NC_045512.2	23404	T	G	62	39	26	9	9	25	0.09	100	0.00175548	TRUE	NA	NA	NA	NA	NA	NA
NC_045512.2	23404	T	C	62	39	26	7	7	27	0.07	100	0.00833426	TRUE	NA	NA	NA	NA	NA	NA
NC_045512.2	23404	T	A	62	39	26	22	22	26	0.22	100	8.47343e-08	TRUE	NA	NA	NA	NA	NA	NA
NC_045512.2	23405	G	T	49	26	26	20	20	26	0.19802	101	3.62011e-08	TRUE	NA	NA	NA	NA	NA	NA
NC_045512.2	23405	G	C	49	26	26	12	12	27	0.118812	101	3.79093e-05	TRUE	NA	NA	NA	NA	NA	NA
NC_045512.2	23405	G	A	49	26	26	20	20	27	0.19802	101	3.62011e-08	TRUE	NA	NA	NA	NA	NA	NA
NC_045512.2	23406	T	G	59	38	25	5	5	27	0.0505051	99	0.00872727	TRUE	NA	NA	NA	NA	NA	NA
NC_045512.2	23406	T	C	59	38	25	14	14	26	0.141414	99	3.04649e-06	TRUE	NA	NA	NA	NA	NA	NA
NC_045512.2	23406	T	A	59	38	25	21	21	26	0.212121	99	9.70824e-09	TRUE	NA	NA	NA	NA	NA	NA
NC_045512.2	23407	T	G	50	33	25	5	5	26	0.0537634	93	0.00651432	TRUE	NA	NA	NA	NA	NA	NA
NC_045512.2	23407	T	C	50	33	25	13	13	25	0.139785	93	3.66878e-06	TRUE	NA	NA	NA	NA	NA	NA
NC_045512.2	23407	T	A	50	33	25	25	25	26	0.268817	93	1.46224e-10	TRUE	NA	NA	NA	NA	NA	NA
NC_045512.2	23408	A	T	55	34	25	15	15	25	0.151515	99	7.49348e-07	TRUE	NA	NA	NA	NA	NA	NA
NC_045512.2	23408	A	G	55	34	25	12	12	27	0.121212	99	1.06258e-05	TRUE	NA	NA	NA	NA	NA	NA
NC_045512.2	23408	A	C	55	34	25	17	17	26	0.171717	99	1.33333e-07	TRUE	NA	NA	NA	NA	NA	NA
NC_045512.2	23409	A	T	54	38	25	22	22	25	0.229167	96	2.50687e-09	TRUE	NA	NA	NA	NA	NA	NA
NC_045512.2	23409	A	G	54	38	25	6	6	26	0.0625	96	0.00286683	TRUE	NA	NA	NA	NA	NA	NA
NC_045512.2	23409	A	C	54	38	25	14	14	26	0.145833	96	2.04154e-06	TRUE	NA	NA	NA	NA	NA	NA
NC_045512.2	23410	C	T	47	26	26	25	25	26	0.255102	98	3.0783e-11	TRUE	NA	NA	NA	NA	NA	NA
NC_045512.2	23410	C	G	47	26	26	11	11	25	0.112245	98	1.05332e-05	TRUE	NA	NA	NA	NA	NA	NA
NC_045512.2	23410	C	A	47	26	26	15	15	25	0.153061	98	2.29197e-07	TRUE	NA	NA	NA	NA	NA	NA
NC_045512.2	23411	T	G	55	34	27	14	14	26	0.141414	99	1.79843e-06	TRUE	NA	NA	NA	NA	NA	NA
NC_045512.2	23411	T	C	55	34	27	16	16	26	0.161616	99	3.14815e-07	TRUE	NA	NA	NA	NA	NA	NA
NC_045512.2	23411	T	A	55	34	27	14	14	26	0.141414	99	1.79843e-06	TRUE	NA	NA	NA	NA	NA	NA
NC_045512.2	23412	G	T	43	23	27	22	22	25	0.22	100	1.5895e-09	TRUE	NA	NA	NA	NA	NA	NA
NC_045512.2	23412	G	C	43	23	27	19	19	26	0.19	100	2.33259e-08	TRUE	NA	NA	NA	NA	NA	NA
NC_045512.2	23412	G	A	43	23	27	16	16	26	0.16	100	3.65978e-07	TRUE	NA	NA	NA	NA	NA	NA
NC_045512.2	23413	C	T	46	26	26	29	29	26	0.292929	99	6.7765e-13	TRUE	NA	NA	NA	NA	NA	NA
NC_045512.2	23413	C	G	46	26	26	8	8	26	0.0808081	99	0.000177562	TRUE	NA	NA	NA	NA	NA	NA
NC_045512.2	23413	C	A	46	26	26	16	16	25	0.161616	99	6.73266e-08	TRUE	NA	NA	NA	NA	NA	NA
NC_045512.2	23414	A	T	51	30	26	19	19	26	0.191919	99	1.16444e-08	TRUE	NA	NA	NA	NA	NA	NA
NC_045512.2	23414	A	G	51	30	26	16	16	26	0.161616	99	1.65118e-07	TRUE	NA	NA	NA	NA	NA	NA
NC_045512.2	23414	A	C	51	30	26	13	13	26	0.131313	99	2.53383e-06	TRUE	NA	NA	NA	NA	NA	NA
NC_045512.2	23415	C	T	52	31	26	23	23	25	0.232323	99	4.75887e-10	TRUE	NA	NA	NA	NA	NA	NA
NC_045512.2	23415	C	G	52	31	26	10	10	28	0.10101	99	4.72808e-05	TRUE	NA	NA	NA	NA	NA	NA
NC_045512.2	23415	C	A	52	31	26	14	14	27	0.141414	99	1.17298e-06	TRUE	NA	NA	NA	NA	NA	NA
NC_045512.2	23416	A	T	55	34	26	24	24	27	0.242424	99	4.03586e-10	TRUE	NA	NA	NA	NA	NA	NA
NC_045512.2	23416	A	G	55	34	26	7	7	27	0.0707071	99	0.00105479	TRUE	NA	NA	NA	NA	NA	NA
NC_045512.2	23416	A	C	55	34	26	13	13	27	0.131313	99	4.35273e-06	TRUE	NA	NA	NA	NA	NA	NA
NC_045512.2	23416	A	+T	55	34	26	1	0	20	0.010101	99	0.363636	FALSE	NA	NA	NA	NA	NA	NA
NC_045512.2	23417	G	T	49	28	27	19	19	26	0.188119	101	8.45404e-08	TRUE	NA	NA	NA	NA	NA	NA
NC_045512.2	23417	G	C	49	28	27	19	19	27	0.188119	101	8.45404e-08	TRUE	NA	NA	NA	NA	NA	NA
NC_045512.2	23417	G	A	49	28	27	14	14	26	0.138614	101	6.43894e-06	TRUE	NA	NA	NA	NA	NA	NA
NC_045512.2	23418	A	T	51	30	26	27	27	26	0.284211	95	2.7526e-11	TRUE	NA	NA	NA	NA	NA	NA
NC_045512.2	23418	A	G	51	30	26	6	6	26	0.0631579	95	0.00243732	TRUE	NA	NA	NA	NA	NA	NA
NC_045512.2	23418	A	C	51	30	26	11	11	27	0.115789	95	2.18551e-05	TRUE	NA	NA	NA	NA	NA	NA
NC_045512.2	23418	A	-A	51	30	26	1	0	20	0.0105263	95	0.356164	FALSE	NA	NA	NA	NA	NA	NA
NC_045512.2	23419	A	T	50	31	25	20	20	26	0.208333	96	5.84388e-09	TRUE	NA	NA	NA	NA	NA	NA
NC_045512.2	23419	A	G	50	31	25	16	16	26	0.166667	96	1.89758e-07	TRUE	NA	NA	NA	NA	NA	NA
NC_045512.2	23419	A	C	50	31	25	10	10	25	0.104167	96	4.59755e-05	TRUE	NA	NA	NA	NA	NA	NA
NC_045512.2	23420	G	T	54	33	26	21	21	25	0.212121	99	3.81641e-09	TRUE	NA	NA	NA	NA	NA	NA
NC_045512.2	23420	G	C	54	33	26	12	12	27	0.121212	99	9.40679e-06	TRUE	NA	NA	NA	NA	NA	NA
NC_045512.2	23420	G	A	54	33	26	12	12	26	0.121212	99	9.40679e-06	TRUE	NA	NA	NA	NA	NA	NA
NC_045512.2	23421	T	G	63	42	26	10	10	25	0.102041	98	0.000146472	TRUE	NA	NA	NA	NA	NA	NA
NC_045512.2	23421	T	C	63	42	26	6	6	25	0.0612245	98	0.00451966	TRUE	NA	NA	NA	NA	NA	NA
NC_045512.2	23421	T	A	63	42	26	19	19	26	0.193878	98	1.01285e-07	TRUE	NA	NA	NA	NA	NA	NA
NC_045512.2	23422	C	T	39	18	25	21	21	27	0.223404	94	2.27365e-10	TRUE	NA	NA	NA	NA	NA	NA
NC_045512.2	23422	C	G	39	18	25	22	22	24	0.234043	94	9.006e-11	TRUE	NA	NA	NA	NA	NA	NA
NC_045512.2	23422	C	A	39	18	25	12	12	26	0.12766	94	1.53208e-06	TRUE	NA	NA	NA	NA	NA	NA
NC_045512.2	23423	C	T	45	24	27	19	19	27	0.191919	99	3.32477e-09	TRUE	NA	NA	NA	NA	NA	NA
NC_045512.2	23423	C	G	45	24	27	22	22	27	0.222222	99	2.1666e-10	TRUE	NA	NA	NA	NA	NA	NA
NC_045512.2	23423	C	A	45	24	27	13	13	27	0.131313	99	1.01375e-06	TRUE	NA	NA	NA	NA	NA	NA
NC_045512.2	23424	C	T	47	31	25	29	29	26	0.308511	94	2.29898e-12	TRUE	NA	NA	NA	NA	NA	NA
NC_045512.2	23424	C	G	47	31	25	7	7	25	0.0744681	94	0.000695675	TRUE	NA	NA	NA	NA	NA	NA
NC_045512.2	23424	C	A	47	31	25	11	11	25	0.117021	94	1.41822e-05	TRUE	NA	NA	NA	NA	NA	NA
NC_045512.2	23425	T	G	55	34	26	19	19	25	0.197917	96	3.48682e-08	TRUE	NA	NA	NA	NA	NA	NA
NC_045512.2	23425	T	C	55	34	26	9	9	26	0.09375	96	0.000193773	TRUE	NA	NA	NA	NA	NA	NA
NC_045512.2	23425	T	A	55	34	26	13	13	26	0.135417	96	5.56783e-06	TRUE	NA	NA	NA	NA	NA	NA
NC_045512.2	23426	G	T	53	34	27	22	22	26	0.222222	99	1.35583e-09	TRUE	NA	NA	NA	NA	NA	NA
NC_045512.2	23426	G	C	53	34	27	14	14	26	0.141414	99	1.35701e-06	TRUE	NA	NA	NA	NA	NA	NA
NC_045512.2	23426	G	A	53	34	27	10	10	26	0.10101	99	5.2711e-05	TRUE	NA	NA	NA	NA	NA	NA
NC_045512.2	23426	G	-T	53	34	27	1	0	20	0.010101	99	0.355263	FALSE	NA	NA	NA	NA	NA	NA
NC_045512.2	23427	T	G	56	39	25	7	7	26	0.076087	92	0.00148842	TRUE	NA	NA	NA	NA	NA	NA
NC_045512.2	23427	T	C	56	39	25	17	17	26	0.184783	92	2.96315e-07	TRUE	NA	NA	NA	NA	NA	NA
NC_045512.2	23427	T	A	56	39	25	12	12	27	0.130435	92	1.89125e-05	TRUE	NA	NA	NA	NA	NA	NA
NC_045512.2	23428	T	G	48	40	26	17	17	25	0.195402	87	1.53478e-07	TRUE	NA	NA	NA	NA	NA	NA
NC_045512.2	23428	T	C	48	40	26	10	10	25	0.114943	87	6.79895e-05	TRUE	NA	NA	NA	NA	NA	NA
NC_045512.2	23428	T	A	48	40	26	12	12	26	0.137931	87	1.1369e-05	TRUE	NA	NA	NA	NA	NA	NA
NC_045512.2	23429	G	T	52	35	26	20	20	26	0.208333	96	8.72097e-09	TRUE	NA	NA	NA	NA	NA	NA
NC_045512.2	23429	G	C	52	35	26	13	13	26	0.135417	96	3.7461e-06	TRUE	NA	NA	NA	NA	NA	NA
NC_045512.2	23429	G	A	52	35	26	11	11	25	0.114583	96	2.29089e-05	TRUE	NA	NA	NA	NA	NA	NA
NC_045512.2	23429	G	+A	52	35	26	1	0	20	0.0104167	96	0.358108	FALSE	NA	NA	NA	NA	NA	NA
NC_045512.2	23430	C	T	48	31	26	28	28	26	0.28866	97	3.94935e-12	TRUE	NA	NA	NA	NA	NA	NA
NC_045512.2	23430	C	G	48	31	26	6	6	27	0.0618557	97	0.00180647	TRUE	NA	NA	NA	NA	NA	NA
NC_045512.2	23430	C	A	48	31	26	15	15	26	0.154639	97	3.00821e-07	TRUE	NA	NA	NA	NA	NA	NA
NC_045512.2	23431	T	G	52	35	26	20	20	26	0.208333	96	8.72097e-09	TRUE	NA	NA	NA	NA	NA	NA
NC_045512.2	23431	T	C	52	35	26	10	10	24	0.104167	96	5.7454e-05	TRUE	NA	NA	NA	NA	NA	NA
NC_045512.2	23431	T	A	52	35	26	14	14	27	0.145833	96	1.53567e-06	TRUE	NA	NA	NA	NA	NA	NA
NC_045512.2	23432	A	T	40	24	26	28	28	25	0.291667	96	4.07997e-13	TRUE	NA	NA	NA	NA	NA	NA
NC_045512.2	23432	A	G	40	24	26	16	16	25	0.166667	96	2.71758e-08	TRUE	NA	NA	NA	NA	NA	NA
NC_045512.2	23432	A	C	40	24	26	12	12	25	0.125	96	1.53985e-06	TRUE	NA	NA	NA	NA	NA	NA
NC_045512.2	23433	T	G	61	45	25	10	10	26	0.107527	93	0.000167718	TRUE	NA	NA	NA	NA	NA	NA
NC_045512.2	23433	T	C	61	45	25	8	8	27	0.0860215	93	0.000891098	TRUE	NA	NA	NA	NA	NA	NA
NC_045512.2	23433	T	A	61	45	25	14	14	25	0.150538	93	6.52192e-06	TRUE	NA	NA	NA	NA	NA	NA
NC_045512.2	23434	T	G	51	40	26	11	11	25	0.122222	90	3.16585e-05	TRUE	NA	NA	NA	NA	NA	NA
NC_045512.2	23434	T	C	51	40	26	7	7	25	0.0777778	90	0.00118109	TRUE	NA	NA	NA	NA	NA	NA
NC_045512.2	23434	T	A	51	40	26	21	21	26	0.233333	90	7.0013e-09	TRUE	NA	NA	NA	NA	NA	NA
NC_045512.2	23435	C	T	44	28	26	22	22	26	0.234043	94	3.48359e-10	TRUE	NA	NA	NA	NA	NA	NA
NC_045512.2	23435	C	G	44	28	26	17	17	25	0.180851	94	3.0979e-08	TRUE	NA	NA	NA	NA	NA	NA
NC_045512.2	23435	C	A	44	28	26	11	11	25	0.117021	94	9.36599e-06	TRUE	NA	NA	NA	NA	NA	NA
NC_045512.2	23436	A	T	54	39	26	21	21	26	0.230769	91	1.09976e-08	TRUE	NA	NA	NA	NA	NA	NA
NC_045512.2	23436	A	G	54	39	26	10	10	25	0.10989	91	9.8739e-05	TRUE	NA	NA	NA	NA	NA	NA
NC_045512.2	23436	A	C	54	39	26	6	6	26	0.0659341	91	0.0035017	TRUE	NA	NA	NA	NA	NA	NA
NC_045512.2	23437	T	G	47	32	26	15	15	25	0.163043	92	4.19557e-07	TRUE	NA	NA	NA	NA	NA	NA
NC_045512.2	23437	T	C	47	32	26	7	7	24	0.076087	92	0.000767244	TRUE	NA	NA	NA	NA	NA	NA
NC_045512.2	23437	T	A	47	32	26	23	23	26	0.25	92	4.22107e-10	TRUE	NA	NA	NA	NA	NA	NA
NC_045512.2	23438	G	T	43	29	26	20	20	26	0.222222	90	2.79843e-09	TRUE	NA	NA	NA	NA	NA	NA
NC_045512.2	23438	G	C	43	29	26	14	14	26	0.155556	90	6.38408e-07	TRUE	NA	NA	NA	NA	NA	NA
NC_045512.2	23438	G	A	43	29	26	13	13	25	0.144444	90	1.63522e-06	TRUE	NA	NA	NA	NA	NA	NA
NC_045512.2	23439	C	T	44	30	25	14	14	26	0.152174	92	6.24595e-07	TRUE	NA	NA	NA	NA	NA	NA
NC_045512.2	23439	C	G	44	30	25	14	14	26	0.152174	92	6.24595e-07	TRUE	NA	NA	NA	NA	NA	NA
NC_045512.2	23439	C	A	44	30	25	20	20	26	0.217391	92	2.68157e-09	TRUE	NA	NA	NA	NA	NA	NA
NC_045512.2	23440	A	T	51	37	26	19	19	26	0.202128	94	2.13841e-08	TRUE	NA	NA	NA	NA	NA	NA
NC_045512.2	23440	A	G	51	37	26	11	11	24	0.117021	94	2.35131e-05	TRUE	NA	NA	NA	NA	NA	NA
NC_045512.2	23440	A	C	51	37	26	13	13	25	0.138298	94	3.87084e-06	TRUE	NA	NA	NA	NA	NA	NA
NC_045512.2	23441	G	T	49	35	27	13	13	27	0.142857	91	3.79367e-06	TRUE	NA	NA	NA	NA	NA	NA
NC_045512.2	23441	G	C	49	35	27	20	20	26	0.21978	91	9.18011e-09	TRUE	NA	NA	NA	NA	NA	NA
NC_045512.2	23441	G	A	49	35	27	9	9	27	0.0989011	91	0.000145356	TRUE	NA	NA	NA	NA	NA	NA
NC_045512.2	23442	A	T	49	36	26	19	19	25	0.215909	88	3.11503e-08	TRUE	NA	NA	NA	NA	NA	NA
NC_045512.2	23442	A	G	49	36	26	15	15	25	0.170455	88	8.84727e-07	TRUE	NA	NA	NA	NA	NA	NA
NC_045512.2	23442	A	C	49	36	26	5	5	24	0.0568182	88	0.00731563	TRUE	NA	NA	NA	NA	NA	NA
NC_045512.2	23443	T	G	50	38	27	14	14	25	0.16092	87	2.67187e-06	TRUE	NA	NA	NA	NA	NA	NA
NC_045512.2	23443	T	C	50	38	27	12	11	24	0.137931	87	1.48106e-05	TRUE	NA	NA	NA	NA	NA	NA
NC_045512.2	23443	T	A	50	38	27	11	11	25	0.126437	87	3.53544e-05	TRUE	NA	NA	NA	NA	NA	NA
NC_045512.2	23444	C	T	49	36	26	13	13	25	0.147727	88	4.97001e-06	TRUE	NA	NA	NA	NA	NA	NA
NC_045512.2	23444	C	G	49	36	26	15	15	26	0.170455	88	8.84727e-07	TRUE	NA	NA	NA	NA	NA	NA
NC_045512.2	23444	C	A	49	36	26	11	11	25	0.125	88	2.8979e-05	TRUE	NA	NA	NA	NA	NA	NA
NC_045512.2	23445	A	T	33	21	25	14	14	25	0.241379	58	4.29657e-06	TRUE	NA	NA	NA	NA	NA	NA
NC_045512.2	23445	A	G	33	21	25	6	6	26	0.103448	58	0.00351937	TRUE	NA	NA	NA	NA	NA	NA
NC_045512.2	23445	A	C	33	21	25	5	5	24	0.0862069	58	0.00866306	TRUE	NA	NA	NA	NA	NA	NA
NC_045512.2	23446	A	T	28	16	25	15	15	27	0.263158	57	7.03698e-07	TRUE	NA	NA	NA	NA	NA	NA
NC_045512.2	23446	A	G	28	16	25	5	5	26	0.0877193	57	0.00571789	TRUE	NA	NA	NA	NA	NA	NA
NC_045512.2	23446	A	C	28	16	25	9	9	26	0.157895	57	0.00012934	TRUE	NA	NA	NA	NA	NA	NA
NC_045512.2	23447	C	T	29	17	26	16	16	26	0.271186	59	2.87959e-07	TRUE	NA	NA	NA	NA	NA	NA
NC_045512.2	23447	C	G	29	17	26	4	4	26	0.0677966	59	0.0153105	FALSE	NA	NA	NA	NA	NA	NA
NC_045512.2	23447	C	A	29	17	26	10	10	24	0.169492	59	5.05504e-05	TRUE	NA	NA	NA	NA	NA	NA
NC_045512.2	23448	T	G	31	19	25	7	7	25	0.125	56	0.00133215	TRUE	NA	NA	NA	NA	NA	NA
NC_045512.2	23448	T	C	31	19	25	5	5	23	0.0892857	56	0.00810658	TRUE	NA	NA	NA	NA	NA	NA
NC_045512.2	23448	T	A	31	19	25	13	13	26	0.232143	56	8.39219e-06	TRUE	NA	NA	NA	NA	NA	NA
NC_045512.2	23449	T	G	36	24	25	6	6	24	0.103448	58	0.00468153	TRUE	NA	NA	NA	NA	NA	NA
NC_045512.2	23449	T	C	36	24	25	9	9	26	0.155172	58	0.000386901	TRUE	NA	NA	NA	NA	NA	NA
NC_045512.2	23449	T	A	36	24	25	7	7	25	0.12069	58	0.00201306	TRUE	NA	NA	NA	NA	NA	NA
NC_045512.2	23450	A	T	36	24	26	9	9	24	0.157895	57	0.000424343	TRUE	NA	NA	NA	NA	NA	NA
NC_045512.2	23450	A	G	36	24	26	5	5	24	0.0877193	57	0.0116283	FALSE	NA	NA	NA	NA	NA	NA
NC_045512.2	23450	A	C	36	24	26	7	7	26	0.122807	57	0.00216458	TRUE	NA	NA	NA	NA	NA	NA
NC_045512.2	23450	A	-C	36	24	26	1	0	20	0.0175439	57	0.397849	FALSE	NA	NA	NA	NA	NA	NA
NC_045512.2	23451	C	T	30	18	27	6	6	25	0.105263	57	0.00255533	TRUE	NA	NA	NA	NA	NA	NA
NC_045512.2	23451	C	G	30	18	27	6	6	23	0.105263	57	0.00255533	TRUE	NA	NA	NA	NA	NA	NA
NC_045512.2	23451	C	A	30	18	27	15	15	24	0.263158	57	9.88661e-07	TRUE	NA	NA	NA	NA	NA	NA
NC_045512.2	23452	T	G	29	17	27	10	10	24	0.175439	57	6.29144e-05	TRUE	NA	NA	NA	NA	NA	NA
NC_045512.2	23452	T	C	29	17	27	6	6	23	0.105263	57	0.00243512	TRUE	NA	NA	NA	NA	NA	NA
NC_045512.2	23452	T	A	29	17	27	12	12	24	0.210526	57	1.10803e-05	TRUE	NA	NA	NA	NA	NA	NA
NC_045512.2	23453	C	T	31	19	26	6	6	24	0.105263	57	0.00304992	TRUE	NA	NA	NA	NA	NA	NA
NC_045512.2	23453	C	G	31	19	26	10	10	26	0.175439	57	8.91426e-05	TRUE	NA	NA	NA	NA	NA	NA
NC_045512.2	23453	C	A	31	19	26	10	10	24	0.175439	57	8.91426e-05	TRUE	NA	NA	NA	NA	NA	NA
NC_045512.2	23454	C	T	30	18	25	6	6	25	0.105263	57	0.00273156	TRUE	NA	NA	NA	NA	NA	NA
NC_045512.2	23454	C	G	30	18	25	9	9	25	0.157895	57	0.000180354	TRUE	NA	NA	NA	NA	NA	NA
NC_045512.2	23454	C	A	30	18	25	12	12	24	0.210526	57	1.36129e-05	TRUE	NA	NA	NA	NA	NA	NA
NC_045512.2	23455	T	G	28	16	27	7	7	25	0.127273	55	0.000975945	TRUE	NA	NA	NA	NA	NA	NA
NC_045512.2	23455	T	C	28	16	27	7	7	25	0.127273	55	0.000975945	TRUE	NA	NA	NA	NA	NA	NA
NC_045512.2	23455	T	A	28	16	27	13	13	24	0.236364	55	5.04912e-06	TRUE	NA	NA	NA	NA	NA	NA
NC_045512.2	23456	A	T	14	8	26	3	3	22	0.125	24	0.0688259	FALSE	NA	NA	NA	NA	NA	NA
NC_045512.2	23456	A	G	14	8	26	5	5	25	0.208333	24	0.0136693	FALSE	NA	NA	NA	NA	NA	NA
NC_045512.2	23456	A	C	14	8	26	2	2	28	0.0833333	24	0.161943	FALSE	NA	NA	NA	NA	NA	NA
NC_045512.2	23457	C	T	8	2	27	5	5	27	0.277778	18	0.0090312	TRUE	NA	NA	NA	NA	NA	NA
NC_045512.2	23457	C	G	8	2	27	2	2	27	0.111111	18	0.128205	FALSE	NA	NA	NA	NA	NA	NA
NC_045512.2	23457	C	A	8	2	27	3	3	25	0.166667	18	0.0503663	FALSE	NA	NA	NA	NA	NA	NA
NC_045512.2	23458	T	G	8	2	28	2	2	27	0.125	16	0.15	FALSE	NA	NA	NA	NA	NA	NA
NC_045512.2	23458	T	C	8	2	28	2	2	26	0.125	16	0.15	FALSE	NA	NA	NA	NA	NA	NA
NC_045512.2	23458	T	A	8	2	28	4	4	27	0.25	16	0.0282051	FALSE	NA	NA	NA	NA	NA	NA
NC_045512.2	23459	T	G	10	5	24	1	1	26	0.0666667	15	0.44	FALSE	NA	NA	NA	NA	NA	NA
NC_045512.2	23459	T	C	10	5	24	3	3	26	0.2	15	0.0977778	FALSE	NA	NA	NA	NA	NA	NA
NC_045512.2	23459	T	A	10	5	24	1	1	26	0.0666667	15	0.44	FALSE	NA	NA	NA	NA	NA	NA
NC_045512.2	23460	G	T	7	1	27	6	6	25	0.375	16	0.00455487	TRUE	NA	NA	NA	NA	NA	NA
NC_045512.2	23460	G	C	7	1	27	1	1	20	0.0625	16	0.347826	FALSE	NA	NA	NA	NA	NA	NA
NC_045512.2	23460	G	A	7	1	27	2	2	25	0.125	16	0.130435	FALSE	NA	NA	NA	NA	NA	NA
NC_045512.2	23461	G	T	5	1	25	4	4	27	0.307692	13	0.0210526	FALSE	NA	NA	NA	NA	NA	NA
NC_045512.2	23461	G	C	5	1	25	4	4	27	0.307692	13	0.0210526	FALSE	NA	NA	NA	NA	NA	NA
NC_045512.2	23462	C	T	8	3	28	3	3	20	0.230769	13	0.0931677	FALSE	NA	NA	NA	NA	NA	NA
NC_045512.2	23462	C	A	8	3	28	2	2	25	0.153846	13	0.194805	FALSE	NA	NA	NA	NA	NA	NA
NC_045512.2	23463	G	T	6	1	28	6	6	27	0.461538	13	0.00686499	TRUE	NA	NA	NA	NA	NA	NA
NC_045512.2	23463	G	A	6	1	28	1	1	31	0.0769231	13	0.368421	FALSE	NA	NA	NA	NA	NA	NA
NC_045512.2	23464	T	C	8	3	27	3	3	27	0.25	12	0.107143	FALSE	NA	NA	NA	NA	NA	NA
NC_045512.2	23464	T	A	8	3	27	1	1	24	0.0833333	12	0.45	FALSE	NA	NA	NA	NA	NA	NA
NC_045512.2	23465	G	T	5	1	27	2	2	26	0.166667	12	0.137255	FALSE	NA	NA	NA	NA	NA	NA
NC_045512.2	23465	G	A	5	1	27	5	5	26	0.416667	12	0.0123839	FALSE	NA	NA	NA	NA	NA	NA
NC_045512.2	23466	T	G	7	3	26	2	2	23	0.2	10	0.235294	FALSE	NA	NA	NA	NA	NA	NA
NC_045512.2	23466	T	A	7	3	26	1	1	21	0.1	10	0.470588	FALSE	NA	NA	NA	NA	NA	NA
NC_045512.2	23467	T	G	5	1	27	1	1	32	0.0833333	12	0.352941	FALSE	NA	NA	NA	NA	NA	NA
NC_045512.2	23467	T	C	5	1	27	5	5	25	0.416667	12	0.0123839	FALSE	NA	NA	NA	NA	NA	NA
NC_045512.2	23467	T	A	5	1	27	1	1	26	0.0833333	12	0.352941	FALSE	NA	NA	NA	NA	NA	NA
NC_045512.2	23468	T	G	4	1	23	1	1	28	0.0909091	11	0.333333	FALSE	NA	NA	NA	NA	NA	NA
NC_045512.2	23468	T	C	4	1	23	1	1	22	0.0909091	11	0.333333	FALSE	NA	NA	NA	NA	NA	NA
NC_045512.2	23468	T	A	4	1	23	5	5	25	0.454545	11	0.0108359	FALSE	NA	NA	NA	NA	NA	NA
NC_045512.2	23469	A	T	5	1	26	1	1	27	0.1	10	0.4	FALSE	NA	NA	NA	NA	NA	NA
NC_045512.2	23469	A	G	5	1	26	2	2	21	0.2	10	0.175	FALSE	NA	NA	NA	NA	NA	NA
NC_045512.2	23469	A	C	5	1	26	2	2	28	0.2	10	0.175	FALSE	NA	NA	NA	NA	NA	NA
NC_045512.2	23470	T	G	5	1	26	5	5	26	0.416667	12	0.0123839	FALSE	NA	NA	NA	NA	NA	NA
NC_045512.2	23470	T	A	5	1	26	2	2	26	0.166667	12	0.137255	FALSE	NA	NA	NA	NA	NA	NA
NC_045512.2	23471	T	G	6	2	22	4	4	25	0.4	10	0.0541796	FALSE	NA	NA	NA	NA	NA	NA
NC_045512.2	23472	C	T	48	34	27	5	5	26	0.0925926	54	0.0283172	FALSE	NA	NA	NA	NA	NA	NA
NC_045512.2	23472	C	G	48	34	27	1	1	27	0.0185185	54	0.480392	FALSE	NA	NA	NA	NA	NA	NA
NC_045512.2	23473	T	G	49	35	27	4	4	27	0.0727273	55	0.0567423	FALSE	NA	NA	NA	NA	NA	NA
NC_045512.2	23473	T	A	49	35	27	2	2	22	0.0363636	55	0.233516	FALSE	NA	NA	NA	NA	NA	NA
NC_045512.2	23474	A	T	49	35	28	3	3	24	0.0545455	55	0.114555	FALSE	NA	NA	NA	NA	NA	NA
NC_045512.2	23474	A	G	49	35	28	1	1	23	0.0181818	55	0.480769	FALSE	NA	NA	NA	NA	NA	NA
NC_045512.2	23474	A	C	49	35	28	2	2	25	0.0363636	55	0.233516	FALSE	NA	NA	NA	NA	NA	NA
NC_045512.2	23475	C	T	49	35	27	5	5	25	0.0909091	55	0.0283712	FALSE	NA	NA	NA	NA	NA	NA
NC_045512.2	23475	C	G	49	35	27	1	1	28	0.0181818	55	0.480769	FALSE	NA	NA	NA	NA	NA	NA
NC_045512.2	23476	A	T	50	36	27	1	1	26	0.0181818	55	0.485714	FALSE	NA	NA	NA	NA	NA	NA
NC_045512.2	23476	A	G	50	36	27	2	2	27	0.0363636	55	0.238275	FALSE	NA	NA	NA	NA	NA	NA
NC_045512.2	23476	A	C	50	36	27	2	2	22	0.0363636	55	0.238275	FALSE	NA	NA	NA	NA	NA	NA
NC_045512.2	23477	G	T	48	34	25	3	3	24	0.0555556	54	0.114358	FALSE	NA	NA	NA	NA	NA	NA
NC_045512.2	23477	G	C	48	34	25	1	1	27	0.0185185	54	0.480392	FALSE	NA	NA	NA	NA	NA	NA
NC_045512.2	23477	G	A	48	34	25	2	2	27	0.037037	54	0.2332	FALSE	NA	NA	NA	NA	NA	NA
NC_045512.2	23478	G	T	48	35	27	2	2	30	0.037037	54	0.2332	FALSE	NA	NA	NA	NA	NA	NA
NC_045512.2	23478	G	C	48	35	27	4	4	26	0.0740741	54	0.0566343	FALSE	NA	NA	NA	NA	NA	NA
NC_045512.2	23479	T	C	51	37	25	2	2	30	0.037037	54	0.247619	FALSE	NA	NA	NA	NA	NA	NA
NC_045512.2	23479	T	A	51	37	25	1	1	23	0.0185185	54	0.495238	FALSE	NA	NA	NA	NA	NA	NA
NC_045512.2	23480	T	G	50	36	27	3	3	28	0.0555556	54	0.121429	FALSE	NA	NA	NA	NA	NA	NA
NC_045512.2	23480	T	C	50	36	27	1	1	23	0.0185185	54	0.490385	FALSE	NA	NA	NA	NA	NA	NA
NC_045512.2	23481	C	T	50	36	28	3	3	27	0.0555556	54	0.121429	FALSE	NA	NA	NA	NA	NA	NA
NC_045512.2	23481	C	A	50	36	28	1	1	23	0.0185185	54	0.490385	FALSE	NA	NA	NA	NA	NA	NA
NC_045512.2	23482	T	G	51	37	27	1	1	27	0.0185185	54	0.495238	FALSE	NA	NA	NA	NA	NA	NA
NC_045512.2	23482	T	A	51	37	27	2	2	26	0.037037	54	0.247619	FALSE	NA	NA	NA	NA	NA	NA
NC_045512.2	23483	A	G	47	33	24	2	2	27	0.0392157	51	0.242424	FALSE	NA	NA	NA	NA	NA	NA
NC_045512.2	23483	A	C	47	33	24	2	2	27	0.0392157	51	0.242424	FALSE	NA	NA	NA	NA	NA	NA
NC_045512.2	23484	A	T	49	37	26	2	2	26	0.0384615	52	0.247525	FALSE	NA	NA	NA	NA	NA	NA
NC_045512.2	23484	A	C	49	37	26	1	1	27	0.0192308	52	0.49505	FALSE	NA	NA	NA	NA	NA	NA
NC_045512.2	23485	T	G	49	35	26	3	3	27	0.0555556	54	0.117892	FALSE	NA	NA	NA	NA	NA	NA
NC_045512.2	23485	T	C	49	35	26	2	2	25	0.037037	54	0.238051	FALSE	NA	NA	NA	NA	NA	NA
NC_045512.2	23486	G	T	72	45	26	1	1	26	0.0128205	78	0.486667	FALSE	NA	NA	NA	NA	NA	NA
NC_045512.2	23486	G	A	72	45	26	5	5	24	0.0641026	78	0.0292278	FALSE	NA	NA	NA	NA	NA	NA
NC_045512.2	23486	G	-T	72	45	26	16	0	20	0.205128	78	2.12714e-05	TRUE	NA	NA	NA	NA	NA	NA
NC_045512.2	23487	T	G	27	1	26	16	13	25	0.340426	47	3.34375e-07	TRUE	NA	NA	NA	NA	NA	NA
NC_045512.2	23487	T	C	27	1	26	2	2	24	0.0425532	47	0.119306	FALSE	NA	NA	NA	NA	NA	NA
NC_045512.2	23487	T	A	27	1	26	2	2	28	0.0425532	47	0.119306	FALSE	NA	NA	NA	NA	NA	NA
NC_045512.2	23488	T	G	67	39	26	4	4	28	0.0555556	72	0.05985	FALSE	NA	NA	NA	NA	NA	NA
NC_045512.2	23488	T	C	67	39	26	1	1	27	0.0138889	72	0.489209	FALSE	NA	NA	NA	NA	NA	NA
NC_045512.2	23489	T	G	86	58	27	2	2	27	0.021978	91	0.243001	FALSE	NA	NA	NA	NA	NA	NA
NC_045512.2	23489	T	C	86	58	27	3	3	26	0.032967	91	0.120822	FALSE	NA	NA	NA	NA	NA	NA
NC_045512.2	23490	T	C	87	59	27	1	1	22	0.011236	89	0.5	FALSE	NA	NA	NA	NA	NA	NA
NC_045512.2	23490	T	A	87	59	27	1	1	25	0.011236	89	0.5	FALSE	NA	NA	NA	NA	NA	NA
NC_045512.2	23491	T	G	57	57	26	2	2	27	0.0322581	62	0.239636	FALSE	NA	NA	NA	NA	NA	NA
NC_045512.2	23491	T	C	57	57	26	2	2	28	0.0322581	62	0.239636	FALSE	NA	NA	NA	NA	NA	NA
NC_045512.2	23491	T	A	57	57	26	1	1	27	0.016129	62	0.487395	FALSE	NA	NA	NA	NA	NA	NA
NC_045512.2	23492	C	T	87	59	25	2	2	23	0.0222222	90	0.248588	FALSE	NA	NA	NA	NA	NA	NA
NC_045512.2	23492	C	G	87	59	25	1	1	27	0.0111111	90	0.497175	FALSE	NA	NA	NA	NA	NA	NA
NC_045512.2	23492	C	-A	87	59	25	1	0	20	0.0111111	90	0.497175	FALSE	NA	NA	NA	NA	NA	NA
NC_045512.2	23493	A	T	48	20	25	4	4	27	0.0754717	53	0.0566343	FALSE	NA	NA	NA	NA	NA	NA
NC_045512.2	23493	A	C	48	20	25	1	1	28	0.0188679	53	0.480392	FALSE	NA	NA	NA	NA	NA	NA
NC_045512.2	23494	A	G	86	58	27	4	4	25	0.0444444	90	0.0617839	FALSE	NA	NA	NA	NA	NA	NA
NC_045512.2	23495	A	T	78	57	25	2	2	22	0.0235294	85	0.236421	FALSE	NA	NA	NA	NA	NA	NA
NC_045512.2	23495	A	G	78	57	25	3	3	26	0.0352941	85	0.116061	FALSE	NA	NA	NA	NA	NA	NA
NC_045512.2	23495	A	C	78	57	25	2	1	27	0.0235294	85	0.236421	FALSE	NA	NA	NA	NA	NA	NA
NC_045512.2	23496	C	T	85	57	26	4	4	26	0.0444444	90	0.0603874	FALSE	NA	NA	NA	NA	NA	NA
NC_045512.2	23496	C	A	85	57	26	1	1	27	0.0111111	90	0.491429	FALSE	NA	NA	NA	NA	NA	NA
NC_045512.2	23497	A	T	85	57	26	4	4	26	0.0434783	92	0.057726	FALSE	NA	NA	NA	NA	NA	NA
NC_045512.2	23497	A	G	85	57	26	3	3	27	0.0326087	92	0.116749	FALSE	NA	NA	NA	NA	NA	NA
NC_045512.2	23498	C	T	89	61	26	3	3	24	0.0322581	93	0.122951	FALSE	NA	NA	NA	NA	NA	NA
NC_045512.2	23498	C	G	89	61	26	1	1	28	0.0107527	93	0.494505	FALSE	NA	NA	NA	NA	NA	NA
NC_045512.2	23499	G	T	84	56	26	7	7	26	0.0752688	93	0.00666612	TRUE	NA	NA	NA	NA	NA	NA
NC_045512.2	23499	G	C	84	56	26	1	1	28	0.0107527	93	0.480226	FALSE	NA	NA	NA	NA	NA	NA
NC_045512.2	23499	G	A	84	56	26	1	1	20	0.0107527	93	0.480226	FALSE	NA	NA	NA	NA	NA	NA
NC_045512.2	23500	T	C	84	56	26	4	4	26	0.0425532	94	0.0539132	FALSE	NA	NA	NA	NA	NA	NA
NC_045512.2	23500	T	A	84	56	26	6	6	26	0.0638298	94	0.012966	FALSE	NA	NA	NA	NA	NA	NA
NC_045512.2	23501	G	T	84	56	27	4	4	25	0.0430108	93	0.0551316	FALSE	NA	NA	NA	NA	NA	NA
NC_045512.2	23501	G	C	84	56	27	3	3	26	0.0322581	93	0.112769	FALSE	NA	NA	NA	NA	NA	NA
NC_045512.2	23501	G	A	84	56	27	2	2	28	0.0215054	93	0.232019	FALSE	NA	NA	NA	NA	NA	NA
NC_045512.2	23502	C	T	83	55	27	7	7	27	0.0744681	94	0.00615334	TRUE	NA	NA	NA	NA	NA	NA
NC_045512.2	23502	C	A	83	55	27	4	4	27	0.0425532	94	0.0526256	FALSE	NA	NA	NA	NA	NA	NA
NC_045512.2	23503	A	T	86	58	27	1	1	28	0.0105263	95	0.480663	FALSE	NA	NA	NA	NA	NA	NA
NC_045512.2	23503	A	G	86	58	27	4	4	26	0.0421053	95	0.0552861	FALSE	NA	NA	NA	NA	NA	NA
NC_045512.2	23503	A	C	86	58	27	4	4	29	0.0421053	95	0.0552861	FALSE	NA	NA	NA	NA	NA	NA
NC_045512.2	23503	A	-G	86	58	27	1	0	20	0.0105263	95	0.480663	FALSE	NA	NA	NA	NA	NA	NA
NC_045512.2	23504	G	T	81	53	25	1	1	28	0.0111111	90	0.476744	FALSE	NA	NA	NA	NA	NA	NA
NC_045512.2	23504	G	C	81	53	25	2	2	27	0.0222222	90	0.228727	FALSE	NA	NA	NA	NA	NA	NA
NC_045512.2	23504	G	A	81	53	25	6	6	26	0.0666667	90	0.0128813	FALSE	NA	NA	NA	NA	NA	NA
NC_045512.2	23505	G	T	85	57	25	4	4	25	0.0421053	95	0.0540029	FALSE	NA	NA	NA	NA	NA	NA
NC_045512.2	23505	G	C	85	57	25	1	1	27	0.0105263	95	0.477778	FALSE	NA	NA	NA	NA	NA	NA
NC_045512.2	23505	G	A	85	57	25	5	5	26	0.0526316	95	0.0264144	FALSE	NA	NA	NA	NA	NA	NA
NC_045512.2	23506	C	T	87	59	27	3	3	28	0.0315789	95	0.11502	FALSE	NA	NA	NA	NA	NA	NA
NC_045512.2	23506	C	G	87	59	27	5	5	27	0.0526316	95	0.0279846	FALSE	NA	NA	NA	NA	NA	NA
NC_045512.2	23507	T	G	87	59	27	1	1	26	0.0105263	95	0.483516	FALSE	NA	NA	NA	NA	NA	NA
NC_045512.2	23507	T	C	87	59	27	4	4	27	0.0421053	95	0.0565776	FALSE	NA	NA	NA	NA	NA	NA
NC_045512.2	23507	T	A	87	59	27	3	3	26	0.0315789	95	0.11502	FALSE	NA	NA	NA	NA	NA	NA
NC_045512.2	23508	G	T	85	57	27	5	5	28	0.0526316	95	0.0264144	FALSE	NA	NA	NA	NA	NA	NA
NC_045512.2	23508	G	C	85	57	27	3	3	25	0.0315789	95	0.11104	FALSE	NA	NA	NA	NA	NA	NA
NC_045512.2	23508	G	A	85	57	27	2	2	28	0.0210526	95	0.22965	FALSE	NA	NA	NA	NA	NA	NA
NC_045512.2	23509	T	G	77	49	24	5	5	26	0.0574713	87	0.0259806	FALSE	NA	NA	NA	NA	NA	NA
NC_045512.2	23509	T	C	77	49	24	4	4	27	0.045977	87	0.0532285	FALSE	NA	NA	NA	NA	NA	NA
NC_045512.2	23509	T	A	77	49	24	1	1	24	0.0114943	87	0.47561	FALSE	NA	NA	NA	NA	NA	NA
NC_045512.2	23510	T	C	87	59	28	2	2	27	0.0210526	95	0.235153	FALSE	NA	NA	NA	NA	NA	NA
NC_045512.2	23510	T	A	87	59	28	6	6	25	0.0631579	95	0.0139175	FALSE	NA	NA	NA	NA	NA	NA
NC_045512.2	23511	T	G	82	62	25	2	2	27	0.0227273	88	0.239835	FALSE	NA	NA	NA	NA	NA	NA
NC_045512.2	23511	T	C	82	62	25	2	2	28	0.0227273	88	0.239835	FALSE	NA	NA	NA	NA	NA	NA
NC_045512.2	23511	T	A	82	62	25	2	2	28	0.0227273	88	0.239835	FALSE	NA	NA	NA	NA	NA	NA
NC_045512.2	23512	A	T	72	45	24	2	2	25	0.0235294	85	0.21777	FALSE	NA	NA	NA	NA	NA	NA
NC_045512.2	23512	A	G	72	45	24	5	5	25	0.0588235	85	0.0233357	FALSE	NA	NA	NA	NA	NA	NA
NC_045512.2	23512	A	C	72	45	24	6	6	27	0.0705882	85	0.0112357	FALSE	NA	NA	NA	NA	NA	NA
NC_045512.2	23513	A	T	84	60	25	7	7	26	0.0744681	94	0.00641252	TRUE	NA	NA	NA	NA	NA	NA
NC_045512.2	23513	A	G	84	60	25	2	1	27	0.0212766	94	0.229427	FALSE	NA	NA	NA	NA	NA	NA
NC_045512.2	23513	A	C	84	60	25	1	1	27	0.0106383	94	0.477528	FALSE	NA	NA	NA	NA	NA	NA
NC_045512.2	23514	T	G	86	60	26	3	3	24	0.0306122	98	0.107619	FALSE	NA	NA	NA	NA	NA	NA
NC_045512.2	23514	T	C	86	60	26	4	3	27	0.0408163	98	0.0517953	FALSE	NA	NA	NA	NA	NA	NA
NC_045512.2	23514	T	A	86	60	26	5	5	27	0.0510204	98	0.0250711	FALSE	NA	NA	NA	NA	NA	NA
NC_045512.2	23515	A	T	86	59	27	4	4	27	0.0412371	97	0.0529274	FALSE	NA	NA	NA	NA	NA	NA
NC_045512.2	23515	A	G	86	59	27	3	3	28	0.0309278	97	0.109383	FALSE	NA	NA	NA	NA	NA	NA
NC_045512.2	23515	A	C	86	59	27	4	4	27	0.0412371	97	0.0529274	FALSE	NA	NA	NA	NA	NA	NA
NC_045512.2	23516	G	T	62	35	24	5	5	25	0.0666667	75	0.0223404	FALSE	NA	NA	NA	NA	NA	NA
NC_045512.2	23516	G	C	62	35	24	6	6	27	0.08	75	0.0106982	FALSE	NA	NA	NA	NA	NA	NA
NC_045512.2	23516	G	A	62	35	24	2	2	27	0.0266667	75	0.213266	FALSE	NA	NA	NA	NA	NA	NA
NC_045512.2	23517	G	T	87	60	28	9	9	26	0.0909091	99	0.00145925	TRUE	NA	NA	NA	NA	NA	NA
NC_045512.2	23517	G	C	87	60	28	2	2	27	0.020202	99	0.225174	FALSE	NA	NA	NA	NA	NA	NA
NC_045512.2	23517	G	A	87	60	28	1	1	21	0.010101	99	0.473118	FALSE	NA	NA	NA	NA	NA	NA
NC_045512.2	23518	G	T	86	59	28	5	5	25	0.0510204	98	0.0250711	FALSE	NA	NA	NA	NA	NA	NA
NC_045512.2	23518	G	C	86	59	28	1	1	27	0.0102041	98	0.472826	FALSE	NA	NA	NA	NA	NA	NA
NC_045512.2	23518	G	A	86	59	28	6	6	28	0.0612245	98	0.0122039	FALSE	NA	NA	NA	NA	NA	NA
NC_045512.2	23519	G	T	73	58	26	7	7	25	0.0804598	87	0.00523992	TRUE	NA	NA	NA	NA	NA	NA
NC_045512.2	23519	G	C	73	58	26	5	5	26	0.0574713	87	0.0227091	FALSE	NA	NA	NA	NA	NA	NA
NC_045512.2	23519	G	A	73	58	26	2	2	29	0.0229885	87	0.21545	FALSE	NA	NA	NA	NA	NA	NA
NC_045512.2	23520	C	T	87	60	27	8	8	26	0.0808081	99	0.00294889	TRUE	NA	NA	NA	NA	NA	NA
NC_045512.2	23520	C	G	87	60	27	1	1	29	0.010101	99	0.473118	FALSE	NA	NA	NA	NA	NA	NA
NC_045512.2	23520	C	A	87	60	27	3	3	27	0.030303	99	0.107796	FALSE	NA	NA	NA	NA	NA	NA
NC_045512.2	23521	T	G	88	61	27	2	2	22	0.020202	99	0.227842	FALSE	NA	NA	NA	NA	NA	NA
NC_045512.2	23521	T	C	88	61	27	4	4	24	0.040404	99	0.0531186	FALSE	NA	NA	NA	NA	NA	NA
NC_045512.2	23521	T	A	88	61	27	5	5	27	0.0505051	99	0.025864	FALSE	NA	NA	NA	NA	NA	NA
NC_045512.2	23522	G	T	85	59	27	5	5	27	0.0505051	99	0.0236936	FALSE	NA	NA	NA	NA	NA	NA
NC_045512.2	23522	G	C	85	59	27	5	5	26	0.0505051	99	0.0236936	FALSE	NA	NA	NA	NA	NA	NA
NC_045512.2	23522	G	A	85	59	27	4	4	24	0.040404	99	0.0494933	FALSE	NA	NA	NA	NA	NA	NA
NC_045512.2	23523	A	T	88	61	25	4	4	26	0.0412371	97	0.0554342	FALSE	NA	NA	NA	NA	NA	NA
NC_045512.2	23523	A	G	88	61	25	2	2	28	0.0206186	97	0.232781	FALSE	NA	NA	NA	NA	NA	NA
NC_045512.2	23523	A	C	88	61	25	3	3	26	0.0309278	97	0.113279	FALSE	NA	NA	NA	NA	NA	NA
NC_045512.2	23524	A	T	85	60	26	9	9	26	0.0927835	97	0.00144988	TRUE	NA	NA	NA	NA	NA	NA
NC_045512.2	23524	A	G	85	60	26	1	1	26	0.0103093	97	0.472527	FALSE	NA	NA	NA	NA	NA	NA
NC_045512.2	23524	A	C	85	60	26	2	2	26	0.0206186	97	0.224644	FALSE	NA	NA	NA	NA	NA	NA
NC_045512.2	23525	C	T	4	4	26	86	59	28	0.86	100	5.51209e-48	TRUE	NA	NA	NA	NA	NA	NA
NC_045512.2	23525	C	G	4	4	26	6	6	26	0.06	100	6.63696e-07	TRUE	NA	NA	NA	NA	NA	NA
NC_045512.2	23525	C	A	4	4	26	4	4	26	0.04	100	6.33e-05	TRUE	NA	NA	NA	NA	NA	NA
NC_045512.2	23526	A	T	86	59	27	6	6	23	0.0594059	101	0.0468623	FALSE	NA	NA	NA	NA	NA	NA
NC_045512.2	23526	A	G	86	59	27	5	5	26	0.049505	101	0.0853569	FALSE	NA	NA	NA	NA	NA	NA
NC_045512.2	23526	A	C	86	59	27	4	4	29	0.039604	101	0.15304	FALSE	NA	NA	NA	NA	NA	NA
NC_045512.2	23526	A	-T	86	59	27	1	0	20	0.00990099	101	0.71537	FALSE	NA	NA	NA	NA	NA	NA
NC_045512.2	23527	T	G	89	63	27	5	5	27	0.0510204	98	0.0273171	FALSE	NA	NA	NA	NA	NA	NA
NC_045512.2	23527	T	C	89	63	27	2	2	26	0.0204082	98	0.232962	FALSE	NA	NA	NA	NA	NA	NA
NC_045512.2	23527	T	A	89	63	27	2	2	27	0.0204082	98	0.232962	FALSE	NA	NA	NA	NA	NA	NA
NC_045512.2	23528	G	T	87	62	27	6	6	25	0.06	100	0.0483387	FALSE	NA	NA	NA	NA	NA	NA
NC_045512.2	23528	G	C	87	62	27	2	2	28	0.02	100	0.456165	FALSE	NA	NA	NA	NA	NA	NA
NC_045512.2	23528	G	A	87	62	27	5	5	26	0.05	100	0.0875693	FALSE	NA	NA	NA	NA	NA	NA
NC_045512.2	23529	T	G	90	64	27	6	6	27	0.0588235	102	0.0514568	FALSE	NA	NA	NA	NA	NA	NA
NC_045512.2	23529	T	C	90	64	27	4	4	26	0.0392157	102	0.162641	FALSE	NA	NA	NA	NA	NA	NA
NC_045512.2	23529	T	A	90	64	27	2	2	28	0.0196078	102	0.464868	FALSE	NA	NA	NA	NA	NA	NA
NC_045512.2	23530	C	T	87	61	27	9	9	26	0.0873786	103	0.00708544	TRUE	NA	NA	NA	NA	NA	NA
NC_045512.2	23530	C	G	87	61	27	5	5	25	0.0485437	103	0.083659	FALSE	NA	NA	NA	NA	NA	NA
NC_045512.2	23530	C	A	87	61	27	2	2	26	0.0194175	103	0.448762	FALSE	NA	NA	NA	NA	NA	NA
NC_045512.2	23530	C	-A	87	61	27	1	0	20	0.00970874	103	0.713116	FALSE	NA	NA	NA	NA	NA	NA
NC_045512.2	23531	A	T	85	59	24	7	7	26	0.0686275	102	0.0237243	FALSE	NA	NA	NA	NA	NA	NA
NC_045512.2	23531	A	G	85	59	24	5	5	27	0.0490196	102	0.0812549	FALSE	NA	NA	NA	NA	NA	NA
NC_045512.2	23531	A	C	85	59	24	5	5	25	0.0490196	102	0.0812549	FALSE	NA	NA	NA	NA	NA	NA
NC_045512.2	23531	A	-A	85	59	24	1	0	20	0.00980392	102	0.70962	FALSE	NA	NA	NA	NA	NA	NA
NC_045512.2	23532	A	T	82	60	25	6	6	27	0.0625	96	0.0109177	FALSE	NA	NA	NA	NA	NA	NA
NC_045512.2	23532	A	G	82	60	25	5	5	27	0.0520833	96	0.022828	FALSE	NA	NA	NA	NA	NA	NA
NC_045512.2	23532	A	C	82	60	25	3	3	27	0.03125	96	0.101618	FALSE	NA	NA	NA	NA	NA	NA
NC_045512.2	23533	C	T	84	58	26	9	9	25	0.0873786	103	0.00612882	TRUE	NA	NA	NA	NA	NA	NA
NC_045512.2	23533	C	G	84	58	26	3	3	26	0.0291262	103	0.253179	FALSE	NA	NA	NA	NA	NA	NA
NC_045512.2	23533	C	A	84	58	26	7	7	27	0.0679612	103	0.022091	FALSE	NA	NA	NA	NA	NA	NA
NC_045512.2	23534	A	T	86	60	24	7	7	26	0.0707071	99	0.00575458	TRUE	NA	NA	NA	NA	NA	NA
NC_045512.2	23534	A	G	86	60	24	3	3	26	0.030303	99	0.105893	FALSE	NA	NA	NA	NA	NA	NA
NC_045512.2	23534	A	C	86	60	24	3	3	25	0.030303	99	0.105893	FALSE	NA	NA	NA	NA	NA	NA
NC_045512.2	23535	A	T	77	58	26	11	11	26	0.113402	97	0.000211714	TRUE	NA	NA	NA	NA	NA	NA
NC_045512.2	23535	A	G	77	58	26	3	3	25	0.0309278	97	0.0919839	FALSE	NA	NA	NA	NA	NA	NA
NC_045512.2	23535	A	C	77	58	26	6	6	27	0.0618557	97	0.00899171	TRUE	NA	NA	NA	NA	NA	NA
NC_045512.2	23536	C	T	85	59	27	7	7	28	0.0660377	106	0.0207922	FALSE	NA	NA	NA	NA	NA	NA
NC_045512.2	23536	C	G	85	59	27	6	6	27	0.0566038	106	0.0394685	FALSE	NA	NA	NA	NA	NA	NA
NC_045512.2	23536	C	A	85	59	27	8	8	25	0.0754717	106	0.0108746	FALSE	NA	NA	NA	NA	NA	NA
NC_045512.2	23537	T	G	88	62	27	1	1	29	0.00952381	105	0.710924	FALSE	NA	NA	NA	NA	NA	NA
NC_045512.2	23537	T	C	88	62	27	9	9	25	0.0857143	105	0.00682318	TRUE	NA	NA	NA	NA	NA	NA
NC_045512.2	23537	T	A	88	62	27	7	7	25	0.0666667	105	0.0240242	FALSE	NA	NA	NA	NA	NA	NA
NC_045512.2	23538	C	T	85	60	27	10	10	25	0.0934579	107	0.0028013	TRUE	NA	NA	NA	NA	NA	NA
NC_045512.2	23538	C	G	85	60	27	6	6	25	0.0560748	107	0.038391	FALSE	NA	NA	NA	NA	NA	NA
NC_045512.2	23538	C	A	85	60	27	6	6	25	0.0560748	107	0.038391	FALSE	NA	NA	NA	NA	NA	NA
NC_045512.2	23539	A	T	87	61	27	12	12	27	0.111111	108	0.000800674	TRUE	NA	NA	NA	NA	NA	NA
NC_045512.2	23539	A	G	87	61	27	5	5	26	0.0462963	108	0.0747472	FALSE	NA	NA	NA	NA	NA	NA
NC_045512.2	23539	A	C	87	61	27	4	4	25	0.037037	108	0.13795	FALSE	NA	NA	NA	NA	NA	NA
NC_045512.2	23540	T	G	88	62	27	5	5	26	0.0471698	106	0.080221	FALSE	NA	NA	NA	NA	NA	NA
NC_045512.2	23540	T	C	88	62	27	7	7	26	0.0660377	106	0.0232638	FALSE	NA	NA	NA	NA	NA	NA
NC_045512.2	23540	T	A	88	62	27	6	6	25	0.0566038	106	0.0434348	FALSE	NA	NA	NA	NA	NA	NA
NC_045512.2	23541	A	T	89	63	27	7	7	26	0.0648148	108	0.0226358	FALSE	NA	NA	NA	NA	NA	NA
NC_045512.2	23541	A	G	89	63	27	4	4	25	0.037037	108	0.143704	FALSE	NA	NA	NA	NA	NA	NA
NC_045512.2	23541	A	C	89	63	27	8	8	26	0.0740741	108	0.0119818	FALSE	NA	NA	NA	NA	NA	NA
NC_045512.2	23542	T	G	89	63	28	3	3	25	0.0280374	107	0.259279	FALSE	NA	NA	NA	NA	NA	NA
NC_045512.2	23542	T	C	89	63	28	4	4	26	0.0373832	107	0.146208	FALSE	NA	NA	NA	NA	NA	NA
NC_045512.2	23542	T	A	89	63	28	11	11	26	0.102804	107	0.00182629	TRUE	NA	NA	NA	NA	NA	NA
NC_045512.2	23543	G	T	91	65	27	5	5	24	0.0458716	109	0.0809993	FALSE	NA	NA	NA	NA	NA	NA
NC_045512.2	23543	G	C	91	65	27	5	5	26	0.0458716	109	0.0809993	FALSE	NA	NA	NA	NA	NA	NA
NC_045512.2	23543	G	A	91	65	27	8	8	26	0.0733945	109	0.0125433	FALSE	NA	NA	NA	NA	NA	NA
NC_045512.2	23543	G	-A	91	65	27	1	0	20	0.00917431	109	0.709648	FALSE	NA	NA	NA	NA	NA	NA
NC_045512.2	23544	A	T	87	61	27	6	6	26	0.0555556	108	0.039859	FALSE	NA	NA	NA	NA	NA	NA
NC_045512.2	23544	A	G	87	61	27	10	10	25	0.0925926	108	0.00298049	TRUE	NA	NA	NA	NA	NA	NA
NC_045512.2	23544	A	C	87	61	27	5	5	25	0.0462963	108	0.0747472	FALSE	NA	NA	NA	NA	NA	NA
NC_045512.2	23545	G	T	91	65	27	6	6	27	0.0560748	107	0.0463183	FALSE	NA	NA	NA	NA	NA	NA
NC_045512.2	23545	G	C	91	65	27	8	8	26	0.0747664	107	0.0134803	FALSE	NA	NA	NA	NA	NA	NA
NC_045512.2	23545	G	A	91	65	27	2	2	27	0.0186916	107	0.450827	FALSE	NA	NA	NA	NA	NA	NA
NC_045512.2	23546	T	G	91	65	27	6	6	27	0.0555556	108	0.0451048	FALSE	NA	NA	NA	NA	NA	NA
NC_045512.2	23546	T	C	91	65	27	6	6	26	0.0555556	108	0.0451048	FALSE	NA	NA	NA	NA	NA	NA
NC_045512.2	23546	T	A	91	65	27	5	5	26	0.0462963	108	0.0827762	FALSE	NA	NA	NA	NA	NA	NA
NC_045512.2	23547	G	T	90	64	27	8	8	26	0.0733945	109	0.0120424	FALSE	NA	NA	NA	NA	NA	NA
NC_045512.2	23547	G	C	90	64	27	3	3	27	0.0275229	109	0.256589	FALSE	NA	NA	NA	NA	NA	NA
NC_045512.2	23547	G	A	90	64	27	8	8	24	0.0733945	109	0.0120424	FALSE	NA	NA	NA	NA	NA	NA
NC_045512.2	23548	T	G	89	63	27	6	6	27	0.0545455	110	0.0402368	FALSE	NA	NA	NA	NA	NA	NA
NC_045512.2	23548	T	C	89	63	27	10	10	26	0.0909091	110	0.00302238	TRUE	NA	NA	NA	NA	NA	NA
NC_045512.2	23548	T	A	89	63	27	5	5	26	0.0454545	110	0.0753494	FALSE	NA	NA	NA	NA	NA	NA
NC_045512.2	23549	G	T	86	60	28	12	12	27	0.109091	110	0.000670588	TRUE	NA	NA	NA	NA	NA	NA
NC_045512.2	23549	G	C	86	60	28	4	4	27	0.0363636	110	0.130433	FALSE	NA	NA	NA	NA	NA	NA
NC_045512.2	23549	G	A	86	60	28	8	8	25	0.0727273	110	0.00979242	TRUE	NA	NA	NA	NA	NA	NA
NC_045512.2	23550	A	T	86	60	27	12	12	27	0.109091	110	0.000670588	TRUE	NA	NA	NA	NA	NA	NA
NC_045512.2	23550	A	G	86	60	27	7	7	25	0.0636364	110	0.0189871	FALSE	NA	NA	NA	NA	NA	NA
NC_045512.2	23550	A	C	86	60	27	5	5	26	0.0454545	110	0.0695989	FALSE	NA	NA	NA	NA	NA	NA
NC_045512.2	23551	C	T	86	60	27	5	5	26	0.0458716	109	0.0711697	FALSE	NA	NA	NA	NA	NA	NA
NC_045512.2	23551	C	G	86	60	27	6	6	26	0.0550459	109	0.0375551	FALSE	NA	NA	NA	NA	NA	NA
NC_045512.2	23551	C	A	86	60	27	12	12	25	0.110092	109	0.000709336	TRUE	NA	NA	NA	NA	NA	NA
NC_045512.2	23552	A	T	95	69	26	10	10	25	0.0925926	108	0.0044592	TRUE	NA	NA	NA	NA	NA	NA
NC_045512.2	23552	A	G	95	69	26	2	2	27	0.0185185	108	0.463083	FALSE	NA	NA	NA	NA	NA	NA
NC_045512.2	23552	A	C	95	69	26	1	1	30	0.00925926	108	0.472906	FALSE	NA	NA	NA	NA	NA	NA
NC_045512.2	23553	T	G	97	71	27	10	10	26	0.0900901	111	0.00429185	TRUE	NA	NA	NA	NA	NA	NA
NC_045512.2	23553	T	C	97	71	27	2	2	27	0.018018	111	0.460372	FALSE	NA	NA	NA	NA	NA	NA
NC_045512.2	23553	T	A	97	71	27	2	2	25	0.018018	111	0.460372	FALSE	NA	NA	NA	NA	NA	NA
NC_045512.2	23554	A	T	91	65	27	9	9	27	0.0849057	106	0.00750955	TRUE	NA	NA	NA	NA	NA	NA
NC_045512.2	23554	A	G	91	65	27	2	2	27	0.0188679	106	0.45437	FALSE	NA	NA	NA	NA	NA	NA
NC_045512.2	23554	A	C	91	65	27	4	4	25	0.0377358	106	0.154679	FALSE	NA	NA	NA	NA	NA	NA
NC_045512.2	23555	C	T	79	54	24	8	8	27	0.0792079	101	0.0100299	FALSE	NA	NA	NA	NA	NA	NA
NC_045512.2	23555	C	G	79	54	24	7	7	24	0.0693069	101	0.0193563	FALSE	NA	NA	NA	NA	NA	NA
NC_045512.2	23555	C	A	79	54	24	7	7	25	0.0693069	101	0.0193563	FALSE	NA	NA	NA	NA	NA	NA
NC_045512.2	23556	C	T	81	57	28	8	8	27	0.0769231	104	0.0097924	TRUE	NA	NA	NA	NA	NA	NA
NC_045512.2	23556	C	G	81	57	28	9	9	26	0.0865385	104	0.00503301	TRUE	NA	NA	NA	NA	NA	NA
NC_045512.2	23556	C	A	81	57	28	6	6	26	0.0576923	104	0.0364808	FALSE	NA	NA	NA	NA	NA	NA
NC_045512.2	23557	C	T	77	58	25	6	6	26	0.06	100	0.0345056	FALSE	NA	NA	NA	NA	NA	NA
NC_045512.2	23557	C	G	77	58	25	10	10	28	0.1	100	0.0023584	TRUE	NA	NA	NA	NA	NA	NA
NC_045512.2	23557	C	A	77	58	25	7	7	25	0.07	100	0.0177799	FALSE	NA	NA	NA	NA	NA	NA
NC_045512.2	23558	A	T	85	62	26	7	7	26	0.0673077	104	0.0222037	FALSE	NA	NA	NA	NA	NA	NA
NC_045512.2	23558	A	G	85	62	26	8	8	27	0.0769231	104	0.0117292	FALSE	NA	NA	NA	NA	NA	NA
NC_045512.2	23558	A	C	85	62	26	4	4	26	0.0384615	104	0.142015	FALSE	NA	NA	NA	NA	NA	NA
NC_045512.2	23559	T	G	80	58	24	5	5	26	0.0515464	97	0.0214229	FALSE	NA	NA	NA	NA	NA	NA
NC_045512.2	23559	T	C	80	58	24	8	8	27	0.0824742	97	0.00230164	TRUE	NA	NA	NA	NA	NA	NA
NC_045512.2	23559	T	A	80	58	24	4	4	25	0.0412371	97	0.0456181	FALSE	NA	NA	NA	NA	NA	NA
NC_045512.2	23560	T	G	79	61	26	7	7	26	0.0714286	98	0.00442531	TRUE	NA	NA	NA	NA	NA	NA
NC_045512.2	23560	T	C	79	61	26	6	6	27	0.0612245	98	0.00941665	TRUE	NA	NA	NA	NA	NA	NA
NC_045512.2	23560	T	A	79	61	26	6	6	25	0.0612245	98	0.00941665	TRUE	NA	NA	NA	NA	NA	NA
NC_045512.2	23561	G	T	84	62	24	7	7	26	0.0660377	106	0.0200016	FALSE	NA	NA	NA	NA	NA	NA
NC_045512.2	23561	G	C	84	62	24	8	8	26	0.0754717	106	0.0104023	FALSE	NA	NA	NA	NA	NA	NA
NC_045512.2	23561	G	A	84	62	24	7	7	25	0.0660377	106	0.0200016	FALSE	NA	NA	NA	NA	NA	NA
NC_045512.2	23562	G	T	81	61	26	8	8	27	0.0754717	106	0.00906163	TRUE	NA	NA	NA	NA	NA	NA
NC_045512.2	23562	G	C	81	61	26	5	5	26	0.0471698	106	0.0662517	FALSE	NA	NA	NA	NA	NA	NA
NC_045512.2	23562	G	A	81	61	26	12	12	26	0.113208	106	0.000600288	TRUE	NA	NA	NA	NA	NA	NA
NC_045512.2	23563	T	G	82	61	27	4	4	26	0.0366972	109	0.121512	FALSE	NA	NA	NA	NA	NA	NA
NC_045512.2	23563	T	C	82	61	27	9	8	26	0.0825688	109	0.00427006	TRUE	NA	NA	NA	NA	NA	NA
NC_045512.2	23563	T	A	82	61	27	14	14	27	0.12844	109	0.00013642	TRUE	NA	NA	NA	NA	NA	NA
NC_045512.2	23564	G	T	81	59	27	9	9	26	0.0833333	108	0.00422644	TRUE	NA	NA	NA	NA	NA	NA
NC_045512.2	23564	G	C	81	59	27	11	11	27	0.101852	108	0.00106498	TRUE	NA	NA	NA	NA	NA	NA
NC_045512.2	23564	G	A	81	59	27	7	7	24	0.0648148	108	0.0165855	FALSE	NA	NA	NA	NA	NA	NA
NC_045512.2	23565	C	T	83	61	27	4	4	27	0.0366972	109	0.124301	FALSE	NA	NA	NA	NA	NA	NA
NC_045512.2	23565	C	G	83	61	27	6	6	26	0.0550459	109	0.0339547	FALSE	NA	NA	NA	NA	NA	NA
NC_045512.2	23565	C	A	83	61	27	16	16	26	0.146789	109	3.79062e-05	TRUE	NA	NA	NA	NA	NA	NA
NC_045512.2	23566	A	T	81	61	27	12	12	26	0.113208	106	0.000600288	TRUE	NA	NA	NA	NA	NA	NA
NC_045512.2	23566	A	G	81	61	27	9	9	25	0.0849057	106	0.0046103	TRUE	NA	NA	NA	NA	NA	NA
NC_045512.2	23566	A	C	81	61	27	4	4	28	0.0377358	106	0.125411	FALSE	NA	NA	NA	NA	NA	NA
NC_045512.2	23567	G	T	87	67	24	6	6	26	0.0560748	107	0.0409588	FALSE	NA	NA	NA	NA	NA	NA
NC_045512.2	23567	G	C	87	67	24	4	4	26	0.0373832	107	0.140387	FALSE	NA	NA	NA	NA	NA	NA
NC_045512.2	23567	G	A	87	67	24	10	10	26	0.0934579	107	0.00312295	TRUE	NA	NA	NA	NA	NA	NA
NC_045512.2	23568	G	T	78	59	26	18	18	26	0.169811	106	7.57872e-06	TRUE	NA	NA	NA	NA	NA	NA
NC_045512.2	23568	G	C	78	59	26	3	3	27	0.0283019	106	0.220028	FALSE	NA	NA	NA	NA	NA	NA
NC_045512.2	23568	G	A	78	59	26	7	7	26	0.0660377	106	0.0156123	FALSE	NA	NA	NA	NA	NA	NA
NC_045512.2	23569	T	G	83	64	27	7	7	26	0.0642202	109	0.0174207	FALSE	NA	NA	NA	NA	NA	NA
NC_045512.2	23569	T	C	83	64	27	11	10	26	0.100917	109	0.00114892	TRUE	NA	NA	NA	NA	NA	NA
NC_045512.2	23569	T	A	83	64	27	8	8	27	0.0733945	109	0.00887475	TRUE	NA	NA	NA	NA	NA	NA
NC_045512.2	23570	A	T	85	65	27	9	9	27	0.0825688	109	0.00498525	TRUE	NA	NA	NA	NA	NA	NA
NC_045512.2	23570	A	G	85	65	27	7	7	25	0.0642202	109	0.018861	FALSE	NA	NA	NA	NA	NA	NA
NC_045512.2	23570	A	C	85	65	27	8	8	27	0.0733945	109	0.00971985	TRUE	NA	NA	NA	NA	NA	NA
NC_045512.2	23571	T	G	85	66	27	12	12	27	0.111111	108	0.000702727	TRUE	NA	NA	NA	NA	NA	NA
NC_045512.2	23571	T	C	85	66	27	1	1	23	0.00925926	108	0.693923	FALSE	NA	NA	NA	NA	NA	NA
NC_045512.2	23571	T	A	85	66	27	10	10	25	0.0925926	108	0.00267204	TRUE	NA	NA	NA	NA	NA	NA
NC_045512.2	23572	A	T	85	65	26	4	4	27	0.037037	108	0.13223	FALSE	NA	NA	NA	NA	NA	NA
NC_045512.2	23572	A	G	85	65	26	9	9	25	0.0833333	108	0.00519988	TRUE	NA	NA	NA	NA	NA	NA
NC_045512.2	23572	A	C	85	65	26	10	10	25	0.0925926	108	0.00267204	TRUE	NA	NA	NA	NA	NA	NA
NC_045512.2	23573	T	G	86	66	27	6	6	27	0.0566038	106	0.0407715	FALSE	NA	NA	NA	NA	NA	NA
NC_045512.2	23573	T	C	86	66	27	6	6	26	0.0566038	106	0.0407715	FALSE	NA	NA	NA	NA	NA	NA
NC_045512.2	23573	T	A	86	66	27	8	8	25	0.0754717	106	0.0113596	FALSE	NA	NA	NA	NA	NA	NA
NC_045512.2	23574	G	T	84	64	27	10	10	27	0.0925926	108	0.00252646	TRUE	NA	NA	NA	NA	NA	NA
NC_045512.2	23574	G	C	84	64	27	4	4	28	0.037037	108	0.129384	FALSE	NA	NA	NA	NA	NA	NA
NC_045512.2	23574	G	A	84	64	27	10	10	26	0.0925926	108	0.00252646	TRUE	NA	NA	NA	NA	NA	NA
NC_045512.2	23575	C	T	85	65	27	5	5	24	0.0458716	109	0.0692557	FALSE	NA	NA	NA	NA	NA	NA
NC_045512.2	23575	C	G	85	65	27	11	11	25	0.100917	109	0.00130144	TRUE	NA	NA	NA	NA	NA	NA
NC_045512.2	23575	C	A	85	65	27	8	8	25	0.0733945	109	0.00971985	TRUE	NA	NA	NA	NA	NA	NA
NC_045512.2	23575	C	-G	85	65	27	3	0	20	0.0275229	109	0.237871	FALSE	NA	NA	NA	NA	NA	NA
NC_045512.2	23576	G	T	81	61	27	11	11	26	0.103774	106	0.00112336	TRUE	NA	NA	NA	NA	NA	NA
NC_045512.2	23576	G	C	81	61	27	4	4	26	0.0377358	106	0.123135	FALSE	NA	NA	NA	NA	NA	NA
NC_045512.2	23576	G	A	81	61	27	10	10	25	0.0943396	106	0.00222826	TRUE	NA	NA	NA	NA	NA	NA
NC_045512.2	23577	C	T	83	63	27	15	15	26	0.138889	108	8.03801e-05	TRUE	NA	NA	NA	NA	NA	NA
NC_045512.2	23577	C	G	83	63	27	4	4	27	0.037037	108	0.126549	FALSE	NA	NA	NA	NA	NA	NA
NC_045512.2	23577	C	A	83	63	27	6	6	25	0.0555556	108	0.0349119	FALSE	NA	NA	NA	NA	NA	NA
NC_045512.2	23578	T	G	87	67	27	4	4	26	0.0373832	107	0.140387	FALSE	NA	NA	NA	NA	NA	NA
NC_045512.2	23578	T	C	87	67	27	4	4	26	0.0373832	107	0.140387	FALSE	NA	NA	NA	NA	NA	NA
NC_045512.2	23578	T	A	87	67	27	12	12	27	0.11215	107	0.000847089	TRUE	NA	NA	NA	NA	NA	NA
NC_045512.2	23579	A	T	83	63	27	17	17	27	0.154545	110	1.77481e-05	TRUE	NA	NA	NA	NA	NA	NA
NC_045512.2	23579	A	G	83	63	27	4	4	27	0.0363636	110	0.122103	FALSE	NA	NA	NA	NA	NA	NA
NC_045512.2	23579	A	C	83	63	27	6	6	28	0.0545455	110	0.0330276	FALSE	NA	NA	NA	NA	NA	NA
NC_045512.2	23579	A	-G	83	63	27	1	0	20	0.00909091	110	0.682319	FALSE	NA	NA	NA	NA	NA	NA
NC_045512.2	23580	G	T	151	77	27	12	12	26	0.0662983	181	0.000774779	TRUE	NA	NA	NA	NA	NA	NA
NC_045512.2	23580	G	C	151	77	27	4	4	24	0.0220994	181	0.141039	FALSE	NA	NA	NA	NA	NA	NA
NC_045512.2	23580	G	A	151	77	27	14	14	26	0.0773481	181	0.000201026	TRUE	NA	NA	NA	NA	NA	NA
NC_045512.2	23581	T	G	156	81	26	7	7	26	0.0393258	178	0.0256599	FALSE	NA	NA	NA	NA	NA	NA
NC_045512.2	23581	T	C	156	81	26	8	8	26	0.0449438	178	0.0137304	FALSE	NA	NA	NA	NA	NA	NA
NC_045512.2	23581	T	A	156	81	26	7	7	26	0.0393258	178	0.0256599	FALSE	NA	NA	NA	NA	NA	NA
NC_045512.2	23581	T	-T	156	81	26	1	0	20	0.00561798	178	0.719912	FALSE	NA	NA	NA	NA	NA	NA
NC_045512.2	23582	T	G	150	82	26	7	7	26	0.04	175	0.0239259	FALSE	NA	NA	NA	NA	NA	NA
NC_045512.2	23582	T	C	150	82	26	8	7	27	0.0457143	175	0.0126713	FALSE	NA	NA	NA	NA	NA	NA
NC_045512.2	23582	T	A	150	82	26	10	10	25	0.0571429	175	0.00348609	TRUE	NA	NA	NA	NA	NA	NA
NC_045512.2	23583	A	T	167	93	27	6	6	27	0.0331492	181	0.054477	FALSE	NA	NA	NA	NA	NA	NA
NC_045512.2	23583	A	G	167	93	27	4	4	27	0.0220994	181	0.170097	FALSE	NA	NA	NA	NA	NA	NA
NC_045512.2	23583	A	C	167	93	27	4	4	25	0.0220994	181	0.170097	FALSE	NA	NA	NA	NA	NA	NA
NC_045512.2	23584	T	G	158	84	27	9	9	26	0.0491803	183	0.00681841	TRUE	NA	NA	NA	NA	NA	NA
NC_045512.2	23584	T	C	158	84	27	4	4	26	0.0218579	183	0.151467	FALSE	NA	NA	NA	NA	NA	NA
NC_045512.2	23584	T	A	158	84	27	12	12	27	0.0655738	183	0.00097112	TRUE	NA	NA	NA	NA	NA	NA
NC_045512.2	23585	C	T	159	85	27	12	12	27	0.0652174	184	0.000974383	TRUE	NA	NA	NA	NA	NA	NA
NC_045512.2	23585	C	G	159	85	27	8	8	25	0.0434783	184	0.0129701	FALSE	NA	NA	NA	NA	NA	NA
NC_045512.2	23585	C	A	159	85	27	5	5	26	0.0271739	184	0.0838927	FALSE	NA	NA	NA	NA	NA	NA
NC_045512.2	23586	A	T	160	86	27	10	10	27	0.0549451	182	0.0038934	TRUE	NA	NA	NA	NA	NA	NA
NC_045512.2	23586	A	G	160	86	27	10	10	27	0.0549451	182	0.0038934	TRUE	NA	NA	NA	NA	NA	NA
NC_045512.2	23586	A	C	160	86	27	2	2	26	0.010989	182	0.458376	FALSE	NA	NA	NA	NA	NA	NA
NC_045512.2	23587	G	T	157	83	27	10	10	26	0.0537634	186	0.00320088	TRUE	NA	NA	NA	NA	NA	NA
NC_045512.2	23587	G	C	157	83	27	10	10	26	0.0537634	186	0.00320088	TRUE	NA	NA	NA	NA	NA	NA
NC_045512.2	23587	G	A	157	83	27	9	9	27	0.0483871	186	0.00617736	TRUE	NA	NA	NA	NA	NA	NA
NC_045512.2	23588	A	T	155	81	27	11	11	27	0.0591398	186	0.00154422	TRUE	NA	NA	NA	NA	NA	NA
NC_045512.2	23588	A	G	155	81	27	15	15	27	0.0806452	186	0.000104548	TRUE	NA	NA	NA	NA	NA	NA
NC_045512.2	23588	A	C	155	81	27	5	5	27	0.0268817	186	0.0771539	FALSE	NA	NA	NA	NA	NA	NA
NC_045512.2	23589	C	T	149	76	27	15	15	27	0.0815217	184	8.53804e-05	TRUE	NA	NA	NA	NA	NA	NA
NC_045512.2	23589	C	G	149	76	27	9	9	26	0.048913	184	0.00517476	TRUE	NA	NA	NA	NA	NA	NA
NC_045512.2	23589	C	A	149	76	27	11	11	27	0.0597826	184	0.00132979	TRUE	NA	NA	NA	NA	NA	NA
NC_045512.2	23589	C	-T	149	76	27	1	0	20	0.00543478	184	0.698741	FALSE	NA	NA	NA	NA	NA	NA
NC_045512.2	23590	T	G	152	78	27	14	14	28	0.0756757	185	0.00018707	TRUE	NA	NA	NA	NA	NA	NA
NC_045512.2	23590	T	C	152	78	27	8	8	27	0.0432432	185	0.0107089	FALSE	NA	NA	NA	NA	NA	NA
NC_045512.2	23590	T	A	152	78	27	11	11	26	0.0594595	185	0.0014347	TRUE	NA	NA	NA	NA	NA	NA
NC_045512.2	23591	C	T	156	82	27	10	10	26	0.0543478	184	0.0032761	TRUE	NA	NA	NA	NA	NA	NA
NC_045512.2	23591	C	G	156	82	27	5	5	27	0.0271739	184	0.0803314	FALSE	NA	NA	NA	NA	NA	NA
NC_045512.2	23591	C	A	156	82	27	13	13	26	0.0706522	184	0.000450133	TRUE	NA	NA	NA	NA	NA	NA
NC_045512.2	23592	A	T	156	82	27	13	13	27	0.0698925	186	0.000419462	TRUE	NA	NA	NA	NA	NA	NA
NC_045512.2	23592	A	G	156	82	27	12	12	26	0.0645161	186	0.000819443	TRUE	NA	NA	NA	NA	NA	NA
NC_045512.2	23592	A	C	156	82	27	5	5	28	0.0268817	186	0.0783078	FALSE	NA	NA	NA	NA	NA	NA
NC_045512.2	23593	G	T	156	82	27	10	10	27	0.0540541	185	0.00318923	TRUE	NA	NA	NA	NA	NA	NA
NC_045512.2	23593	G	C	156	82	27	6	6	26	0.0324324	185	0.0425574	FALSE	NA	NA	NA	NA	NA	NA
NC_045512.2	23593	G	A	156	82	27	13	13	26	0.0702703	185	0.000434508	TRUE	NA	NA	NA	NA	NA	NA
NC_045512.2	23594	A	T	155	81	27	9	9	27	0.048913	184	0.0061359	TRUE	NA	NA	NA	NA	NA	NA
NC_045512.2	23594	A	G	155	81	27	12	12	26	0.0652174	184	0.000842869	TRUE	NA	NA	NA	NA	NA	NA
NC_045512.2	23594	A	C	155	81	27	8	8	25	0.0434783	184	0.0117858	FALSE	NA	NA	NA	NA	NA	NA
NC_045512.2	23595	C	T	162	88	27	10	10	27	0.0534759	187	0.00361558	TRUE	NA	NA	NA	NA	NA	NA
NC_045512.2	23595	C	G	162	88	27	8	8	27	0.0427807	187	0.0130641	FALSE	NA	NA	NA	NA	NA	NA
NC_045512.2	23595	C	A	162	88	27	7	7	25	0.0374332	187	0.0245862	FALSE	NA	NA	NA	NA	NA	NA
NC_045512.2	23596	T	G	156	82	27	7	7	27	0.0376344	186	0.0221283	FALSE	NA	NA	NA	NA	NA	NA
NC_045512.2	23596	T	C	156	82	27	11	11	26	0.0591398	186	0.00159743	TRUE	NA	NA	NA	NA	NA	NA
NC_045512.2	23596	T	A	156	82	27	12	12	27	0.0645161	186	0.000819443	TRUE	NA	NA	NA	NA	NA	NA
NC_045512.2	23597	A	T	155	82	25	11	11	26	0.0604396	182	0.00173995	TRUE	NA	NA	NA	NA	NA	NA
NC_045512.2	23597	A	G	155	82	25	10	10	25	0.0549451	182	0.00335422	TRUE	NA	NA	NA	NA	NA	NA
NC_045512.2	23597	A	C	155	82	25	6	6	27	0.032967	182	0.0438106	FALSE	NA	NA	NA	NA	NA	NA
NC_045512.2	23598	A	T	153	85	25	15	15	24	0.0837989	179	0.000127354	TRUE	NA	NA	NA	NA	NA	NA
NC_045512.2	23598	A	G	153	85	25	5	5	27	0.027933	179	0.0819801	FALSE	NA	NA	NA	NA	NA	NA
NC_045512.2	23598	A	C	153	85	25	6	6	25	0.0335196	179	0.0443178	FALSE	NA	NA	NA	NA	NA	NA
NC_045512.2	23599	T	G	18	18	27	151	78	27	0.807487	187	1.8102e-78	TRUE	NA	NA	NA	NA	NA	NA
NC_045512.2	23599	T	C	18	18	27	9	9	26	0.0481283	187	2.05915e-08	TRUE	NA	NA	NA	NA	NA	NA
NC_045512.2	23599	T	A	18	18	27	9	9	26	0.0481283	187	2.05915e-08	TRUE	NA	NA	NA	NA	NA	NA
NC_045512.2	23600	T	G	157	86	27	10	10	26	0.0540541	185	0.00328756	TRUE	NA	NA	NA	NA	NA	NA
NC_045512.2	23600	T	C	157	86	27	8	7	27	0.0432432	185	0.0121106	FALSE	NA	NA	NA	NA	NA	NA
NC_045512.2	23600	T	A	157	86	27	10	9	26	0.0540541	185	0.00328756	TRUE	NA	NA	NA	NA	NA	NA
NC_045512.2	23601	C	T	155	82	27	5	5	26	0.0271739	184	0.0791552	FALSE	NA	NA	NA	NA	NA	NA
NC_045512.2	23601	C	G	155	82	27	10	10	27	0.0543478	184	0.00317747	TRUE	NA	NA	NA	NA	NA	NA
NC_045512.2	23601	C	A	155	82	27	14	14	27	0.076087	184	0.000221665	TRUE	NA	NA	NA	NA	NA	NA
NC_045512.2	23602	T	G	158	87	27	8	8	27	0.0427807	187	0.0118933	FALSE	NA	NA	NA	NA	NA	NA
NC_045512.2	23602	T	C	158	87	27	9	7	26	0.0481283	187	0.00619782	TRUE	NA	NA	NA	NA	NA	NA
NC_045512.2	23602	T	A	158	87	27	12	12	24	0.0641711	187	0.000853546	TRUE	NA	NA	NA	NA	NA	NA
NC_045512.2	23603	C	T	153	81	27	14	14	26	0.0752688	186	0.00018816	TRUE	NA	NA	NA	NA	NA	NA
NC_045512.2	23603	C	G	153	81	27	8	8	26	0.0430108	186	0.0107485	FALSE	NA	NA	NA	NA	NA	NA
NC_045512.2	23603	C	A	153	81	27	11	11	26	0.0591398	186	0.00144166	TRUE	NA	NA	NA	NA	NA	NA
NC_045512.2	23604	C	T	10	10	27	9	9	25	0.0486486	185	6.53662e-10	TRUE	NA	NA	NA	NA	NA	NA
NC_045512.2	23604	C	G	10	10	27	10	10	28	0.0540541	185	7.04583e-11	TRUE	NA	NA	NA	NA	NA	NA
NC_045512.2	23604	C	A	10	10	27	156	83	27	0.843243	185	3.97496e-86	TRUE	NA	NA	NA	NA	NA	NA
NC_045512.2	23605	T	G	155	84	27	8	8	27	0.0437158	183	0.0120401	FALSE	NA	NA	NA	NA	NA	NA
NC_045512.2	23605	T	C	155	84	27	6	6	27	0.0327869	183	0.0431277	FALSE	NA	NA	NA	NA	NA	NA
NC_045512.2	23605	T	A	155	84	27	14	14	25	0.0765027	183	0.000230334	TRUE	NA	NA	NA	NA	NA	NA
NC_045512.2	23606	C	T	152	81	27	8	8	26	0.0430108	186	0.0104814	FALSE	NA	NA	NA	NA	NA	NA
NC_045512.2	23606	C	G	152	81	27	17	17	26	0.0913978	186	2.30815e-05	TRUE	NA	NA	NA	NA	NA	NA
NC_045512.2	23606	C	A	152	81	27	9	9	26	0.0483871	186	0.00537377	TRUE	NA	NA	NA	NA	NA	NA
NC_045512.2	23607	G	T	158	85	25	9	9	27	0.0494505	182	0.00698405	TRUE	NA	NA	NA	NA	NA	NA
NC_045512.2	23607	G	C	158	85	25	4	4	25	0.021978	182	0.152981	FALSE	NA	NA	NA	NA	NA	NA
NC_045512.2	23607	G	A	158	85	25	11	11	27	0.0604396	182	0.00192194	TRUE	NA	NA	NA	NA	NA	NA
NC_045512.2	23608	G	T	149	80	25	14	14	27	0.0777778	180	0.000198816	TRUE	NA	NA	NA	NA	NA	NA
NC_045512.2	23608	G	C	149	80	25	9	9	27	0.05	180	0.00571426	TRUE	NA	NA	NA	NA	NA	NA
NC_045512.2	23608	G	A	149	80	25	8	8	26	0.0444444	180	0.0110629	FALSE	NA	NA	NA	NA	NA	NA
NC_045512.2	23609	C	T	154	84	26	9	9	27	0.05	180	0.00657922	TRUE	NA	NA	NA	NA	NA	NA
NC_045512.2	23609	C	G	154	84	26	6	6	25	0.0333333	180	0.0444123	FALSE	NA	NA	NA	NA	NA	NA
NC_045512.2	23609	C	A	154	84	26	11	11	26	0.0611111	180	0.00178673	TRUE	NA	NA	NA	NA	NA	NA
NC_045512.2	23610	G	T	126	56	24	17	17	26	0.10625	160	1.86408e-05	TRUE	NA	NA	NA	NA	NA	NA
NC_045512.2	23610	G	C	126	56	24	7	7	28	0.04375	160	0.0182681	FALSE	NA	NA	NA	NA	NA	NA
NC_045512.2	23610	G	A	126	56	24	10	10	26	0.0625	160	0.00237208	TRUE	NA	NA	NA	NA	NA	NA
NC_045512.2	23611	G	T	154	85	27	7	7	25	0.0391061	179	0.0241548	FALSE	NA	NA	NA	NA	NA	NA
NC_045512.2	23611	G	C	154	85	27	4	4	26	0.0223464	179	0.150661	FALSE	NA	NA	NA	NA	NA	NA
NC_045512.2	23611	G	A	154	85	27	14	14	27	0.0782123	179	0.000257584	TRUE	NA	NA	NA	NA	NA	NA
NC_045512.2	23612	G	T	120	76	25	16	16	27	0.105263	152	3.9184e-05	TRUE	NA	NA	NA	NA	NA	NA
NC_045512.2	23612	G	C	120	76	25	3	3	25	0.0197368	152	0.238417	FALSE	NA	NA	NA	NA	NA	NA
NC_045512.2	23612	G	A	120	76	25	13	13	26	0.0855263	152	0.00030977	TRUE	NA	NA	NA	NA	NA	NA
NC_045512.2	23613	C	T	146	77	26	11	11	27	0.0621469	177	0.00148157	TRUE	NA	NA	NA	NA	NA	NA
NC_045512.2	23613	C	G	146	77	26	12	12	27	0.0677966	177	0.000755493	TRUE	NA	NA	NA	NA	NA	NA
NC_045512.2	23613	C	A	146	77	26	8	8	27	0.0451977	177	0.0109421	FALSE	NA	NA	NA	NA	NA	NA
NC_045512.2	23614	A	T	148	79	27	13	13	27	0.0722222	180	0.000374688	TRUE	NA	NA	NA	NA	NA	NA
NC_045512.2	23614	A	G	148	79	27	10	10	26	0.0555556	180	0.00284277	TRUE	NA	NA	NA	NA	NA	NA
NC_045512.2	23614	A	C	148	79	27	9	9	28	0.05	180	0.0055507	TRUE	NA	NA	NA	NA	NA	NA
NC_045512.2	23615	C	T	144	75	27	12	12	26	0.0666667	180	0.000629155	TRUE	NA	NA	NA	NA	NA	NA
NC_045512.2	23615	C	G	144	75	27	12	12	26	0.0666667	180	0.000629155	TRUE	NA	NA	NA	NA	NA	NA
NC_045512.2	23615	C	A	144	75	27	12	12	26	0.0666667	180	0.000629155	TRUE	NA	NA	NA	NA	NA	NA
NC_045512.2	23616	G	T	149	80	27	10	10	27	0.0558659	179	0.00301923	TRUE	NA	NA	NA	NA	NA	NA
NC_045512.2	23616	G	C	149	80	27	12	12	26	0.0670391	179	0.000793461	TRUE	NA	NA	NA	NA	NA	NA
NC_045512.2	23616	G	A	149	80	27	8	8	25	0.0446927	179	0.0113092	FALSE	NA	NA	NA	NA	NA	NA
NC_045512.2	23617	T	G	150	81	27	12	12	26	0.0670391	179	0.000824508	TRUE	NA	NA	NA	NA	NA	NA
NC_045512.2	23617	T	C	150	81	27	8	8	27	0.0446927	179	0.0115999	FALSE	NA	NA	NA	NA	NA	NA
NC_045512.2	23617	T	A	150	81	27	9	9	26	0.0502793	179	0.00602901	TRUE	NA	NA	NA	NA	NA	NA
NC_045512.2	23618	A	T	151	82	27	12	12	26	0.0666667	180	0.000828238	TRUE	NA	NA	NA	NA	NA	NA
NC_045512.2	23618	A	G	151	82	27	11	11	26	0.0611111	180	0.00161225	TRUE	NA	NA	NA	NA	NA	NA
NC_045512.2	23618	A	C	151	82	27	6	6	26	0.0333333	180	0.0420459	FALSE	NA	NA	NA	NA	NA	NA
NC_045512.2	23619	G	T	152	83	27	5	5	28	0.0280899	178	0.0818314	FALSE	NA	NA	NA	NA	NA	NA
NC_045512.2	23619	G	C	152	83	27	11	11	26	0.0617978	178	0.00177406	TRUE	NA	NA	NA	NA	NA	NA
NC_045512.2	23619	G	A	152	83	27	10	10	26	0.0561798	178	0.0034127	TRUE	NA	NA	NA	NA	NA	NA
NC_045512.2	23620	T	G	152	83	27	10	10	26	0.0558659	179	0.0033196	TRUE	NA	NA	NA	NA	NA	NA
NC_045512.2	23620	T	C	152	83	27	8	8	28	0.0446927	179	0.0121947	FALSE	NA	NA	NA	NA	NA	NA
NC_045512.2	23620	T	A	152	83	27	9	9	24	0.0502793	179	0.00637932	TRUE	NA	NA	NA	NA	NA	NA
NC_045512.2	23621	G	T	146	77	27	12	12	26	0.0666667	180	0.000681904	TRUE	NA	NA	NA	NA	NA	NA
NC_045512.2	23621	G	C	146	77	27	8	8	25	0.0444444	180	0.0102334	FALSE	NA	NA	NA	NA	NA	NA
NC_045512.2	23621	G	A	146	77	27	14	14	26	0.0777778	180	0.000173316	TRUE	NA	NA	NA	NA	NA	NA
NC_045512.2	23622	T	G	145	77	27	6	6	27	0.0337079	178	0.0387433	FALSE	NA	NA	NA	NA	NA	NA
NC_045512.2	23622	T	C	145	77	27	12	12	25	0.0674157	178	0.000701555	TRUE	NA	NA	NA	NA	NA	NA
NC_045512.2	23622	T	A	145	77	27	15	15	26	0.0842697	178	9.04783e-05	TRUE	NA	NA	NA	NA	NA	NA
NC_045512.2	23623	A	T	149	81	27	10	10	26	0.0564972	177	0.00319305	TRUE	NA	NA	NA	NA	NA	NA
NC_045512.2	23623	A	G	149	81	27	9	9	27	0.0508475	177	0.00615962	TRUE	NA	NA	NA	NA	NA	NA
NC_045512.2	23623	A	C	149	81	27	9	9	26	0.0508475	177	0.00615962	TRUE	NA	NA	NA	NA	NA	NA
NC_045512.2	23624	G	T	143	75	27	11	11	26	0.0617978	178	0.0012856	TRUE	NA	NA	NA	NA	NA	NA
NC_045512.2	23624	G	C	143	75	27	13	13	27	0.0730337	178	0.000325083	TRUE	NA	NA	NA	NA	NA	NA
NC_045512.2	23624	G	A	143	75	27	11	11	25	0.0617978	178	0.0012856	TRUE	NA	NA	NA	NA	NA	NA
NC_045512.2	23625	C	T	141	75	27	10	10	26	0.0568182	176	0.0025197	TRUE	NA	NA	NA	NA	NA	NA
NC_045512.2	23625	C	G	141	75	27	8	8	26	0.0454545	176	0.00978966	TRUE	NA	NA	NA	NA	NA	NA
NC_045512.2	23625	C	A	141	75	27	17	16	26	0.0965909	176	2.02336e-05	TRUE	NA	NA	NA	NA	NA	NA
NC_045512.2	23626	T	G	149	82	27	14	14	27	0.0786517	178	0.000215202	TRUE	NA	NA	NA	NA	NA	NA
NC_045512.2	23626	T	C	149	82	27	7	7	26	0.0393258	178	0.0220971	FALSE	NA	NA	NA	NA	NA	NA
NC_045512.2	23626	T	A	149	82	27	8	8	25	0.0449438	178	0.0115617	FALSE	NA	NA	NA	NA	NA	NA
NC_045512.2	23627	A	T	147	79	27	11	11	26	0.0625	176	0.00158468	TRUE	NA	NA	NA	NA	NA	NA
NC_045512.2	23627	A	G	147	79	27	7	7	25	0.0397727	176	0.0219655	FALSE	NA	NA	NA	NA	NA	NA
NC_045512.2	23627	A	C	147	79	27	11	11	26	0.0625	176	0.00158468	TRUE	NA	NA	NA	NA	NA	NA
NC_045512.2	23628	G	T	145	77	27	9	9	26	0.0508475	177	0.0054802	TRUE	NA	NA	NA	NA	NA	NA
NC_045512.2	23628	G	C	145	77	27	11	11	26	0.0621469	177	0.00142864	TRUE	NA	NA	NA	NA	NA	NA
NC_045512.2	23628	G	A	145	77	27	12	12	27	0.0677966	177	0.000726088	TRUE	NA	NA	NA	NA	NA	NA
NC_045512.2	23629	T	G	152	84	27	9	9	25	0.0502793	179	0.00637932	TRUE	NA	NA	NA	NA	NA	NA
NC_045512.2	23629	T	C	152	84	27	9	9	27	0.0502793	179	0.00637932	TRUE	NA	NA	NA	NA	NA	NA
NC_045512.2	23629	T	A	152	84	27	9	9	26	0.0502793	179	0.00637932	TRUE	NA	NA	NA	NA	NA	NA
NC_045512.2	23630	C	T	146	78	27	15	15	26	0.0837989	179	9.1082e-05	TRUE	NA	NA	NA	NA	NA	NA
NC_045512.2	23630	C	G	146	78	27	5	5	26	0.027933	179	0.0735849	FALSE	NA	NA	NA	NA	NA	NA
NC_045512.2	23630	C	A	146	78	27	13	13	26	0.0726257	179	0.000356965	TRUE	NA	NA	NA	NA	NA	NA
NC_045512.2	23631	A	T	142	74	25	10	10	26	0.0578035	173	0.00284436	TRUE	NA	NA	NA	NA	NA	NA
NC_045512.2	23631	A	G	142	74	25	12	12	25	0.0693642	173	0.000739532	TRUE	NA	NA	NA	NA	NA	NA
NC_045512.2	23631	A	C	142	74	25	9	9	27	0.0520231	173	0.00555028	TRUE	NA	NA	NA	NA	NA	NA
NC_045512.2	23632	A	T	142	77	25	8	8	27	0.0454545	176	0.0100607	FALSE	NA	NA	NA	NA	NA	NA
NC_045512.2	23632	A	G	142	77	25	18	18	26	0.102273	176	1.07851e-05	TRUE	NA	NA	NA	NA	NA	NA
NC_045512.2	23632	A	C	142	77	25	8	8	26	0.0454545	176	0.0100607	FALSE	NA	NA	NA	NA	NA	NA
NC_045512.2	23633	T	G	148	80	26	10	10	26	0.0555556	180	0.00284277	TRUE	NA	NA	NA	NA	NA	NA
NC_045512.2	23633	T	C	148	80	26	10	10	25	0.0555556	180	0.00284277	TRUE	NA	NA	NA	NA	NA	NA
NC_045512.2	23633	T	A	148	80	26	12	12	27	0.0666667	180	0.000737899	TRUE	NA	NA	NA	NA	NA	NA
NC_045512.2	23634	C	T	145	77	25	7	7	25	0.0404624	173	0.0222651	FALSE	NA	NA	NA	NA	NA	NA
NC_045512.2	23634	C	G	145	77	25	12	12	25	0.0693642	173	0.00083388	TRUE	NA	NA	NA	NA	NA	NA
NC_045512.2	23634	C	A	145	77	25	9	9	26	0.0520231	173	0.00607134	TRUE	NA	NA	NA	NA	NA	NA
NC_045512.2	23635	C	T	138	73	25	17	17	25	0.0960452	177	1.61091e-05	TRUE	NA	NA	NA	NA	NA	NA
NC_045512.2	23635	C	G	138	73	25	12	12	25	0.0677966	177	0.000543567	TRUE	NA	NA	NA	NA	NA	NA
NC_045512.2	23635	C	A	138	73	25	10	10	25	0.0564972	177	0.0022029	TRUE	NA	NA	NA	NA	NA	NA
NC_045512.2	23636	A	T	148	80	27	12	12	26	0.0666667	180	0.000737899	TRUE	NA	NA	NA	NA	NA	NA
NC_045512.2	23636	A	G	148	80	27	16	16	26	0.0888889	180	4.87716e-05	TRUE	NA	NA	NA	NA	NA	NA
NC_045512.2	23636	A	C	148	80	27	4	4	27	0.0222222	180	0.138811	FALSE	NA	NA	NA	NA	NA	NA
NC_045512.2	23637	T	G	150	82	27	7	7	27	0.0391061	179	0.022162	FALSE	NA	NA	NA	NA	NA	NA
NC_045512.2	23637	T	C	150	82	27	9	9	27	0.0502793	179	0.00602901	TRUE	NA	NA	NA	NA	NA	NA
NC_045512.2	23637	T	A	150	82	27	13	13	26	0.0726257	179	0.000422591	TRUE	NA	NA	NA	NA	NA	NA
NC_045512.2	23638	C	T	143	76	26	4	4	26	0.0223464	179	0.131677	FALSE	NA	NA	NA	NA	NA	NA
NC_045512.2	23638	C	G	143	76	26	18	18	25	0.100559	179	9.79174e-06	TRUE	NA	NA	NA	NA	NA	NA
NC_045512.2	23638	C	A	143	76	26	14	14	25	0.0782123	179	0.000156659	TRUE	NA	NA	NA	NA	NA	NA
NC_045512.2	23639	A	T	150	84	25	12	12	27	0.0677966	177	0.000882066	TRUE	NA	NA	NA	NA	NA	NA
NC_045512.2	23639	A	G	150	84	25	9	9	26	0.0508475	177	0.00633761	TRUE	NA	NA	NA	NA	NA	NA
NC_045512.2	23639	A	C	150	84	25	6	6	26	0.0338983	177	0.0433193	FALSE	NA	NA	NA	NA	NA	NA
NC_045512.2	23640	T	G	138	72	24	7	7	26	0.0414201	169	0.0204821	FALSE	NA	NA	NA	NA	NA	NA
NC_045512.2	23640	T	C	138	72	24	14	14	26	0.0828402	169	0.000186105	TRUE	NA	NA	NA	NA	NA	NA
NC_045512.2	23640	T	A	138	72	24	10	10	27	0.0591716	169	0.0027894	TRUE	NA	NA	NA	NA	NA	NA
NC_045512.2	23641	T	G	113	83	26	6	6	25	0.0431655	139	0.0395326	FALSE	NA	NA	NA	NA	NA	NA
NC_045512.2	23641	T	C	113	83	26	10	10	25	0.0719424	139	0.00287135	TRUE	NA	NA	NA	NA	NA	NA
NC_045512.2	23641	T	A	113	83	26	10	10	25	0.0719424	139	0.00287135	TRUE	NA	NA	NA	NA	NA	NA
NC_045512.2	23641	T	-G	113	83	26	2	0	20	0.0143885	139	0.431736	FALSE	NA	NA	NA	NA	NA	NA
NC_045512.2	23642	G	T	143	79	26	12	12	26	0.0681818	176	0.000647066	TRUE	NA	NA	NA	NA	NA	NA
NC_045512.2	23642	G	C	143	79	26	12	12	26	0.0681818	176	0.000647066	TRUE	NA	NA	NA	NA	NA	NA
NC_045512.2	23642	G	A	143	79	26	9	9	24	0.0511364	176	0.0050292	TRUE	NA	NA	NA	NA	NA	NA
NC_045512.2	23643	C	T	139	73	24	10	10	24	0.0581395	172	0.00264239	TRUE	NA	NA	NA	NA	NA	NA
NC_045512.2	23643	C	G	139	73	24	5	5	26	0.0290698	172	0.0722102	FALSE	NA	NA	NA	NA	NA	NA
NC_045512.2	23643	C	A	139	73	24	18	18	26	0.104651	172	1.11029e-05	TRUE	NA	NA	NA	NA	NA	NA
NC_045512.2	23644	C	T	137	75	25	16	16	25	0.0941176	170	4.30505e-05	TRUE	NA	NA	NA	NA	NA	NA
NC_045512.2	23644	C	G	137	75	25	9	8	27	0.0529412	170	0.00514348	TRUE	NA	NA	NA	NA	NA	NA
NC_045512.2	23644	C	A	137	75	25	8	8	24	0.0470588	170	0.0100707	FALSE	NA	NA	NA	NA	NA	NA
NC_045512.2	23645	T	G	143	77	27	7	7	25	0.0397727	176	0.0200422	FALSE	NA	NA	NA	NA	NA	NA
NC_045512.2	23645	T	C	143	77	27	15	15	25	0.0852273	176	8.926e-05	TRUE	NA	NA	NA	NA	NA	NA
NC_045512.2	23645	T	A	143	77	27	11	11	25	0.0625	176	0.00136964	TRUE	NA	NA	NA	NA	NA	NA
NC_045512.2	23646	A	T	84	27	27	8	8	26	0.0747664	107	0.0100163	FALSE	NA	NA	NA	NA	NA	NA
NC_045512.2	23646	A	G	84	27	27	6	6	27	0.0560748	107	0.0371359	FALSE	NA	NA	NA	NA	NA	NA
NC_045512.2	23646	A	C	84	27	27	9	9	24	0.0841121	107	0.00515902	TRUE	NA	NA	NA	NA	NA	NA
NC_045512.2	23647	C	T	82	25	27	6	6	25	0.0625	96	0.0112857	FALSE	NA	NA	NA	NA	NA	NA
NC_045512.2	23647	C	G	82	25	27	2	2	26	0.0208333	96	0.218819	FALSE	NA	NA	NA	NA	NA	NA
NC_045512.2	23647	C	A	82	25	27	6	6	27	0.0625	96	0.0112857	FALSE	NA	NA	NA	NA	NA	NA
NC_045512.2	23648	A	T	83	26	28	8	8	26	0.0833333	96	0.0027864	TRUE	NA	NA	NA	NA	NA	NA
NC_045512.2	23648	A	G	83	26	28	2	2	27	0.0208333	96	0.221601	FALSE	NA	NA	NA	NA	NA	NA
NC_045512.2	23648	A	C	83	26	28	3	3	27	0.03125	96	0.105291	FALSE	NA	NA	NA	NA	NA	NA
NC_045512.2	23649	C	T	82	25	27	3	3	28	0.0315789	95	0.105082	FALSE	NA	NA	NA	NA	NA	NA
NC_045512.2	23649	C	G	82	25	27	6	6	26	0.0631579	95	0.0116683	FALSE	NA	NA	NA	NA	NA	NA
NC_045512.2	23649	C	A	82	25	27	4	4	26	0.0421053	95	0.050206	FALSE	NA	NA	NA	NA	NA	NA
NC_045512.2	23650	T	G	82	25	27	2	2	27	0.0210526	95	0.221291	FALSE	NA	NA	NA	NA	NA	NA
NC_045512.2	23650	T	C	82	25	27	6	6	26	0.0631579	95	0.0116683	FALSE	NA	NA	NA	NA	NA	NA
NC_045512.2	23650	T	A	82	25	27	5	5	26	0.0526316	95	0.0241322	FALSE	NA	NA	NA	NA	NA	NA
NC_045512.2	23651	A	T	85	28	28	4	4	27	0.0416667	96	0.0528289	FALSE	NA	NA	NA	NA	NA	NA
NC_045512.2	23651	A	G	85	28	28	3	3	27	0.03125	96	0.109219	FALSE	NA	NA	NA	NA	NA	NA
NC_045512.2	23651	A	C	85	28	28	4	4	26	0.0416667	96	0.0528289	FALSE	NA	NA	NA	NA	NA	NA
NC_045512.2	23652	T	G	85	28	27	3	3	27	0.03125	96	0.109219	FALSE	NA	NA	NA	NA	NA	NA
NC_045512.2	23652	T	C	85	28	27	4	4	27	0.0416667	96	0.0528289	FALSE	NA	NA	NA	NA	NA	NA
NC_045512.2	23652	T	A	85	28	27	4	4	27	0.0416667	96	0.0528289	FALSE	NA	NA	NA	NA	NA	NA
NC_045512.2	23653	G	T	83	26	27	3	3	29	0.03125	96	0.105291	FALSE	NA	NA	NA	NA	NA	NA
NC_045512.2	23653	G	C	83	26	27	6	6	27	0.0625	96	0.011707	FALSE	NA	NA	NA	NA	NA	NA
NC_045512.2	23653	G	A	83	26	27	4	4	27	0.0416667	96	0.0503316	FALSE	NA	NA	NA	NA	NA	NA
NC_045512.2	23654	T	C	85	28	28	4	4	27	0.0416667	96	0.0528289	FALSE	NA	NA	NA	NA	NA	NA
NC_045512.2	23654	T	A	85	28	28	7	7	25	0.0729167	96	0.0061861	TRUE	NA	NA	NA	NA	NA	NA
NC_045512.2	23655	C	T	86	29	27	4	4	25	0.0416667	96	0.0540907	FALSE	NA	NA	NA	NA	NA	NA
NC_045512.2	23655	C	G	86	29	27	1	1	27	0.0104167	96	0.478022	FALSE	NA	NA	NA	NA	NA	NA
NC_045512.2	23655	C	A	86	29	27	5	5	26	0.0520833	96	0.0264637	FALSE	NA	NA	NA	NA	NA	NA
NC_045512.2	23656	A	T	77	22	27	3	3	25	0.0348837	86	0.111763	FALSE	NA	NA	NA	NA	NA	NA
NC_045512.2	23656	A	G	77	22	27	2	2	27	0.0232558	86	0.23051	FALSE	NA	NA	NA	NA	NA	NA
NC_045512.2	23656	A	C	77	22	27	4	4	28	0.0465116	86	0.0545347	FALSE	NA	NA	NA	NA	NA	NA
NC_045512.2	23657	C	T	75	20	27	4	4	26	0.0470588	85	0.0530124	FALSE	NA	NA	NA	NA	NA	NA
NC_045512.2	23657	C	G	75	20	27	3	3	25	0.0352941	85	0.10938	FALSE	NA	NA	NA	NA	NA	NA
NC_045512.2	23657	C	A	75	20	27	3	3	27	0.0352941	85	0.10938	FALSE	NA	NA	NA	NA	NA	NA
NC_045512.2	23658	T	C	74	19	26	4	4	24	0.0481928	83	0.0542483	FALSE	NA	NA	NA	NA	NA	NA
NC_045512.2	23658	T	A	74	19	26	5	5	28	0.060241	83	0.0266187	FALSE	NA	NA	NA	NA	NA	NA
NC_045512.2	23659	T	G	76	22	24	1	1	29	0.0119048	84	0.48125	FALSE	NA	NA	NA	NA	NA	NA
NC_045512.2	23659	T	C	76	22	24	5	5	26	0.0595238	84	0.027561	FALSE	NA	NA	NA	NA	NA	NA
NC_045512.2	23659	T	A	76	22	24	2	2	20	0.0238095	84	0.233152	FALSE	NA	NA	NA	NA	NA	NA
NC_045512.2	23660	G	T	76	21	26	3	3	27	0.0357143	84	0.113698	FALSE	NA	NA	NA	NA	NA	NA
NC_045512.2	23660	G	C	76	21	26	3	3	27	0.0357143	84	0.113698	FALSE	NA	NA	NA	NA	NA	NA
NC_045512.2	23660	G	A	76	21	26	2	2	27	0.0238095	84	0.233152	FALSE	NA	NA	NA	NA	NA	NA
NC_045512.2	23661	G	T	75	20	24	3	3	24	0.0352941	85	0.10938	FALSE	NA	NA	NA	NA	NA	NA
NC_045512.2	23661	G	C	75	20	24	2	2	30	0.0235294	85	0.227174	FALSE	NA	NA	NA	NA	NA	NA
NC_045512.2	23661	G	A	75	20	24	5	5	25	0.0588235	85	0.0258597	FALSE	NA	NA	NA	NA	NA	NA
NC_045512.2	23662	T	C	79	24	27	4	4	27	0.0470588	85	0.0587915	FALSE	NA	NA	NA	NA	NA	NA
NC_045512.2	23662	T	A	79	24	27	2	2	28	0.0235294	85	0.239468	FALSE	NA	NA	NA	NA	NA	NA
NC_045512.2	23663	G	T	75	20	27	1	1	29	0.0120482	83	0.481013	FALSE	NA	NA	NA	NA	NA	NA
NC_045512.2	23663	G	C	75	20	27	3	3	29	0.0361446	83	0.11356	FALSE	NA	NA	NA	NA	NA	NA
NC_045512.2	23663	G	A	75	20	27	4	4	25	0.0481928	83	0.0557219	FALSE	NA	NA	NA	NA	NA	NA
NC_045512.2	23664	C	T	60	13	27	19	11	27	0.223529	85	2.9771e-07	TRUE	NA	NA	NA	NA	NA	NA
NC_045512.2	23664	C	G	60	13	27	3	3	25	0.0352941	85	0.0765639	FALSE	NA	NA	NA	NA	NA	NA
NC_045512.2	23664	C	A	60	13	27	3	3	27	0.0352941	85	0.0765639	FALSE	NA	NA	NA	NA	NA	NA
NC_045512.2	23665	A	T	72	18	27	5	5	24	0.0595238	84	0.0240836	FALSE	NA	NA	NA	NA	NA	NA
NC_045512.2	23665	A	G	72	18	27	3	3	24	0.0357143	84	0.104697	FALSE	NA	NA	NA	NA	NA	NA
NC_045512.2	23665	A	C	72	18	27	4	4	27	0.047619	84	0.0500439	FALSE	NA	NA	NA	NA	NA	NA
NC_045512.2	23666	G	T	72	19	26	6	6	27	0.0722892	83	0.0121195	FALSE	NA	NA	NA	NA	NA	NA
NC_045512.2	23666	G	C	72	19	26	2	2	22	0.0240964	83	0.223408	FALSE	NA	NA	NA	NA	NA	NA
NC_045512.2	23666	G	A	72	19	26	3	3	27	0.0361446	83	0.106723	FALSE	NA	NA	NA	NA	NA	NA
NC_045512.2	23666	G	-A	72	19	26	1	0	20	0.0120482	83	0.470968	FALSE	NA	NA	NA	NA	NA	NA
NC_045512.2	23667	A	T	57	8	26	2	2	27	0.0298507	67	0.21727	FALSE	NA	NA	NA	NA	NA	NA
NC_045512.2	23667	A	G	57	8	26	3	3	26	0.0447761	67	0.102647	FALSE	NA	NA	NA	NA	NA	NA
NC_045512.2	23667	A	C	57	8	26	5	5	26	0.0746269	67	0.0235109	FALSE	NA	NA	NA	NA	NA	NA
NC_045512.2	23668	A	T	68	20	27	2	2	27	0.0253165	79	0.222008	FALSE	NA	NA	NA	NA	NA	NA
NC_045512.2	23668	A	G	68	20	27	6	5	27	0.0759494	79	0.0119513	FALSE	NA	NA	NA	NA	NA	NA
NC_045512.2	23668	A	C	68	20	27	3	3	24	0.0379747	79	0.105789	FALSE	NA	NA	NA	NA	NA	NA
NC_045512.2	23669	A	T	61	18	27	5	5	27	0.0675676	74	0.0222271	FALSE	NA	NA	NA	NA	NA	NA
NC_045512.2	23669	A	G	61	18	27	6	5	24	0.0810811	74	0.0106372	FALSE	NA	NA	NA	NA	NA	NA
NC_045512.2	23669	A	C	61	18	27	2	2	27	0.027027	74	0.212745	FALSE	NA	NA	NA	NA	NA	NA
NC_045512.2	23670	A	T	44	19	24	3	3	26	0.0555556	54	0.100278	FALSE	NA	NA	NA	NA	NA	NA
NC_045512.2	23670	A	G	44	19	24	3	3	26	0.0555556	54	0.100278	FALSE	NA	NA	NA	NA	NA	NA
NC_045512.2	23670	A	C	44	19	24	4	4	25	0.0740741	54	0.047657	FALSE	NA	NA	NA	NA	NA	NA
NC_045512.2	23671	T	G	57	14	26	3	3	25	0.0441176	68	0.102647	FALSE	NA	NA	NA	NA	NA	NA
NC_045512.2	23671	T	C	57	14	26	3	3	26	0.0441176	68	0.102647	FALSE	NA	NA	NA	NA	NA	NA
NC_045512.2	23671	T	A	57	14	26	5	5	27	0.0735294	68	0.0235109	FALSE	NA	NA	NA	NA	NA	NA
NC_045512.2	23672	T	G	64	20	24	4	4	27	0.0540541	74	0.0516179	FALSE	NA	NA	NA	NA	NA	NA
NC_045512.2	23672	T	C	64	20	24	3	3	25	0.0405405	74	0.107031	FALSE	NA	NA	NA	NA	NA	NA
NC_045512.2	23672	T	A	64	20	24	3	3	26	0.0405405	74	0.107031	FALSE	NA	NA	NA	NA	NA	NA
NC_045512.2	23673	C	T	67	22	27	2	2	24	0.0266667	75	0.231065	FALSE	NA	NA	NA	NA	NA	NA
NC_045512.2	23673	C	G	67	22	27	4	4	26	0.0533333	75	0.0549996	FALSE	NA	NA	NA	NA	NA	NA
NC_045512.2	23673	C	A	67	22	27	2	2	27	0.0266667	75	0.231065	FALSE	NA	NA	NA	NA	NA	NA
NC_045512.2	23674	A	T	65	21	27	2	2	24	0.0277778	72	0.233894	FALSE	NA	NA	NA	NA	NA	NA
NC_045512.2	23674	A	G	65	21	27	4	4	25	0.0555556	72	0.0563942	FALSE	NA	NA	NA	NA	NA	NA
NC_045512.2	23674	A	C	65	21	27	1	1	27	0.0138889	72	0.481752	FALSE	NA	NA	NA	NA	NA	NA
NC_045512.2	23675	G	T	64	21	27	3	3	27	0.0416667	72	0.111788	FALSE	NA	NA	NA	NA	NA	NA
NC_045512.2	23675	G	C	64	21	27	3	3	25	0.0416667	72	0.111788	FALSE	NA	NA	NA	NA	NA	NA
NC_045512.2	23675	G	A	64	21	27	2	2	27	0.0277778	72	0.230249	FALSE	NA	NA	NA	NA	NA	NA
NC_045512.2	23675	G	-T	64	21	27	1	0	20	0.0138889	72	0.477941	FALSE	NA	NA	NA	NA	NA	NA
NC_045512.2	23676	T	G	61	19	26	3	3	27	0.0428571	70	0.106263	FALSE	NA	NA	NA	NA	NA	NA
NC_045512.2	23676	T	C	61	19	26	1	1	27	0.0142857	70	0.469697	FALSE	NA	NA	NA	NA	NA	NA
NC_045512.2	23676	T	A	61	19	26	5	5	27	0.0714286	70	0.0248294	FALSE	NA	NA	NA	NA	NA	NA
NC_045512.2	23677	T	G	60	21	25	2	2	27	0.0289855	69	0.225522	FALSE	NA	NA	NA	NA	NA	NA
NC_045512.2	23677	T	C	60	21	25	4	4	26	0.057971	69	0.0525852	FALSE	NA	NA	NA	NA	NA	NA
NC_045512.2	23677	T	A	60	21	25	3	3	27	0.0434783	69	0.108457	FALSE	NA	NA	NA	NA	NA	NA
NC_045512.2	23678	G	T	67	24	27	2	2	22	0.0277778	72	0.24111	FALSE	NA	NA	NA	NA	NA	NA
NC_045512.2	23678	G	C	67	24	27	1	1	27	0.0138889	72	0.489209	FALSE	NA	NA	NA	NA	NA	NA
NC_045512.2	23678	G	A	67	24	27	2	2	28	0.0277778	72	0.24111	FALSE	NA	NA	NA	NA	NA	NA
NC_045512.2	23679	C	T	66	23	27	6	6	26	0.0821918	73	0.0140208	FALSE	NA	NA	NA	NA	NA	NA
NC_045512.2	23679	C	G	66	23	27	1	1	23	0.0136986	73	0.482014	FALSE	NA	NA	NA	NA	NA	NA
NC_045512.2	23680	T	G	63	20	26	2	2	27	0.0277778	72	0.22658	FALSE	NA	NA	NA	NA	NA	NA
NC_045512.2	23680	T	C	63	20	26	3	3	27	0.0416667	72	0.109155	FALSE	NA	NA	NA	NA	NA	NA
NC_045512.2	23680	T	A	63	20	26	4	4	26	0.0555556	72	0.0529956	FALSE	NA	NA	NA	NA	NA	NA
NC_045512.2	23681	T	G	63	21	24	5	5	26	0.0694444	72	0.0259259	FALSE	NA	NA	NA	NA	NA	NA
NC_045512.2	23681	T	C	63	21	24	1	1	27	0.0138889	72	0.474074	FALSE	NA	NA	NA	NA	NA	NA
NC_045512.2	23681	T	A	63	21	24	3	3	27	0.0416667	72	0.109155	FALSE	NA	NA	NA	NA	NA	NA
NC_045512.2	23682	A	T	88	25	27	2	2	26	0.0208333	96	0.235311	FALSE	NA	NA	NA	NA	NA	NA
NC_045512.2	23682	A	G	88	25	27	3	3	27	0.03125	96	0.115125	FALSE	NA	NA	NA	NA	NA	NA
NC_045512.2	23682	A	C	88	25	27	3	3	27	0.03125	96	0.115125	FALSE	NA	NA	NA	NA	NA	NA
NC_045512.2	23683	C	T	87	24	27	5	5	23	0.0515464	97	0.026512	FALSE	NA	NA	NA	NA	NA	NA
NC_045512.2	23683	C	G	87	24	27	3	3	28	0.0309278	97	0.11133	FALSE	NA	NA	NA	NA	NA	NA
NC_045512.2	23683	C	A	87	24	27	2	2	27	0.0206186	97	0.230082	FALSE	NA	NA	NA	NA	NA	NA
NC_045512.2	23684	T	G	93	30	27	1	1	28	0.0104167	96	0.497354	FALSE	NA	NA	NA	NA	NA	NA
NC_045512.2	23684	T	A	93	30	27	2	2	26	0.0208333	96	0.248677	FALSE	NA	NA	NA	NA	NA	NA
NC_045512.2	23685	C	G	86	23	27	6	6	26	0.0618557	97	0.0126041	FALSE	NA	NA	NA	NA	NA	NA
NC_045512.2	23685	C	A	86	23	27	5	5	25	0.0515464	97	0.0257561	FALSE	NA	NA	NA	NA	NA	NA
NC_045512.2	23686	T	G	90	28	27	2	2	27	0.0208333	96	0.240699	FALSE	NA	NA	NA	NA	NA	NA
NC_045512.2	23686	T	C	90	28	27	3	3	27	0.03125	96	0.119069	FALSE	NA	NA	NA	NA	NA	NA
NC_045512.2	23686	T	A	90	28	27	1	1	28	0.0104167	96	0.489247	FALSE	NA	NA	NA	NA	NA	NA
NC_045512.2	23687	A	T	88	26	26	5	5	25	0.0520833	96	0.0280184	FALSE	NA	NA	NA	NA	NA	NA
NC_045512.2	23687	A	G	88	26	26	1	1	23	0.0104167	96	0.483696	FALSE	NA	NA	NA	NA	NA	NA
NC_045512.2	23687	A	C	88	26	26	2	2	26	0.0208333	96	0.235311	FALSE	NA	NA	NA	NA	NA	NA
NC_045512.2	23688	A	T	85	24	24	4	4	26	0.0421053	95	0.0540029	FALSE	NA	NA	NA	NA	NA	NA
NC_045512.2	23688	A	G	85	24	24	3	3	27	0.0315789	95	0.11104	FALSE	NA	NA	NA	NA	NA	NA
NC_045512.2	23688	A	C	85	24	24	3	3	27	0.0315789	95	0.11104	FALSE	NA	NA	NA	NA	NA	NA
NC_045512.2	23689	T	C	87	25	27	3	3	27	0.03125	96	0.113155	FALSE	NA	NA	NA	NA	NA	NA
NC_045512.2	23689	T	A	87	25	27	6	6	26	0.0625	96	0.0134733	FALSE	NA	NA	NA	NA	NA	NA
NC_045512.2	23690	A	T	84	22	26	4	4	27	0.0430108	93	0.0551316	FALSE	NA	NA	NA	NA	NA	NA
NC_045512.2	23690	A	G	84	22	26	3	3	27	0.0322581	93	0.112769	FALSE	NA	NA	NA	NA	NA	NA
NC_045512.2	23690	A	C	84	22	26	2	2	25	0.0215054	93	0.232019	FALSE	NA	NA	NA	NA	NA	NA
NC_045512.2	23691	A	T	83	26	24	4	4	25	0.0444444	90	0.0576195	FALSE	NA	NA	NA	NA	NA	NA
NC_045512.2	23691	A	C	83	26	24	3	3	24	0.0333333	90	0.116564	FALSE	NA	NA	NA	NA	NA	NA
NC_045512.2	23692	C	T	88	26	27	3	3	26	0.0315789	95	0.117013	FALSE	NA	NA	NA	NA	NA	NA
NC_045512.2	23692	C	G	88	26	27	2	2	26	0.0210526	95	0.237883	FALSE	NA	NA	NA	NA	NA	NA
NC_045512.2	23692	C	A	88	26	27	2	2	26	0.0210526	95	0.237883	FALSE	NA	NA	NA	NA	NA	NA
NC_045512.2	23693	T	G	90	28	27	2	2	27	0.0208333	96	0.240699	FALSE	NA	NA	NA	NA	NA	NA
NC_045512.2	23693	T	A	90	28	27	4	4	21	0.0416667	96	0.0592196	FALSE	NA	NA	NA	NA	NA	NA
NC_045512.2	23694	C	T	89	27	27	2	2	28	0.0208333	96	0.238012	FALSE	NA	NA	NA	NA	NA	NA
NC_045512.2	23694	C	G	89	27	27	1	1	23	0.0104167	96	0.486486	FALSE	NA	NA	NA	NA	NA	NA
NC_045512.2	23694	C	A	89	27	27	4	4	25	0.0416667	96	0.0579256	FALSE	NA	NA	NA	NA	NA	NA
NC_045512.2	23695	T	G	89	28	27	1	1	27	0.0104167	96	0.486486	FALSE	NA	NA	NA	NA	NA	NA
NC_045512.2	23695	T	C	89	28	27	1	1	26	0.0104167	96	0.486486	FALSE	NA	NA	NA	NA	NA	NA
NC_045512.2	23695	T	A	89	28	27	5	5	25	0.0520833	96	0.0288096	FALSE	NA	NA	NA	NA	NA	NA
NC_045512.2	23696	A	T	86	25	26	4	4	27	0.0416667	96	0.0540907	FALSE	NA	NA	NA	NA	NA	NA
NC_045512.2	23696	A	G	86	25	26	1	1	29	0.0104167	96	0.478022	FALSE	NA	NA	NA	NA	NA	NA
NC_045512.2	23696	A	C	86	25	26	5	5	25	0.0520833	96	0.0264637	FALSE	NA	NA	NA	NA	NA	NA
NC_045512.2	23697	T	C	84	23	26	4	4	28	0.0434783	92	0.0563846	FALSE	NA	NA	NA	NA	NA	NA
NC_045512.2	23697	T	A	84	23	26	4	4	24	0.0434783	92	0.0563846	FALSE	NA	NA	NA	NA	NA	NA
NC_045512.2	23698	T	C	60	26	24	5	4	26	0.0704225	71	0.0238243	FALSE	NA	NA	NA	NA	NA	NA
NC_045512.2	23698	T	A	60	26	24	6	5	26	0.084507	71	0.0115618	FALSE	NA	NA	NA	NA	NA	NA
NC_045512.2	23699	G	T	81	23	25	5	5	28	0.0537634	93	0.0247511	FALSE	NA	NA	NA	NA	NA	NA
NC_045512.2	23699	G	C	81	23	25	4	4	28	0.0430108	93	0.0512291	FALSE	NA	NA	NA	NA	NA	NA
NC_045512.2	23699	G	A	81	23	25	3	3	28	0.0322581	93	0.106677	FALSE	NA	NA	NA	NA	NA	NA
NC_045512.2	23700	C	T	83	25	25	4	4	26	0.043956	91	0.0563174	FALSE	NA	NA	NA	NA	NA	NA
NC_045512.2	23700	C	A	83	25	25	4	4	27	0.043956	91	0.0563174	FALSE	NA	NA	NA	NA	NA	NA
NC_045512.2	23701	C	T	79	27	24	4	4	26	0.045977	87	0.0560333	FALSE	NA	NA	NA	NA	NA	NA
NC_045512.2	23701	C	A	79	27	24	4	4	27	0.045977	87	0.0560333	FALSE	NA	NA	NA	NA	NA	NA
NC_045512.2	23702	A	T	84	26	27	5	5	26	0.0537634	93	0.0271089	FALSE	NA	NA	NA	NA	NA	NA
NC_045512.2	23702	A	G	84	26	27	1	1	23	0.0107527	93	0.480226	FALSE	NA	NA	NA	NA	NA	NA
NC_045512.2	23702	A	C	84	26	27	3	3	27	0.0322581	93	0.112769	FALSE	NA	NA	NA	NA	NA	NA
NC_045512.2	23703	T	C	83	26	26	4	3	25	0.0430108	93	0.0538216	FALSE	NA	NA	NA	NA	NA	NA
NC_045512.2	23703	T	A	83	26	26	6	6	27	0.0645161	93	0.0129383	FALSE	NA	NA	NA	NA	NA	NA
NC_045512.2	23703	T	-A	83	26	26	1	0	20	0.0107527	93	0.477273	FALSE	NA	NA	NA	NA	NA	NA
NC_045512.2	23704	A	T	80	25	26	7	7	25	0.0777778	90	0.00610167	TRUE	NA	NA	NA	NA	NA	NA
NC_045512.2	23704	A	G	80	25	26	1	1	27	0.0111111	90	0.473684	FALSE	NA	NA	NA	NA	NA	NA
NC_045512.2	23704	A	C	80	25	26	2	2	26	0.0222222	90	0.225826	FALSE	NA	NA	NA	NA	NA	NA
NC_045512.2	23705	C	T	80	24	25	5	5	27	0.0568182	88	0.0277272	FALSE	NA	NA	NA	NA	NA	NA
NC_045512.2	23705	C	A	80	24	25	3	3	25	0.0340909	88	0.114217	FALSE	NA	NA	NA	NA	NA	NA
NC_045512.2	23706	C	T	80	24	28	3	3	25	0.0333333	90	0.110256	FALSE	NA	NA	NA	NA	NA	NA
NC_045512.2	23706	C	G	80	24	28	5	5	26	0.0555556	90	0.0261521	FALSE	NA	NA	NA	NA	NA	NA
NC_045512.2	23706	C	A	80	24	28	2	2	29	0.0222222	90	0.228483	FALSE	NA	NA	NA	NA	NA	NA
NC_045512.2	23707	C	T	72	28	24	4	4	27	0.0519481	77	0.0600249	FALSE	NA	NA	NA	NA	NA	NA
NC_045512.2	23707	C	A	72	28	24	1	1	27	0.012987	77	0.489933	FALSE	NA	NA	NA	NA	NA	NA
NC_045512.2	23708	A	T	81	25	27	3	3	25	0.0333333	90	0.112357	FALSE	NA	NA	NA	NA	NA	NA
NC_045512.2	23708	A	G	81	25	27	1	1	23	0.0111111	90	0.479532	FALSE	NA	NA	NA	NA	NA	NA
NC_045512.2	23708	A	C	81	25	27	5	5	26	0.0555556	90	0.0269731	FALSE	NA	NA	NA	NA	NA	NA
NC_045512.2	23709	C	T	78	25	27	3	3	27	0.0348837	86	0.113964	FALSE	NA	NA	NA	NA	NA	NA
NC_045512.2	23709	C	A	78	25	27	5	5	27	0.0581395	86	0.027646	FALSE	NA	NA	NA	NA	NA	NA
NC_045512.2	23709	C	-A	78	25	27	1	0	20	0.0116279	86	0.481707	FALSE	NA	NA	NA	NA	NA	NA
NC_045512.2	23710	A	T	75	23	25	4	4	26	0.0481928	83	0.0543461	FALSE	NA	NA	NA	NA	NA	NA
NC_045512.2	23710	A	G	75	23	25	1	1	27	0.0120482	83	0.477987	FALSE	NA	NA	NA	NA	NA	NA
NC_045512.2	23710	A	C	75	23	25	3	3	25	0.0361446	83	0.111444	FALSE	NA	NA	NA	NA	NA	NA
NC_045512.2	23711	A	T	79	26	28	4	4	25	0.045977	87	0.0560333	FALSE	NA	NA	NA	NA	NA	NA
NC_045512.2	23711	A	C	79	26	28	4	4	25	0.045977	87	0.0560333	FALSE	NA	NA	NA	NA	NA	NA
NC_045512.2	23712	A	T	60	25	24	3	3	25	0.0441176	68	0.110999	FALSE	NA	NA	NA	NA	NA	NA
NC_045512.2	23712	A	G	60	25	24	1	1	27	0.0147059	68	0.476563	FALSE	NA	NA	NA	NA	NA	NA
NC_045512.2	23712	A	C	60	25	24	4	4	25	0.0588235	68	0.0542285	FALSE	NA	NA	NA	NA	NA	NA
NC_045512.2	23712	A	-T	60	25	24	1	0	20	0.0147059	68	0.476563	FALSE	NA	NA	NA	NA	NA	NA
NC_045512.2	23713	T	G	59	8	26	1	1	23	0.0149254	67	0.47619	FALSE	NA	NA	NA	NA	NA	NA
NC_045512.2	23713	T	C	59	8	26	5	5	26	0.0746269	67	0.0266364	FALSE	NA	NA	NA	NA	NA	NA
NC_045512.2	23713	T	A	59	8	26	2	2	26	0.0298507	67	0.228721	FALSE	NA	NA	NA	NA	NA	NA
NC_045512.2	23714	T	G	76	26	27	2	2	27	0.0240964	83	0.236085	FALSE	NA	NA	NA	NA	NA	NA
NC_045512.2	23714	T	C	76	26	27	4	3	27	0.0481928	83	0.0572064	FALSE	NA	NA	NA	NA	NA	NA
NC_045512.2	23714	T	A	76	26	27	1	1	26	0.0120482	83	0.484277	FALSE	NA	NA	NA	NA	NA	NA
NC_045512.2	23715	T	G	77	25	27	1	1	22	0.0119048	84	0.484472	FALSE	NA	NA	NA	NA	NA	NA
NC_045512.2	23715	T	A	77	25	27	6	6	27	0.0714286	84	0.0142306	FALSE	NA	NA	NA	NA	NA	NA
NC_045512.2	23716	T	G	54	28	24	1	1	28	0.0169492	59	0.486726	FALSE	NA	NA	NA	NA	NA	NA
NC_045512.2	23716	T	C	54	28	24	4	4	25	0.0677966	59	0.0592536	FALSE	NA	NA	NA	NA	NA	NA
NC_045512.2	23717	A	G	79	27	26	3	3	26	0.0352941	85	0.118291	FALSE	NA	NA	NA	NA	NA	NA
NC_045512.2	23717	A	C	79	27	26	3	3	28	0.0352941	85	0.118291	FALSE	NA	NA	NA	NA	NA	NA
NC_045512.2	23718	C	T	75	25	28	3	3	24	0.0365854	82	0.11573	FALSE	NA	NA	NA	NA	NA	NA
NC_045512.2	23718	C	A	75	25	28	4	4	27	0.0487805	82	0.0571416	FALSE	NA	NA	NA	NA	NA	NA
NC_045512.2	23719	T	C	73	23	28	5	5	26	0.0625	80	0.028322	FALSE	NA	NA	NA	NA	NA	NA
NC_045512.2	23719	T	A	73	23	28	2	2	25	0.025	80	0.235549	FALSE	NA	NA	NA	NA	NA	NA
NC_045512.2	23720	A	T	76	26	27	1	1	23	0.0126582	79	0.496774	FALSE	NA	NA	NA	NA	NA	NA
NC_045512.2	23720	A	C	76	26	27	2	2	26	0.0253165	79	0.248387	FALSE	NA	NA	NA	NA	NA	NA
NC_045512.2	23721	T	C	75	25	26	3	3	26	0.0375	80	0.120238	FALSE	NA	NA	NA	NA	NA	NA
NC_045512.2	23721	T	A	75	25	26	2	2	24	0.025	80	0.242018	FALSE	NA	NA	NA	NA	NA	NA
NC_045512.2	23722	T	G	72	24	25	1	1	22	0.0128205	78	0.486667	FALSE	NA	NA	NA	NA	NA	NA
NC_045512.2	23722	T	C	72	24	25	3	3	27	0.0384615	78	0.11768	FALSE	NA	NA	NA	NA	NA	NA
NC_045512.2	23722	T	A	72	24	25	2	2	29	0.025641	78	0.238499	FALSE	NA	NA	NA	NA	NA	NA
NC_045512.2	23723	A	T	76	27	27	2	2	26	0.025	80	0.245223	FALSE	NA	NA	NA	NA	NA	NA
NC_045512.2	23723	A	G	76	27	27	1	1	29	0.0125	80	0.49359	FALSE	NA	NA	NA	NA	NA	NA
NC_045512.2	23723	A	C	76	27	27	1	1	23	0.0125	80	0.49359	FALSE	NA	NA	NA	NA	NA	NA
NC_045512.2	23724	G	T	75	26	27	2	2	25	0.0253165	79	0.245161	FALSE	NA	NA	NA	NA	NA	NA
NC_045512.2	23724	G	C	75	26	27	1	1	29	0.0126582	79	0.493506	FALSE	NA	NA	NA	NA	NA	NA
NC_045512.2	23724	G	A	75	26	27	1	1	28	0.0126582	79	0.493506	FALSE	NA	NA	NA	NA	NA	NA
NC_045512.2	23725	T	G	74	25	27	3	3	25	0.0379747	79	0.120177	FALSE	NA	NA	NA	NA	NA	NA
NC_045512.2	23725	T	C	74	25	27	1	1	28	0.0126582	79	0.490196	FALSE	NA	NA	NA	NA	NA	NA
NC_045512.2	23725	T	A	74	25	27	1	1	28	0.0126582	79	0.490196	FALSE	NA	NA	NA	NA	NA	NA
NC_045512.2	23726	G	T	72	23	27	5	5	27	0.0641026	78	0.0292278	FALSE	NA	NA	NA	NA	NA	NA
NC_045512.2	23726	G	A	72	23	27	1	1	29	0.0128205	78	0.486667	FALSE	NA	NA	NA	NA	NA	NA
NC_045512.2	23727	T	G	74	25	25	3	3	25	0.0379747	79	0.120177	FALSE	NA	NA	NA	NA	NA	NA
NC_045512.2	23727	T	C	74	25	25	1	1	27	0.0126582	79	0.490196	FALSE	NA	NA	NA	NA	NA	NA
NC_045512.2	23727	T	A	74	25	25	1	1	27	0.0126582	79	0.490196	FALSE	NA	NA	NA	NA	NA	NA
NC_045512.2	23728	T	C	64	24	25	1	1	28	0.0151515	66	0.5	FALSE	NA	NA	NA	NA	NA	NA
NC_045512.2	23728	T	A	64	24	25	1	1	26	0.0151515	66	0.5	FALSE	NA	NA	NA	NA	NA	NA
NC_045512.2	23729	A	T	37	9	26	2	2	25	0.05	40	0.246753	FALSE	NA	NA	NA	NA	NA	NA
NC_045512.2	23729	A	C	37	9	26	1	1	26	0.025	40	0.493506	FALSE	NA	NA	NA	NA	NA	NA
NC_045512.2	23730	C	T	36	8	25	2	2	27	0.0512821	39	0.246667	FALSE	NA	NA	NA	NA	NA	NA
NC_045512.2	23730	C	A	36	8	25	1	1	27	0.025641	39	0.493333	FALSE	NA	NA	NA	NA	NA	NA
NC_045512.2	23731	C	A	38	10	24	2	2	28	0.05	40	0.253165	FALSE	NA	NA	NA	NA	NA	NA
NC_045512.2	23732	A	T	37	9	27	2	2	27	0.05	40	0.246753	FALSE	NA	NA	NA	NA	NA	NA
NC_045512.2	23732	A	C	37	9	27	1	1	28	0.025	40	0.493506	FALSE	NA	NA	NA	NA	NA	NA
NC_045512.2	23733	C	T	37	9	27	2	2	27	0.05	40	0.246753	FALSE	NA	NA	NA	NA	NA	NA
NC_045512.2	23733	C	A	37	9	27	1	1	27	0.025	40	0.493506	FALSE	NA	NA	NA	NA	NA	NA
NC_045512.2	23734	A	T	38	10	27	1	1	21	0.025	40	0.5	FALSE	NA	NA	NA	NA	NA	NA
NC_045512.2	23734	A	C	38	10	27	1	1	27	0.025	40	0.5	FALSE	NA	NA	NA	NA	NA	NA
NC_045512.2	23735	G	T	38	10	27	2	2	27	0.05	40	0.253165	FALSE	NA	NA	NA	NA	NA	NA
NC_045512.2	23736	A	T	37	9	26	1	1	27	0.0263158	38	0.506667	FALSE	NA	NA	NA	NA	NA	NA
NC_045512.2	23737	A	G	37	9	27	2	2	26	0.0512821	39	0.253247	FALSE	NA	NA	NA	NA	NA	NA
NC_045512.2	23738	A	T	27	5	23	3	3	25	0.1	30	0.124888	FALSE	NA	NA	NA	NA	NA	NA
NC_045512.2	23739	T	G	30	6	27	1	1	27	0.03125	32	0.5	FALSE	NA	NA	NA	NA	NA	NA
NC_045512.2	23739	T	A	30	6	27	1	1	23	0.03125	32	0.5	FALSE	NA	NA	NA	NA	NA	NA
NC_045512.2	23740	T	A	30	6	24	3	3	27	0.0909091	33	0.124908	FALSE	NA	NA	NA	NA	NA	NA
NC_045512.2	23741	C	T	32	8	27	1	1	27	0.030303	33	0.507692	FALSE	NA	NA	NA	NA	NA	NA
NC_045512.2	23742	T	C	31	8	27	2	1	26	0.0588235	34	0.246154	FALSE	NA	NA	NA	NA	NA	NA
NC_045512.2	23742	T	A	31	8	27	1	1	26	0.0294118	34	0.492308	FALSE	NA	NA	NA	NA	NA	NA
NC_045512.2	23743	A	C	30	6	27	4	4	26	0.117647	34	0.0605052	FALSE	NA	NA	NA	NA	NA	NA
NC_045512.2	23744	C	T	31	7	26	2	2	27	0.0571429	35	0.238806	FALSE	NA	NA	NA	NA	NA	NA
NC_045512.2	23744	C	A	31	7	26	2	2	27	0.0571429	35	0.238806	FALSE	NA	NA	NA	NA	NA	NA
NC_045512.2	23745	C	T	29	6	24	1	1	28	0.0285714	35	0.46875	FALSE	NA	NA	NA	NA	NA	NA
NC_045512.2	23745	C	G	29	6	24	1	1	27	0.0285714	35	0.46875	FALSE	NA	NA	NA	NA	NA	NA
NC_045512.2	23745	C	A	29	6	24	4	4	24	0.114286	35	0.0533869	FALSE	NA	NA	NA	NA	NA	NA
NC_045512.2	23746	A	T	31	7	27	2	2	23	0.0555556	36	0.231782	FALSE	NA	NA	NA	NA	NA	NA
NC_045512.2	23746	A	G	31	7	27	1	1	28	0.0277778	36	0.477612	FALSE	NA	NA	NA	NA	NA	NA
NC_045512.2	23746	A	C	31	7	27	2	2	28	0.0555556	36	0.231782	FALSE	NA	NA	NA	NA	NA	NA
NC_045512.2	23747	G	T	29	5	25	3	3	24	0.0810811	37	0.0989704	FALSE	NA	NA	NA	NA	NA	NA
NC_045512.2	23747	G	C	29	5	25	2	2	27	0.0540541	37	0.210312	FALSE	NA	NA	NA	NA	NA	NA
NC_045512.2	23747	G	A	29	5	25	3	3	26	0.0810811	37	0.0989704	FALSE	NA	NA	NA	NA	NA	NA
NC_045512.2	23748	T	G	31	7	25	4	4	26	0.111111	36	0.0571058	FALSE	NA	NA	NA	NA	NA	NA
NC_045512.2	23748	T	A	31	7	25	1	1	32	0.0277778	36	0.477612	FALSE	NA	NA	NA	NA	NA	NA
NC_045512.2	23749	G	T	29	5	25	1	1	23	0.027027	37	0.454545	FALSE	NA	NA	NA	NA	NA	NA
NC_045512.2	23749	G	C	29	5	25	3	3	25	0.0810811	37	0.0989704	FALSE	NA	NA	NA	NA	NA	NA
NC_045512.2	23749	G	A	29	5	25	4	4	23	0.108108	37	0.0473337	FALSE	NA	NA	NA	NA	NA	NA
NC_045512.2	23750	T	C	33	9	27	2	2	25	0.0540541	37	0.239437	FALSE	NA	NA	NA	NA	NA	NA
NC_045512.2	23750	T	A	33	9	27	2	2	29	0.0540541	37	0.239437	FALSE	NA	NA	NA	NA	NA	NA
NC_045512.2	23751	C	T	29	5	27	4	4	26	0.105263	38	0.0446289	FALSE	NA	NA	NA	NA	NA	NA
NC_045512.2	23751	C	G	29	5	27	1	1	26	0.0263158	38	0.447761	FALSE	NA	NA	NA	NA	NA	NA
NC_045512.2	23751	C	A	29	5	27	4	4	26	0.105263	38	0.0446289	FALSE	NA	NA	NA	NA	NA	NA
NC_045512.2	23752	T	C	31	7	27	4	4	27	0.108108	37	0.0538885	FALSE	NA	NA	NA	NA	NA	NA
NC_045512.2	23752	T	A	31	7	27	2	2	28	0.0540541	37	0.225064	FALSE	NA	NA	NA	NA	NA	NA
NC_045512.2	23753	A	T	31	7	27	6	6	26	0.157895	38	0.0125494	FALSE	NA	NA	NA	NA	NA	NA
NC_045512.2	23753	A	C	31	7	27	1	1	30	0.0263158	38	0.463768	FALSE	NA	NA	NA	NA	NA	NA
NC_045512.2	23754	T	C	31	7	27	4	4	25	0.105263	38	0.0508947	FALSE	NA	NA	NA	NA	NA	NA
NC_045512.2	23754	T	A	31	7	27	3	3	25	0.0789474	38	0.104698	FALSE	NA	NA	NA	NA	NA	NA
NC_045512.2	23755	G	T	29	5	27	4	4	27	0.105263	38	0.0446289	FALSE	NA	NA	NA	NA	NA	NA
NC_045512.2	23755	G	C	29	5	27	3	3	25	0.0789474	38	0.0946673	FALSE	NA	NA	NA	NA	NA	NA
NC_045512.2	23755	G	A	29	5	27	2	2	26	0.0526316	38	0.204126	FALSE	NA	NA	NA	NA	NA	NA
NC_045512.2	23756	A	T	31	7	27	2	2	27	0.0526316	38	0.218634	FALSE	NA	NA	NA	NA	NA	NA
NC_045512.2	23756	A	C	31	7	27	5	5	26	0.131579	38	0.0250988	FALSE	NA	NA	NA	NA	NA	NA
NC_045512.2	23757	C	T	29	5	27	4	4	26	0.105263	38	0.0446289	FALSE	NA	NA	NA	NA	NA	NA
NC_045512.2	23757	C	G	29	5	27	1	1	27	0.0263158	38	0.447761	FALSE	NA	NA	NA	NA	NA	NA
NC_045512.2	23757	C	A	29	5	27	4	4	26	0.105263	38	0.0446289	FALSE	NA	NA	NA	NA	NA	NA
NC_045512.2	23758	C	T	32	11	24	1	1	26	0.0277778	36	0.485294	FALSE	NA	NA	NA	NA	NA	NA
NC_045512.2	23758	C	G	32	11	24	1	1	27	0.0277778	36	0.485294	FALSE	NA	NA	NA	NA	NA	NA
NC_045512.2	23758	C	A	32	11	24	2	2	27	0.0555556	36	0.23913	FALSE	NA	NA	NA	NA	NA	NA
NC_045512.2	23759	A	T	33	9	26	5	5	26	0.128205	39	0.0271689	FALSE	NA	NA	NA	NA	NA	NA
NC_045512.2	23759	A	C	33	9	26	1	1	28	0.025641	39	0.472222	FALSE	NA	NA	NA	NA	NA	NA
NC_045512.2	23760	A	T	34	11	24	1	1	27	0.0263158	38	0.486111	FALSE	NA	NA	NA	NA	NA	NA
NC_045512.2	23760	A	G	34	11	24	3	3	30	0.0789474	38	0.119863	FALSE	NA	NA	NA	NA	NA	NA
NC_045512.2	23761	G	T	30	6	26	5	5	26	0.128205	39	0.0216128	FALSE	NA	NA	NA	NA	NA	NA
NC_045512.2	23761	G	C	30	6	26	1	1	27	0.025641	39	0.449275	FALSE	NA	NA	NA	NA	NA	NA
NC_045512.2	23761	G	A	30	6	26	3	3	28	0.0769231	39	0.0954597	FALSE	NA	NA	NA	NA	NA	NA
NC_045512.2	23762	A	T	30	6	26	5	5	23	0.128205	39	0.0216128	FALSE	NA	NA	NA	NA	NA	NA
NC_045512.2	23762	A	G	30	6	26	1	1	26	0.025641	39	0.449275	FALSE	NA	NA	NA	NA	NA	NA
NC_045512.2	23762	A	C	30	6	26	3	3	25	0.0769231	39	0.0954597	FALSE	NA	NA	NA	NA	NA	NA
NC_045512.2	23763	C	T	32	8	27	4	4	27	0.105263	38	0.0541192	FALSE	NA	NA	NA	NA	NA	NA
NC_045512.2	23763	C	G	32	8	27	2	2	23	0.0526316	38	0.225755	FALSE	NA	NA	NA	NA	NA	NA
NC_045512.2	23764	A	T	33	9	27	2	2	28	0.0512821	39	0.226408	FALSE	NA	NA	NA	NA	NA	NA
NC_045512.2	23764	A	C	33	9	27	4	4	26	0.102564	39	0.0543379	FALSE	NA	NA	NA	NA	NA	NA
NC_045512.2	23765	T	C	33	11	27	4	4	26	0.105263	38	0.0573992	FALSE	NA	NA	NA	NA	NA	NA
NC_045512.2	23765	T	A	33	11	27	1	1	28	0.0263158	38	0.478873	FALSE	NA	NA	NA	NA	NA	NA
NC_045512.2	23766	C	T	30	5	27	4	4	26	0.0930233	43	0.0361472	FALSE	NA	NA	NA	NA	NA	NA
NC_045512.2	23766	C	G	30	5	27	1	1	26	0.0232558	43	0.424658	FALSE	NA	NA	NA	NA	NA	NA
NC_045512.2	23766	C	A	30	5	27	8	8	26	0.186047	43	0.00168705	TRUE	NA	NA	NA	NA	NA	NA
NC_045512.2	23767	A	T	32	8	27	4	4	25	0.0930233	43	0.0412955	FALSE	NA	NA	NA	NA	NA	NA
NC_045512.2	23767	A	C	32	8	27	7	7	26	0.162791	43	0.00442335	TRUE	NA	NA	NA	NA	NA	NA
NC_045512.2	23768	G	T	31	7	26	6	6	27	0.142857	42	0.00905108	TRUE	NA	NA	NA	NA	NA	NA
NC_045512.2	23768	G	C	31	7	26	4	4	26	0.0952381	42	0.0408114	FALSE	NA	NA	NA	NA	NA	NA
NC_045512.2	23768	G	A	31	7	26	1	1	25	0.0238095	42	0.438356	FALSE	NA	NA	NA	NA	NA	NA
NC_045512.2	23768	G	-T	31	7	26	2	0	20	0.047619	42	0.195483	FALSE	NA	NA	NA	NA	NA	NA
NC_045512.2	23769	T	G	29	7	26	1	1	27	0.0243902	41	0.416667	FALSE	NA	NA	NA	NA	NA	NA
NC_045512.2	23769	T	C	29	7	26	6	6	25	0.146341	41	0.00684607	TRUE	NA	NA	NA	NA	NA	NA
NC_045512.2	23769	T	A	29	7	26	5	5	25	0.121951	41	0.0150613	FALSE	NA	NA	NA	NA	NA	NA
NC_045512.2	23770	A	T	33	9	26	4	4	25	0.0930233	43	0.0439567	FALSE	NA	NA	NA	NA	NA	NA
NC_045512.2	23770	A	C	33	9	26	6	6	25	0.139535	43	0.0100531	FALSE	NA	NA	NA	NA	NA	NA
NC_045512.2	23771	G	T	29	5	26	5	5	26	0.119048	42	0.016122	FALSE	NA	NA	NA	NA	NA	NA
NC_045512.2	23771	G	C	29	5	26	4	4	27	0.0952381	42	0.0355632	FALSE	NA	NA	NA	NA	NA	NA
NC_045512.2	23771	G	A	29	5	26	4	4	25	0.0952381	42	0.0355632	FALSE	NA	NA	NA	NA	NA	NA
NC_045512.2	23772	A	T	38	14	26	2	2	26	0.047619	42	0.240741	FALSE	NA	NA	NA	NA	NA	NA
NC_045512.2	23772	A	G	38	14	26	2	2	26	0.047619	42	0.240741	FALSE	NA	NA	NA	NA	NA	NA
NC_045512.2	23773	T	G	33	9	26	1	1	25	0.0238095	42	0.453333	FALSE	NA	NA	NA	NA	NA	NA
NC_045512.2	23773	T	C	33	9	26	1	1	27	0.0238095	42	0.453333	FALSE	NA	NA	NA	NA	NA	NA
NC_045512.2	23773	T	A	33	9	26	7	7	27	0.166667	42	0.00536163	TRUE	NA	NA	NA	NA	NA	NA
NC_045512.2	23774	T	G	32	9	24	1	1	26	0.0238095	42	0.445946	FALSE	NA	NA	NA	NA	NA	NA
NC_045512.2	23774	T	C	32	9	24	4	4	24	0.0952381	42	0.0435277	FALSE	NA	NA	NA	NA	NA	NA
NC_045512.2	23774	T	A	32	9	24	5	5	24	0.119048	42	0.0206478	FALSE	NA	NA	NA	NA	NA	NA
NC_045512.2	23775	G	T	30	6	27	2	2	23	0.0487805	41	0.194053	FALSE	NA	NA	NA	NA	NA	NA
NC_045512.2	23775	G	C	30	6	27	1	1	27	0.0243902	41	0.43662	FALSE	NA	NA	NA	NA	NA	NA
NC_045512.2	23775	G	A	30	6	27	8	8	27	0.195122	41	0.00208571	TRUE	NA	NA	NA	NA	NA	NA
NC_045512.2	23776	T	C	33	9	27	7	7	27	0.162791	43	0.00490393	TRUE	NA	NA	NA	NA	NA	NA
NC_045512.2	23776	T	A	33	9	27	3	3	26	0.0697674	43	0.0938535	FALSE	NA	NA	NA	NA	NA	NA
NC_045512.2	23777	A	T	32	8	27	6	6	27	0.142857	42	0.00993184	TRUE	NA	NA	NA	NA	NA	NA
NC_045512.2	23777	A	C	32	8	27	4	4	25	0.0952381	42	0.0435277	FALSE	NA	NA	NA	NA	NA	NA
NC_045512.2	23778	C	T	32	8	27	5	5	28	0.119048	42	0.0206478	FALSE	NA	NA	NA	NA	NA	NA
NC_045512.2	23778	C	A	32	8	27	5	5	25	0.119048	42	0.0206478	FALSE	NA	NA	NA	NA	NA	NA
NC_045512.2	23779	A	T	28	5	27	4	4	25	0.102564	39	0.0392193	FALSE	NA	NA	NA	NA	NA	NA
NC_045512.2	23779	A	G	28	5	27	1	1	28	0.025641	39	0.432836	FALSE	NA	NA	NA	NA	NA	NA
NC_045512.2	23779	A	C	28	5	27	6	6	25	0.153846	39	0.008608	TRUE	NA	NA	NA	NA	NA	NA
NC_045512.2	23780	A	T	32	10	24	6	6	26	0.146341	41	0.0107482	FALSE	NA	NA	NA	NA	NA	NA
NC_045512.2	23780	A	C	32	10	24	3	3	26	0.0731707	41	0.0969271	FALSE	NA	NA	NA	NA	NA	NA
NC_045512.2	23781	T	G	30	7	26	2	2	27	0.047619	42	0.188737	FALSE	NA	NA	NA	NA	NA	NA
NC_045512.2	23781	T	C	30	7	26	1	1	28	0.0238095	42	0.430556	FALSE	NA	NA	NA	NA	NA	NA
NC_045512.2	23781	T	A	30	7	26	9	9	26	0.214286	42	0.00091382	TRUE	NA	NA	NA	NA	NA	NA
NC_045512.2	23782	G	T	30	7	26	5	5	28	0.121951	41	0.018809	FALSE	NA	NA	NA	NA	NA	NA
NC_045512.2	23782	G	C	30	7	26	4	4	25	0.097561	41	0.040305	FALSE	NA	NA	NA	NA	NA	NA
NC_045512.2	23782	G	A	30	7	26	2	2	27	0.0487805	41	0.194053	FALSE	NA	NA	NA	NA	NA	NA
NC_045512.2	23783	T	G	33	10	26	2	2	27	0.047619	42	0.208772	FALSE	NA	NA	NA	NA	NA	NA
NC_045512.2	23783	T	C	33	10	26	2	2	28	0.047619	42	0.208772	FALSE	NA	NA	NA	NA	NA	NA
NC_045512.2	23783	T	A	33	10	26	5	5	25	0.119048	42	0.0222714	FALSE	NA	NA	NA	NA	NA	NA
NC_045512.2	23784	A	T	30	8	26	5	5	28	0.119048	42	0.0175716	FALSE	NA	NA	NA	NA	NA	NA
NC_045512.2	23784	A	G	30	8	26	5	5	26	0.119048	42	0.0175716	FALSE	NA	NA	NA	NA	NA	NA
NC_045512.2	23784	A	C	30	8	26	2	2	21	0.047619	42	0.188737	FALSE	NA	NA	NA	NA	NA	NA
NC_045512.2	23785	C	T	30	8	26	6	6	26	0.146341	41	0.00890953	TRUE	NA	NA	NA	NA	NA	NA
NC_045512.2	23785	C	A	30	8	26	5	5	26	0.121951	41	0.018809	FALSE	NA	NA	NA	NA	NA	NA
NC_045512.2	23786	A	T	31	11	27	5	5	25	0.125	40	0.0218427	FALSE	NA	NA	NA	NA	NA	NA
NC_045512.2	23786	A	G	31	11	27	2	2	27	0.05	40	0.206573	FALSE	NA	NA	NA	NA	NA	NA
NC_045512.2	23786	A	C	31	11	27	2	2	25	0.05	40	0.206573	FALSE	NA	NA	NA	NA	NA	NA
NC_045512.2	23787	T	C	29	9	27	2	2	24	0.0540541	37	0.210312	FALSE	NA	NA	NA	NA	NA	NA
NC_045512.2	23787	T	A	29	9	27	6	6	25	0.162162	37	0.0113334	FALSE	NA	NA	NA	NA	NA	NA
NC_045512.2	23788	T	G	30	10	27	3	3	24	0.075	40	0.0914822	FALSE	NA	NA	NA	NA	NA	NA
NC_045512.2	23788	T	C	30	10	27	3	3	26	0.075	40	0.0914822	FALSE	NA	NA	NA	NA	NA	NA
NC_045512.2	23788	T	A	30	10	27	4	4	26	0.1	40	0.0426082	FALSE	NA	NA	NA	NA	NA	NA
NC_045512.2	23789	T	C	27	11	23	5	5	26	0.138889	36	0.0208515	FALSE	NA	NA	NA	NA	NA	NA
NC_045512.2	23789	T	A	27	11	23	4	4	25	0.111111	36	0.0436577	FALSE	NA	NA	NA	NA	NA	NA
NC_045512.2	23790	G	T	26	6	26	2	2	24	0.0512821	39	0.176224	FALSE	NA	NA	NA	NA	NA	NA
NC_045512.2	23790	G	C	26	6	26	5	5	26	0.128205	39	0.0151186	FALSE	NA	NA	NA	NA	NA	NA
NC_045512.2	23790	G	A	26	6	26	6	6	27	0.153846	39	0.00691138	TRUE	NA	NA	NA	NA	NA	NA
NC_045512.2	23791	T	C	30	10	26	8	8	27	0.2	40	0.00232408	TRUE	NA	NA	NA	NA	NA	NA
NC_045512.2	23791	T	A	30	10	26	2	2	26	0.05	40	0.199598	FALSE	NA	NA	NA	NA	NA	NA
NC_045512.2	23792	G	T	25	5	27	3	3	25	0.0731707	41	0.0653683	FALSE	NA	NA	NA	NA	NA	NA
NC_045512.2	23792	G	C	25	5	27	5	5	26	0.121951	41	0.0117744	FALSE	NA	NA	NA	NA	NA	NA
NC_045512.2	23792	G	A	25	5	27	8	8	25	0.195122	41	0.00103288	TRUE	NA	NA	NA	NA	NA	NA
NC_045512.2	23793	G	T	27	8	24	1	1	27	0.025641	39	0.424242	FALSE	NA	NA	NA	NA	NA	NA
NC_045512.2	23793	G	C	27	8	24	4	4	26	0.102564	39	0.0363967	FALSE	NA	NA	NA	NA	NA	NA
NC_045512.2	23793	G	A	27	8	24	7	7	26	0.179487	39	0.00365188	TRUE	NA	NA	NA	NA	NA	NA
NC_045512.2	23794	T	G	29	9	27	1	1	25	0.0243902	41	0.428571	FALSE	NA	NA	NA	NA	NA	NA
NC_045512.2	23794	T	C	29	9	27	4	4	24	0.097561	41	0.0375954	FALSE	NA	NA	NA	NA	NA	NA
NC_045512.2	23794	T	A	29	9	27	7	7	26	0.170732	41	0.00381837	TRUE	NA	NA	NA	NA	NA	NA
NC_045512.2	23795	G	T	27	7	27	4	4	24	0.0952381	42	0.0305845	FALSE	NA	NA	NA	NA	NA	NA
NC_045512.2	23795	G	C	27	7	27	4	4	26	0.0952381	42	0.0305845	FALSE	NA	NA	NA	NA	NA	NA
NC_045512.2	23795	G	A	27	7	27	7	7	26	0.166667	42	0.00271037	TRUE	NA	NA	NA	NA	NA	NA
NC_045512.2	23796	A	T	35	15	27	5	5	29	0.113636	44	0.0226631	FALSE	NA	NA	NA	NA	NA	NA
NC_045512.2	23796	A	G	35	15	27	2	2	25	0.0454545	44	0.210759	FALSE	NA	NA	NA	NA	NA	NA
NC_045512.2	23796	A	C	35	15	27	2	2	26	0.0454545	44	0.210759	FALSE	NA	NA	NA	NA	NA	NA
NC_045512.2	23797	T	G	33	13	26	3	3	26	0.0652174	46	0.083685	FALSE	NA	NA	NA	NA	NA	NA
NC_045512.2	23797	T	C	33	13	26	4	4	27	0.0869565	46	0.0377603	FALSE	NA	NA	NA	NA	NA	NA
NC_045512.2	23797	T	A	33	13	26	6	6	27	0.130435	46	0.0080265	TRUE	NA	NA	NA	NA	NA	NA
NC_045512.2	23798	T	G	34	16	25	1	1	27	0.0227273	44	0.448718	FALSE	NA	NA	NA	NA	NA	NA
NC_045512.2	23798	T	C	34	16	25	5	5	26	0.113636	44	0.0211013	FALSE	NA	NA	NA	NA	NA	NA
NC_045512.2	23798	T	A	34	16	25	4	4	24	0.0909091	44	0.0443669	FALSE	NA	NA	NA	NA	NA	NA
NC_045512.2	23799	C	T	29	10	27	10	10	27	0.217391	46	0.000230257	TRUE	NA	NA	NA	NA	NA	NA
NC_045512.2	23799	C	G	29	10	27	2	2	28	0.0434783	46	0.163158	FALSE	NA	NA	NA	NA	NA	NA
NC_045512.2	23799	C	A	29	10	27	5	5	26	0.108696	46	0.0123463	FALSE	NA	NA	NA	NA	NA	NA
NC_045512.2	23800	A	T	29	10	26	10	10	27	0.222222	45	0.000261373	TRUE	NA	NA	NA	NA	NA	NA
NC_045512.2	23800	A	C	29	10	26	6	6	27	0.133333	45	0.00583949	TRUE	NA	NA	NA	NA	NA	NA
NC_045512.2	23801	A	T	31	14	24	11	11	27	0.25	44	0.000200634	TRUE	NA	NA	NA	NA	NA	NA
NC_045512.2	23801	A	G	31	14	24	1	1	22	0.0227273	44	0.426667	FALSE	NA	NA	NA	NA	NA	NA
NC_045512.2	23801	A	C	31	14	24	1	1	27	0.0227273	44	0.426667	FALSE	NA	NA	NA	NA	NA	NA
NC_045512.2	23802	C	T	29	10	26	3	3	26	0.0652174	46	0.0678059	FALSE	NA	NA	NA	NA	NA	NA
NC_045512.2	23802	C	G	29	10	26	1	1	28	0.0217391	46	0.4	FALSE	NA	NA	NA	NA	NA	NA
NC_045512.2	23802	C	A	29	10	26	13	13	26	0.282609	46	2.49384e-05	TRUE	NA	NA	NA	NA	NA	NA
NC_045512.2	23803	T	G	32	13	26	2	2	27	0.0454545	44	0.191729	FALSE	NA	NA	NA	NA	NA	NA
NC_045512.2	23803	T	C	32	13	26	6	6	26	0.136364	44	0.00850644	TRUE	NA	NA	NA	NA	NA	NA
NC_045512.2	23803	T	A	32	13	26	4	4	28	0.0909091	44	0.0392046	FALSE	NA	NA	NA	NA	NA	NA
NC_045512.2	23804	G	T	27	8	27	8	8	26	0.173913	46	0.000811929	TRUE	NA	NA	NA	NA	NA	NA
NC_045512.2	23804	G	C	27	8	27	4	4	26	0.0869565	46	0.024525	FALSE	NA	NA	NA	NA	NA	NA
NC_045512.2	23804	G	A	27	8	27	7	7	25	0.152174	46	0.00185584	TRUE	NA	NA	NA	NA	NA	NA
NC_045512.2	23805	A	T	35	16	26	6	6	25	0.130435	46	0.00956363	TRUE	NA	NA	NA	NA	NA	NA
NC_045512.2	23805	A	G	35	16	26	2	2	29	0.0434783	46	0.200542	FALSE	NA	NA	NA	NA	NA	NA
NC_045512.2	23805	A	C	35	16	26	3	3	26	0.0652174	46	0.0918144	FALSE	NA	NA	NA	NA	NA	NA
NC_045512.2	23806	A	T	24	11	25	6	6	26	0.153846	39	0.00542491	TRUE	NA	NA	NA	NA	NA	NA
NC_045512.2	23806	A	G	24	11	25	3	3	25	0.0769231	39	0.0669643	FALSE	NA	NA	NA	NA	NA	NA
NC_045512.2	23806	A	C	24	11	25	6	6	25	0.153846	39	0.00542491	TRUE	NA	NA	NA	NA	NA	NA
NC_045512.2	23807	T	G	32	13	25	1	1	27	0.0204082	49	0.407407	FALSE	NA	NA	NA	NA	NA	NA
NC_045512.2	23807	T	C	32	13	25	7	7	26	0.142857	49	0.00263221	TRUE	NA	NA	NA	NA	NA	NA
NC_045512.2	23807	T	A	32	13	25	9	9	27	0.183673	49	0.000551178	TRUE	NA	NA	NA	NA	NA	NA
NC_045512.2	23808	G	T	29	10	25	7	7	26	0.142857	49	0.00184301	TRUE	NA	NA	NA	NA	NA	NA
NC_045512.2	23808	G	C	29	10	25	5	5	27	0.102041	49	0.010198	FALSE	NA	NA	NA	NA	NA	NA
NC_045512.2	23808	G	A	29	10	25	8	8	24	0.163265	49	0.000802253	TRUE	NA	NA	NA	NA	NA	NA
NC_045512.2	23809	C	T	27	9	26	10	10	26	0.212766	47	0.000143208	TRUE	NA	NA	NA	NA	NA	NA
NC_045512.2	23809	C	G	27	9	26	5	5	26	0.106383	47	0.00953887	TRUE	NA	NA	NA	NA	NA	NA
NC_045512.2	23809	C	A	27	9	26	5	5	26	0.106383	47	0.00953887	TRUE	NA	NA	NA	NA	NA	NA
NC_045512.2	23810	A	T	28	10	26	11	11	25	0.234043	47	7.85583e-05	TRUE	NA	NA	NA	NA	NA	NA
NC_045512.2	23810	A	G	28	10	26	3	3	27	0.0638298	47	0.0614491	FALSE	NA	NA	NA	NA	NA	NA
NC_045512.2	23810	A	C	28	10	26	5	5	28	0.106383	47	0.0105307	FALSE	NA	NA	NA	NA	NA	NA
NC_045512.2	23811	G	T	28	10	26	10	10	25	0.212766	47	0.000171217	TRUE	NA	NA	NA	NA	NA	NA
NC_045512.2	23811	G	C	28	10	26	2	2	27	0.0425532	47	0.152632	FALSE	NA	NA	NA	NA	NA	NA
NC_045512.2	23811	G	A	28	10	26	7	7	26	0.148936	47	0.00193388	TRUE	NA	NA	NA	NA	NA	NA
NC_045512.2	23812	C	T	27	9	26	14	14	26	0.291667	48	5.4789e-06	TRUE	NA	NA	NA	NA	NA	NA
NC_045512.2	23812	C	G	27	9	26	2	2	26	0.0416667	48	0.142456	FALSE	NA	NA	NA	NA	NA	NA
NC_045512.2	23812	C	A	27	9	26	5	5	25	0.104167	48	0.00893515	TRUE	NA	NA	NA	NA	NA	NA
NC_045512.2	23813	A	T	29	11	26	7	7	27	0.152174	46	0.00240068	TRUE	NA	NA	NA	NA	NA	NA
NC_045512.2	23813	A	G	29	11	26	4	4	28	0.0869565	46	0.0286871	FALSE	NA	NA	NA	NA	NA	NA
NC_045512.2	23813	A	C	29	11	26	6	6	25	0.130435	46	0.00540153	TRUE	NA	NA	NA	NA	NA	NA
NC_045512.2	23814	A	T	26	12	24	10	10	26	0.222222	45	0.000154381	TRUE	NA	NA	NA	NA	NA	NA
NC_045512.2	23814	A	G	26	12	24	2	2	25	0.0444444	45	0.147887	FALSE	NA	NA	NA	NA	NA	NA
NC_045512.2	23814	A	C	26	12	24	7	7	25	0.155556	45	0.00177646	TRUE	NA	NA	NA	NA	NA	NA
NC_045512.2	23815	T	G	25	8	26	1	1	27	0.0208333	48	0.356164	FALSE	NA	NA	NA	NA	NA	NA
NC_045512.2	23815	T	C	25	8	26	16	16	25	0.333333	48	7.11993e-07	TRUE	NA	NA	NA	NA	NA	NA
NC_045512.2	23815	T	A	25	8	26	6	6	24	0.125	48	0.00286656	TRUE	NA	NA	NA	NA	NA	NA
NC_045512.2	23816	C	T	29	12	26	4	4	27	0.0816327	49	0.0245952	FALSE	NA	NA	NA	NA	NA	NA
NC_045512.2	23816	C	G	29	12	26	1	1	28	0.0204082	49	0.384615	FALSE	NA	NA	NA	NA	NA	NA
NC_045512.2	23816	C	A	29	12	26	15	15	26	0.306122	49	3.50923e-06	TRUE	NA	NA	NA	NA	NA	NA
NC_045512.2	23816	C	-TT	29	12	26	1	0	20	0.0204082	49	0.384615	FALSE	NA	NA	NA	NA	NA	NA
NC_045512.2	23816	C	-T	29	12	26	7	0	20	0.142857	49	0.00184301	TRUE	NA	NA	NA	NA	NA	NA
NC_045512.2	23817	T	G	12	5	25	7	7	26	0.205882	34	0.000130469	TRUE	NA	NA	NA	NA	NA	NA
NC_045512.2	23817	T	C	12	5	25	7	7	26	0.205882	34	0.000130469	TRUE	NA	NA	NA	NA	NA	NA
NC_045512.2	23817	T	A	12	5	25	8	8	26	0.235294	34	4.27767e-05	TRUE	NA	NA	NA	NA	NA	NA
NC_045512.2	23818	T	G	30	16	26	1	1	26	0.0222222	45	0.407895	FALSE	NA	NA	NA	NA	NA	NA
NC_045512.2	23818	T	C	30	16	26	4	4	27	0.0888889	45	0.0308659	FALSE	NA	NA	NA	NA	NA	NA
NC_045512.2	23818	T	A	30	16	26	10	10	26	0.222222	45	0.000270891	TRUE	NA	NA	NA	NA	NA	NA
NC_045512.2	23819	T	G	22	9	26	6	6	26	0.139535	43	0.00287333	TRUE	NA	NA	NA	NA	NA	NA
NC_045512.2	23819	T	C	22	9	26	7	7	27	0.162791	43	0.00117362	TRUE	NA	NA	NA	NA	NA	NA
NC_045512.2	23819	T	A	22	9	26	8	8	27	0.186047	43	0.000489006	TRUE	NA	NA	NA	NA	NA	NA
NC_045512.2	23820	T	G	15	11	25	6	6	27	0.166667	36	0.00167128	TRUE	NA	NA	NA	NA	NA	NA
NC_045512.2	23820	T	C	15	11	25	8	8	25	0.222222	36	0.000255799	TRUE	NA	NA	NA	NA	NA	NA
NC_045512.2	23820	T	A	15	11	25	7	7	25	0.194444	36	0.000645057	TRUE	NA	NA	NA	NA	NA	NA
NC_045512.2	23821	G	T	18	6	25	3	3	26	0.0681818	44	0.031922	FALSE	NA	NA	NA	NA	NA	NA
NC_045512.2	23821	G	C	18	6	25	10	10	27	0.227273	44	2.84211e-05	TRUE	NA	NA	NA	NA	NA	NA
NC_045512.2	23821	G	A	18	6	25	13	13	25	0.295455	44	1.97077e-06	TRUE	NA	NA	NA	NA	NA	NA
NC_045512.2	23822	T	G	22	11	25	3	3	26	0.0714286	42	0.0502622	FALSE	NA	NA	NA	NA	NA	NA
NC_045512.2	23822	T	C	22	11	25	5	5	28	0.119048	42	0.00774453	TRUE	NA	NA	NA	NA	NA	NA
NC_045512.2	23822	T	A	22	11	25	12	12	27	0.285714	42	2.09905e-05	TRUE	NA	NA	NA	NA	NA	NA
NC_045512.2	23823	T	G	28	18	24	1	1	26	0.0238095	42	0.414286	FALSE	NA	NA	NA	NA	NA	NA
NC_045512.2	23823	T	C	28	18	24	4	4	26	0.0952381	42	0.0330384	FALSE	NA	NA	NA	NA	NA	NA
NC_045512.2	23823	T	A	28	18	24	9	9	26	0.214286	42	0.00068217	TRUE	NA	NA	NA	NA	NA	NA
NC_045512.2	23824	G	T	20	11	26	7	7	26	0.170732	41	0.00102114	TRUE	NA	NA	NA	NA	NA	NA
NC_045512.2	23824	G	C	20	11	26	4	4	28	0.097561	41	0.016724	FALSE	NA	NA	NA	NA	NA	NA
NC_045512.2	23824	G	A	20	11	26	10	9	25	0.243902	41	7.57365e-05	TRUE	NA	NA	NA	NA	NA	NA
NC_045512.2	23825	C	T	21	12	26	6	6	26	0.153846	39	0.0035837	TRUE	NA	NA	NA	NA	NA	NA
NC_045512.2	23825	C	G	21	12	26	2	2	28	0.0512821	39	0.138251	FALSE	NA	NA	NA	NA	NA	NA
NC_045512.2	23825	C	A	21	12	26	10	10	25	0.25641	39	0.000130435	TRUE	NA	NA	NA	NA	NA	NA
NC_045512.2	23825	C	+A	21	12	26	1	0	20	0.025641	39	0.366667	FALSE	NA	NA	NA	NA	NA	NA
NC_045512.2	23826	A	T	23	14	25	8	8	26	0.205128	39	0.000943463	TRUE	NA	NA	NA	NA	NA	NA
NC_045512.2	23826	A	G	23	14	25	1	1	23	0.025641	39	0.387097	FALSE	NA	NA	NA	NA	NA	NA
NC_045512.2	23826	A	C	23	14	25	7	7	25	0.179487	39	0.00209997	TRUE	NA	NA	NA	NA	NA	NA
NC_045512.2	23827	A	T	20	14	25	8	8	26	0.222222	36	0.000802528	TRUE	NA	NA	NA	NA	NA	NA
NC_045512.2	23827	A	C	20	14	25	8	8	26	0.222222	36	0.000802528	TRUE	NA	NA	NA	NA	NA	NA
NC_045512.2	23828	T	G	24	15	26	1	1	27	0.025641	39	0.396825	FALSE	NA	NA	NA	NA	NA	NA
NC_045512.2	23828	T	C	24	15	26	7	7	25	0.179487	39	0.00243728	TRUE	NA	NA	NA	NA	NA	NA
NC_045512.2	23828	T	A	24	15	26	7	7	26	0.179487	39	0.00243728	TRUE	NA	NA	NA	NA	NA	NA
NC_045512.2	23829	A	T	24	15	25	9	9	28	0.219512	41	0.000397263	TRUE	NA	NA	NA	NA	NA	NA
NC_045512.2	23829	A	G	24	15	25	2	2	30	0.0487805	41	0.151515	FALSE	NA	NA	NA	NA	NA	NA
NC_045512.2	23829	A	C	24	15	25	6	6	27	0.146341	41	0.00452862	TRUE	NA	NA	NA	NA	NA	NA
NC_045512.2	23830	T	G	20	12	27	2	2	27	0.0540541	37	0.139746	FALSE	NA	NA	NA	NA	NA	NA
NC_045512.2	23830	T	C	20	12	27	5	5	28	0.135135	37	0.00893069	TRUE	NA	NA	NA	NA	NA	NA
NC_045512.2	23830	T	A	20	12	27	10	10	27	0.27027	37	0.000142407	TRUE	NA	NA	NA	NA	NA	NA
NC_045512.2	23831	G	T	18	10	25	11	11	26	0.275	40	2.25675e-05	TRUE	NA	NA	NA	NA	NA	NA
NC_045512.2	23831	G	C	18	10	25	5	5	26	0.125	40	0.00519997	TRUE	NA	NA	NA	NA	NA	NA
NC_045512.2	23831	G	A	18	10	25	6	6	28	0.15	40	0.00198094	TRUE	NA	NA	NA	NA	NA	NA
NC_045512.2	23832	G	T	15	9	24	9	9	26	0.236842	38	7.53963e-05	TRUE	NA	NA	NA	NA	NA	NA
NC_045512.2	23832	G	C	15	9	24	5	5	27	0.131579	38	0.0037028	TRUE	NA	NA	NA	NA	NA	NA
NC_045512.2	23832	G	A	15	9	24	9	9	25	0.236842	38	7.53963e-05	TRUE	NA	NA	NA	NA	NA	NA
NC_045512.2	23833	C	T	17	9	26	8	8	26	0.2	40	0.000244359	TRUE	NA	NA	NA	NA	NA	NA
NC_045512.2	23833	C	G	17	9	26	6	6	26	0.15	40	0.00164209	TRUE	NA	NA	NA	NA	NA	NA
NC_045512.2	23833	C	A	17	9	26	9	9	25	0.225	40	9.77437e-05	TRUE	NA	NA	NA	NA	NA	NA
NC_045512.2	23834	A	T	18	10	26	10	10	26	0.263158	38	7.33078e-05	TRUE	NA	NA	NA	NA	NA	NA
NC_045512.2	23834	A	G	18	10	26	5	5	25	0.131579	38	0.00616111	TRUE	NA	NA	NA	NA	NA	NA
NC_045512.2	23834	A	C	18	10	26	5	5	26	0.131579	38	0.00616111	TRUE	NA	NA	NA	NA	NA	NA
NC_045512.2	23835	G	T	15	7	25	11	11	25	0.282051	39	1.03903e-05	TRUE	NA	NA	NA	NA	NA	NA
NC_045512.2	23835	G	C	15	7	25	4	4	26	0.102564	39	0.00981241	TRUE	NA	NA	NA	NA	NA	NA
NC_045512.2	23835	G	A	15	7	25	9	9	26	0.230769	39	6.44516e-05	TRUE	NA	NA	NA	NA	NA	NA
NC_045512.2	23835	G	-T	15	7	25	1	0	20	0.025641	39	0.296296	FALSE	NA	NA	NA	NA	NA	NA
NC_045512.2	23835	G	+T	15	7	25	1	0	20	0.025641	39	0.296296	FALSE	NA	NA	NA	NA	NA	NA
NC_045512.2	23836	T	G	18	10	25	2	2	24	0.0571429	35	0.127946	FALSE	NA	NA	NA	NA	NA	NA
NC_045512.2	23836	T	C	18	10	25	8	8	26	0.228571	35	0.000530515	TRUE	NA	NA	NA	NA	NA	NA
NC_045512.2	23836	T	A	18	10	25	7	7	27	0.2	35	0.00124467	TRUE	NA	NA	NA	NA	NA	NA
NC_045512.2	23837	T	G	22	17	26	5	5	25	0.138889	36	0.0124757	FALSE	NA	NA	NA	NA	NA	NA
NC_045512.2	23837	T	A	22	17	26	9	9	26	0.25	36	0.000544659	TRUE	NA	NA	NA	NA	NA	NA
NC_045512.2	23838	T	G	21	16	27	4	4	26	0.111111	36	0.0259415	FALSE	NA	NA	NA	NA	NA	NA
NC_045512.2	23838	T	C	21	16	27	1	1	22	0.0277778	36	0.385965	FALSE	NA	NA	NA	NA	NA	NA
NC_045512.2	23838	T	A	21	16	27	10	10	26	0.277778	36	0.000210219	TRUE	NA	NA	NA	NA	NA	NA
NC_045512.2	23839	T	G	22	17	26	7	7	26	0.194444	36	0.00251246	TRUE	NA	NA	NA	NA	NA	NA
NC_045512.2	23839	T	C	22	17	26	3	3	26	0.0833333	36	0.0672122	FALSE	NA	NA	NA	NA	NA	NA
NC_045512.2	23839	T	A	22	17	26	4	4	25	0.111111	36	0.0286478	FALSE	NA	NA	NA	NA	NA	NA
NC_045512.2	23840	T	G	16	16	27	7	7	26	0.21875	32	0.00138428	TRUE	NA	NA	NA	NA	NA	NA
NC_045512.2	23840	T	C	16	16	27	4	4	25	0.125	32	0.0193878	FALSE	NA	NA	NA	NA	NA	NA
NC_045512.2	23840	T	A	16	16	27	5	5	26	0.15625	32	0.00782967	TRUE	NA	NA	NA	NA	NA	NA
NC_045512.2	23841	G	T	17	12	26	8	8	25	0.216216	37	0.00036728	TRUE	NA	NA	NA	NA	NA	NA
NC_045512.2	23841	G	C	17	12	26	4	4	24	0.108108	37	0.0151515	FALSE	NA	NA	NA	NA	NA	NA
NC_045512.2	23841	G	A	17	12	26	8	8	26	0.216216	37	0.00036728	TRUE	NA	NA	NA	NA	NA	NA
NC_045512.2	23842	T	G	15	10	25	2	2	24	0.0555556	36	0.102564	FALSE	NA	NA	NA	NA	NA	NA
NC_045512.2	23842	T	C	15	10	25	9	9	24	0.25	36	0.000104054	TRUE	NA	NA	NA	NA	NA	NA
NC_045512.2	23842	T	A	15	10	25	10	10	25	0.277778	36	4.33557e-05	TRUE	NA	NA	NA	NA	NA	NA
NC_045512.2	23843	A	T	16	11	25	7	7	25	0.189189	37	0.000718621	TRUE	NA	NA	NA	NA	NA	NA
NC_045512.2	23843	A	G	16	11	25	2	2	27	0.0540541	37	0.106918	FALSE	NA	NA	NA	NA	NA	NA
NC_045512.2	23843	A	C	16	11	25	12	12	26	0.324324	37	9.26302e-06	TRUE	NA	NA	NA	NA	NA	NA
NC_045512.2	23844	C	T	14	9	26	3	3	27	0.0857143	35	0.0326531	FALSE	NA	NA	NA	NA	NA	NA
NC_045512.2	23844	C	G	14	9	26	4	4	26	0.114286	35	0.011303	FALSE	NA	NA	NA	NA	NA	NA
NC_045512.2	23844	C	A	14	9	26	14	14	26	0.4	35	1.37957e-06	TRUE	NA	NA	NA	NA	NA	NA
NC_045512.2	23845	A	T	19	14	26	6	6	26	0.162162	37	0.00318953	TRUE	NA	NA	NA	NA	NA	NA
NC_045512.2	23845	A	G	19	14	26	6	6	25	0.162162	37	0.00318953	TRUE	NA	NA	NA	NA	NA	NA
NC_045512.2	23845	A	C	19	14	26	6	6	25	0.162162	37	0.00318953	TRUE	NA	NA	NA	NA	NA	NA
NC_045512.2	23846	C	T	14	9	26	7	7	25	0.194444	36	0.000501385	TRUE	NA	NA	NA	NA	NA	NA
NC_045512.2	23846	C	G	14	9	26	4	4	27	0.111111	36	0.0104499	FALSE	NA	NA	NA	NA	NA	NA
NC_045512.2	23846	C	A	14	9	26	11	11	26	0.305556	36	1.30067e-05	TRUE	NA	NA	NA	NA	NA	NA
NC_045512.2	23847	A	T	18	13	25	7	7	27	0.2	35	0.00140906	TRUE	NA	NA	NA	NA	NA	NA
NC_045512.2	23847	A	G	18	13	25	2	2	27	0.0571429	35	0.132774	FALSE	NA	NA	NA	NA	NA	NA
NC_045512.2	23847	A	C	18	13	25	8	8	25	0.228571	35	0.000610593	TRUE	NA	NA	NA	NA	NA	NA
NC_045512.2	23848	A	T	19	16	25	3	3	27	0.0857143	35	0.0555556	FALSE	NA	NA	NA	NA	NA	NA
NC_045512.2	23848	A	G	19	16	25	4	4	26	0.114286	35	0.0224172	FALSE	NA	NA	NA	NA	NA	NA
NC_045512.2	23848	A	C	19	16	25	9	9	27	0.257143	35	0.000340466	TRUE	NA	NA	NA	NA	NA	NA
NC_045512.2	23849	T	G	17	13	25	4	4	26	0.117647	34	0.0189248	FALSE	NA	NA	NA	NA	NA	NA
NC_045512.2	23849	T	C	17	13	25	4	4	27	0.117647	34	0.0189248	FALSE	NA	NA	NA	NA	NA	NA
NC_045512.2	23849	T	A	17	13	25	9	9	26	0.264706	34	0.000248658	TRUE	NA	NA	NA	NA	NA	NA
NC_045512.2	23850	T	G	18	16	26	4	4	27	0.121212	33	0.0231304	FALSE	NA	NA	NA	NA	NA	NA
NC_045512.2	23850	T	C	18	16	26	2	2	27	0.0606061	33	0.143288	FALSE	NA	NA	NA	NA	NA	NA
NC_045512.2	23850	T	A	18	16	26	9	9	26	0.272727	33	0.000372986	TRUE	NA	NA	NA	NA	NA	NA
NC_045512.2	23851	A	T	15	11	25	7	7	27	0.212121	33	0.000962978	TRUE	NA	NA	NA	NA	NA	NA
NC_045512.2	23851	A	G	15	11	25	4	4	27	0.121212	33	0.0155102	FALSE	NA	NA	NA	NA	NA	NA
NC_045512.2	23851	A	C	15	11	25	7	7	25	0.212121	33	0.000962978	TRUE	NA	NA	NA	NA	NA	NA
NC_045512.2	23852	A	T	19	15	26	11	11	25	0.305556	36	6.10314e-05	TRUE	NA	NA	NA	NA	NA	NA
NC_045512.2	23852	A	G	19	15	26	5	5	27	0.138889	36	0.00848996	TRUE	NA	NA	NA	NA	NA	NA
NC_045512.2	23852	A	C	19	15	26	1	1	23	0.0277778	36	0.363636	FALSE	NA	NA	NA	NA	NA	NA
NC_045512.2	23853	A	T	16	12	27	13	13	26	0.361111	36	5.16592e-06	TRUE	NA	NA	NA	NA	NA	NA
NC_045512.2	23853	A	G	16	12	27	6	6	25	0.166667	36	0.00205612	TRUE	NA	NA	NA	NA	NA	NA
NC_045512.2	23853	A	C	16	12	27	1	1	28	0.0277778	36	0.326923	FALSE	NA	NA	NA	NA	NA	NA
NC_045512.2	23854	C	T	2	2	27	8	8	26	0.25	32	4.70966e-07	TRUE	NA	NA	NA	NA	NA	NA
NC_045512.2	23854	C	G	2	2	27	3	3	25	0.09375	32	0.00140056	TRUE	NA	NA	NA	NA	NA	NA
NC_045512.2	23854	C	A	2	2	27	19	17	26	0.59375	32	2.75012e-12	TRUE	NA	NA	NA	NA	NA	NA
NC_045512.2	23855	C	T	18	14	25	8	8	24	0.228571	35	0.000610593	TRUE	NA	NA	NA	NA	NA	NA
NC_045512.2	23855	C	G	18	14	25	4	4	28	0.114286	35	0.0199161	FALSE	NA	NA	NA	NA	NA	NA
NC_045512.2	23855	C	A	18	14	25	5	5	26	0.142857	35	0.00803634	TRUE	NA	NA	NA	NA	NA	NA
NC_045512.2	23855	C	-G	18	14	25	1	0	20	0.0285714	35	0.358491	FALSE	NA	NA	NA	NA	NA	NA
NC_045512.2	23856	G	T	12	8	26	10	10	26	0.285714	35	1.81606e-05	TRUE	NA	NA	NA	NA	NA	NA
NC_045512.2	23856	G	C	12	8	26	6	6	26	0.171429	35	0.000911854	TRUE	NA	NA	NA	NA	NA	NA
NC_045512.2	23856	G	A	12	8	26	7	7	27	0.2	35	0.000326891	TRUE	NA	NA	NA	NA	NA	NA
NC_045512.2	23857	T	G	16	12	26	5	5	27	0.142857	35	0.0058495	TRUE	NA	NA	NA	NA	NA	NA
NC_045512.2	23857	T	C	16	12	26	5	5	26	0.142857	35	0.0058495	TRUE	NA	NA	NA	NA	NA	NA
NC_045512.2	23857	T	A	16	12	26	9	9	26	0.257143	35	0.000162584	TRUE	NA	NA	NA	NA	NA	NA
NC_045512.2	23858	G	T	10	6	26	11	11	26	0.314286	35	2.94781e-06	TRUE	NA	NA	NA	NA	NA	NA
NC_045512.2	23858	G	C	10	6	26	7	7	26	0.2	35	0.000167981	TRUE	NA	NA	NA	NA	NA	NA
NC_045512.2	23858	G	A	10	6	26	7	7	26	0.2	35	0.000167981	TRUE	NA	NA	NA	NA	NA	NA
NC_045512.2	23859	C	T	14	10	26	5	5	26	0.138889	36	0.00367683	TRUE	NA	NA	NA	NA	NA	NA
NC_045512.2	23859	C	G	14	10	26	7	7	26	0.194444	36	0.000501385	TRUE	NA	NA	NA	NA	NA	NA
NC_045512.2	23859	C	A	14	10	26	10	10	27	0.277778	36	3.12161e-05	TRUE	NA	NA	NA	NA	NA	NA
NC_045512.2	23860	T	G	17	13	25	8	8	27	0.222222	36	0.000422718	TRUE	NA	NA	NA	NA	NA	NA
NC_045512.2	23860	T	C	17	13	25	6	6	27	0.166667	36	0.00249404	TRUE	NA	NA	NA	NA	NA	NA
NC_045512.2	23860	T	A	17	13	25	5	5	26	0.138889	36	0.00628931	TRUE	NA	NA	NA	NA	NA	NA
NC_045512.2	23861	T	G	20	16	27	4	4	26	0.114286	35	0.0250454	FALSE	NA	NA	NA	NA	NA	NA
NC_045512.2	23861	T	C	20	16	27	4	4	26	0.114286	35	0.0250454	FALSE	NA	NA	NA	NA	NA	NA
NC_045512.2	23861	T	A	20	16	27	7	7	25	0.2	35	0.0020355	TRUE	NA	NA	NA	NA	NA	NA
NC_045512.2	23862	T	G	16	13	25	6	6	27	0.176471	34	0.00257378	TRUE	NA	NA	NA	NA	NA	NA
NC_045512.2	23862	T	C	16	13	25	2	2	26	0.0588235	34	0.12	FALSE	NA	NA	NA	NA	NA	NA
NC_045512.2	23862	T	A	16	13	25	10	10	26	0.294118	34	8.45436e-05	TRUE	NA	NA	NA	NA	NA	NA
NC_045512.2	23863	A	T	18	14	25	9	9	26	0.257143	35	0.000270262	TRUE	NA	NA	NA	NA	NA	NA
NC_045512.2	23863	A	G	18	14	25	4	4	28	0.114286	35	0.0199161	FALSE	NA	NA	NA	NA	NA	NA
NC_045512.2	23863	A	C	18	14	25	4	4	26	0.114286	35	0.0199161	FALSE	NA	NA	NA	NA	NA	NA
NC_045512.2	23864	A	T	14	12	26	11	11	26	0.34375	32	2.99351e-05	TRUE	NA	NA	NA	NA	NA	NA
NC_045512.2	23864	A	G	14	12	26	4	4	27	0.125	32	0.0144424	FALSE	NA	NA	NA	NA	NA	NA
NC_045512.2	23864	A	C	14	12	26	3	3	29	0.09375	32	0.0393154	FALSE	NA	NA	NA	NA	NA	NA
NC_045512.2	23865	C	T	12	9	26	10	10	27	0.285714	35	1.81606e-05	TRUE	NA	NA	NA	NA	NA	NA
NC_045512.2	23865	C	G	12	9	26	3	3	26	0.0857143	35	0.024696	FALSE	NA	NA	NA	NA	NA	NA
NC_045512.2	23865	C	A	12	9	26	10	10	27	0.285714	35	1.81606e-05	TRUE	NA	NA	NA	NA	NA	NA
NC_045512.2	23866	T	G	15	12	25	8	8	26	0.228571	35	0.000296726	TRUE	NA	NA	NA	NA	NA	NA
NC_045512.2	23866	T	C	15	12	25	6	6	27	0.171429	35	0.00187184	TRUE	NA	NA	NA	NA	NA	NA
NC_045512.2	23866	T	A	15	12	25	6	6	27	0.171429	35	0.00187184	TRUE	NA	NA	NA	NA	NA	NA
NC_045512.2	23867	G	T	12	10	24	15	15	27	0.441176	34	3.26801e-07	TRUE	NA	NA	NA	NA	NA	NA
NC_045512.2	23867	G	C	12	10	24	4	4	24	0.117647	34	0.00858993	TRUE	NA	NA	NA	NA	NA	NA
NC_045512.2	23867	G	A	12	10	24	3	3	24	0.0882353	34	0.0263067	FALSE	NA	NA	NA	NA	NA	NA
NC_045512.2	23868	G	T	10	10	27	7	7	26	0.21875	32	0.000264135	TRUE	NA	NA	NA	NA	NA	NA
NC_045512.2	23868	G	C	10	10	27	3	3	27	0.09375	32	0.0215947	FALSE	NA	NA	NA	NA	NA	NA
NC_045512.2	23868	G	A	10	10	27	12	12	27	0.375	32	2.42386e-06	TRUE	NA	NA	NA	NA	NA	NA
NC_045512.2	23869	A	T	13	12	24	6	6	26	0.1875	32	0.00170741	TRUE	NA	NA	NA	NA	NA	NA
NC_045512.2	23869	A	G	13	12	24	7	7	27	0.21875	32	0.000669574	TRUE	NA	NA	NA	NA	NA	NA
NC_045512.2	23869	A	C	13	12	24	6	6	24	0.1875	32	0.00170741	TRUE	NA	NA	NA	NA	NA	NA
NC_045512.2	23870	A	T	13	13	26	5	5	26	0.166667	30	0.00558562	TRUE	NA	NA	NA	NA	NA	NA
NC_045512.2	23870	A	G	13	13	26	4	4	27	0.133333	30	0.0145847	FALSE	NA	NA	NA	NA	NA	NA
NC_045512.2	23870	A	C	13	13	26	8	8	25	0.266667	30	0.000379024	TRUE	NA	NA	NA	NA	NA	NA
NC_045512.2	23871	T	G	14	13	25	2	2	27	0.0645161	31	0.115942	FALSE	NA	NA	NA	NA	NA	NA
NC_045512.2	23871	T	C	14	13	25	3	3	27	0.0967742	31	0.0419365	FALSE	NA	NA	NA	NA	NA	NA
NC_045512.2	23871	T	A	14	13	25	12	12	24	0.387097	31	1.72958e-05	TRUE	NA	NA	NA	NA	NA	NA
NC_045512.2	23872	A	T	12	11	26	6	6	28	0.2	30	0.00172888	TRUE	NA	NA	NA	NA	NA	NA
NC_045512.2	23872	A	G	12	11	26	4	4	26	0.133333	30	0.0122152	FALSE	NA	NA	NA	NA	NA	NA
NC_045512.2	23872	A	C	12	11	26	8	8	24	0.266667	30	0.000279326	TRUE	NA	NA	NA	NA	NA	NA
NC_045512.2	23873	G	T	11	10	27	11	11	26	0.366667	30	1.48119e-05	TRUE	NA	NA	NA	NA	NA	NA
NC_045512.2	23873	G	C	11	10	27	6	6	27	0.2	30	0.00132126	TRUE	NA	NA	NA	NA	NA	NA
NC_045512.2	23873	G	A	11	10	27	2	2	25	0.0666667	30	0.0905923	FALSE	NA	NA	NA	NA	NA	NA
NC_045512.2	23874	C	T	8	7	27	5	5	26	0.15625	32	0.00118507	TRUE	NA	NA	NA	NA	NA	NA
NC_045512.2	23874	C	G	8	7	27	7	7	28	0.21875	32	0.000120225	TRUE	NA	NA	NA	NA	NA	NA
NC_045512.2	23874	C	A	8	7	27	12	12	25	0.375	32	7.93495e-07	TRUE	NA	NA	NA	NA	NA	NA
NC_045512.2	23875	T	G	12	11	27	6	6	27	0.1875	32	0.00132753	TRUE	NA	NA	NA	NA	NA	NA
NC_045512.2	23875	T	C	12	11	27	5	5	25	0.15625	32	0.00361384	TRUE	NA	NA	NA	NA	NA	NA
NC_045512.2	23875	T	A	12	11	27	9	9	26	0.28125	32	7.98924e-05	TRUE	NA	NA	NA	NA	NA	NA
NC_045512.2	23876	G	T	10	9	26	6	6	26	0.1875	32	0.000745792	TRUE	NA	NA	NA	NA	NA	NA
NC_045512.2	23876	G	C	10	9	26	7	7	27	0.21875	32	0.000264135	TRUE	NA	NA	NA	NA	NA	NA
NC_045512.2	23876	G	A	10	9	26	9	9	26	0.28125	32	3.68711e-05	TRUE	NA	NA	NA	NA	NA	NA
NC_045512.2	23877	T	G	13	12	26	8	8	26	0.258065	31	0.000319569	TRUE	NA	NA	NA	NA	NA	NA
NC_045512.2	23877	T	C	13	12	26	2	2	26	0.0645161	31	0.106061	FALSE	NA	NA	NA	NA	NA	NA
NC_045512.2	23877	T	A	13	12	26	8	8	26	0.258065	31	0.000319569	TRUE	NA	NA	NA	NA	NA	NA
NC_045512.2	23878	T	G	9	8	26	5	5	26	0.15625	32	0.00163862	TRUE	NA	NA	NA	NA	NA	NA
NC_045512.2	23878	T	C	9	8	26	7	7	26	0.21875	32	0.000181901	TRUE	NA	NA	NA	NA	NA	NA
NC_045512.2	23878	T	A	9	8	26	11	11	25	0.34375	32	3.52664e-06	TRUE	NA	NA	NA	NA	NA	NA
NC_045512.2	23879	G	T	9	8	27	12	12	26	0.387097	31	1.85149e-06	TRUE	NA	NA	NA	NA	NA	NA
NC_045512.2	23879	G	C	9	8	27	3	3	27	0.0967742	31	0.0191638	FALSE	NA	NA	NA	NA	NA	NA
NC_045512.2	23879	G	A	9	8	27	7	7	26	0.225806	31	0.000213733	TRUE	NA	NA	NA	NA	NA	NA
NC_045512.2	23880	A	T	15	14	25	5	5	26	0.15625	32	0.00660009	TRUE	NA	NA	NA	NA	NA	NA
NC_045512.2	23880	A	G	15	14	25	9	9	25	0.28125	32	0.000205634	TRUE	NA	NA	NA	NA	NA	NA
NC_045512.2	23880	A	C	15	14	25	3	3	25	0.09375	32	0.0442901	FALSE	NA	NA	NA	NA	NA	NA
NC_045512.2	23881	A	T	13	12	26	7	7	24	0.225806	31	0.000776097	TRUE	NA	NA	NA	NA	NA	NA
NC_045512.2	23881	A	G	13	12	26	7	7	26	0.225806	31	0.000776097	TRUE	NA	NA	NA	NA	NA	NA
NC_045512.2	23881	A	C	13	12	26	4	4	28	0.129032	31	0.0133434	FALSE	NA	NA	NA	NA	NA	NA
NC_045512.2	23882	C	T	11	10	25	11	11	26	0.34375	32	9.25475e-06	TRUE	NA	NA	NA	NA	NA	NA
NC_045512.2	23882	C	G	11	10	25	2	2	26	0.0625	32	0.0824524	FALSE	NA	NA	NA	NA	NA	NA
NC_045512.2	23882	C	A	11	10	25	8	8	25	0.25	32	0.00014078	TRUE	NA	NA	NA	NA	NA	NA
NC_045512.2	23883	A	T	14	13	25	5	5	27	0.16129	31	0.00609791	TRUE	NA	NA	NA	NA	NA	NA
NC_045512.2	23883	A	G	14	13	25	5	5	27	0.16129	31	0.00609791	TRUE	NA	NA	NA	NA	NA	NA
NC_045512.2	23883	A	C	14	13	25	7	7	26	0.225806	31	0.00100436	TRUE	NA	NA	NA	NA	NA	NA
NC_045512.2	23884	A	T	15	14	25	10	10	26	0.3125	32	9.18009e-05	TRUE	NA	NA	NA	NA	NA	NA
NC_045512.2	23884	A	G	15	14	25	4	4	27	0.125	32	0.0168302	FALSE	NA	NA	NA	NA	NA	NA
NC_045512.2	23884	A	C	15	14	25	3	3	26	0.09375	32	0.0442901	FALSE	NA	NA	NA	NA	NA	NA
NC_045512.2	23885	G	T	10	9	26	5	5	25	0.16129	31	0.00245793	TRUE	NA	NA	NA	NA	NA	NA
NC_045512.2	23885	G	C	10	9	26	4	4	28	0.129032	31	0.00737379	TRUE	NA	NA	NA	NA	NA	NA
NC_045512.2	23885	G	A	10	9	26	12	12	27	0.387097	31	3.13329e-06	TRUE	NA	NA	NA	NA	NA	NA
NC_045512.2	23886	A	T	11	10	27	9	9	24	0.28125	32	5.5208e-05	TRUE	NA	NA	NA	NA	NA	NA
NC_045512.2	23886	A	G	11	10	27	7	7	27	0.21875	32	0.000370475	TRUE	NA	NA	NA	NA	NA	NA
NC_045512.2	23886	A	C	11	10	27	5	5	24	0.15625	32	0.00284757	TRUE	NA	NA	NA	NA	NA	NA
NC_045512.2	23887	C	T	12	11	26	9	9	26	0.290323	31	9.6614e-05	TRUE	NA	NA	NA	NA	NA	NA
NC_045512.2	23887	C	G	12	11	26	2	2	28	0.0645161	31	0.0961945	FALSE	NA	NA	NA	NA	NA	NA
NC_045512.2	23887	C	A	12	11	26	8	8	26	0.258065	31	0.000234634	TRUE	NA	NA	NA	NA	NA	NA
NC_045512.2	23887	C	-A	12	11	26	1	0	20	0.0322581	31	0.302326	FALSE	NA	NA	NA	NA	NA	NA
NC_045512.2	23888	A	T	4	4	25	14	14	26	0.538462	26	2.66189e-08	TRUE	NA	NA	NA	NA	NA	NA
NC_045512.2	23888	A	G	4	4	25	5	5	26	0.192308	26	0.000388132	TRUE	NA	NA	NA	NA	NA	NA
NC_045512.2	23888	A	C	4	4	25	3	3	27	0.115385	26	0.00641496	TRUE	NA	NA	NA	NA	NA	NA
NC_045512.2	23889	A	T	12	11	26	9	9	27	0.290323	31	9.6614e-05	TRUE	NA	NA	NA	NA	NA	NA
NC_045512.2	23889	A	G	12	11	26	8	8	26	0.258065	31	0.000234634	TRUE	NA	NA	NA	NA	NA	NA
NC_045512.2	23889	A	C	12	11	26	2	2	24	0.0645161	31	0.0961945	FALSE	NA	NA	NA	NA	NA	NA
NC_045512.2	23890	A	T	14	13	25	9	9	26	0.290323	31	0.0001844	TRUE	NA	NA	NA	NA	NA	NA
NC_045512.2	23890	A	G	14	13	25	7	7	27	0.225806	31	0.00100436	TRUE	NA	NA	NA	NA	NA	NA
NC_045512.2	23890	A	C	14	13	25	1	1	28	0.0322581	31	0.333333	FALSE	NA	NA	NA	NA	NA	NA
NC_045512.2	23891	A	T	14	13	26	9	9	26	0.28125	32	0.000153667	TRUE	NA	NA	NA	NA	NA	NA
NC_045512.2	23891	A	G	14	13	26	4	4	26	0.125	32	0.0144424	FALSE	NA	NA	NA	NA	NA	NA
NC_045512.2	23891	A	C	14	13	26	5	5	26	0.15625	32	0.00548812	TRUE	NA	NA	NA	NA	NA	NA
NC_045512.2	23892	A	T	15	14	26	10	10	25	0.3125	32	9.18009e-05	TRUE	NA	NA	NA	NA	NA	NA
NC_045512.2	23892	A	G	15	14	26	4	4	26	0.125	32	0.0168302	FALSE	NA	NA	NA	NA	NA	NA
NC_045512.2	23892	A	C	15	14	26	3	3	26	0.09375	32	0.0442901	FALSE	NA	NA	NA	NA	NA	NA
NC_045512.2	23893	C	T	14	13	27	4	4	25	0.129032	31	0.0157262	FALSE	NA	NA	NA	NA	NA	NA
NC_045512.2	23893	C	G	14	13	27	8	8	26	0.258065	31	0.000424922	TRUE	NA	NA	NA	NA	NA	NA
NC_045512.2	23893	C	A	14	13	27	5	5	22	0.16129	31	0.00609791	TRUE	NA	NA	NA	NA	NA	NA
NC_045512.2	23894	A	T	17	16	26	6	6	27	0.193548	31	0.00439713	TRUE	NA	NA	NA	NA	NA	NA
NC_045512.2	23894	A	G	17	16	26	4	4	26	0.129032	31	0.0239496	FALSE	NA	NA	NA	NA	NA	NA
NC_045512.2	23894	A	C	17	16	26	4	4	24	0.129032	31	0.0239496	FALSE	NA	NA	NA	NA	NA	NA
NC_045512.2	23895	C	T	10	9	24	4	4	25	0.137931	29	0.00894309	TRUE	NA	NA	NA	NA	NA	NA
NC_045512.2	23895	C	G	10	9	24	5	5	25	0.172414	29	0.00311968	TRUE	NA	NA	NA	NA	NA	NA
NC_045512.2	23895	C	A	10	9	24	10	10	26	0.344828	29	2.82471e-05	TRUE	NA	NA	NA	NA	NA	NA
NC_045512.2	23896	C	T	8	7	28	7	7	26	0.21875	32	0.000120225	TRUE	NA	NA	NA	NA	NA	NA
NC_045512.2	23896	C	G	8	7	28	8	8	25	0.25	32	4.09276e-05	TRUE	NA	NA	NA	NA	NA	NA
NC_045512.2	23896	C	A	8	7	28	9	9	24	0.28125	32	1.44952e-05	TRUE	NA	NA	NA	NA	NA	NA
NC_045512.2	23897	C	T	12	11	25	2	2	24	0.08	25	0.129445	FALSE	NA	NA	NA	NA	NA	NA
NC_045512.2	23897	C	G	12	11	25	3	3	27	0.12	25	0.0497866	FALSE	NA	NA	NA	NA	NA	NA
NC_045512.2	23897	C	A	12	11	25	8	8	25	0.32	25	0.000710761	TRUE	NA	NA	NA	NA	NA	NA
NC_045512.2	23900	G	C	1	0	25	1	1	29	0.5	2	0.666667	FALSE	NA	NA	NA	NA	NA	NA
NC_045512.2	23901	A	T	1	0	28	1	1	28	0.5	2	0.666667	FALSE	NA	NA	NA	NA	NA	NA
NC_045512.2	23902	A	G	0	0	0	1	1	28	1	1	1	FALSE	NA	NA	NA	NA	NA	NA
NC_045512.2	23903	G	A	1	0	25	1	1	23	0.5	2	0.666667	FALSE	NA	NA	NA	NA	NA	NA
NC_045512.2	23904	T	A	1	0	25	1	1	27	0.5	2	0.666667	FALSE	NA	NA	NA	NA	NA	NA
NC_045512.2	23906	T	G	1	0	25	1	1	28	0.5	2	0.666667	FALSE	NA	NA	NA	NA	NA	NA
NC_045512.2	23907	T	C	1	0	25	1	1	28	0.5	2	0.666667	FALSE	NA	NA	NA	NA	NA	NA
NC_045512.2	23908	T	A	0	0	0	1	1	28	1	1	1	FALSE	NA	NA	NA	NA	NA	NA
NC_045512.2	23912	C	A	1	0	28	1	1	28	0.5	2	0.666667	FALSE	NA	NA	NA	NA	NA	NA
NC_045512.2	23913	A	T	1	0	28	1	1	28	0.5	2	0.666667	FALSE	NA	NA	NA	NA	NA	NA
NC_045512.2	23914	A	C	1	0	23	1	1	27	0.5	2	0.666667	FALSE	NA	NA	NA	NA	NA	NA
NC_045512.2	23915	G	T	1	0	27	1	1	21	0.5	2	0.666667	FALSE	NA	NA	NA	NA	NA	NA
NC_045512.2	23917	C	T	0	0	0	1	1	31	1	1	1	FALSE	NA	NA	NA	NA	NA	NA
NC_045512.2	23918	A	T	0	0	0	1	1	31	1	1	1	FALSE	NA	NA	NA	NA	NA	NA
NC_045512.2	23919	A	G	0	0	0	1	1	28	1	1	1	FALSE	NA	NA	NA	NA	NA	NA
NC_045512.2	23920	A	T	0	0	0	1	1	24	1	1	1	FALSE	NA	NA	NA	NA	NA	NA
NC_045512.2	23921	C	T	0	0	0	1	1	28	1	1	1	FALSE	NA	NA	NA	NA	NA	NA
NC_045512.2	23922	A	G	0	0	0	1	1	27	1	1	1	FALSE	NA	NA	NA	NA	NA	NA
NC_045512.2	23923	A	C	0	0	0	1	1	28	1	1	1	FALSE	NA	NA	NA	NA	NA	NA
NC_045512.2	23925	T	A	0	0	0	1	1	28	1	1	1	FALSE	NA	NA	NA	NA	NA	NA
NC_045512.2	23927	T	A	0	0	0	1	1	28	1	1	1	FALSE	NA	NA	NA	NA	NA	NA
NC_045512.2	23928	A	T	0	0	0	1	1	27	1	1	1	FALSE	NA	NA	NA	NA	NA	NA
NC_045512.2	23929	C	G	0	0	0	1	1	22	1	1	1	FALSE	NA	NA	NA	NA	NA	NA
NC_045512.2	23930	A	G	0	0	0	1	1	26	1	1	1	FALSE	NA	NA	NA	NA	NA	NA
NC_045512.2	23931	A	C	0	0	0	1	1	26	1	1	1	FALSE	NA	NA	NA	NA	NA	NA
NC_045512.2	24027	T	C	2	0	26	1	0	20	0.333333	3	0.6	FALSE	NA	NA	NA	NA	NA	NA
NC_045512.2	24041	A	G	2	0	27	1	0	24	0.333333	3	0.6	FALSE	NA	NA	NA	NA	NA	NA
NC_045512.2	24115	T	G	1	0	27	1	1	27	0.5	2	0.666667	FALSE	NA	NA	NA	NA	NA	NA
NC_045512.2	24116	G	T	0	0	0	1	0	24	0.5	2	0.5	FALSE	NA	NA	NA	NA	NA	NA
NC_045512.2	24116	G	A	0	0	0	1	1	23	0.5	2	0.5	FALSE	NA	NA	NA	NA	NA	NA
NC_045512.2	24117	C	A	1	0	28	1	1	27	0.5	2	0.666667	FALSE	NA	NA	NA	NA	NA	NA
NC_045512.2	24118	A	G	1	0	29	1	1	26	0.5	2	0.666667	FALSE	NA	NA	NA	NA	NA	NA
NC_045512.2	24119	C	A	1	0	28	1	1	26	0.5	2	0.666667	FALSE	NA	NA	NA	NA	NA	NA
NC_045512.2	24120	A	T	1	0	28	1	1	26	0.5	2	0.666667	FALSE	NA	NA	NA	NA	NA	NA
NC_045512.2	24121	A	C	1	0	28	1	1	24	0.5	2	0.666667	FALSE	NA	NA	NA	NA	NA	NA
NC_045512.2	24122	A	T	1	0	28	1	1	25	0.5	2	0.666667	FALSE	NA	NA	NA	NA	NA	NA
NC_045512.2	24124	G	C	1	0	28	1	1	25	0.5	2	0.666667	FALSE	NA	NA	NA	NA	NA	NA
NC_045512.2	24128	A	T	1	0	27	1	1	27	0.5	2	0.666667	FALSE	NA	NA	NA	NA	NA	NA
NC_045512.2	24129	A	C	1	0	22	1	1	27	0.5	2	0.666667	FALSE	NA	NA	NA	NA	NA	NA
NC_045512.2	24130	C	A	1	0	29	1	1	23	0.5	2	0.666667	FALSE	NA	NA	NA	NA	NA	NA
NC_045512.2	24131	G	A	1	0	28	1	1	27	0.5	2	0.666667	FALSE	NA	NA	NA	NA	NA	NA
NC_045512.2	24132	G	C	1	0	24	1	1	25	0.5	2	0.666667	FALSE	NA	NA	NA	NA	NA	NA
NC_045512.2	24134	C	A	1	0	26	1	1	25	0.5	2	0.666667	FALSE	NA	NA	NA	NA	NA	NA
NC_045512.2	24135	T	A	1	0	33	1	1	22	0.5	2	0.666667	FALSE	NA	NA	NA	NA	NA	NA
NC_045512.2	24136	T	G	1	0	24	1	1	22	0.5	2	0.666667	FALSE	NA	NA	NA	NA	NA	NA
NC_045512.2	24137	A	T	1	0	27	1	1	23	0.5	2	0.666667	FALSE	NA	NA	NA	NA	NA	NA
NC_045512.2	24138	C	G	1	0	28	1	1	24	0.5	2	0.666667	FALSE	NA	NA	NA	NA	NA	NA
NC_045512.2	24139	T	A	1	0	28	1	1	27	0.5	2	0.666667	FALSE	NA	NA	NA	NA	NA	NA
NC_045512.2	24140	G	C	1	0	28	1	1	30	0.5	2	0.666667	FALSE	NA	NA	NA	NA	NA	NA
NC_045512.2	24141	T	A	1	0	28	1	1	27	0.5	2	0.666667	FALSE	NA	NA	NA	NA	NA	NA
NC_045512.2	24142	T	C	1	0	29	1	1	25	0.5	2	0.666667	FALSE	NA	NA	NA	NA	NA	NA
NC_045512.2	24147	C	A	19	3	24	1	1	21	0.05	20	0.512821	FALSE	NA	NA	NA	NA	NA	NA
NC_045512.2	24149	C	A	21	3	26	1	1	22	0.0454545	22	0.511628	FALSE	NA	NA	NA	NA	NA	NA
NC_045512.2	24150	C	T	19	3	24	1	1	27	0.05	20	0.512821	FALSE	NA	NA	NA	NA	NA	NA
NC_045512.2	24151	T	G	21	3	26	1	1	27	0.0454545	22	0.511628	FALSE	NA	NA	NA	NA	NA	NA
NC_045512.2	24152	T	C	21	3	28	1	1	27	0.0454545	22	0.511628	FALSE	NA	NA	NA	NA	NA	NA
NC_045512.2	24155	C	G	22	3	27	1	1	27	0.0434783	23	0.511111	FALSE	NA	NA	NA	NA	NA	NA
NC_045512.2	24156	T	C	22	3	27	1	1	26	0.0434783	23	0.511111	FALSE	NA	NA	NA	NA	NA	NA
NC_045512.2	24157	C	T	22	3	27	1	1	22	0.0434783	23	0.511111	FALSE	NA	NA	NA	NA	NA	NA
NC_045512.2	24158	A	T	22	3	27	1	1	27	0.0434783	23	0.511111	FALSE	NA	NA	NA	NA	NA	NA
NC_045512.2	24161	G	T	22	3	27	1	1	26	0.0434783	23	0.511111	FALSE	NA	NA	NA	NA	NA	NA
NC_045512.2	24162	A	C	22	3	27	1	1	23	0.0434783	23	0.511111	FALSE	NA	NA	NA	NA	NA	NA
NC_045512.2	24164	G	A	22	3	26	1	1	24	0.0434783	23	0.511111	FALSE	NA	NA	NA	NA	NA	NA
NC_045512.2	24166	A	C	22	3	27	1	1	24	0.0434783	23	0.511111	FALSE	NA	NA	NA	NA	NA	NA
NC_045512.2	24168	T	A	22	3	26	1	1	28	0.0434783	23	0.511111	FALSE	NA	NA	NA	NA	NA	NA
NC_045512.2	24169	G	T	22	3	26	1	1	27	0.0434783	23	0.511111	FALSE	NA	NA	NA	NA	NA	NA
NC_045512.2	24172	T	G	21	3	23	1	1	24	0.0454545	22	0.511628	FALSE	NA	NA	NA	NA	NA	NA
NC_045512.2	24174	C	T	22	3	27	1	1	31	0.0434783	23	0.511111	FALSE	NA	NA	NA	NA	NA	NA
NC_045512.2	24175	T	G	22	3	27	1	1	27	0.0434783	23	0.511111	FALSE	NA	NA	NA	NA	NA	NA
NC_045512.2	24176	C	A	22	3	27	1	1	28	0.0434783	23	0.511111	FALSE	NA	NA	NA	NA	NA	NA
NC_045512.2	24177	A	T	22	3	27	1	1	22	0.0434783	23	0.511111	FALSE	NA	NA	NA	NA	NA	NA
NC_045512.2	24178	A	T	21	3	23	1	1	26	0.0454545	22	0.511628	FALSE	NA	NA	NA	NA	NA	NA
NC_045512.2	24179	T	G	22	3	27	1	1	23	0.0434783	23	0.511111	FALSE	NA	NA	NA	NA	NA	NA
NC_045512.2	24183	C	T	22	3	27	1	1	26	0.0434783	23	0.511111	FALSE	NA	NA	NA	NA	NA	NA
NC_045512.2	24184	T	G	22	3	27	1	1	21	0.0434783	23	0.511111	FALSE	NA	NA	NA	NA	NA	NA
NC_045512.2	24185	T	G	22	3	24	1	1	27	0.0434783	23	0.511111	FALSE	NA	NA	NA	NA	NA	NA
NC_045512.2	24186	C	T	22	3	27	1	1	26	0.04	25	0.489362	FALSE	NA	NA	NA	NA	NA	NA
NC_045512.2	24186	C	G	22	3	27	2	2	29	0.08	25	0.244681	FALSE	NA	NA	NA	NA	NA	NA
NC_045512.2	24187	T	G	22	3	27	1	1	28	0.04	25	0.489362	FALSE	NA	NA	NA	NA	NA	NA
NC_045512.2	24187	T	C	22	3	27	2	2	24	0.08	25	0.244681	FALSE	NA	NA	NA	NA	NA	NA
NC_045512.2	24188	G	C	22	3	28	2	2	28	0.08	25	0.244681	FALSE	NA	NA	NA	NA	NA	NA
NC_045512.2	24188	G	A	22	3	28	1	1	24	0.04	25	0.489362	FALSE	NA	NA	NA	NA	NA	NA
NC_045512.2	24189	C	T	22	3	28	1	1	24	0.04	25	0.489362	FALSE	NA	NA	NA	NA	NA	NA
NC_045512.2	24189	C	A	22	3	28	2	2	27	0.08	25	0.244681	FALSE	NA	NA	NA	NA	NA	NA
NC_045512.2	24190	A	C	23	4	27	2	2	24	0.08	25	0.255102	FALSE	NA	NA	NA	NA	NA	NA
NC_045512.2	24191	C	T	24	5	28	1	1	22	0.04	25	0.510204	FALSE	NA	NA	NA	NA	NA	NA
NC_045512.2	24193	G	T	23	4	27	2	2	31	0.08	25	0.255102	FALSE	NA	NA	NA	NA	NA	NA
NC_045512.2	24194	T	C	24	5	27	1	1	26	0.04	25	0.510204	FALSE	NA	NA	NA	NA	NA	NA
NC_045512.2	24195	T	G	23	4	24	2	2	29	0.08	25	0.255102	FALSE	NA	NA	NA	NA	NA	NA
NC_045512.2	24196	A	C	22	3	27	2	2	29	0.0833333	24	0.255319	FALSE	NA	NA	NA	NA	NA	NA
NC_045512.2	24197	G	T	22	3	27	2	2	27	0.0833333	24	0.255319	FALSE	NA	NA	NA	NA	NA	NA
NC_045512.2	24199	G	A	21	2	27	2	2	26	0.0869565	23	0.255556	FALSE	NA	NA	NA	NA	NA	NA
NC_045512.2	24200	G	C	22	3	27	2	2	27	0.0833333	24	0.255319	FALSE	NA	NA	NA	NA	NA	NA
NC_045512.2	24201	G	A	18	2	22	3	3	27	0.142857	21	0.124765	FALSE	NA	NA	NA	NA	NA	NA
NC_045512.2	24202	T	G	22	3	27	2	2	27	0.0833333	24	0.255319	FALSE	NA	NA	NA	NA	NA	NA
NC_045512.2	24204	C	T	21	3	28	3	2	26	0.125	24	0.124823	FALSE	NA	NA	NA	NA	NA	NA
NC_045512.2	24205	A	G	21	3	27	2	2	24	0.0869565	23	0.255556	FALSE	NA	NA	NA	NA	NA	NA
NC_045512.2	24207	T	A	21	3	27	2	2	25	0.0869565	23	0.255556	FALSE	NA	NA	NA	NA	NA	NA
NC_045512.2	24208	C	A	21	3	27	2	2	25	0.0869565	23	0.255556	FALSE	NA	NA	NA	NA	NA	NA
NC_045512.2	24209	A	T	21	3	27	2	2	25	0.0869565	23	0.255556	FALSE	NA	NA	NA	NA	NA	NA
NC_045512.2	24210	C	G	21	3	27	2	2	28	0.0869565	23	0.255556	FALSE	NA	NA	NA	NA	NA	NA
NC_045512.2	24211	T	A	21	3	27	2	2	28	0.0869565	23	0.255556	FALSE	NA	NA	NA	NA	NA	NA
NC_045512.2	24213	C	T	21	3	27	2	2	26	0.0869565	23	0.255556	FALSE	NA	NA	NA	NA	NA	NA
NC_045512.2	24214	T	G	21	3	27	2	2	26	0.0869565	23	0.255556	FALSE	NA	NA	NA	NA	NA	NA
NC_045512.2	24215	G	C	21	3	28	2	2	26	0.0869565	23	0.255556	FALSE	NA	NA	NA	NA	NA	NA
NC_045512.2	24216	G	T	20	3	23	2	2	27	0.0869565	23	0.244186	FALSE	NA	NA	NA	NA	NA	NA
NC_045512.2	24216	G	A	20	3	23	1	0	29	0.0434783	23	0.488372	FALSE	NA	NA	NA	NA	NA	NA
NC_045512.2	24217	T	C	20	3	27	3	2	30	0.130435	23	0.124806	FALSE	NA	NA	NA	NA	NA	NA
NC_045512.2	24218	T	A	23	4	24	2	2	23	0.08	25	0.255102	FALSE	NA	NA	NA	NA	NA	NA
NC_045512.2	24219	G	A	24	4	27	2	2	29	0.0769231	26	0.254902	FALSE	NA	NA	NA	NA	NA	NA
NC_045512.2	24220	G	T	24	4	23	2	2	27	0.0769231	26	0.254902	FALSE	NA	NA	NA	NA	NA	NA
NC_045512.2	24223	C	A	21	4	23	2	2	28	0.0869565	23	0.255556	FALSE	NA	NA	NA	NA	NA	NA
NC_045512.2	24224	T	C	24	4	26	2	2	30	0.0769231	26	0.254902	FALSE	NA	NA	NA	NA	NA	NA
NC_045512.2	24227	G	C	25	4	26	2	2	28	0.0740741	27	0.254717	FALSE	NA	NA	NA	NA	NA	NA
NC_045512.2	24228	G	T	23	4	23	2	2	28	0.08	25	0.255102	FALSE	NA	NA	NA	NA	NA	NA
NC_045512.2	24229	T	G	25	4	27	2	2	29	0.0740741	27	0.254717	FALSE	NA	NA	NA	NA	NA	NA
NC_045512.2	24230	G	C	25	4	27	2	2	28	0.0740741	27	0.254717	FALSE	NA	NA	NA	NA	NA	NA
NC_045512.2	24231	C	A	23	4	27	2	2	29	0.08	25	0.255102	FALSE	NA	NA	NA	NA	NA	NA
NC_045512.2	24232	A	C	23	4	26	2	2	31	0.08	25	0.255102	FALSE	NA	NA	NA	NA	NA	NA
NC_045512.2	24233	G	T	23	4	26	2	2	31	0.08	25	0.255102	FALSE	NA	NA	NA	NA	NA	NA
NC_045512.2	24236	G	T	25	6	27	2	2	28	0.0740741	27	0.254717	FALSE	NA	NA	NA	NA	NA	NA
NC_045512.2	24237	C	G	25	6	26	1	1	27	0.0357143	28	0.490566	FALSE	NA	NA	NA	NA	NA	NA
NC_045512.2	24237	C	A	25	6	26	2	2	28	0.0714286	28	0.245283	FALSE	NA	NA	NA	NA	NA	NA
NC_045512.2	24238	T	G	23	4	27	3	3	27	0.103448	29	0.104822	FALSE	NA	NA	NA	NA	NA	NA
NC_045512.2	24238	T	C	23	4	27	3	3	26	0.103448	29	0.104822	FALSE	NA	NA	NA	NA	NA	NA
NC_045512.2	24239	G	C	23	4	28	4	4	26	0.137931	29	0.051458	FALSE	NA	NA	NA	NA	NA	NA
NC_045512.2	24239	G	A	23	4	28	2	2	27	0.0689655	29	0.217707	FALSE	NA	NA	NA	NA	NA	NA
NC_045512.2	24240	C	G	26	7	28	4	4	25	0.129032	31	0.0561998	FALSE	NA	NA	NA	NA	NA	NA
NC_045512.2	24240	C	A	26	7	28	1	1	29	0.0322581	31	0.473684	FALSE	NA	NA	NA	NA	NA	NA
NC_045512.2	24241	A	G	24	5	28	3	3	27	0.09375	32	0.0947952	FALSE	NA	NA	NA	NA	NA	NA
NC_045512.2	24241	A	C	24	5	28	5	5	25	0.15625	32	0.021744	FALSE	NA	NA	NA	NA	NA	NA
NC_045512.2	24242	T	G	24	5	27	2	2	28	0.0666667	30	0.218855	FALSE	NA	NA	NA	NA	NA	NA
NC_045512.2	24242	T	C	24	5	27	4	4	28	0.133333	30	0.0518341	FALSE	NA	NA	NA	NA	NA	NA
NC_045512.2	24243	T	G	27	9	24	3	3	25	0.0882353	34	0.102239	FALSE	NA	NA	NA	NA	NA	NA
NC_045512.2	24243	T	C	27	9	24	2	2	27	0.0588235	34	0.214701	FALSE	NA	NA	NA	NA	NA	NA
NC_045512.2	24243	T	A	27	9	24	2	2	28	0.0588235	34	0.214701	FALSE	NA	NA	NA	NA	NA	NA
NC_045512.2	24244	A	T	25	7	26	4	4	28	0.117647	34	0.0425763	FALSE	NA	NA	NA	NA	NA	NA
NC_045512.2	24244	A	G	25	7	26	1	0	29	0.0294118	34	0.440678	FALSE	NA	NA	NA	NA	NA	NA
NC_045512.2	24244	A	C	25	7	26	4	4	23	0.117647	34	0.0425763	FALSE	NA	NA	NA	NA	NA	NA
NC_045512.2	24245	C	T	31	12	26	2	2	31	0.0555556	36	0.231782	FALSE	NA	NA	NA	NA	NA	NA
NC_045512.2	24245	C	G	31	12	26	3	3	28	0.0833333	36	0.114212	FALSE	NA	NA	NA	NA	NA	NA
NC_045512.2	24246	A	T	26	7	26	2	2	25	0.0606061	33	0.213559	FALSE	NA	NA	NA	NA	NA	NA
NC_045512.2	24246	A	G	26	7	26	1	1	28	0.030303	33	0.457627	FALSE	NA	NA	NA	NA	NA	NA
NC_045512.2	24246	A	C	26	7	26	4	4	27	0.121212	33	0.0491265	FALSE	NA	NA	NA	NA	NA	NA
NC_045512.2	24247	A	T	25	6	28	5	5	26	0.135135	37	0.0159457	FALSE	NA	NA	NA	NA	NA	NA
NC_045512.2	24247	A	G	25	6	28	2	2	27	0.0540541	37	0.179724	FALSE	NA	NA	NA	NA	NA	NA
NC_045512.2	24247	A	C	25	6	28	5	5	26	0.135135	37	0.0159457	FALSE	NA	NA	NA	NA	NA	NA
NC_045512.2	24248	A	T	21	5	23	6	6	27	0.176471	34	0.00591265	TRUE	NA	NA	NA	NA	NA	NA
NC_045512.2	24248	A	C	21	5	23	7	7	27	0.205882	34	0.002714	TRUE	NA	NA	NA	NA	NA	NA
NC_045512.2	24249	T	G	28	9	26	2	2	26	0.0540541	37	0.202797	FALSE	NA	NA	NA	NA	NA	NA
NC_045512.2	24249	T	C	28	9	26	5	5	26	0.135135	37	0.0211181	FALSE	NA	NA	NA	NA	NA	NA
NC_045512.2	24249	T	A	28	9	26	2	2	27	0.0540541	37	0.202797	FALSE	NA	NA	NA	NA	NA	NA
NC_045512.2	24250	A	T	27	8	27	3	3	30	0.0810811	37	0.0887238	FALSE	NA	NA	NA	NA	NA	NA
NC_045512.2	24250	A	G	27	8	27	1	1	27	0.027027	37	0.4375	FALSE	NA	NA	NA	NA	NA	NA
NC_045512.2	24250	A	C	27	8	27	6	6	28	0.162162	37	0.00923917	TRUE	NA	NA	NA	NA	NA	NA
NC_045512.2	24251	C	T	27	8	26	6	6	28	0.166667	36	0.0101191	FALSE	NA	NA	NA	NA	NA	NA
NC_045512.2	24251	C	A	27	8	26	3	3	27	0.0833333	36	0.0929487	FALSE	NA	NA	NA	NA	NA	NA
NC_045512.2	24252	C	T	25	8	24	4	4	27	0.102564	39	0.0309871	FALSE	NA	NA	NA	NA	NA	NA
NC_045512.2	24252	C	G	25	8	24	9	9	27	0.230769	39	0.000616254	TRUE	NA	NA	NA	NA	NA	NA
NC_045512.2	24252	C	A	25	8	24	1	1	27	0.025641	39	0.40625	FALSE	NA	NA	NA	NA	NA	NA
NC_045512.2	24253	A	T	23	9	25	4	4	26	0.102564	39	0.0259217	FALSE	NA	NA	NA	NA	NA	NA
NC_045512.2	24253	A	G	23	9	25	3	3	26	0.0769231	39	0.062404	FALSE	NA	NA	NA	NA	NA	NA
NC_045512.2	24253	A	C	23	9	25	9	9	25	0.230769	39	0.000431298	TRUE	NA	NA	NA	NA	NA	NA
NC_045512.2	24253	A	-T	23	9	25	1	0	20	0.025641	39	0.387097	FALSE	NA	NA	NA	NA	NA	NA
NC_045512.2	24254	T	G	22	10	25	2	2	28	0.0555556	36	0.155932	FALSE	NA	NA	NA	NA	NA	NA
NC_045512.2	24254	T	C	22	10	25	10	10	27	0.277778	36	0.00022188	TRUE	NA	NA	NA	NA	NA	NA
NC_045512.2	24254	T	A	22	10	25	2	2	28	0.0555556	36	0.155932	FALSE	NA	NA	NA	NA	NA	NA
NC_045512.2	24255	T	G	21	8	26	3	3	25	0.0769231	39	0.0535167	FALSE	NA	NA	NA	NA	NA	NA
NC_045512.2	24255	T	C	21	8	26	8	8	27	0.205128	39	0.000658066	TRUE	NA	NA	NA	NA	NA	NA
NC_045512.2	24255	T	A	21	8	26	7	7	28	0.179487	39	0.00152036	TRUE	NA	NA	NA	NA	NA	NA
NC_045512.2	24256	T	G	10	6	25	6	6	24	0.214286	28	0.00131355	TRUE	NA	NA	NA	NA	NA	NA
NC_045512.2	24256	T	C	10	6	25	4	4	24	0.142857	28	0.00988447	TRUE	NA	NA	NA	NA	NA	NA
NC_045512.2	24256	T	A	10	6	25	8	8	27	0.285714	28	0.000203003	TRUE	NA	NA	NA	NA	NA	NA
NC_045512.2	24257	G	T	22	9	25	1	1	26	0.025641	39	0.377049	FALSE	NA	NA	NA	NA	NA	NA
NC_045512.2	24257	G	C	22	9	25	13	13	26	0.333333	39	1.71128e-05	TRUE	NA	NA	NA	NA	NA	NA
NC_045512.2	24257	G	A	22	9	25	3	3	25	0.0769231	39	0.0579185	FALSE	NA	NA	NA	NA	NA	NA
NC_045512.2	24258	C	T	20	7	27	9	9	24	0.230769	39	0.000234227	TRUE	NA	NA	NA	NA	NA	NA
NC_045512.2	24258	C	A	20	7	27	10	10	26	0.25641	39	0.000103335	TRUE	NA	NA	NA	NA	NA	NA
NC_045512.2	24259	T	G	26	13	27	6	6	27	0.157895	38	0.00755932	TRUE	NA	NA	NA	NA	NA	NA
NC_045512.2	24259	T	C	26	13	27	4	4	26	0.105263	38	0.0357544	FALSE	NA	NA	NA	NA	NA	NA
NC_045512.2	24259	T	A	26	13	27	2	2	24	0.0526316	38	0.181731	FALSE	NA	NA	NA	NA	NA	NA
NC_045512.2	24260	A	T	26	13	27	7	7	28	0.175	40	0.00290002	TRUE	NA	NA	NA	NA	NA	NA
NC_045512.2	24260	A	G	26	13	27	6	6	25	0.15	40	0.00632732	TRUE	NA	NA	NA	NA	NA	NA
NC_045512.2	24260	A	C	26	13	27	1	1	27	0.025	40	0.409091	FALSE	NA	NA	NA	NA	NA	NA
NC_045512.2	24261	T	G	26	13	26	9	9	27	0.214286	42	0.000495607	TRUE	NA	NA	NA	NA	NA	NA
NC_045512.2	24261	T	C	26	13	26	3	3	26	0.0714286	42	0.0667519	FALSE	NA	NA	NA	NA	NA	NA
NC_045512.2	24261	T	A	26	13	26	4	4	25	0.0952381	42	0.028205	FALSE	NA	NA	NA	NA	NA	NA
NC_045512.2	24262	G	T	25	12	26	3	3	22	0.0697674	43	0.0598465	FALSE	NA	NA	NA	NA	NA	NA
NC_045512.2	24262	G	C	25	12	26	7	7	27	0.162791	43	0.00187036	TRUE	NA	NA	NA	NA	NA	NA
NC_045512.2	24262	G	A	25	12	26	8	8	28	0.186047	43	0.000822957	TRUE	NA	NA	NA	NA	NA	NA
NC_045512.2	24263	C	T	21	9	26	12	12	26	0.307692	39	2.77142e-05	TRUE	NA	NA	NA	NA	NA	NA
NC_045512.2	24263	C	G	21	9	26	1	1	30	0.025641	39	0.366667	FALSE	NA	NA	NA	NA	NA	NA
NC_045512.2	24263	C	A	21	9	26	5	5	28	0.128205	39	0.00862744	TRUE	NA	NA	NA	NA	NA	NA
NC_045512.2	24264	A	T	19	7	26	7	7	26	0.175	40	0.000944856	TRUE	NA	NA	NA	NA	NA	NA
NC_045512.2	24264	A	G	19	7	26	6	6	27	0.15	40	0.00236214	TRUE	NA	NA	NA	NA	NA	NA
NC_045512.2	24264	A	C	19	7	26	8	8	26	0.2	40	0.000386532	TRUE	NA	NA	NA	NA	NA	NA
NC_045512.2	24265	A	T	26	14	27	4	4	26	0.1	40	0.0317004	FALSE	NA	NA	NA	NA	NA	NA
NC_045512.2	24265	A	G	26	14	27	3	3	27	0.075	40	0.0729108	FALSE	NA	NA	NA	NA	NA	NA
NC_045512.2	24265	A	C	26	14	27	7	7	27	0.175	40	0.00290002	TRUE	NA	NA	NA	NA	NA	NA
NC_045512.2	24266	A	T	17	8	24	12	12	24	0.307692	39	8.6537e-06	TRUE	NA	NA	NA	NA	NA	NA
NC_045512.2	24266	A	G	17	8	24	3	3	27	0.0769231	39	0.0369458	FALSE	NA	NA	NA	NA	NA	NA
NC_045512.2	24266	A	C	17	8	24	7	7	26	0.179487	39	0.000703755	TRUE	NA	NA	NA	NA	NA	NA
NC_045512.2	24267	T	G	23	11	26	4	4	27	0.097561	41	0.0228969	FALSE	NA	NA	NA	NA	NA	NA
NC_045512.2	24267	T	C	23	11	26	8	8	27	0.195122	41	0.000741482	TRUE	NA	NA	NA	NA	NA	NA
NC_045512.2	24267	T	A	23	11	26	6	6	26	0.146341	41	0.00396255	TRUE	NA	NA	NA	NA	NA	NA
NC_045512.2	24267	T	-G	23	11	26	3	0	20	0.0731707	41	0.0568182	FALSE	NA	NA	NA	NA	NA	NA
NC_045512.2	24268	G	T	18	7	27	7	7	26	0.189189	37	0.000773805	TRUE	NA	NA	NA	NA	NA	NA
NC_045512.2	24268	G	C	18	7	27	1	1	28	0.027027	37	0.327586	FALSE	NA	NA	NA	NA	NA	NA
NC_045512.2	24268	G	A	18	7	27	11	10	26	0.297297	37	2.25675e-05	TRUE	NA	NA	NA	NA	NA	NA
NC_045512.2	24269	G	T	23	11	25	6	6	24	0.142857	42	0.0036229	TRUE	NA	NA	NA	NA	NA	NA
NC_045512.2	24269	G	C	23	11	25	5	5	27	0.119048	42	0.00874493	TRUE	NA	NA	NA	NA	NA	NA
NC_045512.2	24269	G	A	23	11	25	8	8	27	0.190476	42	0.000659096	TRUE	NA	NA	NA	NA	NA	NA
NC_045512.2	24270	C	T	18	6	27	16	16	28	0.380952	42	2.57772e-07	TRUE	NA	NA	NA	NA	NA	NA
NC_045512.2	24270	C	G	18	6	27	1	1	24	0.0238095	42	0.316667	FALSE	NA	NA	NA	NA	NA	NA
NC_045512.2	24270	C	A	18	6	27	7	7	26	0.166667	42	0.00061724	TRUE	NA	NA	NA	NA	NA	NA
NC_045512.2	24271	T	G	21	9	27	14	14	27	0.325581	43	2.76191e-06	TRUE	NA	NA	NA	NA	NA	NA
NC_045512.2	24271	T	C	21	9	27	4	4	26	0.0930233	43	0.016504	FALSE	NA	NA	NA	NA	NA	NA
NC_045512.2	24271	T	A	21	9	27	4	4	26	0.0930233	43	0.016504	FALSE	NA	NA	NA	NA	NA	NA
NC_045512.2	24272	T	G	18	7	25	2	2	24	0.0487805	41	0.107345	FALSE	NA	NA	NA	NA	NA	NA
NC_045512.2	24272	T	C	18	7	25	11	11	27	0.268293	41	1.89698e-05	TRUE	NA	NA	NA	NA	NA	NA
NC_045512.2	24272	T	A	18	7	25	10	10	24	0.243902	41	4.5135e-05	TRUE	NA	NA	NA	NA	NA	NA
NC_045512.2	24273	A	T	30	18	27	8	8	26	0.186047	43	0.00168705	TRUE	NA	NA	NA	NA	NA	NA
NC_045512.2	24273	A	G	30	18	27	2	2	27	0.0465116	43	0.183636	FALSE	NA	NA	NA	NA	NA	NA
NC_045512.2	24273	A	C	30	18	27	3	3	25	0.0697674	43	0.0807997	FALSE	NA	NA	NA	NA	NA	NA
NC_045512.2	24274	T	G	19	7	26	4	4	25	0.0909091	44	0.0122863	FALSE	NA	NA	NA	NA	NA	NA
NC_045512.2	24274	T	C	19	7	26	10	10	27	0.227273	44	3.73547e-05	TRUE	NA	NA	NA	NA	NA	NA
NC_045512.2	24274	T	A	19	7	26	11	11	26	0.25	44	1.53512e-05	TRUE	NA	NA	NA	NA	NA	NA
NC_045512.2	24275	A	T	29	17	26	9	9	26	0.204545	44	0.000624834	TRUE	NA	NA	NA	NA	NA	NA
NC_045512.2	24275	A	G	29	17	26	3	3	27	0.0681818	44	0.0734543	FALSE	NA	NA	NA	NA	NA	NA
NC_045512.2	24275	A	C	29	17	26	3	3	26	0.0681818	44	0.0734543	FALSE	NA	NA	NA	NA	NA	NA
NC_045512.2	24276	G	T	22	10	26	9	9	26	0.204545	44	0.000182404	TRUE	NA	NA	NA	NA	NA	NA
NC_045512.2	24276	G	C	22	10	26	7	7	27	0.159091	44	0.00105951	TRUE	NA	NA	NA	NA	NA	NA
NC_045512.2	24276	G	A	22	10	26	6	6	27	0.136364	44	0.00263052	TRUE	NA	NA	NA	NA	NA	NA
NC_045512.2	24277	G	T	19	9	25	9	9	26	0.214286	42	0.000121875	TRUE	NA	NA	NA	NA	NA	NA
NC_045512.2	24277	G	C	19	9	25	3	3	27	0.0714286	42	0.0387802	FALSE	NA	NA	NA	NA	NA	NA
NC_045512.2	24277	G	A	19	9	25	11	11	27	0.261905	42	2.13342e-05	TRUE	NA	NA	NA	NA	NA	NA
NC_045512.2	24278	T	G	24	14	26	2	2	27	0.047619	42	0.146992	FALSE	NA	NA	NA	NA	NA	NA
NC_045512.2	24278	T	C	24	14	26	6	6	27	0.142857	42	0.00414592	TRUE	NA	NA	NA	NA	NA	NA
NC_045512.2	24278	T	A	24	14	26	10	10	28	0.238095	42	0.000158189	TRUE	NA	NA	NA	NA	NA	NA
NC_045512.2	24279	T	G	27	17	28	4	4	27	0.0952381	42	0.0305845	FALSE	NA	NA	NA	NA	NA	NA
NC_045512.2	24279	T	C	27	17	28	8	8	27	0.190476	42	0.0012482	TRUE	NA	NA	NA	NA	NA	NA
NC_045512.2	24279	T	A	27	17	28	3	3	24	0.0714286	42	0.0710349	FALSE	NA	NA	NA	NA	NA	NA
NC_045512.2	24280	T	G	23	13	25	9	9	26	0.219512	41	0.000329548	TRUE	NA	NA	NA	NA	NA	NA
NC_045512.2	24280	T	C	23	13	25	2	2	27	0.0487805	41	0.144231	FALSE	NA	NA	NA	NA	NA	NA
NC_045512.2	24280	T	A	23	13	25	7	7	28	0.170732	41	0.00169823	TRUE	NA	NA	NA	NA	NA	NA
NC_045512.2	24281	A	T	17	7	26	3	3	25	0.0731707	41	0.0333139	FALSE	NA	NA	NA	NA	NA	NA
NC_045512.2	24281	A	G	17	7	26	5	5	27	0.121951	41	0.00406954	TRUE	NA	NA	NA	NA	NA	NA
NC_045512.2	24281	A	C	17	7	26	16	16	27	0.390244	41	2.21331e-07	TRUE	NA	NA	NA	NA	NA	NA
NC_045512.2	24282	A	T	23	13	25	12	12	26	0.292683	41	3.19421e-05	TRUE	NA	NA	NA	NA	NA	NA
NC_045512.2	24282	A	C	23	13	25	6	6	27	0.146341	41	0.00396255	TRUE	NA	NA	NA	NA	NA	NA
NC_045512.2	24283	T	G	26	16	27	3	3	27	0.0731707	41	0.0697408	FALSE	NA	NA	NA	NA	NA	NA
NC_045512.2	24283	T	C	26	16	27	8	8	27	0.195122	41	0.00120467	TRUE	NA	NA	NA	NA	NA	NA
NC_045512.2	24283	T	A	26	16	27	4	4	26	0.097561	41	0.0298889	FALSE	NA	NA	NA	NA	NA	NA
NC_045512.2	24284	G	T	18	8	27	7	7	26	0.166667	42	0.00061724	TRUE	NA	NA	NA	NA	NA	NA
NC_045512.2	24284	G	C	18	8	27	10	10	29	0.238095	42	3.85937e-05	TRUE	NA	NA	NA	NA	NA	NA
NC_045512.2	24284	G	A	18	8	27	7	7	23	0.166667	42	0.00061724	TRUE	NA	NA	NA	NA	NA	NA
NC_045512.2	24285	G	T	17	7	24	10	10	27	0.243902	41	3.4018e-05	TRUE	NA	NA	NA	NA	NA	NA
NC_045512.2	24285	G	C	17	7	24	3	3	27	0.0731707	41	0.0333139	FALSE	NA	NA	NA	NA	NA	NA
NC_045512.2	24285	G	A	17	7	24	11	11	26	0.268293	41	1.40074e-05	TRUE	NA	NA	NA	NA	NA	NA
NC_045512.2	24286	T	G	22	12	26	6	6	28	0.146341	41	0.00344201	TRUE	NA	NA	NA	NA	NA	NA
NC_045512.2	24286	T	C	22	12	26	8	8	28	0.195122	41	0.00061999	TRUE	NA	NA	NA	NA	NA	NA
NC_045512.2	24286	T	A	22	12	26	5	5	27	0.121951	41	0.00835918	TRUE	NA	NA	NA	NA	NA	NA
NC_045512.2	24287	A	T	24	14	27	11	11	26	0.268293	41	8.51789e-05	TRUE	NA	NA	NA	NA	NA	NA
NC_045512.2	24287	A	G	24	14	27	1	1	26	0.0243902	41	0.384615	FALSE	NA	NA	NA	NA	NA	NA
NC_045512.2	24287	A	C	24	14	27	5	5	28	0.121951	41	0.0105668	FALSE	NA	NA	NA	NA	NA	NA
NC_045512.2	24288	T	G	17	7	26	6	6	26	0.146341	41	0.0014857	TRUE	NA	NA	NA	NA	NA	NA
NC_045512.2	24288	T	C	17	7	26	7	7	27	0.170732	41	0.000557139	TRUE	NA	NA	NA	NA	NA	NA
NC_045512.2	24288	T	A	17	7	26	11	11	28	0.268293	41	1.40074e-05	TRUE	NA	NA	NA	NA	NA	NA
NC_045512.2	24289	T	G	20	11	25	3	3	28	0.0731707	41	0.0445972	FALSE	NA	NA	NA	NA	NA	NA
NC_045512.2	24289	T	C	20	11	25	10	10	27	0.243902	41	7.57365e-05	TRUE	NA	NA	NA	NA	NA	NA
NC_045512.2	24289	T	A	20	11	25	8	8	27	0.195122	41	0.000420468	TRUE	NA	NA	NA	NA	NA	NA
NC_045512.2	24290	G	T	18	9	26	11	11	28	0.275	40	2.25675e-05	TRUE	NA	NA	NA	NA	NA	NA
NC_045512.2	24290	G	C	18	9	26	6	6	27	0.15	40	0.00198094	TRUE	NA	NA	NA	NA	NA	NA
NC_045512.2	24290	G	A	18	9	26	5	5	26	0.125	40	0.00519997	TRUE	NA	NA	NA	NA	NA	NA
NC_045512.2	24291	G	T	20	11	25	7	7	25	0.175	40	0.00114027	TRUE	NA	NA	NA	NA	NA	NA
NC_045512.2	24291	G	C	20	11	25	9	9	26	0.225	40	0.000203226	TRUE	NA	NA	NA	NA	NA	NA
NC_045512.2	24291	G	A	20	11	25	4	4	28	0.1	40	0.0178389	FALSE	NA	NA	NA	NA	NA	NA
NC_045512.2	24292	A	T	19	10	26	12	12	25	0.3	40	1.32646e-05	TRUE	NA	NA	NA	NA	NA	NA
NC_045512.2	24292	A	G	19	10	26	6	6	27	0.15	40	0.00236214	TRUE	NA	NA	NA	NA	NA	NA
NC_045512.2	24292	A	C	19	10	26	3	3	24	0.075	40	0.0427897	FALSE	NA	NA	NA	NA	NA	NA
NC_045512.2	24293	G	T	18	9	27	8	8	28	0.195122	41	0.000272004	TRUE	NA	NA	NA	NA	NA	NA
NC_045512.2	24293	G	C	18	9	27	12	12	26	0.292683	41	8.12991e-06	TRUE	NA	NA	NA	NA	NA	NA
NC_045512.2	24293	G	A	18	9	27	3	3	24	0.0731707	41	0.0369547	FALSE	NA	NA	NA	NA	NA	NA
NC_045512.2	24294	T	G	21	12	26	3	3	25	0.0789474	38	0.0562378	FALSE	NA	NA	NA	NA	NA	NA
NC_045512.2	24294	T	C	21	12	26	4	4	27	0.105263	38	0.0226765	FALSE	NA	NA	NA	NA	NA	NA
NC_045512.2	24294	T	A	21	12	26	10	10	26	0.263158	38	0.000152543	TRUE	NA	NA	NA	NA	NA	NA
NC_045512.2	24294	T	+T	21	12	26	1	0	20	0.0263158	38	0.372881	FALSE	NA	NA	NA	NA	NA	NA
NC_045512.2	24295	T	G	21	12	25	13	13	27	0.317073	41	8.86696e-06	TRUE	NA	NA	NA	NA	NA	NA
NC_045512.2	24295	T	C	21	12	25	3	3	27	0.0731707	41	0.0485791	FALSE	NA	NA	NA	NA	NA	NA
NC_045512.2	24295	T	A	21	12	25	4	4	28	0.097561	41	0.0186843	FALSE	NA	NA	NA	NA	NA	NA
NC_045512.2	24296	A	T	19	10	27	5	5	25	0.121951	41	0.00557465	TRUE	NA	NA	NA	NA	NA	NA
NC_045512.2	24296	A	G	19	10	27	5	5	27	0.121951	41	0.00557465	TRUE	NA	NA	NA	NA	NA	NA
NC_045512.2	24296	A	C	19	10	27	12	12	27	0.292683	41	1.10227e-05	TRUE	NA	NA	NA	NA	NA	NA
NC_045512.2	24297	C	T	17	8	27	9	9	28	0.225	40	9.77437e-05	TRUE	NA	NA	NA	NA	NA	NA
NC_045512.2	24297	C	G	17	8	27	5	5	24	0.125	40	0.00442652	TRUE	NA	NA	NA	NA	NA	NA
NC_045512.2	24297	C	A	17	8	27	9	9	27	0.225	40	9.77437e-05	TRUE	NA	NA	NA	NA	NA	NA
NC_045512.2	24298	A	T	21	12	27	4	4	28	0.097561	41	0.0186843	FALSE	NA	NA	NA	NA	NA	NA
NC_045512.2	24298	A	G	21	12	27	8	8	27	0.195122	41	0.000513325	TRUE	NA	NA	NA	NA	NA	NA
NC_045512.2	24298	A	C	21	12	27	8	8	27	0.195122	41	0.000513325	TRUE	NA	NA	NA	NA	NA	NA
NC_045512.2	24299	C	T	23	14	27	8	8	26	0.195122	41	0.000741482	TRUE	NA	NA	NA	NA	NA	NA
NC_045512.2	24299	C	G	23	14	27	7	7	27	0.170732	41	0.00169823	TRUE	NA	NA	NA	NA	NA	NA
NC_045512.2	24299	C	A	23	14	27	3	3	27	0.0731707	41	0.0568182	FALSE	NA	NA	NA	NA	NA	NA
NC_045512.2	24300	A	T	18	9	27	11	11	26	0.268293	41	1.89698e-05	TRUE	NA	NA	NA	NA	NA	NA
NC_045512.2	24300	A	G	18	9	27	6	6	28	0.146341	41	0.00179523	TRUE	NA	NA	NA	NA	NA	NA
NC_045512.2	24300	A	C	18	9	27	6	6	27	0.146341	41	0.00179523	TRUE	NA	NA	NA	NA	NA	NA
NC_045512.2	24301	G	T	16	7	27	7	7	26	0.175	40	0.000498493	TRUE	NA	NA	NA	NA	NA	NA
NC_045512.2	24301	G	C	16	7	27	6	6	27	0.15	40	0.00134376	TRUE	NA	NA	NA	NA	NA	NA
NC_045512.2	24301	G	A	16	7	27	11	11	27	0.275	40	1.21386e-05	TRUE	NA	NA	NA	NA	NA	NA
NC_045512.2	24302	A	T	16	7	26	16	16	26	0.390244	41	1.46024e-07	TRUE	NA	NA	NA	NA	NA	NA
NC_045512.2	24302	A	G	16	7	26	2	2	25	0.0487805	41	0.092559	FALSE	NA	NA	NA	NA	NA	NA
NC_045512.2	24302	A	C	16	7	26	7	7	27	0.170732	41	0.000443105	TRUE	NA	NA	NA	NA	NA	NA
NC_045512.2	24303	A	T	22	13	25	7	7	27	0.175	40	0.00160997	TRUE	NA	NA	NA	NA	NA	NA
NC_045512.2	24303	A	G	22	13	25	5	5	26	0.125	40	0.00903331	TRUE	NA	NA	NA	NA	NA	NA
NC_045512.2	24303	A	C	22	13	25	6	6	27	0.15	40	0.00377511	TRUE	NA	NA	NA	NA	NA	NA
NC_045512.2	24304	T	G	19	10	25	6	6	26	0.146341	41	0.0021441	TRUE	NA	NA	NA	NA	NA	NA
NC_045512.2	24304	T	C	19	10	25	7	7	27	0.170732	41	0.000844644	TRUE	NA	NA	NA	NA	NA	NA
NC_045512.2	24304	T	A	19	10	25	9	9	28	0.219512	41	0.000140156	TRUE	NA	NA	NA	NA	NA	NA
NC_045512.2	24305	G	T	18	9	25	9	9	27	0.225	40	0.000126623	TRUE	NA	NA	NA	NA	NA	NA
NC_045512.2	24305	G	C	18	9	25	8	8	27	0.2	40	0.000309522	TRUE	NA	NA	NA	NA	NA	NA
NC_045512.2	24305	G	A	18	9	25	5	5	27	0.125	40	0.00519997	TRUE	NA	NA	NA	NA	NA	NA
NC_045512.2	24306	T	G	16	7	24	6	6	23	0.153846	39	0.00149036	TRUE	NA	NA	NA	NA	NA	NA
NC_045512.2	24306	T	C	16	7	24	11	11	27	0.282051	39	1.45664e-05	TRUE	NA	NA	NA	NA	NA	NA
NC_045512.2	24306	T	A	16	7	24	6	6	26	0.153846	39	0.00149036	TRUE	NA	NA	NA	NA	NA	NA
NC_045512.2	24307	T	G	19	12	25	10	10	25	0.25641	39	8.07679e-05	TRUE	NA	NA	NA	NA	NA	NA
NC_045512.2	24307	T	C	19	12	25	2	2	28	0.0512821	39	0.122735	FALSE	NA	NA	NA	NA	NA	NA
NC_045512.2	24307	T	A	19	12	25	8	8	26	0.205128	39	0.000439847	TRUE	NA	NA	NA	NA	NA	NA
NC_045512.2	24308	C	T	22	13	26	6	6	24	0.146341	41	0.00344201	TRUE	NA	NA	NA	NA	NA	NA
NC_045512.2	24308	C	G	22	13	26	9	9	26	0.219512	41	0.0002707	TRUE	NA	NA	NA	NA	NA	NA
NC_045512.2	24308	C	A	22	13	26	4	4	28	0.097561	41	0.0207431	FALSE	NA	NA	NA	NA	NA	NA
NC_045512.2	24308	C	-T	22	13	26	1	0	20	0.0243902	41	0.365079	FALSE	NA	NA	NA	NA	NA	NA
NC_045512.2	24309	T	G	29	20	26	7	7	25	0.175	40	0.00381837	TRUE	NA	NA	NA	NA	NA	NA
NC_045512.2	24309	T	C	29	20	26	3	3	26	0.075	40	0.0831657	FALSE	NA	NA	NA	NA	NA	NA
NC_045512.2	24309	T	A	29	20	26	1	1	28	0.025	40	0.428571	FALSE	NA	NA	NA	NA	NA	NA
NC_045512.2	24310	C	T	16	7	26	12	12	26	0.292683	41	4.17765e-06	TRUE	NA	NA	NA	NA	NA	NA
NC_045512.2	24310	C	G	16	7	26	8	8	24	0.195122	41	0.000166164	TRUE	NA	NA	NA	NA	NA	NA
NC_045512.2	24310	C	A	16	7	26	5	5	26	0.121951	41	0.00342049	TRUE	NA	NA	NA	NA	NA	NA
NC_045512.2	24311	T	G	19	10	26	8	8	26	0.195122	41	0.000340379	TRUE	NA	NA	NA	NA	NA	NA
NC_045512.2	24311	T	C	19	10	26	9	9	27	0.219512	41	0.000140156	TRUE	NA	NA	NA	NA	NA	NA
NC_045512.2	24311	T	A	19	10	26	5	5	27	0.121951	41	0.00557465	TRUE	NA	NA	NA	NA	NA	NA
NC_045512.2	24312	A	T	20	11	26	12	12	26	0.292683	41	1.46969e-05	TRUE	NA	NA	NA	NA	NA	NA
NC_045512.2	24312	A	G	20	11	26	5	5	27	0.121951	41	0.00643229	TRUE	NA	NA	NA	NA	NA	NA
NC_045512.2	24312	A	C	20	11	26	4	4	27	0.097561	41	0.016724	FALSE	NA	NA	NA	NA	NA	NA
NC_045512.2	24313	T	G	20	11	26	7	7	24	0.170732	41	0.00102114	TRUE	NA	NA	NA	NA	NA	NA
NC_045512.2	24313	T	C	20	11	26	5	5	26	0.121951	41	0.00643229	TRUE	NA	NA	NA	NA	NA	NA
NC_045512.2	24313	T	A	20	11	26	9	9	27	0.219512	41	0.000176719	TRUE	NA	NA	NA	NA	NA	NA
NC_045512.2	24314	G	T	21	12	26	8	8	27	0.2	40	0.000580647	TRUE	NA	NA	NA	NA	NA	NA
NC_045512.2	24314	G	C	21	12	26	5	5	26	0.125	40	0.00796379	TRUE	NA	NA	NA	NA	NA	NA
NC_045512.2	24314	G	A	21	12	26	6	6	28	0.15	40	0.00325791	TRUE	NA	NA	NA	NA	NA	NA
NC_045512.2	24315	A	T	15	6	27	10	10	24	0.243902	41	1.82598e-05	TRUE	NA	NA	NA	NA	NA	NA
NC_045512.2	24315	A	G	15	6	27	6	6	25	0.146341	41	0.000977283	TRUE	NA	NA	NA	NA	NA	NA
NC_045512.2	24315	A	C	15	6	27	10	10	27	0.243902	41	1.82598e-05	TRUE	NA	NA	NA	NA	NA	NA
NC_045512.2	24316	G	T	18	9	27	9	9	27	0.219512	41	0.000109614	TRUE	NA	NA	NA	NA	NA	NA
NC_045512.2	24316	G	C	18	9	27	4	4	27	0.097561	41	0.013113	FALSE	NA	NA	NA	NA	NA	NA
NC_045512.2	24316	G	A	18	9	27	10	10	27	0.243902	41	4.5135e-05	TRUE	NA	NA	NA	NA	NA	NA
NC_045512.2	24317	A	T	16	8	25	8	8	26	0.195122	41	0.000166164	TRUE	NA	NA	NA	NA	NA	NA
NC_045512.2	24317	A	G	16	8	25	10	10	23	0.243902	41	2.51764e-05	TRUE	NA	NA	NA	NA	NA	NA
NC_045512.2	24317	A	C	16	8	25	7	7	26	0.170732	41	0.000443105	TRUE	NA	NA	NA	NA	NA	NA
NC_045512.2	24318	A	T	12	6	24	10	10	26	0.25641	39	8.57689e-06	TRUE	NA	NA	NA	NA	NA	NA
NC_045512.2	24318	A	G	12	6	24	10	10	27	0.25641	39	8.57689e-06	TRUE	NA	NA	NA	NA	NA	NA
NC_045512.2	24318	A	C	12	6	24	7	7	25	0.179487	39	0.000190585	TRUE	NA	NA	NA	NA	NA	NA
NC_045512.2	24319	C	T	13	6	25	13	13	25	0.342105	38	9.9352e-07	TRUE	NA	NA	NA	NA	NA	NA
NC_045512.2	24319	C	G	13	6	25	6	6	27	0.157895	38	0.000835642	TRUE	NA	NA	NA	NA	NA	NA
NC_045512.2	24319	C	A	13	6	25	6	6	27	0.157895	38	0.000835642	TRUE	NA	NA	NA	NA	NA	NA
NC_045512.2	24320	C	T	18	15	25	11	11	26	0.314286	35	5.61836e-05	TRUE	NA	NA	NA	NA	NA	NA
NC_045512.2	24320	C	G	18	15	25	4	4	25	0.114286	35	0.0199161	FALSE	NA	NA	NA	NA	NA	NA
NC_045512.2	24320	C	A	18	15	25	2	2	25	0.0571429	35	0.132774	FALSE	NA	NA	NA	NA	NA	NA
NC_045512.2	24320	C	-AA	18	15	25	1	0	20	0.0285714	35	0.358491	FALSE	NA	NA	NA	NA	NA	NA
NC_045512.2	24320	C	-A	18	15	25	2	0	20	0.0571429	35	0.132774	FALSE	NA	NA	NA	NA	NA	NA
NC_045512.2	24321	A	T	6	5	26	12	12	27	0.4	30	1.16936e-07	TRUE	NA	NA	NA	NA	NA	NA
NC_045512.2	24321	A	G	6	5	26	5	5	27	0.166667	30	0.000425411	TRUE	NA	NA	NA	NA	NA	NA
NC_045512.2	24321	A	C	6	5	26	7	7	27	0.233333	30	3.206e-05	TRUE	NA	NA	NA	NA	NA	NA
NC_045512.2	24322	A	T	13	9	26	11	11	24	0.297297	37	5.97029e-06	TRUE	NA	NA	NA	NA	NA	NA
NC_045512.2	24322	A	G	13	9	26	9	9	24	0.243243	37	3.95856e-05	TRUE	NA	NA	NA	NA	NA	NA
NC_045512.2	24322	A	C	13	9	26	4	4	26	0.108108	37	0.00752567	TRUE	NA	NA	NA	NA	NA	NA
NC_045512.2	24323	A	T	13	10	27	6	6	28	0.171429	35	0.00118184	TRUE	NA	NA	NA	NA	NA	NA
NC_045512.2	24323	A	G	13	10	27	12	12	27	0.342857	35	4.64525e-06	TRUE	NA	NA	NA	NA	NA	NA
NC_045512.2	24323	A	C	13	10	27	4	4	28	0.114286	35	0.00952381	TRUE	NA	NA	NA	NA	NA	NA
NC_045512.2	24324	A	T	8	6	28	17	17	27	0.485714	35	3.89744e-09	TRUE	NA	NA	NA	NA	NA	NA
NC_045512.2	24324	A	G	8	6	28	6	6	25	0.171429	35	0.000244713	TRUE	NA	NA	NA	NA	NA	NA
NC_045512.2	24324	A	C	8	6	28	4	4	26	0.114286	35	0.00303337	TRUE	NA	NA	NA	NA	NA	NA
NC_045512.2	24325	A	T	7	6	26	8	8	27	0.235294	34	1.70532e-05	TRUE	NA	NA	NA	NA	NA	NA
NC_045512.2	24325	A	G	7	6	26	15	15	25	0.441176	34	1.43318e-08	TRUE	NA	NA	NA	NA	NA	NA
NC_045512.2	24325	A	C	7	6	26	4	4	27	0.117647	34	0.00243092	TRUE	NA	NA	NA	NA	NA	NA
NC_045512.2	24326	T	G	13	11	25	15	15	26	0.441176	34	5.30793e-07	TRUE	NA	NA	NA	NA	NA	NA
NC_045512.2	24326	T	C	13	11	25	4	4	30	0.117647	34	0.0103343	FALSE	NA	NA	NA	NA	NA	NA
NC_045512.2	24326	T	A	13	11	25	2	2	28	0.0588235	34	0.0930851	FALSE	NA	NA	NA	NA	NA	NA
NC_045512.2	24327	T	G	17	16	27	12	12	26	0.352941	34	2.40242e-05	TRUE	NA	NA	NA	NA	NA	NA
NC_045512.2	24327	T	C	17	16	27	3	3	28	0.0882353	34	0.0486639	FALSE	NA	NA	NA	NA	NA	NA
NC_045512.2	24327	T	A	17	16	27	2	2	28	0.0588235	34	0.128959	FALSE	NA	NA	NA	NA	NA	NA
NC_045512.2	24328	G	T	17	16	27	6	6	26	0.176471	34	0.00310908	TRUE	NA	NA	NA	NA	NA	NA
NC_045512.2	24328	G	C	17	16	27	4	4	27	0.117647	34	0.0189248	FALSE	NA	NA	NA	NA	NA	NA
NC_045512.2	24328	G	A	17	16	27	7	7	28	0.205882	34	0.00130909	TRUE	NA	NA	NA	NA	NA	NA
NC_045512.2	24329	A	T	8	7	26	9	9	26	0.264706	34	9.70291e-06	TRUE	NA	NA	NA	NA	NA	NA
NC_045512.2	24329	A	G	8	7	26	6	6	26	0.176471	34	0.000279672	TRUE	NA	NA	NA	NA	NA	NA
NC_045512.2	24329	A	C	8	7	26	11	11	25	0.323529	34	1.25128e-06	TRUE	NA	NA	NA	NA	NA	NA
NC_045512.2	24330	T	G	12	11	27	7	7	29	0.212121	33	0.000435223	TRUE	NA	NA	NA	NA	NA	NA
NC_045512.2	24330	T	C	12	11	27	9	9	26	0.272727	33	6.63257e-05	TRUE	NA	NA	NA	NA	NA	NA
NC_045512.2	24330	T	A	12	11	27	5	5	27	0.151515	33	0.00324508	TRUE	NA	NA	NA	NA	NA	NA
NC_045512.2	24331	T	G	15	14	26	11	11	25	0.34375	32	4.18741e-05	TRUE	NA	NA	NA	NA	NA	NA
NC_045512.2	24331	T	C	15	14	26	5	5	27	0.15625	32	0.00660009	TRUE	NA	NA	NA	NA	NA	NA
NC_045512.2	24331	T	A	15	14	26	1	1	26	0.03125	32	0.340426	FALSE	NA	NA	NA	NA	NA	NA
NC_045512.2	24332	G	T	18	17	27	8	8	26	0.242424	33	0.000815044	TRUE	NA	NA	NA	NA	NA	NA
NC_045512.2	24332	G	C	18	17	27	3	3	27	0.0909091	33	0.0567745	FALSE	NA	NA	NA	NA	NA	NA
NC_045512.2	24332	G	A	18	17	27	4	4	26	0.121212	33	0.0231304	FALSE	NA	NA	NA	NA	NA	NA
NC_045512.2	24333	C	T	9	8	24	16	16	27	0.484848	33	3.52832e-08	TRUE	NA	NA	NA	NA	NA	NA
NC_045512.2	24333	C	G	9	8	24	3	3	28	0.0909091	33	0.0166113	FALSE	NA	NA	NA	NA	NA	NA
NC_045512.2	24333	C	A	9	8	24	5	5	27	0.151515	33	0.00146051	TRUE	NA	NA	NA	NA	NA	NA
NC_045512.2	24334	C	T	7	7	26	9	9	27	0.28125	32	8.39541e-06	TRUE	NA	NA	NA	NA	NA	NA
NC_045512.2	24334	C	G	7	7	26	14	14	26	0.4375	32	6.57333e-08	TRUE	NA	NA	NA	NA	NA	NA
NC_045512.2	24334	C	A	7	7	26	2	2	25	0.0625	32	0.0461538	FALSE	NA	NA	NA	NA	NA	NA
NC_045512.2	24335	A	T	8	8	24	6	6	25	0.1875	32	0.00036869	TRUE	NA	NA	NA	NA	NA	NA
NC_045512.2	24335	A	G	8	8	24	11	11	27	0.34375	32	2.02341e-06	TRUE	NA	NA	NA	NA	NA	NA
NC_045512.2	24335	A	C	8	8	24	7	7	27	0.21875	32	0.000120225	TRUE	NA	NA	NA	NA	NA	NA
NC_045512.2	24336	A	T	9	9	26	12	12	27	0.375	32	1.42422e-06	TRUE	NA	NA	NA	NA	NA	NA
NC_045512.2	24336	A	G	9	9	26	6	6	27	0.1875	32	0.000534333	TRUE	NA	NA	NA	NA	NA	NA
NC_045512.2	24336	A	C	9	9	26	5	5	25	0.15625	32	0.00163862	TRUE	NA	NA	NA	NA	NA	NA
NC_045512.2	24337	C	T	6	6	23	8	8	25	0.242424	33	1.15087e-05	TRUE	NA	NA	NA	NA	NA	NA
NC_045512.2	24337	C	G	6	6	23	10	10	27	0.30303	33	1.22433e-06	TRUE	NA	NA	NA	NA	NA	NA
NC_045512.2	24337	C	A	6	6	23	9	9	26	0.272727	33	3.67299e-06	TRUE	NA	NA	NA	NA	NA	NA
NC_045512.2	24338	C	T	17	17	27	7	7	25	0.205882	34	0.00130909	TRUE	NA	NA	NA	NA	NA	NA
NC_045512.2	24338	C	G	17	17	27	6	6	26	0.176471	34	0.00310908	TRUE	NA	NA	NA	NA	NA	NA
NC_045512.2	24338	C	A	17	17	27	4	4	28	0.117647	34	0.0189248	FALSE	NA	NA	NA	NA	NA	NA
NC_045512.2	24339	A	T	20	20	25	3	3	24	0.0909091	33	0.0675052	FALSE	NA	NA	NA	NA	NA	NA
NC_045512.2	24339	A	G	20	20	25	5	5	25	0.151515	33	0.012689	FALSE	NA	NA	NA	NA	NA	NA
NC_045512.2	24339	A	C	20	20	25	5	5	27	0.151515	33	0.012689	FALSE	NA	NA	NA	NA	NA	NA
NC_045512.2	24340	A	T	10	10	28	8	8	25	0.258065	31	0.000115962	TRUE	NA	NA	NA	NA	NA	NA
NC_045512.2	24340	A	G	10	10	28	6	6	26	0.193548	31	0.000854933	TRUE	NA	NA	NA	NA	NA	NA
NC_045512.2	24340	A	C	10	10	28	7	7	25	0.225806	31	0.000309231	TRUE	NA	NA	NA	NA	NA	NA
NC_045512.2	24341	T	G	10	10	25	9	9	26	0.310345	29	6.77929e-05	TRUE	NA	NA	NA	NA	NA	NA
NC_045512.2	24341	T	C	10	10	25	4	4	25	0.137931	29	0.00894309	TRUE	NA	NA	NA	NA	NA	NA
NC_045512.2	24341	T	A	10	10	25	6	6	27	0.206897	29	0.00113443	TRUE	NA	NA	NA	NA	NA	NA
NC_045512.2	24342	T	G	12	12	27	7	7	26	0.212121	33	0.000435223	TRUE	NA	NA	NA	NA	NA	NA
NC_045512.2	24342	T	C	12	12	27	5	5	25	0.151515	33	0.00324508	TRUE	NA	NA	NA	NA	NA	NA
NC_045512.2	24342	T	A	12	12	27	9	9	23	0.272727	33	6.63257e-05	TRUE	NA	NA	NA	NA	NA	NA
NC_045512.2	24343	T	G	11	11	26	7	7	26	0.212121	33	0.000318608	TRUE	NA	NA	NA	NA	NA	NA
NC_045512.2	24343	T	C	11	11	26	8	8	24	0.242424	33	0.000118697	TRUE	NA	NA	NA	NA	NA	NA
NC_045512.2	24343	T	A	11	11	26	7	7	24	0.212121	33	0.000318608	TRUE	NA	NA	NA	NA	NA	NA
NC_045512.2	24344	A	T	11	11	25	6	6	26	0.214286	28	0.00175321	TRUE	NA	NA	NA	NA	NA	NA
NC_045512.2	24344	A	G	11	11	25	5	5	27	0.178571	28	0.00453772	TRUE	NA	NA	NA	NA	NA	NA
NC_045512.2	24344	A	C	11	11	25	6	6	27	0.214286	28	0.00175321	TRUE	NA	NA	NA	NA	NA	NA
NC_045512.2	24345	A	T	10	10	26	14	14	26	0.424242	33	3.37872e-07	TRUE	NA	NA	NA	NA	NA	NA
NC_045512.2	24345	A	G	10	10	26	4	4	24	0.121212	33	0.00613414	TRUE	NA	NA	NA	NA	NA	NA
NC_045512.2	24345	A	C	10	10	26	5	5	28	0.151515	33	0.0019577	TRUE	NA	NA	NA	NA	NA	NA
NC_045512.2	24346	T	G	9	9	27	12	12	26	0.387097	31	1.85149e-06	TRUE	NA	NA	NA	NA	NA	NA
NC_045512.2	24346	T	C	9	9	27	3	3	24	0.0967742	31	0.0191638	FALSE	NA	NA	NA	NA	NA	NA
NC_045512.2	24346	T	A	9	9	27	7	7	25	0.225806	31	0.000213733	TRUE	NA	NA	NA	NA	NA	NA
NC_045512.2	24347	A	T	7	7	26	10	10	24	0.3125	32	2.97337e-06	TRUE	NA	NA	NA	NA	NA	NA
NC_045512.2	24347	A	G	7	7	26	4	4	28	0.125	32	0.00294827	TRUE	NA	NA	NA	NA	NA	NA
NC_045512.2	24347	A	C	7	7	26	11	11	26	0.34375	32	1.09226e-06	TRUE	NA	NA	NA	NA	NA	NA
NC_045512.2	24348	G	T	7	7	26	8	8	26	0.25	32	2.46615e-05	TRUE	NA	NA	NA	NA	NA	NA
NC_045512.2	24348	G	C	7	7	26	5	5	27	0.15625	32	0.000822773	TRUE	NA	NA	NA	NA	NA	NA
NC_045512.2	24348	G	A	7	7	26	12	12	26	0.375	32	4.15059e-07	TRUE	NA	NA	NA	NA	NA	NA
NC_045512.2	24349	T	G	9	9	24	5	5	26	0.166667	30	0.00207979	TRUE	NA	NA	NA	NA	NA	NA
NC_045512.2	24349	T	C	9	9	24	9	9	25	0.3	30	3.56805e-05	TRUE	NA	NA	NA	NA	NA	NA
NC_045512.2	24349	T	A	9	9	24	7	7	28	0.233333	30	0.000252096	TRUE	NA	NA	NA	NA	NA	NA
NC_045512.2	24350	G	T	6	6	27	17	17	26	0.53125	32	2.14082e-09	TRUE	NA	NA	NA	NA	NA	NA
NC_045512.2	24350	G	C	6	6	27	7	7	25	0.21875	32	4.47801e-05	TRUE	NA	NA	NA	NA	NA	NA
NC_045512.2	24350	G	A	6	6	27	2	2	28	0.0625	32	0.0377868	FALSE	NA	NA	NA	NA	NA	NA
NC_045512.2	24351	C	T	8	8	27	8	8	27	0.25	32	4.09276e-05	TRUE	NA	NA	NA	NA	NA	NA
NC_045512.2	24351	C	G	8	8	27	4	4	28	0.125	32	0.00401102	TRUE	NA	NA	NA	NA	NA	NA
NC_045512.2	24351	C	A	8	8	27	12	12	25	0.375	32	7.93495e-07	TRUE	NA	NA	NA	NA	NA	NA
NC_045512.2	24352	T	G	13	13	27	4	4	25	0.133333	30	0.0145847	FALSE	NA	NA	NA	NA	NA	NA
NC_045512.2	24352	T	C	13	13	27	8	8	25	0.266667	30	0.000379024	TRUE	NA	NA	NA	NA	NA	NA
NC_045512.2	24352	T	A	13	13	27	5	5	26	0.166667	30	0.00558562	TRUE	NA	NA	NA	NA	NA	NA
NC_045512.2	24353	A	T	11	11	26	6	6	26	0.206897	29	0.00151945	TRUE	NA	NA	NA	NA	NA	NA
NC_045512.2	24353	A	G	11	11	26	6	6	25	0.206897	29	0.00151945	TRUE	NA	NA	NA	NA	NA	NA
NC_045512.2	24353	A	C	11	11	26	6	6	25	0.206897	29	0.00151945	TRUE	NA	NA	NA	NA	NA	NA
NC_045512.2	24354	T	G	15	15	25	3	3	26	0.0967742	31	0.0471785	FALSE	NA	NA	NA	NA	NA	NA
NC_045512.2	24354	T	C	15	15	25	5	5	27	0.16129	31	0.00731749	TRUE	NA	NA	NA	NA	NA	NA
NC_045512.2	24354	T	A	15	15	25	8	8	24	0.258065	31	0.0005532	TRUE	NA	NA	NA	NA	NA	NA
NC_045512.2	24355	T	G	7	7	25	7	7	25	0.225806	31	8.95603e-05	TRUE	NA	NA	NA	NA	NA	NA
NC_045512.2	24355	T	C	7	7	25	4	4	26	0.129032	31	0.00325862	TRUE	NA	NA	NA	NA	NA	NA
NC_045512.2	24355	T	A	7	7	25	13	13	25	0.419355	31	2.18452e-07	TRUE	NA	NA	NA	NA	NA	NA
NC_045512.2	24356	G	T	5	5	22	9	9	25	0.28125	32	2.25918e-06	TRUE	NA	NA	NA	NA	NA	NA
NC_045512.2	24356	G	C	5	5	22	7	7	25	0.21875	32	2.45779e-05	TRUE	NA	NA	NA	NA	NA	NA
NC_045512.2	24356	G	A	5	5	22	11	11	25	0.34375	32	2.50788e-07	TRUE	NA	NA	NA	NA	NA	NA
NC_045512.2	24357	G	T	7	7	26	8	8	26	0.266667	30	3.63082e-05	TRUE	NA	NA	NA	NA	NA	NA
NC_045512.2	24357	G	C	7	7	26	4	4	24	0.133333	30	0.0036109	TRUE	NA	NA	NA	NA	NA	NA
NC_045512.2	24357	G	A	7	7	26	11	11	26	0.366667	30	1.82717e-06	TRUE	NA	NA	NA	NA	NA	NA
NC_045512.2	24358	C	T	7	7	24	2	2	24	0.0869565	23	0.0774194	FALSE	NA	NA	NA	NA	NA	NA
NC_045512.2	24358	C	G	7	7	24	3	3	26	0.130435	23	0.0241935	FALSE	NA	NA	NA	NA	NA	NA
NC_045512.2	24358	C	A	7	7	24	11	11	25	0.478261	23	1.37659e-05	TRUE	NA	NA	NA	NA	NA	NA
NC_045512.2	24359	A	T	3	3	23	2	2	26	0.222222	9	0.128205	FALSE	NA	NA	NA	NA	NA	NA
NC_045512.2	24359	A	C	3	3	23	4	4	28	0.444444	9	0.025641	FALSE	NA	NA	NA	NA	NA	NA
NC_045512.2	24360	A	T	5	5	27	1	1	21	0.1	10	0.4	FALSE	NA	NA	NA	NA	NA	NA
NC_045512.2	24360	A	G	5	5	27	2	2	25	0.2	10	0.175	FALSE	NA	NA	NA	NA	NA	NA
NC_045512.2	24360	A	C	5	5	27	2	2	25	0.2	10	0.175	FALSE	NA	NA	NA	NA	NA	NA
NC_045512.2	24361	A	T	4	4	28	3	3	22	0.3	10	0.0625	FALSE	NA	NA	NA	NA	NA	NA
NC_045512.2	24361	A	C	4	4	28	3	3	25	0.3	10	0.0625	FALSE	NA	NA	NA	NA	NA	NA
NC_045512.2	24362	A	T	4	4	26	2	2	25	0.25	8	0.192308	FALSE	NA	NA	NA	NA	NA	NA
NC_045512.2	24362	A	G	4	4	26	1	1	20	0.125	8	0.416667	FALSE	NA	NA	NA	NA	NA	NA
NC_045512.2	24362	A	C	4	4	26	1	1	25	0.125	8	0.416667	FALSE	NA	NA	NA	NA	NA	NA
NC_045512.2	24363	T	A	5	5	24	4	4	25	0.444444	9	0.0529412	FALSE	NA	NA	NA	NA	NA	NA
NC_045512.2	24364	T	C	4	4	28	1	1	22	0.125	8	0.416667	FALSE	NA	NA	NA	NA	NA	NA
NC_045512.2	24364	T	A	4	4	28	3	3	26	0.375	8	0.0961538	FALSE	NA	NA	NA	NA	NA	NA
NC_045512.2	24365	C	T	3	3	29	2	2	25	0.25	8	0.151515	FALSE	NA	NA	NA	NA	NA	NA
NC_045512.2	24365	C	G	3	3	29	2	2	25	0.25	8	0.151515	FALSE	NA	NA	NA	NA	NA	NA
NC_045512.2	24365	C	A	3	3	29	1	1	26	0.125	8	0.363636	FALSE	NA	NA	NA	NA	NA	NA
NC_045512.2	24365	C	-A	3	3	29	1	0	20	0.125	8	0.363636	FALSE	NA	NA	NA	NA	NA	NA
NC_045512.2	24366	A	T	5	5	24	1	1	24	0.125	8	0.428571	FALSE	NA	NA	NA	NA	NA	NA
NC_045512.2	24366	A	G	5	5	24	1	1	27	0.125	8	0.428571	FALSE	NA	NA	NA	NA	NA	NA
NC_045512.2	24366	A	C	5	5	24	1	1	27	0.125	8	0.428571	FALSE	NA	NA	NA	NA	NA	NA
NC_045512.2	24367	A	T	4	4	27	3	3	23	0.333333	9	0.0769231	FALSE	NA	NA	NA	NA	NA	NA
NC_045512.2	24367	A	G	4	4	27	2	2	24	0.222222	9	0.164835	FALSE	NA	NA	NA	NA	NA	NA
NC_045512.2	24368	G	T	3	3	27	3	3	26	0.333333	9	0.0549451	FALSE	NA	NA	NA	NA	NA	NA
NC_045512.2	24368	G	C	3	3	27	2	2	23	0.222222	9	0.128205	FALSE	NA	NA	NA	NA	NA	NA
NC_045512.2	24368	G	A	3	3	27	1	1	27	0.111111	9	0.333333	FALSE	NA	NA	NA	NA	NA	NA
NC_045512.2	24369	A	T	4	4	26	3	3	27	0.375	8	0.0961538	FALSE	NA	NA	NA	NA	NA	NA
NC_045512.2	24369	A	G	4	4	26	1	1	28	0.125	8	0.416667	FALSE	NA	NA	NA	NA	NA	NA
NC_045512.2	24370	C	T	3	3	28	1	1	22	0.125	8	0.363636	FALSE	NA	NA	NA	NA	NA	NA
NC_045512.2	24370	C	G	3	3	28	1	1	27	0.125	8	0.363636	FALSE	NA	NA	NA	NA	NA	NA
NC_045512.2	24370	C	A	3	3	28	3	3	25	0.375	8	0.0699301	FALSE	NA	NA	NA	NA	NA	NA
NC_045512.2	24371	T	C	5	5	26	2	2	25	0.222222	9	0.2	FALSE	NA	NA	NA	NA	NA	NA
NC_045512.2	24371	T	A	5	5	26	2	2	24	0.222222	9	0.2	FALSE	NA	NA	NA	NA	NA	NA
NC_045512.2	24372	C	T	3	3	27	3	3	26	0.375	8	0.0699301	FALSE	NA	NA	NA	NA	NA	NA
NC_045512.2	24372	C	G	3	3	27	1	1	23	0.125	8	0.363636	FALSE	NA	NA	NA	NA	NA	NA
NC_045512.2	24372	C	A	3	3	27	1	1	23	0.125	8	0.363636	FALSE	NA	NA	NA	NA	NA	NA
NC_045512.2	24373	A	T	1	1	27	1	1	20	0.333333	3	0.5	FALSE	NA	NA	NA	NA	NA	NA
NC_045512.2	24373	A	G	1	1	27	1	1	23	0.333333	3	0.5	FALSE	NA	NA	NA	NA	NA	NA
NC_045512.2	24374	C	T	1	1	27	1	1	27	0.333333	3	0.5	FALSE	NA	NA	NA	NA	NA	NA
NC_045512.2	24374	C	G	1	1	27	1	1	31	0.333333	3	0.5	FALSE	NA	NA	NA	NA	NA	NA
NC_045512.2	24376	T	G	1	1	27	1	1	27	0.333333	3	0.5	FALSE	NA	NA	NA	NA	NA	NA
NC_045512.2	24376	T	A	1	1	27	1	1	32	0.333333	3	0.5	FALSE	NA	NA	NA	NA	NA	NA
NC_045512.2	24377	T	C	2	2	26	1	1	27	0.333333	3	0.6	FALSE	NA	NA	NA	NA	NA	NA
NC_045512.2	24378	C	T	1	1	27	2	2	25	0.666667	3	0.3	FALSE	NA	NA	NA	NA	NA	NA
NC_045512.2	24379	T	G	1	1	24	1	1	23	0.333333	3	0.5	FALSE	NA	NA	NA	NA	NA	NA
NC_045512.2	24379	T	A	1	1	24	1	1	22	0.333333	3	0.5	FALSE	NA	NA	NA	NA	NA	NA
NC_045512.2	24380	T	G	2	2	24	1	1	27	0.333333	3	0.6	FALSE	NA	NA	NA	NA	NA	NA
NC_045512.2	24381	C	G	1	1	23	1	1	30	0.333333	3	0.5	FALSE	NA	NA	NA	NA	NA	NA
NC_045512.2	24381	C	A	1	1	23	1	1	27	0.333333	3	0.5	FALSE	NA	NA	NA	NA	NA	NA
NC_045512.2	24382	C	G	2	2	27	1	1	27	0.333333	3	0.6	FALSE	NA	NA	NA	NA	NA	NA
NC_045512.2	24383	A	T	1	1	28	1	1	21	0.5	2	0.666667	FALSE	NA	NA	NA	NA	NA	NA
NC_045512.2	24384	C	T	1	1	28	1	1	25	0.333333	3	0.5	FALSE	NA	NA	NA	NA	NA	NA
NC_045512.2	24384	C	A	1	1	28	1	1	27	0.333333	3	0.5	FALSE	NA	NA	NA	NA	NA	NA
NC_045512.2	24386	G	T	1	1	28	1	1	23	0.333333	3	0.5	FALSE	NA	NA	NA	NA	NA	NA
NC_045512.2	24386	G	C	1	1	28	1	1	26	0.333333	3	0.5	FALSE	NA	NA	NA	NA	NA	NA
NC_045512.2	24386	G	-C	1	1	28	1	0	20	0.333333	3	0.5	FALSE	NA	NA	NA	NA	NA	NA
NC_045512.2	24387	C	A	1	1	28	1	1	27	0.5	2	0.5	FALSE	NA	NA	NA	NA	NA	NA
NC_045512.2	24388	A	G	1	1	24	1	1	23	0.333333	3	0.5	FALSE	NA	NA	NA	NA	NA	NA
NC_045512.2	24388	A	C	1	1	24	1	1	24	0.333333	3	0.5	FALSE	NA	NA	NA	NA	NA	NA
NC_045512.2	24389	A	C	2	2	25	1	1	23	0.333333	3	0.6	FALSE	NA	NA	NA	NA	NA	NA
NC_045512.2	24390	G	T	2	2	25	1	1	22	0.333333	3	0.6	FALSE	NA	NA	NA	NA	NA	NA
NC_045512.2	24391	T	A	2	2	28	1	1	23	0.333333	3	0.6	FALSE	NA	NA	NA	NA	NA	NA
NC_045512.2	24392	G	A	1	1	28	2	2	28	0.666667	3	0.3	FALSE	NA	NA	NA	NA	NA	NA
NC_045512.2	24393	C	T	1	1	29	2	2	28	0.666667	3	0.3	FALSE	NA	NA	NA	NA	NA	NA
NC_045512.2	24394	A	G	2	2	27	1	1	28	0.333333	3	0.6	FALSE	NA	NA	NA	NA	NA	NA
NC_045512.2	24395	C	T	1	1	27	1	1	23	0.333333	3	0.5	FALSE	NA	NA	NA	NA	NA	NA
NC_045512.2	24395	C	G	1	1	27	1	1	23	0.333333	3	0.5	FALSE	NA	NA	NA	NA	NA	NA
NC_045512.2	24396	T	G	2	2	25	1	1	28	0.333333	3	0.6	FALSE	NA	NA	NA	NA	NA	NA
NC_045512.2	24397	T	C	3	2	24	1	1	29	0.25	4	0.571429	FALSE	NA	NA	NA	NA	NA	NA
NC_045512.2	24398	G	T	2	1	24	2	2	30	0.5	4	0.285714	FALSE	NA	NA	NA	NA	NA	NA
NC_045512.2	24399	G	T	1	1	26	1	1	28	0.333333	3	0.5	FALSE	NA	NA	NA	NA	NA	NA
NC_045512.2	24399	G	C	1	1	26	1	1	23	0.333333	3	0.5	FALSE	NA	NA	NA	NA	NA	NA
NC_045512.2	24400	A	T	2	1	23	1	1	23	0.333333	3	0.6	FALSE	NA	NA	NA	NA	NA	NA
NC_045512.2	24402	A	T	2	1	25	2	2	28	0.5	4	0.285714	FALSE	NA	NA	NA	NA	NA	NA
NC_045512.2	24403	A	G	1	1	26	2	2	25	0.666667	3	0.3	FALSE	NA	NA	NA	NA	NA	NA
NC_045512.2	24404	C	G	2	1	25	1	1	29	0.25	4	0.5	FALSE	NA	NA	NA	NA	NA	NA
NC_045512.2	24404	C	A	2	1	25	1	1	28	0.25	4	0.5	FALSE	NA	NA	NA	NA	NA	NA
NC_045512.2	24405	T	G	3	2	26	1	1	28	0.25	4	0.571429	FALSE	NA	NA	NA	NA	NA	NA
NC_045512.2	24406	T	A	2	1	25	2	2	25	0.5	4	0.285714	FALSE	NA	NA	NA	NA	NA	NA
NC_045512.2	24407	C	T	106	13	27	1	1	22	0.00925926	108	0.751174	FALSE	NA	NA	NA	NA	NA	NA
NC_045512.2	24407	C	A	106	13	27	1	1	29	0.00925926	108	0.751174	FALSE	NA	NA	NA	NA	NA	NA
NC_045512.2	24408	A	T	102	9	27	1	1	30	0.00961538	104	0.5	FALSE	NA	NA	NA	NA	NA	NA
NC_045512.2	24408	A	C	102	9	27	1	1	23	0.00961538	104	0.75122	FALSE	NA	NA	NA	NA	NA	NA
NC_045512.2	24409	A	G	103	13	24	1	1	23	0.00952381	105	0.751208	FALSE	NA	NA	NA	NA	NA	NA
NC_045512.2	24409	A	C	103	13	24	1	1	28	0.00952381	105	0.751208	FALSE	NA	NA	NA	NA	NA	NA
NC_045512.2	24412	T	G	107	13	26	1	1	26	0.00909091	110	0.748848	FALSE	NA	NA	NA	NA	NA	NA
NC_045512.2	24412	T	C	107	13	26	1	0	28	0.00909091	110	0.748848	FALSE	NA	NA	NA	NA	NA	NA
NC_045512.2	24412	T	A	107	13	26	1	1	27	0.00909091	110	0.748848	FALSE	NA	NA	NA	NA	NA	NA
NC_045512.2	24413	G	T	109	13	26	1	1	21	0.00900901	111	0.751142	FALSE	NA	NA	NA	NA	NA	NA
NC_045512.2	24413	G	A	109	13	26	1	1	28	0.00900901	111	0.751142	FALSE	NA	NA	NA	NA	NA	NA
NC_045512.2	24414	T	C	111	14	26	1	0	28	0.00884956	113	0.751121	FALSE	NA	NA	NA	NA	NA	NA
NC_045512.2	24414	T	A	111	14	26	1	1	27	0.00884956	113	0.751121	FALSE	NA	NA	NA	NA	NA	NA
NC_045512.2	24415	G	T	111	13	27	1	1	21	0.00884956	113	0.751121	FALSE	NA	NA	NA	NA	NA	NA
NC_045512.2	24415	G	A	111	13	27	1	1	26	0.00884956	113	0.751121	FALSE	NA	NA	NA	NA	NA	NA
NC_045512.2	24416	G	T	105	13	23	1	1	26	0.00934579	107	0.751185	FALSE	NA	NA	NA	NA	NA	NA
NC_045512.2	24416	G	C	105	13	23	1	1	27	0.00934579	107	0.751185	FALSE	NA	NA	NA	NA	NA	NA
NC_045512.2	24417	T	G	111	13	27	1	1	28	0.00884956	113	0.751121	FALSE	NA	NA	NA	NA	NA	NA
NC_045512.2	24417	T	A	111	13	27	1	1	27	0.00884956	113	0.751121	FALSE	NA	NA	NA	NA	NA	NA
NC_045512.2	24418	C	A	112	14	26	1	1	26	0.00884956	113	0.753333	FALSE	NA	NA	NA	NA	NA	NA
NC_045512.2	24419	A	C	112	14	26	1	1	26	0.00884956	113	0.753333	FALSE	NA	NA	NA	NA	NA	NA
NC_045512.2	24420	A	T	103	13	23	1	1	26	0.00952381	105	0.751208	FALSE	NA	NA	NA	NA	NA	NA
NC_045512.2	24420	A	G	103	13	23	1	1	25	0.00952381	105	0.751208	FALSE	NA	NA	NA	NA	NA	NA
NC_045512.2	24421	C	G	110	12	27	1	1	25	0.00892857	112	0.751131	FALSE	NA	NA	NA	NA	NA	NA
NC_045512.2	24421	C	A	110	12	27	1	1	28	0.00892857	112	0.751131	FALSE	NA	NA	NA	NA	NA	NA
NC_045512.2	24422	C	G	78	14	23	1	1	28	0.0126582	79	0.503185	FALSE	NA	NA	NA	NA	NA	NA
NC_045512.2	24423	A	C	112	14	25	1	1	28	0.00884956	113	0.753333	FALSE	NA	NA	NA	NA	NA	NA
NC_045512.2	24424	A	T	1	1	22	112	14	25	0.99115	113	4.42768e-63	TRUE	NA	NA	NA	NA	NA	NA
NC_045512.2	24425	A	G	110	12	26	1	1	26	0.00900901	111	0.753394	FALSE	NA	NA	NA	NA	NA	NA
NC_045512.2	24426	A	T	105	13	23	1	1	23	0.00943396	106	0.753555	FALSE	NA	NA	NA	NA	NA	NA
NC_045512.2	24427	T	G	111	13	27	1	1	22	0.00892857	112	0.753363	FALSE	NA	NA	NA	NA	NA	NA
NC_045512.2	24429	C	T	111	13	27	1	1	26	0.00892857	112	0.753363	FALSE	NA	NA	NA	NA	NA	NA
NC_045512.2	24430	A	C	111	13	27	1	1	27	0.00892857	112	0.753363	FALSE	NA	NA	NA	NA	NA	NA
NC_045512.2	24431	C	A	110	12	27	1	1	23	0.00900901	111	0.753394	FALSE	NA	NA	NA	NA	NA	NA
NC_045512.2	24433	A	C	106	13	24	1	1	21	0.00934579	107	0.753521	FALSE	NA	NA	NA	NA	NA	NA
NC_045512.2	24434	G	C	111	13	27	1	1	27	0.00892857	112	0.753363	FALSE	NA	NA	NA	NA	NA	NA
NC_045512.2	24435	C	A	111	13	26	1	1	27	0.00892857	112	0.753363	FALSE	NA	NA	NA	NA	NA	NA
NC_045512.2	24438	T	A	83	13	22	1	1	27	0.0119048	84	0.502994	FALSE	NA	NA	NA	NA	NA	NA
NC_045512.2	24439	A	T	107	9	26	1	1	27	0.00925926	108	0.753488	FALSE	NA	NA	NA	NA	NA	NA
NC_045512.2	24440	A	G	110	12	28	1	1	24	0.00900901	111	0.753394	FALSE	NA	NA	NA	NA	NA	NA
NC_045512.2	24441	A	G	95	12	23	3	0	27	0.030303	99	0.123077	FALSE	NA	NA	NA	NA	NA	NA
NC_045512.2	24441	A	C	95	12	23	1	1	25	0.010101	99	0.494845	FALSE	NA	NA	NA	NA	NA	NA
NC_045512.2	24442	C	A	110	12	27	1	1	25	0.00900901	111	0.753394	FALSE	NA	NA	NA	NA	NA	NA
NC_045512.2	24443	A	C	110	12	27	1	1	25	0.00900901	111	0.753394	FALSE	NA	NA	NA	NA	NA	NA
NC_045512.2	24444	C	A	110	12	27	1	1	21	0.00900901	111	0.753394	FALSE	NA	NA	NA	NA	NA	NA
NC_045512.2	24445	G	A	110	12	27	1	1	27	0.00900901	111	0.753394	FALSE	NA	NA	NA	NA	NA	NA
NC_045512.2	24446	C	G	110	12	27	1	1	25	0.00900901	111	0.753394	FALSE	NA	NA	NA	NA	NA	NA
NC_045512.2	24447	T	C	110	12	28	1	1	25	0.00900901	111	0.753394	FALSE	NA	NA	NA	NA	NA	NA
NC_045512.2	24449	G	T	110	12	27	1	1	28	0.00900901	111	0.753394	FALSE	NA	NA	NA	NA	NA	NA
NC_045512.2	24451	T	A	106	12	23	1	1	20	0.00934579	107	0.753521	FALSE	NA	NA	NA	NA	NA	NA
NC_045512.2	24453	A	C	114	13	28	1	1	21	0.00869565	115	0.753275	FALSE	NA	NA	NA	NA	NA	NA
NC_045512.2	24454	A	G	107	12	23	1	0	24	0.00917431	109	0.751163	FALSE	NA	NA	NA	NA	NA	NA
NC_045512.2	24454	A	C	107	12	23	1	1	26	0.00917431	109	0.751163	FALSE	NA	NA	NA	NA	NA	NA
NC_045512.2	24455	C	A	113	12	27	2	2	27	0.0173913	115	0.50329	FALSE	NA	NA	NA	NA	NA	NA
NC_045512.2	24456	A	G	109	11	26	4	1	25	0.0350877	114	0.184704	FALSE	NA	NA	NA	NA	NA	NA
NC_045512.2	24456	A	C	109	11	26	1	1	27	0.00877193	114	0.744354	FALSE	NA	NA	NA	NA	NA	NA
NC_045512.2	24457	A	G	105	13	24	1	1	23	0.00943396	106	0.753555	FALSE	NA	NA	NA	NA	NA	NA
NC_045512.2	24458	C	T	114	13	26	1	1	26	0.00869565	115	0.753275	FALSE	NA	NA	NA	NA	NA	NA
NC_045512.2	24459	T	G	110	11	27	1	1	26	0.00884956	113	0.748879	FALSE	NA	NA	NA	NA	NA	NA
NC_045512.2	24459	T	C	110	11	27	2	0	23	0.0176991	113	0.5	FALSE	NA	NA	NA	NA	NA	NA
NC_045512.2	24461	A	G	112	12	27	3	2	26	0.026087	115	0.314141	FALSE	NA	NA	NA	NA	NA	NA
NC_045512.2	24462	G	T	114	13	26	1	1	22	0.00869565	115	0.753275	FALSE	NA	NA	NA	NA	NA	NA
NC_045512.2	24463	C	T	113	12	26	2	2	27	0.0173913	115	0.50329	FALSE	NA	NA	NA	NA	NA	NA
NC_045512.2	24464	T	C	113	12	26	1	1	27	0.00869565	115	0.751101	FALSE	NA	NA	NA	NA	NA	NA
NC_045512.2	24464	T	A	113	12	26	1	1	23	0.00869565	115	0.751101	FALSE	NA	NA	NA	NA	NA	NA
NC_045512.2	24465	C	A	121	10	26	2	2	24	0.0162602	123	0.503074	FALSE	NA	NA	NA	NA	NA	NA
NC_045512.2	24466	C	A	110	12	23	2	2	26	0.0178571	112	0.503378	FALSE	NA	NA	NA	NA	NA	NA
NC_045512.2	24466	C	+A	110	12	23	6	0	20	0.0535714	112	0.0669867	FALSE	NA	NA	NA	NA	NA	NA
NC_045512.2	24467	A	C	120	9	26	1	1	27	0.00826446	121	0.753112	FALSE	NA	NA	NA	NA	NA	NA
NC_045512.2	24468	A	G	123	13	28	1	0	25	0.008	125	0.751012	FALSE	NA	NA	NA	NA	NA	NA
NC_045512.2	24468	A	C	123	13	28	1	1	28	0.008	125	0.751012	FALSE	NA	NA	NA	NA	NA	NA
NC_045512.2	24469	T	A	0	0	0	95	14	23	1	95	2.20465e-56	TRUE	NA	NA	NA	NA	NA	NA
NC_045512.2	24470	T	C	122	11	26	1	1	27	0.00813008	123	0.753061	FALSE	NA	NA	NA	NA	NA	NA
NC_045512.2	24472	T	C	107	13	22	1	0	28	0.00917431	109	0.751163	FALSE	NA	NA	NA	NA	NA	NA
NC_045512.2	24472	T	A	107	13	22	1	1	27	0.00917431	109	0.751163	FALSE	NA	NA	NA	NA	NA	NA
NC_045512.2	24473	G	T	121	9	27	1	1	27	0.00813008	123	0.751029	FALSE	NA	NA	NA	NA	NA	NA
NC_045512.2	24473	G	A	121	9	27	1	1	25	0.00813008	123	0.751029	FALSE	NA	NA	NA	NA	NA	NA
NC_045512.2	24475	T	C	124	12	27	2	2	26	0.015873	126	0.503	FALSE	NA	NA	NA	NA	NA	NA
NC_045512.2	24476	G	T	124	12	27	1	1	26	0.00793651	126	0.751004	FALSE	NA	NA	NA	NA	NA	NA
NC_045512.2	24476	G	A	124	12	27	1	1	27	0.00793651	126	0.751004	FALSE	NA	NA	NA	NA	NA	NA
NC_045512.2	24478	A	G	123	12	27	1	0	26	0.008	125	0.751012	FALSE	NA	NA	NA	NA	NA	NA
NC_045512.2	24478	A	C	123	12	27	1	1	26	0.008	125	0.751012	FALSE	NA	NA	NA	NA	NA	NA
NC_045512.2	24480	T	G	123	11	27	1	1	25	0.00793651	126	0.748996	FALSE	NA	NA	NA	NA	NA	NA
NC_045512.2	24480	T	C	123	11	27	1	1	27	0.00793651	126	0.748996	FALSE	NA	NA	NA	NA	NA	NA
NC_045512.2	24480	T	A	123	11	27	1	1	26	0.00793651	126	0.748996	FALSE	NA	NA	NA	NA	NA	NA
NC_045512.2	24481	T	C	124	12	28	3	3	25	0.0232558	129	0.308068	FALSE	NA	NA	NA	NA	NA	NA
NC_045512.2	24481	T	A	124	12	28	2	2	23	0.0155039	129	0.494071	FALSE	NA	NA	NA	NA	NA	NA
NC_045512.2	24482	T	C	114	13	23	1	1	27	0.00862069	116	0.751092	FALSE	NA	NA	NA	NA	NA	NA
NC_045512.2	24482	T	A	114	13	23	1	1	27	0.00862069	116	0.751092	FALSE	NA	NA	NA	NA	NA	NA
NC_045512.2	24483	C	T	124	12	27	2	2	27	0.0155039	129	0.494071	FALSE	NA	NA	NA	NA	NA	NA
NC_045512.2	24483	C	G	124	12	27	1	1	27	0.00775194	129	0.745028	FALSE	NA	NA	NA	NA	NA	NA
NC_045512.2	24483	C	A	124	12	27	2	2	24	0.0155039	129	0.494071	FALSE	NA	NA	NA	NA	NA	NA
NC_045512.2	24484	A	T	125	14	27	2	2	26	0.0153846	130	0.494118	FALSE	NA	NA	NA	NA	NA	NA
NC_045512.2	24484	A	G	125	14	27	3	2	25	0.0230769	130	0.308103	FALSE	NA	NA	NA	NA	NA	NA
NC_045512.2	24485	A	T	122	15	23	2	2	27	0.015873	126	0.496976	FALSE	NA	NA	NA	NA	NA	NA
NC_045512.2	24485	A	G	122	15	23	1	1	26	0.00793651	126	0.746964	FALSE	NA	NA	NA	NA	NA	NA
NC_045512.2	24485	A	C	122	15	23	1	1	28	0.00793651	126	0.746964	FALSE	NA	NA	NA	NA	NA	NA
NC_045512.2	24486	G	T	127	15	27	2	2	26	0.0150376	133	0.491346	FALSE	NA	NA	NA	NA	NA	NA
NC_045512.2	24486	G	C	127	15	27	1	1	20	0.0075188	133	0.743214	FALSE	NA	NA	NA	NA	NA	NA
NC_045512.2	24486	G	A	127	15	27	3	3	25	0.0225564	133	0.30533	FALSE	NA	NA	NA	NA	NA	NA
NC_045512.2	24487	T	G	127	15	27	3	3	28	0.0227273	132	0.30817	FALSE	NA	NA	NA	NA	NA	NA
NC_045512.2	24487	T	A	127	15	27	2	2	27	0.0151515	132	0.494208	FALSE	NA	NA	NA	NA	NA	NA
NC_045512.2	24488	G	T	128	16	26	2	2	28	0.0150376	133	0.494253	FALSE	NA	NA	NA	NA	NA	NA
NC_045512.2	24488	G	C	128	16	26	1	1	27	0.0075188	133	0.745181	FALSE	NA	NA	NA	NA	NA	NA
NC_045512.2	24488	G	A	128	16	26	2	2	22	0.0150376	133	0.494253	FALSE	NA	NA	NA	NA	NA	NA
NC_045512.2	24489	T	G	99	7	26	4	4	23	0.0373832	107	0.175634	FALSE	NA	NA	NA	NA	NA	NA
NC_045512.2	24489	T	C	99	7	26	1	1	27	0.00934579	107	0.736443	FALSE	NA	NA	NA	NA	NA	NA
NC_045512.2	24489	T	A	99	7	26	3	3	28	0.0280374	107	0.296325	FALSE	NA	NA	NA	NA	NA	NA
NC_045512.2	24490	T	G	105	14	27	3	3	26	0.0267857	112	0.300519	FALSE	NA	NA	NA	NA	NA	NA
NC_045512.2	24490	T	C	105	14	27	1	1	27	0.00892857	112	0.739503	FALSE	NA	NA	NA	NA	NA	NA
NC_045512.2	24490	T	A	105	14	27	3	3	25	0.0267857	112	0.300519	FALSE	NA	NA	NA	NA	NA	NA
NC_045512.2	24491	T	G	106	15	27	3	3	27	0.0267857	112	0.303958	FALSE	NA	NA	NA	NA	NA	NA
NC_045512.2	24491	T	C	106	15	27	1	1	28	0.00892857	112	0.741893	FALSE	NA	NA	NA	NA	NA	NA
NC_045512.2	24491	T	A	106	15	27	2	2	30	0.0178571	112	0.242051	FALSE	NA	NA	NA	NA	NA	NA
NC_045512.2	24492	T	G	58	15	22	1	1	22	0.015625	64	0.483607	FALSE	NA	NA	NA	NA	NA	NA
NC_045512.2	24492	T	C	58	15	22	4	4	26	0.0625	64	0.057561	FALSE	NA	NA	NA	NA	NA	NA
NC_045512.2	24492	T	A	58	15	22	1	1	23	0.015625	64	0.483607	FALSE	NA	NA	NA	NA	NA	NA
NC_045512.2	24493	A	T	99	10	26	4	4	24	0.0380952	105	0.181439	FALSE	NA	NA	NA	NA	NA	NA
NC_045512.2	24493	A	G	99	10	26	1	1	23	0.00952381	105	0.741331	FALSE	NA	NA	NA	NA	NA	NA
NC_045512.2	24493	A	C	99	10	26	1	1	29	0.00952381	105	0.741331	FALSE	NA	NA	NA	NA	NA	NA
NC_045512.2	24494	A	T	104	15	28	3	3	28	0.0275229	109	0.307239	FALSE	NA	NA	NA	NA	NA	NA
NC_045512.2	24494	A	G	104	15	28	1	1	26	0.00917431	109	0.744087	FALSE	NA	NA	NA	NA	NA	NA
NC_045512.2	24494	A	C	104	15	28	1	1	22	0.00917431	109	0.744087	FALSE	NA	NA	NA	NA	NA	NA
NC_045512.2	24495	A	T	95	13	22	1	1	25	0.00943396	106	0.728358	FALSE	NA	NA	NA	NA	NA	NA
NC_045512.2	24495	A	G	95	13	22	3	2	26	0.0283019	106	0.285104	FALSE	NA	NA	NA	NA	NA	NA
NC_045512.2	24495	A	C	95	13	22	7	7	26	0.0660377	106	0.0296035	FALSE	NA	NA	NA	NA	NA	NA
NC_045512.2	24496	T	C	100	13	27	5	4	25	0.0458716	109	0.0996452	FALSE	NA	NA	NA	NA	NA	NA
NC_045512.2	24496	T	A	100	13	27	4	4	23	0.0366972	109	0.172952	FALSE	NA	NA	NA	NA	NA	NA
NC_045512.2	24497	G	T	100	12	27	2	2	27	0.018018	111	0.471577	FALSE	NA	NA	NA	NA	NA	NA
NC_045512.2	24497	G	C	100	12	27	2	2	25	0.018018	111	0.471577	FALSE	NA	NA	NA	NA	NA	NA
NC_045512.2	24497	G	A	100	12	27	7	7	24	0.0630631	111	0.0298479	FALSE	NA	NA	NA	NA	NA	NA
NC_045512.2	24498	A	T	104	16	27	2	2	25	0.0183486	109	0.492958	FALSE	NA	NA	NA	NA	NA	NA
NC_045512.2	24498	A	G	104	16	27	3	3	24	0.0275229	109	0.307239	FALSE	NA	NA	NA	NA	NA	NA
NC_045512.2	24499	T	C	102	14	28	2	2	23	0.0178571	112	0.475475	FALSE	NA	NA	NA	NA	NA	NA
NC_045512.2	24499	T	A	102	14	28	8	8	23	0.0714286	112	0.0170576	FALSE	NA	NA	NA	NA	NA	NA
NC_045512.2	24500	A	T	103	16	28	5	5	25	0.0454545	110	0.10398	FALSE	NA	NA	NA	NA	NA	NA
NC_045512.2	24500	A	G	103	16	28	1	1	27	0.00909091	110	0.739304	FALSE	NA	NA	NA	NA	NA	NA
NC_045512.2	24500	A	C	103	16	28	1	1	28	0.00909091	110	0.739304	FALSE	NA	NA	NA	NA	NA	NA
NC_045512.2	24501	T	G	101	14	28	5	5	25	0.045045	111	0.0977342	FALSE	NA	NA	NA	NA	NA	NA
NC_045512.2	24501	T	C	101	14	28	2	2	25	0.018018	111	0.475244	FALSE	NA	NA	NA	NA	NA	NA
NC_045512.2	24501	T	A	101	14	28	3	3	27	0.027027	111	0.289905	FALSE	NA	NA	NA	NA	NA	NA
NC_045512.2	24502	C	T	100	13	28	6	6	26	0.0535714	112	0.0524232	FALSE	NA	NA	NA	NA	NA	NA
NC_045512.2	24502	C	G	100	13	28	4	4	27	0.0357143	112	0.164886	FALSE	NA	NA	NA	NA	NA	NA
NC_045512.2	24502	C	A	100	13	28	2	2	25	0.0178571	112	0.468179	FALSE	NA	NA	NA	NA	NA	NA
NC_045512.2	24503	C	T	78	14	24	2	2	26	0.0227273	88	0.227978	FALSE	NA	NA	NA	NA	NA	NA
NC_045512.2	24503	C	G	78	14	24	4	4	23	0.0454545	88	0.0533329	FALSE	NA	NA	NA	NA	NA	NA
NC_045512.2	24503	C	A	78	14	24	4	4	26	0.0454545	88	0.0533329	FALSE	NA	NA	NA	NA	NA	NA
NC_045512.2	24504	T	G	82	10	26	3	3	27	0.0315789	95	0.105082	FALSE	NA	NA	NA	NA	NA	NA
NC_045512.2	24504	T	C	82	10	26	5	3	25	0.0526316	95	0.0241322	FALSE	NA	NA	NA	NA	NA	NA
NC_045512.2	24504	T	A	82	10	26	5	5	25	0.0526316	95	0.0241322	FALSE	NA	NA	NA	NA	NA	NA
NC_045512.2	24505	T	G	91	17	27	1	1	27	0.0102041	98	0.486772	FALSE	NA	NA	NA	NA	NA	NA
NC_045512.2	24505	T	C	91	17	27	2	2	27	0.0204082	98	0.238262	FALSE	NA	NA	NA	NA	NA	NA
NC_045512.2	24505	T	A	91	17	27	4	4	24	0.0408163	98	0.0580193	FALSE	NA	NA	NA	NA	NA	NA
NC_045512.2	24506	T	G	73	15	23	1	1	27	0.0120482	83	0.474359	FALSE	NA	NA	NA	NA	NA	NA
NC_045512.2	24506	T	C	73	15	23	4	4	27	0.0481928	83	0.052786	FALSE	NA	NA	NA	NA	NA	NA
NC_045512.2	24506	T	A	73	15	23	5	5	24	0.060241	83	0.0257332	FALSE	NA	NA	NA	NA	NA	NA
NC_045512.2	24507	C	G	88	14	26	3	3	24	0.030303	99	0.109702	FALSE	NA	NA	NA	NA	NA	NA
NC_045512.2	24507	C	A	88	14	26	8	8	24	0.0808081	99	0.00308432	TRUE	NA	NA	NA	NA	NA	NA
NC_045512.2	24508	A	T	90	17	27	2	2	23	0.020202	99	0.233138	FALSE	NA	NA	NA	NA	NA	NA
NC_045512.2	24508	A	G	90	17	27	5	4	27	0.0505051	99	0.0273562	FALSE	NA	NA	NA	NA	NA	NA
NC_045512.2	24508	A	C	90	17	27	2	2	25	0.020202	99	0.233138	FALSE	NA	NA	NA	NA	NA	NA
NC_045512.2	24509	C	T	92	19	26	4	3	25	0.040404	99	0.0580647	FALSE	NA	NA	NA	NA	NA	NA
NC_045512.2	24509	C	G	92	19	26	2	2	27	0.020202	99	0.238384	FALSE	NA	NA	NA	NA	NA	NA
NC_045512.2	24509	C	A	92	19	26	1	1	24	0.010101	99	0.486911	FALSE	NA	NA	NA	NA	NA	NA
NC_045512.2	24510	G	T	86	12	27	4	4	24	0.040404	99	0.0506933	FALSE	NA	NA	NA	NA	NA	NA
NC_045512.2	24510	G	C	86	12	27	7	7	27	0.0707071	99	0.00575458	TRUE	NA	NA	NA	NA	NA	NA
NC_045512.2	24510	G	A	86	12	27	2	2	25	0.020202	99	0.222493	FALSE	NA	NA	NA	NA	NA	NA
NC_045512.2	24511	T	G	91	17	27	1	1	25	0.010101	99	0.484211	FALSE	NA	NA	NA	NA	NA	NA
NC_045512.2	24511	T	C	91	17	27	1	1	24	0.010101	99	0.484211	FALSE	NA	NA	NA	NA	NA	NA
NC_045512.2	24511	T	A	91	17	27	6	6	25	0.0606061	99	0.0139857	FALSE	NA	NA	NA	NA	NA	NA
NC_045512.2	24512	C	T	87	13	27	6	6	27	0.0606061	99	0.0122368	FALSE	NA	NA	NA	NA	NA	NA
NC_045512.2	24512	C	G	87	13	27	1	1	26	0.010101	99	0.473118	FALSE	NA	NA	NA	NA	NA	NA
NC_045512.2	24512	C	A	87	13	27	5	5	26	0.0505051	99	0.0251314	FALSE	NA	NA	NA	NA	NA	NA
NC_045512.2	24513	T	G	87	13	27	2	2	28	0.0204082	98	0.227608	FALSE	NA	NA	NA	NA	NA	NA
NC_045512.2	24513	T	C	87	13	27	2	2	23	0.0204082	98	0.227608	FALSE	NA	NA	NA	NA	NA	NA
NC_045512.2	24513	T	A	87	13	27	7	7	22	0.0714286	98	0.00621759	TRUE	NA	NA	NA	NA	NA	NA
NC_045512.2	24514	T	G	82	13	24	1	0	32	0.0105263	95	0.468927	FALSE	NA	NA	NA	NA	NA	NA
NC_045512.2	24514	T	C	82	13	24	3	3	26	0.0315789	95	0.105082	FALSE	NA	NA	NA	NA	NA	NA
NC_045512.2	24514	T	A	82	13	24	9	9	26	0.0947368	95	0.00136534	TRUE	NA	NA	NA	NA	NA	NA
NC_045512.2	24515	G	T	86	12	27	6	6	26	0.0606061	99	0.0118185	FALSE	NA	NA	NA	NA	NA	NA
NC_045512.2	24515	G	C	86	12	27	2	2	28	0.020202	99	0.222493	FALSE	NA	NA	NA	NA	NA	NA
NC_045512.2	24515	G	A	86	12	27	5	5	27	0.0505051	99	0.0244079	FALSE	NA	NA	NA	NA	NA	NA
NC_045512.2	24516	A	T	87	14	28	4	4	26	0.0412371	97	0.0541767	FALSE	NA	NA	NA	NA	NA	NA
NC_045512.2	24516	A	G	87	14	28	4	4	27	0.0412371	97	0.0541767	FALSE	NA	NA	NA	NA	NA	NA
NC_045512.2	24516	A	C	87	14	28	2	2	27	0.0206186	97	0.230082	FALSE	NA	NA	NA	NA	NA	NA
NC_045512.2	24517	C	T	92	18	27	4	4	27	0.04	100	0.171782	FALSE	NA	NA	NA	NA	NA	NA
NC_045512.2	24517	C	A	92	18	27	4	4	24	0.04	100	0.171782	FALSE	NA	NA	NA	NA	NA	NA
NC_045512.2	24518	A	T	93	19	27	2	2	25	0.020202	99	0.240987	FALSE	NA	NA	NA	NA	NA	NA
NC_045512.2	24518	A	G	93	19	27	2	2	25	0.020202	99	0.240987	FALSE	NA	NA	NA	NA	NA	NA
NC_045512.2	24518	A	C	93	19	27	2	2	27	0.020202	99	0.240987	FALSE	NA	NA	NA	NA	NA	NA
NC_045512.2	24519	A	T	88	15	29	1	1	25	0.0102041	98	0.478495	FALSE	NA	NA	NA	NA	NA	NA
NC_045512.2	24519	A	G	88	15	29	3	3	27	0.0306122	98	0.111471	FALSE	NA	NA	NA	NA	NA	NA
NC_045512.2	24519	A	C	88	15	29	6	6	26	0.0612245	98	0.0130711	FALSE	NA	NA	NA	NA	NA	NA
NC_045512.2	24520	A	T	82	17	23	2	2	26	0.021978	91	0.231613	FALSE	NA	NA	NA	NA	NA	NA
NC_045512.2	24520	A	G	82	17	23	4	4	25	0.043956	91	0.0549704	FALSE	NA	NA	NA	NA	NA	NA
NC_045512.2	24520	A	C	82	17	23	3	3	28	0.032967	91	0.112498	FALSE	NA	NA	NA	NA	NA	NA
NC_045512.2	24521	G	T	83	12	27	4	4	24	0.0412371	97	0.0492314	FALSE	NA	NA	NA	NA	NA	NA
NC_045512.2	24521	G	C	83	12	27	5	5	26	0.0515464	97	0.0235455	FALSE	NA	NA	NA	NA	NA	NA
NC_045512.2	24521	G	A	83	12	27	5	5	28	0.0515464	97	0.0235455	FALSE	NA	NA	NA	NA	NA	NA
NC_045512.2	24522	T	G	86	16	27	6	6	26	0.0618557	97	0.0126041	FALSE	NA	NA	NA	NA	NA	NA
NC_045512.2	24522	T	C	86	16	27	2	1	28	0.0206186	97	0.22737	FALSE	NA	NA	NA	NA	NA	NA
NC_045512.2	24522	T	A	86	16	27	3	3	26	0.0309278	97	0.109383	FALSE	NA	NA	NA	NA	NA	NA
NC_045512.2	24523	T	G	82	15	24	4	4	28	0.0430108	93	0.0525207	FALSE	NA	NA	NA	NA	NA	NA
NC_045512.2	24523	T	C	82	15	24	6	6	27	0.0645161	93	0.0124798	FALSE	NA	NA	NA	NA	NA	NA
NC_045512.2	24523	T	A	82	15	24	1	1	28	0.0107527	93	0.474286	FALSE	NA	NA	NA	NA	NA	NA
NC_045512.2	24524	G	T	85	14	27	7	7	23	0.0721649	97	0.00595577	TRUE	NA	NA	NA	NA	NA	NA
NC_045512.2	24524	G	C	85	14	27	3	3	26	0.0309278	97	0.107439	FALSE	NA	NA	NA	NA	NA	NA
NC_045512.2	24524	G	A	85	14	27	2	2	23	0.0206186	97	0.224644	FALSE	NA	NA	NA	NA	NA	NA
NC_045512.2	24525	A	T	86	15	27	8	8	26	0.0824742	97	0.00306836	TRUE	NA	NA	NA	NA	NA	NA
NC_045512.2	24525	A	G	86	15	27	1	1	24	0.0103093	97	0.47541	FALSE	NA	NA	NA	NA	NA	NA
NC_045512.2	24525	A	C	86	15	27	2	2	29	0.0206186	97	0.22737	FALSE	NA	NA	NA	NA	NA	NA
NC_045512.2	24526	G	T	84	14	26	8	8	26	0.0824742	97	0.00279691	TRUE	NA	NA	NA	NA	NA	NA
NC_045512.2	24526	G	A	84	14	26	5	4	26	0.0515464	97	0.0242727	FALSE	NA	NA	NA	NA	NA	NA
NC_045512.2	24527	G	T	73	14	24	4	4	28	0.047619	84	0.0514664	FALSE	NA	NA	NA	NA	NA	NA
NC_045512.2	24527	G	C	73	14	24	1	1	28	0.0119048	84	0.471338	FALSE	NA	NA	NA	NA	NA	NA
NC_045512.2	24527	G	A	73	14	24	6	5	26	0.0714286	84	0.0121592	FALSE	NA	NA	NA	NA	NA	NA
NC_045512.2	24528	C	T	85	14	26	3	3	26	0.03125	96	0.109219	FALSE	NA	NA	NA	NA	NA	NA
NC_045512.2	24528	C	G	85	14	26	1	1	29	0.0104167	96	0.475138	FALSE	NA	NA	NA	NA	NA	NA
NC_045512.2	24528	C	A	85	14	26	7	7	27	0.0729167	96	0.0061861	TRUE	NA	NA	NA	NA	NA	NA
NC_045512.2	24529	T	C	85	15	28	5	4	26	0.0515464	97	0.0250097	FALSE	NA	NA	NA	NA	NA	NA
NC_045512.2	24529	T	A	85	15	28	7	7	25	0.0721649	97	0.00595577	TRUE	NA	NA	NA	NA	NA	NA
NC_045512.2	24530	G	T	82	12	27	3	3	28	0.0309278	97	0.101618	FALSE	NA	NA	NA	NA	NA	NA
NC_045512.2	24530	G	C	82	12	27	4	4	27	0.0412371	97	0.0480175	FALSE	NA	NA	NA	NA	NA	NA
NC_045512.2	24530	G	A	82	12	27	8	7	25	0.0824742	97	0.00254144	TRUE	NA	NA	NA	NA	NA	NA
NC_045512.2	24531	A	G	94	23	27	1	1	25	0.0103093	97	0.497382	FALSE	NA	NA	NA	NA	NA	NA
NC_045512.2	24531	A	C	94	23	27	2	2	26	0.0206186	97	0.248691	FALSE	NA	NA	NA	NA	NA	NA
NC_045512.2	24532	A	T	85	17	24	1	1	24	0.0106383	94	0.480447	FALSE	NA	NA	NA	NA	NA	NA
NC_045512.2	24532	A	G	85	17	24	1	1	26	0.0106383	94	0.480447	FALSE	NA	NA	NA	NA	NA	NA
NC_045512.2	24532	A	C	85	17	24	7	7	27	0.0744681	94	0.00667799	TRUE	NA	NA	NA	NA	NA	NA
NC_045512.2	24533	G	T	87	16	27	4	4	24	0.0412371	97	0.0541767	FALSE	NA	NA	NA	NA	NA	NA
NC_045512.2	24533	G	C	87	16	27	2	2	27	0.0206186	97	0.230082	FALSE	NA	NA	NA	NA	NA	NA
NC_045512.2	24533	G	A	87	16	27	4	4	27	0.0412371	97	0.0541767	FALSE	NA	NA	NA	NA	NA	NA
NC_045512.2	24534	T	G	88	17	27	1	1	26	0.0103093	97	0.481081	FALSE	NA	NA	NA	NA	NA	NA
NC_045512.2	24534	T	C	88	17	27	6	6	26	0.0618557	97	0.013495	FALSE	NA	NA	NA	NA	NA	NA
NC_045512.2	24534	T	A	88	17	27	2	2	26	0.0206186	97	0.232781	FALSE	NA	NA	NA	NA	NA	NA
NC_045512.2	24535	G	T	84	13	27	5	5	25	0.0531915	94	0.0263642	FALSE	NA	NA	NA	NA	NA	NA
NC_045512.2	24535	G	A	84	13	27	5	5	27	0.0531915	94	0.0263642	FALSE	NA	NA	NA	NA	NA	NA
NC_045512.2	24536	C	T	85	15	27	4	4	27	0.0416667	96	0.0528289	FALSE	NA	NA	NA	NA	NA	NA
NC_045512.2	24536	C	G	85	15	27	3	3	27	0.03125	96	0.109219	FALSE	NA	NA	NA	NA	NA	NA
NC_045512.2	24536	C	A	85	15	27	4	4	29	0.0416667	96	0.0528289	FALSE	NA	NA	NA	NA	NA	NA
NC_045512.2	24536	C	-A	85	15	27	1	0	20	0.0104167	96	0.475138	FALSE	NA	NA	NA	NA	NA	NA
NC_045512.2	24537	A	T	78	8	26	4	4	26	0.043956	91	0.0485284	FALSE	NA	NA	NA	NA	NA	NA
NC_045512.2	24537	A	G	78	8	26	6	6	27	0.0659341	91	0.0111113	FALSE	NA	NA	NA	NA	NA	NA
NC_045512.2	24537	A	C	78	8	26	3	3	29	0.032967	91	0.102383	FALSE	NA	NA	NA	NA	NA	NA
NC_045512.2	24538	A	T	82	12	27	7	7	25	0.0736842	95	0.00567475	TRUE	NA	NA	NA	NA	NA	NA
NC_045512.2	24538	A	G	82	12	27	2	2	25	0.0210526	95	0.221291	FALSE	NA	NA	NA	NA	NA	NA
NC_045512.2	24538	A	C	82	12	27	4	4	26	0.0421053	95	0.050206	FALSE	NA	NA	NA	NA	NA	NA
NC_045512.2	24539	A	T	74	13	23	7	7	25	0.0813953	86	0.00573559	TRUE	NA	NA	NA	NA	NA	NA
NC_045512.2	24539	A	G	74	13	23	1	1	28	0.0116279	86	0.46875	FALSE	NA	NA	NA	NA	NA	NA
NC_045512.2	24539	A	C	74	13	23	4	4	25	0.0465116	86	0.0503282	FALSE	NA	NA	NA	NA	NA	NA
NC_045512.2	24540	T	G	82	13	26	1	1	28	0.0111111	90	0.482558	FALSE	NA	NA	NA	NA	NA	NA
NC_045512.2	24540	T	C	82	13	26	3	3	28	0.0333333	90	0.11446	FALSE	NA	NA	NA	NA	NA	NA
NC_045512.2	24540	T	A	82	13	26	4	4	25	0.0444444	90	0.0562488	FALSE	NA	NA	NA	NA	NA	NA
NC_045512.2	24541	T	G	81	14	24	2	2	28	0.0215054	93	0.223514	FALSE	NA	NA	NA	NA	NA	NA
NC_045512.2	24541	T	C	81	14	24	3	3	25	0.0322581	93	0.106677	FALSE	NA	NA	NA	NA	NA	NA
NC_045512.2	24541	T	A	81	14	24	7	7	25	0.0752688	93	0.00588128	TRUE	NA	NA	NA	NA	NA	NA
NC_045512.2	24542	G	T	42	10	27	3	3	25	0.0555556	54	0.0932963	FALSE	NA	NA	NA	NA	NA	NA
NC_045512.2	24542	G	C	42	10	27	1	1	34	0.0185185	54	0.447917	FALSE	NA	NA	NA	NA	NA	NA
NC_045512.2	24542	G	A	42	10	27	8	8	24	0.148148	54	0.00225805	TRUE	NA	NA	NA	NA	NA	NA
NC_045512.2	24543	A	T	47	15	27	2	2	28	0.037037	54	0.228305	FALSE	NA	NA	NA	NA	NA	NA
NC_045512.2	24543	A	G	47	15	27	1	1	25	0.0185185	54	0.475248	FALSE	NA	NA	NA	NA	NA	NA
NC_045512.2	24543	A	C	47	15	27	4	4	24	0.0740741	54	0.0543482	FALSE	NA	NA	NA	NA	NA	NA
NC_045512.2	24544	T	G	43	11	27	1	1	25	0.0185185	54	0.453608	FALSE	NA	NA	NA	NA	NA	NA
NC_045512.2	24544	T	C	43	11	27	3	3	26	0.0555556	54	0.096781	FALSE	NA	NA	NA	NA	NA	NA
NC_045512.2	24544	T	A	43	11	27	7	7	24	0.12963	54	0.00504123	TRUE	NA	NA	NA	NA	NA	NA
NC_045512.2	24545	A	T	46	14	26	5	5	24	0.0909091	55	0.0243273	FALSE	NA	NA	NA	NA	NA	NA
NC_045512.2	24545	A	G	46	14	26	1	1	28	0.0181818	55	0.465347	FALSE	NA	NA	NA	NA	NA	NA
NC_045512.2	24545	A	C	46	14	26	3	3	26	0.0545455	55	0.104178	FALSE	NA	NA	NA	NA	NA	NA
NC_045512.2	24546	G	T	40	9	26	4	4	26	0.0769231	52	0.0426415	FALSE	NA	NA	NA	NA	NA	NA
NC_045512.2	24546	G	C	40	9	26	3	3	24	0.0576923	52	0.0920668	FALSE	NA	NA	NA	NA	NA	NA
NC_045512.2	24546	G	A	40	9	26	5	5	25	0.0961538	52	0.0199882	FALSE	NA	NA	NA	NA	NA	NA
NC_045512.2	24546	G	-G	40	9	26	1	0	20	0.0192308	52	0.445652	FALSE	NA	NA	NA	NA	NA	NA
NC_045512.2	24547	G	T	42	12	24	5	5	24	0.0980392	51	0.0225875	FALSE	NA	NA	NA	NA	NA	NA
NC_045512.2	24547	G	C	42	12	24	2	2	27	0.0392157	51	0.21187	FALSE	NA	NA	NA	NA	NA	NA
NC_045512.2	24547	G	A	42	12	24	2	2	28	0.0392157	51	0.21187	FALSE	NA	NA	NA	NA	NA	NA
NC_045512.2	24548	T	G	46	15	26	4	4	25	0.0754717	53	0.0541937	FALSE	NA	NA	NA	NA	NA	NA
NC_045512.2	24548	T	C	46	15	26	1	1	26	0.0188679	53	0.474747	FALSE	NA	NA	NA	NA	NA	NA
NC_045512.2	24548	T	A	46	15	26	2	2	25	0.0377358	53	0.227879	FALSE	NA	NA	NA	NA	NA	NA
NC_045512.2	24549	T	G	43	12	24	2	2	29	0.0384615	52	0.217105	FALSE	NA	NA	NA	NA	NA	NA
NC_045512.2	24549	T	C	43	12	24	2	2	26	0.0384615	52	0.217105	FALSE	NA	NA	NA	NA	NA	NA
NC_045512.2	24549	T	A	43	12	24	5	5	24	0.0961538	52	0.0239406	FALSE	NA	NA	NA	NA	NA	NA
NC_045512.2	24550	G	T	45	14	27	4	4	26	0.0754717	53	0.0518932	FALSE	NA	NA	NA	NA	NA	NA
NC_045512.2	24550	G	C	45	14	27	2	2	29	0.0377358	53	0.222841	FALSE	NA	NA	NA	NA	NA	NA
NC_045512.2	24550	G	A	45	14	27	2	2	27	0.0377358	53	0.222841	FALSE	NA	NA	NA	NA	NA	NA
NC_045512.2	24551	A	T	43	12	27	4	4	26	0.0740741	54	0.0454871	FALSE	NA	NA	NA	NA	NA	NA
NC_045512.2	24551	A	G	43	12	27	2	2	24	0.037037	54	0.20829	FALSE	NA	NA	NA	NA	NA	NA
NC_045512.2	24551	A	C	43	12	27	5	5	26	0.0925926	54	0.0216176	FALSE	NA	NA	NA	NA	NA	NA
NC_045512.2	24552	T	G	46	15	27	3	3	25	0.0566038	53	0.110555	FALSE	NA	NA	NA	NA	NA	NA
NC_045512.2	24552	T	C	46	15	27	2	2	27	0.0377358	53	0.227879	FALSE	NA	NA	NA	NA	NA	NA
NC_045512.2	24552	T	A	46	15	27	2	2	28	0.0377358	53	0.227879	FALSE	NA	NA	NA	NA	NA	NA
NC_045512.2	24553	C	T	44	13	27	4	4	25	0.0740741	54	0.047657	FALSE	NA	NA	NA	NA	NA	NA
NC_045512.2	24553	C	G	44	13	27	1	1	26	0.0185185	54	0.459184	FALSE	NA	NA	NA	NA	NA	NA
NC_045512.2	24553	C	A	44	13	27	5	5	26	0.0925926	54	0.0228941	FALSE	NA	NA	NA	NA	NA	NA
NC_045512.2	24554	A	T	42	11	27	4	4	27	0.0754717	53	0.0451751	FALSE	NA	NA	NA	NA	NA	NA
NC_045512.2	24554	A	G	42	11	27	3	3	27	0.0566038	53	0.0962425	FALSE	NA	NA	NA	NA	NA	NA
NC_045512.2	24554	A	C	42	11	27	4	4	26	0.0754717	53	0.0451751	FALSE	NA	NA	NA	NA	NA	NA
NC_045512.2	24555	C	T	43	12	27	4	4	25	0.0769231	52	0.0493774	FALSE	NA	NA	NA	NA	NA	NA
NC_045512.2	24555	C	G	43	12	27	2	2	28	0.0384615	52	0.217105	FALSE	NA	NA	NA	NA	NA	NA
NC_045512.2	24555	C	A	43	12	27	3	3	23	0.0576923	52	0.102957	FALSE	NA	NA	NA	NA	NA	NA
NC_045512.2	24556	A	T	45	14	26	5	5	26	0.0925926	54	0.024203	FALSE	NA	NA	NA	NA	NA	NA
NC_045512.2	24556	A	G	45	14	26	1	1	27	0.0185185	54	0.464646	FALSE	NA	NA	NA	NA	NA	NA
NC_045512.2	24556	A	C	45	14	26	3	3	26	0.0555556	54	0.103786	FALSE	NA	NA	NA	NA	NA	NA
NC_045512.2	24557	G	T	39	8	26	3	3	26	0.0576923	52	0.0884669	FALSE	NA	NA	NA	NA	NA	NA
NC_045512.2	24557	G	C	39	8	26	2	2	26	0.0384615	52	0.195891	FALSE	NA	NA	NA	NA	NA	NA
NC_045512.2	24557	G	A	39	8	26	8	8	25	0.153846	52	0.00199825	TRUE	NA	NA	NA	NA	NA	NA
NC_045512.2	24558	G	T	39	10	24	3	3	24	0.06	50	0.0944973	FALSE	NA	NA	NA	NA	NA	NA
NC_045512.2	24558	G	C	39	10	24	4	4	27	0.08	50	0.0441672	FALSE	NA	NA	NA	NA	NA	NA
NC_045512.2	24558	G	A	39	10	24	4	4	25	0.08	50	0.0441672	FALSE	NA	NA	NA	NA	NA	NA
NC_045512.2	24559	C	T	41	10	27	5	5	26	0.0943396	53	0.0201846	FALSE	NA	NA	NA	NA	NA	NA
NC_045512.2	24559	C	G	41	10	27	3	3	27	0.0566038	53	0.0926932	FALSE	NA	NA	NA	NA	NA	NA
NC_045512.2	24559	C	A	41	10	27	4	4	25	0.0754717	53	0.043002	FALSE	NA	NA	NA	NA	NA	NA
NC_045512.2	24560	A	T	42	12	27	9	9	24	0.166667	54	0.00110731	TRUE	NA	NA	NA	NA	NA	NA
NC_045512.2	24560	A	G	42	12	27	3	2	28	0.0555556	54	0.0932963	FALSE	NA	NA	NA	NA	NA	NA
NC_045512.2	24561	G	T	41	13	27	5	5	27	0.102041	49	0.0249723	FALSE	NA	NA	NA	NA	NA	NA
NC_045512.2	24561	G	C	41	13	27	2	2	26	0.0408163	49	0.220513	FALSE	NA	NA	NA	NA	NA	NA
NC_045512.2	24561	G	A	41	13	27	1	1	25	0.0204082	49	0.466667	FALSE	NA	NA	NA	NA	NA	NA
NC_045512.2	24562	A	T	39	12	27	2	2	24	0.0408163	49	0.209397	FALSE	NA	NA	NA	NA	NA	NA
NC_045512.2	24562	A	G	39	12	27	7	6	25	0.142857	49	0.00522913	TRUE	NA	NA	NA	NA	NA	NA
NC_045512.2	24562	A	C	39	12	27	1	1	26	0.0204082	49	0.454545	FALSE	NA	NA	NA	NA	NA	NA
NC_045512.2	24563	C	T	37	10	27	6	6	27	0.125	48	0.0097917	TRUE	NA	NA	NA	NA	NA	NA
NC_045512.2	24563	C	G	37	10	27	1	1	25	0.0208333	48	0.447059	FALSE	NA	NA	NA	NA	NA	NA
NC_045512.2	24563	C	A	37	10	27	4	4	26	0.0833333	48	0.0434283	FALSE	NA	NA	NA	NA	NA	NA
NC_045512.2	24564	T	G	41	14	26	4	4	28	0.0816327	49	0.0510303	FALSE	NA	NA	NA	NA	NA	NA
NC_045512.2	24564	T	A	41	14	26	4	4	25	0.0816327	49	0.0510303	FALSE	NA	NA	NA	NA	NA	NA
NC_045512.2	24565	T	G	39	14	24	2	2	25	0.0425532	47	0.219193	FALSE	NA	NA	NA	NA	NA	NA
NC_045512.2	24565	T	C	39	14	24	5	5	26	0.106383	47	0.0247105	FALSE	NA	NA	NA	NA	NA	NA
NC_045512.2	24565	T	A	39	14	24	1	1	27	0.0212766	47	0.465116	FALSE	NA	NA	NA	NA	NA	NA
NC_045512.2	24566	C	T	37	10	27	4	4	25	0.0816327	49	0.0414765	FALSE	NA	NA	NA	NA	NA	NA
NC_045512.2	24566	C	G	37	10	27	2	2	26	0.0408163	49	0.198075	FALSE	NA	NA	NA	NA	NA	NA
NC_045512.2	24566	C	A	37	10	27	6	6	24	0.122449	49	0.00914609	TRUE	NA	NA	NA	NA	NA	NA
NC_045512.2	24567	A	T	40	13	26	3	3	26	0.0638298	47	0.10867	FALSE	NA	NA	NA	NA	NA	NA
NC_045512.2	24567	A	G	40	13	26	3	3	27	0.0638298	47	0.10867	FALSE	NA	NA	NA	NA	NA	NA
NC_045512.2	24567	A	C	40	13	26	1	1	26	0.0212766	47	0.471264	FALSE	NA	NA	NA	NA	NA	NA
NC_045512.2	24568	A	T	40	13	28	5	5	22	0.104167	48	0.024844	FALSE	NA	NA	NA	NA	NA	NA
NC_045512.2	24568	A	G	40	13	28	1	1	28	0.0208333	48	0.465909	FALSE	NA	NA	NA	NA	NA	NA
NC_045512.2	24568	A	C	40	13	28	2	2	25	0.0416667	48	0.219867	FALSE	NA	NA	NA	NA	NA	NA
NC_045512.2	24569	A	T	39	12	24	8	8	27	0.16	50	0.00237146	TRUE	NA	NA	NA	NA	NA	NA
NC_045512.2	24569	A	G	39	12	24	1	1	22	0.02	50	0.449438	FALSE	NA	NA	NA	NA	NA	NA
NC_045512.2	24569	A	C	39	12	24	2	2	29	0.04	50	0.204744	FALSE	NA	NA	NA	NA	NA	NA
NC_045512.2	24570	G	T	39	12	27	8	8	27	0.16	50	0.00237146	TRUE	NA	NA	NA	NA	NA	NA
NC_045512.2	24570	G	A	39	12	27	3	3	23	0.06	50	0.0944973	FALSE	NA	NA	NA	NA	NA	NA
NC_045512.2	24570	G	-T	39	12	27	1	0	20	0.02	50	0.449438	FALSE	NA	NA	NA	NA	NA	NA
NC_045512.2	24571	T	G	34	7	27	2	2	26	0.0444444	45	0.194444	FALSE	NA	NA	NA	NA	NA	NA
NC_045512.2	24571	T	C	34	7	27	4	4	26	0.0888889	45	0.0401688	FALSE	NA	NA	NA	NA	NA	NA
NC_045512.2	24571	T	A	34	7	27	5	5	26	0.111111	45	0.0186498	FALSE	NA	NA	NA	NA	NA	NA
NC_045512.2	24572	T	G	38	11	28	3	3	25	0.0612245	49	0.0938678	FALSE	NA	NA	NA	NA	NA	NA
NC_045512.2	24572	T	A	38	11	28	8	8	24	0.163265	49	0.00234409	TRUE	NA	NA	NA	NA	NA	NA
NC_045512.2	24573	T	G	37	13	24	2	2	26	0.0425532	47	0.207563	FALSE	NA	NA	NA	NA	NA	NA
NC_045512.2	24573	T	C	37	13	24	1	1	27	0.0212766	47	0.452381	FALSE	NA	NA	NA	NA	NA	NA
NC_045512.2	24573	T	A	37	13	24	7	7	25	0.148936	47	0.00512898	TRUE	NA	NA	NA	NA	NA	NA
NC_045512.2	24574	G	T	38	12	27	6	6	26	0.12	50	0.00926086	TRUE	NA	NA	NA	NA	NA	NA
NC_045512.2	24574	G	C	38	12	27	1	1	26	0.02	50	0.443182	FALSE	NA	NA	NA	NA	NA	NA
NC_045512.2	24574	G	A	38	12	27	5	4	25	0.1	50	0.0195741	FALSE	NA	NA	NA	NA	NA	NA
NC_045512.2	24575	C	T	39	13	27	8	7	26	0.163265	49	0.00258704	TRUE	NA	NA	NA	NA	NA	NA
NC_045512.2	24575	C	G	39	13	27	1	1	28	0.0204082	49	0.454545	FALSE	NA	NA	NA	NA	NA	NA
NC_045512.2	24575	C	A	39	13	27	1	1	23	0.0204082	49	0.454545	FALSE	NA	NA	NA	NA	NA	NA
NC_045512.2	24576	A	T	38	11	28	1	1	21	0.0208333	48	0.453488	FALSE	NA	NA	NA	NA	NA	NA
NC_045512.2	24576	A	G	38	11	28	6	6	25	0.125	48	0.0105902	FALSE	NA	NA	NA	NA	NA	NA
NC_045512.2	24576	A	C	38	11	28	3	3	23	0.0625	48	0.0971422	FALSE	NA	NA	NA	NA	NA	NA
NC_045512.2	24577	G	T	37	10	27	3	3	24	0.0681818	44	0.10753	FALSE	NA	NA	NA	NA	NA	NA
NC_045512.2	24577	G	C	37	10	27	1	1	25	0.0227273	44	0.469136	FALSE	NA	NA	NA	NA	NA	NA
NC_045512.2	24577	G	A	37	10	27	3	3	26	0.0681818	44	0.10753	FALSE	NA	NA	NA	NA	NA	NA
NC_045512.2	24578	A	T	39	12	27	6	6	26	0.12766	47	0.0122195	FALSE	NA	NA	NA	NA	NA	NA
NC_045512.2	24578	A	G	39	12	27	1	1	28	0.0212766	47	0.465116	FALSE	NA	NA	NA	NA	NA	NA
NC_045512.2	24578	A	C	39	12	27	1	1	23	0.0212766	47	0.465116	FALSE	NA	NA	NA	NA	NA	NA
NC_045512.2	24578	A	-C	39	12	27	1	0	20	0.0212766	47	0.465116	FALSE	NA	NA	NA	NA	NA	NA
NC_045512.2	24579	C	T	36	9	27	5	5	26	0.113636	44	0.0242743	FALSE	NA	NA	NA	NA	NA	NA
NC_045512.2	24579	C	G	36	9	27	2	2	25	0.0454545	44	0.216975	FALSE	NA	NA	NA	NA	NA	NA
NC_045512.2	24579	C	A	36	9	27	1	1	26	0.0227273	44	0.4625	FALSE	NA	NA	NA	NA	NA	NA
NC_045512.2	24582	A	T	11	0	27	1	1	27	0.0833333	12	0.521739	FALSE	NA	NA	NA	NA	NA	NA
NC_045512.2	24583	T	G	11	0	26	1	1	21	0.0833333	12	0.521739	FALSE	NA	NA	NA	NA	NA	NA
NC_045512.2	24587	A	C	11	0	27	1	1	27	0.0833333	12	0.521739	FALSE	NA	NA	NA	NA	NA	NA
NC_045512.2	24588	C	A	11	0	27	1	1	23	0.0833333	12	0.521739	FALSE	NA	NA	NA	NA	NA	NA
NC_045512.2	24589	T	C	10	0	28	1	0	31	0.0833333	12	0.5	FALSE	NA	NA	NA	NA	NA	NA
NC_045512.2	24589	T	A	10	0	28	1	1	28	0.0833333	12	0.5	FALSE	NA	NA	NA	NA	NA	NA
NC_045512.2	24590	C	T	11	0	27	1	1	22	0.0833333	12	0.521739	FALSE	NA	NA	NA	NA	NA	NA
NC_045512.2	24591	A	T	11	0	28	1	1	28	0.0833333	12	0.521739	FALSE	NA	NA	NA	NA	NA	NA
NC_045512.2	24592	A	T	11	0	23	1	1	27	0.0833333	12	0.521739	FALSE	NA	NA	NA	NA	NA	NA
NC_045512.2	24596	T	G	11	0	28	1	1	20	0.0833333	12	0.521739	FALSE	NA	NA	NA	NA	NA	NA
NC_045512.2	24598	A	G	11	0	28	1	1	24	0.0833333	12	0.521739	FALSE	NA	NA	NA	NA	NA	NA
NC_045512.2	24604	A	G	10	0	27	1	0	31	0.0909091	11	0.52381	FALSE	NA	NA	NA	NA	NA	NA
NC_045512.2	24634	T	C	14	1	23	1	0	28	0.0666667	15	0.517241	FALSE	NA	NA	NA	NA	NA	NA
NC_045512.2	24645	A	G	14	1	27	1	0	27	0.0666667	15	0.517241	FALSE	NA	NA	NA	NA	NA	NA
NC_045512.2	24647	A	G	9	1	21	1	0	28	0.1	10	0.526316	FALSE	NA	NA	NA	NA	NA	NA
NC_045512.2	24672	C	-A	14	1	25	3	0	20	0.214286	14	0.167488	FALSE	NA	NA	NA	NA	NA	NA
NC_045512.2	24683	G	-A	11	1	26	1	0	20	0.0909091	11	0.545455	FALSE	NA	NA	NA	NA	NA	NA
NC_045512.2	24707	C	G	2	1	27	1	1	29	0.333333	3	0.6	FALSE	NA	NA	NA	NA	NA	NA
NC_045512.2	24708	T	C	2	1	26	1	1	27	0.333333	3	0.6	FALSE	NA	NA	NA	NA	NA	NA
NC_045512.2	24709	T	A	2	1	27	1	1	27	0.333333	3	0.6	FALSE	NA	NA	NA	NA	NA	NA
NC_045512.2	24710	A	G	2	1	26	1	1	28	0.333333	3	0.6	FALSE	NA	NA	NA	NA	NA	NA
NC_045512.2	24711	T	A	2	1	26	1	1	23	0.333333	3	0.6	FALSE	NA	NA	NA	NA	NA	NA
NC_045512.2	24712	G	A	5	1	27	1	1	27	0.166667	6	0.545455	FALSE	NA	NA	NA	NA	NA	NA
NC_045512.2	24713	T	A	5	1	27	1	1	27	0.166667	6	0.545455	FALSE	NA	NA	NA	NA	NA	NA
NC_045512.2	24714	C	T	5	1	27	1	1	27	0.166667	6	0.545455	FALSE	NA	NA	NA	NA	NA	NA
NC_045512.2	24716	T	A	5	1	26	1	1	28	0.166667	6	0.545455	FALSE	NA	NA	NA	NA	NA	NA
NC_045512.2	24717	T	G	5	1	24	1	1	28	0.166667	6	0.545455	FALSE	NA	NA	NA	NA	NA	NA
NC_045512.2	24718	C	A	5	1	27	1	1	28	0.166667	6	0.545455	FALSE	NA	NA	NA	NA	NA	NA
NC_045512.2	24719	C	G	5	1	30	1	1	28	0.166667	6	0.545455	FALSE	NA	NA	NA	NA	NA	NA
NC_045512.2	24722	C	T	5	1	27	1	1	28	0.166667	6	0.545455	FALSE	NA	NA	NA	NA	NA	NA
NC_045512.2	24723	A	T	3	1	27	2	0	28	0.333333	6	0.222222	FALSE	NA	NA	NA	NA	NA	NA
NC_045512.2	24723	A	C	3	1	27	1	1	28	0.166667	6	0.444444	FALSE	NA	NA	NA	NA	NA	NA
NC_045512.2	24724	G	T	3	1	27	1	1	29	0.166667	6	0.444444	FALSE	NA	NA	NA	NA	NA	NA
NC_045512.2	24724	G	C	3	1	27	2	0	27	0.333333	6	0.222222	FALSE	NA	NA	NA	NA	NA	NA
NC_045512.2	24725	T	G	5	1	27	1	1	29	0.166667	6	0.545455	FALSE	NA	NA	NA	NA	NA	NA
NC_045512.2	24727	A	T	5	1	27	1	1	28	0.166667	6	0.545455	FALSE	NA	NA	NA	NA	NA	NA
NC_045512.2	24728	G	A	5	1	27	1	1	23	0.166667	6	0.545455	FALSE	NA	NA	NA	NA	NA	NA
NC_045512.2	24729	C	A	5	1	26	1	1	27	0.166667	6	0.545455	FALSE	NA	NA	NA	NA	NA	NA
NC_045512.2	24730	A	T	5	1	26	1	1	27	0.166667	6	0.545455	FALSE	NA	NA	NA	NA	NA	NA
NC_045512.2	24732	C	T	5	1	24	1	1	23	0.166667	6	0.545455	FALSE	NA	NA	NA	NA	NA	NA
NC_045512.2	24734	C	G	5	1	27	1	1	27	0.166667	6	0.545455	FALSE	NA	NA	NA	NA	NA	NA
NC_045512.2	24735	A	C	5	1	27	1	1	29	0.166667	6	0.545455	FALSE	NA	NA	NA	NA	NA	NA
NC_045512.2	24738	G	C	5	2	24	1	1	28	0.166667	6	0.545455	FALSE	NA	NA	NA	NA	NA	NA
NC_045512.2	24739	T	C	6	2	26	1	1	29	0.142857	7	0.538462	FALSE	NA	NA	NA	NA	NA	NA
NC_045512.2	24740	G	A	5	1	26	2	2	28	0.285714	7	0.269231	FALSE	NA	NA	NA	NA	NA	NA
NC_045512.2	24741	T	G	5	1	26	2	2	27	0.25	8	0.230769	FALSE	NA	NA	NA	NA	NA	NA
NC_045512.2	24741	T	C	5	1	26	1	1	28	0.125	8	0.461538	FALSE	NA	NA	NA	NA	NA	NA
NC_045512.2	24742	A	T	6	2	26	1	1	28	0.125	8	0.5	FALSE	NA	NA	NA	NA	NA	NA
NC_045512.2	24742	A	C	6	2	26	1	1	28	0.125	8	0.5	FALSE	NA	NA	NA	NA	NA	NA
NC_045512.2	24743	G	A	5	1	27	3	3	25	0.375	8	0.123077	FALSE	NA	NA	NA	NA	NA	NA
NC_045512.2	24744	T	G	5	1	28	1	1	27	0.125	8	0.461538	FALSE	NA	NA	NA	NA	NA	NA
NC_045512.2	24744	T	A	5	1	28	2	2	28	0.25	8	0.230769	FALSE	NA	NA	NA	NA	NA	NA
NC_045512.2	24745	C	T	5	1	27	1	1	27	0.125	8	0.461538	FALSE	NA	NA	NA	NA	NA	NA
NC_045512.2	24745	C	A	5	1	27	2	2	25	0.25	8	0.230769	FALSE	NA	NA	NA	NA	NA	NA
NC_045512.2	24746	T	C	5	1	27	1	1	27	0.125	8	0.461538	FALSE	NA	NA	NA	NA	NA	NA
NC_045512.2	24746	T	A	5	1	27	2	2	28	0.25	8	0.230769	FALSE	NA	NA	NA	NA	NA	NA
NC_045512.2	24747	T	A	6	2	25	2	2	27	0.25	8	0.266667	FALSE	NA	NA	NA	NA	NA	NA
NC_045512.2	24748	C	T	4	1	27	1	1	28	0.142857	7	0.454545	FALSE	NA	NA	NA	NA	NA	NA
NC_045512.2	24748	C	G	4	1	27	2	2	27	0.285714	7	0.227273	FALSE	NA	NA	NA	NA	NA	NA
NC_045512.2	24749	T	C	5	2	27	1	1	28	0.142857	7	0.5	FALSE	NA	NA	NA	NA	NA	NA
NC_045512.2	24749	T	A	5	2	27	1	1	28	0.142857	7	0.5	FALSE	NA	NA	NA	NA	NA	NA
NC_045512.2	24750	T	G	4	1	23	1	1	29	0.142857	7	0.454545	FALSE	NA	NA	NA	NA	NA	NA
NC_045512.2	24750	T	C	4	1	23	1	1	33	0.142857	7	0.454545	FALSE	NA	NA	NA	NA	NA	NA
NC_045512.2	24750	T	A	4	1	23	1	1	29	0.142857	7	0.454545	FALSE	NA	NA	NA	NA	NA	NA
NC_045512.2	24751	G	C	5	2	26	1	1	29	0.142857	7	0.5	FALSE	NA	NA	NA	NA	NA	NA
NC_045512.2	24751	G	A	5	2	26	1	1	29	0.142857	7	0.5	FALSE	NA	NA	NA	NA	NA	NA
NC_045512.2	24752	C	T	4	1	25	1	1	24	0.142857	7	0.454545	FALSE	NA	NA	NA	NA	NA	NA
NC_045512.2	24752	C	G	4	1	25	1	1	30	0.142857	7	0.454545	FALSE	NA	NA	NA	NA	NA	NA
NC_045512.2	24752	C	A	4	1	25	1	1	30	0.142857	7	0.454545	FALSE	NA	NA	NA	NA	NA	NA
NC_045512.2	24753	A	T	5	2	26	1	1	29	0.142857	7	0.5	FALSE	NA	NA	NA	NA	NA	NA
NC_045512.2	24753	A	G	5	2	26	1	1	28	0.142857	7	0.5	FALSE	NA	NA	NA	NA	NA	NA
NC_045512.2	24754	T	G	4	1	28	1	1	28	0.142857	7	0.454545	FALSE	NA	NA	NA	NA	NA	NA
NC_045512.2	24754	T	C	4	1	28	2	2	29	0.285714	7	0.227273	FALSE	NA	NA	NA	NA	NA	NA
NC_045512.2	24755	G	T	4	1	27	3	3	27	0.428571	7	0.122378	FALSE	NA	NA	NA	NA	NA	NA
NC_045512.2	24756	T	G	5	2	28	2	2	29	0.285714	7	0.269231	FALSE	NA	NA	NA	NA	NA	NA
NC_045512.2	24757	G	T	4	1	27	1	1	33	0.142857	7	0.454545	FALSE	NA	NA	NA	NA	NA	NA
NC_045512.2	24757	G	C	4	1	27	2	2	31	0.285714	7	0.227273	FALSE	NA	NA	NA	NA	NA	NA
NC_045512.2	24758	A	T	4	1	27	2	2	28	0.285714	7	0.227273	FALSE	NA	NA	NA	NA	NA	NA
NC_045512.2	24758	A	G	4	1	27	1	1	29	0.142857	7	0.454545	FALSE	NA	NA	NA	NA	NA	NA
NC_045512.2	24759	C	T	4	1	27	1	1	29	0.142857	7	0.454545	FALSE	NA	NA	NA	NA	NA	NA
NC_045512.2	24759	C	G	4	1	27	1	1	28	0.142857	7	0.454545	FALSE	NA	NA	NA	NA	NA	NA
NC_045512.2	24759	C	A	4	1	27	1	1	24	0.142857	7	0.454545	FALSE	NA	NA	NA	NA	NA	NA
NC_045512.2	24760	T	C	4	1	27	1	1	28	0.142857	7	0.454545	FALSE	NA	NA	NA	NA	NA	NA
NC_045512.2	24760	T	A	4	1	27	2	2	28	0.285714	7	0.227273	FALSE	NA	NA	NA	NA	NA	NA
NC_045512.2	24761	T	C	6	3	25	1	1	28	0.142857	7	0.538462	FALSE	NA	NA	NA	NA	NA	NA
NC_045512.2	24762	A	T	5	2	27	1	1	23	0.142857	7	0.5	FALSE	NA	NA	NA	NA	NA	NA
NC_045512.2	24762	A	C	5	2	27	1	1	27	0.142857	7	0.5	FALSE	NA	NA	NA	NA	NA	NA
NC_045512.2	24763	T	A	6	3	27	1	1	27	0.142857	7	0.538462	FALSE	NA	NA	NA	NA	NA	NA
NC_045512.2	24764	G	T	5	2	26	2	2	28	0.285714	7	0.269231	FALSE	NA	NA	NA	NA	NA	NA
NC_045512.2	24765	T	G	4	1	28	2	2	27	0.285714	7	0.227273	FALSE	NA	NA	NA	NA	NA	NA
NC_045512.2	24765	T	C	4	1	28	1	1	27	0.142857	7	0.454545	FALSE	NA	NA	NA	NA	NA	NA
NC_045512.2	24766	C	T	5	2	27	1	1	22	0.142857	7	0.5	FALSE	NA	NA	NA	NA	NA	NA
NC_045512.2	24766	C	A	5	2	27	1	1	28	0.142857	7	0.5	FALSE	NA	NA	NA	NA	NA	NA
NC_045512.2	24767	C	T	5	2	29	2	2	27	0.285714	7	0.269231	FALSE	NA	NA	NA	NA	NA	NA
NC_045512.2	24768	C	G	4	1	24	2	2	28	0.285714	7	0.227273	FALSE	NA	NA	NA	NA	NA	NA
NC_045512.2	24768	C	A	4	1	24	1	1	23	0.142857	7	0.454545	FALSE	NA	NA	NA	NA	NA	NA
NC_045512.2	24769	T	C	4	1	28	2	2	28	0.285714	7	0.227273	FALSE	NA	NA	NA	NA	NA	NA
NC_045512.2	24769	T	A	4	1	28	1	1	27	0.142857	7	0.454545	FALSE	NA	NA	NA	NA	NA	NA
NC_045512.2	24770	G	T	4	1	27	3	3	27	0.428571	7	0.122378	FALSE	NA	NA	NA	NA	NA	NA
NC_045512.2	24771	C	G	5	2	28	1	1	27	0.142857	7	0.5	FALSE	NA	NA	NA	NA	NA	NA
NC_045512.2	24771	C	A	5	2	28	1	1	27	0.142857	7	0.5	FALSE	NA	NA	NA	NA	NA	NA
NC_045512.2	24772	A	C	4	1	27	2	2	27	0.333333	6	0.272727	FALSE	NA	NA	NA	NA	NA	NA
NC_045512.2	24773	C	T	4	1	27	2	2	27	0.285714	7	0.227273	FALSE	NA	NA	NA	NA	NA	NA
NC_045512.2	24773	C	A	4	1	27	1	1	28	0.142857	7	0.454545	FALSE	NA	NA	NA	NA	NA	NA
NC_045512.2	24775	A	C	6	3	25	1	1	29	0.142857	7	0.538462	FALSE	NA	NA	NA	NA	NA	NA
NC_045512.2	24776	G	T	4	1	26	1	1	29	0.142857	7	0.454545	FALSE	NA	NA	NA	NA	NA	NA
NC_045512.2	24776	G	A	4	1	26	2	2	26	0.285714	7	0.227273	FALSE	NA	NA	NA	NA	NA	NA
NC_045512.2	24777	A	G	6	3	25	1	1	29	0.142857	7	0.538462	FALSE	NA	NA	NA	NA	NA	NA
NC_045512.2	24778	A	T	6	3	27	1	1	26	0.142857	7	0.538462	FALSE	NA	NA	NA	NA	NA	NA
NC_045512.2	24779	A	G	5	2	27	2	2	27	0.285714	7	0.269231	FALSE	NA	NA	NA	NA	NA	NA
NC_045512.2	24780	A	T	3	2	25	2	2	25	0.4	5	0.277778	FALSE	NA	NA	NA	NA	NA	NA
NC_045512.2	24781	G	T	4	1	26	2	2	28	0.285714	7	0.227273	FALSE	NA	NA	NA	NA	NA	NA
NC_045512.2	24781	G	C	4	1	26	1	1	28	0.142857	7	0.454545	FALSE	NA	NA	NA	NA	NA	NA
NC_045512.2	24782	A	G	5	2	27	2	2	27	0.285714	7	0.269231	FALSE	NA	NA	NA	NA	NA	NA
NC_045512.2	24783	A	T	5	2	25	1	1	27	0.142857	7	0.5	FALSE	NA	NA	NA	NA	NA	NA
NC_045512.2	24783	A	G	5	2	25	1	1	29	0.142857	7	0.5	FALSE	NA	NA	NA	NA	NA	NA
NC_045512.2	24783	A	-C	5	2	25	1	0	20	0.142857	7	0.5	FALSE	NA	NA	NA	NA	NA	NA
NC_045512.2	24784	C	A	5	2	27	1	1	29	0.166667	6	0.545455	FALSE	NA	NA	NA	NA	NA	NA
NC_045512.2	24785	T	G	4	1	26	1	1	29	0.166667	6	0.5	FALSE	NA	NA	NA	NA	NA	NA
NC_045512.2	24785	T	A	4	1	26	1	1	29	0.166667	6	0.5	FALSE	NA	NA	NA	NA	NA	NA
NC_045512.2	24786	T	G	6	3	25	1	1	29	0.142857	7	0.538462	FALSE	NA	NA	NA	NA	NA	NA
NC_045512.2	24787	C	T	4	1	25	1	1	28	0.142857	7	0.454545	FALSE	NA	NA	NA	NA	NA	NA
NC_045512.2	24787	C	G	4	1	25	1	1	30	0.142857	7	0.454545	FALSE	NA	NA	NA	NA	NA	NA
NC_045512.2	24787	C	A	4	1	25	1	1	29	0.142857	7	0.454545	FALSE	NA	NA	NA	NA	NA	NA
NC_045512.2	24788	A	T	4	1	27	2	2	28	0.285714	7	0.227273	FALSE	NA	NA	NA	NA	NA	NA
NC_045512.2	24788	A	G	4	1	27	1	1	27	0.142857	7	0.454545	FALSE	NA	NA	NA	NA	NA	NA
NC_045512.2	24789	C	T	4	1	25	1	1	30	0.142857	7	0.454545	FALSE	NA	NA	NA	NA	NA	NA
NC_045512.2	24789	C	G	4	1	25	2	2	26	0.285714	7	0.227273	FALSE	NA	NA	NA	NA	NA	NA
NC_045512.2	24790	A	T	4	1	26	1	1	28	0.166667	6	0.5	FALSE	NA	NA	NA	NA	NA	NA
NC_045512.2	24790	A	G	4	1	26	1	1	29	0.166667	6	0.5	FALSE	NA	NA	NA	NA	NA	NA
NC_045512.2	24791	A	T	4	2	25	1	1	29	0.2	5	0.555556	FALSE	NA	NA	NA	NA	NA	NA
NC_045512.2	24792	C	G	5	2	26	1	1	32	0.166667	6	0.545455	FALSE	NA	NA	NA	NA	NA	NA
NC_045512.2	24794	G	T	4	1	26	1	1	28	0.166667	6	0.5	FALSE	NA	NA	NA	NA	NA	NA
NC_045512.2	24794	G	A	4	1	26	1	1	28	0.166667	6	0.5	FALSE	NA	NA	NA	NA	NA	NA
NC_045512.2	24795	C	G	5	2	26	1	1	24	0.166667	6	0.545455	FALSE	NA	NA	NA	NA	NA	NA
NC_045512.2	24796	T	G	5	2	26	1	1	28	0.166667	6	0.545455	FALSE	NA	NA	NA	NA	NA	NA
NC_045512.2	24797	C	T	3	1	25	1	1	28	0.2	5	0.5	FALSE	NA	NA	NA	NA	NA	NA
NC_045512.2	24797	C	A	3	1	25	1	1	27	0.2	5	0.5	FALSE	NA	NA	NA	NA	NA	NA
NC_045512.2	24798	C	G	4	2	23	1	1	23	0.2	5	0.555556	FALSE	NA	NA	NA	NA	NA	NA
NC_045512.2	24799	T	G	3	1	24	1	1	29	0.2	5	0.5	FALSE	NA	NA	NA	NA	NA	NA
NC_045512.2	24799	T	A	3	1	24	1	1	20	0.2	5	0.5	FALSE	NA	NA	NA	NA	NA	NA
NC_045512.2	24800	G	A	3	1	24	2	2	26	0.4	5	0.277778	FALSE	NA	NA	NA	NA	NA	NA
NC_045512.2	24801	C	T	3	2	24	1	1	25	0.25	4	0.571429	FALSE	NA	NA	NA	NA	NA	NA
NC_045512.2	24804	T	A	2	1	26	1	1	28	0.333333	3	0.6	FALSE	NA	NA	NA	NA	NA	NA
NC_045512.2	24805	T	C	2	1	28	1	1	25	0.25	4	0.5	FALSE	NA	NA	NA	NA	NA	NA
NC_045512.2	24805	T	A	2	1	28	1	1	29	0.25	4	0.5	FALSE	NA	NA	NA	NA	NA	NA
NC_045512.2	24805	T	-T	2	1	28	1	0	20	0.25	4	0.5	FALSE	NA	NA	NA	NA	NA	NA
NC_045512.2	24806	T	A	2	1	23	1	1	28	0.333333	3	0.6	FALSE	NA	NA	NA	NA	NA	NA
NC_045512.2	24807	G	A	2	1	25	1	1	28	0.333333	3	0.6	FALSE	NA	NA	NA	NA	NA	NA
NC_045512.2	24808	T	G	2	1	27	1	1	28	0.25	4	0.5	FALSE	NA	NA	NA	NA	NA	NA
NC_045512.2	24808	T	A	2	1	27	1	1	31	0.25	4	0.5	FALSE	NA	NA	NA	NA	NA	NA
NC_045512.2	24809	C	A	2	1	27	2	2	29	0.5	4	0.285714	FALSE	NA	NA	NA	NA	NA	NA
NC_045512.2	24810	A	G	2	1	28	1	1	27	0.333333	3	0.6	FALSE	NA	NA	NA	NA	NA	NA
NC_045512.2	24811	T	G	2	1	25	1	1	28	0.333333	3	0.6	FALSE	NA	NA	NA	NA	NA	NA
NC_045512.2	24812	G	T	1	0	28	1	1	29	0.333333	3	0.5	FALSE	NA	NA	NA	NA	NA	NA
NC_045512.2	24812	G	A	1	0	28	1	1	28	0.333333	3	0.5	FALSE	NA	NA	NA	NA	NA	NA
NC_045512.2	24813	A	G	1	0	30	2	2	28	0.666667	3	0.3	FALSE	NA	NA	NA	NA	NA	NA
NC_045512.2	24814	T	A	2	1	26	1	1	28	0.333333	3	0.6	FALSE	NA	NA	NA	NA	NA	NA
NC_045512.2	24814	T	-G	2	1	26	1	0	20	0.333333	3	0.6	FALSE	NA	NA	NA	NA	NA	NA
NC_045512.2	24815	G	T	1	0	30	1	1	29	0.5	2	0.5	FALSE	NA	NA	NA	NA	NA	NA
NC_045512.2	24816	G	T	2	1	26	1	1	20	0.333333	3	0.6	FALSE	NA	NA	NA	NA	NA	NA
NC_045512.2	24817	A	T	2	1	29	1	1	28	0.333333	3	0.6	FALSE	NA	NA	NA	NA	NA	NA
NC_045512.2	24817	A	-A	2	1	29	1	0	20	0.333333	3	0.6	FALSE	NA	NA	NA	NA	NA	NA
NC_045512.2	24818	A	T	1	0	30	1	1	28	0.5	2	0.5	FALSE	NA	NA	NA	NA	NA	NA
NC_045512.2	24819	A	T	1	0	28	2	2	23	0.666667	3	0.3	FALSE	NA	NA	NA	NA	NA	NA
NC_045512.2	24820	A	T	1	0	22	1	1	31	0.333333	3	0.5	FALSE	NA	NA	NA	NA	NA	NA
NC_045512.2	24820	A	G	1	0	22	1	1	27	0.333333	3	0.5	FALSE	NA	NA	NA	NA	NA	NA
NC_045512.2	24821	G	T	1	0	28	2	2	28	0.666667	3	0.3	FALSE	NA	NA	NA	NA	NA	NA
NC_045512.2	24822	C	T	1	0	29	1	1	32	0.5	2	0.666667	FALSE	NA	NA	NA	NA	NA	NA
NC_045512.2	24823	A	G	1	0	28	2	2	26	0.666667	3	0.3	FALSE	NA	NA	NA	NA	NA	NA
NC_045512.2	24824	C	T	1	0	27	1	1	28	0.5	2	0.666667	FALSE	NA	NA	NA	NA	NA	NA
NC_045512.2	24845	T	C	19	0	27	1	0	24	0.05	20	0.512821	FALSE	NA	NA	NA	NA	NA	NA
NC_045512.2	24862	A	G	40	3	27	1	0	25	0.0243902	41	0.506173	FALSE	NA	NA	NA	NA	NA	NA
NC_045512.2	24908	A	G	40	3	27	1	0	31	0.0243902	41	0.506173	FALSE	NA	NA	NA	NA	NA	NA
NC_045512.2	24918	A	G	38	3	24	1	0	26	0.025641	39	0.506494	FALSE	NA	NA	NA	NA	NA	NA
NC_045512.2	24922	A	G	37	3	26	1	0	26	0.0263158	38	0.506667	FALSE	NA	NA	NA	NA	NA	NA
NC_045512.2	24925	T	C	27	3	22	1	0	27	0.0357143	28	0.509091	FALSE	NA	NA	NA	NA	NA	NA
NC_045512.2	24943	T	C	30	3	27	1	0	26	0.0322581	31	0.508197	FALSE	NA	NA	NA	NA	NA	NA
NC_045512.2	24949	A	T	29	3	26	1	1	21	0.0333333	30	0.508475	FALSE	NA	NA	NA	NA	NA	NA
NC_045512.2	24950	A	T	26	3	23	1	1	26	0.037037	27	0.509434	FALSE	NA	NA	NA	NA	NA	NA
NC_045512.2	24951	T	C	28	3	27	1	1	24	0.0344828	29	0.508772	FALSE	NA	NA	NA	NA	NA	NA
NC_045512.2	24953	G	A	28	3	27	1	1	24	0.0344828	29	0.508772	FALSE	NA	NA	NA	NA	NA	NA
NC_045512.2	24954	G	A	25	3	23	1	1	24	0.0384615	26	0.509804	FALSE	NA	NA	NA	NA	NA	NA
NC_045512.2	24955	A	T	27	3	26	1	1	24	0.0357143	28	0.509091	FALSE	NA	NA	NA	NA	NA	NA
NC_045512.2	24956	A	G	26	3	23	1	1	23	0.037037	27	0.509434	FALSE	NA	NA	NA	NA	NA	NA
NC_045512.2	24957	T	G	27	3	26	1	1	32	0.0357143	28	0.509091	FALSE	NA	NA	NA	NA	NA	NA
NC_045512.2	24958	T	C	28	4	23	1	1	29	0.0344828	29	0.508772	FALSE	NA	NA	NA	NA	NA	NA
NC_045512.2	24959	G	T	27	3	27	1	1	26	0.0344828	29	0.5	FALSE	NA	NA	NA	NA	NA	NA
NC_045512.2	24959	G	A	27	3	27	1	1	27	0.0344828	29	0.5	FALSE	NA	NA	NA	NA	NA	NA
NC_045512.2	24960	T	C	27	3	26	2	2	26	0.0689655	29	0.254386	FALSE	NA	NA	NA	NA	NA	NA
NC_045512.2	24961	C	A	25	3	26	1	1	27	0.0384615	26	0.509804	FALSE	NA	NA	NA	NA	NA	NA
NC_045512.2	24962	A	C	24	3	26	1	1	28	0.04	25	0.510204	FALSE	NA	NA	NA	NA	NA	NA
NC_045512.2	24964	C	T	22	4	25	1	1	24	0.0434783	23	0.511111	FALSE	NA	NA	NA	NA	NA	NA
NC_045512.2	24965	A	T	21	3	25	1	1	26	0.0434783	23	0.5	FALSE	NA	NA	NA	NA	NA	NA
NC_045512.2	24965	A	G	21	3	25	1	1	21	0.0434783	23	0.5	FALSE	NA	NA	NA	NA	NA	NA
NC_045512.2	24966	A	G	17	3	22	2	2	25	0.105263	19	0.256757	FALSE	NA	NA	NA	NA	NA	NA
NC_045512.2	24967	C	G	22	4	26	1	1	27	0.0434783	23	0.511111	FALSE	NA	NA	NA	NA	NA	NA
NC_045512.2	24969	C	T	20	4	26	1	1	27	0.0454545	22	0.5	FALSE	NA	NA	NA	NA	NA	NA
NC_045512.2	24969	C	G	20	4	26	1	0	27	0.0454545	22	0.5	FALSE	NA	NA	NA	NA	NA	NA
NC_045512.2	24970	A	T	21	4	26	1	1	27	0.0454545	22	0.511628	FALSE	NA	NA	NA	NA	NA	NA
NC_045512.2	24971	G	C	20	4	26	1	1	27	0.047619	21	0.512195	FALSE	NA	NA	NA	NA	NA	NA
NC_045512.2	24972	T	A	17	3	25	1	1	23	0.0555556	18	0.514286	FALSE	NA	NA	NA	NA	NA	NA
NC_045512.2	24973	T	C	17	3	27	1	1	23	0.0526316	19	0.5	FALSE	NA	NA	NA	NA	NA	NA
NC_045512.2	24973	T	A	17	3	27	1	1	23	0.0526316	19	0.5	FALSE	NA	NA	NA	NA	NA	NA
NC_045512.2	24974	T	A	12	4	22	1	1	28	0.0769231	13	0.52	FALSE	NA	NA	NA	NA	NA	NA
NC_045512.2	24975	A	G	17	3	25	1	1	23	0.0526316	19	0.5	FALSE	NA	NA	NA	NA	NA	NA
NC_045512.2	24975	A	C	17	3	25	1	1	27	0.0526316	19	0.5	FALSE	NA	NA	NA	NA	NA	NA
NC_045512.2	24976	T	G	17	3	26	1	1	27	0.0526316	19	0.5	FALSE	NA	NA	NA	NA	NA	NA
NC_045512.2	24976	T	A	17	3	26	1	1	28	0.0526316	19	0.5	FALSE	NA	NA	NA	NA	NA	NA
NC_045512.2	24977	G	T	17	3	27	1	1	20	0.0526316	19	0.5	FALSE	NA	NA	NA	NA	NA	NA
NC_045512.2	24977	G	C	17	3	27	1	1	27	0.0526316	19	0.5	FALSE	NA	NA	NA	NA	NA	NA
NC_045512.2	24978	A	T	17	4	26	1	1	27	0.0555556	18	0.514286	FALSE	NA	NA	NA	NA	NA	NA
NC_045512.2	24979	T	A	16	4	26	1	1	27	0.0588235	17	0.515152	FALSE	NA	NA	NA	NA	NA	NA
NC_045512.2	24980	C	G	14	3	25	1	1	27	0.0625	16	0.5	FALSE	NA	NA	NA	NA	NA	NA
NC_045512.2	24980	C	A	14	3	25	1	1	27	0.0625	16	0.5	FALSE	NA	NA	NA	NA	NA	NA
NC_045512.2	24981	C	T	8	3	24	1	1	27	0.1	10	0.5	FALSE	NA	NA	NA	NA	NA	NA
NC_045512.2	24981	C	G	8	3	24	1	1	22	0.1	10	0.5	FALSE	NA	NA	NA	NA	NA	NA
NC_045512.2	24981	C	-T	8	3	24	5	0	20	0.5	10	0.0488722	FALSE	NA	NA	NA	NA	NA	NA
NC_045512.2	24982	T	G	2	2	23	1	1	27	0.25	4	0.230769	FALSE	NA	NA	NA	NA	NA	NA
NC_045512.2	24982	T	A	2	2	23	1	1	23	0.25	4	0.230769	FALSE	NA	NA	NA	NA	NA	NA
NC_045512.2	24983	T	A	10	3	26	2	2	25	0.166667	12	0.26087	FALSE	NA	NA	NA	NA	NA	NA
NC_045512.2	24984	T	C	6	3	24	1	1	28	0.125	8	0.5	FALSE	NA	NA	NA	NA	NA	NA
NC_045512.2	24984	T	A	6	3	24	1	1	27	0.125	8	0.5	FALSE	NA	NA	NA	NA	NA	NA
NC_045512.2	24985	G	A	16	3	25	1	1	26	0.0588235	17	0.515152	FALSE	NA	NA	NA	NA	NA	NA
NC_045512.2	24986	C	T	17	4	26	1	1	27	0.0555556	18	0.514286	FALSE	NA	NA	NA	NA	NA	NA
NC_045512.2	24987	A	T	17	4	26	1	1	27	0.0555556	18	0.514286	FALSE	NA	NA	NA	NA	NA	NA
NC_045512.2	24988	A	T	17	4	24	1	1	27	0.0555556	18	0.514286	FALSE	NA	NA	NA	NA	NA	NA
NC_045512.2	24989	C	T	16	3	27	1	1	27	0.0555556	18	0.5	FALSE	NA	NA	NA	NA	NA	NA
NC_045512.2	24989	C	A	16	3	27	1	1	26	0.0555556	18	0.5	FALSE	NA	NA	NA	NA	NA	NA
NC_045512.2	24990	C	G	16	3	24	1	1	22	0.0555556	18	0.5	FALSE	NA	NA	NA	NA	NA	NA
NC_045512.2	24990	C	A	16	3	24	1	1	27	0.0555556	18	0.5	FALSE	NA	NA	NA	NA	NA	NA
NC_045512.2	24991	T	G	17	4	27	1	1	26	0.0555556	18	0.514286	FALSE	NA	NA	NA	NA	NA	NA
NC_045512.2	24992	G	A	17	4	27	1	1	22	0.0555556	18	0.514286	FALSE	NA	NA	NA	NA	NA	NA
NC_045512.2	24995	T	C	17	4	27	1	1	22	0.0555556	18	0.514286	FALSE	NA	NA	NA	NA	NA	NA
NC_045512.2	24996	T	C	16	4	24	1	1	26	0.0588235	17	0.515152	FALSE	NA	NA	NA	NA	NA	NA
NC_045512.2	24997	A	T	17	4	27	2	2	25	0.105263	19	0.256757	FALSE	NA	NA	NA	NA	NA	NA
NC_045512.2	24998	G	T	16	3	27	2	2	28	0.105263	19	0.242857	FALSE	NA	NA	NA	NA	NA	NA
NC_045512.2	24998	G	C	16	3	27	1	1	27	0.0526316	19	0.485714	FALSE	NA	NA	NA	NA	NA	NA
NC_045512.2	24999	A	C	18	5	27	1	1	27	0.0526316	19	0.513514	FALSE	NA	NA	NA	NA	NA	NA
NC_045512.2	25000	C	T	0	0	0	16	3	27	0.888889	18	8.57043e-10	TRUE	NA	NA	NA	NA	NA	NA
NC_045512.2	25000	C	A	0	0	0	2	2	24	0.111111	18	0.00584795	TRUE	NA	NA	NA	NA	NA	NA
NC_045512.2	25001	T	G	16	3	24	1	1	24	0.0526316	19	0.485714	FALSE	NA	NA	NA	NA	NA	NA
NC_045512.2	25001	T	A	16	3	24	2	2	27	0.105263	19	0.242857	FALSE	NA	NA	NA	NA	NA	NA
NC_045512.2	25002	C	T	16	3	27	1	1	27	0.0555556	18	0.5	FALSE	NA	NA	NA	NA	NA	NA
NC_045512.2	25002	C	A	16	3	27	1	1	27	0.0555556	18	0.5	FALSE	NA	NA	NA	NA	NA	NA
NC_045512.2	25003	A	T	16	4	26	1	1	27	0.0555556	18	0.5	FALSE	NA	NA	NA	NA	NA	NA
NC_045512.2	25003	A	C	16	4	26	1	1	27	0.0555556	18	0.5	FALSE	NA	NA	NA	NA	NA	NA
NC_045512.2	25004	T	G	15	3	25	1	1	22	0.0555556	18	0.484848	FALSE	NA	NA	NA	NA	NA	NA
NC_045512.2	25004	T	C	15	3	25	1	1	24	0.0555556	18	0.484848	FALSE	NA	NA	NA	NA	NA	NA
NC_045512.2	25004	T	A	15	3	25	1	1	27	0.0555556	18	0.484848	FALSE	NA	NA	NA	NA	NA	NA
NC_045512.2	25005	T	G	14	4	23	1	1	27	0.0625	16	0.5	FALSE	NA	NA	NA	NA	NA	NA
NC_045512.2	25005	T	C	14	4	23	1	1	28	0.0625	16	0.5	FALSE	NA	NA	NA	NA	NA	NA
NC_045512.2	25006	C	T	15	4	26	1	1	29	0.0588235	17	0.5	FALSE	NA	NA	NA	NA	NA	NA
NC_045512.2	25006	C	A	15	4	26	1	1	28	0.0588235	17	0.5	FALSE	NA	NA	NA	NA	NA	NA
NC_045512.2	25007	A	C	15	4	27	1	1	31	0.0625	16	0.516129	FALSE	NA	NA	NA	NA	NA	NA
NC_045512.2	25008	A	C	14	4	23	2	2	30	0.125	16	0.258065	FALSE	NA	NA	NA	NA	NA	NA
NC_045512.2	25009	G	T	13	3	26	1	1	28	0.0625	16	0.482759	FALSE	NA	NA	NA	NA	NA	NA
NC_045512.2	25009	G	A	13	3	26	2	2	29	0.125	16	0.241379	FALSE	NA	NA	NA	NA	NA	NA
NC_045512.2	25010	G	C	13	3	23	1	1	27	0.0625	16	0.482759	FALSE	NA	NA	NA	NA	NA	NA
NC_045512.2	25010	G	A	13	3	23	2	2	28	0.125	16	0.241379	FALSE	NA	NA	NA	NA	NA	NA
NC_045512.2	25011	A	T	14	4	27	1	1	29	0.0625	16	0.5	FALSE	NA	NA	NA	NA	NA	NA
NC_045512.2	25011	A	C	14	4	27	1	1	27	0.0625	16	0.5	FALSE	NA	NA	NA	NA	NA	NA
NC_045512.2	25012	G	C	13	3	26	2	2	28	0.125	16	0.241379	FALSE	NA	NA	NA	NA	NA	NA
NC_045512.2	25012	G	A	13	3	26	1	1	30	0.0625	16	0.482759	FALSE	NA	NA	NA	NA	NA	NA
NC_045512.2	25013	G	T	13	4	24	1	1	27	0.0666667	15	0.5	FALSE	NA	NA	NA	NA	NA	NA
NC_045512.2	25013	G	A	13	4	24	1	1	30	0.0666667	15	0.5	FALSE	NA	NA	NA	NA	NA	NA
NC_045512.2	25014	A	T	14	4	27	1	1	27	0.0625	16	0.5	FALSE	NA	NA	NA	NA	NA	NA
NC_045512.2	25014	A	G	14	4	27	1	1	22	0.0625	16	0.5	FALSE	NA	NA	NA	NA	NA	NA
NC_045512.2	25015	G	T	14	4	27	1	1	29	0.0625	16	0.5	FALSE	NA	NA	NA	NA	NA	NA
NC_045512.2	25015	G	C	14	4	27	1	1	28	0.0625	16	0.5	FALSE	NA	NA	NA	NA	NA	NA
NC_045512.2	25016	T	A	14	4	26	2	2	26	0.125	16	0.258065	FALSE	NA	NA	NA	NA	NA	NA
NC_045512.2	25017	T	C	13	4	24	1	1	28	0.0666667	15	0.5	FALSE	NA	NA	NA	NA	NA	NA
NC_045512.2	25017	T	A	13	4	24	1	1	28	0.0666667	15	0.5	FALSE	NA	NA	NA	NA	NA	NA
NC_045512.2	25018	A	T	13	3	26	2	2	27	0.125	16	0.241379	FALSE	NA	NA	NA	NA	NA	NA
NC_045512.2	25018	A	C	13	3	26	1	1	28	0.0625	16	0.482759	FALSE	NA	NA	NA	NA	NA	NA
NC_045512.2	25019	G	A	14	4	27	2	2	25	0.125	16	0.258065	FALSE	NA	NA	NA	NA	NA	NA
NC_045512.2	25020	A	T	13	3	27	1	1	26	0.0625	16	0.482759	FALSE	NA	NA	NA	NA	NA	NA
NC_045512.2	25020	A	C	13	3	27	2	2	25	0.125	16	0.241379	FALSE	NA	NA	NA	NA	NA	NA
NC_045512.2	25021	T	A	13	3	27	3	3	25	0.1875	16	0.124583	FALSE	NA	NA	NA	NA	NA	NA
NC_045512.2	25022	A	G	14	4	27	1	1	30	0.0666667	15	0.517241	FALSE	NA	NA	NA	NA	NA	NA
NC_045512.2	25023	A	T	14	4	29	1	1	24	0.0625	16	0.5	FALSE	NA	NA	NA	NA	NA	NA
NC_045512.2	25023	A	C	14	4	29	1	1	27	0.0625	16	0.5	FALSE	NA	NA	NA	NA	NA	NA
NC_045512.2	25024	A	T	14	4	23	1	1	23	0.0625	16	0.5	FALSE	NA	NA	NA	NA	NA	NA
NC_045512.2	25024	A	C	14	4	23	1	1	29	0.0625	16	0.5	FALSE	NA	NA	NA	NA	NA	NA
NC_045512.2	25025	T	G	13	3	27	1	1	23	0.0625	16	0.482759	FALSE	NA	NA	NA	NA	NA	NA
NC_045512.2	25025	T	C	13	3	27	1	1	27	0.0625	16	0.482759	FALSE	NA	NA	NA	NA	NA	NA
NC_045512.2	25025	T	A	13	3	27	1	1	24	0.0625	16	0.482759	FALSE	NA	NA	NA	NA	NA	NA
NC_045512.2	25026	A	T	14	4	26	1	1	26	0.0666667	15	0.517241	FALSE	NA	NA	NA	NA	NA	NA
NC_045512.2	25027	T	G	11	1	25	1	1	23	0.0714286	14	0.48	FALSE	NA	NA	NA	NA	NA	NA
NC_045512.2	25027	T	C	11	1	25	1	1	28	0.0714286	14	0.48	FALSE	NA	NA	NA	NA	NA	NA
NC_045512.2	25027	T	A	11	1	25	1	1	26	0.0714286	14	0.48	FALSE	NA	NA	NA	NA	NA	NA
NC_045512.2	25028	T	A	14	4	27	2	2	26	0.125	16	0.258065	FALSE	NA	NA	NA	NA	NA	NA
NC_045512.2	25029	T	G	12	3	27	1	1	20	0.0666667	15	0.481481	FALSE	NA	NA	NA	NA	NA	NA
NC_045512.2	25029	T	C	12	3	27	2	2	25	0.133333	15	0.240741	FALSE	NA	NA	NA	NA	NA	NA
NC_045512.2	25030	T	G	9	4	23	1	1	27	0.0909091	11	0.5	FALSE	NA	NA	NA	NA	NA	NA
NC_045512.2	25030	T	A	9	4	23	1	1	27	0.0909091	11	0.5	FALSE	NA	NA	NA	NA	NA	NA
NC_045512.2	25031	A	T	13	4	26	1	1	22	0.0666667	15	0.5	FALSE	NA	NA	NA	NA	NA	NA
NC_045512.2	25031	A	G	13	4	26	1	1	22	0.0666667	15	0.5	FALSE	NA	NA	NA	NA	NA	NA
NC_045512.2	25032	A	T	11	4	25	1	1	27	0.0769231	13	0.5	FALSE	NA	NA	NA	NA	NA	NA
NC_045512.2	25032	A	G	11	4	25	1	1	26	0.0769231	13	0.5	FALSE	NA	NA	NA	NA	NA	NA
NC_045512.2	25033	G	T	12	3	27	2	2	27	0.142857	14	0.259259	FALSE	NA	NA	NA	NA	NA	NA
NC_045512.2	25034	A	T	11	3	26	1	1	30	0.0714286	14	0.48	FALSE	NA	NA	NA	NA	NA	NA
NC_045512.2	25034	A	G	11	3	26	2	1	25	0.142857	14	0.24	FALSE	NA	NA	NA	NA	NA	NA
NC_045512.2	25035	A	T	13	4	24	2	2	28	0.133333	15	0.258621	FALSE	NA	NA	NA	NA	NA	NA
NC_045512.2	25036	T	G	13	4	27	1	1	27	0.0666667	15	0.5	FALSE	NA	NA	NA	NA	NA	NA
NC_045512.2	25036	T	C	13	4	27	1	1	27	0.0666667	15	0.5	FALSE	NA	NA	NA	NA	NA	NA
NC_045512.2	25037	C	T	12	3	27	3	3	28	0.2	15	0.124521	FALSE	NA	NA	NA	NA	NA	NA
NC_045512.2	25038	A	G	13	4	27	1	1	27	0.0666667	15	0.5	FALSE	NA	NA	NA	NA	NA	NA
NC_045512.2	25038	A	C	13	4	27	1	1	27	0.0666667	15	0.5	FALSE	NA	NA	NA	NA	NA	NA
NC_045512.2	25040	A	G	12	3	27	3	3	25	0.2	15	0.124521	FALSE	NA	NA	NA	NA	NA	NA
NC_045512.2	25041	C	G	12	3	27	1	1	28	0.0666667	15	0.481481	FALSE	NA	NA	NA	NA	NA	NA
NC_045512.2	25041	C	A	12	3	27	2	2	23	0.133333	15	0.240741	FALSE	NA	NA	NA	NA	NA	NA
NC_045512.2	25042	A	T	13	4	27	2	2	27	0.133333	15	0.258621	FALSE	NA	NA	NA	NA	NA	NA
NC_045512.2	25043	T	G	12	3	27	1	1	27	0.0714286	14	0.5	FALSE	NA	NA	NA	NA	NA	NA
NC_045512.2	25043	T	A	12	3	27	1	1	23	0.0714286	14	0.5	FALSE	NA	NA	NA	NA	NA	NA
NC_045512.2	25044	C	T	13	4	26	1	1	23	0.0666667	15	0.5	FALSE	NA	NA	NA	NA	NA	NA
NC_045512.2	25044	C	A	13	4	26	1	1	28	0.0666667	15	0.5	FALSE	NA	NA	NA	NA	NA	NA
NC_045512.2	25045	A	T	13	4	26	1	1	27	0.0666667	15	0.5	FALSE	NA	NA	NA	NA	NA	NA
NC_045512.2	25045	A	C	13	4	26	1	1	25	0.0666667	15	0.5	FALSE	NA	NA	NA	NA	NA	NA
NC_045512.2	25046	C	T	13	4	26	1	1	25	0.0666667	15	0.5	FALSE	NA	NA	NA	NA	NA	NA
NC_045512.2	25046	C	G	13	4	26	1	1	27	0.0666667	15	0.5	FALSE	NA	NA	NA	NA	NA	NA
NC_045512.2	25047	C	T	12	3	24	1	1	27	0.0666667	15	0.481481	FALSE	NA	NA	NA	NA	NA	NA
NC_045512.2	25047	C	G	12	3	24	1	1	25	0.0666667	15	0.481481	FALSE	NA	NA	NA	NA	NA	NA
NC_045512.2	25047	C	A	12	3	24	1	1	21	0.0666667	15	0.481481	FALSE	NA	NA	NA	NA	NA	NA
NC_045512.2	25048	A	T	14	5	27	1	1	27	0.0666667	15	0.517241	FALSE	NA	NA	NA	NA	NA	NA
NC_045512.2	25049	G	A	13	4	27	2	2	29	0.133333	15	0.258621	FALSE	NA	NA	NA	NA	NA	NA
NC_045512.2	25050	A	T	13	4	26	2	2	28	0.133333	15	0.258621	FALSE	NA	NA	NA	NA	NA	NA
NC_045512.2	25051	T	C	13	4	26	1	1	28	0.0666667	15	0.5	FALSE	NA	NA	NA	NA	NA	NA
NC_045512.2	25051	T	A	13	4	26	1	1	26	0.0666667	15	0.5	FALSE	NA	NA	NA	NA	NA	NA
NC_045512.2	25052	G	A	14	5	25	1	1	29	0.0666667	15	0.517241	FALSE	NA	NA	NA	NA	NA	NA
NC_045512.2	25053	T	G	13	4	25	1	1	26	0.0714286	14	0.518519	FALSE	NA	NA	NA	NA	NA	NA
NC_045512.2	25053	T	+A	13	4	25	1	0	20	0.0714286	14	0.518519	FALSE	NA	NA	NA	NA	NA	NA
NC_045512.2	25054	T	A	12	5	24	1	1	26	0.0769231	13	0.52	FALSE	NA	NA	NA	NA	NA	NA
NC_045512.2	25055	G	A	13	4	26	2	2	26	0.133333	15	0.258621	FALSE	NA	NA	NA	NA	NA	NA
NC_045512.2	25056	A	T	12	3	27	2	2	22	0.133333	15	0.240741	FALSE	NA	NA	NA	NA	NA	NA
NC_045512.2	25056	A	C	12	3	27	1	1	27	0.0666667	15	0.481481	FALSE	NA	NA	NA	NA	NA	NA
NC_045512.2	25057	T	A	12	3	27	1	1	22	0.0769231	13	0.52	FALSE	NA	NA	NA	NA	NA	NA
NC_045512.2	25058	T	G	11	3	27	1	1	23	0.0666667	15	0.461538	FALSE	NA	NA	NA	NA	NA	NA
NC_045512.2	25058	T	C	11	3	27	1	0	28	0.0666667	15	0.461538	FALSE	NA	NA	NA	NA	NA	NA
NC_045512.2	25058	T	A	11	3	27	2	2	27	0.133333	15	0.222222	FALSE	NA	NA	NA	NA	NA	NA
NC_045512.2	25059	T	C	12	5	24	1	1	26	0.0769231	13	0.52	FALSE	NA	NA	NA	NA	NA	NA
NC_045512.2	25060	A	C	14	5	26	1	1	23	0.0666667	15	0.517241	FALSE	NA	NA	NA	NA	NA	NA
NC_045512.2	25061	G	A	14	5	25	1	1	22	0.0666667	15	0.517241	FALSE	NA	NA	NA	NA	NA	NA
NC_045512.2	25062	G	A	11	4	23	2	2	27	0.153846	13	0.26	FALSE	NA	NA	NA	NA	NA	NA
NC_045512.2	25063	T	C	12	3	26	2	2	27	0.133333	15	0.240741	FALSE	NA	NA	NA	NA	NA	NA
NC_045512.2	25063	T	A	12	3	26	1	1	20	0.0666667	15	0.481481	FALSE	NA	NA	NA	NA	NA	NA
NC_045512.2	25064	G	A	12	3	26	3	3	22	0.2	15	0.124521	FALSE	NA	NA	NA	NA	NA	NA
NC_045512.2	25066	C	T	14	5	26	1	1	23	0.0666667	15	0.517241	FALSE	NA	NA	NA	NA	NA	NA
NC_045512.2	25067	A	G	14	5	26	1	1	23	0.0666667	15	0.517241	FALSE	NA	NA	NA	NA	NA	NA
NC_045512.2	25068	T	C	13	4	26	2	2	23	0.133333	15	0.258621	FALSE	NA	NA	NA	NA	NA	NA
NC_045512.2	25069	C	G	13	4	26	1	1	28	0.0625	16	0.482759	FALSE	NA	NA	NA	NA	NA	NA
NC_045512.2	25069	C	A	13	4	26	2	2	23	0.125	16	0.241379	FALSE	NA	NA	NA	NA	NA	NA
NC_045512.2	25070	T	G	11	3	27	1	1	26	0.0769231	13	0.5	FALSE	NA	NA	NA	NA	NA	NA
NC_045512.2	25070	T	C	11	3	27	1	1	28	0.0769231	13	0.5	FALSE	NA	NA	NA	NA	NA	NA
NC_045512.2	25071	C	T	10	3	26	2	2	21	0.142857	14	0.22	FALSE	NA	NA	NA	NA	NA	NA
NC_045512.2	25071	C	A	10	3	26	2	2	25	0.142857	14	0.22	FALSE	NA	NA	NA	NA	NA	NA
NC_045512.2	25072	T	C	12	5	26	1	1	26	0.0714286	14	0.5	FALSE	NA	NA	NA	NA	NA	NA
NC_045512.2	25072	T	A	12	5	26	1	1	26	0.0714286	14	0.5	FALSE	NA	NA	NA	NA	NA	NA
NC_045512.2	25073	G	T	10	4	24	1	1	26	0.0769231	13	0.478261	FALSE	NA	NA	NA	NA	NA	NA
NC_045512.2	25073	G	C	10	4	24	1	1	21	0.0769231	13	0.478261	FALSE	NA	NA	NA	NA	NA	NA
NC_045512.2	25073	G	A	10	4	24	1	1	22	0.0769231	13	0.478261	FALSE	NA	NA	NA	NA	NA	NA
NC_045512.2	25074	G	T	9	3	23	1	1	24	0.0769231	13	0.454545	FALSE	NA	NA	NA	NA	NA	NA
NC_045512.2	25074	G	C	9	3	23	1	1	26	0.0769231	13	0.454545	FALSE	NA	NA	NA	NA	NA	NA
NC_045512.2	25074	G	A	9	3	23	2	2	26	0.153846	13	0.217391	FALSE	NA	NA	NA	NA	NA	NA
NC_045512.2	25075	C	T	10	4	27	2	2	25	0.153846	13	0.23913	FALSE	NA	NA	NA	NA	NA	NA
NC_045512.2	25075	C	G	10	4	27	1	1	23	0.0769231	13	0.478261	FALSE	NA	NA	NA	NA	NA	NA
NC_045512.2	25076	A	T	5	1	25	1	1	21	0.142857	7	0.5	FALSE	NA	NA	NA	NA	NA	NA
NC_045512.2	25076	A	G	5	1	25	1	1	27	0.142857	7	0.5	FALSE	NA	NA	NA	NA	NA	NA
NC_045512.2	25077	T	A	4	0	26	1	1	21	0.2	5	0.555556	FALSE	NA	NA	NA	NA	NA	NA
NC_045512.2	25078	T	A	3	0	22	1	1	27	0.25	4	0.571429	FALSE	NA	NA	NA	NA	NA	NA
NC_045512.2	25079	A	T	4	0	27	1	1	21	0.2	5	0.555556	FALSE	NA	NA	NA	NA	NA	NA
NC_045512.2	25080	A	T	4	0	23	1	1	30	0.2	5	0.555556	FALSE	NA	NA	NA	NA	NA	NA
NC_045512.2	25081	T	A	4	0	26	1	1	27	0.2	5	0.555556	FALSE	NA	NA	NA	NA	NA	NA
NC_045512.2	25083	C	A	4	0	26	1	1	23	0.2	5	0.555556	FALSE	NA	NA	NA	NA	NA	NA
NC_045512.2	25090	T	C	2	0	22	1	1	24	0.333333	3	0.6	FALSE	NA	NA	NA	NA	NA	NA
NC_045512.2	25091	G	A	3	0	25	1	1	21	0.25	4	0.571429	FALSE	NA	NA	NA	NA	NA	NA
NC_045512.2	25092	T	A	3	0	25	1	1	27	0.25	4	0.571429	FALSE	NA	NA	NA	NA	NA	NA
NC_045512.2	25093	A	G	3	0	27	1	1	23	0.25	4	0.571429	FALSE	NA	NA	NA	NA	NA	NA
NC_045512.2	25094	A	G	2	0	29	1	1	27	0.333333	3	0.6	FALSE	NA	NA	NA	NA	NA	NA
NC_045512.2	25096	C	G	2	0	24	1	1	24	0.333333	3	0.6	FALSE	NA	NA	NA	NA	NA	NA
NC_045512.2	25097	A	G	1	0	27	1	1	27	0.5	2	0.666667	FALSE	NA	NA	NA	NA	NA	NA
NC_045512.2	25098	T	A	1	0	30	1	1	27	0.5	2	0.666667	FALSE	NA	NA	NA	NA	NA	NA
NC_045512.2	25099	T	G	1	0	22	1	1	26	0.5	2	0.666667	FALSE	NA	NA	NA	NA	NA	NA
NC_045512.2	25100	C	T	1	0	21	1	1	21	0.5	2	0.666667	FALSE	NA	NA	NA	NA	NA	NA
NC_045512.2	25101	A	T	1	0	21	1	1	27	0.5	2	0.666667	FALSE	NA	NA	NA	NA	NA	NA
NC_045512.2	25103	A	G	0	0	0	1	1	27	1	1	1	FALSE	NA	NA	NA	NA	NA	NA
NC_045512.2	25105	A	T	0	0	0	1	1	27	1	1	1	FALSE	NA	NA	NA	NA	NA	NA
NC_045512.2	25106	G	A	0	0	0	1	1	23	1	1	1	FALSE	NA	NA	NA	NA	NA	NA
NC_045512.2	25107	A	G	1	1	28	1	1	27	0.5	2	0.666667	FALSE	NA	NA	NA	NA	NA	NA
NC_045512.2	25108	A	C	1	1	28	1	1	27	0.5	2	0.666667	FALSE	NA	NA	NA	NA	NA	NA
NC_045512.2	25109	A	T	1	1	22	1	1	28	0.5	2	0.666667	FALSE	NA	NA	NA	NA	NA	NA
NC_045512.2	25110	T	A	0	0	0	2	2	27	1	2	0.333333	FALSE	NA	NA	NA	NA	NA	NA
NC_045512.2	25111	T	G	3	2	24	1	1	28	0.2	5	0.5	FALSE	NA	NA	NA	NA	NA	NA
NC_045512.2	25111	T	C	3	2	24	1	1	21	0.2	5	0.5	FALSE	NA	NA	NA	NA	NA	NA
NC_045512.2	25112	G	T	2	1	26	1	1	31	0.2	5	0.428571	FALSE	NA	NA	NA	NA	NA	NA
NC_045512.2	25112	G	C	2	1	26	2	2	26	0.4	5	0.214286	FALSE	NA	NA	NA	NA	NA	NA
NC_045512.2	25113	A	T	3	2	24	2	2	30	0.4	5	0.277778	FALSE	NA	NA	NA	NA	NA	NA
NC_045512.2	25114	C	T	2	1	25	1	1	30	0.2	5	0.428571	FALSE	NA	NA	NA	NA	NA	NA
NC_045512.2	25114	C	G	2	1	25	1	1	27	0.2	5	0.428571	FALSE	NA	NA	NA	NA	NA	NA
NC_045512.2	25114	C	A	2	1	25	1	1	26	0.2	5	0.428571	FALSE	NA	NA	NA	NA	NA	NA
NC_045512.2	25115	C	A	3	2	23	2	2	23	0.4	5	0.277778	FALSE	NA	NA	NA	NA	NA	NA
NC_045512.2	25116	G	C	2	1	27	1	1	28	0.2	5	0.428571	FALSE	NA	NA	NA	NA	NA	NA
NC_045512.2	25116	G	A	2	1	27	2	2	27	0.4	5	0.214286	FALSE	NA	NA	NA	NA	NA	NA
NC_045512.2	25117	C	T	2	1	25	2	2	24	0.4	5	0.214286	FALSE	NA	NA	NA	NA	NA	NA
NC_045512.2	25117	C	G	2	1	25	1	1	27	0.2	5	0.428571	FALSE	NA	NA	NA	NA	NA	NA
NC_045512.2	25118	C	T	2	1	26	1	1	29	0.166667	6	0.375	FALSE	NA	NA	NA	NA	NA	NA
NC_045512.2	25118	C	G	2	1	26	2	2	27	0.333333	6	0.166667	FALSE	NA	NA	NA	NA	NA	NA
NC_045512.2	25118	C	A	2	1	26	1	1	23	0.166667	6	0.375	FALSE	NA	NA	NA	NA	NA	NA
NC_045512.2	25119	T	C	2	1	28	1	1	28	0.166667	6	0.375	FALSE	NA	NA	NA	NA	NA	NA
NC_045512.2	25119	T	A	2	1	28	3	3	26	0.5	6	0.0833333	FALSE	NA	NA	NA	NA	NA	NA
NC_045512.2	25120	C	T	27	4	27	1	1	27	0.0322581	31	0.482759	FALSE	NA	NA	NA	NA	NA	NA
NC_045512.2	25120	C	G	27	4	27	1	1	26	0.0322581	31	0.482759	FALSE	NA	NA	NA	NA	NA	NA
NC_045512.2	25120	C	A	27	4	27	2	2	25	0.0645161	31	0.237288	FALSE	NA	NA	NA	NA	NA	NA
NC_045512.2	25121	A	T	27	4	27	1	1	22	0.0344828	29	0.5	FALSE	NA	NA	NA	NA	NA	NA
NC_045512.2	25121	A	C	27	4	27	1	1	28	0.0344828	29	0.5	FALSE	NA	NA	NA	NA	NA	NA
NC_045512.2	25122	A	T	28	5	24	2	2	25	0.0625	32	0.237705	FALSE	NA	NA	NA	NA	NA	NA
NC_045512.2	25122	A	G	28	5	24	1	1	26	0.03125	32	0.483333	FALSE	NA	NA	NA	NA	NA	NA
NC_045512.2	25122	A	C	28	5	24	1	1	24	0.03125	32	0.483333	FALSE	NA	NA	NA	NA	NA	NA
NC_045512.2	25123	T	C	29	6	27	2	2	27	0.0625	32	0.245902	FALSE	NA	NA	NA	NA	NA	NA
NC_045512.2	25123	T	A	29	6	27	1	1	27	0.03125	32	0.491803	FALSE	NA	NA	NA	NA	NA	NA
NC_045512.2	25124	G	T	28	5	27	1	1	29	0.03125	32	0.483333	FALSE	NA	NA	NA	NA	NA	NA
NC_045512.2	25124	G	C	28	5	27	1	1	26	0.03125	32	0.483333	FALSE	NA	NA	NA	NA	NA	NA
NC_045512.2	25124	G	A	28	5	27	2	2	23	0.0625	32	0.237705	FALSE	NA	NA	NA	NA	NA	NA
NC_045512.2	25125	A	G	30	7	26	2	2	25	0.0606061	33	0.246032	FALSE	NA	NA	NA	NA	NA	NA
NC_045512.2	25125	A	C	30	7	26	1	1	27	0.030303	33	0.492063	FALSE	NA	NA	NA	NA	NA	NA
NC_045512.2	25126	G	T	25	2	26	2	2	21	0.0645161	31	0.219925	FALSE	NA	NA	NA	NA	NA	NA
NC_045512.2	25126	G	C	25	2	26	2	2	22	0.0645161	31	0.219925	FALSE	NA	NA	NA	NA	NA	NA
NC_045512.2	25126	G	A	25	2	26	2	2	26	0.0645161	31	0.219925	FALSE	NA	NA	NA	NA	NA	NA
NC_045512.2	25127	G	T	27	4	23	3	3	26	0.09375	32	0.112809	FALSE	NA	NA	NA	NA	NA	NA
NC_045512.2	25127	G	C	27	4	23	1	1	27	0.03125	32	0.474576	FALSE	NA	NA	NA	NA	NA	NA
NC_045512.2	25127	G	A	27	4	23	1	1	28	0.03125	32	0.474576	FALSE	NA	NA	NA	NA	NA	NA
NC_045512.2	25128	T	C	28	5	27	3	3	26	0.0909091	33	0.113193	FALSE	NA	NA	NA	NA	NA	NA
NC_045512.2	25128	T	A	28	5	27	2	2	28	0.0606061	33	0.230037	FALSE	NA	NA	NA	NA	NA	NA
NC_045512.2	25129	T	G	27	5	23	1	1	28	0.03125	32	0.474576	FALSE	NA	NA	NA	NA	NA	NA
NC_045512.2	25129	T	C	27	5	23	1	1	24	0.03125	32	0.474576	FALSE	NA	NA	NA	NA	NA	NA
NC_045512.2	25129	T	A	27	5	23	3	3	27	0.09375	32	0.112809	FALSE	NA	NA	NA	NA	NA	NA
NC_045512.2	25130	G	T	27	4	27	2	2	23	0.0588235	34	0.214701	FALSE	NA	NA	NA	NA	NA	NA
NC_045512.2	25130	G	C	27	4	27	2	2	24	0.0588235	34	0.214701	FALSE	NA	NA	NA	NA	NA	NA
NC_045512.2	25130	G	A	27	4	27	3	3	25	0.0882353	34	0.102239	FALSE	NA	NA	NA	NA	NA	NA
NC_045512.2	25131	C	T	28	5	26	3	3	26	0.0909091	33	0.113193	FALSE	NA	NA	NA	NA	NA	NA
NC_045512.2	25131	C	G	28	5	26	1	1	28	0.030303	33	0.47541	FALSE	NA	NA	NA	NA	NA	NA
NC_045512.2	25131	C	A	28	5	26	1	1	26	0.030303	33	0.47541	FALSE	NA	NA	NA	NA	NA	NA
NC_045512.2	25132	C	T	28	5	24	1	1	21	0.0294118	34	0.467742	FALSE	NA	NA	NA	NA	NA	NA
NC_045512.2	25132	C	G	28	5	24	2	2	26	0.0588235	34	0.222734	FALSE	NA	NA	NA	NA	NA	NA
NC_045512.2	25132	C	A	28	5	24	3	3	27	0.0882353	34	0.107887	FALSE	NA	NA	NA	NA	NA	NA
NC_045512.2	25133	A	T	30	7	27	2	2	25	0.0588235	34	0.238462	FALSE	NA	NA	NA	NA	NA	NA
NC_045512.2	25133	A	G	30	7	27	2	2	27	0.0588235	34	0.238462	FALSE	NA	NA	NA	NA	NA	NA
NC_045512.2	25134	A	T	32	9	24	1	1	27	0.0294118	34	0.5	FALSE	NA	NA	NA	NA	NA	NA
NC_045512.2	25134	A	G	32	9	24	1	1	20	0.0294118	34	0.5	FALSE	NA	NA	NA	NA	NA	NA
NC_045512.2	25135	G	T	30	7	27	3	3	23	0.0882353	34	0.119231	FALSE	NA	NA	NA	NA	NA	NA
NC_045512.2	25135	G	C	30	7	27	1	1	27	0.0294118	34	0.484375	FALSE	NA	NA	NA	NA	NA	NA
NC_045512.2	25136	A	T	30	7	27	2	2	26	0.0588235	34	0.238462	FALSE	NA	NA	NA	NA	NA	NA
NC_045512.2	25136	A	G	30	7	27	2	2	27	0.0588235	34	0.238462	FALSE	NA	NA	NA	NA	NA	NA
NC_045512.2	25137	A	T	29	6	24	2	2	20	0.0606061	33	0.238095	FALSE	NA	NA	NA	NA	NA	NA
NC_045512.2	25137	A	G	29	6	24	1	1	27	0.030303	33	0.483871	FALSE	NA	NA	NA	NA	NA	NA
NC_045512.2	25137	A	C	29	6	24	1	1	27	0.030303	33	0.483871	FALSE	NA	NA	NA	NA	NA	NA
NC_045512.2	25138	T	G	31	8	26	2	2	25	0.0588235	34	0.246154	FALSE	NA	NA	NA	NA	NA	NA
NC_045512.2	25138	T	A	31	8	26	1	1	27	0.0294118	34	0.492308	FALSE	NA	NA	NA	NA	NA	NA
NC_045512.2	25139	T	G	29	6	28	2	2	27	0.0588235	34	0.230655	FALSE	NA	NA	NA	NA	NA	NA
NC_045512.2	25139	T	C	29	6	28	2	2	25	0.0588235	34	0.230655	FALSE	NA	NA	NA	NA	NA	NA
NC_045512.2	25139	T	A	29	6	28	1	1	27	0.0294118	34	0.47619	FALSE	NA	NA	NA	NA	NA	NA
NC_045512.2	25140	T	A	26	6	23	5	5	26	0.16129	31	0.0285606	FALSE	NA	NA	NA	NA	NA	NA
NC_045512.2	25141	A	T	28	5	26	3	3	23	0.0882353	34	0.107887	FALSE	NA	NA	NA	NA	NA	NA
NC_045512.2	25141	A	G	28	5	26	2	2	26	0.0588235	34	0.222734	FALSE	NA	NA	NA	NA	NA	NA
NC_045512.2	25141	A	C	28	5	26	1	1	26	0.0294118	34	0.467742	FALSE	NA	NA	NA	NA	NA	NA
NC_045512.2	25142	A	T	29	6	27	3	3	25	0.0882353	34	0.113553	FALSE	NA	NA	NA	NA	NA	NA
NC_045512.2	25142	A	G	29	6	27	1	1	22	0.0294118	34	0.47619	FALSE	NA	NA	NA	NA	NA	NA
NC_045512.2	25142	A	C	29	6	27	1	1	26	0.0294118	34	0.47619	FALSE	NA	NA	NA	NA	NA	NA
NC_045512.2	25143	A	T	23	6	23	3	3	27	0.107143	28	0.110988	FALSE	NA	NA	NA	NA	NA	NA
NC_045512.2	25143	A	G	23	6	23	1	1	27	0.0357143	28	0.470588	FALSE	NA	NA	NA	NA	NA	NA
NC_045512.2	25143	A	C	23	6	23	1	1	26	0.0357143	28	0.470588	FALSE	NA	NA	NA	NA	NA	NA
NC_045512.2	25144	T	G	28	5	26	1	1	22	0.030303	33	0.47541	FALSE	NA	NA	NA	NA	NA	NA
NC_045512.2	25144	T	A	28	5	26	4	4	26	0.121212	33	0.0565964	FALSE	NA	NA	NA	NA	NA	NA
NC_045512.2	25145	G	T	31	8	26	1	1	27	0.0294118	34	0.492308	FALSE	NA	NA	NA	NA	NA	NA
NC_045512.2	25145	G	A	31	8	26	2	2	25	0.0588235	34	0.246154	FALSE	NA	NA	NA	NA	NA	NA
NC_045512.2	25146	A	G	30	7	26	3	3	27	0.0882353	34	0.119231	FALSE	NA	NA	NA	NA	NA	NA
NC_045512.2	25146	A	C	30	7	26	1	1	28	0.0294118	34	0.484375	FALSE	NA	NA	NA	NA	NA	NA
NC_045512.2	25147	A	T	28	6	24	3	3	27	0.0909091	33	0.113193	FALSE	NA	NA	NA	NA	NA	NA
NC_045512.2	25147	A	G	28	6	24	2	2	26	0.0606061	33	0.230037	FALSE	NA	NA	NA	NA	NA	NA
NC_045512.2	25148	T	G	27	4	27	3	3	29	0.0882353	34	0.102239	FALSE	NA	NA	NA	NA	NA	NA
NC_045512.2	25148	T	A	27	4	27	4	4	26	0.117647	34	0.0495219	FALSE	NA	NA	NA	NA	NA	NA
NC_045512.2	25149	C	T	27	4	27	1	1	26	0.030303	33	0.466667	FALSE	NA	NA	NA	NA	NA	NA
NC_045512.2	25149	C	G	27	4	27	2	2	23	0.0606061	33	0.221858	FALSE	NA	NA	NA	NA	NA	NA
NC_045512.2	25149	C	A	27	4	27	3	3	28	0.0909091	33	0.107351	FALSE	NA	NA	NA	NA	NA	NA
NC_045512.2	25150	T	G	29	6	27	3	3	29	0.0882353	34	0.113553	FALSE	NA	NA	NA	NA	NA	NA
NC_045512.2	25150	T	C	29	6	27	1	1	27	0.0294118	34	0.47619	FALSE	NA	NA	NA	NA	NA	NA
NC_045512.2	25150	T	A	29	6	27	1	1	29	0.0294118	34	0.47619	FALSE	NA	NA	NA	NA	NA	NA
NC_045512.2	25151	C	T	27	4	27	3	3	26	0.0882353	34	0.102239	FALSE	NA	NA	NA	NA	NA	NA
NC_045512.2	25151	C	A	27	4	27	4	4	27	0.117647	34	0.0495219	FALSE	NA	NA	NA	NA	NA	NA
NC_045512.2	25152	T	G	30	7	27	3	3	27	0.0882353	34	0.119231	FALSE	NA	NA	NA	NA	NA	NA
NC_045512.2	25152	T	A	30	7	27	1	1	26	0.0294118	34	0.484375	FALSE	NA	NA	NA	NA	NA	NA
NC_045512.2	25153	C	T	28	5	27	1	1	23	0.03125	32	0.483333	FALSE	NA	NA	NA	NA	NA	NA
NC_045512.2	25153	C	G	28	5	27	1	1	32	0.03125	32	0.483333	FALSE	NA	NA	NA	NA	NA	NA
NC_045512.2	25153	C	A	28	5	27	2	2	26	0.0625	32	0.237705	FALSE	NA	NA	NA	NA	NA	NA
NC_045512.2	25154	A	T	29	6	27	4	4	26	0.117647	34	0.0567766	FALSE	NA	NA	NA	NA	NA	NA
NC_045512.2	25154	A	G	29	6	27	1	1	25	0.0294118	34	0.47619	FALSE	NA	NA	NA	NA	NA	NA
NC_045512.2	25155	T	G	28	5	27	2	2	27	0.0588235	34	0.222734	FALSE	NA	NA	NA	NA	NA	NA
NC_045512.2	25155	T	C	28	5	27	1	1	26	0.0294118	34	0.467742	FALSE	NA	NA	NA	NA	NA	NA
NC_045512.2	25155	T	A	28	5	27	3	3	25	0.0882353	34	0.107887	FALSE	NA	NA	NA	NA	NA	NA
NC_045512.2	25156	C	T	27	4	27	4	4	27	0.121212	33	0.0528233	FALSE	NA	NA	NA	NA	NA	NA
NC_045512.2	25156	C	G	27	4	27	1	1	28	0.030303	33	0.466667	FALSE	NA	NA	NA	NA	NA	NA
NC_045512.2	25156	C	A	27	4	27	1	1	27	0.030303	33	0.466667	FALSE	NA	NA	NA	NA	NA	NA
NC_045512.2	25157	G	T	28	5	27	1	1	30	0.0294118	34	0.467742	FALSE	NA	NA	NA	NA	NA	NA
NC_045512.2	25157	G	A	28	5	27	5	5	24	0.147059	34	0.0265568	FALSE	NA	NA	NA	NA	NA	NA
NC_045512.2	25158	A	T	30	7	27	3	3	26	0.0882353	34	0.119231	FALSE	NA	NA	NA	NA	NA	NA
NC_045512.2	25158	A	G	30	7	27	1	1	27	0.0294118	34	0.484375	FALSE	NA	NA	NA	NA	NA	NA
NC_045512.2	25159	T	G	27	4	27	2	2	27	0.0588235	34	0.214701	FALSE	NA	NA	NA	NA	NA	NA
NC_045512.2	25159	T	C	27	4	27	2	2	25	0.0588235	34	0.214701	FALSE	NA	NA	NA	NA	NA	NA
NC_045512.2	25159	T	A	27	4	27	3	3	26	0.0882353	34	0.102239	FALSE	NA	NA	NA	NA	NA	NA
NC_045512.2	25160	C	T	27	4	27	2	2	25	0.0588235	34	0.214701	FALSE	NA	NA	NA	NA	NA	NA
NC_045512.2	25160	C	A	27	4	27	5	5	27	0.147059	34	0.02438	FALSE	NA	NA	NA	NA	NA	NA
NC_045512.2	25161	T	A	31	8	27	3	3	29	0.0882353	34	0.124914	FALSE	NA	NA	NA	NA	NA	NA
NC_045512.2	25162	C	T	27	4	26	5	5	27	0.147059	34	0.02438	FALSE	NA	NA	NA	NA	NA	NA
NC_045512.2	25162	C	A	27	4	26	2	2	25	0.0588235	34	0.214701	FALSE	NA	NA	NA	NA	NA	NA
NC_045512.2	25163	C	T	28	6	24	2	2	30	0.0606061	33	0.230037	FALSE	NA	NA	NA	NA	NA	NA
NC_045512.2	25163	C	A	28	6	24	3	3	28	0.0909091	33	0.113193	FALSE	NA	NA	NA	NA	NA	NA
NC_045512.2	25164	A	T	31	8	27	1	1	30	0.03125	32	0.507937	FALSE	NA	NA	NA	NA	NA	NA
NC_045512.2	25165	A	T	27	5	23	6	6	29	0.181818	33	0.013409	FALSE	NA	NA	NA	NA	NA	NA
NC_045512.2	25166	G	T	29	6	26	1	1	29	0.0294118	34	0.47619	FALSE	NA	NA	NA	NA	NA	NA
NC_045512.2	25166	G	C	29	6	26	1	1	27	0.0294118	34	0.47619	FALSE	NA	NA	NA	NA	NA	NA
NC_045512.2	25166	G	A	29	6	26	3	3	28	0.0882353	34	0.113553	FALSE	NA	NA	NA	NA	NA	NA
NC_045512.2	25167	A	T	27	4	26	1	1	29	0.0333333	30	0.491228	FALSE	NA	NA	NA	NA	NA	NA
NC_045512.2	25167	A	C	27	4	26	2	2	28	0.0666667	30	0.245614	FALSE	NA	NA	NA	NA	NA	NA
NC_045512.2	25168	A	T	28	7	23	1	1	27	0.0322581	31	0.491525	FALSE	NA	NA	NA	NA	NA	NA
NC_045512.2	25168	A	G	28	7	23	1	1	23	0.0322581	31	0.491525	FALSE	NA	NA	NA	NA	NA	NA
NC_045512.2	25168	A	C	28	7	23	1	1	24	0.0322581	31	0.491525	FALSE	NA	NA	NA	NA	NA	NA
NC_045512.2	25169	C	T	29	6	26	4	4	26	0.117647	34	0.0567766	FALSE	NA	NA	NA	NA	NA	NA
NC_045512.2	25169	C	A	29	6	26	1	1	31	0.0294118	34	0.47619	FALSE	NA	NA	NA	NA	NA	NA
NC_045512.2	25170	T	G	27	4	27	1	1	29	0.0294118	34	0.459016	FALSE	NA	NA	NA	NA	NA	NA
NC_045512.2	25170	T	C	27	4	27	3	3	27	0.0882353	34	0.102239	FALSE	NA	NA	NA	NA	NA	NA
NC_045512.2	25170	T	A	27	4	27	3	3	26	0.0882353	34	0.102239	FALSE	NA	NA	NA	NA	NA	NA
NC_045512.2	25171	T	G	28	5	24	1	1	26	0.0285714	35	0.460317	FALSE	NA	NA	NA	NA	NA	NA
NC_045512.2	25171	T	A	28	5	24	6	6	25	0.171429	35	0.0122875	FALSE	NA	NA	NA	NA	NA	NA
NC_045512.2	25172	G	T	28	5	27	2	2	27	0.0571429	35	0.215774	FALSE	NA	NA	NA	NA	NA	NA
NC_045512.2	25172	G	C	28	5	27	2	2	26	0.0571429	35	0.215774	FALSE	NA	NA	NA	NA	NA	NA
NC_045512.2	25172	G	A	28	5	27	3	3	27	0.0857143	35	0.102908	FALSE	NA	NA	NA	NA	NA	NA
NC_045512.2	25173	G	T	28	6	24	3	3	24	0.0882353	34	0.107887	FALSE	NA	NA	NA	NA	NA	NA
NC_045512.2	25173	G	C	28	6	24	1	1	28	0.0294118	34	0.467742	FALSE	NA	NA	NA	NA	NA	NA
NC_045512.2	25173	G	A	28	6	24	2	2	29	0.0588235	34	0.222734	FALSE	NA	NA	NA	NA	NA	NA
NC_045512.2	25174	A	T	29	6	26	2	2	25	0.0588235	34	0.230655	FALSE	NA	NA	NA	NA	NA	NA
NC_045512.2	25174	A	G	29	6	26	1	1	26	0.0294118	34	0.47619	FALSE	NA	NA	NA	NA	NA	NA
NC_045512.2	25174	A	C	29	6	26	2	2	29	0.0588235	34	0.230655	FALSE	NA	NA	NA	NA	NA	NA
NC_045512.2	25175	A	T	31	8	28	1	1	20	0.0285714	35	0.484848	FALSE	NA	NA	NA	NA	NA	NA
NC_045512.2	25175	A	G	31	8	28	3	3	24	0.0857143	35	0.119403	FALSE	NA	NA	NA	NA	NA	NA
NC_045512.2	25176	A	T	24	5	23	5	5	27	0.16129	31	0.0237207	FALSE	NA	NA	NA	NA	NA	NA
NC_045512.2	25176	A	G	24	5	23	1	1	23	0.0322581	31	0.454545	FALSE	NA	NA	NA	NA	NA	NA
NC_045512.2	25176	A	C	24	5	23	1	1	27	0.0322581	31	0.454545	FALSE	NA	NA	NA	NA	NA	NA
NC_045512.2	25177	G	T	28	5	27	1	1	29	0.0294118	34	0.467742	FALSE	NA	NA	NA	NA	NA	NA
NC_045512.2	25177	G	C	28	5	27	2	2	28	0.0588235	34	0.222734	FALSE	NA	NA	NA	NA	NA	NA
NC_045512.2	25177	G	A	28	5	27	3	3	24	0.0882353	34	0.107887	FALSE	NA	NA	NA	NA	NA	NA
NC_045512.2	25178	T	G	29	6	26	1	1	28	0.0285714	35	0.46875	FALSE	NA	NA	NA	NA	NA	NA
NC_045512.2	25178	T	C	29	6	26	1	1	28	0.0285714	35	0.46875	FALSE	NA	NA	NA	NA	NA	NA
NC_045512.2	25178	T	A	29	6	26	4	4	27	0.114286	35	0.0533869	FALSE	NA	NA	NA	NA	NA	NA
NC_045512.2	25179	A	T	29	6	27	2	2	26	0.0588235	34	0.230655	FALSE	NA	NA	NA	NA	NA	NA
NC_045512.2	25179	A	G	29	6	27	1	1	23	0.0294118	34	0.47619	FALSE	NA	NA	NA	NA	NA	NA
NC_045512.2	25179	A	C	29	6	27	2	2	25	0.0588235	34	0.230655	FALSE	NA	NA	NA	NA	NA	NA
NC_045512.2	25180	T	C	30	7	26	3	3	27	0.0857143	35	0.113892	FALSE	NA	NA	NA	NA	NA	NA
NC_045512.2	25180	T	A	30	7	26	2	2	28	0.0571429	35	0.231235	FALSE	NA	NA	NA	NA	NA	NA
NC_045512.2	25181	G	T	28	5	26	1	1	26	0.0285714	35	0.460317	FALSE	NA	NA	NA	NA	NA	NA
NC_045512.2	25181	G	C	28	5	26	4	4	26	0.114286	35	0.0498945	FALSE	NA	NA	NA	NA	NA	NA
NC_045512.2	25181	G	A	28	5	26	2	2	29	0.0571429	35	0.215774	FALSE	NA	NA	NA	NA	NA	NA
NC_045512.2	25182	A	T	32	9	27	1	1	22	0.0285714	35	0.492537	FALSE	NA	NA	NA	NA	NA	NA
NC_045512.2	25182	A	G	32	9	27	1	1	29	0.0285714	35	0.492537	FALSE	NA	NA	NA	NA	NA	NA
NC_045512.2	25182	A	C	32	9	27	1	1	27	0.0285714	35	0.492537	FALSE	NA	NA	NA	NA	NA	NA
NC_045512.2	25183	G	T	28	5	27	3	3	27	0.0857143	35	0.102908	FALSE	NA	NA	NA	NA	NA	NA
NC_045512.2	25183	G	C	28	5	27	1	1	23	0.0285714	35	0.460317	FALSE	NA	NA	NA	NA	NA	NA
NC_045512.2	25183	G	A	28	5	27	3	3	28	0.0857143	35	0.102908	FALSE	NA	NA	NA	NA	NA	NA
NC_045512.2	25184	C	T	30	7	27	2	2	29	0.0571429	35	0.231235	FALSE	NA	NA	NA	NA	NA	NA
NC_045512.2	25184	C	G	30	7	27	3	3	25	0.0857143	35	0.113892	FALSE	NA	NA	NA	NA	NA	NA
NC_045512.2	25185	A	T	31	8	27	2	2	27	0.0588235	34	0.246154	FALSE	NA	NA	NA	NA	NA	NA
NC_045512.2	25185	A	G	31	8	27	1	1	28	0.0294118	34	0.492308	FALSE	NA	NA	NA	NA	NA	NA
NC_045512.2	25186	G	T	29	6	27	2	2	25	0.0571429	35	0.223558	FALSE	NA	NA	NA	NA	NA	NA
NC_045512.2	25186	G	C	29	6	27	1	1	24	0.0285714	35	0.46875	FALSE	NA	NA	NA	NA	NA	NA
NC_045512.2	25186	G	A	29	6	27	3	3	27	0.0857143	35	0.108392	FALSE	NA	NA	NA	NA	NA	NA
NC_045512.2	25187	T	G	29	6	27	2	2	24	0.0571429	35	0.223558	FALSE	NA	NA	NA	NA	NA	NA
NC_045512.2	25187	T	C	29	6	27	1	1	29	0.0285714	35	0.46875	FALSE	NA	NA	NA	NA	NA	NA
NC_045512.2	25187	T	A	29	6	27	3	3	26	0.0857143	35	0.108392	FALSE	NA	NA	NA	NA	NA	NA
NC_045512.2	25188	A	T	29	6	27	3	3	26	0.0857143	35	0.108392	FALSE	NA	NA	NA	NA	NA	NA
NC_045512.2	25188	A	G	29	6	27	2	2	27	0.0571429	35	0.223558	FALSE	NA	NA	NA	NA	NA	NA
NC_045512.2	25188	A	C	29	6	27	1	1	23	0.0285714	35	0.46875	FALSE	NA	NA	NA	NA	NA	NA
NC_045512.2	25189	T	G	30	7	27	2	2	27	0.0571429	35	0.231235	FALSE	NA	NA	NA	NA	NA	NA
NC_045512.2	25189	T	A	30	7	27	3	3	27	0.0857143	35	0.113892	FALSE	NA	NA	NA	NA	NA	NA
NC_045512.2	25190	A	T	29	6	27	3	3	24	0.0857143	35	0.108392	FALSE	NA	NA	NA	NA	NA	NA
NC_045512.2	25190	A	G	29	6	27	3	3	27	0.0857143	35	0.108392	FALSE	NA	NA	NA	NA	NA	NA
NC_045512.2	25191	T	C	30	7	27	1	1	26	0.0294118	34	0.484375	FALSE	NA	NA	NA	NA	NA	NA
NC_045512.2	25191	T	A	30	7	27	3	3	27	0.0882353	34	0.119231	FALSE	NA	NA	NA	NA	NA	NA
NC_045512.2	25192	A	T	26	3	27	3	3	26	0.09375	32	0.10678	FALSE	NA	NA	NA	NA	NA	NA
NC_045512.2	25192	A	G	26	3	27	2	2	28	0.0625	32	0.220923	FALSE	NA	NA	NA	NA	NA	NA
NC_045512.2	25192	A	C	26	3	27	1	1	26	0.03125	32	0.465517	FALSE	NA	NA	NA	NA	NA	NA
NC_045512.2	25193	A	T	31	8	27	3	3	26	0.0857143	35	0.119403	FALSE	NA	NA	NA	NA	NA	NA
NC_045512.2	25193	A	C	31	8	27	1	1	27	0.0285714	35	0.484848	FALSE	NA	NA	NA	NA	NA	NA
NC_045512.2	25194	A	T	27	4	27	6	6	25	0.171429	35	0.0110984	FALSE	NA	NA	NA	NA	NA	NA
NC_045512.2	25194	A	G	27	4	27	2	2	24	0.0571429	35	0.207885	FALSE	NA	NA	NA	NA	NA	NA
NC_045512.2	25195	A	T	20	6	22	2	2	28	0.0769231	26	0.213691	FALSE	NA	NA	NA	NA	NA	NA
NC_045512.2	25195	A	G	20	6	22	3	3	26	0.115385	26	0.102394	FALSE	NA	NA	NA	NA	NA	NA
NC_045512.2	25195	A	C	20	6	22	1	1	27	0.0384615	26	0.456522	FALSE	NA	NA	NA	NA	NA	NA
NC_045512.2	25196	T	G	30	7	26	3	3	25	0.0857143	35	0.113892	FALSE	NA	NA	NA	NA	NA	NA
NC_045512.2	25196	T	A	30	7	26	2	2	30	0.0571429	35	0.231235	FALSE	NA	NA	NA	NA	NA	NA
NC_045512.2	25197	G	T	28	5	26	2	2	24	0.0588235	34	0.222734	FALSE	NA	NA	NA	NA	NA	NA
NC_045512.2	25197	G	C	28	5	26	2	2	27	0.0588235	34	0.222734	FALSE	NA	NA	NA	NA	NA	NA
NC_045512.2	25197	G	A	28	5	26	2	2	28	0.0588235	34	0.222734	FALSE	NA	NA	NA	NA	NA	NA
NC_045512.2	25198	G	T	23	5	23	3	3	26	0.1	30	0.0991043	FALSE	NA	NA	NA	NA	NA	NA
NC_045512.2	25198	G	C	23	5	23	2	2	24	0.0666667	30	0.209644	FALSE	NA	NA	NA	NA	NA	NA
NC_045512.2	25198	G	A	23	5	23	2	2	26	0.0666667	30	0.209644	FALSE	NA	NA	NA	NA	NA	NA
NC_045512.2	25199	C	T	28	5	26	3	3	26	0.0882353	34	0.107887	FALSE	NA	NA	NA	NA	NA	NA
NC_045512.2	25199	C	G	28	5	26	3	3	26	0.0882353	34	0.107887	FALSE	NA	NA	NA	NA	NA	NA
NC_045512.2	25200	C	T	25	5	23	2	2	30	0.0625	32	0.212341	FALSE	NA	NA	NA	NA	NA	NA
NC_045512.2	25200	C	G	25	5	23	2	2	28	0.0625	32	0.212341	FALSE	NA	NA	NA	NA	NA	NA
NC_045512.2	25200	C	A	25	5	23	3	3	27	0.09375	32	0.100772	FALSE	NA	NA	NA	NA	NA	NA
NC_045512.2	25201	A	T	28	5	27	2	2	28	0.0571429	35	0.215774	FALSE	NA	NA	NA	NA	NA	NA
NC_045512.2	25201	A	G	28	5	27	2	2	26	0.0571429	35	0.215774	FALSE	NA	NA	NA	NA	NA	NA
NC_045512.2	25201	A	C	28	5	27	3	3	25	0.0857143	35	0.102908	FALSE	NA	NA	NA	NA	NA	NA
NC_045512.2	25202	T	G	27	4	27	1	1	27	0.0285714	35	0.451613	FALSE	NA	NA	NA	NA	NA	NA
NC_045512.2	25202	T	C	27	4	27	3	3	27	0.0857143	35	0.0974462	FALSE	NA	NA	NA	NA	NA	NA
NC_045512.2	25202	T	A	27	4	27	4	4	25	0.114286	35	0.0464744	FALSE	NA	NA	NA	NA	NA	NA
NC_045512.2	25203	G	T	27	4	27	6	6	25	0.171429	35	0.0110984	FALSE	NA	NA	NA	NA	NA	NA
NC_045512.2	25203	G	C	27	4	27	1	1	27	0.0285714	35	0.451613	FALSE	NA	NA	NA	NA	NA	NA
NC_045512.2	25203	G	A	27	4	27	1	1	28	0.0285714	35	0.451613	FALSE	NA	NA	NA	NA	NA	NA
NC_045512.2	25204	G	T	27	6	24	2	2	25	0.0606061	33	0.221858	FALSE	NA	NA	NA	NA	NA	NA
NC_045512.2	25204	G	C	27	6	24	3	3	26	0.0909091	33	0.107351	FALSE	NA	NA	NA	NA	NA	NA
NC_045512.2	25204	G	A	27	6	24	1	1	27	0.030303	33	0.466667	FALSE	NA	NA	NA	NA	NA	NA
NC_045512.2	25205	T	C	30	7	26	2	2	26	0.0588235	34	0.238462	FALSE	NA	NA	NA	NA	NA	NA
NC_045512.2	25205	T	A	30	7	26	2	2	24	0.0588235	34	0.238462	FALSE	NA	NA	NA	NA	NA	NA
NC_045512.2	25206	A	T	29	6	26	1	1	20	0.0285714	35	0.46875	FALSE	NA	NA	NA	NA	NA	NA
NC_045512.2	25206	A	G	29	6	26	2	2	24	0.0571429	35	0.223558	FALSE	NA	NA	NA	NA	NA	NA
NC_045512.2	25206	A	C	29	6	26	3	3	27	0.0857143	35	0.108392	FALSE	NA	NA	NA	NA	NA	NA
NC_045512.2	25207	C	T	27	4	26	5	5	26	0.142857	35	0.022533	FALSE	NA	NA	NA	NA	NA	NA
NC_045512.2	25207	C	G	27	4	26	1	1	24	0.0285714	35	0.451613	FALSE	NA	NA	NA	NA	NA	NA
NC_045512.2	25207	C	A	27	4	26	2	2	26	0.0571429	35	0.207885	FALSE	NA	NA	NA	NA	NA	NA
NC_045512.2	25208	A	T	27	4	26	2	2	25	0.0571429	35	0.207885	FALSE	NA	NA	NA	NA	NA	NA
NC_045512.2	25208	A	G	27	4	26	3	3	23	0.0857143	35	0.0974462	FALSE	NA	NA	NA	NA	NA	NA
NC_045512.2	25208	A	C	27	4	26	3	3	23	0.0857143	35	0.0974462	FALSE	NA	NA	NA	NA	NA	NA
NC_045512.2	25209	T	G	24	2	27	1	1	27	0.0322581	31	0.454545	FALSE	NA	NA	NA	NA	NA	NA
NC_045512.2	25209	T	C	24	2	27	3	3	24	0.0967742	31	0.0999658	FALSE	NA	NA	NA	NA	NA	NA
NC_045512.2	25209	T	A	24	2	27	3	3	23	0.0967742	31	0.0999658	FALSE	NA	NA	NA	NA	NA	NA
NC_045512.2	25210	T	C	29	7	27	1	1	27	0.0333333	30	0.508475	FALSE	NA	NA	NA	NA	NA	NA
NC_045512.2	25211	T	G	26	7	24	2	2	24	0.0645161	31	0.228675	FALSE	NA	NA	NA	NA	NA	NA
NC_045512.2	25211	T	C	26	7	24	2	2	27	0.0645161	31	0.228675	FALSE	NA	NA	NA	NA	NA	NA
NC_045512.2	25211	T	A	26	7	24	1	1	27	0.0322581	31	0.473684	FALSE	NA	NA	NA	NA	NA	NA
NC_045512.2	25212	G	T	26	4	26	3	3	25	0.0909091	33	0.101528	FALSE	NA	NA	NA	NA	NA	NA
NC_045512.2	25212	G	C	26	4	26	3	3	25	0.0909091	33	0.101528	FALSE	NA	NA	NA	NA	NA	NA
NC_045512.2	25212	G	A	26	4	26	1	1	20	0.030303	33	0.457627	FALSE	NA	NA	NA	NA	NA	NA
NC_045512.2	25213	G	T	28	6	24	2	2	27	0.0588235	34	0.222734	FALSE	NA	NA	NA	NA	NA	NA
NC_045512.2	25213	G	A	28	6	24	4	4	24	0.117647	34	0.0531136	FALSE	NA	NA	NA	NA	NA	NA
NC_045512.2	25214	C	T	26	4	27	2	2	26	0.0606061	33	0.213559	FALSE	NA	NA	NA	NA	NA	NA
NC_045512.2	25214	C	G	26	4	27	3	3	24	0.0909091	33	0.101528	FALSE	NA	NA	NA	NA	NA	NA
NC_045512.2	25214	C	A	26	4	27	2	2	23	0.0606061	33	0.213559	FALSE	NA	NA	NA	NA	NA	NA
NC_045512.2	25215	T	G	28	6	27	1	1	25	0.0322581	31	0.491525	FALSE	NA	NA	NA	NA	NA	NA
NC_045512.2	25215	T	C	28	6	27	1	1	25	0.0322581	31	0.491525	FALSE	NA	NA	NA	NA	NA	NA
NC_045512.2	25215	T	A	28	6	27	1	1	28	0.0322581	31	0.491525	FALSE	NA	NA	NA	NA	NA	NA
NC_045512.2	25216	A	C	27	5	27	1	1	24	0.0357143	28	0.509091	FALSE	NA	NA	NA	NA	NA	NA
NC_045512.2	25217	G	A	25	4	27	2	1	24	0.0740741	27	0.254717	FALSE	NA	NA	NA	NA	NA	NA
NC_045512.2	25218	G	C	21	4	24	1	1	28	0.0454545	22	0.511628	FALSE	NA	NA	NA	NA	NA	NA
NC_045512.2	25221	T	G	21	4	28	1	1	24	0.0454545	22	0.511628	FALSE	NA	NA	NA	NA	NA	NA
NC_045512.2	25222	T	G	13	4	22	1	1	28	0.0666667	15	0.5	FALSE	NA	NA	NA	NA	NA	NA
NC_045512.2	25222	T	C	13	4	22	1	0	28	0.0666667	15	0.5	FALSE	NA	NA	NA	NA	NA	NA
NC_045512.2	25224	T	A	21	4	27	1	1	28	0.0454545	22	0.511628	FALSE	NA	NA	NA	NA	NA	NA
NC_045512.2	25227	C	T	21	4	27	1	1	27	0.0454545	22	0.511628	FALSE	NA	NA	NA	NA	NA	NA
NC_045512.2	25228	T	A	21	4	27	1	1	27	0.0454545	22	0.511628	FALSE	NA	NA	NA	NA	NA	NA
NC_045512.2	25229	G	T	21	4	26	1	1	27	0.0454545	22	0.511628	FALSE	NA	NA	NA	NA	NA	NA
NC_045512.2	25231	C	A	21	4	27	1	1	25	0.0454545	22	0.511628	FALSE	NA	NA	NA	NA	NA	NA
NC_045512.2	25232	T	G	21	4	26	1	1	25	0.0454545	22	0.511628	FALSE	NA	NA	NA	NA	NA	NA
NC_045512.2	25233	T	C	21	4	24	1	1	25	0.0454545	22	0.511628	FALSE	NA	NA	NA	NA	NA	NA
NC_045512.2	25234	G	A	21	4	27	1	1	28	0.0454545	22	0.511628	FALSE	NA	NA	NA	NA	NA	NA
NC_045512.2	25235	A	G	21	4	27	1	1	28	0.0454545	22	0.511628	FALSE	NA	NA	NA	NA	NA	NA
NC_045512.2	25237	T	A	21	4	23	1	1	22	0.0454545	22	0.511628	FALSE	NA	NA	NA	NA	NA	NA
NC_045512.2	25238	G	T	21	4	26	1	1	22	0.0454545	22	0.511628	FALSE	NA	NA	NA	NA	NA	NA
NC_045512.2	25239	C	A	21	4	26	1	1	27	0.0454545	22	0.511628	FALSE	NA	NA	NA	NA	NA	NA
NC_045512.2	25240	C	T	20	4	24	1	1	25	0.047619	21	0.512195	FALSE	NA	NA	NA	NA	NA	NA
NC_045512.2	25241	A	C	21	4	27	1	1	24	0.0454545	22	0.511628	FALSE	NA	NA	NA	NA	NA	NA
NC_045512.2	25242	T	A	21	4	27	2	2	23	0.0869565	23	0.255556	FALSE	NA	NA	NA	NA	NA	NA
NC_045512.2	25244	G	T	21	4	27	1	1	23	0.0434783	23	0.5	FALSE	NA	NA	NA	NA	NA	NA
NC_045512.2	25244	G	A	21	4	27	1	1	25	0.0434783	23	0.5	FALSE	NA	NA	NA	NA	NA	NA
NC_045512.2	25245	T	G	22	5	28	1	1	25	0.0434783	23	0.511111	FALSE	NA	NA	NA	NA	NA	NA
NC_045512.2	25246	A	G	22	5	27	1	1	20	0.0434783	23	0.511111	FALSE	NA	NA	NA	NA	NA	NA
NC_045512.2	25247	A	G	21	4	24	2	2	25	0.0869565	23	0.255556	FALSE	NA	NA	NA	NA	NA	NA
NC_045512.2	25248	T	G	21	4	28	1	1	28	0.0434783	23	0.5	FALSE	NA	NA	NA	NA	NA	NA
NC_045512.2	25248	T	C	21	4	28	1	1	23	0.0434783	23	0.5	FALSE	NA	NA	NA	NA	NA	NA
NC_045512.2	25249	G	T	27	4	27	1	1	23	0.0344828	29	0.5	FALSE	NA	NA	NA	NA	NA	NA
NC_045512.2	25249	G	C	27	4	27	1	1	27	0.0344828	29	0.5	FALSE	NA	NA	NA	NA	NA	NA
NC_045512.2	25250	G	T	26	4	25	1	1	27	0.0357143	28	0.5	FALSE	NA	NA	NA	NA	NA	NA
NC_045512.2	25250	G	A	26	4	25	1	1	27	0.0357143	28	0.5	FALSE	NA	NA	NA	NA	NA	NA
NC_045512.2	25251	T	G	28	5	27	1	1	25	0.0344828	29	0.508772	FALSE	NA	NA	NA	NA	NA	NA
NC_045512.2	25252	G	T	26	4	27	2	1	25	0.0714286	28	0.254545	FALSE	NA	NA	NA	NA	NA	NA
NC_045512.2	25253	A	G	27	4	27	1	1	28	0.0344828	29	0.5	FALSE	NA	NA	NA	NA	NA	NA
NC_045512.2	25253	A	C	27	4	27	1	1	25	0.0344828	29	0.5	FALSE	NA	NA	NA	NA	NA	NA
NC_045512.2	25254	C	T	27	4	27	1	1	24	0.0357143	28	0.509091	FALSE	NA	NA	NA	NA	NA	NA
NC_045512.2	25255	A	C	28	5	27	2	2	26	0.0666667	30	0.254237	FALSE	NA	NA	NA	NA	NA	NA
NC_045512.2	25256	A	T	28	6	23	1	1	27	0.0322581	31	0.491525	FALSE	NA	NA	NA	NA	NA	NA
NC_045512.2	25256	A	G	28	6	23	1	1	27	0.0322581	31	0.491525	FALSE	NA	NA	NA	NA	NA	NA
NC_045512.2	25256	A	C	28	6	23	1	1	21	0.0322581	31	0.491525	FALSE	NA	NA	NA	NA	NA	NA
NC_045512.2	25257	T	G	25	3	27	1	1	26	0.0333333	30	0.472727	FALSE	NA	NA	NA	NA	NA	NA
NC_045512.2	25257	T	A	25	3	27	4	4	24	0.133333	30	0.0559809	FALSE	NA	NA	NA	NA	NA	NA
NC_045512.2	25258	T	A	25	7	23	2	2	26	0.0740741	27	0.254717	FALSE	NA	NA	NA	NA	NA	NA
NC_045512.2	25259	A	T	26	4	26	2	2	23	0.0625	32	0.220923	FALSE	NA	NA	NA	NA	NA	NA
NC_045512.2	25259	A	G	26	4	26	3	3	26	0.09375	32	0.10678	FALSE	NA	NA	NA	NA	NA	NA
NC_045512.2	25259	A	C	26	4	26	1	1	21	0.03125	32	0.465517	FALSE	NA	NA	NA	NA	NA	NA
NC_045512.2	25260	T	C	28	6	26	1	1	27	0.03125	32	0.483333	FALSE	NA	NA	NA	NA	NA	NA
NC_045512.2	25260	T	A	28	6	26	3	3	26	0.09375	32	0.118852	FALSE	NA	NA	NA	NA	NA	NA
NC_045512.2	25261	G	T	30	8	26	1	1	27	0.03125	32	0.5	FALSE	NA	NA	NA	NA	NA	NA
NC_045512.2	25261	G	C	30	8	26	1	1	20	0.03125	32	0.5	FALSE	NA	NA	NA	NA	NA	NA
NC_045512.2	25262	C	G	24	6	26	3	3	26	0.107143	28	0.117925	FALSE	NA	NA	NA	NA	NA	NA
NC_045512.2	25262	C	A	24	6	26	1	1	21	0.0357143	28	0.480769	FALSE	NA	NA	NA	NA	NA	NA
NC_045512.2	25262	C	-TT	24	6	26	1	0	20	0.0357143	28	0.480769	FALSE	NA	NA	NA	NA	NA	NA
NC_045512.2	25262	C	-T	24	6	26	16	0	20	0.571429	28	5.59288e-05	TRUE	NA	NA	NA	NA	NA	NA
NC_045512.2	25263	T	G	6	5	22	1	1	27	0.1	10	0.212121	FALSE	NA	NA	NA	NA	NA	NA
NC_045512.2	25263	T	C	6	5	22	2	2	27	0.2	10	0.0499109	FALSE	NA	NA	NA	NA	NA	NA
NC_045512.2	25263	T	A	6	5	22	1	1	27	0.1	10	0.212121	FALSE	NA	NA	NA	NA	NA	NA
NC_045512.2	25264	T	C	25	8	27	1	1	23	0.037037	27	0.490566	FALSE	NA	NA	NA	NA	NA	NA
NC_045512.2	25264	T	A	25	8	27	1	1	27	0.037037	27	0.490566	FALSE	NA	NA	NA	NA	NA	NA
NC_045512.2	25265	T	G	9	5	25	2	2	25	0.142857	14	0.199275	FALSE	NA	NA	NA	NA	NA	NA
NC_045512.2	25265	T	C	9	5	25	2	2	28	0.142857	14	0.199275	FALSE	NA	NA	NA	NA	NA	NA
NC_045512.2	25265	T	A	9	5	25	1	1	23	0.0714286	14	0.434783	FALSE	NA	NA	NA	NA	NA	NA
NC_045512.2	25266	G	T	23	5	25	1	1	28	0.037037	27	0.48	FALSE	NA	NA	NA	NA	NA	NA
NC_045512.2	25266	G	C	23	5	25	2	2	24	0.0740741	27	0.235294	FALSE	NA	NA	NA	NA	NA	NA
NC_045512.2	25266	G	A	23	5	25	1	1	24	0.037037	27	0.48	FALSE	NA	NA	NA	NA	NA	NA
NC_045512.2	25267	C	G	25	7	25	1	1	25	0.0357143	28	0.490566	FALSE	NA	NA	NA	NA	NA	NA
NC_045512.2	25267	C	A	25	7	25	2	2	24	0.0714286	28	0.245283	FALSE	NA	NA	NA	NA	NA	NA
NC_045512.2	25268	T	A	23	5	25	4	4	24	0.148148	27	0.0599334	FALSE	NA	NA	NA	NA	NA	NA
NC_045512.2	25269	G	T	23	5	26	2	2	27	0.0714286	28	0.226244	FALSE	NA	NA	NA	NA	NA	NA
NC_045512.2	25269	G	A	23	5	26	3	3	29	0.107143	28	0.110988	FALSE	NA	NA	NA	NA	NA	NA
NC_045512.2	25270	T	G	24	6	27	2	2	28	0.0714286	28	0.235849	FALSE	NA	NA	NA	NA	NA	NA
NC_045512.2	25270	T	C	24	6	27	1	1	28	0.0357143	28	0.480769	FALSE	NA	NA	NA	NA	NA	NA
NC_045512.2	25270	T	A	24	6	27	1	1	27	0.0357143	28	0.480769	FALSE	NA	NA	NA	NA	NA	NA
NC_045512.2	25271	A	T	24	6	27	2	2	28	0.0714286	28	0.235849	FALSE	NA	NA	NA	NA	NA	NA
NC_045512.2	25271	A	G	24	6	27	2	2	24	0.0714286	28	0.235849	FALSE	NA	NA	NA	NA	NA	NA
NC_045512.2	25272	T	G	22	4	27	1	1	27	0.0357143	28	0.46	FALSE	NA	NA	NA	NA	NA	NA
NC_045512.2	25272	T	C	22	4	27	1	1	28	0.0357143	28	0.46	FALSE	NA	NA	NA	NA	NA	NA
NC_045512.2	25272	T	A	22	4	27	4	4	28	0.142857	28	0.0510544	FALSE	NA	NA	NA	NA	NA	NA
NC_045512.2	25273	G	T	23	5	27	5	5	24	0.178571	28	0.0282514	FALSE	NA	NA	NA	NA	NA	NA
NC_045512.2	25274	A	T	23	5	26	3	3	28	0.107143	28	0.110988	FALSE	NA	NA	NA	NA	NA	NA
NC_045512.2	25274	A	G	23	5	26	1	1	28	0.0357143	28	0.470588	FALSE	NA	NA	NA	NA	NA	NA
NC_045512.2	25274	A	C	23	5	26	1	1	27	0.0357143	28	0.470588	FALSE	NA	NA	NA	NA	NA	NA
NC_045512.2	25275	C	T	22	4	26	3	3	24	0.107143	28	0.104072	FALSE	NA	NA	NA	NA	NA	NA
NC_045512.2	25275	C	G	22	4	26	2	2	25	0.0714286	28	0.216471	FALSE	NA	NA	NA	NA	NA	NA
NC_045512.2	25275	C	A	22	4	26	1	1	27	0.0357143	28	0.46	FALSE	NA	NA	NA	NA	NA	NA
NC_045512.2	25276	C	T	22	6	23	2	2	25	0.08	25	0.244681	FALSE	NA	NA	NA	NA	NA	NA
NC_045512.2	25276	C	A	22	6	23	1	1	23	0.04	25	0.489362	FALSE	NA	NA	NA	NA	NA	NA
NC_045512.2	25277	A	T	24	6	27	1	1	29	0.0357143	28	0.480769	FALSE	NA	NA	NA	NA	NA	NA
NC_045512.2	25277	A	G	24	6	27	1	1	28	0.0357143	28	0.480769	FALSE	NA	NA	NA	NA	NA	NA
NC_045512.2	25277	A	C	24	6	27	2	2	25	0.0714286	28	0.235849	FALSE	NA	NA	NA	NA	NA	NA
NC_045512.2	25278	G	C	24	6	26	1	1	24	0.0357143	28	0.480769	FALSE	NA	NA	NA	NA	NA	NA
NC_045512.2	25278	G	A	24	6	26	3	3	24	0.107143	28	0.117925	FALSE	NA	NA	NA	NA	NA	NA
NC_045512.2	25279	T	G	24	6	25	1	1	28	0.0357143	28	0.480769	FALSE	NA	NA	NA	NA	NA	NA
NC_045512.2	25279	T	C	24	6	25	1	1	28	0.0357143	28	0.480769	FALSE	NA	NA	NA	NA	NA	NA
NC_045512.2	25279	T	A	24	6	25	2	2	25	0.0714286	28	0.235849	FALSE	NA	NA	NA	NA	NA	NA
NC_045512.2	25280	T	G	20	5	24	3	3	26	0.12	25	0.10922	FALSE	NA	NA	NA	NA	NA	NA
NC_045512.2	25280	T	C	20	5	24	1	1	28	0.04	25	0.466667	FALSE	NA	NA	NA	NA	NA	NA
NC_045512.2	25280	T	A	20	5	24	1	1	24	0.04	25	0.466667	FALSE	NA	NA	NA	NA	NA	NA
NC_045512.2	25281	G	T	22	4	27	1	1	24	0.0357143	28	0.46	FALSE	NA	NA	NA	NA	NA	NA
NC_045512.2	25281	G	C	22	4	27	1	1	25	0.0357143	28	0.46	FALSE	NA	NA	NA	NA	NA	NA
NC_045512.2	25281	G	A	22	4	27	4	4	25	0.142857	28	0.0510544	FALSE	NA	NA	NA	NA	NA	NA
NC_045512.2	25282	C	T	22	4	27	2	2	28	0.0714286	28	0.216471	FALSE	NA	NA	NA	NA	NA	NA
NC_045512.2	25282	C	G	22	4	27	1	1	27	0.0357143	28	0.46	FALSE	NA	NA	NA	NA	NA	NA
NC_045512.2	25282	C	A	22	4	27	3	3	26	0.107143	28	0.104072	FALSE	NA	NA	NA	NA	NA	NA
NC_045512.2	25283	T	G	24	6	27	1	1	28	0.037037	27	0.490196	FALSE	NA	NA	NA	NA	NA	NA
NC_045512.2	25283	T	C	24	6	27	1	1	23	0.037037	27	0.490196	FALSE	NA	NA	NA	NA	NA	NA
NC_045512.2	25283	T	A	24	6	27	1	1	22	0.037037	27	0.490196	FALSE	NA	NA	NA	NA	NA	NA
NC_045512.2	25284	G	T	22	4	27	1	1	26	0.0357143	28	0.46	FALSE	NA	NA	NA	NA	NA	NA
NC_045512.2	25284	G	C	22	4	27	3	3	28	0.107143	28	0.104072	FALSE	NA	NA	NA	NA	NA	NA
NC_045512.2	25284	G	A	22	4	27	2	2	27	0.0714286	28	0.216471	FALSE	NA	NA	NA	NA	NA	NA
NC_045512.2	25285	T	A	26	8	26	1	1	23	0.037037	27	0.509434	FALSE	NA	NA	NA	NA	NA	NA
NC_045512.2	25286	A	T	23	5	27	2	2	27	0.0740741	27	0.235294	FALSE	NA	NA	NA	NA	NA	NA
NC_045512.2	25286	A	C	23	5	27	2	2	29	0.0740741	27	0.235294	FALSE	NA	NA	NA	NA	NA	NA
NC_045512.2	25287	G	T	24	6	27	3	3	27	0.107143	28	0.117925	FALSE	NA	NA	NA	NA	NA	NA
NC_045512.2	25287	G	A	24	6	27	1	1	27	0.0357143	28	0.480769	FALSE	NA	NA	NA	NA	NA	NA
NC_045512.2	25288	T	C	22	4	27	3	3	26	0.111111	27	0.110444	FALSE	NA	NA	NA	NA	NA	NA
NC_045512.2	25288	T	A	22	4	27	2	2	24	0.0740741	27	0.225306	FALSE	NA	NA	NA	NA	NA	NA
NC_045512.2	25289	T	C	23	5	24	1	1	27	0.0357143	28	0.470588	FALSE	NA	NA	NA	NA	NA	NA
NC_045512.2	25289	T	A	23	5	24	4	4	26	0.142857	28	0.0554939	FALSE	NA	NA	NA	NA	NA	NA
NC_045512.2	25290	G	T	23	5	28	2	2	27	0.0714286	28	0.226244	FALSE	NA	NA	NA	NA	NA	NA
NC_045512.2	25290	G	C	23	5	28	1	1	23	0.0357143	28	0.470588	FALSE	NA	NA	NA	NA	NA	NA
NC_045512.2	25290	G	A	23	5	28	2	2	26	0.0714286	28	0.226244	FALSE	NA	NA	NA	NA	NA	NA
NC_045512.2	25291	T	C	24	6	28	2	2	27	0.0740741	27	0.245098	FALSE	NA	NA	NA	NA	NA	NA
NC_045512.2	25291	T	A	24	6	28	1	1	24	0.037037	27	0.490196	FALSE	NA	NA	NA	NA	NA	NA
NC_045512.2	25292	C	T	22	4	27	1	1	26	0.0357143	28	0.46	FALSE	NA	NA	NA	NA	NA	NA
NC_045512.2	25292	C	G	22	4	27	3	3	28	0.107143	28	0.104072	FALSE	NA	NA	NA	NA	NA	NA
NC_045512.2	25292	C	A	22	4	27	2	2	25	0.0714286	28	0.216471	FALSE	NA	NA	NA	NA	NA	NA
NC_045512.2	25293	T	G	23	5	27	2	2	22	0.0714286	28	0.226244	FALSE	NA	NA	NA	NA	NA	NA
NC_045512.2	25293	T	A	23	5	27	3	3	25	0.107143	28	0.110988	FALSE	NA	NA	NA	NA	NA	NA
NC_045512.2	25294	C	T	22	4	27	3	3	26	0.111111	27	0.110444	FALSE	NA	NA	NA	NA	NA	NA
NC_045512.2	25294	C	G	22	4	27	1	1	24	0.037037	27	0.469388	FALSE	NA	NA	NA	NA	NA	NA
NC_045512.2	25294	C	A	22	4	27	1	1	27	0.037037	27	0.469388	FALSE	NA	NA	NA	NA	NA	NA
NC_045512.2	25295	A	T	20	3	27	2	2	27	0.08	25	0.223188	FALSE	NA	NA	NA	NA	NA	NA
NC_045512.2	25295	A	G	20	3	27	1	0	27	0.04	25	0.466667	FALSE	NA	NA	NA	NA	NA	NA
NC_045512.2	25295	A	C	20	3	27	2	2	27	0.08	25	0.223188	FALSE	NA	NA	NA	NA	NA	NA
NC_045512.2	25296	A	T	22	6	23	2	2	27	0.0769231	26	0.234694	FALSE	NA	NA	NA	NA	NA	NA
NC_045512.2	25296	A	C	22	6	23	2	2	27	0.0769231	26	0.234694	FALSE	NA	NA	NA	NA	NA	NA
NC_045512.2	25297	G	T	21	4	26	3	3	26	0.111111	27	0.103265	FALSE	NA	NA	NA	NA	NA	NA
NC_045512.2	25297	G	C	21	4	26	2	2	23	0.0740741	27	0.215136	FALSE	NA	NA	NA	NA	NA	NA
NC_045512.2	25297	G	A	21	4	26	1	1	25	0.037037	27	0.458333	FALSE	NA	NA	NA	NA	NA	NA
NC_045512.2	25298	G	C	22	5	27	4	4	28	0.153846	26	0.0598239	FALSE	NA	NA	NA	NA	NA	NA
NC_045512.2	25299	G	T	18	5	23	2	2	27	0.0869565	23	0.220674	FALSE	NA	NA	NA	NA	NA	NA
NC_045512.2	25299	G	A	18	5	23	3	3	25	0.130435	23	0.107771	FALSE	NA	NA	NA	NA	NA	NA
NC_045512.2	25300	C	T	22	5	27	2	2	27	0.0740741	27	0.225306	FALSE	NA	NA	NA	NA	NA	NA
NC_045512.2	25300	C	A	22	5	27	3	3	28	0.111111	27	0.110444	FALSE	NA	NA	NA	NA	NA	NA
NC_045512.2	25301	T	G	22	5	28	3	3	27	0.111111	27	0.110444	FALSE	NA	NA	NA	NA	NA	NA
NC_045512.2	25301	T	C	22	5	28	1	1	28	0.037037	27	0.469388	FALSE	NA	NA	NA	NA	NA	NA
NC_045512.2	25301	T	A	22	5	28	1	1	27	0.037037	27	0.469388	FALSE	NA	NA	NA	NA	NA	NA
NC_045512.2	25302	G	T	23	6	28	1	1	27	0.037037	27	0.48	FALSE	NA	NA	NA	NA	NA	NA
NC_045512.2	25302	G	A	23	6	28	3	3	23	0.111111	27	0.117647	FALSE	NA	NA	NA	NA	NA	NA
NC_045512.2	25303	T	C	20	3	28	2	2	23	0.0769231	26	0.213691	FALSE	NA	NA	NA	NA	NA	NA
NC_045512.2	25303	T	A	20	3	28	4	4	28	0.153846	26	0.050152	FALSE	NA	NA	NA	NA	NA	NA
NC_045512.2	25304	T	G	22	5	25	2	2	27	0.0769231	26	0.234694	FALSE	NA	NA	NA	NA	NA	NA
NC_045512.2	25304	T	C	22	5	25	2	2	27	0.0769231	26	0.234694	FALSE	NA	NA	NA	NA	NA	NA
NC_045512.2	25305	G	T	21	4	28	2	2	22	0.0740741	27	0.215136	FALSE	NA	NA	NA	NA	NA	NA
NC_045512.2	25305	G	C	21	4	28	2	2	28	0.0740741	27	0.215136	FALSE	NA	NA	NA	NA	NA	NA
NC_045512.2	25305	G	A	21	4	28	2	2	27	0.0740741	27	0.215136	FALSE	NA	NA	NA	NA	NA	NA
NC_045512.2	25306	T	A	26	9	27	1	1	28	0.037037	27	0.509434	FALSE	NA	NA	NA	NA	NA	NA
NC_045512.2	25307	T	G	22	5	24	3	3	24	0.111111	27	0.110444	FALSE	NA	NA	NA	NA	NA	NA
NC_045512.2	25307	T	C	22	5	24	2	2	25	0.0740741	27	0.225306	FALSE	NA	NA	NA	NA	NA	NA
NC_045512.2	25308	C	T	22	5	27	2	2	27	0.0740741	27	0.225306	FALSE	NA	NA	NA	NA	NA	NA
NC_045512.2	25308	C	G	22	5	27	2	2	27	0.0740741	27	0.225306	FALSE	NA	NA	NA	NA	NA	NA
NC_045512.2	25308	C	A	22	5	27	1	1	26	0.037037	27	0.469388	FALSE	NA	NA	NA	NA	NA	NA
NC_045512.2	25309	T	C	22	5	27	1	1	23	0.0384615	26	0.479167	FALSE	NA	NA	NA	NA	NA	NA
NC_045512.2	25309	T	A	22	5	27	3	3	24	0.115385	26	0.117347	FALSE	NA	NA	NA	NA	NA	NA
NC_045512.2	25310	T	G	22	5	24	1	1	26	0.037037	27	0.469388	FALSE	NA	NA	NA	NA	NA	NA
NC_045512.2	25310	T	C	22	5	24	1	1	32	0.037037	27	0.469388	FALSE	NA	NA	NA	NA	NA	NA
NC_045512.2	25310	T	A	22	5	24	3	3	26	0.111111	27	0.110444	FALSE	NA	NA	NA	NA	NA	NA
NC_045512.2	25310	T	-G	22	5	24	1	0	20	0.037037	27	0.469388	FALSE	NA	NA	NA	NA	NA	NA
NC_045512.2	25311	G	C	21	5	27	1	1	26	0.0384615	26	0.458333	FALSE	NA	NA	NA	NA	NA	NA
NC_045512.2	25311	G	A	21	5	27	4	4	23	0.153846	26	0.0506202	FALSE	NA	NA	NA	NA	NA	NA
NC_045512.2	25312	T	G	21	5	27	2	2	24	0.0769231	26	0.224291	FALSE	NA	NA	NA	NA	NA	NA
NC_045512.2	25312	T	C	21	5	27	1	0	27	0.0384615	26	0.468085	FALSE	NA	NA	NA	NA	NA	NA
NC_045512.2	25312	T	A	21	5	27	2	2	25	0.0769231	26	0.224291	FALSE	NA	NA	NA	NA	NA	NA
NC_045512.2	25313	G	T	22	5	27	3	3	23	0.115385	26	0.117347	FALSE	NA	NA	NA	NA	NA	NA
NC_045512.2	25313	G	A	22	5	27	1	1	28	0.0384615	26	0.479167	FALSE	NA	NA	NA	NA	NA	NA
NC_045512.2	25314	G	T	21	4	24	1	1	26	0.037037	27	0.458333	FALSE	NA	NA	NA	NA	NA	NA
NC_045512.2	25314	G	C	21	4	24	1	1	28	0.037037	27	0.458333	FALSE	NA	NA	NA	NA	NA	NA
NC_045512.2	25314	G	A	21	4	24	4	4	23	0.148148	27	0.0506202	FALSE	NA	NA	NA	NA	NA	NA
NC_045512.2	25315	A	T	23	6	27	3	3	22	0.111111	27	0.117647	FALSE	NA	NA	NA	NA	NA	NA
NC_045512.2	25315	A	G	23	6	27	1	1	29	0.037037	27	0.48	FALSE	NA	NA	NA	NA	NA	NA
NC_045512.2	25316	T	G	22	5	28	2	2	26	0.0740741	27	0.225306	FALSE	NA	NA	NA	NA	NA	NA
NC_045512.2	25316	T	C	22	5	28	2	2	25	0.0740741	27	0.225306	FALSE	NA	NA	NA	NA	NA	NA
NC_045512.2	25316	T	A	22	5	28	1	1	22	0.037037	27	0.469388	FALSE	NA	NA	NA	NA	NA	NA
NC_045512.2	25317	C	T	21	4	27	2	2	24	0.0769231	26	0.224291	FALSE	NA	NA	NA	NA	NA	NA
NC_045512.2	25317	C	G	21	4	27	1	1	24	0.0384615	26	0.468085	FALSE	NA	NA	NA	NA	NA	NA
NC_045512.2	25317	C	A	21	4	27	2	2	26	0.0769231	26	0.224291	FALSE	NA	NA	NA	NA	NA	NA
NC_045512.2	25318	C	T	20	4	24	1	1	27	0.04	25	0.466667	FALSE	NA	NA	NA	NA	NA	NA
NC_045512.2	25318	C	G	20	4	24	4	4	28	0.16	25	0.0546099	FALSE	NA	NA	NA	NA	NA	NA
NC_045512.2	25319	T	G	22	5	27	2	2	24	0.0740741	27	0.225306	FALSE	NA	NA	NA	NA	NA	NA
NC_045512.2	25319	T	C	22	5	27	2	2	28	0.0740741	27	0.225306	FALSE	NA	NA	NA	NA	NA	NA
NC_045512.2	25319	T	A	22	5	27	1	1	22	0.037037	27	0.469388	FALSE	NA	NA	NA	NA	NA	NA
NC_045512.2	25320	G	C	22	5	27	1	1	20	0.037037	27	0.469388	FALSE	NA	NA	NA	NA	NA	NA
NC_045512.2	25320	G	A	22	5	27	4	4	28	0.148148	27	0.0552221	FALSE	NA	NA	NA	NA	NA	NA
NC_045512.2	25321	C	T	22	5	27	1	1	27	0.037037	27	0.469388	FALSE	NA	NA	NA	NA	NA	NA
NC_045512.2	25321	C	G	22	5	27	2	2	27	0.0740741	27	0.225306	FALSE	NA	NA	NA	NA	NA	NA
NC_045512.2	25321	C	A	22	5	27	2	2	24	0.0740741	27	0.225306	FALSE	NA	NA	NA	NA	NA	NA
NC_045512.2	25322	T	G	23	6	27	2	2	26	0.0740741	27	0.235294	FALSE	NA	NA	NA	NA	NA	NA
NC_045512.2	25322	T	A	23	6	27	2	2	29	0.0740741	27	0.235294	FALSE	NA	NA	NA	NA	NA	NA
NC_045512.2	25323	G	T	21	4	27	2	2	26	0.0740741	27	0.215136	FALSE	NA	NA	NA	NA	NA	NA
NC_045512.2	25323	G	A	21	4	27	4	4	28	0.148148	27	0.0506202	FALSE	NA	NA	NA	NA	NA	NA
NC_045512.2	25324	C	T	22	5	26	2	2	27	0.0740741	27	0.225306	FALSE	NA	NA	NA	NA	NA	NA
NC_045512.2	25324	C	G	22	5	26	2	2	25	0.0740741	27	0.225306	FALSE	NA	NA	NA	NA	NA	NA
NC_045512.2	25324	C	A	22	5	26	1	1	27	0.037037	27	0.469388	FALSE	NA	NA	NA	NA	NA	NA
NC_045512.2	25325	A	T	22	6	26	2	2	27	0.0769231	26	0.234694	FALSE	NA	NA	NA	NA	NA	NA
NC_045512.2	25325	A	G	22	6	26	1	1	27	0.0384615	26	0.479167	FALSE	NA	NA	NA	NA	NA	NA
NC_045512.2	25325	A	C	22	6	26	1	1	26	0.0384615	26	0.479167	FALSE	NA	NA	NA	NA	NA	NA
NC_045512.2	25326	A	T	20	6	27	3	3	25	0.125	24	0.116667	FALSE	NA	NA	NA	NA	NA	NA
NC_045512.2	25326	A	G	20	6	27	1	1	26	0.0416667	24	0.477273	FALSE	NA	NA	NA	NA	NA	NA
NC_045512.2	25327	A	T	13	6	24	1	1	28	0.0666667	15	0.5	FALSE	NA	NA	NA	NA	NA	NA
NC_045512.2	25327	A	G	13	6	24	1	1	27	0.0666667	15	0.5	FALSE	NA	NA	NA	NA	NA	NA
NC_045512.2	25328	T	G	15	4	26	2	2	27	0.105263	19	0.228571	FALSE	NA	NA	NA	NA	NA	NA
NC_045512.2	25328	T	A	15	4	26	2	2	25	0.105263	19	0.228571	FALSE	NA	NA	NA	NA	NA	NA
NC_045512.2	25329	T	C	16	5	28	1	1	27	0.05	20	0.472222	FALSE	NA	NA	NA	NA	NA	NA
NC_045512.2	25329	T	A	16	5	28	3	3	25	0.15	20	0.114865	FALSE	NA	NA	NA	NA	NA	NA
NC_045512.2	25330	T	G	12	4	24	2	2	27	0.117647	17	0.209195	FALSE	NA	NA	NA	NA	NA	NA
NC_045512.2	25330	T	A	12	4	24	3	3	27	0.176471	17	0.101224	FALSE	NA	NA	NA	NA	NA	NA
NC_045512.2	25331	G	T	16	5	27	2	2	25	0.1	20	0.22973	FALSE	NA	NA	NA	NA	NA	NA
NC_045512.2	25331	G	C	16	5	27	2	2	28	0.1	20	0.22973	FALSE	NA	NA	NA	NA	NA	NA
NC_045512.2	25332	A	T	16	5	27	2	2	27	0.111111	18	0.257143	FALSE	NA	NA	NA	NA	NA	NA
NC_045512.2	25333	T	G	15	4	27	4	4	25	0.2	20	0.0525097	FALSE	NA	NA	NA	NA	NA	NA
NC_045512.2	25333	T	A	15	4	27	1	1	28	0.05	20	0.457143	FALSE	NA	NA	NA	NA	NA	NA
NC_045512.2	25334	G	T	15	4	26	3	3	26	0.157895	19	0.114286	FALSE	NA	NA	NA	NA	NA	NA
NC_045512.2	25334	G	C	15	4	26	1	1	21	0.0526316	19	0.470588	FALSE	NA	NA	NA	NA	NA	NA
NC_045512.2	25335	A	C	18	7	25	2	2	24	0.1	20	0.25641	FALSE	NA	NA	NA	NA	NA	NA
NC_045512.2	25336	A	T	15	6	24	2	2	26	0.111111	18	0.242424	FALSE	NA	NA	NA	NA	NA	NA
NC_045512.2	25336	A	G	15	6	24	1	1	27	0.0555556	18	0.484848	FALSE	NA	NA	NA	NA	NA	NA
NC_045512.2	25337	G	T	15	4	26	3	3	23	0.157895	19	0.114286	FALSE	NA	NA	NA	NA	NA	NA
NC_045512.2	25337	G	A	15	4	26	1	1	25	0.0526316	19	0.470588	FALSE	NA	NA	NA	NA	NA	NA
NC_045512.2	25338	A	T	16	5	27	2	2	26	0.1	20	0.22973	FALSE	NA	NA	NA	NA	NA	NA
NC_045512.2	25338	A	G	16	5	27	2	2	21	0.1	20	0.22973	FALSE	NA	NA	NA	NA	NA	NA
NC_045512.2	25339	C	G	15	4	27	3	3	27	0.157895	19	0.114286	FALSE	NA	NA	NA	NA	NA	NA
NC_045512.2	25339	C	A	15	4	27	1	1	30	0.0526316	19	0.470588	FALSE	NA	NA	NA	NA	NA	NA
NC_045512.2	25340	G	T	15	4	26	1	1	28	0.0555556	18	0.484848	FALSE	NA	NA	NA	NA	NA	NA
NC_045512.2	25340	G	A	15	4	26	2	2	27	0.111111	18	0.242424	FALSE	NA	NA	NA	NA	NA	NA
NC_045512.2	25376	T	G	43	4	23	1	1	27	0.0227273	44	0.505747	FALSE	NA	NA	NA	NA	NA	NA
NC_045512.2	25377	A	G	49	5	26	2	2	26	0.0392157	51	0.252475	FALSE	NA	NA	NA	NA	NA	NA
NC_045512.2	25378	C	T	48	4	27	1	1	27	0.0196078	51	0.494949	FALSE	NA	NA	NA	NA	NA	NA
NC_045512.2	25378	C	G	48	4	27	1	1	25	0.0196078	51	0.494949	FALSE	NA	NA	NA	NA	NA	NA
NC_045512.2	25378	C	A	48	4	27	1	1	23	0.0196078	51	0.494949	FALSE	NA	NA	NA	NA	NA	NA
NC_045512.2	25379	A	T	48	4	27	1	1	25	0.02	50	0.5	FALSE	NA	NA	NA	NA	NA	NA
NC_045512.2	25379	A	G	48	4	27	1	1	28	0.02	50	0.5	FALSE	NA	NA	NA	NA	NA	NA
NC_045512.2	25380	C	G	48	4	27	2	2	24	0.0392157	51	0.247475	FALSE	NA	NA	NA	NA	NA	NA
NC_045512.2	25380	C	A	48	4	27	1	1	23	0.0196078	51	0.494949	FALSE	NA	NA	NA	NA	NA	NA
NC_045512.2	25381	A	C	50	6	27	1	1	23	0.0196078	51	0.50495	FALSE	NA	NA	NA	NA	NA	NA
NC_045512.2	25382	T	G	48	4	27	1	1	29	0.02	50	0.5	FALSE	NA	NA	NA	NA	NA	NA
NC_045512.2	25382	T	C	48	4	27	1	1	26	0.02	50	0.5	FALSE	NA	NA	NA	NA	NA	NA
NC_045512.2	25383	A	T	45	1	27	1	1	25	0.0212766	47	0.5	FALSE	NA	NA	NA	NA	NA	NA
NC_045512.2	25383	A	G	45	1	27	1	1	23	0.0212766	47	0.5	FALSE	NA	NA	NA	NA	NA	NA
NC_045512.2	25384	A	T	47	4	27	1	1	23	0.02	50	0.494845	FALSE	NA	NA	NA	NA	NA	NA
NC_045512.2	25384	A	G	47	4	27	1	0	28	0.02	50	0.494845	FALSE	NA	NA	NA	NA	NA	NA
NC_045512.2	25384	A	C	47	4	27	1	1	25	0.02	50	0.494845	FALSE	NA	NA	NA	NA	NA	NA
NC_045512.2	25385	A	T	38	4	22	2	2	24	0.05	40	0.253165	FALSE	NA	NA	NA	NA	NA	NA
NC_045512.2	25386	C	T	48	4	26	1	1	27	0.0196078	51	0.494949	FALSE	NA	NA	NA	NA	NA	NA
NC_045512.2	25386	C	A	48	4	26	2	2	27	0.0392157	51	0.247475	FALSE	NA	NA	NA	NA	NA	NA
NC_045512.2	25387	G	T	48	4	26	1	1	27	0.0196078	51	0.494949	FALSE	NA	NA	NA	NA	NA	NA
NC_045512.2	25387	G	A	48	4	26	2	2	27	0.0392157	51	0.247475	FALSE	NA	NA	NA	NA	NA	NA
NC_045512.2	25388	A	T	47	3	26	2	2	24	0.04	50	0.247423	FALSE	NA	NA	NA	NA	NA	NA
NC_045512.2	25388	A	G	47	3	26	1	1	27	0.02	50	0.494845	FALSE	NA	NA	NA	NA	NA	NA
NC_045512.2	25389	A	T	40	4	23	1	1	27	0.0227273	44	0.488095	FALSE	NA	NA	NA	NA	NA	NA
NC_045512.2	25389	A	G	40	4	23	2	1	25	0.0454545	44	0.241176	FALSE	NA	NA	NA	NA	NA	NA
NC_045512.2	25389	A	C	40	4	23	1	1	26	0.0227273	44	0.488095	FALSE	NA	NA	NA	NA	NA	NA
NC_045512.2	25390	C	T	49	5	26	1	1	21	0.0196078	51	0.5	FALSE	NA	NA	NA	NA	NA	NA
NC_045512.2	25390	C	A	49	5	26	1	1	24	0.0196078	51	0.5	FALSE	NA	NA	NA	NA	NA	NA
NC_045512.2	25391	T	C	49	5	27	1	1	24	0.0192308	52	0.49505	FALSE	NA	NA	NA	NA	NA	NA
NC_045512.2	25391	T	A	49	5	27	2	2	25	0.0384615	52	0.247525	FALSE	NA	NA	NA	NA	NA	NA
NC_045512.2	25392	T	C	49	6	23	2	2	27	0.0384615	52	0.247525	FALSE	NA	NA	NA	NA	NA	NA
NC_045512.2	25392	T	A	49	6	23	1	1	23	0.0192308	52	0.49505	FALSE	NA	NA	NA	NA	NA	NA
NC_045512.2	25393	A	T	50	6	27	1	1	31	0.0192308	52	0.5	FALSE	NA	NA	NA	NA	NA	NA
NC_045512.2	25393	A	G	50	6	27	1	1	27	0.0192308	52	0.5	FALSE	NA	NA	NA	NA	NA	NA
NC_045512.2	25394	T	G	51	7	27	1	1	28	0.0188679	53	0.5	FALSE	NA	NA	NA	NA	NA	NA
NC_045512.2	25394	T	C	51	7	27	1	1	28	0.0188679	53	0.5	FALSE	NA	NA	NA	NA	NA	NA
NC_045512.2	25395	G	T	48	4	27	3	3	29	0.0566038	53	0.117754	FALSE	NA	NA	NA	NA	NA	NA
NC_045512.2	25395	G	C	48	4	27	1	1	28	0.0188679	53	0.485149	FALSE	NA	NA	NA	NA	NA	NA
NC_045512.2	25395	G	A	48	4	27	1	1	26	0.0188679	53	0.485149	FALSE	NA	NA	NA	NA	NA	NA
NC_045512.2	25396	G	T	46	5	23	1	1	28	0.02	50	0.489583	FALSE	NA	NA	NA	NA	NA	NA
NC_045512.2	25396	G	C	46	5	23	1	1	25	0.02	50	0.489583	FALSE	NA	NA	NA	NA	NA	NA
NC_045512.2	25396	G	A	46	5	23	2	2	29	0.04	50	0.242268	FALSE	NA	NA	NA	NA	NA	NA
NC_045512.2	25397	A	T	49	5	26	1	1	30	0.0188679	53	0.490196	FALSE	NA	NA	NA	NA	NA	NA
NC_045512.2	25397	A	G	49	5	26	1	1	29	0.0188679	53	0.490196	FALSE	NA	NA	NA	NA	NA	NA
NC_045512.2	25397	A	C	49	5	26	2	2	27	0.0377358	53	0.242718	FALSE	NA	NA	NA	NA	NA	NA
NC_045512.2	25398	T	C	48	4	26	1	1	25	0.0192308	52	0.49	FALSE	NA	NA	NA	NA	NA	NA
NC_045512.2	25398	T	A	48	4	26	3	3	27	0.0576923	52	0.121287	FALSE	NA	NA	NA	NA	NA	NA
NC_045512.2	25399	T	C	49	5	26	2	2	27	0.0377358	53	0.242718	FALSE	NA	NA	NA	NA	NA	NA
NC_045512.2	25399	T	A	49	5	26	2	2	24	0.0377358	53	0.242718	FALSE	NA	NA	NA	NA	NA	NA
NC_045512.2	25400	T	G	31	6	22	1	1	28	0.0294118	34	0.492308	FALSE	NA	NA	NA	NA	NA	NA
NC_045512.2	25400	T	A	31	6	22	2	2	28	0.0588235	34	0.246154	FALSE	NA	NA	NA	NA	NA	NA
NC_045512.2	25401	G	T	49	5	26	2	2	28	0.0377358	53	0.242718	FALSE	NA	NA	NA	NA	NA	NA
NC_045512.2	25401	G	A	49	5	26	2	2	24	0.0377358	53	0.242718	FALSE	NA	NA	NA	NA	NA	NA
NC_045512.2	25401	G	-T	49	5	26	1	0	20	0.0188679	53	0.490196	FALSE	NA	NA	NA	NA	NA	NA
NC_045512.2	25402	T	C	47	4	26	1	1	24	0.0192308	52	0.48	FALSE	NA	NA	NA	NA	NA	NA
NC_045512.2	25402	T	A	47	4	26	4	4	24	0.0769231	52	0.0565222	FALSE	NA	NA	NA	NA	NA	NA
NC_045512.2	25403	T	C	48	4	27	2	2	27	0.0377358	53	0.237818	FALSE	NA	NA	NA	NA	NA	NA
NC_045512.2	25403	T	A	48	4	27	3	3	28	0.0566038	53	0.117754	FALSE	NA	NA	NA	NA	NA	NA
NC_045512.2	25404	T	C	36	4	22	2	2	28	0.0487805	41	0.234099	FALSE	NA	NA	NA	NA	NA	NA
NC_045512.2	25404	T	A	36	4	22	3	3	28	0.0731707	41	0.115568	FALSE	NA	NA	NA	NA	NA	NA
NC_045512.2	25405	A	G	49	5	27	2	2	23	0.0377358	53	0.242718	FALSE	NA	NA	NA	NA	NA	NA
NC_045512.2	25405	A	C	49	5	27	2	2	26	0.0377358	53	0.242718	FALSE	NA	NA	NA	NA	NA	NA
NC_045512.2	25406	T	G	49	5	27	3	3	26	0.0576923	52	0.124964	FALSE	NA	NA	NA	NA	NA	NA
NC_045512.2	25407	G	T	48	4	27	2	2	24	0.0384615	52	0.242574	FALSE	NA	NA	NA	NA	NA	NA
NC_045512.2	25407	G	A	48	4	27	2	2	23	0.0384615	52	0.242574	FALSE	NA	NA	NA	NA	NA	NA
NC_045512.2	25408	A	T	50	6	27	1	1	28	0.0188679	53	0.495146	FALSE	NA	NA	NA	NA	NA	NA
NC_045512.2	25408	A	G	50	6	27	1	1	23	0.0188679	53	0.495146	FALSE	NA	NA	NA	NA	NA	NA
NC_045512.2	25408	A	C	50	6	27	1	1	23	0.0188679	53	0.495146	FALSE	NA	NA	NA	NA	NA	NA
NC_045512.2	25408	A	-G	50	6	27	6	0	20	0.113208	53	0.0169676	FALSE	NA	NA	NA	NA	NA	NA
NC_045512.2	25409	G	T	43	5	27	1	1	23	0.0212766	47	0.458333	FALSE	NA	NA	NA	NA	NA	NA
NC_045512.2	25409	G	C	43	5	27	3	3	27	0.0638298	47	0.0998054	FALSE	NA	NA	NA	NA	NA	NA
NC_045512.2	25410	A	T	48	4	27	4	4	25	0.0754717	53	0.0588772	FALSE	NA	NA	NA	NA	NA	NA
NC_045512.2	25410	A	C	48	4	27	1	1	27	0.0188679	53	0.485149	FALSE	NA	NA	NA	NA	NA	NA
NC_045512.2	25411	A	T	46	5	23	3	3	29	0.06	50	0.121134	FALSE	NA	NA	NA	NA	NA	NA
NC_045512.2	25411	A	G	46	5	23	1	1	29	0.02	50	0.489583	FALSE	NA	NA	NA	NA	NA	NA
NC_045512.2	25412	T	G	50	6	27	1	1	28	0.0188679	53	0.495146	FALSE	NA	NA	NA	NA	NA	NA
NC_045512.2	25412	T	A	50	6	27	2	2	27	0.0377358	53	0.247573	FALSE	NA	NA	NA	NA	NA	NA
NC_045512.2	25413	C	T	48	4	27	3	3	27	0.0566038	53	0.117754	FALSE	NA	NA	NA	NA	NA	NA
NC_045512.2	25413	C	G	48	4	27	1	1	24	0.0188679	53	0.485149	FALSE	NA	NA	NA	NA	NA	NA
NC_045512.2	25413	C	A	48	4	27	1	1	28	0.0188679	53	0.485149	FALSE	NA	NA	NA	NA	NA	NA
NC_045512.2	25414	T	G	46	3	27	4	4	25	0.0769231	52	0.0564056	FALSE	NA	NA	NA	NA	NA	NA
NC_045512.2	25414	T	C	46	3	27	1	0	21	0.0192308	52	0.479592	FALSE	NA	NA	NA	NA	NA	NA
NC_045512.2	25414	T	A	46	3	27	1	1	28	0.0192308	52	0.479592	FALSE	NA	NA	NA	NA	NA	NA
NC_045512.2	25415	T	G	49	5	28	3	3	27	0.0566038	53	0.121359	FALSE	NA	NA	NA	NA	NA	NA
NC_045512.2	25415	T	A	49	5	28	1	1	27	0.0188679	53	0.490196	FALSE	NA	NA	NA	NA	NA	NA
NC_045512.2	25416	C	T	0	0	0	42	7	23	0.954545	44	3.01316e-25	TRUE	NA	NA	NA	NA	NA	NA
NC_045512.2	25416	C	A	0	0	0	2	2	26	0.0454545	44	0.0010101	TRUE	NA	NA	NA	NA	NA	NA
NC_045512.2	25417	A	T	48	4	27	3	3	26	0.0576923	52	0.121287	FALSE	NA	NA	NA	NA	NA	NA
NC_045512.2	25417	A	G	48	4	27	1	1	23	0.0192308	52	0.49	FALSE	NA	NA	NA	NA	NA	NA
NC_045512.2	25418	C	T	48	4	27	4	4	25	0.0754717	53	0.0588772	FALSE	NA	NA	NA	NA	NA	NA
NC_045512.2	25418	C	G	48	4	27	1	1	28	0.0188679	53	0.485149	FALSE	NA	NA	NA	NA	NA	NA
NC_045512.2	25419	A	T	48	4	27	3	3	27	0.0566038	53	0.117754	FALSE	NA	NA	NA	NA	NA	NA
NC_045512.2	25419	A	G	48	4	27	1	1	27	0.0188679	53	0.485149	FALSE	NA	NA	NA	NA	NA	NA
NC_045512.2	25419	A	C	48	4	27	1	1	27	0.0188679	53	0.485149	FALSE	NA	NA	NA	NA	NA	NA
NC_045512.2	25420	A	T	46	4	23	3	3	24	0.0576923	52	0.113939	FALSE	NA	NA	NA	NA	NA	NA
NC_045512.2	25420	A	G	46	4	23	2	2	26	0.0384615	52	0.232529	FALSE	NA	NA	NA	NA	NA	NA
NC_045512.2	25420	A	C	46	4	23	1	1	29	0.0192308	52	0.479592	FALSE	NA	NA	NA	NA	NA	NA
NC_045512.2	25421	T	C	52	8	27	1	1	27	0.0188679	53	0.504762	FALSE	NA	NA	NA	NA	NA	NA
NC_045512.2	25422	T	C	52	8	23	1	1	28	0.0185185	54	0.5	FALSE	NA	NA	NA	NA	NA	NA
NC_045512.2	25422	T	A	52	8	23	1	1	22	0.0185185	54	0.5	FALSE	NA	NA	NA	NA	NA	NA
NC_045512.2	25423	G	T	48	4	27	2	2	26	0.037037	54	0.2332	FALSE	NA	NA	NA	NA	NA	NA
NC_045512.2	25423	G	A	48	4	27	4	4	26	0.0740741	54	0.0566343	FALSE	NA	NA	NA	NA	NA	NA
NC_045512.2	25424	G	T	47	4	23	2	2	29	0.0384615	52	0.237576	FALSE	NA	NA	NA	NA	NA	NA
NC_045512.2	25424	G	A	47	4	23	3	3	26	0.0576923	52	0.117612	FALSE	NA	NA	NA	NA	NA	NA
NC_045512.2	25425	A	T	48	4	27	2	2	28	0.037037	54	0.2332	FALSE	NA	NA	NA	NA	NA	NA
NC_045512.2	25425	A	G	48	4	27	4	4	26	0.0740741	54	0.0566343	FALSE	NA	NA	NA	NA	NA	NA
NC_045512.2	25426	A	G	48	6	23	4	4	26	0.0769231	52	0.0612323	FALSE	NA	NA	NA	NA	NA	NA
NC_045512.2	25427	C	T	48	5	27	1	0	29	0.0181818	55	0.475728	FALSE	NA	NA	NA	NA	NA	NA
NC_045512.2	25427	C	G	48	5	27	3	3	26	0.0545455	55	0.11109	FALSE	NA	NA	NA	NA	NA	NA
NC_045512.2	25427	C	A	48	5	27	3	3	26	0.0545455	55	0.11109	FALSE	NA	NA	NA	NA	NA	NA
NC_045512.2	25428	T	G	49	5	27	2	2	28	0.0363636	55	0.233516	FALSE	NA	NA	NA	NA	NA	NA
NC_045512.2	25428	T	C	49	5	27	2	2	24	0.0363636	55	0.233516	FALSE	NA	NA	NA	NA	NA	NA
NC_045512.2	25428	T	A	49	5	27	2	2	23	0.0363636	55	0.233516	FALSE	NA	NA	NA	NA	NA	NA
NC_045512.2	25429	G	T	42	5	27	1	1	22	0.0181818	55	0.443299	FALSE	NA	NA	NA	NA	NA	NA
NC_045512.2	25429	G	C	42	5	27	7	0	27	0.127273	55	0.00433546	TRUE	NA	NA	NA	NA	NA	NA
NC_045512.2	25429	G	A	42	5	27	5	5	25	0.0909091	55	0.0193658	FALSE	NA	NA	NA	NA	NA	NA
NC_045512.2	25430	T	G	52	8	27	1	1	29	0.0181818	55	0.495327	FALSE	NA	NA	NA	NA	NA	NA
NC_045512.2	25430	T	A	52	8	27	2	2	25	0.0363636	55	0.247664	FALSE	NA	NA	NA	NA	NA	NA
NC_045512.2	25431	A	T	48	4	28	5	5	25	0.0909091	55	0.0269939	FALSE	NA	NA	NA	NA	NA	NA
NC_045512.2	25431	A	C	48	4	28	2	2	28	0.0363636	55	0.228715	FALSE	NA	NA	NA	NA	NA	NA
NC_045512.2	25432	A	T	47	5	24	3	3	24	0.0566038	53	0.114153	FALSE	NA	NA	NA	NA	NA	NA
NC_045512.2	25432	A	G	47	5	24	1	1	27	0.0188679	53	0.48	FALSE	NA	NA	NA	NA	NA	NA
NC_045512.2	25432	A	C	47	5	24	2	2	23	0.0377358	53	0.232871	FALSE	NA	NA	NA	NA	NA	NA
NC_045512.2	25433	C	T	49	5	27	4	4	25	0.0740741	54	0.0589459	FALSE	NA	NA	NA	NA	NA	NA
NC_045512.2	25433	C	G	49	5	27	1	1	28	0.0185185	54	0.485437	FALSE	NA	NA	NA	NA	NA	NA
NC_045512.2	25434	T	A	53	9	27	1	1	25	0.0185185	54	0.504673	FALSE	NA	NA	NA	NA	NA	NA
NC_045512.2	25435	T	C	51	7	28	2	2	25	0.0363636	55	0.242991	FALSE	NA	NA	NA	NA	NA	NA
NC_045512.2	25435	T	A	51	7	28	2	2	26	0.0363636	55	0.242991	FALSE	NA	NA	NA	NA	NA	NA
NC_045512.2	25436	T	C	40	4	23	3	3	27	0.0652174	46	0.112461	FALSE	NA	NA	NA	NA	NA	NA
NC_045512.2	25436	T	A	40	4	23	3	3	25	0.0652174	46	0.112461	FALSE	NA	NA	NA	NA	NA	NA
NC_045512.2	25437	G	T	48	4	27	3	3	26	0.0545455	55	0.11109	FALSE	NA	NA	NA	NA	NA	NA
NC_045512.2	25437	G	C	48	4	27	2	2	26	0.0363636	55	0.228715	FALSE	NA	NA	NA	NA	NA	NA
NC_045512.2	25437	G	A	48	4	27	2	2	21	0.0363636	55	0.228715	FALSE	NA	NA	NA	NA	NA	NA
NC_045512.2	25438	A	T	51	8	27	1	1	28	0.0185185	54	0.495238	FALSE	NA	NA	NA	NA	NA	NA
NC_045512.2	25438	A	G	51	8	27	2	1	32	0.037037	54	0.247619	FALSE	NA	NA	NA	NA	NA	NA
NC_045512.2	25439	A	T	47	7	23	3	3	24	0.0576923	52	0.117612	FALSE	NA	NA	NA	NA	NA	NA
NC_045512.2	25439	A	G	47	7	23	2	1	27	0.0384615	52	0.237576	FALSE	NA	NA	NA	NA	NA	NA
NC_045512.2	25440	G	T	49	5	27	4	4	27	0.0740741	54	0.0589459	FALSE	NA	NA	NA	NA	NA	NA
NC_045512.2	25440	G	A	49	5	27	1	1	27	0.0185185	54	0.485437	FALSE	NA	NA	NA	NA	NA	NA
NC_045512.2	25441	C	T	49	5	27	2	2	27	0.0357143	56	0.229111	FALSE	NA	NA	NA	NA	NA	NA
NC_045512.2	25441	C	G	49	5	27	4	4	23	0.0714286	56	0.0546408	FALSE	NA	NA	NA	NA	NA	NA
NC_045512.2	25441	C	A	49	5	27	1	1	26	0.0178571	56	0.47619	FALSE	NA	NA	NA	NA	NA	NA
NC_045512.2	25442	A	G	49	5	27	5	5	26	0.0909091	55	0.0283712	FALSE	NA	NA	NA	NA	NA	NA
NC_045512.2	25442	A	C	49	5	27	1	1	27	0.0181818	55	0.480769	FALSE	NA	NA	NA	NA	NA	NA
NC_045512.2	25443	A	T	52	9	23	1	1	26	0.0181818	55	0.495327	FALSE	NA	NA	NA	NA	NA	NA
NC_045512.2	25443	A	G	52	9	23	2	2	27	0.0363636	55	0.247664	FALSE	NA	NA	NA	NA	NA	NA
NC_045512.2	25444	G	T	47	3	26	1	1	26	0.0181818	55	0.470588	FALSE	NA	NA	NA	NA	NA	NA
NC_045512.2	25444	G	C	47	3	26	2	2	24	0.0363636	55	0.223872	FALSE	NA	NA	NA	NA	NA	NA
NC_045512.2	25444	G	A	47	3	26	5	5	25	0.0909091	55	0.0256457	FALSE	NA	NA	NA	NA	NA	NA
NC_045512.2	25445	G	T	39	4	23	1	1	27	0.0217391	46	0.470588	FALSE	NA	NA	NA	NA	NA	NA
NC_045512.2	25445	G	C	39	4	23	4	4	28	0.0869565	46	0.0529227	FALSE	NA	NA	NA	NA	NA	NA
NC_045512.2	25445	G	A	39	4	23	2	2	28	0.0434783	46	0.22435	FALSE	NA	NA	NA	NA	NA	NA
NC_045512.2	25446	T	C	52	8	27	3	3	27	0.0535714	56	0.12156	FALSE	NA	NA	NA	NA	NA	NA
NC_045512.2	25446	T	A	52	8	27	1	1	29	0.0178571	56	0.490741	FALSE	NA	NA	NA	NA	NA	NA
NC_045512.2	25447	G	T	50	7	26	4	4	28	0.0727273	55	0.059012	FALSE	NA	NA	NA	NA	NA	NA
NC_045512.2	25447	G	C	50	7	26	1	1	28	0.0181818	55	0.485714	FALSE	NA	NA	NA	NA	NA	NA
NC_045512.2	25448	A	T	47	4	26	2	2	27	0.0377358	53	0.232871	FALSE	NA	NA	NA	NA	NA	NA
NC_045512.2	25448	A	G	47	4	26	3	3	28	0.0566038	53	0.114153	FALSE	NA	NA	NA	NA	NA	NA
NC_045512.2	25448	A	C	47	4	26	1	1	29	0.0188679	53	0.48	FALSE	NA	NA	NA	NA	NA	NA
NC_045512.2	25449	A	T	49	6	27	4	4	28	0.0727273	55	0.0567423	FALSE	NA	NA	NA	NA	NA	NA
NC_045512.2	25449	A	C	49	6	27	2	2	26	0.0363636	55	0.233516	FALSE	NA	NA	NA	NA	NA	NA
NC_045512.2	25450	A	T	38	9	23	1	1	28	0.0243902	41	0.493671	FALSE	NA	NA	NA	NA	NA	NA
NC_045512.2	25450	A	G	38	9	23	2	2	24	0.0487805	41	0.246835	FALSE	NA	NA	NA	NA	NA	NA
NC_045512.2	25451	T	G	48	5	26	2	2	24	0.0363636	55	0.228715	FALSE	NA	NA	NA	NA	NA	NA
NC_045512.2	25451	T	C	48	5	26	3	3	26	0.0545455	55	0.11109	FALSE	NA	NA	NA	NA	NA	NA
NC_045512.2	25451	T	A	48	5	26	2	2	29	0.0363636	55	0.228715	FALSE	NA	NA	NA	NA	NA	NA
NC_045512.2	25451	T	+A	48	5	26	1	0	20	0.0181818	55	0.475728	FALSE	NA	NA	NA	NA	NA	NA
NC_045512.2	25452	C	T	48	7	26	2	2	22	0.0384615	52	0.242574	FALSE	NA	NA	NA	NA	NA	NA
NC_045512.2	25452	C	A	48	7	26	2	2	23	0.0384615	52	0.242574	FALSE	NA	NA	NA	NA	NA	NA
NC_045512.2	25453	A	T	44	5	27	4	4	25	0.0833333	48	0.0611205	FALSE	NA	NA	NA	NA	NA	NA
NC_045512.2	25454	A	T	37	7	23	5	5	27	0.119048	42	0.0292986	FALSE	NA	NA	NA	NA	NA	NA
NC_045512.2	25455	G	T	44	5	27	3	3	28	0.0612245	49	0.117148	FALSE	NA	NA	NA	NA	NA	NA
NC_045512.2	25455	G	C	44	5	27	1	1	23	0.0204082	49	0.483871	FALSE	NA	NA	NA	NA	NA	NA
NC_045512.2	25455	G	A	44	5	27	1	1	28	0.0204082	49	0.483871	FALSE	NA	NA	NA	NA	NA	NA
NC_045512.2	25456	G	T	40	8	23	2	2	22	0.0454545	44	0.241176	FALSE	NA	NA	NA	NA	NA	NA
NC_045512.2	25456	G	A	40	8	23	2	2	22	0.0454545	44	0.241176	FALSE	NA	NA	NA	NA	NA	NA
NC_045512.2	25457	A	T	48	9	26	2	2	26	0.04	50	0.252525	FALSE	NA	NA	NA	NA	NA	NA
NC_045512.2	25458	T	G	44	6	27	3	3	28	0.06	50	0.113487	FALSE	NA	NA	NA	NA	NA	NA
NC_045512.2	25458	T	A	44	6	27	3	3	29	0.06	50	0.113487	FALSE	NA	NA	NA	NA	NA	NA
NC_045512.2	25459	G	T	45	7	27	1	1	28	0.02	50	0.484211	FALSE	NA	NA	NA	NA	NA	NA
NC_045512.2	25459	G	C	45	7	27	3	3	29	0.06	50	0.117309	FALSE	NA	NA	NA	NA	NA	NA
NC_045512.2	25459	G	A	45	7	27	1	1	25	0.02	50	0.484211	FALSE	NA	NA	NA	NA	NA	NA
NC_045512.2	25460	C	T	44	6	27	2	2	23	0.04	50	0.231803	FALSE	NA	NA	NA	NA	NA	NA
NC_045512.2	25460	C	A	44	6	27	4	4	25	0.08	50	0.0561584	FALSE	NA	NA	NA	NA	NA	NA
NC_045512.2	25461	T	G	45	7	27	1	1	26	0.02	50	0.484211	FALSE	NA	NA	NA	NA	NA	NA
NC_045512.2	25461	T	A	45	7	27	4	4	25	0.08	50	0.0586544	FALSE	NA	NA	NA	NA	NA	NA
NC_045512.2	25462	A	G	45	7	27	4	4	25	0.0816327	49	0.0611503	FALSE	NA	NA	NA	NA	NA	NA
NC_045512.2	25463	C	T	41	4	27	1	1	28	0.0208333	48	0.47191	FALSE	NA	NA	NA	NA	NA	NA
NC_045512.2	25463	C	G	41	4	27	3	3	26	0.0625	48	0.109018	FALSE	NA	NA	NA	NA	NA	NA
NC_045512.2	25463	C	A	41	4	27	3	3	25	0.0625	48	0.109018	FALSE	NA	NA	NA	NA	NA	NA
NC_045512.2	25464	T	G	43	6	27	5	5	25	0.102041	49	0.0280136	FALSE	NA	NA	NA	NA	NA	NA
NC_045512.2	25464	T	A	43	6	27	1	1	28	0.0204082	49	0.478261	FALSE	NA	NA	NA	NA	NA	NA
NC_045512.2	25465	C	T	39	4	27	2	2	26	0.0425532	47	0.219193	FALSE	NA	NA	NA	NA	NA	NA
NC_045512.2	25465	C	G	39	4	27	4	4	26	0.0851064	47	0.0505442	FALSE	NA	NA	NA	NA	NA	NA
NC_045512.2	25465	C	A	39	4	27	2	2	25	0.0425532	47	0.219193	FALSE	NA	NA	NA	NA	NA	NA
NC_045512.2	25466	C	G	27	5	24	2	2	26	0.0606061	33	0.221858	FALSE	NA	NA	NA	NA	NA	NA
NC_045512.2	25466	C	A	27	5	24	4	4	25	0.121212	33	0.0528233	FALSE	NA	NA	NA	NA	NA	NA
NC_045512.2	25467	T	G	36	5	26	1	1	25	0.0243902	41	0.480519	FALSE	NA	NA	NA	NA	NA	NA
NC_045512.2	25467	T	C	36	5	26	1	1	27	0.0243902	41	0.480519	FALSE	NA	NA	NA	NA	NA	NA
NC_045512.2	25467	T	A	36	5	26	3	3	24	0.0731707	41	0.115568	FALSE	NA	NA	NA	NA	NA	NA
NC_045512.2	25468	T	G	28	5	24	1	1	25	0.0285714	35	0.460317	FALSE	NA	NA	NA	NA	NA	NA
NC_045512.2	25468	T	C	28	5	24	1	1	25	0.0285714	35	0.460317	FALSE	NA	NA	NA	NA	NA	NA
NC_045512.2	25468	T	A	28	5	24	5	5	26	0.142857	35	0.0245749	FALSE	NA	NA	NA	NA	NA	NA
NC_045512.2	25469	C	T	36	5	26	3	3	25	0.0714286	42	0.111234	FALSE	NA	NA	NA	NA	NA	NA
NC_045512.2	25469	C	A	36	5	26	3	3	27	0.0714286	42	0.111234	FALSE	NA	NA	NA	NA	NA	NA
NC_045512.2	25470	A	T	34	4	27	4	4	26	0.0952381	42	0.0491281	FALSE	NA	NA	NA	NA	NA	NA
NC_045512.2	25470	A	G	34	4	27	1	1	27	0.0238095	42	0.460526	FALSE	NA	NA	NA	NA	NA	NA
NC_045512.2	25470	A	C	34	4	27	3	3	25	0.0714286	42	0.102135	FALSE	NA	NA	NA	NA	NA	NA
NC_045512.2	25471	G	T	34	4	27	3	3	25	0.0731707	41	0.10622	FALSE	NA	NA	NA	NA	NA	NA
NC_045512.2	25471	G	C	34	4	27	3	3	25	0.0731707	41	0.10622	FALSE	NA	NA	NA	NA	NA	NA
NC_045512.2	25471	G	A	34	4	27	1	1	24	0.0243902	41	0.466667	FALSE	NA	NA	NA	NA	NA	NA
NC_045512.2	25472	A	T	38	8	26	2	2	25	0.0487805	41	0.246835	FALSE	NA	NA	NA	NA	NA	NA
NC_045512.2	25472	A	C	38	8	26	1	1	27	0.0243902	41	0.493671	FALSE	NA	NA	NA	NA	NA	NA
NC_045512.2	25472	A	+T	38	8	26	1	0	20	0.0243902	41	0.493671	FALSE	NA	NA	NA	NA	NA	NA
NC_045512.2	25473	T	G	31	6	26	2	2	23	0.0540541	37	0.225064	FALSE	NA	NA	NA	NA	NA	NA
NC_045512.2	25473	T	C	31	6	26	2	1	27	0.0540541	37	0.225064	FALSE	NA	NA	NA	NA	NA	NA
NC_045512.2	25473	T	A	31	6	26	2	2	26	0.0540541	37	0.225064	FALSE	NA	NA	NA	NA	NA	NA
NC_045512.2	25474	T	G	30	4	28	4	4	27	0.108108	37	0.0505794	FALSE	NA	NA	NA	NA	NA	NA
NC_045512.2	25474	T	A	30	4	28	3	3	26	0.0810811	37	0.104134	FALSE	NA	NA	NA	NA	NA	NA
NC_045512.2	25475	T	G	29	5	28	3	3	29	0.0833333	36	0.103538	FALSE	NA	NA	NA	NA	NA	NA
NC_045512.2	25475	T	A	29	5	28	4	4	29	0.111111	36	0.0502465	FALSE	NA	NA	NA	NA	NA	NA
NC_045512.2	25476	T	G	16	7	24	2	2	28	0.0952381	21	0.217639	FALSE	NA	NA	NA	NA	NA	NA
NC_045512.2	25476	T	C	16	7	24	1	1	21	0.047619	21	0.459459	FALSE	NA	NA	NA	NA	NA	NA
NC_045512.2	25476	T	A	16	7	24	2	2	28	0.0952381	21	0.217639	FALSE	NA	NA	NA	NA	NA	NA
NC_045512.2	25477	G	T	27	6	26	3	3	28	0.0909091	33	0.107351	FALSE	NA	NA	NA	NA	NA	NA
NC_045512.2	25477	G	C	27	6	26	2	2	22	0.0606061	33	0.221858	FALSE	NA	NA	NA	NA	NA	NA
NC_045512.2	25477	G	A	27	6	26	1	1	28	0.030303	33	0.466667	FALSE	NA	NA	NA	NA	NA	NA
NC_045512.2	25478	T	G	25	4	25	4	4	26	0.121212	33	0.0455126	FALSE	NA	NA	NA	NA	NA	NA
NC_045512.2	25478	T	C	25	4	25	3	3	29	0.0909091	33	0.0957335	FALSE	NA	NA	NA	NA	NA	NA
NC_045512.2	25478	T	A	25	4	25	1	1	21	0.030303	33	0.448276	FALSE	NA	NA	NA	NA	NA	NA
NC_045512.2	25479	T	G	22	6	23	2	2	24	0.0714286	28	0.216471	FALSE	NA	NA	NA	NA	NA	NA
NC_045512.2	25479	T	C	22	6	23	2	2	29	0.0714286	28	0.216471	FALSE	NA	NA	NA	NA	NA	NA
NC_045512.2	25479	T	A	22	6	23	2	2	25	0.0714286	28	0.216471	FALSE	NA	NA	NA	NA	NA	NA
NC_045512.2	25480	C	T	24	4	25	3	3	28	0.09375	32	0.0947952	FALSE	NA	NA	NA	NA	NA	NA
NC_045512.2	25480	C	G	24	4	25	1	1	28	0.03125	32	0.446429	FALSE	NA	NA	NA	NA	NA	NA
NC_045512.2	25480	C	A	24	4	25	4	4	26	0.125	32	0.0449875	FALSE	NA	NA	NA	NA	NA	NA
NC_045512.2	25481	G	T	25	5	25	2	2	26	0.0625	32	0.212341	FALSE	NA	NA	NA	NA	NA	NA
NC_045512.2	25481	G	C	25	5	25	2	2	32	0.0625	32	0.212341	FALSE	NA	NA	NA	NA	NA	NA
NC_045512.2	25481	G	A	25	5	25	3	3	28	0.09375	32	0.100772	FALSE	NA	NA	NA	NA	NA	NA
NC_045512.2	25482	C	T	29	9	26	2	2	29	0.0625	32	0.245902	FALSE	NA	NA	NA	NA	NA	NA
NC_045512.2	25482	C	G	29	9	26	1	1	27	0.03125	32	0.491803	FALSE	NA	NA	NA	NA	NA	NA
NC_045512.2	25483	G	T	24	4	27	4	4	29	0.129032	31	0.0482594	FALSE	NA	NA	NA	NA	NA	NA
NC_045512.2	25483	G	C	24	4	27	3	3	26	0.0967742	31	0.0999658	FALSE	NA	NA	NA	NA	NA	NA
NC_045512.2	25484	C	T	29	9	26	2	2	26	0.0625	32	0.245902	FALSE	NA	NA	NA	NA	NA	NA
NC_045512.2	25484	C	G	29	9	26	1	1	29	0.03125	32	0.491803	FALSE	NA	NA	NA	NA	NA	NA
NC_045512.2	25485	T	C	27	8	25	3	3	27	0.1	30	0.124888	FALSE	NA	NA	NA	NA	NA	NA
NC_045512.2	25486	A	T	24	6	25	4	4	27	0.142857	28	0.0600343	FALSE	NA	NA	NA	NA	NA	NA
NC_045512.2	25487	C	T	25	7	26	2	2	30	0.0714286	28	0.245283	FALSE	NA	NA	NA	NA	NA	NA
NC_045512.2	25487	C	A	25	7	26	1	1	29	0.0357143	28	0.490566	FALSE	NA	NA	NA	NA	NA	NA
NC_045512.2	25488	T	C	20	4	26	4	3	27	0.153846	26	0.050152	FALSE	NA	NA	NA	NA	NA	NA
NC_045512.2	25488	T	A	20	4	26	2	2	27	0.0769231	26	0.213691	FALSE	NA	NA	NA	NA	NA	NA
NC_045512.2	25489	G	T	23	6	26	1	1	23	0.037037	27	0.48	FALSE	NA	NA	NA	NA	NA	NA
NC_045512.2	25489	G	A	23	6	26	3	3	30	0.111111	27	0.117647	FALSE	NA	NA	NA	NA	NA	NA
NC_045512.2	25490	C	T	14	4	24	2	2	25	0.1	20	0.201681	FALSE	NA	NA	NA	NA	NA	NA
NC_045512.2	25490	C	G	14	4	24	2	2	30	0.1	20	0.201681	FALSE	NA	NA	NA	NA	NA	NA
NC_045512.2	25490	C	A	14	4	24	2	2	27	0.1	20	0.201681	FALSE	NA	NA	NA	NA	NA	NA
NC_045512.2	25490	C	-A	14	4	24	1	0	20	0.05	20	0.441176	FALSE	NA	NA	NA	NA	NA	NA
NC_045512.2	25491	A	T	13	5	26	3	3	25	0.1875	16	0.112903	FALSE	NA	NA	NA	NA	NA	NA
NC_045512.2	25492	A	T	5	4	26	4	4	22	0.363636	11	0.0325077	FALSE	NA	NA	NA	NA	NA	NA
NC_045512.2	25492	A	G	5	4	26	2	2	25	0.181818	11	0.154412	FALSE	NA	NA	NA	NA	NA	NA
NC_045512.2	25493	C	T	5	4	27	4	4	27	0.363636	11	0.0325077	FALSE	NA	NA	NA	NA	NA	NA
NC_045512.2	25493	C	G	5	4	27	1	1	22	0.0909091	11	0.375	FALSE	NA	NA	NA	NA	NA	NA
NC_045512.2	25493	C	A	5	4	27	1	1	24	0.0909091	11	0.375	FALSE	NA	NA	NA	NA	NA	NA
NC_045512.2	25494	G	T	5	4	26	4	4	27	0.363636	11	0.0325077	FALSE	NA	NA	NA	NA	NA	NA
NC_045512.2	25494	G	A	5	4	26	2	2	28	0.181818	11	0.154412	FALSE	NA	NA	NA	NA	NA	NA
NC_045512.2	25495	A	T	7	6	25	2	2	27	0.153846	13	0.171429	FALSE	NA	NA	NA	NA	NA	NA
NC_045512.2	25495	A	G	7	6	25	3	3	26	0.230769	13	0.0779221	FALSE	NA	NA	NA	NA	NA	NA
NC_045512.2	25495	A	C	7	6	25	1	1	27	0.0769231	13	0.4	FALSE	NA	NA	NA	NA	NA	NA
NC_045512.2	25496	T	G	7	6	26	2	2	27	0.153846	13	0.171429	FALSE	NA	NA	NA	NA	NA	NA
NC_045512.2	25496	T	C	7	6	26	3	3	24	0.230769	13	0.0779221	FALSE	NA	NA	NA	NA	NA	NA
NC_045512.2	25496	T	A	7	6	26	1	1	23	0.0769231	13	0.4	FALSE	NA	NA	NA	NA	NA	NA
NC_045512.2	25497	A	T	7	6	26	5	5	25	0.416667	12	0.0235371	FALSE	NA	NA	NA	NA	NA	NA
NC_045512.2	25498	C	T	7	6	24	4	4	26	0.307692	13	0.0372671	FALSE	NA	NA	NA	NA	NA	NA
NC_045512.2	25498	C	G	7	6	24	1	1	27	0.0769231	13	0.4	FALSE	NA	NA	NA	NA	NA	NA
NC_045512.2	25498	C	A	7	6	24	1	1	28	0.0769231	13	0.4	FALSE	NA	NA	NA	NA	NA	NA
NC_045512.2	25499	C	T	7	6	27	2	2	27	0.153846	13	0.171429	FALSE	NA	NA	NA	NA	NA	NA
NC_045512.2	25499	C	G	7	6	27	3	3	26	0.230769	13	0.0779221	FALSE	NA	NA	NA	NA	NA	NA
NC_045512.2	25499	C	A	7	6	27	1	1	24	0.0769231	13	0.4	FALSE	NA	NA	NA	NA	NA	NA
NC_045512.2	25500	G	C	8	7	27	3	3	27	0.230769	13	0.0931677	FALSE	NA	NA	NA	NA	NA	NA
NC_045512.2	25500	G	A	8	7	27	2	2	24	0.153846	13	0.194805	FALSE	NA	NA	NA	NA	NA	NA
NC_045512.2	25501	A	T	7	6	27	1	1	28	0.0769231	13	0.4	FALSE	NA	NA	NA	NA	NA	NA
NC_045512.2	25501	A	G	7	6	27	2	2	29	0.153846	13	0.171429	FALSE	NA	NA	NA	NA	NA	NA
NC_045512.2	25501	A	C	7	6	27	3	3	28	0.230769	13	0.0779221	FALSE	NA	NA	NA	NA	NA	NA
NC_045512.2	25502	T	G	5	4	27	3	3	27	0.230769	13	0.0491228	FALSE	NA	NA	NA	NA	NA	NA
NC_045512.2	25502	T	C	5	4	27	4	4	25	0.307692	13	0.0210526	FALSE	NA	NA	NA	NA	NA	NA
NC_045512.2	25502	T	A	5	4	27	1	1	26	0.0769231	13	0.333333	FALSE	NA	NA	NA	NA	NA	NA
NC_045512.2	25503	A	T	8	6	26	3	3	24	0.214286	14	0.0815217	FALSE	NA	NA	NA	NA	NA	NA
NC_045512.2	25503	A	C	8	6	26	3	3	27	0.214286	14	0.0815217	FALSE	NA	NA	NA	NA	NA	NA
NC_045512.2	25504	C	T	6	4	26	4	4	26	0.285714	14	0.0237154	FALSE	NA	NA	NA	NA	NA	NA
NC_045512.2	25504	C	A	6	4	26	4	4	25	0.285714	14	0.0237154	FALSE	NA	NA	NA	NA	NA	NA
NC_045512.2	25505	A	T	7	6	24	2	2	27	0.166667	12	0.189474	FALSE	NA	NA	NA	NA	NA	NA
NC_045512.2	25505	A	G	7	6	24	1	0	29	0.0833333	12	0.421053	FALSE	NA	NA	NA	NA	NA	NA
NC_045512.2	25505	A	C	7	6	24	2	2	27	0.166667	12	0.189474	FALSE	NA	NA	NA	NA	NA	NA
NC_045512.2	25506	A	T	7	6	26	3	3	28	0.230769	13	0.0779221	FALSE	NA	NA	NA	NA	NA	NA
NC_045512.2	25506	A	G	7	6	26	1	1	27	0.0769231	13	0.4	FALSE	NA	NA	NA	NA	NA	NA
NC_045512.2	25506	A	C	7	6	26	2	2	27	0.153846	13	0.171429	FALSE	NA	NA	NA	NA	NA	NA
NC_045512.2	25507	G	T	8	6	26	2	2	27	0.142857	14	0.177866	FALSE	NA	NA	NA	NA	NA	NA
NC_045512.2	25507	G	C	8	6	26	1	1	27	0.0714286	14	0.409091	FALSE	NA	NA	NA	NA	NA	NA
NC_045512.2	25507	G	A	8	6	26	3	3	28	0.214286	14	0.0815217	FALSE	NA	NA	NA	NA	NA	NA
NC_045512.2	25508	C	G	8	6	26	2	2	27	0.153846	13	0.194805	FALSE	NA	NA	NA	NA	NA	NA
NC_045512.2	25508	C	A	8	6	26	3	3	26	0.230769	13	0.0931677	FALSE	NA	NA	NA	NA	NA	NA
NC_045512.2	25509	C	G	9	7	25	2	2	28	0.142857	14	0.199275	FALSE	NA	NA	NA	NA	NA	NA
NC_045512.2	25509	C	A	9	7	25	3	3	24	0.214286	14	0.0956522	FALSE	NA	NA	NA	NA	NA	NA
NC_045512.2	25510	T	G	6	4	27	2	2	25	0.153846	13	0.147368	FALSE	NA	NA	NA	NA	NA	NA
NC_045512.2	25510	T	C	6	4	27	1	1	28	0.0769231	13	0.368421	FALSE	NA	NA	NA	NA	NA	NA
NC_045512.2	25510	T	A	6	4	27	4	4	25	0.307692	13	0.0287081	FALSE	NA	NA	NA	NA	NA	NA
NC_045512.2	25511	C	G	34	15	27	1	1	28	0.025	40	0.472973	FALSE	NA	NA	NA	NA	NA	NA
NC_045512.2	25511	C	A	34	15	27	5	5	26	0.125	40	0.0272727	FALSE	NA	NA	NA	NA	NA	NA
NC_045512.2	25512	A	G	35	16	27	2	2	27	0.05	40	0.233684	FALSE	NA	NA	NA	NA	NA	NA
NC_045512.2	25512	A	C	35	16	27	3	3	28	0.075	40	0.115325	FALSE	NA	NA	NA	NA	NA	NA
NC_045512.2	25513	C	T	33	14	27	2	2	25	0.05	40	0.220289	FALSE	NA	NA	NA	NA	NA	NA
NC_045512.2	25513	C	G	33	14	27	3	3	26	0.075	40	0.105739	FALSE	NA	NA	NA	NA	NA	NA
NC_045512.2	25513	C	A	33	14	27	2	2	27	0.05	40	0.220289	FALSE	NA	NA	NA	NA	NA	NA
NC_045512.2	25514	T	G	36	17	27	2	2	28	0.05	40	0.24026	FALSE	NA	NA	NA	NA	NA	NA
NC_045512.2	25514	T	A	36	17	27	2	2	27	0.05	40	0.24026	FALSE	NA	NA	NA	NA	NA	NA
NC_045512.2	25515	C	T	30	11	26	4	4	27	0.108108	37	0.0505794	FALSE	NA	NA	NA	NA	NA	NA
NC_045512.2	25515	C	A	30	11	26	3	3	28	0.0810811	37	0.104134	FALSE	NA	NA	NA	NA	NA	NA
NC_045512.2	25516	C	T	34	15	28	2	2	28	0.05	40	0.227027	FALSE	NA	NA	NA	NA	NA	NA
NC_045512.2	25516	C	G	34	15	28	1	1	24	0.025	40	0.472973	FALSE	NA	NA	NA	NA	NA	NA
NC_045512.2	25516	C	A	34	15	28	3	3	25	0.075	40	0.110526	FALSE	NA	NA	NA	NA	NA	NA
NC_045512.2	25517	C	T	32	18	24	1	1	23	0.0285714	35	0.492537	FALSE	NA	NA	NA	NA	NA	NA
NC_045512.2	25517	C	G	32	18	24	1	1	24	0.0285714	35	0.492537	FALSE	NA	NA	NA	NA	NA	NA
NC_045512.2	25517	C	A	32	18	24	1	1	32	0.0285714	35	0.492537	FALSE	NA	NA	NA	NA	NA	NA
NC_045512.2	25518	T	G	28	10	25	3	3	27	0.0833333	36	0.0982299	FALSE	NA	NA	NA	NA	NA	NA
NC_045512.2	25518	T	C	28	10	25	3	3	27	0.0833333	36	0.0982299	FALSE	NA	NA	NA	NA	NA	NA
NC_045512.2	25518	T	A	28	10	25	2	2	26	0.0555556	36	0.209135	FALSE	NA	NA	NA	NA	NA	NA
NC_045512.2	25519	T	G	32	14	28	3	3	26	0.075	40	0.100966	FALSE	NA	NA	NA	NA	NA	NA
NC_045512.2	25519	T	C	32	14	28	1	1	29	0.025	40	0.458333	FALSE	NA	NA	NA	NA	NA	NA
NC_045512.2	25519	T	A	32	14	28	4	4	26	0.1	40	0.0484635	FALSE	NA	NA	NA	NA	NA	NA
NC_045512.2	25520	T	C	34	18	24	1	1	26	0.0263158	38	0.486111	FALSE	NA	NA	NA	NA	NA	NA
NC_045512.2	25520	T	A	34	18	24	3	3	27	0.0789474	38	0.119863	FALSE	NA	NA	NA	NA	NA	NA
NC_045512.2	25521	C	T	33	16	27	4	3	26	0.102564	39	0.0543379	FALSE	NA	NA	NA	NA	NA	NA
NC_045512.2	25521	C	A	33	16	27	2	2	27	0.0512821	39	0.226408	FALSE	NA	NA	NA	NA	NA	NA
NC_045512.2	25522	G	T	30	12	26	3	3	26	0.075	40	0.0914822	FALSE	NA	NA	NA	NA	NA	NA
NC_045512.2	25522	G	C	30	12	26	4	4	29	0.1	40	0.0426082	FALSE	NA	NA	NA	NA	NA	NA
NC_045512.2	25522	G	A	30	12	26	3	3	25	0.075	40	0.0914822	FALSE	NA	NA	NA	NA	NA	NA
NC_045512.2	25523	G	T	31	14	25	2	2	29	0.05	40	0.206573	FALSE	NA	NA	NA	NA	NA	NA
NC_045512.2	25523	G	C	31	14	25	3	3	27	0.075	40	0.096212	FALSE	NA	NA	NA	NA	NA	NA
NC_045512.2	25523	G	A	31	14	25	4	4	25	0.1	40	0.0455057	FALSE	NA	NA	NA	NA	NA	NA
NC_045512.2	25524	A	T	34	16	27	2	2	22	0.0487805	41	0.221053	FALSE	NA	NA	NA	NA	NA	NA
NC_045512.2	25524	A	G	34	16	27	2	2	25	0.0487805	41	0.221053	FALSE	NA	NA	NA	NA	NA	NA
NC_045512.2	25524	A	C	34	16	27	3	3	29	0.0731707	41	0.10622	FALSE	NA	NA	NA	NA	NA	NA
NC_045512.2	25525	T	G	35	17	27	3	3	27	0.0697674	43	0.102678	FALSE	NA	NA	NA	NA	NA	NA
NC_045512.2	25525	T	C	35	17	27	1	1	27	0.0232558	43	0.461538	FALSE	NA	NA	NA	NA	NA	NA
NC_045512.2	25525	T	A	35	17	27	4	4	27	0.0930233	43	0.0494374	FALSE	NA	NA	NA	NA	NA	NA
NC_045512.2	25526	G	T	34	16	26	3	3	29	0.0714286	42	0.102135	FALSE	NA	NA	NA	NA	NA	NA
NC_045512.2	25526	G	C	34	16	26	3	3	24	0.0714286	42	0.102135	FALSE	NA	NA	NA	NA	NA	NA
NC_045512.2	25526	G	A	34	16	26	2	2	28	0.047619	42	0.215311	FALSE	NA	NA	NA	NA	NA	NA
NC_045512.2	25527	G	T	29	13	26	4	4	26	0.1	40	0.0397749	FALSE	NA	NA	NA	NA	NA	NA
NC_045512.2	25527	G	C	29	13	26	5	5	27	0.125	40	0.0185253	FALSE	NA	NA	NA	NA	NA	NA
NC_045512.2	25527	G	A	29	13	26	2	2	28	0.05	40	0.192547	FALSE	NA	NA	NA	NA	NA	NA
NC_045512.2	25528	C	T	35	17	27	5	5	25	0.116279	43	0.0241158	FALSE	NA	NA	NA	NA	NA	NA
NC_045512.2	25528	C	G	35	17	27	2	2	25	0.0465116	43	0.216164	FALSE	NA	NA	NA	NA	NA	NA
NC_045512.2	25528	C	A	35	17	27	1	1	28	0.0232558	43	0.461538	FALSE	NA	NA	NA	NA	NA	NA
NC_045512.2	25529	T	G	36	18	26	2	2	29	0.0465116	43	0.222468	FALSE	NA	NA	NA	NA	NA	NA
NC_045512.2	25529	T	C	36	18	26	5	5	27	0.116279	43	0.0258107	FALSE	NA	NA	NA	NA	NA	NA
NC_045512.2	25530	T	G	33	16	26	1	1	28	0.0238095	42	0.453333	FALSE	NA	NA	NA	NA	NA	NA
NC_045512.2	25530	T	C	33	16	26	4	4	27	0.0952381	42	0.0463011	FALSE	NA	NA	NA	NA	NA	NA
NC_045512.2	25530	T	A	33	16	26	4	4	27	0.0952381	42	0.0463011	FALSE	NA	NA	NA	NA	NA	NA
NC_045512.2	25531	A	T	35	17	27	4	4	27	0.0930233	43	0.0494374	FALSE	NA	NA	NA	NA	NA	NA
NC_045512.2	25531	A	G	35	17	27	1	1	27	0.0232558	43	0.461538	FALSE	NA	NA	NA	NA	NA	NA
NC_045512.2	25531	A	C	35	17	27	3	3	28	0.0697674	43	0.102678	FALSE	NA	NA	NA	NA	NA	NA
NC_045512.2	25532	T	G	35	17	26	3	3	27	0.0697674	43	0.102678	FALSE	NA	NA	NA	NA	NA	NA
NC_045512.2	25532	T	C	35	17	26	4	4	28	0.0930233	43	0.0494374	FALSE	NA	NA	NA	NA	NA	NA
NC_045512.2	25532	T	A	35	17	26	1	1	22	0.0232558	43	0.461538	FALSE	NA	NA	NA	NA	NA	NA
NC_045512.2	25533	T	G	36	19	25	2	2	26	0.047619	42	0.228173	FALSE	NA	NA	NA	NA	NA	NA
NC_045512.2	25533	T	C	36	19	25	2	2	23	0.047619	42	0.228173	FALSE	NA	NA	NA	NA	NA	NA
NC_045512.2	25533	T	A	36	19	25	2	2	25	0.047619	42	0.228173	FALSE	NA	NA	NA	NA	NA	NA
NC_045512.2	25534	G	T	32	14	27	3	3	27	0.0681818	44	0.0860324	FALSE	NA	NA	NA	NA	NA	NA
NC_045512.2	25534	G	C	32	14	27	8	8	26	0.181818	44	0.00194976	TRUE	NA	NA	NA	NA	NA	NA
NC_045512.2	25534	G	A	32	14	27	1	1	27	0.0227273	44	0.434211	FALSE	NA	NA	NA	NA	NA	NA
NC_045512.2	25535	T	G	33	15	26	1	1	22	0.0227273	44	0.441558	FALSE	NA	NA	NA	NA	NA	NA
NC_045512.2	25535	T	C	33	15	26	8	8	27	0.181818	44	0.00219172	TRUE	NA	NA	NA	NA	NA	NA
NC_045512.2	25535	T	A	33	15	26	2	2	27	0.0454545	44	0.198135	FALSE	NA	NA	NA	NA	NA	NA
NC_045512.2	25536	T	G	35	17	25	3	3	25	0.0714286	42	0.106678	FALSE	NA	NA	NA	NA	NA	NA
NC_045512.2	25536	T	C	35	17	25	4	4	27	0.0952381	42	0.0520056	FALSE	NA	NA	NA	NA	NA	NA
NC_045512.2	25537	G	T	33	15	26	7	7	26	0.162791	43	0.00490393	TRUE	NA	NA	NA	NA	NA	NA
NC_045512.2	25537	G	C	33	15	26	1	1	26	0.0232558	43	0.447368	FALSE	NA	NA	NA	NA	NA	NA
NC_045512.2	25537	G	A	33	15	26	2	2	27	0.0465116	43	0.203349	FALSE	NA	NA	NA	NA	NA	NA
NC_045512.2	25538	G	T	33	15	25	8	8	27	0.181818	44	0.00219172	TRUE	NA	NA	NA	NA	NA	NA
NC_045512.2	25538	G	C	33	15	25	2	2	25	0.0454545	44	0.198135	FALSE	NA	NA	NA	NA	NA	NA
NC_045512.2	25538	G	A	33	15	25	1	1	27	0.0227273	44	0.441558	FALSE	NA	NA	NA	NA	NA	NA
NC_045512.2	25539	C	T	36	18	27	5	5	27	0.113636	44	0.0242743	FALSE	NA	NA	NA	NA	NA	NA
NC_045512.2	25539	C	G	36	18	27	1	1	22	0.0227273	44	0.4625	FALSE	NA	NA	NA	NA	NA	NA
NC_045512.2	25539	C	A	36	18	27	2	2	26	0.0454545	44	0.216975	FALSE	NA	NA	NA	NA	NA	NA
NC_045512.2	25540	G	T	36	18	27	2	2	23	0.0465116	43	0.222468	FALSE	NA	NA	NA	NA	NA	NA
NC_045512.2	25540	G	C	36	18	27	4	4	26	0.0930233	43	0.0522509	FALSE	NA	NA	NA	NA	NA	NA
NC_045512.2	25540	G	A	36	18	27	1	1	27	0.0232558	43	0.468354	FALSE	NA	NA	NA	NA	NA	NA
NC_045512.2	25541	T	G	33	15	25	5	5	25	0.116279	43	0.0208794	FALSE	NA	NA	NA	NA	NA	NA
NC_045512.2	25541	T	C	33	15	25	2	2	26	0.0465116	43	0.203349	FALSE	NA	NA	NA	NA	NA	NA
NC_045512.2	25541	T	A	33	15	25	3	3	24	0.0697674	43	0.0938535	FALSE	NA	NA	NA	NA	NA	NA
NC_045512.2	25542	T	G	35	17	25	2	2	28	0.0454545	44	0.210759	FALSE	NA	NA	NA	NA	NA	NA
NC_045512.2	25542	T	C	35	17	25	2	2	26	0.0454545	44	0.210759	FALSE	NA	NA	NA	NA	NA	NA
NC_045512.2	25542	T	A	35	17	25	5	5	26	0.113636	44	0.0226631	FALSE	NA	NA	NA	NA	NA	NA
NC_045512.2	25543	G	T	32	14	27	9	9	26	0.204545	44	0.000951667	TRUE	NA	NA	NA	NA	NA	NA
NC_045512.2	25543	G	A	32	14	27	3	3	27	0.0681818	44	0.0860324	FALSE	NA	NA	NA	NA	NA	NA
NC_045512.2	25544	C	T	32	14	27	7	7	28	0.162791	43	0.00442335	TRUE	NA	NA	NA	NA	NA	NA
NC_045512.2	25544	C	G	32	14	27	3	3	26	0.0697674	43	0.0894737	FALSE	NA	NA	NA	NA	NA	NA
NC_045512.2	25544	C	A	32	14	27	1	1	29	0.0232558	43	0.44	FALSE	NA	NA	NA	NA	NA	NA
NC_045512.2	25545	A	T	32	14	27	3	3	26	0.0681818	44	0.0860324	FALSE	NA	NA	NA	NA	NA	NA
NC_045512.2	25545	A	G	32	14	27	7	7	24	0.159091	44	0.00404574	TRUE	NA	NA	NA	NA	NA	NA
NC_045512.2	25545	A	C	32	14	27	2	2	27	0.0454545	44	0.191729	FALSE	NA	NA	NA	NA	NA	NA
NC_045512.2	25546	C	T	33	15	26	3	3	24	0.0681818	44	0.0902895	FALSE	NA	NA	NA	NA	NA	NA
NC_045512.2	25546	C	G	33	15	26	7	7	26	0.159091	44	0.00449035	TRUE	NA	NA	NA	NA	NA	NA
NC_045512.2	25546	C	A	33	15	26	1	1	24	0.0227273	44	0.441558	FALSE	NA	NA	NA	NA	NA	NA
NC_045512.2	25547	T	G	35	17	25	2	2	26	0.047619	42	0.221778	FALSE	NA	NA	NA	NA	NA	NA
NC_045512.2	25547	T	C	35	17	25	2	2	26	0.047619	42	0.221778	FALSE	NA	NA	NA	NA	NA	NA
NC_045512.2	25547	T	A	35	17	25	3	3	26	0.0714286	42	0.106678	FALSE	NA	NA	NA	NA	NA	NA
NC_045512.2	25548	T	G	35	21	25	2	2	25	0.05	40	0.233684	FALSE	NA	NA	NA	NA	NA	NA
NC_045512.2	25548	T	C	35	21	25	1	1	29	0.025	40	0.48	FALSE	NA	NA	NA	NA	NA	NA
NC_045512.2	25548	T	A	35	21	25	2	2	25	0.05	40	0.233684	FALSE	NA	NA	NA	NA	NA	NA
NC_045512.2	25549	C	T	33	15	26	4	4	25	0.0909091	44	0.0417589	FALSE	NA	NA	NA	NA	NA	NA
NC_045512.2	25549	C	G	33	15	26	4	4	26	0.0909091	44	0.0417589	FALSE	NA	NA	NA	NA	NA	NA
NC_045512.2	25549	C	A	33	15	26	3	3	27	0.0681818	44	0.0902895	FALSE	NA	NA	NA	NA	NA	NA
NC_045512.2	25550	T	G	35	17	25	3	3	26	0.0681818	44	0.0988748	FALSE	NA	NA	NA	NA	NA	NA
NC_045512.2	25550	T	C	35	17	25	3	3	28	0.0681818	44	0.0988748	FALSE	NA	NA	NA	NA	NA	NA
NC_045512.2	25550	T	A	35	17	25	3	3	27	0.0681818	44	0.0988748	FALSE	NA	NA	NA	NA	NA	NA
NC_045512.2	25551	T	G	34	19	25	4	4	25	0.097561	41	0.0517483	FALSE	NA	NA	NA	NA	NA	NA
NC_045512.2	25551	T	C	34	19	25	2	2	28	0.0487805	41	0.221053	FALSE	NA	NA	NA	NA	NA	NA
NC_045512.2	25551	T	A	34	19	25	1	1	29	0.0243902	41	0.466667	FALSE	NA	NA	NA	NA	NA	NA
NC_045512.2	25552	G	T	36	18	26	5	5	25	0.113636	44	0.0242743	FALSE	NA	NA	NA	NA	NA	NA
NC_045512.2	25552	G	C	36	18	26	2	2	27	0.0454545	44	0.216975	FALSE	NA	NA	NA	NA	NA	NA
NC_045512.2	25552	G	A	36	18	26	1	1	28	0.0227273	44	0.4625	FALSE	NA	NA	NA	NA	NA	NA
NC_045512.2	25553	C	T	34	16	26	6	6	24	0.139535	43	0.0109617	FALSE	NA	NA	NA	NA	NA	NA
NC_045512.2	25553	C	G	34	16	26	3	3	27	0.0697674	43	0.0982562	FALSE	NA	NA	NA	NA	NA	NA
NC_045512.2	25554	T	G	37	20	27	2	2	27	0.0465116	43	0.228704	FALSE	NA	NA	NA	NA	NA	NA
NC_045512.2	25554	T	C	37	20	27	2	1	25	0.0465116	43	0.228704	FALSE	NA	NA	NA	NA	NA	NA
NC_045512.2	25554	T	A	37	20	27	2	2	27	0.0465116	43	0.228704	FALSE	NA	NA	NA	NA	NA	NA
NC_045512.2	25555	G	T	33	15	26	5	5	26	0.113636	44	0.0195906	FALSE	NA	NA	NA	NA	NA	NA
NC_045512.2	25555	G	C	33	15	26	3	3	26	0.0681818	44	0.0902895	FALSE	NA	NA	NA	NA	NA	NA
NC_045512.2	25555	G	A	33	15	26	3	3	27	0.0681818	44	0.0902895	FALSE	NA	NA	NA	NA	NA	NA
NC_045512.2	25555	G	-T	33	15	26	6	0	20	0.136364	44	0.00931747	TRUE	NA	NA	NA	NA	NA	NA
NC_045512.2	25556	T	G	18	4	26	5	5	25	0.185185	27	0.0117257	FALSE	NA	NA	NA	NA	NA	NA
NC_045512.2	25556	T	C	18	4	26	2	2	27	0.0740741	27	0.155102	FALSE	NA	NA	NA	NA	NA	NA
NC_045512.2	25556	T	A	18	4	26	2	2	27	0.0740741	27	0.155102	FALSE	NA	NA	NA	NA	NA	NA
NC_045512.2	25557	T	G	34	16	27	4	4	27	0.0952381	42	0.0491281	FALSE	NA	NA	NA	NA	NA	NA
NC_045512.2	25557	T	C	34	16	27	4	4	26	0.0952381	42	0.0491281	FALSE	NA	NA	NA	NA	NA	NA
NC_045512.2	25558	T	G	35	17	26	4	4	27	0.0909091	44	0.0470258	FALSE	NA	NA	NA	NA	NA	NA
NC_045512.2	25558	T	C	35	17	26	3	3	28	0.0681818	44	0.0988748	FALSE	NA	NA	NA	NA	NA	NA
NC_045512.2	25558	T	A	35	17	26	2	2	28	0.0454545	44	0.210759	FALSE	NA	NA	NA	NA	NA	NA
NC_045512.2	25559	T	G	34	17	26	3	3	27	0.0681818	44	0.0945716	FALSE	NA	NA	NA	NA	NA	NA
NC_045512.2	25559	T	C	34	17	26	6	5	28	0.136364	44	0.0101693	FALSE	NA	NA	NA	NA	NA	NA
NC_045512.2	25559	T	A	34	17	26	1	1	28	0.0227273	44	0.448718	FALSE	NA	NA	NA	NA	NA	NA
NC_045512.2	25560	T	G	20	19	26	2	2	26	0.0740741	27	0.204787	FALSE	NA	NA	NA	NA	NA	NA
NC_045512.2	25560	T	C	20	19	26	2	2	27	0.0740741	27	0.204787	FALSE	NA	NA	NA	NA	NA	NA
NC_045512.2	25560	T	A	20	19	26	3	3	23	0.111111	27	0.0961246	FALSE	NA	NA	NA	NA	NA	NA
NC_045512.2	25561	C	T	31	13	26	5	5	26	0.113636	44	0.0167273	FALSE	NA	NA	NA	NA	NA	NA
NC_045512.2	25561	C	G	31	13	26	4	4	26	0.0909091	44	0.0367072	FALSE	NA	NA	NA	NA	NA	NA
NC_045512.2	25561	C	A	31	13	26	4	4	26	0.0909091	44	0.0367072	FALSE	NA	NA	NA	NA	NA	NA
NC_045512.2	25562	A	T	32	14	27	2	2	27	0.0465116	43	0.196842	FALSE	NA	NA	NA	NA	NA	NA
NC_045512.2	25562	A	G	32	14	27	4	4	26	0.0930233	43	0.0412955	FALSE	NA	NA	NA	NA	NA	NA
NC_045512.2	25562	A	C	32	14	27	5	5	27	0.116279	43	0.019341	FALSE	NA	NA	NA	NA	NA	NA
NC_045512.2	25563	G	T	35	17	27	2	2	26	0.0454545	44	0.210759	FALSE	NA	NA	NA	NA	NA	NA
NC_045512.2	25563	G	C	35	17	27	5	5	26	0.113636	44	0.0226631	FALSE	NA	NA	NA	NA	NA	NA
NC_045512.2	25563	G	A	35	17	27	2	2	26	0.0454545	44	0.210759	FALSE	NA	NA	NA	NA	NA	NA
NC_045512.2	25564	A	T	35	17	27	4	4	25	0.0909091	44	0.0470258	FALSE	NA	NA	NA	NA	NA	NA
NC_045512.2	25564	A	C	35	17	27	5	5	26	0.113636	44	0.0226631	FALSE	NA	NA	NA	NA	NA	NA
NC_045512.2	25565	G	T	32	14	27	7	7	26	0.162791	43	0.00442335	TRUE	NA	NA	NA	NA	NA	NA
NC_045512.2	25565	G	C	32	14	27	2	2	29	0.0465116	43	0.196842	FALSE	NA	NA	NA	NA	NA	NA
NC_045512.2	25565	G	A	32	14	27	2	2	25	0.0465116	43	0.196842	FALSE	NA	NA	NA	NA	NA	NA
NC_045512.2	25566	C	T	33	15	28	5	5	26	0.113636	44	0.0195906	FALSE	NA	NA	NA	NA	NA	NA
NC_045512.2	25566	C	G	33	15	28	4	4	25	0.0909091	44	0.0417589	FALSE	NA	NA	NA	NA	NA	NA
NC_045512.2	25566	C	A	33	15	28	2	2	26	0.0454545	44	0.198135	FALSE	NA	NA	NA	NA	NA	NA
NC_045512.2	25567	G	T	33	15	27	3	3	28	0.0697674	43	0.0938535	FALSE	NA	NA	NA	NA	NA	NA
NC_045512.2	25567	G	C	33	15	27	6	6	25	0.139535	43	0.0100531	FALSE	NA	NA	NA	NA	NA	NA
NC_045512.2	25567	G	A	33	15	27	1	1	26	0.0232558	43	0.447368	FALSE	NA	NA	NA	NA	NA	NA
NC_045512.2	25568	C	T	35	17	27	5	5	24	0.113636	44	0.0226631	FALSE	NA	NA	NA	NA	NA	NA
NC_045512.2	25568	C	G	35	17	27	2	2	27	0.0454545	44	0.210759	FALSE	NA	NA	NA	NA	NA	NA
NC_045512.2	25568	C	A	35	17	27	2	2	26	0.0454545	44	0.210759	FALSE	NA	NA	NA	NA	NA	NA
NC_045512.2	25569	T	G	37	20	25	4	4	25	0.0930233	43	0.0551093	FALSE	NA	NA	NA	NA	NA	NA
NC_045512.2	25569	T	C	37	20	25	2	1	25	0.0465116	43	0.228704	FALSE	NA	NA	NA	NA	NA	NA
NC_045512.2	25570	T	G	36	18	25	3	3	26	0.0714286	42	0.111234	FALSE	NA	NA	NA	NA	NA	NA
NC_045512.2	25570	T	C	36	18	25	1	1	20	0.0238095	42	0.474359	FALSE	NA	NA	NA	NA	NA	NA
NC_045512.2	25570	T	A	36	18	25	2	2	27	0.047619	42	0.228173	FALSE	NA	NA	NA	NA	NA	NA
NC_045512.2	25571	C	T	34	16	25	5	5	26	0.113636	44	0.0211013	FALSE	NA	NA	NA	NA	NA	NA
NC_045512.2	25571	C	G	34	16	25	3	3	26	0.0681818	44	0.0945716	FALSE	NA	NA	NA	NA	NA	NA
NC_045512.2	25571	C	A	34	16	25	2	2	22	0.0454545	44	0.204479	FALSE	NA	NA	NA	NA	NA	NA
NC_045512.2	25572	C	T	35	19	24	3	3	26	0.0714286	42	0.106678	FALSE	NA	NA	NA	NA	NA	NA
NC_045512.2	25572	C	A	35	19	24	4	3	26	0.0952381	42	0.0520056	FALSE	NA	NA	NA	NA	NA	NA
NC_045512.2	25572	C	-A	35	19	24	1	0	20	0.0238095	42	0.467532	FALSE	NA	NA	NA	NA	NA	NA
NC_045512.2	25573	A	T	25	7	25	4	4	24	0.133333	30	0.0559809	FALSE	NA	NA	NA	NA	NA	NA
NC_045512.2	25573	A	G	25	7	25	1	1	28	0.0333333	30	0.472727	FALSE	NA	NA	NA	NA	NA	NA
NC_045512.2	25574	A	T	24	7	27	3	3	27	0.09375	32	0.0947952	FALSE	NA	NA	NA	NA	NA	NA
NC_045512.2	25574	A	G	24	7	27	3	2	25	0.09375	32	0.0947952	FALSE	NA	NA	NA	NA	NA	NA
NC_045512.2	25574	A	C	24	7	27	2	2	28	0.0625	32	0.203634	FALSE	NA	NA	NA	NA	NA	NA
NC_045512.2	25575	A	T	28	11	26	1	1	24	0.03125	32	0.483333	FALSE	NA	NA	NA	NA	NA	NA
NC_045512.2	25575	A	G	28	11	26	2	1	27	0.0625	32	0.237705	FALSE	NA	NA	NA	NA	NA	NA
NC_045512.2	25575	A	C	28	11	26	1	1	23	0.03125	32	0.483333	FALSE	NA	NA	NA	NA	NA	NA
NC_045512.2	25576	A	T	16	10	25	1	1	31	0.05	20	0.472222	FALSE	NA	NA	NA	NA	NA	NA
NC_045512.2	25576	A	G	16	10	25	2	2	26	0.1	20	0.22973	FALSE	NA	NA	NA	NA	NA	NA
NC_045512.2	25576	A	C	16	10	25	1	1	27	0.05	20	0.472222	FALSE	NA	NA	NA	NA	NA	NA
NC_045512.2	25577	T	G	27	10	26	1	1	26	0.03125	32	0.474576	FALSE	NA	NA	NA	NA	NA	NA
NC_045512.2	25577	T	C	27	10	26	3	2	24	0.09375	32	0.112809	FALSE	NA	NA	NA	NA	NA	NA
NC_045512.2	25577	T	A	27	10	26	1	1	30	0.03125	32	0.474576	FALSE	NA	NA	NA	NA	NA	NA
NC_045512.2	25578	C	G	27	10	26	3	3	26	0.0967742	31	0.118644	FALSE	NA	NA	NA	NA	NA	NA
NC_045512.2	25578	C	A	27	10	26	1	1	26	0.0322581	31	0.482759	FALSE	NA	NA	NA	NA	NA	NA
NC_045512.2	25579	A	T	28	10	26	1	1	24	0.03125	32	0.483333	FALSE	NA	NA	NA	NA	NA	NA
NC_045512.2	25579	A	G	28	10	26	1	1	22	0.03125	32	0.483333	FALSE	NA	NA	NA	NA	NA	NA
NC_045512.2	25579	A	C	28	10	26	2	2	26	0.0625	32	0.237705	FALSE	NA	NA	NA	NA	NA	NA
NC_045512.2	25580	T	G	29	11	26	1	1	28	0.03125	32	0.491803	FALSE	NA	NA	NA	NA	NA	NA
NC_045512.2	25580	T	C	29	11	26	1	1	23	0.03125	32	0.491803	FALSE	NA	NA	NA	NA	NA	NA
NC_045512.2	25580	T	A	29	11	26	1	1	31	0.03125	32	0.491803	FALSE	NA	NA	NA	NA	NA	NA
NC_045512.2	25581	A	T	27	9	26	1	1	26	0.0322581	31	0.482759	FALSE	NA	NA	NA	NA	NA	NA
NC_045512.2	25581	A	G	27	9	26	1	1	24	0.0322581	31	0.482759	FALSE	NA	NA	NA	NA	NA	NA
NC_045512.2	25581	A	C	27	9	26	2	2	27	0.0645161	31	0.237288	FALSE	NA	NA	NA	NA	NA	NA
NC_045512.2	25582	A	T	27	10	24	2	2	23	0.0645161	31	0.237288	FALSE	NA	NA	NA	NA	NA	NA
NC_045512.2	25582	A	C	27	10	24	2	2	24	0.0645161	31	0.237288	FALSE	NA	NA	NA	NA	NA	NA
NC_045512.2	25583	C	T	28	10	26	4	4	26	0.125	32	0.0603695	FALSE	NA	NA	NA	NA	NA	NA
NC_045512.2	25583	C	-C	28	10	26	1	0	20	0.03125	32	0.483333	FALSE	NA	NA	NA	NA	NA	NA
NC_045512.2	25584	C	T	2	2	30	28	10	26	0.933333	30	4.19399e-15	TRUE	NA	NA	NA	NA	NA	NA
NC_045512.2	25585	C	A	29	11	26	3	3	26	0.09375	32	0.124902	FALSE	NA	NA	NA	NA	NA	NA
NC_045512.2	25585	C	-T	29	11	26	1	0	20	0.03125	32	0.491803	FALSE	NA	NA	NA	NA	NA	NA
NC_045512.2	25586	T	G	27	10	27	1	1	27	0.0322581	31	0.482759	FALSE	NA	NA	NA	NA	NA	NA
NC_045512.2	25586	T	C	27	10	27	2	1	28	0.0645161	31	0.237288	FALSE	NA	NA	NA	NA	NA	NA
NC_045512.2	25586	T	A	27	10	27	1	1	30	0.0322581	31	0.482759	FALSE	NA	NA	NA	NA	NA	NA
NC_045512.2	25587	C	A	27	9	26	4	4	26	0.129032	31	0.0602945	FALSE	NA	NA	NA	NA	NA	NA
NC_045512.2	25587	C	-A	27	9	26	3	0	20	0.0967742	31	0.118644	FALSE	NA	NA	NA	NA	NA	NA
NC_045512.2	25588	A	T	18	3	27	1	1	29	0.05	20	0.463415	FALSE	NA	NA	NA	NA	NA	NA
NC_045512.2	25588	A	G	18	3	27	1	1	32	0.05	20	0.463415	FALSE	NA	NA	NA	NA	NA	NA
NC_045512.2	25589	A	C	29	11	27	3	3	28	0.09375	32	0.124902	FALSE	NA	NA	NA	NA	NA	NA
NC_045512.2	25590	A	T	29	11	27	2	2	26	0.0625	32	0.245902	FALSE	NA	NA	NA	NA	NA	NA
NC_045512.2	25590	A	G	29	11	27	1	1	28	0.03125	32	0.491803	FALSE	NA	NA	NA	NA	NA	NA
NC_045512.2	25591	A	T	26	9	27	2	2	30	0.0645161	31	0.228675	FALSE	NA	NA	NA	NA	NA	NA
NC_045512.2	25591	A	C	26	9	27	3	3	27	0.0967742	31	0.1124	FALSE	NA	NA	NA	NA	NA	NA
NC_045512.2	25592	A	T	11	10	26	2	2	26	0.133333	15	0.222222	FALSE	NA	NA	NA	NA	NA	NA
NC_045512.2	25592	A	G	11	10	26	1	1	20	0.0666667	15	0.461538	FALSE	NA	NA	NA	NA	NA	NA
NC_045512.2	25592	A	C	11	10	26	1	1	32	0.0666667	15	0.461538	FALSE	NA	NA	NA	NA	NA	NA
NC_045512.2	25593	G	T	26	9	26	2	2	26	0.0645161	31	0.228675	FALSE	NA	NA	NA	NA	NA	NA
NC_045512.2	25593	G	C	26	9	26	1	1	27	0.0322581	31	0.473684	FALSE	NA	NA	NA	NA	NA	NA
NC_045512.2	25593	G	A	26	9	26	2	2	28	0.0645161	31	0.228675	FALSE	NA	NA	NA	NA	NA	NA
NC_045512.2	25594	A	T	27	10	26	1	1	27	0.0333333	30	0.491228	FALSE	NA	NA	NA	NA	NA	NA
NC_045512.2	25594	A	C	27	10	26	2	2	26	0.0666667	30	0.245614	FALSE	NA	NA	NA	NA	NA	NA
NC_045512.2	25595	G	T	26	9	26	1	1	27	0.0322581	31	0.473684	FALSE	NA	NA	NA	NA	NA	NA
NC_045512.2	25595	G	C	26	9	26	1	1	24	0.0322581	31	0.473684	FALSE	NA	NA	NA	NA	NA	NA
NC_045512.2	25595	G	A	26	9	26	3	3	27	0.0967742	31	0.1124	FALSE	NA	NA	NA	NA	NA	NA
NC_045512.2	25596	A	C	28	11	26	2	2	28	0.0666667	30	0.254237	FALSE	NA	NA	NA	NA	NA	NA
NC_045512.2	25597	T	C	28	11	26	1	1	26	0.0322581	31	0.491525	FALSE	NA	NA	NA	NA	NA	NA
NC_045512.2	25597	T	A	28	11	26	2	2	25	0.0645161	31	0.245763	FALSE	NA	NA	NA	NA	NA	NA
NC_045512.2	25598	G	T	25	7	26	1	1	28	0.0333333	30	0.472727	FALSE	NA	NA	NA	NA	NA	NA
NC_045512.2	25598	G	C	25	7	26	2	2	26	0.0666667	30	0.227922	FALSE	NA	NA	NA	NA	NA	NA
NC_045512.2	25598	G	A	25	7	26	2	2	25	0.0666667	30	0.227922	FALSE	NA	NA	NA	NA	NA	NA
NC_045512.2	25598	G	-G	25	7	26	1	0	20	0.0333333	30	0.472727	FALSE	NA	NA	NA	NA	NA	NA
NC_045512.2	25599	G	T	24	10	24	1	1	27	0.037037	27	0.490196	FALSE	NA	NA	NA	NA	NA	NA
NC_045512.2	25599	G	C	24	10	24	1	1	29	0.037037	27	0.490196	FALSE	NA	NA	NA	NA	NA	NA
NC_045512.2	25599	G	A	24	10	24	1	1	24	0.037037	27	0.490196	FALSE	NA	NA	NA	NA	NA	NA
NC_045512.2	25600	C	T	26	10	26	2	2	26	0.0689655	29	0.245455	FALSE	NA	NA	NA	NA	NA	NA
NC_045512.2	25600	C	A	26	10	26	1	1	23	0.0344828	29	0.490909	FALSE	NA	NA	NA	NA	NA	NA
NC_045512.2	25601	A	G	26	10	25	1	1	23	0.0344828	29	0.490909	FALSE	NA	NA	NA	NA	NA	NA
NC_045512.2	25601	A	C	26	10	25	2	2	27	0.0689655	29	0.245455	FALSE	NA	NA	NA	NA	NA	NA
NC_045512.2	25603	C	T	25	9	27	2	2	25	0.0666667	30	0.227922	FALSE	NA	NA	NA	NA	NA	NA
NC_045512.2	25603	C	A	25	9	27	3	3	28	0.1	30	0.111962	FALSE	NA	NA	NA	NA	NA	NA
NC_045512.2	25604	T	G	25	9	27	1	1	27	0.0344828	29	0.481481	FALSE	NA	NA	NA	NA	NA	NA
NC_045512.2	25604	T	A	25	9	27	3	3	27	0.103448	29	0.118182	FALSE	NA	NA	NA	NA	NA	NA
NC_045512.2	25605	A	G	29	13	27	1	1	24	0.0333333	30	0.508475	FALSE	NA	NA	NA	NA	NA	NA
NC_045512.2	25606	G	C	27	11	27	2	2	26	0.0666667	30	0.245614	FALSE	NA	NA	NA	NA	NA	NA
NC_045512.2	25606	G	A	27	11	27	1	1	29	0.0333333	30	0.491228	FALSE	NA	NA	NA	NA	NA	NA
NC_045512.2	25607	C	T	25	9	27	1	1	36	0.0333333	30	0.472727	FALSE	NA	NA	NA	NA	NA	NA
NC_045512.2	25607	C	G	25	9	27	1	1	28	0.0333333	30	0.472727	FALSE	NA	NA	NA	NA	NA	NA
NC_045512.2	25607	C	A	25	9	27	3	3	25	0.1	30	0.111962	FALSE	NA	NA	NA	NA	NA	NA
NC_045512.2	25608	A	T	27	11	27	1	1	29	0.0333333	30	0.491228	FALSE	NA	NA	NA	NA	NA	NA
NC_045512.2	25608	A	G	27	11	27	1	1	28	0.0333333	30	0.491228	FALSE	NA	NA	NA	NA	NA	NA
NC_045512.2	25608	A	C	27	11	27	1	1	28	0.0333333	30	0.491228	FALSE	NA	NA	NA	NA	NA	NA
NC_045512.2	25609	C	T	26	10	27	1	1	28	0.0333333	30	0.482143	FALSE	NA	NA	NA	NA	NA	NA
NC_045512.2	25609	C	G	26	10	27	2	2	25	0.0666667	30	0.236842	FALSE	NA	NA	NA	NA	NA	NA
NC_045512.2	25609	C	A	26	10	27	1	1	29	0.0333333	30	0.482143	FALSE	NA	NA	NA	NA	NA	NA
NC_045512.2	25610	T	G	27	11	27	1	1	29	0.0333333	30	0.491228	FALSE	NA	NA	NA	NA	NA	NA
NC_045512.2	25610	T	C	27	11	27	1	1	27	0.0333333	30	0.491228	FALSE	NA	NA	NA	NA	NA	NA
NC_045512.2	25610	T	A	27	11	27	1	1	28	0.0333333	30	0.491228	FALSE	NA	NA	NA	NA	NA	NA
NC_045512.2	25611	C	T	107	17	27	1	1	22	0.00909091	110	0.748848	FALSE	NA	NA	NA	NA	NA	NA
NC_045512.2	25611	C	G	107	17	27	1	1	24	0.00909091	110	0.748848	FALSE	NA	NA	NA	NA	NA	NA
NC_045512.2	25611	C	A	107	17	27	1	1	28	0.00909091	110	0.748848	FALSE	NA	NA	NA	NA	NA	NA
NC_045512.2	25612	T	G	106	16	27	2	2	28	0.018018	111	0.493088	FALSE	NA	NA	NA	NA	NA	NA
NC_045512.2	25612	T	C	106	16	27	1	1	27	0.00900901	111	0.744197	FALSE	NA	NA	NA	NA	NA	NA
NC_045512.2	25612	T	A	106	16	27	2	2	26	0.018018	111	0.493088	FALSE	NA	NA	NA	NA	NA	NA
NC_045512.2	25613	C	T	108	18	27	1	1	28	0.00892857	112	0.746575	FALSE	NA	NA	NA	NA	NA	NA
NC_045512.2	25613	C	G	108	18	27	1	1	23	0.00892857	112	0.746575	FALSE	NA	NA	NA	NA	NA	NA
NC_045512.2	25613	C	A	108	18	27	2	2	28	0.0178571	112	0.496591	FALSE	NA	NA	NA	NA	NA	NA
NC_045512.2	25614	C	A	101	20	23	3	3	27	0.0288462	104	0.314316	FALSE	NA	NA	NA	NA	NA	NA
NC_045512.2	25615	A	T	103	14	27	2	2	29	0.0186916	107	0.496428	FALSE	NA	NA	NA	NA	NA	NA
NC_045512.2	25615	A	C	103	14	27	2	2	28	0.0186916	107	0.496428	FALSE	NA	NA	NA	NA	NA	NA
NC_045512.2	25616	A	T	101	19	23	1	1	28	0.00952381	105	0.746341	FALSE	NA	NA	NA	NA	NA	NA
NC_045512.2	25616	A	G	101	19	23	1	1	28	0.00952381	105	0.746341	FALSE	NA	NA	NA	NA	NA	NA
NC_045512.2	25616	A	C	101	19	23	2	2	25	0.0190476	105	0.496359	FALSE	NA	NA	NA	NA	NA	NA
NC_045512.2	25617	G	T	95	9	27	4	2	26	0.0384615	104	0.172242	FALSE	NA	NA	NA	NA	NA	NA
NC_045512.2	25617	G	C	95	9	27	3	3	29	0.0288462	104	0.292101	FALSE	NA	NA	NA	NA	NA	NA
NC_045512.2	25617	G	A	95	9	27	2	2	25	0.0192308	104	0.477393	FALSE	NA	NA	NA	NA	NA	NA
NC_045512.2	25618	G	T	107	19	28	2	2	28	0.0178571	112	0.493151	FALSE	NA	NA	NA	NA	NA	NA
NC_045512.2	25618	G	C	107	19	28	2	2	28	0.0178571	112	0.493151	FALSE	NA	NA	NA	NA	NA	NA
NC_045512.2	25618	G	A	107	19	28	1	1	24	0.00892857	112	0.74425	FALSE	NA	NA	NA	NA	NA	NA
NC_045512.2	25619	G	T	97	18	23	1	1	27	0.00970874	103	0.741156	FALSE	NA	NA	NA	NA	NA	NA
NC_045512.2	25619	G	C	97	18	23	1	1	24	0.00970874	103	0.741156	FALSE	NA	NA	NA	NA	NA	NA
NC_045512.2	25619	G	A	97	18	23	4	4	26	0.038835	103	0.18132	FALSE	NA	NA	NA	NA	NA	NA
NC_045512.2	25620	T	G	105	17	27	3	3	25	0.0267857	112	0.300519	FALSE	NA	NA	NA	NA	NA	NA
NC_045512.2	25620	T	C	105	17	27	4	3	28	0.0357143	112	0.178998	FALSE	NA	NA	NA	NA	NA	NA
NC_045512.2	25621	G	T	107	18	27	2	2	27	0.0178571	112	0.493151	FALSE	NA	NA	NA	NA	NA	NA
NC_045512.2	25621	G	C	107	18	27	2	2	25	0.0178571	112	0.493151	FALSE	NA	NA	NA	NA	NA	NA
NC_045512.2	25621	G	A	107	18	27	1	1	25	0.00892857	112	0.74425	FALSE	NA	NA	NA	NA	NA	NA
NC_045512.2	25622	T	G	105	16	27	3	3	28	0.0267857	112	0.300519	FALSE	NA	NA	NA	NA	NA	NA
NC_045512.2	25622	T	C	105	16	27	2	2	26	0.0178571	112	0.486176	FALSE	NA	NA	NA	NA	NA	NA
NC_045512.2	25622	T	A	105	16	27	2	2	23	0.0178571	112	0.486176	FALSE	NA	NA	NA	NA	NA	NA
NC_045512.2	25623	T	C	107	20	24	2	2	25	0.0181818	110	0.5	FALSE	NA	NA	NA	NA	NA	NA
NC_045512.2	25623	T	A	107	20	24	1	1	27	0.00909091	110	0.748848	FALSE	NA	NA	NA	NA	NA	NA
NC_045512.2	25624	C	T	107	18	27	2	2	25	0.0178571	112	0.493151	FALSE	NA	NA	NA	NA	NA	NA
NC_045512.2	25624	C	G	107	18	27	2	2	24	0.0178571	112	0.493151	FALSE	NA	NA	NA	NA	NA	NA
NC_045512.2	25624	C	A	107	18	27	1	1	22	0.00892857	112	0.74425	FALSE	NA	NA	NA	NA	NA	NA
NC_045512.2	25625	A	T	92	12	27	1	1	24	0.0105263	95	0.497326	FALSE	NA	NA	NA	NA	NA	NA
NC_045512.2	25625	A	G	92	12	27	1	1	29	0.0105263	95	0.497326	FALSE	NA	NA	NA	NA	NA	NA
NC_045512.2	25625	A	C	92	12	27	1	1	28	0.0105263	95	0.497326	FALSE	NA	NA	NA	NA	NA	NA
NC_045512.2	25626	C	T	92	12	27	1	1	29	0.0105263	95	0.497326	FALSE	NA	NA	NA	NA	NA	NA
NC_045512.2	25626	C	G	92	12	27	1	1	29	0.0105263	95	0.497326	FALSE	NA	NA	NA	NA	NA	NA
NC_045512.2	25626	C	A	92	12	27	1	1	28	0.0105263	95	0.497326	FALSE	NA	NA	NA	NA	NA	NA
NC_045512.2	25627	T	C	93	13	26	2	2	27	0.0210526	95	0.251323	FALSE	NA	NA	NA	NA	NA	NA
NC_045512.2	25628	T	G	91	11	27	1	1	28	0.0104167	96	0.491979	FALSE	NA	NA	NA	NA	NA	NA
NC_045512.2	25628	T	C	91	11	27	2	1	25	0.0208333	96	0.243372	FALSE	NA	NA	NA	NA	NA	NA
NC_045512.2	25628	T	A	91	11	27	2	2	27	0.0208333	96	0.243372	FALSE	NA	NA	NA	NA	NA	NA
NC_045512.2	25629	T	G	70	12	22	1	1	27	0.0136986	73	0.496503	FALSE	NA	NA	NA	NA	NA	NA
NC_045512.2	25629	T	C	70	12	22	2	2	26	0.0273973	73	0.248252	FALSE	NA	NA	NA	NA	NA	NA
NC_045512.2	25630	G	T	90	10	26	2	2	28	0.0210526	95	0.243301	FALSE	NA	NA	NA	NA	NA	NA
NC_045512.2	25630	G	C	90	10	26	1	1	28	0.0105263	95	0.491892	FALSE	NA	NA	NA	NA	NA	NA
NC_045512.2	25630	G	A	90	10	26	2	1	25	0.0210526	95	0.243301	FALSE	NA	NA	NA	NA	NA	NA
NC_045512.2	25631	T	G	89	8	26	1	1	28	0.0107527	93	0.494505	FALSE	NA	NA	NA	NA	NA	NA
NC_045512.2	25631	T	C	89	8	26	1	1	28	0.0107527	93	0.494505	FALSE	NA	NA	NA	NA	NA	NA
NC_045512.2	25631	T	A	89	8	26	2	2	27	0.0215054	93	0.245902	FALSE	NA	NA	NA	NA	NA	NA
NC_045512.2	25632	T	G	93	12	27	1	1	21	0.0104167	96	0.497354	FALSE	NA	NA	NA	NA	NA	NA
NC_045512.2	25632	T	C	93	12	27	1	1	28	0.0104167	96	0.497354	FALSE	NA	NA	NA	NA	NA	NA
NC_045512.2	25632	T	A	93	12	27	1	1	28	0.0104167	96	0.497354	FALSE	NA	NA	NA	NA	NA	NA
NC_045512.2	25633	T	G	66	12	22	2	2	24	0.0289855	69	0.248148	FALSE	NA	NA	NA	NA	NA	NA
NC_045512.2	25633	T	C	66	12	22	1	1	27	0.0144928	69	0.496296	FALSE	NA	NA	NA	NA	NA	NA
NC_045512.2	25634	G	T	92	11	26	3	3	24	0.03125	96	0.123016	FALSE	NA	NA	NA	NA	NA	NA
NC_045512.2	25634	G	C	92	11	26	1	1	27	0.0104167	96	0.494681	FALSE	NA	NA	NA	NA	NA	NA
NC_045512.2	25635	C	T	91	10	26	4	4	27	0.0416667	96	0.0605212	FALSE	NA	NA	NA	NA	NA	NA
NC_045512.2	25635	C	G	91	10	26	1	1	29	0.0104167	96	0.491979	FALSE	NA	NA	NA	NA	NA	NA
NC_045512.2	25636	A	T	90	9	26	2	2	27	0.0210526	95	0.243301	FALSE	NA	NA	NA	NA	NA	NA
NC_045512.2	25636	A	G	90	9	26	1	1	27	0.0105263	95	0.491892	FALSE	NA	NA	NA	NA	NA	NA
NC_045512.2	25636	A	C	90	9	26	2	2	25	0.0210526	95	0.243301	FALSE	NA	NA	NA	NA	NA	NA
NC_045512.2	25637	A	T	79	8	23	1	1	21	0.0121951	82	0.496894	FALSE	NA	NA	NA	NA	NA	NA
NC_045512.2	25637	A	G	79	8	23	2	2	27	0.0243902	82	0.248447	FALSE	NA	NA	NA	NA	NA	NA
NC_045512.2	25638	C	T	85	8	26	2	2	24	0.0227273	88	0.248555	FALSE	NA	NA	NA	NA	NA	NA
NC_045512.2	25638	C	A	85	8	26	1	1	23	0.0113636	88	0.49711	FALSE	NA	NA	NA	NA	NA	NA
NC_045512.2	25639	T	C	85	8	27	2	2	25	0.0227273	88	0.248555	FALSE	NA	NA	NA	NA	NA	NA
NC_045512.2	25639	T	A	85	8	27	1	1	23	0.0113636	88	0.49711	FALSE	NA	NA	NA	NA	NA	NA
NC_045512.2	25640	T	A	78	8	23	2	2	28	0.025	80	0.251572	FALSE	NA	NA	NA	NA	NA	NA
NC_045512.2	25641	G	T	85	8	26	1	1	28	0.011236	89	0.494253	FALSE	NA	NA	NA	NA	NA	NA
NC_045512.2	25641	G	C	85	8	26	3	3	28	0.0337079	89	0.122857	FALSE	NA	NA	NA	NA	NA	NA
NC_045512.2	25642	C	T	85	8	27	3	3	23	0.0337079	89	0.122857	FALSE	NA	NA	NA	NA	NA	NA
NC_045512.2	25642	C	G	85	8	27	1	1	28	0.011236	89	0.494253	FALSE	NA	NA	NA	NA	NA	NA
NC_045512.2	25643	T	C	86	9	27	2	2	25	0.0224719	89	0.248571	FALSE	NA	NA	NA	NA	NA	NA
NC_045512.2	25643	T	A	86	9	27	1	1	22	0.011236	89	0.497143	FALSE	NA	NA	NA	NA	NA	NA
NC_045512.2	25644	G	T	85	8	27	2	2	27	0.0224719	89	0.245714	FALSE	NA	NA	NA	NA	NA	NA
NC_045512.2	25644	G	C	85	8	27	1	1	26	0.011236	89	0.494253	FALSE	NA	NA	NA	NA	NA	NA
NC_045512.2	25644	G	A	85	8	27	1	1	28	0.011236	89	0.494253	FALSE	NA	NA	NA	NA	NA	NA
NC_045512.2	25645	T	G	80	3	28	2	2	27	0.0235294	85	0.242497	FALSE	NA	NA	NA	NA	NA	NA
NC_045512.2	25645	T	C	80	3	28	2	2	28	0.0235294	85	0.242497	FALSE	NA	NA	NA	NA	NA	NA
NC_045512.2	25645	T	A	80	3	28	1	1	20	0.0117647	85	0.490909	FALSE	NA	NA	NA	NA	NA	NA
NC_045512.2	25646	T	C	85	11	24	1	0	28	0.0114943	87	0.5	FALSE	NA	NA	NA	NA	NA	NA
NC_045512.2	25646	T	A	85	11	24	1	1	26	0.0114943	87	0.5	FALSE	NA	NA	NA	NA	NA	NA
NC_045512.2	25647	G	T	85	9	27	3	3	27	0.0337079	89	0.122857	FALSE	NA	NA	NA	NA	NA	NA
NC_045512.2	25647	G	A	85	9	27	1	0	27	0.011236	89	0.494253	FALSE	NA	NA	NA	NA	NA	NA
NC_045512.2	25648	T	G	86	9	27	3	3	27	0.0337079	89	0.124988	FALSE	NA	NA	NA	NA	NA	NA
NC_045512.2	25649	T	G	83	9	23	2	2	28	0.0232558	86	0.248521	FALSE	NA	NA	NA	NA	NA	NA
NC_045512.2	25649	T	C	83	9	23	1	1	27	0.0116279	86	0.497041	FALSE	NA	NA	NA	NA	NA	NA
NC_045512.2	25650	G	T	85	8	27	3	3	27	0.0333333	90	0.120775	FALSE	NA	NA	NA	NA	NA	NA
NC_045512.2	25650	G	C	85	8	27	2	2	27	0.0222222	90	0.242922	FALSE	NA	NA	NA	NA	NA	NA
NC_045512.2	25651	T	G	84	7	27	3	3	27	0.0337079	89	0.120727	FALSE	NA	NA	NA	NA	NA	NA
NC_045512.2	25651	T	C	84	7	27	1	1	28	0.011236	89	0.491329	FALSE	NA	NA	NA	NA	NA	NA
NC_045512.2	25651	T	A	84	7	27	1	1	24	0.011236	89	0.491329	FALSE	NA	NA	NA	NA	NA	NA
NC_045512.2	25652	T	C	88	11	28	1	1	24	0.0111111	90	0.5	FALSE	NA	NA	NA	NA	NA	NA
NC_045512.2	25652	T	A	88	11	28	1	1	28	0.0111111	90	0.5	FALSE	NA	NA	NA	NA	NA	NA
NC_045512.2	25653	T	G	73	10	22	1	1	27	0.0131579	76	0.496644	FALSE	NA	NA	NA	NA	NA	NA
NC_045512.2	25653	T	C	73	10	22	2	2	27	0.0263158	76	0.248322	FALSE	NA	NA	NA	NA	NA	NA
NC_045512.2	25654	G	T	85	8	26	3	3	24	0.0333333	90	0.120775	FALSE	NA	NA	NA	NA	NA	NA
NC_045512.2	25654	G	C	85	8	26	1	1	27	0.0111111	90	0.491429	FALSE	NA	NA	NA	NA	NA	NA
NC_045512.2	25654	G	A	85	8	26	1	1	21	0.0111111	90	0.491429	FALSE	NA	NA	NA	NA	NA	NA
NC_045512.2	25655	T	G	87	10	26	1	1	28	0.0111111	90	0.497175	FALSE	NA	NA	NA	NA	NA	NA
NC_045512.2	25655	T	A	87	10	26	2	2	27	0.0222222	90	0.248588	FALSE	NA	NA	NA	NA	NA	NA
NC_045512.2	25656	A	T	83	6	27	3	3	27	0.0337079	89	0.118597	FALSE	NA	NA	NA	NA	NA	NA
NC_045512.2	25656	A	G	83	6	27	2	2	26	0.0224719	89	0.239952	FALSE	NA	NA	NA	NA	NA	NA
NC_045512.2	25656	A	C	83	6	27	1	1	28	0.011236	89	0.488372	FALSE	NA	NA	NA	NA	NA	NA
NC_045512.2	25657	A	T	78	8	23	1	1	23	0.0119048	84	0.487654	FALSE	NA	NA	NA	NA	NA	NA
NC_045512.2	25657	A	G	78	8	23	4	3	27	0.047619	84	0.058747	FALSE	NA	NA	NA	NA	NA	NA
NC_045512.2	25657	A	C	78	8	23	1	1	28	0.0119048	84	0.487654	FALSE	NA	NA	NA	NA	NA	NA
NC_045512.2	25658	C	T	85	8	27	4	4	26	0.043956	91	0.059038	FALSE	NA	NA	NA	NA	NA	NA
NC_045512.2	25658	C	G	85	8	27	1	1	28	0.010989	91	0.488636	FALSE	NA	NA	NA	NA	NA	NA
NC_045512.2	25658	C	A	85	8	27	1	1	28	0.010989	91	0.488636	FALSE	NA	NA	NA	NA	NA	NA
NC_045512.2	25659	A	T	85	8	27	4	4	28	0.043956	91	0.059038	FALSE	NA	NA	NA	NA	NA	NA
NC_045512.2	25659	A	G	85	8	27	1	1	28	0.010989	91	0.488636	FALSE	NA	NA	NA	NA	NA	NA
NC_045512.2	25659	A	C	85	8	27	1	1	29	0.010989	91	0.488636	FALSE	NA	NA	NA	NA	NA	NA
NC_045512.2	25660	G	T	86	9	27	2	2	26	0.021978	91	0.243001	FALSE	NA	NA	NA	NA	NA	NA
NC_045512.2	25660	G	C	86	9	27	1	1	21	0.010989	91	0.491525	FALSE	NA	NA	NA	NA	NA	NA
NC_045512.2	25660	G	A	86	9	27	2	2	27	0.021978	91	0.243001	FALSE	NA	NA	NA	NA	NA	NA
NC_045512.2	25661	T	G	84	8	27	3	2	24	0.0337079	89	0.120727	FALSE	NA	NA	NA	NA	NA	NA
NC_045512.2	25661	T	C	84	8	27	2	2	27	0.0224719	89	0.242841	FALSE	NA	NA	NA	NA	NA	NA
NC_045512.2	25662	T	G	85	10	28	1	1	27	0.010989	91	0.488636	FALSE	NA	NA	NA	NA	NA	NA
NC_045512.2	25662	T	C	85	10	28	3	1	27	0.032967	91	0.118739	FALSE	NA	NA	NA	NA	NA	NA
NC_045512.2	25662	T	A	85	10	28	2	2	25	0.021978	91	0.240177	FALSE	NA	NA	NA	NA	NA	NA
NC_045512.2	25663	T	G	75	11	23	1	1	28	0.0126582	79	0.493506	FALSE	NA	NA	NA	NA	NA	NA
NC_045512.2	25663	T	C	75	11	23	1	1	27	0.0126582	79	0.493506	FALSE	NA	NA	NA	NA	NA	NA
NC_045512.2	25663	T	A	75	11	23	2	2	25	0.0253165	79	0.245161	FALSE	NA	NA	NA	NA	NA	NA
NC_045512.2	25664	A	T	86	9	26	3	3	24	0.0326087	92	0.118808	FALSE	NA	NA	NA	NA	NA	NA
NC_045512.2	25664	A	G	86	9	26	2	2	25	0.0217391	92	0.240286	FALSE	NA	NA	NA	NA	NA	NA
NC_045512.2	25664	A	C	86	9	26	1	1	26	0.0108696	92	0.488764	FALSE	NA	NA	NA	NA	NA	NA
NC_045512.2	25665	C	T	88	11	27	1	1	28	0.0108696	92	0.494444	FALSE	NA	NA	NA	NA	NA	NA
NC_045512.2	25665	C	G	88	11	27	2	2	29	0.0217391	92	0.245856	FALSE	NA	NA	NA	NA	NA	NA
NC_045512.2	25665	C	A	88	11	27	1	1	22	0.0108696	92	0.494444	FALSE	NA	NA	NA	NA	NA	NA
NC_045512.2	25666	T	G	87	10	27	1	1	26	0.0108696	92	0.49162	FALSE	NA	NA	NA	NA	NA	NA
NC_045512.2	25666	T	C	87	10	27	1	1	27	0.0108696	92	0.49162	FALSE	NA	NA	NA	NA	NA	NA
NC_045512.2	25666	T	A	87	10	27	3	3	23	0.0326087	92	0.120868	FALSE	NA	NA	NA	NA	NA	NA
NC_045512.2	25667	C	T	84	7	27	4	4	26	0.0434783	92	0.0563846	FALSE	NA	NA	NA	NA	NA	NA
NC_045512.2	25667	C	G	84	7	27	1	1	27	0.0108696	92	0.482955	FALSE	NA	NA	NA	NA	NA	NA
NC_045512.2	25667	C	A	84	7	27	3	3	26	0.0326087	92	0.114691	FALSE	NA	NA	NA	NA	NA	NA
NC_045512.2	25668	A	T	84	7	28	3	3	25	0.0326087	92	0.114691	FALSE	NA	NA	NA	NA	NA	NA
NC_045512.2	25668	A	G	84	7	28	2	2	23	0.0217391	92	0.234656	FALSE	NA	NA	NA	NA	NA	NA
NC_045512.2	25668	A	C	84	7	28	3	3	27	0.0326087	92	0.114691	FALSE	NA	NA	NA	NA	NA	NA
NC_045512.2	25669	C	T	84	7	27	4	4	25	0.0434783	92	0.0563846	FALSE	NA	NA	NA	NA	NA	NA
NC_045512.2	25669	C	G	84	7	27	3	3	28	0.0326087	92	0.114691	FALSE	NA	NA	NA	NA	NA	NA
NC_045512.2	25669	C	A	84	7	27	1	1	27	0.0108696	92	0.482955	FALSE	NA	NA	NA	NA	NA	NA
NC_045512.2	25670	A	T	84	7	27	5	5	26	0.0543478	92	0.027879	FALSE	NA	NA	NA	NA	NA	NA
NC_045512.2	25670	A	G	84	7	27	1	1	29	0.0108696	92	0.482955	FALSE	NA	NA	NA	NA	NA	NA
NC_045512.2	25670	A	C	84	7	27	2	2	28	0.0217391	92	0.234656	FALSE	NA	NA	NA	NA	NA	NA
NC_045512.2	25671	C	T	84	7	27	2	2	29	0.021978	91	0.237338	FALSE	NA	NA	NA	NA	NA	NA
NC_045512.2	25671	C	G	84	7	27	2	2	26	0.021978	91	0.237338	FALSE	NA	NA	NA	NA	NA	NA
NC_045512.2	25671	C	A	84	7	27	3	3	27	0.032967	91	0.116657	FALSE	NA	NA	NA	NA	NA	NA
NC_045512.2	25672	C	T	77	11	23	1	1	29	0.0123457	81	0.493671	FALSE	NA	NA	NA	NA	NA	NA
NC_045512.2	25672	C	G	77	11	23	1	1	29	0.0123457	81	0.493671	FALSE	NA	NA	NA	NA	NA	NA
NC_045512.2	25672	C	A	77	11	23	2	2	27	0.0246914	81	0.245283	FALSE	NA	NA	NA	NA	NA	NA
NC_045512.2	25673	T	G	84	7	26	1	1	28	0.011236	89	0.491329	FALSE	NA	NA	NA	NA	NA	NA
NC_045512.2	25673	T	C	84	7	26	3	3	28	0.0337079	89	0.120727	FALSE	NA	NA	NA	NA	NA	NA
NC_045512.2	25673	T	A	84	7	26	1	1	28	0.011236	89	0.491329	FALSE	NA	NA	NA	NA	NA	NA
NC_045512.2	25674	T	G	87	10	27	1	1	28	0.0108696	92	0.49162	FALSE	NA	NA	NA	NA	NA	NA
NC_045512.2	25674	T	C	87	10	27	3	3	26	0.0326087	92	0.120868	FALSE	NA	NA	NA	NA	NA	NA
NC_045512.2	25674	T	A	87	10	27	1	1	27	0.0108696	92	0.49162	FALSE	NA	NA	NA	NA	NA	NA
NC_045512.2	25675	T	G	87	10	27	1	1	27	0.0108696	92	0.49162	FALSE	NA	NA	NA	NA	NA	NA
NC_045512.2	25675	T	C	87	10	27	2	2	25	0.0217391	92	0.243079	FALSE	NA	NA	NA	NA	NA	NA
NC_045512.2	25675	T	A	87	10	27	2	2	25	0.0217391	92	0.243079	FALSE	NA	NA	NA	NA	NA	NA
NC_045512.2	25676	T	C	48	12	22	1	1	28	0.0196078	51	0.494949	FALSE	NA	NA	NA	NA	NA	NA
NC_045512.2	25676	T	A	48	12	22	2	2	25	0.0392157	51	0.247475	FALSE	NA	NA	NA	NA	NA	NA
NC_045512.2	25677	G	T	93	12	26	3	3	28	0.03	100	0.295338	FALSE	NA	NA	NA	NA	NA	NA
NC_045512.2	25677	G	C	93	12	26	3	3	27	0.03	100	0.295338	FALSE	NA	NA	NA	NA	NA	NA
NC_045512.2	25677	G	A	93	12	26	1	1	28	0.01	100	0.735591	FALSE	NA	NA	NA	NA	NA	NA
NC_045512.2	25678	C	T	92	11	27	7	7	25	0.07	100	0.0313811	FALSE	NA	NA	NA	NA	NA	NA
NC_045512.2	25678	C	G	92	11	27	1	1	28	0.01	100	0.732837	FALSE	NA	NA	NA	NA	NA	NA
NC_045512.2	25679	T	C	96	15	27	3	3	25	0.03	100	0.306813	FALSE	NA	NA	NA	NA	NA	NA
NC_045512.2	25679	T	A	96	15	27	1	1	28	0.01	100	0.743603	FALSE	NA	NA	NA	NA	NA	NA
NC_045512.2	25680	C	T	93	12	27	4	4	26	0.04	100	0.174917	FALSE	NA	NA	NA	NA	NA	NA
NC_045512.2	25680	C	G	93	12	27	3	3	27	0.03	100	0.295338	FALSE	NA	NA	NA	NA	NA	NA
NC_045512.2	25681	G	T	93	12	27	3	3	25	0.03	100	0.295338	FALSE	NA	NA	NA	NA	NA	NA
NC_045512.2	25681	G	C	93	12	27	3	3	28	0.03	100	0.295338	FALSE	NA	NA	NA	NA	NA	NA
NC_045512.2	25681	G	A	93	12	27	1	1	24	0.01	100	0.735591	FALSE	NA	NA	NA	NA	NA	NA
NC_045512.2	25682	T	G	96	15	27	1	1	28	0.01	100	0.743603	FALSE	NA	NA	NA	NA	NA	NA
NC_045512.2	25682	T	C	96	15	27	2	2	28	0.02	100	0.492386	FALSE	NA	NA	NA	NA	NA	NA
NC_045512.2	25682	T	A	96	15	27	1	1	28	0.01	100	0.743603	FALSE	NA	NA	NA	NA	NA	NA
NC_045512.2	25683	T	G	93	14	23	2	2	26	0.0204082	98	0.24351	FALSE	NA	NA	NA	NA	NA	NA
NC_045512.2	25683	T	C	93	14	23	1	1	28	0.0102041	98	0.492147	FALSE	NA	NA	NA	NA	NA	NA
NC_045512.2	25683	T	A	93	14	23	2	2	25	0.0204082	98	0.24351	FALSE	NA	NA	NA	NA	NA	NA
NC_045512.2	25684	G	T	95	14	27	3	3	27	0.03	100	0.303007	FALSE	NA	NA	NA	NA	NA	NA
NC_045512.2	25684	G	C	95	14	27	1	1	28	0.01	100	0.740973	FALSE	NA	NA	NA	NA	NA	NA
NC_045512.2	25684	G	A	95	14	27	1	1	29	0.01	100	0.740973	FALSE	NA	NA	NA	NA	NA	NA
NC_045512.2	25685	C	T	93	12	27	3	3	28	0.03	100	0.295338	FALSE	NA	NA	NA	NA	NA	NA
NC_045512.2	25685	C	G	93	12	27	3	3	28	0.03	100	0.295338	FALSE	NA	NA	NA	NA	NA	NA
NC_045512.2	25685	C	A	93	12	27	1	1	28	0.01	100	0.735591	FALSE	NA	NA	NA	NA	NA	NA
NC_045512.2	25686	T	G	95	14	27	1	1	28	0.01	100	0.740973	FALSE	NA	NA	NA	NA	NA	NA
NC_045512.2	25686	T	C	95	14	27	3	3	26	0.03	100	0.303007	FALSE	NA	NA	NA	NA	NA	NA
NC_045512.2	25686	T	A	95	14	27	1	1	23	0.01	100	0.740973	FALSE	NA	NA	NA	NA	NA	NA
NC_045512.2	25687	G	T	93	12	27	3	3	26	0.03	100	0.295338	FALSE	NA	NA	NA	NA	NA	NA
NC_045512.2	25687	G	C	93	12	27	2	2	29	0.02	100	0.480674	FALSE	NA	NA	NA	NA	NA	NA
NC_045512.2	25687	G	A	93	12	27	2	2	25	0.02	100	0.480674	FALSE	NA	NA	NA	NA	NA	NA
NC_045512.2	25688	C	T	92	12	27	4	3	24	0.04	100	0.171782	FALSE	NA	NA	NA	NA	NA	NA
NC_045512.2	25688	C	G	92	12	27	3	3	28	0.03	100	0.291477	FALSE	NA	NA	NA	NA	NA	NA
NC_045512.2	25688	C	A	92	12	27	1	1	28	0.01	100	0.732837	FALSE	NA	NA	NA	NA	NA	NA
NC_045512.2	25689	T	G	95	14	27	1	1	28	0.00990099	101	0.740973	FALSE	NA	NA	NA	NA	NA	NA
NC_045512.2	25689	T	C	95	14	27	4	4	28	0.039604	101	0.181195	FALSE	NA	NA	NA	NA	NA	NA
NC_045512.2	25689	T	A	95	14	27	1	1	26	0.00990099	101	0.740973	FALSE	NA	NA	NA	NA	NA	NA
NC_045512.2	25690	G	T	93	12	27	7	7	26	0.0679612	103	0.0304416	FALSE	NA	NA	NA	NA	NA	NA
NC_045512.2	25690	G	C	93	12	27	3	3	26	0.0291262	103	0.288097	FALSE	NA	NA	NA	NA	NA	NA
NC_045512.2	25691	G	T	92	13	24	6	6	26	0.0588235	102	0.054515	FALSE	NA	NA	NA	NA	NA	NA
NC_045512.2	25691	G	C	92	13	24	3	3	26	0.0294118	102	0.28785	FALSE	NA	NA	NA	NA	NA	NA
NC_045512.2	25691	G	A	92	13	24	1	1	26	0.00980392	102	0.730249	FALSE	NA	NA	NA	NA	NA	NA
NC_045512.2	25692	C	T	95	15	27	4	4	28	0.0392157	102	0.17815	FALSE	NA	NA	NA	NA	NA	NA
NC_045512.2	25692	C	G	95	15	27	3	3	27	0.0294118	102	0.299315	FALSE	NA	NA	NA	NA	NA	NA
NC_045512.2	25693	C	T	94	16	24	4	4	26	0.039604	101	0.178055	FALSE	NA	NA	NA	NA	NA	NA
NC_045512.2	25693	C	G	94	16	24	2	2	26	0.019802	101	0.484617	FALSE	NA	NA	NA	NA	NA	NA
NC_045512.2	25693	C	A	94	16	24	1	1	20	0.00990099	101	0.738303	FALSE	NA	NA	NA	NA	NA	NA
NC_045512.2	25694	T	G	93	14	27	3	3	27	0.0294118	102	0.291689	FALSE	NA	NA	NA	NA	NA	NA
NC_045512.2	25694	T	C	93	14	27	2	2	29	0.0196078	102	0.47693	FALSE	NA	NA	NA	NA	NA	NA
NC_045512.2	25694	T	A	93	14	27	4	4	24	0.0392157	102	0.171938	FALSE	NA	NA	NA	NA	NA	NA
NC_045512.2	25695	T	G	91	13	24	1	1	28	0.01	100	0.730039	FALSE	NA	NA	NA	NA	NA	NA
NC_045512.2	25695	T	C	91	13	24	4	4	27	0.04	100	0.168648	FALSE	NA	NA	NA	NA	NA	NA
NC_045512.2	25695	T	A	91	13	24	4	4	25	0.04	100	0.168648	FALSE	NA	NA	NA	NA	NA	NA
NC_045512.2	25696	G	T	93	15	27	5	5	27	0.0490196	102	0.0989739	FALSE	NA	NA	NA	NA	NA	NA
NC_045512.2	25696	G	C	93	15	27	2	2	28	0.0196078	102	0.47693	FALSE	NA	NA	NA	NA	NA	NA
NC_045512.2	25696	G	A	93	15	27	2	2	29	0.0196078	102	0.47693	FALSE	NA	NA	NA	NA	NA	NA
NC_045512.2	25697	A	T	88	10	27	5	5	24	0.0490196	102	0.0877799	FALSE	NA	NA	NA	NA	NA	NA
NC_045512.2	25697	A	G	88	10	27	7	7	26	0.0686275	102	0.0264792	FALSE	NA	NA	NA	NA	NA	NA
NC_045512.2	25697	A	C	88	10	27	2	2	28	0.0196078	102	0.456626	FALSE	NA	NA	NA	NA	NA	NA
NC_045512.2	25698	A	T	83	13	23	5	5	26	0.0526316	95	0.024883	FALSE	NA	NA	NA	NA	NA	NA
NC_045512.2	25698	A	G	83	13	23	5	5	28	0.0526316	95	0.024883	FALSE	NA	NA	NA	NA	NA	NA
NC_045512.2	25698	A	C	83	13	23	2	2	25	0.0210526	95	0.224091	FALSE	NA	NA	NA	NA	NA	NA
NC_045512.2	25699	G	T	93	15	26	6	6	27	0.0582524	103	0.0545919	FALSE	NA	NA	NA	NA	NA	NA
NC_045512.2	25699	G	C	93	15	26	3	3	25	0.0291262	103	0.288097	FALSE	NA	NA	NA	NA	NA	NA
NC_045512.2	25699	G	A	93	15	26	1	1	26	0.00970874	103	0.730455	FALSE	NA	NA	NA	NA	NA	NA
NC_045512.2	25699	G	-C	93	15	26	1	0	20	0.00970874	103	0.730455	FALSE	NA	NA	NA	NA	NA	NA
NC_045512.2	25699	G	+C	93	15	26	1	0	20	0.00970874	103	0.730455	FALSE	NA	NA	NA	NA	NA	NA
NC_045512.2	25700	C	T	83	10	26	5	5	24	0.0526316	95	0.0242032	FALSE	NA	NA	NA	NA	NA	NA
NC_045512.2	25700	C	G	83	10	26	4	4	25	0.0421053	95	0.0503316	FALSE	NA	NA	NA	NA	NA	NA
NC_045512.2	25700	C	A	83	10	26	3	3	23	0.0315789	95	0.105291	FALSE	NA	NA	NA	NA	NA	NA
NC_045512.2	25701	C	T	87	13	27	6	6	25	0.0612245	98	0.0126336	FALSE	NA	NA	NA	NA	NA	NA
NC_045512.2	25701	C	G	87	13	27	3	3	26	0.0306122	98	0.109544	FALSE	NA	NA	NA	NA	NA	NA
NC_045512.2	25701	C	A	87	13	27	2	2	27	0.0204082	98	0.227608	FALSE	NA	NA	NA	NA	NA	NA
NC_045512.2	25702	C	T	82	13	28	7	7	26	0.0752688	93	0.00613647	TRUE	NA	NA	NA	NA	NA	NA
NC_045512.2	25702	C	G	82	13	28	3	3	25	0.0322581	93	0.108706	FALSE	NA	NA	NA	NA	NA	NA
NC_045512.2	25702	C	A	82	13	28	1	1	22	0.0107527	93	0.474286	FALSE	NA	NA	NA	NA	NA	NA
NC_045512.2	25703	C	T	26	15	25	4	3	25	0.108108	37	0.0380245	FALSE	NA	NA	NA	NA	NA	NA
NC_045512.2	25703	C	G	26	15	25	2	2	27	0.0540541	37	0.1875	FALSE	NA	NA	NA	NA	NA	NA
NC_045512.2	25703	C	A	26	15	25	5	5	26	0.135135	37	0.0175934	FALSE	NA	NA	NA	NA	NA	NA
NC_045512.2	25704	T	G	50	7	26	2	2	24	0.031746	63	0.202288	FALSE	NA	NA	NA	NA	NA	NA
NC_045512.2	25704	T	C	50	7	26	7	6	25	0.111111	63	0.00444439	TRUE	NA	NA	NA	NA	NA	NA
NC_045512.2	25704	T	A	50	7	26	4	4	26	0.0634921	63	0.0426576	FALSE	NA	NA	NA	NA	NA	NA
NC_045512.2	25705	T	G	59	14	27	3	3	28	0.0441176	68	0.10821	FALSE	NA	NA	NA	NA	NA	NA
NC_045512.2	25705	T	C	59	14	27	4	4	27	0.0588235	68	0.0524405	FALSE	NA	NA	NA	NA	NA	NA
NC_045512.2	25705	T	A	59	14	27	2	2	28	0.0294118	68	0.225148	FALSE	NA	NA	NA	NA	NA	NA
NC_045512.2	25706	T	G	61	16	27	4	4	28	0.056338	71	0.0511636	FALSE	NA	NA	NA	NA	NA	NA
NC_045512.2	25706	T	C	61	16	27	5	5	26	0.0704225	71	0.0248294	FALSE	NA	NA	NA	NA	NA	NA
NC_045512.2	25706	T	A	61	16	27	1	1	28	0.0140845	71	0.469697	FALSE	NA	NA	NA	NA	NA	NA
NC_045512.2	25707	T	G	34	19	24	3	3	28	0.075	40	0.110526	FALSE	NA	NA	NA	NA	NA	NA
NC_045512.2	25707	T	C	34	19	24	1	1	24	0.025	40	0.472973	FALSE	NA	NA	NA	NA	NA	NA
NC_045512.2	25707	T	A	34	19	24	2	2	23	0.05	40	0.227027	FALSE	NA	NA	NA	NA	NA	NA
NC_045512.2	25708	C	T	61	16	26	7	7	26	0.0985915	71	0.00598343	TRUE	NA	NA	NA	NA	NA	NA
NC_045512.2	25708	C	G	61	16	26	2	2	24	0.028169	71	0.222488	FALSE	NA	NA	NA	NA	NA	NA
NC_045512.2	25708	C	A	61	16	26	1	1	27	0.0140845	71	0.469697	FALSE	NA	NA	NA	NA	NA	NA
NC_045512.2	25709	T	G	63	18	27	2	2	26	0.0273973	73	0.223272	FALSE	NA	NA	NA	NA	NA	NA
NC_045512.2	25709	T	C	63	18	27	7	7	27	0.0958904	73	0.00603086	TRUE	NA	NA	NA	NA	NA	NA
NC_045512.2	25709	T	A	63	18	27	1	1	23	0.0136986	73	0.470588	FALSE	NA	NA	NA	NA	NA	NA
NC_045512.2	25710	C	T	59	14	27	9	9	26	0.123288	73	0.00112535	TRUE	NA	NA	NA	NA	NA	NA
NC_045512.2	25710	C	G	59	14	27	2	2	28	0.0273973	73	0.208476	FALSE	NA	NA	NA	NA	NA	NA
NC_045512.2	25710	C	A	59	14	27	3	3	27	0.0410959	73	0.0964589	FALSE	NA	NA	NA	NA	NA	NA
NC_045512.2	25711	T	G	61	16	27	3	3	27	0.0405405	74	0.0993846	FALSE	NA	NA	NA	NA	NA	NA
NC_045512.2	25711	T	C	61	16	27	7	7	27	0.0945946	74	0.00513002	TRUE	NA	NA	NA	NA	NA	NA
NC_045512.2	25711	T	A	61	16	27	3	3	27	0.0405405	74	0.0993846	FALSE	NA	NA	NA	NA	NA	NA
NC_045512.2	25712	A	T	57	12	27	11	11	26	0.148649	74	0.000208487	TRUE	NA	NA	NA	NA	NA	NA
NC_045512.2	25712	A	G	57	12	27	3	3	22	0.0405405	74	0.0892759	FALSE	NA	NA	NA	NA	NA	NA
NC_045512.2	25712	A	C	57	12	27	3	3	25	0.0405405	74	0.0892759	FALSE	NA	NA	NA	NA	NA	NA
NC_045512.2	25713	T	G	61	17	27	5	5	26	0.0641026	78	0.0192479	FALSE	NA	NA	NA	NA	NA	NA
NC_045512.2	25713	T	C	61	17	27	9	8	27	0.115385	78	0.000945177	TRUE	NA	NA	NA	NA	NA	NA
NC_045512.2	25713	T	A	61	17	27	3	3	26	0.0384615	78	0.0911067	FALSE	NA	NA	NA	NA	NA	NA
NC_045512.2	25714	C	T	58	15	27	10	10	27	0.133333	75	0.000437731	TRUE	NA	NA	NA	NA	NA	NA
NC_045512.2	25714	C	G	58	15	27	5	5	27	0.0666667	75	0.0188155	FALSE	NA	NA	NA	NA	NA	NA
NC_045512.2	25714	C	A	58	15	27	2	2	24	0.0266667	75	0.198631	FALSE	NA	NA	NA	NA	NA	NA
NC_045512.2	25715	T	G	57	15	26	1	1	27	0.0138889	72	0.449612	FALSE	NA	NA	NA	NA	NA	NA
NC_045512.2	25715	T	C	57	15	26	7	7	25	0.0972222	72	0.0044875	TRUE	NA	NA	NA	NA	NA	NA
NC_045512.2	25715	T	A	57	15	26	7	7	25	0.0972222	72	0.0044875	TRUE	NA	NA	NA	NA	NA	NA
NC_045512.2	25716	T	G	57	16	27	6	6	25	0.0821918	73	0.00904512	TRUE	NA	NA	NA	NA	NA	NA
NC_045512.2	25716	T	C	57	16	27	7	7	27	0.0958904	73	0.00425653	TRUE	NA	NA	NA	NA	NA	NA
NC_045512.2	25716	T	A	57	16	27	3	3	27	0.0410959	73	0.0913361	FALSE	NA	NA	NA	NA	NA	NA
NC_045512.2	25717	T	G	46	16	23	5	5	26	0.0793651	63	0.0167354	FALSE	NA	NA	NA	NA	NA	NA
NC_045512.2	25717	T	C	46	16	23	7	7	26	0.111111	63	0.00351814	TRUE	NA	NA	NA	NA	NA	NA
NC_045512.2	25717	T	A	46	16	23	5	5	24	0.0793651	63	0.0167354	FALSE	NA	NA	NA	NA	NA	NA
NC_045512.2	25718	A	T	54	13	27	13	13	25	0.175676	74	3.53566e-05	TRUE	NA	NA	NA	NA	NA	NA
NC_045512.2	25718	A	G	54	13	27	2	2	29	0.027027	74	0.186531	FALSE	NA	NA	NA	NA	NA	NA
NC_045512.2	25718	A	C	54	13	27	5	5	26	0.0675676	74	0.0161852	FALSE	NA	NA	NA	NA	NA	NA
NC_045512.2	25719	T	G	58	17	27	7	7	25	0.0972222	72	0.00477025	TRUE	NA	NA	NA	NA	NA	NA
NC_045512.2	25719	T	C	58	17	27	4	4	27	0.0555556	72	0.04478	FALSE	NA	NA	NA	NA	NA	NA
NC_045512.2	25719	T	A	58	17	27	3	3	28	0.0416667	72	0.0960604	FALSE	NA	NA	NA	NA	NA	NA
NC_045512.2	25720	G	T	60	19	27	9	9	26	0.121622	74	0.00113476	TRUE	NA	NA	NA	NA	NA	NA
NC_045512.2	25720	G	C	60	19	27	3	3	27	0.0405405	74	0.0968466	FALSE	NA	NA	NA	NA	NA	NA
NC_045512.2	25720	G	A	60	19	27	2	2	27	0.027027	74	0.209066	FALSE	NA	NA	NA	NA	NA	NA
NC_045512.2	25721	C	T	56	15	26	7	7	26	0.0945946	74	0.00379097	TRUE	NA	NA	NA	NA	NA	NA
NC_045512.2	25721	C	G	56	15	26	8	8	27	0.108108	74	0.00177096	TRUE	NA	NA	NA	NA	NA	NA
NC_045512.2	25721	C	A	56	15	26	3	3	25	0.0405405	74	0.0867693	FALSE	NA	NA	NA	NA	NA	NA
NC_045512.2	25722	T	G	63	22	26	1	1	25	0.0138889	72	0.474074	FALSE	NA	NA	NA	NA	NA	NA
NC_045512.2	25722	T	C	63	22	26	6	6	26	0.0833333	72	0.0127778	FALSE	NA	NA	NA	NA	NA	NA
NC_045512.2	25722	T	A	63	22	26	2	2	25	0.0277778	72	0.22658	FALSE	NA	NA	NA	NA	NA	NA
NC_045512.2	25723	T	G	59	18	27	7	7	27	0.0945946	74	0.00456465	TRUE	NA	NA	NA	NA	NA	NA
NC_045512.2	25723	T	C	59	18	27	5	5	27	0.0675676	74	0.02041	FALSE	NA	NA	NA	NA	NA	NA
NC_045512.2	25723	T	A	59	18	27	3	3	26	0.0405405	74	0.0943154	FALSE	NA	NA	NA	NA	NA	NA
NC_045512.2	25724	T	G	56	24	23	2	2	26	0.0307692	65	0.223953	FALSE	NA	NA	NA	NA	NA	NA
NC_045512.2	25724	T	C	56	24	23	5	5	28	0.0769231	65	0.0253661	FALSE	NA	NA	NA	NA	NA	NA
NC_045512.2	25724	T	A	56	24	23	2	2	28	0.0307692	65	0.223953	FALSE	NA	NA	NA	NA	NA	NA
NC_045512.2	25725	A	T	54	13	27	11	11	27	0.150685	73	0.000169072	TRUE	NA	NA	NA	NA	NA	NA
NC_045512.2	25725	A	G	54	13	27	3	3	25	0.0410959	73	0.0837186	FALSE	NA	NA	NA	NA	NA	NA
NC_045512.2	25725	A	C	54	13	27	5	5	26	0.0684932	73	0.0168224	FALSE	NA	NA	NA	NA	NA	NA
NC_045512.2	25726	G	T	57	16	28	11	11	26	0.150685	73	0.000226128	TRUE	NA	NA	NA	NA	NA	NA
NC_045512.2	25726	G	C	57	16	28	4	4	27	0.0547945	73	0.041891	FALSE	NA	NA	NA	NA	NA	NA
NC_045512.2	25726	G	A	57	16	28	1	1	29	0.0136986	73	0.446154	FALSE	NA	NA	NA	NA	NA	NA
NC_045512.2	25727	T	G	61	21	28	3	3	27	0.0416667	72	0.103902	FALSE	NA	NA	NA	NA	NA	NA
NC_045512.2	25727	T	C	61	21	28	3	3	28	0.0416667	72	0.103902	FALSE	NA	NA	NA	NA	NA	NA
NC_045512.2	25727	T	A	61	21	28	5	5	27	0.0694444	72	0.0239232	FALSE	NA	NA	NA	NA	NA	NA
NC_045512.2	25728	C	T	54	14	28	12	12	27	0.164384	73	8.08603e-05	TRUE	NA	NA	NA	NA	NA	NA
NC_045512.2	25728	C	G	54	14	28	5	5	27	0.0684932	73	0.0168224	FALSE	NA	NA	NA	NA	NA	NA
NC_045512.2	25728	C	A	54	14	28	2	2	29	0.0273973	73	0.189469	FALSE	NA	NA	NA	NA	NA	NA
NC_045512.2	25729	T	G	59	19	27	9	9	26	0.125	72	0.00120267	TRUE	NA	NA	NA	NA	NA	NA
NC_045512.2	25729	T	C	59	19	27	4	4	27	0.0555556	72	0.0463886	FALSE	NA	NA	NA	NA	NA	NA
NC_045512.2	25730	A	T	51	11	28	16	16	26	0.222222	72	3.35642e-06	TRUE	NA	NA	NA	NA	NA	NA
NC_045512.2	25730	A	G	51	11	28	3	3	26	0.0416667	72	0.0780614	FALSE	NA	NA	NA	NA	NA	NA
NC_045512.2	25730	A	C	51	11	28	2	2	27	0.0277778	72	0.180698	FALSE	NA	NA	NA	NA	NA	NA
NC_045512.2	25731	C	T	55	15	27	12	12	27	0.166667	72	9.85026e-05	TRUE	NA	NA	NA	NA	NA	NA
NC_045512.2	25731	C	G	55	15	27	2	2	27	0.0277778	72	0.196358	FALSE	NA	NA	NA	NA	NA	NA
NC_045512.2	25731	C	A	55	15	27	3	3	24	0.0416667	72	0.0882851	FALSE	NA	NA	NA	NA	NA	NA
NC_045512.2	25732	T	G	58	18	27	7	7	25	0.0972222	72	0.00477025	TRUE	NA	NA	NA	NA	NA	NA
NC_045512.2	25732	T	C	58	18	27	4	4	26	0.0555556	72	0.04478	FALSE	NA	NA	NA	NA	NA	NA
NC_045512.2	25732	T	A	58	18	27	3	3	28	0.0416667	72	0.0960604	FALSE	NA	NA	NA	NA	NA	NA
NC_045512.2	25733	T	G	60	20	24	4	4	28	0.056338	71	0.0494812	FALSE	NA	NA	NA	NA	NA	NA
NC_045512.2	25733	T	C	60	20	24	5	5	26	0.0704225	71	0.0238243	FALSE	NA	NA	NA	NA	NA	NA
NC_045512.2	25733	T	A	60	20	24	2	2	27	0.028169	71	0.218714	FALSE	NA	NA	NA	NA	NA	NA
NC_045512.2	25734	C	T	52	12	27	13	13	26	0.183099	71	3.75312e-05	TRUE	NA	NA	NA	NA	NA	NA
NC_045512.2	25734	C	G	52	12	27	4	4	26	0.056338	71	0.0366955	FALSE	NA	NA	NA	NA	NA	NA
NC_045512.2	25734	C	A	52	12	27	2	2	25	0.028169	71	0.187648	FALSE	NA	NA	NA	NA	NA	NA
NC_045512.2	25735	T	G	59	19	27	4	4	25	0.0547945	73	0.0450142	FALSE	NA	NA	NA	NA	NA	NA
NC_045512.2	25735	T	C	59	19	27	5	5	28	0.0684932	73	0.0211831	FALSE	NA	NA	NA	NA	NA	NA
NC_045512.2	25735	T	A	59	19	27	5	5	24	0.0684932	73	0.0211831	FALSE	NA	NA	NA	NA	NA	NA
NC_045512.2	25736	T	G	56	17	24	5	5	25	0.0694444	72	0.019233	FALSE	NA	NA	NA	NA	NA	NA
NC_045512.2	25736	T	C	56	17	24	4	4	26	0.0555556	72	0.041619	FALSE	NA	NA	NA	NA	NA	NA
NC_045512.2	25736	T	A	56	17	24	7	7	25	0.0972222	72	0.00421525	TRUE	NA	NA	NA	NA	NA	NA
NC_045512.2	25737	G	T	52	12	27	6	6	26	0.0810811	74	0.00647641	TRUE	NA	NA	NA	NA	NA	NA
NC_045512.2	25737	G	C	52	12	27	11	11	26	0.148649	74	0.000126473	TRUE	NA	NA	NA	NA	NA	NA
NC_045512.2	25737	G	A	52	12	27	5	5	27	0.0675676	74	0.0146278	FALSE	NA	NA	NA	NA	NA	NA
NC_045512.2	25738	C	T	55	15	27	9	9	25	0.121622	74	0.000768791	TRUE	NA	NA	NA	NA	NA	NA
NC_045512.2	25738	C	G	55	15	27	5	5	27	0.0675676	74	0.0169928	FALSE	NA	NA	NA	NA	NA	NA
NC_045512.2	25738	C	A	55	15	27	5	5	24	0.0675676	74	0.0169928	FALSE	NA	NA	NA	NA	NA	NA
NC_045512.2	25739	A	T	54	14	28	7	7	26	0.1	70	0.00412988	TRUE	NA	NA	NA	NA	NA	NA
NC_045512.2	25739	A	G	54	14	28	6	6	25	0.0857143	70	0.00880139	TRUE	NA	NA	NA	NA	NA	NA
NC_045512.2	25739	A	C	54	14	28	3	3	27	0.0428571	70	0.0898925	FALSE	NA	NA	NA	NA	NA	NA
NC_045512.2	25740	G	T	53	13	28	8	8	26	0.112676	71	0.00170239	TRUE	NA	NA	NA	NA	NA	NA
NC_045512.2	25740	G	C	53	13	28	8	8	27	0.112676	71	0.00170239	TRUE	NA	NA	NA	NA	NA	NA
NC_045512.2	25740	G	A	53	13	28	2	2	27	0.028169	71	0.191613	FALSE	NA	NA	NA	NA	NA	NA
NC_045512.2	25741	A	T	51	12	27	13	13	24	0.175676	74	2.45782e-05	TRUE	NA	NA	NA	NA	NA	NA
NC_045512.2	25741	A	G	51	12	27	6	5	27	0.0810811	74	0.00608515	TRUE	NA	NA	NA	NA	NA	NA
NC_045512.2	25741	A	C	51	12	27	4	4	27	0.0540541	74	0.0319699	FALSE	NA	NA	NA	NA	NA	NA
NC_045512.2	25742	G	T	53	14	27	12	12	26	0.164384	73	7.24592e-05	TRUE	NA	NA	NA	NA	NA	NA
NC_045512.2	25742	G	C	53	14	27	2	2	24	0.0273973	73	0.185602	FALSE	NA	NA	NA	NA	NA	NA
NC_045512.2	25742	G	A	53	14	27	6	6	26	0.0821918	73	0.00720959	TRUE	NA	NA	NA	NA	NA	NA
NC_045512.2	25743	T	G	56	17	27	8	8	26	0.112676	71	0.00212422	TRUE	NA	NA	NA	NA	NA	NA
NC_045512.2	25743	T	C	56	17	27	4	4	26	0.056338	71	0.0429298	FALSE	NA	NA	NA	NA	NA	NA
NC_045512.2	25743	T	A	56	17	27	3	3	25	0.0422535	71	0.0930147	FALSE	NA	NA	NA	NA	NA	NA
NC_045512.2	25744	A	T	53	15	27	7	7	27	0.0972222	72	0.0034606	TRUE	NA	NA	NA	NA	NA	NA
NC_045512.2	25744	A	G	53	15	27	4	3	25	0.0555556	72	0.0370276	FALSE	NA	NA	NA	NA	NA	NA
NC_045512.2	25744	A	C	53	15	27	8	8	27	0.111111	72	0.00159922	TRUE	NA	NA	NA	NA	NA	NA
NC_045512.2	25745	T	G	59	21	27	6	6	26	0.0833333	72	0.0105107	FALSE	NA	NA	NA	NA	NA	NA
NC_045512.2	25745	T	C	59	21	27	4	4	25	0.0555556	72	0.0463886	FALSE	NA	NA	NA	NA	NA	NA
NC_045512.2	25745	T	A	59	21	27	3	3	27	0.0416667	72	0.0986679	FALSE	NA	NA	NA	NA	NA	NA
NC_045512.2	25746	A	T	49	11	26	12	12	25	0.171429	70	6.04467e-05	TRUE	NA	NA	NA	NA	NA	NA
NC_045512.2	25746	A	G	49	11	26	5	5	25	0.0714286	70	0.0146364	FALSE	NA	NA	NA	NA	NA	NA
NC_045512.2	25746	A	C	49	11	26	4	4	29	0.0571429	70	0.0333385	FALSE	NA	NA	NA	NA	NA	NA
NC_045512.2	25747	A	T	52	14	28	7	7	27	0.101449	69	0.00381785	TRUE	NA	NA	NA	NA	NA	NA
NC_045512.2	25747	A	G	52	14	28	6	6	25	0.0869565	69	0.00821809	TRUE	NA	NA	NA	NA	NA	NA
NC_045512.2	25747	A	C	52	14	28	4	4	26	0.057971	69	0.0391515	FALSE	NA	NA	NA	NA	NA	NA
NC_045512.2	25748	A	T	47	16	23	14	14	26	0.215385	65	1.83782e-05	TRUE	NA	NA	NA	NA	NA	NA
NC_045512.2	25748	A	G	47	16	23	1	1	28	0.0153846	65	0.428571	FALSE	NA	NA	NA	NA	NA	NA
NC_045512.2	25748	A	C	47	16	23	3	3	27	0.0461538	65	0.0815091	FALSE	NA	NA	NA	NA	NA	NA
NC_045512.2	25749	C	T	52	16	26	6	6	27	0.084507	71	0.00746281	TRUE	NA	NA	NA	NA	NA	NA
NC_045512.2	25749	C	G	52	16	26	7	7	25	0.0985915	71	0.00341322	TRUE	NA	NA	NA	NA	NA	NA
NC_045512.2	25749	C	A	52	16	26	6	6	27	0.084507	71	0.00746281	TRUE	NA	NA	NA	NA	NA	NA
NC_045512.2	25749	C	+T	52	16	26	1	0	20	0.0140845	71	0.430894	FALSE	NA	NA	NA	NA	NA	NA
NC_045512.2	25750	T	G	52	16	26	4	4	27	0.0606061	66	0.0432339	FALSE	NA	NA	NA	NA	NA	NA
NC_045512.2	25750	T	C	52	16	26	8	8	25	0.121212	66	0.00217538	TRUE	NA	NA	NA	NA	NA	NA
NC_045512.2	25750	T	A	52	16	26	2	2	28	0.030303	66	0.203817	FALSE	NA	NA	NA	NA	NA	NA
NC_045512.2	25751	T	C	56	20	27	6	6	25	0.0857143	70	0.00983646	TRUE	NA	NA	NA	NA	NA	NA
NC_045512.2	25751	T	A	56	20	27	8	8	25	0.114286	70	0.00225909	TRUE	NA	NA	NA	NA	NA	NA
NC_045512.2	25752	T	G	51	20	23	6	6	25	0.0923077	65	0.00944189	TRUE	NA	NA	NA	NA	NA	NA
NC_045512.2	25752	T	C	51	20	23	6	6	27	0.0923077	65	0.00944189	TRUE	NA	NA	NA	NA	NA	NA
NC_045512.2	25752	T	A	51	20	23	2	2	27	0.0307692	65	0.203065	FALSE	NA	NA	NA	NA	NA	NA
NC_045512.2	25753	G	T	49	13	26	13	13	25	0.188406	69	3.17601e-05	TRUE	NA	NA	NA	NA	NA	NA
NC_045512.2	25753	G	C	49	13	26	5	5	26	0.0724638	69	0.0152566	FALSE	NA	NA	NA	NA	NA	NA
NC_045512.2	25753	G	A	49	13	26	2	2	25	0.0289855	69	0.181598	FALSE	NA	NA	NA	NA	NA	NA
NC_045512.2	25754	T	G	59	23	27	3	3	26	0.0422535	71	0.100945	FALSE	NA	NA	NA	NA	NA	NA
NC_045512.2	25754	T	C	59	23	27	4	4	29	0.056338	71	0.047816	FALSE	NA	NA	NA	NA	NA	NA
NC_045512.2	25754	T	A	59	23	27	5	5	26	0.0704225	71	0.0228375	FALSE	NA	NA	NA	NA	NA	NA
NC_045512.2	25755	A	T	51	15	26	13	13	28	0.185714	70	3.67939e-05	TRUE	NA	NA	NA	NA	NA	NA
NC_045512.2	25755	A	G	51	15	26	5	5	27	0.0714286	70	0.016287	FALSE	NA	NA	NA	NA	NA	NA
NC_045512.2	25755	A	C	51	15	26	1	1	26	0.0142857	70	0.429752	FALSE	NA	NA	NA	NA	NA	NA
NC_045512.2	25756	A	T	48	14	24	6	6	24	0.0869565	69	0.00638952	TRUE	NA	NA	NA	NA	NA	NA
NC_045512.2	25756	A	G	48	14	24	9	9	26	0.130435	69	0.000588378	TRUE	NA	NA	NA	NA	NA	NA
NC_045512.2	25756	A	C	48	14	24	6	6	26	0.0869565	69	0.00638952	TRUE	NA	NA	NA	NA	NA	NA
NC_045512.2	25757	G	T	51	15	27	11	11	26	0.152778	72	0.00013471	TRUE	NA	NA	NA	NA	NA	NA
NC_045512.2	25757	G	C	51	15	27	5	5	26	0.0694444	72	0.0150249	FALSE	NA	NA	NA	NA	NA	NA
NC_045512.2	25757	G	A	51	15	27	5	5	26	0.0694444	72	0.0150249	FALSE	NA	NA	NA	NA	NA	NA
NC_045512.2	25758	A	T	50	15	26	11	11	26	0.157143	70	0.000143863	TRUE	NA	NA	NA	NA	NA	NA
NC_045512.2	25758	A	G	50	15	26	2	2	25	0.0285714	70	0.182645	FALSE	NA	NA	NA	NA	NA	NA
NC_045512.2	25758	A	C	50	15	26	7	7	26	0.1	70	0.00313137	TRUE	NA	NA	NA	NA	NA	NA
NC_045512.2	25759	A	T	50	19	24	8	8	26	0.121212	66	0.0018612	TRUE	NA	NA	NA	NA	NA	NA
NC_045512.2	25759	A	G	50	19	24	3	3	29	0.0454545	66	0.0877654	FALSE	NA	NA	NA	NA	NA	NA
NC_045512.2	25759	A	C	50	19	24	5	5	27	0.0757576	66	0.0182537	FALSE	NA	NA	NA	NA	NA	NA
NC_045512.2	25760	T	G	51	18	27	7	7	26	0.101449	69	0.00356117	TRUE	NA	NA	NA	NA	NA	NA
NC_045512.2	25760	T	C	51	18	27	9	9	27	0.130435	69	0.000775501	TRUE	NA	NA	NA	NA	NA	NA
NC_045512.2	25760	T	A	51	18	27	2	2	29	0.0289855	69	0.189807	FALSE	NA	NA	NA	NA	NA	NA
NC_045512.2	25761	A	T	49	16	26	14	14	26	0.2	70	1.3654e-05	TRUE	NA	NA	NA	NA	NA	NA
NC_045512.2	25761	A	G	49	16	26	2	2	27	0.0285714	70	0.178571	FALSE	NA	NA	NA	NA	NA	NA
NC_045512.2	25761	A	C	49	16	26	5	5	26	0.0714286	70	0.0146364	FALSE	NA	NA	NA	NA	NA	NA
NC_045512.2	25762	A	T	47	16	24	12	12	25	0.176471	68	5.74978e-05	TRUE	NA	NA	NA	NA	NA	NA
NC_045512.2	25762	A	G	47	16	24	6	6	27	0.0882353	68	0.00628499	TRUE	NA	NA	NA	NA	NA	NA
NC_045512.2	25762	A	C	47	16	24	3	3	27	0.0441176	68	0.0753469	FALSE	NA	NA	NA	NA	NA	NA
NC_045512.2	25763	T	G	53	22	26	2	2	27	0.0294118	68	0.201192	FALSE	NA	NA	NA	NA	NA	NA
NC_045512.2	25763	T	C	53	22	26	4	4	27	0.0588235	68	0.0421063	FALSE	NA	NA	NA	NA	NA	NA
NC_045512.2	25763	T	A	53	22	26	9	9	26	0.132353	68	0.000989957	TRUE	NA	NA	NA	NA	NA	NA
NC_045512.2	25764	A	T	41	12	26	10	10	27	0.15625	64	0.000187746	TRUE	NA	NA	NA	NA	NA	NA
NC_045512.2	25764	A	G	41	12	26	5	5	26	0.078125	64	0.0117331	FALSE	NA	NA	NA	NA	NA	NA
NC_045512.2	25764	A	C	41	12	26	8	8	27	0.125	64	0.000948447	TRUE	NA	NA	NA	NA	NA	NA
NC_045512.2	25765	A	T	38	14	24	10	10	26	0.172414	58	0.000226727	TRUE	NA	NA	NA	NA	NA	NA
NC_045512.2	25765	A	G	38	14	24	3	3	27	0.0517241	58	0.0700873	FALSE	NA	NA	NA	NA	NA	NA
NC_045512.2	25765	A	C	38	14	24	7	7	26	0.12069	58	0.00245734	TRUE	NA	NA	NA	NA	NA	NA
NC_045512.2	25766	T	G	49	22	26	4	4	26	0.0625	64	0.0408959	FALSE	NA	NA	NA	NA	NA	NA
NC_045512.2	25766	T	C	49	22	26	5	5	25	0.078125	64	0.0188751	FALSE	NA	NA	NA	NA	NA	NA
NC_045512.2	25766	T	A	49	22	26	6	6	27	0.09375	64	0.00879769	TRUE	NA	NA	NA	NA	NA	NA
NC_045512.2	25767	G	T	43	16	26	6	6	25	0.0952381	63	0.00617593	TRUE	NA	NA	NA	NA	NA	NA
NC_045512.2	25767	G	C	43	16	26	12	12	28	0.190476	63	5.72447e-05	TRUE	NA	NA	NA	NA	NA	NA
NC_045512.2	25767	G	A	43	16	26	2	2	25	0.031746	63	0.174572	FALSE	NA	NA	NA	NA	NA	NA
NC_045512.2	25768	A	T	41	14	26	11	11	26	0.171875	64	8.48937e-05	TRUE	NA	NA	NA	NA	NA	NA
NC_045512.2	25768	A	G	41	14	26	4	4	24	0.0625	64	0.0278023	FALSE	NA	NA	NA	NA	NA	NA
NC_045512.2	25768	A	C	41	14	26	8	8	27	0.125	64	0.000948447	TRUE	NA	NA	NA	NA	NA	NA
NC_045512.2	25769	G	T	41	14	25	11	11	26	0.171875	64	8.48937e-05	TRUE	NA	NA	NA	NA	NA	NA
NC_045512.2	25769	G	C	41	14	25	6	6	27	0.09375	64	0.00501322	TRUE	NA	NA	NA	NA	NA	NA
NC_045512.2	25769	G	A	41	14	25	6	6	28	0.09375	64	0.00501322	TRUE	NA	NA	NA	NA	NA	NA
NC_045512.2	25770	G	T	36	20	24	7	7	28	0.132075	53	0.00291619	TRUE	NA	NA	NA	NA	NA	NA
NC_045512.2	25770	G	C	36	20	24	5	5	26	0.0943396	53	0.0144195	FALSE	NA	NA	NA	NA	NA	NA
NC_045512.2	25770	G	A	36	20	24	5	5	27	0.0943396	53	0.0144195	FALSE	NA	NA	NA	NA	NA	NA
NC_045512.2	25771	C	T	46	20	26	8	8	26	0.126984	63	0.00163776	TRUE	NA	NA	NA	NA	NA	NA
NC_045512.2	25771	C	G	46	20	26	5	5	28	0.0793651	63	0.0167354	FALSE	NA	NA	NA	NA	NA	NA
NC_045512.2	25771	C	A	46	20	26	4	4	27	0.0634921	63	0.0370804	FALSE	NA	NA	NA	NA	NA	NA
NC_045512.2	25772	T	G	42	16	26	6	6	26	0.0983607	61	0.00641294	TRUE	NA	NA	NA	NA	NA	NA
NC_045512.2	25772	T	C	42	16	26	7	7	27	0.114754	61	0.00288288	TRUE	NA	NA	NA	NA	NA	NA
NC_045512.2	25772	T	A	42	16	26	6	6	27	0.0983607	61	0.00641294	TRUE	NA	NA	NA	NA	NA	NA
NC_045512.2	25773	T	G	45	21	27	4	4	26	0.0666667	60	0.0395358	FALSE	NA	NA	NA	NA	NA	NA
NC_045512.2	25773	T	C	45	21	27	9	9	25	0.15	60	0.000890768	TRUE	NA	NA	NA	NA	NA	NA
NC_045512.2	25773	T	A	45	21	27	2	2	27	0.0333333	60	0.19425	FALSE	NA	NA	NA	NA	NA	NA
NC_045512.2	25774	T	G	40	24	24	4	4	27	0.0754717	53	0.0408647	FALSE	NA	NA	NA	NA	NA	NA
NC_045512.2	25774	T	C	40	24	24	7	7	27	0.132075	53	0.00422458	TRUE	NA	NA	NA	NA	NA	NA
NC_045512.2	25774	T	A	40	24	24	2	2	28	0.0377358	53	0.19698	FALSE	NA	NA	NA	NA	NA	NA
NC_045512.2	25775	G	T	38	14	26	14	14	25	0.237288	59	9.62899e-06	TRUE	NA	NA	NA	NA	NA	NA
NC_045512.2	25775	G	C	38	14	26	5	5	26	0.0847458	59	0.0121527	FALSE	NA	NA	NA	NA	NA	NA
NC_045512.2	25775	G	A	38	14	26	2	2	26	0.0338983	59	0.164107	FALSE	NA	NA	NA	NA	NA	NA
NC_045512.2	25776	G	T	40	20	24	8	8	26	0.140351	57	0.001465	TRUE	NA	NA	NA	NA	NA	NA
NC_045512.2	25776	G	C	40	20	24	3	3	27	0.0526316	57	0.0786808	FALSE	NA	NA	NA	NA	NA	NA
NC_045512.2	25776	G	A	40	20	24	6	6	24	0.105263	57	0.00695617	TRUE	NA	NA	NA	NA	NA	NA
NC_045512.2	25777	C	T	36	13	27	9	9	25	0.157895	57	0.000424343	TRUE	NA	NA	NA	NA	NA	NA
NC_045512.2	25777	C	G	36	13	27	6	6	26	0.105263	57	0.00498356	TRUE	NA	NA	NA	NA	NA	NA
NC_045512.2	25777	C	A	36	13	27	6	6	27	0.105263	57	0.00498356	TRUE	NA	NA	NA	NA	NA	NA
NC_045512.2	25778	T	G	43	20	25	4	4	24	0.0677966	59	0.0373131	FALSE	NA	NA	NA	NA	NA	NA
NC_045512.2	25778	T	C	43	20	25	7	7	26	0.118644	59	0.00358224	TRUE	NA	NA	NA	NA	NA	NA
NC_045512.2	25778	T	A	43	20	25	5	5	26	0.0847458	59	0.0168965	FALSE	NA	NA	NA	NA	NA	NA
NC_045512.2	25779	T	G	38	16	27	11	11	26	0.189655	58	0.000104808	TRUE	NA	NA	NA	NA	NA	NA
NC_045512.2	25779	T	C	38	16	27	8	7	25	0.137931	58	0.00109745	TRUE	NA	NA	NA	NA	NA	NA
NC_045512.2	25779	T	A	38	16	27	1	1	24	0.0172414	58	0.40625	FALSE	NA	NA	NA	NA	NA	NA
NC_045512.2	25780	T	G	31	17	24	3	3	25	0.06	50	0.0651277	FALSE	NA	NA	NA	NA	NA	NA
NC_045512.2	25780	T	C	31	17	24	14	14	27	0.28	50	9.57507e-06	TRUE	NA	NA	NA	NA	NA	NA
NC_045512.2	25780	T	A	31	17	24	2	2	27	0.04	50	0.158988	FALSE	NA	NA	NA	NA	NA	NA
NC_045512.2	25781	G	T	35	13	27	15	15	26	0.254237	59	2.57035e-06	TRUE	NA	NA	NA	NA	NA	NA
NC_045512.2	25781	G	C	35	13	27	7	7	28	0.118644	59	0.00168535	TRUE	NA	NA	NA	NA	NA	NA
NC_045512.2	25781	G	A	35	13	27	2	2	26	0.0338983	59	0.14916	FALSE	NA	NA	NA	NA	NA	NA
NC_045512.2	25782	C	T	41	19	26	8	8	27	0.137931	58	0.00149539	TRUE	NA	NA	NA	NA	NA	NA
NC_045512.2	25782	C	G	41	19	26	6	6	26	0.103448	58	0.00707638	TRUE	NA	NA	NA	NA	NA	NA
NC_045512.2	25782	C	A	41	19	26	3	3	24	0.0517241	58	0.0794719	FALSE	NA	NA	NA	NA	NA	NA
NC_045512.2	25783	T	G	40	18	25	9	9	28	0.152542	59	0.000572999	TRUE	NA	NA	NA	NA	NA	NA
NC_045512.2	25783	T	C	40	18	25	6	6	27	0.101695	59	0.00617301	TRUE	NA	NA	NA	NA	NA	NA
NC_045512.2	25783	T	A	40	18	25	4	4	27	0.0677966	59	0.0319446	FALSE	NA	NA	NA	NA	NA	NA
NC_045512.2	25784	G	T	37	15	25	15	15	25	0.254237	59	3.81148e-06	TRUE	NA	NA	NA	NA	NA	NA
NC_045512.2	25784	G	C	37	15	25	5	5	27	0.0847458	59	0.0112989	FALSE	NA	NA	NA	NA	NA	NA
NC_045512.2	25784	G	A	37	15	25	2	2	25	0.0338983	59	0.159149	FALSE	NA	NA	NA	NA	NA	NA
NC_045512.2	25785	G	T	26	15	24	14	14	27	0.291667	48	4.29066e-06	TRUE	NA	NA	NA	NA	NA	NA
NC_045512.2	25785	G	C	26	15	24	5	5	27	0.104167	48	0.00804842	TRUE	NA	NA	NA	NA	NA	NA
NC_045512.2	25785	G	A	26	15	24	3	3	27	0.0625	48	0.0519772	FALSE	NA	NA	NA	NA	NA	NA
NC_045512.2	25786	A	T	26	10	25	8	8	28	0.156863	51	0.000416473	TRUE	NA	NA	NA	NA	NA	NA
NC_045512.2	25786	A	G	26	10	25	12	12	26	0.235294	51	1.31833e-05	TRUE	NA	NA	NA	NA	NA	NA
NC_045512.2	25786	A	C	26	10	25	5	5	25	0.0980392	51	0.00663155	TRUE	NA	NA	NA	NA	NA	NA
NC_045512.2	25787	A	T	26	11	27	9	9	25	0.18	50	0.000191797	TRUE	NA	NA	NA	NA	NA	NA
NC_045512.2	25787	A	G	26	11	27	5	5	25	0.1	50	0.00706784	TRUE	NA	NA	NA	NA	NA	NA
NC_045512.2	25787	A	C	26	11	27	10	10	27	0.2	50	8.12316e-05	TRUE	NA	NA	NA	NA	NA	NA
NC_045512.2	25788	A	T	23	13	24	11	11	27	0.229167	48	2.35973e-05	TRUE	NA	NA	NA	NA	NA	NA
NC_045512.2	25788	A	G	23	13	24	4	4	26	0.0833333	48	0.0152526	FALSE	NA	NA	NA	NA	NA	NA
NC_045512.2	25788	A	C	23	13	24	10	10	26	0.208333	48	5.62171e-05	TRUE	NA	NA	NA	NA	NA	NA
NC_045512.2	25789	T	G	37	22	26	6	6	26	0.115385	52	0.00748751	TRUE	NA	NA	NA	NA	NA	NA
NC_045512.2	25789	T	C	37	22	26	6	6	27	0.115385	52	0.00748751	TRUE	NA	NA	NA	NA	NA	NA
NC_045512.2	25789	T	A	37	22	26	3	3	24	0.0576923	52	0.0813269	FALSE	NA	NA	NA	NA	NA	NA
NC_045512.2	25790	G	T	29	14	26	13	13	25	0.245283	53	8.47181e-06	TRUE	NA	NA	NA	NA	NA	NA
NC_045512.2	25790	G	C	29	14	26	7	7	28	0.132075	53	0.00131494	TRUE	NA	NA	NA	NA	NA	NA
NC_045512.2	25790	G	A	29	14	26	4	4	26	0.0754717	53	0.0202096	FALSE	NA	NA	NA	NA	NA	NA
NC_045512.2	25791	C	T	28	13	25	11	11	27	0.211538	52	4.02853e-05	TRUE	NA	NA	NA	NA	NA	NA
NC_045512.2	25791	C	G	28	13	25	7	7	25	0.134615	52	0.00125149	TRUE	NA	NA	NA	NA	NA	NA
NC_045512.2	25791	C	A	28	13	25	6	6	26	0.115385	52	0.0030751	TRUE	NA	NA	NA	NA	NA	NA
NC_045512.2	25792	C	T	27	14	24	9	9	27	0.18	50	0.000228652	TRUE	NA	NA	NA	NA	NA	NA
NC_045512.2	25792	C	G	27	14	24	7	7	25	0.14	50	0.00129569	TRUE	NA	NA	NA	NA	NA	NA
NC_045512.2	25792	C	A	27	14	24	7	7	25	0.14	50	0.00129569	TRUE	NA	NA	NA	NA	NA	NA
NC_045512.2	25793	G	T	30	15	26	10	10	26	0.192308	52	0.000131893	TRUE	NA	NA	NA	NA	NA	NA
NC_045512.2	25793	G	C	30	15	26	7	7	28	0.134615	52	0.00162176	TRUE	NA	NA	NA	NA	NA	NA
NC_045512.2	25793	G	A	30	15	26	5	5	26	0.0961538	52	0.00932146	TRUE	NA	NA	NA	NA	NA	NA
NC_045512.2	25794	T	G	33	19	25	4	4	26	0.0784314	51	0.0296712	FALSE	NA	NA	NA	NA	NA	NA
NC_045512.2	25794	T	C	33	19	25	8	8	24	0.156863	51	0.00112427	TRUE	NA	NA	NA	NA	NA	NA
NC_045512.2	25794	T	A	33	19	25	6	6	26	0.117647	51	0.0056145	TRUE	NA	NA	NA	NA	NA	NA
NC_045512.2	25795	T	G	31	18	25	2	2	27	0.0408163	49	0.162963	FALSE	NA	NA	NA	NA	NA	NA
NC_045512.2	25795	T	C	31	18	25	8	8	25	0.163265	49	0.00105288	TRUE	NA	NA	NA	NA	NA	NA
NC_045512.2	25795	T	A	31	18	25	8	8	26	0.163265	49	0.00105288	TRUE	NA	NA	NA	NA	NA	NA
NC_045512.2	25796	C	T	25	12	26	14	14	25	0.285714	49	2.78893e-06	TRUE	NA	NA	NA	NA	NA	NA
NC_045512.2	25796	C	G	25	12	26	5	5	27	0.102041	49	0.00675029	TRUE	NA	NA	NA	NA	NA	NA
NC_045512.2	25796	C	A	25	12	26	5	5	26	0.102041	49	0.00675029	TRUE	NA	NA	NA	NA	NA	NA
NC_045512.2	25797	C	T	22	18	26	8	8	26	0.205128	39	0.000791791	TRUE	NA	NA	NA	NA	NA	NA
NC_045512.2	25797	C	G	22	18	26	3	3	23	0.0769231	39	0.0579185	FALSE	NA	NA	NA	NA	NA	NA
NC_045512.2	25797	C	A	22	18	26	6	6	24	0.153846	39	0.00414644	TRUE	NA	NA	NA	NA	NA	NA
NC_045512.2	25798	A	T	21	11	24	9	9	25	0.236842	38	0.000290323	TRUE	NA	NA	NA	NA	NA	NA
NC_045512.2	25798	A	G	21	11	24	4	4	26	0.105263	38	0.0212368	FALSE	NA	NA	NA	NA	NA	NA
NC_045512.2	25798	A	C	21	11	24	4	4	27	0.105263	38	0.0212368	FALSE	NA	NA	NA	NA	NA	NA
NC_045512.2	25799	A	T	6	4	26	5	5	25	0.333333	15	0.00869565	TRUE	NA	NA	NA	NA	NA	NA
NC_045512.2	25799	A	G	6	4	26	1	1	30	0.0666667	15	0.333333	FALSE	NA	NA	NA	NA	NA	NA
NC_045512.2	25799	A	C	6	4	26	3	3	27	0.2	15	0.0474308	FALSE	NA	NA	NA	NA	NA	NA
NC_045512.2	25800	A	T	6	4	26	4	4	27	0.363636	11	0.0433437	FALSE	NA	NA	NA	NA	NA	NA
NC_045512.2	25800	A	G	6	4	26	1	1	28	0.0909091	11	0.411765	FALSE	NA	NA	NA	NA	NA	NA
NC_045512.2	25801	A	T	5	4	26	4	4	29	0.363636	11	0.0325077	FALSE	NA	NA	NA	NA	NA	NA
NC_045512.2	25801	A	C	5	4	26	2	2	28	0.181818	11	0.154412	FALSE	NA	NA	NA	NA	NA	NA
NC_045512.2	25802	A	T	3	3	26	7	7	27	0.7	10	0.00238152	TRUE	NA	NA	NA	NA	NA	NA
NC_045512.2	25803	C	T	4	3	25	2	2	28	0.222222	9	0.164835	FALSE	NA	NA	NA	NA	NA	NA
NC_045512.2	25803	C	G	4	3	25	2	2	27	0.222222	9	0.164835	FALSE	NA	NA	NA	NA	NA	NA
NC_045512.2	25803	C	A	4	3	25	1	1	26	0.111111	9	0.384615	FALSE	NA	NA	NA	NA	NA	NA
NC_045512.2	25804	C	T	7	6	26	2	2	27	0.181818	11	0.210526	FALSE	NA	NA	NA	NA	NA	NA
NC_045512.2	25804	C	G	7	6	26	1	1	26	0.0909091	11	0.444444	FALSE	NA	NA	NA	NA	NA	NA
NC_045512.2	25804	C	A	7	6	26	1	1	34	0.0909091	11	0.444444	FALSE	NA	NA	NA	NA	NA	NA
NC_045512.2	25805	C	T	6	5	26	3	3	28	0.3	10	0.102941	FALSE	NA	NA	NA	NA	NA	NA
NC_045512.2	25805	C	A	6	5	26	1	1	27	0.1	10	0.4375	FALSE	NA	NA	NA	NA	NA	NA
NC_045512.2	25806	A	T	5	4	27	2	2	26	0.181818	11	0.154412	FALSE	NA	NA	NA	NA	NA	NA
NC_045512.2	25806	A	G	5	4	27	1	1	27	0.0909091	11	0.375	FALSE	NA	NA	NA	NA	NA	NA
NC_045512.2	25806	A	C	5	4	27	3	3	28	0.272727	11	0.0686275	FALSE	NA	NA	NA	NA	NA	NA
NC_045512.2	25807	T	G	8	7	25	1	1	28	0.0909091	11	0.473684	FALSE	NA	NA	NA	NA	NA	NA
NC_045512.2	25807	T	C	8	7	25	1	1	23	0.0909091	11	0.473684	FALSE	NA	NA	NA	NA	NA	NA
NC_045512.2	25807	T	A	8	7	25	1	1	29	0.0909091	11	0.473684	FALSE	NA	NA	NA	NA	NA	NA
NC_045512.2	25808	T	C	5	5	26	2	2	25	0.2	10	0.175	FALSE	NA	NA	NA	NA	NA	NA
NC_045512.2	25808	T	A	5	5	26	3	3	27	0.3	10	0.0823529	FALSE	NA	NA	NA	NA	NA	NA
NC_045512.2	25809	A	T	4	3	25	3	3	29	0.3	10	0.0625	FALSE	NA	NA	NA	NA	NA	NA
NC_045512.2	25809	A	G	4	3	25	1	1	28	0.1	10	0.357143	FALSE	NA	NA	NA	NA	NA	NA
NC_045512.2	25809	A	C	4	3	25	2	2	29	0.2	10	0.142857	FALSE	NA	NA	NA	NA	NA	NA
NC_045512.2	25810	C	T	5	4	25	4	4	24	0.363636	11	0.0325077	FALSE	NA	NA	NA	NA	NA	NA
NC_045512.2	25810	C	G	5	4	25	1	1	29	0.0909091	11	0.375	FALSE	NA	NA	NA	NA	NA	NA
NC_045512.2	25810	C	A	5	4	25	1	1	29	0.0909091	11	0.375	FALSE	NA	NA	NA	NA	NA	NA
NC_045512.2	25811	T	C	7	6	24	3	3	28	0.3	10	0.123839	FALSE	NA	NA	NA	NA	NA	NA
NC_045512.2	25812	T	C	9	9	27	1	1	29	0.1	10	0.526316	FALSE	NA	NA	NA	NA	NA	NA
NC_045512.2	25813	T	G	5	5	27	2	2	25	0.222222	9	0.2	FALSE	NA	NA	NA	NA	NA	NA
NC_045512.2	25813	T	A	5	5	27	2	2	28	0.222222	9	0.2	FALSE	NA	NA	NA	NA	NA	NA
NC_045512.2	25814	A	C	4	4	26	4	4	27	0.5	8	0.0512821	FALSE	NA	NA	NA	NA	NA	NA
NC_045512.2	25816	G	T	5	5	25	2	2	28	0.25	8	0.230769	FALSE	NA	NA	NA	NA	NA	NA
NC_045512.2	25816	G	C	5	5	25	1	1	27	0.125	8	0.461538	FALSE	NA	NA	NA	NA	NA	NA
NC_045512.2	25817	A	G	3	3	25	3	3	26	0.375	8	0.0699301	FALSE	NA	NA	NA	NA	NA	NA
NC_045512.2	25817	A	C	3	3	25	2	2	27	0.25	8	0.151515	FALSE	NA	NA	NA	NA	NA	NA
NC_045512.2	25818	T	C	6	6	24	2	2	23	0.25	8	0.266667	FALSE	NA	NA	NA	NA	NA	NA
NC_045512.2	25819	G	T	3	3	25	3	3	27	0.375	8	0.0699301	FALSE	NA	NA	NA	NA	NA	NA
NC_045512.2	25819	G	C	3	3	25	1	1	26	0.125	8	0.363636	FALSE	NA	NA	NA	NA	NA	NA
NC_045512.2	25819	G	A	3	3	25	1	1	27	0.125	8	0.363636	FALSE	NA	NA	NA	NA	NA	NA
NC_045512.2	25820	C	T	3	3	24	1	1	28	0.142857	7	0.4	FALSE	NA	NA	NA	NA	NA	NA
NC_045512.2	25820	C	G	3	3	24	3	3	26	0.428571	7	0.0909091	FALSE	NA	NA	NA	NA	NA	NA
NC_045512.2	25821	C	T	5	5	28	1	1	27	0.125	8	0.461538	FALSE	NA	NA	NA	NA	NA	NA
NC_045512.2	25821	C	A	5	5	28	2	2	27	0.25	8	0.230769	FALSE	NA	NA	NA	NA	NA	NA
NC_045512.2	25822	A	T	4	4	24	1	1	28	0.125	8	0.416667	FALSE	NA	NA	NA	NA	NA	NA
NC_045512.2	25822	A	G	4	4	24	3	3	26	0.375	8	0.0961538	FALSE	NA	NA	NA	NA	NA	NA
NC_045512.2	25823	A	T	3	3	29	2	2	25	0.285714	7	0.181818	FALSE	NA	NA	NA	NA	NA	NA
NC_045512.2	25823	A	G	3	3	29	2	2	28	0.285714	7	0.181818	FALSE	NA	NA	NA	NA	NA	NA
NC_045512.2	25824	C	A	5	5	28	3	3	26	0.375	8	0.123077	FALSE	NA	NA	NA	NA	NA	NA
NC_045512.2	25825	T	G	6	6	28	2	2	28	0.25	8	0.266667	FALSE	NA	NA	NA	NA	NA	NA
NC_045512.2	25826	A	T	4	4	28	1	1	28	0.166667	6	0.5	FALSE	NA	NA	NA	NA	NA	NA
NC_045512.2	25826	A	G	4	4	28	1	1	24	0.166667	6	0.5	FALSE	NA	NA	NA	NA	NA	NA
NC_045512.2	25827	T	G	2	2	22	1	1	27	0.142857	7	0.333333	FALSE	NA	NA	NA	NA	NA	NA
NC_045512.2	25827	T	C	2	2	22	2	2	26	0.285714	7	0.133333	FALSE	NA	NA	NA	NA	NA	NA
NC_045512.2	25827	T	A	2	2	22	2	2	27	0.285714	7	0.133333	FALSE	NA	NA	NA	NA	NA	NA
NC_045512.2	25828	T	C	5	5	28	2	2	24	0.25	8	0.230769	FALSE	NA	NA	NA	NA	NA	NA
NC_045512.2	25828	T	A	5	5	28	1	1	27	0.125	8	0.461538	FALSE	NA	NA	NA	NA	NA	NA
NC_045512.2	25829	T	C	4	4	28	3	3	27	0.375	8	0.0961538	FALSE	NA	NA	NA	NA	NA	NA
NC_045512.2	25829	T	A	4	4	28	1	1	23	0.125	8	0.416667	FALSE	NA	NA	NA	NA	NA	NA
NC_045512.2	25830	T	C	5	5	26	1	1	29	0.142857	7	0.5	FALSE	NA	NA	NA	NA	NA	NA
NC_045512.2	25830	T	A	5	5	26	1	1	30	0.142857	7	0.5	FALSE	NA	NA	NA	NA	NA	NA
NC_045512.2	25831	C	T	3	3	26	4	4	26	0.5	8	0.034965	FALSE	NA	NA	NA	NA	NA	NA
NC_045512.2	25831	C	A	3	3	26	1	1	31	0.125	8	0.363636	FALSE	NA	NA	NA	NA	NA	NA
NC_045512.2	25832	T	G	4	4	27	1	1	23	0.166667	6	0.5	FALSE	NA	NA	NA	NA	NA	NA
NC_045512.2	25832	T	C	4	4	27	1	1	27	0.166667	6	0.5	FALSE	NA	NA	NA	NA	NA	NA
NC_045512.2	25833	T	G	5	5	26	2	2	28	0.285714	7	0.269231	FALSE	NA	NA	NA	NA	NA	NA
NC_045512.2	25834	T	C	5	5	27	2	2	27	0.285714	7	0.269231	FALSE	NA	NA	NA	NA	NA	NA
NC_045512.2	25835	G	T	3	3	26	2	2	27	0.285714	7	0.181818	FALSE	NA	NA	NA	NA	NA	NA
NC_045512.2	25835	G	A	3	3	26	2	2	28	0.285714	7	0.181818	FALSE	NA	NA	NA	NA	NA	NA
NC_045512.2	25836	C	G	4	4	26	2	2	26	0.285714	7	0.227273	FALSE	NA	NA	NA	NA	NA	NA
NC_045512.2	25836	C	A	4	4	26	1	1	28	0.142857	7	0.454545	FALSE	NA	NA	NA	NA	NA	NA
NC_045512.2	25837	T	G	5	5	27	1	1	27	0.142857	7	0.5	FALSE	NA	NA	NA	NA	NA	NA
NC_045512.2	25837	T	A	5	5	27	1	1	27	0.142857	7	0.5	FALSE	NA	NA	NA	NA	NA	NA
NC_045512.2	25838	G	A	4	4	23	3	3	25	0.428571	7	0.122378	FALSE	NA	NA	NA	NA	NA	NA
NC_045512.2	25839	G	T	3	3	27	2	2	26	0.285714	7	0.181818	FALSE	NA	NA	NA	NA	NA	NA
NC_045512.2	25839	G	A	3	3	27	2	2	26	0.285714	7	0.181818	FALSE	NA	NA	NA	NA	NA	NA
NC_045512.2	25840	C	T	4	4	27	1	1	25	0.142857	7	0.454545	FALSE	NA	NA	NA	NA	NA	NA
NC_045512.2	25840	C	G	4	4	27	1	1	27	0.142857	7	0.454545	FALSE	NA	NA	NA	NA	NA	NA
NC_045512.2	25840	C	A	4	4	27	1	1	26	0.142857	7	0.454545	FALSE	NA	NA	NA	NA	NA	NA
NC_045512.2	25841	A	T	5	5	25	2	2	26	0.285714	7	0.269231	FALSE	NA	NA	NA	NA	NA	NA
NC_045512.2	25842	T	A	4	4	27	3	3	25	0.428571	7	0.122378	FALSE	NA	NA	NA	NA	NA	NA
NC_045512.2	25843	A	T	6	4	28	3	3	27	0.333333	9	0.123529	FALSE	NA	NA	NA	NA	NA	NA
NC_045512.2	25844	C	A	5	3	27	4	4	26	0.444444	9	0.0529412	FALSE	NA	NA	NA	NA	NA	NA
NC_045512.2	25845	T	C	6	4	27	1	1	28	0.111111	9	0.466667	FALSE	NA	NA	NA	NA	NA	NA
NC_045512.2	25845	T	A	6	4	27	2	2	27	0.222222	9	0.233333	FALSE	NA	NA	NA	NA	NA	NA
NC_045512.2	25846	A	T	5	3	25	3	3	24	0.333333	9	0.1	FALSE	NA	NA	NA	NA	NA	NA
NC_045512.2	25846	A	G	5	3	25	1	1	25	0.111111	9	0.428571	FALSE	NA	NA	NA	NA	NA	NA
NC_045512.2	25847	A	T	5	3	25	1	1	28	0.142857	7	0.5	FALSE	NA	NA	NA	NA	NA	NA
NC_045512.2	25847	A	G	5	3	25	1	1	27	0.142857	7	0.5	FALSE	NA	NA	NA	NA	NA	NA
NC_045512.2	25848	T	A	6	4	26	2	2	25	0.25	8	0.266667	FALSE	NA	NA	NA	NA	NA	NA
NC_045512.2	25849	T	G	5	4	26	2	2	25	0.285714	7	0.269231	FALSE	NA	NA	NA	NA	NA	NA
NC_045512.2	25850	G	T	7	5	27	1	1	28	0.125	8	0.533333	FALSE	NA	NA	NA	NA	NA	NA
NC_045512.2	25851	T	C	5	3	25	1	1	26	0.125	8	0.461538	FALSE	NA	NA	NA	NA	NA	NA
NC_045512.2	25851	T	A	5	3	25	2	2	26	0.25	8	0.230769	FALSE	NA	NA	NA	NA	NA	NA
NC_045512.2	25852	T	G	5	4	26	1	1	24	0.125	8	0.461538	FALSE	NA	NA	NA	NA	NA	NA
NC_045512.2	25852	T	C	5	4	26	1	0	27	0.125	8	0.461538	FALSE	NA	NA	NA	NA	NA	NA
NC_045512.2	25852	T	A	5	4	26	1	1	27	0.125	8	0.461538	FALSE	NA	NA	NA	NA	NA	NA
NC_045512.2	25853	A	T	5	3	28	1	1	30	0.125	8	0.461538	FALSE	NA	NA	NA	NA	NA	NA
NC_045512.2	25853	A	G	5	3	28	2	2	28	0.25	8	0.230769	FALSE	NA	NA	NA	NA	NA	NA
NC_045512.2	25854	C	T	6	4	27	1	1	26	0.125	8	0.5	FALSE	NA	NA	NA	NA	NA	NA
NC_045512.2	25854	C	A	6	4	27	1	1	23	0.125	8	0.5	FALSE	NA	NA	NA	NA	NA	NA
NC_045512.2	25855	G	T	6	4	26	1	1	23	0.125	8	0.5	FALSE	NA	NA	NA	NA	NA	NA
NC_045512.2	25855	G	A	6	4	26	1	1	27	0.125	8	0.5	FALSE	NA	NA	NA	NA	NA	NA
NC_045512.2	25856	A	T	5	3	27	2	2	27	0.25	8	0.230769	FALSE	NA	NA	NA	NA	NA	NA
NC_045512.2	25856	A	G	5	3	27	1	1	26	0.125	8	0.461538	FALSE	NA	NA	NA	NA	NA	NA
NC_045512.2	25856	A	-C	5	3	27	1	0	20	0.125	8	0.461538	FALSE	NA	NA	NA	NA	NA	NA
NC_045512.2	25857	C	T	5	3	25	1	1	28	0.142857	7	0.461538	FALSE	NA	NA	NA	NA	NA	NA
NC_045512.2	25857	C	A	5	3	25	1	1	24	0.142857	7	0.461538	FALSE	NA	NA	NA	NA	NA	NA
NC_045512.2	25858	T	G	6	4	24	1	1	27	0.125	8	0.5	FALSE	NA	NA	NA	NA	NA	NA
NC_045512.2	25858	T	A	6	4	24	1	1	30	0.125	8	0.5	FALSE	NA	NA	NA	NA	NA	NA
NC_045512.2	25859	A	T	5	3	25	2	2	27	0.25	8	0.230769	FALSE	NA	NA	NA	NA	NA	NA
NC_045512.2	25859	A	G	5	3	25	1	1	29	0.125	8	0.461538	FALSE	NA	NA	NA	NA	NA	NA
NC_045512.2	25860	T	C	4	2	27	1	1	28	0.2	5	0.555556	FALSE	NA	NA	NA	NA	NA	NA
NC_045512.2	25861	T	G	6	4	24	1	1	25	0.125	8	0.5	FALSE	NA	NA	NA	NA	NA	NA
NC_045512.2	25861	T	A	6	4	24	1	1	23	0.125	8	0.5	FALSE	NA	NA	NA	NA	NA	NA
NC_045512.2	25862	G	T	5	3	26	2	2	25	0.25	8	0.230769	FALSE	NA	NA	NA	NA	NA	NA
NC_045512.2	25862	G	C	5	3	26	1	1	25	0.125	8	0.461538	FALSE	NA	NA	NA	NA	NA	NA
NC_045512.2	25863	T	G	7	5	27	1	1	27	0.125	8	0.533333	FALSE	NA	NA	NA	NA	NA	NA
NC_045512.2	25864	A	G	6	4	28	2	2	23	0.25	8	0.266667	FALSE	NA	NA	NA	NA	NA	NA
NC_045512.2	25865	T	G	5	3	28	2	2	23	0.25	8	0.230769	FALSE	NA	NA	NA	NA	NA	NA
NC_045512.2	25865	T	C	5	3	28	1	1	26	0.125	8	0.461538	FALSE	NA	NA	NA	NA	NA	NA
NC_045512.2	25866	A	T	5	3	27	1	1	26	0.142857	7	0.5	FALSE	NA	NA	NA	NA	NA	NA
NC_045512.2	25866	A	G	5	3	27	1	1	27	0.142857	7	0.5	FALSE	NA	NA	NA	NA	NA	NA
NC_045512.2	25867	C	G	6	4	25	1	1	21	0.125	8	0.5	FALSE	NA	NA	NA	NA	NA	NA
NC_045512.2	25867	C	A	6	4	25	1	1	24	0.125	8	0.5	FALSE	NA	NA	NA	NA	NA	NA
NC_045512.2	25868	C	T	4	3	26	1	1	23	0.142857	7	0.454545	FALSE	NA	NA	NA	NA	NA	NA
NC_045512.2	25868	C	G	4	3	26	1	1	26	0.142857	7	0.454545	FALSE	NA	NA	NA	NA	NA	NA
NC_045512.2	25868	C	A	4	3	26	1	1	25	0.142857	7	0.454545	FALSE	NA	NA	NA	NA	NA	NA
NC_045512.2	25870	T	G	5	4	27	1	1	25	0.142857	7	0.5	FALSE	NA	NA	NA	NA	NA	NA
NC_045512.2	25870	T	A	5	4	27	1	1	26	0.142857	7	0.5	FALSE	NA	NA	NA	NA	NA	NA
NC_045512.2	25871	A	G	6	4	26	1	1	24	0.142857	7	0.538462	FALSE	NA	NA	NA	NA	NA	NA
NC_045512.2	25872	C	T	6	4	25	1	1	26	0.125	8	0.5	FALSE	NA	NA	NA	NA	NA	NA
NC_045512.2	25872	C	G	6	4	25	1	1	29	0.125	8	0.5	FALSE	NA	NA	NA	NA	NA	NA
NC_045512.2	25873	A	G	4	2	25	2	2	26	0.285714	7	0.227273	FALSE	NA	NA	NA	NA	NA	NA
NC_045512.2	25873	A	C	4	2	25	1	1	24	0.142857	7	0.454545	FALSE	NA	NA	NA	NA	NA	NA
NC_045512.2	25874	A	T	4	3	26	1	1	21	0.166667	6	0.5	FALSE	NA	NA	NA	NA	NA	NA
NC_045512.2	25874	A	C	4	3	26	1	1	22	0.166667	6	0.5	FALSE	NA	NA	NA	NA	NA	NA
NC_045512.2	25875	T	C	6	4	26	1	1	27	0.142857	7	0.538462	FALSE	NA	NA	NA	NA	NA	NA
NC_045512.2	25876	A	T	5	3	26	1	1	24	0.142857	7	0.5	FALSE	NA	NA	NA	NA	NA	NA
NC_045512.2	25876	A	G	5	3	26	1	1	26	0.142857	7	0.5	FALSE	NA	NA	NA	NA	NA	NA
NC_045512.2	25877	G	T	6	4	25	1	1	20	0.142857	7	0.538462	FALSE	NA	NA	NA	NA	NA	NA
NC_045512.2	25878	T	C	5	3	26	1	1	27	0.166667	6	0.545455	FALSE	NA	NA	NA	NA	NA	NA
NC_045512.2	25879	G	T	5	3	28	1	1	27	0.166667	6	0.545455	FALSE	NA	NA	NA	NA	NA	NA
NC_045512.2	25880	T	G	5	3	28	1	1	24	0.166667	6	0.545455	FALSE	NA	NA	NA	NA	NA	NA
NC_045512.2	25881	A	G	5	3	24	1	1	27	0.166667	6	0.545455	FALSE	NA	NA	NA	NA	NA	NA
NC_045512.2	25883	C	A	5	3	27	1	1	27	0.166667	6	0.545455	FALSE	NA	NA	NA	NA	NA	NA
NC_045512.2	25884	T	A	5	3	25	1	1	28	0.166667	6	0.545455	FALSE	NA	NA	NA	NA	NA	NA
NC_045512.2	25886	C	G	5	3	29	1	1	27	0.166667	6	0.545455	FALSE	NA	NA	NA	NA	NA	NA
NC_045512.2	25887	T	C	5	3	26	1	1	22	0.166667	6	0.545455	FALSE	NA	NA	NA	NA	NA	NA
NC_045512.2	25888	T	C	5	3	24	1	1	26	0.166667	6	0.545455	FALSE	NA	NA	NA	NA	NA	NA
NC_045512.2	25941	C	A	15	2	26	1	1	27	0.0625	16	0.516129	FALSE	NA	NA	NA	NA	NA	NA
NC_045512.2	25942	T	C	14	2	27	2	1	25	0.125	16	0.258065	FALSE	NA	NA	NA	NA	NA	NA
NC_045512.2	25943	A	T	15	2	27	1	1	27	0.0625	16	0.516129	FALSE	NA	NA	NA	NA	NA	NA
NC_045512.2	25944	C	A	15	2	27	1	1	22	0.0625	16	0.516129	FALSE	NA	NA	NA	NA	NA	NA
NC_045512.2	25945	C	A	15	2	24	1	1	27	0.0625	16	0.516129	FALSE	NA	NA	NA	NA	NA	NA
NC_045512.2	25946	A	T	15	2	27	1	1	21	0.0625	16	0.516129	FALSE	NA	NA	NA	NA	NA	NA
NC_045512.2	25947	G	T	15	2	27	1	1	28	0.0625	16	0.516129	FALSE	NA	NA	NA	NA	NA	NA
NC_045512.2	25948	A	G	15	2	27	1	1	28	0.0625	16	0.516129	FALSE	NA	NA	NA	NA	NA	NA
NC_045512.2	25951	G	A	15	2	28	1	1	27	0.0625	16	0.516129	FALSE	NA	NA	NA	NA	NA	NA
NC_045512.2	25952	G	C	15	2	25	1	1	27	0.0625	16	0.516129	FALSE	NA	NA	NA	NA	NA	NA
NC_045512.2	25953	T	G	15	2	27	1	1	27	0.0625	16	0.516129	FALSE	NA	NA	NA	NA	NA	NA
NC_045512.2	25954	G	A	13	0	30	1	1	25	0.0714286	14	0.518519	FALSE	NA	NA	NA	NA	NA	NA
NC_045512.2	25955	G	C	14	2	24	1	1	25	0.0666667	15	0.517241	FALSE	NA	NA	NA	NA	NA	NA
NC_045512.2	25957	T	A	14	2	25	1	1	22	0.0666667	15	0.517241	FALSE	NA	NA	NA	NA	NA	NA
NC_045512.2	25960	A	G	15	2	27	1	1	22	0.0625	16	0.516129	FALSE	NA	NA	NA	NA	NA	NA
NC_045512.2	25961	C	T	15	2	26	1	1	25	0.0625	16	0.516129	FALSE	NA	NA	NA	NA	NA	NA
NC_045512.2	25962	T	C	14	2	26	1	0	23	0.0625	16	0.5	FALSE	NA	NA	NA	NA	NA	NA
NC_045512.2	25962	T	A	14	2	26	1	1	25	0.0625	16	0.5	FALSE	NA	NA	NA	NA	NA	NA
NC_045512.2	25963	G	T	15	2	25	1	1	27	0.0625	16	0.516129	FALSE	NA	NA	NA	NA	NA	NA
NC_045512.2	25963	G	-AA	15	2	25	1	0	20	0.0625	16	0.516129	FALSE	NA	NA	NA	NA	NA	NA
NC_045512.2	25963	G	-A	15	2	25	1	0	20	0.0625	16	0.516129	FALSE	NA	NA	NA	NA	NA	NA
NC_045512.2	25965	A	C	14	1	26	1	1	24	0.0666667	15	0.517241	FALSE	NA	NA	NA	NA	NA	NA
NC_045512.2	25966	A	G	13	1	27	1	0	27	0.0666667	15	0.5	FALSE	NA	NA	NA	NA	NA	NA
NC_045512.2	25966	A	C	13	1	27	1	1	28	0.0666667	15	0.5	FALSE	NA	NA	NA	NA	NA	NA
NC_045512.2	25967	A	T	15	2	26	1	1	23	0.0625	16	0.516129	FALSE	NA	NA	NA	NA	NA	NA
NC_045512.2	25968	A	T	3	2	24	1	1	28	0.25	4	0.571429	FALSE	NA	NA	NA	NA	NA	NA
NC_045512.2	25969	T	A	15	2	26	1	1	27	0.0625	16	0.516129	FALSE	NA	NA	NA	NA	NA	NA
NC_045512.2	25970	G	C	14	1	27	1	1	27	0.0666667	15	0.517241	FALSE	NA	NA	NA	NA	NA	NA
NC_045512.2	25971	G	A	15	2	28	1	1	21	0.0625	16	0.516129	FALSE	NA	NA	NA	NA	NA	NA
NC_045512.2	25972	G	A	11	2	23	1	1	25	0.0833333	12	0.521739	FALSE	NA	NA	NA	NA	NA	NA
NC_045512.2	25973	A	T	15	2	27	1	1	25	0.0625	16	0.516129	FALSE	NA	NA	NA	NA	NA	NA
NC_045512.2	25975	T	G	15	2	27	1	1	27	0.0625	16	0.516129	FALSE	NA	NA	NA	NA	NA	NA
NC_045512.2	25976	C	T	15	2	28	1	1	26	0.0625	16	0.516129	FALSE	NA	NA	NA	NA	NA	NA
NC_045512.2	25977	T	G	15	2	28	1	1	28	0.0625	16	0.516129	FALSE	NA	NA	NA	NA	NA	NA
NC_045512.2	25978	G	T	14	1	27	1	1	27	0.0666667	15	0.517241	FALSE	NA	NA	NA	NA	NA	NA
NC_045512.2	25979	G	A	14	2	23	1	1	23	0.0666667	15	0.517241	FALSE	NA	NA	NA	NA	NA	NA
NC_045512.2	25981	G	C	15	2	27	1	1	28	0.0625	16	0.516129	FALSE	NA	NA	NA	NA	NA	NA
NC_045512.2	25982	T	-A	16	3	26	2	0	20	0.125	16	0.289773	FALSE	NA	NA	NA	NA	NA	NA
NC_045512.2	25983	A	T	11	0	27	1	1	29	0.0714286	14	0.48	FALSE	NA	NA	NA	NA	NA	NA
NC_045512.2	25983	A	G	11	0	27	2	0	27	0.142857	14	0.24	FALSE	NA	NA	NA	NA	NA	NA
NC_045512.2	25984	A	C	14	0	28	1	1	28	0.0666667	15	0.517241	FALSE	NA	NA	NA	NA	NA	NA
NC_045512.2	25985	A	T	16	2	27	1	1	23	0.0588235	17	0.515152	FALSE	NA	NA	NA	NA	NA	NA
NC_045512.2	25986	A	T	9	2	22	1	1	27	0.1	10	0.526316	FALSE	NA	NA	NA	NA	NA	NA
NC_045512.2	25987	G	C	16	2	26	1	1	28	0.0588235	17	0.515152	FALSE	NA	NA	NA	NA	NA	NA
NC_045512.2	25989	C	T	15	2	26	1	0	26	0.0588235	17	0.5	FALSE	NA	NA	NA	NA	NA	NA
NC_045512.2	25989	C	A	15	2	26	1	1	29	0.0588235	17	0.5	FALSE	NA	NA	NA	NA	NA	NA
NC_045512.2	25991	G	T	16	2	27	1	1	27	0.0588235	17	0.515152	FALSE	NA	NA	NA	NA	NA	NA
NC_045512.2	25992	T	G	16	2	27	1	1	27	0.0588235	17	0.515152	FALSE	NA	NA	NA	NA	NA	NA
NC_045512.2	25993	G	T	16	2	27	1	1	27	0.0588235	17	0.515152	FALSE	NA	NA	NA	NA	NA	NA
NC_045512.2	25994	T	C	15	1	27	1	1	27	0.0625	16	0.516129	FALSE	NA	NA	NA	NA	NA	NA
NC_045512.2	25995	T	A	16	2	23	1	1	27	0.0588235	17	0.515152	FALSE	NA	NA	NA	NA	NA	NA
NC_045512.2	25996	G	T	16	2	27	1	1	20	0.0588235	17	0.515152	FALSE	NA	NA	NA	NA	NA	NA
NC_045512.2	25999	T	C	15	1	26	1	1	26	0.0625	16	0.516129	FALSE	NA	NA	NA	NA	NA	NA
NC_045512.2	26001	A	T	16	2	25	1	1	25	0.0588235	17	0.515152	FALSE	NA	NA	NA	NA	NA	NA
NC_045512.2	26005	A	G	16	2	27	1	1	24	0.0588235	17	0.515152	FALSE	NA	NA	NA	NA	NA	NA
NC_045512.2	26006	G	T	16	2	27	1	1	25	0.0588235	17	0.515152	FALSE	NA	NA	NA	NA	NA	NA
NC_045512.2	26007	T	G	15	1	27	1	1	27	0.0625	16	0.516129	FALSE	NA	NA	NA	NA	NA	NA
NC_045512.2	26008	T	A	15	2	23	1	1	27	0.0625	16	0.516129	FALSE	NA	NA	NA	NA	NA	NA
NC_045512.2	26009	A	T	16	2	27	1	1	28	0.0588235	17	0.515152	FALSE	NA	NA	NA	NA	NA	NA
NC_045512.2	26010	C	G	16	2	26	1	1	23	0.0588235	17	0.515152	FALSE	NA	NA	NA	NA	NA	NA
NC_045512.2	26011	T	G	16	2	26	1	1	29	0.0588235	17	0.515152	FALSE	NA	NA	NA	NA	NA	NA
NC_045512.2	26012	T	C	13	2	23	1	1	29	0.0714286	14	0.518519	FALSE	NA	NA	NA	NA	NA	NA
NC_045512.2	26013	C	A	15	2	26	1	1	29	0.0625	16	0.516129	FALSE	NA	NA	NA	NA	NA	NA
NC_045512.2	26014	A	C	13	2	26	1	1	29	0.0714286	14	0.518519	FALSE	NA	NA	NA	NA	NA	NA
NC_045512.2	26015	C	T	12	2	27	1	0	25	0.0714286	14	0.5	FALSE	NA	NA	NA	NA	NA	NA
NC_045512.2	26015	C	A	12	2	27	1	1	23	0.0714286	14	0.5	FALSE	NA	NA	NA	NA	NA	NA
NC_045512.2	26016	T	A	13	2	26	1	1	27	0.0714286	14	0.518519	FALSE	NA	NA	NA	NA	NA	NA
NC_045512.2	26017	T	C	12	2	23	1	1	26	0.0769231	13	0.52	FALSE	NA	NA	NA	NA	NA	NA
NC_045512.2	26021	A	T	12	2	25	1	1	28	0.0769231	13	0.52	FALSE	NA	NA	NA	NA	NA	NA
NC_045512.2	26023	T	C	12	2	26	1	1	27	0.0769231	13	0.52	FALSE	NA	NA	NA	NA	NA	NA
NC_045512.2	26024	A	T	10	2	27	1	1	27	0.0909091	11	0.52381	FALSE	NA	NA	NA	NA	NA	NA
NC_045512.2	26025	T	A	11	2	26	1	1	26	0.0833333	12	0.521739	FALSE	NA	NA	NA	NA	NA	NA
NC_045512.2	26027	A	T	11	2	26	1	1	25	0.0833333	12	0.521739	FALSE	NA	NA	NA	NA	NA	NA
NC_045512.2	26028	C	T	11	2	25	1	1	25	0.0833333	12	0.521739	FALSE	NA	NA	NA	NA	NA	NA
NC_045512.2	26030	A	T	8	2	27	1	1	24	0.111111	9	0.529412	FALSE	NA	NA	NA	NA	NA	NA
NC_045512.2	26031	G	T	7	3	25	1	1	27	0.125	8	0.533333	FALSE	NA	NA	NA	NA	NA	NA
NC_045512.2	26032	C	A	6	3	26	1	1	22	0.142857	7	0.538462	FALSE	NA	NA	NA	NA	NA	NA
NC_045512.2	26033	T	A	6	3	25	1	1	28	0.142857	7	0.538462	FALSE	NA	NA	NA	NA	NA	NA
NC_045512.2	26034	G	C	6	3	25	1	1	28	0.142857	7	0.538462	FALSE	NA	NA	NA	NA	NA	NA
NC_045512.2	26035	T	A	5	2	24	2	2	27	0.285714	7	0.269231	FALSE	NA	NA	NA	NA	NA	NA
NC_045512.2	26036	A	T	6	3	27	1	1	27	0.142857	7	0.538462	FALSE	NA	NA	NA	NA	NA	NA
NC_045512.2	26037	C	G	6	3	29	1	1	26	0.142857	7	0.538462	FALSE	NA	NA	NA	NA	NA	NA
NC_045512.2	26038	T	A	5	2	29	2	2	26	0.285714	7	0.269231	FALSE	NA	NA	NA	NA	NA	NA
NC_045512.2	26039	C	T	6	3	28	1	1	27	0.142857	7	0.538462	FALSE	NA	NA	NA	NA	NA	NA
NC_045512.2	26040	A	T	5	2	26	1	1	26	0.142857	7	0.5	FALSE	NA	NA	NA	NA	NA	NA
NC_045512.2	26040	A	G	5	2	26	1	1	27	0.142857	7	0.5	FALSE	NA	NA	NA	NA	NA	NA
NC_045512.2	26042	C	T	7	4	25	1	1	23	0.125	8	0.533333	FALSE	NA	NA	NA	NA	NA	NA
NC_045512.2	26043	T	C	6	3	26	2	2	29	0.25	8	0.266667	FALSE	NA	NA	NA	NA	NA	NA
NC_045512.2	26044	C	T	5	2	27	1	1	28	0.125	8	0.461538	FALSE	NA	NA	NA	NA	NA	NA
NC_045512.2	26044	C	A	5	2	27	2	2	27	0.25	8	0.230769	FALSE	NA	NA	NA	NA	NA	NA
NC_045512.2	26045	A	G	4	1	27	2	2	26	0.285714	7	0.227273	FALSE	NA	NA	NA	NA	NA	NA
NC_045512.2	26045	A	C	4	1	27	1	1	22	0.142857	7	0.454545	FALSE	NA	NA	NA	NA	NA	NA
NC_045512.2	26046	A	C	6	4	24	1	1	26	0.142857	7	0.538462	FALSE	NA	NA	NA	NA	NA	NA
NC_045512.2	26047	T	A	5	3	24	2	2	24	0.285714	7	0.269231	FALSE	NA	NA	NA	NA	NA	NA
NC_045512.2	26048	T	G	4	3	27	1	1	26	0.142857	7	0.454545	FALSE	NA	NA	NA	NA	NA	NA
NC_045512.2	26048	T	C	4	3	27	2	1	25	0.285714	7	0.227273	FALSE	NA	NA	NA	NA	NA	NA
NC_045512.2	26049	G	A	5	3	27	2	2	23	0.285714	7	0.269231	FALSE	NA	NA	NA	NA	NA	NA
NC_045512.2	26050	A	T	4	2	28	1	1	28	0.166667	6	0.5	FALSE	NA	NA	NA	NA	NA	NA
NC_045512.2	26050	A	G	4	2	28	1	1	25	0.166667	6	0.5	FALSE	NA	NA	NA	NA	NA	NA
NC_045512.2	26051	G	T	5	3	29	2	2	24	0.285714	7	0.269231	FALSE	NA	NA	NA	NA	NA	NA
NC_045512.2	26052	T	G	4	2	27	1	1	20	0.166667	6	0.5	FALSE	NA	NA	NA	NA	NA	NA
NC_045512.2	26052	T	A	4	2	27	1	1	33	0.166667	6	0.5	FALSE	NA	NA	NA	NA	NA	NA
NC_045512.2	26053	A	G	4	2	28	2	2	24	0.285714	7	0.227273	FALSE	NA	NA	NA	NA	NA	NA
NC_045512.2	26053	A	C	4	2	28	1	1	27	0.142857	7	0.454545	FALSE	NA	NA	NA	NA	NA	NA
NC_045512.2	26054	C	T	4	2	29	3	3	24	0.428571	7	0.122378	FALSE	NA	NA	NA	NA	NA	NA
NC_045512.2	26055	A	T	5	3	28	1	1	23	0.166667	6	0.545455	FALSE	NA	NA	NA	NA	NA	NA
NC_045512.2	26056	G	C	5	3	28	1	1	23	0.142857	7	0.5	FALSE	NA	NA	NA	NA	NA	NA
NC_045512.2	26056	G	A	5	3	28	1	1	23	0.142857	7	0.5	FALSE	NA	NA	NA	NA	NA	NA
NC_045512.2	26057	A	T	4	2	26	1	1	25	0.166667	6	0.5	FALSE	NA	NA	NA	NA	NA	NA
NC_045512.2	26057	A	C	4	2	26	1	1	28	0.166667	6	0.5	FALSE	NA	NA	NA	NA	NA	NA
NC_045512.2	26058	C	T	3	2	26	1	1	25	0.166667	6	0.444444	FALSE	NA	NA	NA	NA	NA	NA
NC_045512.2	26058	C	A	3	2	26	2	2	25	0.333333	6	0.222222	FALSE	NA	NA	NA	NA	NA	NA
NC_045512.2	26059	A	G	4	3	26	1	1	28	0.2	5	0.555556	FALSE	NA	NA	NA	NA	NA	NA
NC_045512.2	26060	C	T	0	0	0	4	3	25	0.8	5	0.0142857	FALSE	NA	NA	NA	NA	NA	NA
NC_045512.2	26060	C	A	0	0	0	1	1	28	0.2	5	0.2	FALSE	NA	NA	NA	NA	NA	NA
NC_045512.2	26061	T	A	4	3	25	1	1	23	0.2	5	0.555556	FALSE	NA	NA	NA	NA	NA	NA
NC_045512.2	26062	G	T	3	2	24	1	1	32	0.2	5	0.5	FALSE	NA	NA	NA	NA	NA	NA
NC_045512.2	26062	G	C	3	2	24	1	1	22	0.2	5	0.5	FALSE	NA	NA	NA	NA	NA	NA
NC_045512.2	26063	G	T	4	3	27	1	1	22	0.2	5	0.555556	FALSE	NA	NA	NA	NA	NA	NA
NC_045512.2	26064	T	G	3	2	29	2	2	25	0.4	5	0.277778	FALSE	NA	NA	NA	NA	NA	NA
NC_045512.2	26064	T	-GT	3	2	29	1	0	20	0.2	5	0.5	FALSE	NA	NA	NA	NA	NA	NA
NC_045512.2	26065	G	T	3	2	26	1	1	25	0.25	4	0.571429	FALSE	NA	NA	NA	NA	NA	NA
NC_045512.2	26067	T	G	3	2	25	1	1	25	0.25	4	0.571429	FALSE	NA	NA	NA	NA	NA	NA
NC_045512.2	26068	G	A	3	2	28	1	1	24	0.25	4	0.571429	FALSE	NA	NA	NA	NA	NA	NA
NC_045512.2	26069	A	T	4	3	26	1	1	25	0.2	5	0.555556	FALSE	NA	NA	NA	NA	NA	NA
NC_045512.2	26070	A	T	4	3	26	1	1	25	0.2	5	0.555556	FALSE	NA	NA	NA	NA	NA	NA
NC_045512.2	26071	C	T	3	2	28	1	1	25	0.25	4	0.571429	FALSE	NA	NA	NA	NA	NA	NA
NC_045512.2	26072	A	G	4	3	28	1	1	28	0.2	5	0.555556	FALSE	NA	NA	NA	NA	NA	NA
NC_045512.2	26073	T	G	3	2	28	1	1	25	0.2	5	0.5	FALSE	NA	NA	NA	NA	NA	NA
NC_045512.2	26073	T	C	3	2	28	1	1	27	0.2	5	0.5	FALSE	NA	NA	NA	NA	NA	NA
NC_045512.2	26074	G	T	4	2	28	1	1	29	0.2	5	0.555556	FALSE	NA	NA	NA	NA	NA	NA
NC_045512.2	26075	T	G	4	2	27	1	1	29	0.166667	6	0.5	FALSE	NA	NA	NA	NA	NA	NA
NC_045512.2	26075	T	A	4	2	27	1	1	26	0.166667	6	0.5	FALSE	NA	NA	NA	NA	NA	NA
NC_045512.2	26075	T	-TA	4	2	27	1	0	20	0.166667	6	0.5	FALSE	NA	NA	NA	NA	NA	NA
NC_045512.2	26076	T	C	4	3	27	1	0	31	0.2	5	0.5	FALSE	NA	NA	NA	NA	NA	NA
NC_045512.2	26077	A	C	4	2	28	1	1	28	0.2	5	0.5	FALSE	NA	NA	NA	NA	NA	NA
NC_045512.2	26078	C	T	4	2	27	1	1	28	0.166667	6	0.5	FALSE	NA	NA	NA	NA	NA	NA
NC_045512.2	26078	C	A	4	2	27	1	1	22	0.166667	6	0.5	FALSE	NA	NA	NA	NA	NA	NA
NC_045512.2	26079	C	G	4	2	27	1	1	22	0.166667	6	0.5	FALSE	NA	NA	NA	NA	NA	NA
NC_045512.2	26079	C	A	4	2	27	1	1	29	0.166667	6	0.5	FALSE	NA	NA	NA	NA	NA	NA
NC_045512.2	26080	T	G	4	2	26	1	1	28	0.166667	6	0.5	FALSE	NA	NA	NA	NA	NA	NA
NC_045512.2	26080	T	A	4	2	26	1	1	27	0.166667	6	0.5	FALSE	NA	NA	NA	NA	NA	NA
NC_045512.2	26081	T	A	5	3	26	1	1	28	0.166667	6	0.545455	FALSE	NA	NA	NA	NA	NA	NA
NC_045512.2	26082	C	G	4	2	27	2	2	21	0.333333	6	0.272727	FALSE	NA	NA	NA	NA	NA	NA
NC_045512.2	26083	T	G	5	3	24	1	1	30	0.166667	6	0.545455	FALSE	NA	NA	NA	NA	NA	NA
NC_045512.2	26084	T	G	4	2	24	2	2	22	0.333333	6	0.272727	FALSE	NA	NA	NA	NA	NA	NA
NC_045512.2	26085	C	A	4	2	27	1	1	20	0.2	5	0.555556	FALSE	NA	NA	NA	NA	NA	NA
NC_045512.2	26087	T	A	5	3	26	1	1	27	0.166667	6	0.545455	FALSE	NA	NA	NA	NA	NA	NA
NC_045512.2	26088	C	G	73	3	27	1	1	28	0.0135135	74	0.503401	FALSE	NA	NA	NA	NA	NA	NA
NC_045512.2	26089	T	A	73	3	27	1	1	28	0.0135135	74	0.503401	FALSE	NA	NA	NA	NA	NA	NA
NC_045512.2	26090	A	G	72	2	26	1	1	23	0.0135135	74	0.5	FALSE	NA	NA	NA	NA	NA	NA
NC_045512.2	26090	A	C	72	2	26	1	1	27	0.0135135	74	0.5	FALSE	NA	NA	NA	NA	NA	NA
NC_045512.2	26091	C	T	72	2	26	1	1	27	0.0135135	74	0.5	FALSE	NA	NA	NA	NA	NA	NA
NC_045512.2	26091	C	G	72	2	26	1	1	28	0.0135135	74	0.5	FALSE	NA	NA	NA	NA	NA	NA
NC_045512.2	26091	C	-A	72	2	26	1	0	20	0.0135135	74	0.5	FALSE	NA	NA	NA	NA	NA	NA
NC_045512.2	26092	A	G	71	2	27	2	2	26	0.0273973	73	0.248276	FALSE	NA	NA	NA	NA	NA	NA
NC_045512.2	26093	A	T	65	2	23	1	1	29	0.0149254	67	0.5	FALSE	NA	NA	NA	NA	NA	NA
NC_045512.2	26093	A	G	65	2	23	1	1	27	0.0149254	67	0.5	FALSE	NA	NA	NA	NA	NA	NA
NC_045512.2	26094	T	G	73	3	26	1	1	28	0.0135135	74	0.503401	FALSE	NA	NA	NA	NA	NA	NA
NC_045512.2	26094	T	-A	73	3	26	1	0	20	0.0135135	74	0.503401	FALSE	NA	NA	NA	NA	NA	NA
NC_045512.2	26095	A	T	71	1	27	1	1	23	0.0138889	72	0.5	FALSE	NA	NA	NA	NA	NA	NA
NC_045512.2	26096	A	T	73	3	27	1	1	27	0.0135135	74	0.503401	FALSE	NA	NA	NA	NA	NA	NA
NC_045512.2	26097	A	G	73	3	27	1	1	24	0.0135135	74	0.503401	FALSE	NA	NA	NA	NA	NA	NA
NC_045512.2	26098	A	T	31	3	22	1	1	23	0.03125	32	0.507937	FALSE	NA	NA	NA	NA	NA	NA
NC_045512.2	26099	T	G	72	2	27	1	1	29	0.0135135	74	0.5	FALSE	NA	NA	NA	NA	NA	NA
NC_045512.2	26099	T	A	72	2	27	1	1	23	0.0135135	74	0.5	FALSE	NA	NA	NA	NA	NA	NA
NC_045512.2	26100	T	A	66	3	22	1	1	31	0.0149254	67	0.503759	FALSE	NA	NA	NA	NA	NA	NA
NC_045512.2	26101	G	T	72	2	26	1	1	28	0.0135135	74	0.5	FALSE	NA	NA	NA	NA	NA	NA
NC_045512.2	26101	G	C	72	2	26	1	1	29	0.0135135	74	0.5	FALSE	NA	NA	NA	NA	NA	NA
NC_045512.2	26102	T	A	73	3	26	1	1	28	0.0135135	74	0.503401	FALSE	NA	NA	NA	NA	NA	NA
NC_045512.2	26103	T	G	71	2	23	1	1	23	0.0136986	73	0.5	FALSE	NA	NA	NA	NA	NA	NA
NC_045512.2	26103	T	C	71	2	23	1	1	28	0.0136986	73	0.5	FALSE	NA	NA	NA	NA	NA	NA
NC_045512.2	26104	G	T	72	2	27	1	1	23	0.0135135	74	0.5	FALSE	NA	NA	NA	NA	NA	NA
NC_045512.2	26104	G	A	72	2	27	1	1	28	0.0135135	74	0.5	FALSE	NA	NA	NA	NA	NA	NA
NC_045512.2	26105	A	G	73	2	27	1	1	22	0.0133333	75	0.5	FALSE	NA	NA	NA	NA	NA	NA
NC_045512.2	26105	A	C	73	2	27	1	1	27	0.0133333	75	0.5	FALSE	NA	NA	NA	NA	NA	NA
NC_045512.2	26106	T	A	72	2	27	1	1	26	0.0136986	73	0.503448	FALSE	NA	NA	NA	NA	NA	NA
NC_045512.2	26107	G	T	73	3	27	1	1	22	0.0135135	74	0.503401	FALSE	NA	NA	NA	NA	NA	NA
NC_045512.2	26108	A	T	72	2	27	1	1	21	0.0135135	74	0.5	FALSE	NA	NA	NA	NA	NA	NA
NC_045512.2	26108	A	G	72	2	27	1	1	23	0.0135135	74	0.5	FALSE	NA	NA	NA	NA	NA	NA
NC_045512.2	26109	G	T	73	2	27	2	2	27	0.0266667	75	0.251678	FALSE	NA	NA	NA	NA	NA	NA
NC_045512.2	26110	C	A	72	1	28	2	2	27	0.027027	74	0.251701	FALSE	NA	NA	NA	NA	NA	NA
NC_045512.2	26111	C	T	72	2	24	1	1	23	0.0136986	73	0.503448	FALSE	NA	NA	NA	NA	NA	NA
NC_045512.2	26113	G	T	72	1	28	1	1	26	0.0135135	74	0.5	FALSE	NA	NA	NA	NA	NA	NA
NC_045512.2	26113	G	A	72	1	28	1	1	28	0.0135135	74	0.5	FALSE	NA	NA	NA	NA	NA	NA
NC_045512.2	26114	A	G	71	1	28	1	0	26	0.0135135	74	0.496552	FALSE	NA	NA	NA	NA	NA	NA
NC_045512.2	26114	A	C	71	1	28	2	2	27	0.027027	74	0.248276	FALSE	NA	NA	NA	NA	NA	NA
NC_045512.2	26116	G	C	72	1	27	2	2	28	0.027027	74	0.251701	FALSE	NA	NA	NA	NA	NA	NA
NC_045512.2	26117	A	T	73	2	28	1	1	24	0.0135135	74	0.503401	FALSE	NA	NA	NA	NA	NA	NA
NC_045512.2	26118	A	T	70	1	23	1	1	28	0.0138889	72	0.5	FALSE	NA	NA	NA	NA	NA	NA
NC_045512.2	26118	A	G	70	1	23	1	1	26	0.0138889	72	0.5	FALSE	NA	NA	NA	NA	NA	NA
NC_045512.2	26119	C	T	73	2	27	1	1	21	0.0135135	74	0.503401	FALSE	NA	NA	NA	NA	NA	NA
NC_045512.2	26120	A	T	73	2	26	1	1	27	0.0135135	74	0.503401	FALSE	NA	NA	NA	NA	NA	NA
NC_045512.2	26121	T	G	72	1	26	1	1	28	0.0135135	74	0.5	FALSE	NA	NA	NA	NA	NA	NA
NC_045512.2	26121	T	A	72	1	26	1	1	24	0.0135135	74	0.5	FALSE	NA	NA	NA	NA	NA	NA
NC_045512.2	26122	G	C	72	1	27	1	1	24	0.0135135	74	0.5	FALSE	NA	NA	NA	NA	NA	NA
NC_045512.2	26122	G	A	72	1	27	1	1	27	0.0135135	74	0.5	FALSE	NA	NA	NA	NA	NA	NA
NC_045512.2	26123	T	C	72	1	27	1	1	27	0.0136986	73	0.503448	FALSE	NA	NA	NA	NA	NA	NA
NC_045512.2	26124	C	T	72	1	28	2	2	26	0.027027	74	0.251701	FALSE	NA	NA	NA	NA	NA	NA
NC_045512.2	26125	C	A	71	2	23	1	1	29	0.0138889	72	0.503497	FALSE	NA	NA	NA	NA	NA	NA
NC_045512.2	26126	A	T	72	1	28	1	1	24	0.0136986	73	0.503448	FALSE	NA	NA	NA	NA	NA	NA
NC_045512.2	26127	A	T	72	1	29	1	1	28	0.0135135	74	0.5	FALSE	NA	NA	NA	NA	NA	NA
NC_045512.2	26127	A	C	72	1	29	1	1	27	0.0135135	74	0.5	FALSE	NA	NA	NA	NA	NA	NA
NC_045512.2	26128	A	T	63	2	22	1	1	23	0.015625	64	0.503937	FALSE	NA	NA	NA	NA	NA	NA
NC_045512.2	26128	A	-T	63	2	22	1	0	20	0.015625	64	0.503937	FALSE	NA	NA	NA	NA	NA	NA
NC_045512.2	26129	T	C	72	2	27	1	1	23	0.0136986	73	0.5	FALSE	NA	NA	NA	NA	NA	NA
NC_045512.2	26130	T	C	66	1	23	2	2	28	0.0294118	68	0.251852	FALSE	NA	NA	NA	NA	NA	NA
NC_045512.2	26131	C	A	72	1	27	2	2	24	0.027027	74	0.251701	FALSE	NA	NA	NA	NA	NA	NA
NC_045512.2	26132	A	G	72	1	27	2	2	24	0.027027	74	0.251701	FALSE	NA	NA	NA	NA	NA	NA
NC_045512.2	26133	C	A	73	2	27	1	1	20	0.0135135	74	0.503401	FALSE	NA	NA	NA	NA	NA	NA
NC_045512.2	26134	A	T	70	0	27	1	1	27	0.0138889	72	0.5	FALSE	NA	NA	NA	NA	NA	NA
NC_045512.2	26134	A	C	70	0	27	1	1	27	0.0138889	72	0.5	FALSE	NA	NA	NA	NA	NA	NA
NC_045512.2	26135	C	T	70	0	27	1	1	27	0.0138889	72	0.5	FALSE	NA	NA	NA	NA	NA	NA
NC_045512.2	26135	C	G	70	0	27	1	1	27	0.0138889	72	0.5	FALSE	NA	NA	NA	NA	NA	NA
NC_045512.2	26142	C	-G	70	0	25	10	0	20	0.142857	70	0.00150835	TRUE	NA	NA	NA	NA	NA	NA
NC_045512.2	26145	T	C	66	0	25	1	0	27	0.0149254	67	0.503759	FALSE	NA	NA	NA	NA	NA	NA
NC_045512.2	26150	C	A	64	0	27	6	0	26	0.0857143	70	0.0146015	FALSE	NA	NA	NA	NA	NA	NA
NC_045512.2	26154	A	-G	70	0	26	1	0	20	0.0142857	70	0.507143	FALSE	NA	NA	NA	NA	NA	NA
NC_045512.2	26170	A	C	78	7	23	1	1	20	0.0126582	79	0.503185	FALSE	NA	NA	NA	NA	NA	NA
NC_045512.2	26171	T	C	92	7	26	1	1	28	0.0107527	93	0.502703	FALSE	NA	NA	NA	NA	NA	NA
NC_045512.2	26172	G	A	88	3	27	1	1	27	0.011236	89	0.502825	FALSE	NA	NA	NA	NA	NA	NA
NC_045512.2	26174	A	T	81	5	26	1	1	29	0.0121951	82	0.503067	FALSE	NA	NA	NA	NA	NA	NA
NC_045512.2	26176	C	A	79	7	26	1	1	28	0.0125	80	0.503145	FALSE	NA	NA	NA	NA	NA	NA
NC_045512.2	26177	C	T	57	7	23	2	1	29	0.0338983	59	0.252137	FALSE	NA	NA	NA	NA	NA	NA
NC_045512.2	26178	A	G	76	6	26	1	1	22	0.012987	77	0.503268	FALSE	NA	NA	NA	NA	NA	NA
NC_045512.2	26179	A	G	61	7	22	1	1	27	0.016129	62	0.504065	FALSE	NA	NA	NA	NA	NA	NA
NC_045512.2	26180	T	A	70	3	27	1	1	22	0.0140845	71	0.503546	FALSE	NA	NA	NA	NA	NA	NA
NC_045512.2	26181	T	C	73	6	28	1	1	26	0.0133333	75	0.5	FALSE	NA	NA	NA	NA	NA	NA
NC_045512.2	26181	T	A	73	6	28	1	1	27	0.0133333	75	0.5	FALSE	NA	NA	NA	NA	NA	NA
NC_045512.2	26182	T	C	71	7	23	1	1	23	0.0138889	72	0.503497	FALSE	NA	NA	NA	NA	NA	NA
NC_045512.2	26183	A	C	74	7	27	1	1	27	0.0133333	75	0.503356	FALSE	NA	NA	NA	NA	NA	NA
NC_045512.2	26184	T	A	74	7	28	1	1	22	0.0133333	75	0.503356	FALSE	NA	NA	NA	NA	NA	NA
NC_045512.2	26185	G	A	74	7	27	1	1	27	0.0133333	75	0.503356	FALSE	NA	NA	NA	NA	NA	NA
NC_045512.2	26186	A	T	75	7	27	1	1	22	0.0131579	76	0.503311	FALSE	NA	NA	NA	NA	NA	NA
NC_045512.2	26188	G	T	70	7	27	1	1	29	0.0140845	71	0.503546	FALSE	NA	NA	NA	NA	NA	NA
NC_045512.2	26190	A	T	61	7	23	1	1	27	0.016129	62	0.504065	FALSE	NA	NA	NA	NA	NA	NA
NC_045512.2	26191	C	T	58	1	27	1	0	27	0.0166667	60	0.5	FALSE	NA	NA	NA	NA	NA	NA
NC_045512.2	26191	C	G	58	1	27	1	1	27	0.0166667	60	0.5	FALSE	NA	NA	NA	NA	NA	NA
NC_045512.2	26192	C	A	59	6	23	1	1	27	0.0166667	60	0.5	FALSE	NA	NA	NA	NA	NA	NA
NC_045512.2	26193	G	T	64	6	26	1	1	29	0.0153846	65	0.5	FALSE	NA	NA	NA	NA	NA	NA
NC_045512.2	26194	A	G	64	6	26	1	1	23	0.0153846	65	0.5	FALSE	NA	NA	NA	NA	NA	NA
NC_045512.2	26196	G	A	65	7	26	1	1	23	0.0151515	66	0.503817	FALSE	NA	NA	NA	NA	NA	NA
NC_045512.2	26202	T	G	55	7	27	1	1	27	0.0178571	56	0.504505	FALSE	NA	NA	NA	NA	NA	NA
NC_045512.2	26205	T	G	55	7	26	1	1	28	0.0178571	56	0.504505	FALSE	NA	NA	NA	NA	NA	NA
NC_045512.2	26207	G	C	55	7	26	1	1	28	0.0178571	56	0.504505	FALSE	NA	NA	NA	NA	NA	NA
NC_045512.2	26208	C	T	55	7	26	1	1	28	0.0178571	56	0.504505	FALSE	NA	NA	NA	NA	NA	NA
NC_045512.2	26209	G	A	54	7	26	1	1	27	0.0181818	55	0.504587	FALSE	NA	NA	NA	NA	NA	NA
NC_045512.2	26210	T	C	54	7	26	1	1	27	0.0181818	55	0.504587	FALSE	NA	NA	NA	NA	NA	NA
NC_045512.2	26211	G	T	53	7	26	1	1	27	0.0185185	54	0.504673	FALSE	NA	NA	NA	NA	NA	NA
NC_045512.2	26212	C	A	53	7	26	1	1	26	0.0185185	54	0.504673	FALSE	NA	NA	NA	NA	NA	NA
NC_045512.2	26213	C	G	44	8	23	1	1	25	0.0222222	45	0.505618	FALSE	NA	NA	NA	NA	NA	NA
NC_045512.2	26214	T	C	47	6	26	2	2	26	0.0408163	49	0.252577	FALSE	NA	NA	NA	NA	NA	NA
NC_045512.2	26215	T	G	48	7	27	1	1	27	0.02	50	0.5	FALSE	NA	NA	NA	NA	NA	NA
NC_045512.2	26215	T	A	48	7	27	1	1	27	0.02	50	0.5	FALSE	NA	NA	NA	NA	NA	NA
NC_045512.2	26216	T	G	31	8	23	1	1	27	0.03125	32	0.507937	FALSE	NA	NA	NA	NA	NA	NA
NC_045512.2	26217	G	T	49	8	26	1	1	27	0.02	50	0.505051	FALSE	NA	NA	NA	NA	NA	NA
NC_045512.2	26218	T	C	47	7	26	1	1	23	0.0204082	49	0.5	FALSE	NA	NA	NA	NA	NA	NA
NC_045512.2	26218	T	A	47	7	26	1	1	23	0.0204082	49	0.5	FALSE	NA	NA	NA	NA	NA	NA
NC_045512.2	26218	T	-A	47	7	26	1	0	20	0.0204082	49	0.5	FALSE	NA	NA	NA	NA	NA	NA
NC_045512.2	26219	A	C	47	8	26	1	1	27	0.0208333	48	0.5	FALSE	NA	NA	NA	NA	NA	NA
NC_045512.2	26220	A	T	40	7	23	2	2	23	0.0465116	43	0.246988	FALSE	NA	NA	NA	NA	NA	NA
NC_045512.2	26220	A	G	40	7	23	1	0	28	0.0232558	43	0.493976	FALSE	NA	NA	NA	NA	NA	NA
NC_045512.2	26221	G	T	46	7	27	1	1	31	0.0212766	47	0.505376	FALSE	NA	NA	NA	NA	NA	NA
NC_045512.2	26222	C	T	47	7	27	1	1	28	0.0204082	49	0.5	FALSE	NA	NA	NA	NA	NA	NA
NC_045512.2	26222	C	G	47	7	27	1	1	28	0.0204082	49	0.5	FALSE	NA	NA	NA	NA	NA	NA
NC_045512.2	26223	A	G	48	8	27	1	1	27	0.0204082	49	0.505155	FALSE	NA	NA	NA	NA	NA	NA
NC_045512.2	26224	C	T	50	10	26	1	1	26	0.0192308	52	0.5	FALSE	NA	NA	NA	NA	NA	NA
NC_045512.2	26224	C	A	50	10	26	1	1	28	0.0192308	52	0.5	FALSE	NA	NA	NA	NA	NA	NA
NC_045512.2	26225	A	C	51	11	26	3	3	22	0.0555556	54	0.124967	FALSE	NA	NA	NA	NA	NA	NA
NC_045512.2	26226	A	G	43	8	23	3	3	26	0.06	50	0.10967	FALSE	NA	NA	NA	NA	NA	NA
NC_045512.2	26226	A	C	43	8	23	4	4	27	0.08	50	0.0536927	FALSE	NA	NA	NA	NA	NA	NA
NC_045512.2	26227	G	T	48	8	27	3	3	24	0.0535714	56	0.107946	FALSE	NA	NA	NA	NA	NA	NA
NC_045512.2	26227	G	C	48	8	27	1	1	20	0.0178571	56	0.471154	FALSE	NA	NA	NA	NA	NA	NA
NC_045512.2	26227	G	A	48	8	27	4	4	25	0.0714286	56	0.0524599	FALSE	NA	NA	NA	NA	NA	NA
NC_045512.2	26228	C	G	49	9	26	3	3	27	0.0555556	54	0.117892	FALSE	NA	NA	NA	NA	NA	NA
NC_045512.2	26228	C	A	49	9	26	2	2	23	0.037037	54	0.238051	FALSE	NA	NA	NA	NA	NA	NA
NC_045512.2	26229	T	A	50	10	27	5	5	25	0.0909091	55	0.0297767	FALSE	NA	NA	NA	NA	NA	NA
NC_045512.2	26230	G	T	48	8	27	4	4	26	0.0714286	56	0.0524599	FALSE	NA	NA	NA	NA	NA	NA
NC_045512.2	26230	G	C	48	8	27	1	1	29	0.0178571	56	0.471154	FALSE	NA	NA	NA	NA	NA	NA
NC_045512.2	26230	G	A	48	8	27	3	3	22	0.0535714	56	0.107946	FALSE	NA	NA	NA	NA	NA	NA
NC_045512.2	26231	A	T	51	11	27	2	2	26	0.0357143	56	0.238491	FALSE	NA	NA	NA	NA	NA	NA
NC_045512.2	26231	A	G	51	11	27	3	3	23	0.0535714	56	0.118151	FALSE	NA	NA	NA	NA	NA	NA
NC_045512.2	26232	T	G	49	9	27	4	4	28	0.0714286	56	0.0546408	FALSE	NA	NA	NA	NA	NA	NA
NC_045512.2	26232	T	C	49	9	27	1	1	28	0.0178571	56	0.47619	FALSE	NA	NA	NA	NA	NA	NA
NC_045512.2	26232	T	A	49	9	27	2	2	24	0.0357143	56	0.229111	FALSE	NA	NA	NA	NA	NA	NA
NC_045512.2	26233	G	T	51	11	27	1	1	27	0.0175439	57	0.481481	FALSE	NA	NA	NA	NA	NA	NA
NC_045512.2	26233	G	C	51	11	27	1	1	28	0.0175439	57	0.481481	FALSE	NA	NA	NA	NA	NA	NA
NC_045512.2	26233	G	A	51	11	27	4	4	22	0.0701754	57	0.0569469	FALSE	NA	NA	NA	NA	NA	NA
NC_045512.2	26234	A	T	50	10	27	1	1	22	0.0175439	57	0.476636	FALSE	NA	NA	NA	NA	NA	NA
NC_045512.2	26234	A	G	50	10	27	5	5	28	0.0877193	57	0.0271429	FALSE	NA	NA	NA	NA	NA	NA
NC_045512.2	26234	A	C	50	10	27	1	1	27	0.0175439	57	0.476636	FALSE	NA	NA	NA	NA	NA	NA
NC_045512.2	26235	G	T	47	7	27	1	1	23	0.0178571	56	0.466019	FALSE	NA	NA	NA	NA	NA	NA
NC_045512.2	26235	G	C	47	7	27	3	3	22	0.0535714	56	0.104556	FALSE	NA	NA	NA	NA	NA	NA
NC_045512.2	26235	G	A	47	7	27	5	5	24	0.0892857	56	0.0244473	FALSE	NA	NA	NA	NA	NA	NA
NC_045512.2	26236	T	G	48	8	27	2	2	24	0.0350877	57	0.220126	FALSE	NA	NA	NA	NA	NA	NA
NC_045512.2	26236	T	C	48	8	27	4	4	26	0.0701754	57	0.0505169	FALSE	NA	NA	NA	NA	NA	NA
NC_045512.2	26236	T	A	48	8	27	3	3	28	0.0526316	57	0.10492	FALSE	NA	NA	NA	NA	NA	NA
NC_045512.2	26237	A	G	50	10	26	2	2	27	0.0363636	55	0.238275	FALSE	NA	NA	NA	NA	NA	NA
NC_045512.2	26237	A	C	50	10	26	3	3	23	0.0545455	55	0.118024	FALSE	NA	NA	NA	NA	NA	NA
NC_045512.2	26238	C	T	50	10	26	1	1	28	0.0175439	57	0.476636	FALSE	NA	NA	NA	NA	NA	NA
NC_045512.2	26238	C	A	50	10	26	6	6	25	0.105263	57	0.0135714	FALSE	NA	NA	NA	NA	NA	NA
NC_045512.2	26239	G	T	48	8	26	2	2	21	0.0363636	55	0.228715	FALSE	NA	NA	NA	NA	NA	NA
NC_045512.2	26239	G	C	48	8	26	1	1	28	0.0181818	55	0.475728	FALSE	NA	NA	NA	NA	NA	NA
NC_045512.2	26239	G	A	48	8	26	4	4	23	0.0727273	55	0.0544972	FALSE	NA	NA	NA	NA	NA	NA
NC_045512.2	26240	A	T	51	11	26	4	4	29	0.0714286	56	0.0590757	FALSE	NA	NA	NA	NA	NA	NA
NC_045512.2	26240	A	C	51	11	26	1	1	24	0.0178571	56	0.485981	FALSE	NA	NA	NA	NA	NA	NA
NC_045512.2	26241	A	T	39	8	23	5	5	24	0.108696	46	0.026164	FALSE	NA	NA	NA	NA	NA	NA
NC_045512.2	26241	A	G	39	8	23	1	1	27	0.0217391	46	0.470588	FALSE	NA	NA	NA	NA	NA	NA
NC_045512.2	26241	A	C	39	8	23	1	1	25	0.0217391	46	0.470588	FALSE	NA	NA	NA	NA	NA	NA
NC_045512.2	26242	C	T	48	8	26	4	4	27	0.0701754	57	0.0505169	FALSE	NA	NA	NA	NA	NA	NA
NC_045512.2	26242	C	G	48	8	26	1	1	25	0.0175439	57	0.466667	FALSE	NA	NA	NA	NA	NA	NA
NC_045512.2	26242	C	A	48	8	26	4	4	26	0.0701754	57	0.0505169	FALSE	NA	NA	NA	NA	NA	NA
NC_045512.2	26243	T	C	52	14	26	1	0	22	0.0181818	55	0.495327	FALSE	NA	NA	NA	NA	NA	NA
NC_045512.2	26243	T	A	52	14	26	2	2	28	0.0363636	55	0.247664	FALSE	NA	NA	NA	NA	NA	NA
NC_045512.2	26244	T	G	42	8	24	4	4	26	0.0784314	51	0.0491231	FALSE	NA	NA	NA	NA	NA	NA
NC_045512.2	26244	T	C	42	8	24	2	2	28	0.0392157	51	0.216426	FALSE	NA	NA	NA	NA	NA	NA
NC_045512.2	26244	T	A	42	8	24	3	3	28	0.0588235	51	0.102518	FALSE	NA	NA	NA	NA	NA	NA
NC_045512.2	26245	A	T	48	10	27	4	4	27	0.0727273	55	0.0544972	FALSE	NA	NA	NA	NA	NA	NA
NC_045512.2	26245	A	G	48	10	27	3	3	28	0.0545455	55	0.11109	FALSE	NA	NA	NA	NA	NA	NA
NC_045512.2	26246	T	G	49	11	26	3	3	27	0.0535714	56	0.111343	FALSE	NA	NA	NA	NA	NA	NA
NC_045512.2	26246	T	C	49	11	26	1	1	31	0.0178571	56	0.47619	FALSE	NA	NA	NA	NA	NA	NA
NC_045512.2	26246	T	A	49	11	26	3	3	25	0.0535714	56	0.111343	FALSE	NA	NA	NA	NA	NA	NA
NC_045512.2	26247	G	T	47	12	26	1	1	26	0.0185185	54	0.475248	FALSE	NA	NA	NA	NA	NA	NA
NC_045512.2	26247	G	C	47	12	26	2	2	25	0.037037	54	0.228305	FALSE	NA	NA	NA	NA	NA	NA
NC_045512.2	26247	G	A	47	12	26	4	4	27	0.0740741	54	0.0543482	FALSE	NA	NA	NA	NA	NA	NA
NC_045512.2	26248	T	G	45	11	26	3	3	28	0.0566038	53	0.106964	FALSE	NA	NA	NA	NA	NA	NA
NC_045512.2	26248	T	C	45	11	26	2	2	27	0.0377358	53	0.222841	FALSE	NA	NA	NA	NA	NA	NA
NC_045512.2	26248	T	A	45	11	26	3	3	23	0.0566038	53	0.106964	FALSE	NA	NA	NA	NA	NA	NA
NC_045512.2	26249	A	T	47	14	25	1	1	23	0.0192308	52	0.484848	FALSE	NA	NA	NA	NA	NA	NA
NC_045512.2	26249	A	G	47	14	25	4	4	27	0.0769231	52	0.0588059	FALSE	NA	NA	NA	NA	NA	NA
NC_045512.2	26250	C	T	44	12	25	4	4	26	0.0784314	51	0.0538663	FALSE	NA	NA	NA	NA	NA	NA
NC_045512.2	26250	C	G	44	12	25	1	1	27	0.0196078	51	0.473684	FALSE	NA	NA	NA	NA	NA	NA
NC_045512.2	26250	C	A	44	12	25	2	2	23	0.0392157	51	0.226974	FALSE	NA	NA	NA	NA	NA	NA
NC_045512.2	26251	T	G	41	9	25	1	1	27	0.0192308	52	0.451613	FALSE	NA	NA	NA	NA	NA	NA
NC_045512.2	26251	T	C	41	9	25	6	5	27	0.115385	52	0.0102008	FALSE	NA	NA	NA	NA	NA	NA
NC_045512.2	26251	T	A	41	9	25	4	4	26	0.0769231	52	0.0448515	FALSE	NA	NA	NA	NA	NA	NA
NC_045512.2	26252	C	T	41	10	26	2	2	25	0.04	50	0.215719	FALSE	NA	NA	NA	NA	NA	NA
NC_045512.2	26252	C	G	41	10	26	4	4	28	0.08	50	0.0488588	FALSE	NA	NA	NA	NA	NA	NA
NC_045512.2	26252	C	A	41	10	26	3	3	24	0.06	50	0.102061	FALSE	NA	NA	NA	NA	NA	NA
NC_045512.2	26253	A	T	42	13	26	1	1	29	0.0208333	48	0.477778	FALSE	NA	NA	NA	NA	NA	NA
NC_045512.2	26253	A	G	42	13	26	1	1	27	0.0208333	48	0.477778	FALSE	NA	NA	NA	NA	NA	NA
NC_045512.2	26253	A	C	42	13	26	4	4	27	0.0833333	48	0.0558903	FALSE	NA	NA	NA	NA	NA	NA
NC_045512.2	26253	A	-T	42	13	26	1	0	20	0.0208333	48	0.477778	FALSE	NA	NA	NA	NA	NA	NA
NC_045512.2	26254	T	G	39	10	25	3	3	26	0.0652174	46	0.104615	FALSE	NA	NA	NA	NA	NA	NA
NC_045512.2	26254	T	C	39	10	25	4	4	27	0.0869565	46	0.0505442	FALSE	NA	NA	NA	NA	NA	NA
NC_045512.2	26255	T	G	27	7	23	6	6	26	0.153846	39	0.00773339	TRUE	NA	NA	NA	NA	NA	NA
NC_045512.2	26255	T	C	27	7	23	1	1	22	0.025641	39	0.424242	FALSE	NA	NA	NA	NA	NA	NA
NC_045512.2	26255	T	A	27	7	23	5	5	27	0.128205	39	0.0166385	FALSE	NA	NA	NA	NA	NA	NA
NC_045512.2	26256	C	T	39	11	26	1	1	28	0.0212766	47	0.465116	FALSE	NA	NA	NA	NA	NA	NA
NC_045512.2	26256	C	G	39	11	26	3	3	26	0.0638298	47	0.104615	FALSE	NA	NA	NA	NA	NA	NA
NC_045512.2	26256	C	A	39	11	26	4	4	28	0.0851064	47	0.0505442	FALSE	NA	NA	NA	NA	NA	NA
NC_045512.2	26257	G	T	36	10	26	1	1	27	0.0222222	45	0.45679	FALSE	NA	NA	NA	NA	NA	NA
NC_045512.2	26257	G	C	36	10	26	5	5	27	0.111111	45	0.0228464	FALSE	NA	NA	NA	NA	NA	NA
NC_045512.2	26257	G	A	36	10	26	3	3	25	0.0666667	45	0.0994656	FALSE	NA	NA	NA	NA	NA	NA
NC_045512.2	26258	T	G	30	4	26	5	5	27	0.119048	42	0.0175716	FALSE	NA	NA	NA	NA	NA	NA
NC_045512.2	26258	T	C	30	4	26	2	2	27	0.047619	42	0.188737	FALSE	NA	NA	NA	NA	NA	NA
NC_045512.2	26258	T	A	30	4	26	5	5	28	0.119048	42	0.0175716	FALSE	NA	NA	NA	NA	NA	NA
NC_045512.2	26259	T	G	34	8	27	2	2	27	0.0444444	45	0.199367	FALSE	NA	NA	NA	NA	NA	NA
NC_045512.2	26259	T	C	34	8	27	4	4	26	0.0888889	45	0.0422027	FALSE	NA	NA	NA	NA	NA	NA
NC_045512.2	26259	T	A	34	8	27	5	5	27	0.111111	45	0.0198302	FALSE	NA	NA	NA	NA	NA	NA
NC_045512.2	26260	T	G	27	8	22	4	4	28	0.105263	38	0.0386365	FALSE	NA	NA	NA	NA	NA	NA
NC_045512.2	26260	T	C	27	8	22	6	6	27	0.157895	38	0.00844724	TRUE	NA	NA	NA	NA	NA	NA
NC_045512.2	26260	T	A	27	8	22	1	1	27	0.0263158	38	0.430769	FALSE	NA	NA	NA	NA	NA	NA
NC_045512.2	26261	C	T	33	9	26	5	5	28	0.116279	43	0.0208794	FALSE	NA	NA	NA	NA	NA	NA
NC_045512.2	26261	C	A	33	9	26	5	5	27	0.116279	43	0.0208794	FALSE	NA	NA	NA	NA	NA	NA
NC_045512.2	26262	G	C	31	8	26	6	6	28	0.142857	42	0.00905108	TRUE	NA	NA	NA	NA	NA	NA
NC_045512.2	26262	G	A	31	8	26	5	5	27	0.119048	42	0.0190807	FALSE	NA	NA	NA	NA	NA	NA
NC_045512.2	26263	G	T	27	8	24	5	5	26	0.131579	38	0.0179184	FALSE	NA	NA	NA	NA	NA	NA
NC_045512.2	26263	G	C	27	8	24	4	4	27	0.105263	38	0.0386365	FALSE	NA	NA	NA	NA	NA	NA
NC_045512.2	26263	G	A	27	8	24	2	2	25	0.0526316	38	0.189277	FALSE	NA	NA	NA	NA	NA	NA
NC_045512.2	26264	A	T	34	11	26	7	7	26	0.159091	44	0.0049636	TRUE	NA	NA	NA	NA	NA	NA
NC_045512.2	26264	A	C	34	11	26	3	3	23	0.0681818	44	0.0945716	FALSE	NA	NA	NA	NA	NA	NA
NC_045512.2	26265	A	T	33	11	23	4	4	27	0.0869565	46	0.0377603	FALSE	NA	NA	NA	NA	NA	NA
NC_045512.2	26265	A	G	33	11	23	1	1	23	0.0217391	46	0.43038	FALSE	NA	NA	NA	NA	NA	NA
NC_045512.2	26265	A	C	33	11	23	8	8	25	0.173913	46	0.00180075	TRUE	NA	NA	NA	NA	NA	NA
NC_045512.2	26266	G	T	35	12	27	4	4	27	0.0784314	51	0.033687	FALSE	NA	NA	NA	NA	NA	NA
NC_045512.2	26266	G	C	35	12	27	8	8	24	0.156863	51	0.00142387	TRUE	NA	NA	NA	NA	NA	NA
NC_045512.2	26266	G	A	35	12	27	4	4	26	0.0784314	51	0.033687	FALSE	NA	NA	NA	NA	NA	NA
NC_045512.2	26267	A	T	38	17	26	3	3	27	0.0612245	49	0.0938678	FALSE	NA	NA	NA	NA	NA	NA
NC_045512.2	26267	A	G	38	17	26	2	2	26	0.0408163	49	0.203762	FALSE	NA	NA	NA	NA	NA	NA
NC_045512.2	26267	A	C	38	17	26	6	6	27	0.122449	49	0.00989954	TRUE	NA	NA	NA	NA	NA	NA
NC_045512.2	26268	G	T	44	24	26	3	3	26	0.0625	48	0.120968	FALSE	NA	NA	NA	NA	NA	NA
NC_045512.2	26268	G	A	44	24	26	1	1	24	0.0208333	48	0.48913	FALSE	NA	NA	NA	NA	NA	NA
NC_045512.2	26269	A	T	31	12	26	11	11	26	0.23913	46	0.000152848	TRUE	NA	NA	NA	NA	NA	NA
NC_045512.2	26269	A	G	31	12	26	1	1	27	0.0217391	46	0.415584	FALSE	NA	NA	NA	NA	NA	NA
NC_045512.2	26269	A	C	31	12	26	3	3	27	0.0652174	46	0.0756712	FALSE	NA	NA	NA	NA	NA	NA
NC_045512.2	26270	C	T	1	1	23	28	9	27	0.608696	46	1.47082e-19	TRUE	NA	NA	NA	NA	NA	NA
NC_045512.2	26270	C	G	1	1	23	9	9	28	0.195652	46	1.57272e-09	TRUE	NA	NA	NA	NA	NA	NA
NC_045512.2	26270	C	A	1	1	23	8	8	23	0.173913	46	8.64997e-09	TRUE	NA	NA	NA	NA	NA	NA
NC_045512.2	26271	A	T	35	16	26	5	5	27	0.104167	48	0.0178081	FALSE	NA	NA	NA	NA	NA	NA
NC_045512.2	26271	A	G	35	16	26	2	2	27	0.0416667	48	0.19105	FALSE	NA	NA	NA	NA	NA	NA
NC_045512.2	26271	A	C	35	16	26	6	6	25	0.125	48	0.00829697	TRUE	NA	NA	NA	NA	NA	NA
NC_045512.2	26272	G	T	34	15	26	7	7	26	0.145833	48	0.00354139	TRUE	NA	NA	NA	NA	NA	NA
NC_045512.2	26272	G	C	34	15	26	4	4	26	0.0833333	48	0.0364557	FALSE	NA	NA	NA	NA	NA	NA
NC_045512.2	26272	G	A	34	15	26	3	3	26	0.0625	48	0.0815457	FALSE	NA	NA	NA	NA	NA	NA
NC_045512.2	26273	G	T	34	16	23	5	5	25	0.113636	44	0.0211013	FALSE	NA	NA	NA	NA	NA	NA
NC_045512.2	26273	G	C	34	16	23	3	3	24	0.0681818	44	0.0945716	FALSE	NA	NA	NA	NA	NA	NA
NC_045512.2	26273	G	A	34	16	23	2	2	28	0.0454545	44	0.204479	FALSE	NA	NA	NA	NA	NA	NA
NC_045512.2	26274	T	G	30	11	27	9	9	26	0.1875	48	0.000460829	TRUE	NA	NA	NA	NA	NA	NA
NC_045512.2	26274	T	C	30	11	27	5	5	26	0.104167	48	0.0118977	FALSE	NA	NA	NA	NA	NA	NA
NC_045512.2	26274	T	A	30	11	27	4	4	23	0.0833333	48	0.0278745	FALSE	NA	NA	NA	NA	NA	NA
NC_045512.2	26275	A	T	10	10	23	6	6	25	0.133333	45	0.000159956	TRUE	NA	NA	NA	NA	NA	NA
NC_045512.2	26275	A	G	10	10	23	27	8	26	0.6	45	1.51036e-13	TRUE	NA	NA	NA	NA	NA	NA
NC_045512.2	26275	A	C	10	10	23	2	2	26	0.0444444	45	0.0428571	FALSE	NA	NA	NA	NA	NA	NA
NC_045512.2	26276	C	T	25	10	26	5	5	28	0.116279	43	0.0101852	FALSE	NA	NA	NA	NA	NA	NA
NC_045512.2	26276	C	G	25	10	26	6	6	26	0.139535	43	0.0043252	TRUE	NA	NA	NA	NA	NA	NA
NC_045512.2	26276	C	A	25	10	26	7	7	27	0.162791	43	0.00187036	TRUE	NA	NA	NA	NA	NA	NA
NC_045512.2	26277	G	T	24	9	25	8	8	27	0.186047	43	0.000697895	TRUE	NA	NA	NA	NA	NA	NA
NC_045512.2	26277	G	C	24	9	25	9	9	22	0.209302	43	0.000307074	TRUE	NA	NA	NA	NA	NA	NA
NC_045512.2	26277	G	A	24	9	25	2	2	29	0.0465116	43	0.142669	FALSE	NA	NA	NA	NA	NA	NA
NC_045512.2	26277	G	+A	24	9	25	1	0	20	0.0232558	43	0.373134	FALSE	NA	NA	NA	NA	NA	NA
NC_045512.2	26278	T	G	24	9	26	5	5	26	0.116279	43	0.00912103	TRUE	NA	NA	NA	NA	NA	NA
NC_045512.2	26278	T	C	24	9	26	8	8	27	0.186047	43	0.000697895	TRUE	NA	NA	NA	NA	NA	NA
NC_045512.2	26278	T	A	24	9	26	6	6	23	0.139535	43	0.00380043	TRUE	NA	NA	NA	NA	NA	NA
NC_045512.2	26279	T	G	22	11	25	3	3	28	0.075	40	0.0552035	FALSE	NA	NA	NA	NA	NA	NA
NC_045512.2	26279	T	A	22	11	25	15	15	24	0.375	40	3.29647e-06	TRUE	NA	NA	NA	NA	NA	NA
NC_045512.2	26280	A	T	35	20	25	2	2	24	0.0465116	43	0.216164	FALSE	NA	NA	NA	NA	NA	NA
NC_045512.2	26280	A	G	35	20	25	5	5	26	0.116279	43	0.0241158	FALSE	NA	NA	NA	NA	NA	NA
NC_045512.2	26280	A	C	35	20	25	1	1	28	0.0232558	43	0.461538	FALSE	NA	NA	NA	NA	NA	NA
NC_045512.2	26281	A	T	21	10	24	12	12	23	0.3	40	2.30951e-05	TRUE	NA	NA	NA	NA	NA	NA
NC_045512.2	26281	A	G	21	10	24	2	2	28	0.05	40	0.133792	FALSE	NA	NA	NA	NA	NA	NA
NC_045512.2	26281	A	C	21	10	24	5	5	27	0.125	40	0.00796379	TRUE	NA	NA	NA	NA	NA	NA
NC_045512.2	26282	T	G	32	17	27	5	5	27	0.113636	44	0.0181321	FALSE	NA	NA	NA	NA	NA	NA
NC_045512.2	26282	T	C	32	17	27	2	2	27	0.0454545	44	0.191729	FALSE	NA	NA	NA	NA	NA	NA
NC_045512.2	26282	T	A	32	17	27	5	5	26	0.113636	44	0.0181321	FALSE	NA	NA	NA	NA	NA	NA
NC_045512.2	26283	A	T	29	14	26	7	7	26	0.159091	44	0.00287975	TRUE	NA	NA	NA	NA	NA	NA
NC_045512.2	26283	A	G	29	14	26	1	1	30	0.0227273	44	0.410959	FALSE	NA	NA	NA	NA	NA	NA
NC_045512.2	26283	A	C	29	14	26	7	7	28	0.159091	44	0.00287975	TRUE	NA	NA	NA	NA	NA	NA
NC_045512.2	26284	G	T	22	9	27	4	4	24	0.0952381	42	0.0195047	FALSE	NA	NA	NA	NA	NA	NA
NC_045512.2	26284	G	C	22	9	27	1	1	28	0.0238095	42	0.359375	FALSE	NA	NA	NA	NA	NA	NA
NC_045512.2	26284	G	A	22	9	27	15	15	25	0.357143	42	2.14386e-06	TRUE	NA	NA	NA	NA	NA	NA
NC_045512.2	26285	T	G	30	17	25	3	3	27	0.0731707	41	0.0877227	FALSE	NA	NA	NA	NA	NA	NA
NC_045512.2	26285	T	C	30	17	25	4	4	27	0.097561	41	0.040305	FALSE	NA	NA	NA	NA	NA	NA
NC_045512.2	26285	T	A	30	17	25	4	4	26	0.097561	41	0.040305	FALSE	NA	NA	NA	NA	NA	NA
NC_045512.2	26286	T	G	17	9	25	11	11	26	0.297297	37	2.88788e-05	TRUE	NA	NA	NA	NA	NA	NA
NC_045512.2	26286	T	A	17	9	25	9	9	25	0.243243	37	0.00015402	TRUE	NA	NA	NA	NA	NA	NA
NC_045512.2	26287	A	T	32	19	25	3	3	27	0.0714286	42	0.093101	FALSE	NA	NA	NA	NA	NA	NA
NC_045512.2	26287	A	C	32	19	25	7	7	27	0.166667	42	0.00484177	TRUE	NA	NA	NA	NA	NA	NA
NC_045512.2	26288	A	T	19	9	24	12	12	27	0.307692	39	1.6009e-05	TRUE	NA	NA	NA	NA	NA	NA
NC_045512.2	26288	A	G	19	9	24	6	6	26	0.153846	39	0.0026065	TRUE	NA	NA	NA	NA	NA	NA
NC_045512.2	26288	A	C	19	9	24	2	2	29	0.0512821	39	0.122735	FALSE	NA	NA	NA	NA	NA	NA
NC_045512.2	26289	T	G	22	9	27	10	10	26	0.25	40	0.000139716	TRUE	NA	NA	NA	NA	NA	NA
NC_045512.2	26289	T	C	22	9	27	3	3	26	0.075	40	0.0552035	FALSE	NA	NA	NA	NA	NA	NA
NC_045512.2	26289	T	A	22	9	27	5	5	26	0.125	40	0.00903331	TRUE	NA	NA	NA	NA	NA	NA
NC_045512.2	26290	A	T	33	20	26	3	3	26	0.0731707	41	0.101565	FALSE	NA	NA	NA	NA	NA	NA
NC_045512.2	26290	A	G	33	20	26	4	4	27	0.097561	41	0.0488038	FALSE	NA	NA	NA	NA	NA	NA
NC_045512.2	26290	A	C	33	20	26	1	1	26	0.0243902	41	0.459459	FALSE	NA	NA	NA	NA	NA	NA
NC_045512.2	26291	G	T	23	10	26	5	5	28	0.119048	42	0.00874493	TRUE	NA	NA	NA	NA	NA	NA
NC_045512.2	26291	G	C	23	10	26	5	5	25	0.119048	42	0.00874493	TRUE	NA	NA	NA	NA	NA	NA
NC_045512.2	26291	G	A	23	10	26	9	9	26	0.214286	42	0.000288919	TRUE	NA	NA	NA	NA	NA	NA
NC_045512.2	26292	C	T	26	13	26	5	5	28	0.128205	39	0.0151186	FALSE	NA	NA	NA	NA	NA	NA
NC_045512.2	26292	C	G	26	13	26	5	5	27	0.128205	39	0.0151186	FALSE	NA	NA	NA	NA	NA	NA
NC_045512.2	26292	C	A	26	13	26	3	3	26	0.0769231	39	0.076276	FALSE	NA	NA	NA	NA	NA	NA
NC_045512.2	26293	G	T	24	11	26	6	6	28	0.142857	42	0.00414592	TRUE	NA	NA	NA	NA	NA	NA
NC_045512.2	26293	G	C	24	11	26	7	7	26	0.166667	42	0.00178505	TRUE	NA	NA	NA	NA	NA	NA
NC_045512.2	26293	G	A	24	11	26	5	5	26	0.119048	42	0.00981202	TRUE	NA	NA	NA	NA	NA	NA
NC_045512.2	26294	T	G	20	7	26	15	15	26	0.357143	42	1.14337e-06	TRUE	NA	NA	NA	NA	NA	NA
NC_045512.2	26294	T	C	20	7	26	1	1	27	0.0238095	42	0.33871	FALSE	NA	NA	NA	NA	NA	NA
NC_045512.2	26294	T	A	20	7	26	6	6	27	0.142857	42	0.00230701	TRUE	NA	NA	NA	NA	NA	NA
NC_045512.2	26295	A	T	30	18	27	7	7	28	0.170732	41	0.0042812	TRUE	NA	NA	NA	NA	NA	NA
NC_045512.2	26295	A	G	30	18	27	1	1	27	0.0243902	41	0.43662	FALSE	NA	NA	NA	NA	NA	NA
NC_045512.2	26295	A	C	30	18	27	3	3	25	0.0731707	41	0.0877227	FALSE	NA	NA	NA	NA	NA	NA
NC_045512.2	26296	C	T	27	16	27	1	1	23	0.025	40	0.41791	FALSE	NA	NA	NA	NA	NA	NA
NC_045512.2	26296	C	G	27	16	27	7	7	28	0.175	40	0.0033017	TRUE	NA	NA	NA	NA	NA	NA
NC_045512.2	26296	C	A	27	16	27	5	5	27	0.125	40	0.0154668	FALSE	NA	NA	NA	NA	NA	NA
NC_045512.2	26297	T	G	23	12	26	8	8	27	0.205128	39	0.000943463	TRUE	NA	NA	NA	NA	NA	NA
NC_045512.2	26297	T	C	23	12	26	5	5	27	0.128205	39	0.0109971	FALSE	NA	NA	NA	NA	NA	NA
NC_045512.2	26297	T	A	23	12	26	3	3	29	0.0769231	39	0.062404	FALSE	NA	NA	NA	NA	NA	NA
NC_045512.2	26298	T	G	19	9	24	6	6	28	0.153846	39	0.0026065	TRUE	NA	NA	NA	NA	NA	NA
NC_045512.2	26298	T	C	19	9	24	3	3	28	0.0769231	39	0.0450029	FALSE	NA	NA	NA	NA	NA	NA
NC_045512.2	26298	T	A	19	9	24	11	11	27	0.282051	39	3.56329e-05	TRUE	NA	NA	NA	NA	NA	NA
NC_045512.2	26299	C	T	30	19	26	2	2	27	0.05	40	0.199598	FALSE	NA	NA	NA	NA	NA	NA
NC_045512.2	26299	C	G	30	19	26	3	3	28	0.075	40	0.0914822	FALSE	NA	NA	NA	NA	NA	NA
NC_045512.2	26299	C	A	30	19	26	5	5	24	0.125	40	0.0201525	FALSE	NA	NA	NA	NA	NA	NA
NC_045512.2	26299	C	-T	30	19	26	2	0	20	0.05	40	0.199598	FALSE	NA	NA	NA	NA	NA	NA
NC_045512.2	26299	C	+T	30	19	26	1	0	20	0.025	40	0.442857	FALSE	NA	NA	NA	NA	NA	NA
NC_045512.2	26300	T	G	13	2	24	12	12	27	0.363636	33	7.35248e-06	TRUE	NA	NA	NA	NA	NA	NA
NC_045512.2	26300	T	C	13	2	24	1	1	28	0.030303	33	0.304348	FALSE	NA	NA	NA	NA	NA	NA
NC_045512.2	26300	T	A	13	2	24	7	7	29	0.212121	33	0.000579439	TRUE	NA	NA	NA	NA	NA	NA
NC_045512.2	26301	T	G	11	6	28	2	2	28	0.0625	32	0.0824524	FALSE	NA	NA	NA	NA	NA	NA
NC_045512.2	26301	T	C	11	6	28	8	8	28	0.25	32	0.00014078	TRUE	NA	NA	NA	NA	NA	NA
NC_045512.2	26301	T	A	11	6	28	11	11	26	0.34375	32	9.25475e-06	TRUE	NA	NA	NA	NA	NA	NA
NC_045512.2	26302	T	G	18	13	27	1	1	26	0.0294118	34	0.365385	FALSE	NA	NA	NA	NA	NA	NA
NC_045512.2	26302	T	C	18	13	27	8	8	28	0.235294	34	0.00070453	TRUE	NA	NA	NA	NA	NA	NA
NC_045512.2	26302	T	A	18	13	27	7	7	27	0.205882	34	0.00159874	TRUE	NA	NA	NA	NA	NA	NA
NC_045512.2	26303	T	C	24	20	28	4	4	28	0.121212	33	0.0419884	FALSE	NA	NA	NA	NA	NA	NA
NC_045512.2	26303	T	A	24	20	28	5	5	27	0.151515	33	0.0199617	FALSE	NA	NA	NA	NA	NA	NA
NC_045512.2	26304	T	G	12	12	26	3	3	27	0.103448	29	0.036869	FALSE	NA	NA	NA	NA	NA	NA
NC_045512.2	26304	T	C	12	12	26	2	2	28	0.0689655	29	0.105691	FALSE	NA	NA	NA	NA	NA	NA
NC_045512.2	26304	T	A	12	12	26	12	12	27	0.413793	29	1.31028e-05	TRUE	NA	NA	NA	NA	NA	NA
NC_045512.2	26305	C	T	21	18	27	9	9	28	0.28125	32	0.000825011	TRUE	NA	NA	NA	NA	NA	NA
NC_045512.2	26305	C	A	21	18	27	2	2	28	0.0625	32	0.176799	FALSE	NA	NA	NA	NA	NA	NA
NC_045512.2	26306	T	G	17	14	25	6	6	28	0.2	30	0.00495846	TRUE	NA	NA	NA	NA	NA	NA
NC_045512.2	26306	T	C	17	14	25	1	1	28	0.0333333	30	0.382979	FALSE	NA	NA	NA	NA	NA	NA
NC_045512.2	26306	T	A	17	14	25	6	6	27	0.2	30	0.00495846	TRUE	NA	NA	NA	NA	NA	NA
NC_045512.2	26307	T	G	20	17	26	2	2	28	0.0645161	31	0.174208	FALSE	NA	NA	NA	NA	NA	NA
NC_045512.2	26307	T	C	20	17	26	1	1	28	0.0322581	31	0.411765	FALSE	NA	NA	NA	NA	NA	NA
NC_045512.2	26307	T	A	20	17	26	8	8	27	0.258065	31	0.00162151	TRUE	NA	NA	NA	NA	NA	NA
NC_045512.2	26308	G	T	21	18	27	3	3	27	0.09375	32	0.0771488	FALSE	NA	NA	NA	NA	NA	NA
NC_045512.2	26308	G	C	21	18	27	2	2	28	0.0625	32	0.176799	FALSE	NA	NA	NA	NA	NA	NA
NC_045512.2	26308	G	A	21	18	27	6	6	26	0.1875	32	0.00731334	TRUE	NA	NA	NA	NA	NA	NA
NC_045512.2	26309	C	T	22	19	27	6	6	27	0.1875	32	0.00836132	TRUE	NA	NA	NA	NA	NA	NA
NC_045512.2	26309	C	G	22	19	27	2	2	28	0.0625	32	0.185859	FALSE	NA	NA	NA	NA	NA	NA
NC_045512.2	26309	C	A	22	19	27	2	2	28	0.0625	32	0.185859	FALSE	NA	NA	NA	NA	NA	NA
NC_045512.2	26310	T	G	17	14	25	10	10	27	0.322581	31	0.000195361	TRUE	NA	NA	NA	NA	NA	NA
NC_045512.2	26310	T	C	17	14	25	1	1	23	0.0322581	31	0.375	FALSE	NA	NA	NA	NA	NA	NA
NC_045512.2	26310	T	A	17	14	25	3	3	27	0.0967742	31	0.0581633	FALSE	NA	NA	NA	NA	NA	NA
NC_045512.2	26311	T	G	18	15	27	4	4	27	0.125	32	0.0249808	FALSE	NA	NA	NA	NA	NA	NA
NC_045512.2	26311	T	C	18	15	27	9	9	27	0.28125	32	0.000440124	TRUE	NA	NA	NA	NA	NA	NA
NC_045512.2	26311	T	A	18	15	27	1	1	27	0.03125	32	0.38	FALSE	NA	NA	NA	NA	NA	NA
NC_045512.2	26312	T	G	14	13	26	9	9	27	0.3	30	0.000222118	TRUE	NA	NA	NA	NA	NA	NA
NC_045512.2	26312	T	C	14	13	26	2	2	24	0.0666667	30	0.121212	FALSE	NA	NA	NA	NA	NA	NA
NC_045512.2	26312	T	A	14	13	26	5	5	27	0.166667	30	0.00679085	TRUE	NA	NA	NA	NA	NA	NA
NC_045512.2	26313	C	T	23	21	25	5	5	24	0.16129	31	0.0214486	FALSE	NA	NA	NA	NA	NA	NA
NC_045512.2	26313	C	G	23	21	25	2	2	28	0.0645161	31	0.20202	FALSE	NA	NA	NA	NA	NA	NA
NC_045512.2	26313	C	A	23	21	25	1	1	24	0.0322581	31	0.444444	FALSE	NA	NA	NA	NA	NA	NA
NC_045512.2	26314	G	T	11	9	27	7	7	26	0.225806	31	0.000432221	TRUE	NA	NA	NA	NA	NA	NA
NC_045512.2	26314	G	C	11	9	27	8	8	27	0.258065	31	0.000167596	TRUE	NA	NA	NA	NA	NA	NA
NC_045512.2	26314	G	A	11	9	27	5	5	27	0.16129	31	0.00318657	TRUE	NA	NA	NA	NA	NA	NA
NC_045512.2	26315	T	G	22	20	25	2	2	28	0.0666667	30	0.20029	FALSE	NA	NA	NA	NA	NA	NA
NC_045512.2	26315	T	C	22	20	25	6	6	27	0.2	30	0.0103819	FALSE	NA	NA	NA	NA	NA	NA
NC_045512.2	26316	G	T	15	13	24	14	14	27	0.451613	31	5.83213e-06	TRUE	NA	NA	NA	NA	NA	NA
NC_045512.2	26316	G	A	15	13	24	2	2	27	0.0645161	31	0.125809	FALSE	NA	NA	NA	NA	NA	NA
NC_045512.2	26317	G	T	12	10	26	13	13	26	0.448276	29	6.18058e-06	TRUE	NA	NA	NA	NA	NA	NA
NC_045512.2	26317	G	C	12	10	26	3	3	27	0.103448	29	0.036869	FALSE	NA	NA	NA	NA	NA	NA
NC_045512.2	26317	G	A	12	10	26	1	1	27	0.0344828	29	0.317073	FALSE	NA	NA	NA	NA	NA	NA
NC_045512.2	26318	T	G	17	15	27	11	11	26	0.354839	31	9.43123e-05	TRUE	NA	NA	NA	NA	NA	NA
NC_045512.2	26318	T	C	17	15	27	1	1	23	0.0322581	31	0.375	FALSE	NA	NA	NA	NA	NA	NA
NC_045512.2	26318	T	A	17	15	27	2	2	25	0.0645161	31	0.145408	FALSE	NA	NA	NA	NA	NA	NA
NC_045512.2	26319	A	T	11	10	27	14	14	27	0.518519	27	3.44812e-06	TRUE	NA	NA	NA	NA	NA	NA
NC_045512.2	26319	A	C	11	10	27	2	2	26	0.0740741	27	0.105263	FALSE	NA	NA	NA	NA	NA	NA
NC_045512.2	26320	T	G	13	12	25	2	2	25	0.0666667	30	0.110994	FALSE	NA	NA	NA	NA	NA	NA
NC_045512.2	26320	T	C	13	12	25	4	4	27	0.133333	30	0.0145847	FALSE	NA	NA	NA	NA	NA	NA
NC_045512.2	26320	T	A	13	12	25	11	11	24	0.366667	30	3.27476e-05	TRUE	NA	NA	NA	NA	NA	NA
NC_045512.2	26321	T	G	13	12	27	7	7	24	0.241379	29	0.00105284	TRUE	NA	NA	NA	NA	NA	NA
NC_045512.2	26321	T	C	13	12	27	1	1	25	0.0344828	29	0.333333	FALSE	NA	NA	NA	NA	NA	NA
NC_045512.2	26321	T	A	13	12	27	8	8	29	0.275862	29	0.000451219	TRUE	NA	NA	NA	NA	NA	NA
NC_045512.2	26322	C	T	13	12	26	1	1	23	0.0333333	30	0.325581	FALSE	NA	NA	NA	NA	NA	NA
NC_045512.2	26322	C	G	13	12	26	16	16	27	0.533333	30	8.48721e-07	TRUE	NA	NA	NA	NA	NA	NA
NC_045512.2	26323	T	G	11	10	25	4	4	24	0.137931	29	0.0110607	FALSE	NA	NA	NA	NA	NA	NA
NC_045512.2	26323	T	C	11	10	25	7	7	28	0.241379	29	0.000594567	TRUE	NA	NA	NA	NA	NA	NA
NC_045512.2	26323	T	A	11	10	25	7	7	23	0.241379	29	0.000594567	TRUE	NA	NA	NA	NA	NA	NA
NC_045512.2	26324	T	G	10	9	26	4	4	28	0.133333	30	0.00811117	TRUE	NA	NA	NA	NA	NA	NA
NC_045512.2	26324	T	C	10	9	26	3	3	26	0.1	30	0.0249129	FALSE	NA	NA	NA	NA	NA	NA
NC_045512.2	26324	T	A	10	9	26	13	13	27	0.433333	30	1.80164e-06	TRUE	NA	NA	NA	NA	NA	NA
NC_045512.2	26325	G	C	13	12	27	9	9	26	0.3	30	0.000163501	TRUE	NA	NA	NA	NA	NA	NA
NC_045512.2	26325	G	A	13	12	27	8	8	24	0.266667	30	0.000379024	TRUE	NA	NA	NA	NA	NA	NA
NC_045512.2	26326	C	T	8	7	28	2	2	22	0.0666667	30	0.0607287	FALSE	NA	NA	NA	NA	NA	NA
NC_045512.2	26326	C	G	8	7	28	3	3	25	0.1	30	0.0167004	FALSE	NA	NA	NA	NA	NA	NA
NC_045512.2	26326	C	A	8	7	28	17	17	25	0.566667	30	2.29374e-08	TRUE	NA	NA	NA	NA	NA	NA
NC_045512.2	26327	T	G	12	11	27	9	9	26	0.3	30	0.000117317	TRUE	NA	NA	NA	NA	NA	NA
NC_045512.2	26327	T	C	12	11	27	1	1	29	0.0333333	30	0.309524	FALSE	NA	NA	NA	NA	NA	NA
NC_045512.2	26327	T	A	12	11	27	8	8	25	0.266667	30	0.000279326	TRUE	NA	NA	NA	NA	NA	NA
NC_045512.2	26328	A	T	19	18	26	1	1	27	0.0333333	30	0.408163	FALSE	NA	NA	NA	NA	NA	NA
NC_045512.2	26328	A	G	19	18	26	7	7	25	0.233333	30	0.00324155	TRUE	NA	NA	NA	NA	NA	NA
NC_045512.2	26328	A	C	19	18	26	3	3	25	0.1	30	0.0739496	FALSE	NA	NA	NA	NA	NA	NA
NC_045512.2	26329	G	T	13	12	26	8	8	26	0.266667	30	0.000379024	TRUE	NA	NA	NA	NA	NA	NA
NC_045512.2	26329	G	C	13	12	26	8	8	25	0.266667	30	0.000379024	TRUE	NA	NA	NA	NA	NA	NA
NC_045512.2	26329	G	A	13	12	26	1	1	24	0.0333333	30	0.325581	FALSE	NA	NA	NA	NA	NA	NA
NC_045512.2	26330	T	G	16	15	25	3	3	27	0.1	30	0.0560245	FALSE	NA	NA	NA	NA	NA	NA
NC_045512.2	26330	T	C	16	15	25	1	1	28	0.0333333	30	0.369565	FALSE	NA	NA	NA	NA	NA	NA
NC_045512.2	26330	T	A	16	15	25	10	10	27	0.333333	30	0.000181606	TRUE	NA	NA	NA	NA	NA	NA
NC_045512.2	26331	T	G	13	12	27	14	14	26	0.466667	30	3.45551e-06	TRUE	NA	NA	NA	NA	NA	NA
NC_045512.2	26331	T	A	13	12	27	3	3	28	0.1	30	0.0394644	FALSE	NA	NA	NA	NA	NA	NA
NC_045512.2	26332	A	T	21	20	27	3	3	27	0.1	30	0.0863997	FALSE	NA	NA	NA	NA	NA	NA
NC_045512.2	26332	A	G	21	20	27	5	5	28	0.166667	30	0.018909	FALSE	NA	NA	NA	NA	NA	NA
NC_045512.2	26332	A	C	21	20	27	1	1	28	0.0333333	30	0.431373	FALSE	NA	NA	NA	NA	NA	NA
NC_045512.2	26333	C	T	10	9	27	13	13	28	0.448276	29	2.40219e-06	TRUE	NA	NA	NA	NA	NA	NA
NC_045512.2	26333	C	G	10	9	27	5	5	26	0.172414	29	0.00311968	TRUE	NA	NA	NA	NA	NA	NA
NC_045512.2	26333	C	A	10	9	27	1	1	29	0.0344828	29	0.282051	FALSE	NA	NA	NA	NA	NA	NA
NC_045512.2	26334	A	T	12	11	27	3	3	27	0.1	30	0.0343552	FALSE	NA	NA	NA	NA	NA	NA
NC_045512.2	26334	A	G	12	11	27	14	14	28	0.466667	30	2.21835e-06	TRUE	NA	NA	NA	NA	NA	NA
NC_045512.2	26334	A	C	12	11	27	1	1	27	0.0333333	30	0.309524	FALSE	NA	NA	NA	NA	NA	NA
NC_045512.2	26335	C	T	5	5	27	5	5	26	0.227273	22	0.00148313	TRUE	NA	NA	NA	NA	NA	NA
NC_045512.2	26335	C	G	5	5	27	5	5	25	0.227273	22	0.00148313	TRUE	NA	NA	NA	NA	NA	NA
NC_045512.2	26335	C	A	5	5	27	7	7	28	0.318182	22	0.000185391	TRUE	NA	NA	NA	NA	NA	NA
NC_045512.2	26336	T	G	3	3	27	15	15	28	0.714286	21	5.27429e-08	TRUE	NA	NA	NA	NA	NA	NA
NC_045512.2	26336	T	A	3	3	27	3	3	25	0.142857	21	0.00769231	TRUE	NA	NA	NA	NA	NA	NA
NC_045512.2	26337	A	T	4	3	27	14	14	26	0.636364	22	2.02857e-07	TRUE	NA	NA	NA	NA	NA	NA
NC_045512.2	26337	A	C	4	3	27	4	4	27	0.181818	22	0.00294724	TRUE	NA	NA	NA	NA	NA	NA
NC_045512.2	26338	G	T	6	5	27	6	6	27	0.26087	23	0.000687038	TRUE	NA	NA	NA	NA	NA	NA
NC_045512.2	26338	G	C	6	5	27	3	3	27	0.130435	23	0.0186874	FALSE	NA	NA	NA	NA	NA	NA
NC_045512.2	26338	G	A	6	5	27	8	8	27	0.347826	23	9.92388e-05	TRUE	NA	NA	NA	NA	NA	NA
NC_045512.2	26339	C	T	11	10	27	3	3	25	0.136364	22	0.055615	FALSE	NA	NA	NA	NA	NA	NA
NC_045512.2	26339	C	G	11	10	27	2	2	25	0.0909091	22	0.139037	FALSE	NA	NA	NA	NA	NA	NA
NC_045512.2	26339	C	A	11	10	27	6	6	24	0.272727	22	0.00448295	TRUE	NA	NA	NA	NA	NA	NA
NC_045512.2	26340	C	T	1	0	24	4	4	29	0.190476	21	0.000395257	TRUE	NA	NA	NA	NA	NA	NA
NC_045512.2	26340	C	G	1	0	24	10	10	27	0.47619	21	2.48015e-07	TRUE	NA	NA	NA	NA	NA	NA
NC_045512.2	26340	C	A	1	0	24	6	6	26	0.285714	21	2.36478e-05	TRUE	NA	NA	NA	NA	NA	NA
NC_045512.2	26341	A	T	13	12	24	7	7	27	0.333333	21	0.004158	TRUE	NA	NA	NA	NA	NA	NA
NC_045512.2	26341	A	C	13	12	24	1	1	29	0.047619	21	0.411765	FALSE	NA	NA	NA	NA	NA	NA
NC_045512.2	26342	T	G	3	2	27	1	1	28	0.047619	21	0.166667	FALSE	NA	NA	NA	NA	NA	NA
NC_045512.2	26342	T	C	3	2	27	2	2	23	0.0952381	21	0.0333333	FALSE	NA	NA	NA	NA	NA	NA
NC_045512.2	26342	T	A	3	2	27	15	15	28	0.714286	21	5.27429e-08	TRUE	NA	NA	NA	NA	NA	NA
NC_045512.2	26343	C	T	10	9	27	5	5	26	0.25	20	0.0107922	FALSE	NA	NA	NA	NA	NA	NA
NC_045512.2	26343	C	G	10	9	27	4	4	26	0.2	20	0.0244624	FALSE	NA	NA	NA	NA	NA	NA
NC_045512.2	26343	C	A	10	9	27	1	1	24	0.05	20	0.366667	FALSE	NA	NA	NA	NA	NA	NA
NC_045512.2	26344	C	T	1	0	21	12	12	24	0.631579	19	9.21198e-08	TRUE	NA	NA	NA	NA	NA	NA
NC_045512.2	26344	C	G	1	0	21	1	1	27	0.0526316	19	0.1	FALSE	NA	NA	NA	NA	NA	NA
NC_045512.2	26344	C	A	1	0	21	5	5	28	0.263158	19	0.000141163	TRUE	NA	NA	NA	NA	NA	NA
NC_045512.2	26345	T	G	14	13	27	3	3	28	0.142857	21	0.0875161	FALSE	NA	NA	NA	NA	NA	NA
NC_045512.2	26345	T	C	14	13	27	1	1	27	0.047619	21	0.428571	FALSE	NA	NA	NA	NA	NA	NA
NC_045512.2	26345	T	A	14	13	27	3	3	25	0.142857	21	0.0875161	FALSE	NA	NA	NA	NA	NA	NA
NC_045512.2	26346	T	G	7	6	26	1	1	31	0.05	20	0.296296	FALSE	NA	NA	NA	NA	NA	NA
NC_045512.2	26346	T	A	7	6	26	12	12	26	0.6	20	1.86107e-05	TRUE	NA	NA	NA	NA	NA	NA
NC_045512.2	26347	A	T	5	4	27	11	11	29	0.52381	21	7.27024e-06	TRUE	NA	NA	NA	NA	NA	NA
NC_045512.2	26347	A	G	5	4	27	3	3	28	0.142857	21	0.017094	FALSE	NA	NA	NA	NA	NA	NA
NC_045512.2	26347	A	C	5	4	27	2	2	28	0.0952381	21	0.0598291	FALSE	NA	NA	NA	NA	NA	NA
NC_045512.2	26348	C	T	2	1	26	9	9	26	0.428571	21	2.72816e-06	TRUE	NA	NA	NA	NA	NA	NA
NC_045512.2	26348	C	G	2	1	26	7	7	30	0.333333	21	2.30654e-05	TRUE	NA	NA	NA	NA	NA	NA
NC_045512.2	26348	C	A	2	1	26	3	3	24	0.142857	21	0.00434783	TRUE	NA	NA	NA	NA	NA	NA
NC_045512.2	26349	T	A	11	10	27	9	9	28	0.45	20	0.000792581	TRUE	NA	NA	NA	NA	NA	NA
NC_045512.2	26350	G	T	10	4	28	5	5	28	0.192308	26	0.00456377	TRUE	NA	NA	NA	NA	NA	NA
NC_045512.2	26350	G	C	10	4	28	2	2	28	0.0769231	26	0.0990991	FALSE	NA	NA	NA	NA	NA	NA
NC_045512.2	26350	G	A	10	4	28	9	9	27	0.346154	26	0.000130306	TRUE	NA	NA	NA	NA	NA	NA
NC_045512.2	26351	C	T	18	12	27	4	4	27	0.153846	26	0.0410114	FALSE	NA	NA	NA	NA	NA	NA
NC_045512.2	26351	C	A	18	12	27	4	4	29	0.153846	26	0.0410114	FALSE	NA	NA	NA	NA	NA	NA
NC_045512.2	26352	G	T	15	9	27	9	9	27	0.346154	26	0.000636424	TRUE	NA	NA	NA	NA	NA	NA
NC_045512.2	26352	G	C	15	9	27	2	2	25	0.0769231	26	0.157956	FALSE	NA	NA	NA	NA	NA	NA
NC_045512.2	26353	C	T	16	10	27	7	7	27	0.269231	26	0.00332962	TRUE	NA	NA	NA	NA	NA	NA
NC_045512.2	26353	C	A	16	10	27	3	3	27	0.115385	26	0.0731652	FALSE	NA	NA	NA	NA	NA	NA
NC_045512.2	26354	T	G	7	1	27	6	6	26	0.24	25	0.000738133	TRUE	NA	NA	NA	NA	NA	NA
NC_045512.2	26354	T	C	7	1	27	1	1	27	0.04	25	0.25	FALSE	NA	NA	NA	NA	NA	NA
NC_045512.2	26354	T	A	7	1	27	11	11	27	0.44	25	7.43454e-06	TRUE	NA	NA	NA	NA	NA	NA
NC_045512.2	26355	T	G	18	12	24	1	1	26	0.04	25	0.44186	FALSE	NA	NA	NA	NA	NA	NA
NC_045512.2	26355	T	C	18	12	24	6	6	27	0.24	25	0.0109682	FALSE	NA	NA	NA	NA	NA	NA
NC_045512.2	26356	C	T	8	2	27	14	14	25	0.538462	26	9.35975e-07	TRUE	NA	NA	NA	NA	NA	NA
NC_045512.2	26356	C	G	8	2	27	1	1	27	0.0384615	26	0.264706	FALSE	NA	NA	NA	NA	NA	NA
NC_045512.2	26356	C	A	8	2	27	3	3	28	0.115385	26	0.0231092	FALSE	NA	NA	NA	NA	NA	NA
NC_045512.2	26357	G	T	7	1	28	5	5	27	0.208333	24	0.00243969	TRUE	NA	NA	NA	NA	NA	NA
NC_045512.2	26357	G	C	7	1	28	11	11	26	0.458333	24	1.00726e-05	TRUE	NA	NA	NA	NA	NA	NA
NC_045512.2	26357	G	A	7	1	28	1	1	23	0.0416667	24	0.258065	FALSE	NA	NA	NA	NA	NA	NA
NC_045512.2	26371	T	C	6	0	26	1	0	22	0.142857	7	0.538462	FALSE	NA	NA	NA	NA	NA	NA
NC_045512.2	26408	C	-T	9	0	27	1	0	20	0.111111	9	0.555556	FALSE	NA	NA	NA	NA	NA	NA
NC_045512.2	26640	G	A	5	0	27	1	0	30	0.166667	6	0.545455	FALSE	NA	NA	NA	NA	NA	NA
NC_045512.2	26645	C	T	5	0	27	1	0	29	0.166667	6	0.545455	FALSE	NA	NA	NA	NA	NA	NA
NC_045512.2	26709	G	A	0	0	0	2	0	22	1	2	0.333333	FALSE	NA	NA	NA	NA	NA	NA
NC_045512.2	26718	G	A	3	0	27	1	1	29	0.25	4	0.571429	FALSE	NA	NA	NA	NA	NA	NA
NC_045512.2	26720	G	A	3	0	26	1	1	27	0.25	4	0.571429	FALSE	NA	NA	NA	NA	NA	NA
NC_045512.2	26721	C	G	3	0	25	1	1	22	0.25	4	0.571429	FALSE	NA	NA	NA	NA	NA	NA
NC_045512.2	26722	T	G	3	0	26	1	1	28	0.25	4	0.571429	FALSE	NA	NA	NA	NA	NA	NA
NC_045512.2	26724	G	T	2	0	24	1	1	28	0.25	4	0.5	FALSE	NA	NA	NA	NA	NA	NA
NC_045512.2	26724	G	A	2	0	24	1	0	28	0.25	4	0.5	FALSE	NA	NA	NA	NA	NA	NA
NC_045512.2	26725	C	T	3	0	26	1	1	28	0.25	4	0.571429	FALSE	NA	NA	NA	NA	NA	NA
NC_045512.2	26726	T	C	3	0	26	1	1	23	0.25	4	0.571429	FALSE	NA	NA	NA	NA	NA	NA
NC_045512.2	26727	G	C	3	0	28	1	1	28	0.25	4	0.571429	FALSE	NA	NA	NA	NA	NA	NA
NC_045512.2	26728	C	T	3	0	26	1	1	26	0.25	4	0.571429	FALSE	NA	NA	NA	NA	NA	NA
NC_045512.2	26729	T	A	3	0	26	1	1	26	0.25	4	0.571429	FALSE	NA	NA	NA	NA	NA	NA
NC_045512.2	26732	T	C	3	0	30	1	1	23	0.25	4	0.571429	FALSE	NA	NA	NA	NA	NA	NA
NC_045512.2	26733	T	C	1	0	23	1	1	28	0.5	2	0.666667	FALSE	NA	NA	NA	NA	NA	NA
NC_045512.2	26734	A	T	3	0	26	1	1	23	0.25	4	0.571429	FALSE	NA	NA	NA	NA	NA	NA
NC_045512.2	26735	C	T	3	0	26	1	1	28	0.25	4	0.571429	FALSE	NA	NA	NA	NA	NA	NA
NC_045512.2	26737	G	C	2	0	25	1	1	27	0.333333	3	0.6	FALSE	NA	NA	NA	NA	NA	NA
NC_045512.2	26739	A	T	2	0	22	1	1	27	0.333333	3	0.6	FALSE	NA	NA	NA	NA	NA	NA
NC_045512.2	26740	T	G	2	0	24	1	1	22	0.333333	3	0.6	FALSE	NA	NA	NA	NA	NA	NA
NC_045512.2	26741	A	G	2	0	24	1	1	26	0.333333	3	0.6	FALSE	NA	NA	NA	NA	NA	NA
NC_045512.2	26743	A	T	1	0	22	1	1	20	0.5	2	0.666667	FALSE	NA	NA	NA	NA	NA	NA
NC_045512.2	26745	T	C	2	0	20	1	1	27	0.333333	3	0.6	FALSE	NA	NA	NA	NA	NA	NA
NC_045512.2	26747	G	T	2	0	20	1	1	28	0.333333	3	0.6	FALSE	NA	NA	NA	NA	NA	NA
NC_045512.2	26748	A	C	2	0	24	1	1	27	0.333333	3	0.6	FALSE	NA	NA	NA	NA	NA	NA
NC_045512.2	26750	C	T	2	0	24	1	1	28	0.333333	3	0.6	FALSE	NA	NA	NA	NA	NA	NA
NC_045512.2	26751	A	C	2	0	24	1	1	28	0.333333	3	0.6	FALSE	NA	NA	NA	NA	NA	NA
NC_045512.2	26752	C	T	1	0	26	1	1	28	0.5	2	0.666667	FALSE	NA	NA	NA	NA	NA	NA
NC_045512.2	26753	C	A	0	0	0	1	1	25	1	1	1	FALSE	NA	NA	NA	NA	NA	NA
NC_045512.2	26754	G	C	1	0	26	1	1	24	0.5	2	0.666667	FALSE	NA	NA	NA	NA	NA	NA
NC_045512.2	26756	T	A	1	0	26	1	1	27	0.5	2	0.666667	FALSE	NA	NA	NA	NA	NA	NA
NC_045512.2	26758	G	T	1	0	21	1	1	26	0.5	2	0.666667	FALSE	NA	NA	NA	NA	NA	NA
NC_045512.2	26759	A	T	1	0	26	1	1	26	0.5	2	0.666667	FALSE	NA	NA	NA	NA	NA	NA
NC_045512.2	26760	A	G	0	0	0	1	1	28	1	1	1	FALSE	NA	NA	NA	NA	NA	NA
NC_045512.2	26761	T	C	1	0	26	1	1	23	0.5	2	0.666667	FALSE	NA	NA	NA	NA	NA	NA
NC_045512.2	26762	T	C	0	0	0	1	1	27	1	1	1	FALSE	NA	NA	NA	NA	NA	NA
NC_045512.2	26763	G	T	1	0	25	1	1	27	0.5	2	0.666667	FALSE	NA	NA	NA	NA	NA	NA
NC_045512.2	26764	C	A	1	0	25	1	1	27	0.5	2	0.666667	FALSE	NA	NA	NA	NA	NA	NA
NC_045512.2	26766	A	G	1	0	25	1	1	25	0.5	2	0.666667	FALSE	NA	NA	NA	NA	NA	NA
NC_045512.2	26770	C	A	1	0	23	1	1	27	0.5	2	0.666667	FALSE	NA	NA	NA	NA	NA	NA
NC_045512.2	26771	A	C	1	0	27	1	1	25	0.5	2	0.666667	FALSE	NA	NA	NA	NA	NA	NA
NC_045512.2	26773	T	G	1	0	26	1	1	20	0.5	2	0.666667	FALSE	NA	NA	NA	NA	NA	NA
NC_045512.2	26776	C	A	1	0	25	1	1	26	0.5	2	0.666667	FALSE	NA	NA	NA	NA	NA	NA
NC_045512.2	26778	T	A	1	0	21	1	1	27	0.5	2	0.666667	FALSE	NA	NA	NA	NA	NA	NA
NC_045512.2	26780	T	G	1	0	25	1	1	28	0.5	2	0.666667	FALSE	NA	NA	NA	NA	NA	NA
NC_045512.2	26781	C	T	1	0	26	1	1	23	0.5	2	0.666667	FALSE	NA	NA	NA	NA	NA	NA
NC_045512.2	26783	T	C	1	0	23	1	1	26	0.5	2	0.666667	FALSE	NA	NA	NA	NA	NA	NA
NC_045512.2	26784	G	T	1	0	30	1	1	22	0.5	2	0.666667	FALSE	NA	NA	NA	NA	NA	NA
NC_045512.2	26786	A	G	1	0	23	1	1	28	0.5	2	0.666667	FALSE	NA	NA	NA	NA	NA	NA
NC_045512.2	26787	G	T	1	0	23	1	1	28	0.5	2	0.666667	FALSE	NA	NA	NA	NA	NA	NA
NC_045512.2	26788	G	A	0	0	0	1	1	28	1	1	1	FALSE	NA	NA	NA	NA	NA	NA
NC_045512.2	26789	C	T	1	0	23	1	1	28	0.5	2	0.666667	FALSE	NA	NA	NA	NA	NA	NA
NC_045512.2	26790	T	A	1	0	27	1	1	24	0.5	2	0.666667	FALSE	NA	NA	NA	NA	NA	NA
NC_045512.2	26792	G	A	1	0	26	1	1	20	0.5	2	0.666667	FALSE	NA	NA	NA	NA	NA	NA
NC_045512.2	26795	G	T	1	0	23	1	1	28	0.5	2	0.666667	FALSE	NA	NA	NA	NA	NA	NA
NC_045512.2	26796	T	A	1	0	24	1	1	20	0.5	2	0.666667	FALSE	NA	NA	NA	NA	NA	NA
NC_045512.2	26797	G	A	1	0	23	1	1	25	0.5	2	0.666667	FALSE	NA	NA	NA	NA	NA	NA
NC_045512.2	26850	T	C	92	18	27	1	0	26	0.0107527	93	0.502703	FALSE	NA	NA	NA	NA	NA	NA
NC_045512.2	26851	G	T	94	18	26	1	1	24	0.0105263	95	0.502646	FALSE	NA	NA	NA	NA	NA	NA
NC_045512.2	26852	G	T	90	18	23	1	1	30	0.010989	91	0.502762	FALSE	NA	NA	NA	NA	NA	NA
NC_045512.2	26853	T	G	94	18	27	1	1	28	0.0103093	97	0.497382	FALSE	NA	NA	NA	NA	NA	NA
NC_045512.2	26853	T	A	94	18	27	2	2	28	0.0206186	97	0.248691	FALSE	NA	NA	NA	NA	NA	NA
NC_045512.2	26854	C	T	96	20	28	1	1	28	0.0103093	97	0.502591	FALSE	NA	NA	NA	NA	NA	NA
NC_045512.2	26855	A	G	93	18	27	3	3	27	0.03125	96	0.12499	FALSE	NA	NA	NA	NA	NA	NA
NC_045512.2	26856	T	C	91	16	27	3	3	28	0.0319149	94	0.124989	FALSE	NA	NA	NA	NA	NA	NA
NC_045512.2	26857	T	G	92	18	28	3	3	27	0.0309278	97	0.121084	FALSE	NA	NA	NA	NA	NA	NA
NC_045512.2	26857	T	C	92	18	28	1	0	29	0.0103093	97	0.492063	FALSE	NA	NA	NA	NA	NA	NA
NC_045512.2	26857	T	A	92	18	28	1	1	27	0.0103093	97	0.492063	FALSE	NA	NA	NA	NA	NA	NA
NC_045512.2	26858	C	T	2	2	24	86	20	23	0.977273	88	1.36153e-48	TRUE	NA	NA	NA	NA	NA	NA
NC_045512.2	26859	A	T	93	18	27	2	2	27	0.0208333	96	0.248677	FALSE	NA	NA	NA	NA	NA	NA
NC_045512.2	26859	A	G	93	18	27	1	1	21	0.0104167	96	0.497354	FALSE	NA	NA	NA	NA	NA	NA
NC_045512.2	26860	A	C	90	18	24	5	5	24	0.0526316	95	0.0304101	FALSE	NA	NA	NA	NA	NA	NA
NC_045512.2	26861	T	G	93	18	27	3	3	25	0.0306122	98	0.121124	FALSE	NA	NA	NA	NA	NA	NA
NC_045512.2	26861	T	C	93	18	27	2	2	27	0.0204082	98	0.24351	FALSE	NA	NA	NA	NA	NA	NA
NC_045512.2	26862	C	A	93	18	27	2	2	26	0.0210526	95	0.251323	FALSE	NA	NA	NA	NA	NA	NA
NC_045512.2	26863	C	T	89	18	24	3	3	26	0.0319149	94	0.120957	FALSE	NA	NA	NA	NA	NA	NA
NC_045512.2	26863	C	G	89	18	24	2	2	26	0.0212766	94	0.243229	FALSE	NA	NA	NA	NA	NA	NA
NC_045512.2	26864	A	T	93	18	27	2	2	23	0.0206186	97	0.246073	FALSE	NA	NA	NA	NA	NA	NA
NC_045512.2	26864	A	G	93	18	27	2	2	26	0.0206186	97	0.246073	FALSE	NA	NA	NA	NA	NA	NA
NC_045512.2	26865	G	T	93	18	27	4	4	26	0.0408163	98	0.0605621	FALSE	NA	NA	NA	NA	NA	NA
NC_045512.2	26865	G	C	93	18	27	1	1	25	0.0102041	98	0.492147	FALSE	NA	NA	NA	NA	NA	NA
NC_045512.2	26866	A	G	88	14	27	2	1	24	0.0217391	92	0.245856	FALSE	NA	NA	NA	NA	NA	NA
NC_045512.2	26866	A	C	88	14	27	2	2	22	0.0217391	92	0.245856	FALSE	NA	NA	NA	NA	NA	NA
NC_045512.2	26867	A	T	93	18	28	1	1	23	0.0102041	98	0.492147	FALSE	NA	NA	NA	NA	NA	NA
NC_045512.2	26867	A	G	93	18	28	2	2	26	0.0204082	98	0.24351	FALSE	NA	NA	NA	NA	NA	NA
NC_045512.2	26867	A	C	93	18	28	2	2	27	0.0204082	98	0.24351	FALSE	NA	NA	NA	NA	NA	NA
NC_045512.2	26868	A	T	80	20	23	2	2	26	0.0240964	83	0.248466	FALSE	NA	NA	NA	NA	NA	NA
NC_045512.2	26868	A	G	80	20	23	1	1	25	0.0120482	83	0.496933	FALSE	NA	NA	NA	NA	NA	NA
NC_045512.2	26869	C	T	95	20	27	3	3	26	0.0306122	98	0.12499	FALSE	NA	NA	NA	NA	NA	NA
NC_045512.2	26870	T	G	93	18	27	3	3	24	0.0306122	98	0.121124	FALSE	NA	NA	NA	NA	NA	NA
NC_045512.2	26870	T	A	93	18	27	2	2	26	0.0204082	98	0.24351	FALSE	NA	NA	NA	NA	NA	NA
NC_045512.2	26871	A	T	92	17	27	4	4	24	0.0408163	98	0.0592871	FALSE	NA	NA	NA	NA	NA	NA
NC_045512.2	26871	A	G	92	17	27	2	2	27	0.0204082	98	0.240893	FALSE	NA	NA	NA	NA	NA	NA
NC_045512.2	26872	A	T	87	18	24	3	3	28	0.0326087	92	0.120868	FALSE	NA	NA	NA	NA	NA	NA
NC_045512.2	26872	A	G	87	18	24	2	2	23	0.0217391	92	0.243079	FALSE	NA	NA	NA	NA	NA	NA
NC_045512.2	26873	C	T	94	19	27	2	2	26	0.0204082	98	0.246114	FALSE	NA	NA	NA	NA	NA	NA
NC_045512.2	26873	C	G	94	19	27	2	2	28	0.0204082	98	0.246114	FALSE	NA	NA	NA	NA	NA	NA
NC_045512.2	26874	A	T	95	21	27	2	2	28	0.0204082	98	0.248705	FALSE	NA	NA	NA	NA	NA	NA
NC_045512.2	26874	A	G	95	21	27	1	0	25	0.0102041	98	0.497409	FALSE	NA	NA	NA	NA	NA	NA
NC_045512.2	26875	T	C	94	19	26	2	2	28	0.0204082	98	0.246114	FALSE	NA	NA	NA	NA	NA	NA
NC_045512.2	26875	T	A	94	19	26	2	2	27	0.0204082	98	0.246114	FALSE	NA	NA	NA	NA	NA	NA
NC_045512.2	26876	T	A	86	21	24	2	2	28	0.0227273	88	0.251429	FALSE	NA	NA	NA	NA	NA	NA
NC_045512.2	26877	C	T	95	20	27	3	3	24	0.0306122	98	0.12499	FALSE	NA	NA	NA	NA	NA	NA
NC_045512.2	26878	T	C	95	20	27	2	2	28	0.0204082	98	0.248705	FALSE	NA	NA	NA	NA	NA	NA
NC_045512.2	26878	T	A	95	20	27	1	1	23	0.0102041	98	0.497409	FALSE	NA	NA	NA	NA	NA	NA
NC_045512.2	26879	T	A	92	20	24	3	3	28	0.0315789	95	0.124989	FALSE	NA	NA	NA	NA	NA	NA
NC_045512.2	26880	C	T	93	18	27	1	1	28	0.0102041	98	0.492147	FALSE	NA	NA	NA	NA	NA	NA
NC_045512.2	26880	C	G	93	18	27	2	2	27	0.0204082	98	0.24351	FALSE	NA	NA	NA	NA	NA	NA
NC_045512.2	26880	C	A	93	18	27	2	2	23	0.0204082	98	0.24351	FALSE	NA	NA	NA	NA	NA	NA
NC_045512.2	26881	T	C	93	18	27	1	1	23	0.0102041	98	0.492147	FALSE	NA	NA	NA	NA	NA	NA
NC_045512.2	26881	T	A	93	18	27	4	4	25	0.0408163	98	0.0605621	FALSE	NA	NA	NA	NA	NA	NA
NC_045512.2	26882	C	T	94	19	26	2	2	28	0.0204082	98	0.246114	FALSE	NA	NA	NA	NA	NA	NA
NC_045512.2	26882	C	A	94	19	26	2	2	27	0.0204082	98	0.246114	FALSE	NA	NA	NA	NA	NA	NA
NC_045512.2	26883	A	C	96	21	26	2	2	24	0.0204082	98	0.251282	FALSE	NA	NA	NA	NA	NA	NA
NC_045512.2	26884	A	G	65	18	23	1	1	27	0.0142857	70	0.488889	FALSE	NA	NA	NA	NA	NA	NA
NC_045512.2	26884	A	C	65	18	23	4	4	27	0.0571429	70	0.0597729	FALSE	NA	NA	NA	NA	NA	NA
NC_045512.2	26885	C	T	93	18	25	2	2	28	0.0204082	98	0.24351	FALSE	NA	NA	NA	NA	NA	NA
NC_045512.2	26885	C	A	93	18	25	3	3	26	0.0306122	98	0.121124	FALSE	NA	NA	NA	NA	NA	NA
NC_045512.2	26886	G	A	95	20	26	3	3	25	0.0306122	98	0.12499	FALSE	NA	NA	NA	NA	NA	NA
NC_045512.2	26887	T	A	93	18	27	5	5	26	0.0510204	98	0.0304363	FALSE	NA	NA	NA	NA	NA	NA
NC_045512.2	26888	G	C	93	18	27	3	3	28	0.0306122	98	0.121124	FALSE	NA	NA	NA	NA	NA	NA
NC_045512.2	26888	G	A	93	18	27	2	2	28	0.0204082	98	0.24351	FALSE	NA	NA	NA	NA	NA	NA
NC_045512.2	26889	C	T	93	18	26	1	1	27	0.0102041	98	0.492147	FALSE	NA	NA	NA	NA	NA	NA
NC_045512.2	26889	C	A	93	18	26	4	4	27	0.0408163	98	0.0605621	FALSE	NA	NA	NA	NA	NA	NA
NC_045512.2	26890	C	T	93	20	24	2	2	23	0.0208333	96	0.248677	FALSE	NA	NA	NA	NA	NA	NA
NC_045512.2	26890	C	A	93	20	24	1	1	24	0.0104167	96	0.497354	FALSE	NA	NA	NA	NA	NA	NA
NC_045512.2	26891	A	T	94	19	27	4	4	28	0.0408163	98	0.061844	FALSE	NA	NA	NA	NA	NA	NA
NC_045512.2	26892	C	A	96	21	27	2	2	24	0.0204082	98	0.251282	FALSE	NA	NA	NA	NA	NA	NA
NC_045512.2	26893	T	A	95	20	27	3	3	28	0.0306122	98	0.12499	FALSE	NA	NA	NA	NA	NA	NA
NC_045512.2	26894	C	T	95	20	26	3	3	25	0.0306122	98	0.12499	FALSE	NA	NA	NA	NA	NA	NA
NC_045512.2	26895	C	T	93	20	24	1	1	27	0.0104167	96	0.497354	FALSE	NA	NA	NA	NA	NA	NA
NC_045512.2	26895	C	A	93	20	24	2	2	28	0.0208333	96	0.248677	FALSE	NA	NA	NA	NA	NA	NA
NC_045512.2	26896	A	T	93	18	27	4	4	25	0.0408163	98	0.0605621	FALSE	NA	NA	NA	NA	NA	NA
NC_045512.2	26896	A	C	93	18	27	1	1	27	0.0102041	98	0.492147	FALSE	NA	NA	NA	NA	NA	NA
NC_045512.2	26897	T	C	96	21	27	2	2	27	0.0204082	98	0.251282	FALSE	NA	NA	NA	NA	NA	NA
NC_045512.2	26898	G	T	91	16	27	1	1	28	0.0104167	96	0.491979	FALSE	NA	NA	NA	NA	NA	NA
NC_045512.2	26898	G	C	91	16	27	2	2	28	0.0208333	96	0.243372	FALSE	NA	NA	NA	NA	NA	NA
NC_045512.2	26898	G	A	91	16	27	2	2	24	0.0208333	96	0.243372	FALSE	NA	NA	NA	NA	NA	NA
NC_045512.2	26899	G	T	92	18	24	2	2	24	0.0206186	97	0.243442	FALSE	NA	NA	NA	NA	NA	NA
NC_045512.2	26899	G	C	92	18	24	1	1	29	0.0103093	97	0.492063	FALSE	NA	NA	NA	NA	NA	NA
NC_045512.2	26899	G	A	92	18	24	2	2	27	0.0206186	97	0.243442	FALSE	NA	NA	NA	NA	NA	NA
NC_045512.2	26900	C	T	115	23	27	3	3	29	0.0254237	118	0.314099	FALSE	NA	NA	NA	NA	NA	NA
NC_045512.2	26901	A	G	113	21	27	2	2	27	0.0169492	118	0.493506	FALSE	NA	NA	NA	NA	NA	NA
NC_045512.2	26901	A	C	113	21	27	3	3	28	0.0254237	118	0.307647	FALSE	NA	NA	NA	NA	NA	NA
NC_045512.2	26902	C	T	113	21	27	4	4	28	0.0338983	118	0.1848	FALSE	NA	NA	NA	NA	NA	NA
NC_045512.2	26902	C	A	113	21	27	1	1	24	0.00847458	118	0.744551	FALSE	NA	NA	NA	NA	NA	NA
NC_045512.2	26903	T	G	113	21	27	2	2	27	0.0169492	118	0.493506	FALSE	NA	NA	NA	NA	NA	NA
NC_045512.2	26903	T	C	113	21	27	2	2	28	0.0169492	118	0.493506	FALSE	NA	NA	NA	NA	NA	NA
NC_045512.2	26903	T	A	113	21	27	1	1	32	0.00847458	118	0.493506	FALSE	NA	NA	NA	NA	NA	NA
NC_045512.2	26904	A	C	115	23	27	3	3	25	0.0254237	118	0.314099	FALSE	NA	NA	NA	NA	NA	NA
NC_045512.2	26905	T	G	110	21	27	1	1	28	0.00847458	118	0.73777	FALSE	NA	NA	NA	NA	NA	NA
NC_045512.2	26905	T	C	110	21	27	5	2	27	0.0423729	118	0.102366	FALSE	NA	NA	NA	NA	NA	NA
NC_045512.2	26905	T	A	110	21	27	2	2	27	0.0169492	118	0.483555	FALSE	NA	NA	NA	NA	NA	NA
NC_045512.2	26906	T	C	108	22	24	2	2	28	0.0178571	112	0.496591	FALSE	NA	NA	NA	NA	NA	NA
NC_045512.2	26906	T	A	108	22	24	2	2	27	0.0178571	112	0.496591	FALSE	NA	NA	NA	NA	NA	NA
NC_045512.2	26907	C	G	115	23	27	3	3	27	0.0252101	119	0.310894	FALSE	NA	NA	NA	NA	NA	NA
NC_045512.2	26907	C	A	115	23	27	1	1	29	0.00840336	119	0.746781	FALSE	NA	NA	NA	NA	NA	NA
NC_045512.2	26908	T	C	117	25	28	2	2	26	0.0168067	119	0.503178	FALSE	NA	NA	NA	NA	NA	NA
NC_045512.2	26909	G	C	116	24	28	3	3	24	0.0252101	119	0.314086	FALSE	NA	NA	NA	NA	NA	NA
NC_045512.2	26910	A	C	114	22	27	5	5	25	0.0420168	119	0.108356	FALSE	NA	NA	NA	NA	NA	NA
NC_045512.2	26911	C	G	111	19	27	1	1	27	0.00877193	114	0.748889	FALSE	NA	NA	NA	NA	NA	NA
NC_045512.2	26911	C	A	111	19	27	2	2	27	0.0175439	114	0.5	FALSE	NA	NA	NA	NA	NA	NA
NC_045512.2	26912	C	T	110	21	24	4	4	26	0.0344828	116	0.182024	FALSE	NA	NA	NA	NA	NA	NA
NC_045512.2	26912	C	A	110	21	24	2	2	27	0.0172414	116	0.490045	FALSE	NA	NA	NA	NA	NA	NA
NC_045512.2	26913	A	T	114	22	27	1	1	28	0.00833333	120	0.742453	FALSE	NA	NA	NA	NA	NA	NA
NC_045512.2	26913	A	G	114	22	27	2	2	22	0.0166667	120	0.490385	FALSE	NA	NA	NA	NA	NA	NA
NC_045512.2	26913	A	C	114	22	27	3	3	26	0.025	120	0.304538	FALSE	NA	NA	NA	NA	NA	NA
NC_045512.2	26914	G	T	116	24	27	2	2	25	0.0165289	121	0.493671	FALSE	NA	NA	NA	NA	NA	NA
NC_045512.2	26914	G	C	116	24	27	3	3	26	0.0247934	121	0.30777	FALSE	NA	NA	NA	NA	NA	NA
NC_045512.2	26915	A	G	114	22	27	2	2	24	0.0166667	120	0.490385	FALSE	NA	NA	NA	NA	NA	NA
NC_045512.2	26915	A	C	114	22	27	4	4	26	0.0333333	120	0.182209	FALSE	NA	NA	NA	NA	NA	NA
NC_045512.2	26916	C	T	113	21	26	3	3	24	0.0252101	119	0.30447	FALSE	NA	NA	NA	NA	NA	NA
NC_045512.2	26916	C	A	113	21	26	3	3	27	0.0252101	119	0.30447	FALSE	NA	NA	NA	NA	NA	NA
NC_045512.2	26917	C	T	111	24	24	2	2	25	0.0172414	116	0.493392	FALSE	NA	NA	NA	NA	NA	NA
NC_045512.2	26917	C	G	111	24	24	1	1	23	0.00862069	116	0.744454	FALSE	NA	NA	NA	NA	NA	NA
NC_045512.2	26917	C	A	111	24	24	2	2	25	0.0172414	116	0.493392	FALSE	NA	NA	NA	NA	NA	NA
NC_045512.2	26918	G	T	116	25	27	5	5	25	0.0403226	124	0.102707	FALSE	NA	NA	NA	NA	NA	NA
NC_045512.2	26918	G	A	116	25	27	3	2	27	0.0241935	124	0.298591	FALSE	NA	NA	NA	NA	NA	NA
NC_045512.2	26919	C	T	117	25	27	3	3	26	0.0243902	123	0.304736	FALSE	NA	NA	NA	NA	NA	NA
NC_045512.2	26919	C	G	117	25	27	1	1	22	0.00813008	123	0.742643	FALSE	NA	NA	NA	NA	NA	NA
NC_045512.2	26919	C	A	117	25	27	2	2	27	0.0162602	123	0.490625	FALSE	NA	NA	NA	NA	NA	NA
NC_045512.2	26920	T	G	116	24	26	6	6	25	0.0483871	124	0.0585103	FALSE	NA	NA	NA	NA	NA	NA
NC_045512.2	26920	T	C	116	24	26	1	1	20	0.00806452	124	0.738389	FALSE	NA	NA	NA	NA	NA	NA
NC_045512.2	26920	T	A	116	24	26	1	1	27	0.00806452	124	0.738389	FALSE	NA	NA	NA	NA	NA	NA
NC_045512.2	26921	T	G	109	24	24	1	1	28	0.00840336	119	0.733248	FALSE	NA	NA	NA	NA	NA	NA
NC_045512.2	26921	T	C	109	24	24	7	7	26	0.0588235	119	0.0310674	FALSE	NA	NA	NA	NA	NA	NA
NC_045512.2	26921	T	A	109	24	24	2	2	25	0.0168067	119	0.47698	FALSE	NA	NA	NA	NA	NA	NA
NC_045512.2	26922	C	T	117	25	27	2	2	28	0.015748	127	0.478489	FALSE	NA	NA	NA	NA	NA	NA
NC_045512.2	26922	C	G	117	25	27	3	3	26	0.023622	127	0.292823	FALSE	NA	NA	NA	NA	NA	NA
NC_045512.2	26922	C	A	117	25	27	5	5	25	0.0393701	127	0.0992028	FALSE	NA	NA	NA	NA	NA	NA
NC_045512.2	26923	T	G	117	26	27	2	2	27	0.015873	126	0.481485	FALSE	NA	NA	NA	NA	NA	NA
NC_045512.2	26923	T	C	117	26	27	4	4	27	0.031746	126	0.174939	FALSE	NA	NA	NA	NA	NA	NA
NC_045512.2	26923	T	A	117	26	27	3	3	27	0.0238095	126	0.295745	FALSE	NA	NA	NA	NA	NA	NA
NC_045512.2	26924	A	T	115	24	27	6	6	26	0.046875	128	0.0524459	FALSE	NA	NA	NA	NA	NA	NA
NC_045512.2	26924	A	G	115	24	27	4	4	28	0.03125	128	0.16528	FALSE	NA	NA	NA	NA	NA	NA
NC_045512.2	26924	A	C	115	24	27	3	3	27	0.0234375	128	0.283816	FALSE	NA	NA	NA	NA	NA	NA
NC_045512.2	26925	G	T	114	24	26	3	3	25	0.023622	127	0.283583	FALSE	NA	NA	NA	NA	NA	NA
NC_045512.2	26925	G	C	114	24	26	5	5	25	0.0393701	127	0.0937744	FALSE	NA	NA	NA	NA	NA	NA
NC_045512.2	26925	G	A	114	24	26	5	5	27	0.0393701	127	0.0937744	FALSE	NA	NA	NA	NA	NA	NA
NC_045512.2	26926	A	T	102	14	26	5	4	25	0.0420168	119	0.0851787	FALSE	NA	NA	NA	NA	NA	NA
NC_045512.2	26926	A	G	102	14	26	4	3	25	0.0336134	119	0.153021	FALSE	NA	NA	NA	NA	NA	NA
NC_045512.2	26926	A	C	102	14	26	8	8	26	0.0672269	119	0.0135511	FALSE	NA	NA	NA	NA	NA	NA
NC_045512.2	26927	A	T	114	24	27	7	7	26	0.0546875	128	0.0281668	FALSE	NA	NA	NA	NA	NA	NA
NC_045512.2	26927	A	G	114	24	27	3	3	25	0.0234375	128	0.28074	FALSE	NA	NA	NA	NA	NA	NA
NC_045512.2	26927	A	C	114	24	27	4	4	27	0.03125	128	0.162821	FALSE	NA	NA	NA	NA	NA	NA
NC_045512.2	26928	A	T	101	25	23	5	5	25	0.0434783	115	0.0901904	FALSE	NA	NA	NA	NA	NA	NA
NC_045512.2	26928	A	G	101	25	23	4	4	27	0.0347826	115	0.160004	FALSE	NA	NA	NA	NA	NA	NA
NC_045512.2	26928	A	C	101	25	23	5	5	25	0.0434783	115	0.0901904	FALSE	NA	NA	NA	NA	NA	NA
NC_045512.2	26929	G	T	116	26	27	4	4	26	0.03125	128	0.167742	FALSE	NA	NA	NA	NA	NA	NA
NC_045512.2	26929	G	C	116	26	27	5	5	26	0.0390625	128	0.095682	FALSE	NA	NA	NA	NA	NA	NA
NC_045512.2	26929	G	A	116	26	27	3	3	27	0.0234375	128	0.286881	FALSE	NA	NA	NA	NA	NA	NA
NC_045512.2	26930	T	G	117	27	27	3	3	27	0.0232558	129	0.287085	FALSE	NA	NA	NA	NA	NA	NA
NC_045512.2	26930	T	C	117	27	27	3	3	24	0.0232558	129	0.287085	FALSE	NA	NA	NA	NA	NA	NA
NC_045512.2	26930	T	A	117	27	27	6	6	27	0.0465116	129	0.0537288	FALSE	NA	NA	NA	NA	NA	NA
NC_045512.2	26931	G	T	113	23	27	4	4	26	0.0310078	129	0.158142	FALSE	NA	NA	NA	NA	NA	NA
NC_045512.2	26931	G	C	113	23	27	8	8	23	0.0620155	129	0.0144363	FALSE	NA	NA	NA	NA	NA	NA
NC_045512.2	26931	G	A	113	23	27	4	4	28	0.0310078	129	0.158142	FALSE	NA	NA	NA	NA	NA	NA
NC_045512.2	26932	A	T	112	22	26	2	2	28	0.015625	128	0.459414	FALSE	NA	NA	NA	NA	NA	NA
NC_045512.2	26932	A	G	112	22	26	5	5	26	0.0390625	128	0.0885929	FALSE	NA	NA	NA	NA	NA	NA
NC_045512.2	26932	A	C	112	22	26	9	9	25	0.0703125	128	0.00773644	TRUE	NA	NA	NA	NA	NA	NA
NC_045512.2	26933	A	T	107	24	24	9	9	26	0.0731707	123	0.00762524	TRUE	NA	NA	NA	NA	NA	NA
NC_045512.2	26933	A	G	107	24	24	4	4	26	0.0325203	123	0.156699	FALSE	NA	NA	NA	NA	NA	NA
NC_045512.2	26933	A	C	107	24	24	3	3	28	0.0243902	123	0.272958	FALSE	NA	NA	NA	NA	NA	NA
NC_045512.2	26934	C	T	115	25	27	4	4	26	0.0307692	130	0.160785	FALSE	NA	NA	NA	NA	NA	NA
NC_045512.2	26934	C	G	115	25	27	5	5	23	0.0384615	130	0.0906394	FALSE	NA	NA	NA	NA	NA	NA
NC_045512.2	26934	C	A	115	25	27	6	6	26	0.0461538	130	0.0502352	FALSE	NA	NA	NA	NA	NA	NA
NC_045512.2	26935	T	G	115	25	27	8	8	27	0.0615385	130	0.0149383	FALSE	NA	NA	NA	NA	NA	NA
NC_045512.2	26935	T	C	115	25	27	3	3	22	0.0230769	130	0.278206	FALSE	NA	NA	NA	NA	NA	NA
NC_045512.2	26935	T	A	115	25	27	4	4	26	0.0307692	130	0.160785	FALSE	NA	NA	NA	NA	NA	NA
NC_045512.2	26935	T	+T	115	25	27	1	0	20	0.00769231	130	0.723787	FALSE	NA	NA	NA	NA	NA	NA
NC_045512.2	26936	C	T	114	24	27	10	10	26	0.0763359	131	0.0040111	TRUE	NA	NA	NA	NA	NA	NA
NC_045512.2	26936	C	G	114	24	27	4	4	25	0.0305344	131	0.156199	FALSE	NA	NA	NA	NA	NA	NA
NC_045512.2	26936	C	A	114	24	27	3	3	27	0.0229008	131	0.272423	FALSE	NA	NA	NA	NA	NA	NA
NC_045512.2	26937	G	T	115	25	27	4	4	26	0.0305344	131	0.158593	FALSE	NA	NA	NA	NA	NA	NA
NC_045512.2	26937	G	C	115	25	27	9	9	25	0.0687023	131	0.00779947	TRUE	NA	NA	NA	NA	NA	NA
NC_045512.2	26937	G	A	115	25	27	3	3	28	0.0229008	131	0.275454	FALSE	NA	NA	NA	NA	NA	NA
NC_045512.2	26938	T	G	117	27	27	4	4	24	0.030303	132	0.161194	FALSE	NA	NA	NA	NA	NA	NA
NC_045512.2	26938	T	C	117	27	27	7	7	27	0.0530303	132	0.0276216	FALSE	NA	NA	NA	NA	NA	NA
NC_045512.2	26938	T	A	117	27	27	4	4	27	0.030303	132	0.161194	FALSE	NA	NA	NA	NA	NA	NA
NC_045512.2	26939	A	T	107	20	27	8	8	24	0.0661157	121	0.0151235	FALSE	NA	NA	NA	NA	NA	NA
NC_045512.2	26939	A	G	107	20	27	4	4	27	0.0330579	121	0.16138	FALSE	NA	NA	NA	NA	NA	NA
NC_045512.2	26939	A	C	107	20	27	2	2	26	0.0165289	121	0.463843	FALSE	NA	NA	NA	NA	NA	NA
NC_045512.2	26940	A	T	109	25	24	8	8	26	0.0625	128	0.0130373	FALSE	NA	NA	NA	NA	NA	NA
NC_045512.2	26940	A	G	109	25	24	5	5	24	0.0390625	128	0.0833819	FALSE	NA	NA	NA	NA	NA	NA
NC_045512.2	26940	A	C	109	25	24	6	6	28	0.046875	128	0.0454011	FALSE	NA	NA	NA	NA	NA	NA
NC_045512.2	26941	T	G	116	30	27	2	2	26	0.015748	127	0.475317	FALSE	NA	NA	NA	NA	NA	NA
NC_045512.2	26941	T	C	116	30	27	5	5	27	0.0393701	127	0.0973842	FALSE	NA	NA	NA	NA	NA	NA
NC_045512.2	26941	T	A	116	30	27	4	4	25	0.0314961	127	0.170068	FALSE	NA	NA	NA	NA	NA	NA
NC_045512.2	26942	C	T	111	26	27	8	8	26	0.0629921	127	0.0143619	FALSE	NA	NA	NA	NA	NA	NA
NC_045512.2	26942	C	G	111	26	27	3	3	26	0.023622	127	0.274247	FALSE	NA	NA	NA	NA	NA	NA
NC_045512.2	26942	C	A	111	26	27	5	5	25	0.0393701	127	0.088432	FALSE	NA	NA	NA	NA	NA	NA
NC_045512.2	26943	G	T	106	23	26	5	5	26	0.0378788	132	0.0727022	FALSE	NA	NA	NA	NA	NA	NA
NC_045512.2	26943	G	C	106	23	26	6	6	27	0.0454545	132	0.03843	FALSE	NA	NA	NA	NA	NA	NA
NC_045512.2	26943	G	A	106	23	26	15	14	26	0.113636	132	9.56047e-05	TRUE	NA	NA	NA	NA	NA	NA
NC_045512.2	26944	G	T	103	25	24	14	14	25	0.109375	128	0.000193038	TRUE	NA	NA	NA	NA	NA	NA
NC_045512.2	26944	G	C	103	25	24	6	6	27	0.046875	128	0.0388056	FALSE	NA	NA	NA	NA	NA	NA
NC_045512.2	26944	G	A	103	25	24	5	5	26	0.0390625	128	0.073263	FALSE	NA	NA	NA	NA	NA	NA
NC_045512.2	26945	A	T	112	28	26	8	8	26	0.0601504	133	0.0124172	FALSE	NA	NA	NA	NA	NA	NA
NC_045512.2	26945	A	G	112	28	26	7	7	26	0.0526316	133	0.0234285	FALSE	NA	NA	NA	NA	NA	NA
NC_045512.2	26945	A	C	112	28	26	6	6	25	0.0451128	133	0.0438316	FALSE	NA	NA	NA	NA	NA	NA
NC_045512.2	26946	G	T	110	26	27	4	4	26	0.0298507	134	0.140615	FALSE	NA	NA	NA	NA	NA	NA
NC_045512.2	26946	G	C	110	26	27	11	11	25	0.0820896	134	0.00156974	TRUE	NA	NA	NA	NA	NA	NA
NC_045512.2	26946	G	A	110	26	27	9	9	24	0.0671642	134	0.00586405	TRUE	NA	NA	NA	NA	NA	NA
NC_045512.2	26947	C	T	110	26	26	5	5	25	0.0378788	132	0.0791773	FALSE	NA	NA	NA	NA	NA	NA
NC_045512.2	26947	C	G	110	26	26	5	5	25	0.0378788	132	0.0791773	FALSE	NA	NA	NA	NA	NA	NA
NC_045512.2	26947	C	A	110	26	26	12	12	26	0.0909091	132	0.000886353	TRUE	NA	NA	NA	NA	NA	NA
NC_045512.2	26948	T	G	113	30	27	7	6	27	0.0522388	134	0.023508	FALSE	NA	NA	NA	NA	NA	NA
NC_045512.2	26948	T	C	113	30	27	6	6	26	0.0447761	134	0.0439621	FALSE	NA	NA	NA	NA	NA	NA
NC_045512.2	26948	T	A	113	30	27	8	8	27	0.0597015	134	0.0124641	FALSE	NA	NA	NA	NA	NA	NA
NC_045512.2	26949	G	T	108	24	27	9	9	26	0.0671642	134	0.00542283	TRUE	NA	NA	NA	NA	NA	NA
NC_045512.2	26949	G	C	108	24	27	8	8	27	0.0597015	134	0.0105156	FALSE	NA	NA	NA	NA	NA	NA
NC_045512.2	26949	G	A	108	24	27	9	9	25	0.0671642	134	0.00542283	TRUE	NA	NA	NA	NA	NA	NA
NC_045512.2	26950	T	G	114	31	27	5	5	25	0.0373134	134	0.0828711	FALSE	NA	NA	NA	NA	NA	NA
NC_045512.2	26950	T	C	114	31	27	6	5	24	0.0447761	134	0.0450387	FALSE	NA	NA	NA	NA	NA	NA
NC_045512.2	26950	T	A	114	31	27	9	9	26	0.0671642	134	0.00681511	TRUE	NA	NA	NA	NA	NA	NA
NC_045512.2	26951	G	T	110	26	27	5	5	26	0.0373134	134	0.0763945	FALSE	NA	NA	NA	NA	NA	NA
NC_045512.2	26951	G	C	110	26	27	9	9	27	0.0671642	134	0.00586405	TRUE	NA	NA	NA	NA	NA	NA
NC_045512.2	26951	G	A	110	26	27	10	10	26	0.0746269	134	0.00303826	TRUE	NA	NA	NA	NA	NA	NA
NC_045512.2	26952	A	T	116	32	27	2	2	24	0.0148148	135	0.452255	FALSE	NA	NA	NA	NA	NA	NA
NC_045512.2	26952	A	G	116	32	27	8	8	26	0.0592593	135	0.0133413	FALSE	NA	NA	NA	NA	NA	NA
NC_045512.2	26952	A	C	116	32	27	9	9	26	0.0666667	135	0.0070915	TRUE	NA	NA	NA	NA	NA	NA
NC_045512.2	26953	T	G	115	33	27	3	3	25	0.0225564	133	0.270053	FALSE	NA	NA	NA	NA	NA	NA
NC_045512.2	26953	T	C	115	33	27	8	8	25	0.0601504	133	0.0136896	FALSE	NA	NA	NA	NA	NA	NA
NC_045512.2	26953	T	A	115	33	27	7	7	25	0.0526316	133	0.0255058	FALSE	NA	NA	NA	NA	NA	NA
NC_045512.2	26954	C	T	99	24	26	6	6	27	0.0472441	127	0.0354996	FALSE	NA	NA	NA	NA	NA	NA
NC_045512.2	26954	C	G	99	24	26	6	6	26	0.0472441	127	0.0354996	FALSE	NA	NA	NA	NA	NA	NA
NC_045512.2	26954	C	A	99	24	26	16	16	25	0.125984	127	4.01014e-05	TRUE	NA	NA	NA	NA	NA	NA
NC_045512.2	26955	C	T	89	31	23	9	9	26	0.0803571	112	0.00535784	TRUE	NA	NA	NA	NA	NA	NA
NC_045512.2	26955	C	G	89	31	23	4	4	26	0.0357143	112	0.134195	FALSE	NA	NA	NA	NA	NA	NA
NC_045512.2	26955	C	A	89	31	23	10	10	26	0.0892857	112	0.00275967	TRUE	NA	NA	NA	NA	NA	NA
NC_045512.2	26956	T	G	103	32	25	8	8	23	0.0666667	120	0.0135964	FALSE	NA	NA	NA	NA	NA	NA
NC_045512.2	26956	T	C	103	32	25	5	5	28	0.0416667	120	0.0853759	FALSE	NA	NA	NA	NA	NA	NA
NC_045512.2	26956	T	A	103	32	25	4	4	26	0.0333333	120	0.15331	FALSE	NA	NA	NA	NA	NA	NA
NC_045512.2	26957	T	G	81	27	23	6	6	27	0.0555556	108	0.0325551	FALSE	NA	NA	NA	NA	NA	NA
NC_045512.2	26957	T	C	81	27	23	13	13	25	0.12037	108	0.000267903	TRUE	NA	NA	NA	NA	NA	NA
NC_045512.2	26957	T	A	81	27	23	8	8	26	0.0740741	108	0.00839119	TRUE	NA	NA	NA	NA	NA	NA
NC_045512.2	26958	C	T	98	27	26	12	12	25	0.096	125	0.000641435	TRUE	NA	NA	NA	NA	NA	NA
NC_045512.2	26958	C	G	98	27	26	8	8	24	0.064	125	0.0096033	TRUE	NA	NA	NA	NA	NA	NA
NC_045512.2	26958	C	A	98	27	26	7	7	24	0.056	125	0.018709	FALSE	NA	NA	NA	NA	NA	NA
NC_045512.2	26959	G	T	94	23	26	13	13	26	0.103175	126	0.000237126	TRUE	NA	NA	NA	NA	NA	NA
NC_045512.2	26959	G	C	94	23	26	11	11	26	0.0873016	126	0.00096854	TRUE	NA	NA	NA	NA	NA	NA
NC_045512.2	26959	G	A	94	23	26	8	8	26	0.0634921	126	0.00790809	TRUE	NA	NA	NA	NA	NA	NA
NC_045512.2	26960	T	G	98	27	27	1	1	28	0.00813008	123	0.69638	FALSE	NA	NA	NA	NA	NA	NA
NC_045512.2	26960	T	C	98	27	27	9	9	27	0.0731707	123	0.00527732	TRUE	NA	NA	NA	NA	NA	NA
NC_045512.2	26960	T	A	98	27	27	15	15	26	0.121951	123	9.45469e-05	TRUE	NA	NA	NA	NA	NA	NA
NC_045512.2	26961	G	T	97	26	26	15	15	23	0.121951	123	8.79441e-05	TRUE	NA	NA	NA	NA	NA	NA
NC_045512.2	26961	G	C	97	26	26	4	4	26	0.0325203	123	0.131427	FALSE	NA	NA	NA	NA	NA	NA
NC_045512.2	26961	G	A	97	26	26	7	7	26	0.0569106	123	0.0191336	FALSE	NA	NA	NA	NA	NA	NA
NC_045512.2	26962	G	T	90	24	24	19	19	27	0.158333	120	3.92902e-06	TRUE	NA	NA	NA	NA	NA	NA
NC_045512.2	26962	G	C	90	24	24	8	8	26	0.0666667	120	0.00816838	TRUE	NA	NA	NA	NA	NA	NA
NC_045512.2	26962	G	A	90	24	24	3	3	25	0.025	120	0.224463	FALSE	NA	NA	NA	NA	NA	NA
NC_045512.2	26963	A	T	97	27	27	11	11	27	0.088	125	0.00119887	TRUE	NA	NA	NA	NA	NA	NA
NC_045512.2	26963	A	G	97	27	27	4	3	27	0.032	125	0.127415	FALSE	NA	NA	NA	NA	NA	NA
NC_045512.2	26963	A	C	97	27	27	13	13	26	0.104	125	0.000304897	TRUE	NA	NA	NA	NA	NA	NA
NC_045512.2	26964	C	T	100	29	27	9	9	25	0.072	125	0.00534696	TRUE	NA	NA	NA	NA	NA	NA
NC_045512.2	26964	C	G	100	29	27	6	6	24	0.048	125	0.0382913	FALSE	NA	NA	NA	NA	NA	NA
NC_045512.2	26964	C	A	100	29	27	10	10	26	0.08	125	0.00274613	TRUE	NA	NA	NA	NA	NA	NA
NC_045512.2	26965	A	T	100	30	27	8	8	26	0.064	125	0.0103721	FALSE	NA	NA	NA	NA	NA	NA
NC_045512.2	26965	A	G	100	30	27	7	7	27	0.056	125	0.0200087	FALSE	NA	NA	NA	NA	NA	NA
NC_045512.2	26965	A	C	100	30	27	10	10	27	0.08	125	0.00274613	TRUE	NA	NA	NA	NA	NA	NA
NC_045512.2	26966	T	G	106	36	27	6	6	27	0.0483871	124	0.0460565	FALSE	NA	NA	NA	NA	NA	NA
NC_045512.2	26966	T	C	106	36	27	5	5	26	0.0403226	124	0.0843446	FALSE	NA	NA	NA	NA	NA	NA
NC_045512.2	26966	T	A	106	36	27	7	7	26	0.0564516	124	0.0248575	FALSE	NA	NA	NA	NA	NA	NA
NC_045512.2	26967	C	T	100	30	27	7	7	27	0.056	125	0.0200087	FALSE	NA	NA	NA	NA	NA	NA
NC_045512.2	26967	C	G	100	30	27	7	7	24	0.056	125	0.0200087	FALSE	NA	NA	NA	NA	NA	NA
NC_045512.2	26967	C	A	100	30	27	11	11	26	0.088	125	0.00140697	TRUE	NA	NA	NA	NA	NA	NA
NC_045512.2	26968	T	G	97	28	26	6	6	27	0.0487805	123	0.0368513	FALSE	NA	NA	NA	NA	NA	NA
NC_045512.2	26968	T	C	97	28	26	13	13	27	0.105691	123	0.00033976	TRUE	NA	NA	NA	NA	NA	NA
NC_045512.2	26968	T	A	97	28	26	7	6	26	0.0569106	123	0.0191336	FALSE	NA	NA	NA	NA	NA	NA
NC_045512.2	26969	T	G	99	31	24	4	4	26	0.0327869	122	0.138551	FALSE	NA	NA	NA	NA	NA	NA
NC_045512.2	26969	T	C	99	31	24	10	10	25	0.0819672	122	0.0029602	TRUE	NA	NA	NA	NA	NA	NA
NC_045512.2	26969	T	A	99	31	24	9	9	25	0.0737705	122	0.00571777	TRUE	NA	NA	NA	NA	NA	NA
NC_045512.2	26970	C	T	102	32	27	7	7	28	0.056	125	0.0213564	FALSE	NA	NA	NA	NA	NA	NA
NC_045512.2	26970	C	G	102	32	27	9	9	26	0.072	125	0.00581696	TRUE	NA	NA	NA	NA	NA	NA
NC_045512.2	26970	C	A	102	32	27	7	7	26	0.056	125	0.0213564	FALSE	NA	NA	NA	NA	NA	NA
NC_045512.2	26971	G	T	96	26	27	10	10	26	0.0819672	122	0.00255827	TRUE	NA	NA	NA	NA	NA	NA
NC_045512.2	26971	G	C	96	26	27	5	5	26	0.0409836	122	0.0698712	FALSE	NA	NA	NA	NA	NA	NA
NC_045512.2	26971	G	A	96	26	27	11	11	24	0.0901639	122	0.00130239	TRUE	NA	NA	NA	NA	NA	NA
NC_045512.2	26972	T	G	100	30	27	6	6	27	0.0491803	122	0.0411171	FALSE	NA	NA	NA	NA	NA	NA
NC_045512.2	26972	T	C	100	30	27	7	7	26	0.057377	122	0.0217617	FALSE	NA	NA	NA	NA	NA	NA
NC_045512.2	26972	T	A	100	30	27	9	9	25	0.0737705	122	0.00596595	TRUE	NA	NA	NA	NA	NA	NA
NC_045512.2	26973	A	T	104	34	27	7	7	26	0.0564516	124	0.0233818	FALSE	NA	NA	NA	NA	NA	NA
NC_045512.2	26973	A	G	104	34	27	3	3	26	0.0241935	124	0.260376	FALSE	NA	NA	NA	NA	NA	NA
NC_045512.2	26973	A	C	104	34	27	10	10	25	0.0806452	124	0.00343702	TRUE	NA	NA	NA	NA	NA	NA
NC_045512.2	26974	T	G	100	30	27	5	5	26	0.0403226	124	0.073862	FALSE	NA	NA	NA	NA	NA	NA
NC_045512.2	26974	T	C	100	30	27	12	12	24	0.0967742	124	0.000756033	TRUE	NA	NA	NA	NA	NA	NA
NC_045512.2	26974	T	A	100	30	27	7	7	26	0.0564516	124	0.0205747	FALSE	NA	NA	NA	NA	NA	NA
NC_045512.2	26975	T	G	99	32	25	1	1	25	0.00826446	121	0.703611	FALSE	NA	NA	NA	NA	NA	NA
NC_045512.2	26975	T	C	99	32	25	17	17	25	0.140496	121	3.09656e-05	TRUE	NA	NA	NA	NA	NA	NA
NC_045512.2	26975	T	A	99	32	25	4	4	25	0.0330579	121	0.140708	FALSE	NA	NA	NA	NA	NA	NA
NC_045512.2	26976	G	T	94	24	27	8	8	26	0.064	125	0.00817377	TRUE	NA	NA	NA	NA	NA	NA
NC_045512.2	26976	G	C	94	24	27	10	10	26	0.08	125	0.00203847	TRUE	NA	NA	NA	NA	NA	NA
NC_045512.2	26976	G	A	94	24	27	13	13	25	0.104	125	0.000250439	TRUE	NA	NA	NA	NA	NA	NA
NC_045512.2	26977	C	T	99	29	27	12	12	25	0.0967742	124	0.000714138	TRUE	NA	NA	NA	NA	NA	NA
NC_045512.2	26977	C	G	99	29	27	5	5	27	0.0403226	124	0.0721597	FALSE	NA	NA	NA	NA	NA	NA
NC_045512.2	26977	C	A	99	29	27	8	8	26	0.0645161	124	0.0103109	FALSE	NA	NA	NA	NA	NA	NA
NC_045512.2	26978	T	G	98	28	27	5	5	25	0.0403226	124	0.0704711	FALSE	NA	NA	NA	NA	NA	NA
NC_045512.2	26978	T	C	98	28	27	14	14	26	0.112903	124	0.000174466	TRUE	NA	NA	NA	NA	NA	NA
NC_045512.2	26978	T	A	98	28	27	7	7	26	0.0564516	124	0.0192439	FALSE	NA	NA	NA	NA	NA	NA
NC_045512.2	26979	G	T	94	24	26	6	6	24	0.0483871	124	0.0328699	FALSE	NA	NA	NA	NA	NA	NA
NC_045512.2	26979	G	C	94	24	26	13	13	26	0.104839	124	0.000264557	TRUE	NA	NA	NA	NA	NA	NA
NC_045512.2	26979	G	A	94	24	26	11	11	26	0.0887097	124	0.00106213	TRUE	NA	NA	NA	NA	NA	NA
NC_045512.2	26980	G	T	90	24	24	10	10	24	0.0847458	118	0.00222761	TRUE	NA	NA	NA	NA	NA	NA
NC_045512.2	26980	G	C	90	24	24	9	9	25	0.0762712	118	0.00442319	TRUE	NA	NA	NA	NA	NA	NA
NC_045512.2	26980	G	A	90	24	24	9	9	27	0.0762712	118	0.00442319	TRUE	NA	NA	NA	NA	NA	NA
NC_045512.2	26981	A	T	95	26	27	13	13	27	0.105691	123	0.000298606	TRUE	NA	NA	NA	NA	NA	NA
NC_045512.2	26981	A	G	95	26	27	6	6	25	0.0487805	123	0.0347263	FALSE	NA	NA	NA	NA	NA	NA
NC_045512.2	26981	A	C	95	26	27	9	9	26	0.0731707	123	0.00461583	TRUE	NA	NA	NA	NA	NA	NA
NC_045512.2	26982	C	T	105	36	27	4	4	28	0.0325203	123	0.151604	FALSE	NA	NA	NA	NA	NA	NA
NC_045512.2	26982	C	G	105	36	27	7	7	25	0.0569106	123	0.0247801	FALSE	NA	NA	NA	NA	NA	NA
NC_045512.2	26982	C	A	105	36	27	7	7	25	0.0569106	123	0.0247801	FALSE	NA	NA	NA	NA	NA	NA
NC_045512.2	26983	A	T	95	26	27	16	16	24	0.129032	124	3.57835e-05	TRUE	NA	NA	NA	NA	NA	NA
NC_045512.2	26983	A	G	95	26	27	6	6	26	0.0483871	124	0.0338893	FALSE	NA	NA	NA	NA	NA	NA
NC_045512.2	26983	A	C	95	26	27	7	7	26	0.0564516	124	0.0173398	FALSE	NA	NA	NA	NA	NA	NA
NC_045512.2	26984	C	T	85	22	26	16	11	26	0.132231	121	1.86802e-05	TRUE	NA	NA	NA	NA	NA	NA
NC_045512.2	26984	C	G	85	22	26	5	5	25	0.0413223	121	0.0531996	FALSE	NA	NA	NA	NA	NA	NA
NC_045512.2	26984	C	A	85	22	26	15	15	26	0.123967	121	3.85663e-05	TRUE	NA	NA	NA	NA	NA	NA
NC_045512.2	26985	C	T	108	41	25	4	4	25	0.0330579	121	0.163982	FALSE	NA	NA	NA	NA	NA	NA
NC_045512.2	26985	C	G	108	41	25	3	3	25	0.0247934	121	0.282104	FALSE	NA	NA	NA	NA	NA	NA
NC_045512.2	26985	C	A	108	41	25	6	6	26	0.0495868	121	0.0518778	FALSE	NA	NA	NA	NA	NA	NA
NC_045512.2	26986	A	T	95	28	27	12	12	27	0.097561	123	0.000592891	TRUE	NA	NA	NA	NA	NA	NA
NC_045512.2	26986	A	G	95	28	27	5	4	27	0.0406504	123	0.0668162	FALSE	NA	NA	NA	NA	NA	NA
NC_045512.2	26986	A	C	95	28	27	11	11	26	0.0894309	123	0.00117681	TRUE	NA	NA	NA	NA	NA	NA
NC_045512.2	26987	T	G	99	31	27	2	2	26	0.0163934	122	0.43231	FALSE	NA	NA	NA	NA	NA	NA
NC_045512.2	26987	T	C	99	31	27	11	11	27	0.0901639	122	0.0015289	TRUE	NA	NA	NA	NA	NA	NA
NC_045512.2	26987	T	A	99	31	27	10	10	26	0.0819672	122	0.0029602	TRUE	NA	NA	NA	NA	NA	NA
NC_045512.2	26988	C	T	96	28	27	12	12	25	0.097561	123	0.000629676	TRUE	NA	NA	NA	NA	NA	NA
NC_045512.2	26988	C	G	96	28	27	4	4	25	0.0325203	123	0.128935	FALSE	NA	NA	NA	NA	NA	NA
NC_045512.2	26988	C	A	96	28	27	11	11	25	0.0894309	123	0.00124371	TRUE	NA	NA	NA	NA	NA	NA
NC_045512.2	26989	T	G	103	35	27	6	6	26	0.0487805	123	0.043576	FALSE	NA	NA	NA	NA	NA	NA
NC_045512.2	26989	T	C	103	35	27	6	6	24	0.0487805	123	0.043576	FALSE	NA	NA	NA	NA	NA	NA
NC_045512.2	26989	T	A	103	35	27	8	8	24	0.0650407	123	0.0123524	FALSE	NA	NA	NA	NA	NA	NA
NC_045512.2	26990	A	T	99	31	27	9	9	26	0.0737705	122	0.00571777	TRUE	NA	NA	NA	NA	NA	NA
NC_045512.2	26990	A	G	99	31	27	3	3	26	0.0245902	122	0.249527	FALSE	NA	NA	NA	NA	NA	NA
NC_045512.2	26990	A	C	99	31	27	11	11	26	0.0901639	122	0.0015289	TRUE	NA	NA	NA	NA	NA	NA
NC_045512.2	26991	G	T	95	27	27	10	10	25	0.0826446	121	0.00253797	TRUE	NA	NA	NA	NA	NA	NA
NC_045512.2	26991	G	C	95	27	27	12	12	26	0.0991736	121	0.000656271	TRUE	NA	NA	NA	NA	NA	NA
NC_045512.2	26991	G	A	95	27	27	4	4	27	0.0330579	121	0.130508	FALSE	NA	NA	NA	NA	NA	NA
NC_045512.2	26992	G	T	90	28	25	12	12	28	0.102564	117	0.000593034	TRUE	NA	NA	NA	NA	NA	NA
NC_045512.2	26992	G	C	90	28	25	10	10	28	0.0854701	117	0.00232781	TRUE	NA	NA	NA	NA	NA	NA
NC_045512.2	26992	G	A	90	28	25	5	5	26	0.042735	117	0.066533	FALSE	NA	NA	NA	NA	NA	NA
NC_045512.2	26993	A	T	93	28	27	14	14	27	0.115702	121	0.00014706	TRUE	NA	NA	NA	NA	NA	NA
NC_045512.2	26993	A	G	93	28	27	7	6	28	0.0578512	121	0.0176082	FALSE	NA	NA	NA	NA	NA	NA
NC_045512.2	26993	A	C	93	28	27	7	7	27	0.0578512	121	0.0176082	FALSE	NA	NA	NA	NA	NA	NA
NC_045512.2	26994	C	T	99	33	26	9	9	26	0.0743802	121	0.00593318	TRUE	NA	NA	NA	NA	NA	NA
NC_045512.2	26994	C	G	99	33	26	9	9	27	0.0743802	121	0.00593318	TRUE	NA	NA	NA	NA	NA	NA
NC_045512.2	26994	C	A	99	33	26	4	4	27	0.0330579	121	0.140708	FALSE	NA	NA	NA	NA	NA	NA
NC_045512.2	26995	G	T	93	27	27	8	8	25	0.0666667	120	0.00927311	TRUE	NA	NA	NA	NA	NA	NA
NC_045512.2	26995	G	C	93	27	27	12	12	27	0.1	120	0.000611615	TRUE	NA	NA	NA	NA	NA	NA
NC_045512.2	26995	G	A	93	27	27	7	7	25	0.0583333	120	0.0181339	FALSE	NA	NA	NA	NA	NA	NA
NC_045512.2	26996	C	T	98	32	27	6	6	26	0.0495868	121	0.0398115	FALSE	NA	NA	NA	NA	NA	NA
NC_045512.2	26996	C	G	98	32	27	1	1	28	0.00826446	121	0.700892	FALSE	NA	NA	NA	NA	NA	NA
NC_045512.2	26996	C	A	98	32	27	16	16	26	0.132231	121	5.53316e-05	TRUE	NA	NA	NA	NA	NA	NA
NC_045512.2	26997	T	G	92	27	27	5	5	27	0.0413223	121	0.064484	FALSE	NA	NA	NA	NA	NA	NA
NC_045512.2	26997	T	C	92	27	27	17	16	26	0.140496	121	1.73037e-05	TRUE	NA	NA	NA	NA	NA	NA
NC_045512.2	26997	T	A	92	27	27	7	7	27	0.0578512	121	0.0169775	FALSE	NA	NA	NA	NA	NA	NA
NC_045512.2	26998	G	T	94	28	27	8	8	27	0.0661157	121	0.00934078	TRUE	NA	NA	NA	NA	NA	NA
NC_045512.2	26998	G	C	94	28	27	12	12	27	0.0991736	121	0.000617693	TRUE	NA	NA	NA	NA	NA	NA
NC_045512.2	26998	G	A	94	28	27	7	7	27	0.0578512	121	0.0182519	FALSE	NA	NA	NA	NA	NA	NA
NC_045512.2	26999	T	G	95	30	27	6	6	27	0.0495868	121	0.0364729	FALSE	NA	NA	NA	NA	NA	NA
NC_045512.2	26999	T	C	95	30	27	13	13	24	0.107438	121	0.000333405	TRUE	NA	NA	NA	NA	NA	NA
NC_045512.2	26999	T	A	95	30	27	7	6	26	0.0578512	121	0.0189085	FALSE	NA	NA	NA	NA	NA	NA
NC_045512.2	27000	G	T	98	32	27	3	3	21	0.025	120	0.251817	FALSE	NA	NA	NA	NA	NA	NA
NC_045512.2	27000	G	C	98	32	27	12	12	27	0.1	120	0.000823279	TRUE	NA	NA	NA	NA	NA	NA
NC_045512.2	27000	G	A	98	32	27	7	7	26	0.0583333	120	0.0215638	FALSE	NA	NA	NA	NA	NA	NA
NC_045512.2	27001	A	T	98	32	28	4	4	23	0.0338983	118	0.144785	FALSE	NA	NA	NA	NA	NA	NA
NC_045512.2	27001	A	G	98	32	28	9	9	26	0.0762712	118	0.00635993	TRUE	NA	NA	NA	NA	NA	NA
NC_045512.2	27001	A	C	98	32	28	7	7	26	0.059322	118	0.0228411	FALSE	NA	NA	NA	NA	NA	NA
NC_045512.2	27002	C	T	100	34	27	7	7	27	0.0583333	120	0.0230267	FALSE	NA	NA	NA	NA	NA	NA
NC_045512.2	27002	C	G	100	34	27	3	3	26	0.025	120	0.258565	FALSE	NA	NA	NA	NA	NA	NA
NC_045512.2	27002	C	A	100	34	27	10	10	26	0.0833333	120	0.00336956	TRUE	NA	NA	NA	NA	NA	NA
NC_045512.2	27003	A	T	91	25	27	8	8	26	0.0672269	119	0.00882524	TRUE	NA	NA	NA	NA	NA	NA
NC_045512.2	27003	A	G	91	25	27	6	6	24	0.0504202	119	0.0339093	FALSE	NA	NA	NA	NA	NA	NA
NC_045512.2	27003	A	C	91	25	27	14	14	26	0.117647	119	0.000143632	TRUE	NA	NA	NA	NA	NA	NA
NC_045512.2	27004	T	G	97	31	27	12	12	27	0.1	120	0.000777137	TRUE	NA	NA	NA	NA	NA	NA
NC_045512.2	27004	T	C	97	31	27	5	5	26	0.0416667	120	0.0745031	FALSE	NA	NA	NA	NA	NA	NA
NC_045512.2	27004	T	A	97	31	27	6	6	26	0.05	120	0.0396388	FALSE	NA	NA	NA	NA	NA	NA
NC_045512.2	27005	C	T	102	36	27	7	7	26	0.0588235	119	0.0252403	FALSE	NA	NA	NA	NA	NA	NA
NC_045512.2	27005	C	G	102	36	27	5	5	25	0.0420168	119	0.0851787	FALSE	NA	NA	NA	NA	NA	NA
NC_045512.2	27005	C	A	102	36	27	5	5	26	0.0420168	119	0.0851787	FALSE	NA	NA	NA	NA	NA	NA
NC_045512.2	27006	A	T	94	28	27	10	10	25	0.0847458	118	0.00274242	TRUE	NA	NA	NA	NA	NA	NA
NC_045512.2	27006	A	G	94	28	27	6	6	25	0.0508475	118	0.038136	FALSE	NA	NA	NA	NA	NA	NA
NC_045512.2	27006	A	C	94	28	27	8	8	25	0.0677966	118	0.0103383	FALSE	NA	NA	NA	NA	NA	NA
NC_045512.2	27007	A	T	96	31	25	7	7	26	0.059322	118	0.0213601	FALSE	NA	NA	NA	NA	NA	NA
NC_045512.2	27007	A	G	96	31	25	3	3	27	0.0254237	118	0.250742	FALSE	NA	NA	NA	NA	NA	NA
NC_045512.2	27007	A	C	96	31	25	12	12	26	0.101695	118	0.000811874	TRUE	NA	NA	NA	NA	NA	NA
NC_045512.2	27008	G	T	91	25	27	11	11	27	0.0916667	120	0.00107847	TRUE	NA	NA	NA	NA	NA	NA
NC_045512.2	27008	G	C	91	25	27	10	10	27	0.0833333	120	0.00215362	TRUE	NA	NA	NA	NA	NA	NA
NC_045512.2	27008	G	A	91	25	27	8	8	26	0.0666667	120	0.00852694	TRUE	NA	NA	NA	NA	NA	NA
NC_045512.2	27009	G	T	92	26	25	7	7	26	0.0588235	119	0.0180142	FALSE	NA	NA	NA	NA	NA	NA
NC_045512.2	27009	G	C	92	26	25	8	8	26	0.0672269	119	0.0092046	TRUE	NA	NA	NA	NA	NA	NA
NC_045512.2	27009	G	A	92	26	25	12	12	26	0.10084	119	0.00060548	TRUE	NA	NA	NA	NA	NA	NA
NC_045512.2	27010	A	T	95	29	28	13	13	25	0.109244	119	0.000372593	TRUE	NA	NA	NA	NA	NA	NA
NC_045512.2	27010	A	G	95	29	28	7	7	26	0.0588235	119	0.0200435	FALSE	NA	NA	NA	NA	NA	NA
NC_045512.2	27010	A	C	95	29	28	4	4	23	0.0336134	119	0.134725	FALSE	NA	NA	NA	NA	NA	NA
NC_045512.2	27011	C	T	93	28	27	8	8	27	0.0683761	117	0.0102733	FALSE	NA	NA	NA	NA	NA	NA
NC_045512.2	27011	C	G	93	28	27	7	7	26	0.0598291	117	0.0198204	FALSE	NA	NA	NA	NA	NA	NA
NC_045512.2	27011	C	A	93	28	27	9	9	27	0.0769231	117	0.00529715	TRUE	NA	NA	NA	NA	NA	NA
NC_045512.2	27012	C	T	95	31	24	4	4	27	0.0344828	116	0.141367	FALSE	NA	NA	NA	NA	NA	NA
NC_045512.2	27012	C	G	95	31	24	10	10	25	0.0862069	116	0.00314136	TRUE	NA	NA	NA	NA	NA	NA
NC_045512.2	27012	C	A	95	31	24	7	7	24	0.0603448	116	0.0218932	FALSE	NA	NA	NA	NA	NA	NA
NC_045512.2	27013	T	G	98	33	27	6	6	28	0.0512821	117	0.0438914	FALSE	NA	NA	NA	NA	NA	NA
NC_045512.2	27013	T	C	98	33	27	7	7	27	0.0598291	117	0.0235116	FALSE	NA	NA	NA	NA	NA	NA
NC_045512.2	27013	T	A	98	33	27	6	6	26	0.0512821	117	0.0438914	FALSE	NA	NA	NA	NA	NA	NA
NC_045512.2	27014	G	T	98	33	27	5	5	28	0.042735	117	0.0810118	FALSE	NA	NA	NA	NA	NA	NA
NC_045512.2	27014	G	C	98	33	27	3	3	25	0.025641	117	0.260572	FALSE	NA	NA	NA	NA	NA	NA
NC_045512.2	27014	G	A	98	33	27	11	11	26	0.0940171	117	0.00182715	TRUE	NA	NA	NA	NA	NA	NA
NC_045512.2	27015	C	T	91	26	26	4	4	26	0.0336134	119	0.124424	FALSE	NA	NA	NA	NA	NA	NA
NC_045512.2	27015	C	G	91	26	26	11	11	26	0.092437	119	0.00113138	TRUE	NA	NA	NA	NA	NA	NA
NC_045512.2	27015	C	A	91	26	26	13	13	25	0.109244	119	0.000285705	TRUE	NA	NA	NA	NA	NA	NA
NC_045512.2	27016	C	T	90	29	24	7	7	25	0.0614035	114	0.0194736	FALSE	NA	NA	NA	NA	NA	NA
NC_045512.2	27016	C	G	90	29	24	7	7	26	0.0614035	114	0.0194736	FALSE	NA	NA	NA	NA	NA	NA
NC_045512.2	27016	C	A	90	29	24	10	10	26	0.0877193	114	0.00265922	TRUE	NA	NA	NA	NA	NA	NA
NC_045512.2	27017	T	G	88	25	27	5	5	26	0.0431034	116	0.0644382	FALSE	NA	NA	NA	NA	NA	NA
NC_045512.2	27017	T	C	88	25	27	16	16	26	0.137931	116	3.49905e-05	TRUE	NA	NA	NA	NA	NA	NA
NC_045512.2	27017	T	A	88	25	27	7	7	26	0.0603448	116	0.0169867	FALSE	NA	NA	NA	NA	NA	NA
NC_045512.2	27018	A	T	92	29	26	9	9	28	0.079646	113	0.00592126	TRUE	NA	NA	NA	NA	NA	NA
NC_045512.2	27018	A	G	92	29	26	4	4	25	0.0353982	113	0.140142	FALSE	NA	NA	NA	NA	NA	NA
NC_045512.2	27018	A	C	92	29	26	8	8	26	0.0707965	113	0.0113335	FALSE	NA	NA	NA	NA	NA	NA
NC_045512.2	27019	A	T	90	27	28	8	8	27	0.0695652	115	0.00972362	TRUE	NA	NA	NA	NA	NA	NA
NC_045512.2	27019	A	G	90	27	28	10	10	28	0.0869565	115	0.00254334	TRUE	NA	NA	NA	NA	NA	NA
NC_045512.2	27019	A	C	90	27	28	7	7	27	0.0608696	115	0.0188861	FALSE	NA	NA	NA	NA	NA	NA
NC_045512.2	27020	A	T	89	32	24	7	7	26	0.0630631	111	0.0205979	FALSE	NA	NA	NA	NA	NA	NA
NC_045512.2	27020	A	G	89	32	24	7	7	26	0.0630631	111	0.0205979	FALSE	NA	NA	NA	NA	NA	NA
NC_045512.2	27020	A	C	89	32	24	8	8	26	0.0720721	111	0.0107479	FALSE	NA	NA	NA	NA	NA	NA
NC_045512.2	27021	G	T	91	28	27	13	13	26	0.112069	116	0.000339306	TRUE	NA	NA	NA	NA	NA	NA
NC_045512.2	27021	G	C	91	28	27	8	8	23	0.0689655	116	0.00979234	TRUE	NA	NA	NA	NA	NA	NA
NC_045512.2	27021	G	A	91	28	27	4	4	25	0.0344828	116	0.130716	FALSE	NA	NA	NA	NA	NA	NA
NC_045512.2	27022	A	T	88	26	26	6	6	27	0.0560748	107	0.0422711	FALSE	NA	NA	NA	NA	NA	NA
NC_045512.2	27022	A	G	88	26	26	3	3	26	0.0280374	107	0.255497	FALSE	NA	NA	NA	NA	NA	NA
NC_045512.2	27022	A	C	88	26	26	10	10	26	0.0934579	107	0.00329293	TRUE	NA	NA	NA	NA	NA	NA
NC_045512.2	27023	A	T	90	28	27	6	6	27	0.0521739	115	0.036408	FALSE	NA	NA	NA	NA	NA	NA
NC_045512.2	27023	A	G	90	28	27	10	10	25	0.0869565	115	0.00254334	TRUE	NA	NA	NA	NA	NA	NA
NC_045512.2	27023	A	C	90	28	27	9	9	26	0.0782609	115	0.00498109	TRUE	NA	NA	NA	NA	NA	NA
NC_045512.2	27024	A	T	83	28	23	9	9	26	0.0825688	109	0.0045003	TRUE	NA	NA	NA	NA	NA	NA
NC_045512.2	27024	A	G	83	28	23	7	6	27	0.0642202	109	0.0174207	FALSE	NA	NA	NA	NA	NA	NA
NC_045512.2	27024	A	C	83	28	23	10	10	26	0.0917431	109	0.00227559	TRUE	NA	NA	NA	NA	NA	NA
NC_045512.2	27025	T	G	92	30	26	4	4	26	0.036036	111	0.144891	FALSE	NA	NA	NA	NA	NA	NA
NC_045512.2	27025	T	C	92	30	26	7	7	26	0.0630631	111	0.0229417	FALSE	NA	NA	NA	NA	NA	NA
NC_045512.2	27025	T	A	92	30	26	8	8	24	0.0720721	111	0.012161	FALSE	NA	NA	NA	NA	NA	NA
NC_045512.2	27026	C	T	87	26	27	10	10	25	0.0892857	112	0.00247772	TRUE	NA	NA	NA	NA	NA	NA
NC_045512.2	27026	C	G	87	26	27	6	6	24	0.0535714	112	0.0357865	FALSE	NA	NA	NA	NA	NA	NA
NC_045512.2	27026	C	A	87	26	27	9	9	24	0.0803571	112	0.00486218	TRUE	NA	NA	NA	NA	NA	NA
NC_045512.2	27027	A	T	87	26	27	3	3	25	0.027027	111	0.239283	FALSE	NA	NA	NA	NA	NA	NA
NC_045512.2	27027	A	G	87	26	27	10	10	26	0.0900901	111	0.00259407	TRUE	NA	NA	NA	NA	NA	NA
NC_045512.2	27027	A	C	87	26	27	11	11	25	0.0990991	111	0.00132586	TRUE	NA	NA	NA	NA	NA	NA
NC_045512.2	27028	C	T	87	26	27	10	10	26	0.0884956	113	0.00236706	TRUE	NA	NA	NA	NA	NA	NA
NC_045512.2	27028	C	G	87	26	27	5	5	26	0.0442478	113	0.0669313	FALSE	NA	NA	NA	NA	NA	NA
NC_045512.2	27028	C	A	87	26	27	11	11	25	0.0973451	113	0.00119842	TRUE	NA	NA	NA	NA	NA	NA
NC_045512.2	27029	T	G	85	24	27	10	10	26	0.0892857	112	0.00221653	TRUE	NA	NA	NA	NA	NA	NA
NC_045512.2	27029	T	C	85	24	27	5	5	23	0.0446429	112	0.0647599	FALSE	NA	NA	NA	NA	NA	NA
NC_045512.2	27029	T	A	85	24	27	12	12	26	0.107143	112	0.000560872	TRUE	NA	NA	NA	NA	NA	NA
NC_045512.2	27030	G	T	96	35	27	2	2	26	0.0178571	112	0.453185	FALSE	NA	NA	NA	NA	NA	NA
NC_045512.2	27030	G	C	96	35	27	10	10	25	0.0892857	112	0.00392052	TRUE	NA	NA	NA	NA	NA	NA
NC_045512.2	27030	G	A	96	35	27	4	4	28	0.0357143	112	0.15365	FALSE	NA	NA	NA	NA	NA	NA
NC_045512.2	27031	T	G	89	28	26	8	8	26	0.0707965	113	0.0100042	FALSE	NA	NA	NA	NA	NA	NA
NC_045512.2	27031	T	C	89	28	26	5	5	27	0.0442478	113	0.0705948	FALSE	NA	NA	NA	NA	NA	NA
NC_045512.2	27031	T	A	89	28	26	11	11	24	0.0973451	113	0.00134972	TRUE	NA	NA	NA	NA	NA	NA
NC_045512.2	27032	T	G	83	29	24	7	7	26	0.0660377	106	0.0192279	FALSE	NA	NA	NA	NA	NA	NA
NC_045512.2	27032	T	C	83	29	24	7	7	24	0.0660377	106	0.0192279	FALSE	NA	NA	NA	NA	NA	NA
NC_045512.2	27032	T	A	83	29	24	9	9	25	0.0849057	106	0.0051176	TRUE	NA	NA	NA	NA	NA	NA
NC_045512.2	27032	T	-G	83	29	24	1	0	20	0.00943396	106	0.692671	FALSE	NA	NA	NA	NA	NA	NA
NC_045512.2	27033	G	T	87	27	27	7	7	25	0.0625	112	0.0179445	FALSE	NA	NA	NA	NA	NA	NA
NC_045512.2	27033	G	C	87	27	27	9	9	26	0.0803571	112	0.00466709	TRUE	NA	NA	NA	NA	NA	NA
NC_045512.2	27033	G	A	87	27	27	9	9	25	0.0803571	112	0.00466709	TRUE	NA	NA	NA	NA	NA	NA
NC_045512.2	27034	C	T	86	25	27	7	7	26	0.0630631	111	0.0183912	FALSE	NA	NA	NA	NA	NA	NA
NC_045512.2	27034	C	G	86	25	27	12	12	26	0.108108	111	0.000634114	TRUE	NA	NA	NA	NA	NA	NA
NC_045512.2	27034	C	A	86	25	27	6	6	24	0.0540541	111	0.0355729	FALSE	NA	NA	NA	NA	NA	NA
NC_045512.2	27035	T	G	92	31	27	7	7	25	0.0625	112	0.0222494	FALSE	NA	NA	NA	NA	NA	NA
NC_045512.2	27035	T	C	92	31	27	6	6	24	0.0535714	112	0.04185	FALSE	NA	NA	NA	NA	NA	NA
NC_045512.2	27035	T	A	92	31	27	7	7	25	0.0625	112	0.0222494	FALSE	NA	NA	NA	NA	NA	NA
NC_045512.2	27036	A	T	32	10	27	1	1	21	0.0285714	35	0.492537	FALSE	NA	NA	NA	NA	NA	NA
NC_045512.2	27036	A	G	32	10	27	1	1	24	0.0285714	35	0.492537	FALSE	NA	NA	NA	NA	NA	NA
NC_045512.2	27036	A	C	32	10	27	1	1	28	0.0285714	35	0.492537	FALSE	NA	NA	NA	NA	NA	NA
NC_045512.2	27037	C	T	31	10	27	2	2	27	0.0588235	34	0.246154	FALSE	NA	NA	NA	NA	NA	NA
NC_045512.2	27037	C	G	31	10	27	1	1	29	0.0294118	34	0.492308	FALSE	NA	NA	NA	NA	NA	NA
NC_045512.2	27038	A	C	32	11	27	2	2	27	0.0588235	34	0.253731	FALSE	NA	NA	NA	NA	NA	NA
NC_045512.2	27039	T	G	32	11	26	1	1	27	0.0294118	34	0.5	FALSE	NA	NA	NA	NA	NA	NA
NC_045512.2	27039	T	C	32	11	26	1	1	27	0.0294118	34	0.5	FALSE	NA	NA	NA	NA	NA	NA
NC_045512.2	27040	C	T	31	10	26	1	1	26	0.0294118	34	0.492308	FALSE	NA	NA	NA	NA	NA	NA
NC_045512.2	27040	C	A	31	10	26	2	2	27	0.0588235	34	0.246154	FALSE	NA	NA	NA	NA	NA	NA
NC_045512.2	27041	A	T	32	11	25	1	1	30	0.0294118	34	0.5	FALSE	NA	NA	NA	NA	NA	NA
NC_045512.2	27041	A	G	32	11	25	1	1	27	0.0294118	34	0.5	FALSE	NA	NA	NA	NA	NA	NA
NC_045512.2	27042	C	A	32	11	26	2	2	23	0.0588235	34	0.253731	FALSE	NA	NA	NA	NA	NA	NA
NC_045512.2	27043	G	T	31	10	27	2	2	24	0.0588235	34	0.246154	FALSE	NA	NA	NA	NA	NA	NA
NC_045512.2	27043	G	A	31	10	27	1	1	32	0.0294118	34	0.492308	FALSE	NA	NA	NA	NA	NA	NA
NC_045512.2	27044	A	T	32	11	26	1	1	27	0.030303	33	0.507692	FALSE	NA	NA	NA	NA	NA	NA
NC_045512.2	27084	G	T	68	58	26	1	1	29	0.0144928	69	0.50365	FALSE	NA	NA	NA	NA	NA	NA
NC_045512.2	27085	C	G	68	58	26	1	1	23	0.0144928	69	0.50365	FALSE	NA	NA	NA	NA	NA	NA
NC_045512.2	27086	A	G	68	58	27	1	1	28	0.0144928	69	0.50365	FALSE	NA	NA	NA	NA	NA	NA
NC_045512.2	27088	G	A	66	59	27	1	1	28	0.0149254	67	0.503759	FALSE	NA	NA	NA	NA	NA	NA
NC_045512.2	27089	T	G	68	59	27	1	1	27	0.0144928	69	0.50365	FALSE	NA	NA	NA	NA	NA	NA
NC_045512.2	27090	G	T	68	59	27	1	1	27	0.0140845	71	0.496403	FALSE	NA	NA	NA	NA	NA	NA
NC_045512.2	27090	G	C	68	59	27	2	2	24	0.028169	71	0.248201	FALSE	NA	NA	NA	NA	NA	NA
NC_045512.2	27091	A	G	68	59	27	2	2	24	0.0285714	70	0.251799	FALSE	NA	NA	NA	NA	NA	NA
NC_045512.2	27092	C	T	69	60	27	1	1	23	0.0140845	71	0.5	FALSE	NA	NA	NA	NA	NA	NA
NC_045512.2	27092	C	G	69	60	27	1	1	29	0.0140845	71	0.5	FALSE	NA	NA	NA	NA	NA	NA
NC_045512.2	27093	T	G	68	59	27	1	1	29	0.0140845	71	0.496403	FALSE	NA	NA	NA	NA	NA	NA
NC_045512.2	27093	T	C	68	59	27	1	1	23	0.0140845	71	0.496403	FALSE	NA	NA	NA	NA	NA	NA
NC_045512.2	27093	T	A	68	59	27	1	1	27	0.0140845	71	0.496403	FALSE	NA	NA	NA	NA	NA	NA
NC_045512.2	27094	C	G	68	59	27	2	2	25	0.028169	71	0.248201	FALSE	NA	NA	NA	NA	NA	NA
NC_045512.2	27094	C	A	68	59	27	1	1	28	0.0140845	71	0.496403	FALSE	NA	NA	NA	NA	NA	NA
NC_045512.2	27095	A	G	67	58	27	1	1	34	0.0136986	73	0.485714	FALSE	NA	NA	NA	NA	NA	NA
NC_045512.2	27095	A	C	67	58	27	5	5	24	0.0684932	73	0.0290879	FALSE	NA	NA	NA	NA	NA	NA
NC_045512.2	27096	G	C	65	56	24	1	1	28	0.0149254	67	0.5	FALSE	NA	NA	NA	NA	NA	NA
NC_045512.2	27096	G	A	65	56	24	1	1	25	0.0149254	67	0.5	FALSE	NA	NA	NA	NA	NA	NA
NC_045512.2	27097	G	T	64	59	26	2	2	23	0.0289855	69	0.240714	FALSE	NA	NA	NA	NA	NA	NA
NC_045512.2	27097	G	C	64	59	26	3	3	27	0.0434783	69	0.119465	FALSE	NA	NA	NA	NA	NA	NA
NC_045512.2	27097	G	-TT	64	59	26	1	0	20	0.0144928	69	0.488722	FALSE	NA	NA	NA	NA	NA	NA
NC_045512.2	27097	G	-T	64	59	26	2	0	20	0.0289855	69	0.240714	FALSE	NA	NA	NA	NA	NA	NA
NC_045512.2	27097	G	+T	64	59	26	2	0	20	0.0289855	69	0.240714	FALSE	NA	NA	NA	NA	NA	NA
NC_045512.2	27098	T	G	31	27	23	1	1	26	0.0277778	36	0.470588	FALSE	NA	NA	NA	NA	NA	NA
NC_045512.2	27098	T	C	31	27	23	1	1	23	0.0277778	36	0.470588	FALSE	NA	NA	NA	NA	NA	NA
NC_045512.2	27098	T	A	31	27	23	3	3	25	0.0833333	36	0.109317	FALSE	NA	NA	NA	NA	NA	NA
NC_045512.2	27099	T	G	61	57	28	4	4	26	0.0606061	66	0.0577845	FALSE	NA	NA	NA	NA	NA	NA
NC_045512.2	27099	T	C	61	57	28	1	1	30	0.0151515	66	0.484375	FALSE	NA	NA	NA	NA	NA	NA
NC_045512.2	27100	T	G	64	59	28	1	1	31	0.0144928	69	0.488722	FALSE	NA	NA	NA	NA	NA	NA
NC_045512.2	27100	T	C	64	59	28	3	3	26	0.0434783	69	0.119465	FALSE	NA	NA	NA	NA	NA	NA
NC_045512.2	27100	T	A	64	59	28	1	1	22	0.0144928	69	0.488722	FALSE	NA	NA	NA	NA	NA	NA
NC_045512.2	27101	T	G	59	58	27	5	5	25	0.0769231	65	0.0288189	FALSE	NA	NA	NA	NA	NA	NA
NC_045512.2	27101	T	C	59	58	27	1	1	30	0.0153846	65	0.483871	FALSE	NA	NA	NA	NA	NA	NA
NC_045512.2	27102	G	T	61	57	26	4	4	25	0.0588235	68	0.0543482	FALSE	NA	NA	NA	NA	NA	NA
NC_045512.2	27102	G	C	61	57	26	1	1	22	0.0147059	68	0.476923	FALSE	NA	NA	NA	NA	NA	NA
NC_045512.2	27102	G	A	61	57	26	2	2	28	0.0294118	68	0.22936	FALSE	NA	NA	NA	NA	NA	NA
NC_045512.2	27103	C	T	62	57	27	1	1	22	0.0144928	69	0.480916	FALSE	NA	NA	NA	NA	NA	NA
NC_045512.2	27103	C	G	62	57	27	4	4	26	0.057971	69	0.0561276	FALSE	NA	NA	NA	NA	NA	NA
NC_045512.2	27103	C	A	62	57	27	2	2	26	0.0289855	69	0.233171	FALSE	NA	NA	NA	NA	NA	NA
NC_045512.2	27104	T	G	65	60	27	2	2	24	0.0289855	69	0.244444	FALSE	NA	NA	NA	NA	NA	NA
NC_045512.2	27104	T	C	65	60	27	2	2	27	0.0289855	69	0.244444	FALSE	NA	NA	NA	NA	NA	NA
NC_045512.2	27105	G	C	65	60	27	1	1	23	0.0144928	69	0.492537	FALSE	NA	NA	NA	NA	NA	NA
NC_045512.2	27105	G	A	65	60	27	3	3	22	0.0434783	69	0.122222	FALSE	NA	NA	NA	NA	NA	NA
NC_045512.2	27106	C	T	63	58	26	3	3	27	0.0428571	70	0.114116	FALSE	NA	NA	NA	NA	NA	NA
NC_045512.2	27106	C	G	63	58	26	3	3	22	0.0428571	70	0.114116	FALSE	NA	NA	NA	NA	NA	NA
NC_045512.2	27106	C	A	63	58	26	1	1	25	0.0142857	70	0.481203	FALSE	NA	NA	NA	NA	NA	NA
NC_045512.2	27107	A	G	57	56	26	3	3	27	0.047619	63	0.115906	FALSE	NA	NA	NA	NA	NA	NA
NC_045512.2	27107	A	C	57	56	26	3	3	23	0.047619	63	0.115906	FALSE	NA	NA	NA	NA	NA	NA
NC_045512.2	27108	T	G	57	56	27	1	1	25	0.015625	64	0.479339	FALSE	NA	NA	NA	NA	NA	NA
NC_045512.2	27108	T	C	57	56	27	2	2	28	0.03125	64	0.231811	FALSE	NA	NA	NA	NA	NA	NA
NC_045512.2	27108	T	A	57	56	27	4	4	25	0.0625	64	0.0556274	FALSE	NA	NA	NA	NA	NA	NA
NC_045512.2	27109	A	T	59	58	27	1	1	25	0.015873	63	0.491803	FALSE	NA	NA	NA	NA	NA	NA
NC_045512.2	27109	A	G	59	58	27	2	2	23	0.031746	63	0.243902	FALSE	NA	NA	NA	NA	NA	NA
NC_045512.2	27109	A	C	59	58	27	1	1	26	0.015873	63	0.491803	FALSE	NA	NA	NA	NA	NA	NA
NC_045512.2	27110	C	T	57	56	26	1	1	26	0.015625	64	0.479339	FALSE	NA	NA	NA	NA	NA	NA
NC_045512.2	27110	C	G	57	56	26	6	6	26	0.09375	64	0.0137956	FALSE	NA	NA	NA	NA	NA	NA
NC_045512.2	27111	A	T	58	57	26	3	3	26	0.046875	64	0.11605	FALSE	NA	NA	NA	NA	NA	NA
NC_045512.2	27111	A	C	58	57	26	3	3	26	0.046875	64	0.11605	FALSE	NA	NA	NA	NA	NA	NA
NC_045512.2	27112	G	C	61	60	27	1	1	26	0.015625	64	0.496	FALSE	NA	NA	NA	NA	NA	NA
NC_045512.2	27112	G	A	61	60	27	2	2	27	0.03125	64	0.248	FALSE	NA	NA	NA	NA	NA	NA
NC_045512.2	27113	T	G	59	58	27	2	2	22	0.03125	64	0.239969	FALSE	NA	NA	NA	NA	NA	NA
NC_045512.2	27113	T	A	59	58	27	3	3	26	0.046875	64	0.119024	FALSE	NA	NA	NA	NA	NA	NA
NC_045512.2	27114	C	G	61	61	27	3	3	27	0.046875	64	0.124976	FALSE	NA	NA	NA	NA	NA	NA
NC_045512.2	27115	G	T	58	57	27	5	5	27	0.078125	64	0.0287805	FALSE	NA	NA	NA	NA	NA	NA
NC_045512.2	27115	G	A	58	57	27	1	1	28	0.015625	64	0.483607	FALSE	NA	NA	NA	NA	NA	NA
NC_045512.2	27116	C	T	61	60	27	1	1	28	0.0153846	65	0.492063	FALSE	NA	NA	NA	NA	NA	NA
NC_045512.2	27116	C	G	61	60	27	2	2	26	0.0307692	65	0.244094	FALSE	NA	NA	NA	NA	NA	NA
NC_045512.2	27116	C	A	61	60	27	1	1	28	0.0153846	65	0.492063	FALSE	NA	NA	NA	NA	NA	NA
NC_045512.2	27117	T	G	58	57	27	2	2	28	0.0307692	65	0.232101	FALSE	NA	NA	NA	NA	NA	NA
NC_045512.2	27117	T	A	58	57	27	5	5	26	0.0769231	65	0.0276474	FALSE	NA	NA	NA	NA	NA	NA
NC_045512.2	27118	A	T	57	56	27	2	2	24	0.0307692	65	0.228042	FALSE	NA	NA	NA	NA	NA	NA
NC_045512.2	27118	A	G	57	56	27	4	4	22	0.0615385	65	0.0538474	FALSE	NA	NA	NA	NA	NA	NA
NC_045512.2	27118	A	C	57	56	27	2	2	28	0.0307692	65	0.228042	FALSE	NA	NA	NA	NA	NA	NA
NC_045512.2	27119	C	T	58	57	27	2	2	28	0.0307692	65	0.232101	FALSE	NA	NA	NA	NA	NA	NA
NC_045512.2	27119	C	G	58	57	27	4	4	25	0.0615385	65	0.0557336	FALSE	NA	NA	NA	NA	NA	NA
NC_045512.2	27119	C	A	58	57	27	1	1	29	0.0153846	65	0.479675	FALSE	NA	NA	NA	NA	NA	NA
NC_045512.2	27120	A	T	57	56	26	1	1	29	0.016129	62	0.487395	FALSE	NA	NA	NA	NA	NA	NA
NC_045512.2	27120	A	G	57	56	26	2	2	24	0.0322581	62	0.239636	FALSE	NA	NA	NA	NA	NA	NA
NC_045512.2	27120	A	C	57	56	26	2	2	27	0.0322581	62	0.239636	FALSE	NA	NA	NA	NA	NA	NA
NC_045512.2	27121	G	T	52	51	23	6	6	26	0.101695	59	0.0136409	FALSE	NA	NA	NA	NA	NA	NA
NC_045512.2	27121	G	A	52	51	23	1	1	28	0.0169492	59	0.477477	FALSE	NA	NA	NA	NA	NA	NA
NC_045512.2	27122	G	T	61	60	26	4	4	26	0.0615385	65	0.0614967	FALSE	NA	NA	NA	NA	NA	NA
NC_045512.2	27123	A	T	57	56	26	4	4	26	0.0615385	65	0.0538474	FALSE	NA	NA	NA	NA	NA	NA
NC_045512.2	27123	A	G	57	56	26	2	2	29	0.0307692	65	0.228042	FALSE	NA	NA	NA	NA	NA	NA
NC_045512.2	27123	A	C	57	56	26	2	2	27	0.0307692	65	0.228042	FALSE	NA	NA	NA	NA	NA	NA
NC_045512.2	27124	T	G	51	50	22	3	3	25	0.0526316	57	0.114929	FALSE	NA	NA	NA	NA	NA	NA
NC_045512.2	27124	T	A	51	50	22	3	3	27	0.0526316	57	0.114929	FALSE	NA	NA	NA	NA	NA	NA
NC_045512.2	27125	T	G	65	58	27	2	2	24	0.028169	71	0.237334	FALSE	NA	NA	NA	NA	NA	NA
NC_045512.2	27125	T	C	65	58	27	4	4	29	0.056338	71	0.0580528	FALSE	NA	NA	NA	NA	NA	NA
NC_045512.2	27126	G	T	63	55	23	5	5	28	0.0704225	71	0.0268933	FALSE	NA	NA	NA	NA	NA	NA
NC_045512.2	27126	G	C	63	55	23	2	2	24	0.028169	71	0.229961	FALSE	NA	NA	NA	NA	NA	NA
NC_045512.2	27126	G	A	63	55	23	1	1	23	0.0140845	71	0.477612	FALSE	NA	NA	NA	NA	NA	NA
NC_045512.2	27127	G	T	66	59	26	1	1	28	0.0140845	71	0.489051	FALSE	NA	NA	NA	NA	NA	NA
NC_045512.2	27127	G	C	66	59	26	2	2	26	0.028169	71	0.240982	FALSE	NA	NA	NA	NA	NA	NA
NC_045512.2	27127	G	A	66	59	26	2	2	27	0.028169	71	0.240982	FALSE	NA	NA	NA	NA	NA	NA
NC_045512.2	27128	C	T	67	59	26	1	1	28	0.0140845	71	0.492754	FALSE	NA	NA	NA	NA	NA	NA
NC_045512.2	27128	C	G	67	59	26	2	2	25	0.028169	71	0.244604	FALSE	NA	NA	NA	NA	NA	NA
NC_045512.2	27128	C	A	67	59	26	1	1	28	0.0140845	71	0.492754	FALSE	NA	NA	NA	NA	NA	NA
NC_045512.2	27129	A	G	60	52	23	3	3	29	0.046875	64	0.122	FALSE	NA	NA	NA	NA	NA	NA
NC_045512.2	27129	A	C	60	52	23	1	1	29	0.015625	64	0.491935	FALSE	NA	NA	NA	NA	NA	NA
NC_045512.2	27130	A	T	63	56	26	6	6	28	0.084507	71	0.0133499	FALSE	NA	NA	NA	NA	NA	NA
NC_045512.2	27130	A	G	63	56	26	1	1	28	0.0140845	71	0.477612	FALSE	NA	NA	NA	NA	NA	NA
NC_045512.2	27130	A	C	63	56	26	1	1	23	0.0140845	71	0.477612	FALSE	NA	NA	NA	NA	NA	NA
NC_045512.2	27131	C	T	65	57	27	1	1	22	0.0138889	72	0.481752	FALSE	NA	NA	NA	NA	NA	NA
NC_045512.2	27131	C	G	65	57	27	3	3	25	0.0416667	72	0.114423	FALSE	NA	NA	NA	NA	NA	NA
NC_045512.2	27131	C	A	65	57	27	3	3	26	0.0416667	72	0.114423	FALSE	NA	NA	NA	NA	NA	NA
NC_045512.2	27132	T	G	65	57	27	2	2	30	0.0277778	72	0.233894	FALSE	NA	NA	NA	NA	NA	NA
NC_045512.2	27132	T	C	65	57	27	4	4	26	0.0555556	72	0.0563942	FALSE	NA	NA	NA	NA	NA	NA
NC_045512.2	27132	T	A	65	57	27	1	1	27	0.0138889	72	0.481752	FALSE	NA	NA	NA	NA	NA	NA
NC_045512.2	27133	A	T	88	61	27	2	2	29	0.0217391	92	0.245856	FALSE	NA	NA	NA	NA	NA	NA
NC_045512.2	27133	A	C	88	61	27	2	2	27	0.0217391	92	0.245856	FALSE	NA	NA	NA	NA	NA	NA
NC_045512.2	27134	T	G	87	60	27	4	4	26	0.0434783	92	0.060434	FALSE	NA	NA	NA	NA	NA	NA
NC_045512.2	27134	T	C	87	60	27	1	1	27	0.0108696	92	0.49162	FALSE	NA	NA	NA	NA	NA	NA
NC_045512.2	27135	A	T	80	53	24	3	3	27	0.0348837	86	0.11837	FALSE	NA	NA	NA	NA	NA	NA
NC_045512.2	27135	A	G	80	53	24	2	2	27	0.0232558	86	0.239593	FALSE	NA	NA	NA	NA	NA	NA
NC_045512.2	27135	A	C	80	53	24	1	1	28	0.0116279	86	0.487952	FALSE	NA	NA	NA	NA	NA	NA
NC_045512.2	27136	A	C	85	58	28	7	7	27	0.076087	92	0.0072151	TRUE	NA	NA	NA	NA	NA	NA
NC_045512.2	27137	A	T	82	59	26	2	2	27	0.0227273	88	0.239835	FALSE	NA	NA	NA	NA	NA	NA
NC_045512.2	27137	A	G	82	59	26	4	4	25	0.0454545	88	0.058919	FALSE	NA	NA	NA	NA	NA	NA
NC_045512.2	27138	T	G	83	56	24	4	4	25	0.043956	91	0.0563174	FALSE	NA	NA	NA	NA	NA	NA
NC_045512.2	27138	T	C	83	56	24	3	3	26	0.032967	91	0.114577	FALSE	NA	NA	NA	NA	NA	NA
NC_045512.2	27138	T	A	83	56	24	1	1	28	0.010989	91	0.482759	FALSE	NA	NA	NA	NA	NA	NA
NC_045512.2	27138	T	-T	83	56	24	1	0	20	0.010989	91	0.482759	FALSE	NA	NA	NA	NA	NA	NA
NC_045512.2	27139	T	G	87	61	25	1	1	27	0.0111111	90	0.497175	FALSE	NA	NA	NA	NA	NA	NA
NC_045512.2	27139	T	C	87	61	25	2	2	26	0.0222222	90	0.248588	FALSE	NA	NA	NA	NA	NA	NA
NC_045512.2	27140	A	C	80	53	24	1	1	28	0.0123457	81	0.503106	FALSE	NA	NA	NA	NA	NA	NA
NC_045512.2	27141	A	T	84	57	28	3	3	25	0.0326087	92	0.114691	FALSE	NA	NA	NA	NA	NA	NA
NC_045512.2	27141	A	G	84	57	28	2	2	25	0.0217391	92	0.234656	FALSE	NA	NA	NA	NA	NA	NA
NC_045512.2	27141	A	C	84	57	28	3	3	25	0.0326087	92	0.114691	FALSE	NA	NA	NA	NA	NA	NA
NC_045512.2	27142	A	T	86	61	25	2	2	26	0.0222222	90	0.245763	FALSE	NA	NA	NA	NA	NA	NA
NC_045512.2	27142	A	G	86	61	25	1	1	31	0.0111111	90	0.494318	FALSE	NA	NA	NA	NA	NA	NA
NC_045512.2	27142	A	C	86	61	25	1	1	27	0.0111111	90	0.494318	FALSE	NA	NA	NA	NA	NA	NA
NC_045512.2	27143	C	T	85	58	27	1	1	26	0.0108696	92	0.485876	FALSE	NA	NA	NA	NA	NA	NA
NC_045512.2	27143	C	G	85	58	27	5	5	22	0.0543478	92	0.0287035	FALSE	NA	NA	NA	NA	NA	NA
NC_045512.2	27143	C	A	85	58	27	1	1	29	0.0108696	92	0.485876	FALSE	NA	NA	NA	NA	NA	NA
NC_045512.2	27144	A	T	86	59	27	1	1	27	0.0108696	92	0.488764	FALSE	NA	NA	NA	NA	NA	NA
NC_045512.2	27144	A	G	86	59	27	4	4	25	0.0434783	92	0.0590759	FALSE	NA	NA	NA	NA	NA	NA
NC_045512.2	27144	A	C	86	59	27	1	1	27	0.0108696	92	0.488764	FALSE	NA	NA	NA	NA	NA	NA
NC_045512.2	27145	C	T	85	59	27	3	2	28	0.0326087	92	0.116749	FALSE	NA	NA	NA	NA	NA	NA
NC_045512.2	27145	C	G	85	59	27	1	1	26	0.0108696	92	0.485876	FALSE	NA	NA	NA	NA	NA	NA
NC_045512.2	27145	C	A	85	59	27	3	3	24	0.0326087	92	0.116749	FALSE	NA	NA	NA	NA	NA	NA
NC_045512.2	27146	A	T	84	58	27	4	4	22	0.043956	91	0.0576734	FALSE	NA	NA	NA	NA	NA	NA
NC_045512.2	27146	A	G	84	58	27	3	2	26	0.032967	91	0.116657	FALSE	NA	NA	NA	NA	NA	NA
NC_045512.2	27147	G	T	86	59	27	3	3	27	0.0326087	92	0.118808	FALSE	NA	NA	NA	NA	NA	NA
NC_045512.2	27147	G	C	86	59	27	2	2	27	0.0217391	92	0.240286	FALSE	NA	NA	NA	NA	NA	NA
NC_045512.2	27147	G	A	86	59	27	1	1	24	0.0108696	92	0.488764	FALSE	NA	NA	NA	NA	NA	NA
NC_045512.2	27148	A	G	84	57	27	6	6	25	0.0652174	92	0.0138625	FALSE	NA	NA	NA	NA	NA	NA
NC_045512.2	27148	A	C	84	57	27	2	2	26	0.0217391	92	0.234656	FALSE	NA	NA	NA	NA	NA	NA
NC_045512.2	27149	C	T	82	55	24	2	2	27	0.0224719	89	0.237046	FALSE	NA	NA	NA	NA	NA	NA
NC_045512.2	27149	C	G	82	55	24	3	3	27	0.0337079	89	0.116468	FALSE	NA	NA	NA	NA	NA	NA
NC_045512.2	27149	C	A	82	55	24	2	2	27	0.0224719	89	0.237046	FALSE	NA	NA	NA	NA	NA	NA
NC_045512.2	27150	C	T	86	60	26	2	2	25	0.021978	91	0.243001	FALSE	NA	NA	NA	NA	NA	NA
NC_045512.2	27150	C	A	86	60	26	3	3	27	0.032967	91	0.120822	FALSE	NA	NA	NA	NA	NA	NA
NC_045512.2	27151	A	T	87	60	27	2	2	26	0.0217391	92	0.243079	FALSE	NA	NA	NA	NA	NA	NA
NC_045512.2	27151	A	G	87	60	27	1	1	23	0.0108696	92	0.49162	FALSE	NA	NA	NA	NA	NA	NA
NC_045512.2	27151	A	C	87	60	27	2	2	28	0.0217391	92	0.243079	FALSE	NA	NA	NA	NA	NA	NA
NC_045512.2	27152	T	C	83	56	24	1	1	27	0.011236	89	0.488372	FALSE	NA	NA	NA	NA	NA	NA
NC_045512.2	27152	T	A	83	56	24	5	5	26	0.0561798	89	0.0294798	FALSE	NA	NA	NA	NA	NA	NA
NC_045512.2	27153	T	G	81	57	26	2	2	26	0.0224719	89	0.234125	FALSE	NA	NA	NA	NA	NA	NA
NC_045512.2	27153	T	C	81	57	26	3	3	27	0.0337079	89	0.11434	FALSE	NA	NA	NA	NA	NA	NA
NC_045512.2	27153	T	A	81	57	26	3	3	26	0.0337079	89	0.11434	FALSE	NA	NA	NA	NA	NA	NA
NC_045512.2	27154	C	T	82	55	24	5	5	26	0.0561798	89	0.0286178	FALSE	NA	NA	NA	NA	NA	NA
NC_045512.2	27154	C	G	82	55	24	1	1	22	0.011236	89	0.48538	FALSE	NA	NA	NA	NA	NA	NA
NC_045512.2	27154	C	A	82	55	24	1	1	28	0.011236	89	0.48538	FALSE	NA	NA	NA	NA	NA	NA
NC_045512.2	27155	C	T	85	58	26	1	1	24	0.010989	91	0.488636	FALSE	NA	NA	NA	NA	NA	NA
NC_045512.2	27155	C	G	85	58	26	1	1	27	0.010989	91	0.488636	FALSE	NA	NA	NA	NA	NA	NA
NC_045512.2	27155	C	A	85	58	26	4	4	25	0.043956	91	0.059038	FALSE	NA	NA	NA	NA	NA	NA
NC_045512.2	27156	A	T	87	60	27	4	4	28	0.0434783	92	0.060434	FALSE	NA	NA	NA	NA	NA	NA
NC_045512.2	27156	A	G	87	60	27	1	1	28	0.0108696	92	0.49162	FALSE	NA	NA	NA	NA	NA	NA
NC_045512.2	27157	G	T	84	57	27	1	1	22	0.0108696	92	0.482955	FALSE	NA	NA	NA	NA	NA	NA
NC_045512.2	27157	G	C	84	57	27	2	2	25	0.0217391	92	0.234656	FALSE	NA	NA	NA	NA	NA	NA
NC_045512.2	27157	G	A	84	57	27	5	5	23	0.0543478	92	0.027879	FALSE	NA	NA	NA	NA	NA	NA
NC_045512.2	27158	T	A	88	61	27	4	4	29	0.0434783	92	0.0618	FALSE	NA	NA	NA	NA	NA	NA
NC_045512.2	27158	T	+C	88	61	27	1	0	20	0.0108696	92	0.494444	FALSE	NA	NA	NA	NA	NA	NA
NC_045512.2	27159	A	T	90	63	27	1	1	27	0.0108696	92	0.5	FALSE	NA	NA	NA	NA	NA	NA
NC_045512.2	27159	A	G	90	63	27	1	1	22	0.0108696	92	0.5	FALSE	NA	NA	NA	NA	NA	NA
NC_045512.2	27160	G	T	85	58	27	4	4	24	0.0434783	92	0.057726	FALSE	NA	NA	NA	NA	NA	NA
NC_045512.2	27160	G	C	85	58	27	2	2	28	0.0217391	92	0.237479	FALSE	NA	NA	NA	NA	NA	NA
NC_045512.2	27160	G	A	85	58	27	1	1	24	0.0108696	92	0.485876	FALSE	NA	NA	NA	NA	NA	NA
NC_045512.2	27161	C	T	85	58	27	3	3	26	0.0326087	92	0.116749	FALSE	NA	NA	NA	NA	NA	NA
NC_045512.2	27161	C	A	85	58	27	4	4	26	0.0434783	92	0.057726	FALSE	NA	NA	NA	NA	NA	NA
NC_045512.2	27162	A	G	89	62	27	2	2	25	0.0217391	92	0.248619	FALSE	NA	NA	NA	NA	NA	NA
NC_045512.2	27162	A	C	89	62	27	1	1	28	0.0108696	92	0.497238	FALSE	NA	NA	NA	NA	NA	NA
NC_045512.2	27163	G	C	85	58	27	1	1	26	0.0108696	92	0.485876	FALSE	NA	NA	NA	NA	NA	NA
NC_045512.2	27163	G	A	85	58	27	6	6	27	0.0652174	92	0.0143518	FALSE	NA	NA	NA	NA	NA	NA
NC_045512.2	27164	T	G	85	58	27	1	1	26	0.0108696	92	0.485876	FALSE	NA	NA	NA	NA	NA	NA
NC_045512.2	27164	T	C	85	58	27	1	1	28	0.0108696	92	0.485876	FALSE	NA	NA	NA	NA	NA	NA
NC_045512.2	27164	T	A	85	58	27	5	5	27	0.0543478	92	0.0287035	FALSE	NA	NA	NA	NA	NA	NA
NC_045512.2	27165	G	T	84	57	27	3	3	26	0.0326087	92	0.114691	FALSE	NA	NA	NA	NA	NA	NA
NC_045512.2	27165	G	C	84	57	27	4	4	27	0.0434783	92	0.0563846	FALSE	NA	NA	NA	NA	NA	NA
NC_045512.2	27165	G	A	84	57	27	1	1	26	0.0108696	92	0.482955	FALSE	NA	NA	NA	NA	NA	NA
NC_045512.2	27166	A	T	90	63	26	1	1	27	0.0108696	92	0.5	FALSE	NA	NA	NA	NA	NA	NA
NC_045512.2	27166	A	C	90	63	26	1	1	22	0.0108696	92	0.5	FALSE	NA	NA	NA	NA	NA	NA
NC_045512.2	27167	C	T	88	61	26	1	1	28	0.0108696	92	0.494444	FALSE	NA	NA	NA	NA	NA	NA
NC_045512.2	27167	C	G	88	61	26	2	2	24	0.0217391	92	0.245856	FALSE	NA	NA	NA	NA	NA	NA
NC_045512.2	27167	C	A	88	61	26	1	1	31	0.0108696	92	0.494444	FALSE	NA	NA	NA	NA	NA	NA
NC_045512.2	27168	A	G	81	54	24	1	1	27	0.0121951	82	0.503067	FALSE	NA	NA	NA	NA	NA	NA
NC_045512.2	27169	A	T	83	57	25	1	1	22	0.010989	91	0.482759	FALSE	NA	NA	NA	NA	NA	NA
NC_045512.2	27169	A	G	83	57	25	4	4	28	0.043956	91	0.0563174	FALSE	NA	NA	NA	NA	NA	NA
NC_045512.2	27169	A	C	83	57	25	3	3	26	0.032967	91	0.114577	FALSE	NA	NA	NA	NA	NA	NA
NC_045512.2	27170	T	C	85	58	27	1	1	30	0.0108696	92	0.485876	FALSE	NA	NA	NA	NA	NA	NA
NC_045512.2	27170	T	A	85	58	27	6	6	27	0.0652174	92	0.0143518	FALSE	NA	NA	NA	NA	NA	NA
NC_045512.2	27171	A	T	86	59	27	1	1	24	0.010989	91	0.491525	FALSE	NA	NA	NA	NA	NA	NA
NC_045512.2	27171	A	C	86	59	27	4	4	24	0.043956	91	0.0604109	FALSE	NA	NA	NA	NA	NA	NA
NC_045512.2	27172	T	C	79	52	24	7	7	27	0.0804598	87	0.00688129	TRUE	NA	NA	NA	NA	NA	NA
NC_045512.2	27172	T	A	79	52	24	1	1	27	0.0114943	87	0.481928	FALSE	NA	NA	NA	NA	NA	NA
NC_045512.2	27173	T	G	77	59	26	1	1	26	0.0113636	88	0.472727	FALSE	NA	NA	NA	NA	NA	NA
NC_045512.2	27173	T	C	77	59	26	5	0	27	0.0568182	88	0.0252119	FALSE	NA	NA	NA	NA	NA	NA
NC_045512.2	27173	T	A	77	59	26	5	5	24	0.0568182	88	0.0252119	FALSE	NA	NA	NA	NA	NA	NA
NC_045512.2	27174	G	T	85	58	26	3	3	23	0.0326087	92	0.116749	FALSE	NA	NA	NA	NA	NA	NA
NC_045512.2	27174	G	C	85	58	26	1	1	22	0.0108696	92	0.485876	FALSE	NA	NA	NA	NA	NA	NA
NC_045512.2	27174	G	A	85	58	26	3	3	28	0.0326087	92	0.116749	FALSE	NA	NA	NA	NA	NA	NA
NC_045512.2	27175	C	T	86	59	27	5	5	25	0.0543478	92	0.0295379	FALSE	NA	NA	NA	NA	NA	NA
NC_045512.2	27175	C	A	86	59	27	1	1	28	0.0108696	92	0.488764	FALSE	NA	NA	NA	NA	NA	NA
NC_045512.2	27175	C	+T	86	59	27	2	0	20	0.0217391	92	0.240286	FALSE	NA	NA	NA	NA	NA	NA
NC_045512.2	27176	T	C	73	47	24	5	4	24	0.0617284	81	0.0274257	FALSE	NA	NA	NA	NA	NA	NA
NC_045512.2	27176	T	A	73	47	24	3	3	24	0.037037	81	0.113274	FALSE	NA	NA	NA	NA	NA	NA
NC_045512.2	27177	T	G	84	57	28	2	2	25	0.0217391	92	0.234656	FALSE	NA	NA	NA	NA	NA	NA
NC_045512.2	27177	T	C	84	57	28	3	3	27	0.0326087	92	0.114691	FALSE	NA	NA	NA	NA	NA	NA
NC_045512.2	27177	T	A	84	57	28	3	3	27	0.0326087	92	0.114691	FALSE	NA	NA	NA	NA	NA	NA
NC_045512.2	27178	T	C	79	59	26	2	2	25	0.0235294	85	0.239468	FALSE	NA	NA	NA	NA	NA	NA
NC_045512.2	27178	T	A	79	59	26	4	4	26	0.0470588	85	0.0587915	FALSE	NA	NA	NA	NA	NA	NA
NC_045512.2	27179	G	T	87	60	27	2	2	26	0.0217391	92	0.243079	FALSE	NA	NA	NA	NA	NA	NA
NC_045512.2	27179	G	A	87	60	27	3	3	26	0.0326087	92	0.120868	FALSE	NA	NA	NA	NA	NA	NA
NC_045512.2	27180	C	T	79	53	27	4	4	27	0.0465116	86	0.0573917	FALSE	NA	NA	NA	NA	NA	NA
NC_045512.2	27180	C	G	79	53	27	2	2	26	0.0232558	86	0.236583	FALSE	NA	NA	NA	NA	NA	NA
NC_045512.2	27180	C	A	79	53	27	1	0	25	0.0116279	86	0.484848	FALSE	NA	NA	NA	NA	NA	NA
NC_045512.2	27181	T	C	78	51	24	3	3	29	0.0348837	86	0.113964	FALSE	NA	NA	NA	NA	NA	NA
NC_045512.2	27181	T	A	78	51	24	5	5	25	0.0581395	86	0.027646	FALSE	NA	NA	NA	NA	NA	NA
NC_045512.2	27181	T	-T	78	51	24	1	0	20	0.0116279	86	0.481707	FALSE	NA	NA	NA	NA	NA	NA
NC_045512.2	27182	T	G	72	52	26	3	3	27	0.0384615	78	0.115373	FALSE	NA	NA	NA	NA	NA	NA
NC_045512.2	27182	T	C	72	52	26	1	1	24	0.0128205	78	0.483444	FALSE	NA	NA	NA	NA	NA	NA
NC_045512.2	27182	T	A	72	52	26	2	2	28	0.025641	78	0.235361	FALSE	NA	NA	NA	NA	NA	NA
NC_045512.2	27183	G	C	81	54	27	4	4	27	0.0465116	86	0.0602877	FALSE	NA	NA	NA	NA	NA	NA
NC_045512.2	27183	G	A	81	54	27	1	1	29	0.0116279	86	0.491018	FALSE	NA	NA	NA	NA	NA	NA
NC_045512.2	27184	T	C	80	53	27	2	2	27	0.0232558	86	0.239593	FALSE	NA	NA	NA	NA	NA	NA
NC_045512.2	27184	T	A	80	53	27	4	4	27	0.0465116	86	0.058835	FALSE	NA	NA	NA	NA	NA	NA
NC_045512.2	27185	A	T	80	53	27	1	1	22	0.0117647	85	0.490909	FALSE	NA	NA	NA	NA	NA	NA
NC_045512.2	27185	A	G	80	53	27	4	4	26	0.0470588	85	0.0602613	FALSE	NA	NA	NA	NA	NA	NA
NC_045512.2	27186	C	T	78	51	27	4	4	26	0.047619	84	0.058747	FALSE	NA	NA	NA	NA	NA	NA
NC_045512.2	27186	C	G	78	51	27	1	1	27	0.0119048	84	0.487654	FALSE	NA	NA	NA	NA	NA	NA
NC_045512.2	27186	C	A	78	51	27	1	1	21	0.0119048	84	0.487654	FALSE	NA	NA	NA	NA	NA	NA
NC_045512.2	27187	A	G	40	14	27	1	1	26	0.0238095	42	0.5	FALSE	NA	NA	NA	NA	NA	NA
NC_045512.2	27187	A	C	40	14	27	1	1	26	0.0238095	42	0.5	FALSE	NA	NA	NA	NA	NA	NA
NC_045512.2	27188	G	A	40	14	27	2	2	26	0.047619	42	0.253012	FALSE	NA	NA	NA	NA	NA	NA
NC_045512.2	27189	T	G	39	13	27	1	1	28	0.0238095	42	0.493827	FALSE	NA	NA	NA	NA	NA	NA
NC_045512.2	27189	T	C	39	13	27	1	1	22	0.0238095	42	0.493827	FALSE	NA	NA	NA	NA	NA	NA
NC_045512.2	27189	T	A	39	13	27	1	1	33	0.0238095	42	0.493827	FALSE	NA	NA	NA	NA	NA	NA
NC_045512.2	27190	A	T	38	12	26	1	1	25	0.025	40	0.5	FALSE	NA	NA	NA	NA	NA	NA
NC_045512.2	27190	A	C	38	12	26	1	1	30	0.025	40	0.5	FALSE	NA	NA	NA	NA	NA	NA
NC_045512.2	27191	A	G	39	14	24	1	1	26	0.0243902	41	0.5	FALSE	NA	NA	NA	NA	NA	NA
NC_045512.2	27191	A	C	39	14	24	1	1	28	0.0243902	41	0.5	FALSE	NA	NA	NA	NA	NA	NA
NC_045512.2	27192	G	T	39	13	27	1	1	23	0.0238095	42	0.493827	FALSE	NA	NA	NA	NA	NA	NA
NC_045512.2	27192	G	A	39	13	27	2	2	24	0.047619	42	0.246914	FALSE	NA	NA	NA	NA	NA	NA
NC_045512.2	27193	T	C	40	14	26	1	1	29	0.0238095	42	0.5	FALSE	NA	NA	NA	NA	NA	NA
NC_045512.2	27193	T	A	40	14	26	1	1	31	0.0238095	42	0.5	FALSE	NA	NA	NA	NA	NA	NA
NC_045512.2	27194	G	T	39	13	26	2	2	22	0.047619	42	0.246914	FALSE	NA	NA	NA	NA	NA	NA
NC_045512.2	27194	G	A	39	13	26	1	1	23	0.0238095	42	0.493827	FALSE	NA	NA	NA	NA	NA	NA
NC_045512.2	27195	A	T	40	14	27	1	1	27	0.0238095	42	0.5	FALSE	NA	NA	NA	NA	NA	NA
NC_045512.2	27195	A	C	40	14	27	1	1	20	0.0238095	42	0.5	FALSE	NA	NA	NA	NA	NA	NA
NC_045512.2	27196	C	T	40	14	27	1	1	27	0.0238095	42	0.5	FALSE	NA	NA	NA	NA	NA	NA
NC_045512.2	27196	C	G	40	14	27	1	1	25	0.0238095	42	0.5	FALSE	NA	NA	NA	NA	NA	NA
NC_045512.2	27197	A	T	39	14	26	1	0	28	0.0243902	41	0.5	FALSE	NA	NA	NA	NA	NA	NA
NC_045512.2	27197	A	C	39	14	26	1	1	25	0.0243902	41	0.5	FALSE	NA	NA	NA	NA	NA	NA
NC_045512.2	27198	A	T	35	13	25	1	1	22	0.027027	37	0.5	FALSE	NA	NA	NA	NA	NA	NA
NC_045512.2	27198	A	G	35	13	25	1	1	29	0.027027	37	0.5	FALSE	NA	NA	NA	NA	NA	NA
NC_045512.2	27199	C	T	39	13	27	3	3	28	0.0714286	42	0.124944	FALSE	NA	NA	NA	NA	NA	NA
NC_045512.2	27202	A	C	27	1	27	1	1	26	0.0357143	28	0.509091	FALSE	NA	NA	NA	NA	NA	NA
NC_045512.2	27203	T	A	27	1	27	1	1	27	0.0357143	28	0.509091	FALSE	NA	NA	NA	NA	NA	NA
NC_045512.2	27206	T	G	26	1	27	1	1	29	0.0357143	28	0.5	FALSE	NA	NA	NA	NA	NA	NA
NC_045512.2	27206	T	C	26	1	27	1	0	27	0.0357143	28	0.5	FALSE	NA	NA	NA	NA	NA	NA
NC_045512.2	27207	T	C	23	1	22	2	0	27	0.0769231	26	0.244898	FALSE	NA	NA	NA	NA	NA	NA
NC_045512.2	27207	T	A	23	1	22	1	1	27	0.0384615	26	0.489796	FALSE	NA	NA	NA	NA	NA	NA
NC_045512.2	27210	T	A	27	1	27	1	1	27	0.0357143	28	0.509091	FALSE	NA	NA	NA	NA	NA	NA
NC_045512.2	27211	C	T	27	1	27	1	1	27	0.0357143	28	0.509091	FALSE	NA	NA	NA	NA	NA	NA
NC_045512.2	27212	T	A	27	1	27	1	1	27	0.0357143	28	0.509091	FALSE	NA	NA	NA	NA	NA	NA
NC_045512.2	27213	C	T	25	1	27	1	1	22	0.0384615	26	0.509804	FALSE	NA	NA	NA	NA	NA	NA
NC_045512.2	27214	G	T	25	1	27	1	1	28	0.0384615	26	0.509804	FALSE	NA	NA	NA	NA	NA	NA
NC_045512.2	27215	T	G	24	1	27	1	1	33	0.04	25	0.510204	FALSE	NA	NA	NA	NA	NA	NA
NC_045512.2	27216	T	C	23	1	22	1	1	24	0.0416667	24	0.510638	FALSE	NA	NA	NA	NA	NA	NA
NC_045512.2	27218	A	T	41	1	27	1	1	24	0.0238095	42	0.506024	FALSE	NA	NA	NA	NA	NA	NA
NC_045512.2	27219	C	T	39	1	26	1	1	24	0.025	40	0.506329	FALSE	NA	NA	NA	NA	NA	NA
NC_045512.2	27219	C	+T	39	1	26	3	0	20	0.075	40	0.134552	FALSE	NA	NA	NA	NA	NA	NA
NC_045512.2	27220	T	G	37	0	27	1	1	24	0.0263158	38	0.506667	FALSE	NA	NA	NA	NA	NA	NA
NC_045512.2	27221	T	C	38	1	27	1	1	27	0.025641	39	0.506494	FALSE	NA	NA	NA	NA	NA	NA
NC_045512.2	27223	C	T	38	1	26	1	1	27	0.025641	39	0.506494	FALSE	NA	NA	NA	NA	NA	NA
NC_045512.2	27224	A	G	38	1	26	1	1	28	0.025641	39	0.506494	FALSE	NA	NA	NA	NA	NA	NA
NC_045512.2	27225	G	T	37	1	27	1	1	30	0.0263158	38	0.506667	FALSE	NA	NA	NA	NA	NA	NA
NC_045512.2	27226	G	A	32	1	22	1	1	29	0.030303	33	0.507692	FALSE	NA	NA	NA	NA	NA	NA
NC_045512.2	27227	T	C	37	1	26	1	1	29	0.0263158	38	0.506667	FALSE	NA	NA	NA	NA	NA	NA
NC_045512.2	27228	T	A	29	1	23	1	1	27	0.0333333	30	0.508475	FALSE	NA	NA	NA	NA	NA	NA
NC_045512.2	27229	A	G	35	1	27	1	1	29	0.0277778	36	0.507042	FALSE	NA	NA	NA	NA	NA	NA
NC_045512.2	27230	C	T	35	1	26	1	1	27	0.0277778	36	0.507042	FALSE	NA	NA	NA	NA	NA	NA
NC_045512.2	27231	T	A	35	1	26	1	1	23	0.0277778	36	0.507042	FALSE	NA	NA	NA	NA	NA	NA
NC_045512.2	27233	T	G	40	1	27	1	1	27	0.0243902	41	0.506173	FALSE	NA	NA	NA	NA	NA	NA
NC_045512.2	27234	A	T	42	2	26	1	1	26	0.0232558	43	0.505882	FALSE	NA	NA	NA	NA	NA	NA
NC_045512.2	27235	G	T	41	1	27	1	1	25	0.0238095	42	0.506024	FALSE	NA	NA	NA	NA	NA	NA
NC_045512.2	27236	C	A	42	1	27	1	1	21	0.0232558	43	0.505882	FALSE	NA	NA	NA	NA	NA	NA
NC_045512.2	27238	G	A	42	1	27	1	1	28	0.0232558	43	0.505882	FALSE	NA	NA	NA	NA	NA	NA
NC_045512.2	27239	A	T	42	1	27	1	1	23	0.0232558	43	0.505882	FALSE	NA	NA	NA	NA	NA	NA
NC_045512.2	27240	G	T	42	1	26	1	1	25	0.0232558	43	0.505882	FALSE	NA	NA	NA	NA	NA	NA
NC_045512.2	27240	G	-A	42	1	26	1	0	20	0.0232558	43	0.505882	FALSE	NA	NA	NA	NA	NA	NA
NC_045512.2	27244	T	C	40	1	26	1	1	25	0.0238095	42	0.5	FALSE	NA	NA	NA	NA	NA	NA
NC_045512.2	27244	T	A	40	1	26	1	1	28	0.0238095	42	0.5	FALSE	NA	NA	NA	NA	NA	NA
NC_045512.2	27245	T	A	31	1	22	2	2	24	0.0606061	33	0.253846	FALSE	NA	NA	NA	NA	NA	NA
NC_045512.2	27246	A	C	38	1	25	1	1	24	0.025641	39	0.506494	FALSE	NA	NA	NA	NA	NA	NA
NC_045512.2	27247	C	T	39	1	25	1	1	25	0.0243902	41	0.5	FALSE	NA	NA	NA	NA	NA	NA
NC_045512.2	27247	C	A	39	1	25	1	1	23	0.0243902	41	0.5	FALSE	NA	NA	NA	NA	NA	NA
NC_045512.2	27248	T	G	39	1	26	1	1	27	0.025	40	0.506329	FALSE	NA	NA	NA	NA	NA	NA
NC_045512.2	27250	A	C	38	2	22	1	1	23	0.025641	39	0.506494	FALSE	NA	NA	NA	NA	NA	NA
NC_045512.2	27251	T	C	39	1	27	2	2	25	0.0487805	41	0.253086	FALSE	NA	NA	NA	NA	NA	NA
NC_045512.2	27252	T	A	34	1	22	2	2	24	0.0555556	36	0.253521	FALSE	NA	NA	NA	NA	NA	NA
NC_045512.2	27253	A	C	38	1	25	1	1	25	0.025641	39	0.506494	FALSE	NA	NA	NA	NA	NA	NA
NC_045512.2	27254	T	A	38	1	27	1	1	25	0.025641	39	0.506494	FALSE	NA	NA	NA	NA	NA	NA
NC_045512.2	27255	T	G	33	1	22	1	1	27	0.0294118	34	0.507463	FALSE	NA	NA	NA	NA	NA	NA
NC_045512.2	27256	A	C	39	2	27	1	1	29	0.025	40	0.506329	FALSE	NA	NA	NA	NA	NA	NA
NC_045512.2	27257	T	C	36	1	27	3	1	26	0.075	40	0.12013	FALSE	NA	NA	NA	NA	NA	NA
NC_045512.2	27257	T	A	36	1	27	1	1	27	0.025	40	0.486842	FALSE	NA	NA	NA	NA	NA	NA
NC_045512.2	27258	G	C	39	2	26	1	1	27	0.025	40	0.506329	FALSE	NA	NA	NA	NA	NA	NA
NC_045512.2	27259	A	T	1	1	28	1	1	28	0.025	40	0.0487805	FALSE	NA	NA	NA	NA	NA	NA
NC_045512.2	27259	A	C	1	1	28	38	1	26	0.95	40	1.46967e-21	TRUE	NA	NA	NA	NA	NA	NA
NC_045512.2	27260	G	T	37	0	27	1	1	24	0.025641	39	0.5	FALSE	NA	NA	NA	NA	NA	NA
NC_045512.2	27260	G	A	37	0	27	1	1	27	0.025641	39	0.5	FALSE	NA	NA	NA	NA	NA	NA
NC_045512.2	27261	G	T	38	2	22	1	1	30	0.025641	39	0.506494	FALSE	NA	NA	NA	NA	NA	NA
NC_045512.2	27262	A	C	38	1	26	2	2	26	0.05	40	0.253165	FALSE	NA	NA	NA	NA	NA	NA
NC_045512.2	27263	C	A	39	2	26	1	1	29	0.025	40	0.506329	FALSE	NA	NA	NA	NA	NA	NA
NC_045512.2	27264	T	G	38	1	26	1	1	27	0.025	40	0.5	FALSE	NA	NA	NA	NA	NA	NA
NC_045512.2	27264	T	A	38	1	26	1	1	26	0.025	40	0.5	FALSE	NA	NA	NA	NA	NA	NA
NC_045512.2	27265	T	G	39	2	28	1	1	26	0.025	40	0.506329	FALSE	NA	NA	NA	NA	NA	NA
NC_045512.2	27266	T	G	39	2	28	1	1	27	0.025	40	0.506329	FALSE	NA	NA	NA	NA	NA	NA
NC_045512.2	27267	T	A	17	1	21	2	2	27	0.105263	19	0.256757	FALSE	NA	NA	NA	NA	NA	NA
NC_045512.2	27268	A	G	36	1	27	1	1	32	0.0263158	38	0.5	FALSE	NA	NA	NA	NA	NA	NA
NC_045512.2	27268	A	C	36	1	27	1	1	28	0.0263158	38	0.5	FALSE	NA	NA	NA	NA	NA	NA
NC_045512.2	27269	A	C	37	2	28	1	1	26	0.0263158	38	0.506667	FALSE	NA	NA	NA	NA	NA	NA
NC_045512.2	27271	G	T	37	2	26	1	1	26	0.0263158	38	0.506667	FALSE	NA	NA	NA	NA	NA	NA
NC_045512.2	27272	T	C	36	2	27	1	0	27	0.0263158	38	0.5	FALSE	NA	NA	NA	NA	NA	NA
NC_045512.2	27272	T	A	36	2	27	1	1	24	0.0263158	38	0.5	FALSE	NA	NA	NA	NA	NA	NA
NC_045512.2	27273	T	G	36	2	28	1	1	25	0.027027	37	0.506849	FALSE	NA	NA	NA	NA	NA	NA
NC_045512.2	27274	T	A	30	2	22	1	1	27	0.0322581	31	0.508197	FALSE	NA	NA	NA	NA	NA	NA
NC_045512.2	27275	C	G	36	2	27	1	1	26	0.027027	37	0.506849	FALSE	NA	NA	NA	NA	NA	NA
NC_045512.2	27276	C	A	32	2	23	1	1	23	0.030303	33	0.507692	FALSE	NA	NA	NA	NA	NA	NA
NC_045512.2	27279	T	A	34	2	28	1	1	25	0.0285714	35	0.507246	FALSE	NA	NA	NA	NA	NA	NA
NC_045512.2	27280	T	G	27	1	22	1	1	28	0.0357143	28	0.509091	FALSE	NA	NA	NA	NA	NA	NA
NC_045512.2	27281	G	T	33	1	27	1	1	28	0.0285714	35	0.5	FALSE	NA	NA	NA	NA	NA	NA
NC_045512.2	27281	G	C	33	1	27	1	1	28	0.0285714	35	0.5	FALSE	NA	NA	NA	NA	NA	NA
NC_045512.2	27282	G	T	34	2	22	1	1	22	0.0285714	35	0.507246	FALSE	NA	NA	NA	NA	NA	NA
NC_045512.2	27283	A	T	33	1	27	1	1	26	0.0285714	35	0.5	FALSE	NA	NA	NA	NA	NA	NA
NC_045512.2	27283	A	C	33	1	27	1	1	23	0.0285714	35	0.5	FALSE	NA	NA	NA	NA	NA	NA
NC_045512.2	27284	A	G	32	1	23	1	1	26	0.030303	33	0.507692	FALSE	NA	NA	NA	NA	NA	NA
NC_045512.2	27286	C	T	33	1	27	1	1	28	0.0285714	35	0.5	FALSE	NA	NA	NA	NA	NA	NA
NC_045512.2	27286	C	A	33	1	27	1	1	22	0.0285714	35	0.5	FALSE	NA	NA	NA	NA	NA	NA
NC_045512.2	27287	T	G	33	1	27	1	1	28	0.0285714	35	0.5	FALSE	NA	NA	NA	NA	NA	NA
NC_045512.2	27287	T	C	33	1	27	1	1	22	0.0285714	35	0.5	FALSE	NA	NA	NA	NA	NA	NA
NC_045512.2	27288	T	C	32	1	23	1	1	26	0.0294118	34	0.5	FALSE	NA	NA	NA	NA	NA	NA
NC_045512.2	27288	T	A	32	1	23	1	1	22	0.0294118	34	0.5	FALSE	NA	NA	NA	NA	NA	NA
NC_045512.2	27289	G	T	34	2	27	1	1	22	0.0285714	35	0.507246	FALSE	NA	NA	NA	NA	NA	NA
NC_045512.2	27290	A	T	33	1	27	2	2	23	0.0571429	35	0.253623	FALSE	NA	NA	NA	NA	NA	NA
NC_045512.2	27291	T	G	33	1	27	1	1	23	0.0294118	34	0.507463	FALSE	NA	NA	NA	NA	NA	NA
NC_045512.2	27292	T	A	33	2	23	1	1	24	0.0294118	34	0.507463	FALSE	NA	NA	NA	NA	NA	NA
NC_045512.2	27293	A	G	34	2	27	1	1	22	0.0285714	35	0.507246	FALSE	NA	NA	NA	NA	NA	NA
NC_045512.2	27294	C	T	34	2	27	1	1	22	0.0285714	35	0.507246	FALSE	NA	NA	NA	NA	NA	NA
NC_045512.2	27295	A	G	33	2	27	2	1	23	0.0571429	35	0.253623	FALSE	NA	NA	NA	NA	NA	NA
NC_045512.2	27296	T	G	33	1	27	1	1	23	0.0285714	35	0.5	FALSE	NA	NA	NA	NA	NA	NA
NC_045512.2	27296	T	A	33	1	27	1	1	25	0.0285714	35	0.5	FALSE	NA	NA	NA	NA	NA	NA
NC_045512.2	27297	C	T	34	2	27	1	1	28	0.0285714	35	0.507246	FALSE	NA	NA	NA	NA	NA	NA
NC_045512.2	27299	T	A	33	1	27	2	2	26	0.0571429	35	0.253623	FALSE	NA	NA	NA	NA	NA	NA
NC_045512.2	27300	A	G	32	1	27	2	1	27	0.0571429	35	0.246269	FALSE	NA	NA	NA	NA	NA	NA
NC_045512.2	27300	A	C	32	1	27	1	1	25	0.0285714	35	0.492537	FALSE	NA	NA	NA	NA	NA	NA
NC_045512.2	27301	A	T	34	2	29	1	1	29	0.0285714	35	0.507246	FALSE	NA	NA	NA	NA	NA	NA
NC_045512.2	27302	A	G	29	1	23	2	2	26	0.0645161	31	0.254098	FALSE	NA	NA	NA	NA	NA	NA
NC_045512.2	27303	C	A	33	1	27	2	2	26	0.0571429	35	0.253623	FALSE	NA	NA	NA	NA	NA	NA
NC_045512.2	27304	C	T	32	2	23	1	1	24	0.030303	33	0.507692	FALSE	NA	NA	NA	NA	NA	NA
NC_045512.2	27305	T	G	33	1	27	1	1	24	0.0285714	35	0.5	FALSE	NA	NA	NA	NA	NA	NA
NC_045512.2	27305	T	A	33	1	27	1	1	23	0.0285714	35	0.5	FALSE	NA	NA	NA	NA	NA	NA
NC_045512.2	27306	C	A	33	1	27	1	1	27	0.0294118	34	0.507463	FALSE	NA	NA	NA	NA	NA	NA
NC_045512.2	27307	A	T	33	1	27	1	1	26	0.0285714	35	0.5	FALSE	NA	NA	NA	NA	NA	NA
NC_045512.2	27307	A	C	33	1	27	1	1	27	0.0285714	35	0.5	FALSE	NA	NA	NA	NA	NA	NA
NC_045512.2	27308	T	A	34	2	27	1	1	25	0.0285714	35	0.507246	FALSE	NA	NA	NA	NA	NA	NA
NC_045512.2	27309	A	G	32	1	27	1	1	25	0.0294118	34	0.5	FALSE	NA	NA	NA	NA	NA	NA
NC_045512.2	27309	A	C	32	1	27	1	1	26	0.0294118	34	0.5	FALSE	NA	NA	NA	NA	NA	NA
NC_045512.2	27312	T	G	22	1	22	1	1	25	0.0416667	24	0.5	FALSE	NA	NA	NA	NA	NA	NA
NC_045512.2	27312	T	C	22	1	22	1	1	23	0.0416667	24	0.5	FALSE	NA	NA	NA	NA	NA	NA
NC_045512.2	27313	A	T	28	0	25	1	1	24	0.0344828	29	0.508772	FALSE	NA	NA	NA	NA	NA	NA
NC_045512.2	27314	A	T	23	1	28	1	1	25	0.04	25	0.5	FALSE	NA	NA	NA	NA	NA	NA
NC_045512.2	27314	A	C	23	1	28	1	1	26	0.04	25	0.5	FALSE	NA	NA	NA	NA	NA	NA
NC_045512.2	27315	A	T	23	1	28	1	1	25	0.04	25	0.5	FALSE	NA	NA	NA	NA	NA	NA
NC_045512.2	27315	A	G	23	1	28	1	1	25	0.04	25	0.5	FALSE	NA	NA	NA	NA	NA	NA
NC_045512.2	27316	A	T	21	1	28	1	1	22	0.0434783	23	0.5	FALSE	NA	NA	NA	NA	NA	NA
NC_045512.2	27316	A	C	21	1	28	1	1	25	0.0434783	23	0.5	FALSE	NA	NA	NA	NA	NA	NA
NC_045512.2	27317	A	T	2	2	26	1	1	27	0.333333	3	0.6	FALSE	NA	NA	NA	NA	NA	NA
NC_045512.2	27318	T	G	20	2	27	1	1	25	0.047619	21	0.512195	FALSE	NA	NA	NA	NA	NA	NA
NC_045512.2	27319	T	C	18	1	28	1	1	26	0.05	20	0.5	FALSE	NA	NA	NA	NA	NA	NA
NC_045512.2	27319	T	A	18	1	28	1	1	21	0.05	20	0.5	FALSE	NA	NA	NA	NA	NA	NA
NC_045512.2	27320	T	C	16	2	23	1	1	21	0.0588235	17	0.515152	FALSE	NA	NA	NA	NA	NA	NA
NC_045512.2	27321	A	C	18	1	26	1	1	24	0.0526316	19	0.513514	FALSE	NA	NA	NA	NA	NA	NA
NC_045512.2	27322	T	G	19	2	26	1	1	25	0.05	20	0.512821	FALSE	NA	NA	NA	NA	NA	NA
NC_045512.2	27323	C	T	18	1	26	2	2	25	0.1	20	0.25641	FALSE	NA	NA	NA	NA	NA	NA
NC_045512.2	27324	T	C	18	2	26	1	1	27	0.0526316	19	0.513514	FALSE	NA	NA	NA	NA	NA	NA
NC_045512.2	27325	A	G	18	2	27	1	1	25	0.0526316	19	0.513514	FALSE	NA	NA	NA	NA	NA	NA
NC_045512.2	27326	A	G	17	2	23	1	1	23	0.0555556	18	0.514286	FALSE	NA	NA	NA	NA	NA	NA
NC_045512.2	27327	G	C	18	2	27	1	1	24	0.0526316	19	0.513514	FALSE	NA	NA	NA	NA	NA	NA
NC_045512.2	27329	C	T	15	1	27	2	2	28	0.117647	17	0.257576	FALSE	NA	NA	NA	NA	NA	NA
NC_045512.2	27330	A	T	16	2	27	1	1	26	0.0588235	17	0.515152	FALSE	NA	NA	NA	NA	NA	NA
NC_045512.2	27332	T	A	15	2	26	1	1	26	0.0625	16	0.516129	FALSE	NA	NA	NA	NA	NA	NA
NC_045512.2	27333	A	G	14	1	26	1	1	22	0.0666667	15	0.517241	FALSE	NA	NA	NA	NA	NA	NA
NC_045512.2	27334	A	T	13	1	23	1	1	30	0.0666667	15	0.5	FALSE	NA	NA	NA	NA	NA	NA
NC_045512.2	27334	A	G	13	1	23	1	1	25	0.0666667	15	0.5	FALSE	NA	NA	NA	NA	NA	NA
NC_045512.2	27335	C	T	14	1	27	1	1	20	0.0625	16	0.5	FALSE	NA	NA	NA	NA	NA	NA
NC_045512.2	27335	C	A	14	1	27	1	1	28	0.0625	16	0.5	FALSE	NA	NA	NA	NA	NA	NA
NC_045512.2	27336	T	G	15	2	26	1	1	28	0.0625	16	0.516129	FALSE	NA	NA	NA	NA	NA	NA
NC_045512.2	27337	G	C	14	1	26	1	1	28	0.0625	16	0.5	FALSE	NA	NA	NA	NA	NA	NA
NC_045512.2	27337	G	A	14	1	26	1	1	22	0.0625	16	0.5	FALSE	NA	NA	NA	NA	NA	NA
NC_045512.2	27338	A	C	15	2	26	1	1	22	0.0625	16	0.516129	FALSE	NA	NA	NA	NA	NA	NA
NC_045512.2	27339	G	T	15	2	26	1	1	27	0.0625	16	0.516129	FALSE	NA	NA	NA	NA	NA	NA
NC_045512.2	27341	A	T	11	1	22	1	1	22	0.0714286	14	0.48	FALSE	NA	NA	NA	NA	NA	NA
NC_045512.2	27341	A	G	11	1	22	1	1	25	0.0714286	14	0.48	FALSE	NA	NA	NA	NA	NA	NA
NC_045512.2	27341	A	C	11	1	22	1	0	25	0.0714286	14	0.48	FALSE	NA	NA	NA	NA	NA	NA
NC_045512.2	27342	T	A	13	1	26	2	2	25	0.133333	15	0.258621	FALSE	NA	NA	NA	NA	NA	NA
NC_045512.2	27343	A	T	12	1	26	1	1	23	0.0714286	14	0.5	FALSE	NA	NA	NA	NA	NA	NA
NC_045512.2	27343	A	G	12	1	26	1	1	22	0.0714286	14	0.5	FALSE	NA	NA	NA	NA	NA	NA
NC_045512.2	27344	A	C	13	2	27	1	1	22	0.0714286	14	0.518519	FALSE	NA	NA	NA	NA	NA	NA
NC_045512.2	27346	T	G	13	2	27	1	1	25	0.0714286	14	0.518519	FALSE	NA	NA	NA	NA	NA	NA
NC_045512.2	27348	T	G	12	1	26	1	1	22	0.0714286	14	0.5	FALSE	NA	NA	NA	NA	NA	NA
NC_045512.2	27348	T	C	12	1	26	1	1	27	0.0714286	14	0.5	FALSE	NA	NA	NA	NA	NA	NA
NC_045512.2	27349	T	A	10	2	22	1	1	22	0.0909091	11	0.52381	FALSE	NA	NA	NA	NA	NA	NA
NC_045512.2	27350	C	T	11	1	26	1	1	26	0.0769231	13	0.5	FALSE	NA	NA	NA	NA	NA	NA
NC_045512.2	27350	C	A	11	1	26	1	1	21	0.0769231	13	0.5	FALSE	NA	NA	NA	NA	NA	NA
NC_045512.2	27351	T	A	11	1	26	2	2	27	0.153846	13	0.26	FALSE	NA	NA	NA	NA	NA	NA
NC_045512.2	27352	C	T	11	1	26	2	2	21	0.153846	13	0.26	FALSE	NA	NA	NA	NA	NA	NA
NC_045512.2	27353	A	T	10	0	27	1	1	28	0.0909091	11	0.52381	FALSE	NA	NA	NA	NA	NA	NA
NC_045512.2	27368	A	G	5	0	26	1	0	27	0.166667	6	0.545455	FALSE	NA	NA	NA	NA	NA	NA
NC_045512.2	27374	T	G	6	0	27	1	1	24	0.142857	7	0.538462	FALSE	NA	NA	NA	NA	NA	NA
NC_045512.2	27375	G	A	6	0	27	1	1	25	0.142857	7	0.538462	FALSE	NA	NA	NA	NA	NA	NA
NC_045512.2	27376	G	C	6	0	22	1	1	24	0.142857	7	0.538462	FALSE	NA	NA	NA	NA	NA	NA
NC_045512.2	27378	G	T	6	0	26	1	1	27	0.142857	7	0.538462	FALSE	NA	NA	NA	NA	NA	NA
NC_045512.2	27379	A	T	5	0	26	1	1	25	0.166667	6	0.545455	FALSE	NA	NA	NA	NA	NA	NA
NC_045512.2	27380	T	C	5	0	26	1	1	25	0.166667	6	0.545455	FALSE	NA	NA	NA	NA	NA	NA
NC_045512.2	27381	T	A	4	0	23	1	1	25	0.2	5	0.555556	FALSE	NA	NA	NA	NA	NA	NA
NC_045512.2	27382	G	C	1	1	22	5	0	27	0.833333	6	0.012987	FALSE	NA	NA	NA	NA	NA	NA
NC_045512.2	27383	A	T	0	0	0	5	0	27	0.833333	6	0.00396825	TRUE	NA	NA	NA	NA	NA	NA
NC_045512.2	27383	A	G	0	0	0	1	1	26	0.166667	6	0.166667	FALSE	NA	NA	NA	NA	NA	NA
NC_045512.2	27384	T	C	1	1	21	5	0	27	0.833333	6	0.012987	FALSE	NA	NA	NA	NA	NA	NA
NC_045512.2	27387	A	C	4	0	27	1	1	26	0.2	5	0.555556	FALSE	NA	NA	NA	NA	NA	NA
NC_045512.2	27388	A	T	2	0	21	1	1	27	0.333333	3	0.6	FALSE	NA	NA	NA	NA	NA	NA
NC_045512.2	27389	C	A	4	0	26	1	1	26	0.2	5	0.555556	FALSE	NA	NA	NA	NA	NA	NA
NC_045512.2	27390	G	T	4	0	28	1	1	25	0.2	5	0.555556	FALSE	NA	NA	NA	NA	NA	NA
NC_045512.2	27392	A	G	4	0	22	1	1	21	0.2	5	0.555556	FALSE	NA	NA	NA	NA	NA	NA
NC_045512.2	27395	T	G	4	0	25	1	1	22	0.2	5	0.555556	FALSE	NA	NA	NA	NA	NA	NA
NC_045512.2	27396	G	A	4	0	23	1	1	23	0.2	5	0.555556	FALSE	NA	NA	NA	NA	NA	NA
NC_045512.2	27397	A	G	3	0	25	1	1	27	0.25	4	0.571429	FALSE	NA	NA	NA	NA	NA	NA
NC_045512.2	27399	A	T	2	0	26	1	1	29	0.333333	3	0.6	FALSE	NA	NA	NA	NA	NA	NA
NC_045512.2	27404	T	C	2	0	23	1	1	27	0.333333	3	0.6	FALSE	NA	NA	NA	NA	NA	NA
NC_045512.2	27406	C	A	2	0	23	1	1	24	0.333333	3	0.6	FALSE	NA	NA	NA	NA	NA	NA
NC_045512.2	27407	T	A	2	0	28	1	1	28	0.333333	3	0.6	FALSE	NA	NA	NA	NA	NA	NA
NC_045512.2	27410	T	A	2	0	20	1	1	27	0.333333	3	0.6	FALSE	NA	NA	NA	NA	NA	NA
NC_045512.2	27411	C	T	2	0	27	1	1	23	0.333333	3	0.6	FALSE	NA	NA	NA	NA	NA	NA
NC_045512.2	27413	T	A	2	0	23	1	1	27	0.333333	3	0.6	FALSE	NA	NA	NA	NA	NA	NA
NC_045512.2	27414	G	T	2	0	27	1	1	26	0.333333	3	0.6	FALSE	NA	NA	NA	NA	NA	NA
NC_045512.2	27417	A	G	2	0	27	1	1	21	0.333333	3	0.6	FALSE	NA	NA	NA	NA	NA	NA
NC_045512.2	27418	C	G	2	0	27	1	1	28	0.333333	3	0.6	FALSE	NA	NA	NA	NA	NA	NA
NC_045512.2	27419	T	A	2	0	27	1	1	29	0.333333	3	0.6	FALSE	NA	NA	NA	NA	NA	NA
NC_045512.2	27420	G	C	2	0	27	1	1	28	0.333333	3	0.6	FALSE	NA	NA	NA	NA	NA	NA
NC_045512.2	27421	A	T	2	0	27	1	1	22	0.333333	3	0.6	FALSE	NA	NA	NA	NA	NA	NA
NC_045512.2	27423	A	T	2	0	24	1	1	28	0.333333	3	0.6	FALSE	NA	NA	NA	NA	NA	NA
NC_045512.2	27424	A	T	1	0	20	1	1	26	0.5	2	0.666667	FALSE	NA	NA	NA	NA	NA	NA
NC_045512.2	27426	A	T	2	1	27	1	0	27	0.333333	3	0.6	FALSE	NA	NA	NA	NA	NA	NA
NC_045512.2	27427	C	A	2	0	27	1	1	26	0.333333	3	0.6	FALSE	NA	NA	NA	NA	NA	NA
NC_045512.2	27428	T	G	2	0	28	1	1	26	0.333333	3	0.6	FALSE	NA	NA	NA	NA	NA	NA
NC_045512.2	27430	G	T	2	0	28	1	1	26	0.333333	3	0.6	FALSE	NA	NA	NA	NA	NA	NA
NC_045512.2	27431	C	T	2	0	27	1	1	26	0.333333	3	0.6	FALSE	NA	NA	NA	NA	NA	NA
NC_045512.2	27432	T	C	2	0	27	1	1	21	0.333333	3	0.6	FALSE	NA	NA	NA	NA	NA	NA
NC_045512.2	27433	A	C	2	0	27	1	1	26	0.333333	3	0.6	FALSE	NA	NA	NA	NA	NA	NA
NC_045512.2	27434	C	A	2	0	27	1	1	26	0.333333	3	0.6	FALSE	NA	NA	NA	NA	NA	NA
NC_045512.2	27437	G	T	2	0	29	1	1	27	0.333333	3	0.6	FALSE	NA	NA	NA	NA	NA	NA
NC_045512.2	27438	T	G	2	0	27	1	1	22	0.333333	3	0.6	FALSE	NA	NA	NA	NA	NA	NA
NC_045512.2	27441	G	A	2	0	27	1	1	27	0.333333	3	0.6	FALSE	NA	NA	NA	NA	NA	NA
NC_045512.2	27442	C	T	2	0	27	1	1	27	0.333333	3	0.6	FALSE	NA	NA	NA	NA	NA	NA
NC_045512.2	27443	T	C	2	0	30	1	1	27	0.333333	3	0.6	FALSE	NA	NA	NA	NA	NA	NA
NC_045512.2	27446	A	G	2	0	28	1	1	27	0.333333	3	0.6	FALSE	NA	NA	NA	NA	NA	NA
NC_045512.2	27447	T	A	2	0	27	1	1	27	0.333333	3	0.6	FALSE	NA	NA	NA	NA	NA	NA
NC_045512.2	27448	C	T	2	0	27	1	1	24	0.333333	3	0.6	FALSE	NA	NA	NA	NA	NA	NA
NC_045512.2	27449	A	T	2	0	28	1	1	32	0.333333	3	0.6	FALSE	NA	NA	NA	NA	NA	NA
NC_045512.2	27450	C	A	2	0	27	1	1	20	0.333333	3	0.6	FALSE	NA	NA	NA	NA	NA	NA
NC_045512.2	27451	T	C	2	0	27	1	1	20	0.333333	3	0.6	FALSE	NA	NA	NA	NA	NA	NA
NC_045512.2	27453	C	T	2	0	28	1	1	27	0.333333	3	0.6	FALSE	NA	NA	NA	NA	NA	NA
NC_045512.2	27507	A	C	10	0	27	16	0	27	0.615385	26	7.40361e-07	TRUE	NA	NA	NA	NA	NA	NA
NC_045512.2	27528	A	-T	27	0	24	13	0	20	0.481481	27	0.000588454	TRUE	NA	NA	NA	NA	NA	NA
NC_045512.2	27542	C	A	26	0	27	1	0	28	0.037037	27	0.509434	FALSE	NA	NA	NA	NA	NA	NA
NC_045512.2	27565	T	C	25	0	23	1	0	23	0.0384615	26	0.509804	FALSE	NA	NA	NA	NA	NA	NA
NC_045512.2	27621	G	-T	11	0	25	7	0	20	0.636364	11	0.0268775	FALSE	NA	NA	NA	NA	NA	NA
NC_045512.2	27631	A	G	10	0	27	1	0	27	0.0909091	11	0.52381	FALSE	NA	NA	NA	NA	NA	NA
NC_045512.2	27742	A	C	46	0	27	1	0	23	0.0212766	47	0.505376	FALSE	NA	NA	NA	NA	NA	NA
NC_045512.2	27743	A	C	48	0	27	1	1	26	0.0204082	49	0.505155	FALSE	NA	NA	NA	NA	NA	NA
NC_045512.2	27757	T	C	48	1	27	1	0	23	0.0204082	49	0.505155	FALSE	NA	NA	NA	NA	NA	NA
NC_045512.2	27762	G	C	49	1	26	1	1	24	0.02	50	0.505051	FALSE	NA	NA	NA	NA	NA	NA
NC_045512.2	27764	A	-C	47	2	22	2	0	20	0.0425532	47	0.263382	FALSE	NA	NA	NA	NA	NA	NA
NC_045512.2	27765	C	G	46	1	27	1	1	25	0.0212766	47	0.494737	FALSE	NA	NA	NA	NA	NA	NA
NC_045512.2	27767	T	A	48	1	27	1	1	25	0.0204082	49	0.505155	FALSE	NA	NA	NA	NA	NA	NA
NC_045512.2	27768	T	A	38	1	22	1	1	27	0.025641	39	0.506494	FALSE	NA	NA	NA	NA	NA	NA
NC_045512.2	27769	C	G	48	1	26	1	1	28	0.0204082	49	0.505155	FALSE	NA	NA	NA	NA	NA	NA
NC_045512.2	27771	T	C	49	1	27	1	1	24	0.02	50	0.505051	FALSE	NA	NA	NA	NA	NA	NA
NC_045512.2	27772	T	A	43	1	23	1	1	25	0.0227273	44	0.505747	FALSE	NA	NA	NA	NA	NA	NA
NC_045512.2	27773	A	G	49	1	27	1	1	25	0.02	50	0.505051	FALSE	NA	NA	NA	NA	NA	NA
NC_045512.2	27775	T	A	48	0	27	1	1	22	0.0204082	49	0.505155	FALSE	NA	NA	NA	NA	NA	NA
NC_045512.2	27779	C	T	49	1	27	1	1	22	0.02	50	0.505051	FALSE	NA	NA	NA	NA	NA	NA
NC_045512.2	27781	T	G	44	1	23	1	1	27	0.0217391	46	0.5	FALSE	NA	NA	NA	NA	NA	NA
NC_045512.2	27781	T	C	44	1	23	1	0	29	0.0217391	46	0.5	FALSE	NA	NA	NA	NA	NA	NA
NC_045512.2	27782	C	A	49	1	27	1	1	22	0.02	50	0.505051	FALSE	NA	NA	NA	NA	NA	NA
NC_045512.2	27783	T	A	49	1	27	1	1	27	0.02	50	0.505051	FALSE	NA	NA	NA	NA	NA	NA
NC_045512.2	27784	A	C	49	1	27	1	1	27	0.02	50	0.505051	FALSE	NA	NA	NA	NA	NA	NA
NC_045512.2	27788	G	C	49	1	27	1	1	27	0.02	50	0.505051	FALSE	NA	NA	NA	NA	NA	NA
NC_045512.2	27789	T	A	49	1	27	1	1	23	0.02	50	0.505051	FALSE	NA	NA	NA	NA	NA	NA
NC_045512.2	27791	C	T	47	1	26	3	1	26	0.06	50	0.124961	FALSE	NA	NA	NA	NA	NA	NA
NC_045512.2	27791	C	-T	47	1	26	2	0	20	0.04	50	0.247423	FALSE	NA	NA	NA	NA	NA	NA
NC_045512.2	27793	T	C	48	1	27	1	0	22	0.02	50	0.5	FALSE	NA	NA	NA	NA	NA	NA
NC_045512.2	27793	T	A	48	1	27	1	1	29	0.02	50	0.5	FALSE	NA	NA	NA	NA	NA	NA
NC_045512.2	27796	T	G	2	1	24	1	1	29	0.333333	3	0.6	FALSE	NA	NA	NA	NA	NA	NA
NC_045512.2	27798	G	C	49	1	28	1	1	28	0.02	50	0.505051	FALSE	NA	NA	NA	NA	NA	NA
NC_045512.2	27799	C	T	49	1	28	1	1	23	0.02	50	0.505051	FALSE	NA	NA	NA	NA	NA	NA
NC_045512.2	27800	C	T	47	1	23	1	1	27	0.0208333	48	0.505263	FALSE	NA	NA	NA	NA	NA	NA
NC_045512.2	27801	T	C	49	1	27	1	1	28	0.02	50	0.505051	FALSE	NA	NA	NA	NA	NA	NA
NC_045512.2	27803	T	A	43	1	22	1	1	28	0.0227273	44	0.505747	FALSE	NA	NA	NA	NA	NA	NA
NC_045512.2	27804	C	T	49	1	27	1	1	21	0.02	50	0.505051	FALSE	NA	NA	NA	NA	NA	NA
NC_045512.2	27805	T	A	49	2	27	1	0	27	0.02	50	0.505051	FALSE	NA	NA	NA	NA	NA	NA
NC_045512.2	27806	G	T	49	1	27	1	1	29	0.02	50	0.505051	FALSE	NA	NA	NA	NA	NA	NA
NC_045512.2	27807	C	T	0	0	0	48	1	27	0.96	50	7.85003e-29	TRUE	NA	NA	NA	NA	NA	NA
NC_045512.2	27807	C	G	0	0	0	2	1	25	0.04	50	0.000784314	TRUE	NA	NA	NA	NA	NA	NA
NC_045512.2	27809	A	G	49	1	26	1	1	29	0.02	50	0.505051	FALSE	NA	NA	NA	NA	NA	NA
NC_045512.2	27809	A	-T	49	1	26	1	0	20	0.02	50	0.505051	FALSE	NA	NA	NA	NA	NA	NA
NC_045512.2	27812	C	T	49	1	28	1	1	29	0.02	50	0.505051	FALSE	NA	NA	NA	NA	NA	NA
NC_045512.2	27813	C	T	49	1	23	1	1	29	0.02	50	0.505051	FALSE	NA	NA	NA	NA	NA	NA
NC_045512.2	27816	G	A	49	1	27	1	1	28	0.02	50	0.505051	FALSE	NA	NA	NA	NA	NA	NA
NC_045512.2	27816	G	-T	49	1	27	1	0	20	0.02	50	0.505051	FALSE	NA	NA	NA	NA	NA	NA
NC_045512.2	27817	T	G	47	0	27	1	1	28	0.0208333	48	0.5	FALSE	NA	NA	NA	NA	NA	NA
NC_045512.2	27818	T	C	49	1	28	1	1	23	0.02	50	0.505051	FALSE	NA	NA	NA	NA	NA	NA
NC_045512.2	27819	T	C	49	1	28	1	1	28	0.02	50	0.505051	FALSE	NA	NA	NA	NA	NA	NA
NC_045512.2	27821	A	T	48	0	27	1	1	29	0.0204082	49	0.505155	FALSE	NA	NA	NA	NA	NA	NA
NC_045512.2	27822	A	T	43	1	22	1	1	26	0.0227273	44	0.505747	FALSE	NA	NA	NA	NA	NA	NA
NC_045512.2	27823	T	C	45	0	27	1	1	26	0.0217391	46	0.505495	FALSE	NA	NA	NA	NA	NA	NA
NC_045512.2	27825	A	G	46	1	24	1	1	28	0.0212766	47	0.505376	FALSE	NA	NA	NA	NA	NA	NA
NC_045512.2	27827	G	T	45	1	27	1	1	29	0.0217391	46	0.505495	FALSE	NA	NA	NA	NA	NA	NA
NC_045512.2	27828	C	A	45	1	27	1	1	29	0.0217391	46	0.505495	FALSE	NA	NA	NA	NA	NA	NA
NC_045512.2	27831	A	C	45	1	27	1	1	24	0.0217391	46	0.505495	FALSE	NA	NA	NA	NA	NA	NA
NC_045512.2	27832	T	C	45	1	27	1	1	31	0.0217391	46	0.505495	FALSE	NA	NA	NA	NA	NA	NA
NC_045512.2	27834	A	T	44	1	27	1	1	29	0.0222222	45	0.505618	FALSE	NA	NA	NA	NA	NA	NA
NC_045512.2	27835	T	G	44	1	26	1	1	29	0.0222222	45	0.505618	FALSE	NA	NA	NA	NA	NA	NA
NC_045512.2	27836	C	T	44	1	25	1	1	21	0.0222222	45	0.505618	FALSE	NA	NA	NA	NA	NA	NA
NC_045512.2	27836	C	-T	44	1	25	1	0	20	0.0222222	45	0.505618	FALSE	NA	NA	NA	NA	NA	NA
NC_045512.2	27840	T	A	11	1	23	1	1	24	0.0833333	12	0.521739	FALSE	NA	NA	NA	NA	NA	NA
NC_045512.2	27841	G	A	33	1	26	1	1	28	0.0294118	34	0.507463	FALSE	NA	NA	NA	NA	NA	NA
NC_045512.2	27842	G	T	31	1	23	1	1	24	0.03125	32	0.507937	FALSE	NA	NA	NA	NA	NA	NA
NC_045512.2	27844	T	A	24	1	22	1	1	27	0.04	25	0.510204	FALSE	NA	NA	NA	NA	NA	NA
NC_045512.2	27845	C	T	33	1	26	1	1	27	0.0294118	34	0.507463	FALSE	NA	NA	NA	NA	NA	NA
NC_045512.2	27846	T	G	33	1	26	1	1	27	0.0294118	34	0.507463	FALSE	NA	NA	NA	NA	NA	NA
NC_045512.2	27848	A	T	33	1	27	1	1	24	0.0294118	34	0.507463	FALSE	NA	NA	NA	NA	NA	NA
NC_045512.2	27849	C	T	33	1	27	1	1	28	0.0294118	34	0.507463	FALSE	NA	NA	NA	NA	NA	NA
NC_045512.2	27850	T	A	33	1	27	1	1	27	0.0294118	34	0.507463	FALSE	NA	NA	NA	NA	NA	NA
NC_045512.2	27852	G	T	33	1	27	1	1	27	0.0294118	34	0.507463	FALSE	NA	NA	NA	NA	NA	NA
NC_045512.2	27854	A	T	27	1	23	1	1	27	0.0357143	28	0.509091	FALSE	NA	NA	NA	NA	NA	NA
NC_045512.2	27857	G	T	30	1	26	1	1	31	0.0322581	31	0.508197	FALSE	NA	NA	NA	NA	NA	NA
NC_045512.2	27858	C	T	30	1	26	1	1	31	0.0322581	31	0.508197	FALSE	NA	NA	NA	NA	NA	NA
NC_045512.2	27859	A	T	30	1	27	1	1	27	0.0322581	31	0.508197	FALSE	NA	NA	NA	NA	NA	NA
NC_045512.2	27860	A	G	28	1	22	1	1	24	0.0344828	29	0.508772	FALSE	NA	NA	NA	NA	NA	NA
NC_045512.2	27862	A	T	30	1	27	1	1	24	0.0322581	31	0.508197	FALSE	NA	NA	NA	NA	NA	NA
NC_045512.2	27863	T	C	30	2	27	1	0	29	0.0322581	31	0.508197	FALSE	NA	NA	NA	NA	NA	NA
NC_045512.2	27865	A	T	30	1	26	1	1	28	0.0322581	31	0.508197	FALSE	NA	NA	NA	NA	NA	NA
NC_045512.2	27866	T	C	30	1	26	1	1	28	0.0322581	31	0.508197	FALSE	NA	NA	NA	NA	NA	NA
NC_045512.2	27868	A	C	26	1	23	1	1	29	0.037037	27	0.509434	FALSE	NA	NA	NA	NA	NA	NA
NC_045512.2	27870	G	T	30	1	26	1	1	27	0.0322581	31	0.508197	FALSE	NA	NA	NA	NA	NA	NA
NC_045512.2	27871	A	G	30	1	26	1	1	27	0.0322581	31	0.508197	FALSE	NA	NA	NA	NA	NA	NA
NC_045512.2	27876	T	G	29	1	23	1	1	29	0.0333333	30	0.508475	FALSE	NA	NA	NA	NA	NA	NA
NC_045512.2	27877	G	C	30	1	27	1	1	32	0.0322581	31	0.508197	FALSE	NA	NA	NA	NA	NA	NA
NC_045512.2	27878	T	A	30	1	26	1	1	26	0.0322581	31	0.508197	FALSE	NA	NA	NA	NA	NA	NA
NC_045512.2	27879	C	A	29	1	26	1	1	29	0.0333333	30	0.508475	FALSE	NA	NA	NA	NA	NA	NA
NC_045512.2	27880	A	G	29	1	26	1	1	29	0.0333333	30	0.508475	FALSE	NA	NA	NA	NA	NA	NA
NC_045512.2	27881	C	A	29	1	26	1	1	28	0.0333333	30	0.508475	FALSE	NA	NA	NA	NA	NA	NA
NC_045512.2	27882	G	T	28	1	26	1	1	28	0.0344828	29	0.508772	FALSE	NA	NA	NA	NA	NA	NA
NC_045512.2	27884	C	A	23	1	23	1	1	34	0.0416667	24	0.510638	FALSE	NA	NA	NA	NA	NA	NA
NC_045512.2	27888	A	T	28	6	23	1	1	28	0.0344828	29	0.508772	FALSE	NA	NA	NA	NA	NA	NA
NC_045512.2	27889	C	G	40	6	26	1	1	26	0.0243902	41	0.506173	FALSE	NA	NA	NA	NA	NA	NA
NC_045512.2	27894	A	T	39	6	26	1	1	21	0.025	40	0.506329	FALSE	NA	NA	NA	NA	NA	NA
NC_045512.2	27897	A	T	44	7	26	1	1	27	0.0222222	45	0.505618	FALSE	NA	NA	NA	NA	NA	NA
NC_045512.2	27898	A	C	45	8	28	1	1	27	0.0217391	46	0.505495	FALSE	NA	NA	NA	NA	NA	NA
NC_045512.2	27900	T	C	42	5	26	1	1	28	0.0232558	43	0.505882	FALSE	NA	NA	NA	NA	NA	NA
NC_045512.2	27901	T	G	45	8	28	1	1	27	0.0217391	46	0.505495	FALSE	NA	NA	NA	NA	NA	NA
NC_045512.2	27902	T	C	36	8	22	1	1	22	0.027027	37	0.506849	FALSE	NA	NA	NA	NA	NA	NA
NC_045512.2	27905	T	A	29	8	24	1	1	23	0.0333333	30	0.508475	FALSE	NA	NA	NA	NA	NA	NA
NC_045512.2	27906	G	A	43	8	25	1	1	30	0.0227273	44	0.505747	FALSE	NA	NA	NA	NA	NA	NA
NC_045512.2	27906	G	+T	43	8	25	1	0	20	0.0227273	44	0.505747	FALSE	NA	NA	NA	NA	NA	NA
NC_045512.2	27907	T	A	35	4	25	1	1	30	0.0277778	36	0.507042	FALSE	NA	NA	NA	NA	NA	NA
NC_045512.2	27908	T	C	39	8	27	1	1	28	0.025	40	0.506329	FALSE	NA	NA	NA	NA	NA	NA
NC_045512.2	27909	T	G	37	8	27	1	1	27	0.0263158	38	0.506667	FALSE	NA	NA	NA	NA	NA	NA
NC_045512.2	27910	T	C	16	8	25	1	0	27	0.0555556	18	0.5	FALSE	NA	NA	NA	NA	NA	NA
NC_045512.2	27910	T	A	16	8	25	1	1	23	0.0555556	18	0.5	FALSE	NA	NA	NA	NA	NA	NA
NC_045512.2	27911	C	A	37	8	26	1	1	27	0.0263158	38	0.506667	FALSE	NA	NA	NA	NA	NA	NA
NC_045512.2	27912	T	C	37	8	26	1	1	27	0.0263158	38	0.506667	FALSE	NA	NA	NA	NA	NA	NA
NC_045512.2	27913	T	A	33	8	24	1	1	27	0.0294118	34	0.507463	FALSE	NA	NA	NA	NA	NA	NA
NC_045512.2	27914	A	T	35	8	27	1	1	28	0.0277778	36	0.507042	FALSE	NA	NA	NA	NA	NA	NA
NC_045512.2	27915	G	T	1	1	26	34	8	27	0.944444	36	3.20895e-19	TRUE	NA	NA	NA	NA	NA	NA
NC_045512.2	27915	G	C	1	1	26	1	0	27	0.0277778	36	0.0540541	FALSE	NA	NA	NA	NA	NA	NA
NC_045512.2	27919	T	C	34	8	27	2	1	26	0.0555556	36	0.253521	FALSE	NA	NA	NA	NA	NA	NA
NC_045512.2	27921	A	G	28	7	27	1	0	24	0.0344828	29	0.508772	FALSE	NA	NA	NA	NA	NA	NA
NC_045512.2	27922	T	A	29	7	26	1	1	28	0.0333333	30	0.508475	FALSE	NA	NA	NA	NA	NA	NA
NC_045512.2	27923	C	A	28	7	27	1	1	34	0.0344828	29	0.508772	FALSE	NA	NA	NA	NA	NA	NA
NC_045512.2	27925	C	A	28	8	27	1	1	27	0.0344828	29	0.508772	FALSE	NA	NA	NA	NA	NA	NA
NC_045512.2	27926	A	G	28	8	26	1	1	30	0.0344828	29	0.508772	FALSE	NA	NA	NA	NA	NA	NA
NC_045512.2	27927	A	C	26	8	24	1	1	27	0.037037	27	0.509434	FALSE	NA	NA	NA	NA	NA	NA
NC_045512.2	27928	C	T	26	7	27	1	0	28	0.0344828	29	0.490909	FALSE	NA	NA	NA	NA	NA	NA
NC_045512.2	27928	C	G	26	7	27	1	1	27	0.0344828	29	0.490909	FALSE	NA	NA	NA	NA	NA	NA
NC_045512.2	27928	C	A	26	7	27	1	1	28	0.0344828	29	0.490909	FALSE	NA	NA	NA	NA	NA	NA
NC_045512.2	27929	T	C	27	7	27	1	1	27	0.0344828	29	0.5	FALSE	NA	NA	NA	NA	NA	NA
NC_045512.2	27929	T	A	27	7	27	1	1	20	0.0344828	29	0.5	FALSE	NA	NA	NA	NA	NA	NA
NC_045512.2	27930	G	A	27	7	26	2	2	24	0.0689655	29	0.254386	FALSE	NA	NA	NA	NA	NA	NA
NC_045512.2	27931	T	C	28	8	26	1	1	23	0.0344828	29	0.508772	FALSE	NA	NA	NA	NA	NA	NA
NC_045512.2	27932	A	G	24	8	27	1	1	27	0.04	25	0.510204	FALSE	NA	NA	NA	NA	NA	NA
NC_045512.2	27933	G	T	23	7	27	1	1	26	0.04	25	0.5	FALSE	NA	NA	NA	NA	NA	NA
NC_045512.2	27933	G	A	23	7	27	1	1	21	0.04	25	0.5	FALSE	NA	NA	NA	NA	NA	NA
NC_045512.2	27934	C	G	23	7	27	1	1	27	0.04	25	0.5	FALSE	NA	NA	NA	NA	NA	NA
NC_045512.2	27934	C	A	23	7	27	1	1	27	0.04	25	0.5	FALSE	NA	NA	NA	NA	NA	NA
NC_045512.2	27935	T	A	22	7	27	3	3	23	0.12	25	0.124837	FALSE	NA	NA	NA	NA	NA	NA
NC_045512.2	27936	G	T	23	7	27	1	1	21	0.0384615	26	0.489796	FALSE	NA	NA	NA	NA	NA	NA
NC_045512.2	27936	G	A	23	7	27	2	2	27	0.0769231	26	0.244898	FALSE	NA	NA	NA	NA	NA	NA
NC_045512.2	27937	C	T	22	7	27	2	1	27	0.0769231	26	0.234694	FALSE	NA	NA	NA	NA	NA	NA
NC_045512.2	27937	C	A	22	7	27	2	2	26	0.0769231	26	0.234694	FALSE	NA	NA	NA	NA	NA	NA
NC_045512.2	27938	A	T	21	6	27	1	1	27	0.04	25	0.478261	FALSE	NA	NA	NA	NA	NA	NA
NC_045512.2	27938	A	G	21	6	27	2	1	29	0.08	25	0.234043	FALSE	NA	NA	NA	NA	NA	NA
NC_045512.2	27938	A	C	21	6	27	1	1	26	0.04	25	0.478261	FALSE	NA	NA	NA	NA	NA	NA
NC_045512.2	27939	T	G	24	8	26	1	1	25	0.0384615	26	0.5	FALSE	NA	NA	NA	NA	NA	NA
NC_045512.2	27939	T	C	24	8	26	1	1	27	0.0384615	26	0.5	FALSE	NA	NA	NA	NA	NA	NA
NC_045512.2	27940	T	A	25	9	28	1	1	20	0.0384615	26	0.509804	FALSE	NA	NA	NA	NA	NA	NA
NC_045512.2	27941	T	C	22	8	23	1	1	25	0.0416667	24	0.5	FALSE	NA	NA	NA	NA	NA	NA
NC_045512.2	27941	T	A	22	8	23	1	1	26	0.0416667	24	0.5	FALSE	NA	NA	NA	NA	NA	NA
NC_045512.2	27942	C	G	24	8	26	1	1	27	0.04	25	0.510204	FALSE	NA	NA	NA	NA	NA	NA
NC_045512.2	27943	A	T	25	9	26	1	1	25	0.0384615	26	0.509804	FALSE	NA	NA	NA	NA	NA	NA
NC_045512.2	27944	C	T	23	7	25	2	2	24	0.0740741	27	0.235294	FALSE	NA	NA	NA	NA	NA	NA
NC_045512.2	27944	C	G	23	7	25	1	1	26	0.037037	27	0.48	FALSE	NA	NA	NA	NA	NA	NA
NC_045512.2	27944	C	A	23	7	25	1	1	28	0.037037	27	0.48	FALSE	NA	NA	NA	NA	NA	NA
NC_045512.2	27945	C	T	23	7	24	2	2	24	0.0740741	27	0.235294	FALSE	NA	NA	NA	NA	NA	NA
NC_045512.2	27945	C	G	23	7	24	1	1	23	0.037037	27	0.48	FALSE	NA	NA	NA	NA	NA	NA
NC_045512.2	27945	C	A	23	7	24	1	1	28	0.037037	27	0.48	FALSE	NA	NA	NA	NA	NA	NA
NC_045512.2	27946	A	T	24	8	26	2	2	27	0.0740741	27	0.245098	FALSE	NA	NA	NA	NA	NA	NA
NC_045512.2	27946	A	C	24	8	26	1	1	28	0.037037	27	0.490196	FALSE	NA	NA	NA	NA	NA	NA
NC_045512.2	27947	A	T	23	8	24	1	1	28	0.0384615	26	0.489796	FALSE	NA	NA	NA	NA	NA	NA
NC_045512.2	27947	A	G	23	8	24	1	1	29	0.0384615	26	0.489796	FALSE	NA	NA	NA	NA	NA	NA
NC_045512.2	27947	A	C	23	8	24	1	1	27	0.0384615	26	0.489796	FALSE	NA	NA	NA	NA	NA	NA
NC_045512.2	27948	G	T	23	7	27	2	2	24	0.0740741	27	0.235294	FALSE	NA	NA	NA	NA	NA	NA
NC_045512.2	27948	G	A	23	7	27	2	2	25	0.0740741	27	0.235294	FALSE	NA	NA	NA	NA	NA	NA
NC_045512.2	27949	A	T	23	7	26	2	2	23	0.0769231	26	0.244898	FALSE	NA	NA	NA	NA	NA	NA
NC_045512.2	27949	A	C	23	7	26	1	1	28	0.0384615	26	0.489796	FALSE	NA	NA	NA	NA	NA	NA
NC_045512.2	27950	A	T	24	8	24	2	2	25	0.0740741	27	0.245098	FALSE	NA	NA	NA	NA	NA	NA
NC_045512.2	27950	A	C	24	8	24	1	1	27	0.037037	27	0.490196	FALSE	NA	NA	NA	NA	NA	NA
NC_045512.2	27951	T	A	26	10	26	1	1	28	0.037037	27	0.509434	FALSE	NA	NA	NA	NA	NA	NA
NC_045512.2	27952	G	T	24	8	25	1	1	29	0.037037	27	0.490196	FALSE	NA	NA	NA	NA	NA	NA
NC_045512.2	27952	G	C	24	8	25	1	1	27	0.037037	27	0.490196	FALSE	NA	NA	NA	NA	NA	NA
NC_045512.2	27952	G	A	24	8	25	1	1	33	0.037037	27	0.490196	FALSE	NA	NA	NA	NA	NA	NA
NC_045512.2	27953	T	G	25	9	25	1	1	27	0.0357143	28	0.490566	FALSE	NA	NA	NA	NA	NA	NA
NC_045512.2	27953	T	A	25	9	25	2	2	22	0.0714286	28	0.245283	FALSE	NA	NA	NA	NA	NA	NA
NC_045512.2	27954	A	T	26	10	26	1	1	28	0.0344828	29	0.490909	FALSE	NA	NA	NA	NA	NA	NA
NC_045512.2	27954	A	G	26	10	26	2	2	27	0.0689655	29	0.245455	FALSE	NA	NA	NA	NA	NA	NA
NC_045512.2	27955	G	T	24	8	27	1	1	28	0.0357143	28	0.480769	FALSE	NA	NA	NA	NA	NA	NA
NC_045512.2	27955	G	A	24	8	27	3	3	26	0.107143	28	0.117925	FALSE	NA	NA	NA	NA	NA	NA
NC_045512.2	27956	T	G	24	9	25	1	0	26	0.0344828	29	0.471698	FALSE	NA	NA	NA	NA	NA	NA
NC_045512.2	27956	T	C	24	9	25	2	2	28	0.0689655	29	0.227114	FALSE	NA	NA	NA	NA	NA	NA
NC_045512.2	27956	T	A	24	9	25	2	2	27	0.0689655	29	0.227114	FALSE	NA	NA	NA	NA	NA	NA
NC_045512.2	27957	T	G	27	11	28	1	1	28	0.0344828	29	0.5	FALSE	NA	NA	NA	NA	NA	NA
NC_045512.2	27957	T	A	27	11	28	1	1	29	0.0344828	29	0.5	FALSE	NA	NA	NA	NA	NA	NA
NC_045512.2	27958	T	C	20	10	24	2	2	28	0.0869565	23	0.244186	FALSE	NA	NA	NA	NA	NA	NA
NC_045512.2	27958	T	A	20	10	24	1	1	24	0.0434783	23	0.488372	FALSE	NA	NA	NA	NA	NA	NA
NC_045512.2	27959	A	T	94	20	27	2	2	28	0.0204082	98	0.246114	FALSE	NA	NA	NA	NA	NA	NA
NC_045512.2	27959	A	C	94	20	27	2	2	28	0.0204082	98	0.246114	FALSE	NA	NA	NA	NA	NA	NA
NC_045512.2	27960	C	T	95	21	27	2	2	25	0.0204082	98	0.248705	FALSE	NA	NA	NA	NA	NA	NA
NC_045512.2	27960	C	A	95	21	27	1	1	27	0.0102041	98	0.497409	FALSE	NA	NA	NA	NA	NA	NA
NC_045512.2	27961	A	T	93	19	26	3	3	23	0.0306122	98	0.121124	FALSE	NA	NA	NA	NA	NA	NA
NC_045512.2	27961	A	C	93	19	26	2	2	28	0.0204082	98	0.24351	FALSE	NA	NA	NA	NA	NA	NA
NC_045512.2	27962	G	T	92	18	26	3	3	27	0.0306122	98	0.119192	FALSE	NA	NA	NA	NA	NA	NA
NC_045512.2	27962	G	A	92	18	26	3	3	25	0.0306122	98	0.119192	FALSE	NA	NA	NA	NA	NA	NA
NC_045512.2	27963	T	G	93	19	26	2	2	28	0.0204082	98	0.24351	FALSE	NA	NA	NA	NA	NA	NA
NC_045512.2	27963	T	C	93	19	26	1	1	27	0.0102041	98	0.492147	FALSE	NA	NA	NA	NA	NA	NA
NC_045512.2	27963	T	A	93	19	26	2	2	28	0.0204082	98	0.24351	FALSE	NA	NA	NA	NA	NA	NA
NC_045512.2	27964	C	T	93	19	27	1	1	29	0.0103093	97	0.494737	FALSE	NA	NA	NA	NA	NA	NA
NC_045512.2	27964	C	G	93	19	27	1	1	24	0.0103093	97	0.494737	FALSE	NA	NA	NA	NA	NA	NA
NC_045512.2	27964	C	A	93	19	27	2	2	23	0.0206186	97	0.246073	FALSE	NA	NA	NA	NA	NA	NA
NC_045512.2	27965	A	T	94	20	27	2	2	28	0.0206186	97	0.248691	FALSE	NA	NA	NA	NA	NA	NA
NC_045512.2	27965	A	G	94	20	27	1	1	28	0.0103093	97	0.497382	FALSE	NA	NA	NA	NA	NA	NA
NC_045512.2	27966	T	G	92	19	26	1	1	29	0.0103093	97	0.492063	FALSE	NA	NA	NA	NA	NA	NA
NC_045512.2	27966	T	C	92	19	26	1	1	28	0.0103093	97	0.492063	FALSE	NA	NA	NA	NA	NA	NA
NC_045512.2	27966	T	A	92	19	26	3	3	25	0.0309278	97	0.121084	FALSE	NA	NA	NA	NA	NA	NA
NC_045512.2	27967	G	T	91	18	26	5	5	26	0.0510204	98	0.0288593	FALSE	NA	NA	NA	NA	NA	NA
NC_045512.2	27967	G	A	91	18	26	2	2	26	0.0204082	98	0.238262	FALSE	NA	NA	NA	NA	NA	NA
NC_045512.2	27968	T	G	93	20	26	1	1	29	0.0102041	98	0.492147	FALSE	NA	NA	NA	NA	NA	NA
NC_045512.2	27968	T	C	93	20	26	2	2	27	0.0204082	98	0.24351	FALSE	NA	NA	NA	NA	NA	NA
NC_045512.2	27968	T	A	93	20	26	2	2	28	0.0204082	98	0.24351	FALSE	NA	NA	NA	NA	NA	NA
NC_045512.2	27969	A	T	93	20	26	3	3	26	0.0306122	98	0.121124	FALSE	NA	NA	NA	NA	NA	NA
NC_045512.2	27969	A	G	93	20	26	1	1	28	0.0102041	98	0.492147	FALSE	NA	NA	NA	NA	NA	NA
NC_045512.2	27969	A	C	93	20	26	1	1	30	0.0102041	98	0.492147	FALSE	NA	NA	NA	NA	NA	NA
NC_045512.2	27970	C	T	92	21	25	2	2	28	0.0208333	96	0.246032	FALSE	NA	NA	NA	NA	NA	NA
NC_045512.2	27970	C	A	92	21	25	2	2	28	0.0208333	96	0.246032	FALSE	NA	NA	NA	NA	NA	NA
NC_045512.2	27971	T	G	91	21	26	2	2	27	0.0210526	95	0.245989	FALSE	NA	NA	NA	NA	NA	NA
NC_045512.2	27971	T	C	91	21	26	1	1	28	0.0105263	95	0.494624	FALSE	NA	NA	NA	NA	NA	NA
NC_045512.2	27971	T	A	91	21	26	1	1	28	0.0105263	95	0.494624	FALSE	NA	NA	NA	NA	NA	NA
NC_045512.2	27972	C	T	88	20	26	2	2	26	0.0215054	93	0.243155	FALSE	NA	NA	NA	NA	NA	NA
NC_045512.2	27972	C	G	88	20	26	1	1	28	0.0107527	93	0.491713	FALSE	NA	NA	NA	NA	NA	NA
NC_045512.2	27972	C	A	88	20	26	2	2	31	0.0215054	93	0.243155	FALSE	NA	NA	NA	NA	NA	NA
NC_045512.2	27973	A	T	86	19	25	1	1	27	0.0108696	92	0.488764	FALSE	NA	NA	NA	NA	NA	NA
NC_045512.2	27973	A	G	86	19	25	3	3	27	0.0326087	92	0.118808	FALSE	NA	NA	NA	NA	NA	NA
NC_045512.2	27973	A	C	86	19	25	2	2	28	0.0217391	92	0.240286	FALSE	NA	NA	NA	NA	NA	NA
NC_045512.2	27974	A	G	44	21	24	1	1	27	0.0212766	47	0.494505	FALSE	NA	NA	NA	NA	NA	NA
NC_045512.2	27974	A	C	44	21	24	2	2	28	0.0425532	47	0.247253	FALSE	NA	NA	NA	NA	NA	NA
NC_045512.2	27975	C	T	85	19	24	2	2	25	0.021978	91	0.240177	FALSE	NA	NA	NA	NA	NA	NA
NC_045512.2	27975	C	A	85	19	24	4	4	27	0.043956	91	0.059038	FALSE	NA	NA	NA	NA	NA	NA
NC_045512.2	27976	A	T	88	21	25	4	4	28	0.0430108	93	0.0604565	FALSE	NA	NA	NA	NA	NA	NA
NC_045512.2	27976	A	C	88	21	25	1	1	28	0.0107527	93	0.491713	FALSE	NA	NA	NA	NA	NA	NA
NC_045512.2	27977	T	G	88	21	26	1	1	27	0.0108696	92	0.494444	FALSE	NA	NA	NA	NA	NA	NA
NC_045512.2	27977	T	C	88	21	26	3	3	26	0.0326087	92	0.122928	FALSE	NA	NA	NA	NA	NA	NA
NC_045512.2	27978	C	T	87	20	26	2	2	24	0.0215054	93	0.240393	FALSE	NA	NA	NA	NA	NA	NA
NC_045512.2	27978	C	G	87	20	26	1	1	29	0.0107527	93	0.488889	FALSE	NA	NA	NA	NA	NA	NA
NC_045512.2	27978	C	A	87	20	26	3	3	24	0.0322581	93	0.118876	FALSE	NA	NA	NA	NA	NA	NA
NC_045512.2	27979	A	T	85	18	25	4	4	25	0.043956	91	0.059038	FALSE	NA	NA	NA	NA	NA	NA
NC_045512.2	27979	A	G	85	18	25	2	2	26	0.021978	91	0.240177	FALSE	NA	NA	NA	NA	NA	NA
NC_045512.2	27980	A	T	80	20	23	3	3	27	0.0348837	86	0.11837	FALSE	NA	NA	NA	NA	NA	NA
NC_045512.2	27980	A	C	80	20	23	3	3	25	0.0348837	86	0.11837	FALSE	NA	NA	NA	NA	NA	NA
NC_045512.2	27981	C	T	87	20	26	1	1	21	0.0107527	93	0.488889	FALSE	NA	NA	NA	NA	NA	NA
NC_045512.2	27981	C	G	87	20	26	1	1	29	0.0107527	93	0.488889	FALSE	NA	NA	NA	NA	NA	NA
NC_045512.2	27981	C	A	87	20	26	4	4	27	0.0430108	93	0.059113	FALSE	NA	NA	NA	NA	NA	NA
NC_045512.2	27982	C	T	70	21	24	2	2	27	0.0263158	76	0.238188	FALSE	NA	NA	NA	NA	NA	NA
NC_045512.2	27982	C	G	70	21	24	1	1	27	0.0131579	76	0.486301	FALSE	NA	NA	NA	NA	NA	NA
NC_045512.2	27982	C	A	70	21	24	3	2	26	0.0394737	76	0.117485	FALSE	NA	NA	NA	NA	NA	NA
NC_045512.2	27983	A	T	87	20	26	3	3	27	0.0322581	93	0.118876	FALSE	NA	NA	NA	NA	NA	NA
NC_045512.2	27983	A	G	87	20	26	1	1	27	0.0107527	93	0.488889	FALSE	NA	NA	NA	NA	NA	NA
NC_045512.2	27983	A	C	87	20	26	2	2	25	0.0215054	93	0.240393	FALSE	NA	NA	NA	NA	NA	NA
NC_045512.2	27984	T	G	86	19	26	4	4	26	0.0425532	94	0.0565146	FALSE	NA	NA	NA	NA	NA	NA
NC_045512.2	27984	T	C	86	19	26	1	1	28	0.0106383	94	0.483333	FALSE	NA	NA	NA	NA	NA	NA
NC_045512.2	27984	T	A	86	19	26	3	3	24	0.0319149	94	0.114913	FALSE	NA	NA	NA	NA	NA	NA
NC_045512.2	27985	A	T	90	23	26	2	2	26	0.0208333	96	0.240699	FALSE	NA	NA	NA	NA	NA	NA
NC_045512.2	27985	A	G	90	23	26	2	2	25	0.0208333	96	0.240699	FALSE	NA	NA	NA	NA	NA	NA
NC_045512.2	27985	A	C	90	23	26	2	2	28	0.0208333	96	0.240699	FALSE	NA	NA	NA	NA	NA	NA
NC_045512.2	27986	T	G	89	22	26	1	1	25	0.0102041	98	0.481283	FALSE	NA	NA	NA	NA	NA	NA
NC_045512.2	27986	T	A	89	22	26	8	8	25	0.0816327	98	0.00336156	TRUE	NA	NA	NA	NA	NA	NA
NC_045512.2	27987	G	T	87	20	26	2	2	24	0.020202	99	0.225174	FALSE	NA	NA	NA	NA	NA	NA
NC_045512.2	27987	G	C	87	20	26	3	3	26	0.030303	99	0.107796	FALSE	NA	NA	NA	NA	NA	NA
NC_045512.2	27987	G	A	87	20	26	7	7	25	0.0707071	99	0.00599091	TRUE	NA	NA	NA	NA	NA	NA
NC_045512.2	27988	T	G	91	24	26	2	2	26	0.020202	99	0.235767	FALSE	NA	NA	NA	NA	NA	NA
NC_045512.2	27988	T	C	91	24	26	2	2	24	0.020202	99	0.235767	FALSE	NA	NA	NA	NA	NA	NA
NC_045512.2	27988	T	A	91	24	26	4	4	26	0.040404	99	0.0568168	FALSE	NA	NA	NA	NA	NA	NA
NC_045512.2	27989	A	T	84	19	26	7	7	27	0.0721649	97	0.00571542	TRUE	NA	NA	NA	NA	NA	NA
NC_045512.2	27989	A	G	84	19	26	4	2	27	0.0412371	97	0.0504546	FALSE	NA	NA	NA	NA	NA	NA
NC_045512.2	27989	A	C	84	19	26	2	2	28	0.0206186	97	0.221905	FALSE	NA	NA	NA	NA	NA	NA
NC_045512.2	27990	G	T	88	21	26	4	4	28	0.040404	99	0.0531186	FALSE	NA	NA	NA	NA	NA	NA
NC_045512.2	27990	G	C	88	21	26	2	2	29	0.020202	99	0.227842	FALSE	NA	NA	NA	NA	NA	NA
NC_045512.2	27990	G	A	88	21	26	5	5	23	0.0505051	99	0.025864	FALSE	NA	NA	NA	NA	NA	NA
NC_045512.2	27991	T	G	77	10	26	1	1	27	0.0113636	88	0.472727	FALSE	NA	NA	NA	NA	NA	NA
NC_045512.2	27991	T	C	77	10	26	4	4	26	0.0454545	88	0.0519612	FALSE	NA	NA	NA	NA	NA	NA
NC_045512.2	27991	T	A	77	10	26	6	6	26	0.0681818	88	0.0123094	FALSE	NA	NA	NA	NA	NA	NA
NC_045512.2	27992	T	C	81	20	24	7	7	25	0.0752688	93	0.00588128	TRUE	NA	NA	NA	NA	NA	NA
NC_045512.2	27992	T	A	81	20	24	5	5	26	0.0537634	93	0.0247511	FALSE	NA	NA	NA	NA	NA	NA
NC_045512.2	27993	G	T	87	21	27	4	4	25	0.040404	99	0.0519018	FALSE	NA	NA	NA	NA	NA	NA
NC_045512.2	27993	G	C	87	21	27	4	4	25	0.040404	99	0.0519018	FALSE	NA	NA	NA	NA	NA	NA
NC_045512.2	27993	G	A	87	21	27	4	4	25	0.040404	99	0.0519018	FALSE	NA	NA	NA	NA	NA	NA
NC_045512.2	27994	A	T	89	23	27	7	7	26	0.07	100	0.0283387	FALSE	NA	NA	NA	NA	NA	NA
NC_045512.2	27994	A	G	89	23	27	2	2	25	0.02	100	0.464499	FALSE	NA	NA	NA	NA	NA	NA
NC_045512.2	27994	A	C	89	23	27	2	2	25	0.02	100	0.464499	FALSE	NA	NA	NA	NA	NA	NA
NC_045512.2	27995	T	G	87	21	27	5	5	26	0.0505051	99	0.0251314	FALSE	NA	NA	NA	NA	NA	NA
NC_045512.2	27995	T	C	87	21	27	2	2	30	0.020202	99	0.225174	FALSE	NA	NA	NA	NA	NA	NA
NC_045512.2	27995	T	A	87	21	27	5	5	26	0.0505051	99	0.0251314	FALSE	NA	NA	NA	NA	NA	NA
NC_045512.2	27996	G	T	86	20	27	6	6	27	0.0606061	99	0.0118185	FALSE	NA	NA	NA	NA	NA	NA
NC_045512.2	27996	G	C	86	20	27	1	1	22	0.010101	99	0.47027	FALSE	NA	NA	NA	NA	NA	NA
NC_045512.2	27996	G	A	86	20	27	6	6	25	0.0606061	99	0.0118185	FALSE	NA	NA	NA	NA	NA	NA
NC_045512.2	27997	A	T	92	26	27	4	4	25	0.039604	101	0.171782	FALSE	NA	NA	NA	NA	NA	NA
NC_045512.2	27997	A	G	92	26	27	3	3	27	0.029703	101	0.291477	FALSE	NA	NA	NA	NA	NA	NA
NC_045512.2	27997	A	C	92	26	27	2	2	28	0.019802	101	0.476691	FALSE	NA	NA	NA	NA	NA	NA
NC_045512.2	27998	C	T	83	18	27	5	5	27	0.0515464	97	0.0235455	FALSE	NA	NA	NA	NA	NA	NA
NC_045512.2	27998	C	G	83	18	27	1	1	23	0.0103093	97	0.466667	FALSE	NA	NA	NA	NA	NA	NA
NC_045512.2	27998	C	A	83	18	27	8	8	26	0.0824742	97	0.0026672	TRUE	NA	NA	NA	NA	NA	NA
NC_045512.2	27999	C	T	84	20	29	8	8	27	0.0816327	98	0.00267852	TRUE	NA	NA	NA	NA	NA	NA
NC_045512.2	27999	C	G	84	20	29	1	1	28	0.0102041	98	0.467033	FALSE	NA	NA	NA	NA	NA	NA
NC_045512.2	27999	C	A	84	20	29	5	5	27	0.0510204	98	0.0236202	FALSE	NA	NA	NA	NA	NA	NA
NC_045512.2	28000	C	T	75	21	23	8	8	25	0.0898876	89	0.00256862	TRUE	NA	NA	NA	NA	NA	NA
NC_045512.2	28000	C	G	75	21	23	4	4	27	0.0449438	89	0.0480699	FALSE	NA	NA	NA	NA	NA	NA
NC_045512.2	28000	C	A	75	21	23	2	2	26	0.0224719	89	0.21626	FALSE	NA	NA	NA	NA	NA	NA
NC_045512.2	28000	C	-G	75	21	23	1	0	20	0.011236	89	0.463415	FALSE	NA	NA	NA	NA	NA	NA
NC_045512.2	28001	G	T	82	19	27	9	9	27	0.09375	96	0.00123674	TRUE	NA	NA	NA	NA	NA	NA
NC_045512.2	28001	G	C	82	19	27	4	4	26	0.0416667	96	0.0480175	FALSE	NA	NA	NA	NA	NA	NA
NC_045512.2	28001	G	A	82	19	27	1	1	27	0.0104167	96	0.463687	FALSE	NA	NA	NA	NA	NA	NA
NC_045512.2	28002	T	C	88	24	27	4	4	28	0.040404	99	0.0531186	FALSE	NA	NA	NA	NA	NA	NA
NC_045512.2	28002	T	A	88	24	27	7	7	26	0.0707071	99	0.00623289	TRUE	NA	NA	NA	NA	NA	NA
NC_045512.2	28003	G	T	87	23	27	7	7	25	0.0686275	102	0.0255433	FALSE	NA	NA	NA	NA	NA	NA
NC_045512.2	28003	G	C	87	23	27	2	2	29	0.0196078	102	0.452443	FALSE	NA	NA	NA	NA	NA	NA
NC_045512.2	28003	G	A	87	23	27	6	6	25	0.0588235	102	0.047009	FALSE	NA	NA	NA	NA	NA	NA
NC_045512.2	28004	T	G	92	28	27	5	5	26	0.0471698	106	0.0885835	FALSE	NA	NA	NA	NA	NA	NA
NC_045512.2	28004	T	C	92	28	27	4	4	26	0.0377358	106	0.157645	FALSE	NA	NA	NA	NA	NA	NA
NC_045512.2	28004	T	A	92	28	27	5	5	26	0.0471698	106	0.0885835	FALSE	NA	NA	NA	NA	NA	NA
NC_045512.2	28005	C	T	84	20	26	6	6	27	0.0588235	102	0.0427362	FALSE	NA	NA	NA	NA	NA	NA
NC_045512.2	28005	C	G	84	20	26	5	5	27	0.0490196	102	0.079115	FALSE	NA	NA	NA	NA	NA	NA
NC_045512.2	28005	C	A	84	20	26	7	7	25	0.0686275	102	0.0228415	FALSE	NA	NA	NA	NA	NA	NA
NC_045512.2	28006	C	T	82	20	24	8	8	25	0.0769231	104	0.0102567	FALSE	NA	NA	NA	NA	NA	NA
NC_045512.2	28006	C	G	82	20	24	5	5	27	0.0480769	104	0.0714484	FALSE	NA	NA	NA	NA	NA	NA
NC_045512.2	28006	C	A	82	20	24	9	9	24	0.0865385	104	0.00530227	TRUE	NA	NA	NA	NA	NA	NA
NC_045512.2	28007	T	G	93	30	27	4	4	26	0.0377358	106	0.160615	FALSE	NA	NA	NA	NA	NA	NA
NC_045512.2	28007	T	C	93	30	27	2	1	25	0.0188679	106	0.462342	FALSE	NA	NA	NA	NA	NA	NA
NC_045512.2	28007	T	A	93	30	27	7	7	25	0.0660377	106	0.0277116	FALSE	NA	NA	NA	NA	NA	NA
NC_045512.2	28008	A	T	85	21	27	12	12	27	0.114286	105	0.000834422	TRUE	NA	NA	NA	NA	NA	NA
NC_045512.2	28008	A	C	85	21	27	8	8	27	0.0761905	105	0.0112929	FALSE	NA	NA	NA	NA	NA	NA
NC_045512.2	28009	T	G	88	24	26	1	1	28	0.00934579	107	0.705789	FALSE	NA	NA	NA	NA	NA	NA
NC_045512.2	28009	T	C	88	24	26	10	10	26	0.0934579	107	0.00329293	TRUE	NA	NA	NA	NA	NA	NA
NC_045512.2	28009	T	A	88	24	26	8	8	27	0.0747664	107	0.0119201	FALSE	NA	NA	NA	NA	NA	NA
NC_045512.2	28010	T	G	79	27	24	2	2	27	0.0206186	97	0.208012	FALSE	NA	NA	NA	NA	NA	NA
NC_045512.2	28010	T	C	79	27	24	6	5	26	0.0618557	97	0.00973767	TRUE	NA	NA	NA	NA	NA	NA
NC_045512.2	28010	T	A	79	27	24	10	10	26	0.103093	97	0.000503308	TRUE	NA	NA	NA	NA	NA	NA
NC_045512.2	28011	C	T	86	24	26	9	9	27	0.0833333	108	0.00546442	TRUE	NA	NA	NA	NA	NA	NA
NC_045512.2	28011	C	G	86	24	26	4	4	28	0.037037	108	0.135086	FALSE	NA	NA	NA	NA	NA	NA
NC_045512.2	28011	C	A	86	24	26	9	9	26	0.0833333	108	0.00546442	TRUE	NA	NA	NA	NA	NA	NA
NC_045512.2	28012	A	T	88	25	26	9	9	27	0.0825688	109	0.00577542	TRUE	NA	NA	NA	NA	NA	NA
NC_045512.2	28012	A	G	88	25	26	7	7	27	0.0642202	109	0.0211407	FALSE	NA	NA	NA	NA	NA	NA
NC_045512.2	28012	A	C	88	25	26	5	5	27	0.0458716	109	0.0750509	FALSE	NA	NA	NA	NA	NA	NA
NC_045512.2	28013	C	T	84	21	27	8	8	26	0.0740741	108	0.00964626	TRUE	NA	NA	NA	NA	NA	NA
NC_045512.2	28013	C	G	84	21	27	3	3	26	0.0277778	108	0.237144	FALSE	NA	NA	NA	NA	NA	NA
NC_045512.2	28013	C	A	84	21	27	13	13	27	0.12037	108	0.000335191	TRUE	NA	NA	NA	NA	NA	NA
NC_045512.2	28014	T	G	86	23	27	3	3	27	0.0277778	108	0.24474	FALSE	NA	NA	NA	NA	NA	NA
NC_045512.2	28014	T	C	86	23	27	8	8	27	0.0740741	108	0.0105436	FALSE	NA	NA	NA	NA	NA	NA
NC_045512.2	28014	T	A	86	23	27	11	11	26	0.101852	108	0.00145621	TRUE	NA	NA	NA	NA	NA	NA
NC_045512.2	28015	T	G	86	25	24	5	5	27	0.046729	107	0.0744382	FALSE	NA	NA	NA	NA	NA	NA
NC_045512.2	28015	T	C	86	25	24	8	8	26	0.0747664	107	0.0109432	FALSE	NA	NA	NA	NA	NA	NA
NC_045512.2	28015	T	A	86	25	24	8	8	25	0.0747664	107	0.0109432	FALSE	NA	NA	NA	NA	NA	NA
NC_045512.2	28016	C	T	87	24	27	9	9	26	0.0825688	109	0.00550354	TRUE	NA	NA	NA	NA	NA	NA
NC_045512.2	28016	C	G	87	24	27	2	2	29	0.0183486	109	0.427521	FALSE	NA	NA	NA	NA	NA	NA
NC_045512.2	28016	C	A	87	24	27	11	11	25	0.100917	109	0.00146815	TRUE	NA	NA	NA	NA	NA	NA
NC_045512.2	28017	T	G	87	24	27	3	3	28	0.0272727	110	0.242313	FALSE	NA	NA	NA	NA	NA	NA
NC_045512.2	28017	T	C	87	24	27	8	8	27	0.0727273	110	0.0102307	FALSE	NA	NA	NA	NA	NA	NA
NC_045512.2	28017	T	A	87	24	27	12	12	26	0.109091	110	0.000715866	TRUE	NA	NA	NA	NA	NA	NA
NC_045512.2	28018	A	T	92	29	27	8	8	28	0.0727273	110	0.0125998	FALSE	NA	NA	NA	NA	NA	NA
NC_045512.2	28018	A	G	92	29	27	3	3	26	0.0272727	110	0.260792	FALSE	NA	NA	NA	NA	NA	NA
NC_045512.2	28018	A	C	92	29	27	7	7	26	0.0636364	110	0.0236585	FALSE	NA	NA	NA	NA	NA	NA
NC_045512.2	28019	T	G	84	21	26	4	4	27	0.037037	108	0.129384	FALSE	NA	NA	NA	NA	NA	NA
NC_045512.2	28019	T	C	84	21	26	9	9	27	0.0833333	108	0.00494391	TRUE	NA	NA	NA	NA	NA	NA
NC_045512.2	28019	T	A	84	21	26	11	11	27	0.101852	108	0.00128901	TRUE	NA	NA	NA	NA	NA	NA
NC_045512.2	28020	T	G	83	27	24	3	3	27	0.0291262	103	0.249226	FALSE	NA	NA	NA	NA	NA	NA
NC_045512.2	28020	T	C	83	27	24	10	10	27	0.0970874	103	0.0030374	TRUE	NA	NA	NA	NA	NA	NA
NC_045512.2	28020	T	A	83	27	24	7	7	27	0.0679612	103	0.0212499	FALSE	NA	NA	NA	NA	NA	NA
NC_045512.2	28021	C	T	85	22	26	12	12	27	0.107143	112	0.000560872	TRUE	NA	NA	NA	NA	NA	NA
NC_045512.2	28021	C	G	85	22	26	2	2	28	0.0178571	112	0.409078	FALSE	NA	NA	NA	NA	NA	NA
NC_045512.2	28021	C	A	85	22	26	13	13	27	0.116071	112	0.000282098	TRUE	NA	NA	NA	NA	NA	NA
NC_045512.2	28022	T	G	89	26	26	4	4	26	0.0357143	112	0.134195	FALSE	NA	NA	NA	NA	NA	NA
NC_045512.2	28022	T	C	89	26	26	12	12	27	0.107143	112	0.000728699	TRUE	NA	NA	NA	NA	NA	NA
NC_045512.2	28022	T	A	89	26	26	7	7	26	0.0625	112	0.0199653	FALSE	NA	NA	NA	NA	NA	NA
NC_045512.2	28022	T	-A	89	26	26	19	0	20	0.169643	112	7.03786e-06	TRUE	NA	NA	NA	NA	NA	NA
NC_045512.2	28023	A	T	73	11	27	7	7	26	0.076087	92	0.0119906	FALSE	NA	NA	NA	NA	NA	NA
NC_045512.2	28023	A	G	73	11	27	2	2	27	0.0217391	92	0.372105	FALSE	NA	NA	NA	NA	NA	NA
NC_045512.2	28023	A	C	73	11	27	10	10	27	0.108696	92	0.00133834	TRUE	NA	NA	NA	NA	NA	NA
NC_045512.2	28024	A	T	91	28	26	8	8	26	0.0740741	108	0.0130024	FALSE	NA	NA	NA	NA	NA	NA
NC_045512.2	28024	A	G	91	28	26	4	4	27	0.037037	108	0.149486	FALSE	NA	NA	NA	NA	NA	NA
NC_045512.2	28024	A	C	91	28	26	5	5	28	0.0462963	108	0.0827762	FALSE	NA	NA	NA	NA	NA	NA
NC_045512.2	28025	A	T	74	30	23	8	8	27	0.0860215	93	0.0020137	TRUE	NA	NA	NA	NA	NA	NA
NC_045512.2	28025	A	G	74	30	23	3	3	25	0.0322581	93	0.0925663	FALSE	NA	NA	NA	NA	NA	NA
NC_045512.2	28025	A	C	74	30	23	8	8	24	0.0860215	93	0.0020137	TRUE	NA	NA	NA	NA	NA	NA
NC_045512.2	28026	T	G	87	25	26	2	2	25	0.0181818	110	0.424117	FALSE	NA	NA	NA	NA	NA	NA
NC_045512.2	28026	T	C	87	25	26	11	11	25	0.1	110	0.00139504	TRUE	NA	NA	NA	NA	NA	NA
NC_045512.2	28026	T	A	87	25	26	10	10	27	0.0909091	110	0.00271642	TRUE	NA	NA	NA	NA	NA	NA
NC_045512.2	28027	G	T	80	21	26	7	6	25	0.0630631	111	0.0143933	FALSE	NA	NA	NA	NA	NA	NA
NC_045512.2	28027	G	C	80	21	26	10	10	27	0.0900901	111	0.00173	TRUE	NA	NA	NA	NA	NA	NA
NC_045512.2	28027	G	A	80	21	26	14	13	26	0.126126	111	0.000100988	TRUE	NA	NA	NA	NA	NA	NA
NC_045512.2	28028	G	T	76	20	23	14	14	27	0.133333	105	0.000108245	TRUE	NA	NA	NA	NA	NA	NA
NC_045512.2	28028	G	C	76	20	23	8	8	25	0.0761905	105	0.00736485	TRUE	NA	NA	NA	NA	NA	NA
NC_045512.2	28028	G	A	76	20	23	7	7	27	0.0666667	105	0.0147893	FALSE	NA	NA	NA	NA	NA	NA
NC_045512.2	28029	T	G	90	29	26	7	7	27	0.0625	112	0.0207118	FALSE	NA	NA	NA	NA	NA	NA
NC_045512.2	28029	T	C	90	29	26	4	3	26	0.0357143	112	0.136953	FALSE	NA	NA	NA	NA	NA	NA
NC_045512.2	28029	T	A	90	29	26	11	11	25	0.0982143	112	0.00150306	TRUE	NA	NA	NA	NA	NA	NA
NC_045512.2	28030	A	T	92	30	27	9	9	27	0.079646	113	0.00592126	TRUE	NA	NA	NA	NA	NA	NA
NC_045512.2	28030	A	G	92	30	27	5	5	25	0.0442478	113	0.0762148	FALSE	NA	NA	NA	NA	NA	NA
NC_045512.2	28030	A	C	92	30	27	7	7	26	0.0619469	113	0.0215806	FALSE	NA	NA	NA	NA	NA	NA
NC_045512.2	28031	T	G	89	27	26	5	5	26	0.0442478	113	0.0705948	FALSE	NA	NA	NA	NA	NA	NA
NC_045512.2	28031	T	C	89	27	26	7	7	24	0.0619469	113	0.0193546	FALSE	NA	NA	NA	NA	NA	NA
NC_045512.2	28031	T	A	89	27	26	12	12	27	0.106195	113	0.000690031	TRUE	NA	NA	NA	NA	NA	NA
NC_045512.2	28032	A	T	87	25	26	7	7	27	0.0619469	113	0.0179445	FALSE	NA	NA	NA	NA	NA	NA
NC_045512.2	28032	A	G	87	25	26	8	8	28	0.0707965	113	0.00917371	TRUE	NA	NA	NA	NA	NA	NA
NC_045512.2	28032	A	C	87	25	26	11	11	27	0.0973451	113	0.00119842	TRUE	NA	NA	NA	NA	NA	NA
NC_045512.2	28033	T	G	88	26	25	4	4	26	0.0357143	112	0.131446	FALSE	NA	NA	NA	NA	NA	NA
NC_045512.2	28033	T	C	88	26	25	9	9	27	0.0803571	112	0.00510604	TRUE	NA	NA	NA	NA	NA	NA
NC_045512.2	28033	T	A	88	26	25	11	11	26	0.0982143	112	0.00133786	TRUE	NA	NA	NA	NA	NA	NA
NC_045512.2	28034	T	G	81	29	24	6	6	25	0.0571429	105	0.0354506	FALSE	NA	NA	NA	NA	NA	NA
NC_045512.2	28034	T	C	81	29	24	7	7	26	0.0666667	105	0.018337	FALSE	NA	NA	NA	NA	NA	NA
NC_045512.2	28034	T	A	81	29	24	11	11	27	0.104762	105	0.00125082	TRUE	NA	NA	NA	NA	NA	NA
NC_045512.2	28035	A	T	91	29	26	8	8	28	0.0707965	113	0.0108792	FALSE	NA	NA	NA	NA	NA	NA
NC_045512.2	28035	A	G	91	29	26	8	8	26	0.0707965	113	0.0108792	FALSE	NA	NA	NA	NA	NA	NA
NC_045512.2	28035	A	C	91	29	26	6	6	26	0.0530973	113	0.0395591	FALSE	NA	NA	NA	NA	NA	NA
NC_045512.2	28036	G	T	83	22	27	11	11	26	0.1	110	0.00109041	TRUE	NA	NA	NA	NA	NA	NA
NC_045512.2	28036	G	C	83	22	27	7	7	27	0.0636364	110	0.0168616	FALSE	NA	NA	NA	NA	NA	NA
NC_045512.2	28036	G	A	83	22	27	9	9	27	0.0818182	110	0.00431317	TRUE	NA	NA	NA	NA	NA	NA
NC_045512.2	28037	A	T	88	28	27	11	11	27	0.0973451	113	0.00127244	TRUE	NA	NA	NA	NA	NA	NA
NC_045512.2	28037	A	G	88	28	27	9	8	26	0.079646	113	0.00490232	TRUE	NA	NA	NA	NA	NA	NA
NC_045512.2	28037	A	C	88	28	27	5	5	27	0.0442478	113	0.0687544	FALSE	NA	NA	NA	NA	NA	NA
NC_045512.2	28038	G	T	85	24	26	13	13	27	0.116071	112	0.000282098	TRUE	NA	NA	NA	NA	NA	NA
NC_045512.2	28038	G	C	85	24	26	7	7	26	0.0625	112	0.0171301	FALSE	NA	NA	NA	NA	NA	NA
NC_045512.2	28038	G	A	85	24	26	7	7	28	0.0625	112	0.0171301	FALSE	NA	NA	NA	NA	NA	NA
NC_045512.2	28039	T	G	94	33	26	4	4	27	0.0350877	114	0.143284	FALSE	NA	NA	NA	NA	NA	NA
NC_045512.2	28039	T	C	94	33	26	7	7	27	0.0614035	114	0.0224527	FALSE	NA	NA	NA	NA	NA	NA
NC_045512.2	28039	T	A	94	33	26	9	9	26	0.0789474	114	0.00622967	TRUE	NA	NA	NA	NA	NA	NA
NC_045512.2	28039	T	-A	94	33	26	1	0	20	0.00877193	114	0.706057	FALSE	NA	NA	NA	NA	NA	NA
NC_045512.2	28040	A	T	87	26	26	14	14	27	0.123894	113	0.000145639	TRUE	NA	NA	NA	NA	NA	NA
NC_045512.2	28040	A	G	87	26	26	6	6	26	0.0530973	113	0.033931	FALSE	NA	NA	NA	NA	NA	NA
NC_045512.2	28040	A	C	87	26	26	6	6	26	0.0530973	113	0.033931	FALSE	NA	NA	NA	NA	NA	NA
NC_045512.2	28041	G	T	84	23	26	9	9	26	0.0818182	110	0.00454277	TRUE	NA	NA	NA	NA	NA	NA
NC_045512.2	28041	G	C	84	23	26	7	7	26	0.0636364	110	0.0175544	FALSE	NA	NA	NA	NA	NA	NA
NC_045512.2	28041	G	A	84	23	26	10	10	25	0.0909091	110	0.00229885	TRUE	NA	NA	NA	NA	NA	NA
NC_045512.2	28042	G	T	75	20	23	7	7	26	0.0660377	106	0.0136464	FALSE	NA	NA	NA	NA	NA	NA
NC_045512.2	28042	G	C	75	20	23	9	9	26	0.0849057	106	0.00329221	TRUE	NA	NA	NA	NA	NA	NA
NC_045512.2	28042	G	A	75	20	23	15	15	27	0.141509	106	4.52566e-05	TRUE	NA	NA	NA	NA	NA	NA
NC_045512.2	28043	A	T	89	28	26	8	8	27	0.0701754	114	0.00965398	TRUE	NA	NA	NA	NA	NA	NA
NC_045512.2	28043	A	G	89	28	26	4	4	27	0.0350877	114	0.129728	FALSE	NA	NA	NA	NA	NA	NA
NC_045512.2	28043	A	C	89	28	26	13	13	24	0.114035	114	0.000332553	TRUE	NA	NA	NA	NA	NA	NA
NC_045512.2	28044	G	T	84	23	26	9	9	26	0.0789474	114	0.00384391	TRUE	NA	NA	NA	NA	NA	NA
NC_045512.2	28044	G	C	84	23	26	12	12	28	0.105263	114	0.000468456	TRUE	NA	NA	NA	NA	NA	NA
NC_045512.2	28044	G	A	84	23	26	9	9	26	0.0789474	114	0.00384391	TRUE	NA	NA	NA	NA	NA	NA
NC_045512.2	28045	C	T	84	27	26	10	10	26	0.0909091	110	0.00229885	TRUE	NA	NA	NA	NA	NA	NA
NC_045512.2	28045	C	G	84	27	26	7	7	27	0.0636364	110	0.0175544	FALSE	NA	NA	NA	NA	NA	NA
NC_045512.2	28045	C	A	84	27	26	9	9	26	0.0818182	110	0.00454277	TRUE	NA	NA	NA	NA	NA	NA
NC_045512.2	28046	T	G	85	30	26	7	7	29	0.0654206	107	0.0201246	FALSE	NA	NA	NA	NA	NA	NA
NC_045512.2	28046	T	C	85	30	26	4	4	25	0.0373832	107	0.134598	FALSE	NA	NA	NA	NA	NA	NA
NC_045512.2	28046	T	A	85	30	26	11	11	26	0.102804	107	0.00144411	TRUE	NA	NA	NA	NA	NA	NA
NC_045512.2	28047	A	T	86	30	25	12	12	26	0.110092	109	0.000709336	TRUE	NA	NA	NA	NA	NA	NA
NC_045512.2	28047	A	G	86	30	25	7	7	26	0.0642202	109	0.019605	FALSE	NA	NA	NA	NA	NA	NA
NC_045512.2	28047	A	C	86	30	25	4	4	27	0.0366972	109	0.132735	FALSE	NA	NA	NA	NA	NA	NA
NC_045512.2	28048	G	T	79	25	25	8	8	26	0.0754717	106	0.00823059	TRUE	NA	NA	NA	NA	NA	NA
NC_045512.2	28048	G	C	79	25	25	9	9	26	0.0849057	106	0.00413762	TRUE	NA	NA	NA	NA	NA	NA
NC_045512.2	28048	G	A	79	25	25	10	10	26	0.0943396	106	0.00207472	TRUE	NA	NA	NA	NA	NA	NA
NC_045512.2	28049	A	T	63	19	25	6	6	26	0.0697674	86	0.00714101	TRUE	NA	NA	NA	NA	NA	NA
NC_045512.2	28049	A	G	63	19	25	4	4	27	0.0465116	86	0.0358603	FALSE	NA	NA	NA	NA	NA	NA
NC_045512.2	28049	A	C	63	19	25	13	13	25	0.151163	86	3.20274e-05	TRUE	NA	NA	NA	NA	NA	NA
NC_045512.2	28050	A	T	68	25	27	9	9	25	0.0947368	95	0.000580066	TRUE	NA	NA	NA	NA	NA	NA
NC_045512.2	28050	A	G	68	25	27	5	5	27	0.0526316	95	0.0147408	FALSE	NA	NA	NA	NA	NA	NA
NC_045512.2	28050	A	C	68	25	27	13	13	27	0.136842	95	2.5563e-05	TRUE	NA	NA	NA	NA	NA	NA
NC_045512.2	28051	A	T	65	25	27	12	12	26	0.12766	94	4.49514e-05	TRUE	NA	NA	NA	NA	NA	NA
NC_045512.2	28051	A	G	65	25	27	8	8	27	0.0851064	94	0.0011156	TRUE	NA	NA	NA	NA	NA	NA
NC_045512.2	28051	A	C	65	25	27	9	9	27	0.0957447	94	0.000494336	TRUE	NA	NA	NA	NA	NA	NA
NC_045512.2	28052	A	T	42	26	24	18	18	26	0.253521	71	1.80827e-07	TRUE	NA	NA	NA	NA	NA	NA
NC_045512.2	28052	A	G	42	26	24	7	6	27	0.0985915	71	0.00153346	TRUE	NA	NA	NA	NA	NA	NA
NC_045512.2	28052	A	C	42	26	24	4	4	27	0.056338	71	0.0227904	FALSE	NA	NA	NA	NA	NA	NA
NC_045512.2	28053	T	G	70	30	26	8	8	25	0.0851064	94	0.00152691	TRUE	NA	NA	NA	NA	NA	NA
NC_045512.2	28053	T	C	70	30	26	7	7	26	0.0744681	94	0.00334745	TRUE	NA	NA	NA	NA	NA	NA
NC_045512.2	28053	T	A	70	30	26	9	9	27	0.0957447	94	0.000701311	TRUE	NA	NA	NA	NA	NA	NA
NC_045512.2	28054	C	T	60	21	26	16	16	26	0.177778	90	1.59126e-06	TRUE	NA	NA	NA	NA	NA	NA
NC_045512.2	28054	C	G	60	21	26	5	5	26	0.0555556	90	0.0122189	FALSE	NA	NA	NA	NA	NA	NA
NC_045512.2	28054	C	A	60	21	26	9	9	25	0.1	90	0.000422664	TRUE	NA	NA	NA	NA	NA	NA
NC_045512.2	28055	A	T	60	23	26	15	15	25	0.166667	90	3.4547e-06	TRUE	NA	NA	NA	NA	NA	NA
NC_045512.2	28055	A	G	60	23	26	8	8	28	0.0888889	90	0.000967839	TRUE	NA	NA	NA	NA	NA	NA
NC_045512.2	28055	A	C	60	23	26	7	7	24	0.0777778	90	0.00223457	TRUE	NA	NA	NA	NA	NA	NA
NC_045512.2	28055	A	-G	60	23	26	1	0	20	0.0111111	90	0.406667	FALSE	NA	NA	NA	NA	NA	NA
NC_045512.2	28056	G	T	55	20	25	14	14	27	0.162791	86	5.34192e-06	TRUE	NA	NA	NA	NA	NA	NA
NC_045512.2	28056	G	C	55	20	25	9	9	27	0.104651	86	0.000332026	TRUE	NA	NA	NA	NA	NA	NA
NC_045512.2	28056	G	A	55	20	25	8	8	26	0.0930233	86	0.000778186	TRUE	NA	NA	NA	NA	NA	NA
NC_045512.2	28057	C	T	64	27	26	11	11	25	0.122222	90	0.000119336	TRUE	NA	NA	NA	NA	NA	NA
NC_045512.2	28057	C	G	64	27	26	2	2	26	0.0222222	90	0.179724	FALSE	NA	NA	NA	NA	NA	NA
NC_045512.2	28057	C	A	64	27	26	13	13	27	0.144444	90	2.54967e-05	TRUE	NA	NA	NA	NA	NA	NA
NC_045512.2	28058	A	T	62	26	26	10	10	25	0.11236	89	0.000235796	TRUE	NA	NA	NA	NA	NA	NA
NC_045512.2	28058	A	G	62	26	26	7	7	26	0.0786517	89	0.00264863	TRUE	NA	NA	NA	NA	NA	NA
NC_045512.2	28058	A	C	62	26	26	10	10	27	0.11236	89	0.000235796	TRUE	NA	NA	NA	NA	NA	NA
NC_045512.2	28058	A	-C	62	26	26	1	0	20	0.011236	89	0.417219	FALSE	NA	NA	NA	NA	NA	NA
NC_045512.2	28059	C	T	61	25	26	18	18	24	0.204545	88	4.46476e-07	TRUE	NA	NA	NA	NA	NA	NA
NC_045512.2	28059	C	G	61	25	26	3	3	30	0.0340909	88	0.0726107	FALSE	NA	NA	NA	NA	NA	NA
NC_045512.2	28059	C	A	61	25	26	6	6	25	0.0681818	88	0.00571464	TRUE	NA	NA	NA	NA	NA	NA
NC_045512.2	28059	C	-C	61	25	26	1	0	20	0.011236	89	0.413333	FALSE	NA	NA	NA	NA	NA	NA
NC_045512.2	28060	C	T	56	26	24	12	12	28	0.148148	81	4.99276e-05	TRUE	NA	NA	NA	NA	NA	NA
NC_045512.2	28060	C	G	56	26	24	4	4	26	0.0493827	81	0.03181	FALSE	NA	NA	NA	NA	NA	NA
NC_045512.2	28060	C	A	56	26	24	9	9	26	0.111111	81	0.000527406	TRUE	NA	NA	NA	NA	NA	NA
NC_045512.2	28060	C	-T	56	26	24	1	0	20	0.0123457	81	0.416058	FALSE	NA	NA	NA	NA	NA	NA
NC_045512.2	28061	T	G	58	23	25	9	9	27	0.107143	84	0.000484757	TRUE	NA	NA	NA	NA	NA	NA
NC_045512.2	28061	T	C	58	23	25	11	11	27	0.130952	84	9.78019e-05	TRUE	NA	NA	NA	NA	NA	NA
NC_045512.2	28061	T	A	58	23	25	6	6	26	0.0714286	84	0.00569176	TRUE	NA	NA	NA	NA	NA	NA
NC_045512.2	28062	T	G	65	32	27	2	2	29	0.0229885	87	0.190144	FALSE	NA	NA	NA	NA	NA	NA
NC_045512.2	28062	T	C	65	32	27	8	8	25	0.091954	87	0.0015868	TRUE	NA	NA	NA	NA	NA	NA
NC_045512.2	28062	T	A	65	32	27	12	12	24	0.137931	87	7.57655e-05	TRUE	NA	NA	NA	NA	NA	NA
NC_045512.2	28063	T	G	46	27	24	4	4	27	0.057971	69	0.0300111	FALSE	NA	NA	NA	NA	NA	NA
NC_045512.2	28063	T	C	46	27	24	9	9	26	0.130435	69	0.00048318	TRUE	NA	NA	NA	NA	NA	NA
NC_045512.2	28063	T	A	46	27	24	10	10	26	0.144928	69	0.00021821	TRUE	NA	NA	NA	NA	NA	NA
NC_045512.2	28064	A	T	58	27	25	12	12	26	0.148148	81	6.17031e-05	TRUE	NA	NA	NA	NA	NA	NA
NC_045512.2	28064	A	G	58	27	25	6	6	25	0.0740741	81	0.00672816	TRUE	NA	NA	NA	NA	NA	NA
NC_045512.2	28064	A	C	58	27	25	5	5	26	0.0617284	81	0.0151384	FALSE	NA	NA	NA	NA	NA	NA
NC_045512.2	28065	A	T	48	26	25	16	16	25	0.210526	76	1.29113e-06	TRUE	NA	NA	NA	NA	NA	NA
NC_045512.2	28065	A	G	48	26	25	6	6	27	0.0789474	76	0.0045405	TRUE	NA	NA	NA	NA	NA	NA
NC_045512.2	28065	A	C	48	26	25	6	6	25	0.0789474	76	0.0045405	TRUE	NA	NA	NA	NA	NA	NA
NC_045512.2	28066	T	G	59	30	25	4	4	26	0.05	80	0.0366913	FALSE	NA	NA	NA	NA	NA	NA
NC_045512.2	28066	T	C	59	30	25	11	11	26	0.1375	80	0.000156872	TRUE	NA	NA	NA	NA	NA	NA
NC_045512.2	28066	T	A	59	30	25	6	6	27	0.075	80	0.00741238	TRUE	NA	NA	NA	NA	NA	NA
NC_045512.2	28066	T	-T	59	30	25	2	0	20	0.025	80	0.188078	FALSE	NA	NA	NA	NA	NA	NA
NC_045512.2	28067	T	G	59	36	25	1	1	28	0.0133333	75	0.447761	FALSE	NA	NA	NA	NA	NA	NA
NC_045512.2	28067	T	C	59	36	25	7	7	28	0.0933333	75	0.00433641	TRUE	NA	NA	NA	NA	NA	NA
NC_045512.2	28067	T	A	59	36	25	8	8	26	0.106667	75	0.00206056	TRUE	NA	NA	NA	NA	NA	NA
NC_045512.2	28067	T	-G	59	36	25	3	0	20	0.04	75	0.0922349	FALSE	NA	NA	NA	NA	NA	NA
NC_045512.2	28068	G	T	51	22	26	8	8	25	0.101266	79	0.000835804	TRUE	NA	NA	NA	NA	NA	NA
NC_045512.2	28068	G	C	51	22	26	8	8	26	0.101266	79	0.000835804	TRUE	NA	NA	NA	NA	NA	NA
NC_045512.2	28068	G	A	51	22	26	12	12	25	0.151899	79	3.06667e-05	TRUE	NA	NA	NA	NA	NA	NA
NC_045512.2	28069	A	T	57	28	26	11	11	25	0.1375	80	0.000129637	TRUE	NA	NA	NA	NA	NA	NA
NC_045512.2	28069	A	G	57	28	26	3	3	27	0.0375	80	0.0781298	FALSE	NA	NA	NA	NA	NA	NA
NC_045512.2	28069	A	C	57	28	26	9	9	26	0.1125	80	0.000610681	TRUE	NA	NA	NA	NA	NA	NA
NC_045512.2	28070	A	T	56	29	25	14	14	26	0.177215	79	1.31346e-05	TRUE	NA	NA	NA	NA	NA	NA
NC_045512.2	28070	A	G	56	29	25	2	2	28	0.0253165	79	0.180065	FALSE	NA	NA	NA	NA	NA	NA
NC_045512.2	28070	A	C	56	29	25	7	7	28	0.0886076	79	0.00292775	TRUE	NA	NA	NA	NA	NA	NA
NC_045512.2	28070	A	-T	56	29	25	1	0	20	0.0126582	79	0.422222	FALSE	NA	NA	NA	NA	NA	NA
NC_045512.2	28071	T	G	57	30	25	8	8	26	0.102564	78	0.00150475	TRUE	NA	NA	NA	NA	NA	NA
NC_045512.2	28071	T	C	57	30	25	8	8	25	0.102564	78	0.00150475	TRUE	NA	NA	NA	NA	NA	NA
NC_045512.2	28071	T	A	57	30	25	5	5	27	0.0641026	78	0.0160941	FALSE	NA	NA	NA	NA	NA	NA
NC_045512.2	28071	T	-T	57	30	25	1	0	20	0.0128205	78	0.42963	FALSE	NA	NA	NA	NA	NA	NA
NC_045512.2	28072	T	G	56	30	25	6	6	24	0.0779221	77	0.00684598	TRUE	NA	NA	NA	NA	NA	NA
NC_045512.2	28072	T	C	56	30	25	6	6	26	0.0779221	77	0.00684598	TRUE	NA	NA	NA	NA	NA	NA
NC_045512.2	28072	T	A	56	30	25	9	9	25	0.116883	77	0.00064008	TRUE	NA	NA	NA	NA	NA	NA
NC_045512.2	28072	T	-G	56	30	25	2	0	20	0.025641	78	0.182753	FALSE	NA	NA	NA	NA	NA	NA
NC_045512.2	28073	G	T	52	25	27	7	7	26	0.0864198	81	0.00189957	TRUE	NA	NA	NA	NA	NA	NA
NC_045512.2	28073	G	C	52	25	27	10	10	25	0.123457	81	0.000150551	TRUE	NA	NA	NA	NA	NA	NA
NC_045512.2	28073	G	A	52	25	27	12	12	26	0.148148	81	2.9072e-05	TRUE	NA	NA	NA	NA	NA	NA
NC_045512.2	28073	G	-T	52	25	27	1	0	20	0.0121951	82	0.395522	FALSE	NA	NA	NA	NA	NA	NA
NC_045512.2	28074	T	G	58	31	27	4	4	25	0.0493827	81	0.0334005	FALSE	NA	NA	NA	NA	NA	NA
NC_045512.2	28074	T	C	58	31	27	8	8	27	0.0987654	81	0.00128923	TRUE	NA	NA	NA	NA	NA	NA
NC_045512.2	28074	T	A	58	31	27	11	11	26	0.135802	81	0.000122525	TRUE	NA	NA	NA	NA	NA	NA
NC_045512.2	28074	T	-G	58	31	27	1	0	20	0.0121951	82	0.421429	FALSE	NA	NA	NA	NA	NA	NA
NC_045512.2	28075	G	T	50	23	27	11	11	26	0.134146	82	4.84189e-05	TRUE	NA	NA	NA	NA	NA	NA
NC_045512.2	28075	G	C	50	23	27	5	5	26	0.0609756	82	0.00931228	TRUE	NA	NA	NA	NA	NA	NA
NC_045512.2	28075	G	A	50	23	27	16	16	27	0.195122	82	7.82928e-07	TRUE	NA	NA	NA	NA	NA	NA
NC_045512.2	28076	C	T	50	23	27	14	14	26	0.170732	82	4.3916e-06	TRUE	NA	NA	NA	NA	NA	NA
NC_045512.2	28076	C	G	50	23	27	6	6	26	0.0731707	82	0.00395067	TRUE	NA	NA	NA	NA	NA	NA
NC_045512.2	28076	C	A	50	23	27	12	12	26	0.146341	82	2.27422e-05	TRUE	NA	NA	NA	NA	NA	NA
NC_045512.2	28076	C	-G	50	23	27	1	0	20	0.0121951	82	0.386364	FALSE	NA	NA	NA	NA	NA	NA
NC_045512.2	28077	G	T	50	23	26	18	18	26	0.222222	81	1.81362e-07	TRUE	NA	NA	NA	NA	NA	NA
NC_045512.2	28077	G	C	50	23	26	3	3	28	0.037037	81	0.0597474	FALSE	NA	NA	NA	NA	NA	NA
NC_045512.2	28077	G	A	50	23	26	10	10	27	0.123457	81	0.000122106	TRUE	NA	NA	NA	NA	NA	NA
NC_045512.2	28077	G	+T	50	23	26	1	0	20	0.0121951	82	0.386364	FALSE	NA	NA	NA	NA	NA	NA
NC_045512.2	28078	T	G	55	29	26	9	9	27	0.111111	81	0.00048445	TRUE	NA	NA	NA	NA	NA	NA
NC_045512.2	28078	T	C	55	29	26	9	9	26	0.111111	81	0.00048445	TRUE	NA	NA	NA	NA	NA	NA
NC_045512.2	28078	T	A	55	29	26	8	8	25	0.0987654	81	0.00109001	TRUE	NA	NA	NA	NA	NA	NA
NC_045512.2	28079	G	T	38	14	26	17	17	26	0.242857	70	1.97683e-07	TRUE	NA	NA	NA	NA	NA	NA
NC_045512.2	28079	G	C	38	14	26	4	4	24	0.0571429	70	0.0186892	FALSE	NA	NA	NA	NA	NA	NA
NC_045512.2	28079	G	A	38	14	26	11	11	26	0.157143	70	3.04504e-05	TRUE	NA	NA	NA	NA	NA	NA
NC_045512.2	28079	G	-G	38	14	26	1	0	20	0.0142857	70	0.361111	FALSE	NA	NA	NA	NA	NA	NA
NC_045512.2	28080	G	T	41	18	25	9	9	27	0.126761	71	0.000221782	TRUE	NA	NA	NA	NA	NA	NA
NC_045512.2	28080	G	C	41	18	25	7	7	25	0.0985915	71	0.0013144	TRUE	NA	NA	NA	NA	NA	NA
NC_045512.2	28080	G	A	41	18	25	14	14	26	0.197183	71	3.1591e-06	TRUE	NA	NA	NA	NA	NA	NA
NC_045512.2	28080	G	-A	41	18	25	1	0	20	0.0138889	72	0.371681	FALSE	NA	NA	NA	NA	NA	NA
NC_045512.2	28081	A	T	44	21	27	10	10	25	0.140845	71	0.000134922	TRUE	NA	NA	NA	NA	NA	NA
NC_045512.2	28081	A	G	44	21	27	8	8	25	0.112676	71	0.000730709	TRUE	NA	NA	NA	NA	NA	NA
NC_045512.2	28081	A	C	44	21	27	9	9	28	0.126761	71	0.000312319	TRUE	NA	NA	NA	NA	NA	NA
NC_045512.2	28082	T	G	48	25	27	4	4	28	0.056338	71	0.0308224	FALSE	NA	NA	NA	NA	NA	NA
NC_045512.2	28082	T	C	48	25	27	3	3	28	0.0422535	71	0.072314	FALSE	NA	NA	NA	NA	NA	NA
NC_045512.2	28082	T	A	48	25	27	16	16	26	0.225352	71	2.40259e-06	TRUE	NA	NA	NA	NA	NA	NA
NC_045512.2	28082	T	-G	48	25	27	1	0	20	0.0140845	71	0.411765	FALSE	NA	NA	NA	NA	NA	NA
NC_045512.2	28083	G	T	38	15	27	17	17	26	0.236111	72	1.27976e-07	TRUE	NA	NA	NA	NA	NA	NA
NC_045512.2	28083	G	C	38	15	27	6	6	26	0.0833333	72	0.00237902	TRUE	NA	NA	NA	NA	NA	NA
NC_045512.2	28083	G	A	38	15	27	11	11	27	0.152778	72	2.28204e-05	TRUE	NA	NA	NA	NA	NA	NA
NC_045512.2	28084	A	T	47	24	27	17	17	26	0.22973	74	6.54719e-07	TRUE	NA	NA	NA	NA	NA	NA
NC_045512.2	28084	A	G	47	24	27	6	6	25	0.0810811	74	0.00466127	TRUE	NA	NA	NA	NA	NA	NA
NC_045512.2	28084	A	C	47	24	27	4	4	26	0.0540541	74	0.0266382	FALSE	NA	NA	NA	NA	NA	NA
NC_045512.2	28084	A	-G	47	24	27	1	0	20	0.0135135	74	0.396694	FALSE	NA	NA	NA	NA	NA	NA
NC_045512.2	28085	G	T	45	22	26	11	11	25	0.15493	71	6.69429e-05	TRUE	NA	NA	NA	NA	NA	NA
NC_045512.2	28085	G	C	45	22	26	2	2	28	0.028169	71	0.156599	FALSE	NA	NA	NA	NA	NA	NA
NC_045512.2	28085	G	A	45	22	26	13	13	26	0.183099	71	1.34032e-05	TRUE	NA	NA	NA	NA	NA	NA
NC_045512.2	28086	G	T	44	22	25	10	10	25	0.140845	71	0.000146654	TRUE	NA	NA	NA	NA	NA	NA
NC_045512.2	28086	G	C	44	22	25	6	6	25	0.084507	71	0.00435034	TRUE	NA	NA	NA	NA	NA	NA
NC_045512.2	28086	G	A	44	22	25	11	11	26	0.15493	71	6.45279e-05	TRUE	NA	NA	NA	NA	NA	NA
NC_045512.2	28087	C	T	37	14	27	9	9	26	0.123288	73	0.000123223	TRUE	NA	NA	NA	NA	NA	NA
NC_045512.2	28087	C	G	37	14	27	10	10	26	0.136986	73	4.86679e-05	TRUE	NA	NA	NA	NA	NA	NA
NC_045512.2	28087	C	A	37	14	27	17	17	25	0.232877	73	1.02084e-07	TRUE	NA	NA	NA	NA	NA	NA
NC_045512.2	28088	T	G	44	21	27	7	7	26	0.0921053	76	0.00137124	TRUE	NA	NA	NA	NA	NA	NA
NC_045512.2	28088	T	C	44	21	27	8	8	27	0.105263	76	0.000561451	TRUE	NA	NA	NA	NA	NA	NA
NC_045512.2	28088	T	A	44	21	27	17	17	26	0.223684	76	2.90904e-07	TRUE	NA	NA	NA	NA	NA	NA
NC_045512.2	28089	G	T	44	21	26	12	12	26	0.16	75	1.9375e-05	TRUE	NA	NA	NA	NA	NA	NA
NC_045512.2	28089	G	C	44	21	26	10	10	26	0.133333	75	0.000105493	TRUE	NA	NA	NA	NA	NA	NA
NC_045512.2	28089	G	A	44	21	26	9	9	25	0.12	75	0.000250058	TRUE	NA	NA	NA	NA	NA	NA
NC_045512.2	28089	G	-G	44	21	26	1	0	20	0.0133333	75	0.378151	FALSE	NA	NA	NA	NA	NA	NA
NC_045512.2	28090	G	T	41	21	25	11	11	26	0.15493	71	3.91953e-05	TRUE	NA	NA	NA	NA	NA	NA
NC_045512.2	28090	G	C	41	21	25	8	8	26	0.112676	71	0.000536711	TRUE	NA	NA	NA	NA	NA	NA
NC_045512.2	28090	G	A	41	21	25	11	10	26	0.15493	71	3.91953e-05	TRUE	NA	NA	NA	NA	NA	NA
NC_045512.2	28090	G	-T	41	21	25	2	0	20	0.0277778	72	0.140196	FALSE	NA	NA	NA	NA	NA	NA
NC_045512.2	28091	T	G	51	29	26	4	4	25	0.056338	71	0.0340744	FALSE	NA	NA	NA	NA	NA	NA
NC_045512.2	28091	T	C	51	29	26	6	6	26	0.084507	71	0.00669079	TRUE	NA	NA	NA	NA	NA	NA
NC_045512.2	28091	T	A	51	29	26	10	10	26	0.140845	71	0.000288975	TRUE	NA	NA	NA	NA	NA	NA
NC_045512.2	28092	T	G	36	18	24	13	13	26	0.185714	70	3.77476e-06	TRUE	NA	NA	NA	NA	NA	NA
NC_045512.2	28092	T	C	36	18	24	5	5	26	0.0714286	70	0.00612296	TRUE	NA	NA	NA	NA	NA	NA
NC_045512.2	28092	T	A	36	18	24	16	16	25	0.228571	70	2.8968e-07	TRUE	NA	NA	NA	NA	NA	NA
NC_045512.2	28092	T	-C	36	18	24	1	0	20	0.0142857	70	0.349057	FALSE	NA	NA	NA	NA	NA	NA
NC_045512.2	28093	C	T	40	18	27	7	7	27	0.0972222	72	0.00112271	TRUE	NA	NA	NA	NA	NA	NA
NC_045512.2	28093	C	G	40	18	27	10	10	25	0.138889	72	7.45331e-05	TRUE	NA	NA	NA	NA	NA	NA
NC_045512.2	28093	C	A	40	18	27	15	15	25	0.208333	72	1.01987e-06	TRUE	NA	NA	NA	NA	NA	NA
NC_045512.2	28094	T	G	42	21	26	7	7	26	0.107692	65	0.00222423	TRUE	NA	NA	NA	NA	NA	NA
NC_045512.2	28094	T	C	42	21	26	3	3	25	0.0461538	65	0.0675927	FALSE	NA	NA	NA	NA	NA	NA
NC_045512.2	28094	T	A	42	21	26	13	13	26	0.2	65	1.85815e-05	TRUE	NA	NA	NA	NA	NA	NA
NC_045512.2	28095	A	T	37	17	26	6	6	26	0.107143	56	0.0057917	TRUE	NA	NA	NA	NA	NA	NA
NC_045512.2	28095	A	G	37	17	26	5	5	27	0.0892857	56	0.0131997	FALSE	NA	NA	NA	NA	NA	NA
NC_045512.2	28095	A	C	37	17	26	8	8	26	0.142857	56	0.00115834	TRUE	NA	NA	NA	NA	NA	NA
NC_045512.2	28096	A	T	39	19	27	10	10	28	0.16129	62	0.000175229	TRUE	NA	NA	NA	NA	NA	NA
NC_045512.2	28096	A	G	39	19	27	7	7	25	0.112903	62	0.00205264	TRUE	NA	NA	NA	NA	NA	NA
NC_045512.2	28096	A	C	39	19	27	6	6	24	0.0967742	62	0.00477463	TRUE	NA	NA	NA	NA	NA	NA
NC_045512.2	28097	A	T	42	25	24	9	9	26	0.152542	59	0.000713585	TRUE	NA	NA	NA	NA	NA	NA
NC_045512.2	28097	A	G	42	25	24	3	3	26	0.0508475	59	0.080237	FALSE	NA	NA	NA	NA	NA	NA
NC_045512.2	28097	A	C	42	25	24	5	5	27	0.0847458	59	0.0158858	FALSE	NA	NA	NA	NA	NA	NA
NC_045512.2	28097	A	-T	42	25	24	1	0	20	0.0169492	59	0.425743	FALSE	NA	NA	NA	NA	NA	NA
NC_045512.2	28098	T	G	39	19	26	7	7	27	0.114754	61	0.00205264	TRUE	NA	NA	NA	NA	NA	NA
NC_045512.2	28098	T	C	39	19	26	6	6	27	0.0983607	61	0.00477463	TRUE	NA	NA	NA	NA	NA	NA
NC_045512.2	28098	T	A	39	19	26	9	9	26	0.147541	61	0.000393371	TRUE	NA	NA	NA	NA	NA	NA
NC_045512.2	28099	C	T	36	16	26	11	11	26	0.177419	62	5.04866e-05	TRUE	NA	NA	NA	NA	NA	NA
NC_045512.2	28099	C	G	36	16	26	2	2	24	0.0322581	62	0.144919	FALSE	NA	NA	NA	NA	NA	NA
NC_045512.2	28099	C	A	36	16	26	13	13	24	0.209677	62	9.90363e-06	TRUE	NA	NA	NA	NA	NA	NA
NC_045512.2	28100	A	T	44	24	26	6	6	27	0.0983607	61	0.00741914	TRUE	NA	NA	NA	NA	NA	NA
NC_045512.2	28100	A	G	44	24	26	6	6	27	0.0983607	61	0.00741914	TRUE	NA	NA	NA	NA	NA	NA
NC_045512.2	28100	A	C	44	24	26	5	5	27	0.0819672	61	0.0163221	FALSE	NA	NA	NA	NA	NA	NA
NC_045512.2	28101	C	T	30	11	25	6	6	26	0.107143	56	0.00292214	TRUE	NA	NA	NA	NA	NA	NA
NC_045512.2	28101	C	G	30	11	25	8	8	27	0.142857	56	0.000480192	TRUE	NA	NA	NA	NA	NA	NA
NC_045512.2	28101	C	A	30	11	25	12	12	25	0.214286	56	1.55124e-05	TRUE	NA	NA	NA	NA	NA	NA
NC_045512.2	28102	C	T	33	15	28	8	8	26	0.129032	62	0.000435706	TRUE	NA	NA	NA	NA	NA	NA
NC_045512.2	28102	C	G	33	15	28	4	4	24	0.0645161	62	0.0182835	FALSE	NA	NA	NA	NA	NA	NA
NC_045512.2	28102	C	A	33	15	28	17	17	26	0.274194	62	2.16035e-07	TRUE	NA	NA	NA	NA	NA	NA
NC_045512.2	28103	C	T	32	21	24	6	6	25	0.101695	59	0.00297793	TRUE	NA	NA	NA	NA	NA	NA
NC_045512.2	28103	C	G	32	21	24	3	3	24	0.0508475	59	0.0504369	FALSE	NA	NA	NA	NA	NA	NA
NC_045512.2	28103	C	A	32	21	24	18	18	26	0.305085	59	1.2964e-07	TRUE	NA	NA	NA	NA	NA	NA
NC_045512.2	28104	A	T	41	25	26	6	6	26	0.0882353	68	0.0040262	TRUE	NA	NA	NA	NA	NA	NA
NC_045512.2	28104	A	G	41	25	26	6	6	25	0.0882353	68	0.0040262	TRUE	NA	NA	NA	NA	NA	NA
NC_045512.2	28104	A	C	41	25	26	15	15	26	0.220588	68	2.3179e-06	TRUE	NA	NA	NA	NA	NA	NA
NC_045512.2	28105	T	G	36	20	25	5	5	27	0.0735294	68	0.00672292	TRUE	NA	NA	NA	NA	NA	NA
NC_045512.2	28105	T	C	36	20	25	12	12	27	0.176471	68	1.12979e-05	TRUE	NA	NA	NA	NA	NA	NA
NC_045512.2	28105	T	A	36	20	25	15	15	26	0.220588	68	8.81468e-07	TRUE	NA	NA	NA	NA	NA	NA
NC_045512.2	28106	T	G	39	25	25	13	13	26	0.19403	67	9.12815e-06	TRUE	NA	NA	NA	NA	NA	NA
NC_045512.2	28106	T	C	39	25	25	7	7	25	0.104478	67	0.00147744	TRUE	NA	NA	NA	NA	NA	NA
NC_045512.2	28106	T	A	39	25	25	8	8	27	0.119403	67	0.000614512	TRUE	NA	NA	NA	NA	NA	NA
NC_045512.2	28107	C	T	37	21	27	13	13	28	0.191176	68	5.73258e-06	TRUE	NA	NA	NA	NA	NA	NA
NC_045512.2	28107	C	G	37	21	27	8	8	27	0.117647	68	0.000453328	TRUE	NA	NA	NA	NA	NA	NA
NC_045512.2	28107	C	A	37	21	27	10	10	25	0.147059	68	7.60825e-05	TRUE	NA	NA	NA	NA	NA	NA
NC_045512.2	28108	A	T	45	29	26	14	14	26	0.2	70	7.64704e-06	TRUE	NA	NA	NA	NA	NA	NA
NC_045512.2	28108	A	G	45	29	26	5	5	27	0.0714286	70	0.0116009	FALSE	NA	NA	NA	NA	NA	NA
NC_045512.2	28108	A	C	45	29	26	6	6	27	0.0857143	70	0.00493039	TRUE	NA	NA	NA	NA	NA	NA
NC_045512.2	28108	A	-G	45	29	26	1	0	20	0.0142857	70	0.4	FALSE	NA	NA	NA	NA	NA	NA
NC_045512.2	28109	G	T	30	14	26	11	11	25	0.15942	69	7.41063e-06	TRUE	NA	NA	NA	NA	NA	NA
NC_045512.2	28109	G	C	30	14	26	13	13	25	0.188406	69	1.07654e-06	TRUE	NA	NA	NA	NA	NA	NA
NC_045512.2	28109	G	A	30	14	26	15	15	26	0.217391	69	1.65468e-07	TRUE	NA	NA	NA	NA	NA	NA
NC_045512.2	28110	T	G	36	20	27	10	10	26	0.140845	71	4.99721e-05	TRUE	NA	NA	NA	NA	NA	NA
NC_045512.2	28110	T	C	36	20	27	7	7	26	0.0985915	71	0.000834383	TRUE	NA	NA	NA	NA	NA	NA
NC_045512.2	28110	T	A	36	20	27	18	18	27	0.253521	71	4.72289e-08	TRUE	NA	NA	NA	NA	NA	NA
NC_045512.2	28111	A	T	36	20	27	23	23	26	0.323944	71	8.59072e-10	TRUE	NA	NA	NA	NA	NA	NA
NC_045512.2	28111	A	G	36	20	27	9	9	26	0.126761	71	0.000126017	TRUE	NA	NA	NA	NA	NA	NA
NC_045512.2	28111	A	C	36	20	27	3	3	26	0.0422535	71	0.0435327	FALSE	NA	NA	NA	NA	NA	NA
NC_045512.2	28112	C	T	34	18	26	15	15	27	0.211268	71	3.80648e-07	TRUE	NA	NA	NA	NA	NA	NA
NC_045512.2	28112	C	G	34	18	26	13	13	26	0.183099	71	2.27256e-06	TRUE	NA	NA	NA	NA	NA	NA
NC_045512.2	28112	C	A	34	18	26	9	9	26	0.126761	71	9.44584e-05	TRUE	NA	NA	NA	NA	NA	NA
NC_045512.2	28113	A	T	41	25	27	13	13	27	0.180556	72	7.23722e-06	TRUE	NA	NA	NA	NA	NA	NA
NC_045512.2	28113	A	G	41	25	27	7	7	27	0.0972222	72	0.0013144	TRUE	NA	NA	NA	NA	NA	NA
NC_045512.2	28113	A	C	41	25	27	11	11	26	0.152778	72	3.91953e-05	TRUE	NA	NA	NA	NA	NA	NA
NC_045512.2	28113	A	-T	41	25	27	1	0	20	0.0138889	72	0.371681	FALSE	NA	NA	NA	NA	NA	NA
NC_045512.2	28114	T	G	37	22	27	5	5	26	0.0735294	68	0.00728135	TRUE	NA	NA	NA	NA	NA	NA
NC_045512.2	28114	T	C	37	22	27	7	7	27	0.102941	68	0.00112828	TRUE	NA	NA	NA	NA	NA	NA
NC_045512.2	28114	T	A	37	22	27	19	19	26	0.279412	68	4.38009e-08	TRUE	NA	NA	NA	NA	NA	NA
NC_045512.2	28115	C	T	38	23	27	16	16	27	0.228571	70	4.45685e-07	TRUE	NA	NA	NA	NA	NA	NA
NC_045512.2	28115	C	G	38	23	27	4	4	27	0.0571429	70	0.0186892	FALSE	NA	NA	NA	NA	NA	NA
NC_045512.2	28115	C	A	38	23	27	12	12	26	0.171429	70	1.27943e-05	TRUE	NA	NA	NA	NA	NA	NA
NC_045512.2	28116	G	T	34	19	27	15	15	26	0.217391	69	4.98978e-07	TRUE	NA	NA	NA	NA	NA	NA
NC_045512.2	28116	G	C	34	19	27	10	10	27	0.144928	69	4.38431e-05	TRUE	NA	NA	NA	NA	NA	NA
NC_045512.2	28116	G	A	34	19	27	10	10	26	0.144928	69	4.38431e-05	TRUE	NA	NA	NA	NA	NA	NA
NC_045512.2	28117	A	T	44	29	26	12	12	26	0.171429	70	3.16979e-05	TRUE	NA	NA	NA	NA	NA	NA
NC_045512.2	28117	A	G	44	29	26	5	5	27	0.0714286	70	0.0108988	FALSE	NA	NA	NA	NA	NA	NA
NC_045512.2	28117	A	C	44	29	26	9	9	26	0.128571	70	0.000363348	TRUE	NA	NA	NA	NA	NA	NA
NC_045512.2	28118	T	G	35	20	27	13	13	26	0.188406	69	3.50623e-06	TRUE	NA	NA	NA	NA	NA	NA
NC_045512.2	28118	T	C	35	20	27	5	5	27	0.0724638	69	0.00590305	TRUE	NA	NA	NA	NA	NA	NA
NC_045512.2	28118	T	A	35	20	27	16	16	26	0.231884	69	2.66663e-07	TRUE	NA	NA	NA	NA	NA	NA
NC_045512.2	28119	A	T	39	24	27	11	11	26	0.157143	70	3.54304e-05	TRUE	NA	NA	NA	NA	NA	NA
NC_045512.2	28119	A	G	39	24	27	10	10	27	0.142857	70	8.43243e-05	TRUE	NA	NA	NA	NA	NA	NA
NC_045512.2	28119	A	C	39	24	27	10	10	26	0.142857	70	8.43243e-05	TRUE	NA	NA	NA	NA	NA	NA
NC_045512.2	28120	T	G	37	23	27	5	5	27	0.0714286	70	0.0066373	TRUE	NA	NA	NA	NA	NA	NA
NC_045512.2	28120	T	C	37	23	27	12	12	26	0.171429	70	1.08142e-05	TRUE	NA	NA	NA	NA	NA	NA
NC_045512.2	28120	T	A	37	23	27	16	16	26	0.228571	70	3.60528e-07	TRUE	NA	NA	NA	NA	NA	NA
NC_045512.2	28121	C	T	55	20	27	14	14	25	0.155556	90	4.03648e-06	TRUE	NA	NA	NA	NA	NA	NA
NC_045512.2	28121	C	G	55	20	27	8	8	27	0.0888889	90	0.000660934	TRUE	NA	NA	NA	NA	NA	NA
NC_045512.2	28121	C	A	55	20	27	13	13	26	0.144444	90	9.24296e-06	TRUE	NA	NA	NA	NA	NA	NA
NC_045512.2	28122	G	T	52	17	26	17	17	27	0.186813	91	1.94062e-07	TRUE	NA	NA	NA	NA	NA	NA
NC_045512.2	28122	G	C	52	17	26	10	10	26	0.10989	91	8.01958e-05	TRUE	NA	NA	NA	NA	NA	NA
NC_045512.2	28122	G	A	52	17	26	12	12	25	0.131868	91	1.37233e-05	TRUE	NA	NA	NA	NA	NA	NA
NC_045512.2	28123	G	T	53	18	24	14	14	26	0.155556	90	3.07794e-06	TRUE	NA	NA	NA	NA	NA	NA
NC_045512.2	28123	G	C	53	18	24	9	9	25	0.1	90	0.000229995	TRUE	NA	NA	NA	NA	NA	NA
NC_045512.2	28123	G	A	53	18	24	14	14	25	0.155556	90	3.07794e-06	TRUE	NA	NA	NA	NA	NA	NA
NC_045512.2	28124	T	G	53	18	26	14	14	25	0.153846	91	2.80347e-06	TRUE	NA	NA	NA	NA	NA	NA
NC_045512.2	28124	T	C	53	18	26	11	11	25	0.120879	91	3.70271e-05	TRUE	NA	NA	NA	NA	NA	NA
NC_045512.2	28124	T	A	53	18	26	13	13	25	0.142857	91	6.56933e-06	TRUE	NA	NA	NA	NA	NA	NA
NC_045512.2	28125	A	T	63	28	26	11	11	26	0.119565	92	9.50445e-05	TRUE	NA	NA	NA	NA	NA	NA
NC_045512.2	28125	A	G	63	28	26	7	7	26	0.076087	92	0.0024593	TRUE	NA	NA	NA	NA	NA	NA
NC_045512.2	28125	A	C	63	28	26	11	11	25	0.119565	92	9.50445e-05	TRUE	NA	NA	NA	NA	NA	NA
NC_045512.2	28126	A	T	57	26	24	7	7	26	0.0813953	86	0.00221559	TRUE	NA	NA	NA	NA	NA	NA
NC_045512.2	28126	A	G	57	26	24	7	7	26	0.0813953	86	0.00221559	TRUE	NA	NA	NA	NA	NA	NA
NC_045512.2	28126	A	C	57	26	24	15	15	26	0.174419	86	3.47206e-06	TRUE	NA	NA	NA	NA	NA	NA
NC_045512.2	28127	T	G	59	24	26	9	9	26	0.0989011	91	0.000367534	TRUE	NA	NA	NA	NA	NA	NA
NC_045512.2	28127	T	C	59	24	26	14	14	26	0.153846	91	6.12509e-06	TRUE	NA	NA	NA	NA	NA	NA
NC_045512.2	28127	T	A	59	24	26	9	9	27	0.0989011	91	0.000367534	TRUE	NA	NA	NA	NA	NA	NA
NC_045512.2	28128	T	G	55	25	24	7	7	25	0.0813953	86	0.00193184	TRUE	NA	NA	NA	NA	NA	NA
NC_045512.2	28128	T	C	55	25	24	5	5	28	0.0581395	86	0.0109628	FALSE	NA	NA	NA	NA	NA	NA
NC_045512.2	28128	T	A	55	25	24	19	19	26	0.22093	86	1.19026e-07	TRUE	NA	NA	NA	NA	NA	NA
NC_045512.2	28129	A	T	56	22	27	18	18	27	0.204545	88	2.3624e-07	TRUE	NA	NA	NA	NA	NA	NA
NC_045512.2	28129	A	G	56	22	27	7	7	26	0.0795455	88	0.00188117	TRUE	NA	NA	NA	NA	NA	NA
NC_045512.2	28129	A	C	56	22	27	7	7	25	0.0795455	88	0.00188117	TRUE	NA	NA	NA	NA	NA	NA
NC_045512.2	28130	T	G	60	26	27	13	13	26	0.144444	90	1.66398e-05	TRUE	NA	NA	NA	NA	NA	NA
NC_045512.2	28130	T	C	60	26	27	7	7	25	0.0777778	90	0.00223457	TRUE	NA	NA	NA	NA	NA	NA
NC_045512.2	28130	T	A	60	26	27	10	10	27	0.111111	90	0.000186078	TRUE	NA	NA	NA	NA	NA	NA
NC_045512.2	28130	T	-A	60	26	27	1	0	20	0.0111111	90	0.406667	FALSE	NA	NA	NA	NA	NA	NA
NC_045512.2	28131	A	T	54	20	26	16	16	26	0.177778	90	6.78741e-07	TRUE	NA	NA	NA	NA	NA	NA
NC_045512.2	28131	A	G	54	20	26	14	14	28	0.155556	90	3.5303e-06	TRUE	NA	NA	NA	NA	NA	NA
NC_045512.2	28131	A	C	54	20	26	6	6	26	0.0666667	90	0.00364761	TRUE	NA	NA	NA	NA	NA	NA
NC_045512.2	28132	C	T	54	20	27	16	16	27	0.177778	90	6.78741e-07	TRUE	NA	NA	NA	NA	NA	NA
NC_045512.2	28132	C	G	54	20	27	8	8	26	0.0888889	90	0.000609062	TRUE	NA	NA	NA	NA	NA	NA
NC_045512.2	28132	C	A	54	20	27	12	12	25	0.133333	90	1.89781e-05	TRUE	NA	NA	NA	NA	NA	NA
NC_045512.2	28133	A	T	57	23	27	16	16	26	0.177778	90	1.05394e-06	TRUE	NA	NA	NA	NA	NA	NA
NC_045512.2	28133	A	G	57	23	27	11	11	25	0.122222	90	6.13012e-05	TRUE	NA	NA	NA	NA	NA	NA
NC_045512.2	28133	A	C	57	23	27	6	6	24	0.0666667	90	0.00438345	TRUE	NA	NA	NA	NA	NA	NA
NC_045512.2	28134	G	T	56	22	26	9	9	24	0.101124	89	0.000320902	TRUE	NA	NA	NA	NA	NA	NA
NC_045512.2	28134	G	C	56	22	26	11	11	25	0.123596	89	5.94482e-05	TRUE	NA	NA	NA	NA	NA	NA
NC_045512.2	28134	G	A	56	22	26	13	13	26	0.146067	89	1.13886e-05	TRUE	NA	NA	NA	NA	NA	NA
NC_045512.2	28135	T	G	61	27	26	17	17	25	0.195402	87	1.17228e-06	TRUE	NA	NA	NA	NA	NA	NA
NC_045512.2	28135	T	C	61	27	26	4	4	25	0.045977	87	0.0325319	FALSE	NA	NA	NA	NA	NA	NA
NC_045512.2	28135	T	A	61	27	26	5	5	25	0.0574713	87	0.0141257	FALSE	NA	NA	NA	NA	NA	NA
NC_045512.2	28136	T	G	63	29	27	11	11	26	0.126437	87	0.000134791	TRUE	NA	NA	NA	NA	NA	NA
NC_045512.2	28136	T	C	63	29	27	6	6	26	0.0689655	87	0.00686459	TRUE	NA	NA	NA	NA	NA	NA
NC_045512.2	28136	T	A	63	29	27	7	7	26	0.0804598	87	0.00308026	TRUE	NA	NA	NA	NA	NA	NA
NC_045512.2	28136	T	-T	63	29	27	1	0	20	0.0114943	87	0.426667	FALSE	NA	NA	NA	NA	NA	NA
NC_045512.2	28137	T	G	55	30	24	10	10	26	0.125	80	0.000217167	TRUE	NA	NA	NA	NA	NA	NA
NC_045512.2	28137	T	C	55	30	24	7	6	27	0.0875	80	0.00247415	TRUE	NA	NA	NA	NA	NA	NA
NC_045512.2	28137	T	A	55	30	24	8	8	27	0.1	80	0.00109001	TRUE	NA	NA	NA	NA	NA	NA
NC_045512.2	28138	C	T	52	19	26	17	17	27	0.188889	90	2.17294e-07	TRUE	NA	NA	NA	NA	NA	NA
NC_045512.2	28138	C	G	52	19	26	10	10	28	0.111111	90	8.58434e-05	TRUE	NA	NA	NA	NA	NA	NA
NC_045512.2	28138	C	A	52	19	26	11	11	26	0.122222	90	3.55798e-05	TRUE	NA	NA	NA	NA	NA	NA
NC_045512.2	28139	C	T	45	18	24	16	16	25	0.192771	83	3.31657e-07	TRUE	NA	NA	NA	NA	NA	NA
NC_045512.2	28139	C	G	45	18	24	11	11	26	0.13253	83	2.58845e-05	TRUE	NA	NA	NA	NA	NA	NA
NC_045512.2	28139	C	A	45	18	24	11	11	26	0.13253	83	2.58845e-05	TRUE	NA	NA	NA	NA	NA	NA
NC_045512.2	28140	T	G	60	27	27	9	9	26	0.104651	86	0.000535661	TRUE	NA	NA	NA	NA	NA	NA
NC_045512.2	28140	T	C	60	27	27	5	5	27	0.0581395	86	0.0139619	FALSE	NA	NA	NA	NA	NA	NA
NC_045512.2	28140	T	A	60	27	27	12	12	26	0.139535	86	5.0492e-05	TRUE	NA	NA	NA	NA	NA	NA
NC_045512.2	28140	T	-G	60	27	27	1	0	20	0.0116279	86	0.417808	FALSE	NA	NA	NA	NA	NA	NA
NC_045512.2	28141	G	T	55	24	26	9	9	24	0.103448	87	0.000332026	TRUE	NA	NA	NA	NA	NA	NA
NC_045512.2	28141	G	C	55	24	26	7	7	24	0.0804598	87	0.00184047	TRUE	NA	NA	NA	NA	NA	NA
NC_045512.2	28141	G	A	55	24	26	16	16	26	0.183908	87	1.084e-06	TRUE	NA	NA	NA	NA	NA	NA
NC_045512.2	28142	T	G	57	26	25	6	6	26	0.0722892	83	0.00584509	TRUE	NA	NA	NA	NA	NA	NA
NC_045512.2	28142	T	C	57	26	25	8	8	24	0.0963855	83	0.00113296	TRUE	NA	NA	NA	NA	NA	NA
NC_045512.2	28142	T	A	57	26	25	12	12	27	0.144578	83	4.70625e-05	TRUE	NA	NA	NA	NA	NA	NA
NC_045512.2	28143	T	G	53	24	27	6	6	27	0.0705882	85	0.00421924	TRUE	NA	NA	NA	NA	NA	NA
NC_045512.2	28143	T	C	53	24	27	17	17	26	0.2	85	4.54614e-07	TRUE	NA	NA	NA	NA	NA	NA
NC_045512.2	28143	T	A	53	24	27	9	9	27	0.105882	85	0.000314068	TRUE	NA	NA	NA	NA	NA	NA
NC_045512.2	28144	T	G	42	24	24	6	6	27	0.08	75	0.00303591	TRUE	NA	NA	NA	NA	NA	NA
NC_045512.2	28144	T	C	42	24	24	21	21	28	0.28	75	9.55143e-09	TRUE	NA	NA	NA	NA	NA	NA
NC_045512.2	28144	T	A	42	24	24	6	6	26	0.08	75	0.00303591	TRUE	NA	NA	NA	NA	NA	NA
NC_045512.2	28145	A	T	46	20	26	12	12	26	0.148148	81	1.46481e-05	TRUE	NA	NA	NA	NA	NA	NA
NC_045512.2	28145	A	G	46	20	26	12	12	26	0.148148	81	1.46481e-05	TRUE	NA	NA	NA	NA	NA	NA
NC_045512.2	28145	A	C	46	20	26	11	11	27	0.135802	81	3.48524e-05	TRUE	NA	NA	NA	NA	NA	NA
NC_045512.2	28145	A	-C	46	20	26	1	0	20	0.0123457	81	0.370079	FALSE	NA	NA	NA	NA	NA	NA
NC_045512.2	28146	C	T	43	18	26	11	11	26	0.139241	79	2.76575e-05	TRUE	NA	NA	NA	NA	NA	NA
NC_045512.2	28146	C	G	43	18	26	12	12	27	0.151899	79	1.14373e-05	TRUE	NA	NA	NA	NA	NA	NA
NC_045512.2	28146	C	A	43	18	26	13	13	26	0.164557	79	4.77976e-06	TRUE	NA	NA	NA	NA	NA	NA
NC_045512.2	28147	C	T	37	20	24	18	18	26	0.25	72	5.15105e-08	TRUE	NA	NA	NA	NA	NA	NA
NC_045512.2	28147	C	G	37	20	24	11	11	25	0.152778	72	2.14318e-05	TRUE	NA	NA	NA	NA	NA	NA
NC_045512.2	28147	C	A	37	20	24	6	6	26	0.0833333	72	0.00228595	TRUE	NA	NA	NA	NA	NA	NA
NC_045512.2	28147	C	-T	37	20	24	7	0	20	0.0972222	72	0.000874624	TRUE	NA	NA	NA	NA	NA	NA
NC_045512.2	28148	T	G	33	17	25	11	11	27	0.180328	61	1.19188e-05	TRUE	NA	NA	NA	NA	NA	NA
NC_045512.2	28148	T	C	33	17	25	7	7	28	0.114754	61	0.000585874	TRUE	NA	NA	NA	NA	NA	NA
NC_045512.2	28148	T	A	33	17	25	10	10	27	0.163934	61	3.08806e-05	TRUE	NA	NA	NA	NA	NA	NA
NC_045512.2	28149	T	G	50	25	26	5	5	25	0.0609756	82	0.00966502	TRUE	NA	NA	NA	NA	NA	NA
NC_045512.2	28149	T	C	50	25	26	16	16	25	0.195122	82	8.77828e-07	TRUE	NA	NA	NA	NA	NA	NA
NC_045512.2	28149	T	A	50	25	26	11	11	26	0.134146	82	5.24538e-05	TRUE	NA	NA	NA	NA	NA	NA
NC_045512.2	28150	T	G	53	29	26	7	7	27	0.0864198	81	0.00215046	TRUE	NA	NA	NA	NA	NA	NA
NC_045512.2	28150	T	C	53	29	26	14	14	26	0.17284	81	7.34616e-06	TRUE	NA	NA	NA	NA	NA	NA
NC_045512.2	28150	T	A	53	29	26	7	7	27	0.0864198	81	0.00215046	TRUE	NA	NA	NA	NA	NA	NA
NC_045512.2	28150	T	-T	53	29	26	2	0	20	0.0246914	81	0.164179	FALSE	NA	NA	NA	NA	NA	NA
NC_045512.2	28151	T	G	32	25	26	5	5	25	0.0806452	62	0.00641866	TRUE	NA	NA	NA	NA	NA	NA
NC_045512.2	28151	T	C	32	25	26	15	15	27	0.241935	62	8.58312e-07	TRUE	NA	NA	NA	NA	NA	NA
NC_045512.2	28151	T	A	32	25	26	10	8	27	0.16129	62	6.23723e-05	TRUE	NA	NA	NA	NA	NA	NA
NC_045512.2	28152	A	T	45	22	26	15	15	25	0.194805	77	1.53877e-06	TRUE	NA	NA	NA	NA	NA	NA
NC_045512.2	28152	A	G	45	22	26	7	7	27	0.0909091	77	0.00141532	TRUE	NA	NA	NA	NA	NA	NA
NC_045512.2	28152	A	C	45	22	26	10	9	26	0.12987	77	0.000101411	TRUE	NA	NA	NA	NA	NA	NA
NC_045512.2	28153	C	T	40	17	26	16	16	26	0.202532	79	2.0483e-07	TRUE	NA	NA	NA	NA	NA	NA
NC_045512.2	28153	C	G	40	17	26	8	8	25	0.101266	79	0.000300457	TRUE	NA	NA	NA	NA	NA	NA
NC_045512.2	28153	C	A	40	17	26	15	14	25	0.189873	79	4.9013e-07	TRUE	NA	NA	NA	NA	NA	NA
NC_045512.2	28153	C	-A	40	17	26	1	0	20	0.0126582	79	0.344538	FALSE	NA	NA	NA	NA	NA	NA
NC_045512.2	28154	A	T	39	16	26	22	22	26	0.289474	76	1.45202e-09	TRUE	NA	NA	NA	NA	NA	NA
NC_045512.2	28154	A	G	39	16	26	8	8	27	0.105263	76	0.000305336	TRUE	NA	NA	NA	NA	NA	NA
NC_045512.2	28154	A	C	39	16	26	7	7	27	0.0921053	76	0.000799071	TRUE	NA	NA	NA	NA	NA	NA
NC_045512.2	28155	A	T	45	25	24	13	13	26	0.166667	78	7.21224e-06	TRUE	NA	NA	NA	NA	NA	NA
NC_045512.2	28155	A	G	45	25	24	9	8	25	0.115385	78	0.000224947	TRUE	NA	NA	NA	NA	NA	NA
NC_045512.2	28155	A	C	45	25	24	11	11	28	0.141026	78	3.94644e-05	TRUE	NA	NA	NA	NA	NA	NA
NC_045512.2	28156	T	G	46	23	26	7	7	27	0.0886076	79	0.0013812	TRUE	NA	NA	NA	NA	NA	NA
NC_045512.2	28156	T	C	46	23	26	12	12	26	0.151899	79	1.75833e-05	TRUE	NA	NA	NA	NA	NA	NA
NC_045512.2	28156	T	A	46	23	26	14	14	27	0.177215	79	3.29233e-06	TRUE	NA	NA	NA	NA	NA	NA
NC_045512.2	28156	T	-T	46	23	26	1	0	20	0.0126582	79	0.376	FALSE	NA	NA	NA	NA	NA	NA
NC_045512.2	28157	T	G	49	27	24	2	2	22	0.025974	77	0.156865	FALSE	NA	NA	NA	NA	NA	NA
NC_045512.2	28157	T	C	49	27	24	13	13	26	0.168831	77	1.27631e-05	TRUE	NA	NA	NA	NA	NA	NA
NC_045512.2	28157	T	A	49	27	24	13	13	25	0.168831	77	1.27631e-05	TRUE	NA	NA	NA	NA	NA	NA
NC_045512.2	28157	T	-A	49	27	24	1	0	20	0.0128205	78	0.393701	FALSE	NA	NA	NA	NA	NA	NA
NC_045512.2	28158	A	T	48	25	26	14	14	26	0.181818	77	5.51933e-06	TRUE	NA	NA	NA	NA	NA	NA
NC_045512.2	28158	A	G	48	25	26	7	7	25	0.0909091	77	0.00181833	TRUE	NA	NA	NA	NA	NA	NA
NC_045512.2	28158	A	C	48	25	26	8	8	26	0.103896	77	0.000771414	TRUE	NA	NA	NA	NA	NA	NA
NC_045512.2	28159	A	T	42	19	25	17	17	25	0.226667	75	2.25192e-07	TRUE	NA	NA	NA	NA	NA	NA
NC_045512.2	28159	A	G	42	19	25	7	7	26	0.0933333	75	0.00120943	TRUE	NA	NA	NA	NA	NA	NA
NC_045512.2	28159	A	C	42	19	25	9	9	27	0.12	75	0.000198971	TRUE	NA	NA	NA	NA	NA	NA
NC_045512.2	28160	T	G	52	29	26	7	7	26	0.0886076	79	0.0022181	TRUE	NA	NA	NA	NA	NA	NA
NC_045512.2	28160	T	C	52	29	26	10	10	26	0.126582	79	0.000187427	TRUE	NA	NA	NA	NA	NA	NA
NC_045512.2	28160	T	A	52	29	26	10	10	26	0.126582	79	0.000187427	TRUE	NA	NA	NA	NA	NA	NA
NC_045512.2	28161	T	G	49	26	24	8	8	26	0.101266	79	0.000746037	TRUE	NA	NA	NA	NA	NA	NA
NC_045512.2	28161	T	C	49	26	24	10	10	27	0.126582	79	0.000137019	TRUE	NA	NA	NA	NA	NA	NA
NC_045512.2	28161	T	A	49	26	24	12	12	26	0.151899	79	2.61438e-05	TRUE	NA	NA	NA	NA	NA	NA
NC_045512.2	28162	G	T	37	14	26	19	19	26	0.24359	78	8.83454e-09	TRUE	NA	NA	NA	NA	NA	NA
NC_045512.2	28162	G	C	37	14	26	8	8	26	0.102564	78	0.000223861	TRUE	NA	NA	NA	NA	NA	NA
NC_045512.2	28162	G	A	37	14	26	14	14	26	0.179487	78	7.43344e-07	TRUE	NA	NA	NA	NA	NA	NA
NC_045512.2	28163	C	T	40	17	25	14	14	26	0.184211	76	1.66365e-06	TRUE	NA	NA	NA	NA	NA	NA
NC_045512.2	28163	C	G	40	17	25	3	3	24	0.0394737	76	0.0462355	FALSE	NA	NA	NA	NA	NA	NA
NC_045512.2	28163	C	A	40	17	25	19	19	26	0.25	76	2.49473e-08	TRUE	NA	NA	NA	NA	NA	NA
NC_045512.2	28164	C	T	39	18	25	22	22	25	0.282051	78	1.22053e-09	TRUE	NA	NA	NA	NA	NA	NA
NC_045512.2	28164	C	G	39	18	25	6	6	25	0.0769231	78	0.00201505	TRUE	NA	NA	NA	NA	NA	NA
NC_045512.2	28164	C	A	39	18	25	11	11	27	0.141026	78	1.67934e-05	TRUE	NA	NA	NA	NA	NA	NA
NC_045512.2	28165	A	T	44	21	26	17	17	26	0.217949	78	2.23418e-07	TRUE	NA	NA	NA	NA	NA	NA
NC_045512.2	28165	A	G	44	21	26	3	3	28	0.0384615	78	0.0522855	FALSE	NA	NA	NA	NA	NA	NA
NC_045512.2	28165	A	C	44	21	26	14	14	26	0.179487	78	2.66025e-06	TRUE	NA	NA	NA	NA	NA	NA
NC_045512.2	28165	A	-G	44	21	26	2	0	20	0.025641	78	0.137945	FALSE	NA	NA	NA	NA	NA	NA
NC_045512.2	28166	G	T	43	20	26	15	15	25	0.194805	77	8.6067e-07	TRUE	NA	NA	NA	NA	NA	NA
NC_045512.2	28166	G	C	43	20	26	9	9	26	0.116883	77	0.000167104	TRUE	NA	NA	NA	NA	NA	NA
NC_045512.2	28166	G	A	43	20	26	10	10	26	0.12987	77	6.76071e-05	TRUE	NA	NA	NA	NA	NA	NA
NC_045512.2	28166	G	-G	43	20	26	4	0	20	0.0506329	79	0.0184045	FALSE	NA	NA	NA	NA	NA	NA
NC_045512.2	28167	G	T	42	22	24	13	13	26	0.180556	72	5.54744e-06	TRUE	NA	NA	NA	NA	NA	NA
NC_045512.2	28167	G	C	42	22	24	8	8	25	0.111111	72	0.000456462	TRUE	NA	NA	NA	NA	NA	NA
NC_045512.2	28167	G	A	42	22	24	9	9	24	0.125	72	0.000184758	TRUE	NA	NA	NA	NA	NA	NA
NC_045512.2	28167	G	-A	42	22	24	6	0	20	0.0789474	76	0.00288782	TRUE	NA	NA	NA	NA	NA	NA
NC_045512.2	28168	A	T	50	28	25	12	12	24	0.164384	73	2.96396e-05	TRUE	NA	NA	NA	NA	NA	NA
NC_045512.2	28168	A	G	50	28	25	5	5	25	0.0684932	73	0.0108237	FALSE	NA	NA	NA	NA	NA	NA
NC_045512.2	28168	A	C	50	28	25	6	6	27	0.0821918	73	0.00452334	TRUE	NA	NA	NA	NA	NA	NA
NC_045512.2	28169	A	T	53	31	24	14	14	26	0.179487	78	9.94036e-06	TRUE	NA	NA	NA	NA	NA	NA
NC_045512.2	28169	A	G	53	31	24	5	5	24	0.0641026	78	0.0132164	FALSE	NA	NA	NA	NA	NA	NA
NC_045512.2	28169	A	C	53	31	24	6	6	24	0.0769231	78	0.00573357	TRUE	NA	NA	NA	NA	NA	NA
NC_045512.2	28170	C	T	38	16	25	12	12	27	0.16	75	7.62337e-06	TRUE	NA	NA	NA	NA	NA	NA
NC_045512.2	28170	C	G	38	16	25	7	7	24	0.0933333	75	0.000810098	TRUE	NA	NA	NA	NA	NA	NA
NC_045512.2	28170	C	A	38	16	25	18	18	26	0.24	75	4.15063e-08	TRUE	NA	NA	NA	NA	NA	NA
NC_045512.2	28171	C	T	37	17	24	15	15	25	0.205479	73	5.61786e-07	TRUE	NA	NA	NA	NA	NA	NA
NC_045512.2	28171	C	G	37	17	24	10	10	25	0.136986	73	4.86679e-05	TRUE	NA	NA	NA	NA	NA	NA
NC_045512.2	28171	C	A	37	17	24	11	11	27	0.150685	73	1.94672e-05	TRUE	NA	NA	NA	NA	NA	NA
NC_045512.2	28171	C	-T	37	17	24	1	0	20	0.0136986	73	0.345455	FALSE	NA	NA	NA	NA	NA	NA
NC_045512.2	28172	T	G	47	25	26	13	13	24	0.171053	76	1.06803e-05	TRUE	NA	NA	NA	NA	NA	NA
NC_045512.2	28172	T	C	47	25	26	6	6	26	0.0789474	76	0.004036	TRUE	NA	NA	NA	NA	NA	NA
NC_045512.2	28172	T	A	47	25	26	10	10	25	0.131579	76	0.000127976	TRUE	NA	NA	NA	NA	NA	NA
NC_045512.2	28173	A	T	41	20	26	16	16	26	0.210526	76	3.67599e-07	TRUE	NA	NA	NA	NA	NA	NA
NC_045512.2	28173	A	G	41	20	26	11	11	25	0.144737	76	2.71561e-05	TRUE	NA	NA	NA	NA	NA	NA
NC_045512.2	28173	A	C	41	20	26	8	8	26	0.105263	76	0.000409645	TRUE	NA	NA	NA	NA	NA	NA
NC_045512.2	28173	A	-A	41	20	26	1	0	20	0.0131579	76	0.358974	FALSE	NA	NA	NA	NA	NA	NA
NC_045512.2	28174	A	T	45	24	27	21	21	26	0.283784	74	1.88436e-08	TRUE	NA	NA	NA	NA	NA	NA
NC_045512.2	28174	A	G	45	24	27	5	5	25	0.0675676	74	0.00941044	TRUE	NA	NA	NA	NA	NA	NA
NC_045512.2	28174	A	C	45	24	27	3	3	27	0.0405405	74	0.0585828	FALSE	NA	NA	NA	NA	NA	NA
NC_045512.2	28174	A	-A	45	24	27	1	0	20	0.0133333	75	0.383333	FALSE	NA	NA	NA	NA	NA	NA
NC_045512.2	28175	A	T	48	31	24	12	12	26	0.173913	69	5.34934e-05	TRUE	NA	NA	NA	NA	NA	NA
NC_045512.2	28175	A	G	48	31	24	3	3	23	0.0434783	69	0.0741525	FALSE	NA	NA	NA	NA	NA	NA
NC_045512.2	28175	A	C	48	31	24	6	6	27	0.0869565	69	0.00607783	TRUE	NA	NA	NA	NA	NA	NA
NC_045512.2	28176	T	G	48	27	25	6	6	25	0.0810811	74	0.00499618	TRUE	NA	NA	NA	NA	NA	NA
NC_045512.2	28176	T	C	48	27	25	5	5	25	0.0675676	74	0.0117503	FALSE	NA	NA	NA	NA	NA	NA
NC_045512.2	28176	T	A	48	27	25	15	15	27	0.202703	74	3.53297e-06	TRUE	NA	NA	NA	NA	NA	NA
NC_045512.2	28177	T	G	42	24	24	5	5	27	0.0704225	71	0.00915513	TRUE	NA	NA	NA	NA	NA	NA
NC_045512.2	28177	T	C	42	24	24	9	8	26	0.126761	71	0.000269306	TRUE	NA	NA	NA	NA	NA	NA
NC_045512.2	28177	T	A	42	24	24	15	15	25	0.211268	71	1.89049e-06	TRUE	NA	NA	NA	NA	NA	NA
NC_045512.2	28178	G	T	34	13	26	16	16	25	0.231884	69	2.11432e-07	TRUE	NA	NA	NA	NA	NA	NA
NC_045512.2	28178	G	C	34	13	26	4	4	26	0.057971	69	0.014859	FALSE	NA	NA	NA	NA	NA	NA
NC_045512.2	28178	G	A	34	13	26	15	15	26	0.217391	69	4.98978e-07	TRUE	NA	NA	NA	NA	NA	NA
NC_045512.2	28179	G	T	42	21	27	12	12	24	0.164384	73	1.76171e-05	TRUE	NA	NA	NA	NA	NA	NA
NC_045512.2	28179	G	C	42	21	27	5	5	25	0.0684932	73	0.00839883	TRUE	NA	NA	NA	NA	NA	NA
NC_045512.2	28179	G	A	42	21	27	14	14	26	0.191781	73	3.33789e-06	TRUE	NA	NA	NA	NA	NA	NA
NC_045512.2	28180	G	T	32	18	24	17	17	25	0.261538	65	1.02746e-07	TRUE	NA	NA	NA	NA	NA	NA
NC_045512.2	28180	G	C	32	18	24	5	5	25	0.0769231	65	0.00550314	TRUE	NA	NA	NA	NA	NA	NA
NC_045512.2	28180	G	A	32	18	24	11	11	25	0.169231	65	1.8564e-05	TRUE	NA	NA	NA	NA	NA	NA
NC_045512.2	28181	T	G	44	23	26	12	12	25	0.164384	73	2.35346e-05	TRUE	NA	NA	NA	NA	NA	NA
NC_045512.2	28181	T	C	44	23	26	1	1	26	0.0136986	73	0.384615	FALSE	NA	NA	NA	NA	NA	NA
NC_045512.2	28181	T	A	44	23	26	16	16	26	0.219178	73	9.49806e-07	TRUE	NA	NA	NA	NA	NA	NA
NC_045512.2	28182	A	T	42	21	26	17	17	25	0.226667	75	2.25192e-07	TRUE	NA	NA	NA	NA	NA	NA
NC_045512.2	28182	A	G	42	21	26	7	7	25	0.0933333	75	0.00120943	TRUE	NA	NA	NA	NA	NA	NA
NC_045512.2	28182	A	C	42	21	26	9	9	25	0.12	75	0.000198971	TRUE	NA	NA	NA	NA	NA	NA
NC_045512.2	28183	G	T	40	19	26	8	8	26	0.111111	72	0.000481162	TRUE	NA	NA	NA	NA	NA	NA
NC_045512.2	28183	G	C	40	19	26	11	11	25	0.152778	72	3.39392e-05	TRUE	NA	NA	NA	NA	NA	NA
NC_045512.2	28183	G	A	40	19	26	13	13	26	0.180556	72	6.13273e-06	TRUE	NA	NA	NA	NA	NA	NA
NC_045512.2	28184	T	G	45	24	26	8	8	25	0.112676	71	0.000860613	TRUE	NA	NA	NA	NA	NA	NA
NC_045512.2	28184	T	C	45	24	26	9	9	26	0.126761	71	0.000374783	TRUE	NA	NA	NA	NA	NA	NA
NC_045512.2	28184	T	A	45	24	26	9	9	25	0.126761	71	0.000374783	TRUE	NA	NA	NA	NA	NA	NA
NC_045512.2	28184	T	-C	45	24	26	1	0	20	0.0140845	71	0.396552	FALSE	NA	NA	NA	NA	NA	NA
NC_045512.2	28185	C	T	36	15	27	11	11	25	0.157143	70	2.21574e-05	TRUE	NA	NA	NA	NA	NA	NA
NC_045512.2	28185	C	G	36	15	27	12	12	23	0.171429	70	9.09023e-06	TRUE	NA	NA	NA	NA	NA	NA
NC_045512.2	28185	C	A	36	15	27	11	11	25	0.157143	70	2.21574e-05	TRUE	NA	NA	NA	NA	NA	NA
NC_045512.2	28186	T	G	44	23	26	13	13	25	0.188406	69	1.59892e-05	TRUE	NA	NA	NA	NA	NA	NA
NC_045512.2	28186	T	C	44	23	26	1	1	29	0.0144928	69	0.39823	FALSE	NA	NA	NA	NA	NA	NA
NC_045512.2	28186	T	A	44	23	26	11	11	26	0.15942	69	7.76418e-05	TRUE	NA	NA	NA	NA	NA	NA
NC_045512.2	28187	T	G	41	21	25	13	13	25	0.180556	72	7.23722e-06	TRUE	NA	NA	NA	NA	NA	NA
NC_045512.2	28187	T	C	41	21	25	2	2	25	0.0277778	72	0.140196	FALSE	NA	NA	NA	NA	NA	NA
NC_045512.2	28187	T	A	41	21	25	16	16	25	0.222222	72	6.20316e-07	TRUE	NA	NA	NA	NA	NA	NA
NC_045512.2	28188	G	T	38	17	27	17	17	26	0.22973	74	1.10979e-07	TRUE	NA	NA	NA	NA	NA	NA
NC_045512.2	28188	G	C	38	17	27	7	7	25	0.0945946	74	0.000860729	TRUE	NA	NA	NA	NA	NA	NA
NC_045512.2	28188	G	A	38	17	27	12	12	25	0.162162	74	8.44016e-06	TRUE	NA	NA	NA	NA	NA	NA
NC_045512.2	28189	T	G	44	23	27	7	7	24	0.101449	69	0.00206677	TRUE	NA	NA	NA	NA	NA	NA
NC_045512.2	28189	T	C	44	23	27	8	8	27	0.115942	69	0.0008956	TRUE	NA	NA	NA	NA	NA	NA
NC_045512.2	28189	T	A	44	23	27	10	10	25	0.144928	69	0.000173635	TRUE	NA	NA	NA	NA	NA	NA
NC_045512.2	28190	A	T	27	6	27	10	10	26	0.196078	51	8.70662e-05	TRUE	NA	NA	NA	NA	NA	NA
NC_045512.2	28190	A	G	27	6	27	4	4	24	0.0784314	51	0.0189122	FALSE	NA	NA	NA	NA	NA	NA
NC_045512.2	28190	A	C	27	6	27	10	10	23	0.196078	51	8.70662e-05	TRUE	NA	NA	NA	NA	NA	NA
NC_045512.2	28191	G	T	26	5	27	2	2	24	0.0625	32	0.220923	FALSE	NA	NA	NA	NA	NA	NA
NC_045512.2	28191	G	C	26	5	27	2	2	26	0.0625	32	0.220923	FALSE	NA	NA	NA	NA	NA	NA
NC_045512.2	28191	G	A	26	5	27	2	2	26	0.0625	32	0.220923	FALSE	NA	NA	NA	NA	NA	NA
NC_045512.2	28192	T	C	28	7	27	1	1	23	0.0322581	31	0.491525	FALSE	NA	NA	NA	NA	NA	NA
NC_045512.2	28192	T	A	28	7	27	2	2	28	0.0645161	31	0.245763	FALSE	NA	NA	NA	NA	NA	NA
NC_045512.2	28193	G	T	25	4	27	2	2	28	0.0666667	30	0.227922	FALSE	NA	NA	NA	NA	NA	NA
NC_045512.2	28193	G	A	25	4	27	3	3	26	0.1	30	0.111962	FALSE	NA	NA	NA	NA	NA	NA
NC_045512.2	28194	C	T	25	4	27	1	1	23	0.0333333	30	0.472727	FALSE	NA	NA	NA	NA	NA	NA
NC_045512.2	28194	C	G	25	4	27	1	1	27	0.0333333	30	0.472727	FALSE	NA	NA	NA	NA	NA	NA
NC_045512.2	28194	C	A	25	4	27	3	3	26	0.1	30	0.111962	FALSE	NA	NA	NA	NA	NA	NA
NC_045512.2	28195	G	T	24	3	27	5	5	23	0.166667	30	0.0259171	FALSE	NA	NA	NA	NA	NA	NA
NC_045512.2	28195	G	A	24	3	27	1	1	30	0.0333333	30	0.462963	FALSE	NA	NA	NA	NA	NA	NA
NC_045512.2	28196	T	G	28	7	27	1	1	28	0.0333333	30	0.5	FALSE	NA	NA	NA	NA	NA	NA
NC_045512.2	28196	T	C	28	7	27	1	1	23	0.0333333	30	0.5	FALSE	NA	NA	NA	NA	NA	NA
NC_045512.2	28197	T	G	25	5	24	1	1	20	0.0344828	29	0.481481	FALSE	NA	NA	NA	NA	NA	NA
NC_045512.2	28197	T	A	25	5	24	3	3	27	0.103448	29	0.118182	FALSE	NA	NA	NA	NA	NA	NA
NC_045512.2	28198	G	T	26	5	27	2	2	28	0.0666667	30	0.236842	FALSE	NA	NA	NA	NA	NA	NA
NC_045512.2	28198	G	C	26	5	27	2	2	20	0.0666667	30	0.236842	FALSE	NA	NA	NA	NA	NA	NA
NC_045512.2	28199	T	C	25	5	27	3	2	27	0.1	30	0.111962	FALSE	NA	NA	NA	NA	NA	NA
NC_045512.2	28199	T	A	25	5	27	2	2	27	0.0666667	30	0.227922	FALSE	NA	NA	NA	NA	NA	NA
NC_045512.2	28200	T	G	23	4	23	1	1	27	0.0344828	29	0.461538	FALSE	NA	NA	NA	NA	NA	NA
NC_045512.2	28200	T	C	23	4	23	3	2	26	0.103448	29	0.104822	FALSE	NA	NA	NA	NA	NA	NA
NC_045512.2	28200	T	A	23	4	23	2	1	24	0.0689655	29	0.217707	FALSE	NA	NA	NA	NA	NA	NA
NC_045512.2	28201	C	T	25	4	27	2	2	25	0.0666667	30	0.227922	FALSE	NA	NA	NA	NA	NA	NA
NC_045512.2	28201	C	G	25	4	27	1	1	24	0.0333333	30	0.472727	FALSE	NA	NA	NA	NA	NA	NA
NC_045512.2	28201	C	A	25	4	27	2	2	24	0.0666667	30	0.227922	FALSE	NA	NA	NA	NA	NA	NA
NC_045512.2	28202	G	T	25	4	27	2	2	25	0.0714286	28	0.245283	FALSE	NA	NA	NA	NA	NA	NA
NC_045512.2	28202	G	A	25	4	27	1	1	28	0.0357143	28	0.490566	FALSE	NA	NA	NA	NA	NA	NA
NC_045512.2	28203	T	G	28	7	27	2	2	25	0.0666667	30	0.254237	FALSE	NA	NA	NA	NA	NA	NA
NC_045512.2	28204	T	G	27	6	24	1	1	28	0.0333333	30	0.491228	FALSE	NA	NA	NA	NA	NA	NA
NC_045512.2	28204	T	A	27	6	24	2	2	22	0.0666667	30	0.245614	FALSE	NA	NA	NA	NA	NA	NA
NC_045512.2	28205	C	T	25	4	28	3	3	26	0.103448	29	0.118182	FALSE	NA	NA	NA	NA	NA	NA
NC_045512.2	28205	C	A	25	4	28	1	1	28	0.0344828	29	0.481481	FALSE	NA	NA	NA	NA	NA	NA
NC_045512.2	28206	T	G	25	4	28	1	1	24	0.0357143	28	0.490566	FALSE	NA	NA	NA	NA	NA	NA
NC_045512.2	28206	T	C	25	4	28	1	1	21	0.0357143	28	0.490566	FALSE	NA	NA	NA	NA	NA	NA
NC_045512.2	28206	T	A	25	4	28	1	1	25	0.0357143	28	0.490566	FALSE	NA	NA	NA	NA	NA	NA
NC_045512.2	28207	A	C	21	0	28	3	3	24	0.125	24	0.124823	FALSE	NA	NA	NA	NA	NA	NA
NC_045512.2	28211	A	G	17	0	23	1	0	33	0.0555556	18	0.514286	FALSE	NA	NA	NA	NA	NA	NA
NC_045512.2	28214	C	T	20	0	26	1	0	28	0.047619	21	0.512195	FALSE	NA	NA	NA	NA	NA	NA
NC_045512.2	28214	C	-T	20	0	26	2	0	20	0.0952381	21	0.268293	FALSE	NA	NA	NA	NA	NA	NA
NC_045512.2	28246	T	C	15	2	21	2	1	26	0.117647	17	0.257576	FALSE	NA	NA	NA	NA	NA	NA
NC_045512.2	28247	A	G	28	2	27	2	2	25	0.0666667	30	0.254237	FALSE	NA	NA	NA	NA	NA	NA
NC_045512.2	28248	G	T	29	3	27	1	1	23	0.0333333	30	0.508475	FALSE	NA	NA	NA	NA	NA	NA
NC_045512.2	28249	A	T	28	2	26	2	2	27	0.0666667	30	0.254237	FALSE	NA	NA	NA	NA	NA	NA
NC_045512.2	28250	T	G	28	2	26	1	1	27	0.0333333	30	0.5	FALSE	NA	NA	NA	NA	NA	NA
NC_045512.2	28250	T	A	28	2	26	1	1	22	0.0333333	30	0.5	FALSE	NA	NA	NA	NA	NA	NA
NC_045512.2	28250	T	+CTG	28	2	26	3	0	20	0.1	30	0.131356	FALSE	NA	NA	NA	NA	NA	NA
NC_045512.2	28251	T	A	29	3	27	1	1	26	0.0333333	30	0.508475	FALSE	NA	NA	NA	NA	NA	NA
NC_045512.2	28253	C	T	28	2	27	2	2	28	0.0645161	31	0.245763	FALSE	NA	NA	NA	NA	NA	NA
NC_045512.2	28253	C	G	28	2	27	1	1	29	0.0322581	31	0.491525	FALSE	NA	NA	NA	NA	NA	NA
NC_045512.2	28253	C	-A	28	2	27	3	0	20	0.0967742	31	0.124896	FALSE	NA	NA	NA	NA	NA	NA
NC_045512.2	28254	A	T	26	3	27	2	2	25	0.0714286	28	0.228675	FALSE	NA	NA	NA	NA	NA	NA
NC_045512.2	28255	T	A	33	5	27	1	1	27	0.0294118	34	0.507463	FALSE	NA	NA	NA	NA	NA	NA
NC_045512.2	28256	C	G	31	3	27	2	2	27	0.0588235	34	0.246154	FALSE	NA	NA	NA	NA	NA	NA
NC_045512.2	28256	C	A	31	3	27	1	1	25	0.0294118	34	0.492308	FALSE	NA	NA	NA	NA	NA	NA
NC_045512.2	28257	T	C	31	3	27	1	1	26	0.030303	33	0.5	FALSE	NA	NA	NA	NA	NA	NA
NC_045512.2	28257	T	A	31	3	27	1	1	26	0.030303	33	0.5	FALSE	NA	NA	NA	NA	NA	NA
NC_045512.2	28258	A	T	31	3	27	1	1	27	0.03125	32	0.507937	FALSE	NA	NA	NA	NA	NA	NA
NC_045512.2	28259	A	T	31	3	27	2	2	26	0.0588235	34	0.246154	FALSE	NA	NA	NA	NA	NA	NA
NC_045512.2	28259	A	G	31	3	27	1	1	23	0.0294118	34	0.492308	FALSE	NA	NA	NA	NA	NA	NA
NC_045512.2	28259	A	+T	31	3	27	1	0	20	0.0294118	34	0.492308	FALSE	NA	NA	NA	NA	NA	NA
NC_045512.2	28260	A	T	23	3	23	3	3	27	0.111111	27	0.117647	FALSE	NA	NA	NA	NA	NA	NA
NC_045512.2	28260	A	G	23	3	23	1	0	29	0.037037	27	0.48	FALSE	NA	NA	NA	NA	NA	NA
NC_045512.2	28261	C	T	32	4	26	1	1	30	0.0294118	34	0.5	FALSE	NA	NA	NA	NA	NA	NA
NC_045512.2	28261	C	A	32	4	26	1	1	27	0.0294118	34	0.5	FALSE	NA	NA	NA	NA	NA	NA
NC_045512.2	28262	G	T	32	4	26	1	1	29	0.0294118	34	0.5	FALSE	NA	NA	NA	NA	NA	NA
NC_045512.2	28262	G	A	32	4	26	1	1	28	0.0294118	34	0.5	FALSE	NA	NA	NA	NA	NA	NA
NC_045512.2	28263	A	T	31	4	26	1	1	30	0.0294118	34	0.492308	FALSE	NA	NA	NA	NA	NA	NA
NC_045512.2	28263	A	G	31	4	26	1	0	24	0.0294118	34	0.492308	FALSE	NA	NA	NA	NA	NA	NA
NC_045512.2	28263	A	C	31	4	26	1	1	26	0.0294118	34	0.492308	FALSE	NA	NA	NA	NA	NA	NA
NC_045512.2	28264	A	T	28	3	23	1	1	22	0.03125	32	0.483333	FALSE	NA	NA	NA	NA	NA	NA
NC_045512.2	28264	A	G	28	3	23	1	0	27	0.03125	32	0.483333	FALSE	NA	NA	NA	NA	NA	NA
NC_045512.2	28264	A	C	28	3	23	2	2	28	0.0625	32	0.237705	FALSE	NA	NA	NA	NA	NA	NA
NC_045512.2	28265	C	T	29	3	26	3	3	28	0.09375	32	0.124902	FALSE	NA	NA	NA	NA	NA	NA
NC_045512.2	28266	A	T	28	2	27	1	1	31	0.0333333	30	0.5	FALSE	NA	NA	NA	NA	NA	NA
NC_045512.2	28266	A	G	28	2	27	1	1	27	0.0333333	30	0.5	FALSE	NA	NA	NA	NA	NA	NA
NC_045512.2	28267	A	T	30	4	27	1	1	21	0.03125	32	0.5	FALSE	NA	NA	NA	NA	NA	NA
NC_045512.2	28267	A	C	30	4	27	1	1	27	0.03125	32	0.5	FALSE	NA	NA	NA	NA	NA	NA
NC_045512.2	28268	A	T	21	5	23	1	1	31	0.0454545	22	0.511628	FALSE	NA	NA	NA	NA	NA	NA
NC_045512.2	28269	C	T	29	4	26	2	2	29	0.0645161	31	0.254098	FALSE	NA	NA	NA	NA	NA	NA
NC_045512.2	28270	T	G	28	3	26	1	1	31	0.0322581	31	0.491525	FALSE	NA	NA	NA	NA	NA	NA
NC_045512.2	28270	T	C	28	3	26	1	1	27	0.0322581	31	0.491525	FALSE	NA	NA	NA	NA	NA	NA
NC_045512.2	28270	T	A	28	3	26	1	1	28	0.0322581	31	0.491525	FALSE	NA	NA	NA	NA	NA	NA
NC_045512.2	28271	A	T	1	1	27	24	4	23	0.923077	26	2.05679e-13	TRUE	NA	NA	NA	NA	NA	NA
NC_045512.2	28271	A	C	1	1	27	1	1	23	0.0384615	26	0.0740741	FALSE	NA	NA	NA	NA	NA	NA
NC_045512.2	28272	A	G	29	5	26	1	0	28	0.0322581	31	0.5	FALSE	NA	NA	NA	NA	NA	NA
NC_045512.2	28272	A	C	29	5	26	1	1	22	0.0322581	31	0.5	FALSE	NA	NA	NA	NA	NA	NA
NC_045512.2	28273	A	C	29	4	28	1	1	28	0.0333333	30	0.508475	FALSE	NA	NA	NA	NA	NA	NA
NC_045512.2	28274	A	T	25	5	23	1	1	22	0.0384615	26	0.509804	FALSE	NA	NA	NA	NA	NA	NA
NC_045512.2	28275	T	C	29	4	26	1	1	28	0.0322581	31	0.5	FALSE	NA	NA	NA	NA	NA	NA
NC_045512.2	28275	T	A	29	4	26	1	1	28	0.0322581	31	0.5	FALSE	NA	NA	NA	NA	NA	NA
NC_045512.2	28276	G	T	29	4	26	1	1	22	0.0322581	31	0.5	FALSE	NA	NA	NA	NA	NA	NA
NC_045512.2	28276	G	A	29	4	26	1	1	28	0.0322581	31	0.5	FALSE	NA	NA	NA	NA	NA	NA
NC_045512.2	28277	T	C	28	3	26	1	1	27	0.0322581	31	0.491525	FALSE	NA	NA	NA	NA	NA	NA
NC_045512.2	28277	T	A	28	3	26	2	2	22	0.0645161	31	0.245763	FALSE	NA	NA	NA	NA	NA	NA
NC_045512.2	28278	C	T	29	4	26	1	1	22	0.0322581	31	0.5	FALSE	NA	NA	NA	NA	NA	NA
NC_045512.2	28278	C	A	29	4	26	1	1	27	0.0322581	31	0.5	FALSE	NA	NA	NA	NA	NA	NA
NC_045512.2	28279	T	C	29	4	26	1	1	28	0.0322581	31	0.5	FALSE	NA	NA	NA	NA	NA	NA
NC_045512.2	28279	T	A	29	4	26	1	1	22	0.0322581	31	0.5	FALSE	NA	NA	NA	NA	NA	NA
NC_045512.2	28280	G	A	28	3	26	3	3	23	0.0967742	31	0.124896	FALSE	NA	NA	NA	NA	NA	NA
NC_045512.2	28281	A	T	30	5	27	1	1	23	0.0322581	31	0.508197	FALSE	NA	NA	NA	NA	NA	NA
NC_045512.2	28282	T	A	29	4	27	2	2	27	0.0645161	31	0.254098	FALSE	NA	NA	NA	NA	NA	NA
NC_045512.2	28283	A	T	28	4	27	1	1	27	0.0333333	30	0.5	FALSE	NA	NA	NA	NA	NA	NA
NC_045512.2	28283	A	C	28	4	27	1	1	28	0.0333333	30	0.5	FALSE	NA	NA	NA	NA	NA	NA
NC_045512.2	28284	A	T	24	4	23	1	1	24	0.0384615	26	0.5	FALSE	NA	NA	NA	NA	NA	NA
NC_045512.2	28284	A	G	24	4	23	1	1	26	0.0384615	26	0.5	FALSE	NA	NA	NA	NA	NA	NA
NC_045512.2	28286	G	T	26	3	25	1	1	26	0.0344828	29	0.490909	FALSE	NA	NA	NA	NA	NA	NA
NC_045512.2	28286	G	C	26	3	25	1	1	27	0.0344828	29	0.490909	FALSE	NA	NA	NA	NA	NA	NA
NC_045512.2	28286	G	A	26	3	25	1	1	23	0.0344828	29	0.490909	FALSE	NA	NA	NA	NA	NA	NA
NC_045512.2	28287	G	T	21	4	23	1	1	27	0.0434783	23	0.5	FALSE	NA	NA	NA	NA	NA	NA
NC_045512.2	28287	G	A	21	4	23	1	1	31	0.0434783	23	0.5	FALSE	NA	NA	NA	NA	NA	NA
NC_045512.2	28288	A	G	27	4	25	1	1	27	0.0357143	28	0.509091	FALSE	NA	NA	NA	NA	NA	NA
NC_045512.2	28289	C	T	25	3	26	1	1	28	0.0357143	28	0.490566	FALSE	NA	NA	NA	NA	NA	NA
NC_045512.2	28289	C	G	25	3	26	1	1	28	0.0357143	28	0.490566	FALSE	NA	NA	NA	NA	NA	NA
NC_045512.2	28289	C	A	25	3	26	1	1	27	0.0357143	28	0.490566	FALSE	NA	NA	NA	NA	NA	NA
NC_045512.2	28290	C	T	25	3	27	2	2	24	0.0689655	29	0.236364	FALSE	NA	NA	NA	NA	NA	NA
NC_045512.2	28290	C	G	25	3	27	1	1	27	0.0344828	29	0.481481	FALSE	NA	NA	NA	NA	NA	NA
NC_045512.2	28290	C	A	25	3	27	1	1	27	0.0344828	29	0.481481	FALSE	NA	NA	NA	NA	NA	NA
NC_045512.2	28291	C	T	23	3	26	2	2	28	0.0714286	28	0.226244	FALSE	NA	NA	NA	NA	NA	NA
NC_045512.2	28291	C	G	23	3	26	2	2	24	0.0714286	28	0.226244	FALSE	NA	NA	NA	NA	NA	NA
NC_045512.2	28291	C	A	23	3	26	1	1	23	0.0357143	28	0.470588	FALSE	NA	NA	NA	NA	NA	NA
NC_045512.2	28292	C	T	7	4	24	1	1	22	0.0909091	11	0.444444	FALSE	NA	NA	NA	NA	NA	NA
NC_045512.2	28292	C	G	7	4	24	2	2	27	0.181818	11	0.210526	FALSE	NA	NA	NA	NA	NA	NA
NC_045512.2	28292	C	A	7	4	24	1	1	27	0.0909091	11	0.444444	FALSE	NA	NA	NA	NA	NA	NA
NC_045512.2	28292	C	-A	7	4	24	2	0	20	0.181818	11	0.210526	FALSE	NA	NA	NA	NA	NA	NA
NC_045512.2	28293	A	T	15	3	24	3	3	27	0.166667	18	0.0765478	FALSE	NA	NA	NA	NA	NA	NA
NC_045512.2	28294	A	T	22	4	26	1	1	27	0.0384615	26	0.479167	FALSE	NA	NA	NA	NA	NA	NA
NC_045512.2	28294	A	G	22	4	26	3	3	26	0.115385	26	0.117347	FALSE	NA	NA	NA	NA	NA	NA
NC_045512.2	28295	A	T	20	4	27	1	1	27	0.0434783	23	0.488372	FALSE	NA	NA	NA	NA	NA	NA
NC_045512.2	28295	A	G	20	4	27	1	1	30	0.0434783	23	0.488372	FALSE	NA	NA	NA	NA	NA	NA
NC_045512.2	28295	A	C	20	4	27	1	1	23	0.0434783	23	0.488372	FALSE	NA	NA	NA	NA	NA	NA
NC_045512.2	28296	A	T	10	4	24	3	3	26	0.214286	14	0.11	FALSE	NA	NA	NA	NA	NA	NA
NC_045512.2	28296	A	C	10	4	24	1	1	28	0.0714286	14	0.458333	FALSE	NA	NA	NA	NA	NA	NA
NC_045512.2	28297	T	G	4	2	26	1	1	27	0.0416667	24	0.178571	FALSE	NA	NA	NA	NA	NA	NA
NC_045512.2	28297	T	C	4	2	26	17	3	25	0.708333	24	8.71999e-09	TRUE	NA	NA	NA	NA	NA	NA
NC_045512.2	28297	T	A	4	2	26	2	2	24	0.0833333	24	0.0369458	FALSE	NA	NA	NA	NA	NA	NA
NC_045512.2	28298	C	T	17	4	23	2	2	24	0.0909091	22	0.219231	FALSE	NA	NA	NA	NA	NA	NA
NC_045512.2	28298	C	G	17	4	23	1	1	28	0.0454545	22	0.461538	FALSE	NA	NA	NA	NA	NA	NA
NC_045512.2	28298	C	A	17	4	23	2	2	24	0.0909091	22	0.219231	FALSE	NA	NA	NA	NA	NA	NA
NC_045512.2	28299	A	T	22	6	26	2	2	27	0.08	25	0.244681	FALSE	NA	NA	NA	NA	NA	NA
NC_045512.2	28299	A	C	22	6	26	1	1	27	0.04	25	0.489362	FALSE	NA	NA	NA	NA	NA	NA
NC_045512.2	28300	G	T	22	6	26	1	1	28	0.04	25	0.489362	FALSE	NA	NA	NA	NA	NA	NA
NC_045512.2	28300	G	C	22	6	26	1	1	27	0.04	25	0.489362	FALSE	NA	NA	NA	NA	NA	NA
NC_045512.2	28300	G	A	22	6	26	1	1	26	0.04	25	0.489362	FALSE	NA	NA	NA	NA	NA	NA
NC_045512.2	28300	G	+CTG	22	6	26	1	0	20	0.04	25	0.489362	FALSE	NA	NA	NA	NA	NA	NA
NC_045512.2	28301	C	T	19	3	27	2	2	21	0.0869565	23	0.232558	FALSE	NA	NA	NA	NA	NA	NA
NC_045512.2	28301	C	G	19	3	27	1	1	26	0.0434783	23	0.47619	FALSE	NA	NA	NA	NA	NA	NA
NC_045512.2	28301	C	A	19	3	27	1	1	27	0.0434783	23	0.47619	FALSE	NA	NA	NA	NA	NA	NA
NC_045512.2	28302	G	T	18	3	27	4	4	24	0.166667	24	0.0490956	FALSE	NA	NA	NA	NA	NA	NA
NC_045512.2	28302	G	A	18	3	27	2	2	26	0.0833333	24	0.21041	FALSE	NA	NA	NA	NA	NA	NA
NC_045512.2	28303	A	T	20	4	26	2	2	28	0.0869565	23	0.244186	FALSE	NA	NA	NA	NA	NA	NA
NC_045512.2	28303	A	C	20	4	26	1	1	27	0.0434783	23	0.488372	FALSE	NA	NA	NA	NA	NA	NA
NC_045512.2	28303	A	-A	20	4	26	1	0	20	0.0434783	23	0.488372	FALSE	NA	NA	NA	NA	NA	NA
NC_045512.2	28304	A	T	20	4	28	2	2	25	0.0833333	24	0.223188	FALSE	NA	NA	NA	NA	NA	NA
NC_045512.2	28304	A	G	20	4	28	1	1	27	0.0416667	24	0.466667	FALSE	NA	NA	NA	NA	NA	NA
NC_045512.2	28304	A	C	20	4	28	1	1	26	0.0416667	24	0.466667	FALSE	NA	NA	NA	NA	NA	NA
NC_045512.2	28305	A	T	17	4	23	1	1	28	0.0434783	23	0.45	FALSE	NA	NA	NA	NA	NA	NA
NC_045512.2	28305	A	G	17	4	23	2	2	26	0.0869565	23	0.208537	FALSE	NA	NA	NA	NA	NA	NA
NC_045512.2	28305	A	C	17	4	23	3	3	26	0.130435	23	0.0993031	FALSE	NA	NA	NA	NA	NA	NA
NC_045512.2	28306	T	G	20	4	26	1	1	23	0.04	25	0.466667	FALSE	NA	NA	NA	NA	NA	NA
NC_045512.2	28306	T	C	20	4	26	3	3	25	0.12	25	0.10922	FALSE	NA	NA	NA	NA	NA	NA
NC_045512.2	28306	T	A	20	4	26	1	1	29	0.04	25	0.466667	FALSE	NA	NA	NA	NA	NA	NA
NC_045512.2	28307	G	T	19	3	26	3	3	26	0.12	25	0.101449	FALSE	NA	NA	NA	NA	NA	NA
NC_045512.2	28307	G	A	19	3	26	3	3	25	0.12	25	0.101449	FALSE	NA	NA	NA	NA	NA	NA
NC_045512.2	28308	C	G	19	4	26	3	3	25	0.130435	23	0.116279	FALSE	NA	NA	NA	NA	NA	NA
NC_045512.2	28308	C	A	19	4	26	1	1	27	0.0434783	23	0.47619	FALSE	NA	NA	NA	NA	NA	NA
NC_045512.2	28309	A	T	20	5	27	3	3	27	0.125	24	0.116667	FALSE	NA	NA	NA	NA	NA	NA
NC_045512.2	28309	A	C	20	5	27	1	1	27	0.0416667	24	0.477273	FALSE	NA	NA	NA	NA	NA	NA
NC_045512.2	28310	C	T	19	4	27	2	2	27	0.08	25	0.212121	FALSE	NA	NA	NA	NA	NA	NA
NC_045512.2	28310	C	G	19	4	27	1	1	29	0.04	25	0.454545	FALSE	NA	NA	NA	NA	NA	NA
NC_045512.2	28310	C	A	19	4	27	3	3	27	0.12	25	0.101449	FALSE	NA	NA	NA	NA	NA	NA
NC_045512.2	28311	C	T	2	2	26	21	6	26	0.84	25	2.01565e-11	TRUE	NA	NA	NA	NA	NA	NA
NC_045512.2	28311	C	A	2	2	26	2	2	27	0.08	25	0.015873	FALSE	NA	NA	NA	NA	NA	NA
NC_045512.2	28312	C	T	19	4	26	2	2	28	0.08	25	0.212121	FALSE	NA	NA	NA	NA	NA	NA
NC_045512.2	28312	C	G	19	4	26	1	1	27	0.04	25	0.454545	FALSE	NA	NA	NA	NA	NA	NA
NC_045512.2	28312	C	A	19	4	26	3	3	29	0.12	25	0.101449	FALSE	NA	NA	NA	NA	NA	NA
NC_045512.2	28313	C	T	16	4	24	1	1	27	0.0434783	23	0.435897	FALSE	NA	NA	NA	NA	NA	NA
NC_045512.2	28313	C	G	16	4	24	2	2	27	0.0869565	23	0.196154	FALSE	NA	NA	NA	NA	NA	NA
NC_045512.2	28313	C	A	16	4	24	4	4	27	0.173913	23	0.043286	FALSE	NA	NA	NA	NA	NA	NA
NC_045512.2	28314	G	T	22	7	27	3	3	26	0.111111	27	0.110444	FALSE	NA	NA	NA	NA	NA	NA
NC_045512.2	28314	G	C	22	7	27	1	1	27	0.037037	27	0.469388	FALSE	NA	NA	NA	NA	NA	NA
NC_045512.2	28314	G	A	22	7	27	1	1	28	0.037037	27	0.469388	FALSE	NA	NA	NA	NA	NA	NA
NC_045512.2	28315	C	T	20	5	26	3	3	26	0.111111	27	0.0961246	FALSE	NA	NA	NA	NA	NA	NA
NC_045512.2	28315	C	G	20	5	26	1	1	29	0.037037	27	0.446809	FALSE	NA	NA	NA	NA	NA	NA
NC_045512.2	28315	C	A	20	5	26	3	3	26	0.111111	27	0.0961246	FALSE	NA	NA	NA	NA	NA	NA
NC_045512.2	28316	A	T	21	6	25	2	2	25	0.0740741	27	0.215136	FALSE	NA	NA	NA	NA	NA	NA
NC_045512.2	28316	A	G	21	6	25	3	3	26	0.111111	27	0.103265	FALSE	NA	NA	NA	NA	NA	NA
NC_045512.2	28316	A	C	21	6	25	1	1	28	0.037037	27	0.458333	FALSE	NA	NA	NA	NA	NA	NA
NC_045512.2	28317	T	G	20	5	25	1	1	28	0.0384615	26	0.456522	FALSE	NA	NA	NA	NA	NA	NA
NC_045512.2	28317	T	C	20	5	25	1	1	28	0.0384615	26	0.456522	FALSE	NA	NA	NA	NA	NA	NA
NC_045512.2	28317	T	A	20	5	25	4	4	27	0.153846	26	0.050152	FALSE	NA	NA	NA	NA	NA	NA
NC_045512.2	28318	T	G	14	6	23	1	1	27	0.05	20	0.441176	FALSE	NA	NA	NA	NA	NA	NA
NC_045512.2	28318	T	C	14	6	23	1	1	27	0.05	20	0.441176	FALSE	NA	NA	NA	NA	NA	NA
NC_045512.2	28318	T	A	14	6	23	4	4	26	0.2	20	0.046332	FALSE	NA	NA	NA	NA	NA	NA
NC_045512.2	28319	A	T	19	5	25	3	3	26	0.115385	26	0.0949738	FALSE	NA	NA	NA	NA	NA	NA
NC_045512.2	28319	A	C	19	5	25	4	4	27	0.153846	26	0.0455083	FALSE	NA	NA	NA	NA	NA	NA
NC_045512.2	28320	C	T	18	4	24	4	4	25	0.153846	26	0.0410114	FALSE	NA	NA	NA	NA	NA	NA
NC_045512.2	28320	C	G	18	4	24	2	2	28	0.0769231	26	0.191919	FALSE	NA	NA	NA	NA	NA	NA
NC_045512.2	28320	C	A	18	4	24	2	2	29	0.0769231	26	0.191919	FALSE	NA	NA	NA	NA	NA	NA
NC_045512.2	28321	G	T	21	7	25	4	4	26	0.137931	29	0.0431999	FALSE	NA	NA	NA	NA	NA	NA
NC_045512.2	28321	G	C	21	7	25	2	2	28	0.0689655	29	0.198431	FALSE	NA	NA	NA	NA	NA	NA
NC_045512.2	28321	G	A	21	7	25	2	2	25	0.0689655	29	0.198431	FALSE	NA	NA	NA	NA	NA	NA
NC_045512.2	28322	T	G	20	6	25	4	4	27	0.137931	29	0.0392502	FALSE	NA	NA	NA	NA	NA	NA
NC_045512.2	28322	T	C	20	6	25	2	2	27	0.0689655	29	0.188571	FALSE	NA	NA	NA	NA	NA	NA
NC_045512.2	28322	T	A	20	6	25	3	3	25	0.103448	29	0.085042	FALSE	NA	NA	NA	NA	NA	NA
NC_045512.2	28323	T	G	24	10	27	2	2	26	0.0645161	31	0.211039	FALSE	NA	NA	NA	NA	NA	NA
NC_045512.2	28323	T	C	24	10	27	2	2	26	0.0645161	31	0.211039	FALSE	NA	NA	NA	NA	NA	NA
NC_045512.2	28323	T	A	24	10	27	3	3	26	0.0967742	31	0.0999658	FALSE	NA	NA	NA	NA	NA	NA
NC_045512.2	28324	T	G	14	7	23	3	3	27	0.125	24	0.0688259	FALSE	NA	NA	NA	NA	NA	NA
NC_045512.2	28324	T	C	14	7	23	1	1	24	0.0416667	24	0.394737	FALSE	NA	NA	NA	NA	NA	NA
NC_045512.2	28324	T	A	14	7	23	6	6	25	0.25	24	0.00635779	TRUE	NA	NA	NA	NA	NA	NA
NC_045512.2	28325	G	T	19	5	25	8	8	24	0.266667	30	0.00156289	TRUE	NA	NA	NA	NA	NA	NA
NC_045512.2	28325	G	A	19	5	25	3	3	28	0.1	30	0.0739496	FALSE	NA	NA	NA	NA	NA	NA
NC_045512.2	28326	G	T	15	4	23	7	7	26	0.259259	27	0.00231626	TRUE	NA	NA	NA	NA	NA	NA
NC_045512.2	28326	G	C	15	4	23	2	2	28	0.0740741	27	0.150609	FALSE	NA	NA	NA	NA	NA	NA
NC_045512.2	28326	G	A	15	4	23	3	3	30	0.111111	27	0.0616128	FALSE	NA	NA	NA	NA	NA	NA
NC_045512.2	28327	T	G	25	11	27	1	1	28	0.0322581	31	0.464286	FALSE	NA	NA	NA	NA	NA	NA
NC_045512.2	28327	T	C	25	11	27	4	4	28	0.129032	31	0.0521855	FALSE	NA	NA	NA	NA	NA	NA
NC_045512.2	28327	T	A	25	11	27	1	1	26	0.0322581	31	0.464286	FALSE	NA	NA	NA	NA	NA	NA
NC_045512.2	28328	G	T	20	6	26	6	6	26	0.2	30	0.00794179	TRUE	NA	NA	NA	NA	NA	NA
NC_045512.2	28328	G	C	20	6	26	3	3	28	0.1	30	0.0801357	FALSE	NA	NA	NA	NA	NA	NA
NC_045512.2	28328	G	A	20	6	26	1	1	29	0.0333333	30	0.42	FALSE	NA	NA	NA	NA	NA	NA
NC_045512.2	28329	G	T	13	4	25	7	7	27	0.269231	26	0.00170826	TRUE	NA	NA	NA	NA	NA	NA
NC_045512.2	28329	G	C	13	4	25	1	1	28	0.0384615	26	0.358974	FALSE	NA	NA	NA	NA	NA	NA
NC_045512.2	28329	G	A	13	4	25	5	5	25	0.192308	26	0.00890091	TRUE	NA	NA	NA	NA	NA	NA
NC_045512.2	28330	A	T	21	7	26	2	2	24	0.0666667	30	0.190799	FALSE	NA	NA	NA	NA	NA	NA
NC_045512.2	28330	A	G	21	7	26	4	4	26	0.133333	30	0.0399999	FALSE	NA	NA	NA	NA	NA	NA
NC_045512.2	28330	A	C	21	7	26	3	3	28	0.1	30	0.0863997	FALSE	NA	NA	NA	NA	NA	NA
NC_045512.2	28331	C	T	18	4	27	5	5	26	0.166667	30	0.0129471	FALSE	NA	NA	NA	NA	NA	NA
NC_045512.2	28331	C	G	18	4	27	2	2	24	0.0666667	30	0.161565	FALSE	NA	NA	NA	NA	NA	NA
NC_045512.2	28331	C	A	18	4	27	5	5	26	0.166667	30	0.0129471	FALSE	NA	NA	NA	NA	NA	NA
NC_045512.2	28332	C	T	17	3	27	6	6	24	0.2	30	0.00495846	TRUE	NA	NA	NA	NA	NA	NA
NC_045512.2	28332	C	G	17	3	27	1	1	23	0.0333333	30	0.382979	FALSE	NA	NA	NA	NA	NA	NA
NC_045512.2	28332	C	A	17	3	27	6	6	24	0.2	30	0.00495846	TRUE	NA	NA	NA	NA	NA	NA
NC_045512.2	28333	C	T	16	3	22	6	6	25	0.206897	29	0.00469539	TRUE	NA	NA	NA	NA	NA	NA
NC_045512.2	28333	C	G	16	3	22	2	2	22	0.0689655	29	0.147826	FALSE	NA	NA	NA	NA	NA	NA
NC_045512.2	28333	C	A	16	3	22	5	5	25	0.172414	29	0.0106713	FALSE	NA	NA	NA	NA	NA	NA
NC_045512.2	28334	T	G	23	9	27	3	3	25	0.0967742	31	0.0937951	FALSE	NA	NA	NA	NA	NA	NA
NC_045512.2	28334	T	C	23	9	27	1	1	26	0.0322581	31	0.444444	FALSE	NA	NA	NA	NA	NA	NA
NC_045512.2	28334	T	A	23	9	27	4	4	28	0.129032	31	0.0444293	FALSE	NA	NA	NA	NA	NA	NA
NC_045512.2	28335	C	T	21	8	27	6	6	26	0.2	30	0.00911685	TRUE	NA	NA	NA	NA	NA	NA
NC_045512.2	28335	C	G	21	8	27	1	1	27	0.0333333	30	0.431373	FALSE	NA	NA	NA	NA	NA	NA
NC_045512.2	28335	C	A	21	8	27	2	2	25	0.0666667	30	0.190799	FALSE	NA	NA	NA	NA	NA	NA
NC_045512.2	28336	A	T	21	8	27	1	1	22	0.0344828	29	0.44	FALSE	NA	NA	NA	NA	NA	NA
NC_045512.2	28336	A	G	21	8	27	3	3	25	0.103448	29	0.0915837	FALSE	NA	NA	NA	NA	NA	NA
NC_045512.2	28336	A	C	21	8	27	4	4	28	0.137931	29	0.0431999	FALSE	NA	NA	NA	NA	NA	NA
NC_045512.2	28337	G	T	19	6	27	8	8	26	0.266667	30	0.00156289	TRUE	NA	NA	NA	NA	NA	NA
NC_045512.2	28337	G	A	19	6	27	3	3	27	0.1	30	0.0739496	FALSE	NA	NA	NA	NA	NA	NA
NC_045512.2	28338	A	T	16	6	26	4	4	27	0.16	25	0.0356903	FALSE	NA	NA	NA	NA	NA	NA
NC_045512.2	28338	A	G	16	6	26	2	2	24	0.08	25	0.1777	FALSE	NA	NA	NA	NA	NA	NA
NC_045512.2	28338	A	C	16	6	26	3	3	27	0.12	25	0.0785188	FALSE	NA	NA	NA	NA	NA	NA
NC_045512.2	28339	T	G	15	5	26	2	2	25	0.0869565	23	0.183536	FALSE	NA	NA	NA	NA	NA	NA
NC_045512.2	28339	T	C	15	5	26	3	3	27	0.130435	23	0.0825911	FALSE	NA	NA	NA	NA	NA	NA
NC_045512.2	28339	T	A	15	5	26	3	3	26	0.130435	23	0.0825911	FALSE	NA	NA	NA	NA	NA	NA
NC_045512.2	28340	T	G	13	6	24	1	1	29	0.0434783	23	0.388889	FALSE	NA	NA	NA	NA	NA	NA
NC_045512.2	28340	T	C	13	6	24	3	3	28	0.130435	23	0.0663822	FALSE	NA	NA	NA	NA	NA	NA
NC_045512.2	28340	T	A	13	6	24	6	6	24	0.26087	23	0.00603418	TRUE	NA	NA	NA	NA	NA	NA
NC_045512.2	28341	C	T	13	4	26	2	2	26	0.0833333	24	0.14936	FALSE	NA	NA	NA	NA	NA	NA
NC_045512.2	28341	C	A	13	4	26	9	9	26	0.375	24	0.000561319	TRUE	NA	NA	NA	NA	NA	NA
NC_045512.2	28342	A	T	18	10	26	1	1	24	0.0416667	24	0.452381	FALSE	NA	NA	NA	NA	NA	NA
NC_045512.2	28342	A	G	18	10	26	3	3	24	0.125	24	0.100423	FALSE	NA	NA	NA	NA	NA	NA
NC_045512.2	28342	A	C	18	10	26	2	2	29	0.0833333	24	0.21041	FALSE	NA	NA	NA	NA	NA	NA
NC_045512.2	28343	A	T	13	7	24	2	2	26	0.0909091	22	0.166667	FALSE	NA	NA	NA	NA	NA	NA
NC_045512.2	28343	A	G	13	7	24	1	1	28	0.0454545	22	0.4	FALSE	NA	NA	NA	NA	NA	NA
NC_045512.2	28343	A	C	13	7	24	6	6	27	0.272727	22	0.00706861	TRUE	NA	NA	NA	NA	NA	NA
NC_045512.2	28344	C	T	15	7	25	2	2	23	0.08	25	0.165854	FALSE	NA	NA	NA	NA	NA	NA
NC_045512.2	28344	C	G	15	7	25	5	5	26	0.2	25	0.0142761	FALSE	NA	NA	NA	NA	NA	NA
NC_045512.2	28344	C	A	15	7	25	3	3	27	0.12	25	0.0710801	FALSE	NA	NA	NA	NA	NA	NA
NC_045512.2	28345	T	G	15	7	25	4	4	27	0.173913	23	0.0382739	FALSE	NA	NA	NA	NA	NA	NA
NC_045512.2	28345	T	A	15	7	25	4	4	25	0.173913	23	0.0382739	FALSE	NA	NA	NA	NA	NA	NA
NC_045512.2	28346	G	T	11	3	26	3	3	27	0.12	25	0.0431484	FALSE	NA	NA	NA	NA	NA	NA
NC_045512.2	28346	G	C	11	3	26	1	1	24	0.04	25	0.333333	FALSE	NA	NA	NA	NA	NA	NA
NC_045512.2	28346	G	A	11	3	26	10	10	26	0.4	25	0.000110563	TRUE	NA	NA	NA	NA	NA	NA
NC_045512.2	28347	G	T	9	3	24	1	1	24	0.0434783	23	0.3125	FALSE	NA	NA	NA	NA	NA	NA
NC_045512.2	28347	G	C	9	3	24	7	7	25	0.304348	23	0.000906479	TRUE	NA	NA	NA	NA	NA	NA
NC_045512.2	28347	G	A	9	3	24	6	6	27	0.26087	23	0.00215289	TRUE	NA	NA	NA	NA	NA	NA
NC_045512.2	28348	C	T	14	6	27	4	4	25	0.166667	24	0.0302163	FALSE	NA	NA	NA	NA	NA	NA
NC_045512.2	28348	C	A	14	6	27	6	6	26	0.25	24	0.00635779	TRUE	NA	NA	NA	NA	NA	NA
NC_045512.2	28349	A	T	15	9	26	3	3	29	0.136364	22	0.0892877	FALSE	NA	NA	NA	NA	NA	NA
NC_045512.2	28349	A	C	15	9	26	4	4	28	0.181818	22	0.0424116	FALSE	NA	NA	NA	NA	NA	NA
NC_045512.2	28350	G	T	10	4	27	2	2	29	0.0869565	23	0.117647	FALSE	NA	NA	NA	NA	NA	NA
NC_045512.2	28350	G	C	10	4	27	3	3	27	0.130435	23	0.0436975	FALSE	NA	NA	NA	NA	NA	NA
NC_045512.2	28350	G	A	10	4	27	8	8	27	0.347826	23	0.00056899	TRUE	NA	NA	NA	NA	NA	NA
NC_045512.2	28351	T	G	12	6	27	2	2	26	0.0869565	23	0.144444	FALSE	NA	NA	NA	NA	NA	NA
NC_045512.2	28351	T	C	12	6	27	4	4	27	0.173913	23	0.0246562	FALSE	NA	NA	NA	NA	NA	NA
NC_045512.2	28351	T	A	12	6	27	5	5	26	0.217391	23	0.0107476	FALSE	NA	NA	NA	NA	NA	NA
NC_045512.2	28352	A	T	12	6	26	4	4	22	0.173913	23	0.0246562	FALSE	NA	NA	NA	NA	NA	NA
NC_045512.2	28352	A	G	12	6	26	3	3	25	0.130435	23	0.0585586	FALSE	NA	NA	NA	NA	NA	NA
NC_045512.2	28352	A	C	12	6	26	4	4	27	0.173913	23	0.0246562	FALSE	NA	NA	NA	NA	NA	NA
NC_045512.2	28353	A	T	9	5	25	8	8	26	0.380952	21	0.000629662	TRUE	NA	NA	NA	NA	NA	NA
NC_045512.2	28353	A	G	9	5	25	2	2	28	0.0952381	21	0.11828	FALSE	NA	NA	NA	NA	NA	NA
NC_045512.2	28353	A	C	9	5	25	2	2	25	0.0952381	21	0.11828	FALSE	NA	NA	NA	NA	NA	NA
NC_045512.2	28354	C	T	7	2	25	4	4	26	0.181818	22	0.00917686	TRUE	NA	NA	NA	NA	NA	NA
NC_045512.2	28354	C	G	7	2	25	3	3	27	0.136364	22	0.0266963	FALSE	NA	NA	NA	NA	NA	NA
NC_045512.2	28354	C	A	7	2	25	8	8	25	0.363636	22	0.000212655	TRUE	NA	NA	NA	NA	NA	NA
NC_045512.2	28355	C	T	10	6	24	1	1	23	0.047619	21	0.354839	FALSE	NA	NA	NA	NA	NA	NA
NC_045512.2	28355	C	G	10	6	24	2	2	27	0.0952381	21	0.133065	FALSE	NA	NA	NA	NA	NA	NA
NC_045512.2	28355	C	A	10	6	24	8	8	26	0.380952	21	0.000894783	TRUE	NA	NA	NA	NA	NA	NA
NC_045512.2	28356	A	T	15	10	27	3	3	27	0.136364	22	0.0892877	FALSE	NA	NA	NA	NA	NA	NA
NC_045512.2	28356	A	G	15	10	27	1	1	29	0.0454545	22	0.432432	FALSE	NA	NA	NA	NA	NA	NA
NC_045512.2	28356	A	C	15	10	27	3	3	27	0.136364	22	0.0892877	FALSE	NA	NA	NA	NA	NA	NA
NC_045512.2	28357	G	T	7	3	28	5	5	26	0.238095	21	0.00393294	TRUE	NA	NA	NA	NA	NA	NA
NC_045512.2	28357	G	C	7	3	28	1	1	27	0.047619	21	0.285714	FALSE	NA	NA	NA	NA	NA	NA
NC_045512.2	28357	G	A	7	3	28	8	8	27	0.380952	21	0.000273413	TRUE	NA	NA	NA	NA	NA	NA
NC_045512.2	28358	A	T	8	4	27	3	3	28	0.15	20	0.0406404	FALSE	NA	NA	NA	NA	NA	NA
NC_045512.2	28358	A	G	8	4	27	5	5	25	0.25	20	0.00639103	TRUE	NA	NA	NA	NA	NA	NA
NC_045512.2	28358	A	C	8	4	27	4	4	27	0.2	20	0.0157318	FALSE	NA	NA	NA	NA	NA	NA
NC_045512.2	28359	A	T	9	5	25	6	6	25	0.3	20	0.00372146	TRUE	NA	NA	NA	NA	NA	NA
NC_045512.2	28359	A	G	9	5	25	3	3	28	0.15	20	0.0489433	FALSE	NA	NA	NA	NA	NA	NA
NC_045512.2	28359	A	C	9	5	25	2	2	28	0.1	20	0.126437	FALSE	NA	NA	NA	NA	NA	NA
NC_045512.2	28360	T	G	10	6	27	3	3	23	0.142857	21	0.0524194	FALSE	NA	NA	NA	NA	NA	NA
NC_045512.2	28360	T	C	10	6	27	5	5	26	0.238095	21	0.00925047	TRUE	NA	NA	NA	NA	NA	NA
NC_045512.2	28360	T	A	10	6	27	3	3	24	0.142857	21	0.0524194	FALSE	NA	NA	NA	NA	NA	NA
NC_045512.2	28361	G	T	9	5	25	4	4	27	0.2	20	0.0198832	FALSE	NA	NA	NA	NA	NA	NA
NC_045512.2	28361	G	C	9	5	25	3	3	27	0.15	20	0.0489433	FALSE	NA	NA	NA	NA	NA	NA
NC_045512.2	28361	G	A	9	5	25	4	4	27	0.2	20	0.0198832	FALSE	NA	NA	NA	NA	NA	NA
NC_045512.2	28361	G	-GAGAACGCA	9	5	25	6	0	20	0.3	20	0.00372146	TRUE	NA	NA	NA	NA	NA	NA
NC_045512.2	28362	G	T	4	4	26	3	3	26	0.2	15	0.0134615	FALSE	NA	NA	NA	NA	NA	NA
NC_045512.2	28362	G	C	4	4	26	4	4	24	0.266667	15	0.0039886	TRUE	NA	NA	NA	NA	NA	NA
NC_045512.2	28362	G	A	4	4	26	4	4	27	0.266667	15	0.0039886	TRUE	NA	NA	NA	NA	NA	NA
NC_045512.2	28363	A	T	7	7	25	1	1	28	0.0666667	15	0.296296	FALSE	NA	NA	NA	NA	NA	NA
NC_045512.2	28363	A	G	7	7	25	2	2	25	0.133333	15	0.0952381	FALSE	NA	NA	NA	NA	NA	NA
NC_045512.2	28363	A	C	7	7	25	5	5	25	0.333333	15	0.00466126	TRUE	NA	NA	NA	NA	NA	NA
NC_045512.2	28364	G	T	2	2	28	5	5	25	0.333333	15	0.000319246	TRUE	NA	NA	NA	NA	NA	NA
NC_045512.2	28364	G	C	2	2	28	4	4	26	0.266667	15	0.00118577	TRUE	NA	NA	NA	NA	NA	NA
NC_045512.2	28364	G	A	2	2	28	4	4	27	0.266667	15	0.00118577	TRUE	NA	NA	NA	NA	NA	NA
NC_045512.2	28365	A	T	5	5	24	4	4	26	0.266667	15	0.00615385	TRUE	NA	NA	NA	NA	NA	NA
NC_045512.2	28365	A	G	5	5	24	2	2	25	0.133333	15	0.0646154	FALSE	NA	NA	NA	NA	NA	NA
NC_045512.2	28365	A	C	5	5	24	4	4	28	0.266667	15	0.00615385	TRUE	NA	NA	NA	NA	NA	NA
NC_045512.2	28366	A	G	8	8	24	2	2	27	0.142857	14	0.119048	FALSE	NA	NA	NA	NA	NA	NA
NC_045512.2	28366	A	C	8	8	24	4	4	27	0.285714	14	0.0180624	FALSE	NA	NA	NA	NA	NA	NA
NC_045512.2	28367	C	T	3	3	28	4	4	25	0.285714	14	0.0027668	TRUE	NA	NA	NA	NA	NA	NA
NC_045512.2	28367	C	G	3	3	28	1	1	29	0.0714286	14	0.181818	FALSE	NA	NA	NA	NA	NA	NA
NC_045512.2	28367	C	A	3	3	28	6	6	27	0.428571	14	0.000283774	TRUE	NA	NA	NA	NA	NA	NA
NC_045512.2	28368	G	T	3	3	24	4	4	26	0.307692	13	0.00329381	TRUE	NA	NA	NA	NA	NA	NA
NC_045512.2	28368	G	C	3	3	24	2	2	25	0.153846	13	0.04329	FALSE	NA	NA	NA	NA	NA	NA
NC_045512.2	28368	G	A	3	3	24	4	4	25	0.307692	13	0.00329381	TRUE	NA	NA	NA	NA	NA	NA
NC_045512.2	28369	C	T	1	1	28	3	3	24	0.214286	14	0.0025974	TRUE	NA	NA	NA	NA	NA	NA
NC_045512.2	28369	C	G	1	1	28	5	5	25	0.357143	14	0.000141163	TRUE	NA	NA	NA	NA	NA	NA
NC_045512.2	28369	C	A	1	1	28	5	5	26	0.357143	14	0.000141163	TRUE	NA	NA	NA	NA	NA	NA
NC_045512.2	28369	C	-AGTGGGGCG	1	1	28	1	0	20	0.0526316	19	0.1	FALSE	NA	NA	NA	NA	NA	NA
NC_045512.2	28370	A	T	7	7	28	1	1	26	0.0714286	14	0.296296	FALSE	NA	NA	NA	NA	NA	NA
NC_045512.2	28370	A	G	7	7	28	3	3	27	0.214286	14	0.0328407	FALSE	NA	NA	NA	NA	NA	NA
NC_045512.2	28370	A	C	7	7	28	3	3	26	0.214286	14	0.0328407	FALSE	NA	NA	NA	NA	NA	NA
NC_045512.2	28371	G	T	7	4	26	1	1	27	0.0625	16	0.333333	FALSE	NA	NA	NA	NA	NA	NA
NC_045512.2	28371	G	C	7	4	26	2	2	25	0.125	16	0.12	FALSE	NA	NA	NA	NA	NA	NA
NC_045512.2	28371	G	A	7	4	26	6	6	26	0.375	16	0.00361248	TRUE	NA	NA	NA	NA	NA	NA
NC_045512.2	28372	T	G	8	4	26	1	1	27	0.0555556	18	0.333333	FALSE	NA	NA	NA	NA	NA	NA
NC_045512.2	28372	T	C	8	4	26	7	7	26	0.388889	18	0.0015063	TRUE	NA	NA	NA	NA	NA	NA
NC_045512.2	28372	T	A	8	4	26	2	2	28	0.111111	18	0.119048	FALSE	NA	NA	NA	NA	NA	NA
NC_045512.2	28373	G	T	10	4	25	2	2	27	0.0909091	22	0.117647	FALSE	NA	NA	NA	NA	NA	NA
NC_045512.2	28373	G	C	10	4	25	7	7	27	0.318182	22	0.00126442	TRUE	NA	NA	NA	NA	NA	NA
NC_045512.2	28373	G	A	10	4	25	3	3	28	0.136364	22	0.0436975	FALSE	NA	NA	NA	NA	NA	NA
NC_045512.2	28374	G	T	10	4	27	3	3	25	0.136364	22	0.0436975	FALSE	NA	NA	NA	NA	NA	NA
NC_045512.2	28374	G	C	10	4	27	7	7	27	0.318182	22	0.00126442	TRUE	NA	NA	NA	NA	NA	NA
NC_045512.2	28374	G	A	10	4	27	2	2	25	0.0909091	22	0.117647	FALSE	NA	NA	NA	NA	NA	NA
NC_045512.2	28375	G	T	11	5	27	3	3	25	0.157895	19	0.0667155	FALSE	NA	NA	NA	NA	NA	NA
NC_045512.2	28375	G	C	11	5	27	3	3	27	0.157895	19	0.0667155	FALSE	NA	NA	NA	NA	NA	NA
NC_045512.2	28375	G	A	11	5	27	2	2	28	0.105263	19	0.157258	FALSE	NA	NA	NA	NA	NA	NA
NC_045512.2	28375	G	-GCGCGATCA	11	5	27	1	0	20	0.05	20	0.387097	FALSE	NA	NA	NA	NA	NA	NA
NC_045512.2	28376	G	T	5	4	26	4	4	28	0.285714	14	0.0118577	FALSE	NA	NA	NA	NA	NA	NA
NC_045512.2	28376	G	C	5	4	26	2	2	29	0.142857	14	0.0909091	FALSE	NA	NA	NA	NA	NA	NA
NC_045512.2	28376	G	A	5	4	26	3	3	28	0.214286	14	0.0316206	FALSE	NA	NA	NA	NA	NA	NA
NC_045512.2	28377	C	T	7	2	27	3	2	26	0.15	20	0.0266963	FALSE	NA	NA	NA	NA	NA	NA
NC_045512.2	28377	C	G	7	2	27	2	2	25	0.1	20	0.0827586	FALSE	NA	NA	NA	NA	NA	NA
NC_045512.2	28377	C	A	7	2	27	8	8	25	0.4	20	0.000212655	TRUE	NA	NA	NA	NA	NA	NA
NC_045512.2	28378	G	C	10	4	26	2	2	28	0.1	20	0.125	FALSE	NA	NA	NA	NA	NA	NA
NC_045512.2	28378	G	A	10	4	26	8	8	26	0.4	20	0.000711238	TRUE	NA	NA	NA	NA	NA	NA
NC_045512.2	28379	C	T	11	5	26	3	3	27	0.136364	22	0.0509804	FALSE	NA	NA	NA	NA	NA	NA
NC_045512.2	28379	C	G	11	5	26	3	3	28	0.136364	22	0.0509804	FALSE	NA	NA	NA	NA	NA	NA
NC_045512.2	28379	C	A	11	5	26	5	5	25	0.227273	22	0.0087022	TRUE	NA	NA	NA	NA	NA	NA
NC_045512.2	28380	G	T	10	4	25	6	6	24	0.285714	21	0.00344462	TRUE	NA	NA	NA	NA	NA	NA
NC_045512.2	28380	G	C	10	4	25	3	3	26	0.142857	21	0.0477941	FALSE	NA	NA	NA	NA	NA	NA
NC_045512.2	28380	G	A	10	4	25	2	2	27	0.0952381	21	0.125	FALSE	NA	NA	NA	NA	NA	NA
NC_045512.2	28381	A	T	10	5	27	2	2	30	0.1	20	0.133065	FALSE	NA	NA	NA	NA	NA	NA
NC_045512.2	28381	A	G	10	5	27	4	4	27	0.2	20	0.0215844	FALSE	NA	NA	NA	NA	NA	NA
NC_045512.2	28381	A	C	10	5	27	4	4	25	0.2	20	0.0215844	FALSE	NA	NA	NA	NA	NA	NA
NC_045512.2	28382	T	G	8	4	28	5	5	26	0.25	20	0.00542269	TRUE	NA	NA	NA	NA	NA	NA
NC_045512.2	28382	T	C	8	4	28	2	2	29	0.1	20	0.103448	FALSE	NA	NA	NA	NA	NA	NA
NC_045512.2	28382	T	A	8	4	28	5	5	27	0.25	20	0.00542269	TRUE	NA	NA	NA	NA	NA	NA
NC_045512.2	28383	C	T	15	10	26	1	1	23	0.047619	21	0.432432	FALSE	NA	NA	NA	NA	NA	NA
NC_045512.2	28383	C	G	15	10	26	4	4	25	0.190476	21	0.0424116	FALSE	NA	NA	NA	NA	NA	NA
NC_045512.2	28383	C	A	15	10	26	1	1	27	0.047619	21	0.432432	FALSE	NA	NA	NA	NA	NA	NA
NC_045512.2	28384	A	T	6	2	27	3	3	27	0.157895	19	0.025641	FALSE	NA	NA	NA	NA	NA	NA
NC_045512.2	28384	A	G	6	2	27	5	5	27	0.263158	19	0.00324197	TRUE	NA	NA	NA	NA	NA	NA
NC_045512.2	28384	A	C	6	2	27	5	5	28	0.263158	19	0.00324197	TRUE	NA	NA	NA	NA	NA	NA
NC_045512.2	28385	A	T	9	6	25	3	3	28	0.142857	21	0.0443548	FALSE	NA	NA	NA	NA	NA	NA
NC_045512.2	28385	A	G	9	6	25	4	4	27	0.190476	21	0.0174731	FALSE	NA	NA	NA	NA	NA	NA
NC_045512.2	28385	A	C	9	6	25	5	5	26	0.238095	21	0.00719481	TRUE	NA	NA	NA	NA	NA	NA
NC_045512.2	28386	A	T	12	9	27	3	3	27	0.136364	22	0.0637255	FALSE	NA	NA	NA	NA	NA	NA
NC_045512.2	28386	A	G	12	9	27	4	4	26	0.181818	22	0.027557	FALSE	NA	NA	NA	NA	NA	NA
NC_045512.2	28386	A	C	12	9	27	3	3	25	0.136364	22	0.0637255	FALSE	NA	NA	NA	NA	NA	NA
NC_045512.2	28387	A	T	8	8	27	1	1	30	0.0625	16	0.375	FALSE	NA	NA	NA	NA	NA	NA
NC_045512.2	28387	A	G	8	8	27	3	3	27	0.1875	16	0.0634615	FALSE	NA	NA	NA	NA	NA	NA
NC_045512.2	28387	A	C	8	8	27	4	4	26	0.25	16	0.0282051	FALSE	NA	NA	NA	NA	NA	NA
NC_045512.2	28388	C	T	7	4	26	5	5	27	0.208333	24	0.00243969	TRUE	NA	NA	NA	NA	NA	NA
NC_045512.2	28388	C	G	7	4	26	5	5	27	0.208333	24	0.00243969	TRUE	NA	NA	NA	NA	NA	NA
NC_045512.2	28388	C	A	7	4	26	7	7	26	0.291667	24	0.00033335	TRUE	NA	NA	NA	NA	NA	NA
NC_045512.2	28389	A	T	8	5	26	6	6	25	0.24	25	0.00108778	TRUE	NA	NA	NA	NA	NA	NA
NC_045512.2	28389	A	G	8	5	26	9	9	27	0.36	25	6.9389e-05	TRUE	NA	NA	NA	NA	NA	NA
NC_045512.2	28389	A	C	8	5	26	2	2	24	0.08	25	0.0802139	FALSE	NA	NA	NA	NA	NA	NA
NC_045512.2	28390	A	T	7	5	24	8	8	27	0.347826	23	0.000166675	TRUE	NA	NA	NA	NA	NA	NA
NC_045512.2	28390	A	G	7	5	24	3	3	29	0.130435	23	0.0241935	FALSE	NA	NA	NA	NA	NA	NA
NC_045512.2	28390	A	C	7	5	24	5	5	28	0.217391	23	0.0028463	TRUE	NA	NA	NA	NA	NA	NA
NC_045512.2	28391	C	T	11	8	26	5	5	24	0.217391	23	0.0087022	TRUE	NA	NA	NA	NA	NA	NA
NC_045512.2	28391	C	G	11	8	26	3	3	25	0.130435	23	0.0509804	FALSE	NA	NA	NA	NA	NA	NA
NC_045512.2	28391	C	A	11	8	26	4	4	29	0.173913	23	0.0206677	FALSE	NA	NA	NA	NA	NA	NA
NC_045512.2	28392	G	T	9	6	26	5	5	27	0.217391	23	0.00531046	TRUE	NA	NA	NA	NA	NA	NA
NC_045512.2	28392	G	C	9	6	26	5	5	28	0.217391	23	0.00531046	TRUE	NA	NA	NA	NA	NA	NA
NC_045512.2	28392	G	A	9	6	26	4	4	24	0.173913	23	0.0136555	FALSE	NA	NA	NA	NA	NA	NA
NC_045512.2	28393	T	G	13	10	27	1	1	27	0.0416667	24	0.378378	FALSE	NA	NA	NA	NA	NA	NA
NC_045512.2	28393	T	C	13	10	27	5	5	27	0.208333	24	0.0114332	FALSE	NA	NA	NA	NA	NA	NA
NC_045512.2	28393	T	A	13	10	27	5	5	28	0.208333	24	0.0114332	FALSE	NA	NA	NA	NA	NA	NA
NC_045512.2	28394	C	T	10	7	27	6	6	26	0.230769	26	0.00178099	TRUE	NA	NA	NA	NA	NA	NA
NC_045512.2	28394	C	G	10	7	27	5	5	27	0.192308	26	0.00456377	TRUE	NA	NA	NA	NA	NA	NA
NC_045512.2	28394	C	A	10	7	27	5	5	26	0.192308	26	0.00456377	TRUE	NA	NA	NA	NA	NA	NA
NC_045512.2	28395	G	T	10	7	26	6	6	25	0.222222	27	0.00152656	TRUE	NA	NA	NA	NA	NA	NA
NC_045512.2	28395	G	C	10	7	26	8	8	26	0.296296	27	0.000246896	TRUE	NA	NA	NA	NA	NA	NA
NC_045512.2	28395	G	A	10	7	26	3	3	27	0.111111	27	0.0312945	FALSE	NA	NA	NA	NA	NA	NA
NC_045512.2	28396	G	T	11	8	25	5	5	26	0.192308	26	0.00582868	TRUE	NA	NA	NA	NA	NA	NA
NC_045512.2	28396	G	C	11	8	25	5	5	28	0.192308	26	0.00582868	TRUE	NA	NA	NA	NA	NA	NA
NC_045512.2	28396	G	A	11	8	25	5	5	26	0.192308	26	0.00582868	TRUE	NA	NA	NA	NA	NA	NA
NC_045512.2	28397	C	T	10	7	26	6	6	25	0.24	25	0.0020863	TRUE	NA	NA	NA	NA	NA	NA
NC_045512.2	28397	C	G	10	7	26	7	7	26	0.28	25	0.00086505	TRUE	NA	NA	NA	NA	NA	NA
NC_045512.2	28397	C	A	10	7	26	2	2	23	0.08	25	0.104762	FALSE	NA	NA	NA	NA	NA	NA
NC_045512.2	28398	C	T	9	6	27	6	6	25	0.230769	26	0.00130394	TRUE	NA	NA	NA	NA	NA	NA
NC_045512.2	28398	C	G	9	6	27	3	3	23	0.115385	26	0.028314	FALSE	NA	NA	NA	NA	NA	NA
NC_045512.2	28398	C	A	9	6	27	8	8	26	0.307692	26	0.000205964	TRUE	NA	NA	NA	NA	NA	NA
NC_045512.2	28399	C	T	8	5	27	8	8	25	0.32	25	0.00016735	TRUE	NA	NA	NA	NA	NA	NA
NC_045512.2	28399	C	G	8	5	27	2	2	26	0.08	25	0.0802139	FALSE	NA	NA	NA	NA	NA	NA
NC_045512.2	28399	C	A	8	5	27	7	7	25	0.28	25	0.000418375	TRUE	NA	NA	NA	NA	NA	NA
NC_045512.2	28400	C	T	6	4	25	12	12	26	0.48	25	1.67877e-06	TRUE	NA	NA	NA	NA	NA	NA
NC_045512.2	28400	C	G	6	4	25	4	4	26	0.16	25	0.0045282	TRUE	NA	NA	NA	NA	NA	NA
NC_045512.2	28400	C	A	6	4	25	3	3	26	0.12	25	0.0153959	FALSE	NA	NA	NA	NA	NA	NA
NC_045512.2	28401	A	T	13	10	26	11	11	27	0.407407	27	6.68245e-05	TRUE	NA	NA	NA	NA	NA	NA
NC_045512.2	28401	A	G	13	10	26	2	2	28	0.0740741	27	0.128049	FALSE	NA	NA	NA	NA	NA	NA
NC_045512.2	28401	A	C	13	10	26	1	1	28	0.037037	27	0.35	FALSE	NA	NA	NA	NA	NA	NA
NC_045512.2	28402	A	T	11	8	25	4	4	27	0.148148	27	0.0134788	FALSE	NA	NA	NA	NA	NA	NA
NC_045512.2	28402	A	G	11	8	25	2	2	25	0.0740741	27	0.105263	FALSE	NA	NA	NA	NA	NA	NA
NC_045512.2	28402	A	C	11	8	25	10	10	27	0.37037	27	6.81173e-05	TRUE	NA	NA	NA	NA	NA	NA
NC_045512.2	28403	G	T	14	11	27	2	2	26	0.0740741	27	0.139373	FALSE	NA	NA	NA	NA	NA	NA
NC_045512.2	28403	G	C	14	11	27	5	5	25	0.185185	27	0.00951743	TRUE	NA	NA	NA	NA	NA	NA
NC_045512.2	28403	G	A	14	11	27	6	6	27	0.222222	27	0.00413801	TRUE	NA	NA	NA	NA	NA	NA
NC_045512.2	28404	G	T	11	8	25	6	6	25	0.222222	27	0.00203003	TRUE	NA	NA	NA	NA	NA	NA
NC_045512.2	28404	G	C	11	8	25	2	2	26	0.0740741	27	0.105263	FALSE	NA	NA	NA	NA	NA	NA
NC_045512.2	28404	G	A	11	8	25	8	8	27	0.296296	27	0.000350642	TRUE	NA	NA	NA	NA	NA	NA
NC_045512.2	28405	T	G	13	10	26	2	2	28	0.0869565	23	0.157658	FALSE	NA	NA	NA	NA	NA	NA
NC_045512.2	28405	T	C	13	10	26	4	4	28	0.173913	23	0.0289358	FALSE	NA	NA	NA	NA	NA	NA
NC_045512.2	28405	T	A	13	10	26	4	4	26	0.173913	23	0.0289358	FALSE	NA	NA	NA	NA	NA	NA
NC_045512.2	28406	T	G	16	13	28	1	1	30	0.037037	27	0.395349	FALSE	NA	NA	NA	NA	NA	NA
NC_045512.2	28406	T	C	16	13	28	8	8	26	0.296296	27	0.0013699	TRUE	NA	NA	NA	NA	NA	NA
NC_045512.2	28406	T	A	16	13	28	2	2	28	0.0740741	27	0.161734	FALSE	NA	NA	NA	NA	NA	NA
NC_045512.2	28407	T	G	12	9	26	5	5	25	0.185185	27	0.00642844	TRUE	NA	NA	NA	NA	NA	NA
NC_045512.2	28407	T	C	12	9	26	6	6	28	0.222222	27	0.00262981	TRUE	NA	NA	NA	NA	NA	NA
NC_045512.2	28407	T	A	12	9	26	4	4	26	0.148148	27	0.0162602	FALSE	NA	NA	NA	NA	NA	NA
NC_045512.2	28408	A	T	12	9	26	2	2	28	0.0740741	27	0.116667	FALSE	NA	NA	NA	NA	NA	NA
NC_045512.2	28408	A	G	12	9	26	7	7	25	0.259259	27	0.00111037	TRUE	NA	NA	NA	NA	NA	NA
NC_045512.2	28408	A	C	12	9	26	6	6	28	0.222222	27	0.00262981	TRUE	NA	NA	NA	NA	NA	NA
NC_045512.2	28409	C	T	8	5	26	5	5	27	0.185185	27	0.00223532	TRUE	NA	NA	NA	NA	NA	NA
NC_045512.2	28409	C	G	8	5	26	5	5	26	0.185185	27	0.00223532	TRUE	NA	NA	NA	NA	NA	NA
NC_045512.2	28409	C	A	8	5	26	9	9	27	0.333333	27	4.31088e-05	TRUE	NA	NA	NA	NA	NA	NA
NC_045512.2	28410	C	T	9	6	27	5	5	26	0.185185	27	0.00304252	TRUE	NA	NA	NA	NA	NA	NA
NC_045512.2	28410	C	G	9	6	27	4	4	26	0.148148	27	0.0086929	TRUE	NA	NA	NA	NA	NA	NA
NC_045512.2	28410	C	A	9	6	27	9	9	26	0.333333	27	6.85822e-05	TRUE	NA	NA	NA	NA	NA	NA
NC_045512.2	28411	C	T	7	5	25	5	5	26	0.2	25	0.00210084	TRUE	NA	NA	NA	NA	NA	NA
NC_045512.2	28411	C	G	7	5	25	9	9	25	0.36	25	4.18375e-05	TRUE	NA	NA	NA	NA	NA	NA
NC_045512.2	28411	C	A	7	5	25	4	4	28	0.16	25	0.00630252	TRUE	NA	NA	NA	NA	NA	NA
NC_045512.2	28412	A	T	11	8	25	4	4	27	0.16	25	0.014936	FALSE	NA	NA	NA	NA	NA	NA
NC_045512.2	28412	A	G	11	8	25	6	6	27	0.24	25	0.00235923	TRUE	NA	NA	NA	NA	NA	NA
NC_045512.2	28412	A	C	11	8	25	4	4	26	0.16	25	0.014936	FALSE	NA	NA	NA	NA	NA	NA
NC_045512.2	28413	A	T	13	10	25	3	3	25	0.125	24	0.0566802	FALSE	NA	NA	NA	NA	NA	NA
NC_045512.2	28413	A	G	13	10	25	2	2	24	0.0833333	24	0.1417	FALSE	NA	NA	NA	NA	NA	NA
NC_045512.2	28413	A	C	13	10	25	6	6	25	0.25	24	0.00445046	TRUE	NA	NA	NA	NA	NA	NA
NC_045512.2	28413	A	-TAATACTGC	13	10	25	1	0	20	0.04	25	0.368421	FALSE	NA	NA	NA	NA	NA	NA
NC_045512.2	28414	T	C	8	5	26	8	8	28	0.347826	23	0.00016735	TRUE	NA	NA	NA	NA	NA	NA
NC_045512.2	28414	T	A	8	5	26	7	7	28	0.304348	23	0.000418375	TRUE	NA	NA	NA	NA	NA	NA
NC_045512.2	28415	A	T	12	9	25	2	2	28	0.0833333	24	0.122807	FALSE	NA	NA	NA	NA	NA	NA
NC_045512.2	28415	A	G	12	9	25	2	2	28	0.0833333	24	0.122807	FALSE	NA	NA	NA	NA	NA	NA
NC_045512.2	28415	A	C	12	9	25	8	8	27	0.333333	24	0.000584403	TRUE	NA	NA	NA	NA	NA	NA
NC_045512.2	28416	A	T	13	10	25	5	5	29	0.2	25	0.00788944	TRUE	NA	NA	NA	NA	NA	NA
NC_045512.2	28416	A	G	13	10	25	1	1	27	0.04	25	0.35	FALSE	NA	NA	NA	NA	NA	NA
NC_045512.2	28416	A	C	13	10	25	6	6	25	0.24	25	0.0033311	TRUE	NA	NA	NA	NA	NA	NA
NC_045512.2	28417	T	G	10	7	26	3	3	25	0.125	24	0.0339023	FALSE	NA	NA	NA	NA	NA	NA
NC_045512.2	28417	T	C	10	7	26	6	6	27	0.25	24	0.00178099	TRUE	NA	NA	NA	NA	NA	NA
NC_045512.2	28417	T	A	10	7	26	5	5	27	0.208333	24	0.00456377	TRUE	NA	NA	NA	NA	NA	NA
NC_045512.2	28418	A	T	13	10	26	3	3	28	0.12	25	0.0487805	FALSE	NA	NA	NA	NA	NA	NA
NC_045512.2	28418	A	G	13	10	26	2	2	26	0.08	25	0.128049	FALSE	NA	NA	NA	NA	NA	NA
NC_045512.2	28418	A	C	13	10	26	7	7	27	0.28	25	0.0014483	TRUE	NA	NA	NA	NA	NA	NA
NC_045512.2	28419	C	T	8	5	27	3	3	24	0.125	24	0.0231092	FALSE	NA	NA	NA	NA	NA	NA
NC_045512.2	28419	C	G	8	5	27	6	6	27	0.25	24	0.000920425	TRUE	NA	NA	NA	NA	NA	NA
NC_045512.2	28419	C	A	8	5	27	7	7	26	0.291667	24	0.000345159	TRUE	NA	NA	NA	NA	NA	NA
NC_045512.2	28419	C	-TGCGTCTTG	8	5	27	1	0	20	0.0384615	26	0.264706	FALSE	NA	NA	NA	NA	NA	NA
NC_045512.2	28420	T	G	10	7	27	4	4	27	0.166667	24	0.0109531	FALSE	NA	NA	NA	NA	NA	NA
NC_045512.2	28420	T	C	10	7	27	4	4	26	0.166667	24	0.0109531	FALSE	NA	NA	NA	NA	NA	NA
NC_045512.2	28420	T	A	10	7	27	6	6	27	0.25	24	0.00152656	TRUE	NA	NA	NA	NA	NA	NA
NC_045512.2	28421	G	T	8	5	27	6	6	25	0.25	24	0.000920425	TRUE	NA	NA	NA	NA	NA	NA
NC_045512.2	28421	G	C	8	5	27	2	2	27	0.0833333	24	0.0756303	FALSE	NA	NA	NA	NA	NA	NA
NC_045512.2	28421	G	A	8	5	27	8	8	25	0.333333	24	0.000134696	TRUE	NA	NA	NA	NA	NA	NA
NC_045512.2	28422	C	T	6	3	27	9	9	26	0.36	25	1.4286e-05	TRUE	NA	NA	NA	NA	NA	NA
NC_045512.2	28422	C	G	6	3	27	2	2	22	0.08	25	0.0499109	FALSE	NA	NA	NA	NA	NA	NA
NC_045512.2	28422	C	A	6	3	27	8	8	25	0.32	25	3.90483e-05	TRUE	NA	NA	NA	NA	NA	NA
NC_045512.2	28423	G	T	10	7	27	3	3	29	0.115385	26	0.0312945	FALSE	NA	NA	NA	NA	NA	NA
NC_045512.2	28423	G	C	10	7	27	5	5	25	0.192308	26	0.00400722	TRUE	NA	NA	NA	NA	NA	NA
NC_045512.2	28423	G	A	10	7	27	8	8	27	0.307692	26	0.000246896	TRUE	NA	NA	NA	NA	NA	NA
NC_045512.2	28424	T	G	9	6	27	2	2	29	0.0769231	26	0.0825826	FALSE	NA	NA	NA	NA	NA	NA
NC_045512.2	28424	T	C	9	6	27	5	5	26	0.192308	26	0.00304252	TRUE	NA	NA	NA	NA	NA	NA
NC_045512.2	28424	T	A	9	6	27	10	10	26	0.384615	26	2.89569e-05	TRUE	NA	NA	NA	NA	NA	NA
NC_045512.2	28425	C	T	9	6	27	5	5	25	0.208333	24	0.00398851	TRUE	NA	NA	NA	NA	NA	NA
NC_045512.2	28425	C	G	9	6	27	4	4	26	0.166667	24	0.010826	FALSE	NA	NA	NA	NA	NA	NA
NC_045512.2	28425	C	A	9	6	27	6	6	27	0.25	24	0.00153404	TRUE	NA	NA	NA	NA	NA	NA
NC_045512.2	28426	T	G	13	10	25	4	4	27	0.153846	26	0.0192853	FALSE	NA	NA	NA	NA	NA	NA
NC_045512.2	28426	T	C	13	10	25	4	4	27	0.153846	26	0.0192853	FALSE	NA	NA	NA	NA	NA	NA
NC_045512.2	28426	T	A	13	10	25	5	5	25	0.192308	26	0.00788944	TRUE	NA	NA	NA	NA	NA	NA
NC_045512.2	28427	T	G	12	9	26	3	3	24	0.115385	26	0.0426829	FALSE	NA	NA	NA	NA	NA	NA
NC_045512.2	28427	T	C	12	9	26	6	6	26	0.230769	26	0.00262981	TRUE	NA	NA	NA	NA	NA	NA
NC_045512.2	28427	T	A	12	9	26	5	5	24	0.192308	26	0.00642844	TRUE	NA	NA	NA	NA	NA	NA
NC_045512.2	28427	T	-GGTTCACCG	12	9	26	1	0	20	0.037037	27	0.333333	FALSE	NA	NA	NA	NA	NA	NA
NC_045512.2	28428	G	T	10	7	25	8	8	26	0.32	25	0.000246896	TRUE	NA	NA	NA	NA	NA	NA
NC_045512.2	28428	G	C	10	7	25	2	2	26	0.08	25	0.0938834	FALSE	NA	NA	NA	NA	NA	NA
NC_045512.2	28428	G	A	10	7	25	5	5	26	0.2	25	0.00400722	TRUE	NA	NA	NA	NA	NA	NA
NC_045512.2	28429	G	T	13	10	25	3	3	25	0.12	25	0.0525328	FALSE	NA	NA	NA	NA	NA	NA
NC_045512.2	28429	G	C	13	10	25	5	5	27	0.2	25	0.00890091	TRUE	NA	NA	NA	NA	NA	NA
NC_045512.2	28429	G	A	13	10	25	4	4	26	0.16	25	0.0212633	FALSE	NA	NA	NA	NA	NA	NA
NC_045512.2	28430	T	G	8	5	25	5	5	26	0.2	25	0.00256404	TRUE	NA	NA	NA	NA	NA	NA
NC_045512.2	28430	T	C	8	5	25	5	5	26	0.2	25	0.00256404	TRUE	NA	NA	NA	NA	NA	NA
NC_045512.2	28430	T	A	8	5	25	7	7	25	0.28	25	0.000345159	TRUE	NA	NA	NA	NA	NA	NA
NC_045512.2	28431	T	G	9	6	25	6	6	25	0.24	25	0.00130394	TRUE	NA	NA	NA	NA	NA	NA
NC_045512.2	28431	T	C	9	6	25	3	3	25	0.12	25	0.028314	FALSE	NA	NA	NA	NA	NA	NA
NC_045512.2	28431	T	A	9	6	25	7	7	27	0.28	25	0.000508853	TRUE	NA	NA	NA	NA	NA	NA
NC_045512.2	28432	C	T	5	2	27	7	7	26	0.28	25	7.6927e-05	TRUE	NA	NA	NA	NA	NA	NA
NC_045512.2	28432	C	G	5	2	27	7	7	28	0.28	25	7.6927e-05	TRUE	NA	NA	NA	NA	NA	NA
NC_045512.2	28432	C	A	5	2	27	6	6	25	0.24	25	0.000237192	TRUE	NA	NA	NA	NA	NA	NA
NC_045512.2	28433	A	T	11	8	26	5	5	26	0.2	25	0.00582868	TRUE	NA	NA	NA	NA	NA	NA
NC_045512.2	28433	A	G	11	8	26	4	4	27	0.16	25	0.014936	FALSE	NA	NA	NA	NA	NA	NA
NC_045512.2	28433	A	C	11	8	26	5	5	27	0.2	25	0.00582868	TRUE	NA	NA	NA	NA	NA	NA
NC_045512.2	28434	C	T	6	3	27	11	11	26	0.44	25	2.89121e-06	TRUE	NA	NA	NA	NA	NA	NA
NC_045512.2	28434	C	G	6	3	27	3	3	28	0.12	25	0.0140374	FALSE	NA	NA	NA	NA	NA	NA
NC_045512.2	28434	C	A	6	3	27	5	5	26	0.2	25	0.00122549	TRUE	NA	NA	NA	NA	NA	NA
NC_045512.2	28435	C	T	8	5	26	4	4	27	0.16	25	0.00749489	TRUE	NA	NA	NA	NA	NA	NA
NC_045512.2	28435	C	G	8	5	26	5	5	25	0.2	25	0.00256404	TRUE	NA	NA	NA	NA	NA	NA
NC_045512.2	28435	C	A	8	5	26	8	8	26	0.32	25	0.000134696	TRUE	NA	NA	NA	NA	NA	NA
NC_045512.2	28435	C	-GCTCTCACT	8	5	26	1	0	20	0.0384615	26	0.264706	FALSE	NA	NA	NA	NA	NA	NA
NC_045512.2	28436	G	C	12	9	26	5	5	24	0.217391	23	0.00825729	TRUE	NA	NA	NA	NA	NA	NA
NC_045512.2	28436	G	A	12	9	26	6	6	26	0.26087	23	0.00353884	TRUE	NA	NA	NA	NA	NA	NA
NC_045512.2	28436	G	-CTCTCACTC	12	9	26	1	0	20	0.04	25	0.351351	FALSE	NA	NA	NA	NA	NA	NA
NC_045512.2	28437	C	T	13	10	27	2	2	27	0.08	25	0.128049	FALSE	NA	NA	NA	NA	NA	NA
NC_045512.2	28437	C	G	13	10	27	4	4	26	0.16	25	0.0192853	FALSE	NA	NA	NA	NA	NA	NA
NC_045512.2	28437	C	A	13	10	27	6	6	27	0.24	25	0.0033311	TRUE	NA	NA	NA	NA	NA	NA
NC_045512.2	28438	T	G	9	6	27	1	1	28	0.04	25	0.277778	FALSE	NA	NA	NA	NA	NA	NA
NC_045512.2	28438	T	C	9	6	27	8	8	26	0.32	25	0.000167645	TRUE	NA	NA	NA	NA	NA	NA
NC_045512.2	28438	T	A	9	6	27	7	7	26	0.28	25	0.000424044	TRUE	NA	NA	NA	NA	NA	NA
NC_045512.2	28439	C	T	10	7	28	3	3	27	0.125	24	0.0339023	FALSE	NA	NA	NA	NA	NA	NA
NC_045512.2	28439	C	G	10	7	28	3	3	28	0.125	24	0.0339023	FALSE	NA	NA	NA	NA	NA	NA
NC_045512.2	28439	C	A	10	7	28	8	8	26	0.333333	24	0.000301762	TRUE	NA	NA	NA	NA	NA	NA
NC_045512.2	28440	T	G	9	6	27	4	4	26	0.166667	24	0.00968638	TRUE	NA	NA	NA	NA	NA	NA
NC_045512.2	28440	T	C	9	6	27	6	6	28	0.25	24	0.00130394	TRUE	NA	NA	NA	NA	NA	NA
NC_045512.2	28440	T	A	9	6	27	5	5	25	0.208333	24	0.00347716	TRUE	NA	NA	NA	NA	NA	NA
NC_045512.2	28441	C	T	10	7	27	2	2	27	0.08	25	0.0938834	FALSE	NA	NA	NA	NA	NA	NA
NC_045512.2	28441	C	G	10	7	27	4	4	25	0.16	25	0.0109531	FALSE	NA	NA	NA	NA	NA	NA
NC_045512.2	28441	C	A	10	7	27	9	9	26	0.36	25	0.000104245	TRUE	NA	NA	NA	NA	NA	NA
NC_045512.2	28442	A	T	10	7	26	3	3	27	0.130435	23	0.0368082	FALSE	NA	NA	NA	NA	NA	NA
NC_045512.2	28442	A	G	10	7	26	7	7	26	0.304348	23	0.00086505	TRUE	NA	NA	NA	NA	NA	NA
NC_045512.2	28442	A	C	10	7	26	3	3	26	0.130435	23	0.0368082	FALSE	NA	NA	NA	NA	NA	NA
NC_045512.2	28443	C	T	8	5	28	3	3	26	0.12	25	0.0212355	FALSE	NA	NA	NA	NA	NA	NA
NC_045512.2	28443	C	G	8	5	28	4	4	23	0.16	25	0.00670595	TRUE	NA	NA	NA	NA	NA	NA
NC_045512.2	28443	C	A	8	5	28	10	10	26	0.4	25	1.76354e-05	TRUE	NA	NA	NA	NA	NA	NA
NC_045512.2	28443	C	-TCAACATGG	8	5	28	3	0	20	0.111111	27	0.0212355	FALSE	NA	NA	NA	NA	NA	NA
NC_045512.2	28444	T	G	7	4	27	6	6	26	0.272727	22	0.000525957	TRUE	NA	NA	NA	NA	NA	NA
NC_045512.2	28444	T	C	7	4	27	4	4	22	0.181818	22	0.00499659	TRUE	NA	NA	NA	NA	NA	NA
NC_045512.2	28444	T	A	7	4	27	5	5	28	0.227273	22	0.00157787	TRUE	NA	NA	NA	NA	NA	NA
NC_045512.2	28444	T	-CAACATGGC	7	4	27	2	0	20	0.0740741	27	0.0605042	FALSE	NA	NA	NA	NA	NA	NA
NC_045512.2	28445	C	T	11	8	27	4	4	29	0.190476	21	0.0134788	FALSE	NA	NA	NA	NA	NA	NA
NC_045512.2	28445	C	G	11	8	27	2	2	24	0.0952381	21	0.105263	FALSE	NA	NA	NA	NA	NA	NA
NC_045512.2	28445	C	A	11	8	27	4	4	28	0.190476	21	0.0134788	FALSE	NA	NA	NA	NA	NA	NA
NC_045512.2	28446	A	T	8	5	27	2	2	29	0.0952381	21	0.0756303	FALSE	NA	NA	NA	NA	NA	NA
NC_045512.2	28446	A	G	8	5	27	3	3	27	0.142857	21	0.0231092	FALSE	NA	NA	NA	NA	NA	NA
NC_045512.2	28446	A	C	8	5	27	8	8	28	0.380952	21	0.000134696	TRUE	NA	NA	NA	NA	NA	NA
NC_045512.2	28447	A	T	8	5	25	2	2	28	0.0952381	21	0.0756303	FALSE	NA	NA	NA	NA	NA	NA
NC_045512.2	28447	A	G	8	5	25	5	5	25	0.238095	21	0.00256404	TRUE	NA	NA	NA	NA	NA	NA
NC_045512.2	28447	A	C	8	5	25	6	6	28	0.285714	21	0.000920425	TRUE	NA	NA	NA	NA	NA	NA
NC_045512.2	28447	A	-C	8	5	25	1	0	20	0.0384615	26	0.264706	FALSE	NA	NA	NA	NA	NA	NA
NC_045512.2	28448	C	T	10	7	27	2	2	27	0.105263	19	0.104762	FALSE	NA	NA	NA	NA	NA	NA
NC_045512.2	28448	C	G	10	7	27	2	2	28	0.105263	19	0.104762	FALSE	NA	NA	NA	NA	NA	NA
NC_045512.2	28448	C	A	10	7	27	5	5	27	0.263158	19	0.00521574	TRUE	NA	NA	NA	NA	NA	NA
NC_045512.2	28449	A	G	9	6	28	5	5	27	0.238095	21	0.00347716	TRUE	NA	NA	NA	NA	NA	NA
NC_045512.2	28449	A	C	9	6	28	7	7	27	0.333333	21	0.000508853	TRUE	NA	NA	NA	NA	NA	NA
NC_045512.2	28450	T	G	6	3	27	5	5	27	0.238095	21	0.00122549	TRUE	NA	NA	NA	NA	NA	NA
NC_045512.2	28450	T	C	6	3	27	4	4	28	0.190476	21	0.0040107	TRUE	NA	NA	NA	NA	NA	NA
NC_045512.2	28450	T	A	6	3	27	6	6	27	0.285714	21	0.000397456	TRUE	NA	NA	NA	NA	NA	NA
NC_045512.2	28451	G	T	10	7	26	1	1	27	0.0454545	22	0.297297	FALSE	NA	NA	NA	NA	NA	NA
NC_045512.2	28451	G	C	10	7	26	5	5	28	0.227273	22	0.00400722	TRUE	NA	NA	NA	NA	NA	NA
NC_045512.2	28451	G	A	10	7	26	6	6	27	0.272727	22	0.00152656	TRUE	NA	NA	NA	NA	NA	NA
NC_045512.2	28452	G	T	8	5	25	2	2	31	0.0909091	22	0.0714286	FALSE	NA	NA	NA	NA	NA	NA
NC_045512.2	28452	G	C	8	5	25	5	5	26	0.227273	22	0.00223532	TRUE	NA	NA	NA	NA	NA	NA
NC_045512.2	28452	G	A	8	5	25	7	7	26	0.318182	22	0.00028623	TRUE	NA	NA	NA	NA	NA	NA
NC_045512.2	28453	C	T	12	9	27	1	1	22	0.04	25	0.333333	FALSE	NA	NA	NA	NA	NA	NA
NC_045512.2	28453	C	G	12	9	27	6	6	26	0.24	25	0.00262981	TRUE	NA	NA	NA	NA	NA	NA
NC_045512.2	28453	C	A	12	9	27	6	6	26	0.24	25	0.00262981	TRUE	NA	NA	NA	NA	NA	NA
NC_045512.2	28454	A	T	13	10	26	5	5	28	0.185185	27	0.00788944	TRUE	NA	NA	NA	NA	NA	NA
NC_045512.2	28454	A	G	13	10	26	6	6	29	0.222222	27	0.0033311	TRUE	NA	NA	NA	NA	NA	NA
NC_045512.2	28454	A	C	13	10	26	3	3	29	0.111111	27	0.0487805	FALSE	NA	NA	NA	NA	NA	NA
NC_045512.2	28455	A	T	8	6	26	5	5	27	0.208333	24	0.00341387	TRUE	NA	NA	NA	NA	NA	NA
NC_045512.2	28455	A	G	8	6	26	9	9	24	0.375	24	8.89047e-05	TRUE	NA	NA	NA	NA	NA	NA
NC_045512.2	28455	A	C	8	6	26	2	2	25	0.0833333	24	0.0852273	FALSE	NA	NA	NA	NA	NA	NA
NC_045512.2	28455	A	-GGAAGACCT	8	6	26	1	0	20	0.0416667	24	0.28125	FALSE	NA	NA	NA	NA	NA	NA
NC_045512.2	28456	G	T	14	11	26	4	4	28	0.153846	26	0.0225413	FALSE	NA	NA	NA	NA	NA	NA
NC_045512.2	28456	G	C	14	11	26	4	4	26	0.153846	26	0.0225413	FALSE	NA	NA	NA	NA	NA	NA
NC_045512.2	28456	G	A	14	11	26	4	4	28	0.153846	26	0.0225413	FALSE	NA	NA	NA	NA	NA	NA
NC_045512.2	28457	G	T	13	10	27	3	3	24	0.115385	26	0.0487805	FALSE	NA	NA	NA	NA	NA	NA
NC_045512.2	28457	G	C	13	10	27	8	8	27	0.307692	26	0.000647114	TRUE	NA	NA	NA	NA	NA	NA
NC_045512.2	28457	G	A	13	10	27	2	2	23	0.0769231	26	0.128049	FALSE	NA	NA	NA	NA	NA	NA
NC_045512.2	28458	A	T	11	8	26	4	4	26	0.16	25	0.014936	FALSE	NA	NA	NA	NA	NA	NA
NC_045512.2	28458	A	G	11	8	26	7	7	28	0.28	25	0.000987583	TRUE	NA	NA	NA	NA	NA	NA
NC_045512.2	28458	A	C	11	8	26	3	3	27	0.12	25	0.0398293	FALSE	NA	NA	NA	NA	NA	NA
NC_045512.2	28459	A	T	11	8	25	2	2	27	0.0833333	24	0.117117	FALSE	NA	NA	NA	NA	NA	NA
NC_045512.2	28459	A	G	11	8	25	2	2	28	0.0833333	24	0.117117	FALSE	NA	NA	NA	NA	NA	NA
NC_045512.2	28459	A	C	11	8	25	9	9	26	0.375	24	0.00023692	TRUE	NA	NA	NA	NA	NA	NA
NC_045512.2	28460	G	T	9	6	26	2	2	27	0.0769231	26	0.0825826	FALSE	NA	NA	NA	NA	NA	NA
NC_045512.2	28460	G	C	9	6	26	7	7	28	0.269231	26	0.000424044	TRUE	NA	NA	NA	NA	NA	NA
NC_045512.2	28460	G	A	9	6	26	8	8	26	0.307692	26	0.000167645	TRUE	NA	NA	NA	NA	NA	NA
NC_045512.2	28461	A	T	10	7	27	3	3	27	0.12	25	0.0339023	FALSE	NA	NA	NA	NA	NA	NA
NC_045512.2	28461	A	G	10	7	27	4	4	26	0.16	25	0.0121701	FALSE	NA	NA	NA	NA	NA	NA
NC_045512.2	28461	A	C	10	7	27	8	8	24	0.32	25	0.000301762	TRUE	NA	NA	NA	NA	NA	NA
NC_045512.2	28462	C	T	14	11	26	1	1	28	0.04	25	0.375	FALSE	NA	NA	NA	NA	NA	NA
NC_045512.2	28462	C	G	14	11	26	7	7	26	0.28	25	0.00217246	TRUE	NA	NA	NA	NA	NA	NA
NC_045512.2	28462	C	A	14	11	26	3	3	25	0.12	25	0.0592334	FALSE	NA	NA	NA	NA	NA	NA
NC_045512.2	28463	C	G	10	7	26	5	5	26	0.208333	24	0.00521574	TRUE	NA	NA	NA	NA	NA	NA
NC_045512.2	28463	C	A	10	7	26	9	9	26	0.375	24	0.000163813	TRUE	NA	NA	NA	NA	NA	NA
NC_045512.2	28464	T	G	11	8	26	2	2	24	0.08	25	0.110953	FALSE	NA	NA	NA	NA	NA	NA
NC_045512.2	28464	T	C	11	8	26	4	4	28	0.16	25	0.014936	FALSE	NA	NA	NA	NA	NA	NA
NC_045512.2	28464	T	A	11	8	26	8	8	25	0.32	25	0.000426456	TRUE	NA	NA	NA	NA	NA	NA
NC_045512.2	28465	T	G	8	6	27	3	3	26	0.12	25	0.0252101	FALSE	NA	NA	NA	NA	NA	NA
NC_045512.2	28465	T	C	8	6	27	8	8	27	0.32	25	0.00016735	TRUE	NA	NA	NA	NA	NA	NA
NC_045512.2	28465	T	A	8	6	27	6	6	26	0.24	25	0.00108778	TRUE	NA	NA	NA	NA	NA	NA
NC_045512.2	28466	A	T	9	7	24	6	6	26	0.26087	23	0.00215289	TRUE	NA	NA	NA	NA	NA	NA
NC_045512.2	28466	A	G	9	7	24	3	3	23	0.130435	23	0.0367647	FALSE	NA	NA	NA	NA	NA	NA
NC_045512.2	28466	A	C	9	7	24	5	5	27	0.217391	23	0.00531046	TRUE	NA	NA	NA	NA	NA	NA
NC_045512.2	28466	A	-AATTCCCTC	9	7	24	1	0	20	0.0434783	23	0.3125	FALSE	NA	NA	NA	NA	NA	NA
NC_045512.2	28467	A	T	10	8	26	6	6	26	0.272727	22	0.00290073	TRUE	NA	NA	NA	NA	NA	NA
NC_045512.2	28467	A	G	10	8	26	2	2	24	0.0909091	22	0.117647	FALSE	NA	NA	NA	NA	NA	NA
NC_045512.2	28467	A	C	10	8	26	4	4	22	0.181818	22	0.0169935	FALSE	NA	NA	NA	NA	NA	NA
NC_045512.2	28468	A	T	13	12	27	2	2	26	0.0909091	22	0.157658	FALSE	NA	NA	NA	NA	NA	NA
NC_045512.2	28468	A	G	13	12	27	3	3	27	0.136364	22	0.0663822	FALSE	NA	NA	NA	NA	NA	NA
NC_045512.2	28468	A	C	13	12	27	4	4	26	0.181818	22	0.0289358	FALSE	NA	NA	NA	NA	NA	NA
NC_045512.2	28469	T	G	6	4	24	5	5	25	0.208333	24	0.00142315	TRUE	NA	NA	NA	NA	NA	NA
NC_045512.2	28469	T	C	6	4	24	5	5	26	0.208333	24	0.00142315	TRUE	NA	NA	NA	NA	NA	NA
NC_045512.2	28469	T	A	6	4	24	8	8	27	0.333333	24	6.14067e-05	TRUE	NA	NA	NA	NA	NA	NA
NC_045512.2	28470	T	G	6	4	26	7	7	26	0.304348	23	0.000205566	TRUE	NA	NA	NA	NA	NA	NA
NC_045512.2	28470	T	C	6	4	26	7	7	27	0.304348	23	0.000205566	TRUE	NA	NA	NA	NA	NA	NA
NC_045512.2	28470	T	A	6	4	26	3	3	27	0.130435	23	0.0169355	FALSE	NA	NA	NA	NA	NA	NA
NC_045512.2	28471	C	T	10	8	26	3	3	23	0.136364	22	0.0436975	FALSE	NA	NA	NA	NA	NA	NA
NC_045512.2	28471	C	G	10	8	26	4	4	27	0.181818	22	0.0169935	FALSE	NA	NA	NA	NA	NA	NA
NC_045512.2	28471	C	A	10	8	26	5	5	25	0.227273	22	0.00688924	TRUE	NA	NA	NA	NA	NA	NA
NC_045512.2	28472	C	T	6	4	27	8	8	24	0.363636	22	9.92388e-05	TRUE	NA	NA	NA	NA	NA	NA
NC_045512.2	28472	C	G	6	4	27	2	2	26	0.0909091	22	0.0643678	FALSE	NA	NA	NA	NA	NA	NA
NC_045512.2	28472	C	A	6	4	27	6	6	26	0.272727	22	0.000687038	TRUE	NA	NA	NA	NA	NA	NA
NC_045512.2	28473	C	T	10	8	26	8	8	26	0.333333	24	0.000370736	TRUE	NA	NA	NA	NA	NA	NA
NC_045512.2	28473	C	G	10	8	26	3	3	27	0.125	24	0.0368082	FALSE	NA	NA	NA	NA	NA	NA
NC_045512.2	28473	C	A	10	8	26	3	3	27	0.125	24	0.0368082	FALSE	NA	NA	NA	NA	NA	NA
NC_045512.2	28474	T	G	7	6	27	7	7	26	0.291667	24	0.000271944	TRUE	NA	NA	NA	NA	NA	NA
NC_045512.2	28474	T	C	7	6	27	6	5	25	0.25	24	0.000738133	TRUE	NA	NA	NA	NA	NA	NA
NC_045512.2	28474	T	A	7	6	27	4	4	24	0.166667	24	0.00630252	TRUE	NA	NA	NA	NA	NA	NA
NC_045512.2	28475	C	T	6	5	27	3	3	28	0.15	20	0.0229885	FALSE	NA	NA	NA	NA	NA	NA
NC_045512.2	28475	C	G	6	5	27	7	7	25	0.35	20	0.000401681	TRUE	NA	NA	NA	NA	NA	NA
NC_045512.2	28475	C	A	6	5	27	4	4	26	0.2	20	0.00766284	TRUE	NA	NA	NA	NA	NA	NA
NC_045512.2	28476	G	T	9	7	26	6	6	25	0.272727	22	0.00256958	TRUE	NA	NA	NA	NA	NA	NA
NC_045512.2	28476	G	C	9	7	26	5	5	28	0.227273	22	0.00616698	TRUE	NA	NA	NA	NA	NA	NA
NC_045512.2	28476	G	A	9	7	26	2	2	27	0.0909091	22	0.110887	FALSE	NA	NA	NA	NA	NA	NA
NC_045512.2	28483	A	G	0	0	0	1	0	28	1	1	1	FALSE	NA	NA	NA	NA	NA	NA
NC_045512.2	28554	T	G	1	1	22	1	1	27	0.5	2	0.666667	FALSE	NA	NA	NA	NA	NA	NA
NC_045512.2	28555	T	C	1	1	23	1	1	28	0.5	2	0.666667	FALSE	NA	NA	NA	NA	NA	NA
NC_045512.2	28556	C	T	1	1	23	1	1	29	0.333333	3	0.5	FALSE	NA	NA	NA	NA	NA	NA
NC_045512.2	28556	C	G	1	1	23	1	1	27	0.333333	3	0.5	FALSE	NA	NA	NA	NA	NA	NA
NC_045512.2	28557	G	C	1	1	23	1	1	28	0.333333	3	0.5	FALSE	NA	NA	NA	NA	NA	NA
NC_045512.2	28557	G	A	1	1	23	1	1	28	0.333333	3	0.5	FALSE	NA	NA	NA	NA	NA	NA
NC_045512.2	28558	T	C	2	2	28	1	1	24	0.333333	3	0.6	FALSE	NA	NA	NA	NA	NA	NA
NC_045512.2	28559	G	C	1	1	24	1	1	28	0.333333	3	0.5	FALSE	NA	NA	NA	NA	NA	NA
NC_045512.2	28559	G	A	1	1	24	1	1	28	0.333333	3	0.5	FALSE	NA	NA	NA	NA	NA	NA
NC_045512.2	28560	G	C	1	1	31	1	1	24	0.333333	3	0.5	FALSE	NA	NA	NA	NA	NA	NA
NC_045512.2	28560	G	A	1	1	31	1	1	28	0.333333	3	0.5	FALSE	NA	NA	NA	NA	NA	NA
NC_045512.2	28561	T	G	1	1	31	1	1	27	0.333333	3	0.5	FALSE	NA	NA	NA	NA	NA	NA
NC_045512.2	28561	T	C	1	1	31	1	1	28	0.333333	3	0.5	FALSE	NA	NA	NA	NA	NA	NA
NC_045512.2	28562	G	A	1	1	24	2	2	27	0.666667	3	0.3	FALSE	NA	NA	NA	NA	NA	NA
NC_045512.2	28563	G	C	2	2	27	1	1	27	0.333333	3	0.6	FALSE	NA	NA	NA	NA	NA	NA
NC_045512.2	28564	T	G	1	1	28	1	1	27	0.333333	3	0.5	FALSE	NA	NA	NA	NA	NA	NA
NC_045512.2	28564	T	A	1	1	28	1	1	27	0.333333	3	0.5	FALSE	NA	NA	NA	NA	NA	NA
NC_045512.2	28565	G	C	1	1	28	1	1	27	0.333333	3	0.5	FALSE	NA	NA	NA	NA	NA	NA
NC_045512.2	28565	G	A	1	1	28	1	1	23	0.333333	3	0.5	FALSE	NA	NA	NA	NA	NA	NA
NC_045512.2	28566	A	G	2	2	29	1	1	27	0.333333	3	0.6	FALSE	NA	NA	NA	NA	NA	NA
NC_045512.2	28567	C	T	1	1	29	1	1	23	0.25	4	0.4	FALSE	NA	NA	NA	NA	NA	NA
NC_045512.2	28567	C	G	1	1	29	1	1	26	0.25	4	0.4	FALSE	NA	NA	NA	NA	NA	NA
NC_045512.2	28567	C	A	1	1	29	1	1	21	0.25	4	0.4	FALSE	NA	NA	NA	NA	NA	NA
NC_045512.2	28568	G	T	1	1	27	1	1	26	0.25	4	0.4	FALSE	NA	NA	NA	NA	NA	NA
NC_045512.2	28568	G	C	1	1	27	1	1	26	0.25	4	0.4	FALSE	NA	NA	NA	NA	NA	NA
NC_045512.2	28568	G	A	1	1	27	1	1	22	0.25	4	0.4	FALSE	NA	NA	NA	NA	NA	NA
NC_045512.2	28569	G	T	1	1	30	1	1	29	0.333333	3	0.5	FALSE	NA	NA	NA	NA	NA	NA
NC_045512.2	28569	G	C	1	1	30	1	1	26	0.333333	3	0.5	FALSE	NA	NA	NA	NA	NA	NA
NC_045512.2	28570	T	G	2	2	23	1	1	26	0.25	4	0.5	FALSE	NA	NA	NA	NA	NA	NA
NC_045512.2	28570	T	A	2	2	23	1	1	28	0.25	4	0.5	FALSE	NA	NA	NA	NA	NA	NA
NC_045512.2	28571	A	T	0	0	0	1	1	28	0.333333	3	0.333333	FALSE	NA	NA	NA	NA	NA	NA
NC_045512.2	28571	A	C	0	0	0	2	2	23	0.666667	3	0.166667	FALSE	NA	NA	NA	NA	NA	NA
NC_045512.2	28572	A	G	1	1	24	2	2	23	0.5	4	0.2	FALSE	NA	NA	NA	NA	NA	NA
NC_045512.2	28572	A	C	1	1	24	1	1	28	0.25	4	0.4	FALSE	NA	NA	NA	NA	NA	NA
NC_045512.2	28573	A	T	2	2	26	1	1	28	0.25	4	0.5	FALSE	NA	NA	NA	NA	NA	NA
NC_045512.2	28573	A	G	2	2	26	1	1	29	0.25	4	0.5	FALSE	NA	NA	NA	NA	NA	NA
NC_045512.2	28574	A	T	1	1	24	1	1	30	0.25	4	0.4	FALSE	NA	NA	NA	NA	NA	NA
NC_045512.2	28574	A	G	1	1	24	2	2	25	0.5	4	0.2	FALSE	NA	NA	NA	NA	NA	NA
NC_045512.2	28575	T	G	1	1	24	2	2	26	0.5	4	0.2	FALSE	NA	NA	NA	NA	NA	NA
NC_045512.2	28575	T	A	1	1	24	1	1	27	0.25	4	0.4	FALSE	NA	NA	NA	NA	NA	NA
NC_045512.2	28576	G	T	2	2	28	1	1	28	0.25	4	0.5	FALSE	NA	NA	NA	NA	NA	NA
NC_045512.2	28576	G	C	2	2	28	1	1	27	0.25	4	0.5	FALSE	NA	NA	NA	NA	NA	NA
NC_045512.2	28577	A	T	1	1	22	1	1	29	0.25	4	0.4	FALSE	NA	NA	NA	NA	NA	NA
NC_045512.2	28577	A	G	1	1	22	2	2	26	0.5	4	0.2	FALSE	NA	NA	NA	NA	NA	NA
NC_045512.2	28578	A	G	2	2	26	2	2	29	0.5	4	0.285714	FALSE	NA	NA	NA	NA	NA	NA
NC_045512.2	28579	A	T	3	3	27	1	1	28	0.25	4	0.571429	FALSE	NA	NA	NA	NA	NA	NA
NC_045512.2	28580	G	T	2	2	28	1	1	23	0.25	4	0.5	FALSE	NA	NA	NA	NA	NA	NA
NC_045512.2	28580	G	C	2	2	28	1	1	29	0.25	4	0.5	FALSE	NA	NA	NA	NA	NA	NA
NC_045512.2	28581	A	T	2	2	26	1	1	26	0.25	4	0.5	FALSE	NA	NA	NA	NA	NA	NA
NC_045512.2	28581	A	G	2	2	26	1	1	23	0.25	4	0.5	FALSE	NA	NA	NA	NA	NA	NA
NC_045512.2	28582	T	G	1	1	28	1	1	28	0.25	4	0.4	FALSE	NA	NA	NA	NA	NA	NA
NC_045512.2	28582	T	C	1	1	28	2	2	25	0.5	4	0.2	FALSE	NA	NA	NA	NA	NA	NA
NC_045512.2	28583	C	T	1	1	28	1	1	28	0.333333	3	0.5	FALSE	NA	NA	NA	NA	NA	NA
NC_045512.2	28583	C	G	1	1	28	1	1	27	0.333333	3	0.5	FALSE	NA	NA	NA	NA	NA	NA
NC_045512.2	28584	T	G	2	2	27	1	1	29	0.25	4	0.5	FALSE	NA	NA	NA	NA	NA	NA
NC_045512.2	28584	T	A	2	2	27	1	1	22	0.25	4	0.5	FALSE	NA	NA	NA	NA	NA	NA
NC_045512.2	28585	C	T	1	1	28	1	1	27	0.25	4	0.4	FALSE	NA	NA	NA	NA	NA	NA
NC_045512.2	28585	C	G	1	1	28	1	1	24	0.25	4	0.4	FALSE	NA	NA	NA	NA	NA	NA
NC_045512.2	28585	C	A	1	1	28	1	1	28	0.25	4	0.4	FALSE	NA	NA	NA	NA	NA	NA
NC_045512.2	28586	A	G	2	2	28	1	1	27	0.333333	3	0.6	FALSE	NA	NA	NA	NA	NA	NA
NC_045512.2	28587	G	T	1	1	27	1	1	27	0.25	4	0.4	FALSE	NA	NA	NA	NA	NA	NA
NC_045512.2	28587	G	A	1	1	27	2	2	29	0.5	4	0.2	FALSE	NA	NA	NA	NA	NA	NA
NC_045512.2	28588	T	G	2	2	27	2	2	24	0.4	5	0.214286	FALSE	NA	NA	NA	NA	NA	NA
NC_045512.2	28588	T	A	2	2	27	1	1	27	0.2	5	0.428571	FALSE	NA	NA	NA	NA	NA	NA
NC_045512.2	28589	C	G	2	2	24	2	2	28	0.4	5	0.214286	FALSE	NA	NA	NA	NA	NA	NA
NC_045512.2	28589	C	A	2	2	24	1	1	27	0.2	5	0.428571	FALSE	NA	NA	NA	NA	NA	NA
NC_045512.2	28590	C	T	1	1	28	3	3	27	0.6	5	0.0714286	FALSE	NA	NA	NA	NA	NA	NA
NC_045512.2	28590	C	A	1	1	28	1	1	24	0.2	5	0.333333	FALSE	NA	NA	NA	NA	NA	NA
NC_045512.2	28591	A	G	3	3	25	2	2	28	0.4	5	0.277778	FALSE	NA	NA	NA	NA	NA	NA
NC_045512.2	28592	A	C	4	4	25	1	1	20	0.2	5	0.555556	FALSE	NA	NA	NA	NA	NA	NA
NC_045512.2	28593	G	C	2	2	28	2	2	23	0.4	5	0.214286	FALSE	NA	NA	NA	NA	NA	NA
NC_045512.2	28593	G	A	2	2	28	1	1	29	0.2	5	0.428571	FALSE	NA	NA	NA	NA	NA	NA
NC_045512.2	28595	T	G	2	2	27	3	3	26	0.6	5	0.119048	FALSE	NA	NA	NA	NA	NA	NA
NC_045512.2	28596	G	T	1	1	21	1	1	27	0.2	5	0.333333	FALSE	NA	NA	NA	NA	NA	NA
NC_045512.2	28596	G	C	1	1	21	1	1	28	0.2	5	0.333333	FALSE	NA	NA	NA	NA	NA	NA
NC_045512.2	28596	G	A	1	1	21	2	2	27	0.4	5	0.142857	FALSE	NA	NA	NA	NA	NA	NA
NC_045512.2	28597	G	T	1	1	26	2	2	28	0.5	4	0.2	FALSE	NA	NA	NA	NA	NA	NA
NC_045512.2	28597	G	C	1	1	26	1	1	27	0.25	4	0.4	FALSE	NA	NA	NA	NA	NA	NA
NC_045512.2	28598	T	G	1	1	26	1	1	27	0.2	5	0.333333	FALSE	NA	NA	NA	NA	NA	NA
NC_045512.2	28598	T	C	1	1	26	2	2	27	0.4	5	0.142857	FALSE	NA	NA	NA	NA	NA	NA
NC_045512.2	28598	T	A	1	1	26	1	1	27	0.2	5	0.333333	FALSE	NA	NA	NA	NA	NA	NA
NC_045512.2	28599	A	T	4	4	25	1	1	27	0.2	5	0.555556	FALSE	NA	NA	NA	NA	NA	NA
NC_045512.2	28600	T	G	1	1	21	1	1	29	0.2	5	0.333333	FALSE	NA	NA	NA	NA	NA	NA
NC_045512.2	28600	T	C	1	1	21	1	1	27	0.2	5	0.333333	FALSE	NA	NA	NA	NA	NA	NA
NC_045512.2	28600	T	A	1	1	21	2	2	27	0.4	5	0.142857	FALSE	NA	NA	NA	NA	NA	NA
NC_045512.2	28601	T	A	4	4	26	1	1	28	0.2	5	0.555556	FALSE	NA	NA	NA	NA	NA	NA
NC_045512.2	28602	T	G	2	2	28	2	2	28	0.4	5	0.214286	FALSE	NA	NA	NA	NA	NA	NA
NC_045512.2	28602	T	C	2	2	28	1	1	22	0.2	5	0.428571	FALSE	NA	NA	NA	NA	NA	NA
NC_045512.2	28603	C	T	3	3	27	1	1	33	0.2	5	0.5	FALSE	NA	NA	NA	NA	NA	NA
NC_045512.2	28603	C	A	3	3	27	1	1	23	0.2	5	0.5	FALSE	NA	NA	NA	NA	NA	NA
NC_045512.2	28604	T	C	1	1	31	1	1	26	0.2	5	0.333333	FALSE	NA	NA	NA	NA	NA	NA
NC_045512.2	28604	T	A	1	1	31	3	3	27	0.6	5	0.0714286	FALSE	NA	NA	NA	NA	NA	NA
NC_045512.2	28605	A	T	3	3	28	1	1	26	0.2	5	0.5	FALSE	NA	NA	NA	NA	NA	NA
NC_045512.2	28605	A	C	3	3	28	1	1	32	0.2	5	0.5	FALSE	NA	NA	NA	NA	NA	NA
NC_045512.2	28606	C	G	1	1	27	3	3	26	0.6	5	0.0714286	FALSE	NA	NA	NA	NA	NA	NA
NC_045512.2	28606	C	A	1	1	27	1	1	26	0.2	5	0.333333	FALSE	NA	NA	NA	NA	NA	NA
NC_045512.2	28607	T	G	1	1	27	1	1	27	0.2	5	0.333333	FALSE	NA	NA	NA	NA	NA	NA
NC_045512.2	28607	T	A	1	1	27	3	3	27	0.6	5	0.0714286	FALSE	NA	NA	NA	NA	NA	NA
NC_045512.2	28608	A	T	1	1	27	3	3	28	0.6	5	0.0714286	FALSE	NA	NA	NA	NA	NA	NA
NC_045512.2	28608	A	G	1	1	27	1	1	24	0.2	5	0.333333	FALSE	NA	NA	NA	NA	NA	NA
NC_045512.2	28609	C	G	2	2	26	1	1	23	0.25	4	0.5	FALSE	NA	NA	NA	NA	NA	NA
NC_045512.2	28609	C	A	2	2	26	1	1	24	0.25	4	0.5	FALSE	NA	NA	NA	NA	NA	NA
NC_045512.2	28610	C	T	1	1	27	2	2	28	0.4	5	0.142857	FALSE	NA	NA	NA	NA	NA	NA
NC_045512.2	28610	C	G	1	1	27	2	2	27	0.4	5	0.142857	FALSE	NA	NA	NA	NA	NA	NA
NC_045512.2	28611	T	G	3	3	26	1	1	23	0.2	5	0.5	FALSE	NA	NA	NA	NA	NA	NA
NC_045512.2	28611	T	C	3	3	26	1	1	28	0.2	5	0.5	FALSE	NA	NA	NA	NA	NA	NA
NC_045512.2	28612	A	G	3	3	27	2	2	27	0.4	5	0.277778	FALSE	NA	NA	NA	NA	NA	NA
NC_045512.2	28613	G	T	2	2	24	1	1	27	0.25	4	0.5	FALSE	NA	NA	NA	NA	NA	NA
NC_045512.2	28613	G	A	2	2	24	1	1	26	0.25	4	0.5	FALSE	NA	NA	NA	NA	NA	NA
NC_045512.2	28614	G	T	1	1	27	2	2	27	0.4	5	0.142857	FALSE	NA	NA	NA	NA	NA	NA
NC_045512.2	28614	G	C	1	1	27	1	1	26	0.2	5	0.333333	FALSE	NA	NA	NA	NA	NA	NA
NC_045512.2	28614	G	A	1	1	27	1	1	23	0.2	5	0.333333	FALSE	NA	NA	NA	NA	NA	NA
NC_045512.2	28615	A	T	1	1	23	1	1	27	0.25	4	0.4	FALSE	NA	NA	NA	NA	NA	NA
NC_045512.2	28615	A	G	1	1	23	1	1	20	0.25	4	0.4	FALSE	NA	NA	NA	NA	NA	NA
NC_045512.2	28615	A	C	1	1	23	1	1	23	0.25	4	0.4	FALSE	NA	NA	NA	NA	NA	NA
NC_045512.2	28616	A	T	1	1	28	1	1	23	0.2	5	0.333333	FALSE	NA	NA	NA	NA	NA	NA
NC_045512.2	28616	A	G	1	1	28	1	1	30	0.2	5	0.333333	FALSE	NA	NA	NA	NA	NA	NA
NC_045512.2	28616	A	C	1	1	28	2	2	27	0.4	5	0.142857	FALSE	NA	NA	NA	NA	NA	NA
NC_045512.2	28617	C	T	1	1	28	3	3	25	0.6	5	0.0714286	FALSE	NA	NA	NA	NA	NA	NA
NC_045512.2	28617	C	A	1	1	28	1	1	23	0.2	5	0.333333	FALSE	NA	NA	NA	NA	NA	NA
NC_045512.2	28618	T	C	1	1	29	1	1	23	0.25	4	0.4	FALSE	NA	NA	NA	NA	NA	NA
NC_045512.2	28618	T	A	1	1	29	2	2	28	0.5	4	0.2	FALSE	NA	NA	NA	NA	NA	NA
NC_045512.2	28619	G	T	2	2	25	1	1	27	0.2	5	0.428571	FALSE	NA	NA	NA	NA	NA	NA
NC_045512.2	28619	G	C	2	2	25	1	1	25	0.2	5	0.428571	FALSE	NA	NA	NA	NA	NA	NA
NC_045512.2	28619	G	A	2	2	25	1	1	24	0.2	5	0.428571	FALSE	NA	NA	NA	NA	NA	NA
NC_045512.2	28620	G	T	1	1	30	1	1	25	0.2	5	0.333333	FALSE	NA	NA	NA	NA	NA	NA
NC_045512.2	28620	G	A	1	1	30	3	3	27	0.6	5	0.0714286	FALSE	NA	NA	NA	NA	NA	NA
NC_045512.2	28621	G	T	1	1	29	1	1	28	0.2	5	0.333333	FALSE	NA	NA	NA	NA	NA	NA
NC_045512.2	28621	G	C	1	1	29	1	1	28	0.2	5	0.333333	FALSE	NA	NA	NA	NA	NA	NA
NC_045512.2	28621	G	A	1	1	29	2	2	25	0.4	5	0.142857	FALSE	NA	NA	NA	NA	NA	NA
NC_045512.2	28622	C	T	2	2	23	2	2	26	0.4	5	0.214286	FALSE	NA	NA	NA	NA	NA	NA
NC_045512.2	28622	C	G	2	2	23	1	1	26	0.2	5	0.428571	FALSE	NA	NA	NA	NA	NA	NA
NC_045512.2	28623	C	G	2	2	28	2	2	30	0.4	5	0.214286	FALSE	NA	NA	NA	NA	NA	NA
NC_045512.2	28623	C	A	2	2	28	1	1	28	0.2	5	0.428571	FALSE	NA	NA	NA	NA	NA	NA
NC_045512.2	28624	A	T	2	2	24	2	2	27	0.4	5	0.214286	FALSE	NA	NA	NA	NA	NA	NA
NC_045512.2	28624	A	C	2	2	24	1	1	24	0.2	5	0.428571	FALSE	NA	NA	NA	NA	NA	NA
NC_045512.2	28625	G	C	1	1	28	1	1	30	0.2	5	0.333333	FALSE	NA	NA	NA	NA	NA	NA
NC_045512.2	28625	G	A	1	1	28	3	3	26	0.6	5	0.0714286	FALSE	NA	NA	NA	NA	NA	NA
NC_045512.2	28626	A	T	2	2	27	2	2	24	0.4	5	0.214286	FALSE	NA	NA	NA	NA	NA	NA
NC_045512.2	28626	A	G	2	2	27	1	1	24	0.2	5	0.428571	FALSE	NA	NA	NA	NA	NA	NA
NC_045512.2	28627	A	T	2	2	27	1	1	27	0.2	5	0.428571	FALSE	NA	NA	NA	NA	NA	NA
NC_045512.2	28627	A	G	2	2	27	2	2	26	0.4	5	0.214286	FALSE	NA	NA	NA	NA	NA	NA
NC_045512.2	28628	G	T	2	2	25	1	1	27	0.2	5	0.428571	FALSE	NA	NA	NA	NA	NA	NA
NC_045512.2	28628	G	A	2	2	25	2	2	23	0.4	5	0.214286	FALSE	NA	NA	NA	NA	NA	NA
NC_045512.2	28629	C	T	2	2	27	1	1	21	0.2	5	0.428571	FALSE	NA	NA	NA	NA	NA	NA
NC_045512.2	28629	C	G	2	2	27	1	1	27	0.2	5	0.428571	FALSE	NA	NA	NA	NA	NA	NA
NC_045512.2	28629	C	A	2	2	27	1	1	28	0.2	5	0.428571	FALSE	NA	NA	NA	NA	NA	NA
NC_045512.2	28630	T	C	2	2	28	2	2	26	0.4	5	0.214286	FALSE	NA	NA	NA	NA	NA	NA
NC_045512.2	28630	T	A	2	2	28	1	1	24	0.2	5	0.428571	FALSE	NA	NA	NA	NA	NA	NA
NC_045512.2	28631	G	T	9	1	27	2	2	27	0.153846	13	0.217391	FALSE	NA	NA	NA	NA	NA	NA
NC_045512.2	28631	G	A	9	1	27	2	2	27	0.153846	13	0.217391	FALSE	NA	NA	NA	NA	NA	NA
NC_045512.2	28632	G	C	10	2	23	3	3	27	0.230769	13	0.124348	FALSE	NA	NA	NA	NA	NA	NA
NC_045512.2	28633	A	T	10	2	27	2	2	28	0.153846	13	0.23913	FALSE	NA	NA	NA	NA	NA	NA
NC_045512.2	28633	A	G	10	2	27	1	1	29	0.0769231	13	0.478261	FALSE	NA	NA	NA	NA	NA	NA
NC_045512.2	28634	C	G	9	1	27	3	3	25	0.230769	13	0.108696	FALSE	NA	NA	NA	NA	NA	NA
NC_045512.2	28634	C	A	9	1	27	1	1	28	0.0769231	13	0.454545	FALSE	NA	NA	NA	NA	NA	NA
NC_045512.2	28635	T	G	10	2	27	1	1	29	0.0769231	13	0.478261	FALSE	NA	NA	NA	NA	NA	NA
NC_045512.2	28635	T	C	10	2	27	2	2	24	0.153846	13	0.23913	FALSE	NA	NA	NA	NA	NA	NA
NC_045512.2	28636	T	G	9	1	23	1	1	28	0.0769231	13	0.454545	FALSE	NA	NA	NA	NA	NA	NA
NC_045512.2	28636	T	C	9	1	23	3	3	25	0.230769	13	0.108696	FALSE	NA	NA	NA	NA	NA	NA
NC_045512.2	28637	C	T	10	2	27	2	2	27	0.153846	13	0.23913	FALSE	NA	NA	NA	NA	NA	NA
NC_045512.2	28637	C	A	10	2	27	1	1	28	0.0769231	13	0.478261	FALSE	NA	NA	NA	NA	NA	NA
NC_045512.2	28638	C	G	10	2	28	1	1	29	0.0769231	13	0.478261	FALSE	NA	NA	NA	NA	NA	NA
NC_045512.2	28638	C	A	10	2	28	2	2	24	0.153846	13	0.23913	FALSE	NA	NA	NA	NA	NA	NA
NC_045512.2	28639	C	G	8	1	22	1	1	23	0.0833333	12	0.45	FALSE	NA	NA	NA	NA	NA	NA
NC_045512.2	28639	C	A	8	1	22	3	3	24	0.25	12	0.107143	FALSE	NA	NA	NA	NA	NA	NA
NC_045512.2	28640	T	G	9	1	27	3	3	24	0.230769	13	0.108696	FALSE	NA	NA	NA	NA	NA	NA
NC_045512.2	28640	T	A	9	1	27	1	1	28	0.0769231	13	0.454545	FALSE	NA	NA	NA	NA	NA	NA
NC_045512.2	28641	A	G	19	4	26	1	1	28	0.05	20	0.512821	FALSE	NA	NA	NA	NA	NA	NA
NC_045512.2	28642	T	C	17	2	27	1	1	30	0.05	20	0.486486	FALSE	NA	NA	NA	NA	NA	NA
NC_045512.2	28642	T	A	17	2	27	2	2	28	0.1	20	0.243243	FALSE	NA	NA	NA	NA	NA	NA
NC_045512.2	28643	G	T	18	3	27	1	1	28	0.05	20	0.5	FALSE	NA	NA	NA	NA	NA	NA
NC_045512.2	28643	G	C	18	3	27	1	1	26	0.05	20	0.5	FALSE	NA	NA	NA	NA	NA	NA
NC_045512.2	28644	G	T	18	3	24	1	1	27	0.05	20	0.5	FALSE	NA	NA	NA	NA	NA	NA
NC_045512.2	28644	G	C	18	3	24	1	1	27	0.05	20	0.5	FALSE	NA	NA	NA	NA	NA	NA
NC_045512.2	28645	T	G	18	3	27	2	2	25	0.1	20	0.25641	FALSE	NA	NA	NA	NA	NA	NA
NC_045512.2	28646	G	A	18	3	28	2	2	25	0.1	20	0.25641	FALSE	NA	NA	NA	NA	NA	NA
NC_045512.2	28647	C	G	17	2	27	2	2	30	0.105263	19	0.256757	FALSE	NA	NA	NA	NA	NA	NA
NC_045512.2	28648	T	C	18	3	27	1	1	25	0.05	20	0.5	FALSE	NA	NA	NA	NA	NA	NA
NC_045512.2	28648	T	A	18	3	27	1	1	27	0.05	20	0.5	FALSE	NA	NA	NA	NA	NA	NA
NC_045512.2	28649	A	T	16	1	27	2	2	24	0.1	20	0.22973	FALSE	NA	NA	NA	NA	NA	NA
NC_045512.2	28649	A	C	16	1	27	2	2	28	0.1	20	0.22973	FALSE	NA	NA	NA	NA	NA	NA
NC_045512.2	28650	A	T	17	2	23	1	1	21	0.0526316	19	0.5	FALSE	NA	NA	NA	NA	NA	NA
NC_045512.2	28650	A	C	17	2	23	1	1	23	0.0526316	19	0.5	FALSE	NA	NA	NA	NA	NA	NA
NC_045512.2	28651	C	T	17	2	26	2	2	25	0.1	20	0.243243	FALSE	NA	NA	NA	NA	NA	NA
NC_045512.2	28651	C	G	17	2	26	1	1	28	0.05	20	0.486486	FALSE	NA	NA	NA	NA	NA	NA
NC_045512.2	28651	C	-A	17	2	26	4	0	20	0.2	20	0.0654886	FALSE	NA	NA	NA	NA	NA	NA
NC_045512.2	28652	A	C	14	3	26	2	2	23	0.125	16	0.201681	FALSE	NA	NA	NA	NA	NA	NA
NC_045512.2	28653	A	T	17	2	27	1	1	27	0.05	20	0.486486	FALSE	NA	NA	NA	NA	NA	NA
NC_045512.2	28653	A	C	17	2	27	2	2	27	0.1	20	0.243243	FALSE	NA	NA	NA	NA	NA	NA
NC_045512.2	28654	A	T	10	2	23	1	1	29	0.0769231	13	0.478261	FALSE	NA	NA	NA	NA	NA	NA
NC_045512.2	28654	A	G	10	2	23	1	1	27	0.0769231	13	0.478261	FALSE	NA	NA	NA	NA	NA	NA
NC_045512.2	28654	A	C	10	2	23	1	1	28	0.0769231	13	0.478261	FALSE	NA	NA	NA	NA	NA	NA
NC_045512.2	28655	G	T	16	1	26	2	2	27	0.1	20	0.22973	FALSE	NA	NA	NA	NA	NA	NA
NC_045512.2	28655	G	C	16	1	26	1	1	27	0.05	20	0.472222	FALSE	NA	NA	NA	NA	NA	NA
NC_045512.2	28655	G	A	16	1	26	1	1	28	0.05	20	0.472222	FALSE	NA	NA	NA	NA	NA	NA
NC_045512.2	28656	A	T	17	2	27	1	1	27	0.05	20	0.486486	FALSE	NA	NA	NA	NA	NA	NA
NC_045512.2	28656	A	G	17	2	27	1	1	21	0.05	20	0.486486	FALSE	NA	NA	NA	NA	NA	NA
NC_045512.2	28656	A	C	17	2	27	1	1	24	0.05	20	0.486486	FALSE	NA	NA	NA	NA	NA	NA
NC_045512.2	28657	C	T	17	2	27	1	1	28	0.05	20	0.486486	FALSE	NA	NA	NA	NA	NA	NA
NC_045512.2	28657	C	G	17	2	27	2	2	24	0.1	20	0.243243	FALSE	NA	NA	NA	NA	NA	NA
NC_045512.2	28658	G	T	18	3	27	2	2	27	0.1	20	0.25641	FALSE	NA	NA	NA	NA	NA	NA
NC_045512.2	28659	G	A	17	3	23	2	2	27	0.105263	19	0.256757	FALSE	NA	NA	NA	NA	NA	NA
NC_045512.2	28660	C	T	18	3	27	1	1	27	0.05	20	0.5	FALSE	NA	NA	NA	NA	NA	NA
NC_045512.2	28660	C	G	18	3	27	1	1	24	0.05	20	0.5	FALSE	NA	NA	NA	NA	NA	NA
NC_045512.2	28661	A	T	16	1	27	2	2	25	0.1	20	0.22973	FALSE	NA	NA	NA	NA	NA	NA
NC_045512.2	28661	A	G	16	1	27	2	2	27	0.1	20	0.22973	FALSE	NA	NA	NA	NA	NA	NA
NC_045512.2	28662	T	C	17	2	27	1	1	27	0.05	20	0.486486	FALSE	NA	NA	NA	NA	NA	NA
NC_045512.2	28662	T	A	17	2	27	2	2	24	0.1	20	0.243243	FALSE	NA	NA	NA	NA	NA	NA
NC_045512.2	28663	C	T	17	2	26	1	1	27	0.05	20	0.486486	FALSE	NA	NA	NA	NA	NA	NA
NC_045512.2	28663	C	A	17	2	26	2	2	28	0.1	20	0.243243	FALSE	NA	NA	NA	NA	NA	NA
NC_045512.2	28664	A	C	17	2	27	3	3	25	0.15	20	0.12474	FALSE	NA	NA	NA	NA	NA	NA
NC_045512.2	28665	T	C	17	2	26	1	1	27	0.05	20	0.486486	FALSE	NA	NA	NA	NA	NA	NA
NC_045512.2	28665	T	A	17	2	26	2	2	25	0.1	20	0.243243	FALSE	NA	NA	NA	NA	NA	NA
NC_045512.2	28666	A	T	17	2	26	1	1	27	0.0526316	19	0.5	FALSE	NA	NA	NA	NA	NA	NA
NC_045512.2	28666	A	C	17	2	26	1	1	27	0.0526316	19	0.5	FALSE	NA	NA	NA	NA	NA	NA
NC_045512.2	28667	T	G	16	1	26	1	1	29	0.05	20	0.472222	FALSE	NA	NA	NA	NA	NA	NA
NC_045512.2	28667	T	A	16	1	26	3	3	25	0.15	20	0.114865	FALSE	NA	NA	NA	NA	NA	NA
NC_045512.2	28668	G	T	18	3	27	1	1	28	0.05	20	0.5	FALSE	NA	NA	NA	NA	NA	NA
NC_045512.2	28668	G	A	18	3	27	1	1	27	0.05	20	0.5	FALSE	NA	NA	NA	NA	NA	NA
NC_045512.2	28669	G	C	17	2	28	1	1	24	0.05	20	0.486486	FALSE	NA	NA	NA	NA	NA	NA
NC_045512.2	28669	G	A	17	2	28	2	2	28	0.1	20	0.243243	FALSE	NA	NA	NA	NA	NA	NA
NC_045512.2	28670	G	C	16	3	23	2	2	27	0.111111	18	0.257143	FALSE	NA	NA	NA	NA	NA	NA
NC_045512.2	28671	T	G	17	2	27	1	1	24	0.05	20	0.486486	FALSE	NA	NA	NA	NA	NA	NA
NC_045512.2	28671	T	A	17	2	27	2	2	27	0.1	20	0.243243	FALSE	NA	NA	NA	NA	NA	NA
NC_045512.2	28672	T	G	13	1	22	3	3	27	0.176471	17	0.112903	FALSE	NA	NA	NA	NA	NA	NA
NC_045512.2	28672	T	C	13	1	22	1	1	27	0.0588235	17	0.466667	FALSE	NA	NA	NA	NA	NA	NA
NC_045512.2	28673	G	C	17	2	26	2	2	28	0.1	20	0.243243	FALSE	NA	NA	NA	NA	NA	NA
NC_045512.2	28673	G	A	17	2	26	1	1	24	0.05	20	0.486486	FALSE	NA	NA	NA	NA	NA	NA
NC_045512.2	28674	C	T	16	1	26	1	1	27	0.05	20	0.472222	FALSE	NA	NA	NA	NA	NA	NA
NC_045512.2	28674	C	G	16	1	26	1	1	27	0.05	20	0.472222	FALSE	NA	NA	NA	NA	NA	NA
NC_045512.2	28674	C	A	16	1	26	2	2	28	0.1	20	0.22973	FALSE	NA	NA	NA	NA	NA	NA
NC_045512.2	28675	A	T	16	2	27	1	1	27	0.05	20	0.472222	FALSE	NA	NA	NA	NA	NA	NA
NC_045512.2	28675	A	G	16	2	27	2	1	27	0.1	20	0.22973	FALSE	NA	NA	NA	NA	NA	NA
NC_045512.2	28675	A	C	16	2	27	1	1	27	0.05	20	0.472222	FALSE	NA	NA	NA	NA	NA	NA
NC_045512.2	28676	A	C	17	3	24	2	2	27	0.105263	19	0.256757	FALSE	NA	NA	NA	NA	NA	NA
NC_045512.2	28677	C	T	17	2	27	2	2	27	0.1	20	0.243243	FALSE	NA	NA	NA	NA	NA	NA
NC_045512.2	28677	C	A	17	2	27	1	1	27	0.05	20	0.486486	FALSE	NA	NA	NA	NA	NA	NA
NC_045512.2	28678	T	G	17	2	27	1	1	24	0.05	20	0.486486	FALSE	NA	NA	NA	NA	NA	NA
NC_045512.2	28678	T	C	17	2	27	1	1	27	0.05	20	0.486486	FALSE	NA	NA	NA	NA	NA	NA
NC_045512.2	28678	T	A	17	2	27	1	1	21	0.05	20	0.486486	FALSE	NA	NA	NA	NA	NA	NA
NC_045512.2	28679	G	A	17	2	27	3	3	25	0.15	20	0.12474	FALSE	NA	NA	NA	NA	NA	NA
NC_045512.2	28680	A	T	18	3	26	2	2	24	0.1	20	0.25641	FALSE	NA	NA	NA	NA	NA	NA
NC_045512.2	28681	G	C	17	2	26	1	1	27	0.0526316	19	0.5	FALSE	NA	NA	NA	NA	NA	NA
NC_045512.2	28681	G	A	17	2	26	1	1	22	0.0526316	19	0.5	FALSE	NA	NA	NA	NA	NA	NA
NC_045512.2	28682	G	T	17	2	27	2	2	22	0.1	20	0.243243	FALSE	NA	NA	NA	NA	NA	NA
NC_045512.2	28682	G	A	17	2	27	1	1	27	0.05	20	0.486486	FALSE	NA	NA	NA	NA	NA	NA
NC_045512.2	28683	G	T	13	2	23	1	1	27	0.0666667	15	0.5	FALSE	NA	NA	NA	NA	NA	NA
NC_045512.2	28683	G	C	13	2	23	1	1	27	0.0666667	15	0.5	FALSE	NA	NA	NA	NA	NA	NA
NC_045512.2	28684	A	T	16	1	26	1	1	21	0.05	20	0.472222	FALSE	NA	NA	NA	NA	NA	NA
NC_045512.2	28684	A	G	16	1	26	2	2	24	0.1	20	0.22973	FALSE	NA	NA	NA	NA	NA	NA
NC_045512.2	28684	A	C	16	1	26	1	1	21	0.05	20	0.472222	FALSE	NA	NA	NA	NA	NA	NA
NC_045512.2	28685	G	T	18	3	27	1	1	27	0.05	20	0.5	FALSE	NA	NA	NA	NA	NA	NA
NC_045512.2	28685	G	C	18	3	27	1	1	29	0.05	20	0.5	FALSE	NA	NA	NA	NA	NA	NA
NC_045512.2	28686	C	G	18	3	27	1	1	27	0.0526316	19	0.513514	FALSE	NA	NA	NA	NA	NA	NA
NC_045512.2	28687	C	T	17	2	23	2	2	27	0.1	20	0.243243	FALSE	NA	NA	NA	NA	NA	NA
NC_045512.2	28687	C	A	17	2	23	1	1	28	0.05	20	0.486486	FALSE	NA	NA	NA	NA	NA	NA
NC_045512.2	28688	T	G	17	2	27	1	1	26	0.05	20	0.486486	FALSE	NA	NA	NA	NA	NA	NA
NC_045512.2	28688	T	A	17	2	27	2	2	26	0.1	20	0.243243	FALSE	NA	NA	NA	NA	NA	NA
NC_045512.2	28689	T	C	17	2	23	2	2	26	0.1	20	0.243243	FALSE	NA	NA	NA	NA	NA	NA
NC_045512.2	28689	T	A	17	2	23	1	1	29	0.05	20	0.486486	FALSE	NA	NA	NA	NA	NA	NA
NC_045512.2	28690	G	C	17	2	26	1	1	27	0.05	20	0.486486	FALSE	NA	NA	NA	NA	NA	NA
NC_045512.2	28690	G	A	17	2	26	2	2	25	0.1	20	0.243243	FALSE	NA	NA	NA	NA	NA	NA
NC_045512.2	28691	A	T	17	2	27	2	2	28	0.1	20	0.243243	FALSE	NA	NA	NA	NA	NA	NA
NC_045512.2	28691	A	G	17	2	27	1	1	29	0.05	20	0.486486	FALSE	NA	NA	NA	NA	NA	NA
NC_045512.2	28692	A	T	16	2	24	1	1	29	0.0526316	19	0.485714	FALSE	NA	NA	NA	NA	NA	NA
NC_045512.2	28692	A	G	16	2	24	1	1	28	0.0526316	19	0.485714	FALSE	NA	NA	NA	NA	NA	NA
NC_045512.2	28692	A	C	16	2	24	1	1	26	0.0526316	19	0.485714	FALSE	NA	NA	NA	NA	NA	NA
NC_045512.2	28693	T	G	18	3	27	1	1	29	0.05	20	0.5	FALSE	NA	NA	NA	NA	NA	NA
NC_045512.2	28693	T	A	18	3	27	1	1	28	0.05	20	0.5	FALSE	NA	NA	NA	NA	NA	NA
NC_045512.2	28694	A	G	16	1	27	3	3	23	0.15	20	0.114865	FALSE	NA	NA	NA	NA	NA	NA
NC_045512.2	28694	A	C	16	1	27	1	1	27	0.05	20	0.472222	FALSE	NA	NA	NA	NA	NA	NA
NC_045512.2	28695	C	T	16	1	27	1	1	27	0.05	20	0.472222	FALSE	NA	NA	NA	NA	NA	NA
NC_045512.2	28695	C	G	16	1	27	2	2	30	0.1	20	0.22973	FALSE	NA	NA	NA	NA	NA	NA
NC_045512.2	28695	C	A	16	1	27	1	1	24	0.05	20	0.472222	FALSE	NA	NA	NA	NA	NA	NA
NC_045512.2	28696	A	G	17	2	27	2	2	28	0.105263	19	0.256757	FALSE	NA	NA	NA	NA	NA	NA
NC_045512.2	28697	C	T	16	1	27	1	1	22	0.05	20	0.472222	FALSE	NA	NA	NA	NA	NA	NA
NC_045512.2	28697	C	G	16	1	27	1	1	25	0.05	20	0.472222	FALSE	NA	NA	NA	NA	NA	NA
NC_045512.2	28697	C	A	16	1	27	2	2	27	0.1	20	0.22973	FALSE	NA	NA	NA	NA	NA	NA
NC_045512.2	28698	C	T	15	2	23	1	1	28	0.0555556	18	0.484848	FALSE	NA	NA	NA	NA	NA	NA
NC_045512.2	28698	C	G	15	2	23	2	2	26	0.111111	18	0.242424	FALSE	NA	NA	NA	NA	NA	NA
NC_045512.2	28698	C	-A	15	2	23	2	0	20	0.111111	18	0.242424	FALSE	NA	NA	NA	NA	NA	NA
NC_045512.2	28699	A	G	15	2	26	1	1	27	0.0588235	17	0.470588	FALSE	NA	NA	NA	NA	NA	NA
NC_045512.2	28699	A	C	15	2	26	1	1	24	0.0588235	17	0.470588	FALSE	NA	NA	NA	NA	NA	NA
NC_045512.2	28700	A	G	16	1	27	1	1	23	0.0526316	19	0.485714	FALSE	NA	NA	NA	NA	NA	NA
NC_045512.2	28700	A	C	16	1	27	2	2	24	0.105263	19	0.242857	FALSE	NA	NA	NA	NA	NA	NA
NC_045512.2	28702	A	T	8	2	22	1	1	22	0.0909091	11	0.473684	FALSE	NA	NA	NA	NA	NA	NA
NC_045512.2	28702	A	G	8	2	22	1	1	28	0.0909091	11	0.473684	FALSE	NA	NA	NA	NA	NA	NA
NC_045512.2	28702	A	C	8	2	22	1	1	23	0.0909091	11	0.473684	FALSE	NA	NA	NA	NA	NA	NA
NC_045512.2	28703	G	C	17	2	26	1	1	27	0.0526316	19	0.5	FALSE	NA	NA	NA	NA	NA	NA
NC_045512.2	28703	G	A	17	2	26	1	1	29	0.0526316	19	0.5	FALSE	NA	NA	NA	NA	NA	NA
NC_045512.2	28704	A	T	17	2	27	2	2	28	0.1	20	0.243243	FALSE	NA	NA	NA	NA	NA	NA
NC_045512.2	28704	A	C	17	2	27	1	1	30	0.05	20	0.486486	FALSE	NA	NA	NA	NA	NA	NA
NC_045512.2	28705	T	G	16	1	27	3	3	26	0.15	20	0.114865	FALSE	NA	NA	NA	NA	NA	NA
NC_045512.2	28705	T	A	16	1	27	1	1	27	0.05	20	0.472222	FALSE	NA	NA	NA	NA	NA	NA
NC_045512.2	28706	C	T	16	1	26	1	1	27	0.0526316	19	0.485714	FALSE	NA	NA	NA	NA	NA	NA
NC_045512.2	28706	C	G	16	1	26	1	1	30	0.0526316	19	0.485714	FALSE	NA	NA	NA	NA	NA	NA
NC_045512.2	28706	C	A	16	1	26	1	1	29	0.0526316	19	0.485714	FALSE	NA	NA	NA	NA	NA	NA
NC_045512.2	28707	A	G	18	3	26	1	1	23	0.05	20	0.5	FALSE	NA	NA	NA	NA	NA	NA
NC_045512.2	28707	A	C	18	3	26	1	1	28	0.05	20	0.5	FALSE	NA	NA	NA	NA	NA	NA
NC_045512.2	28708	C	T	17	2	26	1	1	25	0.05	20	0.486486	FALSE	NA	NA	NA	NA	NA	NA
NC_045512.2	28708	C	G	17	2	26	2	2	29	0.1	20	0.243243	FALSE	NA	NA	NA	NA	NA	NA
NC_045512.2	28709	A	T	18	3	27	1	1	27	0.05	20	0.5	FALSE	NA	NA	NA	NA	NA	NA
NC_045512.2	28709	A	G	18	3	27	1	1	30	0.05	20	0.5	FALSE	NA	NA	NA	NA	NA	NA
NC_045512.2	28710	T	C	16	1	27	3	3	24	0.15	20	0.114865	FALSE	NA	NA	NA	NA	NA	NA
NC_045512.2	28710	T	A	16	1	27	1	1	33	0.05	20	0.472222	FALSE	NA	NA	NA	NA	NA	NA
NC_045512.2	28711	T	G	16	1	22	1	1	27	0.0526316	19	0.485714	FALSE	NA	NA	NA	NA	NA	NA
NC_045512.2	28711	T	C	16	1	22	1	1	27	0.0526316	19	0.485714	FALSE	NA	NA	NA	NA	NA	NA
NC_045512.2	28711	T	A	16	1	22	1	1	22	0.0526316	19	0.485714	FALSE	NA	NA	NA	NA	NA	NA
NC_045512.2	28712	G	C	15	1	27	1	1	24	0.0588235	17	0.5	FALSE	NA	NA	NA	NA	NA	NA
NC_045512.2	28712	G	A	15	1	27	1	1	20	0.0588235	17	0.5	FALSE	NA	NA	NA	NA	NA	NA
NC_045512.2	28713	G	C	14	1	22	1	1	28	0.0625	16	0.5	FALSE	NA	NA	NA	NA	NA	NA
NC_045512.2	28713	G	A	14	1	22	1	1	28	0.0625	16	0.5	FALSE	NA	NA	NA	NA	NA	NA
NC_045512.2	28714	C	T	14	1	26	1	1	23	0.0625	16	0.5	FALSE	NA	NA	NA	NA	NA	NA
NC_045512.2	28714	C	A	14	1	26	1	1	28	0.0625	16	0.5	FALSE	NA	NA	NA	NA	NA	NA
NC_045512.2	28715	A	T	14	2	26	1	1	28	0.0666667	15	0.517241	FALSE	NA	NA	NA	NA	NA	NA
NC_045512.2	28716	C	G	12	0	26	2	2	27	0.142857	14	0.259259	FALSE	NA	NA	NA	NA	NA	NA
NC_045512.2	28717	C	A	13	1	28	2	2	24	0.133333	15	0.258621	FALSE	NA	NA	NA	NA	NA	NA
NC_045512.2	28718	C	T	9	1	21	1	1	28	0.0909091	11	0.5	FALSE	NA	NA	NA	NA	NA	NA
NC_045512.2	28718	C	A	9	1	21	1	1	27	0.0909091	11	0.5	FALSE	NA	NA	NA	NA	NA	NA
NC_045512.2	28719	G	T	13	1	26	1	1	27	0.0666667	15	0.5	FALSE	NA	NA	NA	NA	NA	NA
NC_045512.2	28719	G	C	13	1	26	1	1	27	0.0666667	15	0.5	FALSE	NA	NA	NA	NA	NA	NA
NC_045512.2	28720	C	A	13	1	26	2	2	25	0.133333	15	0.258621	FALSE	NA	NA	NA	NA	NA	NA
NC_045512.2	28721	A	C	12	0	27	2	2	25	0.142857	14	0.259259	FALSE	NA	NA	NA	NA	NA	NA
NC_045512.2	28741	A	G	11	1	26	1	1	31	0.0833333	12	0.521739	FALSE	NA	NA	NA	NA	NA	NA
NC_045512.2	28742	A	G	8	1	22	1	1	26	0.111111	9	0.529412	FALSE	NA	NA	NA	NA	NA	NA
NC_045512.2	28743	T	A	11	1	26	1	1	25	0.0833333	12	0.521739	FALSE	NA	NA	NA	NA	NA	NA
NC_045512.2	28745	G	T	11	1	26	1	1	22	0.0833333	12	0.521739	FALSE	NA	NA	NA	NA	NA	NA
NC_045512.2	28747	G	C	11	1	27	1	1	22	0.0833333	12	0.521739	FALSE	NA	NA	NA	NA	NA	NA
NC_045512.2	28749	T	C	11	1	28	1	1	23	0.0833333	12	0.521739	FALSE	NA	NA	NA	NA	NA	NA
NC_045512.2	28750	A	T	11	1	27	1	1	23	0.0833333	12	0.521739	FALSE	NA	NA	NA	NA	NA	NA
NC_045512.2	28751	C	A	11	1	27	1	1	23	0.0833333	12	0.521739	FALSE	NA	NA	NA	NA	NA	NA
NC_045512.2	28752	A	T	10	0	27	1	1	24	0.0909091	11	0.52381	FALSE	NA	NA	NA	NA	NA	NA
NC_045512.2	28754	C	G	10	0	26	1	1	28	0.0909091	11	0.52381	FALSE	NA	NA	NA	NA	NA	NA
NC_045512.2	28756	T	G	6	0	22	1	1	28	0.142857	7	0.538462	FALSE	NA	NA	NA	NA	NA	NA
NC_045512.2	28758	C	T	9	0	22	1	1	26	0.1	10	0.526316	FALSE	NA	NA	NA	NA	NA	NA
NC_045512.2	28760	C	A	9	0	26	1	1	27	0.1	10	0.526316	FALSE	NA	NA	NA	NA	NA	NA
NC_045512.2	28761	A	C	8	0	26	1	1	25	0.111111	9	0.529412	FALSE	NA	NA	NA	NA	NA	NA
NC_045512.2	28763	G	A	8	0	26	1	1	25	0.111111	9	0.529412	FALSE	NA	NA	NA	NA	NA	NA
NC_045512.2	28764	G	A	7	0	22	1	1	25	0.125	8	0.533333	FALSE	NA	NA	NA	NA	NA	NA
NC_045512.2	28765	A	G	8	0	26	1	1	25	0.111111	9	0.529412	FALSE	NA	NA	NA	NA	NA	NA
NC_045512.2	28766	A	G	8	1	22	1	0	24	0.111111	9	0.529412	FALSE	NA	NA	NA	NA	NA	NA
NC_045512.2	28768	A	G	7	0	27	1	1	20	0.125	8	0.533333	FALSE	NA	NA	NA	NA	NA	NA
NC_045512.2	28769	A	G	6	0	22	1	1	31	0.142857	7	0.538462	FALSE	NA	NA	NA	NA	NA	NA
NC_045512.2	28773	T	C	6	0	22	1	1	27	0.142857	7	0.538462	FALSE	NA	NA	NA	NA	NA	NA
NC_045512.2	28774	G	A	35	5	27	1	1	27	0.0277778	36	0.507042	FALSE	NA	NA	NA	NA	NA	NA
NC_045512.2	28775	C	T	34	6	26	1	1	27	0.0277778	36	0.5	FALSE	NA	NA	NA	NA	NA	NA
NC_045512.2	28775	C	G	34	6	26	1	1	27	0.0277778	36	0.5	FALSE	NA	NA	NA	NA	NA	NA
NC_045512.2	28776	C	G	32	7	24	1	1	28	0.0294118	34	0.5	FALSE	NA	NA	NA	NA	NA	NA
NC_045512.2	28776	C	A	32	7	24	1	1	27	0.0294118	34	0.5	FALSE	NA	NA	NA	NA	NA	NA
NC_045512.2	28776	C	-A	32	7	24	1	0	20	0.0294118	34	0.5	FALSE	NA	NA	NA	NA	NA	NA
NC_045512.2	28777	A	T	28	1	27	1	1	26	0.0322581	31	0.483333	FALSE	NA	NA	NA	NA	NA	NA
NC_045512.2	28777	A	C	28	1	27	2	2	25	0.0645161	31	0.237705	FALSE	NA	NA	NA	NA	NA	NA
NC_045512.2	28778	A	G	34	6	27	1	1	20	0.0277778	36	0.5	FALSE	NA	NA	NA	NA	NA	NA
NC_045512.2	28778	A	C	34	6	27	1	1	28	0.0277778	36	0.5	FALSE	NA	NA	NA	NA	NA	NA
NC_045512.2	28779	A	G	34	8	27	1	1	27	0.0285714	35	0.507246	FALSE	NA	NA	NA	NA	NA	NA
NC_045512.2	28780	A	G	20	8	23	1	1	27	0.047619	21	0.512195	FALSE	NA	NA	NA	NA	NA	NA
NC_045512.2	28781	G	T	28	2	26	1	1	21	0.0322581	31	0.491525	FALSE	NA	NA	NA	NA	NA	NA
NC_045512.2	28781	G	A	28	2	26	2	2	24	0.0645161	31	0.245763	FALSE	NA	NA	NA	NA	NA	NA
NC_045512.2	28782	G	T	30	6	23	1	1	27	0.03125	32	0.5	FALSE	NA	NA	NA	NA	NA	NA
NC_045512.2	28782	G	A	30	6	23	1	1	26	0.03125	32	0.5	FALSE	NA	NA	NA	NA	NA	NA
NC_045512.2	28783	C	G	32	6	26	3	3	25	0.0857143	35	0.124919	FALSE	NA	NA	NA	NA	NA	NA
NC_045512.2	28784	T	G	29	3	27	1	1	28	0.03125	32	0.491803	FALSE	NA	NA	NA	NA	NA	NA
NC_045512.2	28784	T	C	29	3	27	2	2	25	0.0625	32	0.245902	FALSE	NA	NA	NA	NA	NA	NA
NC_045512.2	28785	T	C	30	6	23	1	1	27	0.03125	32	0.5	FALSE	NA	NA	NA	NA	NA	NA
NC_045512.2	28785	T	A	30	6	23	1	1	22	0.03125	32	0.5	FALSE	NA	NA	NA	NA	NA	NA
NC_045512.2	28786	C	T	32	6	27	2	2	23	0.0571429	35	0.246269	FALSE	NA	NA	NA	NA	NA	NA
NC_045512.2	28786	C	A	32	6	27	1	1	27	0.0285714	35	0.492537	FALSE	NA	NA	NA	NA	NA	NA
NC_045512.2	28787	T	C	33	7	27	2	2	24	0.0571429	35	0.253623	FALSE	NA	NA	NA	NA	NA	NA
NC_045512.2	28788	A	T	32	6	27	2	2	27	0.0571429	35	0.246269	FALSE	NA	NA	NA	NA	NA	NA
NC_045512.2	28788	A	C	32	6	27	1	1	26	0.0285714	35	0.492537	FALSE	NA	NA	NA	NA	NA	NA
NC_045512.2	28789	C	T	32	6	27	1	1	24	0.0285714	35	0.492537	FALSE	NA	NA	NA	NA	NA	NA
NC_045512.2	28789	C	G	32	6	27	1	1	27	0.0285714	35	0.492537	FALSE	NA	NA	NA	NA	NA	NA
NC_045512.2	28789	C	A	32	6	27	1	1	22	0.0285714	35	0.492537	FALSE	NA	NA	NA	NA	NA	NA
NC_045512.2	28790	G	C	32	6	27	1	1	23	0.0285714	35	0.492537	FALSE	NA	NA	NA	NA	NA	NA
NC_045512.2	28790	G	A	32	6	27	2	2	25	0.0571429	35	0.246269	FALSE	NA	NA	NA	NA	NA	NA
NC_045512.2	28791	C	G	33	7	28	1	1	23	0.0294118	34	0.507463	FALSE	NA	NA	NA	NA	NA	NA
NC_045512.2	28792	A	G	32	6	28	2	2	26	0.0571429	35	0.246269	FALSE	NA	NA	NA	NA	NA	NA
NC_045512.2	28792	A	C	32	6	28	1	1	27	0.0285714	35	0.492537	FALSE	NA	NA	NA	NA	NA	NA
NC_045512.2	28793	G	C	33	7	27	1	1	25	0.0285714	35	0.5	FALSE	NA	NA	NA	NA	NA	NA
NC_045512.2	28793	G	A	33	7	27	1	1	27	0.0285714	35	0.5	FALSE	NA	NA	NA	NA	NA	NA
NC_045512.2	28794	A	G	32	6	26	1	1	25	0.030303	33	0.507692	FALSE	NA	NA	NA	NA	NA	NA
NC_045512.2	28795	A	G	31	6	23	2	2	25	0.0606061	33	0.253846	FALSE	NA	NA	NA	NA	NA	NA
NC_045512.2	28796	G	C	29	3	26	1	1	20	0.0322581	31	0.5	FALSE	NA	NA	NA	NA	NA	NA
NC_045512.2	28796	G	A	29	3	26	1	1	24	0.0322581	31	0.5	FALSE	NA	NA	NA	NA	NA	NA
NC_045512.2	28797	G	C	31	6	28	1	1	29	0.0294118	34	0.492308	FALSE	NA	NA	NA	NA	NA	NA
NC_045512.2	28797	G	A	31	6	28	2	1	28	0.0588235	34	0.246154	FALSE	NA	NA	NA	NA	NA	NA
NC_045512.2	28798	G	T	29	7	23	1	1	23	0.0333333	30	0.508475	FALSE	NA	NA	NA	NA	NA	NA
NC_045512.2	28799	A	T	32	6	27	1	1	26	0.0285714	35	0.492537	FALSE	NA	NA	NA	NA	NA	NA
NC_045512.2	28799	A	G	32	6	27	2	2	25	0.0571429	35	0.246269	FALSE	NA	NA	NA	NA	NA	NA
NC_045512.2	28800	G	A	34	8	27	1	1	25	0.0285714	35	0.507246	FALSE	NA	NA	NA	NA	NA	NA
NC_045512.2	28801	C	G	32	6	27	1	1	25	0.0285714	35	0.492537	FALSE	NA	NA	NA	NA	NA	NA
NC_045512.2	28801	C	A	32	6	27	2	2	24	0.0571429	35	0.246269	FALSE	NA	NA	NA	NA	NA	NA
NC_045512.2	28802	A	G	33	7	26	1	1	26	0.0285714	35	0.5	FALSE	NA	NA	NA	NA	NA	NA
NC_045512.2	28802	A	C	33	7	26	1	1	28	0.0285714	35	0.5	FALSE	NA	NA	NA	NA	NA	NA
NC_045512.2	28803	G	T	32	6	26	1	1	28	0.0285714	35	0.492537	FALSE	NA	NA	NA	NA	NA	NA
NC_045512.2	28803	G	C	32	6	26	1	1	28	0.0285714	35	0.492537	FALSE	NA	NA	NA	NA	NA	NA
NC_045512.2	28803	G	A	32	6	26	1	1	28	0.0285714	35	0.492537	FALSE	NA	NA	NA	NA	NA	NA
NC_045512.2	28804	A	G	33	8	26	1	1	26	0.0294118	34	0.507463	FALSE	NA	NA	NA	NA	NA	NA
NC_045512.2	28805	G	C	31	6	26	1	1	27	0.030303	33	0.5	FALSE	NA	NA	NA	NA	NA	NA
NC_045512.2	28805	G	A	31	6	26	1	1	26	0.030303	33	0.5	FALSE	NA	NA	NA	NA	NA	NA
NC_045512.2	28806	G	A	31	7	24	2	2	28	0.0606061	33	0.253846	FALSE	NA	NA	NA	NA	NA	NA
NC_045512.2	28806	G	-C	31	7	24	1	0	20	0.030303	33	0.5	FALSE	NA	NA	NA	NA	NA	NA
NC_045512.2	28807	C	T	30	6	27	1	0	29	0.0294118	34	0.476923	FALSE	NA	NA	NA	NA	NA	NA
NC_045512.2	28807	C	G	30	6	27	3	3	26	0.0882353	34	0.113892	FALSE	NA	NA	NA	NA	NA	NA
NC_045512.2	28808	G	C	31	6	27	3	3	24	0.0882353	34	0.124914	FALSE	NA	NA	NA	NA	NA	NA
NC_045512.2	28809	G	C	32	7	24	2	2	27	0.0588235	34	0.253731	FALSE	NA	NA	NA	NA	NA	NA
NC_045512.2	28810	C	G	31	6	27	2	2	25	0.0588235	34	0.246154	FALSE	NA	NA	NA	NA	NA	NA
NC_045512.2	28810	C	A	31	6	27	1	1	25	0.0294118	34	0.492308	FALSE	NA	NA	NA	NA	NA	NA
NC_045512.2	28811	A	G	33	8	26	1	1	32	0.0285714	35	0.5	FALSE	NA	NA	NA	NA	NA	NA
NC_045512.2	28811	A	C	33	8	26	1	1	28	0.0285714	35	0.5	FALSE	NA	NA	NA	NA	NA	NA
NC_045512.2	28812	G	C	31	6	26	1	1	23	0.0285714	35	0.484848	FALSE	NA	NA	NA	NA	NA	NA
NC_045512.2	28812	G	A	31	6	26	3	3	25	0.0857143	35	0.119403	FALSE	NA	NA	NA	NA	NA	NA
NC_045512.2	28813	T	G	31	6	26	2	2	26	0.0571429	35	0.238806	FALSE	NA	NA	NA	NA	NA	NA
NC_045512.2	28813	T	A	31	6	26	2	2	23	0.0571429	35	0.238806	FALSE	NA	NA	NA	NA	NA	NA
NC_045512.2	28814	C	T	31	6	26	1	1	26	0.0294118	34	0.492308	FALSE	NA	NA	NA	NA	NA	NA
NC_045512.2	28814	C	G	31	6	26	1	1	23	0.0294118	34	0.492308	FALSE	NA	NA	NA	NA	NA	NA
NC_045512.2	28814	C	A	31	6	26	1	1	27	0.0294118	34	0.492308	FALSE	NA	NA	NA	NA	NA	NA
NC_045512.2	28815	A	T	31	6	26	2	2	27	0.0571429	35	0.238806	FALSE	NA	NA	NA	NA	NA	NA
NC_045512.2	28815	A	G	31	6	26	1	1	29	0.0285714	35	0.484848	FALSE	NA	NA	NA	NA	NA	NA
NC_045512.2	28815	A	C	31	6	26	1	1	26	0.0285714	35	0.484848	FALSE	NA	NA	NA	NA	NA	NA
NC_045512.2	28816	A	C	30	7	23	3	3	26	0.0909091	33	0.124908	FALSE	NA	NA	NA	NA	NA	NA
NC_045512.2	28817	G	A	31	6	27	3	3	26	0.0882353	34	0.124914	FALSE	NA	NA	NA	NA	NA	NA
NC_045512.2	28818	C	T	31	6	27	1	1	26	0.0294118	34	0.492308	FALSE	NA	NA	NA	NA	NA	NA
NC_045512.2	28818	C	G	31	6	27	1	1	25	0.0294118	34	0.492308	FALSE	NA	NA	NA	NA	NA	NA
NC_045512.2	28818	C	A	31	6	27	1	1	27	0.0294118	34	0.492308	FALSE	NA	NA	NA	NA	NA	NA
NC_045512.2	28819	C	G	30	7	23	1	1	25	0.03125	32	0.5	FALSE	NA	NA	NA	NA	NA	NA
NC_045512.2	28819	C	A	30	7	23	1	1	27	0.03125	32	0.5	FALSE	NA	NA	NA	NA	NA	NA
NC_045512.2	28820	T	C	33	8	26	2	2	24	0.0571429	35	0.253623	FALSE	NA	NA	NA	NA	NA	NA
NC_045512.2	28821	C	T	32	7	26	2	2	27	0.0571429	35	0.246269	FALSE	NA	NA	NA	NA	NA	NA
NC_045512.2	28821	C	A	32	7	26	1	1	26	0.0285714	35	0.492537	FALSE	NA	NA	NA	NA	NA	NA
NC_045512.2	28822	T	G	31	6	26	1	1	23	0.0294118	34	0.492308	FALSE	NA	NA	NA	NA	NA	NA
NC_045512.2	28822	T	C	31	6	26	2	2	27	0.0588235	34	0.246154	FALSE	NA	NA	NA	NA	NA	NA
NC_045512.2	28823	T	G	29	7	23	2	2	27	0.0625	32	0.245902	FALSE	NA	NA	NA	NA	NA	NA
NC_045512.2	28823	T	A	29	7	23	1	1	22	0.03125	32	0.491803	FALSE	NA	NA	NA	NA	NA	NA
NC_045512.2	28824	C	T	33	8	26	1	1	28	0.0294118	34	0.507463	FALSE	NA	NA	NA	NA	NA	NA
NC_045512.2	28825	T	C	32	7	26	1	1	28	0.0285714	35	0.492537	FALSE	NA	NA	NA	NA	NA	NA
NC_045512.2	28825	T	A	32	7	26	2	2	27	0.0571429	35	0.246269	FALSE	NA	NA	NA	NA	NA	NA
NC_045512.2	28826	C	T	32	7	26	1	1	28	0.0294118	34	0.5	FALSE	NA	NA	NA	NA	NA	NA
NC_045512.2	28826	C	G	32	7	26	1	1	23	0.0294118	34	0.5	FALSE	NA	NA	NA	NA	NA	NA
NC_045512.2	28827	G	T	31	6	26	1	1	23	0.0294118	34	0.492308	FALSE	NA	NA	NA	NA	NA	NA
NC_045512.2	28827	G	C	31	6	26	2	2	26	0.0588235	34	0.246154	FALSE	NA	NA	NA	NA	NA	NA
NC_045512.2	28828	T	G	29	5	26	1	1	28	0.030303	33	0.483871	FALSE	NA	NA	NA	NA	NA	NA
NC_045512.2	28828	T	C	29	5	26	2	2	24	0.0606061	33	0.238095	FALSE	NA	NA	NA	NA	NA	NA
NC_045512.2	28828	T	A	29	5	26	1	1	23	0.030303	33	0.483871	FALSE	NA	NA	NA	NA	NA	NA
NC_045512.2	28829	T	G	30	7	23	2	2	23	0.0625	32	0.253968	FALSE	NA	NA	NA	NA	NA	NA
NC_045512.2	28830	C	T	29	5	26	2	2	24	0.0625	32	0.245902	FALSE	NA	NA	NA	NA	NA	NA
NC_045512.2	28830	C	G	29	5	26	1	1	28	0.03125	32	0.491803	FALSE	NA	NA	NA	NA	NA	NA
NC_045512.2	28831	C	T	31	7	23	1	1	25	0.0294118	34	0.492308	FALSE	NA	NA	NA	NA	NA	NA
NC_045512.2	28831	C	G	31	7	23	1	1	27	0.0294118	34	0.492308	FALSE	NA	NA	NA	NA	NA	NA
NC_045512.2	28831	C	A	31	7	23	1	1	20	0.0294118	34	0.492308	FALSE	NA	NA	NA	NA	NA	NA
NC_045512.2	28832	T	C	29	6	26	3	2	25	0.0882353	34	0.113553	FALSE	NA	NA	NA	NA	NA	NA
NC_045512.2	28832	T	A	29	6	26	2	2	25	0.0588235	34	0.230655	FALSE	NA	NA	NA	NA	NA	NA
NC_045512.2	28833	C	T	31	7	26	2	2	26	0.0588235	34	0.246154	FALSE	NA	NA	NA	NA	NA	NA
NC_045512.2	28833	C	G	31	7	26	1	1	26	0.0294118	34	0.492308	FALSE	NA	NA	NA	NA	NA	NA
NC_045512.2	28834	A	T	30	6	26	1	1	26	0.0294118	34	0.484375	FALSE	NA	NA	NA	NA	NA	NA
NC_045512.2	28834	A	C	30	6	26	3	3	25	0.0882353	34	0.119231	FALSE	NA	NA	NA	NA	NA	NA
NC_045512.2	28835	T	C	30	6	26	2	2	25	0.0588235	34	0.238462	FALSE	NA	NA	NA	NA	NA	NA
NC_045512.2	28835	T	A	30	6	26	2	2	28	0.0588235	34	0.238462	FALSE	NA	NA	NA	NA	NA	NA
NC_045512.2	28836	C	T	30	6	26	2	2	26	0.0588235	34	0.238462	FALSE	NA	NA	NA	NA	NA	NA
NC_045512.2	28836	C	G	30	6	26	1	1	29	0.0294118	34	0.484375	FALSE	NA	NA	NA	NA	NA	NA
NC_045512.2	28836	C	A	30	6	26	1	1	25	0.0294118	34	0.484375	FALSE	NA	NA	NA	NA	NA	NA
NC_045512.2	28837	A	T	31	7	26	1	1	28	0.0294118	34	0.492308	FALSE	NA	NA	NA	NA	NA	NA
NC_045512.2	28837	A	G	31	7	26	1	1	28	0.0294118	34	0.492308	FALSE	NA	NA	NA	NA	NA	NA
NC_045512.2	28837	A	C	31	7	26	1	1	27	0.0294118	34	0.492308	FALSE	NA	NA	NA	NA	NA	NA
NC_045512.2	28838	C	G	32	8	27	1	1	25	0.0294118	34	0.5	FALSE	NA	NA	NA	NA	NA	NA
NC_045512.2	28838	C	A	32	8	27	1	1	27	0.0294118	34	0.5	FALSE	NA	NA	NA	NA	NA	NA
NC_045512.2	28839	G	T	29	7	26	3	1	25	0.0882353	34	0.113553	FALSE	NA	NA	NA	NA	NA	NA
NC_045512.2	28839	G	C	29	7	26	1	1	27	0.0294118	34	0.47619	FALSE	NA	NA	NA	NA	NA	NA
NC_045512.2	28839	G	A	29	7	26	1	1	29	0.0294118	34	0.47619	FALSE	NA	NA	NA	NA	NA	NA
NC_045512.2	28840	T	G	30	6	26	1	1	27	0.030303	33	0.492063	FALSE	NA	NA	NA	NA	NA	NA
NC_045512.2	28840	T	C	30	6	26	2	2	26	0.0606061	33	0.246032	FALSE	NA	NA	NA	NA	NA	NA
NC_045512.2	28841	A	T	31	7	26	1	1	27	0.0294118	34	0.492308	FALSE	NA	NA	NA	NA	NA	NA
NC_045512.2	28841	A	G	31	7	26	2	2	24	0.0588235	34	0.246154	FALSE	NA	NA	NA	NA	NA	NA
NC_045512.2	28842	G	T	31	7	27	1	1	26	0.0294118	34	0.492308	FALSE	NA	NA	NA	NA	NA	NA
NC_045512.2	28842	G	C	31	7	27	1	1	23	0.0294118	34	0.492308	FALSE	NA	NA	NA	NA	NA	NA
NC_045512.2	28842	G	A	31	7	27	1	1	27	0.0294118	34	0.492308	FALSE	NA	NA	NA	NA	NA	NA
NC_045512.2	28843	T	G	30	6	26	1	1	27	0.0294118	34	0.484375	FALSE	NA	NA	NA	NA	NA	NA
NC_045512.2	28843	T	C	30	6	26	1	1	28	0.0294118	34	0.484375	FALSE	NA	NA	NA	NA	NA	NA
NC_045512.2	28843	T	A	30	6	26	2	2	24	0.0588235	34	0.238462	FALSE	NA	NA	NA	NA	NA	NA
NC_045512.2	28844	C	T	30	6	26	1	1	27	0.0294118	34	0.484375	FALSE	NA	NA	NA	NA	NA	NA
NC_045512.2	28844	C	G	30	6	26	1	1	25	0.0294118	34	0.484375	FALSE	NA	NA	NA	NA	NA	NA
NC_045512.2	28844	C	A	30	6	26	2	2	27	0.0588235	34	0.238462	FALSE	NA	NA	NA	NA	NA	NA
NC_045512.2	28845	G	T	31	7	26	2	2	27	0.0588235	34	0.246154	FALSE	NA	NA	NA	NA	NA	NA
NC_045512.2	28845	G	C	31	7	26	1	1	27	0.0294118	34	0.492308	FALSE	NA	NA	NA	NA	NA	NA
NC_045512.2	28846	C	T	31	7	26	1	1	26	0.0294118	34	0.492308	FALSE	NA	NA	NA	NA	NA	NA
NC_045512.2	28846	C	G	31	7	26	2	2	27	0.0588235	34	0.246154	FALSE	NA	NA	NA	NA	NA	NA
NC_045512.2	28847	A	G	30	6	26	1	1	28	0.0294118	34	0.484375	FALSE	NA	NA	NA	NA	NA	NA
NC_045512.2	28847	A	C	30	6	26	3	3	26	0.0882353	34	0.119231	FALSE	NA	NA	NA	NA	NA	NA
NC_045512.2	28848	A	T	28	7	23	1	1	28	0.0322581	31	0.491525	FALSE	NA	NA	NA	NA	NA	NA
NC_045512.2	28848	A	G	28	7	23	1	1	27	0.0322581	31	0.491525	FALSE	NA	NA	NA	NA	NA	NA
NC_045512.2	28848	A	C	28	7	23	1	1	28	0.0322581	31	0.491525	FALSE	NA	NA	NA	NA	NA	NA
NC_045512.2	28849	C	G	30	6	26	1	1	28	0.0294118	34	0.484375	FALSE	NA	NA	NA	NA	NA	NA
NC_045512.2	28849	C	A	30	6	26	3	3	25	0.0882353	34	0.119231	FALSE	NA	NA	NA	NA	NA	NA
NC_045512.2	28850	A	G	31	7	26	1	1	26	0.0294118	34	0.492308	FALSE	NA	NA	NA	NA	NA	NA
NC_045512.2	28850	A	C	31	7	26	2	2	27	0.0588235	34	0.246154	FALSE	NA	NA	NA	NA	NA	NA
NC_045512.2	28851	G	C	30	6	26	2	2	25	0.0588235	34	0.238462	FALSE	NA	NA	NA	NA	NA	NA
NC_045512.2	28851	G	A	30	6	26	2	2	25	0.0588235	34	0.238462	FALSE	NA	NA	NA	NA	NA	NA
NC_045512.2	28852	T	G	30	6	26	1	1	27	0.0294118	34	0.484375	FALSE	NA	NA	NA	NA	NA	NA
NC_045512.2	28852	T	C	30	6	26	1	1	28	0.0294118	34	0.484375	FALSE	NA	NA	NA	NA	NA	NA
NC_045512.2	28852	T	A	30	6	26	2	2	26	0.0588235	34	0.238462	FALSE	NA	NA	NA	NA	NA	NA
NC_045512.2	28853	T	G	29	9	23	3	1	29	0.09375	32	0.124902	FALSE	NA	NA	NA	NA	NA	NA
NC_045512.2	28854	C	T	32	8	26	2	2	26	0.0588235	34	0.253731	FALSE	NA	NA	NA	NA	NA	NA
NC_045512.2	28855	A	T	30	6	26	2	2	25	0.0588235	34	0.238462	FALSE	NA	NA	NA	NA	NA	NA
NC_045512.2	28855	A	G	30	6	26	1	1	29	0.0294118	34	0.484375	FALSE	NA	NA	NA	NA	NA	NA
NC_045512.2	28855	A	C	30	6	26	1	1	28	0.0294118	34	0.484375	FALSE	NA	NA	NA	NA	NA	NA
NC_045512.2	28856	A	T	29	7	23	2	2	27	0.0625	32	0.245902	FALSE	NA	NA	NA	NA	NA	NA
NC_045512.2	28856	A	C	29	7	23	1	1	28	0.03125	32	0.491803	FALSE	NA	NA	NA	NA	NA	NA
NC_045512.2	28857	G	C	30	7	26	1	1	27	0.030303	33	0.492063	FALSE	NA	NA	NA	NA	NA	NA
NC_045512.2	28857	G	A	30	7	26	2	2	26	0.0606061	33	0.246032	FALSE	NA	NA	NA	NA	NA	NA
NC_045512.2	28858	A	T	25	6	26	1	1	27	0.0357143	28	0.490566	FALSE	NA	NA	NA	NA	NA	NA
NC_045512.2	28858	A	G	25	6	26	1	1	28	0.0357143	28	0.490566	FALSE	NA	NA	NA	NA	NA	NA
NC_045512.2	28858	A	C	25	6	26	1	1	27	0.0357143	28	0.490566	FALSE	NA	NA	NA	NA	NA	NA
NC_045512.2	28859	A	T	22	7	28	1	1	28	0.04	25	0.489362	FALSE	NA	NA	NA	NA	NA	NA
NC_045512.2	28859	A	G	22	7	28	1	1	27	0.04	25	0.489362	FALSE	NA	NA	NA	NA	NA	NA
NC_045512.2	28859	A	C	22	7	28	1	1	27	0.04	25	0.489362	FALSE	NA	NA	NA	NA	NA	NA
NC_045512.2	28860	A	G	19	9	24	1	1	25	0.05	20	0.512821	FALSE	NA	NA	NA	NA	NA	NA
NC_045512.2	28860	A	-T	19	9	24	1	0	20	0.05	20	0.512821	FALSE	NA	NA	NA	NA	NA	NA
NC_045512.2	28861	T	C	17	7	25	1	1	28	0.05	20	0.473684	FALSE	NA	NA	NA	NA	NA	NA
NC_045512.2	28861	T	A	17	7	25	2	2	27	0.1	20	0.230769	FALSE	NA	NA	NA	NA	NA	NA
NC_045512.2	28862	T	A	19	8	24	2	2	24	0.0952381	21	0.256098	FALSE	NA	NA	NA	NA	NA	NA
NC_045512.2	28863	C	T	18	7	26	2	2	24	0.0952381	21	0.24359	FALSE	NA	NA	NA	NA	NA	NA
NC_045512.2	28863	C	A	18	7	26	1	1	27	0.047619	21	0.487179	FALSE	NA	NA	NA	NA	NA	NA
NC_045512.2	28864	A	T	17	6	26	1	1	28	0.05	20	0.486486	FALSE	NA	NA	NA	NA	NA	NA
NC_045512.2	28864	A	C	17	6	26	2	2	27	0.1	20	0.243243	FALSE	NA	NA	NA	NA	NA	NA
NC_045512.2	28865	A	T	16	7	24	1	1	27	0.0555556	18	0.5	FALSE	NA	NA	NA	NA	NA	NA
NC_045512.2	28865	A	C	16	7	24	1	1	28	0.0555556	18	0.5	FALSE	NA	NA	NA	NA	NA	NA
NC_045512.2	28866	C	A	17	7	27	2	2	26	0.105263	19	0.256757	FALSE	NA	NA	NA	NA	NA	NA
NC_045512.2	28867	T	C	16	6	27	1	1	28	0.0526316	19	0.485714	FALSE	NA	NA	NA	NA	NA	NA
NC_045512.2	28867	T	A	16	6	27	2	2	28	0.105263	19	0.242857	FALSE	NA	NA	NA	NA	NA	NA
NC_045512.2	28868	C	T	17	7	26	2	2	28	0.105263	19	0.256757	FALSE	NA	NA	NA	NA	NA	NA
NC_045512.2	28869	C	T	18	8	24	1	1	28	0.0526316	19	0.513514	FALSE	NA	NA	NA	NA	NA	NA
NC_045512.2	28870	A	C	17	7	27	2	2	26	0.105263	19	0.256757	FALSE	NA	NA	NA	NA	NA	NA
NC_045512.2	28871	G	C	15	6	26	2	2	28	0.111111	18	0.242424	FALSE	NA	NA	NA	NA	NA	NA
NC_045512.2	28871	G	A	15	6	26	1	1	28	0.0555556	18	0.484848	FALSE	NA	NA	NA	NA	NA	NA
NC_045512.2	28872	G	A	17	8	25	1	1	29	0.0555556	18	0.514286	FALSE	NA	NA	NA	NA	NA	NA
NC_045512.2	28873	C	T	15	6	27	1	1	28	0.0555556	18	0.484848	FALSE	NA	NA	NA	NA	NA	NA
NC_045512.2	28873	C	G	15	6	27	2	2	27	0.111111	18	0.242424	FALSE	NA	NA	NA	NA	NA	NA
NC_045512.2	28874	A	G	16	7	26	1	1	27	0.0555556	18	0.5	FALSE	NA	NA	NA	NA	NA	NA
NC_045512.2	28874	A	C	16	7	26	1	1	28	0.0555556	18	0.5	FALSE	NA	NA	NA	NA	NA	NA
NC_045512.2	28875	G	C	16	7	26	1	1	28	0.0555556	18	0.5	FALSE	NA	NA	NA	NA	NA	NA
NC_045512.2	28875	G	A	16	7	26	1	1	29	0.0555556	18	0.5	FALSE	NA	NA	NA	NA	NA	NA
NC_045512.2	28876	C	T	15	6	26	1	1	28	0.0555556	18	0.484848	FALSE	NA	NA	NA	NA	NA	NA
NC_045512.2	28876	C	G	15	6	26	1	1	31	0.0555556	18	0.484848	FALSE	NA	NA	NA	NA	NA	NA
NC_045512.2	28876	C	A	15	6	26	1	1	27	0.0555556	18	0.484848	FALSE	NA	NA	NA	NA	NA	NA
NC_045512.2	28877	A	G	15	6	27	1	1	28	0.0555556	18	0.484848	FALSE	NA	NA	NA	NA	NA	NA
NC_045512.2	28877	A	C	15	6	27	2	2	28	0.111111	18	0.242424	FALSE	NA	NA	NA	NA	NA	NA
NC_045512.2	28878	G	C	16	7	26	1	1	28	0.0555556	18	0.5	FALSE	NA	NA	NA	NA	NA	NA
NC_045512.2	28878	G	A	16	7	26	1	1	27	0.0555556	18	0.5	FALSE	NA	NA	NA	NA	NA	NA
NC_045512.2	28879	T	G	14	6	27	1	1	27	0.0588235	17	0.483871	FALSE	NA	NA	NA	NA	NA	NA
NC_045512.2	28879	T	C	14	6	27	1	1	25	0.0588235	17	0.483871	FALSE	NA	NA	NA	NA	NA	NA
NC_045512.2	28879	T	A	14	6	27	1	1	28	0.0588235	17	0.483871	FALSE	NA	NA	NA	NA	NA	NA
NC_045512.2	28880	A	T	14	6	26	1	1	27	0.0625	16	0.5	FALSE	NA	NA	NA	NA	NA	NA
NC_045512.2	28880	A	G	14	6	26	1	1	28	0.0625	16	0.5	FALSE	NA	NA	NA	NA	NA	NA
NC_045512.2	28881	G	T	0	0	0	1	1	27	0.0588235	17	0.0588235	FALSE	NA	NA	NA	NA	NA	NA
NC_045512.2	28881	G	A	0	0	0	16	8	28	0.941176	17	1.66367e-09	TRUE	NA	NA	NA	NA	NA	NA
NC_045512.2	28882	G	C	0	0	0	1	1	27	0.0625	16	0.0625	FALSE	NA	NA	NA	NA	NA	NA
NC_045512.2	28882	G	A	0	0	0	15	8	24	0.9375	16	6.44673e-09	TRUE	NA	NA	NA	NA	NA	NA
NC_045512.2	28883	G	C	0	0	0	13	6	27	0.8125	16	2.67079e-08	TRUE	NA	NA	NA	NA	NA	NA
NC_045512.2	28883	G	A	0	0	0	3	3	27	0.1875	16	0.00122549	TRUE	NA	NA	NA	NA	NA	NA
NC_045512.2	28884	G	C	14	7	27	1	1	27	0.0625	16	0.5	FALSE	NA	NA	NA	NA	NA	NA
NC_045512.2	28884	G	A	14	7	27	1	1	28	0.0625	16	0.5	FALSE	NA	NA	NA	NA	NA	NA
NC_045512.2	28885	A	T	13	6	25	1	1	24	0.0588235	17	0.466667	FALSE	NA	NA	NA	NA	NA	NA
NC_045512.2	28885	A	G	13	6	25	2	2	27	0.117647	17	0.225806	FALSE	NA	NA	NA	NA	NA	NA
NC_045512.2	28885	A	C	13	6	25	1	1	28	0.0588235	17	0.466667	FALSE	NA	NA	NA	NA	NA	NA
NC_045512.2	28886	A	T	14	7	25	1	1	27	0.0588235	17	0.483871	FALSE	NA	NA	NA	NA	NA	NA
NC_045512.2	28886	A	G	14	7	25	1	1	28	0.0588235	17	0.483871	FALSE	NA	NA	NA	NA	NA	NA
NC_045512.2	28886	A	C	14	7	25	1	1	23	0.0588235	17	0.483871	FALSE	NA	NA	NA	NA	NA	NA
NC_045512.2	28887	C	A	15	8	27	2	2	26	0.117647	17	0.257576	FALSE	NA	NA	NA	NA	NA	NA
NC_045512.2	28888	T	C	13	6	25	1	1	28	0.0588235	17	0.466667	FALSE	NA	NA	NA	NA	NA	NA
NC_045512.2	28888	T	A	13	6	25	3	3	24	0.176471	17	0.112903	FALSE	NA	NA	NA	NA	NA	NA
NC_045512.2	28889	T	C	13	7	25	1	1	29	0.0625	16	0.482759	FALSE	NA	NA	NA	NA	NA	NA
NC_045512.2	28889	T	A	13	7	25	2	2	26	0.125	16	0.241379	FALSE	NA	NA	NA	NA	NA	NA
NC_045512.2	28890	C	T	13	6	27	2	2	26	0.117647	17	0.225806	FALSE	NA	NA	NA	NA	NA	NA
NC_045512.2	28890	C	G	13	6	27	1	1	25	0.0588235	17	0.466667	FALSE	NA	NA	NA	NA	NA	NA
NC_045512.2	28890	C	A	13	6	27	1	1	28	0.0588235	17	0.466667	FALSE	NA	NA	NA	NA	NA	NA
NC_045512.2	28891	T	C	14	7	28	1	1	28	0.0625	16	0.5	FALSE	NA	NA	NA	NA	NA	NA
NC_045512.2	28891	T	A	14	7	28	1	1	29	0.0625	16	0.5	FALSE	NA	NA	NA	NA	NA	NA
NC_045512.2	28892	C	T	14	7	27	1	1	28	0.0588235	17	0.483871	FALSE	NA	NA	NA	NA	NA	NA
NC_045512.2	28892	C	G	14	7	27	1	1	23	0.0588235	17	0.483871	FALSE	NA	NA	NA	NA	NA	NA
NC_045512.2	28892	C	A	14	7	27	1	1	27	0.0588235	17	0.483871	FALSE	NA	NA	NA	NA	NA	NA
NC_045512.2	28893	C	T	14	7	26	1	1	28	0.0588235	17	0.483871	FALSE	NA	NA	NA	NA	NA	NA
NC_045512.2	28893	C	G	14	7	26	1	1	29	0.0588235	17	0.483871	FALSE	NA	NA	NA	NA	NA	NA
NC_045512.2	28893	C	A	14	7	26	1	1	25	0.0588235	17	0.483871	FALSE	NA	NA	NA	NA	NA	NA
NC_045512.2	28894	T	C	14	7	27	3	3	28	0.176471	17	0.124633	FALSE	NA	NA	NA	NA	NA	NA
NC_045512.2	28895	G	T	13	6	28	3	3	25	0.176471	17	0.112903	FALSE	NA	NA	NA	NA	NA	NA
NC_045512.2	28895	G	C	13	6	28	1	1	31	0.0588235	17	0.466667	FALSE	NA	NA	NA	NA	NA	NA
NC_045512.2	28896	C	T	14	7	28	2	2	29	0.111111	18	0.227273	FALSE	NA	NA	NA	NA	NA	NA
NC_045512.2	28896	C	G	14	7	28	2	2	29	0.111111	18	0.227273	FALSE	NA	NA	NA	NA	NA	NA
NC_045512.2	28897	T	G	13	6	28	1	1	28	0.0555556	18	0.451613	FALSE	NA	NA	NA	NA	NA	NA
NC_045512.2	28897	T	C	13	6	28	3	3	27	0.166667	18	0.102639	FALSE	NA	NA	NA	NA	NA	NA
NC_045512.2	28897	T	A	13	6	28	1	1	24	0.0555556	18	0.451613	FALSE	NA	NA	NA	NA	NA	NA
NC_045512.2	28898	A	T	14	7	27	2	2	29	0.111111	18	0.227273	FALSE	NA	NA	NA	NA	NA	NA
NC_045512.2	28898	A	C	14	7	27	2	2	27	0.111111	18	0.227273	FALSE	NA	NA	NA	NA	NA	NA
NC_045512.2	28898	A	-G	14	7	27	1	0	20	0.0555556	18	0.46875	FALSE	NA	NA	NA	NA	NA	NA
NC_045512.2	28899	G	T	13	6	27	1	1	28	0.0588235	17	0.451613	FALSE	NA	NA	NA	NA	NA	NA
NC_045512.2	28899	G	C	13	6	27	1	1	28	0.0588235	17	0.451613	FALSE	NA	NA	NA	NA	NA	NA
NC_045512.2	28899	G	A	13	6	27	2	2	29	0.117647	17	0.211694	FALSE	NA	NA	NA	NA	NA	NA
NC_045512.2	28900	A	T	15	8	25	1	1	28	0.0555556	18	0.484848	FALSE	NA	NA	NA	NA	NA	NA
NC_045512.2	28900	A	G	15	8	25	1	1	27	0.0555556	18	0.484848	FALSE	NA	NA	NA	NA	NA	NA
NC_045512.2	28900	A	C	15	8	25	1	1	29	0.0555556	18	0.484848	FALSE	NA	NA	NA	NA	NA	NA
NC_045512.2	28901	A	G	13	8	25	2	2	26	0.125	16	0.241379	FALSE	NA	NA	NA	NA	NA	NA
NC_045512.2	28901	A	C	13	8	25	1	1	24	0.0625	16	0.482759	FALSE	NA	NA	NA	NA	NA	NA
NC_045512.2	28902	T	C	11	6	27	2	2	28	0.125	16	0.206349	FALSE	NA	NA	NA	NA	NA	NA
NC_045512.2	28902	T	A	11	6	27	3	3	24	0.1875	16	0.0996169	FALSE	NA	NA	NA	NA	NA	NA
NC_045512.2	28903	G	T	12	7	25	1	1	27	0.0625	16	0.464286	FALSE	NA	NA	NA	NA	NA	NA
NC_045512.2	28903	G	A	12	7	25	3	3	26	0.1875	16	0.112069	FALSE	NA	NA	NA	NA	NA	NA
NC_045512.2	28904	G	T	15	10	26	1	1	23	0.0625	16	0.516129	FALSE	NA	NA	NA	NA	NA	NA
NC_045512.2	28905	C	G	12	7	28	3	3	26	0.2	15	0.124521	FALSE	NA	NA	NA	NA	NA	NA
NC_045512.2	28906	T	G	12	7	27	1	1	29	0.0625	16	0.464286	FALSE	NA	NA	NA	NA	NA	NA
NC_045512.2	28906	T	C	12	7	27	2	2	27	0.125	16	0.224138	FALSE	NA	NA	NA	NA	NA	NA
NC_045512.2	28906	T	A	12	7	27	1	1	25	0.0625	16	0.464286	FALSE	NA	NA	NA	NA	NA	NA
NC_045512.2	28907	G	T	11	6	25	2	2	26	0.133333	15	0.222222	FALSE	NA	NA	NA	NA	NA	NA
NC_045512.2	28907	G	C	11	6	25	1	1	29	0.0666667	15	0.461538	FALSE	NA	NA	NA	NA	NA	NA
NC_045512.2	28907	G	A	11	6	25	1	1	27	0.0666667	15	0.461538	FALSE	NA	NA	NA	NA	NA	NA
NC_045512.2	28908	G	T	13	9	26	1	1	28	0.0666667	15	0.5	FALSE	NA	NA	NA	NA	NA	NA
NC_045512.2	28908	G	C	13	9	26	1	1	27	0.0666667	15	0.5	FALSE	NA	NA	NA	NA	NA	NA
NC_045512.2	28909	C	T	12	7	26	1	1	28	0.0625	16	0.464286	FALSE	NA	NA	NA	NA	NA	NA
NC_045512.2	28909	C	G	12	7	26	3	3	27	0.1875	16	0.112069	FALSE	NA	NA	NA	NA	NA	NA
NC_045512.2	28910	A	G	14	9	25	1	1	28	0.0625	16	0.5	FALSE	NA	NA	NA	NA	NA	NA
NC_045512.2	28910	A	C	14	9	25	1	1	28	0.0625	16	0.5	FALSE	NA	NA	NA	NA	NA	NA
NC_045512.2	28911	A	G	11	7	26	2	2	26	0.133333	15	0.222222	FALSE	NA	NA	NA	NA	NA	NA
NC_045512.2	28911	A	C	11	7	26	2	2	28	0.133333	15	0.222222	FALSE	NA	NA	NA	NA	NA	NA
NC_045512.2	28912	T	G	12	7	27	2	2	28	0.117647	17	0.209195	FALSE	NA	NA	NA	NA	NA	NA
NC_045512.2	28912	T	C	12	7	27	1	1	25	0.0588235	17	0.448276	FALSE	NA	NA	NA	NA	NA	NA
NC_045512.2	28912	T	A	12	7	27	2	2	26	0.117647	17	0.209195	FALSE	NA	NA	NA	NA	NA	NA
NC_045512.2	28913	G	T	11	6	25	1	1	30	0.0588235	17	0.428571	FALSE	NA	NA	NA	NA	NA	NA
NC_045512.2	28913	G	C	11	6	25	2	2	25	0.117647	17	0.192118	FALSE	NA	NA	NA	NA	NA	NA
NC_045512.2	28913	G	A	11	6	25	3	3	24	0.176471	17	0.0896552	FALSE	NA	NA	NA	NA	NA	NA
NC_045512.2	28914	G	T	13	8	25	1	1	28	0.0588235	17	0.466667	FALSE	NA	NA	NA	NA	NA	NA
NC_045512.2	28914	G	C	13	8	25	1	1	26	0.0588235	17	0.466667	FALSE	NA	NA	NA	NA	NA	NA
NC_045512.2	28914	G	A	13	8	25	2	2	27	0.117647	17	0.225806	FALSE	NA	NA	NA	NA	NA	NA
NC_045512.2	28915	C	G	11	6	26	3	3	26	0.1875	16	0.0996169	FALSE	NA	NA	NA	NA	NA	NA
NC_045512.2	28915	C	A	11	6	26	2	2	25	0.125	16	0.206349	FALSE	NA	NA	NA	NA	NA	NA
NC_045512.2	28916	G	C	13	8	24	2	2	28	0.117647	17	0.225806	FALSE	NA	NA	NA	NA	NA	NA
NC_045512.2	28916	G	A	13	8	24	2	2	23	0.117647	17	0.225806	FALSE	NA	NA	NA	NA	NA	NA
NC_045512.2	28917	G	C	13	9	25	2	2	25	0.117647	17	0.225806	FALSE	NA	NA	NA	NA	NA	NA
NC_045512.2	28917	G	A	13	9	25	2	2	23	0.117647	17	0.225806	FALSE	NA	NA	NA	NA	NA	NA
NC_045512.2	28918	T	G	11	6	26	2	2	25	0.117647	17	0.192118	FALSE	NA	NA	NA	NA	NA	NA
NC_045512.2	28918	T	C	11	6	26	2	2	26	0.117647	17	0.192118	FALSE	NA	NA	NA	NA	NA	NA
NC_045512.2	28918	T	A	11	6	26	2	2	24	0.117647	17	0.192118	FALSE	NA	NA	NA	NA	NA	NA
NC_045512.2	28919	G	T	14	9	26	1	1	27	0.0625	16	0.5	FALSE	NA	NA	NA	NA	NA	NA
NC_045512.2	28919	G	A	14	9	26	1	1	28	0.0625	16	0.5	FALSE	NA	NA	NA	NA	NA	NA
NC_045512.2	28920	A	T	12	7	26	1	1	23	0.0555556	18	0.433333	FALSE	NA	NA	NA	NA	NA	NA
NC_045512.2	28920	A	G	12	7	26	4	4	25	0.222222	18	0.044477	FALSE	NA	NA	NA	NA	NA	NA
NC_045512.2	28920	A	C	12	7	26	1	1	28	0.0555556	18	0.433333	FALSE	NA	NA	NA	NA	NA	NA
NC_045512.2	28921	T	G	12	7	26	1	1	23	0.0555556	18	0.433333	FALSE	NA	NA	NA	NA	NA	NA
NC_045512.2	28921	T	C	12	7	26	2	2	26	0.111111	18	0.195699	FALSE	NA	NA	NA	NA	NA	NA
NC_045512.2	28921	T	A	12	7	26	3	3	24	0.166667	18	0.0917339	FALSE	NA	NA	NA	NA	NA	NA
NC_045512.2	28922	G	T	12	7	26	2	2	29	0.117647	17	0.209195	FALSE	NA	NA	NA	NA	NA	NA
NC_045512.2	28922	G	A	12	7	26	3	3	26	0.176471	17	0.101224	FALSE	NA	NA	NA	NA	NA	NA
NC_045512.2	28923	C	T	13	8	27	2	2	26	0.117647	17	0.225806	FALSE	NA	NA	NA	NA	NA	NA
NC_045512.2	28923	C	G	13	8	27	2	2	28	0.117647	17	0.225806	FALSE	NA	NA	NA	NA	NA	NA
NC_045512.2	28924	T	G	13	8	27	2	2	26	0.111111	18	0.211694	FALSE	NA	NA	NA	NA	NA	NA
NC_045512.2	28924	T	C	13	8	27	2	2	26	0.111111	18	0.211694	FALSE	NA	NA	NA	NA	NA	NA
NC_045512.2	28924	T	A	13	8	27	1	1	26	0.0555556	18	0.451613	FALSE	NA	NA	NA	NA	NA	NA
NC_045512.2	28925	G	T	12	7	26	2	2	27	0.111111	18	0.195699	FALSE	NA	NA	NA	NA	NA	NA
NC_045512.2	28925	G	C	12	7	26	4	4	26	0.222222	18	0.044477	FALSE	NA	NA	NA	NA	NA	NA
NC_045512.2	28926	C	T	12	7	27	2	2	25	0.117647	17	0.209195	FALSE	NA	NA	NA	NA	NA	NA
NC_045512.2	28926	C	G	12	7	27	1	1	32	0.0588235	17	0.448276	FALSE	NA	NA	NA	NA	NA	NA
NC_045512.2	28926	C	A	12	7	27	2	2	27	0.117647	17	0.209195	FALSE	NA	NA	NA	NA	NA	NA
NC_045512.2	28927	T	G	12	8	28	2	2	24	0.117647	17	0.209195	FALSE	NA	NA	NA	NA	NA	NA
NC_045512.2	28927	T	C	12	8	28	2	2	27	0.117647	17	0.209195	FALSE	NA	NA	NA	NA	NA	NA
NC_045512.2	28927	T	A	12	8	28	1	1	25	0.0588235	17	0.448276	FALSE	NA	NA	NA	NA	NA	NA
NC_045512.2	28928	C	T	12	8	27	1	1	30	0.0588235	17	0.448276	FALSE	NA	NA	NA	NA	NA	NA
NC_045512.2	28928	C	G	12	8	27	4	4	27	0.235294	17	0.0506118	FALSE	NA	NA	NA	NA	NA	NA
NC_045512.2	28929	T	C	12	8	25	5	5	26	0.294118	17	0.0260727	FALSE	NA	NA	NA	NA	NA	NA
NC_045512.2	28930	T	G	11	8	26	1	1	21	0.0625	16	0.444444	FALSE	NA	NA	NA	NA	NA	NA
NC_045512.2	28930	T	C	11	8	26	2	2	26	0.125	16	0.206349	FALSE	NA	NA	NA	NA	NA	NA
NC_045512.2	28930	T	A	11	8	26	2	2	25	0.125	16	0.206349	FALSE	NA	NA	NA	NA	NA	NA
NC_045512.2	28931	G	T	11	8	27	3	3	25	0.1875	16	0.0996169	FALSE	NA	NA	NA	NA	NA	NA
NC_045512.2	28931	G	C	11	8	27	1	1	28	0.0625	16	0.444444	FALSE	NA	NA	NA	NA	NA	NA
NC_045512.2	28931	G	A	11	8	27	1	1	28	0.0625	16	0.444444	FALSE	NA	NA	NA	NA	NA	NA
NC_045512.2	28932	C	T	10	8	27	1	1	27	0.0714286	14	0.458333	FALSE	NA	NA	NA	NA	NA	NA
NC_045512.2	28932	C	G	10	8	27	3	3	28	0.214286	14	0.11	FALSE	NA	NA	NA	NA	NA	NA
NC_045512.2	28933	T	G	8	6	23	1	1	27	0.0714286	14	0.409091	FALSE	NA	NA	NA	NA	NA	NA
NC_045512.2	28933	T	C	8	6	23	2	2	27	0.142857	14	0.177866	FALSE	NA	NA	NA	NA	NA	NA
NC_045512.2	28933	T	A	8	6	23	3	3	26	0.214286	14	0.0815217	FALSE	NA	NA	NA	NA	NA	NA
NC_045512.2	28934	T	G	10	8	27	2	2	23	0.133333	15	0.203077	FALSE	NA	NA	NA	NA	NA	NA
NC_045512.2	28934	T	C	10	8	27	1	1	27	0.0666667	15	0.44	FALSE	NA	NA	NA	NA	NA	NA
NC_045512.2	28934	T	A	10	8	27	2	2	26	0.133333	15	0.203077	FALSE	NA	NA	NA	NA	NA	NA
NC_045512.2	28935	T	G	11	10	27	2	2	25	0.142857	14	0.24	FALSE	NA	NA	NA	NA	NA	NA
NC_045512.2	28935	T	C	11	10	27	1	1	22	0.0714286	14	0.48	FALSE	NA	NA	NA	NA	NA	NA
NC_045512.2	28936	G	T	10	8	27	3	3	26	0.214286	14	0.11	FALSE	NA	NA	NA	NA	NA	NA
NC_045512.2	28936	G	C	10	8	27	1	1	28	0.0714286	14	0.458333	FALSE	NA	NA	NA	NA	NA	NA
NC_045512.2	28937	C	T	9	7	27	1	1	26	0.0666667	15	0.416667	FALSE	NA	NA	NA	NA	NA	NA
NC_045512.2	28937	C	G	9	7	27	2	2	29	0.133333	15	0.183333	FALSE	NA	NA	NA	NA	NA	NA
NC_045512.2	28937	C	A	9	7	27	3	3	25	0.2	15	0.0846154	FALSE	NA	NA	NA	NA	NA	NA
NC_045512.2	28938	T	G	8	6	28	4	4	24	0.266667	15	0.0331104	FALSE	NA	NA	NA	NA	NA	NA
NC_045512.2	28938	T	C	8	6	28	2	2	28	0.133333	15	0.163043	FALSE	NA	NA	NA	NA	NA	NA
NC_045512.2	28938	T	A	8	6	28	1	1	24	0.0666667	15	0.391304	FALSE	NA	NA	NA	NA	NA	NA
NC_045512.2	28939	G	T	10	8	27	2	2	28	0.142857	14	0.22	FALSE	NA	NA	NA	NA	NA	NA
NC_045512.2	28939	G	C	10	8	27	2	2	27	0.142857	14	0.22	FALSE	NA	NA	NA	NA	NA	NA
NC_045512.2	28940	C	T	8	6	27	2	2	26	0.142857	14	0.177866	FALSE	NA	NA	NA	NA	NA	NA
NC_045512.2	28940	C	G	8	6	27	3	3	27	0.214286	14	0.0815217	FALSE	NA	NA	NA	NA	NA	NA
NC_045512.2	28940	C	A	8	6	27	1	1	27	0.0714286	14	0.409091	FALSE	NA	NA	NA	NA	NA	NA
NC_045512.2	28941	T	G	8	6	27	3	3	28	0.214286	14	0.0815217	FALSE	NA	NA	NA	NA	NA	NA
NC_045512.2	28941	T	C	8	6	27	2	2	26	0.142857	14	0.177866	FALSE	NA	NA	NA	NA	NA	NA
NC_045512.2	28941	T	A	8	6	27	1	1	28	0.0714286	14	0.409091	FALSE	NA	NA	NA	NA	NA	NA
NC_045512.2	28942	G	T	9	7	25	2	2	26	0.133333	15	0.183333	FALSE	NA	NA	NA	NA	NA	NA
NC_045512.2	28942	G	C	9	7	25	3	3	28	0.2	15	0.0846154	FALSE	NA	NA	NA	NA	NA	NA
NC_045512.2	28942	G	A	9	7	25	1	1	23	0.0666667	15	0.416667	FALSE	NA	NA	NA	NA	NA	NA
NC_045512.2	28943	C	T	10	8	25	2	2	27	0.142857	14	0.22	FALSE	NA	NA	NA	NA	NA	NA
NC_045512.2	28943	C	G	10	8	25	1	1	23	0.0714286	14	0.458333	FALSE	NA	NA	NA	NA	NA	NA
NC_045512.2	28943	C	A	10	8	25	1	1	24	0.0714286	14	0.458333	FALSE	NA	NA	NA	NA	NA	NA
NC_045512.2	28944	T	G	6	4	24	2	2	23	0.166667	12	0.163743	FALSE	NA	NA	NA	NA	NA	NA
NC_045512.2	28944	T	C	6	4	24	2	2	25	0.166667	12	0.163743	FALSE	NA	NA	NA	NA	NA	NA
NC_045512.2	28944	T	A	6	4	24	2	2	28	0.166667	12	0.163743	FALSE	NA	NA	NA	NA	NA	NA
NC_045512.2	28945	T	G	11	9	26	1	1	28	0.0666667	15	0.461538	FALSE	NA	NA	NA	NA	NA	NA
NC_045512.2	28945	T	C	11	9	26	2	2	23	0.133333	15	0.222222	FALSE	NA	NA	NA	NA	NA	NA
NC_045512.2	28945	T	A	11	9	26	1	1	28	0.0666667	15	0.461538	FALSE	NA	NA	NA	NA	NA	NA
NC_045512.2	28946	G	T	9	7	27	2	2	27	0.153846	13	0.217391	FALSE	NA	NA	NA	NA	NA	NA
NC_045512.2	28946	G	C	9	7	27	1	1	25	0.0769231	13	0.454545	FALSE	NA	NA	NA	NA	NA	NA
NC_045512.2	28946	G	A	9	7	27	1	1	28	0.0769231	13	0.454545	FALSE	NA	NA	NA	NA	NA	NA
NC_045512.2	28947	A	T	8	6	27	2	2	27	0.133333	15	0.163043	FALSE	NA	NA	NA	NA	NA	NA
NC_045512.2	28947	A	G	8	6	27	4	4	27	0.266667	15	0.0331104	FALSE	NA	NA	NA	NA	NA	NA
NC_045512.2	28947	A	C	8	6	27	1	1	29	0.0666667	15	0.391304	FALSE	NA	NA	NA	NA	NA	NA
NC_045512.2	28948	C	G	11	9	27	2	2	28	0.133333	15	0.222222	FALSE	NA	NA	NA	NA	NA	NA
NC_045512.2	28948	C	A	11	9	27	2	2	27	0.133333	15	0.222222	FALSE	NA	NA	NA	NA	NA	NA
NC_045512.2	28949	A	G	9	8	28	2	2	25	0.142857	14	0.199275	FALSE	NA	NA	NA	NA	NA	NA
NC_045512.2	28949	A	C	9	8	28	3	3	28	0.214286	14	0.0956522	FALSE	NA	NA	NA	NA	NA	NA
NC_045512.2	28950	G	T	11	10	27	1	1	22	0.0714286	14	0.48	FALSE	NA	NA	NA	NA	NA	NA
NC_045512.2	28950	G	C	11	10	27	1	1	27	0.0714286	14	0.48	FALSE	NA	NA	NA	NA	NA	NA
NC_045512.2	28950	G	A	11	10	27	1	1	27	0.0714286	14	0.48	FALSE	NA	NA	NA	NA	NA	NA
NC_045512.2	28951	A	T	8	7	27	4	4	28	0.285714	14	0.0391304	FALSE	NA	NA	NA	NA	NA	NA
NC_045512.2	28951	A	G	8	7	27	2	2	27	0.142857	14	0.177866	FALSE	NA	NA	NA	NA	NA	NA
NC_045512.2	28952	T	G	6	6	23	3	3	29	0.214286	14	0.0545455	FALSE	NA	NA	NA	NA	NA	NA
NC_045512.2	28952	T	C	6	6	23	3	3	25	0.214286	14	0.0545455	FALSE	NA	NA	NA	NA	NA	NA
NC_045512.2	28952	T	A	6	6	23	2	2	28	0.142857	14	0.133333	FALSE	NA	NA	NA	NA	NA	NA
NC_045512.2	28953	T	G	7	7	27	1	1	29	0.0714286	14	0.380952	FALSE	NA	NA	NA	NA	NA	NA
NC_045512.2	28953	T	C	7	7	27	2	2	24	0.142857	14	0.155844	FALSE	NA	NA	NA	NA	NA	NA
NC_045512.2	28953	T	A	7	7	27	4	4	26	0.285714	14	0.0310559	FALSE	NA	NA	NA	NA	NA	NA
NC_045512.2	28954	G	T	7	7	27	5	5	26	0.357143	14	0.0149068	FALSE	NA	NA	NA	NA	NA	NA
NC_045512.2	28954	G	C	7	7	27	1	1	27	0.0714286	14	0.380952	FALSE	NA	NA	NA	NA	NA	NA
NC_045512.2	28954	G	A	7	7	27	1	1	28	0.0714286	14	0.380952	FALSE	NA	NA	NA	NA	NA	NA
NC_045512.2	28955	A	T	6	6	23	2	2	28	0.153846	13	0.147368	FALSE	NA	NA	NA	NA	NA	NA
NC_045512.2	28955	A	G	6	6	23	3	3	26	0.230769	13	0.0631579	FALSE	NA	NA	NA	NA	NA	NA
NC_045512.2	28955	A	C	6	6	23	2	2	26	0.153846	13	0.147368	FALSE	NA	NA	NA	NA	NA	NA
NC_045512.2	28956	A	G	10	10	25	1	1	28	0.0714286	14	0.458333	FALSE	NA	NA	NA	NA	NA	NA
NC_045512.2	28956	A	C	10	10	25	3	3	26	0.214286	14	0.11	FALSE	NA	NA	NA	NA	NA	NA
NC_045512.2	28957	C	T	6	6	25	2	2	26	0.166667	12	0.163743	FALSE	NA	NA	NA	NA	NA	NA
NC_045512.2	28957	C	A	6	6	25	4	4	24	0.333333	12	0.0350877	FALSE	NA	NA	NA	NA	NA	NA
NC_045512.2	28958	C	T	8	8	26	1	1	28	0.0714286	14	0.409091	FALSE	NA	NA	NA	NA	NA	NA
NC_045512.2	28958	C	G	8	8	26	1	1	28	0.0714286	14	0.409091	FALSE	NA	NA	NA	NA	NA	NA
NC_045512.2	28958	C	A	8	8	26	4	4	25	0.285714	14	0.0391304	FALSE	NA	NA	NA	NA	NA	NA
NC_045512.2	28959	A	G	8	8	27	1	1	29	0.0769231	13	0.428571	FALSE	NA	NA	NA	NA	NA	NA
NC_045512.2	28959	A	C	8	8	27	4	4	26	0.307692	13	0.0465839	FALSE	NA	NA	NA	NA	NA	NA
NC_045512.2	28960	G	T	7	7	26	2	2	25	0.142857	14	0.155844	FALSE	NA	NA	NA	NA	NA	NA
NC_045512.2	28960	G	C	7	7	26	4	4	27	0.285714	14	0.0310559	FALSE	NA	NA	NA	NA	NA	NA
NC_045512.2	28960	G	A	7	7	26	1	1	28	0.0714286	14	0.380952	FALSE	NA	NA	NA	NA	NA	NA
NC_045512.2	28961	C	T	9	9	25	1	1	27	0.0714286	14	0.434783	FALSE	NA	NA	NA	NA	NA	NA
NC_045512.2	28961	C	G	9	9	25	2	2	29	0.142857	14	0.199275	FALSE	NA	NA	NA	NA	NA	NA
NC_045512.2	28961	C	A	9	9	25	2	2	28	0.142857	14	0.199275	FALSE	NA	NA	NA	NA	NA	NA
NC_045512.2	28962	T	G	7	7	24	2	2	28	0.166667	12	0.189474	FALSE	NA	NA	NA	NA	NA	NA
NC_045512.2	28962	T	C	7	7	24	3	3	26	0.25	12	0.0902256	FALSE	NA	NA	NA	NA	NA	NA
NC_045512.2	28963	T	C	11	11	27	2	2	25	0.142857	14	0.24	FALSE	NA	NA	NA	NA	NA	NA
NC_045512.2	28963	T	A	11	11	27	1	1	29	0.0714286	14	0.48	FALSE	NA	NA	NA	NA	NA	NA
NC_045512.2	28964	G	T	8	8	28	3	3	25	0.230769	13	0.0931677	FALSE	NA	NA	NA	NA	NA	NA
NC_045512.2	28964	G	C	8	8	28	2	2	26	0.153846	13	0.194805	FALSE	NA	NA	NA	NA	NA	NA
NC_045512.2	28965	A	T	6	6	29	4	4	26	0.285714	14	0.0237154	FALSE	NA	NA	NA	NA	NA	NA
NC_045512.2	28965	A	G	6	6	29	2	2	28	0.142857	14	0.133333	FALSE	NA	NA	NA	NA	NA	NA
NC_045512.2	28965	A	C	6	6	29	2	2	28	0.142857	14	0.133333	FALSE	NA	NA	NA	NA	NA	NA
NC_045512.2	28966	G	T	7	7	25	2	2	24	0.142857	14	0.155844	FALSE	NA	NA	NA	NA	NA	NA
NC_045512.2	28966	G	C	7	7	25	2	2	25	0.142857	14	0.155844	FALSE	NA	NA	NA	NA	NA	NA
NC_045512.2	28966	G	A	7	7	25	3	3	25	0.214286	14	0.0677583	FALSE	NA	NA	NA	NA	NA	NA
NC_045512.2	28967	A	T	8	8	26	3	3	28	0.214286	14	0.0815217	FALSE	NA	NA	NA	NA	NA	NA
NC_045512.2	28967	A	G	8	8	26	2	2	27	0.142857	14	0.177866	FALSE	NA	NA	NA	NA	NA	NA
NC_045512.2	28967	A	C	8	8	26	1	1	27	0.0714286	14	0.409091	FALSE	NA	NA	NA	NA	NA	NA
NC_045512.2	28968	G	T	9	9	26	1	1	28	0.0714286	14	0.434783	FALSE	NA	NA	NA	NA	NA	NA
NC_045512.2	28968	G	C	9	9	26	3	3	25	0.214286	14	0.0956522	FALSE	NA	NA	NA	NA	NA	NA
NC_045512.2	28968	G	A	9	9	26	1	1	28	0.0714286	14	0.434783	FALSE	NA	NA	NA	NA	NA	NA
NC_045512.2	28969	C	G	8	8	27	3	3	27	0.214286	14	0.0815217	FALSE	NA	NA	NA	NA	NA	NA
NC_045512.2	28969	C	A	8	8	27	3	3	23	0.214286	14	0.0815217	FALSE	NA	NA	NA	NA	NA	NA
NC_045512.2	28970	A	T	8	8	23	1	1	29	0.0769231	13	0.428571	FALSE	NA	NA	NA	NA	NA	NA
NC_045512.2	28970	A	G	8	8	23	1	1	28	0.0769231	13	0.428571	FALSE	NA	NA	NA	NA	NA	NA
NC_045512.2	28970	A	C	8	8	23	3	3	27	0.230769	13	0.0931677	FALSE	NA	NA	NA	NA	NA	NA
NC_045512.2	28971	A	T	8	8	28	2	2	28	0.142857	14	0.177866	FALSE	NA	NA	NA	NA	NA	NA
NC_045512.2	28971	A	G	8	8	28	1	1	28	0.0714286	14	0.409091	FALSE	NA	NA	NA	NA	NA	NA
NC_045512.2	28971	A	C	8	8	28	3	3	28	0.214286	14	0.0815217	FALSE	NA	NA	NA	NA	NA	NA
NC_045512.2	28972	A	T	11	11	27	1	1	22	0.0714286	14	0.48	FALSE	NA	NA	NA	NA	NA	NA
NC_045512.2	28972	A	G	11	11	27	1	1	28	0.0714286	14	0.48	FALSE	NA	NA	NA	NA	NA	NA
NC_045512.2	28972	A	C	11	11	27	1	1	21	0.0714286	14	0.48	FALSE	NA	NA	NA	NA	NA	NA
NC_045512.2	28973	A	T	8	8	29	2	2	27	0.142857	14	0.177866	FALSE	NA	NA	NA	NA	NA	NA
NC_045512.2	28973	A	G	8	8	29	2	2	27	0.142857	14	0.177866	FALSE	NA	NA	NA	NA	NA	NA
NC_045512.2	28973	A	C	8	8	29	2	2	27	0.142857	14	0.177866	FALSE	NA	NA	NA	NA	NA	NA
NC_045512.2	28974	T	C	9	9	27	2	2	28	0.153846	13	0.217391	FALSE	NA	NA	NA	NA	NA	NA
NC_045512.2	28974	T	A	9	9	27	2	2	27	0.153846	13	0.217391	FALSE	NA	NA	NA	NA	NA	NA
NC_045512.2	28975	G	T	8	8	27	2	2	25	0.142857	14	0.177866	FALSE	NA	NA	NA	NA	NA	NA
NC_045512.2	28975	G	C	8	8	27	1	1	23	0.0714286	14	0.409091	FALSE	NA	NA	NA	NA	NA	NA
NC_045512.2	28975	G	A	8	8	27	3	3	26	0.214286	14	0.0815217	FALSE	NA	NA	NA	NA	NA	NA
NC_045512.2	28976	T	G	7	7	28	2	2	27	0.142857	14	0.155844	FALSE	NA	NA	NA	NA	NA	NA
NC_045512.2	28976	T	C	7	7	28	3	3	26	0.214286	14	0.0677583	FALSE	NA	NA	NA	NA	NA	NA
NC_045512.2	28976	T	A	7	7	28	2	2	25	0.142857	14	0.155844	FALSE	NA	NA	NA	NA	NA	NA
NC_045512.2	28977	C	T	7	7	27	3	3	25	0.214286	14	0.0677583	FALSE	NA	NA	NA	NA	NA	NA
NC_045512.2	28977	C	G	7	7	27	2	2	28	0.142857	14	0.155844	FALSE	NA	NA	NA	NA	NA	NA
NC_045512.2	28977	C	A	7	7	27	2	2	24	0.142857	14	0.155844	FALSE	NA	NA	NA	NA	NA	NA
NC_045512.2	28978	T	G	10	10	28	1	1	28	0.0714286	14	0.458333	FALSE	NA	NA	NA	NA	NA	NA
NC_045512.2	28978	T	C	10	10	28	2	2	27	0.142857	14	0.22	FALSE	NA	NA	NA	NA	NA	NA
NC_045512.2	28978	T	A	10	10	28	1	1	29	0.0714286	14	0.458333	FALSE	NA	NA	NA	NA	NA	NA
NC_045512.2	28979	G	C	9	9	24	3	3	26	0.214286	14	0.0956522	FALSE	NA	NA	NA	NA	NA	NA
NC_045512.2	28979	G	A	9	9	24	2	2	27	0.142857	14	0.199275	FALSE	NA	NA	NA	NA	NA	NA
NC_045512.2	28980	G	T	8	8	27	1	1	28	0.0714286	14	0.409091	FALSE	NA	NA	NA	NA	NA	NA
NC_045512.2	28980	G	C	8	8	27	2	2	26	0.142857	14	0.177866	FALSE	NA	NA	NA	NA	NA	NA
NC_045512.2	28980	G	A	8	8	27	3	3	24	0.214286	14	0.0815217	FALSE	NA	NA	NA	NA	NA	NA
NC_045512.2	28981	T	G	7	7	27	4	4	25	0.285714	14	0.0310559	FALSE	NA	NA	NA	NA	NA	NA
NC_045512.2	28981	T	C	7	7	27	1	1	27	0.0714286	14	0.380952	FALSE	NA	NA	NA	NA	NA	NA
NC_045512.2	28981	T	A	7	7	27	2	2	26	0.142857	14	0.155844	FALSE	NA	NA	NA	NA	NA	NA
NC_045512.2	28982	A	T	9	9	24	2	2	27	0.142857	14	0.199275	FALSE	NA	NA	NA	NA	NA	NA
NC_045512.2	28982	A	G	9	9	24	2	2	24	0.142857	14	0.199275	FALSE	NA	NA	NA	NA	NA	NA
NC_045512.2	28982	A	C	9	9	24	1	1	26	0.0714286	14	0.434783	FALSE	NA	NA	NA	NA	NA	NA
NC_045512.2	28983	A	T	8	8	27	2	2	24	0.142857	14	0.177866	FALSE	NA	NA	NA	NA	NA	NA
NC_045512.2	28983	A	G	8	8	27	4	4	26	0.285714	14	0.0391304	FALSE	NA	NA	NA	NA	NA	NA
NC_045512.2	28984	A	T	9	9	27	1	1	28	0.0714286	14	0.434783	FALSE	NA	NA	NA	NA	NA	NA
NC_045512.2	28984	A	G	9	9	27	2	2	24	0.142857	14	0.199275	FALSE	NA	NA	NA	NA	NA	NA
NC_045512.2	28984	A	C	9	9	27	2	2	28	0.142857	14	0.199275	FALSE	NA	NA	NA	NA	NA	NA
NC_045512.2	28985	G	T	6	6	23	2	2	26	0.142857	14	0.133333	FALSE	NA	NA	NA	NA	NA	NA
NC_045512.2	28985	G	C	6	6	23	2	2	22	0.142857	14	0.133333	FALSE	NA	NA	NA	NA	NA	NA
NC_045512.2	28985	G	A	6	6	23	4	4	27	0.285714	14	0.0237154	FALSE	NA	NA	NA	NA	NA	NA
NC_045512.2	28986	G	T	8	8	27	1	1	28	0.0833333	12	0.45	FALSE	NA	NA	NA	NA	NA	NA
NC_045512.2	28986	G	C	8	8	27	1	1	27	0.0833333	12	0.45	FALSE	NA	NA	NA	NA	NA	NA
NC_045512.2	28986	G	A	8	8	27	2	2	27	0.166667	12	0.214286	FALSE	NA	NA	NA	NA	NA	NA
NC_045512.2	28987	C	G	8	8	24	5	5	27	0.357143	14	0.0195652	FALSE	NA	NA	NA	NA	NA	NA
NC_045512.2	28987	C	A	8	8	24	1	1	24	0.0714286	14	0.409091	FALSE	NA	NA	NA	NA	NA	NA
NC_045512.2	28988	C	G	10	10	27	1	1	28	0.0714286	14	0.458333	FALSE	NA	NA	NA	NA	NA	NA
NC_045512.2	28988	C	A	10	10	27	3	3	26	0.214286	14	0.11	FALSE	NA	NA	NA	NA	NA	NA
NC_045512.2	28989	A	T	9	9	24	1	1	26	0.0714286	14	0.434783	FALSE	NA	NA	NA	NA	NA	NA
NC_045512.2	28989	A	G	9	9	24	2	2	28	0.142857	14	0.199275	FALSE	NA	NA	NA	NA	NA	NA
NC_045512.2	28989	A	C	9	9	24	2	2	25	0.142857	14	0.199275	FALSE	NA	NA	NA	NA	NA	NA
NC_045512.2	28990	A	T	8	8	26	2	2	26	0.142857	14	0.177866	FALSE	NA	NA	NA	NA	NA	NA
NC_045512.2	28990	A	G	8	8	26	1	1	27	0.0714286	14	0.409091	FALSE	NA	NA	NA	NA	NA	NA
NC_045512.2	28990	A	C	8	8	26	3	3	24	0.214286	14	0.0815217	FALSE	NA	NA	NA	NA	NA	NA
NC_045512.2	28991	C	T	9	9	26	2	2	27	0.142857	14	0.199275	FALSE	NA	NA	NA	NA	NA	NA
NC_045512.2	28991	C	A	9	9	26	3	3	24	0.214286	14	0.0956522	FALSE	NA	NA	NA	NA	NA	NA
NC_045512.2	28992	A	C	9	9	27	3	3	27	0.25	12	0.124224	FALSE	NA	NA	NA	NA	NA	NA
NC_045512.2	28993	A	G	10	10	26	3	3	25	0.214286	14	0.11	FALSE	NA	NA	NA	NA	NA	NA
NC_045512.2	28993	A	C	10	10	26	1	1	26	0.0714286	14	0.458333	FALSE	NA	NA	NA	NA	NA	NA
NC_045512.2	28994	C	T	7	7	27	1	1	23	0.0769231	13	0.4	FALSE	NA	NA	NA	NA	NA	NA
NC_045512.2	28994	C	G	7	7	27	1	1	28	0.0769231	13	0.4	FALSE	NA	NA	NA	NA	NA	NA
NC_045512.2	28994	C	A	7	7	27	4	4	26	0.307692	13	0.0372671	FALSE	NA	NA	NA	NA	NA	NA
NC_045512.2	28995	A	T	7	7	23	2	2	25	0.153846	13	0.171429	FALSE	NA	NA	NA	NA	NA	NA
NC_045512.2	28995	A	G	7	7	23	2	2	26	0.153846	13	0.171429	FALSE	NA	NA	NA	NA	NA	NA
NC_045512.2	28995	A	C	7	7	23	2	2	27	0.153846	13	0.171429	FALSE	NA	NA	NA	NA	NA	NA
NC_045512.2	28996	A	T	9	9	26	1	1	27	0.0769231	13	0.454545	FALSE	NA	NA	NA	NA	NA	NA
NC_045512.2	28996	A	C	9	9	26	3	3	25	0.230769	13	0.108696	FALSE	NA	NA	NA	NA	NA	NA
NC_045512.2	28997	C	G	7	7	27	2	2	27	0.153846	13	0.171429	FALSE	NA	NA	NA	NA	NA	NA
NC_045512.2	28997	C	A	7	7	27	4	4	23	0.307692	13	0.0372671	FALSE	NA	NA	NA	NA	NA	NA
NC_045512.2	28998	A	T	10	10	23	1	1	28	0.0769231	13	0.478261	FALSE	NA	NA	NA	NA	NA	NA
NC_045512.2	28998	A	C	10	10	23	2	2	26	0.153846	13	0.23913	FALSE	NA	NA	NA	NA	NA	NA
NC_045512.2	28999	A	G	2	2	29	1	1	26	0.25	4	0.5	FALSE	NA	NA	NA	NA	NA	NA
NC_045512.2	28999	A	C	2	2	29	1	1	29	0.25	4	0.5	FALSE	NA	NA	NA	NA	NA	NA
NC_045512.2	29000	G	T	2	2	24	1	1	24	0.333333	3	0.6	FALSE	NA	NA	NA	NA	NA	NA
NC_045512.2	29001	G	T	1	1	26	2	2	27	0.666667	3	0.3	FALSE	NA	NA	NA	NA	NA	NA
NC_045512.2	29003	C	T	1	1	26	1	1	28	0.333333	3	0.5	FALSE	NA	NA	NA	NA	NA	NA
NC_045512.2	29003	C	A	1	1	26	1	1	25	0.333333	3	0.5	FALSE	NA	NA	NA	NA	NA	NA
NC_045512.2	29004	A	C	2	2	23	1	1	28	0.333333	3	0.6	FALSE	NA	NA	NA	NA	NA	NA
NC_045512.2	29005	A	G	1	1	26	1	1	28	0.333333	3	0.5	FALSE	NA	NA	NA	NA	NA	NA
NC_045512.2	29005	A	C	1	1	26	1	1	25	0.333333	3	0.5	FALSE	NA	NA	NA	NA	NA	NA
NC_045512.2	29006	A	T	1	1	26	1	1	23	0.333333	3	0.5	FALSE	NA	NA	NA	NA	NA	NA
NC_045512.2	29006	A	G	1	1	26	1	1	25	0.333333	3	0.5	FALSE	NA	NA	NA	NA	NA	NA
NC_045512.2	29007	C	T	1	1	26	1	1	27	0.333333	3	0.5	FALSE	NA	NA	NA	NA	NA	NA
NC_045512.2	29007	C	A	1	1	26	1	1	21	0.333333	3	0.5	FALSE	NA	NA	NA	NA	NA	NA
NC_045512.2	29008	T	C	1	1	28	1	1	21	0.333333	3	0.5	FALSE	NA	NA	NA	NA	NA	NA
NC_045512.2	29008	T	A	1	1	28	1	1	25	0.333333	3	0.5	FALSE	NA	NA	NA	NA	NA	NA
NC_045512.2	29009	G	C	1	1	28	2	2	26	0.666667	3	0.3	FALSE	NA	NA	NA	NA	NA	NA
NC_045512.2	29011	C	T	2	2	30	1	1	26	0.333333	3	0.6	FALSE	NA	NA	NA	NA	NA	NA
NC_045512.2	29012	A	C	1	1	27	1	1	22	0.5	2	0.666667	FALSE	NA	NA	NA	NA	NA	NA
NC_045512.2	29013	C	T	0	0	0	1	1	24	1	1	1	FALSE	NA	NA	NA	NA	NA	NA
NC_045512.2	29014	T	C	0	0	0	1	1	23	1	1	1	FALSE	NA	NA	NA	NA	NA	NA
NC_045512.2	29016	A	C	0	0	0	1	1	28	1	1	1	FALSE	NA	NA	NA	NA	NA	NA
NC_045512.2	29018	A	T	0	0	0	1	1	28	1	1	1	FALSE	NA	NA	NA	NA	NA	NA
NC_045512.2	29020	A	G	0	0	0	1	1	27	1	1	1	FALSE	NA	NA	NA	NA	NA	NA
NC_045512.2	29023	T	G	0	0	0	1	1	27	1	1	1	FALSE	NA	NA	NA	NA	NA	NA
NC_045512.2	29024	G	C	0	0	0	1	1	27	1	1	1	FALSE	NA	NA	NA	NA	NA	NA
NC_045512.2	29025	C	A	0	0	0	1	1	23	1	1	1	FALSE	NA	NA	NA	NA	NA	NA
NC_045512.2	29026	T	A	0	0	0	1	1	27	1	1	1	FALSE	NA	NA	NA	NA	NA	NA
NC_045512.2	29027	G	C	2	0	25	1	1	27	0.333333	3	0.6	FALSE	NA	NA	NA	NA	NA	NA
NC_045512.2	29028	C	A	2	0	26	1	1	27	0.333333	3	0.6	FALSE	NA	NA	NA	NA	NA	NA
NC_045512.2	29029	T	G	2	0	27	1	1	28	0.333333	3	0.6	FALSE	NA	NA	NA	NA	NA	NA
NC_045512.2	29030	G	T	2	0	27	1	1	24	0.333333	3	0.6	FALSE	NA	NA	NA	NA	NA	NA
NC_045512.2	29031	A	T	2	0	26	1	1	28	0.333333	3	0.6	FALSE	NA	NA	NA	NA	NA	NA
NC_045512.2	29032	G	C	2	0	26	1	1	22	0.333333	3	0.6	FALSE	NA	NA	NA	NA	NA	NA
NC_045512.2	29051	C	-A	13	0	27	5	0	20	0.384615	13	0.0601238	FALSE	NA	NA	NA	NA	NA	NA
NC_045512.2	29051	C	+A	13	0	27	1	0	20	0.0769231	13	0.538462	FALSE	NA	NA	NA	NA	NA	NA
NC_045512.2	29074	A	G	12	0	27	1	0	27	0.0769231	13	0.52	FALSE	NA	NA	NA	NA	NA	NA
NC_045512.2	29091	C	G	13	0	26	1	1	20	0.0714286	14	0.518519	FALSE	NA	NA	NA	NA	NA	NA
NC_045512.2	29092	T	C	13	0	27	1	1	20	0.0714286	14	0.518519	FALSE	NA	NA	NA	NA	NA	NA
NC_045512.2	29094	T	G	11	0	22	1	1	20	0.0833333	12	0.521739	FALSE	NA	NA	NA	NA	NA	NA
NC_045512.2	29095	C	A	13	0	26	1	1	25	0.0714286	14	0.518519	FALSE	NA	NA	NA	NA	NA	NA
NC_045512.2	29095	C	-G	13	0	26	1	0	20	0.0714286	14	0.518519	FALSE	NA	NA	NA	NA	NA	NA
NC_045512.2	29099	A	T	12	0	28	1	1	21	0.0714286	14	0.5	FALSE	NA	NA	NA	NA	NA	NA
NC_045512.2	29099	A	G	12	0	28	1	0	27	0.0714286	14	0.5	FALSE	NA	NA	NA	NA	NA	NA
NC_045512.2	29100	G	T	12	0	28	1	1	27	0.0769231	13	0.52	FALSE	NA	NA	NA	NA	NA	NA
NC_045512.2	29101	A	C	14	1	27	1	1	21	0.0666667	15	0.517241	FALSE	NA	NA	NA	NA	NA	NA
NC_045512.2	29102	C	T	13	0	27	1	1	22	0.0666667	15	0.5	FALSE	NA	NA	NA	NA	NA	NA
NC_045512.2	29102	C	A	13	0	27	1	1	28	0.0666667	15	0.5	FALSE	NA	NA	NA	NA	NA	NA
NC_045512.2	29104	T	A	13	0	27	2	2	26	0.133333	15	0.258621	FALSE	NA	NA	NA	NA	NA	NA
NC_045512.2	29105	G	A	14	1	28	1	1	28	0.0666667	15	0.517241	FALSE	NA	NA	NA	NA	NA	NA
NC_045512.2	29106	G	A	14	1	23	1	1	22	0.0666667	15	0.517241	FALSE	NA	NA	NA	NA	NA	NA
NC_045512.2	29107	T	C	13	0	28	1	1	21	0.0666667	15	0.5	FALSE	NA	NA	NA	NA	NA	NA
NC_045512.2	29107	T	A	13	0	28	1	1	27	0.0666667	15	0.5	FALSE	NA	NA	NA	NA	NA	NA
NC_045512.2	29108	C	G	14	1	27	1	1	22	0.0666667	15	0.517241	FALSE	NA	NA	NA	NA	NA	NA
NC_045512.2	29109	C	T	13	0	23	1	1	26	0.0714286	14	0.518519	FALSE	NA	NA	NA	NA	NA	NA
NC_045512.2	29110	A	C	13	0	27	2	2	24	0.133333	15	0.258621	FALSE	NA	NA	NA	NA	NA	NA
NC_045512.2	29111	G	T	14	1	27	1	1	24	0.0666667	15	0.517241	FALSE	NA	NA	NA	NA	NA	NA
NC_045512.2	29112	A	G	13	0	27	1	1	28	0.0666667	15	0.5	FALSE	NA	NA	NA	NA	NA	NA
NC_045512.2	29112	A	C	13	0	27	1	1	27	0.0666667	15	0.5	FALSE	NA	NA	NA	NA	NA	NA
NC_045512.2	29113	A	G	12	0	23	1	1	22	0.0714286	14	0.5	FALSE	NA	NA	NA	NA	NA	NA
NC_045512.2	29113	A	C	12	0	23	1	1	28	0.0714286	14	0.5	FALSE	NA	NA	NA	NA	NA	NA
NC_045512.2	29114	C	G	13	0	26	1	1	27	0.0714286	14	0.518519	FALSE	NA	NA	NA	NA	NA	NA
NC_045512.2	29115	A	C	14	1	27	1	1	28	0.0666667	15	0.517241	FALSE	NA	NA	NA	NA	NA	NA
NC_045512.2	29118	C	A	13	0	27	2	2	27	0.133333	15	0.258621	FALSE	NA	NA	NA	NA	NA	NA
NC_045512.2	29119	C	A	14	1	27	1	1	27	0.0666667	15	0.517241	FALSE	NA	NA	NA	NA	NA	NA
NC_045512.2	29120	C	G	11	0	22	1	1	28	0.0769231	13	0.5	FALSE	NA	NA	NA	NA	NA	NA
NC_045512.2	29120	C	A	11	0	22	1	1	27	0.0769231	13	0.5	FALSE	NA	NA	NA	NA	NA	NA
NC_045512.2	29121	A	T	13	0	27	1	1	28	0.0666667	15	0.5	FALSE	NA	NA	NA	NA	NA	NA
NC_045512.2	29121	A	C	13	0	27	1	1	27	0.0666667	15	0.5	FALSE	NA	NA	NA	NA	NA	NA
NC_045512.2	29122	A	G	14	1	23	1	1	28	0.0666667	15	0.517241	FALSE	NA	NA	NA	NA	NA	NA
NC_045512.2	29123	G	T	13	0	27	1	1	27	0.0666667	15	0.5	FALSE	NA	NA	NA	NA	NA	NA
NC_045512.2	29123	G	C	13	0	27	1	1	28	0.0666667	15	0.5	FALSE	NA	NA	NA	NA	NA	NA
NC_045512.2	29124	G	T	12	0	23	1	1	29	0.0714286	14	0.5	FALSE	NA	NA	NA	NA	NA	NA
NC_045512.2	29124	G	A	12	0	23	1	1	27	0.0714286	14	0.5	FALSE	NA	NA	NA	NA	NA	NA
NC_045512.2	29125	A	G	12	0	28	1	1	27	0.0714286	14	0.5	FALSE	NA	NA	NA	NA	NA	NA
NC_045512.2	29125	A	C	12	0	28	1	1	27	0.0714286	14	0.5	FALSE	NA	NA	NA	NA	NA	NA
NC_045512.2	29126	A	T	12	0	28	1	1	28	0.0714286	14	0.5	FALSE	NA	NA	NA	NA	NA	NA
NC_045512.2	29126	A	C	12	0	28	1	1	20	0.0714286	14	0.5	FALSE	NA	NA	NA	NA	NA	NA
NC_045512.2	29127	A	G	8	0	22	1	1	24	0.1	10	0.5	FALSE	NA	NA	NA	NA	NA	NA
NC_045512.2	29127	A	C	8	0	22	1	1	27	0.1	10	0.5	FALSE	NA	NA	NA	NA	NA	NA
NC_045512.2	29127	A	-T	8	0	22	1	0	20	0.1	10	0.5	FALSE	NA	NA	NA	NA	NA	NA
NC_045512.2	29128	T	A	11	0	26	1	1	26	0.0833333	12	0.5	FALSE	NA	NA	NA	NA	NA	NA
NC_045512.2	29129	T	C	12	0	27	2	2	25	0.142857	14	0.259259	FALSE	NA	NA	NA	NA	NA	NA
NC_045512.2	29130	T	A	13	1	27	1	1	24	0.0714286	14	0.518519	FALSE	NA	NA	NA	NA	NA	NA
NC_045512.2	29131	T	C	5	0	21	1	1	28	0.166667	6	0.545455	FALSE	NA	NA	NA	NA	NA	NA
NC_045512.2	29132	G	T	12	0	27	1	1	27	0.0714286	14	0.5	FALSE	NA	NA	NA	NA	NA	NA
NC_045512.2	29132	G	A	12	0	27	1	1	26	0.0714286	14	0.5	FALSE	NA	NA	NA	NA	NA	NA
NC_045512.2	29133	G	A	12	0	28	2	2	23	0.142857	14	0.259259	FALSE	NA	NA	NA	NA	NA	NA
NC_045512.2	29134	G	A	13	1	28	1	1	28	0.0714286	14	0.518519	FALSE	NA	NA	NA	NA	NA	NA
NC_045512.2	29135	G	C	5	0	21	1	1	27	0.142857	7	0.5	FALSE	NA	NA	NA	NA	NA	NA
NC_045512.2	29135	G	A	5	0	21	1	1	27	0.142857	7	0.5	FALSE	NA	NA	NA	NA	NA	NA
NC_045512.2	29136	A	G	13	1	27	1	1	33	0.0714286	14	0.518519	FALSE	NA	NA	NA	NA	NA	NA
NC_045512.2	29137	C	T	13	1	28	1	1	29	0.0714286	14	0.518519	FALSE	NA	NA	NA	NA	NA	NA
NC_045512.2	29138	C	A	12	0	23	2	2	27	0.142857	14	0.259259	FALSE	NA	NA	NA	NA	NA	NA
NC_045512.2	29139	A	T	12	0	28	1	1	28	0.0714286	14	0.5	FALSE	NA	NA	NA	NA	NA	NA
NC_045512.2	29139	A	C	12	0	28	1	1	27	0.0714286	14	0.5	FALSE	NA	NA	NA	NA	NA	NA
NC_045512.2	29140	G	A	12	0	29	2	2	28	0.142857	14	0.259259	FALSE	NA	NA	NA	NA	NA	NA
NC_045512.2	29141	G	C	12	0	23	1	1	30	0.0714286	14	0.5	FALSE	NA	NA	NA	NA	NA	NA
NC_045512.2	29141	G	A	12	0	23	1	1	30	0.0714286	14	0.5	FALSE	NA	NA	NA	NA	NA	NA
NC_045512.2	29142	A	T	13	1	28	1	1	28	0.0714286	14	0.518519	FALSE	NA	NA	NA	NA	NA	NA
NC_045512.2	29143	A	G	12	1	23	1	1	28	0.0769231	13	0.52	FALSE	NA	NA	NA	NA	NA	NA
NC_045512.2	29144	C	T	12	0	27	2	2	27	0.142857	14	0.259259	FALSE	NA	NA	NA	NA	NA	NA
NC_045512.2	29145	T	G	12	0	27	1	1	32	0.0714286	14	0.5	FALSE	NA	NA	NA	NA	NA	NA
NC_045512.2	29145	T	A	12	0	27	1	1	24	0.0714286	14	0.5	FALSE	NA	NA	NA	NA	NA	NA
NC_045512.2	29146	A	T	13	1	28	1	1	27	0.0714286	14	0.518519	FALSE	NA	NA	NA	NA	NA	NA
NC_045512.2	29147	A	C	13	1	23	1	1	28	0.0714286	14	0.518519	FALSE	NA	NA	NA	NA	NA	NA
NC_045512.2	29148	T	A	12	0	27	2	2	29	0.142857	14	0.259259	FALSE	NA	NA	NA	NA	NA	NA
NC_045512.2	29151	G	C	13	1	26	1	1	24	0.0714286	14	0.518519	FALSE	NA	NA	NA	NA	NA	NA
NC_045512.2	29152	A	G	12	0	27	1	1	36	0.0769231	13	0.52	FALSE	NA	NA	NA	NA	NA	NA
NC_045512.2	29153	C	A	13	1	27	1	1	24	0.0714286	14	0.518519	FALSE	NA	NA	NA	NA	NA	NA
NC_045512.2	29154	A	G	12	0	28	1	1	24	0.0769231	13	0.52	FALSE	NA	NA	NA	NA	NA	NA
NC_045512.2	29155	A	T	12	0	23	1	1	24	0.0714286	14	0.5	FALSE	NA	NA	NA	NA	NA	NA
NC_045512.2	29155	A	C	12	0	23	1	1	29	0.0714286	14	0.5	FALSE	NA	NA	NA	NA	NA	NA
NC_045512.2	29156	G	T	12	0	28	2	2	23	0.142857	14	0.259259	FALSE	NA	NA	NA	NA	NA	NA
NC_045512.2	29157	G	T	12	0	23	1	1	33	0.0714286	14	0.5	FALSE	NA	NA	NA	NA	NA	NA
NC_045512.2	29157	G	C	12	0	23	1	1	24	0.0714286	14	0.5	FALSE	NA	NA	NA	NA	NA	NA
NC_045512.2	29158	A	T	12	0	28	1	1	28	0.0714286	14	0.5	FALSE	NA	NA	NA	NA	NA	NA
NC_045512.2	29158	A	G	12	0	28	1	1	23	0.0714286	14	0.5	FALSE	NA	NA	NA	NA	NA	NA
NC_045512.2	29159	A	G	12	0	23	1	1	29	0.0714286	14	0.5	FALSE	NA	NA	NA	NA	NA	NA
NC_045512.2	29159	A	C	12	0	23	1	1	29	0.0714286	14	0.5	FALSE	NA	NA	NA	NA	NA	NA
NC_045512.2	29160	C	G	13	1	27	1	1	27	0.0714286	14	0.518519	FALSE	NA	NA	NA	NA	NA	NA
NC_045512.2	29161	T	G	12	0	27	1	1	29	0.0714286	14	0.5	FALSE	NA	NA	NA	NA	NA	NA
NC_045512.2	29161	T	A	12	0	27	1	1	28	0.0714286	14	0.5	FALSE	NA	NA	NA	NA	NA	NA
NC_045512.2	29162	G	C	13	1	28	1	1	32	0.0714286	14	0.518519	FALSE	NA	NA	NA	NA	NA	NA
NC_045512.2	29164	T	G	12	0	27	1	1	28	0.0714286	14	0.5	FALSE	NA	NA	NA	NA	NA	NA
NC_045512.2	29164	T	C	12	0	27	1	1	30	0.0714286	14	0.5	FALSE	NA	NA	NA	NA	NA	NA
NC_045512.2	29165	T	G	10	0	23	1	1	29	0.0833333	12	0.5	FALSE	NA	NA	NA	NA	NA	NA
NC_045512.2	29165	T	A	10	0	23	1	1	28	0.0833333	12	0.5	FALSE	NA	NA	NA	NA	NA	NA
NC_045512.2	29166	A	T	12	0	26	1	1	28	0.0714286	14	0.5	FALSE	NA	NA	NA	NA	NA	NA
NC_045512.2	29166	A	C	12	0	26	1	1	28	0.0714286	14	0.5	FALSE	NA	NA	NA	NA	NA	NA
NC_045512.2	29167	C	G	12	0	26	2	2	26	0.142857	14	0.259259	FALSE	NA	NA	NA	NA	NA	NA
NC_045512.2	29168	A	T	12	0	27	1	1	28	0.0714286	14	0.5	FALSE	NA	NA	NA	NA	NA	NA
NC_045512.2	29168	A	G	12	0	27	1	1	28	0.0714286	14	0.5	FALSE	NA	NA	NA	NA	NA	NA
NC_045512.2	29169	A	T	12	0	27	1	1	28	0.0714286	14	0.5	FALSE	NA	NA	NA	NA	NA	NA
NC_045512.2	29169	A	G	12	0	27	1	1	24	0.0714286	14	0.5	FALSE	NA	NA	NA	NA	NA	NA
NC_045512.2	29170	A	G	10	0	22	1	1	28	0.0833333	12	0.5	FALSE	NA	NA	NA	NA	NA	NA
NC_045512.2	29170	A	C	10	0	22	1	1	24	0.0833333	12	0.5	FALSE	NA	NA	NA	NA	NA	NA
NC_045512.2	29171	C	T	13	1	27	1	1	28	0.0714286	14	0.518519	FALSE	NA	NA	NA	NA	NA	NA
NC_045512.2	29172	A	C	13	1	28	1	1	23	0.0714286	14	0.518519	FALSE	NA	NA	NA	NA	NA	NA
NC_045512.2	29173	T	G	12	0	28	1	1	28	0.0714286	14	0.5	FALSE	NA	NA	NA	NA	NA	NA
NC_045512.2	29173	T	C	12	0	28	1	1	28	0.0714286	14	0.5	FALSE	NA	NA	NA	NA	NA	NA
NC_045512.2	29174	T	A	12	0	22	3	3	24	0.2	15	0.124521	FALSE	NA	NA	NA	NA	NA	NA
NC_045512.2	29175	G	A	12	1	29	2	2	28	0.142857	14	0.259259	FALSE	NA	NA	NA	NA	NA	NA
NC_045512.2	29176	G	C	4	1	25	1	1	26	0.166667	6	0.5	FALSE	NA	NA	NA	NA	NA	NA
NC_045512.2	29176	G	A	4	1	25	1	1	24	0.166667	6	0.5	FALSE	NA	NA	NA	NA	NA	NA
NC_045512.2	29177	C	A	2	0	28	3	3	24	0.6	5	0.119048	FALSE	NA	NA	NA	NA	NA	NA
NC_045512.2	29178	C	A	1	1	28	2	2	27	0.666667	3	0.3	FALSE	NA	NA	NA	NA	NA	NA
NC_045512.2	29179	G	A	3	1	22	2	2	25	0.4	5	0.277778	FALSE	NA	NA	NA	NA	NA	NA
NC_045512.2	29180	C	A	3	1	21	1	1	28	0.25	4	0.571429	FALSE	NA	NA	NA	NA	NA	NA
NC_045512.2	29181	A	C	3	1	26	2	2	27	0.4	5	0.277778	FALSE	NA	NA	NA	NA	NA	NA
NC_045512.2	29182	A	T	2	0	25	1	1	23	0.2	5	0.428571	FALSE	NA	NA	NA	NA	NA	NA
NC_045512.2	29182	A	C	2	0	25	2	2	26	0.4	5	0.214286	FALSE	NA	NA	NA	NA	NA	NA
NC_045512.2	29183	A	C	1	1	24	2	2	28	0.666667	3	0.3	FALSE	NA	NA	NA	NA	NA	NA
NC_045512.2	29184	T	G	1	0	27	1	1	23	0.2	5	0.333333	FALSE	NA	NA	NA	NA	NA	NA
NC_045512.2	29184	T	C	1	0	27	2	1	26	0.4	5	0.142857	FALSE	NA	NA	NA	NA	NA	NA
NC_045512.2	29184	T	A	1	0	27	1	1	29	0.2	5	0.333333	FALSE	NA	NA	NA	NA	NA	NA
NC_045512.2	29185	T	G	2	0	25	2	2	25	0.4	5	0.214286	FALSE	NA	NA	NA	NA	NA	NA
NC_045512.2	29185	T	A	2	0	25	1	1	24	0.2	5	0.428571	FALSE	NA	NA	NA	NA	NA	NA
NC_045512.2	29186	G	C	3	1	29	1	1	28	0.2	5	0.5	FALSE	NA	NA	NA	NA	NA	NA
NC_045512.2	29186	G	A	3	1	29	1	1	29	0.2	5	0.5	FALSE	NA	NA	NA	NA	NA	NA
NC_045512.2	29187	C	G	2	0	27	1	1	24	0.25	4	0.5	FALSE	NA	NA	NA	NA	NA	NA
NC_045512.2	29187	C	A	2	0	27	1	1	22	0.25	4	0.5	FALSE	NA	NA	NA	NA	NA	NA
NC_045512.2	29188	A	G	4	2	29	1	1	29	0.2	5	0.555556	FALSE	NA	NA	NA	NA	NA	NA
NC_045512.2	29189	C	A	2	0	27	3	3	26	0.6	5	0.119048	FALSE	NA	NA	NA	NA	NA	NA
NC_045512.2	29191	A	T	4	2	26	1	1	23	0.2	5	0.555556	FALSE	NA	NA	NA	NA	NA	NA
NC_045512.2	29192	T	C	3	1	25	1	1	29	0.25	4	0.571429	FALSE	NA	NA	NA	NA	NA	NA
NC_045512.2	29193	T	G	4	2	26	1	1	29	0.2	5	0.555556	FALSE	NA	NA	NA	NA	NA	NA
NC_045512.2	29195	G	T	3	1	25	1	1	26	0.2	5	0.5	FALSE	NA	NA	NA	NA	NA	NA
NC_045512.2	29195	G	A	3	1	25	1	1	28	0.2	5	0.5	FALSE	NA	NA	NA	NA	NA	NA
NC_045512.2	29195	G	-C	3	1	25	1	0	20	0.2	5	0.5	FALSE	NA	NA	NA	NA	NA	NA
NC_045512.2	29196	C	G	2	1	27	1	1	28	0.333333	3	0.5	FALSE	NA	NA	NA	NA	NA	NA
NC_045512.2	29197	C	T	2	0	24	1	1	27	0.2	5	0.428571	FALSE	NA	NA	NA	NA	NA	NA
NC_045512.2	29197	C	G	2	0	24	2	2	28	0.4	5	0.214286	FALSE	NA	NA	NA	NA	NA	NA
NC_045512.2	29198	C	G	2	0	24	2	2	27	0.4	5	0.214286	FALSE	NA	NA	NA	NA	NA	NA
NC_045512.2	29198	C	A	2	0	24	1	1	28	0.2	5	0.428571	FALSE	NA	NA	NA	NA	NA	NA
NC_045512.2	29199	C	G	4	2	24	1	1	26	0.2	5	0.555556	FALSE	NA	NA	NA	NA	NA	NA
NC_045512.2	29200	C	A	2	2	28	1	1	26	0.333333	3	0.6	FALSE	NA	NA	NA	NA	NA	NA
NC_045512.2	29201	A	C	4	2	25	1	1	22	0.2	5	0.555556	FALSE	NA	NA	NA	NA	NA	NA
NC_045512.2	29202	G	C	3	1	26	2	2	28	0.4	5	0.277778	FALSE	NA	NA	NA	NA	NA	NA
NC_045512.2	29203	C	T	2	0	26	1	1	24	0.2	5	0.428571	FALSE	NA	NA	NA	NA	NA	NA
NC_045512.2	29203	C	G	2	0	26	1	1	28	0.2	5	0.428571	FALSE	NA	NA	NA	NA	NA	NA
NC_045512.2	29203	C	A	2	0	26	1	1	28	0.2	5	0.428571	FALSE	NA	NA	NA	NA	NA	NA
NC_045512.2	29204	G	A	3	1	25	1	1	24	0.25	4	0.571429	FALSE	NA	NA	NA	NA	NA	NA
NC_045512.2	29205	C	G	2	0	26	1	1	28	0.2	5	0.428571	FALSE	NA	NA	NA	NA	NA	NA
NC_045512.2	29205	C	A	2	0	26	2	2	26	0.4	5	0.214286	FALSE	NA	NA	NA	NA	NA	NA
NC_045512.2	29206	T	C	2	0	26	1	1	29	0.2	5	0.428571	FALSE	NA	NA	NA	NA	NA	NA
NC_045512.2	29206	T	A	2	0	26	2	2	24	0.4	5	0.214286	FALSE	NA	NA	NA	NA	NA	NA
NC_045512.2	29207	T	G	2	1	27	1	1	24	0.25	4	0.5	FALSE	NA	NA	NA	NA	NA	NA
NC_045512.2	29207	T	A	2	1	27	1	1	28	0.25	4	0.5	FALSE	NA	NA	NA	NA	NA	NA
NC_045512.2	29208	C	A	4	2	25	1	1	29	0.2	5	0.555556	FALSE	NA	NA	NA	NA	NA	NA
NC_045512.2	29209	A	T	4	2	25	1	1	27	0.2	5	0.555556	FALSE	NA	NA	NA	NA	NA	NA
NC_045512.2	29210	G	T	2	0	22	2	2	26	0.4	5	0.214286	FALSE	NA	NA	NA	NA	NA	NA
NC_045512.2	29210	G	A	2	0	22	1	1	24	0.2	5	0.428571	FALSE	NA	NA	NA	NA	NA	NA
NC_045512.2	29211	C	A	3	1	25	2	2	28	0.4	5	0.277778	FALSE	NA	NA	NA	NA	NA	NA
NC_045512.2	29212	G	T	2	0	22	1	1	27	0.2	5	0.428571	FALSE	NA	NA	NA	NA	NA	NA
NC_045512.2	29212	G	C	2	0	22	1	1	28	0.2	5	0.428571	FALSE	NA	NA	NA	NA	NA	NA
NC_045512.2	29212	G	A	2	0	22	1	1	34	0.2	5	0.428571	FALSE	NA	NA	NA	NA	NA	NA
NC_045512.2	29213	T	G	2	0	26	1	1	29	0.2	5	0.428571	FALSE	NA	NA	NA	NA	NA	NA
NC_045512.2	29213	T	C	2	0	26	1	1	27	0.2	5	0.428571	FALSE	NA	NA	NA	NA	NA	NA
NC_045512.2	29213	T	A	2	0	26	1	1	24	0.2	5	0.428571	FALSE	NA	NA	NA	NA	NA	NA
NC_045512.2	29214	T	A	1	0	21	3	3	29	0.75	4	0.114286	FALSE	NA	NA	NA	NA	NA	NA
NC_045512.2	29215	C	T	3	1	25	1	1	30	0.2	5	0.5	FALSE	NA	NA	NA	NA	NA	NA
NC_045512.2	29215	C	G	3	1	25	1	1	35	0.2	5	0.5	FALSE	NA	NA	NA	NA	NA	NA
NC_045512.2	29216	T	G	2	0	23	1	1	30	0.2	5	0.428571	FALSE	NA	NA	NA	NA	NA	NA
NC_045512.2	29216	T	A	2	0	23	2	2	26	0.4	5	0.214286	FALSE	NA	NA	NA	NA	NA	NA
NC_045512.2	29217	T	C	1	1	29	1	1	27	0.333333	3	0.5	FALSE	NA	NA	NA	NA	NA	NA
NC_045512.2	29217	T	A	1	1	29	1	1	29	0.333333	3	0.5	FALSE	NA	NA	NA	NA	NA	NA
NC_045512.2	29218	C	G	2	0	23	1	1	24	0.2	5	0.428571	FALSE	NA	NA	NA	NA	NA	NA
NC_045512.2	29218	C	A	2	0	23	2	2	23	0.4	5	0.214286	FALSE	NA	NA	NA	NA	NA	NA
NC_045512.2	29219	G	A	2	1	25	2	2	27	0.5	4	0.285714	FALSE	NA	NA	NA	NA	NA	NA
NC_045512.2	29220	G	C	1	1	23	1	1	28	0.333333	3	0.5	FALSE	NA	NA	NA	NA	NA	NA
NC_045512.2	29220	G	A	1	1	23	1	1	28	0.333333	3	0.5	FALSE	NA	NA	NA	NA	NA	NA
NC_045512.2	29221	A	G	3	2	27	1	1	27	0.25	4	0.571429	FALSE	NA	NA	NA	NA	NA	NA
NC_045512.2	29222	A	C	1	1	22	2	2	29	0.666667	3	0.3	FALSE	NA	NA	NA	NA	NA	NA
NC_045512.2	29223	T	A	2	1	26	2	2	27	0.5	4	0.285714	FALSE	NA	NA	NA	NA	NA	NA
NC_045512.2	29224	G	C	2	1	27	1	1	28	0.25	4	0.5	FALSE	NA	NA	NA	NA	NA	NA
NC_045512.2	29224	G	A	2	1	27	1	1	31	0.25	4	0.5	FALSE	NA	NA	NA	NA	NA	NA
NC_045512.2	29225	T	G	2	1	29	1	1	27	0.25	4	0.5	FALSE	NA	NA	NA	NA	NA	NA
NC_045512.2	29225	T	A	2	1	29	1	1	28	0.25	4	0.5	FALSE	NA	NA	NA	NA	NA	NA
NC_045512.2	29226	C	T	2	1	27	1	1	24	0.25	4	0.5	FALSE	NA	NA	NA	NA	NA	NA
NC_045512.2	29226	C	G	2	1	27	1	1	30	0.25	4	0.5	FALSE	NA	NA	NA	NA	NA	NA
NC_045512.2	29227	G	T	1	0	28	2	2	25	0.5	4	0.2	FALSE	NA	NA	NA	NA	NA	NA
NC_045512.2	29227	G	A	1	0	28	1	1	28	0.25	4	0.4	FALSE	NA	NA	NA	NA	NA	NA
NC_045512.2	29228	C	T	1	0	28	2	2	26	0.5	4	0.2	FALSE	NA	NA	NA	NA	NA	NA
NC_045512.2	29228	C	A	1	0	28	1	1	27	0.25	4	0.4	FALSE	NA	NA	NA	NA	NA	NA
NC_045512.2	29229	G	T	1	0	28	2	2	27	0.5	4	0.2	FALSE	NA	NA	NA	NA	NA	NA
NC_045512.2	29229	G	C	1	0	28	1	1	29	0.25	4	0.4	FALSE	NA	NA	NA	NA	NA	NA
NC_045512.2	29230	C	A	2	1	27	2	2	24	0.5	4	0.285714	FALSE	NA	NA	NA	NA	NA	NA
NC_045512.2	29231	A	G	2	1	28	1	1	21	0.25	4	0.5	FALSE	NA	NA	NA	NA	NA	NA
NC_045512.2	29231	A	C	2	1	28	1	1	28	0.25	4	0.5	FALSE	NA	NA	NA	NA	NA	NA
NC_045512.2	29232	T	G	1	0	28	1	1	27	0.25	4	0.4	FALSE	NA	NA	NA	NA	NA	NA
NC_045512.2	29232	T	A	1	0	28	2	2	23	0.5	4	0.2	FALSE	NA	NA	NA	NA	NA	NA
NC_045512.2	29233	T	C	1	0	25	2	2	23	0.5	4	0.2	FALSE	NA	NA	NA	NA	NA	NA
NC_045512.2	29233	T	A	1	0	25	1	1	28	0.25	4	0.4	FALSE	NA	NA	NA	NA	NA	NA
NC_045512.2	29234	G	A	3	0	28	3	3	24	0.5	6	0.121212	FALSE	NA	NA	NA	NA	NA	NA
NC_045512.2	29235	G	T	4	1	23	1	1	21	0.166667	6	0.5	FALSE	NA	NA	NA	NA	NA	NA
NC_045512.2	29235	G	C	4	1	23	1	1	28	0.166667	6	0.5	FALSE	NA	NA	NA	NA	NA	NA
NC_045512.2	29236	C	T	3	0	27	1	1	27	0.166667	6	0.444444	FALSE	NA	NA	NA	NA	NA	NA
NC_045512.2	29236	C	A	3	0	27	2	2	27	0.333333	6	0.222222	FALSE	NA	NA	NA	NA	NA	NA
NC_045512.2	29237	A	T	3	0	28	1	1	24	0.166667	6	0.444444	FALSE	NA	NA	NA	NA	NA	NA
NC_045512.2	29237	A	G	3	0	28	1	1	22	0.166667	6	0.444444	FALSE	NA	NA	NA	NA	NA	NA
NC_045512.2	29237	A	C	3	0	28	1	1	26	0.166667	6	0.444444	FALSE	NA	NA	NA	NA	NA	NA
NC_045512.2	29238	T	G	4	1	28	2	2	27	0.333333	6	0.272727	FALSE	NA	NA	NA	NA	NA	NA
NC_045512.2	29239	G	T	4	1	26	1	1	28	0.166667	6	0.5	FALSE	NA	NA	NA	NA	NA	NA
NC_045512.2	29239	G	C	4	1	26	1	1	24	0.166667	6	0.5	FALSE	NA	NA	NA	NA	NA	NA
NC_045512.2	29240	G	C	4	2	24	1	1	32	0.2	5	0.555556	FALSE	NA	NA	NA	NA	NA	NA
NC_045512.2	29241	A	G	3	0	26	2	2	28	0.333333	6	0.222222	FALSE	NA	NA	NA	NA	NA	NA
NC_045512.2	29241	A	C	3	0	26	1	1	24	0.166667	6	0.444444	FALSE	NA	NA	NA	NA	NA	NA
NC_045512.2	29242	A	T	3	0	20	1	1	27	0.166667	6	0.444444	FALSE	NA	NA	NA	NA	NA	NA
NC_045512.2	29242	A	C	3	0	20	2	2	27	0.333333	6	0.222222	FALSE	NA	NA	NA	NA	NA	NA
NC_045512.2	29243	G	C	4	1	25	1	1	24	0.166667	6	0.5	FALSE	NA	NA	NA	NA	NA	NA
NC_045512.2	29243	G	A	4	1	25	1	1	23	0.166667	6	0.5	FALSE	NA	NA	NA	NA	NA	NA
NC_045512.2	29244	T	C	3	0	27	2	2	27	0.333333	6	0.222222	FALSE	NA	NA	NA	NA	NA	NA
NC_045512.2	29244	T	A	3	0	27	1	1	28	0.166667	6	0.444444	FALSE	NA	NA	NA	NA	NA	NA
NC_045512.2	29245	C	A	3	0	27	3	3	26	0.5	6	0.121212	FALSE	NA	NA	NA	NA	NA	NA
NC_045512.2	29246	A	T	4	1	27	1	1	24	0.166667	6	0.5	FALSE	NA	NA	NA	NA	NA	NA
NC_045512.2	29246	A	G	4	1	27	1	1	28	0.166667	6	0.5	FALSE	NA	NA	NA	NA	NA	NA
NC_045512.2	29247	C	T	3	0	28	1	1	30	0.166667	6	0.444444	FALSE	NA	NA	NA	NA	NA	NA
NC_045512.2	29247	C	A	3	0	28	2	2	25	0.333333	6	0.222222	FALSE	NA	NA	NA	NA	NA	NA
NC_045512.2	29248	A	T	4	1	28	1	1	21	0.166667	6	0.5	FALSE	NA	NA	NA	NA	NA	NA
NC_045512.2	29248	A	G	4	1	28	1	1	28	0.166667	6	0.5	FALSE	NA	NA	NA	NA	NA	NA
NC_045512.2	29249	C	T	5	2	27	1	1	28	0.166667	6	0.545455	FALSE	NA	NA	NA	NA	NA	NA
NC_045512.2	29250	C	G	2	0	22	1	1	27	0.2	5	0.428571	FALSE	NA	NA	NA	NA	NA	NA
NC_045512.2	29250	C	A	2	0	22	2	2	25	0.4	5	0.214286	FALSE	NA	NA	NA	NA	NA	NA
NC_045512.2	29251	T	C	3	0	26	2	2	27	0.333333	6	0.222222	FALSE	NA	NA	NA	NA	NA	NA
NC_045512.2	29251	T	A	3	0	26	1	1	29	0.166667	6	0.444444	FALSE	NA	NA	NA	NA	NA	NA
NC_045512.2	29252	T	A	2	0	22	3	3	26	0.6	5	0.119048	FALSE	NA	NA	NA	NA	NA	NA
NC_045512.2	29253	C	A	5	2	25	1	1	28	0.166667	6	0.545455	FALSE	NA	NA	NA	NA	NA	NA
NC_045512.2	29254	G	T	3	0	25	1	1	21	0.166667	6	0.444444	FALSE	NA	NA	NA	NA	NA	NA
NC_045512.2	29254	G	C	3	0	25	1	1	30	0.166667	6	0.444444	FALSE	NA	NA	NA	NA	NA	NA
NC_045512.2	29254	G	A	3	0	25	1	1	24	0.166667	6	0.444444	FALSE	NA	NA	NA	NA	NA	NA
NC_045512.2	29255	G	T	3	0	27	1	1	28	0.166667	6	0.444444	FALSE	NA	NA	NA	NA	NA	NA
NC_045512.2	29255	G	C	3	0	27	1	1	29	0.166667	6	0.444444	FALSE	NA	NA	NA	NA	NA	NA
NC_045512.2	29255	G	A	3	0	27	1	1	29	0.166667	6	0.444444	FALSE	NA	NA	NA	NA	NA	NA
NC_045512.2	29256	G	T	2	0	20	2	2	24	0.4	5	0.214286	FALSE	NA	NA	NA	NA	NA	NA
NC_045512.2	29256	G	A	2	0	20	1	1	24	0.2	5	0.428571	FALSE	NA	NA	NA	NA	NA	NA
NC_045512.2	29257	A	T	4	1	27	1	1	28	0.2	5	0.555556	FALSE	NA	NA	NA	NA	NA	NA
NC_045512.2	29258	A	T	2	0	23	1	1	26	0.333333	3	0.6	FALSE	NA	NA	NA	NA	NA	NA
NC_045512.2	29377	T	-A	3	0	22	1	0	20	0.333333	3	0.666667	FALSE	NA	NA	NA	NA	NA	NA
