REGION	POS	REF	ALT	REF_DP	REF_RV	REF_QUAL	ALT_DP	ALT_RV	ALT_QUAL	ALT_FREQ	TOTAL_DP	PVAL	PASS	GFF_FEATURE	REF_CODON	REF_AA	ALT_CODON	ALT_AA	POS_AA
NC_045512.2	71	C	G	201	0	35	1	0	25	0.0049505	202	0.876859	FALSE	NA	NA	NA	NA	NA	NA
NC_045512.2	360	G	A	857	0	34	2	0	31	0.00232829	859	0.250146	FALSE	NA	NA	NA	NA	NA	NA
NC_045512.2	361	A	G	896	0	34	1	0	35	0.00111483	897	0.500279	FALSE	NA	NA	NA	NA	NA	NA
NC_045512.2	362	G	A	892	0	35	1	0	35	0.00111982	893	0.50028	FALSE	NA	NA	NA	NA	NA	NA
NC_045512.2	363	A	G	906	0	34	1	0	37	0.00110254	907	0.500276	FALSE	NA	NA	NA	NA	NA	NA
NC_045512.2	383	T	C	933	413	57	1	1	26	0.00107066	934	0.999052	FALSE	NA	NA	NA	NA	NA	NA
NC_045512.2	385	A	G	948	438	64	1	0	21	0.00105374	949	0.999051	FALSE	NA	NA	NA	NA	NA	NA
NC_045512.2	389	G	T	930	432	64	1	0	24	0.00107411	931	0.999052	FALSE	NA	NA	NA	NA	NA	NA
NC_045512.2	406	A	T	841	841	34	2	2	35	0.00237248	843	0.250148	FALSE	NA	NA	NA	NA	NA	NA
NC_045512.2	408	A	G	836	836	34	1	1	36	0.00119332	838	0.5	FALSE	NA	NA	NA	NA	NA	NA
NC_045512.2	408	A	C	836	836	34	1	1	20	0.00119332	838	0.998089	FALSE	NA	NA	NA	NA	NA	NA
NC_045512.2	409	T	A	829	829	34	2	2	34	0.00240674	831	0.250151	FALSE	NA	NA	NA	NA	NA	NA
NC_045512.2	493	T	C	1300	0	34	3	0	32	0.00230061	1304	0.312356	FALSE	NA	NA	NA	NA	NA	NA
NC_045512.2	493	T	A	1300	0	34	1	0	34	0.000766871	1304	0.749712	FALSE	NA	NA	NA	NA	NA	NA
NC_045512.2	494	C	T	1284	0	34	6	0	34	0.00465116	1290	0.0623725	FALSE	NA	NA	NA	NA	NA	NA
NC_045512.2	495	G	C	1190	0	34	2	0	22	0.001657	1207	0.999044	FALSE	NA	NA	NA	NA	NA	NA
NC_045512.2	495	G	A	1190	0	34	15	0	32	0.0124275	1207	0.000248184	TRUE	NA	NA	NA	NA	NA	NA
NC_045512.2	496	A	T	1223	0	31	3	0	28	0.00244499	1227	0.996392	FALSE	NA	NA	NA	NA	NA	NA
NC_045512.2	496	A	G	1223	0	31	1	0	34	0.000814996	1227	0.749694	FALSE	NA	NA	NA	NA	NA	NA
NC_045512.2	497	A	G	1337	0	34	3	0	35	0.00223881	1340	0.31264	FALSE	NA	NA	NA	NA	NA	NA
NC_045512.2	498	C	T	1321	0	33	2	0	32	0.00151172	1323	0.500284	FALSE	NA	NA	NA	NA	NA	NA
NC_045512.2	521	G	A	1264	27	35	4	0	25	0.00315457	1268	0.989604	FALSE	NA	NA	NA	NA	NA	NA
NC_045512.2	522	T	C	1358	628	64	1	0	65	0.000735835	1359	0.500184	FALSE	NA	NA	NA	NA	NA	NA
NC_045512.2	523	T	C	1211	1178	37	6	6	33	0.00492611	1218	0.0622303	FALSE	NA	NA	NA	NA	NA	NA
NC_045512.2	523	T	A	1211	1178	37	1	1	34	0.000821018	1218	0.749073	FALSE	NA	NA	NA	NA	NA	NA
NC_045512.2	524	G	A	1209	1204	36	11	11	33	0.00901639	1220	0.0031277	TRUE	NA	NA	NA	NA	NA	NA
NC_045512.2	525	A	G	1220	1217	34	1	1	38	0.000819001	1221	0.750307	FALSE	NA	NA	NA	NA	NA	NA
NC_045512.2	547	C	T	1147	1147	37	67	67	36	0.0551895	1214	9.68117e-20	TRUE	NA	NA	NA	NA	NA	NA
NC_045512.2	548	A	G	1219	1219	34	2	2	36	0.001638	1221	0.500307	FALSE	NA	NA	NA	NA	NA	NA
NC_045512.2	549	T	C	1210	1210	36	7	7	36	0.00575185	1217	0.0350212	FALSE	NA	NA	NA	NA	NA	NA
NC_045512.2	550	T	C	1212	1212	35	3	3	32	0.00246914	1215	0.312654	FALSE	NA	NA	NA	NA	NA	NA
NC_045512.2	551	C	T	1156	1156	36	1	1	37	0.000864304	1157	0.750324	FALSE	NA	NA	NA	NA	NA	NA
NC_045512.2	615	C	-T	135	10	32	1	0	20	0.00740741	135	0.754619	FALSE	NA	NA	NA	NA	NA	NA
NC_045512.2	652	A	T	91	91	32	1	1	20	0.0108696	92	0.502732	FALSE	NA	NA	NA	NA	NA	NA
NC_045512.2	736	T	C	162	136	32	2	2	33	0.0121951	164	0.250765	FALSE	NA	NA	NA	NA	NA	NA
NC_045512.2	738	A	G	165	141	33	3	0	29	0.0178571	168	0.313621	FALSE	NA	NA	NA	NA	NA	NA
NC_045512.2	763	C	T	159	128	32	1	1	36	0.00625	160	0.501567	FALSE	NA	NA	NA	NA	NA	NA
NC_045512.2	764	A	G	172	141	33	2	1	36	0.0114943	174	0.25072	FALSE	NA	NA	NA	NA	NA	NA
NC_045512.2	823	C	T	593	0	35	1	0	35	0.0016835	594	0.500421	FALSE	NA	NA	NA	NA	NA	NA
NC_045512.2	845	G	A	727	319	54	2	0	52	0.00274348	729	0.250172	FALSE	NA	NA	NA	NA	NA	NA
NC_045512.2	847	T	C	735	323	53	1	0	32	0.0013587	736	0.50034	FALSE	NA	NA	NA	NA	NA	NA
NC_045512.2	849	G	A	710	307	53	1	0	26	0.00140647	711	0.996192	FALSE	NA	NA	NA	NA	NA	NA
NC_045512.2	850	C	T	726	322	55	1	0	32	0.00137552	727	0.500344	FALSE	NA	NA	NA	NA	NA	NA
NC_045512.2	851	T	C	729	315	52	1	0	31	0.00136986	730	0.500343	FALSE	NA	NA	NA	NA	NA	NA
NC_045512.2	867	T	C	487	487	33	1	1	38	0.00204499	489	0.5	FALSE	NA	NA	NA	NA	NA	NA
NC_045512.2	867	T	A	487	487	33	1	1	33	0.00204499	489	0.5	FALSE	NA	NA	NA	NA	NA	NA
NC_045512.2	868	T	C	511	511	35	6	6	36	0.0115607	519	0.0153095	FALSE	NA	NA	NA	NA	NA	NA
NC_045512.2	868	T	A	511	511	35	2	2	34	0.00385356	519	0.247338	FALSE	NA	NA	NA	NA	NA	NA
NC_045512.2	933	A	T	402	0	30	2	0	30	0.0049505	404	0.25031	FALSE	NA	NA	NA	NA	NA	NA
NC_045512.2	935	A	G	511	0	35	1	0	30	0.00195312	512	0.500489	FALSE	NA	NA	NA	NA	NA	NA
NC_045512.2	956	T	A	540	144	50	1	1	31	0.00184843	541	0.500463	FALSE	NA	NA	NA	NA	NA	NA
NC_045512.2	957	G	A	531	145	52	2	0	36	0.00375235	533	0.250235	FALSE	NA	NA	NA	NA	NA	NA
NC_045512.2	977	A	G	286	286	34	1	1	37	0.00348432	287	0.500873	FALSE	NA	NA	NA	NA	NA	NA
NC_045512.2	981	C	T	283	283	35	1	1	36	0.00352113	284	0.500882	FALSE	NA	NA	NA	NA	NA	NA
NC_045512.2	983	T	C	272	272	36	1	1	39	0.003663	273	0.500917	FALSE	NA	NA	NA	NA	NA	NA
NC_045512.2	1061	T	C	1745	0	34	3	0	36	0.00171625	1748	0.312607	FALSE	NA	NA	NA	NA	NA	NA
NC_045512.2	1062	T	C	1804	0	34	8	0	36	0.00441501	1812	0.0194536	FALSE	NA	NA	NA	NA	NA	NA
NC_045512.2	1063	C	T	1813	0	36	3	0	34	0.00165198	1816	0.312603	FALSE	NA	NA	NA	NA	NA	NA
NC_045512.2	1064	A	G	1814	0	36	1	0	39	0.000550964	1815	0.750207	FALSE	NA	NA	NA	NA	NA	NA
NC_045512.2	1065	A	G	1812	0	35	5	0	38	0.00275179	1817	0.10931	FALSE	NA	NA	NA	NA	NA	NA
NC_045512.2	1088	T	C	2041	1109	63	1	1	24	0.000489716	2042	1	FALSE	NA	NA	NA	NA	NA	NA
NC_045512.2	1089	T	C	2042	1114	64	7	5	60	0.00341463	2050	0.0077725	TRUE	NA	NA	NA	NA	NA	NA
NC_045512.2	1089	T	A	2042	1114	64	1	1	70	0.000487805	2050	0.499267	FALSE	NA	NA	NA	NA	NA	NA
NC_045512.2	1090	T	C	2042	1112	64	5	3	66	0.00244141	2048	0.0311737	FALSE	NA	NA	NA	NA	NA	NA
NC_045512.2	1090	T	A	2042	1112	64	1	1	72	0.000488281	2048	0.499511	FALSE	NA	NA	NA	NA	NA	NA
NC_045512.2	1091	C	T	1862	1827	34	2	2	35	0.00107296	1864	0.500201	FALSE	NA	NA	NA	NA	NA	NA
NC_045512.2	1092	C	T	1821	1816	35	1	1	35	0.000548246	1824	0.749931	FALSE	NA	NA	NA	NA	NA	NA
NC_045512.2	1092	C	G	1821	1816	35	1	1	21	0.000548246	1824	0.999998	FALSE	NA	NA	NA	NA	NA	NA
NC_045512.2	1092	C	A	1821	1816	35	1	1	20	0.000548246	1824	0.999998	FALSE	NA	NA	NA	NA	NA	NA
NC_045512.2	1110	A	C	2015	2015	34	1	1	35	0.000496032	2016	0.875186	FALSE	NA	NA	NA	NA	NA	NA
NC_045512.2	1111	G	A	1958	1958	34	2	2	34	0.00102041	1960	0.500191	FALSE	NA	NA	NA	NA	NA	NA
NC_045512.2	1113	C	T	1948	1948	35	3	3	26	0.00153767	1951	0.999942	FALSE	NA	NA	NA	NA	NA	NA
NC_045512.2	1114	T	C	1986	1986	34	2	2	35	0.00100553	1989	0.5	FALSE	NA	NA	NA	NA	NA	NA
NC_045512.2	1114	T	A	1986	1986	34	1	1	35	0.000502765	1989	0.749937	FALSE	NA	NA	NA	NA	NA	NA
NC_045512.2	1115	A	G	1986	1986	33	3	3	32	0.00150678	1991	0.312217	FALSE	NA	NA	NA	NA	NA	NA
NC_045512.2	1115	A	C	1986	1986	33	2	2	27	0.00100452	1991	0.99999	FALSE	NA	NA	NA	NA	NA	NA
NC_045512.2	1116	T	C	1821	1821	35	6	6	35	0.00328228	1828	0.0623204	FALSE	NA	NA	NA	NA	NA	NA
NC_045512.2	1116	T	A	1821	1821	35	1	1	34	0.000547046	1828	0.749383	FALSE	NA	NA	NA	NA	NA	NA
NC_045512.2	1118	C	T	1	1	37	1	1	36	0.5	2	0.666667	FALSE	NA	NA	NA	NA	NA	NA
NC_045512.2	1155	T	C	1408	0	34	7	0	36	0.00494001	1417	0.0348862	FALSE	NA	NA	NA	NA	NA	NA
NC_045512.2	1155	T	A	1408	0	34	2	0	36	0.00141143	1417	0.498407	FALSE	NA	NA	NA	NA	NA	NA
NC_045512.2	1156	G	C	1545	0	36	1	0	38	0.000646831	1546	0.750243	FALSE	NA	NA	NA	NA	NA	NA
NC_045512.2	1157	G	A	1355	0	33	2	0	31	0.00147384	1357	0.500277	FALSE	NA	NA	NA	NA	NA	NA
NC_045512.2	1181	G	C	1528	0	35	1	0	29	0.000654022	1529	0.999985	FALSE	NA	NA	NA	NA	NA	NA
NC_045512.2	1182	T	C	1573	2	33	3	0	37	0.00190355	1576	0.312619	FALSE	NA	NA	NA	NA	NA	NA
NC_045512.2	1183	T	C	1590	45	35	8	1	41	0.00500626	1598	0.00388181	TRUE	NA	NA	NA	NA	NA	NA
NC_045512.2	1184	G	A	1837	1081	64	2	1	70	0.00108755	1839	0.250068	FALSE	NA	NA	NA	NA	NA	NA
NC_045512.2	1185	C	T	1740	1653	38	2	2	35	0.00114745	1743	0.5	FALSE	NA	NA	NA	NA	NA	NA
NC_045512.2	1185	C	A	1740	1653	38	1	1	22	0.000573723	1743	0.999996	FALSE	NA	NA	NA	NA	NA	NA
NC_045512.2	1186	G	A	1821	1819	35	1	1	35	0.000548847	1822	0.750206	FALSE	NA	NA	NA	NA	NA	NA
NC_045512.2	1187	T	C	1755	1754	34	10	10	36	0.00566251	1766	0.00579865	TRUE	NA	NA	NA	NA	NA	NA
NC_045512.2	1187	T	A	1755	1754	34	1	1	35	0.000566251	1766	0.748791	FALSE	NA	NA	NA	NA	NA	NA
NC_045512.2	1208	A	G	1804	1804	33	2	2	31	0.00110742	1806	0.500208	FALSE	NA	NA	NA	NA	NA	NA
NC_045512.2	1209	T	G	1823	1823	35	1	1	33	0.000546747	1829	0.749521	FALSE	NA	NA	NA	NA	NA	NA
NC_045512.2	1209	T	C	1823	1823	35	5	5	37	0.00273373	1829	0.109183	FALSE	NA	NA	NA	NA	NA	NA
NC_045512.2	1210	G	A	1817	1817	35	2	2	35	0.00109951	1819	0.500206	FALSE	NA	NA	NA	NA	NA	NA
NC_045512.2	1211	T	C	1826	1826	35	4	4	34	0.00218579	1830	0.1875	FALSE	NA	NA	NA	NA	NA	NA
NC_045512.2	1213	C	T	1642	1642	33	4	4	31	0.00243013	1646	0.1875	FALSE	NA	NA	NA	NA	NA	NA
NC_045512.2	1285	T	C	321	0	34	1	0	38	0.00310559	322	0.500778	FALSE	NA	NA	NA	NA	NA	NA
NC_045512.2	1286	T	C	322	0	34	1	0	33	0.00309598	323	0.500775	FALSE	NA	NA	NA	NA	NA	NA
NC_045512.2	1313	A	T	357	204	63	1	0	69	0.00278552	359	0.5	FALSE	NA	NA	NA	NA	NA	NA
NC_045512.2	1313	A	G	357	204	63	1	1	66	0.00278552	359	0.5	FALSE	NA	NA	NA	NA	NA	NA
NC_045512.2	1314	C	T	328	324	36	1	1	35	0.00303951	329	0.500761	FALSE	NA	NA	NA	NA	NA	NA
NC_045512.2	1337	G	C	339	339	35	1	1	25	0.00294118	340	0.938418	FALSE	NA	NA	NA	NA	NA	NA
NC_045512.2	1338	G	A	334	334	35	1	1	35	0.00298507	335	0.500747	FALSE	NA	NA	NA	NA	NA	NA
NC_045512.2	1423	A	G	50	13	34	1	0	33	0.0196078	51	0.50495	FALSE	NA	NA	NA	NA	NA	NA
NC_045512.2	1531	T	C	306	0	33	1	0	32	0.00325733	307	0.500816	FALSE	NA	NA	NA	NA	NA	NA
NC_045512.2	1532	T	A	310	0	33	1	0	24	0.00321543	311	0.938504	FALSE	NA	NA	NA	NA	NA	NA
NC_045512.2	1551	C	T	325	108	59	1	0	31	0.00306748	326	0.500768	FALSE	NA	NA	NA	NA	NA	NA
NC_045512.2	1646	A	G	574	0	35	1	0	39	0.00173913	575	0.500435	FALSE	NA	NA	NA	NA	NA	NA
NC_045512.2	1647	T	C	572	0	33	2	0	35	0.00348432	574	0.250218	FALSE	NA	NA	NA	NA	NA	NA
NC_045512.2	1650	A	G	573	0	35	1	0	37	0.00174216	574	0.500436	FALSE	NA	NA	NA	NA	NA	NA
NC_045512.2	1675	T	C	527	524	36	1	1	38	0.00189394	528	0.500474	FALSE	NA	NA	NA	NA	NA	NA
NC_045512.2	1677	A	T	524	524	34	1	1	35	0.00190476	525	0.500477	FALSE	NA	NA	NA	NA	NA	NA
NC_045512.2	1700	T	C	522	522	35	1	1	39	0.00191205	523	0.500478	FALSE	NA	NA	NA	NA	NA	NA
NC_045512.2	1702	T	C	495	495	35	6	6	37	0.011976	501	0.0154843	FALSE	NA	NA	NA	NA	NA	NA
NC_045512.2	1746	T	C	766	0	34	4	0	35	0.00519481	770	0.0624185	FALSE	NA	NA	NA	NA	NA	NA
NC_045512.2	1769	A	G	797	0	35	2	0	38	0.00250313	799	0.250157	FALSE	NA	NA	NA	NA	NA	NA
NC_045512.2	1773	T	C	773	0	33	1	0	37	0.00129199	774	0.500323	FALSE	NA	NA	NA	NA	NA	NA
NC_045512.2	1774	T	C	789	14	35	2	0	30	0.00252525	792	0.249842	FALSE	NA	NA	NA	NA	NA	NA
NC_045512.2	1774	T	A	789	14	35	1	0	25	0.00126263	792	0.996143	FALSE	NA	NA	NA	NA	NA	NA
NC_045512.2	1775	G	A	881	457	66	1	1	69	0.00113379	882	0.500284	FALSE	NA	NA	NA	NA	NA	NA
NC_045512.2	1776	A	G	840	820	34	3	2	46	0.00355872	843	0.125	FALSE	NA	NA	NA	NA	NA	NA
NC_045512.2	1802	A	G	849	849	33	3	3	36	0.00352113	852	0.125	FALSE	NA	NA	NA	NA	NA	NA
NC_045512.2	1803	A	G	850	850	34	2	2	36	0.00234742	852	0.250147	FALSE	NA	NA	NA	NA	NA	NA
NC_045512.2	1804	A	T	825	825	34	3	3	36	0.00362319	828	0.125	FALSE	NA	NA	NA	NA	NA	NA
NC_045512.2	1883	G	C	192	136	52	1	1	21	0.00518135	193	0.751948	FALSE	NA	NA	NA	NA	NA	NA
NC_045512.2	1888	T	C	188	188	33	1	1	35	0.00529101	189	0.501326	FALSE	NA	NA	NA	NA	NA	NA
NC_045512.2	1904	A	-T	188	188	33	1	0	20	0.00531915	188	0.753319	FALSE	NA	NA	NA	NA	NA	NA
NC_045512.2	1910	T	C	189	189	34	1	1	36	0.00526316	190	0.501319	FALSE	NA	NA	NA	NA	NA	NA
NC_045512.2	1991	T	C	71	0	34	1	0	37	0.0138889	72	0.503497	FALSE	NA	NA	NA	NA	NA	NA
NC_045512.2	1994	T	C	81	0	34	1	0	38	0.0121951	82	0.503067	FALSE	NA	NA	NA	NA	NA	NA
NC_045512.2	1995	C	T	82	0	35	1	0	34	0.0120482	83	0.50303	FALSE	NA	NA	NA	NA	NA	NA
NC_045512.2	1999	G	A	84	0	36	1	0	37	0.0117647	85	0.502959	FALSE	NA	NA	NA	NA	NA	NA
NC_045512.2	2037	C	T	105	105	35	1	1	36	0.00943396	106	0.50237	FALSE	NA	NA	NA	NA	NA	NA
NC_045512.2	2147	C	T	533	533	37	2	2	35	0.00373832	535	0.250234	FALSE	NA	NA	NA	NA	NA	NA
NC_045512.2	2152	T	C	514	514	36	1	1	36	0.00193424	517	0.499515	FALSE	NA	NA	NA	NA	NA	NA
NC_045512.2	2152	T	A	514	514	36	2	2	33	0.00386847	517	0.249758	FALSE	NA	NA	NA	NA	NA	NA
NC_045512.2	2338	C	T	81	81	35	1	1	37	0.0121951	82	0.503067	FALSE	NA	NA	NA	NA	NA	NA
NC_045512.2	2449	C	T	383	0	36	3	0	35	0.00777202	386	0.124999	FALSE	NA	NA	NA	NA	NA	NA
NC_045512.2	2478	A	G	381	369	36	1	1	35	0.0026178	382	0.500655	FALSE	NA	NA	NA	NA	NA	NA
NC_045512.2	2479	A	G	377	377	34	1	1	37	0.0026455	378	0.500662	FALSE	NA	NA	NA	NA	NA	NA
NC_045512.2	2503	A	G	377	377	33	3	3	37	0.00789474	380	0.124999	FALSE	NA	NA	NA	NA	NA	NA
NC_045512.2	2506	T	C	339	339	33	3	3	37	0.00877193	342	0.124999	FALSE	NA	NA	NA	NA	NA	NA
NC_045512.2	2583	C	T	179	0	35	2	0	34	0.0110497	181	0.250693	FALSE	NA	NA	NA	NA	NA	NA
NC_045512.2	2622	A	G	174	174	34	1	1	36	0.00571429	175	0.501433	FALSE	NA	NA	NA	NA	NA	NA
NC_045512.2	2623	C	G	167	167	36	1	1	32	0.00595238	168	0.501493	FALSE	NA	NA	NA	NA	NA	NA
NC_045512.2	2628	T	C	174	174	35	1	1	38	0.00571429	175	0.501433	FALSE	NA	NA	NA	NA	NA	NA
NC_045512.2	2687	G	A	141	0	34	1	0	35	0.00704225	142	0.501767	FALSE	NA	NA	NA	NA	NA	NA
NC_045512.2	2688	T	C	147	0	34	1	0	27	0.00675676	148	0.752542	FALSE	NA	NA	NA	NA	NA	NA
NC_045512.2	2709	T	A	148	0	33	1	0	35	0.00671141	149	0.501684	FALSE	NA	NA	NA	NA	NA	NA
NC_045512.2	2743	T	C	108	108	35	3	3	35	0.027027	111	0.124992	FALSE	NA	NA	NA	NA	NA	NA
NC_045512.2	2821	A	G	345	0	35	1	0	39	0.00289017	346	0.500724	FALSE	NA	NA	NA	NA	NA	NA
NC_045512.2	2844	A	G	353	176	66	7	4	72	0.0194444	360	0.00766038	TRUE	NA	NA	NA	NA	NA	NA
NC_045512.2	2871	A	G	311	311	34	1	1	38	0.00320513	312	0.500803	FALSE	NA	NA	NA	NA	NA	NA
NC_045512.2	2928	A	G	345	0	35	1	0	39	0.00289017	346	0.500724	FALSE	NA	NA	NA	NA	NA	NA
NC_045512.2	2954	T	C	386	189	61	3	2	68	0.00771208	389	0.124999	FALSE	NA	NA	NA	NA	NA	NA
NC_045512.2	2958	A	G	347	347	33	3	3	27	0.00857143	350	0.658269	FALSE	NA	NA	NA	NA	NA	NA
NC_045512.2	2979	A	G	340	340	33	6	6	34	0.017341	346	0.015421	FALSE	NA	NA	NA	NA	NA	NA
NC_045512.2	2981	T	C	327	327	33	1	1	34	0.00304878	328	0.500763	FALSE	NA	NA	NA	NA	NA	NA
NC_045512.2	3037	C	T	0	0	0	236	0	34	1	236	4.4682e-141	TRUE	NA	NA	NA	NA	NA	NA
NC_045512.2	3159	C	G	175	0	35	1	0	25	0.00568182	176	0.752137	FALSE	NA	NA	NA	NA	NA	NA
NC_045512.2	3184	A	G	179	4	36	1	0	40	0.00555556	180	0.501393	FALSE	NA	NA	NA	NA	NA	NA
NC_045512.2	3211	T	C	205	205	34	4	4	38	0.0191388	209	0.062197	FALSE	NA	NA	NA	NA	NA	NA
NC_045512.2	3274	A	G	270	0	35	2	0	37	0.00735294	272	0.25046	FALSE	NA	NA	NA	NA	NA	NA
NC_045512.2	3297	A	G	291	0	35	1	0	39	0.00342466	292	0.500858	FALSE	NA	NA	NA	NA	NA	NA
NC_045512.2	3299	T	C	286	4	34	3	0	37	0.0103806	289	0.124999	FALSE	NA	NA	NA	NA	NA	NA
NC_045512.2	3303	A	G	318	167	64	1	0	76	0.0031348	319	0.500785	FALSE	NA	NA	NA	NA	NA	NA
NC_045512.2	3305	A	G	298	297	34	2	2	36	0.00666667	300	0.250417	FALSE	NA	NA	NA	NA	NA	NA
NC_045512.2	3329	A	G	292	292	34	1	1	28	0.00341297	293	0.876281	FALSE	NA	NA	NA	NA	NA	NA
NC_045512.2	3394	A	T	1037	0	35	1	0	33	0.000963391	1038	0.750361	FALSE	NA	NA	NA	NA	NA	NA
NC_045512.2	3395	G	A	1039	0	35	2	0	37	0.00192123	1041	0.500361	FALSE	NA	NA	NA	NA	NA	NA
NC_045512.2	3396	A	G	1050	0	33	2	0	28	0.00190114	1052	0.99691	FALSE	NA	NA	NA	NA	NA	NA
NC_045512.2	3397	C	T	1040	0	34	1	0	34	0.000960615	1041	0.75036	FALSE	NA	NA	NA	NA	NA	NA
NC_045512.2	3398	A	T	1066	0	35	2	0	35	0.00186916	1070	0.499649	FALSE	NA	NA	NA	NA	NA	NA
NC_045512.2	3398	A	G	1066	0	35	2	0	37	0.00186916	1070	0.499649	FALSE	NA	NA	NA	NA	NA	NA
NC_045512.2	3414	A	G	1072	230	49	1	1	28	0.000931966	1073	0.999527	FALSE	NA	NA	NA	NA	NA	NA
NC_045512.2	3432	T	C	469	469	35	1	1	38	0.00212766	470	0.500532	FALSE	NA	NA	NA	NA	NA	NA
NC_045512.2	3433	G	T	451	451	35	5	5	36	0.0107296	466	0.0294235	FALSE	NA	NA	NA	NA	NA	NA
NC_045512.2	3433	G	A	451	451	35	10	10	34	0.0214592	466	0.000889999	TRUE	NA	NA	NA	NA	NA	NA
NC_045512.2	3435	T	A	464	464	34	1	1	31	0.00215054	465	0.500538	FALSE	NA	NA	NA	NA	NA	NA
NC_045512.2	3438	T	A	464	464	35	1	1	24	0.00215054	465	0.969253	FALSE	NA	NA	NA	NA	NA	NA
NC_045512.2	3439	T	C	394	394	34	2	2	36	0.00505051	396	0.250316	FALSE	NA	NA	NA	NA	NA	NA
NC_045512.2	3507	A	G	594	0	35	2	0	36	0.0033557	596	0.25021	FALSE	NA	NA	NA	NA	NA	NA
NC_045512.2	3508	T	C	611	0	33	1	0	38	0.00163399	612	0.500409	FALSE	NA	NA	NA	NA	NA	NA
NC_045512.2	3531	A	T	606	0	34	1	0	32	0.00164474	608	0.5	FALSE	NA	NA	NA	NA	NA	NA
NC_045512.2	3531	A	G	606	0	34	1	0	37	0.00164474	608	0.5	FALSE	NA	NA	NA	NA	NA	NA
NC_045512.2	3533	T	C	618	0	34	2	0	37	0.00322581	620	0.250202	FALSE	NA	NA	NA	NA	NA	NA
NC_045512.2	3534	A	C	617	2	36	2	0	37	0.00323102	619	0.250202	FALSE	NA	NA	NA	NA	NA	NA
NC_045512.2	3536	A	G	638	331	68	3	0	55	0.00468019	641	0.125	FALSE	NA	NA	NA	NA	NA	NA
NC_045512.2	3537	T	C	638	625	37	1	1	36	0.00156495	639	0.500392	FALSE	NA	NA	NA	NA	NA	NA
NC_045512.2	3538	A	G	637	634	34	2	2	38	0.00312989	639	0.250196	FALSE	NA	NA	NA	NA	NA	NA
NC_045512.2	3539	G	A	632	632	35	3	3	31	0.00472441	635	0.125	FALSE	NA	NA	NA	NA	NA	NA
NC_045512.2	3543	C	T	625	625	36	2	2	36	0.00318979	627	0.2502	FALSE	NA	NA	NA	NA	NA	NA
NC_045512.2	3557	A	G	637	637	34	2	2	34	0.00312989	639	0.250196	FALSE	NA	NA	NA	NA	NA	NA
NC_045512.2	3558	A	G	636	636	34	2	2	36	0.0031348	638	0.250196	FALSE	NA	NA	NA	NA	NA	NA
NC_045512.2	3559	A	G	636	636	34	1	1	36	0.00156986	637	0.500393	FALSE	NA	NA	NA	NA	NA	NA
NC_045512.2	3561	T	A	635	635	35	2	2	34	0.00313972	637	0.250196	FALSE	NA	NA	NA	NA	NA	NA
NC_045512.2	3562	G	A	637	637	36	1	1	32	0.0015674	638	0.500392	FALSE	NA	NA	NA	NA	NA	NA
NC_045512.2	3564	G	A	631	631	35	3	3	34	0.00473186	634	0.125	FALSE	NA	NA	NA	NA	NA	NA
NC_045512.2	3565	T	C	600	600	36	1	1	39	0.00166113	602	0.5	FALSE	NA	NA	NA	NA	NA	NA
NC_045512.2	3565	T	A	600	600	36	1	1	35	0.00166113	602	0.5	FALSE	NA	NA	NA	NA	NA	NA
NC_045512.2	3637	A	G	367	0	35	1	0	34	0.00271739	368	0.50068	FALSE	NA	NA	NA	NA	NA	NA
NC_045512.2	3662	A	G	448	1	35	2	0	38	0.00444444	450	0.250278	FALSE	NA	NA	NA	NA	NA	NA
NC_045512.2	3665	G	A	998	772	48	2	2	70	0.002	1000	0.250125	FALSE	NA	NA	NA	NA	NA	NA
NC_045512.2	3666	C	T	1008	784	49	2	2	48	0.0019802	1010	0.250124	FALSE	NA	NA	NA	NA	NA	NA
NC_045512.2	3667	T	C	1031	989	36	1	1	35	0.000968992	1032	0.750364	FALSE	NA	NA	NA	NA	NA	NA
NC_045512.2	3668	T	A	1019	1012	35	1	1	20	0.000980392	1020	0.999527	FALSE	NA	NA	NA	NA	NA	NA
NC_045512.2	3669	A	G	1046	1039	34	2	2	29	0.0019084	1048	0.99691	FALSE	NA	NA	NA	NA	NA	NA
NC_045512.2	3688	C	T	899	899	33	1	1	22	0.00111111	900	0.999048	FALSE	NA	NA	NA	NA	NA	NA
NC_045512.2	3690	A	G	1039	1039	33	3	3	37	0.00287908	1042	0.31268	FALSE	NA	NA	NA	NA	NA	NA
NC_045512.2	3693	T	G	1046	1046	34	1	1	30	0.000954198	1048	0.750119	FALSE	NA	NA	NA	NA	NA	NA
NC_045512.2	3693	T	C	1046	1046	34	1	1	34	0.000954198	1048	0.750119	FALSE	NA	NA	NA	NA	NA	NA
NC_045512.2	3694	T	C	949	949	32	3	3	34	0.00314795	953	0.124803	FALSE	NA	NA	NA	NA	NA	NA
NC_045512.2	3694	T	A	949	949	32	1	1	22	0.00104932	953	0.999036	FALSE	NA	NA	NA	NA	NA	NA
NC_045512.2	3765	A	G	706	0	33	4	0	33	0.0056338	710	0.0624116	FALSE	NA	NA	NA	NA	NA	NA
NC_045512.2	3766	T	A	748	0	33	1	0	36	0.00133511	749	0.500334	FALSE	NA	NA	NA	NA	NA	NA
NC_045512.2	3767	A	T	748	0	34	1	0	30	0.00133333	750	0.5	FALSE	NA	NA	NA	NA	NA	NA
NC_045512.2	3767	A	G	748	0	34	1	0	35	0.00133333	750	0.5	FALSE	NA	NA	NA	NA	NA	NA
NC_045512.2	3770	G	A	709	0	35	2	0	36	0.00281294	711	0.250176	FALSE	NA	NA	NA	NA	NA	NA
NC_045512.2	3793	T	C	755	9	34	1	0	32	0.00132275	756	0.500331	FALSE	NA	NA	NA	NA	NA	NA
NC_045512.2	3795	T	C	529	517	36	8	8	34	0.0148976	537	0.00383358	TRUE	NA	NA	NA	NA	NA	NA
NC_045512.2	3797	T	C	534	534	35	1	1	37	0.00186916	535	0.500468	FALSE	NA	NA	NA	NA	NA	NA
NC_045512.2	3798	T	C	531	531	35	3	3	38	0.00561798	534	0.125	FALSE	NA	NA	NA	NA	NA	NA
NC_045512.2	3799	T	A	536	536	35	1	1	34	0.0018622	537	0.500466	FALSE	NA	NA	NA	NA	NA	NA
NC_045512.2	3817	C	T	495	495	37	39	39	36	0.0730337	534	9.19015e-13	TRUE	NA	NA	NA	NA	NA	NA
NC_045512.2	3821	C	G	504	504	35	1	1	22	0.0019802	505	0.984699	FALSE	NA	NA	NA	NA	NA	NA
NC_045512.2	3823	T	C	522	522	36	1	1	39	0.00191205	523	0.500478	FALSE	NA	NA	NA	NA	NA	NA
NC_045512.2	3872	A	G	564	0	34	1	0	30	0.00176991	565	0.500443	FALSE	NA	NA	NA	NA	NA	NA
NC_045512.2	3873	T	C	565	0	34	1	0	36	0.00176678	566	0.500442	FALSE	NA	NA	NA	NA	NA	NA
NC_045512.2	3875	G	C	551	0	36	1	0	35	0.00180832	553	0.5	FALSE	NA	NA	NA	NA	NA	NA
NC_045512.2	3875	G	A	551	0	36	1	0	37	0.00180832	553	0.5	FALSE	NA	NA	NA	NA	NA	NA
NC_045512.2	3897	T	C	542	0	32	1	0	35	0.00183824	544	0.5	FALSE	NA	NA	NA	NA	NA	NA
NC_045512.2	3897	T	A	542	0	32	1	0	21	0.00183824	544	0.98459	FALSE	NA	NA	NA	NA	NA	NA
NC_045512.2	3898	T	C	562	0	33	1	0	37	0.0017762	563	0.500444	FALSE	NA	NA	NA	NA	NA	NA
NC_045512.2	3899	A	G	568	9	37	1	0	35	0.00175747	569	0.50044	FALSE	NA	NA	NA	NA	NA	NA
NC_045512.2	3902	C	T	471	469	35	2	2	31	0.00421941	474	0.249735	FALSE	NA	NA	NA	NA	NA	NA
NC_045512.2	3902	C	G	471	469	35	1	1	20	0.0021097	474	0.968916	FALSE	NA	NA	NA	NA	NA	NA
NC_045512.2	3904	A	G	481	481	33	4	4	35	0.00824742	485	0.0623704	FALSE	NA	NA	NA	NA	NA	NA
NC_045512.2	3925	T	C	493	493	34	2	2	29	0.0040404	495	0.89181	FALSE	NA	NA	NA	NA	NA	NA
NC_045512.2	3929	G	A	471	471	35	2	2	35	0.00422833	473	0.250265	FALSE	NA	NA	NA	NA	NA	NA
NC_045512.2	3994	G	A	157	0	36	1	0	37	0.00632911	158	0.501587	FALSE	NA	NA	NA	NA	NA	NA
NC_045512.2	3996	A	G	151	0	32	1	0	37	0.00657895	152	0.50165	FALSE	NA	NA	NA	NA	NA	NA
NC_045512.2	3997	A	G	170	0	33	1	0	37	0.00584795	171	0.501466	FALSE	NA	NA	NA	NA	NA	NA
NC_045512.2	4008	T	C	378	288	48	1	1	33	0.00263852	379	0.500661	FALSE	NA	NA	NA	NA	NA	NA
NC_045512.2	4031	T	C	393	393	35	1	1	37	0.00253807	394	0.500635	FALSE	NA	NA	NA	NA	NA	NA
NC_045512.2	4103	A	G	629	0	35	2	0	36	0.00316957	631	0.250198	FALSE	NA	NA	NA	NA	NA	NA
NC_045512.2	4150	T	A	669	669	35	1	1	25	0.00149254	670	0.99235	FALSE	NA	NA	NA	NA	NA	NA
NC_045512.2	4219	A	G	289	0	30	1	0	23	0.00344828	290	0.876294	FALSE	NA	NA	NA	NA	NA	NA
NC_045512.2	4253	C	G	52	52	33	1	1	26	0.0188679	53	0.504762	FALSE	NA	NA	NA	NA	NA	NA
NC_045512.2	4275	A	G	34	34	34	1	1	33	0.0285714	35	0.507246	FALSE	NA	NA	NA	NA	NA	NA
NC_045512.2	4326	A	T	690	0	36	1	0	35	0.001443	693	0.499638	FALSE	NA	NA	NA	NA	NA	NA
NC_045512.2	4326	A	G	690	0	36	2	0	39	0.002886	693	0.249819	FALSE	NA	NA	NA	NA	NA	NA
NC_045512.2	4351	T	C	753	383	66	1	0	73	0.00132626	754	0.500332	FALSE	NA	NA	NA	NA	NA	NA
NC_045512.2	4353	A	C	750	383	65	3	0	31	0.00398406	753	0.125	FALSE	NA	NA	NA	NA	NA	NA
NC_045512.2	4373	A	G	701	701	33	1	1	36	0.0014245	702	0.500356	FALSE	NA	NA	NA	NA	NA	NA
NC_045512.2	4374	C	T	684	684	36	1	1	36	0.00145985	685	0.500365	FALSE	NA	NA	NA	NA	NA	NA
NC_045512.2	4445	G	A	793	0	35	2	0	35	0.00251572	795	0.250157	FALSE	NA	NA	NA	NA	NA	NA
NC_045512.2	4446	A	T	804	0	33	1	0	31	0.00124224	805	0.500311	FALSE	NA	NA	NA	NA	NA	NA
NC_045512.2	4448	A	G	827	0	35	2	0	37	0.00240964	830	0.249849	FALSE	NA	NA	NA	NA	NA	NA
NC_045512.2	4448	A	C	827	0	35	1	0	38	0.00120482	830	0.499698	FALSE	NA	NA	NA	NA	NA	NA
NC_045512.2	4481	T	C	1060	1060	35	1	1	39	0.000942507	1061	0.750354	FALSE	NA	NA	NA	NA	NA	NA
NC_045512.2	4484	A	T	1055	1055	33	2	2	36	0.00189215	1057	0.500355	FALSE	NA	NA	NA	NA	NA	NA
NC_045512.2	4485	A	G	1061	1061	34	2	2	35	0.00188147	1063	0.500353	FALSE	NA	NA	NA	NA	NA	NA
NC_045512.2	4487	G	A	1049	1049	35	1	1	34	0.000952381	1050	0.750357	FALSE	NA	NA	NA	NA	NA	NA
NC_045512.2	4488	G	C	981	981	34	1	1	29	0.00101833	982	0.999051	FALSE	NA	NA	NA	NA	NA	NA
NC_045512.2	4559	G	A	1289	0	35	1	0	35	0.000775194	1290	0.750291	FALSE	NA	NA	NA	NA	NA	NA
NC_045512.2	4561	G	A	1328	0	35	1	0	37	0.000752445	1329	0.750282	FALSE	NA	NA	NA	NA	NA	NA
NC_045512.2	4562	T	A	1386	0	34	1	0	35	0.000720981	1387	0.75027	FALSE	NA	NA	NA	NA	NA	NA
NC_045512.2	4600	T	C	1399	1399	35	4	4	34	0.00285103	1403	0.1875	FALSE	NA	NA	NA	NA	NA	NA
NC_045512.2	4601	G	A	1390	1390	35	5	5	34	0.00358423	1395	0.109291	FALSE	NA	NA	NA	NA	NA	NA
NC_045512.2	4602	T	C	1394	1394	35	8	8	37	0.00570613	1402	0.0194308	FALSE	NA	NA	NA	NA	NA	NA
NC_045512.2	4603	T	C	1403	1403	35	1	1	39	0.000712251	1404	0.750267	FALSE	NA	NA	NA	NA	NA	NA
NC_045512.2	4606	A	T	1390	1390	33	7	7	35	0.00501074	1397	0.0350386	FALSE	NA	NA	NA	NA	NA	NA
NC_045512.2	4608	T	C	1351	1351	35	9	9	35	0.00661765	1360	0.0106614	FALSE	NA	NA	NA	NA	NA	NA
NC_045512.2	4689	T	C	358	0	32	2	0	33	0.00555556	360	0.250348	FALSE	NA	NA	NA	NA	NA	NA
NC_045512.2	4692	C	T	371	0	34	1	0	35	0.00268817	372	0.500673	FALSE	NA	NA	NA	NA	NA	NA
NC_045512.2	4714	T	C	374	1	34	1	0	21	0.00266667	375	0.938333	FALSE	NA	NA	NA	NA	NA	NA
NC_045512.2	4716	C	T	432	238	67	1	1	66	0.00230947	433	0.500578	FALSE	NA	NA	NA	NA	NA	NA
NC_045512.2	4738	T	C	430	430	35	1	1	38	0.00232019	431	0.500581	FALSE	NA	NA	NA	NA	NA	NA
NC_045512.2	4739	T	C	406	406	34	16	16	36	0.0378251	423	1.32012e-05	TRUE	NA	NA	NA	NA	NA	NA
NC_045512.2	4739	T	A	406	406	34	1	1	22	0.00236407	423	0.966216	FALSE	NA	NA	NA	NA	NA	NA
NC_045512.2	4742	T	C	423	423	35	7	7	33	0.0162791	430	0.00768517	TRUE	NA	NA	NA	NA	NA	NA
NC_045512.2	4744	T	C	425	425	35	4	4	35	0.00932401	429	0.0623534	FALSE	NA	NA	NA	NA	NA	NA
NC_045512.2	4748	A	T	0	0	0	1	1	34	1	1	1	FALSE	NA	NA	NA	NA	NA	NA
NC_045512.2	4817	G	A	275	0	35	1	0	37	0.00362319	276	0.500907	FALSE	NA	NA	NA	NA	NA	NA
NC_045512.2	4842	A	G	282	0	34	1	0	29	0.00353357	283	0.876326	FALSE	NA	NA	NA	NA	NA	NA
NC_045512.2	4872	A	G	228	228	33	1	1	35	0.00436681	229	0.501094	FALSE	NA	NA	NA	NA	NA	NA
NC_045512.2	4873	T	C	225	225	35	1	1	36	0.00440529	227	0.5	FALSE	NA	NA	NA	NA	NA	NA
NC_045512.2	4873	T	A	225	225	35	1	1	35	0.00440529	227	0.5	FALSE	NA	NA	NA	NA	NA	NA
NC_045512.2	4935	A	T	194	0	34	1	0	32	0.00512821	195	0.501285	FALSE	NA	NA	NA	NA	NA	NA
NC_045512.2	4959	T	C	195	0	33	1	0	26	0.00510204	196	0.751918	FALSE	NA	NA	NA	NA	NA	NA
NC_045512.2	4964	A	G	197	197	33	2	2	38	0.0100503	199	0.25063	FALSE	NA	NA	NA	NA	NA	NA
NC_045512.2	4966	T	C	198	198	35	1	1	40	0.00502513	199	0.501259	FALSE	NA	NA	NA	NA	NA	NA
NC_045512.2	5046	T	C	1262	0	34	1	0	38	0.000791766	1263	0.750297	FALSE	NA	NA	NA	NA	NA	NA
NC_045512.2	5047	T	C	1306	0	34	1	0	38	0.000765111	1307	0.750287	FALSE	NA	NA	NA	NA	NA	NA
NC_045512.2	5048	G	A	1288	0	36	2	0	36	0.00155039	1290	0.500291	FALSE	NA	NA	NA	NA	NA	NA
NC_045512.2	5050	T	C	1338	0	34	3	0	36	0.00223214	1344	0.311801	FALSE	NA	NA	NA	NA	NA	NA
NC_045512.2	5050	T	A	1338	0	34	3	0	32	0.00223214	1344	0.311801	FALSE	NA	NA	NA	NA	NA	NA
NC_045512.2	5051	C	T	1333	0	36	4	0	34	0.00299177	1337	0.1875	FALSE	NA	NA	NA	NA	NA	NA
NC_045512.2	5052	C	T	1339	0	37	1	0	34	0.000746269	1340	0.75028	FALSE	NA	NA	NA	NA	NA	NA
NC_045512.2	5053	A	T	1321	0	35	9	0	34	0.00670641	1342	0.0102731	FALSE	NA	NA	NA	NA	NA	NA
NC_045512.2	5053	A	G	1321	0	35	1	0	36	0.000745156	1342	0.746514	FALSE	NA	NA	NA	NA	NA	NA
NC_045512.2	5053	A	C	1321	0	35	11	0	35	0.00819672	1342	0.00301433	TRUE	NA	NA	NA	NA	NA	NA
NC_045512.2	5071	T	A	1417	722	66	1	1	35	0.000705219	1418	0.750265	FALSE	NA	NA	NA	NA	NA	NA
NC_045512.2	5072	G	C	1415	721	68	1	1	25	0.000706215	1416	0.999971	FALSE	NA	NA	NA	NA	NA	NA
NC_045512.2	5073	A	G	1414	719	65	4	4	47	0.00282087	1418	0.0624558	FALSE	NA	NA	NA	NA	NA	NA
NC_045512.2	5095	T	A	1358	1358	35	1	1	34	0.000735835	1359	0.750276	FALSE	NA	NA	NA	NA	NA	NA
NC_045512.2	5096	A	G	1359	1359	33	2	2	34	0.00146951	1361	0.500276	FALSE	NA	NA	NA	NA	NA	NA
NC_045512.2	5097	A	T	1344	1344	33	1	1	25	0.000743494	1345	0.999941	FALSE	NA	NA	NA	NA	NA	NA
NC_045512.2	5098	T	A	1328	1328	34	1	1	28	0.000752445	1329	0.999941	FALSE	NA	NA	NA	NA	NA	NA
NC_045512.2	5099	T	C	1325	1325	34	11	11	32	0.00823353	1336	0.0031317	TRUE	NA	NA	NA	NA	NA	NA
NC_045512.2	5100	C	G	1252	1252	35	2	2	26	0.0015949	1254	0.999113	FALSE	NA	NA	NA	NA	NA	NA
NC_045512.2	5203	C	T	103	5	31	1	0	34	0.00961538	104	0.502415	FALSE	NA	NA	NA	NA	NA	NA
NC_045512.2	5283	A	G	393	0	35	1	0	40	0.00253807	394	0.500635	FALSE	NA	NA	NA	NA	NA	NA
NC_045512.2	5284	C	T	420	0	36	2	0	35	0.00473934	422	0.250297	FALSE	NA	NA	NA	NA	NA	NA
NC_045512.2	5287	T	A	421	0	34	1	0	36	0.00236967	422	0.500593	FALSE	NA	NA	NA	NA	NA	NA
NC_045512.2	5288	T	C	419	0	34	2	0	35	0.00475059	421	0.250297	FALSE	NA	NA	NA	NA	NA	NA
NC_045512.2	5290	T	C	421	0	34	1	0	33	0.00236967	422	0.500593	FALSE	NA	NA	NA	NA	NA	NA
NC_045512.2	5295	C	T	420	0	36	1	0	34	0.0023753	421	0.500595	FALSE	NA	NA	NA	NA	NA	NA
NC_045512.2	5335	T	C	438	438	35	1	1	39	0.0022779	439	0.50057	FALSE	NA	NA	NA	NA	NA	NA
NC_045512.2	5338	T	C	404	404	32	1	1	38	0.00246914	405	0.500618	FALSE	NA	NA	NA	NA	NA	NA
NC_045512.2	5339	C	T	417	417	34	2	2	29	0.00477327	419	0.892025	FALSE	NA	NA	NA	NA	NA	NA
NC_045512.2	5341	A	T	414	414	32	3	3	22	0.00719424	417	0.775412	FALSE	NA	NA	NA	NA	NA	NA
NC_045512.2	5400	C	T	773	0	34	1	0	35	0.00129199	774	0.500323	FALSE	NA	NA	NA	NA	NA	NA
NC_045512.2	5402	C	T	823	0	34	1	0	34	0.00121359	824	0.500304	FALSE	NA	NA	NA	NA	NA	NA
NC_045512.2	5426	A	T	818	2	35	1	0	32	0.00121951	820	0.5	FALSE	NA	NA	NA	NA	NA	NA
NC_045512.2	5426	A	C	818	2	35	1	0	27	0.00121951	820	0.99809	FALSE	NA	NA	NA	NA	NA	NA
NC_045512.2	5428	A	T	928	518	65	1	0	70	0.00106496	939	0.49759	FALSE	NA	NA	NA	NA	NA	NA
NC_045512.2	5428	A	G	928	518	65	9	5	62	0.00958466	939	0.0019066	TRUE	NA	NA	NA	NA	NA	NA
NC_045512.2	5428	A	C	928	518	65	1	0	72	0.00106496	939	0.49759	FALSE	NA	NA	NA	NA	NA	NA
NC_045512.2	5452	A	T	915	915	34	4	4	35	0.00435256	919	0.0624318	FALSE	NA	NA	NA	NA	NA	NA
NC_045512.2	5454	A	T	917	917	34	1	1	37	0.00108932	918	0.500272	FALSE	NA	NA	NA	NA	NA	NA
NC_045512.2	5456	A	G	909	909	33	2	2	38	0.00219539	911	0.250137	FALSE	NA	NA	NA	NA	NA	NA
NC_045512.2	5532	G	A	497	0	35	4	0	36	0.00798403	501	0.0623746	FALSE	NA	NA	NA	NA	NA	NA
NC_045512.2	5533	A	G	537	0	35	2	0	35	0.00371058	539	0.250232	FALSE	NA	NA	NA	NA	NA	NA
NC_045512.2	5557	T	C	570	305	66	1	1	37	0.00175131	571	0.500438	FALSE	NA	NA	NA	NA	NA	NA
NC_045512.2	5562	A	G	554	544	35	1	1	34	0.0018018	555	0.500451	FALSE	NA	NA	NA	NA	NA	NA
NC_045512.2	5657	G	T	4856	0	36	2	0	35	0.000411353	4862	0.890553	FALSE	NA	NA	NA	NA	NA	NA
NC_045512.2	5657	G	C	4856	0	36	1	0	34	0.000205677	4862	0.968718	FALSE	NA	NA	NA	NA	NA	NA
NC_045512.2	5657	G	A	4856	0	36	3	0	36	0.00061703	4862	0.773353	FALSE	NA	NA	NA	NA	NA	NA
NC_045512.2	5658	T	C	5243	0	33	4	0	32	0.000762195	5248	0.746188	FALSE	NA	NA	NA	NA	NA	NA
NC_045512.2	5658	T	A	5243	0	33	1	0	34	0.000190549	5248	0.984371	FALSE	NA	NA	NA	NA	NA	NA
NC_045512.2	5659	A	G	5280	0	35	1	0	39	0.000189358	5281	0.984406	FALSE	NA	NA	NA	NA	NA	NA
NC_045512.2	5660	C	T	5256	0	34	8	0	34	0.00151976	5264	0.290527	FALSE	NA	NA	NA	NA	NA	NA
NC_045512.2	5661	A	G	5304	0	35	11	0	35	0.00206922	5316	0.104884	FALSE	NA	NA	NA	NA	NA	NA
NC_045512.2	5661	A	C	5304	0	35	1	0	32	0.000188111	5316	0.984309	FALSE	NA	NA	NA	NA	NA	NA
NC_045512.2	5662	A	T	5307	0	35	3	0	30	0.00056338	5325	0.854696	FALSE	NA	NA	NA	NA	NA	NA
NC_045512.2	5662	A	G	5307	0	35	15	0	32	0.0028169	5325	0.0205595	FALSE	NA	NA	NA	NA	NA	NA
NC_045512.2	5663	C	G	5262	0	34	1	0	26	0.000190006	5263	1	FALSE	NA	NA	NA	NA	NA	NA
NC_045512.2	5664	A	T	5321	0	35	2	0	34	0.000375728	5323	0.937592	FALSE	NA	NA	NA	NA	NA	NA
NC_045512.2	5682	T	A	5316	1	34	1	0	36	0.000188076	5317	0.984406	FALSE	NA	NA	NA	NA	NA	NA
NC_045512.2	5685	T	A	5315	92	35	1	0	21	0.000188111	5316	1	FALSE	NA	NA	NA	NA	NA	NA
NC_045512.2	5686	G	A	5339	2593	69	5	3	70	0.000935629	5344	0.0312354	FALSE	NA	NA	NA	NA	NA	NA
NC_045512.2	5687	T	G	5135	4971	36	2	2	37	0.000388048	5154	0.937052	FALSE	NA	NA	NA	NA	NA	NA
NC_045512.2	5687	T	C	5135	4971	36	12	12	37	0.00232829	5154	0.0712374	FALSE	NA	NA	NA	NA	NA	NA
NC_045512.2	5687	T	A	5135	4971	36	5	5	30	0.00097012	5154	0.621551	FALSE	NA	NA	NA	NA	NA	NA
NC_045512.2	5688	C	T	5172	5156	37	9	9	35	0.00173645	5183	0.21171	FALSE	NA	NA	NA	NA	NA	NA
NC_045512.2	5688	C	G	5172	5156	37	2	2	27	0.000385877	5183	1	FALSE	NA	NA	NA	NA	NA	NA
NC_045512.2	5689	A	T	5222	5216	34	2	2	36	0.000380807	5252	0.936713	FALSE	NA	NA	NA	NA	NA	NA
NC_045512.2	5689	A	G	5222	5216	34	20	20	37	0.00380807	5252	0.00199081	TRUE	NA	NA	NA	NA	NA	NA
NC_045512.2	5689	A	C	5222	5216	34	8	8	38	0.00152323	5252	0.287893	FALSE	NA	NA	NA	NA	NA	NA
NC_045512.2	5711	C	T	5212	5212	37	8	8	36	0.00153257	5220	0.290527	FALSE	NA	NA	NA	NA	NA	NA
NC_045512.2	5712	T	C	5223	5223	35	10	10	38	0.00190876	5239	0.150267	FALSE	NA	NA	NA	NA	NA	NA
NC_045512.2	5712	T	A	5223	5223	35	6	6	32	0.00114526	5239	0.498836	FALSE	NA	NA	NA	NA	NA	NA
NC_045512.2	5713	T	C	5243	5243	36	5	5	39	0.000952744	5248	0.623223	FALSE	NA	NA	NA	NA	NA	NA
NC_045512.2	5714	A	G	5245	5245	34	4	4	38	0.00076205	5249	0.746281	FALSE	NA	NA	NA	NA	NA	NA
NC_045512.2	5715	A	T	5054	5054	34	2	2	37	0.000394711	5067	0.93724	FALSE	NA	NA	NA	NA	NA	NA
NC_045512.2	5715	A	G	5054	5054	34	11	11	37	0.00217091	5067	0.104803	FALSE	NA	NA	NA	NA	NA	NA
NC_045512.2	5723	A	G	9	9	34	1	1	34	0.1	10	0.526316	FALSE	NA	NA	NA	NA	NA	NA
NC_045512.2	5918	G	A	90	83	31	1	1	26	0.010989	91	0.502762	FALSE	NA	NA	NA	NA	NA	NA
NC_045512.2	5997	C	T	24	0	33	1	0	32	0.04	25	0.510204	FALSE	NA	NA	NA	NA	NA	NA
NC_045512.2	6038	T	C	11	11	34	1	1	37	0.0833333	12	0.521739	FALSE	NA	NA	NA	NA	NA	NA
NC_045512.2	6105	A	T	6314	0	35	2	0	31	0.000316156	6326	0.964731	FALSE	NA	NA	NA	NA	NA	NA
NC_045512.2	6105	A	G	6314	0	35	10	0	37	0.00158078	6326	0.227008	FALSE	NA	NA	NA	NA	NA	NA
NC_045512.2	6106	T	C	6496	0	34	6	0	33	0.000922793	6502	0.612949	FALSE	NA	NA	NA	NA	NA	NA
NC_045512.2	6107	A	T	6390	0	34	1	0	31	0.000156177	6403	0.992153	FALSE	NA	NA	NA	NA	NA	NA
NC_045512.2	6107	A	G	6390	0	34	12	0	35	0.00187412	6403	0.118776	FALSE	NA	NA	NA	NA	NA	NA
NC_045512.2	6108	A	T	6354	0	34	15	0	29	0.00235294	6375	1	FALSE	NA	NA	NA	NA	NA	NA
NC_045512.2	6108	A	G	6354	0	34	6	0	35	0.000941176	6375	0.611357	FALSE	NA	NA	NA	NA	NA	NA
NC_045512.2	6129	T	C	6538	185	36	1	1	21	0.000152929	6539	1	FALSE	NA	NA	NA	NA	NA	NA
NC_045512.2	6130	T	C	6736	3459	68	8	5	65	0.00118536	6749	0.00388891	TRUE	NA	NA	NA	NA	NA	NA
NC_045512.2	6130	T	A	6736	3459	68	5	3	69	0.00074085	6749	0.0311459	FALSE	NA	NA	NA	NA	NA	NA
NC_045512.2	6131	A	T	6725	3454	68	5	4	46	0.00074173	6741	0.031111	FALSE	NA	NA	NA	NA	NA	NA
NC_045512.2	6131	A	G	6725	3454	68	10	5	71	0.00148346	6741	0.000969696	TRUE	NA	NA	NA	NA	NA	NA
NC_045512.2	6131	A	C	6725	3454	68	1	1	34	0.000148346	6741	0.992143	FALSE	NA	NA	NA	NA	NA	NA
NC_045512.2	6132	A	T	6715	3447	68	3	1	71	0.000445567	6733	0.124582	FALSE	NA	NA	NA	NA	NA	NA
NC_045512.2	6132	A	G	6715	3447	68	14	9	72	0.00207931	6733	6.04345e-05	TRUE	NA	NA	NA	NA	NA	NA
NC_045512.2	6132	A	C	6715	3447	68	1	0	77	0.000148522	6733	0.499405	FALSE	NA	NA	NA	NA	NA	NA
NC_045512.2	6153	T	-A	6659	6659	35	1	0	20	0.000150173	6659	1	FALSE	NA	NA	NA	NA	NA	NA
NC_045512.2	6154	A	G	6666	6666	34	7	7	38	0.001049	6673	0.5	FALSE	NA	NA	NA	NA	NA	NA
NC_045512.2	6155	A	T	6627	6627	34	3	3	35	0.000451807	6640	0.909896	FALSE	NA	NA	NA	NA	NA	NA
NC_045512.2	6155	A	G	6627	6627	34	10	10	35	0.00150602	6640	0.226927	FALSE	NA	NA	NA	NA	NA	NA
NC_045512.2	6156	A	G	6655	6655	34	18	18	36	0.00269623	6676	0.0112469	FALSE	NA	NA	NA	NA	NA	NA
NC_045512.2	6156	A	C	6655	6655	34	3	3	37	0.000449371	6676	0.909601	FALSE	NA	NA	NA	NA	NA	NA
NC_045512.2	6157	T	C	6666	6666	36	7	7	35	0.00104885	6674	0.5	FALSE	NA	NA	NA	NA	NA	NA
NC_045512.2	6157	T	A	6666	6666	36	1	1	35	0.000149835	6674	0.992175	FALSE	NA	NA	NA	NA	NA	NA
NC_045512.2	6158	G	C	6625	6625	37	1	1	22	0.000150648	6638	1	FALSE	NA	NA	NA	NA	NA	NA
NC_045512.2	6158	G	A	6625	6625	37	12	12	34	0.00180777	6638	0.118782	FALSE	NA	NA	NA	NA	NA	NA
NC_045512.2	6159	G	A	6293	6293	35	5	5	34	0.000793903	6298	0.725765	FALSE	NA	NA	NA	NA	NA	NA
NC_045512.2	6259	T	C	238	122	64	3	2	72	0.0124481	241	0.124998	FALSE	NA	NA	NA	NA	NA	NA
NC_045512.2	6260	A	-AT	242	126	68	1	0	20	0.00413223	242	0.877316	FALSE	NA	NA	NA	NA	NA	NA
NC_045512.2	6261	A	-T	235	232	34	20	0	20	0.0847458	236	9.2768e-05	TRUE	NA	NA	NA	NA	NA	NA
NC_045512.2	6280	A	G	237	237	33	1	1	30	0.00420168	238	0.501053	FALSE	NA	NA	NA	NA	NA	NA
NC_045512.2	6281	A	G	234	234	33	3	3	30	0.0126582	237	0.124998	FALSE	NA	NA	NA	NA	NA	NA
NC_045512.2	6346	A	G	603	0	35	4	0	36	0.00658979	607	0.0623966	FALSE	NA	NA	NA	NA	NA	NA
NC_045512.2	6347	C	T	606	0	34	2	0	34	0.00328407	609	0.249794	FALSE	NA	NA	NA	NA	NA	NA
NC_045512.2	6347	C	G	606	0	34	1	0	33	0.00164204	609	0.499588	FALSE	NA	NA	NA	NA	NA	NA
NC_045512.2	6348	T	G	612	0	34	1	0	26	0.00162866	614	0.992321	FALSE	NA	NA	NA	NA	NA	NA
NC_045512.2	6348	T	C	612	0	34	1	0	33	0.00162866	614	0.5	FALSE	NA	NA	NA	NA	NA	NA
NC_045512.2	6350	A	T	580	0	32	1	0	26	0.00172117	581	0.984656	FALSE	NA	NA	NA	NA	NA	NA
NC_045512.2	6351	A	G	606	0	35	1	0	37	0.00164745	607	0.500412	FALSE	NA	NA	NA	NA	NA	NA
NC_045512.2	6373	G	A	671	653	37	3	3	33	0.00445104	674	0.125	FALSE	NA	NA	NA	NA	NA	NA
NC_045512.2	6374	G	A	670	669	36	1	1	34	0.00149031	671	0.500373	FALSE	NA	NA	NA	NA	NA	NA
NC_045512.2	6378	A	G	674	674	34	1	1	36	0.00148148	675	0.500371	FALSE	NA	NA	NA	NA	NA	NA
NC_045512.2	6379	T	C	672	672	35	2	2	37	0.00296736	674	0.250186	FALSE	NA	NA	NA	NA	NA	NA
NC_045512.2	6394	T	C	666	666	34	6	6	36	0.0089153	673	0.0154509	FALSE	NA	NA	NA	NA	NA	NA
NC_045512.2	6394	T	A	666	666	34	1	1	35	0.00148588	673	0.498133	FALSE	NA	NA	NA	NA	NA	NA
NC_045512.2	6396	T	A	669	669	35	1	1	34	0.00149254	670	0.500373	FALSE	NA	NA	NA	NA	NA	NA
NC_045512.2	6398	A	G	672	672	34	4	4	37	0.00591716	676	0.0624072	FALSE	NA	NA	NA	NA	NA	NA
NC_045512.2	6399	A	G	672	672	34	3	3	36	0.00443787	676	0.124722	FALSE	NA	NA	NA	NA	NA	NA
NC_045512.2	6399	A	C	672	672	34	1	1	39	0.00147929	676	0.499258	FALSE	NA	NA	NA	NA	NA	NA
NC_045512.2	6400	A	T	669	669	33	2	2	27	0.00297177	673	0.965089	FALSE	NA	NA	NA	NA	NA	NA
NC_045512.2	6400	A	G	669	669	33	2	2	38	0.00297177	673	0.249442	FALSE	NA	NA	NA	NA	NA	NA
NC_045512.2	6488	A	G	57	31	65	1	1	34	0.0172414	58	0.504348	FALSE	NA	NA	NA	NA	NA	NA
NC_045512.2	6751	C	T	147	147	31	1	1	25	0.00666667	150	0.749158	FALSE	NA	NA	NA	NA	NA	NA
NC_045512.2	6751	C	G	147	147	31	2	2	23	0.0133333	150	0.5	FALSE	NA	NA	NA	NA	NA	NA
NC_045512.2	6752	C	T	143	143	32	1	1	23	0.00694444	144	0.752613	FALSE	NA	NA	NA	NA	NA	NA
NC_045512.2	6753	G	C	175	175	32	2	2	37	0.0112994	177	0.250708	FALSE	NA	NA	NA	NA	NA	NA
NC_045512.2	6754	T	C	148	148	34	26	26	33	0.149425	174	5.87255e-09	TRUE	NA	NA	NA	NA	NA	NA
NC_045512.2	6757	T	C	180	180	35	1	1	36	0.00552486	181	0.501385	FALSE	NA	NA	NA	NA	NA	NA
NC_045512.2	6812	A	G	41	0	34	1	0	30	0.0238095	42	0.506024	FALSE	NA	NA	NA	NA	NA	NA
NC_045512.2	7066	A	T	274	1	35	1	0	27	0.00363636	275	0.876365	FALSE	NA	NA	NA	NA	NA	NA
NC_045512.2	7068	A	G	271	1	34	1	0	34	0.00367647	272	0.500921	FALSE	NA	NA	NA	NA	NA	NA
NC_045512.2	7073	T	A	248	248	35	1	1	34	0.00401606	249	0.501006	FALSE	NA	NA	NA	NA	NA	NA
NC_045512.2	7077	T	C	248	248	36	1	1	38	0.00401606	249	0.501006	FALSE	NA	NA	NA	NA	NA	NA
NC_045512.2	7098	T	C	247	247	36	1	1	39	0.00403226	248	0.50101	FALSE	NA	NA	NA	NA	NA	NA
NC_045512.2	7099	T	C	234	234	36	1	1	39	0.00425532	235	0.501066	FALSE	NA	NA	NA	NA	NA	NA
NC_045512.2	7165	C	T	663	0	35	1	0	35	0.00150602	664	0.500377	FALSE	NA	NA	NA	NA	NA	NA
NC_045512.2	7166	T	A	678	0	34	1	0	35	0.00147275	679	0.500368	FALSE	NA	NA	NA	NA	NA	NA
NC_045512.2	7167	A	G	677	0	36	1	0	32	0.00147493	678	0.500369	FALSE	NA	NA	NA	NA	NA	NA
NC_045512.2	7187	C	T	675	11	36	1	0	34	0.00147929	676	0.50037	FALSE	NA	NA	NA	NA	NA	NA
NC_045512.2	7190	A	G	685	321	66	1	1	76	0.00145773	686	0.500365	FALSE	NA	NA	NA	NA	NA	NA
NC_045512.2	7193	A	G	685	319	66	1	1	72	0.00145773	686	0.500365	FALSE	NA	NA	NA	NA	NA	NA
NC_045512.2	7195	C	T	586	581	34	1	1	37	0.00170358	587	0.500426	FALSE	NA	NA	NA	NA	NA	NA
NC_045512.2	7196	A	T	633	632	33	1	1	24	0.00157729	634	0.992359	FALSE	NA	NA	NA	NA	NA	NA
NC_045512.2	7217	T	C	611	611	35	4	4	32	0.00650407	615	0.0623979	FALSE	NA	NA	NA	NA	NA	NA
NC_045512.2	7401	C	G	75	47	50	1	1	22	0.0131579	76	0.503311	FALSE	NA	NA	NA	NA	NA	NA
NC_045512.2	7588	T	C	278	0	33	2	0	37	0.00714286	280	0.250447	FALSE	NA	NA	NA	NA	NA	NA
NC_045512.2	7589	A	G	286	0	36	1	0	36	0.00348432	287	0.500873	FALSE	NA	NA	NA	NA	NA	NA
NC_045512.2	7590	A	G	284	0	35	1	0	25	0.00350877	285	0.876317	FALSE	NA	NA	NA	NA	NA	NA
NC_045512.2	7592	G	A	284	0	36	3	0	35	0.010453	287	0.124999	FALSE	NA	NA	NA	NA	NA	NA
NC_045512.2	7593	G	A	282	0	35	1	0	36	0.00353357	283	0.500885	FALSE	NA	NA	NA	NA	NA	NA
NC_045512.2	7639	C	T	221	221	35	1	1	36	0.0045045	222	0.501129	FALSE	NA	NA	NA	NA	NA	NA
NC_045512.2	7757	A	G	212	212	34	1	1	37	0.00469484	213	0.501176	FALSE	NA	NA	NA	NA	NA	NA
NC_045512.2	7759	T	C	212	212	35	1	1	35	0.00469484	213	0.501176	FALSE	NA	NA	NA	NA	NA	NA
NC_045512.2	7762	T	C	210	210	35	1	1	38	0.00473934	211	0.501188	FALSE	NA	NA	NA	NA	NA	NA
NC_045512.2	7764	C	T	199	199	35	1	1	37	0.005	200	0.501253	FALSE	NA	NA	NA	NA	NA	NA
NC_045512.2	7839	A	G	394	0	35	2	0	38	0.00505051	396	0.250316	FALSE	NA	NA	NA	NA	NA	NA
NC_045512.2	7840	C	T	396	0	36	1	0	35	0.00251889	397	0.500631	FALSE	NA	NA	NA	NA	NA	NA
NC_045512.2	7842	A	G	396	0	35	1	0	38	0.00251889	397	0.500631	FALSE	NA	NA	NA	NA	NA	NA
NC_045512.2	7843	C	T	400	0	36	1	0	35	0.00249377	401	0.500624	FALSE	NA	NA	NA	NA	NA	NA
NC_045512.2	7845	T	C	399	0	34	2	0	37	0.00498753	401	0.250312	FALSE	NA	NA	NA	NA	NA	NA
NC_045512.2	7881	A	G	433	433	34	1	1	34	0.00230415	434	0.500577	FALSE	NA	NA	NA	NA	NA	NA
NC_045512.2	7882	T	C	434	434	34	2	2	29	0.00458716	436	0.89197	FALSE	NA	NA	NA	NA	NA	NA
NC_045512.2	7942	T	C	195	0	34	1	0	36	0.00510204	196	0.501279	FALSE	NA	NA	NA	NA	NA	NA
NC_045512.2	7969	T	C	208	3	35	1	0	38	0.00478469	209	0.501199	FALSE	NA	NA	NA	NA	NA	NA
NC_045512.2	7972	A	T	216	205	35	1	1	30	0.00460829	217	0.501155	FALSE	NA	NA	NA	NA	NA	NA
NC_045512.2	7995	T	C	210	210	35	5	5	37	0.0232558	215	0.0308832	FALSE	NA	NA	NA	NA	NA	NA
NC_045512.2	8067	C	G	1283	0	34	2	0	28	0.00155642	1285	0.999112	FALSE	NA	NA	NA	NA	NA	NA
NC_045512.2	8068	T	C	1338	0	34	3	0	36	0.0022338	1343	0.312081	FALSE	NA	NA	NA	NA	NA	NA
NC_045512.2	8068	T	A	1338	0	34	2	0	36	0.0014892	1343	0.499441	FALSE	NA	NA	NA	NA	NA	NA
NC_045512.2	8069	T	C	1334	0	34	1	0	36	0.000742942	1346	0.748224	FALSE	NA	NA	NA	NA	NA	NA
NC_045512.2	8069	T	A	1334	0	34	11	0	36	0.00817236	1346	0.00312015	TRUE	NA	NA	NA	NA	NA	NA
NC_045512.2	8071	T	C	1342	0	33	2	0	35	0.0014881	1344	0.500279	FALSE	NA	NA	NA	NA	NA	NA
NC_045512.2	8096	A	G	1365	408	55	7	0	36	0.00510204	1372	0.0350365	FALSE	NA	NA	NA	NA	NA	NA
NC_045512.2	8103	T	G	820	820	35	2	2	37	0.00243013	823	0.249848	FALSE	NA	NA	NA	NA	NA	NA
NC_045512.2	8103	T	C	820	820	35	1	1	39	0.00121507	823	0.499696	FALSE	NA	NA	NA	NA	NA	NA
NC_045512.2	8104	T	C	772	772	35	2	2	36	0.00258398	774	0.250162	FALSE	NA	NA	NA	NA	NA	NA
NC_045512.2	8186	T	C	284	284	35	1	1	39	0.00350877	285	0.500879	FALSE	NA	NA	NA	NA	NA	NA
NC_045512.2	8276	A	G	480	480	33	56	56	33	0.104478	536	3.21616e-18	TRUE	NA	NA	NA	NA	NA	NA
NC_045512.2	8300	A	G	568	542	33	1	1	36	0.00175747	569	0.50044	FALSE	NA	NA	NA	NA	NA	NA
NC_045512.2	8304	T	C	543	517	33	1	1	21	0.00183824	544	0.984675	FALSE	NA	NA	NA	NA	NA	NA
NC_045512.2	8315	A	G	25	0	33	1	0	38	0.0384615	26	0.509804	FALSE	NA	NA	NA	NA	NA	NA
NC_045512.2	8364	A	T	772	0	34	2	0	29	0.00257732	776	0.980651	FALSE	NA	NA	NA	NA	NA	NA
NC_045512.2	8364	A	G	772	0	34	2	0	38	0.00257732	776	0.249516	FALSE	NA	NA	NA	NA	NA	NA
NC_045512.2	8365	T	C	807	0	33	1	0	32	0.00123762	808	0.50031	FALSE	NA	NA	NA	NA	NA	NA
NC_045512.2	8367	C	T	790	0	34	3	0	32	0.0037831	793	0.125	FALSE	NA	NA	NA	NA	NA	NA
NC_045512.2	8368	G	A	713	0	34	1	0	35	0.00140056	714	0.50035	FALSE	NA	NA	NA	NA	NA	NA
NC_045512.2	8369	C	T	797	0	34	1	0	20	0.00125	800	0.998069	FALSE	NA	NA	NA	NA	NA	NA
NC_045512.2	8369	C	G	797	0	34	2	0	32	0.0025	800	0.249843	FALSE	NA	NA	NA	NA	NA	NA
NC_045512.2	8370	A	T	806	0	35	1	0	20	0.00123609	809	0.998079	FALSE	NA	NA	NA	NA	NA	NA
NC_045512.2	8370	A	G	806	0	35	2	0	28	0.00247219	809	0.989448	FALSE	NA	NA	NA	NA	NA	NA
NC_045512.2	8371	G	C	743	0	34	2	0	22	0.00268456	745	0.980845	FALSE	NA	NA	NA	NA	NA	NA
NC_045512.2	8372	G	A	737	0	33	3	0	36	0.00405405	740	0.125	FALSE	NA	NA	NA	NA	NA	NA
NC_045512.2	8388	A	G	879	448	64	1	1	36	0.00113636	880	0.500284	FALSE	NA	NA	NA	NA	NA	NA
NC_045512.2	8406	A	C	809	809	33	1	1	27	0.00123457	810	0.998101	FALSE	NA	NA	NA	NA	NA	NA
NC_045512.2	8407	C	T	799	799	37	1	1	35	0.00125	800	0.500313	FALSE	NA	NA	NA	NA	NA	NA
NC_045512.2	8409	T	C	804	804	35	1	1	37	0.00124224	805	0.500311	FALSE	NA	NA	NA	NA	NA	NA
NC_045512.2	8411	A	G	773	773	34	1	1	36	0.00129032	775	0.5	FALSE	NA	NA	NA	NA	NA	NA
NC_045512.2	8411	A	C	773	773	34	1	1	38	0.00129032	775	0.5	FALSE	NA	NA	NA	NA	NA	NA
NC_045512.2	8508	G	A	311	128	58	8	0	35	0.0250784	319	0.00378402	TRUE	NA	NA	NA	NA	NA	NA
NC_045512.2	8511	A	G	324	133	56	1	0	21	0.00307692	325	0.938461	FALSE	NA	NA	NA	NA	NA	NA
NC_045512.2	8527	A	G	211	211	34	6	6	36	0.0276498	217	0.015299	FALSE	NA	NA	NA	NA	NA	NA
NC_045512.2	8589	A	G	296	0	33	1	0	35	0.003367	297	0.500843	FALSE	NA	NA	NA	NA	NA	NA
NC_045512.2	8590	A	G	302	0	33	1	0	34	0.00330033	303	0.500826	FALSE	NA	NA	NA	NA	NA	NA
NC_045512.2	8591	G	A	297	0	34	1	0	37	0.0033557	298	0.50084	FALSE	NA	NA	NA	NA	NA	NA
NC_045512.2	8596	A	G	310	0	35	3	0	32	0.00958466	313	0.124999	FALSE	NA	NA	NA	NA	NA	NA
NC_045512.2	8613	T	C	379	204	59	1	0	31	0.00263158	380	0.500659	FALSE	NA	NA	NA	NA	NA	NA
NC_045512.2	8616	C	T	373	206	60	2	1	70	0.00533333	375	0.250334	FALSE	NA	NA	NA	NA	NA	NA
NC_045512.2	8633	A	G	347	347	33	1	1	39	0.00287356	348	0.500719	FALSE	NA	NA	NA	NA	NA	NA
NC_045512.2	8635	A	T	342	342	33	1	1	37	0.00290698	344	0.5	FALSE	NA	NA	NA	NA	NA	NA
NC_045512.2	8635	A	C	342	342	33	1	1	39	0.00290698	344	0.5	FALSE	NA	NA	NA	NA	NA	NA
NC_045512.2	8636	A	G	345	345	33	1	1	35	0.00289017	346	0.500724	FALSE	NA	NA	NA	NA	NA	NA
NC_045512.2	8696	G	T	567	0	35	1	0	32	0.00175439	570	0.49956	FALSE	NA	NA	NA	NA	NA	NA
NC_045512.2	8696	G	A	567	0	35	2	0	37	0.00350877	570	0.24978	FALSE	NA	NA	NA	NA	NA	NA
NC_045512.2	8739	C	T	685	685	36	1	1	35	0.00145773	686	0.500365	FALSE	NA	NA	NA	NA	NA	NA
NC_045512.2	8740	T	C	705	705	34	2	2	38	0.00282486	708	0.249823	FALSE	NA	NA	NA	NA	NA	NA
NC_045512.2	8740	T	A	705	705	34	1	1	34	0.00141243	708	0.499646	FALSE	NA	NA	NA	NA	NA	NA
NC_045512.2	8741	T	C	725	725	35	1	1	29	0.00137741	726	0.99619	FALSE	NA	NA	NA	NA	NA	NA
NC_045512.2	8793	G	A	435	0	35	1	0	24	0.00229358	436	0.969286	FALSE	NA	NA	NA	NA	NA	NA
NC_045512.2	8797	T	C	475	0	32	1	0	34	0.00210084	476	0.500526	FALSE	NA	NA	NA	NA	NA	NA
NC_045512.2	8798	T	G	485	0	33	1	0	37	0.00205761	486	0.500515	FALSE	NA	NA	NA	NA	NA	NA
NC_045512.2	8800	T	C	485	0	33	1	0	33	0.00205761	486	0.500515	FALSE	NA	NA	NA	NA	NA	NA
NC_045512.2	8837	A	G	491	491	34	1	1	32	0.00203252	492	0.500509	FALSE	NA	NA	NA	NA	NA	NA
NC_045512.2	8838	T	C	491	491	36	1	1	40	0.00203252	492	0.500509	FALSE	NA	NA	NA	NA	NA	NA
NC_045512.2	8839	A	G	493	493	34	1	1	37	0.00202429	494	0.500507	FALSE	NA	NA	NA	NA	NA	NA
NC_045512.2	8915	T	C	313	0	34	3	0	37	0.00946372	317	0.124406	FALSE	NA	NA	NA	NA	NA	NA
NC_045512.2	8915	T	A	313	0	34	1	0	24	0.00315457	317	0.937302	FALSE	NA	NA	NA	NA	NA	NA
NC_045512.2	8916	T	C	337	0	34	1	0	35	0.00295858	338	0.500741	FALSE	NA	NA	NA	NA	NA	NA
NC_045512.2	8918	T	C	332	0	34	6	0	36	0.0177515	338	0.0154162	FALSE	NA	NA	NA	NA	NA	NA
NC_045512.2	8922	C	T	338	0	36	2	0	33	0.00588235	340	0.250368	FALSE	NA	NA	NA	NA	NA	NA
NC_045512.2	8941	T	C	279	0	34	55	0	36	0.164671	334	2.6795e-18	TRUE	NA	NA	NA	NA	NA	NA
NC_045512.2	8942	G	A	335	1	37	1	0	34	0.00297619	336	0.500745	FALSE	NA	NA	NA	NA	NA	NA
NC_045512.2	8943	G	A	351	187	66	1	1	67	0.00284091	352	0.500711	FALSE	NA	NA	NA	NA	NA	NA
NC_045512.2	8945	A	G	348	338	36	1	1	35	0.00286533	349	0.500717	FALSE	NA	NA	NA	NA	NA	NA
NC_045512.2	8946	A	G	343	343	33	1	1	37	0.00290698	344	0.500728	FALSE	NA	NA	NA	NA	NA	NA
NC_045512.2	8970	T	C	337	337	33	1	1	39	0.00295858	338	0.500741	FALSE	NA	NA	NA	NA	NA	NA
NC_045512.2	8971	T	C	348	348	35	2	2	39	0.00571429	350	0.250358	FALSE	NA	NA	NA	NA	NA	NA
NC_045512.2	8972	A	G	345	345	34	1	1	32	0.00289017	346	0.500724	FALSE	NA	NA	NA	NA	NA	NA
NC_045512.2	9018	A	G	217	0	31	1	0	35	0.00458716	218	0.501149	FALSE	NA	NA	NA	NA	NA	NA
NC_045512.2	9070	T	C	292	292	36	5	5	36	0.016835	297	0.0309852	FALSE	NA	NA	NA	NA	NA	NA
NC_045512.2	9072	C	T	265	265	34	1	1	35	0.00374532	267	0.5	FALSE	NA	NA	NA	NA	NA	NA
NC_045512.2	9072	C	G	265	265	34	1	1	31	0.00374532	267	0.5	FALSE	NA	NA	NA	NA	NA	NA
NC_045512.2	9161	A	G	1032	0	36	2	0	37	0.00193424	1034	0.500363	FALSE	NA	NA	NA	NA	NA	NA
NC_045512.2	9162	A	G	1052	0	35	2	0	37	0.00189753	1054	0.500356	FALSE	NA	NA	NA	NA	NA	NA
NC_045512.2	9164	A	G	1050	0	35	6	0	35	0.00568182	1056	0.0623442	FALSE	NA	NA	NA	NA	NA	NA
NC_045512.2	9165	C	T	1048	0	34	2	0	34	0.00190476	1050	0.500357	FALSE	NA	NA	NA	NA	NA	NA
NC_045512.2	9166	C	T	1052	0	36	3	0	33	0.0028436	1055	0.312678	FALSE	NA	NA	NA	NA	NA	NA
NC_045512.2	9184	T	C	1049	0	34	1	0	30	0.000952381	1050	0.750357	FALSE	NA	NA	NA	NA	NA	NA
NC_045512.2	9186	G	A	1044	1	36	2	0	31	0.00191205	1046	0.500359	FALSE	NA	NA	NA	NA	NA	NA
NC_045512.2	9188	G	C	1042	1	36	1	0	25	0.000956938	1045	0.999522	FALSE	NA	NA	NA	NA	NA	NA
NC_045512.2	9188	G	A	1042	1	36	2	0	37	0.00191388	1045	0.5	FALSE	NA	NA	NA	NA	NA	NA
NC_045512.2	9190	G	A	1050	449	67	6	3	69	0.00568182	1056	0.0155583	FALSE	NA	NA	NA	NA	NA	NA
NC_045512.2	9191	G	T	903	891	35	1	0	32	0.00110619	904	0.500277	FALSE	NA	NA	NA	NA	NA	NA
NC_045512.2	9192	T	A	914	911	35	1	1	32	0.0010929	915	0.500273	FALSE	NA	NA	NA	NA	NA	NA
NC_045512.2	9214	C	T	840	840	34	1	1	37	0.00118765	842	0.5	FALSE	NA	NA	NA	NA	NA	NA
NC_045512.2	9214	C	G	840	840	34	1	1	24	0.00118765	842	0.998088	FALSE	NA	NA	NA	NA	NA	NA
NC_045512.2	9215	T	C	908	908	34	1	1	39	0.00110011	909	0.500275	FALSE	NA	NA	NA	NA	NA	NA
NC_045512.2	9216	G	A	916	916	35	1	1	35	0.00109051	917	0.500273	FALSE	NA	NA	NA	NA	NA	NA
NC_045512.2	9217	T	C	912	912	34	1	1	36	0.00109409	914	0.5	FALSE	NA	NA	NA	NA	NA	NA
NC_045512.2	9217	T	A	912	912	34	1	1	34	0.00109409	914	0.5	FALSE	NA	NA	NA	NA	NA	NA
NC_045512.2	9219	G	C	892	892	35	2	2	21	0.00223214	896	0.989381	FALSE	NA	NA	NA	NA	NA	NA
NC_045512.2	9219	G	A	892	892	35	2	2	34	0.00223214	896	0.249581	FALSE	NA	NA	NA	NA	NA	NA
NC_045512.2	9270	G	C	34	0	32	13	0	33	0.276596	47	5.41979e-05	TRUE	NA	NA	NA	NA	NA	NA
NC_045512.2	9323	G	A	37	37	36	1	1	35	0.0263158	38	0.506667	FALSE	NA	NA	NA	NA	NA	NA
NC_045512.2	9392	A	G	691	0	35	2	0	37	0.002886	693	0.250181	FALSE	NA	NA	NA	NA	NA	NA
NC_045512.2	9393	T	C	710	0	34	1	0	35	0.00140449	712	0.5	FALSE	NA	NA	NA	NA	NA	NA
NC_045512.2	9393	T	A	710	0	34	1	0	37	0.00140449	712	0.5	FALSE	NA	NA	NA	NA	NA	NA
NC_045512.2	9399	C	T	714	0	35	2	0	34	0.0027933	716	0.250175	FALSE	NA	NA	NA	NA	NA	NA
NC_045512.2	9421	T	C	847	477	62	1	0	35	0.00117925	848	0.500295	FALSE	NA	NA	NA	NA	NA	NA
NC_045512.2	9424	A	G	0	0	0	770	770	33	1	770	0	TRUE	NA	NA	NA	NA	NA	NA
NC_045512.2	9534	C	T	1	0	75	15	15	36	0.9375	16	5.32375e-08	TRUE	NA	NA	NA	NA	NA	NA
NC_045512.2	9631	T	C	219	0	34	1	0	38	0.00454545	220	0.501139	FALSE	NA	NA	NA	NA	NA	NA
NC_045512.2	9654	T	C	216	0	34	2	0	39	0.00917431	218	0.250575	FALSE	NA	NA	NA	NA	NA	NA
NC_045512.2	9655	T	C	219	0	34	1	0	39	0.00454545	220	0.501139	FALSE	NA	NA	NA	NA	NA	NA
NC_045512.2	9657	T	C	236	129	66	3	3	73	0.0125523	239	0.124998	FALSE	NA	NA	NA	NA	NA	NA
NC_045512.2	9680	T	A	231	231	35	2	2	28	0.00858369	233	0.689925	FALSE	NA	NA	NA	NA	NA	NA
NC_045512.2	9681	G	A	224	224	34	4	4	33	0.0175439	228	0.0622225	FALSE	NA	NA	NA	NA	NA	NA
NC_045512.2	9684	T	C	226	226	34	1	1	39	0.00438596	228	0.5	FALSE	NA	NA	NA	NA	NA	NA
NC_045512.2	9684	T	A	226	226	34	1	1	31	0.00438596	228	0.5	FALSE	NA	NA	NA	NA	NA	NA
NC_045512.2	9685	A	G	228	228	33	1	1	36	0.00436681	229	0.501094	FALSE	NA	NA	NA	NA	NA	NA
NC_045512.2	9737	A	T	355	0	33	1	0	22	0.00280899	356	0.938377	FALSE	NA	NA	NA	NA	NA	NA
NC_045512.2	9741	A	T	378	0	35	1	0	29	0.00263852	379	0.938324	FALSE	NA	NA	NA	NA	NA	NA
NC_045512.2	9742	T	C	375	0	34	2	0	36	0.00530504	377	0.250332	FALSE	NA	NA	NA	NA	NA	NA
NC_045512.2	9764	T	C	377	4	34	1	0	36	0.0026455	378	0.500662	FALSE	NA	NA	NA	NA	NA	NA
NC_045512.2	9765	T	C	379	175	67	1	0	78	0.00263158	380	0.500659	FALSE	NA	NA	NA	NA	NA	NA
NC_045512.2	9767	A	T	355	347	35	1	1	35	0.00280899	356	0.500703	FALSE	NA	NA	NA	NA	NA	NA
NC_045512.2	9769	T	C	359	359	35	1	1	39	0.00277778	360	0.500695	FALSE	NA	NA	NA	NA	NA	NA
NC_045512.2	9774	T	C	369	369	35	1	1	38	0.0027027	370	0.500677	FALSE	NA	NA	NA	NA	NA	NA
NC_045512.2	10019	C	T	161	161	36	1	1	36	0.00617284	162	0.501548	FALSE	NA	NA	NA	NA	NA	NA
NC_045512.2	10021	A	C	164	164	34	1	1	37	0.00606061	165	0.50152	FALSE	NA	NA	NA	NA	NA	NA
NC_045512.2	10024	A	T	158	158	33	1	1	37	0.00628931	159	0.501577	FALSE	NA	NA	NA	NA	NA	NA
NC_045512.2	10143	T	A	45	1	34	1	0	35	0.0217391	46	0.505495	FALSE	NA	NA	NA	NA	NA	NA
NC_045512.2	10172	A	G	61	61	33	1	1	38	0.016129	62	0.504065	FALSE	NA	NA	NA	NA	NA	NA
NC_045512.2	10210	T	C	544	0	34	1	0	38	0.00183486	545	0.500459	FALSE	NA	NA	NA	NA	NA	NA
NC_045512.2	10211	A	G	554	0	35	1	0	34	0.0018018	555	0.500451	FALSE	NA	NA	NA	NA	NA	NA
NC_045512.2	10212	A	G	540	0	34	1	0	27	0.00184843	541	0.984677	FALSE	NA	NA	NA	NA	NA	NA
NC_045512.2	10213	T	C	551	0	33	1	0	20	0.00181159	552	0.984671	FALSE	NA	NA	NA	NA	NA	NA
NC_045512.2	10215	A	G	552	0	35	1	0	39	0.00180832	553	0.500452	FALSE	NA	NA	NA	NA	NA	NA
NC_045512.2	10216	T	C	552	0	33	1	0	35	0.00180832	553	0.500452	FALSE	NA	NA	NA	NA	NA	NA
NC_045512.2	10232	C	T	532	0	35	4	0	35	0.00746269	536	0.0623828	FALSE	NA	NA	NA	NA	NA	NA
NC_045512.2	10233	G	C	489	0	34	3	0	20	0.00609756	492	0.77511	FALSE	NA	NA	NA	NA	NA	NA
NC_045512.2	10234	T	-A	554	0	33	2	0	20	0.00361011	554	0.938971	FALSE	NA	NA	NA	NA	NA	NA
NC_045512.2	10235	A	G	549	0	35	1	0	34	0.00181818	550	0.499546	FALSE	NA	NA	NA	NA	NA	NA
NC_045512.2	10237	G	C	515	0	35	1	0	20	0.00193798	516	0.984692	FALSE	NA	NA	NA	NA	NA	NA
NC_045512.2	10240	T	C	560	553	36	5	5	37	0.00884956	565	0.0311112	FALSE	NA	NA	NA	NA	NA	NA
NC_045512.2	10243	T	C	563	563	35	1	1	35	0.00177305	564	0.500444	FALSE	NA	NA	NA	NA	NA	NA
NC_045512.2	10246	T	G	564	564	36	1	1	36	0.00176991	565	0.500443	FALSE	NA	NA	NA	NA	NA	NA
NC_045512.2	10260	A	G	565	565	34	1	1	38	0.00176678	566	0.500442	FALSE	NA	NA	NA	NA	NA	NA
NC_045512.2	10264	T	C	564	564	35	1	1	35	0.00176991	565	0.500443	FALSE	NA	NA	NA	NA	NA	NA
NC_045512.2	10266	G	A	563	563	35	3	3	35	0.00530035	566	0.125	FALSE	NA	NA	NA	NA	NA	NA
NC_045512.2	10268	A	G	545	545	34	1	1	37	0.00182815	547	0.5	FALSE	NA	NA	NA	NA	NA	NA
NC_045512.2	10268	A	C	545	545	34	1	1	39	0.00182815	547	0.5	FALSE	NA	NA	NA	NA	NA	NA
NC_045512.2	10397	T	A	22	22	34	1	1	24	0.0434783	23	0.511111	FALSE	NA	NA	NA	NA	NA	NA
NC_045512.2	10497	T	C	161	161	35	2	2	32	0.0122699	163	0.250769	FALSE	NA	NA	NA	NA	NA	NA
NC_045512.2	10788	A	T	226	0	35	1	0	35	0.00440529	227	0.501104	FALSE	NA	NA	NA	NA	NA	NA
NC_045512.2	10791	A	G	235	0	35	1	0	39	0.00423729	236	0.501062	FALSE	NA	NA	NA	NA	NA	NA
NC_045512.2	10812	T	C	235	0	34	1	0	39	0.00423729	236	0.501062	FALSE	NA	NA	NA	NA	NA	NA
NC_045512.2	10819	T	A	217	216	33	1	1	29	0.00458716	218	0.876722	FALSE	NA	NA	NA	NA	NA	NA
NC_045512.2	10927	T	A	44	0	33	1	0	37	0.0222222	45	0.505618	FALSE	NA	NA	NA	NA	NA	NA
NC_045512.2	11149	T	C	535	0	34	2	0	32	0.00372439	537	0.250233	FALSE	NA	NA	NA	NA	NA	NA
NC_045512.2	11175	G	A	506	15	37	3	0	34	0.00589391	509	0.125	FALSE	NA	NA	NA	NA	NA	NA
NC_045512.2	11198	G	A	520	520	36	2	2	33	0.00383142	522	0.25024	FALSE	NA	NA	NA	NA	NA	NA
NC_045512.2	11203	T	C	519	519	36	2	2	38	0.00383877	521	0.25024	FALSE	NA	NA	NA	NA	NA	NA
NC_045512.2	11386	A	G	110	0	32	2	0	39	0.0178571	112	0.251121	FALSE	NA	NA	NA	NA	NA	NA
NC_045512.2	11498	T	C	267	0	34	2	0	36	0.00743494	269	0.250466	FALSE	NA	NA	NA	NA	NA	NA
NC_045512.2	11500	A	G	267	0	36	4	0	38	0.0147601	271	0.062267	FALSE	NA	NA	NA	NA	NA	NA
NC_045512.2	11542	T	G	256	256	34	2	2	37	0.00775194	258	0.250485	FALSE	NA	NA	NA	NA	NA	NA
NC_045512.2	11544	T	C	245	245	35	1	1	37	0.00406504	246	0.501018	FALSE	NA	NA	NA	NA	NA	NA
NC_045512.2	11650	C	T	100	100	36	1	1	35	0.00990099	101	0.502488	FALSE	NA	NA	NA	NA	NA	NA
NC_045512.2	11652	T	C	102	102	34	1	1	38	0.00970874	103	0.502439	FALSE	NA	NA	NA	NA	NA	NA
NC_045512.2	11657	T	C	102	102	36	1	1	37	0.00970874	103	0.502439	FALSE	NA	NA	NA	NA	NA	NA
NC_045512.2	11723	T	A	364	0	34	1	0	35	0.00273973	365	0.500686	FALSE	NA	NA	NA	NA	NA	NA
NC_045512.2	11778	T	C	229	229	29	1	1	36	0.00434783	230	0.501089	FALSE	NA	NA	NA	NA	NA	NA
NC_045512.2	11847	A	G	551	0	34	1	0	37	0.00181159	552	0.500453	FALSE	NA	NA	NA	NA	NA	NA
NC_045512.2	11877	T	C	524	521	35	5	5	34	0.0094162	531	0.0308086	FALSE	NA	NA	NA	NA	NA	NA
NC_045512.2	11877	T	A	524	521	35	2	2	34	0.00376648	531	0.247873	FALSE	NA	NA	NA	NA	NA	NA
NC_045512.2	11879	T	C	530	530	35	2	2	38	0.0037594	532	0.250235	FALSE	NA	NA	NA	NA	NA	NA
NC_045512.2	11880	T	C	529	529	35	5	5	38	0.0093633	534	0.0311031	FALSE	NA	NA	NA	NA	NA	NA
NC_045512.2	12000	T	C	158	158	35	3	3	37	0.0186335	161	0.124996	FALSE	NA	NA	NA	NA	NA	NA
NC_045512.2	12078	G	C	253	0	35	1	0	24	0.00393701	254	0.876478	FALSE	NA	NA	NA	NA	NA	NA
NC_045512.2	12082	A	G	276	0	34	4	0	32	0.0142857	280	0.0622746	FALSE	NA	NA	NA	NA	NA	NA
NC_045512.2	12083	A	G	284	0	34	1	0	37	0.00350877	285	0.500879	FALSE	NA	NA	NA	NA	NA	NA
NC_045512.2	12107	T	C	318	148	58	2	2	69	0.00625	320	0.250391	FALSE	NA	NA	NA	NA	NA	NA
NC_045512.2	12130	A	T	273	273	33	1	1	23	0.00364964	274	0.87637	FALSE	NA	NA	NA	NA	NA	NA
NC_045512.2	12134	T	C	254	254	35	2	2	36	0.0078125	256	0.250489	FALSE	NA	NA	NA	NA	NA	NA
NC_045512.2	12204	T	C	409	0	34	1	0	38	0.00243902	410	0.500611	FALSE	NA	NA	NA	NA	NA	NA
NC_045512.2	12219	A	T	454	227	65	1	1	24	0.0021978	455	0.969264	FALSE	NA	NA	NA	NA	NA	NA
NC_045512.2	12229	A	G	455	228	64	1	0	33	0.00218818	457	0.5	FALSE	NA	NA	NA	NA	NA	NA
NC_045512.2	12229	A	C	455	228	64	1	0	31	0.00218818	457	0.5	FALSE	NA	NA	NA	NA	NA	NA
NC_045512.2	12247	T	C	426	426	35	1	1	39	0.00233645	428	0.5	FALSE	NA	NA	NA	NA	NA	NA
NC_045512.2	12247	T	A	426	426	35	1	1	24	0.00233645	428	0.969116	FALSE	NA	NA	NA	NA	NA	NA
NC_045512.2	12295	C	T	836	0	35	1	0	31	0.00119474	837	0.500299	FALSE	NA	NA	NA	NA	NA	NA
NC_045512.2	12297	A	G	868	0	34	1	0	25	0.00114548	873	0.998057	FALSE	NA	NA	NA	NA	NA	NA
NC_045512.2	12297	A	C	868	0	34	4	0	36	0.0045819	873	0.0622849	FALSE	NA	NA	NA	NA	NA	NA
NC_045512.2	12298	A	G	879	0	34	2	0	37	0.00227015	881	0.250142	FALSE	NA	NA	NA	NA	NA	NA
NC_045512.2	12446	A	T	379	166	61	1	0	33	0.00263158	380	0.500659	FALSE	NA	NA	NA	NA	NA	NA
NC_045512.2	12455	C	T	306	306	37	1	1	37	0.00325733	307	0.500816	FALSE	NA	NA	NA	NA	NA	NA
NC_045512.2	12503	T	A	329	0	33	5	0	36	0.0149701	334	0.0310147	FALSE	NA	NA	NA	NA	NA	NA
NC_045512.2	12505	T	-A	335	0	33	4	0	20	0.0119403	335	0.508162	FALSE	NA	NA	NA	NA	NA	NA
NC_045512.2	12523	T	C	331	0	33	1	0	36	0.00301205	332	0.500754	FALSE	NA	NA	NA	NA	NA	NA
NC_045512.2	12534	C	G	356	356	37	1	1	22	0.00280112	357	0.938375	FALSE	NA	NA	NA	NA	NA	NA
NC_045512.2	12550	G	A	362	362	34	2	2	34	0.00549451	364	0.250344	FALSE	NA	NA	NA	NA	NA	NA
NC_045512.2	12555	A	G	365	365	34	1	1	37	0.00273224	366	0.500684	FALSE	NA	NA	NA	NA	NA	NA
NC_045512.2	12556	A	G	364	364	34	2	2	34	0.00546448	366	0.250342	FALSE	NA	NA	NA	NA	NA	NA
NC_045512.2	12557	A	G	347	347	34	1	1	37	0.00287356	348	0.500719	FALSE	NA	NA	NA	NA	NA	NA
NC_045512.2	12631	A	G	956	0	36	2	0	38	0.00208768	958	0.250131	FALSE	NA	NA	NA	NA	NA	NA
NC_045512.2	12632	G	A	946	0	36	2	0	35	0.0021097	948	0.250132	FALSE	NA	NA	NA	NA	NA	NA
NC_045512.2	12654	C	T	1005	538	66	1	1	34	0.000994036	1006	0.750373	FALSE	NA	NA	NA	NA	NA	NA
NC_045512.2	12679	A	G	984	984	33	1	1	34	0.00101523	985	0.500254	FALSE	NA	NA	NA	NA	NA	NA
NC_045512.2	12681	T	C	989	989	34	1	1	34	0.00100908	991	0.5	FALSE	NA	NA	NA	NA	NA	NA
NC_045512.2	12681	T	A	989	989	34	1	1	35	0.00100908	991	0.5	FALSE	NA	NA	NA	NA	NA	NA
NC_045512.2	12682	A	G	982	982	33	4	4	31	0.0040568	986	0.0624364	FALSE	NA	NA	NA	NA	NA	NA
NC_045512.2	12768	C	T	228	0	35	2	0	35	0.00869565	230	0.250545	FALSE	NA	NA	NA	NA	NA	NA
NC_045512.2	12777	A	G	232	0	35	1	0	40	0.00429185	233	0.501075	FALSE	NA	NA	NA	NA	NA	NA
NC_045512.2	12792	A	T	262	148	63	1	0	72	0.00380228	263	0.500952	FALSE	NA	NA	NA	NA	NA	NA
NC_045512.2	12793	G	T	262	151	64	1	1	71	0.00380228	263	0.500952	FALSE	NA	NA	NA	NA	NA	NA
NC_045512.2	12795	G	A	262	150	61	1	0	35	0.00380228	263	0.500952	FALSE	NA	NA	NA	NA	NA	NA
NC_045512.2	12810	T	C	246	246	34	1	1	38	0.00404858	247	0.501014	FALSE	NA	NA	NA	NA	NA	NA
NC_045512.2	12811	T	C	246	246	35	1	1	38	0.00404858	247	0.501014	FALSE	NA	NA	NA	NA	NA	NA
NC_045512.2	12812	G	A	247	247	35	1	1	35	0.00403226	248	0.50101	FALSE	NA	NA	NA	NA	NA	NA
NC_045512.2	12813	C	T	242	242	36	1	1	35	0.00411523	243	0.501031	FALSE	NA	NA	NA	NA	NA	NA
NC_045512.2	12920	A	G	16	16	32	1	1	30	0.0588235	17	0.515152	FALSE	NA	NA	NA	NA	NA	NA
NC_045512.2	13017	G	A	150	2	36	9	0	32	0.0566038	159	0.00178927	TRUE	NA	NA	NA	NA	NA	NA
NC_045512.2	13018	T	A	174	81	58	1	0	23	0.00571429	175	0.752149	FALSE	NA	NA	NA	NA	NA	NA
NC_045512.2	13206	C	A	93	0	33	1	0	20	0.0106383	94	0.502674	FALSE	NA	NA	NA	NA	NA	NA
NC_045512.2	13210	T	A	96	0	33	1	0	21	0.0103093	97	0.502591	FALSE	NA	NA	NA	NA	NA	NA
NC_045512.2	13228	T	A	98	0	34	1	0	34	0.010101	99	0.502538	FALSE	NA	NA	NA	NA	NA	NA
NC_045512.2	13233	G	A	105	49	61	1	0	32	0.00943396	106	0.50237	FALSE	NA	NA	NA	NA	NA	NA
NC_045512.2	13366	C	T	151	151	35	1	1	37	0.00657895	152	0.50165	FALSE	NA	NA	NA	NA	NA	NA
NC_045512.2	13445	G	A	215	0	34	2	0	36	0.00921659	217	0.250577	FALSE	NA	NA	NA	NA	NA	NA
NC_045512.2	13447	T	C	233	0	33	1	0	37	0.0042735	234	0.501071	FALSE	NA	NA	NA	NA	NA	NA
NC_045512.2	13451	G	A	228	7	38	2	0	32	0.00869565	230	0.250545	FALSE	NA	NA	NA	NA	NA	NA
NC_045512.2	13650	T	C	166	0	33	4	0	36	0.0235294	170	0.0621263	FALSE	NA	NA	NA	NA	NA	NA
NC_045512.2	13772	T	C	143	0	34	1	0	37	0.00694444	144	0.501742	FALSE	NA	NA	NA	NA	NA	NA
NC_045512.2	13810	A	G	136	136	34	1	1	34	0.00729927	137	0.501832	FALSE	NA	NA	NA	NA	NA	NA
NC_045512.2	13811	T	C	131	131	35	1	1	38	0.00757576	132	0.501901	FALSE	NA	NA	NA	NA	NA	NA
NC_045512.2	13847	A	T	134	0	32	1	0	26	0.00740741	135	0.752788	FALSE	NA	NA	NA	NA	NA	NA
NC_045512.2	13848	A	G	146	0	34	1	0	32	0.00680272	147	0.501706	FALSE	NA	NA	NA	NA	NA	NA
NC_045512.2	13849	G	A	147	0	35	1	0	21	0.00675676	148	0.752542	FALSE	NA	NA	NA	NA	NA	NA
NC_045512.2	13871	A	G	146	0	34	1	0	34	0.00680272	147	0.501706	FALSE	NA	NA	NA	NA	NA	NA
NC_045512.2	13988	G	A	39	0	34	3	0	35	0.0714286	42	0.124944	FALSE	NA	NA	NA	NA	NA	NA
NC_045512.2	14082	T	C	197	0	33	1	0	38	0.00505051	198	0.501266	FALSE	NA	NA	NA	NA	NA	NA
NC_045512.2	14087	G	A	198	0	36	1	0	37	0.00502513	199	0.501259	FALSE	NA	NA	NA	NA	NA	NA
NC_045512.2	14195	C	T	52	0	36	1	0	30	0.0188679	53	0.504762	FALSE	NA	NA	NA	NA	NA	NA
NC_045512.2	14197	G	A	53	0	37	1	0	35	0.0185185	54	0.504673	FALSE	NA	NA	NA	NA	NA	NA
NC_045512.2	14251	T	C	94	94	34	1	1	39	0.0105263	95	0.502646	FALSE	NA	NA	NA	NA	NA	NA
NC_045512.2	14317	A	G	39	0	33	1	0	39	0.025	40	0.506329	FALSE	NA	NA	NA	NA	NA	NA
NC_045512.2	14461	G	C	246	107	65	1	1	23	0.00403226	248	0.875761	FALSE	NA	NA	NA	NA	NA	NA
NC_045512.2	14461	G	A	246	107	65	1	1	70	0.00403226	248	0.5	FALSE	NA	NA	NA	NA	NA	NA
NC_045512.2	14462	T	C	248	108	62	1	1	77	0.00401606	249	0.501006	FALSE	NA	NA	NA	NA	NA	NA
NC_045512.2	14466	T	C	248	109	61	1	0	32	0.00401606	249	0.501006	FALSE	NA	NA	NA	NA	NA	NA
NC_045512.2	14467	T	C	249	109	60	1	0	32	0.004	250	0.501002	FALSE	NA	NA	NA	NA	NA	NA
NC_045512.2	14486	G	A	198	198	34	2	2	34	0.01	200	0.250627	FALSE	NA	NA	NA	NA	NA	NA
NC_045512.2	14489	A	G	191	191	34	1	1	36	0.00520833	192	0.501305	FALSE	NA	NA	NA	NA	NA	NA
NC_045512.2	14600	T	C	99	99	35	1	1	20	0.01	100	0.751256	FALSE	NA	NA	NA	NA	NA	NA
NC_045512.2	14700	T	C	46	46	35	1	1	37	0.0212766	47	0.505376	FALSE	NA	NA	NA	NA	NA	NA
NC_045512.2	14753	A	G	258	0	33	33	0	32	0.113402	291	4.71863e-11	TRUE	NA	NA	NA	NA	NA	NA
NC_045512.2	14754	A	G	301	0	33	1	0	31	0.00331126	302	0.500829	FALSE	NA	NA	NA	NA	NA	NA
NC_045512.2	14777	G	A	275	20	38	1	1	70	0.00362319	276	0.500907	FALSE	NA	NA	NA	NA	NA	NA
NC_045512.2	14884	T	C	365	0	34	2	0	34	0.00544959	367	0.250341	FALSE	NA	NA	NA	NA	NA	NA
NC_045512.2	14910	T	C	385	207	66	1	1	30	0.00258398	387	0.5	FALSE	NA	NA	NA	NA	NA	NA
NC_045512.2	14910	T	A	385	207	66	1	1	71	0.00258398	387	0.5	FALSE	NA	NA	NA	NA	NA	NA
NC_045512.2	14911	A	T	387	210	66	1	0	70	0.00257069	389	0.5	FALSE	NA	NA	NA	NA	NA	NA
NC_045512.2	14911	A	G	387	210	66	1	1	30	0.00257069	389	0.5	FALSE	NA	NA	NA	NA	NA	NA
NC_045512.2	14934	A	T	369	369	34	1	1	36	0.0027027	370	0.500677	FALSE	NA	NA	NA	NA	NA	NA
NC_045512.2	14995	A	G	547	0	35	1	0	29	0.00182482	548	0.984673	FALSE	NA	NA	NA	NA	NA	NA
NC_045512.2	14996	T	C	545	0	33	1	0	24	0.0018315	546	0.984674	FALSE	NA	NA	NA	NA	NA	NA
NC_045512.2	14997	G	C	488	0	33	1	0	23	0.00204499	489	0.969228	FALSE	NA	NA	NA	NA	NA	NA
NC_045512.2	14998	A	T	514	0	33	1	0	33	0.00194175	515	0.500486	FALSE	NA	NA	NA	NA	NA	NA
NC_045512.2	15002	A	G	703	696	34	2	2	34	0.00283688	705	0.250177	FALSE	NA	NA	NA	NA	NA	NA
NC_045512.2	15003	T	C	698	697	35	4	4	34	0.00569801	702	0.0624106	FALSE	NA	NA	NA	NA	NA	NA
NC_045512.2	15005	A	G	703	703	34	1	1	35	0.00142045	704	0.500355	FALSE	NA	NA	NA	NA	NA	NA
NC_045512.2	15101	C	T	1850	0	36	2	0	34	0.00107991	1852	0.500203	FALSE	NA	NA	NA	NA	NA	NA
NC_045512.2	15103	C	T	1855	0	36	5	0	34	0.00268817	1860	0.109312	FALSE	NA	NA	NA	NA	NA	NA
NC_045512.2	15104	G	T	1834	0	37	1	0	35	0.000543183	1841	0.749387	FALSE	NA	NA	NA	NA	NA	NA
NC_045512.2	15104	G	A	1834	0	37	6	0	36	0.0032591	1841	0.0623216	FALSE	NA	NA	NA	NA	NA	NA
NC_045512.2	15105	C	T	1859	0	36	1	0	34	0.000537634	1860	0.750202	FALSE	NA	NA	NA	NA	NA	NA
NC_045512.2	15106	A	T	1853	0	35	1	0	34	0.000536193	1865	0.748721	FALSE	NA	NA	NA	NA	NA	NA
NC_045512.2	15106	A	G	1853	0	35	11	0	37	0.00589812	1865	0.00313505	TRUE	NA	NA	NA	NA	NA	NA
NC_045512.2	15107	C	T	1860	0	35	3	0	34	0.00161031	1863	0.312601	FALSE	NA	NA	NA	NA	NA	NA
NC_045512.2	15108	C	T	1859	0	37	7	0	34	0.00375134	1866	0.0350682	FALSE	NA	NA	NA	NA	NA	NA
NC_045512.2	15127	T	A	1872	846	65	2	2	68	0.00106724	1874	0.250067	FALSE	NA	NA	NA	NA	NA	NA
NC_045512.2	15129	T	C	1850	840	63	20	11	61	0.0106952	1870	9.11066e-07	TRUE	NA	NA	NA	NA	NA	NA
NC_045512.2	15130	A	T	1604	1561	33	12	12	34	0.00742574	1616	0.00168548	TRUE	NA	NA	NA	NA	NA	NA
NC_045512.2	15131	G	T	900	899	28	6	6	24	0.00660793	908	0.84963	FALSE	NA	NA	NA	NA	NA	NA
NC_045512.2	15131	G	A	900	899	28	2	2	27	0.00220264	908	0.994111	FALSE	NA	NA	NA	NA	NA	NA
NC_045512.2	15132	T	A	1524	1524	32	1	1	26	0.000655738	1525	0.999985	FALSE	NA	NA	NA	NA	NA	NA
NC_045512.2	15133	A	G	1365	1365	29	2	2	27	0.00146306	1367	0.999528	FALSE	NA	NA	NA	NA	NA	NA
NC_045512.2	15150	G	T	1156	1156	29	6	6	23	0.00516351	1162	0.929244	FALSE	NA	NA	NA	NA	NA	NA
NC_045512.2	15151	T	C	1677	1677	35	2	2	35	0.00119119	1679	0.500223	FALSE	NA	NA	NA	NA	NA	NA
NC_045512.2	15151	T	-TTC	1677	1677	35	2	0	20	0.00119119	1679	0.99993	FALSE	NA	NA	NA	NA	NA	NA
NC_045512.2	15152	T	C	1533	1533	32	4	4	33	0.00260247	1537	0.1875	FALSE	NA	NA	NA	NA	NA	NA
NC_045512.2	15153	T	C	701	701	27	3	3	26	0.00426136	704	0.946186	FALSE	NA	NA	NA	NA	NA	NA
NC_045512.2	15154	C	A	1271	1271	31	1	1	24	0.000786164	1272	0.999882	FALSE	NA	NA	NA	NA	NA	NA
NC_045512.2	15156	T	A	698	698	27	1	1	31	0.00143062	699	0.500358	FALSE	NA	NA	NA	NA	NA	NA
NC_045512.2	15188	G	A	932	0	34	3	0	34	0.00320856	935	0.125	FALSE	NA	NA	NA	NA	NA	NA
NC_045512.2	15189	A	G	1024	0	34	6	0	34	0.00582524	1030	0.0623403	FALSE	NA	NA	NA	NA	NA	NA
NC_045512.2	15190	G	A	979	0	35	1	0	37	0.00102041	980	0.500255	FALSE	NA	NA	NA	NA	NA	NA
NC_045512.2	15191	G	A	934	0	33	5	0	33	0.00532481	939	0.0311666	FALSE	NA	NA	NA	NA	NA	NA
NC_045512.2	15193	G	T	992	0	34	2	0	26	0.00200602	997	0.994195	FALSE	NA	NA	NA	NA	NA	NA
NC_045512.2	15193	G	A	992	0	34	3	0	35	0.00300903	997	0.124623	FALSE	NA	NA	NA	NA	NA	NA
NC_045512.2	15194	C	T	1022	0	34	4	0	34	0.00389864	1026	0.1875	FALSE	NA	NA	NA	NA	NA	NA
NC_045512.2	15209	G	T	933	3	32	1	0	30	0.00107066	934	0.500268	FALSE	NA	NA	NA	NA	NA	NA
NC_045512.2	15210	A	T	1033	4	34	1	0	27	0.00096432	1037	0.999519	FALSE	NA	NA	NA	NA	NA	NA
NC_045512.2	15210	A	G	1033	4	34	3	0	33	0.00289296	1037	0.312319	FALSE	NA	NA	NA	NA	NA	NA
NC_045512.2	15211	A	T	1045	44	37	1	0	28	0.000956023	1046	0.999527	FALSE	NA	NA	NA	NA	NA	NA
NC_045512.2	15212	C	T	1155	590	65	2	1	53	0.00172861	1157	0.250108	FALSE	NA	NA	NA	NA	NA	NA
NC_045512.2	15213	A	G	1159	594	65	5	2	61	0.00429553	1164	0.0311828	FALSE	NA	NA	NA	NA	NA	NA
NC_045512.2	15239	A	T	1101	1101	34	1	1	35	0.000906618	1103	0.750113	FALSE	NA	NA	NA	NA	NA	NA
NC_045512.2	15239	A	G	1101	1101	34	1	1	35	0.000906618	1103	0.750113	FALSE	NA	NA	NA	NA	NA	NA
NC_045512.2	15240	C	A	1096	1096	37	1	1	27	0.000911577	1097	0.999526	FALSE	NA	NA	NA	NA	NA	NA
NC_045512.2	15315	C	T	173	161	35	1	1	36	0.00574713	174	0.501441	FALSE	NA	NA	NA	NA	NA	NA
NC_045512.2	15316	A	T	180	166	32	1	1	25	0.00549451	182	0.750693	FALSE	NA	NA	NA	NA	NA	NA
NC_045512.2	15316	A	G	180	166	32	1	1	36	0.00549451	182	0.5	FALSE	NA	NA	NA	NA	NA	NA
NC_045512.2	15320	C	T	184	172	35	1	1	37	0.00540541	185	0.501355	FALSE	NA	NA	NA	NA	NA	NA
NC_045512.2	15321	T	C	186	174	34	1	1	33	0.00534759	187	0.50134	FALSE	NA	NA	NA	NA	NA	NA
NC_045512.2	15337	A	G	175	175	32	1	1	26	0.00568182	176	0.752137	FALSE	NA	NA	NA	NA	NA	NA
NC_045512.2	15414	G	C	878	0	35	1	0	23	0.00113766	879	0.998097	FALSE	NA	NA	NA	NA	NA	NA
NC_045512.2	15415	T	C	884	0	33	2	0	36	0.00225479	887	0.249859	FALSE	NA	NA	NA	NA	NA	NA
NC_045512.2	15415	T	A	884	0	33	1	0	33	0.0011274	887	0.499718	FALSE	NA	NA	NA	NA	NA	NA
NC_045512.2	15416	G	C	879	0	36	2	0	22	0.00227015	881	0.989481	FALSE	NA	NA	NA	NA	NA	NA
NC_045512.2	15417	T	C	885	0	33	4	0	34	0.00449944	889	0.0624295	FALSE	NA	NA	NA	NA	NA	NA
NC_045512.2	15418	G	A	872	0	35	2	0	36	0.00228833	874	0.250143	FALSE	NA	NA	NA	NA	NA	NA
NC_045512.2	15419	C	T	865	0	34	3	0	34	0.00345622	868	0.125	FALSE	NA	NA	NA	NA	NA	NA
NC_045512.2	15420	T	C	886	0	33	8	0	32	0.00894855	894	0.00386258	TRUE	NA	NA	NA	NA	NA	NA
NC_045512.2	15438	G	A	935	446	64	2	0	70	0.00213447	937	0.250133	FALSE	NA	NA	NA	NA	NA	NA
NC_045512.2	15440	T	A	938	436	61	2	1	68	0.00212766	940	0.250133	FALSE	NA	NA	NA	NA	NA	NA
NC_045512.2	15441	C	G	936	443	64	1	0	20	0.00106724	937	0.999052	FALSE	NA	NA	NA	NA	NA	NA
NC_045512.2	15442	A	G	935	435	62	2	2	68	0.00213447	937	0.250133	FALSE	NA	NA	NA	NA	NA	NA
NC_045512.2	15442	A	-T	935	435	62	1	0	20	0.00106724	937	0.999047	FALSE	NA	NA	NA	NA	NA	NA
NC_045512.2	15443	T	C	842	829	36	2	2	37	0.00236967	844	0.249556	FALSE	NA	NA	NA	NA	NA	NA
NC_045512.2	15458	T	A	834	834	34	1	1	21	0.0011976	835	0.998099	FALSE	NA	NA	NA	NA	NA	NA
NC_045512.2	15459	A	G	836	836	33	6	6	34	0.00712589	842	0.0155414	FALSE	NA	NA	NA	NA	NA	NA
NC_045512.2	15462	T	C	848	848	36	1	1	39	0.00117786	849	0.500295	FALSE	NA	NA	NA	NA	NA	NA
NC_045512.2	15463	G	A	839	839	35	2	2	31	0.00237812	841	0.250149	FALSE	NA	NA	NA	NA	NA	NA
NC_045512.2	15464	T	G	844	844	36	1	1	38	0.00118064	847	0.499704	FALSE	NA	NA	NA	NA	NA	NA
NC_045512.2	15464	T	C	844	844	36	2	2	31	0.00236128	847	0.249852	FALSE	NA	NA	NA	NA	NA	NA
NC_045512.2	15465	T	C	790	790	35	1	1	26	0.00126422	791	0.996182	FALSE	NA	NA	NA	NA	NA	NA
NC_045512.2	15525	C	G	390	0	35	1	0	20	0.00255754	391	0.938299	FALSE	NA	NA	NA	NA	NA	NA
NC_045512.2	15526	A	C	418	0	35	1	0	35	0.00238663	419	0.500597	FALSE	NA	NA	NA	NA	NA	NA
NC_045512.2	15527	T	C	416	0	34	3	0	33	0.0071599	419	0.124999	FALSE	NA	NA	NA	NA	NA	NA
NC_045512.2	15549	T	C	414	1	34	1	0	35	0.00240964	415	0.500603	FALSE	NA	NA	NA	NA	NA	NA
NC_045512.2	15551	T	C	425	182	63	1	1	73	0.00234742	426	0.500588	FALSE	NA	NA	NA	NA	NA	NA
NC_045512.2	15552	T	C	426	183	62	3	2	74	0.00699301	429	0.124999	FALSE	NA	NA	NA	NA	NA	NA
NC_045512.2	15553	A	G	422	181	64	5	3	71	0.0117096	427	0.0310662	FALSE	NA	NA	NA	NA	NA	NA
NC_045512.2	15576	T	G	363	363	35	1	1	35	0.00273973	365	0.5	FALSE	NA	NA	NA	NA	NA	NA
NC_045512.2	15576	T	C	363	363	35	1	1	37	0.00273973	365	0.5	FALSE	NA	NA	NA	NA	NA	NA
NC_045512.2	15577	A	G	350	350	34	16	16	36	0.0437158	366	1.3194e-05	TRUE	NA	NA	NA	NA	NA	NA
NC_045512.2	15580	A	G	351	351	34	2	2	35	0.00566572	353	0.250355	FALSE	NA	NA	NA	NA	NA	NA
NC_045512.2	15640	A	C	53	0	33	1	0	31	0.0185185	54	0.504673	FALSE	NA	NA	NA	NA	NA	NA
NC_045512.2	15755	C	T	165	0	36	1	0	35	0.0060241	166	0.501511	FALSE	NA	NA	NA	NA	NA	NA
NC_045512.2	15778	A	T	168	4	35	1	0	35	0.00591716	169	0.501484	FALSE	NA	NA	NA	NA	NA	NA
NC_045512.2	15782	A	G	224	220	33	1	1	38	0.00444444	225	0.501114	FALSE	NA	NA	NA	NA	NA	NA
NC_045512.2	15806	A	G	224	224	33	1	1	32	0.00444444	225	0.501114	FALSE	NA	NA	NA	NA	NA	NA
NC_045512.2	15867	T	C	121	0	34	1	0	38	0.00819672	122	0.502058	FALSE	NA	NA	NA	NA	NA	NA
NC_045512.2	15872	A	T	113	0	33	4	0	32	0.034188	117	0.0619531	FALSE	NA	NA	NA	NA	NA	NA
NC_045512.2	15891	A	G	171	107	56	1	0	72	0.00581395	172	0.501458	FALSE	NA	NA	NA	NA	NA	NA
NC_045512.2	15896	T	C	157	157	35	1	1	24	0.00632911	158	0.752381	FALSE	NA	NA	NA	NA	NA	NA
NC_045512.2	15914	A	G	157	157	33	1	1	35	0.00632911	158	0.501587	FALSE	NA	NA	NA	NA	NA	NA
NC_045512.2	15919	G	A	150	150	33	1	1	35	0.00662252	151	0.501661	FALSE	NA	NA	NA	NA	NA	NA
NC_045512.2	16021	T	C	221	0	33	1	0	37	0.0045045	222	0.501129	FALSE	NA	NA	NA	NA	NA	NA
NC_045512.2	16044	A	T	151	151	32	1	1	29	0.00653595	153	0.750825	FALSE	NA	NA	NA	NA	NA	NA
NC_045512.2	16044	A	G	151	151	32	1	1	33	0.00653595	153	0.5	FALSE	NA	NA	NA	NA	NA	NA
NC_045512.2	16051	A	G	155	155	34	1	1	38	0.00641026	156	0.501608	FALSE	NA	NA	NA	NA	NA	NA
NC_045512.2	16115	A	T	992	0	35	1	0	26	0.00100604	994	0.999045	FALSE	NA	NA	NA	NA	NA	NA
NC_045512.2	16115	A	G	992	0	35	1	0	39	0.00100604	994	0.5	FALSE	NA	NA	NA	NA	NA	NA
NC_045512.2	16116	T	C	1003	0	33	1	0	38	0.000996016	1004	0.750374	FALSE	NA	NA	NA	NA	NA	NA
NC_045512.2	16117	G	A	978	0	35	1	0	37	0.00102145	979	0.500255	FALSE	NA	NA	NA	NA	NA	NA
NC_045512.2	16118	A	T	1006	0	33	1	0	28	0.000993049	1007	0.999528	FALSE	NA	NA	NA	NA	NA	NA
NC_045512.2	16123	T	C	1005	0	33	1	0	37	0.000994036	1006	0.750373	FALSE	NA	NA	NA	NA	NA	NA
NC_045512.2	16145	T	C	945	926	36	6	6	38	0.00630252	952	0.0155019	FALSE	NA	NA	NA	NA	NA	NA
NC_045512.2	16145	T	A	945	926	36	1	1	34	0.00105042	952	0.498682	FALSE	NA	NA	NA	NA	NA	NA
NC_045512.2	16147	T	C	949	948	35	1	1	37	0.00105263	950	0.500263	FALSE	NA	NA	NA	NA	NA	NA
NC_045512.2	16148	A	G	949	949	34	1	1	37	0.00105263	950	0.500263	FALSE	NA	NA	NA	NA	NA	NA
NC_045512.2	16149	T	G	940	940	36	1	1	36	0.00105374	949	0.498147	FALSE	NA	NA	NA	NA	NA	NA
NC_045512.2	16149	T	C	940	940	36	5	5	38	0.0052687	949	0.0308389	FALSE	NA	NA	NA	NA	NA	NA
NC_045512.2	16149	T	A	940	940	36	3	3	32	0.00316122	949	0.123813	FALSE	NA	NA	NA	NA	NA	NA
NC_045512.2	16150	T	C	947	947	35	2	2	28	0.00210748	949	0.994281	FALSE	NA	NA	NA	NA	NA	NA
NC_045512.2	16172	A	G	932	932	34	1	1	35	0.00107181	933	0.500268	FALSE	NA	NA	NA	NA	NA	NA
NC_045512.2	16285	G	A	119	66	32	1	1	32	0.00833333	120	0.502092	FALSE	NA	NA	NA	NA	NA	NA
NC_045512.2	16288	G	A	112	60	32	1	0	37	0.00884956	113	0.502222	FALSE	NA	NA	NA	NA	NA	NA
NC_045512.2	16346	C	A	562	0	34	1	0	27	0.0017762	563	0.984665	FALSE	NA	NA	NA	NA	NA	NA
NC_045512.2	16348	T	C	578	0	34	9	0	34	0.0153322	587	0.00190835	TRUE	NA	NA	NA	NA	NA	NA
NC_045512.2	16368	T	C	595	41	39	1	1	37	0.00167785	596	0.50042	FALSE	NA	NA	NA	NA	NA	NA
NC_045512.2	16373	A	G	664	346	59	2	0	24	0.003003	666	0.965417	FALSE	NA	NA	NA	NA	NA	NA
NC_045512.2	16393	C	T	611	611	36	2	2	33	0.00325733	614	0.249796	FALSE	NA	NA	NA	NA	NA	NA
NC_045512.2	16393	C	G	611	611	36	1	1	20	0.00162866	614	0.992277	FALSE	NA	NA	NA	NA	NA	NA
NC_045512.2	16395	A	G	634	634	34	2	2	36	0.00314465	636	0.250197	FALSE	NA	NA	NA	NA	NA	NA
NC_045512.2	16396	G	A	627	627	36	4	4	34	0.00633914	631	0.0624005	FALSE	NA	NA	NA	NA	NA	NA
NC_045512.2	16571	G	A	487	0	36	1	0	37	0.00204918	488	0.500513	FALSE	NA	NA	NA	NA	NA	NA
NC_045512.2	16572	T	G	495	0	33	4	0	34	0.008	500	0.0621241	FALSE	NA	NA	NA	NA	NA	NA
NC_045512.2	16572	T	C	495	0	33	1	0	37	0.002	500	0.498492	FALSE	NA	NA	NA	NA	NA	NA
NC_045512.2	16573	G	T	488	0	35	1	0	35	0.00204499	489	0.500512	FALSE	NA	NA	NA	NA	NA	NA
NC_045512.2	16574	A	T	487	0	32	1	0	34	0.00204918	488	0.500513	FALSE	NA	NA	NA	NA	NA	NA
NC_045512.2	16576	T	C	512	0	33	2	0	34	0.00389105	514	0.250243	FALSE	NA	NA	NA	NA	NA	NA
NC_045512.2	16576	T	-G	512	0	33	1	0	20	0.00194553	514	0.984603	FALSE	NA	NA	NA	NA	NA	NA
NC_045512.2	16578	G	C	477	0	34	1	0	32	0.00209205	478	0.500524	FALSE	NA	NA	NA	NA	NA	NA
NC_045512.2	16600	T	G	549	252	60	1	0	76	0.00181818	550	0.500455	FALSE	NA	NA	NA	NA	NA	NA
NC_045512.2	16601	T	C	442	438	37	1	1	39	0.00225734	443	0.500565	FALSE	NA	NA	NA	NA	NA	NA
NC_045512.2	16603	G	T	425	425	35	1	1	21	0.00234192	427	0.969117	FALSE	NA	NA	NA	NA	NA	NA
NC_045512.2	16603	G	A	425	425	35	1	1	34	0.00234192	427	0.5	FALSE	NA	NA	NA	NA	NA	NA
NC_045512.2	16607	A	G	438	438	34	2	2	34	0.00454545	440	0.250284	FALSE	NA	NA	NA	NA	NA	NA
NC_045512.2	16626	C	T	436	436	37	1	1	37	0.00228833	437	0.500573	FALSE	NA	NA	NA	NA	NA	NA
NC_045512.2	16627	A	G	437	437	34	4	4	36	0.00907029	441	0.0623574	FALSE	NA	NA	NA	NA	NA	NA
NC_045512.2	16701	T	C	923	0	33	6	0	35	0.00645856	929	0.0155492	FALSE	NA	NA	NA	NA	NA	NA
NC_045512.2	16702	G	A	960	0	37	2	0	37	0.002079	962	0.25013	FALSE	NA	NA	NA	NA	NA	NA
NC_045512.2	16703	A	T	957	0	34	3	0	32	0.003125	960	0.125	FALSE	NA	NA	NA	NA	NA	NA
NC_045512.2	16705	G	A	960	0	37	2	0	36	0.002079	962	0.25013	FALSE	NA	NA	NA	NA	NA	NA
NC_045512.2	16706	T	C	953	0	33	7	0	34	0.00729167	960	0.0077555	TRUE	NA	NA	NA	NA	NA	NA
NC_045512.2	16746	T	C	842	842	35	1	1	30	0.00118483	844	0.5	FALSE	NA	NA	NA	NA	NA	NA
NC_045512.2	16746	T	A	842	842	35	1	1	21	0.00118483	844	0.998088	FALSE	NA	NA	NA	NA	NA	NA
NC_045512.2	16821	A	T	249	117	34	1	1	36	0.00398406	251	0.5	FALSE	NA	NA	NA	NA	NA	NA
NC_045512.2	16821	A	C	249	117	34	1	0	29	0.00398406	251	0.875752	FALSE	NA	NA	NA	NA	NA	NA
NC_045512.2	16845	T	C	248	117	33	1	0	33	0.00401606	249	0.501006	FALSE	NA	NA	NA	NA	NA	NA
NC_045512.2	16846	G	C	241	117	32	1	0	25	0.00413223	242	0.876551	FALSE	NA	NA	NA	NA	NA	NA
NC_045512.2	16847	A	T	241	117	32	1	0	33	0.00409836	244	0.498969	FALSE	NA	NA	NA	NA	NA	NA
NC_045512.2	16847	A	G	241	117	32	2	1	25	0.00819672	244	0.688276	FALSE	NA	NA	NA	NA	NA	NA
NC_045512.2	16918	A	G	115	115	32	2	2	35	0.017094	117	0.251073	FALSE	NA	NA	NA	NA	NA	NA
NC_045512.2	16945	G	A	320	117	33	1	1	31	0.00311526	321	0.50078	FALSE	NA	NA	NA	NA	NA	NA
NC_045512.2	17023	T	C	1283	609	60	1	0	33	0.000778816	1284	0.750292	FALSE	NA	NA	NA	NA	NA	NA
NC_045512.2	17026	A	T	1287	611	61	1	0	33	0.000776398	1288	0.750291	FALSE	NA	NA	NA	NA	NA	NA
NC_045512.2	17030	A	G	1284	611	62	1	0	34	0.00077821	1285	0.750292	FALSE	NA	NA	NA	NA	NA	NA
NC_045512.2	17045	A	T	1128	1128	34	1	1	37	0.000884956	1130	0.750111	FALSE	NA	NA	NA	NA	NA	NA
NC_045512.2	17045	A	G	1128	1128	34	1	1	37	0.000884956	1130	0.750111	FALSE	NA	NA	NA	NA	NA	NA
NC_045512.2	17046	A	T	1124	1124	34	1	1	37	0.000888889	1125	0.750333	FALSE	NA	NA	NA	NA	NA	NA
NC_045512.2	17047	A	G	1110	1110	34	1	1	32	0.00090009	1111	0.750338	FALSE	NA	NA	NA	NA	NA	NA
NC_045512.2	17120	T	C	1030	0	34	2	0	39	0.00193798	1032	0.500364	FALSE	NA	NA	NA	NA	NA	NA
NC_045512.2	17121	A	G	1056	0	36	1	0	33	0.000946074	1057	0.750355	FALSE	NA	NA	NA	NA	NA	NA
NC_045512.2	17122	G	A	1031	0	35	2	0	36	0.00193611	1033	0.500363	FALSE	NA	NA	NA	NA	NA	NA
NC_045512.2	17146	A	G	1254	655	59	1	1	33	0.000796813	1255	0.750299	FALSE	NA	NA	NA	NA	NA	NA
NC_045512.2	17148	A	T	1263	666	60	3	1	59	0.00236967	1266	0.125	FALSE	NA	NA	NA	NA	NA	NA
NC_045512.2	17150	T	C	1143	1127	36	8	8	36	0.00695048	1151	0.0194089	FALSE	NA	NA	NA	NA	NA	NA
NC_045512.2	17174	C	T	1096	1096	35	2	2	30	0.00182149	1098	0.500342	FALSE	NA	NA	NA	NA	NA	NA
NC_045512.2	17175	T	C	1105	1105	34	9	9	32	0.00807175	1115	0.0106044	FALSE	NA	NA	NA	NA	NA	NA
NC_045512.2	17175	T	A	1105	1105	34	1	1	35	0.000896861	1115	0.748308	FALSE	NA	NA	NA	NA	NA	NA
NC_045512.2	17250	T	A	2118	0	34	1	0	36	0.000471921	2119	0.875177	FALSE	NA	NA	NA	NA	NA	NA
NC_045512.2	17251	C	T	2093	0	36	2	0	34	0.000954654	2095	0.687769	FALSE	NA	NA	NA	NA	NA	NA
NC_045512.2	17252	G	C	2007	0	35	3	0	21	0.00149254	2010	0.999969	FALSE	NA	NA	NA	NA	NA	NA
NC_045512.2	17263	T	C	2283	1166	66	2	2	31	0.000875274	2285	0.687746	FALSE	NA	NA	NA	NA	NA	NA
NC_045512.2	17291	T	C	2151	2151	36	1	1	37	0.000464684	2152	0.875174	FALSE	NA	NA	NA	NA	NA	NA
NC_045512.2	17355	T	C	978	0	34	2	0	36	0.00204082	980	0.250128	FALSE	NA	NA	NA	NA	NA	NA
NC_045512.2	17380	T	A	1000	0	34	7	0	36	0.00695134	1007	0.034993	FALSE	NA	NA	NA	NA	NA	NA
NC_045512.2	17381	A	G	1000	0	36	1	0	37	0.00098912	1011	0.747882	FALSE	NA	NA	NA	NA	NA	NA
NC_045512.2	17381	A	C	1000	0	36	10	0	35	0.0098912	1011	0.00575344	TRUE	NA	NA	NA	NA	NA	NA
NC_045512.2	17384	A	G	1123	593	63	2	2	76	0.00177778	1125	0.250111	FALSE	NA	NA	NA	NA	NA	NA
NC_045512.2	17385	T	C	1065	1051	36	2	2	31	0.00187266	1068	0.5	FALSE	NA	NA	NA	NA	NA	NA
NC_045512.2	17385	T	A	1065	1051	36	1	1	24	0.00093633	1068	0.999522	FALSE	NA	NA	NA	NA	NA	NA
NC_045512.2	17410	C	T	2	2	30	1048	1048	34	0.998095	1050	0	TRUE	NA	NA	NA	NA	NA	NA
NC_045512.2	17489	A	T	1478	0	34	1	0	27	0.000675219	1481	0.99997	FALSE	NA	NA	NA	NA	NA	NA
NC_045512.2	17489	A	G	1478	0	34	2	0	34	0.00135044	1481	0.5	FALSE	NA	NA	NA	NA	NA	NA
NC_045512.2	17490	A	G	1530	0	35	8	0	32	0.00520156	1538	0.0194397	FALSE	NA	NA	NA	NA	NA	NA
NC_045512.2	17492	C	T	1540	0	35	1	0	35	0.000648929	1541	0.750243	FALSE	NA	NA	NA	NA	NA	NA
NC_045512.2	17517	A	T	1582	761	61	1	1	28	0.000631712	1583	0.999985	FALSE	NA	NA	NA	NA	NA	NA
NC_045512.2	17518	C	T	1585	758	65	3	1	69	0.00188917	1588	0.125	FALSE	NA	NA	NA	NA	NA	NA
NC_045512.2	17519	T	C	1471	1446	36	3	3	36	0.00203528	1474	0.312627	FALSE	NA	NA	NA	NA	NA	NA
NC_045512.2	17521	A	G	1481	1480	34	2	2	36	0.00134862	1483	0.500253	FALSE	NA	NA	NA	NA	NA	NA
NC_045512.2	17543	T	G	1481	1481	35	2	2	36	0.00134409	1488	0.49899	FALSE	NA	NA	NA	NA	NA	NA
NC_045512.2	17543	T	C	1481	1481	35	5	5	39	0.00336022	1488	0.108981	FALSE	NA	NA	NA	NA	NA	NA
NC_045512.2	17544	G	A	1483	1483	36	2	2	34	0.0013468	1485	0.500253	FALSE	NA	NA	NA	NA	NA	NA
NC_045512.2	17545	T	C	1468	1468	36	14	14	35	0.00944669	1482	0.000477533	TRUE	NA	NA	NA	NA	NA	NA
NC_045512.2	17546	T	C	1419	1419	35	8	8	36	0.00559832	1429	0.0193347	FALSE	NA	NA	NA	NA	NA	NA
NC_045512.2	17546	T	A	1419	1419	35	2	2	34	0.00139958	1429	0.498157	FALSE	NA	NA	NA	NA	NA	NA
NC_045512.2	17618	T	C	3484	0	34	12	0	36	0.00343151	3497	0.0174829	FALSE	NA	NA	NA	NA	NA	NA
NC_045512.2	17618	T	A	3484	0	34	1	0	35	0.000285959	3497	0.937159	FALSE	NA	NA	NA	NA	NA	NA
NC_045512.2	17619	T	C	3550	0	34	4	0	37	0.00112549	3554	0.500154	FALSE	NA	NA	NA	NA	NA	NA
NC_045512.2	17620	A	G	3548	0	36	4	0	37	0.00112613	3552	0.500154	FALSE	NA	NA	NA	NA	NA	NA
NC_045512.2	17621	A	T	3541	0	35	4	0	33	0.00112803	3546	0.5	FALSE	NA	NA	NA	NA	NA	NA
NC_045512.2	17621	A	C	3541	0	35	1	0	38	0.000282008	3546	0.937447	FALSE	NA	NA	NA	NA	NA	NA
NC_045512.2	17622	A	T	3518	0	35	1	0	33	0.000283527	3527	0.937305	FALSE	NA	NA	NA	NA	NA	NA
NC_045512.2	17622	A	G	3518	0	35	8	0	38	0.00226822	3527	0.113098	FALSE	NA	NA	NA	NA	NA	NA
NC_045512.2	17623	G	C	3496	0	37	1	0	24	0.000285959	3497	1	FALSE	NA	NA	NA	NA	NA	NA
NC_045512.2	17624	C	T	3529	0	36	2	0	33	0.000566412	3531	0.812677	FALSE	NA	NA	NA	NA	NA	NA
NC_045512.2	17643	T	C	3599	1717	62	1	1	22	0.000277624	3602	1	FALSE	NA	NA	NA	NA	NA	NA
NC_045512.2	17643	T	A	3599	1717	62	2	2	21	0.000555247	3602	1	FALSE	NA	NA	NA	NA	NA	NA
NC_045512.2	17660	T	A	3448	3448	34	4	4	23	0.00115875	3452	1	FALSE	NA	NA	NA	NA	NA	NA
NC_045512.2	17661	T	A	3460	3460	34	5	5	28	0.001443	3465	1	FALSE	NA	NA	NA	NA	NA	NA
NC_045512.2	17663	A	G	3490	3490	34	2	2	35	0.000572738	3492	0.812679	FALSE	NA	NA	NA	NA	NA	NA
NC_045512.2	17664	T	C	3458	3458	35	2	2	30	0.000578035	3460	0.812681	FALSE	NA	NA	NA	NA	NA	NA
NC_045512.2	17665	A	G	3475	3475	34	8	8	35	0.00229687	3483	0.113189	FALSE	NA	NA	NA	NA	NA	NA
NC_045512.2	17666	A	T	3493	3493	34	2	2	35	0.000571592	3499	0.812321	FALSE	NA	NA	NA	NA	NA	NA
NC_045512.2	17666	A	G	3493	3493	34	4	4	36	0.00114318	3499	0.499844	FALSE	NA	NA	NA	NA	NA	NA
NC_045512.2	17667	G	A	3381	3381	35	9	9	34	0.00265487	3390	0.072891	FALSE	NA	NA	NA	NA	NA	NA
NC_045512.2	17721	G	A	1701	0	37	5	0	34	0.00293083	1706	0.109306	FALSE	NA	NA	NA	NA	NA	NA
NC_045512.2	17723	T	C	1755	0	33	1	0	37	0.000569476	1756	0.750214	FALSE	NA	NA	NA	NA	NA	NA
NC_045512.2	17724	A	T	1755	0	35	3	0	30	0.00170261	1762	0.311754	FALSE	NA	NA	NA	NA	NA	NA
NC_045512.2	17724	A	G	1755	0	35	4	0	38	0.00227015	1762	0.186967	FALSE	NA	NA	NA	NA	NA	NA
NC_045512.2	17725	A	T	1756	0	34	1	0	34	0.000569152	1757	0.750213	FALSE	NA	NA	NA	NA	NA	NA
NC_045512.2	17726	G	T	1730	0	35	1	0	35	0.000577367	1732	0.750072	FALSE	NA	NA	NA	NA	NA	NA
NC_045512.2	17726	G	A	1730	0	35	1	0	36	0.000577367	1732	0.750072	FALSE	NA	NA	NA	NA	NA	NA
NC_045512.2	17727	A	G	1738	0	34	3	0	33	0.00172315	1741	0.312608	FALSE	NA	NA	NA	NA	NA	NA
NC_045512.2	17728	G	A	1715	0	35	1	0	35	0.000582751	1716	0.750219	FALSE	NA	NA	NA	NA	NA	NA
NC_045512.2	17744	A	G	1890	923	63	1	1	30	0.000528821	1891	0.750198	FALSE	NA	NA	NA	NA	NA	NA
NC_045512.2	17748	T	C	1902	932	64	1	1	35	0.000525486	1903	0.750197	FALSE	NA	NA	NA	NA	NA	NA
NC_045512.2	17749	G	A	1883	931	66	2	0	63	0.00106101	1885	0.250066	FALSE	NA	NA	NA	NA	NA	NA
NC_045512.2	17765	T	C	1727	1727	35	1	1	35	0.000578704	1728	0.750217	FALSE	NA	NA	NA	NA	NA	NA
NC_045512.2	17766	C	-T	1719	1719	37	1	0	20	0.000581734	1719	0.999996	FALSE	NA	NA	NA	NA	NA	NA
NC_045512.2	17767	T	C	1710	1710	35	11	11	38	0.00639163	1721	0.00313184	TRUE	NA	NA	NA	NA	NA	NA
NC_045512.2	17768	T	A	1728	1728	35	1	1	34	0.000578369	1729	0.750217	FALSE	NA	NA	NA	NA	NA	NA
NC_045512.2	17770	A	G	1730	1730	34	2	2	37	0.00115473	1732	0.500217	FALSE	NA	NA	NA	NA	NA	NA
NC_045512.2	17771	T	C	1720	1720	36	8	8	38	0.00462695	1729	0.0194093	FALSE	NA	NA	NA	NA	NA	NA
NC_045512.2	17771	T	A	1720	1720	36	1	1	35	0.000578369	1729	0.749057	FALSE	NA	NA	NA	NA	NA	NA
NC_045512.2	17772	T	C	1691	1691	36	3	3	38	0.00177096	1694	0.312611	FALSE	NA	NA	NA	NA	NA	NA
NC_045512.2	17857	T	C	528	291	61	1	1	29	0.00189036	529	0.984684	FALSE	NA	NA	NA	NA	NA	NA
NC_045512.2	17858	A	G	523	289	60	1	0	76	0.0019084	524	0.500478	FALSE	NA	NA	NA	NA	NA	NA
NC_045512.2	17859	T	C	526	290	60	2	1	75	0.00378788	528	0.250237	FALSE	NA	NA	NA	NA	NA	NA
NC_045512.2	17861	A	T	526	289	59	1	0	72	0.00189753	527	0.500475	FALSE	NA	NA	NA	NA	NA	NA
NC_045512.2	17864	A	G	527	291	60	1	0	36	0.00189394	528	0.500474	FALSE	NA	NA	NA	NA	NA	NA
NC_045512.2	17865	T	C	526	294	60	2	0	32	0.00378788	528	0.250237	FALSE	NA	NA	NA	NA	NA	NA
NC_045512.2	17878	C	-A	486	486	35	1	0	20	0.00205761	486	0.96939	FALSE	NA	NA	NA	NA	NA	NA
NC_045512.2	17961	A	G	2863	0	35	6	0	36	0.00209132	2869	0.144474	FALSE	NA	NA	NA	NA	NA	NA
NC_045512.2	17962	A	T	2941	0	35	1	0	30	0.000339328	2947	0.874809	FALSE	NA	NA	NA	NA	NA	NA
NC_045512.2	17962	A	G	2941	0	35	5	0	33	0.00169664	2947	0.226423	FALSE	NA	NA	NA	NA	NA	NA
NC_045512.2	17963	T	C	2921	0	33	10	0	36	0.0034118	2931	0.0192184	FALSE	NA	NA	NA	NA	NA	NA
NC_045512.2	17965	T	C	2921	0	33	15	0	33	0.00509511	2944	0.00114091	TRUE	NA	NA	NA	NA	NA	NA
NC_045512.2	17965	T	A	2921	0	33	8	0	33	0.00271739	2944	0.0537057	FALSE	NA	NA	NA	NA	NA	NA
NC_045512.2	17967	T	G	2952	0	34	1	0	39	0.000337724	2961	0.874619	FALSE	NA	NA	NA	NA	NA	NA
NC_045512.2	17967	T	C	2952	0	34	5	0	35	0.00168862	2961	0.226008	FALSE	NA	NA	NA	NA	NA	NA
NC_045512.2	17967	T	A	2952	0	34	3	0	35	0.00101317	2961	0.499207	FALSE	NA	NA	NA	NA	NA	NA
NC_045512.2	17968	G	C	2842	0	36	4	0	24	0.00140449	2848	0.999999	FALSE	NA	NA	NA	NA	NA	NA
NC_045512.2	17968	G	A	2842	0	36	2	0	36	0.000702247	2848	0.68717	FALSE	NA	NA	NA	NA	NA	NA
NC_045512.2	18009	A	G	2999	2999	34	1	1	35	0.000333333	3000	0.937563	FALSE	NA	NA	NA	NA	NA	NA
NC_045512.2	18011	T	C	3004	3004	36	4	4	34	0.00132979	3008	0.500182	FALSE	NA	NA	NA	NA	NA	NA
NC_045512.2	18012	T	C	2994	2994	35	1	1	38	0.00033389	2995	0.875125	FALSE	NA	NA	NA	NA	NA	NA
NC_045512.2	18065	A	G	425	0	36	1	0	39	0.00234742	426	0.500588	FALSE	NA	NA	NA	NA	NA	NA
NC_045512.2	18066	A	G	425	0	35	2	0	31	0.00468384	427	0.250293	FALSE	NA	NA	NA	NA	NA	NA
NC_045512.2	18083	T	C	455	213	63	1	1	20	0.00219298	456	0.969263	FALSE	NA	NA	NA	NA	NA	NA
NC_045512.2	18109	C	T	427	427	35	1	1	30	0.00233645	428	0.500585	FALSE	NA	NA	NA	NA	NA	NA
NC_045512.2	18110	C	T	442	442	35	1	1	35	0.00225734	443	0.500565	FALSE	NA	NA	NA	NA	NA	NA
NC_045512.2	18111	T	C	423	423	34	16	16	36	0.0364465	439	1.35232e-05	TRUE	NA	NA	NA	NA	NA	NA
NC_045512.2	18184	A	G	116	116	33	1	1	31	0.00854701	117	0.502146	FALSE	NA	NA	NA	NA	NA	NA
NC_045512.2	18211	A	G	132	117	33	1	1	34	0.0075188	133	0.501887	FALSE	NA	NA	NA	NA	NA	NA
NC_045512.2	18212	T	C	132	115	35	1	1	33	0.0075188	133	0.501887	FALSE	NA	NA	NA	NA	NA	NA
NC_045512.2	18295	T	C	236	0	34	2	0	36	0.00840336	238	0.250526	FALSE	NA	NA	NA	NA	NA	NA
NC_045512.2	18420	A	G	911	0	35	1	0	38	0.00109649	912	0.500274	FALSE	NA	NA	NA	NA	NA	NA
NC_045512.2	18422	C	T	916	0	35	4	0	34	0.00434783	920	0.0624319	FALSE	NA	NA	NA	NA	NA	NA
NC_045512.2	18423	T	C	926	0	34	4	0	35	0.00429646	931	0.0622983	FALSE	NA	NA	NA	NA	NA	NA
NC_045512.2	18423	T	A	926	0	34	1	0	36	0.00107411	931	0.499192	FALSE	NA	NA	NA	NA	NA	NA
NC_045512.2	18424	A	T	931	0	35	1	0	23	0.00107296	932	0.999052	FALSE	NA	NA	NA	NA	NA	NA
NC_045512.2	18450	T	C	886	878	36	1	1	34	0.0011274	887	0.500282	FALSE	NA	NA	NA	NA	NA	NA
NC_045512.2	18451	G	A	880	879	35	1	1	34	0.00113507	881	0.500284	FALSE	NA	NA	NA	NA	NA	NA
NC_045512.2	18452	C	T	876	876	36	3	3	36	0.00340909	880	0.124787	FALSE	NA	NA	NA	NA	NA	NA
NC_045512.2	18452	C	G	876	876	36	1	1	20	0.00113636	880	0.998067	FALSE	NA	NA	NA	NA	NA	NA
NC_045512.2	18453	T	A	878	878	35	1	1	34	0.00113766	879	0.500285	FALSE	NA	NA	NA	NA	NA	NA
NC_045512.2	18454	A	G	881	881	34	1	1	38	0.00113379	882	0.500284	FALSE	NA	NA	NA	NA	NA	NA
NC_045512.2	18455	A	G	874	874	33	1	1	37	0.00114155	876	0.5	FALSE	NA	NA	NA	NA	NA	NA
NC_045512.2	18455	A	C	874	874	33	1	1	21	0.00114155	876	0.998087	FALSE	NA	NA	NA	NA	NA	NA
NC_045512.2	18456	A	G	876	876	33	4	4	35	0.00454545	880	0.0624288	FALSE	NA	NA	NA	NA	NA	NA
NC_045512.2	18542	A	G	199	0	35	1	0	39	0.005	200	0.501253	FALSE	NA	NA	NA	NA	NA	NA
NC_045512.2	18543	A	T	198	0	36	2	0	34	0.01	200	0.250627	FALSE	NA	NA	NA	NA	NA	NA
NC_045512.2	18633	T	C	341	0	34	1	0	37	0.00292398	342	0.500732	FALSE	NA	NA	NA	NA	NA	NA
NC_045512.2	18658	T	C	339	6	35	1	0	38	0.00294118	340	0.500736	FALSE	NA	NA	NA	NA	NA	NA
NC_045512.2	18684	A	T	394	394	34	2	2	35	0.00505051	396	0.250316	FALSE	NA	NA	NA	NA	NA	NA
NC_045512.2	18685	T	C	395	395	35	1	1	38	0.00252525	396	0.500632	FALSE	NA	NA	NA	NA	NA	NA
NC_045512.2	18688	T	C	380	380	35	1	1	28	0.0026178	382	0.937992	FALSE	NA	NA	NA	NA	NA	NA
NC_045512.2	18688	T	A	380	380	35	1	1	35	0.0026178	382	0.5	FALSE	NA	NA	NA	NA	NA	NA
NC_045512.2	18757	T	G	528	0	33	1	0	39	0.00189036	529	0.500473	FALSE	NA	NA	NA	NA	NA	NA
NC_045512.2	18800	A	T	553	553	34	4	4	35	0.00718133	557	0.0623872	FALSE	NA	NA	NA	NA	NA	NA
NC_045512.2	18801	A	T	533	533	34	2	2	36	0.00373832	535	0.250234	FALSE	NA	NA	NA	NA	NA	NA
NC_045512.2	18861	A	G	2034	0	35	6	0	38	0.00294118	2040	0.144451	FALSE	NA	NA	NA	NA	NA	NA
NC_045512.2	18862	A	T	2082	0	35	1	0	30	0.000479157	2087	0.87482	FALSE	NA	NA	NA	NA	NA	NA
NC_045512.2	18862	A	G	2082	0	35	4	0	39	0.00191663	2087	0.343638	FALSE	NA	NA	NA	NA	NA	NA
NC_045512.2	18863	T	C	2085	0	34	2	0	36	0.000957854	2088	0.68759	FALSE	NA	NA	NA	NA	NA	NA
NC_045512.2	18863	T	A	2085	0	34	1	0	37	0.000478927	2088	0.875	FALSE	NA	NA	NA	NA	NA	NA
NC_045512.2	18864	C	T	2073	0	36	4	0	33	0.00192585	2077	0.343863	FALSE	NA	NA	NA	NA	NA	NA
NC_045512.2	18865	A	G	2089	0	35	4	0	38	0.00191113	2093	0.343862	FALSE	NA	NA	NA	NA	NA	NA
NC_045512.2	18866	T	C	2085	0	34	5	0	34	0.00239234	2090	0.226562	FALSE	NA	NA	NA	NA	NA	NA
NC_045512.2	18868	A	T	2053	0	34	1	0	23	0.000486618	2055	1	FALSE	NA	NA	NA	NA	NA	NA
NC_045512.2	18868	A	G	2053	0	34	1	0	38	0.000486618	2055	0.875091	FALSE	NA	NA	NA	NA	NA	NA
NC_045512.2	18882	T	C	2107	1049	68	1	1	31	0.000474383	2108	0.875178	FALSE	NA	NA	NA	NA	NA	NA
NC_045512.2	18899	T	A	2049	2049	35	1	1	34	0.000487805	2050	0.875183	FALSE	NA	NA	NA	NA	NA	NA
NC_045512.2	18901	A	G	2043	2043	34	5	5	39	0.00244141	2048	0.226562	FALSE	NA	NA	NA	NA	NA	NA
NC_045512.2	18904	C	T	1913	1913	36	2	2	37	0.00104384	1916	0.5	FALSE	NA	NA	NA	NA	NA	NA
NC_045512.2	18904	C	G	1913	1913	36	1	1	38	0.000521921	1916	0.749935	FALSE	NA	NA	NA	NA	NA	NA
NC_045512.2	18905	G	A	2040	2040	37	7	7	34	0.00341964	2047	0.0897233	FALSE	NA	NA	NA	NA	NA	NA
NC_045512.2	18906	T	C	1979	1979	36	5	5	36	0.00252016	1984	0.109316	FALSE	NA	NA	NA	NA	NA	NA
NC_045512.2	18984	G	A	204	0	36	1	0	37	0.00487805	205	0.501222	FALSE	NA	NA	NA	NA	NA	NA
NC_045512.2	18990	T	G	240	0	34	1	0	39	0.00414938	241	0.50104	FALSE	NA	NA	NA	NA	NA	NA
NC_045512.2	18997	G	A	257	133	68	1	1	33	0.00387597	258	0.500971	FALSE	NA	NA	NA	NA	NA	NA
NC_045512.2	19023	T	A	227	227	31	1	1	22	0.00438596	228	0.876647	FALSE	NA	NA	NA	NA	NA	NA
NC_045512.2	19024	C	G	246	246	36	1	1	22	0.00404858	247	0.87652	FALSE	NA	NA	NA	NA	NA	NA
NC_045512.2	19103	C	T	423	0	35	1	0	35	0.00235849	424	0.50059	FALSE	NA	NA	NA	NA	NA	NA
NC_045512.2	19104	T	C	440	0	34	2	0	36	0.00452489	442	0.250283	FALSE	NA	NA	NA	NA	NA	NA
NC_045512.2	19107	T	C	438	0	33	1	0	36	0.0022779	439	0.50057	FALSE	NA	NA	NA	NA	NA	NA
NC_045512.2	19108	A	G	438	0	34	1	0	35	0.0022779	439	0.50057	FALSE	NA	NA	NA	NA	NA	NA
NC_045512.2	19122	T	-A	437	0	33	1	0	20	0.00228833	437	0.969461	FALSE	NA	NA	NA	NA	NA	NA
NC_045512.2	19124	A	G	439	0	35	1	0	38	0.00227273	440	0.500569	FALSE	NA	NA	NA	NA	NA	NA
NC_045512.2	19126	A	T	440	0	36	1	0	34	0.00226757	441	0.500568	FALSE	NA	NA	NA	NA	NA	NA
NC_045512.2	19127	T	C	436	2	34	1	0	37	0.00228833	437	0.500573	FALSE	NA	NA	NA	NA	NA	NA
NC_045512.2	19128	A	G	439	2	35	3	0	33	0.00678733	442	0.125	FALSE	NA	NA	NA	NA	NA	NA
NC_045512.2	19130	A	G	496	266	61	4	0	72	0.008	500	0.0623743	FALSE	NA	NA	NA	NA	NA	NA
NC_045512.2	19131	A	G	498	265	64	2	1	73	0.004	500	0.25025	FALSE	NA	NA	NA	NA	NA	NA
NC_045512.2	19133	A	T	478	474	34	1	1	37	0.00208768	479	0.500522	FALSE	NA	NA	NA	NA	NA	NA
NC_045512.2	19136	T	C	481	481	35	2	2	38	0.00414079	483	0.250259	FALSE	NA	NA	NA	NA	NA	NA
NC_045512.2	19137	A	G	481	481	34	2	2	37	0.00414079	483	0.250259	FALSE	NA	NA	NA	NA	NA	NA
NC_045512.2	19152	C	A	468	468	36	1	1	21	0.0021322	469	0.969249	FALSE	NA	NA	NA	NA	NA	NA
NC_045512.2	19153	A	T	476	476	33	1	1	37	0.00209205	478	0.5	FALSE	NA	NA	NA	NA	NA	NA
NC_045512.2	19153	A	G	476	476	33	1	1	29	0.00209205	478	0.969077	FALSE	NA	NA	NA	NA	NA	NA
NC_045512.2	19154	C	T	476	476	37	2	2	36	0.0041841	478	0.250262	FALSE	NA	NA	NA	NA	NA	NA
NC_045512.2	19155	A	G	476	476	34	4	4	37	0.00833333	480	0.062369	FALSE	NA	NA	NA	NA	NA	NA
NC_045512.2	19157	A	G	478	478	34	1	1	24	0.00208768	479	0.969238	FALSE	NA	NA	NA	NA	NA	NA
NC_045512.2	19158	T	C	479	479	35	1	1	37	0.00208333	480	0.500521	FALSE	NA	NA	NA	NA	NA	NA
NC_045512.2	19159	T	C	457	457	35	4	4	33	0.00867679	461	0.0623636	FALSE	NA	NA	NA	NA	NA	NA
NC_045512.2	19234	T	C	251	0	34	1	0	34	0.00396825	252	0.500994	FALSE	NA	NA	NA	NA	NA	NA
NC_045512.2	19287	T	C	241	241	34	1	1	37	0.00413223	242	0.501035	FALSE	NA	NA	NA	NA	NA	NA
NC_045512.2	19363	T	A	349	0	33	1	0	36	0.00285714	350	0.500715	FALSE	NA	NA	NA	NA	NA	NA
NC_045512.2	19413	A	T	301	301	34	1	1	37	0.00328947	304	0.499174	FALSE	NA	NA	NA	NA	NA	NA
NC_045512.2	19413	A	G	301	301	34	2	2	36	0.00657895	304	0.249587	FALSE	NA	NA	NA	NA	NA	NA
NC_045512.2	19494	A	G	385	0	35	3	0	33	0.00773196	388	0.124999	FALSE	NA	NA	NA	NA	NA	NA
NC_045512.2	19526	A	G	396	396	33	2	2	28	0.00502513	398	0.814074	FALSE	NA	NA	NA	NA	NA	NA
NC_045512.2	19584	T	C	625	0	34	1	0	37	0.00159744	626	0.5004	FALSE	NA	NA	NA	NA	NA	NA
NC_045512.2	19585	A	T	641	0	35	1	0	27	0.00155763	642	0.992357	FALSE	NA	NA	NA	NA	NA	NA
NC_045512.2	19588	T	C	641	0	34	1	0	37	0.00155763	642	0.50039	FALSE	NA	NA	NA	NA	NA	NA
NC_045512.2	19589	A	G	645	0	35	2	0	35	0.00309119	647	0.250193	FALSE	NA	NA	NA	NA	NA	NA
NC_045512.2	19606	T	C	639	0	33	2	0	36	0.00312012	641	0.250195	FALSE	NA	NA	NA	NA	NA	NA
NC_045512.2	19609	A	T	644	0	35	1	0	27	0.00155039	645	0.992356	FALSE	NA	NA	NA	NA	NA	NA
NC_045512.2	19611	A	G	698	356	64	1	0	75	0.00143062	699	0.500358	FALSE	NA	NA	NA	NA	NA	NA
NC_045512.2	19612	A	T	696	356	63	1	0	33	0.00143062	699	0.499642	FALSE	NA	NA	NA	NA	NA	NA
NC_045512.2	19612	A	G	696	356	63	2	0	51	0.00286123	699	0.249821	FALSE	NA	NA	NA	NA	NA	NA
NC_045512.2	19615	C	T	655	654	37	1	1	36	0.00152439	656	0.500381	FALSE	NA	NA	NA	NA	NA	NA
NC_045512.2	19638	T	G	658	658	35	1	1	34	0.00151745	659	0.50038	FALSE	NA	NA	NA	NA	NA	NA
NC_045512.2	19639	T	C	661	661	35	1	1	37	0.00151057	662	0.500378	FALSE	NA	NA	NA	NA	NA	NA
NC_045512.2	19693	T	C	269	0	34	1	0	37	0.0037037	270	0.500928	FALSE	NA	NA	NA	NA	NA	NA
NC_045512.2	19695	T	C	284	0	34	2	0	37	0.00699301	286	0.250438	FALSE	NA	NA	NA	NA	NA	NA
NC_045512.2	19719	A	T	285	4	36	1	0	35	0.0034965	286	0.500876	FALSE	NA	NA	NA	NA	NA	NA
NC_045512.2	19720	A	T	313	171	65	1	1	34	0.00316456	316	0.499205	FALSE	NA	NA	NA	NA	NA	NA
NC_045512.2	19720	A	G	313	171	65	2	1	64	0.00632911	316	0.249603	FALSE	NA	NA	NA	NA	NA	NA
NC_045512.2	19722	A	G	318	178	65	1	0	65	0.0031348	319	0.500785	FALSE	NA	NA	NA	NA	NA	NA
NC_045512.2	19724	T	A	309	309	35	1	1	34	0.00322581	310	0.500808	FALSE	NA	NA	NA	NA	NA	NA
NC_045512.2	19725	T	A	311	311	35	1	1	35	0.00320513	312	0.500803	FALSE	NA	NA	NA	NA	NA	NA
NC_045512.2	19748	T	A	310	310	34	2	2	33	0.00641026	312	0.250401	FALSE	NA	NA	NA	NA	NA	NA
NC_045512.2	19810	A	G	1368	0	35	2	0	37	0.00145985	1370	0.500274	FALSE	NA	NA	NA	NA	NA	NA
NC_045512.2	19811	A	G	1421	0	35	4	0	36	0.00280702	1425	0.1875	FALSE	NA	NA	NA	NA	NA	NA
NC_045512.2	19812	A	T	1408	0	34	1	0	34	0.000709723	1409	0.750266	FALSE	NA	NA	NA	NA	NA	NA
NC_045512.2	19814	C	T	1409	0	34	3	0	34	0.00212314	1413	0.312367	FALSE	NA	NA	NA	NA	NA	NA
NC_045512.2	19814	C	A	1409	0	34	1	0	35	0.000707714	1413	0.749734	FALSE	NA	NA	NA	NA	NA	NA
NC_045512.2	19837	A	G	1432	53	38	2	0	32	0.0013947	1434	0.500262	FALSE	NA	NA	NA	NA	NA	NA
NC_045512.2	19838	A	G	1468	736	66	5	2	61	0.00339443	1473	0.0311969	FALSE	NA	NA	NA	NA	NA	NA
NC_045512.2	19840	A	T	1409	1377	35	1	1	35	0.000708215	1412	0.749911	FALSE	NA	NA	NA	NA	NA	NA
NC_045512.2	19840	A	G	1409	1377	35	2	2	35	0.00141643	1412	0.5	FALSE	NA	NA	NA	NA	NA	NA
NC_045512.2	19843	T	C	1428	1428	35	2	2	38	0.0013986	1430	0.500262	FALSE	NA	NA	NA	NA	NA	NA
NC_045512.2	19865	A	G	1425	1425	34	2	2	37	0.00140154	1427	0.500263	FALSE	NA	NA	NA	NA	NA	NA
NC_045512.2	19867	A	G	1325	1325	34	2	2	36	0.00150716	1327	0.500283	FALSE	NA	NA	NA	NA	NA	NA
NC_045512.2	20065	A	T	466	0	34	1	0	35	0.00214133	467	0.500536	FALSE	NA	NA	NA	NA	NA	NA
NC_045512.2	20067	A	T	469	0	34	2	0	24	0.00424628	471	0.89187	FALSE	NA	NA	NA	NA	NA	NA
NC_045512.2	20103	T	C	482	482	33	2	2	38	0.00413223	484	0.250259	FALSE	NA	NA	NA	NA	NA	NA
NC_045512.2	20105	T	C	499	499	35	1	1	30	0.002	500	0.500501	FALSE	NA	NA	NA	NA	NA	NA
NC_045512.2	20107	A	G	502	502	34	1	1	29	0.00198807	503	0.9847	FALSE	NA	NA	NA	NA	NA	NA
NC_045512.2	20183	A	G	370	0	35	1	0	39	0.00269542	371	0.500675	FALSE	NA	NA	NA	NA	NA	NA
NC_045512.2	20205	T	C	370	6	35	1	0	38	0.00269542	371	0.500675	FALSE	NA	NA	NA	NA	NA	NA
NC_045512.2	20269	G	A	121	0	34	1	0	37	0.00819672	122	0.502058	FALSE	NA	NA	NA	NA	NA	NA
NC_045512.2	20270	C	T	124	0	34	2	0	33	0.015873	126	0.250996	FALSE	NA	NA	NA	NA	NA	NA
NC_045512.2	20275	G	A	107	0	33	1	0	26	0.00925926	108	0.753488	FALSE	NA	NA	NA	NA	NA	NA
NC_045512.2	20294	A	G	126	0	35	1	0	39	0.00787402	127	0.501976	FALSE	NA	NA	NA	NA	NA	NA
NC_045512.2	20330	A	G	122	122	34	1	1	36	0.00813008	123	0.502041	FALSE	NA	NA	NA	NA	NA	NA
NC_045512.2	20415	A	G	665	0	36	2	0	38	0.0029985	667	0.250188	FALSE	NA	NA	NA	NA	NA	NA
NC_045512.2	20416	G	A	651	0	35	1	0	36	0.00153374	652	0.500384	FALSE	NA	NA	NA	NA	NA	NA
NC_045512.2	20417	A	G	659	0	35	1	0	23	0.00151515	660	0.992352	FALSE	NA	NA	NA	NA	NA	NA
NC_045512.2	20418	A	G	663	0	35	2	0	37	0.00300752	665	0.250188	FALSE	NA	NA	NA	NA	NA	NA
NC_045512.2	20435	A	T	662	0	34	1	0	34	0.0015083	663	0.500377	FALSE	NA	NA	NA	NA	NA	NA
NC_045512.2	20438	G	A	652	1	37	1	0	37	0.00153139	653	0.500383	FALSE	NA	NA	NA	NA	NA	NA
NC_045512.2	20440	A	G	704	333	63	1	0	73	0.00141844	705	0.500355	FALSE	NA	NA	NA	NA	NA	NA
NC_045512.2	20469	G	A	587	587	35	1	1	32	0.00170068	588	0.500426	FALSE	NA	NA	NA	NA	NA	NA
NC_045512.2	20519	A	T	567	0	31	6	0	24	0.0104712	573	0.501187	FALSE	NA	NA	NA	NA	NA	NA
NC_045512.2	20522	A	T	646	0	34	1	0	29	0.0015456	647	0.992356	FALSE	NA	NA	NA	NA	NA	NA
NC_045512.2	20543	C	T	630	3	34	2	0	34	0.00316456	632	0.250198	FALSE	NA	NA	NA	NA	NA	NA
NC_045512.2	20544	C	T	625	3	34	1	0	35	0.0015949	627	0.5	FALSE	NA	NA	NA	NA	NA	NA
NC_045512.2	20544	C	G	625	3	34	1	0	24	0.0015949	627	0.992318	FALSE	NA	NA	NA	NA	NA	NA
NC_045512.2	20545	C	T	629	5	34	1	0	33	0.00158228	632	0.499603	FALSE	NA	NA	NA	NA	NA	NA
NC_045512.2	20545	C	A	629	5	34	2	0	35	0.00316456	632	0.249802	FALSE	NA	NA	NA	NA	NA	NA
NC_045512.2	20549	A	G	654	652	34	1	1	37	0.00152672	655	0.500382	FALSE	NA	NA	NA	NA	NA	NA
NC_045512.2	20554	T	C	656	656	35	1	1	36	0.00151976	658	0.5	FALSE	NA	NA	NA	NA	NA	NA
NC_045512.2	20554	T	A	656	656	35	1	1	35	0.00151976	658	0.5	FALSE	NA	NA	NA	NA	NA	NA
NC_045512.2	20576	A	T	631	631	34	1	1	35	0.00158228	632	0.500396	FALSE	NA	NA	NA	NA	NA	NA
NC_045512.2	20759	C	T	7	7	35	5	5	34	0.416667	12	0.0235371	FALSE	NA	NA	NA	NA	NA	NA
NC_045512.2	20787	T	C	11	11	35	1	1	30	0.0833333	12	0.521739	FALSE	NA	NA	NA	NA	NA	NA
NC_045512.2	20859	T	C	709	0	33	2	0	33	0.00281294	711	0.250176	FALSE	NA	NA	NA	NA	NA	NA
NC_045512.2	20879	C	T	732	211	50	1	0	35	0.00136426	733	0.500341	FALSE	NA	NA	NA	NA	NA	NA
NC_045512.2	20880	T	C	751	212	50	1	0	38	0.00132979	752	0.500333	FALSE	NA	NA	NA	NA	NA	NA
NC_045512.2	20882	A	G	721	211	48	1	0	24	0.00138504	722	0.99619	FALSE	NA	NA	NA	NA	NA	NA
NC_045512.2	20885	A	G	743	213	50	1	0	30	0.00134409	744	0.500336	FALSE	NA	NA	NA	NA	NA	NA
NC_045512.2	20886	A	G	743	212	50	2	0	36	0.00268456	745	0.250168	FALSE	NA	NA	NA	NA	NA	NA
NC_045512.2	20896	C	T	353	353	34	2	2	32	0.0056338	355	0.250353	FALSE	NA	NA	NA	NA	NA	NA
NC_045512.2	20897	C	T	371	371	36	1	1	37	0.00268817	372	0.500673	FALSE	NA	NA	NA	NA	NA	NA
NC_045512.2	20898	A	T	367	367	34	1	1	34	0.00271739	368	0.50068	FALSE	NA	NA	NA	NA	NA	NA
NC_045512.2	20985	A	G	36	1	35	1	0	22	0.027027	37	0.506849	FALSE	NA	NA	NA	NA	NA	NA
NC_045512.2	21085	A	T	267	265	29	3	3	23	0.0111111	270	0.501746	FALSE	NA	NA	NA	NA	NA	NA
NC_045512.2	21086	A	G	343	340	31	1	1	30	0.00290698	344	0.500728	FALSE	NA	NA	NA	NA	NA	NA
NC_045512.2	21088	G	C	310	307	30	1	1	20	0.00321543	311	0.938504	FALSE	NA	NA	NA	NA	NA	NA
NC_045512.2	21109	A	T	314	311	30	3	3	25	0.00946372	317	0.65848	FALSE	NA	NA	NA	NA	NA	NA
NC_045512.2	21110	C	T	348	348	33	1	1	36	0.00286533	349	0.500717	FALSE	NA	NA	NA	NA	NA	NA
NC_045512.2	21218	T	C	257	257	34	1	1	24	0.00387597	258	0.876455	FALSE	NA	NA	NA	NA	NA	NA
NC_045512.2	21224	G	T	234	234	36	1	1	36	0.00425532	235	0.501066	FALSE	NA	NA	NA	NA	NA	NA
NC_045512.2	21302	C	G	235	0	34	1	0	36	0.00423729	236	0.501062	FALSE	NA	NA	NA	NA	NA	NA
NC_045512.2	21325	G	A	254	70	55	1	0	71	0.00392157	255	0.500982	FALSE	NA	NA	NA	NA	NA	NA
NC_045512.2	21326	T	C	250	70	51	3	0	34	0.0118577	253	0.124999	FALSE	NA	NA	NA	NA	NA	NA
NC_045512.2	21345	A	-T	140	140	34	1	0	20	0.00714286	140	0.754455	FALSE	NA	NA	NA	NA	NA	NA
NC_045512.2	21353	G	A	138	138	35	1	1	34	0.00719424	139	0.501805	FALSE	NA	NA	NA	NA	NA	NA
NC_045512.2	21409	C	T	90	0	33	2	0	35	0.0217391	92	0.251366	FALSE	NA	NA	NA	NA	NA	NA
NC_045512.2	21455	A	G	106	106	34	1	1	38	0.00934579	107	0.502347	FALSE	NA	NA	NA	NA	NA	NA
NC_045512.2	21507	A	G	103	0	34	1	0	40	0.00961538	104	0.502415	FALSE	NA	NA	NA	NA	NA	NA
NC_045512.2	21520	G	T	208	148	50	1	1	36	0.00478469	209	0.501199	FALSE	NA	NA	NA	NA	NA	NA
NC_045512.2	21545	T	C	189	189	32	1	1	34	0.00526316	190	0.501319	FALSE	NA	NA	NA	NA	NA	NA
NC_045512.2	21546	T	C	181	181	32	6	6	35	0.0320856	187	0.0152463	FALSE	NA	NA	NA	NA	NA	NA
NC_045512.2	21547	A	G	194	194	33	1	1	37	0.00512821	195	0.501285	FALSE	NA	NA	NA	NA	NA	NA
NC_045512.2	21713	A	G	416	0	35	1	0	36	0.00239808	417	0.5006	FALSE	NA	NA	NA	NA	NA	NA
NC_045512.2	21714	C	T	424	0	36	1	0	35	0.00235294	425	0.500589	FALSE	NA	NA	NA	NA	NA	NA
NC_045512.2	21715	T	C	423	0	34	2	0	38	0.00470588	425	0.250294	FALSE	NA	NA	NA	NA	NA	NA
NC_045512.2	21717	A	T	424	0	36	1	0	35	0.00235294	425	0.500589	FALSE	NA	NA	NA	NA	NA	NA
NC_045512.2	21718	G	A	418	0	37	1	0	36	0.00238663	419	0.500597	FALSE	NA	NA	NA	NA	NA	NA
NC_045512.2	21743	A	G	439	438	34	3	3	34	0.00678733	442	0.125	FALSE	NA	NA	NA	NA	NA	NA
NC_045512.2	21744	A	T	445	445	33	1	1	27	0.00224215	446	0.969274	FALSE	NA	NA	NA	NA	NA	NA
NC_045512.2	21745	T	C	443	443	35	2	2	37	0.00449438	445	0.250281	FALSE	NA	NA	NA	NA	NA	NA
NC_045512.2	21746	G	C	430	430	34	1	1	21	0.00231481	432	0.969112	FALSE	NA	NA	NA	NA	NA	NA
NC_045512.2	21746	G	A	430	430	34	1	1	34	0.00231481	432	0.5	FALSE	NA	NA	NA	NA	NA	NA
NC_045512.2	21763	T	C	442	442	35	1	1	39	0.00225734	443	0.500565	FALSE	NA	NA	NA	NA	NA	NA
NC_045512.2	21765	T	C	374	374	35	1	1	35	0.00266667	375	0.500668	FALSE	NA	NA	NA	NA	NA	NA
NC_045512.2	21766	A	G	368	368	33	2	2	31	0.00540541	370	0.250338	FALSE	NA	NA	NA	NA	NA	NA
NC_045512.2	21768	A	G	370	370	33	2	2	37	0.00537634	372	0.250336	FALSE	NA	NA	NA	NA	NA	NA
NC_045512.2	21769	T	C	364	364	35	2	2	37	0.00546448	366	0.250342	FALSE	NA	NA	NA	NA	NA	NA
NC_045512.2	21849	A	T	284	0	32	1	0	30	0.00350877	285	0.500879	FALSE	NA	NA	NA	NA	NA	NA
NC_045512.2	21851	A	G	287	0	34	2	0	34	0.00692042	289	0.250433	FALSE	NA	NA	NA	NA	NA	NA
NC_045512.2	21852	A	T	297	0	34	1	0	21	0.0033557	298	0.876259	FALSE	NA	NA	NA	NA	NA	NA
NC_045512.2	21853	G	A	292	0	36	1	0	34	0.00341297	293	0.500855	FALSE	NA	NA	NA	NA	NA	NA
NC_045512.2	21854	T	C	296	0	33	1	0	37	0.003367	297	0.500843	FALSE	NA	NA	NA	NA	NA	NA
NC_045512.2	21885	C	T	280	280	37	1	1	37	0.00355872	281	0.500891	FALSE	NA	NA	NA	NA	NA	NA
NC_045512.2	22280	A	G	846	0	35	1	0	24	0.00118064	847	0.998098	FALSE	NA	NA	NA	NA	NA	NA
NC_045512.2	22282	T	C	854	0	34	2	0	37	0.00233645	856	0.250146	FALSE	NA	NA	NA	NA	NA	NA
NC_045512.2	22283	T	C	854	0	34	2	0	36	0.00233645	856	0.250146	FALSE	NA	NA	NA	NA	NA	NA
NC_045512.2	22284	T	G	856	0	34	1	0	20	0.00116686	857	0.998098	FALSE	NA	NA	NA	NA	NA	NA
NC_045512.2	22285	A	G	854	0	35	2	0	37	0.00233645	856	0.250146	FALSE	NA	NA	NA	NA	NA	NA
NC_045512.2	22287	T	C	855	0	34	1	0	38	0.00116822	856	0.500292	FALSE	NA	NA	NA	NA	NA	NA
NC_045512.2	22298	A	C	932	496	65	1	1	31	0.00107181	933	0.500268	FALSE	NA	NA	NA	NA	NA	NA
NC_045512.2	22299	G	A	929	494	68	1	1	35	0.00107527	930	0.500269	FALSE	NA	NA	NA	NA	NA	NA
NC_045512.2	22320	A	G	890	890	34	1	1	37	0.00112233	891	0.500281	FALSE	NA	NA	NA	NA	NA	NA
NC_045512.2	22321	T	C	883	883	35	4	4	38	0.00450958	887	0.0624293	FALSE	NA	NA	NA	NA	NA	NA
NC_045512.2	22322	T	C	886	886	35	2	2	37	0.00224972	889	0.249859	FALSE	NA	NA	NA	NA	NA	NA
NC_045512.2	22322	T	A	886	886	35	1	1	21	0.00112486	889	0.998077	FALSE	NA	NA	NA	NA	NA	NA
NC_045512.2	22324	T	G	892	892	35	1	1	38	0.00111857	894	0.5	FALSE	NA	NA	NA	NA	NA	NA
NC_045512.2	22324	T	C	892	892	35	1	1	32	0.00111857	894	0.5	FALSE	NA	NA	NA	NA	NA	NA
NC_045512.2	22325	T	C	880	880	35	7	7	34	0.00789177	887	0.00775081	TRUE	NA	NA	NA	NA	NA	NA
NC_045512.2	22385	T	C	648	0	34	1	0	38	0.00154083	649	0.500386	FALSE	NA	NA	NA	NA	NA	NA
NC_045512.2	22386	T	C	647	0	34	2	0	36	0.00307692	650	0.249807	FALSE	NA	NA	NA	NA	NA	NA
NC_045512.2	22386	T	A	647	0	34	1	0	37	0.00153846	650	0.499614	FALSE	NA	NA	NA	NA	NA	NA
NC_045512.2	22387	T	C	648	0	34	1	0	37	0.00154083	649	0.500386	FALSE	NA	NA	NA	NA	NA	NA
NC_045512.2	22420	A	G	629	629	34	1	1	39	0.0015873	630	0.500397	FALSE	NA	NA	NA	NA	NA	NA
NC_045512.2	22421	G	C	624	624	35	1	1	23	0.0016	625	0.992362	FALSE	NA	NA	NA	NA	NA	NA
NC_045512.2	22422	A	G	623	623	34	5	5	32	0.00796178	628	0.0311252	FALSE	NA	NA	NA	NA	NA	NA
NC_045512.2	22481	A	G	337	0	35	1	0	24	0.00295858	338	0.938424	FALSE	NA	NA	NA	NA	NA	NA
NC_045512.2	22503	A	G	365	0	35	2	0	38	0.00544959	367	0.250341	FALSE	NA	NA	NA	NA	NA	NA
NC_045512.2	22504	A	T	365	0	35	1	0	30	0.0027248	367	0.5	FALSE	NA	NA	NA	NA	NA	NA
NC_045512.2	22504	A	G	365	0	35	1	0	34	0.0027248	367	0.5	FALSE	NA	NA	NA	NA	NA	NA
NC_045512.2	22507	T	C	362	0	33	2	0	36	0.00549451	364	0.250344	FALSE	NA	NA	NA	NA	NA	NA
NC_045512.2	22508	T	C	365	0	34	1	0	35	0.00273224	366	0.500684	FALSE	NA	NA	NA	NA	NA	NA
NC_045512.2	22509	C	T	403	209	64	1	0	72	0.00247525	404	0.50062	FALSE	NA	NA	NA	NA	NA	NA
NC_045512.2	22510	T	A	409	211	62	1	0	37	0.00243902	410	0.500611	FALSE	NA	NA	NA	NA	NA	NA
NC_045512.2	22511	A	G	374	362	35	1	0	25	0.00266667	375	0.938333	FALSE	NA	NA	NA	NA	NA	NA
NC_045512.2	22512	A	G	367	366	33	2	2	36	0.00542005	369	0.250339	FALSE	NA	NA	NA	NA	NA	NA
NC_045512.2	22514	T	C	364	364	34	5	5	38	0.0135501	369	0.0310371	FALSE	NA	NA	NA	NA	NA	NA
NC_045512.2	22515	T	C	367	367	35	1	1	36	0.00271739	368	0.50068	FALSE	NA	NA	NA	NA	NA	NA
NC_045512.2	22743	A	G	81	51	51	2	2	72	0.0240964	83	0.251515	FALSE	NA	NA	NA	NA	NA	NA
NC_045512.2	22882	T	G	0	0	0	38	38	33	1	38	2.90165e-22	TRUE	NA	NA	NA	NA	NA	NA
NC_045512.2	22974	A	G	171	67	60	1	0	34	0.00581395	172	0.501458	FALSE	NA	NA	NA	NA	NA	NA
NC_045512.2	22975	A	G	172	66	63	1	0	36	0.00578035	173	0.501449	FALSE	NA	NA	NA	NA	NA	NA
NC_045512.2	22978	C	G	169	67	64	1	0	20	0.00588235	170	0.752212	FALSE	NA	NA	NA	NA	NA	NA
NC_045512.2	23153	A	G	135	0	35	1	0	35	0.00735294	136	0.501845	FALSE	NA	NA	NA	NA	NA	NA
NC_045512.2	23173	A	G	180	105	62	1	1	32	0.00552486	181	0.501385	FALSE	NA	NA	NA	NA	NA	NA
NC_045512.2	23371	T	C	149	0	32	5	0	32	0.0324675	154	0.0307361	FALSE	NA	NA	NA	NA	NA	NA
NC_045512.2	23374	T	C	155	0	32	3	0	27	0.0189873	158	0.313692	FALSE	NA	NA	NA	NA	NA	NA
NC_045512.2	23400	A	T	157	0	35	2	0	27	0.0125786	159	0.502373	FALSE	NA	NA	NA	NA	NA	NA
NC_045512.2	23525	C	A	0	0	0	1	1	33	1	1	1	FALSE	NA	NA	NA	NA	NA	NA
NC_045512.2	23620	T	C	158	157	35	2	2	31	0.0124224	161	0.249216	FALSE	NA	NA	NA	NA	NA	NA
NC_045512.2	23620	T	A	158	157	35	1	1	34	0.00621118	161	0.498433	FALSE	NA	NA	NA	NA	NA	NA
NC_045512.2	23646	A	G	159	159	33	3	3	34	0.0185185	162	0.124996	FALSE	NA	NA	NA	NA	NA	NA
NC_045512.2	23648	A	T	155	155	33	1	1	23	0.00641026	156	0.752412	FALSE	NA	NA	NA	NA	NA	NA
NC_045512.2	23727	T	A	326	0	34	4	0	36	0.0121212	330	0.062309	FALSE	NA	NA	NA	NA	NA	NA
NC_045512.2	23754	T	G	344	3	35	1	0	39	0.00289855	345	0.500726	FALSE	NA	NA	NA	NA	NA	NA
NC_045512.2	23756	A	G	343	161	68	4	2	75	0.0115274	347	0.0623185	FALSE	NA	NA	NA	NA	NA	NA
NC_045512.2	23779	A	G	340	340	33	3	3	35	0.00874636	343	0.124999	FALSE	NA	NA	NA	NA	NA	NA
NC_045512.2	23781	T	C	332	332	34	7	7	35	0.020649	339	0.00765095	TRUE	NA	NA	NA	NA	NA	NA
NC_045512.2	24089	G	A	497	0	35	1	0	37	0.00200803	498	0.500503	FALSE	NA	NA	NA	NA	NA	NA
NC_045512.2	24090	A	T	468	0	31	1	0	35	0.0021322	469	0.500534	FALSE	NA	NA	NA	NA	NA	NA
NC_045512.2	24091	T	C	519	0	33	1	0	37	0.00192308	520	0.500481	FALSE	NA	NA	NA	NA	NA	NA
NC_045512.2	24093	T	C	508	0	33	1	0	31	0.00195695	511	0.499509	FALSE	NA	NA	NA	NA	NA	NA
NC_045512.2	24093	T	A	508	0	33	2	0	35	0.00391389	511	0.249755	FALSE	NA	NA	NA	NA	NA	NA
NC_045512.2	24111	T	C	510	1	33	5	0	35	0.00970874	515	0.0310977	FALSE	NA	NA	NA	NA	NA	NA
NC_045512.2	24113	T	C	519	1	34	2	0	33	0.00383877	521	0.25024	FALSE	NA	NA	NA	NA	NA	NA
NC_045512.2	24114	G	A	490	8	37	1	0	36	0.00203666	491	0.50051	FALSE	NA	NA	NA	NA	NA	NA
NC_045512.2	24115	T	G	519	214	66	4	4	56	0.00764818	523	0.0623799	FALSE	NA	NA	NA	NA	NA	NA
NC_045512.2	24118	A	G	487	486	34	1	1	37	0.00204918	488	0.500513	FALSE	NA	NA	NA	NA	NA	NA
NC_045512.2	24137	A	G	476	476	34	9	9	35	0.0185567	485	0.00189897	TRUE	NA	NA	NA	NA	NA	NA
NC_045512.2	24142	T	C	483	483	36	1	1	34	0.00206186	485	0.5	FALSE	NA	NA	NA	NA	NA	NA
NC_045512.2	24142	T	A	483	483	36	1	1	35	0.00206186	485	0.5	FALSE	NA	NA	NA	NA	NA	NA
NC_045512.2	24144	T	C	467	467	36	1	1	27	0.00213675	468	0.96925	FALSE	NA	NA	NA	NA	NA	NA
NC_045512.2	24229	T	C	163	0	34	1	0	37	0.00609756	164	0.501529	FALSE	NA	NA	NA	NA	NA	NA
NC_045512.2	24231	C	T	159	0	35	1	0	34	0.00625	160	0.501567	FALSE	NA	NA	NA	NA	NA	NA
NC_045512.2	24232	A	G	162	0	35	1	0	39	0.00613497	163	0.501538	FALSE	NA	NA	NA	NA	NA	NA
NC_045512.2	24257	G	A	165	159	38	1	1	35	0.0060241	166	0.501511	FALSE	NA	NA	NA	NA	NA	NA
NC_045512.2	24259	T	A	165	165	35	1	1	25	0.0060241	166	0.752266	FALSE	NA	NA	NA	NA	NA	NA
NC_045512.2	24260	A	G	163	163	33	1	1	38	0.00609756	164	0.501529	FALSE	NA	NA	NA	NA	NA	NA
NC_045512.2	24341	T	C	135	0	33	1	0	36	0.00735294	136	0.501845	FALSE	NA	NA	NA	NA	NA	NA
NC_045512.2	24364	T	C	136	0	33	1	0	23	0.00729927	137	0.752747	FALSE	NA	NA	NA	NA	NA	NA
NC_045512.2	24365	C	T	132	8	36	2	0	33	0.0149254	134	0.250936	FALSE	NA	NA	NA	NA	NA	NA
NC_045512.2	24465	C	A	0	0	0	1	1	21	1	1	1	FALSE	NA	NA	NA	NA	NA	NA
NC_045512.2	24469	T	A	0	0	0	120	2	34	1	120	2.20013e-71	TRUE	NA	NA	NA	NA	NA	NA
NC_045512.2	24474	G	A	114	2	32	1	0	23	0.00869565	115	0.753275	FALSE	NA	NA	NA	NA	NA	NA
NC_045512.2	24583	T	C	156	0	33	1	0	39	0.00636943	157	0.501597	FALSE	NA	NA	NA	NA	NA	NA
NC_045512.2	24585	T	C	157	0	33	1	0	38	0.00632911	158	0.501587	FALSE	NA	NA	NA	NA	NA	NA
NC_045512.2	24594	A	G	161	161	34	1	1	34	0.00617284	162	0.501548	FALSE	NA	NA	NA	NA	NA	NA
NC_045512.2	24615	T	C	161	161	33	1	1	24	0.00617284	162	0.752322	FALSE	NA	NA	NA	NA	NA	NA
NC_045512.2	24617	A	G	163	163	34	1	1	37	0.00609756	164	0.501529	FALSE	NA	NA	NA	NA	NA	NA
NC_045512.2	24689	T	A	120	119	35	1	1	32	0.00826446	121	0.502075	FALSE	NA	NA	NA	NA	NA	NA
NC_045512.2	24693	G	A	115	114	34	1	1	28	0.00862069	116	0.753247	FALSE	NA	NA	NA	NA	NA	NA
NC_045512.2	24694	A	G	120	119	33	1	1	37	0.00826446	121	0.502075	FALSE	NA	NA	NA	NA	NA	NA
NC_045512.2	24695	A	T	116	115	33	1	1	36	0.00847458	118	0.5	FALSE	NA	NA	NA	NA	NA	NA
NC_045512.2	24695	A	G	116	115	33	1	1	32	0.00847458	118	0.5	FALSE	NA	NA	NA	NA	NA	NA
NC_045512.2	24715	C	T	131	112	33	1	1	36	0.00757576	132	0.501901	FALSE	NA	NA	NA	NA	NA	NA
NC_045512.2	24716	T	C	134	115	33	1	1	37	0.00740741	135	0.501859	FALSE	NA	NA	NA	NA	NA	NA
NC_045512.2	24799	T	C	131	66	64	1	1	39	0.00757576	132	0.501901	FALSE	NA	NA	NA	NA	NA	NA
NC_045512.2	24800	G	A	129	66	64	1	1	71	0.00769231	130	0.501931	FALSE	NA	NA	NA	NA	NA	NA
NC_045512.2	24820	A	G	118	118	34	3	3	37	0.0247934	121	0.124993	FALSE	NA	NA	NA	NA	NA	NA
NC_045512.2	24822	C	T	119	119	37	1	1	35	0.00833333	120	0.502092	FALSE	NA	NA	NA	NA	NA	NA
NC_045512.2	24823	A	G	120	120	34	1	1	34	0.00826446	121	0.502075	FALSE	NA	NA	NA	NA	NA	NA
NC_045512.2	24824	C	T	115	115	36	1	1	37	0.00862069	116	0.502165	FALSE	NA	NA	NA	NA	NA	NA
NC_045512.2	24897	C	T	135	0	33	1	0	33	0.00735294	136	0.501845	FALSE	NA	NA	NA	NA	NA	NA
NC_045512.2	24919	C	G	153	19	33	1	0	24	0.00649351	154	0.752443	FALSE	NA	NA	NA	NA	NA	NA
NC_045512.2	24920	A	G	157	20	35	1	0	27	0.00632911	158	0.752381	FALSE	NA	NA	NA	NA	NA	NA
NC_045512.2	25010	G	A	58	11	32	1	0	36	0.0169492	59	0.504274	FALSE	NA	NA	NA	NA	NA	NA
NC_045512.2	25035	A	G	60	11	33	1	0	30	0.0163934	61	0.504132	FALSE	NA	NA	NA	NA	NA	NA
NC_045512.2	25131	C	G	154	118	31	1	1	29	0.00645161	155	0.752427	FALSE	NA	NA	NA	NA	NA	NA
NC_045512.2	25133	A	G	172	135	33	4	4	33	0.0227273	176	0.0621393	FALSE	NA	NA	NA	NA	NA	NA
NC_045512.2	25199	C	T	44	44	33	1	1	36	0.0222222	45	0.505618	FALSE	NA	NA	NA	NA	NA	NA
NC_045512.2	25204	G	A	172	50	33	1	0	34	0.00578035	173	0.501449	FALSE	NA	NA	NA	NA	NA	NA
NC_045512.2	25225	A	G	180	49	34	1	1	34	0.00552486	181	0.501385	FALSE	NA	NA	NA	NA	NA	NA
NC_045512.2	25326	A	G	415	0	36	1	0	38	0.00240385	416	0.500602	FALSE	NA	NA	NA	NA	NA	NA
NC_045512.2	25329	T	C	412	0	34	1	0	33	0.00242131	413	0.500606	FALSE	NA	NA	NA	NA	NA	NA
NC_045512.2	25341	A	T	448	218	57	1	1	35	0.00222717	449	0.500557	FALSE	NA	NA	NA	NA	NA	NA
NC_045512.2	25345	T	C	451	221	60	1	0	36	0.00221239	452	0.500554	FALSE	NA	NA	NA	NA	NA	NA
NC_045512.2	25347	A	G	444	219	57	1	1	76	0.00224719	445	0.500562	FALSE	NA	NA	NA	NA	NA	NA
NC_045512.2	25351	A	G	451	221	60	1	0	35	0.00221239	452	0.500554	FALSE	NA	NA	NA	NA	NA	NA
NC_045512.2	25368	A	G	358	358	33	1	1	36	0.00278552	359	0.500697	FALSE	NA	NA	NA	NA	NA	NA
NC_045512.2	25399	T	C	1696	0	33	1	0	37	0.000588928	1698	0.750074	FALSE	NA	NA	NA	NA	NA	NA
NC_045512.2	25399	T	A	1696	0	33	1	0	37	0.000588928	1698	0.750074	FALSE	NA	NA	NA	NA	NA	NA
NC_045512.2	25400	T	C	1704	0	34	6	0	37	0.00350672	1711	0.0623081	FALSE	NA	NA	NA	NA	NA	NA
NC_045512.2	25400	T	A	1704	0	34	1	0	36	0.000584454	1711	0.749341	FALSE	NA	NA	NA	NA	NA	NA
NC_045512.2	25401	G	C	1673	0	36	2	0	29	0.00119261	1677	0.99993	FALSE	NA	NA	NA	NA	NA	NA
NC_045512.2	25401	G	A	1673	0	36	2	0	33	0.00119261	1677	0.499776	FALSE	NA	NA	NA	NA	NA	NA
NC_045512.2	25402	T	C	1699	0	33	4	0	35	0.00234604	1705	0.187133	FALSE	NA	NA	NA	NA	NA	NA
NC_045512.2	25402	T	A	1699	0	33	2	0	34	0.00117302	1705	0.499339	FALSE	NA	NA	NA	NA	NA	NA
NC_045512.2	25403	T	C	1702	0	34	3	0	36	0.00175953	1705	0.31261	FALSE	NA	NA	NA	NA	NA	NA
NC_045512.2	25405	A	G	1710	24	36	4	0	41	0.00233372	1714	0.0624635	FALSE	NA	NA	NA	NA	NA	NA
NC_045512.2	25406	T	C	1849	901	63	1	1	36	0.000540541	1850	0.750203	FALSE	NA	NA	NA	NA	NA	NA
NC_045512.2	25408	A	G	1632	1632	34	1	1	39	0.00061237	1633	0.75023	FALSE	NA	NA	NA	NA	NA	NA
NC_045512.2	25409	G	A	1601	1601	35	1	1	35	0.00062422	1602	0.750234	FALSE	NA	NA	NA	NA	NA	NA
NC_045512.2	25411	A	G	1593	1593	33	22	22	37	0.0136223	1615	2.69663e-06	TRUE	NA	NA	NA	NA	NA	NA
NC_045512.2	25412	T	C	1628	1628	35	3	3	38	0.00183936	1631	0.312615	FALSE	NA	NA	NA	NA	NA	NA
NC_045512.2	25428	T	C	1631	1631	35	3	3	28	0.00183599	1634	0.999649	FALSE	NA	NA	NA	NA	NA	NA
NC_045512.2	25429	G	A	1629	1629	35	3	3	34	0.00183824	1632	0.312615	FALSE	NA	NA	NA	NA	NA	NA
NC_045512.2	25430	T	G	1631	1631	35	1	1	35	0.000611995	1634	0.749923	FALSE	NA	NA	NA	NA	NA	NA
NC_045512.2	25430	T	C	1631	1631	35	2	2	35	0.00122399	1634	0.5	FALSE	NA	NA	NA	NA	NA	NA
NC_045512.2	25432	A	T	1610	1610	33	1	1	29	0.000619579	1614	0.999993	FALSE	NA	NA	NA	NA	NA	NA
NC_045512.2	25432	A	G	1610	1610	33	3	3	35	0.00185874	1614	0.312384	FALSE	NA	NA	NA	NA	NA	NA
NC_045512.2	25433	C	G	1512	1512	34	1	1	28	0.000660939	1513	0.999985	FALSE	NA	NA	NA	NA	NA	NA
NC_045512.2	25434	T	C	1627	1627	35	5	5	35	0.00306185	1633	0.109159	FALSE	NA	NA	NA	NA	NA	NA
NC_045512.2	25434	T	A	1627	1627	35	1	1	35	0.00061237	1633	0.749463	FALSE	NA	NA	NA	NA	NA	NA
NC_045512.2	25435	T	C	1574	1574	35	2	2	35	0.00126904	1576	0.500238	FALSE	NA	NA	NA	NA	NA	NA
NC_045512.2	25439	A	G	1	1	35	1	1	34	0.5	2	0.666667	FALSE	NA	NA	NA	NA	NA	NA
NC_045512.2	25521	C	G	63	63	31	1	1	22	0.015625	64	0.503937	FALSE	NA	NA	NA	NA	NA	NA
NC_045512.2	25537	G	A	233	86	33	2	0	35	0.00851064	235	0.250533	FALSE	NA	NA	NA	NA	NA	NA
NC_045512.2	25550	T	C	242	87	33	1	1	36	0.00411523	243	0.501031	FALSE	NA	NA	NA	NA	NA	NA
NC_045512.2	25564	A	G	143	0	31	1	0	25	0.00694444	144	0.752613	FALSE	NA	NA	NA	NA	NA	NA
NC_045512.2	25651	T	C	48	0	33	1	0	34	0.0204082	49	0.505155	FALSE	NA	NA	NA	NA	NA	NA
NC_045512.2	25679	T	G	241	241	31	1	1	20	0.00413223	242	0.876551	FALSE	NA	NA	NA	NA	NA	NA
NC_045512.2	25700	C	T	236	236	31	4	4	32	0.0166667	240	0.0622366	FALSE	NA	NA	NA	NA	NA	NA
NC_045512.2	25701	C	T	225	225	31	1	1	25	0.00442478	226	0.876661	FALSE	NA	NA	NA	NA	NA	NA
NC_045512.2	25774	T	C	988	0	34	3	0	37	0.00302725	991	0.125	FALSE	NA	NA	NA	NA	NA	NA
NC_045512.2	25775	G	T	884	0	37	104	0	34	0.105157	989	2.81848e-33	TRUE	NA	NA	NA	NA	NA	NA
NC_045512.2	25775	G	A	884	0	37	1	0	37	0.00101112	989	0.472504	FALSE	NA	NA	NA	NA	NA	NA
NC_045512.2	25786	A	T	1140	626	63	1	1	36	0.000876424	1141	0.750329	FALSE	NA	NA	NA	NA	NA	NA
NC_045512.2	25789	T	G	1130	614	64	1	1	23	0.000884173	1131	0.999764	FALSE	NA	NA	NA	NA	NA	NA
NC_045512.2	25811	T	C	1098	1098	34	1	1	37	0.000909918	1099	0.750341	FALSE	NA	NA	NA	NA	NA	NA
NC_045512.2	25888	T	C	670	297	61	3	1	52	0.00445765	673	0.125	FALSE	NA	NA	NA	NA	NA	NA
NC_045512.2	25890	A	G	677	298	61	1	1	74	0.00147493	678	0.500369	FALSE	NA	NA	NA	NA	NA	NA
NC_045512.2	25891	A	G	674	299	61	3	1	60	0.00443131	677	0.125	FALSE	NA	NA	NA	NA	NA	NA
NC_045512.2	25892	T	C	668	298	61	4	1	48	0.00595238	672	0.0624066	FALSE	NA	NA	NA	NA	NA	NA
NC_045512.2	25894	G	A	659	299	63	1	0	72	0.00151515	660	0.500379	FALSE	NA	NA	NA	NA	NA	NA
NC_045512.2	25916	C	T	530	530	37	1	1	37	0.00188324	531	0.500471	FALSE	NA	NA	NA	NA	NA	NA
NC_045512.2	25917	A	G	501	501	34	1	1	38	0.00199203	502	0.500499	FALSE	NA	NA	NA	NA	NA	NA
NC_045512.2	25984	A	T	410	1	36	1	0	32	0.00242718	412	0.5	FALSE	NA	NA	NA	NA	NA	NA
NC_045512.2	25984	A	G	410	1	36	1	0	39	0.00242718	412	0.5	FALSE	NA	NA	NA	NA	NA	NA
NC_045512.2	25985	A	G	426	1	36	3	0	34	0.00699301	429	0.124999	FALSE	NA	NA	NA	NA	NA	NA
NC_045512.2	25988	A	G	427	1	35	2	0	38	0.004662	429	0.250292	FALSE	NA	NA	NA	NA	NA	NA
NC_045512.2	26011	T	C	456	214	60	1	0	29	0.00218818	457	0.969262	FALSE	NA	NA	NA	NA	NA	NA
NC_045512.2	26030	A	G	376	376	33	1	1	37	0.00265252	377	0.500664	FALSE	NA	NA	NA	NA	NA	NA
NC_045512.2	26033	T	C	379	379	35	1	1	36	0.00263158	380	0.500659	FALSE	NA	NA	NA	NA	NA	NA
NC_045512.2	26035	T	G	378	378	35	1	1	38	0.00262467	381	0.499341	FALSE	NA	NA	NA	NA	NA	NA
NC_045512.2	26035	T	C	378	378	35	2	2	38	0.00524934	381	0.249671	FALSE	NA	NA	NA	NA	NA	NA
NC_045512.2	26092	A	G	432	0	35	2	0	30	0.00460829	434	0.250288	FALSE	NA	NA	NA	NA	NA	NA
NC_045512.2	26093	A	G	448	0	35	1	0	33	0.00222717	449	0.500557	FALSE	NA	NA	NA	NA	NA	NA
NC_045512.2	26094	T	C	449	0	33	1	0	37	0.00222222	450	0.500556	FALSE	NA	NA	NA	NA	NA	NA
NC_045512.2	26112	T	C	595	375	61	1	1	25	0.00167504	597	0.984571	FALSE	NA	NA	NA	NA	NA	NA
NC_045512.2	26112	T	A	595	375	61	1	1	33	0.00167504	597	0.5	FALSE	NA	NA	NA	NA	NA	NA
NC_045512.2	26117	A	G	591	372	59	3	3	71	0.00505051	594	0.125	FALSE	NA	NA	NA	NA	NA	NA
NC_045512.2	26134	A	G	582	582	33	2	2	35	0.00342466	584	0.250214	FALSE	NA	NA	NA	NA	NA	NA
NC_045512.2	26136	A	G	584	584	34	2	2	31	0.00341297	586	0.250213	FALSE	NA	NA	NA	NA	NA	NA
NC_045512.2	26137	A	T	582	582	33	1	1	37	0.00171527	583	0.500429	FALSE	NA	NA	NA	NA	NA	NA
NC_045512.2	26139	C	T	502	502	35	41	41	35	0.0755064	543	2.15663e-13	TRUE	NA	NA	NA	NA	NA	NA
NC_045512.2	26223	A	G	770	0	36	2	0	38	0.00259067	772	0.250162	FALSE	NA	NA	NA	NA	NA	NA
NC_045512.2	26224	C	T	812	0	36	2	0	34	0.002457	814	0.250154	FALSE	NA	NA	NA	NA	NA	NA
NC_045512.2	26225	A	T	810	0	35	1	0	35	0.0012285	814	0.499384	FALSE	NA	NA	NA	NA	NA	NA
NC_045512.2	26225	A	G	810	0	35	3	0	36	0.0036855	814	0.124769	FALSE	NA	NA	NA	NA	NA	NA
NC_045512.2	26226	A	T	807	0	35	1	0	35	0.0012285	814	0.498458	FALSE	NA	NA	NA	NA	NA	NA
NC_045512.2	26226	A	G	807	0	35	6	0	38	0.00737101	814	0.015481	FALSE	NA	NA	NA	NA	NA	NA
NC_045512.2	26240	A	G	897	485	65	2	2	33	0.00222469	899	0.250139	FALSE	NA	NA	NA	NA	NA	NA
NC_045512.2	26241	A	T	898	486	65	1	1	21	0.00111235	899	0.998095	FALSE	NA	NA	NA	NA	NA	NA
NC_045512.2	26246	T	A	899	490	66	1	0	28	0.00111111	900	0.999048	FALSE	NA	NA	NA	NA	NA	NA
NC_045512.2	26267	A	G	887	887	34	3	3	36	0.00337079	890	0.125	FALSE	NA	NA	NA	NA	NA	NA
NC_045512.2	26268	G	T	832	832	35	2	2	35	0.00239808	834	0.25015	FALSE	NA	NA	NA	NA	NA	NA
NC_045512.2	26342	T	C	146	0	34	1	0	37	0.00680272	147	0.501706	FALSE	NA	NA	NA	NA	NA	NA
NC_045512.2	26451	A	C	70	0	33	1	0	35	0.0140845	71	0.503546	FALSE	NA	NA	NA	NA	NA	NA
NC_045512.2	26709	G	A	0	0	0	39	0	32	1	39	7.34834e-23	TRUE	NA	NA	NA	NA	NA	NA
NC_045512.2	26786	A	T	365	0	34	1	0	35	0.00273224	366	0.500684	FALSE	NA	NA	NA	NA	NA	NA
NC_045512.2	26788	G	T	339	0	34	1	0	26	0.00294118	340	0.938418	FALSE	NA	NA	NA	NA	NA	NA
NC_045512.2	26789	C	T	355	0	33	2	0	34	0.00560224	357	0.250351	FALSE	NA	NA	NA	NA	NA	NA
NC_045512.2	26812	T	G	374	3	34	1	0	35	0.00265957	376	0.5	FALSE	NA	NA	NA	NA	NA	NA
NC_045512.2	26812	T	C	374	3	34	1	0	38	0.00265957	376	0.5	FALSE	NA	NA	NA	NA	NA	NA
NC_045512.2	26819	T	C	339	339	35	2	2	38	0.0058651	341	0.250367	FALSE	NA	NA	NA	NA	NA	NA
NC_045512.2	26835	C	T	324	324	35	2	2	33	0.00613497	326	0.250384	FALSE	NA	NA	NA	NA	NA	NA
NC_045512.2	26840	G	A	339	339	36	1	1	35	0.00294118	340	0.500736	FALSE	NA	NA	NA	NA	NA	NA
NC_045512.2	26936	C	T	288	0	36	1	0	34	0.00346021	289	0.500867	FALSE	NA	NA	NA	NA	NA	NA
NC_045512.2	26938	T	C	300	0	34	1	0	34	0.00332226	301	0.500832	FALSE	NA	NA	NA	NA	NA	NA
NC_045512.2	26939	A	G	300	0	36	1	0	38	0.00332226	301	0.500832	FALSE	NA	NA	NA	NA	NA	NA
NC_045512.2	26965	A	G	320	167	64	19	11	74	0.0560472	339	1.51409e-06	TRUE	NA	NA	NA	NA	NA	NA
NC_045512.2	26969	T	C	336	336	34	1	1	27	0.00296736	337	0.938427	FALSE	NA	NA	NA	NA	NA	NA
NC_045512.2	26990	A	G	307	307	34	29	29	34	0.0863095	336	1.0356e-09	TRUE	NA	NA	NA	NA	NA	NA
NC_045512.2	26993	A	G	327	327	33	1	1	32	0.00304878	328	0.500763	FALSE	NA	NA	NA	NA	NA	NA
NC_045512.2	27045	A	G	1651	0	34	4	0	38	0.00241546	1656	0.187311	FALSE	NA	NA	NA	NA	NA	NA
NC_045512.2	27045	A	C	1651	0	34	1	0	25	0.000603865	1656	0.999993	FALSE	NA	NA	NA	NA	NA	NA
NC_045512.2	27047	G	A	1619	0	35	4	0	33	0.00246457	1623	0.1875	FALSE	NA	NA	NA	NA	NA	NA
NC_045512.2	27048	C	T	1727	0	34	5	0	34	0.00288684	1732	0.109307	FALSE	NA	NA	NA	NA	NA	NA
NC_045512.2	27049	T	G	1529	0	31	2	0	22	0.00129534	1544	0.999859	FALSE	NA	NA	NA	NA	NA	NA
NC_045512.2	27049	T	C	1529	0	31	3	0	25	0.00194301	1544	0.99933	FALSE	NA	NA	NA	NA	NA	NA
NC_045512.2	27049	T	A	1529	0	31	10	0	27	0.00647668	1544	0.884923	FALSE	NA	NA	NA	NA	NA	NA
NC_045512.2	27050	T	C	1750	0	33	2	0	32	0.00114155	1752	0.500214	FALSE	NA	NA	NA	NA	NA	NA
NC_045512.2	27051	T	C	1746	0	33	8	0	36	0.0045584	1755	0.0194111	FALSE	NA	NA	NA	NA	NA	NA
NC_045512.2	27051	T	A	1746	0	33	1	0	23	0.000569801	1755	0.999996	FALSE	NA	NA	NA	NA	NA	NA
NC_045512.2	27070	C	G	1725	0	34	1	0	24	0.000579374	1726	0.999996	FALSE	NA	NA	NA	NA	NA	NA
NC_045512.2	27095	A	G	1802	1802	34	2	2	36	0.00110865	1804	0.500208	FALSE	NA	NA	NA	NA	NA	NA
NC_045512.2	27097	G	A	1793	1793	35	1	1	35	0.000557414	1794	0.750209	FALSE	NA	NA	NA	NA	NA	NA
NC_045512.2	27098	T	C	1789	1789	34	3	3	38	0.00167411	1792	0.312605	FALSE	NA	NA	NA	NA	NA	NA
NC_045512.2	27099	T	C	1782	1782	35	2	2	38	0.00112045	1785	0.5	FALSE	NA	NA	NA	NA	NA	NA
NC_045512.2	27099	T	A	1782	1782	35	1	1	35	0.000560224	1785	0.74993	FALSE	NA	NA	NA	NA	NA	NA
NC_045512.2	27100	T	C	1789	1789	35	4	4	38	0.0022309	1793	0.1875	FALSE	NA	NA	NA	NA	NA	NA
NC_045512.2	27101	T	C	1791	1791	35	4	4	37	0.00222841	1795	0.1875	FALSE	NA	NA	NA	NA	NA	NA
NC_045512.2	27102	G	A	1774	1774	35	2	2	34	0.00112613	1776	0.500211	FALSE	NA	NA	NA	NA	NA	NA
NC_045512.2	27103	C	T	1694	1694	35	7	7	35	0.00411523	1701	0.0350597	FALSE	NA	NA	NA	NA	NA	NA
NC_045512.2	27167	C	G	209	0	33	1	0	21	0.0047619	210	0.876788	FALSE	NA	NA	NA	NA	NA	NA
NC_045512.2	27168	A	G	217	0	35	1	0	36	0.00458716	218	0.501149	FALSE	NA	NA	NA	NA	NA	NA
NC_045512.2	27170	T	C	214	0	33	2	0	38	0.00921659	217	0.24942	FALSE	NA	NA	NA	NA	NA	NA
NC_045512.2	27170	T	A	214	0	33	1	0	36	0.00460829	217	0.49884	FALSE	NA	NA	NA	NA	NA	NA
NC_045512.2	27174	G	T	209	0	35	1	0	34	0.00473934	211	0.5	FALSE	NA	NA	NA	NA	NA	NA
NC_045512.2	27174	G	A	209	0	35	1	0	36	0.00473934	211	0.5	FALSE	NA	NA	NA	NA	NA	NA
NC_045512.2	27195	A	G	215	59	50	1	1	73	0.00462963	216	0.50116	FALSE	NA	NA	NA	NA	NA	NA
NC_045512.2	27287	T	C	956	0	33	7	0	34	0.00726141	964	0.00772749	TRUE	NA	NA	NA	NA	NA	NA
NC_045512.2	27287	T	A	956	0	33	1	0	36	0.00103734	964	0.498437	FALSE	NA	NA	NA	NA	NA	NA
NC_045512.2	27289	G	A	931	0	33	1	0	33	0.00107296	932	0.500268	FALSE	NA	NA	NA	NA	NA	NA
NC_045512.2	27290	A	-T	922	0	30	1	0	20	0.0010846	922	0.999057	FALSE	NA	NA	NA	NA	NA	NA
NC_045512.2	27291	T	C	986	0	33	6	0	29	0.00604839	992	0.850048	FALSE	NA	NA	NA	NA	NA	NA
NC_045512.2	27313	A	G	983	0	34	1	0	28	0.00101626	984	0.99905	FALSE	NA	NA	NA	NA	NA	NA
NC_045512.2	27314	A	G	980	0	34	1	0	34	0.00101937	981	0.500255	FALSE	NA	NA	NA	NA	NA	NA
NC_045512.2	27318	T	C	37	35	35	2	2	39	0.0512821	39	0.253247	FALSE	NA	NA	NA	NA	NA	NA
NC_045512.2	27345	A	G	36	36	34	1	1	35	0.027027	37	0.506849	FALSE	NA	NA	NA	NA	NA	NA
NC_045512.2	27390	G	T	28	0	36	1	0	34	0.0333333	30	0.5	FALSE	NA	NA	NA	NA	NA	NA
NC_045512.2	27390	G	A	28	0	36	1	0	37	0.0333333	30	0.5	FALSE	NA	NA	NA	NA	NA	NA
NC_045512.2	27412	T	G	1398	0	34	1	0	39	0.000712758	1403	0.749553	FALSE	NA	NA	NA	NA	NA	NA
NC_045512.2	27412	T	C	1398	0	34	3	0	36	0.00213828	1403	0.312098	FALSE	NA	NA	NA	NA	NA	NA
NC_045512.2	27412	T	A	1398	0	34	1	0	35	0.000712758	1403	0.749553	FALSE	NA	NA	NA	NA	NA	NA
NC_045512.2	27414	G	A	1394	0	37	1	0	37	0.000716846	1395	0.750269	FALSE	NA	NA	NA	NA	NA	NA
NC_045512.2	27415	G	A	1375	0	36	2	0	35	0.00145243	1377	0.500273	FALSE	NA	NA	NA	NA	NA	NA
NC_045512.2	27437	G	C	1518	835	67	4	2	73	0.00262467	1524	0.0622948	FALSE	NA	NA	NA	NA	NA	NA
NC_045512.2	27437	G	A	1518	835	67	2	1	71	0.00131234	1524	0.249425	FALSE	NA	NA	NA	NA	NA	NA
NC_045512.2	27438	T	C	1521	841	64	1	0	72	0.000655738	1525	0.499672	FALSE	NA	NA	NA	NA	NA	NA
NC_045512.2	27438	T	A	1521	841	64	3	2	55	0.00196721	1525	0.124877	FALSE	NA	NA	NA	NA	NA	NA
NC_045512.2	27440	A	T	1521	840	64	3	2	67	0.0019685	1524	0.125	FALSE	NA	NA	NA	NA	NA	NA
NC_045512.2	27456	A	G	1472	1472	34	1	1	35	0.000678887	1473	0.750255	FALSE	NA	NA	NA	NA	NA	NA
NC_045512.2	27462	T	G	1457	1457	35	1	1	38	0.000681663	1467	0.748716	FALSE	NA	NA	NA	NA	NA	NA
NC_045512.2	27462	T	A	1457	1457	35	9	9	32	0.00613497	1467	0.0106374	FALSE	NA	NA	NA	NA	NA	NA
NC_045512.2	27463	G	A	1410	1410	35	16	16	33	0.0112202	1426	0.000133006	TRUE	NA	NA	NA	NA	NA	NA
NC_045512.2	27464	T	C	1419	1419	34	1	1	39	0.000702247	1424	0.74956	FALSE	NA	NA	NA	NA	NA	NA
NC_045512.2	27464	T	A	1419	1419	34	4	4	32	0.00280899	1424	0.18728	FALSE	NA	NA	NA	NA	NA	NA
NC_045512.2	27541	G	A	123	8	32	1	0	33	0.00806452	124	0.502024	FALSE	NA	NA	NA	NA	NA	NA
NC_045512.2	27542	C	T	1015	892	33	3	3	35	0.00294695	1018	0.312684	FALSE	NA	NA	NA	NA	NA	NA
NC_045512.2	27543	T	C	1068	939	34	7	7	29	0.00651163	1075	0.8353	FALSE	NA	NA	NA	NA	NA	NA
NC_045512.2	27546	T	C	1073	946	34	1	1	37	0.000931099	1074	0.750349	FALSE	NA	NA	NA	NA	NA	NA
NC_045512.2	27564	T	A	1074	943	33	1	1	32	0.000930233	1075	0.750349	FALSE	NA	NA	NA	NA	NA	NA
NC_045512.2	27565	T	C	1073	942	33	5	5	30	0.00463822	1078	0.109266	FALSE	NA	NA	NA	NA	NA	NA
NC_045512.2	27566	G	A	1056	934	32	1	1	32	0.000946074	1057	0.750355	FALSE	NA	NA	NA	NA	NA	NA
NC_045512.2	27567	C	T	1032	916	33	2	2	35	0.00193424	1034	0.500363	FALSE	NA	NA	NA	NA	NA	NA
NC_045512.2	27568	T	C	1016	897	33	54	43	33	0.0504202	1071	8.02339e-16	TRUE	NA	NA	NA	NA	NA	NA
NC_045512.2	27568	T	A	1016	897	33	1	1	35	0.000933707	1071	0.737261	FALSE	NA	NA	NA	NA	NA	NA
NC_045512.2	27569	T	C	1049	921	32	5	4	29	0.00474383	1054	0.941634	FALSE	NA	NA	NA	NA	NA	NA
NC_045512.2	27570	T	C	950	945	35	7	7	33	0.00731452	957	0.00775533	TRUE	NA	NA	NA	NA	NA	NA
NC_045512.2	27571	A	T	937	937	33	1	1	36	0.0010627	941	0.499468	FALSE	NA	NA	NA	NA	NA	NA
NC_045512.2	27571	A	G	937	937	33	3	3	33	0.0031881	941	0.1248	FALSE	NA	NA	NA	NA	NA	NA
NC_045512.2	27660	A	T	779	0	35	1	0	34	0.00127226	786	0.498403	FALSE	NA	NA	NA	NA	NA	NA
NC_045512.2	27660	A	G	779	0	35	6	0	36	0.00763359	786	0.0154759	FALSE	NA	NA	NA	NA	NA	NA
NC_045512.2	27661	C	T	786	0	35	1	0	34	0.00127065	787	0.500318	FALSE	NA	NA	NA	NA	NA	NA
NC_045512.2	27662	A	G	787	0	35	3	0	39	0.00379267	791	0.124763	FALSE	NA	NA	NA	NA	NA	NA
NC_045512.2	27662	A	C	787	0	35	1	0	38	0.00126422	791	0.499366	FALSE	NA	NA	NA	NA	NA	NA
NC_045512.2	27666	G	A	764	0	35	3	0	35	0.00391134	767	0.125	FALSE	NA	NA	NA	NA	NA	NA
NC_045512.2	27667	G	A	776	0	36	1	0	35	0.001287	777	0.500322	FALSE	NA	NA	NA	NA	NA	NA
NC_045512.2	27683	A	G	791	0	35	2	0	39	0.00252207	793	0.250158	FALSE	NA	NA	NA	NA	NA	NA
NC_045512.2	27685	T	C	789	1	34	1	0	39	0.00126103	793	0.499368	FALSE	NA	NA	NA	NA	NA	NA
NC_045512.2	27685	T	A	789	1	34	3	0	35	0.0037831	793	0.124763	FALSE	NA	NA	NA	NA	NA	NA
NC_045512.2	27686	C	T	791	9	37	1	0	35	0.00126263	792	0.500316	FALSE	NA	NA	NA	NA	NA	NA
NC_045512.2	27687	T	C	843	391	63	2	2	52	0.00236686	845	0.250148	FALSE	NA	NA	NA	NA	NA	NA
NC_045512.2	27690	A	T	759	756	34	1	1	35	0.00131579	760	0.500329	FALSE	NA	NA	NA	NA	NA	NA
NC_045512.2	27691	A	-T	756	756	33	2	0	20	0.0026455	756	0.981022	FALSE	NA	NA	NA	NA	NA	NA
NC_045512.2	27692	T	C	759	759	36	1	1	38	0.00131406	761	0.499343	FALSE	NA	NA	NA	NA	NA	NA
NC_045512.2	27692	T	A	759	759	36	1	1	33	0.00131406	761	0.499343	FALSE	NA	NA	NA	NA	NA	NA
NC_045512.2	27693	T	C	764	764	35	1	1	39	0.00130719	765	0.500327	FALSE	NA	NA	NA	NA	NA	NA
NC_045512.2	27709	G	A	729	729	34	1	1	35	0.00136986	730	0.500343	FALSE	NA	NA	NA	NA	NA	NA
NC_045512.2	27710	C	T	728	728	36	1	1	35	0.00137174	729	0.500343	FALSE	NA	NA	NA	NA	NA	NA
NC_045512.2	27711	A	T	757	757	33	2	2	34	0.00263505	759	0.250165	FALSE	NA	NA	NA	NA	NA	NA
NC_045512.2	27712	A	G	752	752	33	3	3	33	0.00397351	755	0.125	FALSE	NA	NA	NA	NA	NA	NA
NC_045512.2	27713	T	C	761	761	35	1	1	36	0.00131234	762	0.500328	FALSE	NA	NA	NA	NA	NA	NA
NC_045512.2	27714	A	G	765	765	34	1	1	37	0.00130548	766	0.500327	FALSE	NA	NA	NA	NA	NA	NA
NC_045512.2	27716	T	C	752	752	35	1	1	39	0.00132802	753	0.500332	FALSE	NA	NA	NA	NA	NA	NA
NC_045512.2	27780	T	C	1134	0	34	6	0	34	0.00526316	1140	0.0623557	FALSE	NA	NA	NA	NA	NA	NA
NC_045512.2	27781	T	C	1180	0	34	3	0	35	0.00253593	1183	0.312659	FALSE	NA	NA	NA	NA	NA	NA
NC_045512.2	27783	T	C	1191	0	34	3	0	36	0.00251256	1194	0.312657	FALSE	NA	NA	NA	NA	NA	NA
NC_045512.2	27784	A	G	1186	0	35	4	0	36	0.00336134	1190	0.1875	FALSE	NA	NA	NA	NA	NA	NA
NC_045512.2	27802	T	C	1185	0	34	5	0	36	0.00420168	1190	0.109276	FALSE	NA	NA	NA	NA	NA	NA
NC_045512.2	27803	T	A	1190	0	33	1	0	24	0.000839631	1191	0.999764	FALSE	NA	NA	NA	NA	NA	NA
NC_045512.2	27804	C	T	1168	0	35	3	0	34	0.00256191	1171	0.31266	FALSE	NA	NA	NA	NA	NA	NA
NC_045512.2	27807	C	T	1	0	38	1179	1	34	0.999153	1180	0	TRUE	NA	NA	NA	NA	NA	NA
NC_045512.2	27831	A	G	1249	1249	34	1	1	39	0.0008	1250	0.7503	FALSE	NA	NA	NA	NA	NA	NA
NC_045512.2	27832	T	G	1236	1236	35	1	1	35	0.000805153	1242	0.749293	FALSE	NA	NA	NA	NA	NA	NA
NC_045512.2	27832	T	C	1236	1236	35	5	5	36	0.00402576	1242	0.109091	FALSE	NA	NA	NA	NA	NA	NA
NC_045512.2	27838	T	A	1215	1215	36	1	1	35	0.000822368	1216	0.750309	FALSE	NA	NA	NA	NA	NA	NA
NC_045512.2	27912	T	C	1035	0	34	1	0	38	0.000965251	1036	0.750362	FALSE	NA	NA	NA	NA	NA	NA
NC_045512.2	27913	T	C	1077	0	34	2	0	38	0.00185357	1079	0.500348	FALSE	NA	NA	NA	NA	NA	NA
NC_045512.2	27914	A	G	1075	0	36	2	0	37	0.00185701	1077	0.500349	FALSE	NA	NA	NA	NA	NA	NA
NC_045512.2	27915	G	A	1068	0	37	2	0	36	0.00186916	1070	0.500351	FALSE	NA	NA	NA	NA	NA	NA
NC_045512.2	27938	A	G	1150	534	61	1	0	39	0.00086881	1151	0.750326	FALSE	NA	NA	NA	NA	NA	NA
NC_045512.2	27940	T	C	1152	535	61	1	0	39	0.000867303	1153	0.750325	FALSE	NA	NA	NA	NA	NA	NA
NC_045512.2	27942	C	T	914	884	36	2	2	35	0.00218341	916	0.250137	FALSE	NA	NA	NA	NA	NA	NA
NC_045512.2	27959	A	G	941	941	33	2	2	30	0.00212089	943	0.250133	FALSE	NA	NA	NA	NA	NA	NA
NC_045512.2	27961	A	G	1089	1089	34	3	3	30	0.00274725	1092	0.312672	FALSE	NA	NA	NA	NA	NA	NA
NC_045512.2	27963	T	C	1068	1068	34	1	1	35	0.000933707	1071	0.749883	FALSE	NA	NA	NA	NA	NA	NA
NC_045512.2	27963	T	A	1068	1068	34	2	2	33	0.00186741	1071	0.5	FALSE	NA	NA	NA	NA	NA	NA
NC_045512.2	27985	A	+G	151	151	34	1	0	20	0.00662252	151	0.754131	FALSE	NA	NA	NA	NA	NA	NA
NC_045512.2	28128	T	C	1531	5	34	2	0	37	0.00130463	1533	0.500245	FALSE	NA	NA	NA	NA	NA	NA
NC_045512.2	28133	A	T	1574	5	34	3	0	34	0.00190235	1577	0.312619	FALSE	NA	NA	NA	NA	NA	NA
NC_045512.2	28158	A	G	1557	1535	34	5	5	34	0.00320102	1562	0.1093	FALSE	NA	NA	NA	NA	NA	NA
NC_045512.2	28160	T	C	1573	1571	35	1	1	35	0.000634921	1575	0.750079	FALSE	NA	NA	NA	NA	NA	NA
NC_045512.2	28160	T	A	1573	1571	35	1	1	21	0.000634921	1575	0.999985	FALSE	NA	NA	NA	NA	NA	NA
NC_045512.2	28161	T	C	1580	1579	35	5	5	33	0.00315457	1585	0.109301	FALSE	NA	NA	NA	NA	NA	NA
NC_045512.2	28163	C	T	1321	1321	33	3	3	30	0.00226586	1324	0.312642	FALSE	NA	NA	NA	NA	NA	NA
NC_045512.2	28164	C	G	1306	1306	32	2	2	23	0.00152905	1308	0.999529	FALSE	NA	NA	NA	NA	NA	NA
NC_045512.2	28186	T	C	1529	1529	34	4	4	35	0.00260926	1533	0.1875	FALSE	NA	NA	NA	NA	NA	NA
NC_045512.2	28271	A	T	0	0	0	20	0	32	1	20	1.45089e-11	TRUE	NA	NA	NA	NA	NA	NA
NC_045512.2	28384	A	T	772	0	35	1	0	34	0.00128205	780	0.498067	FALSE	NA	NA	NA	NA	NA	NA
NC_045512.2	28384	A	G	772	0	35	7	0	33	0.00897436	780	0.00770747	TRUE	NA	NA	NA	NA	NA	NA
NC_045512.2	28386	A	G	818	0	35	1	0	32	0.001221	819	0.500305	FALSE	NA	NA	NA	NA	NA	NA
NC_045512.2	28387	A	G	819	0	35	2	0	36	0.00243605	821	0.250152	FALSE	NA	NA	NA	NA	NA	NA
NC_045512.2	28390	A	T	817	0	34	2	0	27	0.00243605	821	0.989392	FALSE	NA	NA	NA	NA	NA	NA
NC_045512.2	28390	A	G	817	0	34	2	0	39	0.00243605	821	0.249542	FALSE	NA	NA	NA	NA	NA	NA
NC_045512.2	28391	C	T	814	0	34	1	0	35	0.00122699	815	0.500307	FALSE	NA	NA	NA	NA	NA	NA
NC_045512.2	28411	C	T	866	340	60	1	0	33	0.0011534	867	0.500289	FALSE	NA	NA	NA	NA	NA	NA
NC_045512.2	28412	A	C	871	343	58	1	0	27	0.00114679	872	0.998097	FALSE	NA	NA	NA	NA	NA	NA
NC_045512.2	28425	C	T	624	624	35	1	1	35	0.0016	625	0.5004	FALSE	NA	NA	NA	NA	NA	NA
NC_045512.2	28426	T	C	638	638	34	5	5	38	0.00777605	643	0.0311281	FALSE	NA	NA	NA	NA	NA	NA
NC_045512.2	28428	G	A	639	639	34	2	2	34	0.00312012	641	0.250195	FALSE	NA	NA	NA	NA	NA	NA
NC_045512.2	28430	T	C	637	637	33	2	2	37	0.00312989	639	0.250196	FALSE	NA	NA	NA	NA	NA	NA
NC_045512.2	28431	T	C	466	466	29	4	4	34	0.00851064	470	0.0623662	FALSE	NA	NA	NA	NA	NA	NA
NC_045512.2	28547	A	C	116	0	33	1	0	36	0.00854701	117	0.502146	FALSE	NA	NA	NA	NA	NA	NA
NC_045512.2	28548	G	A	97	0	31	1	0	34	0.0102041	98	0.502564	FALSE	NA	NA	NA	NA	NA	NA
NC_045512.2	28549	A	G	103	0	32	1	0	24	0.00961538	104	0.753623	FALSE	NA	NA	NA	NA	NA	NA
NC_045512.2	28552	A	G	114	0	34	1	0	33	0.00869565	115	0.502183	FALSE	NA	NA	NA	NA	NA	NA
NC_045512.2	28608	A	T	4353	0	36	1	0	34	0.000229516	4357	0.96875	FALSE	NA	NA	NA	NA	NA	NA
NC_045512.2	28608	A	G	4353	0	36	3	0	37	0.000688547	4357	0.773532	FALSE	NA	NA	NA	NA	NA	NA
NC_045512.2	28609	C	T	4416	0	36	5	0	34	0.00113097	4421	0.500139	FALSE	NA	NA	NA	NA	NA	NA
NC_045512.2	28610	C	T	4430	0	36	3	0	34	0.000676743	4433	0.773623	FALSE	NA	NA	NA	NA	NA	NA
NC_045512.2	28611	T	G	4432	0	34	1	0	38	0.000225479	4435	0.968768	FALSE	NA	NA	NA	NA	NA	NA
NC_045512.2	28611	T	C	4432	0	34	2	0	36	0.000450958	4435	0.890704	FALSE	NA	NA	NA	NA	NA	NA
NC_045512.2	28633	A	T	4314	4	33	1	0	34	0.000231696	4316	0.968786	FALSE	NA	NA	NA	NA	NA	NA
NC_045512.2	28633	A	C	4314	4	33	1	0	37	0.000231696	4316	0.968786	FALSE	NA	NA	NA	NA	NA	NA
NC_045512.2	28634	C	T	4385	6	35	2	0	35	0.000455892	4387	0.890759	FALSE	NA	NA	NA	NA	NA	NA
NC_045512.2	28635	T	C	4408	6	34	16	0	37	0.00361664	4424	0.0058714	TRUE	NA	NA	NA	NA	NA	NA
NC_045512.2	28636	T	A	4438	47	34	2	0	37	0.00045045	4440	0.890757	FALSE	NA	NA	NA	NA	NA	NA
NC_045512.2	28637	C	T	4612	2351	66	1	0	69	0.000216732	4614	0.5	FALSE	NA	NA	NA	NA	NA	NA
NC_045512.2	28637	C	G	4612	2351	66	1	1	28	0.000216732	4614	1	FALSE	NA	NA	NA	NA	NA	NA
NC_045512.2	28638	C	T	4244	4211	35	127	127	33	0.0290418	4373	1.83143e-33	TRUE	NA	NA	NA	NA	NA	NA
NC_045512.2	28638	C	G	4244	4211	35	1	1	23	0.000228676	4373	1	FALSE	NA	NA	NA	NA	NA	NA
NC_045512.2	28638	C	A	4244	4211	35	1	1	21	0.000228676	4373	1	FALSE	NA	NA	NA	NA	NA	NA
NC_045512.2	28639	C	T	4381	4375	35	4	4	35	0.000911369	4389	0.636407	FALSE	NA	NA	NA	NA	NA	NA
NC_045512.2	28639	C	G	4381	4375	35	4	4	25	0.000911369	4389	1	FALSE	NA	NA	NA	NA	NA	NA
NC_045512.2	28640	T	G	4612	4612	35	1	1	21	0.00021645	4620	1	FALSE	NA	NA	NA	NA	NA	NA
NC_045512.2	28640	T	C	4612	4612	35	2	2	26	0.0004329	4620	1	FALSE	NA	NA	NA	NA	NA	NA
NC_045512.2	28640	T	A	4612	4612	35	5	5	26	0.00108225	4620	1	FALSE	NA	NA	NA	NA	NA	NA
NC_045512.2	28641	A	T	4579	4579	33	1	1	30	0.000218103	4585	0.968716	FALSE	NA	NA	NA	NA	NA	NA
NC_045512.2	28641	A	G	4579	4579	33	5	5	32	0.00109051	4585	0.5	FALSE	NA	NA	NA	NA	NA	NA
NC_045512.2	28642	T	C	4625	4625	35	15	15	34	0.00322997	4644	0.00951013	TRUE	NA	NA	NA	NA	NA	NA
NC_045512.2	28642	T	A	4625	4625	35	4	4	30	0.000861326	4644	0.635125	FALSE	NA	NA	NA	NA	NA	NA
NC_045512.2	28643	G	A	4573	4573	35	8	8	34	0.00174634	4581	0.193795	FALSE	NA	NA	NA	NA	NA	NA
NC_045512.2	28665	T	C	4622	4622	35	5	5	37	0.00108061	4627	0.500133	FALSE	NA	NA	NA	NA	NA	NA
NC_045512.2	28666	A	G	4532	4532	33	4	4	35	0.000881834	4536	0.6369	FALSE	NA	NA	NA	NA	NA	NA
NC_045512.2	28755	T	G	3315	0	34	5	0	34	0.00149656	3341	0.359918	FALSE	NA	NA	NA	NA	NA	NA
NC_045512.2	28755	T	C	3315	0	34	21	0	35	0.00628554	3341	0.000133901	TRUE	NA	NA	NA	NA	NA	NA
NC_045512.2	28756	T	C	3404	0	34	9	0	35	0.00263543	3415	0.0727503	FALSE	NA	NA	NA	NA	NA	NA
NC_045512.2	28756	T	A	3404	0	34	2	0	35	0.000585652	3415	0.811858	FALSE	NA	NA	NA	NA	NA	NA
NC_045512.2	28757	C	T	3397	0	36	7	0	34	0.0020564	3404	0.171815	FALSE	NA	NA	NA	NA	NA	NA
NC_045512.2	28758	C	T	3410	0	36	2	0	34	0.000586166	3412	0.812683	FALSE	NA	NA	NA	NA	NA	NA
NC_045512.2	28759	T	C	3412	0	34	10	0	36	0.00292227	3422	0.0460405	FALSE	NA	NA	NA	NA	NA	NA
NC_045512.2	28789	C	T	3346	3346	36	5	5	36	0.00149209	3351	0.363363	FALSE	NA	NA	NA	NA	NA	NA
NC_045512.2	28790	G	A	3387	3387	35	13	13	34	0.00382353	3400	0.0105782	FALSE	NA	NA	NA	NA	NA	NA
NC_045512.2	28791	C	T	3335	3335	36	6	6	36	0.0017948	3343	0.253612	FALSE	NA	NA	NA	NA	NA	NA
NC_045512.2	28791	C	G	3335	3335	36	2	2	38	0.000598265	3343	0.812125	FALSE	NA	NA	NA	NA	NA	NA
NC_045512.2	28792	A	T	3298	3298	34	6	6	35	0.00181214	3311	0.252865	FALSE	NA	NA	NA	NA	NA	NA
NC_045512.2	28792	A	G	3298	3298	34	7	7	37	0.00211416	3311	0.17107	FALSE	NA	NA	NA	NA	NA	NA
NC_045512.2	28841	A	G	122	0	34	1	0	36	0.00813008	123	0.502041	FALSE	NA	NA	NA	NA	NA	NA
NC_045512.2	28843	T	C	122	0	32	2	0	28	0.016129	124	0.503049	FALSE	NA	NA	NA	NA	NA	NA
NC_045512.2	28864	A	G	125	0	33	1	0	27	0.00793651	126	0.752988	FALSE	NA	NA	NA	NA	NA	NA
NC_045512.2	28867	T	C	115	0	31	2	0	28	0.017094	117	0.503233	FALSE	NA	NA	NA	NA	NA	NA
NC_045512.2	28969	C	T	269	0	32	1	0	33	0.0037037	270	0.500928	FALSE	NA	NA	NA	NA	NA	NA
NC_045512.2	28971	A	G	291	0	35	1	0	34	0.00342466	292	0.500858	FALSE	NA	NA	NA	NA	NA	NA
NC_045512.2	28972	A	T	286	0	35	1	0	20	0.00343643	291	0.873695	FALSE	NA	NA	NA	NA	NA	NA
NC_045512.2	28972	A	G	286	0	35	4	0	33	0.0137457	291	0.0618529	FALSE	NA	NA	NA	NA	NA	NA
NC_045512.2	29006	A	C	364	364	33	1	1	23	0.00273973	365	0.938356	FALSE	NA	NA	NA	NA	NA	NA
NC_045512.2	29081	G	C	534	0	37	12	0	36	0.021978	546	0.000232226	TRUE	NA	NA	NA	NA	NA	NA
NC_045512.2	29095	C	T	657	345	61	3	2	69	0.00453858	661	0.124716	FALSE	NA	NA	NA	NA	NA	NA
NC_045512.2	29095	C	G	657	345	61	1	1	20	0.00151286	661	0.992229	FALSE	NA	NA	NA	NA	NA	NA
NC_045512.2	29096	G	A	670	367	61	1	1	71	0.00149031	671	0.500373	FALSE	NA	NA	NA	NA	NA	NA
NC_045512.2	29098	C	G	638	629	36	1	1	29	0.00156495	639	0.992358	FALSE	NA	NA	NA	NA	NA	NA
NC_045512.2	29099	A	G	655	646	34	1	1	32	0.00152439	656	0.500381	FALSE	NA	NA	NA	NA	NA	NA
NC_045512.2	29100	G	A	647	638	35	1	1	34	0.00154321	648	0.500386	FALSE	NA	NA	NA	NA	NA	NA
NC_045512.2	29117	A	-C	641	641	32	4	0	20	0.00624025	641	0.832259	FALSE	NA	NA	NA	NA	NA	NA
NC_045512.2	29118	C	T	574	574	34	3	3	33	0.00519931	577	0.123707	FALSE	NA	NA	NA	NA	NA	NA
NC_045512.2	29119	C	A	522	522	32	4	4	25	0.00760456	526	0.747973	FALSE	NA	NA	NA	NA	NA	NA
NC_045512.2	29121	A	T	652	652	34	1	1	35	0.00152905	654	0.5	FALSE	NA	NA	NA	NA	NA	NA
NC_045512.2	29121	A	G	652	652	34	1	1	28	0.00152905	654	0.992313	FALSE	NA	NA	NA	NA	NA	NA
NC_045512.2	29122	A	G	654	654	34	4	4	34	0.00607903	658	0.0624046	FALSE	NA	NA	NA	NA	NA	NA
NC_045512.2	29124	G	A	620	620	35	1	1	35	0.00161031	621	0.500403	FALSE	NA	NA	NA	NA	NA	NA
NC_045512.2	29237	A	G	462	235	64	1	0	32	0.00215983	463	0.500541	FALSE	NA	NA	NA	NA	NA	NA
NC_045512.2	29255	G	A	431	431	35	2	2	33	0.00461894	433	0.250289	FALSE	NA	NA	NA	NA	NA	NA
NC_045512.2	29256	G	T	428	428	35	1	1	37	0.00232558	430	0.5	FALSE	NA	NA	NA	NA	NA	NA
NC_045512.2	29256	G	C	428	428	35	1	1	22	0.00232558	430	0.969114	FALSE	NA	NA	NA	NA	NA	NA
NC_045512.2	29258	A	G	424	424	33	3	3	36	0.00702576	427	0.124999	FALSE	NA	NA	NA	NA	NA	NA
NC_045512.2	29259	C	T	404	404	34	1	1	37	0.00246914	405	0.500618	FALSE	NA	NA	NA	NA	NA	NA
NC_045512.2	29333	A	G	2910	0	34	4	0	36	0.00137268	2914	0.34383	FALSE	NA	NA	NA	NA	NA	NA
NC_045512.2	29336	A	C	2925	3	35	1	0	35	0.000341763	2926	0.875128	FALSE	NA	NA	NA	NA	NA	NA
NC_045512.2	29337	A	T	2922	3	35	2	0	35	0.000683995	2924	0.687692	FALSE	NA	NA	NA	NA	NA	NA
NC_045512.2	29338	G	A	2909	24	38	9	0	36	0.0030843	2918	0.0326319	FALSE	NA	NA	NA	NA	NA	NA
NC_045512.2	29339	C	T	2947	1407	70	3	2	71	0.00101695	2950	0.125	FALSE	NA	NA	NA	NA	NA	NA
NC_045512.2	29340	A	T	2956	1410	67	1	0	70	0.000338066	2958	0.5	FALSE	NA	NA	NA	NA	NA	NA
NC_045512.2	29340	A	C	2956	1410	67	1	0	77	0.000338066	2958	0.5	FALSE	NA	NA	NA	NA	NA	NA
NC_045512.2	29343	T	A	2858	2856	35	2	2	27	0.000699301	2860	1	FALSE	NA	NA	NA	NA	NA	NA
NC_045512.2	29360	T	C	2836	2836	35	4	4	35	0.00140795	2841	0.343667	FALSE	NA	NA	NA	NA	NA	NA
NC_045512.2	29360	T	A	2836	2836	35	1	1	28	0.000351989	2841	1	FALSE	NA	NA	NA	NA	NA	NA
NC_045512.2	29361	T	G	2799	2799	34	1	1	20	0.000357015	2801	1	FALSE	NA	NA	NA	NA	NA	NA
NC_045512.2	29361	T	A	2799	2799	34	1	1	20	0.000357015	2801	1	FALSE	NA	NA	NA	NA	NA	NA
NC_045512.2	29361	T	-C	2799	2799	34	2	0	20	0.000714031	2801	1	FALSE	NA	NA	NA	NA	NA	NA
NC_045512.2	29362	C	T	2618	2618	34	4	4	35	0.00152381	2625	0.342946	FALSE	NA	NA	NA	NA	NA	NA
NC_045512.2	29362	C	G	2618	2618	34	3	3	27	0.00114286	2625	0.999999	FALSE	NA	NA	NA	NA	NA	NA
NC_045512.2	29363	C	T	2541	2541	34	3	3	35	0.00117693	2549	0.499263	FALSE	NA	NA	NA	NA	NA	NA
NC_045512.2	29363	C	A	2541	2541	34	5	5	23	0.00196155	2549	0.999971	FALSE	NA	NA	NA	NA	NA	NA
NC_045512.2	29365	A	G	2834	2834	33	6	6	37	0.00211268	2840	0.144473	FALSE	NA	NA	NA	NA	NA	NA
NC_045512.2	29366	C	T	2559	2559	35	115	115	31	0.0430067	2674	1.26578e-32	TRUE	NA	NA	NA	NA	NA	NA
NC_045512.2	29367	C	T	2800	2800	36	1	1	37	0.000357015	2801	0.875134	FALSE	NA	NA	NA	NA	NA	NA
NC_045512.2	29368	A	T	2802	2802	34	1	1	30	0.000356252	2807	0.874866	FALSE	NA	NA	NA	NA	NA	NA
NC_045512.2	29368	A	G	2802	2802	34	4	4	37	0.00142501	2807	0.343666	FALSE	NA	NA	NA	NA	NA	NA
NC_045512.2	29455	T	C	3826	0	34	11	0	35	0.00286533	3839	0.0285434	FALSE	NA	NA	NA	NA	NA	NA
NC_045512.2	29455	T	A	3826	0	34	2	0	36	0.000520969	3839	0.811765	FALSE	NA	NA	NA	NA	NA	NA
NC_045512.2	29456	C	T	3830	0	35	5	0	34	0.00130378	3835	0.363353	FALSE	NA	NA	NA	NA	NA	NA
NC_045512.2	29456	C	-T	3830	0	35	1	0	20	0.000260756	3835	1	FALSE	NA	NA	NA	NA	NA	NA
NC_045512.2	29457	T	C	3841	0	34	17	0	35	0.004403	3861	0.00126581	TRUE	NA	NA	NA	NA	NA	NA
NC_045512.2	29457	T	A	3841	0	34	3	0	34	0.000777001	3861	0.65424	FALSE	NA	NA	NA	NA	NA	NA
NC_045512.2	29479	T	A	3861	1	34	2	0	35	0.000517732	3863	0.812662	FALSE	NA	NA	NA	NA	NA	NA
NC_045512.2	29480	T	C	3833	1	34	11	0	37	0.00285937	3847	0.028512	FALSE	NA	NA	NA	NA	NA	NA
NC_045512.2	29480	T	A	3833	1	34	3	0	36	0.000779828	3847	0.65509	FALSE	NA	NA	NA	NA	NA	NA
NC_045512.2	29481	T	C	3849	3	34	6	0	35	0.001554	3861	0.253141	FALSE	NA	NA	NA	NA	NA	NA
NC_045512.2	29481	T	A	3849	3	34	6	0	35	0.001554	3861	0.253141	FALSE	NA	NA	NA	NA	NA	NA
NC_045512.2	29482	C	T	3812	51	37	2	0	35	0.000524246	3815	0.812582	FALSE	NA	NA	NA	NA	NA	NA
NC_045512.2	29482	C	G	3812	51	37	1	0	33	0.000262123	3815	0.937516	FALSE	NA	NA	NA	NA	NA	NA
NC_045512.2	29483	T	C	3879	1924	66	12	5	70	0.00308404	3891	0.00024245	TRUE	NA	NA	NA	NA	NA	NA
NC_045512.2	29484	C	T	3498	3462	34	3	3	37	0.000856164	3504	0.656049	FALSE	NA	NA	NA	NA	NA	NA
NC_045512.2	29484	C	G	3498	3462	34	1	1	20	0.000285388	3504	1	FALSE	NA	NA	NA	NA	NA	NA
NC_045512.2	29484	C	A	3498	3462	34	2	2	23	0.000570776	3504	1	FALSE	NA	NA	NA	NA	NA	NA
NC_045512.2	29485	C	T	3691	3688	37	3	3	35	0.000811908	3695	0.656313	FALSE	NA	NA	NA	NA	NA	NA
NC_045512.2	29485	C	G	3691	3688	37	1	1	24	0.000270636	3695	1	FALSE	NA	NA	NA	NA	NA	NA
NC_045512.2	29506	G	A	3696	3696	36	3	3	34	0.00081103	3699	0.65644	FALSE	NA	NA	NA	NA	NA	NA
NC_045512.2	29507	A	T	3694	3694	33	1	1	36	0.000269833	3706	0.937212	FALSE	NA	NA	NA	NA	NA	NA
NC_045512.2	29507	A	G	3694	3694	33	11	11	37	0.00296816	3706	0.0285711	FALSE	NA	NA	NA	NA	NA	NA
NC_045512.2	29510	A	T	2	2	34	252	252	35	0.073922	3409	0	TRUE	NA	NA	NA	NA	NA	NA
NC_045512.2	29510	A	G	2	2	34	1	1	20	0.000293341	3409	0.0304768	FALSE	NA	NA	NA	NA	NA	NA
NC_045512.2	29510	A	C	2	2	34	3154	3154	34	0.925198	3409	0	TRUE	NA	NA	NA	NA	NA	NA
NC_045512.2	29586	C	T	672	2	35	2	0	34	0.00296296	675	0.249814	FALSE	NA	NA	NA	NA	NA	NA
NC_045512.2	29586	C	A	672	2	35	1	0	36	0.00148148	675	0.499629	FALSE	NA	NA	NA	NA	NA	NA
NC_045512.2	29588	T	C	685	2	33	1	0	34	0.00145773	686	0.500365	FALSE	NA	NA	NA	NA	NA	NA
NC_045512.2	29589	T	C	688	2	33	1	0	35	0.00145138	689	0.500363	FALSE	NA	NA	NA	NA	NA	NA
NC_045512.2	29591	A	G	687	2	34	1	0	35	0.00145349	688	0.500364	FALSE	NA	NA	NA	NA	NA	NA
NC_045512.2	29594	A	T	760	73	34	1	1	21	0.00131406	761	0.996186	FALSE	NA	NA	NA	NA	NA	NA
NC_045512.2	29613	G	A	746	69	36	2	0	36	0.0026738	748	0.250167	FALSE	NA	NA	NA	NA	NA	NA
NC_045512.2	29614	C	T	749	71	33	1	0	34	0.00133333	750	0.500334	FALSE	NA	NA	NA	NA	NA	NA
NC_045512.2	29615	A	G	748	73	35	3	0	33	0.00399467	751	0.125	FALSE	NA	NA	NA	NA	NA	NA
NC_045512.2	29720	A	G	175	175	31	1	1	32	0.00568182	176	0.501425	FALSE	NA	NA	NA	NA	NA	NA
NC_045512.2	29723	A	G	174	174	32	1	1	31	0.00571429	175	0.501433	FALSE	NA	NA	NA	NA	NA	NA
NC_045512.2	29772	T	C	683	683	34	1	1	38	0.00146199	684	0.500366	FALSE	NA	NA	NA	NA	NA	NA
NC_045512.2	29773	G	C	620	620	31	1	1	22	0.00159236	628	0.992055	FALSE	NA	NA	NA	NA	NA	NA
NC_045512.2	29773	G	A	620	620	31	7	7	32	0.0111465	628	0.00768209	TRUE	NA	NA	NA	NA	NA	NA
NC_045512.2	29774	C	T	554	554	33	2	2	36	0.00359712	556	0.250225	FALSE	NA	NA	NA	NA	NA	NA
NC_045512.2	29775	T	A	671	671	33	1	1	20	0.0014881	672	0.992349	FALSE	NA	NA	NA	NA	NA	NA
NC_045512.2	29776	A	G	686	686	33	2	2	34	0.00290698	688	0.250182	FALSE	NA	NA	NA	NA	NA	NA
NC_045512.2	29793	T	C	690	690	35	1	1	36	0.00144509	692	0.5	FALSE	NA	NA	NA	NA	NA	NA
NC_045512.2	29793	T	A	690	690	35	1	1	35	0.00144509	692	0.5	FALSE	NA	NA	NA	NA	NA	NA
NC_045512.2	29797	A	G	692	692	33	1	1	37	0.001443	693	0.500361	FALSE	NA	NA	NA	NA	NA	NA
NC_045512.2	29800	G	A	638	638	32	4	4	30	0.00623053	642	0.0624022	FALSE	NA	NA	NA	NA	NA	NA
NC_045512.2	29801	C	T	580	580	33	1	1	27	0.00172117	581	0.984656	FALSE	NA	NA	NA	NA	NA	NA
