REGION	POS	REF	ALT	REF_DP	REF_RV	REF_QUAL	ALT_DP	ALT_RV	ALT_QUAL	ALT_FREQ	TOTAL_DP	PVAL	PASS	GFF_FEATURE	REF_CODON	REF_AA	ALT_CODON	ALT_AA	POS_AA
NC_045512.2	6078	C	-TGA	1	0	29	1	0	20	1	1	1	FALSE	NA	NA	NA	NA	NA	NA
NC_045512.2	10397	T	A	0	0	0	1	1	26	1	1	1	FALSE	NA	NA	NA	NA	NA	NA
NC_045512.2	10399	A	G	0	0	0	1	1	26	1	1	1	FALSE	NA	NA	NA	NA	NA	NA
NC_045512.2	10400	G	T	0	0	0	1	1	28	1	1	1	FALSE	NA	NA	NA	NA	NA	NA
NC_045512.2	10401	C	G	0	0	0	1	1	28	1	1	1	FALSE	NA	NA	NA	NA	NA	NA
NC_045512.2	10402	T	C	0	0	0	1	1	29	1	1	1	FALSE	NA	NA	NA	NA	NA	NA
NC_045512.2	10404	G	A	0	0	0	1	1	32	1	1	1	FALSE	NA	NA	NA	NA	NA	NA
NC_045512.2	10409	A	C	0	0	0	1	1	30	1	1	1	FALSE	NA	NA	NA	NA	NA	NA
NC_045512.2	10410	A	T	0	0	0	1	1	30	1	1	1	FALSE	NA	NA	NA	NA	NA	NA
NC_045512.2	10411	T	C	0	0	0	1	1	27	1	1	1	FALSE	NA	NA	NA	NA	NA	NA
NC_045512.2	10412	G	T	0	0	0	1	1	21	1	1	1	FALSE	NA	NA	NA	NA	NA	NA
NC_045512.2	10413	G	T	0	0	0	1	1	20	1	1	1	FALSE	NA	NA	NA	NA	NA	NA
NC_045512.2	10414	T	A	0	0	0	1	1	20	1	1	1	FALSE	NA	NA	NA	NA	NA	NA
NC_045512.2	10415	T	C	0	0	0	1	1	20	1	1	1	FALSE	NA	NA	NA	NA	NA	NA
NC_045512.2	10416	C	G	0	0	0	1	1	23	1	1	1	FALSE	NA	NA	NA	NA	NA	NA
NC_045512.2	10417	A	C	0	0	0	1	1	26	1	1	1	FALSE	NA	NA	NA	NA	NA	NA
NC_045512.2	10418	C	A	0	0	0	1	1	27	1	1	1	FALSE	NA	NA	NA	NA	NA	NA
NC_045512.2	10419	C	A	0	0	0	1	1	28	1	1	1	FALSE	NA	NA	NA	NA	NA	NA
NC_045512.2	10420	A	T	0	0	0	1	1	30	1	1	1	FALSE	NA	NA	NA	NA	NA	NA
NC_045512.2	10421	T	A	0	0	0	1	1	30	1	1	1	FALSE	NA	NA	NA	NA	NA	NA
NC_045512.2	10422	C	T	0	0	0	1	1	31	1	1	1	FALSE	NA	NA	NA	NA	NA	NA
NC_045512.2	10423	T	A	0	0	0	1	1	31	1	1	1	FALSE	NA	NA	NA	NA	NA	NA
NC_045512.2	10424	G	A	0	0	0	1	1	31	1	1	1	FALSE	NA	NA	NA	NA	NA	NA
NC_045512.2	10425	G	T	0	0	0	1	1	31	1	1	1	FALSE	NA	NA	NA	NA	NA	NA
NC_045512.2	10426	T	A	0	0	0	1	1	31	1	1	1	FALSE	NA	NA	NA	NA	NA	NA
NC_045512.2	10428	T	A	0	0	0	1	1	35	1	1	1	FALSE	NA	NA	NA	NA	NA	NA
NC_045512.2	10430	T	A	0	0	0	1	1	30	1	1	1	FALSE	NA	NA	NA	NA	NA	NA
NC_045512.2	10431	A	C	0	0	0	1	1	25	1	1	1	FALSE	NA	NA	NA	NA	NA	NA
NC_045512.2	10432	C	T	0	0	0	1	1	29	1	1	1	FALSE	NA	NA	NA	NA	NA	NA
NC_045512.2	10433	C	T	0	0	0	1	1	25	1	1	1	FALSE	NA	NA	NA	NA	NA	NA
NC_045512.2	10435	A	G	0	0	0	1	1	23	1	1	1	FALSE	NA	NA	NA	NA	NA	NA
NC_045512.2	10436	T	C	0	0	0	1	1	25	1	1	1	FALSE	NA	NA	NA	NA	NA	NA
NC_045512.2	10437	G	T	0	0	0	1	1	28	1	1	1	FALSE	NA	NA	NA	NA	NA	NA
NC_045512.2	10438	T	C	0	0	0	1	1	29	1	1	1	FALSE	NA	NA	NA	NA	NA	NA
NC_045512.2	10439	G	T	0	0	0	1	1	27	1	1	1	FALSE	NA	NA	NA	NA	NA	NA
NC_045512.2	10440	C	T	0	0	0	1	1	31	1	1	1	FALSE	NA	NA	NA	NA	NA	NA
NC_045512.2	10444	G	A	0	0	0	1	1	33	1	1	1	FALSE	NA	NA	NA	NA	NA	NA
NC_045512.2	10446	G	T	0	0	0	1	1	29	1	1	1	FALSE	NA	NA	NA	NA	NA	NA
NC_045512.2	10447	G	A	0	0	0	1	1	28	1	1	1	FALSE	NA	NA	NA	NA	NA	NA
NC_045512.2	10448	C	A	0	0	0	1	1	25	1	1	1	FALSE	NA	NA	NA	NA	NA	NA
NC_045512.2	10449	C	G	0	0	0	1	1	25	1	1	1	FALSE	NA	NA	NA	NA	NA	NA
NC_045512.2	10450	C	T	0	0	0	1	1	25	1	1	1	FALSE	NA	NA	NA	NA	NA	NA
NC_045512.2	10452	A	C	0	0	0	1	1	30	1	1	1	FALSE	NA	NA	NA	NA	NA	NA
NC_045512.2	10453	T	A	0	0	0	1	1	30	1	1	1	FALSE	NA	NA	NA	NA	NA	NA
NC_045512.2	10454	T	A	0	0	0	1	1	30	1	1	1	FALSE	NA	NA	NA	NA	NA	NA
NC_045512.2	10455	T	G	0	0	0	1	1	29	1	1	1	FALSE	NA	NA	NA	NA	NA	NA
NC_045512.2	10456	C	T	0	0	0	1	1	30	1	1	1	FALSE	NA	NA	NA	NA	NA	NA
NC_045512.2	10458	C	T	0	0	0	1	1	30	1	1	1	FALSE	NA	NA	NA	NA	NA	NA
NC_045512.2	10460	A	T	0	0	0	1	1	34	1	1	1	FALSE	NA	NA	NA	NA	NA	NA
NC_045512.2	10462	T	A	0	0	0	1	1	33	1	1	1	FALSE	NA	NA	NA	NA	NA	NA
NC_045512.2	10463	A	G	0	0	0	1	1	26	1	1	1	FALSE	NA	NA	NA	NA	NA	NA
NC_045512.2	10467	G	A	0	0	0	1	1	27	1	1	1	FALSE	NA	NA	NA	NA	NA	NA
NC_045512.2	10468	T	G	0	0	0	1	1	26	1	1	1	FALSE	NA	NA	NA	NA	NA	NA
NC_045512.2	10469	T	C	0	0	0	1	1	27	1	1	1	FALSE	NA	NA	NA	NA	NA	NA
NC_045512.2	10470	C	A	0	0	0	1	1	28	1	1	1	FALSE	NA	NA	NA	NA	NA	NA
NC_045512.2	10473	T	G	0	0	0	1	1	29	1	1	1	FALSE	NA	NA	NA	NA	NA	NA
NC_045512.2	10474	C	G	0	0	0	1	1	32	1	1	1	FALSE	NA	NA	NA	NA	NA	NA
NC_045512.2	10475	C	A	0	0	0	1	1	34	1	1	1	FALSE	NA	NA	NA	NA	NA	NA
NC_045512.2	10477	T	A	0	0	0	1	1	33	1	1	1	FALSE	NA	NA	NA	NA	NA	NA
NC_045512.2	10478	A	C	0	0	0	1	1	29	1	1	1	FALSE	NA	NA	NA	NA	NA	NA
NC_045512.2	10480	T	A	0	0	0	1	1	31	1	1	1	FALSE	NA	NA	NA	NA	NA	NA
NC_045512.2	10481	G	C	0	0	0	1	1	28	1	1	1	FALSE	NA	NA	NA	NA	NA	NA
NC_045512.2	10482	G	T	0	0	0	1	1	28	1	1	1	FALSE	NA	NA	NA	NA	NA	NA
NC_045512.2	10483	T	A	0	0	0	1	1	28	1	1	1	FALSE	NA	NA	NA	NA	NA	NA
NC_045512.2	10484	T	G	0	0	0	1	1	27	1	1	1	FALSE	NA	NA	NA	NA	NA	NA
NC_045512.2	14122	G	T	0	0	0	1	1	31	1	1	1	FALSE	NA	NA	NA	NA	NA	NA
NC_045512.2	14123	G	A	0	0	0	1	1	32	1	1	1	FALSE	NA	NA	NA	NA	NA	NA
NC_045512.2	14124	T	C	0	0	0	1	1	31	1	1	1	FALSE	NA	NA	NA	NA	NA	NA
NC_045512.2	14125	A	T	0	0	0	1	1	32	1	1	1	FALSE	NA	NA	NA	NA	NA	NA
NC_045512.2	14126	G	T	0	0	0	1	1	30	1	1	1	FALSE	NA	NA	NA	NA	NA	NA
NC_045512.2	14127	T	G	0	0	0	1	1	33	1	1	1	FALSE	NA	NA	NA	NA	NA	NA
NC_045512.2	14128	G	T	0	0	0	1	1	34	1	1	1	FALSE	NA	NA	NA	NA	NA	NA
NC_045512.2	14129	G	C	0	0	0	1	1	31	1	1	1	FALSE	NA	NA	NA	NA	NA	NA
NC_045512.2	14131	G	C	0	0	0	1	1	31	1	1	1	FALSE	NA	NA	NA	NA	NA	NA
NC_045512.2	14132	T	A	1	1	23	1	1	30	0.5	2	0.666667	FALSE	NA	NA	NA	NA	NA	NA
NC_045512.2	14133	T	A	1	1	32	1	1	25	0.5	2	0.666667	FALSE	NA	NA	NA	NA	NA	NA
NC_045512.2	14134	C	A	1	1	25	1	1	27	0.5	2	0.666667	FALSE	NA	NA	NA	NA	NA	NA
NC_045512.2	14135	C	T	1	1	27	1	1	35	0.5	2	0.666667	FALSE	NA	NA	NA	NA	NA	NA
NC_045512.2	14136	T	A	1	1	33	1	1	27	0.5	2	0.666667	FALSE	NA	NA	NA	NA	NA	NA
NC_045512.2	14137	G	A	1	1	34	1	1	27	0.5	2	0.666667	FALSE	NA	NA	NA	NA	NA	NA
NC_045512.2	14139	T	C	1	1	26	1	1	33	0.5	2	0.666667	FALSE	NA	NA	NA	NA	NA	NA
NC_045512.2	14140	G	A	1	1	25	1	1	33	0.5	2	0.666667	FALSE	NA	NA	NA	NA	NA	NA
NC_045512.2	14141	T	C	1	1	25	1	1	32	0.5	2	0.666667	FALSE	NA	NA	NA	NA	NA	NA
NC_045512.2	14142	A	T	1	1	32	1	1	26	0.5	2	0.666667	FALSE	NA	NA	NA	NA	NA	NA
NC_045512.2	14143	G	T	1	1	27	1	1	29	0.5	2	0.666667	FALSE	NA	NA	NA	NA	NA	NA
NC_045512.2	14144	A	T	1	1	29	1	1	28	0.5	2	0.666667	FALSE	NA	NA	NA	NA	NA	NA
NC_045512.2	14145	T	G	0	0	0	1	1	30	0.5	2	0.5	FALSE	NA	NA	NA	NA	NA	NA
NC_045512.2	14145	T	C	0	0	0	1	1	30	0.5	2	0.5	FALSE	NA	NA	NA	NA	NA	NA
NC_045512.2	14146	T	A	0	0	0	2	2	32	1	2	0.333333	FALSE	NA	NA	NA	NA	NA	NA
NC_045512.2	14147	C	T	0	0	0	1	1	30	0.5	2	0.5	FALSE	NA	NA	NA	NA	NA	NA
NC_045512.2	14147	C	A	0	0	0	1	1	33	0.5	2	0.5	FALSE	NA	NA	NA	NA	NA	NA
NC_045512.2	14148	T	G	1	1	34	1	1	33	0.5	2	0.666667	FALSE	NA	NA	NA	NA	NA	NA
NC_045512.2	14149	T	A	1	1	32	1	1	31	0.5	2	0.666667	FALSE	NA	NA	NA	NA	NA	NA
NC_045512.2	14150	A	T	0	0	0	1	1	31	0.5	2	0.5	FALSE	NA	NA	NA	NA	NA	NA
NC_045512.2	14150	A	G	0	0	0	1	1	34	0.5	2	0.5	FALSE	NA	NA	NA	NA	NA	NA
NC_045512.2	14151	T	G	1	1	90	1	1	34	0.5	2	0.666667	FALSE	NA	NA	NA	NA	NA	NA
NC_045512.2	14152	T	A	1	1	35	1	1	34	0.5	2	0.666667	FALSE	NA	NA	NA	NA	NA	NA
NC_045512.2	14153	A	T	0	0	0	1	1	34	0.5	2	0.5	FALSE	NA	NA	NA	NA	NA	NA
NC_045512.2	14153	A	G	0	0	0	1	1	33	0.5	2	0.5	FALSE	NA	NA	NA	NA	NA	NA
NC_045512.2	14155	T	G	0	0	0	1	1	35	0.5	2	0.5	FALSE	NA	NA	NA	NA	NA	NA
NC_045512.2	14155	T	A	0	0	0	1	1	31	0.5	2	0.5	FALSE	NA	NA	NA	NA	NA	NA
NC_045512.2	14156	C	T	0	0	0	1	1	33	0.5	2	0.5	FALSE	NA	NA	NA	NA	NA	NA
NC_045512.2	14156	C	A	0	0	0	1	1	30	0.5	2	0.5	FALSE	NA	NA	NA	NA	NA	NA
NC_045512.2	14157	A	T	0	0	0	2	2	29	1	2	0.333333	FALSE	NA	NA	NA	NA	NA	NA
NC_045512.2	14158	T	G	1	1	23	1	1	34	0.5	2	0.666667	FALSE	NA	NA	NA	NA	NA	NA
NC_045512.2	14159	T	C	0	0	0	1	1	24	0.5	2	0.5	FALSE	NA	NA	NA	NA	NA	NA
NC_045512.2	14159	T	A	0	0	0	1	1	30	0.5	2	0.5	FALSE	NA	NA	NA	NA	NA	NA
NC_045512.2	14160	G	T	0	0	0	1	1	31	0.5	2	0.5	FALSE	NA	NA	NA	NA	NA	NA
NC_045512.2	14160	G	A	0	0	0	1	1	32	0.5	2	0.5	FALSE	NA	NA	NA	NA	NA	NA
NC_045512.2	14161	T	G	0	0	0	1	1	34	0.5	2	0.5	FALSE	NA	NA	NA	NA	NA	NA
NC_045512.2	14161	T	A	0	0	0	1	1	32	0.5	2	0.5	FALSE	NA	NA	NA	NA	NA	NA
NC_045512.2	14162	T	A	1	1	29	1	1	34	0.5	2	0.666667	FALSE	NA	NA	NA	NA	NA	NA
NC_045512.2	14163	A	T	1	1	29	1	1	34	0.5	2	0.666667	FALSE	NA	NA	NA	NA	NA	NA
NC_045512.2	14164	A	T	1	1	29	1	1	38	0.5	2	0.666667	FALSE	NA	NA	NA	NA	NA	NA
NC_045512.2	14165	T	A	0	0	0	2	2	28	1	2	0.333333	FALSE	NA	NA	NA	NA	NA	NA
NC_045512.2	14166	G	T	0	0	0	1	1	27	0.5	2	0.5	FALSE	NA	NA	NA	NA	NA	NA
NC_045512.2	14166	G	A	0	0	0	1	1	21	0.5	2	0.5	FALSE	NA	NA	NA	NA	NA	NA
NC_045512.2	14167	C	T	0	0	0	1	1	24	1	1	1	FALSE	NA	NA	NA	NA	NA	NA
NC_045512.2	14168	C	T	0	0	0	1	1	23	0.5	2	0.5	FALSE	NA	NA	NA	NA	NA	NA
NC_045512.2	14168	C	G	0	0	0	1	1	25	0.5	2	0.5	FALSE	NA	NA	NA	NA	NA	NA
NC_045512.2	14169	T	G	0	0	0	1	1	26	0.5	2	0.5	FALSE	NA	NA	NA	NA	NA	NA
NC_045512.2	14169	T	C	0	0	0	1	1	24	0.5	2	0.5	FALSE	NA	NA	NA	NA	NA	NA
NC_045512.2	14171	T	C	0	0	0	1	1	26	0.5	2	0.5	FALSE	NA	NA	NA	NA	NA	NA
NC_045512.2	14171	T	A	0	0	0	1	1	24	0.5	2	0.5	FALSE	NA	NA	NA	NA	NA	NA
NC_045512.2	14172	A	T	0	0	0	2	2	27	1	2	0.333333	FALSE	NA	NA	NA	NA	NA	NA
NC_045512.2	14173	T	G	0	0	0	1	1	25	0.5	2	0.5	FALSE	NA	NA	NA	NA	NA	NA
NC_045512.2	14173	T	A	0	0	0	1	1	36	0.5	2	0.5	FALSE	NA	NA	NA	NA	NA	NA
NC_045512.2	14174	T	G	0	0	0	1	1	25	0.5	2	0.5	FALSE	NA	NA	NA	NA	NA	NA
NC_045512.2	14174	T	A	0	0	0	1	1	37	0.5	2	0.5	FALSE	NA	NA	NA	NA	NA	NA
NC_045512.2	14175	A	T	1	1	41	1	1	25	0.5	2	0.666667	FALSE	NA	NA	NA	NA	NA	NA
NC_045512.2	14177	C	T	0	0	0	1	1	28	0.5	2	0.5	FALSE	NA	NA	NA	NA	NA	NA
NC_045512.2	14177	C	A	0	0	0	1	1	27	0.5	2	0.5	FALSE	NA	NA	NA	NA	NA	NA
NC_045512.2	14178	C	G	0	0	0	2	2	31	1	2	0.333333	FALSE	NA	NA	NA	NA	NA	NA
NC_045512.2	14179	T	G	0	0	0	1	1	32	0.5	2	0.5	FALSE	NA	NA	NA	NA	NA	NA
NC_045512.2	14179	T	A	0	0	0	1	1	30	0.5	2	0.5	FALSE	NA	NA	NA	NA	NA	NA
NC_045512.2	14180	T	A	1	1	26	1	1	30	0.5	2	0.666667	FALSE	NA	NA	NA	NA	NA	NA
NC_045512.2	14181	G	T	0	0	0	1	1	34	0.5	2	0.5	FALSE	NA	NA	NA	NA	NA	NA
NC_045512.2	14181	G	C	0	0	0	1	1	29	0.5	2	0.5	FALSE	NA	NA	NA	NA	NA	NA
NC_045512.2	14182	A	T	0	0	0	2	2	33	1	2	0.333333	FALSE	NA	NA	NA	NA	NA	NA
NC_045512.2	14183	C	T	0	0	0	1	1	33	0.5	2	0.5	FALSE	NA	NA	NA	NA	NA	NA
NC_045512.2	14183	C	G	0	0	0	1	1	29	0.5	2	0.5	FALSE	NA	NA	NA	NA	NA	NA
NC_045512.2	14184	C	G	0	0	0	2	2	31	1	2	0.333333	FALSE	NA	NA	NA	NA	NA	NA
NC_045512.2	14185	A	T	0	0	0	2	2	32	1	2	0.333333	FALSE	NA	NA	NA	NA	NA	NA
NC_045512.2	14186	G	A	0	0	0	2	2	32	1	2	0.333333	FALSE	NA	NA	NA	NA	NA	NA
NC_045512.2	14187	G	T	1	1	39	1	1	34	0.5	2	0.666667	FALSE	NA	NA	NA	NA	NA	NA
NC_045512.2	14188	G	A	1	1	33	1	1	33	0.5	2	0.666667	FALSE	NA	NA	NA	NA	NA	NA
NC_045512.2	14189	C	A	0	0	0	2	2	31	1	2	0.333333	FALSE	NA	NA	NA	NA	NA	NA
NC_045512.2	14190	T	A	1	1	38	1	1	24	0.5	2	0.666667	FALSE	NA	NA	NA	NA	NA	NA
NC_045512.2	14191	T	A	1	1	38	1	1	21	0.5	2	0.666667	FALSE	NA	NA	NA	NA	NA	NA
NC_045512.2	14192	T	C	1	1	35	1	1	20	0.5	2	0.666667	FALSE	NA	NA	NA	NA	NA	NA
NC_045512.2	14193	A	T	0	0	0	1	1	32	0.5	2	0.5	FALSE	NA	NA	NA	NA	NA	NA
NC_045512.2	14193	A	C	0	0	0	1	1	21	0.5	2	0.5	FALSE	NA	NA	NA	NA	NA	NA
NC_045512.2	14194	A	G	0	0	0	1	1	32	0.5	2	0.5	FALSE	NA	NA	NA	NA	NA	NA
NC_045512.2	14194	A	C	0	0	0	1	1	21	0.5	2	0.5	FALSE	NA	NA	NA	NA	NA	NA
NC_045512.2	14195	C	T	0	0	0	1	1	29	0.5	2	0.5	FALSE	NA	NA	NA	NA	NA	NA
NC_045512.2	14195	C	A	0	0	0	1	1	24	0.5	2	0.5	FALSE	NA	NA	NA	NA	NA	NA
NC_045512.2	14196	T	G	0	0	0	1	1	26	0.5	2	0.5	FALSE	NA	NA	NA	NA	NA	NA
NC_045512.2	14196	T	A	0	0	0	1	1	32	0.5	2	0.5	FALSE	NA	NA	NA	NA	NA	NA
NC_045512.2	14197	G	A	1	1	40	1	1	29	0.5	2	0.666667	FALSE	NA	NA	NA	NA	NA	NA
NC_045512.2	14198	C	T	0	0	0	1	1	90	0.5	2	0.5	FALSE	NA	NA	NA	NA	NA	NA
NC_045512.2	14198	C	A	0	0	0	1	1	39	0.5	2	0.5	FALSE	NA	NA	NA	NA	NA	NA
NC_045512.2	14200	G	T	0	0	0	1	1	32	0.5	2	0.5	FALSE	NA	NA	NA	NA	NA	NA
NC_045512.2	14200	G	A	0	0	0	1	1	21	0.5	2	0.5	FALSE	NA	NA	NA	NA	NA	NA
NC_045512.2	14202	G	T	0	0	0	1	1	31	0.5	2	0.5	FALSE	NA	NA	NA	NA	NA	NA
NC_045512.2	14202	G	C	0	0	0	1	1	20	0.5	2	0.5	FALSE	NA	NA	NA	NA	NA	NA
NC_045512.2	14203	T	C	0	0	0	1	1	27	1	1	1	FALSE	NA	NA	NA	NA	NA	NA
NC_045512.2	14206	C	G	0	0	0	1	1	31	1	1	1	FALSE	NA	NA	NA	NA	NA	NA
NC_045512.2	14209	G	A	0	0	0	1	1	27	1	1	1	FALSE	NA	NA	NA	NA	NA	NA
NC_045512.2	14211	T	A	0	0	0	1	1	23	1	1	1	FALSE	NA	NA	NA	NA	NA	NA
NC_045512.2	14212	G	T	0	0	0	1	1	42	1	1	1	FALSE	NA	NA	NA	NA	NA	NA
NC_045512.2	14213	A	T	0	0	0	1	1	36	1	1	1	FALSE	NA	NA	NA	NA	NA	NA
NC_045512.2	14214	C	A	0	0	0	1	1	21	1	1	1	FALSE	NA	NA	NA	NA	NA	NA
NC_045512.2	14217	T	C	0	0	0	1	1	33	1	1	1	FALSE	NA	NA	NA	NA	NA	NA
NC_045512.2	14219	A	T	0	0	0	1	1	34	1	1	1	FALSE	NA	NA	NA	NA	NA	NA
NC_045512.2	14220	C	A	0	0	0	1	1	35	1	1	1	FALSE	NA	NA	NA	NA	NA	NA
NC_045512.2	14222	T	A	0	0	0	1	1	32	1	1	1	FALSE	NA	NA	NA	NA	NA	NA
NC_045512.2	14223	A	C	0	0	0	1	1	32	1	1	1	FALSE	NA	NA	NA	NA	NA	NA
NC_045512.2	14224	A	G	0	0	0	1	1	31	1	1	1	FALSE	NA	NA	NA	NA	NA	NA
NC_045512.2	14226	A	C	0	0	0	1	1	27	1	1	1	FALSE	NA	NA	NA	NA	NA	NA
NC_045512.2	16414	G	T	2	0	28	1	1	26	0.333333	3	0.6	FALSE	NA	NA	NA	NA	NA	NA
NC_045512.2	16415	T	A	2	0	31	1	1	31	0.333333	3	0.6	FALSE	NA	NA	NA	NA	NA	NA
NC_045512.2	16416	G	A	2	0	30	1	1	30	0.333333	3	0.6	FALSE	NA	NA	NA	NA	NA	NA
NC_045512.2	16417	A	G	2	0	29	1	1	29	0.333333	3	0.6	FALSE	NA	NA	NA	NA	NA	NA
NC_045512.2	16418	C	A	2	0	28	1	1	30	0.333333	3	0.6	FALSE	NA	NA	NA	NA	NA	NA
NC_045512.2	16420	C	G	2	0	27	1	1	28	0.333333	3	0.6	FALSE	NA	NA	NA	NA	NA	NA
NC_045512.2	16421	A	T	2	0	27	1	1	29	0.333333	3	0.6	FALSE	NA	NA	NA	NA	NA	NA
NC_045512.2	16422	A	G	2	0	29	1	1	29	0.333333	3	0.6	FALSE	NA	NA	NA	NA	NA	NA
NC_045512.2	16423	C	G	2	0	30	1	1	27	0.333333	3	0.6	FALSE	NA	NA	NA	NA	NA	NA
NC_045512.2	16425	T	G	2	0	30	1	1	25	0.333333	3	0.6	FALSE	NA	NA	NA	NA	NA	NA
NC_045512.2	16428	C	T	2	0	27	1	1	20	0.333333	3	0.6	FALSE	NA	NA	NA	NA	NA	NA
NC_045512.2	16429	T	G	2	0	25	1	1	25	0.333333	3	0.6	FALSE	NA	NA	NA	NA	NA	NA
NC_045512.2	16430	T	C	2	0	26	1	1	25	0.333333	3	0.6	FALSE	NA	NA	NA	NA	NA	NA
NC_045512.2	16432	G	T	1	0	25	1	1	23	0.5	2	0.666667	FALSE	NA	NA	NA	NA	NA	NA
NC_045512.2	16433	G	A	1	0	25	1	1	23	0.5	2	0.666667	FALSE	NA	NA	NA	NA	NA	NA
NC_045512.2	16434	A	C	2	0	25	1	1	23	0.333333	3	0.6	FALSE	NA	NA	NA	NA	NA	NA
NC_045512.2	16436	G	T	2	0	26	1	1	29	0.333333	3	0.6	FALSE	NA	NA	NA	NA	NA	NA
NC_045512.2	16437	T	A	2	0	24	1	1	29	0.333333	3	0.6	FALSE	NA	NA	NA	NA	NA	NA
NC_045512.2	16438	A	G	2	0	26	1	1	29	0.333333	3	0.6	FALSE	NA	NA	NA	NA	NA	NA
NC_045512.2	16439	T	A	2	0	28	1	1	29	0.333333	3	0.6	FALSE	NA	NA	NA	NA	NA	NA
NC_045512.2	16440	G	C	2	0	27	1	1	30	0.333333	3	0.6	FALSE	NA	NA	NA	NA	NA	NA
NC_045512.2	16441	A	C	2	0	27	1	1	31	0.333333	3	0.6	FALSE	NA	NA	NA	NA	NA	NA
NC_045512.2	16442	G	A	2	0	26	1	1	35	0.333333	3	0.6	FALSE	NA	NA	NA	NA	NA	NA
NC_045512.2	16443	C	T	2	0	25	1	1	31	0.333333	3	0.6	FALSE	NA	NA	NA	NA	NA	NA
NC_045512.2	16445	A	C	2	0	26	1	1	26	0.333333	3	0.6	FALSE	NA	NA	NA	NA	NA	NA
NC_045512.2	16450	T	G	1	0	27	1	1	35	0.5	2	0.666667	FALSE	NA	NA	NA	NA	NA	NA
NC_045512.2	16451	G	T	1	0	27	1	1	34	0.333333	3	0.5	FALSE	NA	NA	NA	NA	NA	NA
NC_045512.2	16451	G	A	1	0	27	1	1	30	0.333333	3	0.5	FALSE	NA	NA	NA	NA	NA	NA
NC_045512.2	16452	T	A	2	1	30	1	1	30	0.333333	3	0.6	FALSE	NA	NA	NA	NA	NA	NA
NC_045512.2	16453	A	G	1	0	30	2	2	31	0.666667	3	0.3	FALSE	NA	NA	NA	NA	NA	NA
NC_045512.2	16454	A	T	2	1	28	1	1	33	0.333333	3	0.6	FALSE	NA	NA	NA	NA	NA	NA
NC_045512.2	16455	A	T	2	1	33	1	1	21	0.333333	3	0.6	FALSE	NA	NA	NA	NA	NA	NA
NC_045512.2	16456	T	G	1	0	35	1	1	21	0.333333	3	0.5	FALSE	NA	NA	NA	NA	NA	NA
NC_045512.2	16456	T	A	1	0	35	1	1	35	0.333333	3	0.5	FALSE	NA	NA	NA	NA	NA	NA
NC_045512.2	16457	C	T	1	0	31	1	1	21	0.333333	3	0.5	FALSE	NA	NA	NA	NA	NA	NA
NC_045512.2	16457	C	A	1	0	31	1	1	33	0.333333	3	0.5	FALSE	NA	NA	NA	NA	NA	NA
NC_045512.2	16458	A	T	1	0	29	1	1	33	0.333333	3	0.5	FALSE	NA	NA	NA	NA	NA	NA
NC_045512.2	16458	A	G	1	0	29	1	1	21	0.333333	3	0.5	FALSE	NA	NA	NA	NA	NA	NA
NC_045512.2	16459	C	G	1	0	28	2	2	30	0.666667	3	0.3	FALSE	NA	NA	NA	NA	NA	NA
NC_045512.2	16460	A	T	1	0	29	1	1	27	0.333333	3	0.5	FALSE	NA	NA	NA	NA	NA	NA
NC_045512.2	16460	A	C	1	0	29	1	1	32	0.333333	3	0.5	FALSE	NA	NA	NA	NA	NA	NA
NC_045512.2	16461	T	G	2	1	32	1	1	29	0.333333	3	0.6	FALSE	NA	NA	NA	NA	NA	NA
NC_045512.2	16462	A	G	1	0	30	1	1	32	0.333333	3	0.5	FALSE	NA	NA	NA	NA	NA	NA
NC_045512.2	16462	A	C	1	0	30	1	1	26	0.333333	3	0.5	FALSE	NA	NA	NA	NA	NA	NA
NC_045512.2	16463	A	T	1	0	30	2	2	29	0.666667	3	0.3	FALSE	NA	NA	NA	NA	NA	NA
NC_045512.2	16464	A	T	1	0	31	2	2	28	0.666667	3	0.3	FALSE	NA	NA	NA	NA	NA	NA
NC_045512.2	16465	C	G	1	0	30	1	1	28	0.333333	3	0.5	FALSE	NA	NA	NA	NA	NA	NA
NC_045512.2	16465	C	A	1	0	30	1	1	26	0.333333	3	0.5	FALSE	NA	NA	NA	NA	NA	NA
NC_045512.2	16467	A	G	2	1	25	1	1	27	0.333333	3	0.6	FALSE	NA	NA	NA	NA	NA	NA
NC_045512.2	16468	C	T	1	0	30	1	1	20	0.333333	3	0.5	FALSE	NA	NA	NA	NA	NA	NA
NC_045512.2	16468	C	A	1	0	30	1	1	27	0.333333	3	0.5	FALSE	NA	NA	NA	NA	NA	NA
NC_045512.2	16469	C	A	2	1	27	1	1	20	0.333333	3	0.6	FALSE	NA	NA	NA	NA	NA	NA
NC_045512.2	16471	A	G	2	1	28	1	1	24	0.333333	3	0.6	FALSE	NA	NA	NA	NA	NA	NA
NC_045512.2	16473	T	G	1	0	27	1	1	32	0.333333	3	0.5	FALSE	NA	NA	NA	NA	NA	NA
NC_045512.2	16473	T	A	1	0	27	1	1	25	0.333333	3	0.5	FALSE	NA	NA	NA	NA	NA	NA
NC_045512.2	16474	A	T	1	0	20	1	1	37	0.333333	3	0.5	FALSE	NA	NA	NA	NA	NA	NA
NC_045512.2	16474	A	G	1	0	20	1	1	26	0.333333	3	0.5	FALSE	NA	NA	NA	NA	NA	NA
NC_045512.2	16475	G	C	1	0	21	1	1	35	0.333333	3	0.5	FALSE	NA	NA	NA	NA	NA	NA
NC_045512.2	16475	G	A	1	0	21	1	1	28	0.333333	3	0.5	FALSE	NA	NA	NA	NA	NA	NA
NC_045512.2	16476	T	C	1	0	21	1	1	29	0.333333	3	0.5	FALSE	NA	NA	NA	NA	NA	NA
NC_045512.2	16476	T	A	1	0	21	1	1	33	0.333333	3	0.5	FALSE	NA	NA	NA	NA	NA	NA
NC_045512.2	16477	T	C	2	1	27	1	1	33	0.333333	3	0.6	FALSE	NA	NA	NA	NA	NA	NA
NC_045512.2	16478	T	A	1	0	34	2	2	34	0.666667	3	0.3	FALSE	NA	NA	NA	NA	NA	NA
NC_045512.2	16480	C	T	2	1	34	1	1	31	0.333333	3	0.6	FALSE	NA	NA	NA	NA	NA	NA
NC_045512.2	16481	C	A	2	1	25	1	1	35	0.333333	3	0.6	FALSE	NA	NA	NA	NA	NA	NA
NC_045512.2	16482	A	T	2	1	30	1	1	33	0.333333	3	0.6	FALSE	NA	NA	NA	NA	NA	NA
NC_045512.2	16483	T	C	2	1	29	1	1	33	0.333333	3	0.6	FALSE	NA	NA	NA	NA	NA	NA
NC_045512.2	16484	T	A	1	0	31	2	2	31	0.666667	3	0.3	FALSE	NA	NA	NA	NA	NA	NA
NC_045512.2	16485	G	T	1	0	28	2	2	30	0.666667	3	0.3	FALSE	NA	NA	NA	NA	NA	NA
NC_045512.2	16486	T	G	1	0	28	1	1	28	0.333333	3	0.5	FALSE	NA	NA	NA	NA	NA	NA
NC_045512.2	16486	T	C	1	0	28	1	1	30	0.333333	3	0.5	FALSE	NA	NA	NA	NA	NA	NA
NC_045512.2	16487	G	T	1	0	30	1	1	29	0.333333	3	0.5	FALSE	NA	NA	NA	NA	NA	NA
NC_045512.2	16487	G	A	1	0	30	1	1	30	0.333333	3	0.5	FALSE	NA	NA	NA	NA	NA	NA
NC_045512.2	16488	T	C	2	1	30	1	1	28	0.333333	3	0.6	FALSE	NA	NA	NA	NA	NA	NA
NC_045512.2	16489	G	A	2	1	28	1	1	30	0.333333	3	0.6	FALSE	NA	NA	NA	NA	NA	NA
NC_045512.2	16490	C	T	1	0	27	1	1	32	0.5	2	0.666667	FALSE	NA	NA	NA	NA	NA	NA
NC_045512.2	16491	T	A	1	0	28	1	1	33	0.5	2	0.5	FALSE	NA	NA	NA	NA	NA	NA
NC_045512.2	16495	G	T	2	1	24	1	1	31	0.333333	3	0.6	FALSE	NA	NA	NA	NA	NA	NA
NC_045512.2	16496	G	A	1	0	27	1	1	29	0.5	2	0.666667	FALSE	NA	NA	NA	NA	NA	NA
NC_045512.2	16497	A	T	1	0	30	1	1	22	0.333333	3	0.5	FALSE	NA	NA	NA	NA	NA	NA
NC_045512.2	16497	A	G	1	0	30	1	1	31	0.333333	3	0.5	FALSE	NA	NA	NA	NA	NA	NA
NC_045512.2	16498	C	T	1	0	28	1	1	31	0.333333	3	0.5	FALSE	NA	NA	NA	NA	NA	NA
NC_045512.2	16498	C	G	1	0	28	1	1	28	0.333333	3	0.5	FALSE	NA	NA	NA	NA	NA	NA
NC_045512.2	16499	A	T	0	0	0	1	1	22	0.5	2	0.5	FALSE	NA	NA	NA	NA	NA	NA
NC_045512.2	16499	A	C	0	0	0	1	1	31	0.5	2	0.5	FALSE	NA	NA	NA	NA	NA	NA
NC_045512.2	16500	A	T	0	0	0	2	2	26	1	2	0.333333	FALSE	NA	NA	NA	NA	NA	NA
NC_045512.2	16501	G	T	0	0	0	1	1	32	0.5	2	0.5	FALSE	NA	NA	NA	NA	NA	NA
NC_045512.2	16501	G	A	0	0	0	1	1	21	0.5	2	0.5	FALSE	NA	NA	NA	NA	NA	NA
NC_045512.2	16502	T	G	0	0	0	1	1	32	0.5	2	0.5	FALSE	NA	NA	NA	NA	NA	NA
NC_045512.2	16502	T	C	0	0	0	1	1	20	0.5	2	0.5	FALSE	NA	NA	NA	NA	NA	NA
NC_045512.2	16503	T	G	1	1	31	1	1	21	0.5	2	0.666667	FALSE	NA	NA	NA	NA	NA	NA
NC_045512.2	16504	T	C	0	0	0	1	1	32	0.5	2	0.5	FALSE	NA	NA	NA	NA	NA	NA
NC_045512.2	16504	T	A	0	0	0	1	1	20	0.5	2	0.5	FALSE	NA	NA	NA	NA	NA	NA
NC_045512.2	16505	T	C	1	1	38	1	1	20	0.5	2	0.666667	FALSE	NA	NA	NA	NA	NA	NA
NC_045512.2	16506	T	G	0	0	0	1	1	33	0.5	2	0.5	FALSE	NA	NA	NA	NA	NA	NA
NC_045512.2	16506	T	C	0	0	0	1	1	21	0.5	2	0.5	FALSE	NA	NA	NA	NA	NA	NA
NC_045512.2	16507	G	T	0	0	0	1	1	33	0.5	2	0.5	FALSE	NA	NA	NA	NA	NA	NA
NC_045512.2	16507	G	A	0	0	0	1	1	28	0.5	2	0.5	FALSE	NA	NA	NA	NA	NA	NA
NC_045512.2	16508	G	T	0	0	0	2	2	30	1	2	0.333333	FALSE	NA	NA	NA	NA	NA	NA
NC_045512.2	16509	T	G	0	0	0	1	1	27	0.5	2	0.5	FALSE	NA	NA	NA	NA	NA	NA
NC_045512.2	16509	T	A	0	0	0	1	1	29	0.5	2	0.5	FALSE	NA	NA	NA	NA	NA	NA
NC_045512.2	16510	T	A	1	1	29	1	1	26	0.5	2	0.666667	FALSE	NA	NA	NA	NA	NA	NA
NC_045512.2	16511	T	C	1	1	23	1	1	31	0.5	2	0.666667	FALSE	NA	NA	NA	NA	NA	NA
NC_045512.2	16512	A	C	1	1	28	1	1	23	0.5	2	0.666667	FALSE	NA	NA	NA	NA	NA	NA
NC_045512.2	16513	T	C	1	1	28	1	1	24	0.5	2	0.666667	FALSE	NA	NA	NA	NA	NA	NA
NC_045512.2	16514	A	G	1	1	30	1	1	25	0.5	2	0.666667	FALSE	NA	NA	NA	NA	NA	NA
NC_045512.2	16516	A	C	1	1	28	1	1	28	0.5	2	0.666667	FALSE	NA	NA	NA	NA	NA	NA
NC_045512.2	16517	A	T	1	1	29	1	1	28	0.5	2	0.666667	FALSE	NA	NA	NA	NA	NA	NA
NC_045512.2	16518	A	G	1	1	29	1	1	32	0.5	2	0.666667	FALSE	NA	NA	NA	NA	NA	NA
NC_045512.2	16519	A	T	0	0	0	1	1	36	0.5	2	0.5	FALSE	NA	NA	NA	NA	NA	NA
NC_045512.2	16519	A	C	0	0	0	1	1	29	0.5	2	0.5	FALSE	NA	NA	NA	NA	NA	NA
NC_045512.2	16520	A	T	1	1	31	1	1	34	0.5	2	0.666667	FALSE	NA	NA	NA	NA	NA	NA
NC_045512.2	16522	A	G	0	0	0	1	1	32	0.5	2	0.5	FALSE	NA	NA	NA	NA	NA	NA
NC_045512.2	16522	A	C	0	0	0	1	1	28	0.5	2	0.5	FALSE	NA	NA	NA	NA	NA	NA
NC_045512.2	16523	C	A	1	1	29	1	1	29	0.5	2	0.666667	FALSE	NA	NA	NA	NA	NA	NA
NC_045512.2	16524	A	C	1	1	29	1	1	31	0.5	2	0.666667	FALSE	NA	NA	NA	NA	NA	NA
NC_045512.2	16525	T	A	0	0	0	2	2	27	1	2	0.333333	FALSE	NA	NA	NA	NA	NA	NA
NC_045512.2	16526	G	T	0	0	0	2	2	27	1	2	0.333333	FALSE	NA	NA	NA	NA	NA	NA
NC_045512.2	16527	T	G	0	0	0	1	1	23	0.5	2	0.5	FALSE	NA	NA	NA	NA	NA	NA
NC_045512.2	16527	T	A	0	0	0	1	1	30	0.5	2	0.5	FALSE	NA	NA	NA	NA	NA	NA
NC_045512.2	16528	G	C	0	0	0	1	1	23	0.5	2	0.5	FALSE	NA	NA	NA	NA	NA	NA
NC_045512.2	16528	G	A	0	0	0	1	1	31	0.5	2	0.5	FALSE	NA	NA	NA	NA	NA	NA
NC_045512.2	16529	T	A	1	1	24	1	1	32	0.5	2	0.666667	FALSE	NA	NA	NA	NA	NA	NA
NC_045512.2	16531	G	T	0	0	0	1	1	29	1	1	1	FALSE	NA	NA	NA	NA	NA	NA
NC_045512.2	24436	T	C	0	0	0	1	1	23	1	1	1	FALSE	NA	NA	NA	NA	NA	NA
NC_045512.2	24437	T	A	0	0	0	1	1	23	1	1	1	FALSE	NA	NA	NA	NA	NA	NA
NC_045512.2	24438	T	C	0	0	0	1	1	23	1	1	1	FALSE	NA	NA	NA	NA	NA	NA
NC_045512.2	24440	A	G	0	0	0	1	1	27	1	1	1	FALSE	NA	NA	NA	NA	NA	NA
NC_045512.2	24441	A	C	0	0	0	1	1	27	1	1	1	FALSE	NA	NA	NA	NA	NA	NA
NC_045512.2	24442	C	A	0	0	0	1	1	29	1	1	1	FALSE	NA	NA	NA	NA	NA	NA
NC_045512.2	24444	C	G	0	0	0	1	1	28	1	1	1	FALSE	NA	NA	NA	NA	NA	NA
NC_045512.2	24445	G	T	0	0	0	1	1	29	1	1	1	FALSE	NA	NA	NA	NA	NA	NA
NC_045512.2	24446	C	G	0	0	0	1	1	30	1	1	1	FALSE	NA	NA	NA	NA	NA	NA
NC_045512.2	24447	T	C	0	0	0	1	1	27	1	1	1	FALSE	NA	NA	NA	NA	NA	NA
NC_045512.2	24448	T	A	0	0	0	1	1	25	1	1	1	FALSE	NA	NA	NA	NA	NA	NA
NC_045512.2	24449	G	C	0	0	0	1	1	24	1	1	1	FALSE	NA	NA	NA	NA	NA	NA
NC_045512.2	24452	A	G	0	0	0	1	1	27	1	1	1	FALSE	NA	NA	NA	NA	NA	NA
NC_045512.2	24453	A	G	0	0	0	1	1	27	1	1	1	FALSE	NA	NA	NA	NA	NA	NA
NC_045512.2	24455	C	A	0	0	0	1	1	31	1	1	1	FALSE	NA	NA	NA	NA	NA	NA
NC_045512.2	24461	A	C	0	0	0	1	1	24	1	1	1	FALSE	NA	NA	NA	NA	NA	NA
NC_045512.2	24462	G	A	0	0	0	1	1	24	1	1	1	FALSE	NA	NA	NA	NA	NA	NA
NC_045512.2	24463	C	A	0	0	0	1	1	24	1	1	1	FALSE	NA	NA	NA	NA	NA	NA
NC_045512.2	24464	T	G	0	0	0	1	1	32	1	1	1	FALSE	NA	NA	NA	NA	NA	NA
NC_045512.2	24465	C	A	0	0	0	1	1	30	1	1	1	FALSE	NA	NA	NA	NA	NA	NA
NC_045512.2	24466	C	T	0	0	0	1	1	31	1	1	1	FALSE	NA	NA	NA	NA	NA	NA
NC_045512.2	24467	A	G	0	0	0	1	1	30	1	1	1	FALSE	NA	NA	NA	NA	NA	NA
NC_045512.2	24468	A	T	0	0	0	1	1	30	1	1	1	FALSE	NA	NA	NA	NA	NA	NA
NC_045512.2	24469	T	G	0	0	0	1	1	32	1	1	1	FALSE	NA	NA	NA	NA	NA	NA
NC_045512.2	24470	T	G	0	0	0	1	1	32	1	1	1	FALSE	NA	NA	NA	NA	NA	NA
NC_045512.2	24472	T	C	0	0	0	1	1	32	1	1	1	FALSE	NA	NA	NA	NA	NA	NA
NC_045512.2	24473	G	A	0	0	0	1	1	33	1	1	1	FALSE	NA	NA	NA	NA	NA	NA
NC_045512.2	24474	G	A	0	0	0	1	1	32	1	1	1	FALSE	NA	NA	NA	NA	NA	NA
NC_045512.2	24475	T	C	0	0	0	1	1	32	1	1	1	FALSE	NA	NA	NA	NA	NA	NA
NC_045512.2	24476	G	C	0	0	0	1	1	32	1	1	1	FALSE	NA	NA	NA	NA	NA	NA
NC_045512.2	24477	C	A	0	0	0	1	1	41	1	1	1	FALSE	NA	NA	NA	NA	NA	NA
NC_045512.2	24478	A	T	0	0	0	1	1	37	1	1	1	FALSE	NA	NA	NA	NA	NA	NA
NC_045512.2	24480	T	A	0	0	0	1	1	32	1	1	1	FALSE	NA	NA	NA	NA	NA	NA
NC_045512.2	24482	T	G	0	0	0	1	1	31	1	1	1	FALSE	NA	NA	NA	NA	NA	NA
NC_045512.2	24485	A	C	0	0	0	1	1	35	1	1	1	FALSE	NA	NA	NA	NA	NA	NA
NC_045512.2	24486	G	A	0	0	0	1	1	29	1	1	1	FALSE	NA	NA	NA	NA	NA	NA
NC_045512.2	24487	T	A	0	0	0	1	1	29	1	1	1	FALSE	NA	NA	NA	NA	NA	NA
NC_045512.2	24489	T	C	0	0	0	1	1	28	1	1	1	FALSE	NA	NA	NA	NA	NA	NA
NC_045512.2	24496	T	C	0	0	0	1	1	28	1	1	1	FALSE	NA	NA	NA	NA	NA	NA
NC_045512.2	24497	G	A	0	0	0	1	1	27	1	1	1	FALSE	NA	NA	NA	NA	NA	NA
NC_045512.2	24498	A	C	0	0	0	1	1	28	1	1	1	FALSE	NA	NA	NA	NA	NA	NA
NC_045512.2	24499	T	G	0	0	0	1	1	29	1	1	1	FALSE	NA	NA	NA	NA	NA	NA
NC_045512.2	24500	A	C	0	0	0	1	1	30	1	1	1	FALSE	NA	NA	NA	NA	NA	NA
NC_045512.2	24502	C	T	0	0	0	1	1	32	1	1	1	FALSE	NA	NA	NA	NA	NA	NA
NC_045512.2	24503	C	G	0	0	0	1	1	27	1	1	1	FALSE	NA	NA	NA	NA	NA	NA
NC_045512.2	24506	T	A	0	0	0	1	1	30	1	1	1	FALSE	NA	NA	NA	NA	NA	NA
NC_045512.2	24507	C	A	0	0	0	1	1	32	1	1	1	FALSE	NA	NA	NA	NA	NA	NA
NC_045512.2	24510	G	A	0	0	0	1	1	28	1	1	1	FALSE	NA	NA	NA	NA	NA	NA
NC_045512.2	24511	T	A	0	0	0	1	1	27	1	1	1	FALSE	NA	NA	NA	NA	NA	NA
NC_045512.2	24515	G	A	0	0	0	1	1	27	1	1	1	FALSE	NA	NA	NA	NA	NA	NA
NC_045512.2	24516	A	G	0	0	0	1	1	25	1	1	1	FALSE	NA	NA	NA	NA	NA	NA
NC_045512.2	24518	A	T	0	0	0	1	1	24	1	1	1	FALSE	NA	NA	NA	NA	NA	NA
NC_045512.2	24519	A	C	0	0	0	1	1	26	1	1	1	FALSE	NA	NA	NA	NA	NA	NA
NC_045512.2	24520	A	C	0	0	0	1	1	29	1	1	1	FALSE	NA	NA	NA	NA	NA	NA
NC_045512.2	24521	G	A	0	0	0	1	1	26	1	1	1	FALSE	NA	NA	NA	NA	NA	NA
NC_045512.2	25218	G	-T	2	0	28	1	0	20	0.5	2	0.75	FALSE	NA	NA	NA	NA	NA	NA
NC_045512.2	25339	C	A	0	0	0	1	1	28	1	1	1	FALSE	NA	NA	NA	NA	NA	NA
NC_045512.2	25340	G	A	0	0	0	1	1	28	1	1	1	FALSE	NA	NA	NA	NA	NA	NA
NC_045512.2	25341	A	G	0	0	0	1	1	28	1	1	1	FALSE	NA	NA	NA	NA	NA	NA
NC_045512.2	25342	C	T	0	0	0	1	1	28	1	1	1	FALSE	NA	NA	NA	NA	NA	NA
NC_045512.2	25343	T	A	0	0	0	1	1	26	1	1	1	FALSE	NA	NA	NA	NA	NA	NA
NC_045512.2	25344	C	T	0	0	0	1	1	26	1	1	1	FALSE	NA	NA	NA	NA	NA	NA
NC_045512.2	25345	T	G	0	0	0	1	1	26	1	1	1	FALSE	NA	NA	NA	NA	NA	NA
NC_045512.2	25346	G	A	0	0	0	1	1	28	1	1	1	FALSE	NA	NA	NA	NA	NA	NA
NC_045512.2	25347	A	G	0	0	0	1	1	28	1	1	1	FALSE	NA	NA	NA	NA	NA	NA
NC_045512.2	25348	G	C	0	0	0	1	1	27	1	1	1	FALSE	NA	NA	NA	NA	NA	NA
NC_045512.2	25349	C	A	0	0	0	1	1	26	1	1	1	FALSE	NA	NA	NA	NA	NA	NA
NC_045512.2	25350	C	G	0	0	0	1	1	26	1	1	1	FALSE	NA	NA	NA	NA	NA	NA
NC_045512.2	25351	A	T	0	0	0	1	1	31	1	1	1	FALSE	NA	NA	NA	NA	NA	NA
NC_045512.2	25352	G	A	0	0	0	1	1	90	1	1	1	FALSE	NA	NA	NA	NA	NA	NA
NC_045512.2	25354	G	A	0	0	0	1	1	30	1	1	1	FALSE	NA	NA	NA	NA	NA	NA
NC_045512.2	25355	C	T	0	0	0	1	1	32	1	1	1	FALSE	NA	NA	NA	NA	NA	NA
NC_045512.2	25356	T	A	0	0	0	1	1	37	1	1	1	FALSE	NA	NA	NA	NA	NA	NA
NC_045512.2	25357	C	A	0	0	0	1	1	33	1	1	1	FALSE	NA	NA	NA	NA	NA	NA
NC_045512.2	25360	A	T	0	0	0	1	1	23	1	1	1	FALSE	NA	NA	NA	NA	NA	NA
NC_045512.2	25363	A	C	0	0	0	1	1	20	1	1	1	FALSE	NA	NA	NA	NA	NA	NA
NC_045512.2	25364	G	C	0	0	0	1	1	21	1	1	1	FALSE	NA	NA	NA	NA	NA	NA
NC_045512.2	25365	T	A	0	0	0	1	1	21	1	1	1	FALSE	NA	NA	NA	NA	NA	NA
NC_045512.2	25366	C	T	0	0	0	1	1	22	1	1	1	FALSE	NA	NA	NA	NA	NA	NA
NC_045512.2	25367	A	G	0	0	0	1	1	26	1	1	1	FALSE	NA	NA	NA	NA	NA	NA
NC_045512.2	25368	A	G	0	0	0	1	1	26	1	1	1	FALSE	NA	NA	NA	NA	NA	NA
NC_045512.2	25369	A	T	0	0	0	1	1	26	1	1	1	FALSE	NA	NA	NA	NA	NA	NA
NC_045512.2	25370	T	A	0	0	0	1	1	30	1	1	1	FALSE	NA	NA	NA	NA	NA	NA
NC_045512.2	25371	T	C	0	0	0	1	1	30	1	1	1	FALSE	NA	NA	NA	NA	NA	NA
NC_045512.2	25373	C	T	0	0	0	1	1	32	1	1	1	FALSE	NA	NA	NA	NA	NA	NA
NC_045512.2	25374	A	T	0	0	0	1	1	30	1	1	1	FALSE	NA	NA	NA	NA	NA	NA
NC_045512.2	25376	T	G	0	0	0	1	1	27	1	1	1	FALSE	NA	NA	NA	NA	NA	NA
NC_045512.2	25377	A	G	0	0	0	1	1	28	1	1	1	FALSE	NA	NA	NA	NA	NA	NA
NC_045512.2	25379	A	T	0	0	0	1	1	28	1	1	1	FALSE	NA	NA	NA	NA	NA	NA
NC_045512.2	25380	C	A	0	0	0	1	1	28	1	1	1	FALSE	NA	NA	NA	NA	NA	NA
NC_045512.2	25381	A	G	0	0	0	1	1	27	1	1	1	FALSE	NA	NA	NA	NA	NA	NA
NC_045512.2	25382	T	G	0	0	0	1	1	25	1	1	1	FALSE	NA	NA	NA	NA	NA	NA
NC_045512.2	25383	A	T	0	0	0	1	1	36	1	1	1	FALSE	NA	NA	NA	NA	NA	NA
NC_045512.2	25384	A	T	0	0	0	1	1	26	1	1	1	FALSE	NA	NA	NA	NA	NA	NA
NC_045512.2	25385	A	T	0	0	0	1	1	25	1	1	1	FALSE	NA	NA	NA	NA	NA	NA
NC_045512.2	25386	C	T	0	0	0	1	1	25	1	1	1	FALSE	NA	NA	NA	NA	NA	NA
NC_045512.2	25387	G	A	0	0	0	1	1	25	1	1	1	FALSE	NA	NA	NA	NA	NA	NA
NC_045512.2	25388	A	T	0	0	0	1	1	24	1	1	1	FALSE	NA	NA	NA	NA	NA	NA
NC_045512.2	25390	C	G	0	0	0	1	1	24	1	1	1	FALSE	NA	NA	NA	NA	NA	NA
NC_045512.2	25391	T	C	0	0	0	1	1	24	1	1	1	FALSE	NA	NA	NA	NA	NA	NA
NC_045512.2	25393	A	G	0	0	0	1	1	26	1	1	1	FALSE	NA	NA	NA	NA	NA	NA
NC_045512.2	25394	T	G	0	0	0	1	1	26	1	1	1	FALSE	NA	NA	NA	NA	NA	NA
NC_045512.2	25395	G	C	0	0	0	1	1	25	1	1	1	FALSE	NA	NA	NA	NA	NA	NA
NC_045512.2	25396	G	T	0	0	0	1	1	27	1	1	1	FALSE	NA	NA	NA	NA	NA	NA
NC_045512.2	25397	A	T	0	0	0	1	1	27	1	1	1	FALSE	NA	NA	NA	NA	NA	NA
NC_045512.2	25398	T	G	0	0	0	1	1	33	1	1	1	FALSE	NA	NA	NA	NA	NA	NA
NC_045512.2	25399	T	A	0	0	0	1	1	31	1	1	1	FALSE	NA	NA	NA	NA	NA	NA
NC_045512.2	25401	G	T	0	0	0	1	1	27	1	1	1	FALSE	NA	NA	NA	NA	NA	NA
NC_045512.2	25402	T	G	0	0	0	1	1	27	1	1	1	FALSE	NA	NA	NA	NA	NA	NA
NC_045512.2	25403	T	C	0	0	0	1	1	26	1	1	1	FALSE	NA	NA	NA	NA	NA	NA
NC_045512.2	25404	T	C	0	0	0	1	1	28	1	1	1	FALSE	NA	NA	NA	NA	NA	NA
NC_045512.2	25407	G	A	0	0	0	1	1	25	1	1	1	FALSE	NA	NA	NA	NA	NA	NA
NC_045512.2	25408	A	G	0	0	0	1	1	25	1	1	1	FALSE	NA	NA	NA	NA	NA	NA
NC_045512.2	25409	G	T	0	0	0	1	1	26	1	1	1	FALSE	NA	NA	NA	NA	NA	NA
NC_045512.2	25413	C	G	0	0	0	1	1	26	1	1	1	FALSE	NA	NA	NA	NA	NA	NA
NC_045512.2	25414	T	G	0	0	0	1	1	27	1	1	1	FALSE	NA	NA	NA	NA	NA	NA
NC_045512.2	25416	C	G	0	0	0	1	1	26	1	1	1	FALSE	NA	NA	NA	NA	NA	NA
NC_045512.2	25419	A	+ATT	1	1	33	1	0	20	1	1	1	FALSE	NA	NA	NA	NA	NA	NA
NC_045512.2	25423	G	A	0	0	0	1	1	27	1	1	1	FALSE	NA	NA	NA	NA	NA	NA
NC_045512.2	25424	G	T	0	0	0	1	1	29	1	1	1	FALSE	NA	NA	NA	NA	NA	NA
NC_045512.2	25425	A	G	0	0	0	1	1	28	1	1	1	FALSE	NA	NA	NA	NA	NA	NA
NC_045512.2	25429	G	T	0	0	0	1	1	29	1	1	1	FALSE	NA	NA	NA	NA	NA	NA
NC_045512.2	25430	T	G	0	0	0	1	1	28	1	1	1	FALSE	NA	NA	NA	NA	NA	NA
NC_045512.2	25431	A	C	0	0	0	1	1	22	1	1	1	FALSE	NA	NA	NA	NA	NA	NA
NC_045512.2	25432	A	T	0	0	0	1	1	22	1	1	1	FALSE	NA	NA	NA	NA	NA	NA
NC_045512.2	25433	C	G	0	0	0	1	1	22	1	1	1	FALSE	NA	NA	NA	NA	NA	NA
NC_045512.2	25435	T	A	0	0	0	1	1	32	1	1	1	FALSE	NA	NA	NA	NA	NA	NA
NC_045512.2	25439	A	C	0	0	0	1	1	21	1	1	1	FALSE	NA	NA	NA	NA	NA	NA
NC_045512.2	25440	G	C	0	0	0	1	1	25	1	1	1	FALSE	NA	NA	NA	NA	NA	NA
NC_045512.2	25441	C	A	0	0	0	1	1	26	1	1	1	FALSE	NA	NA	NA	NA	NA	NA
NC_045512.2	25702	C	A	0	0	0	1	1	90	1	1	1	FALSE	NA	NA	NA	NA	NA	NA
NC_045512.2	25703	C	T	0	0	0	1	1	26	1	1	1	FALSE	NA	NA	NA	NA	NA	NA
NC_045512.2	25704	T	A	0	0	0	1	1	33	1	1	1	FALSE	NA	NA	NA	NA	NA	NA
NC_045512.2	25706	T	A	0	0	0	1	1	34	1	1	1	FALSE	NA	NA	NA	NA	NA	NA
NC_045512.2	25707	T	A	0	0	0	1	1	33	1	1	1	FALSE	NA	NA	NA	NA	NA	NA
NC_045512.2	25708	C	A	0	0	0	1	1	33	1	1	1	FALSE	NA	NA	NA	NA	NA	NA
NC_045512.2	25709	T	A	0	0	0	1	1	31	1	1	1	FALSE	NA	NA	NA	NA	NA	NA
NC_045512.2	25710	C	T	0	0	0	1	1	29	1	1	1	FALSE	NA	NA	NA	NA	NA	NA
NC_045512.2	25711	T	G	0	0	0	1	1	27	1	1	1	FALSE	NA	NA	NA	NA	NA	NA
NC_045512.2	25712	A	G	0	0	0	1	1	27	1	1	1	FALSE	NA	NA	NA	NA	NA	NA
NC_045512.2	25713	T	C	0	0	0	1	1	27	1	1	1	FALSE	NA	NA	NA	NA	NA	NA
NC_045512.2	25715	T	A	0	0	0	1	1	28	1	1	1	FALSE	NA	NA	NA	NA	NA	NA
NC_045512.2	25717	T	G	0	0	0	1	1	27	1	1	1	FALSE	NA	NA	NA	NA	NA	NA
NC_045512.2	25718	A	G	0	0	0	1	1	29	1	1	1	FALSE	NA	NA	NA	NA	NA	NA
NC_045512.2	25720	G	A	0	0	0	1	1	33	1	1	1	FALSE	NA	NA	NA	NA	NA	NA
NC_045512.2	25722	T	A	0	0	0	1	1	30	1	1	1	FALSE	NA	NA	NA	NA	NA	NA
NC_045512.2	25725	A	T	0	0	0	1	1	27	1	1	1	FALSE	NA	NA	NA	NA	NA	NA
NC_045512.2	25727	T	G	0	0	0	1	1	28	1	1	1	FALSE	NA	NA	NA	NA	NA	NA
NC_045512.2	25731	C	G	0	0	0	1	1	30	1	1	1	FALSE	NA	NA	NA	NA	NA	NA
NC_045512.2	25732	T	G	0	0	0	1	1	27	1	1	1	FALSE	NA	NA	NA	NA	NA	NA
NC_045512.2	25734	C	T	0	0	0	1	1	31	1	1	1	FALSE	NA	NA	NA	NA	NA	NA
NC_045512.2	25737	G	A	0	0	0	1	1	28	1	1	1	FALSE	NA	NA	NA	NA	NA	NA
NC_045512.2	25738	C	T	0	0	0	1	1	26	1	1	1	FALSE	NA	NA	NA	NA	NA	NA
NC_045512.2	25741	A	C	0	0	0	1	1	28	1	1	1	FALSE	NA	NA	NA	NA	NA	NA
NC_045512.2	25742	G	T	0	0	0	1	1	27	1	1	1	FALSE	NA	NA	NA	NA	NA	NA
NC_045512.2	25743	T	G	0	0	0	1	1	27	1	1	1	FALSE	NA	NA	NA	NA	NA	NA
NC_045512.2	25744	A	G	0	0	0	1	1	27	1	1	1	FALSE	NA	NA	NA	NA	NA	NA
NC_045512.2	25745	T	C	0	0	0	1	1	22	1	1	1	FALSE	NA	NA	NA	NA	NA	NA
NC_045512.2	25748	A	G	0	0	0	1	1	32	1	1	1	FALSE	NA	NA	NA	NA	NA	NA
NC_045512.2	25749	C	A	0	0	0	1	1	26	1	1	1	FALSE	NA	NA	NA	NA	NA	NA
NC_045512.2	25752	T	G	0	0	0	1	1	26	1	1	1	FALSE	NA	NA	NA	NA	NA	NA
NC_045512.2	25753	G	C	0	0	0	1	1	26	1	1	1	FALSE	NA	NA	NA	NA	NA	NA
NC_045512.2	25754	T	C	0	0	0	1	1	28	1	1	1	FALSE	NA	NA	NA	NA	NA	NA
NC_045512.2	25756	A	T	0	0	0	1	1	29	1	1	1	FALSE	NA	NA	NA	NA	NA	NA
NC_045512.2	25757	G	A	0	0	0	1	1	29	1	1	1	FALSE	NA	NA	NA	NA	NA	NA
NC_045512.2	25758	A	G	0	0	0	1	1	30	1	1	1	FALSE	NA	NA	NA	NA	NA	NA
NC_045512.2	25759	A	T	0	0	0	1	1	33	1	1	1	FALSE	NA	NA	NA	NA	NA	NA
NC_045512.2	25760	T	A	0	0	0	1	1	30	1	1	1	FALSE	NA	NA	NA	NA	NA	NA
NC_045512.2	25762	A	T	0	0	0	1	1	27	1	1	1	FALSE	NA	NA	NA	NA	NA	NA
NC_045512.2	25763	T	G	0	0	0	1	1	28	1	1	1	FALSE	NA	NA	NA	NA	NA	NA
NC_045512.2	25764	A	G	0	0	0	1	1	29	1	1	1	FALSE	NA	NA	NA	NA	NA	NA
NC_045512.2	25765	A	T	0	0	0	1	1	29	1	1	1	FALSE	NA	NA	NA	NA	NA	NA
NC_045512.2	25766	T	G	0	0	0	1	1	30	1	1	1	FALSE	NA	NA	NA	NA	NA	NA
NC_045512.2	25767	G	A	0	0	0	1	1	30	1	1	1	FALSE	NA	NA	NA	NA	NA	NA
NC_045512.2	25768	A	C	0	0	0	1	1	32	1	1	1	FALSE	NA	NA	NA	NA	NA	NA
NC_045512.2	25769	G	A	0	0	0	1	1	33	1	1	1	FALSE	NA	NA	NA	NA	NA	NA
NC_045512.2	25770	G	A	0	0	0	1	1	34	1	1	1	FALSE	NA	NA	NA	NA	NA	NA
NC_045512.2	25771	C	T	0	0	0	1	1	36	1	1	1	FALSE	NA	NA	NA	NA	NA	NA
NC_045512.2	25773	T	A	0	0	0	1	1	29	1	1	1	FALSE	NA	NA	NA	NA	NA	NA
NC_045512.2	25776	G	C	0	0	0	1	1	31	1	1	1	FALSE	NA	NA	NA	NA	NA	NA
NC_045512.2	25777	C	T	0	0	0	1	1	34	1	1	1	FALSE	NA	NA	NA	NA	NA	NA
NC_045512.2	25780	T	G	0	0	0	1	1	27	1	1	1	FALSE	NA	NA	NA	NA	NA	NA
NC_045512.2	25781	G	C	0	0	0	1	1	27	1	1	1	FALSE	NA	NA	NA	NA	NA	NA
NC_045512.2	25782	C	T	0	0	0	1	1	26	1	1	1	FALSE	NA	NA	NA	NA	NA	NA
NC_045512.2	25783	T	G	0	0	0	1	1	26	1	1	1	FALSE	NA	NA	NA	NA	NA	NA
NC_045512.2	25784	G	T	0	0	0	1	1	28	1	1	1	FALSE	NA	NA	NA	NA	NA	NA
NC_045512.2	25785	G	A	0	0	0	1	1	29	1	1	1	FALSE	NA	NA	NA	NA	NA	NA
NC_045512.2	25786	A	T	0	0	0	1	1	30	1	1	1	FALSE	NA	NA	NA	NA	NA	NA
NC_045512.2	25787	A	G	0	0	0	1	1	32	1	1	1	FALSE	NA	NA	NA	NA	NA	NA
NC_045512.2	25789	T	C	0	0	0	1	1	28	1	1	1	FALSE	NA	NA	NA	NA	NA	NA
NC_045512.2	25790	G	C	0	0	0	1	1	27	1	1	1	FALSE	NA	NA	NA	NA	NA	NA
NC_045512.2	25791	C	A	0	0	0	1	1	27	1	1	1	FALSE	NA	NA	NA	NA	NA	NA
NC_045512.2	25792	C	G	0	0	0	1	1	26	1	1	1	FALSE	NA	NA	NA	NA	NA	NA
NC_045512.2	25793	G	T	0	0	0	1	1	27	1	1	1	FALSE	NA	NA	NA	NA	NA	NA
NC_045512.2	25795	T	G	0	0	0	1	1	25	1	1	1	FALSE	NA	NA	NA	NA	NA	NA
NC_045512.2	25797	C	T	0	0	0	1	1	25	1	1	1	FALSE	NA	NA	NA	NA	NA	NA
NC_045512.2	25798	A	G	0	0	0	1	1	26	1	1	1	FALSE	NA	NA	NA	NA	NA	NA
NC_045512.2	25799	A	T	0	0	0	1	1	25	1	1	1	FALSE	NA	NA	NA	NA	NA	NA
NC_045512.2	25801	A	G	0	0	0	1	1	22	1	1	1	FALSE	NA	NA	NA	NA	NA	NA
NC_045512.2	25802	A	T	0	0	0	1	1	22	1	1	1	FALSE	NA	NA	NA	NA	NA	NA
NC_045512.2	25803	C	T	0	0	0	1	1	22	1	1	1	FALSE	NA	NA	NA	NA	NA	NA
NC_045512.2	25804	C	G	0	0	0	1	1	24	1	1	1	FALSE	NA	NA	NA	NA	NA	NA
NC_045512.2	25805	C	T	0	0	0	1	1	26	1	1	1	FALSE	NA	NA	NA	NA	NA	NA
NC_045512.2	25806	A	C	0	0	0	1	1	25	1	1	1	FALSE	NA	NA	NA	NA	NA	NA
NC_045512.2	25808	T	C	0	0	0	1	1	33	1	1	1	FALSE	NA	NA	NA	NA	NA	NA
NC_045512.2	25810	C	A	0	0	0	1	1	32	1	1	1	FALSE	NA	NA	NA	NA	NA	NA
NC_045512.2	25811	T	G	0	0	0	1	1	29	1	1	1	FALSE	NA	NA	NA	NA	NA	NA
NC_045512.2	25812	T	G	0	0	0	1	1	29	1	1	1	FALSE	NA	NA	NA	NA	NA	NA
NC_045512.2	27889	C	T	0	0	0	2	0	32	1	2	0.333333	FALSE	NA	NA	NA	NA	NA	NA
NC_045512.2	28250	T	G	0	0	0	1	1	27	1	1	1	FALSE	NA	NA	NA	NA	NA	NA
NC_045512.2	28252	T	A	0	0	0	1	1	30	1	1	1	FALSE	NA	NA	NA	NA	NA	NA
NC_045512.2	28253	C	T	0	0	0	1	1	30	1	1	1	FALSE	NA	NA	NA	NA	NA	NA
NC_045512.2	28254	A	C	0	0	0	1	1	27	1	1	1	FALSE	NA	NA	NA	NA	NA	NA
NC_045512.2	28255	T	A	0	0	0	1	1	28	1	1	1	FALSE	NA	NA	NA	NA	NA	NA
NC_045512.2	28256	C	T	0	0	0	1	1	28	1	1	1	FALSE	NA	NA	NA	NA	NA	NA
NC_045512.2	28257	T	G	0	0	0	1	1	27	1	1	1	FALSE	NA	NA	NA	NA	NA	NA
NC_045512.2	28259	A	C	0	0	0	1	1	22	1	1	1	FALSE	NA	NA	NA	NA	NA	NA
NC_045512.2	28260	A	G	0	0	0	1	1	22	1	1	1	FALSE	NA	NA	NA	NA	NA	NA
NC_045512.2	28261	C	T	0	0	0	1	1	22	1	1	1	FALSE	NA	NA	NA	NA	NA	NA
NC_045512.2	28262	G	T	0	0	0	1	1	22	1	1	1	FALSE	NA	NA	NA	NA	NA	NA
NC_045512.2	28263	A	C	0	0	0	1	1	22	1	1	1	FALSE	NA	NA	NA	NA	NA	NA
NC_045512.2	28264	A	G	0	0	0	1	1	31	1	1	1	FALSE	NA	NA	NA	NA	NA	NA
NC_045512.2	28265	C	T	0	0	0	1	1	32	1	1	1	FALSE	NA	NA	NA	NA	NA	NA
NC_045512.2	28266	A	G	0	0	0	1	1	32	1	1	1	FALSE	NA	NA	NA	NA	NA	NA
NC_045512.2	28267	A	T	0	0	0	1	1	31	1	1	1	FALSE	NA	NA	NA	NA	NA	NA
NC_045512.2	28268	A	T	0	0	0	1	1	32	1	1	1	FALSE	NA	NA	NA	NA	NA	NA
NC_045512.2	28269	C	G	0	0	0	1	1	39	1	1	1	FALSE	NA	NA	NA	NA	NA	NA
NC_045512.2	28271	A	T	0	0	0	1	1	35	1	1	1	FALSE	NA	NA	NA	NA	NA	NA
NC_045512.2	28272	A	T	0	0	0	1	1	38	1	1	1	FALSE	NA	NA	NA	NA	NA	NA
NC_045512.2	28273	A	T	0	0	0	1	1	29	1	1	1	FALSE	NA	NA	NA	NA	NA	NA
NC_045512.2	28275	T	G	0	0	0	1	1	31	1	1	1	FALSE	NA	NA	NA	NA	NA	NA
NC_045512.2	28276	G	A	0	0	0	1	1	30	1	1	1	FALSE	NA	NA	NA	NA	NA	NA
NC_045512.2	28278	C	T	0	0	0	1	1	27	1	1	1	FALSE	NA	NA	NA	NA	NA	NA
NC_045512.2	28280	G	C	0	0	0	1	1	36	1	1	1	FALSE	NA	NA	NA	NA	NA	NA
NC_045512.2	28283	A	C	0	0	0	1	1	33	1	1	1	FALSE	NA	NA	NA	NA	NA	NA
NC_045512.2	28284	A	T	0	0	0	1	1	36	1	1	1	FALSE	NA	NA	NA	NA	NA	NA
NC_045512.2	28285	T	A	0	0	0	1	1	32	1	1	1	FALSE	NA	NA	NA	NA	NA	NA
NC_045512.2	28286	G	A	0	0	0	1	1	29	1	1	1	FALSE	NA	NA	NA	NA	NA	NA
NC_045512.2	28287	G	A	0	0	0	1	1	29	1	1	1	FALSE	NA	NA	NA	NA	NA	NA
NC_045512.2	28288	A	C	0	0	0	1	1	30	1	1	1	FALSE	NA	NA	NA	NA	NA	NA
NC_045512.2	28289	C	G	0	0	0	1	1	32	1	1	1	FALSE	NA	NA	NA	NA	NA	NA
NC_045512.2	28290	C	A	0	0	0	1	1	30	1	1	1	FALSE	NA	NA	NA	NA	NA	NA
NC_045512.2	28291	C	A	0	0	0	1	1	37	1	1	1	FALSE	NA	NA	NA	NA	NA	NA
NC_045512.2	28296	A	C	0	0	0	1	1	25	1	1	1	FALSE	NA	NA	NA	NA	NA	NA
NC_045512.2	28298	C	T	0	0	0	1	1	34	1	1	1	FALSE	NA	NA	NA	NA	NA	NA
NC_045512.2	28300	G	A	0	0	0	1	1	31	1	1	1	FALSE	NA	NA	NA	NA	NA	NA
NC_045512.2	28301	C	A	0	0	0	1	1	31	1	1	1	FALSE	NA	NA	NA	NA	NA	NA
NC_045512.2	28302	G	T	0	0	0	1	1	30	1	1	1	FALSE	NA	NA	NA	NA	NA	NA
NC_045512.2	28303	A	G	0	0	0	1	1	31	1	1	1	FALSE	NA	NA	NA	NA	NA	NA
NC_045512.2	28304	A	T	0	0	0	1	1	31	1	1	1	FALSE	NA	NA	NA	NA	NA	NA
NC_045512.2	28305	A	C	0	0	0	1	1	29	1	1	1	FALSE	NA	NA	NA	NA	NA	NA
NC_045512.2	28308	C	A	0	0	0	1	1	39	1	1	1	FALSE	NA	NA	NA	NA	NA	NA
NC_045512.2	28309	A	T	0	0	0	1	1	30	1	1	1	FALSE	NA	NA	NA	NA	NA	NA
NC_045512.2	28310	C	A	0	0	0	1	1	27	1	1	1	FALSE	NA	NA	NA	NA	NA	NA
NC_045512.2	28311	C	A	0	0	0	1	1	23	1	1	1	FALSE	NA	NA	NA	NA	NA	NA
NC_045512.2	28312	C	T	0	0	0	1	1	22	1	1	1	FALSE	NA	NA	NA	NA	NA	NA
NC_045512.2	28313	C	G	0	0	0	1	1	26	1	1	1	FALSE	NA	NA	NA	NA	NA	NA
NC_045512.2	28315	C	A	0	0	0	1	1	22	1	1	1	FALSE	NA	NA	NA	NA	NA	NA
NC_045512.2	28316	A	C	0	0	0	1	1	22	1	1	1	FALSE	NA	NA	NA	NA	NA	NA
NC_045512.2	28317	T	C	0	0	0	1	1	22	1	1	1	FALSE	NA	NA	NA	NA	NA	NA
NC_045512.2	28318	T	C	0	0	0	1	1	23	1	1	1	FALSE	NA	NA	NA	NA	NA	NA
NC_045512.2	28319	A	C	0	0	0	1	1	29	1	1	1	FALSE	NA	NA	NA	NA	NA	NA
NC_045512.2	28320	C	A	0	0	0	1	1	29	1	1	1	FALSE	NA	NA	NA	NA	NA	NA
NC_045512.2	28321	G	A	0	0	0	1	1	39	1	1	1	FALSE	NA	NA	NA	NA	NA	NA
NC_045512.2	28322	T	A	0	0	0	1	1	37	1	1	1	FALSE	NA	NA	NA	NA	NA	NA
NC_045512.2	28323	T	A	0	0	0	1	1	32	1	1	1	FALSE	NA	NA	NA	NA	NA	NA
NC_045512.2	28325	G	C	0	0	0	1	1	27	1	1	1	FALSE	NA	NA	NA	NA	NA	NA
NC_045512.2	28326	G	A	0	0	0	1	1	26	1	1	1	FALSE	NA	NA	NA	NA	NA	NA
NC_045512.2	28327	T	G	0	0	0	1	1	26	1	1	1	FALSE	NA	NA	NA	NA	NA	NA
NC_045512.2	28328	G	C	0	0	0	1	1	26	1	1	1	FALSE	NA	NA	NA	NA	NA	NA
NC_045512.2	28331	C	A	0	0	0	1	1	25	1	1	1	FALSE	NA	NA	NA	NA	NA	NA
NC_045512.2	28332	C	A	0	0	0	1	1	24	1	1	1	FALSE	NA	NA	NA	NA	NA	NA
NC_045512.2	28333	C	T	0	0	0	1	1	25	1	1	1	FALSE	NA	NA	NA	NA	NA	NA
NC_045512.2	28334	T	G	0	0	0	1	1	31	1	1	1	FALSE	NA	NA	NA	NA	NA	NA
NC_045512.2	28337	G	T	0	0	0	1	1	29	1	1	1	FALSE	NA	NA	NA	NA	NA	NA
