NC_045512.2	1	A	0
NC_045512.2	2	T	0
NC_045512.2	3	T	0
NC_045512.2	4	A	0
NC_045512.2	5	A	0
NC_045512.2	6	A	0
NC_045512.2	7	G	0
NC_045512.2	8	G	0
NC_045512.2	9	T	0
NC_045512.2	10	T	0
NC_045512.2	11	T	0
NC_045512.2	12	A	0
NC_045512.2	13	T	0
NC_045512.2	14	A	0
NC_045512.2	15	C	0
NC_045512.2	16	C	0
NC_045512.2	17	T	0
NC_045512.2	18	T	0
NC_045512.2	19	C	0
NC_045512.2	20	C	0
NC_045512.2	21	C	0
NC_045512.2	22	A	0
NC_045512.2	23	G	0
NC_045512.2	24	G	0
NC_045512.2	25	T	0
NC_045512.2	26	A	0
NC_045512.2	27	A	0
NC_045512.2	28	C	0
NC_045512.2	29	A	0
NC_045512.2	30	A	0
NC_045512.2	31	A	0
NC_045512.2	32	C	0
NC_045512.2	33	C	0
NC_045512.2	34	A	0
NC_045512.2	35	A	0
NC_045512.2	36	C	0
NC_045512.2	37	C	0
NC_045512.2	38	A	0
NC_045512.2	39	A	0
NC_045512.2	40	C	0
NC_045512.2	41	T	0
NC_045512.2	42	T	0
NC_045512.2	43	T	0
NC_045512.2	44	C	0
NC_045512.2	45	G	0
NC_045512.2	46	A	0
NC_045512.2	47	T	0
NC_045512.2	48	C	0
NC_045512.2	49	T	0
NC_045512.2	50	C	0
NC_045512.2	51	T	0
NC_045512.2	52	T	0
NC_045512.2	53	G	0
NC_045512.2	54	T	0
NC_045512.2	55	A	0
NC_045512.2	56	G	0
NC_045512.2	57	A	0
NC_045512.2	58	T	0
NC_045512.2	59	C	0
NC_045512.2	60	T	0
NC_045512.2	61	G	0
NC_045512.2	62	T	0
NC_045512.2	63	T	0
NC_045512.2	64	C	0
NC_045512.2	65	T	0
NC_045512.2	66	C	0
NC_045512.2	67	T	0
NC_045512.2	68	A	0
NC_045512.2	69	A	0
NC_045512.2	70	A	0
NC_045512.2	71	C	0
NC_045512.2	72	G	0
NC_045512.2	73	A	0
NC_045512.2	74	A	0
NC_045512.2	75	C	0
NC_045512.2	76	T	0
NC_045512.2	77	T	0
NC_045512.2	78	T	0
NC_045512.2	79	A	0
NC_045512.2	80	A	0
NC_045512.2	81	A	0
NC_045512.2	82	A	0
NC_045512.2	83	T	0
NC_045512.2	84	C	0
NC_045512.2	85	T	0
NC_045512.2	86	G	0
NC_045512.2	87	T	0
NC_045512.2	88	G	0
NC_045512.2	89	T	0
NC_045512.2	90	G	0
NC_045512.2	91	G	0
NC_045512.2	92	C	0
NC_045512.2	93	T	0
NC_045512.2	94	G	0
NC_045512.2	95	T	0
NC_045512.2	96	C	0
NC_045512.2	97	A	0
NC_045512.2	98	C	0
NC_045512.2	99	T	0
NC_045512.2	100	C	0
NC_045512.2	101	G	0
NC_045512.2	102	G	0
NC_045512.2	103	C	0
NC_045512.2	104	T	0
NC_045512.2	105	G	0
NC_045512.2	106	C	0
NC_045512.2	107	A	0
NC_045512.2	108	T	0
NC_045512.2	109	G	0
NC_045512.2	110	C	0
NC_045512.2	111	T	0
NC_045512.2	112	T	0
NC_045512.2	113	A	0
NC_045512.2	114	G	0
NC_045512.2	115	T	0
NC_045512.2	116	G	0
NC_045512.2	117	C	0
NC_045512.2	118	A	0
NC_045512.2	119	C	0
NC_045512.2	120	T	0
NC_045512.2	121	C	0
NC_045512.2	122	A	0
NC_045512.2	123	C	0
NC_045512.2	124	G	0
NC_045512.2	125	C	0
NC_045512.2	126	A	0
NC_045512.2	127	G	0
NC_045512.2	128	T	0
NC_045512.2	129	A	0
NC_045512.2	130	T	0
NC_045512.2	131	A	0
NC_045512.2	132	A	0
NC_045512.2	133	T	0
NC_045512.2	134	T	0
NC_045512.2	135	A	0
NC_045512.2	136	A	0
NC_045512.2	137	T	0
NC_045512.2	138	A	0
NC_045512.2	139	A	0
NC_045512.2	140	C	0
NC_045512.2	141	T	0
NC_045512.2	142	A	0
NC_045512.2	143	A	0
NC_045512.2	144	T	0
NC_045512.2	145	T	0
NC_045512.2	146	A	0
NC_045512.2	147	C	0
NC_045512.2	148	T	0
NC_045512.2	149	G	0
NC_045512.2	150	T	0
NC_045512.2	151	C	0
NC_045512.2	152	G	0
NC_045512.2	153	T	0
NC_045512.2	154	T	0
NC_045512.2	155	G	0
NC_045512.2	156	A	0
NC_045512.2	157	C	0
NC_045512.2	158	A	0
NC_045512.2	159	G	0
NC_045512.2	160	G	0
NC_045512.2	161	A	0
NC_045512.2	162	C	0
NC_045512.2	163	A	0
NC_045512.2	164	C	0
NC_045512.2	165	G	0
NC_045512.2	166	A	0
NC_045512.2	167	G	0
NC_045512.2	168	T	0
NC_045512.2	169	A	0
NC_045512.2	170	A	0
NC_045512.2	171	C	0
NC_045512.2	172	T	0
NC_045512.2	173	C	0
NC_045512.2	174	G	0
NC_045512.2	175	T	0
NC_045512.2	176	C	0
NC_045512.2	177	T	0
NC_045512.2	178	A	0
NC_045512.2	179	T	0
NC_045512.2	180	C	0
NC_045512.2	181	T	0
NC_045512.2	182	T	0
NC_045512.2	183	C	0
NC_045512.2	184	T	0
NC_045512.2	185	G	0
NC_045512.2	186	C	0
NC_045512.2	187	A	0
NC_045512.2	188	G	0
NC_045512.2	189	G	0
NC_045512.2	190	C	0
NC_045512.2	191	T	0
NC_045512.2	192	G	0
NC_045512.2	193	C	0
NC_045512.2	194	T	0
NC_045512.2	195	T	0
NC_045512.2	196	A	0
NC_045512.2	197	C	0
NC_045512.2	198	G	0
NC_045512.2	199	G	0
NC_045512.2	200	T	0
NC_045512.2	201	T	0
NC_045512.2	202	T	0
NC_045512.2	203	C	0
NC_045512.2	204	G	0
NC_045512.2	205	T	0
NC_045512.2	206	C	0
NC_045512.2	207	C	0
NC_045512.2	208	G	0
NC_045512.2	209	T	0
NC_045512.2	210	G	0
NC_045512.2	211	T	0
NC_045512.2	212	T	0
NC_045512.2	213	G	0
NC_045512.2	214	C	0
NC_045512.2	215	A	0
NC_045512.2	216	G	0
NC_045512.2	217	C	0
NC_045512.2	218	C	0
NC_045512.2	219	G	0
NC_045512.2	220	A	0
NC_045512.2	221	T	0
NC_045512.2	222	C	0
NC_045512.2	223	A	0
NC_045512.2	224	T	0
NC_045512.2	225	C	0
NC_045512.2	226	A	0
NC_045512.2	227	G	0
NC_045512.2	228	C	0
NC_045512.2	229	A	0
NC_045512.2	230	C	0
NC_045512.2	231	A	0
NC_045512.2	232	T	0
NC_045512.2	233	C	0
NC_045512.2	234	T	0
NC_045512.2	235	A	0
NC_045512.2	236	G	0
NC_045512.2	237	G	0
NC_045512.2	238	T	0
NC_045512.2	239	T	0
NC_045512.2	240	T	0
NC_045512.2	241	C	0
NC_045512.2	242	G	0
NC_045512.2	243	T	0
NC_045512.2	244	C	0
NC_045512.2	245	C	0
NC_045512.2	246	G	0
NC_045512.2	247	G	0
NC_045512.2	248	G	0
NC_045512.2	249	T	0
NC_045512.2	250	G	0
NC_045512.2	251	T	0
NC_045512.2	252	G	0
NC_045512.2	253	A	0
NC_045512.2	254	C	0
NC_045512.2	255	C	0
NC_045512.2	256	G	0
NC_045512.2	257	A	0
NC_045512.2	258	A	0
NC_045512.2	259	A	0
NC_045512.2	260	G	0
NC_045512.2	261	G	0
NC_045512.2	262	T	0
NC_045512.2	263	A	0
NC_045512.2	264	A	0
NC_045512.2	265	G	0
NC_045512.2	266	A	0
NC_045512.2	267	T	0
NC_045512.2	268	G	0
NC_045512.2	269	G	0
NC_045512.2	270	A	0
NC_045512.2	271	G	0
NC_045512.2	272	A	0
NC_045512.2	273	G	0
NC_045512.2	274	C	0
NC_045512.2	275	C	0
NC_045512.2	276	T	0
NC_045512.2	277	T	0
NC_045512.2	278	G	0
NC_045512.2	279	T	0
NC_045512.2	280	C	0
NC_045512.2	281	C	0
NC_045512.2	282	C	0
NC_045512.2	283	T	0
NC_045512.2	284	G	0
NC_045512.2	285	G	0
NC_045512.2	286	T	0
NC_045512.2	287	T	0
NC_045512.2	288	T	0
NC_045512.2	289	C	0
NC_045512.2	290	A	0
NC_045512.2	291	A	0
NC_045512.2	292	C	0
NC_045512.2	293	G	0
NC_045512.2	294	A	0
NC_045512.2	295	G	0
NC_045512.2	296	A	0
NC_045512.2	297	A	0
NC_045512.2	298	A	0
NC_045512.2	299	A	0
NC_045512.2	300	C	0
NC_045512.2	301	A	0
NC_045512.2	302	C	0
NC_045512.2	303	A	0
NC_045512.2	304	C	0
NC_045512.2	305	G	0
NC_045512.2	306	T	0
NC_045512.2	307	C	0
NC_045512.2	308	C	0
NC_045512.2	309	A	0
NC_045512.2	310	A	0
NC_045512.2	311	C	0
NC_045512.2	312	T	0
NC_045512.2	313	C	0
NC_045512.2	314	A	0
NC_045512.2	315	G	0
NC_045512.2	316	T	0
NC_045512.2	317	T	0
NC_045512.2	318	T	0
NC_045512.2	319	G	0
NC_045512.2	320	C	0
NC_045512.2	321	C	0
NC_045512.2	322	T	0
NC_045512.2	323	G	0
NC_045512.2	324	T	0
NC_045512.2	325	T	0
NC_045512.2	326	T	0
NC_045512.2	327	T	0
NC_045512.2	328	A	0
NC_045512.2	329	C	0
NC_045512.2	330	A	0
NC_045512.2	331	G	26
NC_045512.2	332	G	41
NC_045512.2	333	T	54
NC_045512.2	334	T	55
NC_045512.2	335	C	58
NC_045512.2	336	G	60
NC_045512.2	337	C	68
NC_045512.2	338	G	70
NC_045512.2	339	A	78
NC_045512.2	340	C	78
NC_045512.2	341	G	76
NC_045512.2	342	T	77
NC_045512.2	343	G	77
NC_045512.2	344	C	77
NC_045512.2	345	T	78
NC_045512.2	346	C	76
NC_045512.2	347	G	78
NC_045512.2	348	T	76
NC_045512.2	349	A	77
NC_045512.2	350	C	77
NC_045512.2	351	G	78
NC_045512.2	352	T	77
NC_045512.2	353	G	76
NC_045512.2	354	G	76
NC_045512.2	355	C	74
NC_045512.2	356	T	77
NC_045512.2	357	T	75
NC_045512.2	358	T	78
NC_045512.2	359	G	77
NC_045512.2	360	G	76
NC_045512.2	361	A	76
NC_045512.2	362	G	78
NC_045512.2	363	A	69
NC_045512.2	364	C	77
NC_045512.2	365	T	76
NC_045512.2	366	C	76
NC_045512.2	367	C	78
NC_045512.2	368	G	77
NC_045512.2	369	T	76
NC_045512.2	370	G	76
NC_045512.2	371	G	493
NC_045512.2	372	A	510
NC_045512.2	373	G	516
NC_045512.2	374	G	527
NC_045512.2	375	A	499
NC_045512.2	376	G	634
NC_045512.2	377	G	662
NC_045512.2	378	T	660
NC_045512.2	379	C	686
NC_045512.2	380	T	680
NC_045512.2	381	T	724
NC_045512.2	382	A	731
NC_045512.2	383	T	741
NC_045512.2	384	C	740
NC_045512.2	385	A	729
NC_045512.2	386	G	748
NC_045512.2	387	A	748
NC_045512.2	388	G	748
NC_045512.2	389	G	745
NC_045512.2	390	C	764
NC_045512.2	391	A	777
NC_045512.2	392	C	1000
NC_045512.2	393	G	1009
NC_045512.2	394	T	1028
NC_045512.2	395	C	1030
NC_045512.2	396	A	1014
NC_045512.2	397	A	931
NC_045512.2	398	C	1059
NC_045512.2	399	A	1040
NC_045512.2	400	T	1105
NC_045512.2	401	C	1142
NC_045512.2	402	T	1131
NC_045512.2	403	T	1130
NC_045512.2	404	A	1143
NC_045512.2	405	A	1147
NC_045512.2	406	A	1113
NC_045512.2	407	G	1159
NC_045512.2	408	A	1005
NC_045512.2	409	T	1153
NC_045512.2	410	G	1165
NC_045512.2	411	G	1163
NC_045512.2	412	C	1170
NC_045512.2	413	A	1185
NC_045512.2	414	C	1205
NC_045512.2	415	T	1201
NC_045512.2	416	T	1181
NC_045512.2	417	G	1201
NC_045512.2	418	T	1184
NC_045512.2	419	G	1207
NC_045512.2	420	G	1235
NC_045512.2	421	C	1229
NC_045512.2	422	T	1219
NC_045512.2	423	T	1232
NC_045512.2	424	A	1249
NC_045512.2	425	G	1264
NC_045512.2	426	T	1251
NC_045512.2	427	A	1245
NC_045512.2	428	G	1269
NC_045512.2	429	A	1250
NC_045512.2	430	A	1273
NC_045512.2	431	G	1288
NC_045512.2	432	T	1251
NC_045512.2	433	T	1254
NC_045512.2	434	G	1269
NC_045512.2	435	A	1267
NC_045512.2	436	A	1264
NC_045512.2	437	A	1261
NC_045512.2	438	A	1252
NC_045512.2	439	A	1246
NC_045512.2	440	G	1253
NC_045512.2	441	G	1251
NC_045512.2	442	C	1246
NC_045512.2	443	G	1254
NC_045512.2	444	T	1243
NC_045512.2	445	T	1236
NC_045512.2	446	T	1245
NC_045512.2	447	T	1212
NC_045512.2	448	G	1267
NC_045512.2	449	C	1256
NC_045512.2	450	C	1269
NC_045512.2	451	T	1265
NC_045512.2	452	C	1262
NC_045512.2	453	A	1298
NC_045512.2	454	A	1246
NC_045512.2	455	C	1171
NC_045512.2	456	T	1172
NC_045512.2	457	T	1139
NC_045512.2	458	G	1195
NC_045512.2	459	A	1196
NC_045512.2	460	A	1131
NC_045512.2	461	C	1193
NC_045512.2	462	A	1146
NC_045512.2	463	G	1303
NC_045512.2	464	C	1307
NC_045512.2	465	C	1327
NC_045512.2	466	C	1280
NC_045512.2	467	T	1299
NC_045512.2	468	A	1255
NC_045512.2	469	T	1292
NC_045512.2	470	G	1311
NC_045512.2	471	T	1281
NC_045512.2	472	G	1235
NC_045512.2	473	T	1233
NC_045512.2	474	T	1214
NC_045512.2	475	C	1250
NC_045512.2	476	A	1214
NC_045512.2	477	T	1171
NC_045512.2	478	C	1152
NC_045512.2	479	A	1126
NC_045512.2	480	A	1100
NC_045512.2	481	A	1101
NC_045512.2	482	C	1128
NC_045512.2	483	G	1130
NC_045512.2	484	T	1128
NC_045512.2	485	T	1133
NC_045512.2	486	C	1143
NC_045512.2	487	G	1140
NC_045512.2	488	G	1140
NC_045512.2	489	A	1152
NC_045512.2	490	T	1153
NC_045512.2	491	G	1151
NC_045512.2	492	C	990
NC_045512.2	493	T	996
NC_045512.2	494	C	987
NC_045512.2	495	G	994
NC_045512.2	496	A	1061
NC_045512.2	497	A	984
NC_045512.2	498	C	1008
NC_045512.2	499	T	1003
NC_045512.2	500	G	1002
NC_045512.2	501	C	1005
NC_045512.2	502	A	1001
NC_045512.2	503	C	1037
NC_045512.2	504	C	1012
NC_045512.2	505	T	1013
NC_045512.2	506	C	1020
NC_045512.2	507	A	970
NC_045512.2	508	T	998
NC_045512.2	509	G	1027
NC_045512.2	510	G	1036
NC_045512.2	511	T	1060
NC_045512.2	512	C	1029
NC_045512.2	513	A	998
NC_045512.2	514	T	1065
NC_045512.2	515	G	1079
NC_045512.2	516	T	1079
NC_045512.2	517	T	1074
NC_045512.2	518	A	1037
NC_045512.2	519	T	1063
NC_045512.2	520	G	1069
NC_045512.2	521	G	1063
NC_045512.2	522	T	1068
NC_045512.2	523	T	1019
NC_045512.2	524	G	1023
NC_045512.2	525	A	1022
NC_045512.2	526	G	1027
NC_045512.2	527	C	1043
NC_045512.2	528	T	1045
NC_045512.2	529	G	1050
NC_045512.2	530	G	1051
NC_045512.2	531	T	1026
NC_045512.2	532	A	1046
NC_045512.2	533	G	1053
NC_045512.2	534	C	1050
NC_045512.2	535	A	1042
NC_045512.2	536	G	1052
NC_045512.2	537	A	1064
NC_045512.2	538	A	1068
NC_045512.2	539	C	1082
NC_045512.2	540	T	1081
NC_045512.2	541	C	1086
NC_045512.2	542	G	1083
NC_045512.2	543	A	1084
NC_045512.2	544	A	1078
NC_045512.2	545	G	1094
NC_045512.2	546	G	1096
NC_045512.2	547	C	1085
NC_045512.2	548	A	1102
NC_045512.2	549	T	1098
NC_045512.2	550	T	1099
NC_045512.2	551	C	1124
NC_045512.2	552	A	1102
NC_045512.2	553	G	1130
NC_045512.2	554	T	1156
NC_045512.2	555	A	1158
NC_045512.2	556	C	1156
NC_045512.2	557	G	1131
NC_045512.2	558	G	1154
NC_045512.2	559	T	1142
NC_045512.2	560	C	1126
NC_045512.2	561	G	1128
NC_045512.2	562	T	1089
NC_045512.2	563	A	1101
NC_045512.2	564	G	1045
NC_045512.2	565	T	1029
NC_045512.2	566	G	1026
NC_045512.2	567	G	1020
NC_045512.2	568	T	1006
NC_045512.2	569	G	1007
NC_045512.2	570	A	985
NC_045512.2	571	G	999
NC_045512.2	572	A	963
NC_045512.2	573	C	1076
NC_045512.2	574	A	1035
NC_045512.2	575	C	1081
NC_045512.2	576	T	1051
NC_045512.2	577	T	1062
NC_045512.2	578	G	1063
NC_045512.2	579	G	1134
NC_045512.2	580	T	1108
NC_045512.2	581	G	1127
NC_045512.2	582	T	1100
NC_045512.2	583	C	1120
NC_045512.2	584	C	1105
NC_045512.2	585	T	1094
NC_045512.2	586	T	1077
NC_045512.2	587	G	1105
NC_045512.2	588	T	1139
NC_045512.2	589	C	1164
NC_045512.2	590	C	1143
NC_045512.2	591	C	1115
NC_045512.2	592	T	1109
NC_045512.2	593	C	1111
NC_045512.2	594	A	1103
NC_045512.2	595	T	1103
NC_045512.2	596	G	1118
NC_045512.2	597	T	1004
NC_045512.2	598	G	1031
NC_045512.2	599	G	1043
NC_045512.2	600	G	1042
NC_045512.2	601	C	1045
NC_045512.2	602	G	1038
NC_045512.2	603	A	1097
NC_045512.2	604	A	1085
NC_045512.2	605	A	1089
NC_045512.2	606	T	1065
NC_045512.2	607	A	1068
NC_045512.2	608	C	1097
NC_045512.2	609	C	1082
NC_045512.2	610	A	1074
NC_045512.2	611	G	1080
NC_045512.2	612	T	1055
NC_045512.2	613	G	1070
NC_045512.2	614	G	1064
NC_045512.2	615	C	1054
NC_045512.2	616	T	1040
NC_045512.2	617	T	1438
NC_045512.2	618	A	1421
NC_045512.2	619	C	1449
NC_045512.2	620	C	1443
NC_045512.2	621	G	1448
NC_045512.2	622	C	1450
NC_045512.2	623	A	1409
NC_045512.2	624	A	1440
NC_045512.2	625	G	1461
NC_045512.2	626	G	1448
NC_045512.2	627	T	1418
NC_045512.2	628	T	1230
NC_045512.2	629	C	1396
NC_045512.2	630	T	1402
NC_045512.2	631	T	1353
NC_045512.2	632	C	1395
NC_045512.2	633	T	1349
NC_045512.2	634	T	1394
NC_045512.2	635	C	1325
NC_045512.2	636	G	1329
NC_045512.2	637	T	1336
NC_045512.2	638	A	1324
NC_045512.2	639	A	1320
NC_045512.2	640	G	1329
NC_045512.2	641	A	1283
NC_045512.2	642	A	1278
NC_045512.2	643	C	1319
NC_045512.2	644	G	1315
NC_045512.2	645	G	1320
NC_045512.2	646	T	1291
NC_045512.2	647	A	1301
NC_045512.2	648	A	1311
NC_045512.2	649	T	1312
NC_045512.2	650	A	1296
NC_045512.2	651	A	1267
NC_045512.2	652	A	1218
NC_045512.2	653	G	1295
NC_045512.2	654	G	1266
NC_045512.2	655	A	1159
NC_045512.2	656	G	1184
NC_045512.2	657	C	1193
NC_045512.2	658	T	1105
NC_045512.2	659	G	1157
NC_045512.2	660	G	1187
NC_045512.2	661	T	1176
NC_045512.2	662	G	1184
NC_045512.2	663	G	1182
NC_045512.2	664	C	1175
NC_045512.2	665	C	1169
NC_045512.2	666	A	2700
NC_045512.2	667	T	2776
NC_045512.2	668	A	2796
NC_045512.2	669	G	2886
NC_045512.2	670	T	3182
NC_045512.2	671	T	3108
NC_045512.2	672	A	3116
NC_045512.2	673	C	3083
NC_045512.2	674	G	3086
NC_045512.2	675	G	3114
NC_045512.2	676	C	3096
NC_045512.2	677	G	3084
NC_045512.2	678	C	3088
NC_045512.2	679	C	3009
NC_045512.2	680	G	3235
NC_045512.2	681	A	3331
NC_045512.2	682	T	3234
NC_045512.2	683	C	3336
NC_045512.2	684	T	3281
NC_045512.2	685	A	3287
NC_045512.2	686	A	3331
NC_045512.2	687	A	3307
NC_045512.2	688	G	3355
NC_045512.2	689	T	3251
NC_045512.2	690	C	3336
NC_045512.2	691	A	3275
NC_045512.2	692	T	3240
NC_045512.2	693	T	3227
NC_045512.2	694	T	3314
NC_045512.2	695	G	3427
NC_045512.2	696	A	3411
NC_045512.2	697	C	3439
NC_045512.2	698	T	3412
NC_045512.2	699	T	3368
NC_045512.2	700	A	3377
NC_045512.2	701	G	3431
NC_045512.2	702	G	3440
NC_045512.2	703	C	3428
NC_045512.2	704	G	2735
NC_045512.2	705	A	2736
NC_045512.2	706	C	2735
NC_045512.2	707	G	2778
NC_045512.2	708	A	2773
NC_045512.2	709	G	3160
NC_045512.2	710	C	3158
NC_045512.2	711	T	3156
NC_045512.2	712	T	3157
NC_045512.2	713	G	3183
NC_045512.2	714	G	3375
NC_045512.2	715	C	3395
NC_045512.2	716	A	3387
NC_045512.2	717	C	3400
NC_045512.2	718	T	3391
NC_045512.2	719	G	3441
NC_045512.2	720	A	3440
NC_045512.2	721	T	3459
NC_045512.2	722	C	3469
NC_045512.2	723	C	3522
NC_045512.2	724	T	3527
NC_045512.2	725	T	3526
NC_045512.2	726	A	3559
NC_045512.2	727	T	3561
NC_045512.2	728	G	3566
NC_045512.2	729	A	3353
NC_045512.2	730	A	3581
NC_045512.2	731	G	3576
NC_045512.2	732	A	3181
NC_045512.2	733	T	3558
NC_045512.2	734	T	3558
NC_045512.2	735	T	3559
NC_045512.2	736	T	3552
NC_045512.2	737	C	3590
NC_045512.2	738	A	3554
NC_045512.2	739	A	3410
NC_045512.2	740	G	3590
NC_045512.2	741	A	3383
NC_045512.2	742	A	3588
NC_045512.2	743	A	3621
NC_045512.2	744	A	3514
NC_045512.2	745	C	3652
NC_045512.2	746	T	3634
NC_045512.2	747	G	3642
NC_045512.2	748	G	3655
NC_045512.2	749	A	3651
NC_045512.2	750	A	3733
NC_045512.2	751	C	3830
NC_045512.2	752	A	3816
NC_045512.2	753	C	3732
NC_045512.2	754	T	3714
NC_045512.2	755	A	3796
NC_045512.2	756	A	3826
NC_045512.2	757	A	3763
NC_045512.2	758	C	3897
NC_045512.2	759	A	3870
NC_045512.2	760	T	3799
NC_045512.2	761	A	3762
NC_045512.2	762	G	3935
NC_045512.2	763	C	3468
NC_045512.2	764	A	3389
NC_045512.2	765	G	3354
NC_045512.2	766	T	3235
NC_045512.2	767	G	3395
NC_045512.2	768	G	3456
NC_045512.2	769	T	3330
NC_045512.2	770	G	3388
NC_045512.2	771	T	3161
NC_045512.2	772	T	3182
NC_045512.2	773	A	2979
NC_045512.2	774	C	3323
NC_045512.2	775	C	3285
NC_045512.2	776	C	3265
NC_045512.2	777	G	3256
NC_045512.2	778	T	3215
NC_045512.2	779	G	3268
NC_045512.2	780	A	3250
NC_045512.2	781	A	2934
NC_045512.2	782	C	3103
NC_045512.2	783	T	3067
NC_045512.2	784	C	3124
NC_045512.2	785	A	3074
NC_045512.2	786	T	3142
NC_045512.2	787	G	3158
NC_045512.2	788	C	3092
NC_045512.2	789	G	3136
NC_045512.2	790	T	3099
NC_045512.2	791	G	3100
NC_045512.2	792	A	3334
NC_045512.2	793	G	3495
NC_045512.2	794	C	3432
NC_045512.2	795	T	3422
NC_045512.2	796	T	3422
NC_045512.2	797	A	3416
NC_045512.2	798	A	3384
NC_045512.2	799	C	3507
NC_045512.2	800	G	3510
NC_045512.2	801	G	3512
NC_045512.2	802	A	3364
NC_045512.2	803	G	3418
NC_045512.2	804	G	3413
NC_045512.2	805	G	3640
NC_045512.2	806	G	3691
NC_045512.2	807	C	3683
NC_045512.2	808	A	3671
NC_045512.2	809	T	3656
NC_045512.2	810	A	3404
NC_045512.2	811	C	3408
NC_045512.2	812	A	3385
NC_045512.2	813	C	3296
NC_045512.2	814	T	3171
NC_045512.2	815	C	3166
NC_045512.2	816	G	3173
NC_045512.2	817	C	3162
NC_045512.2	818	T	3134
NC_045512.2	819	A	3144
NC_045512.2	820	T	3087
NC_045512.2	821	G	3182
NC_045512.2	822	T	3159
NC_045512.2	823	C	3118
NC_045512.2	824	G	3118
NC_045512.2	825	A	3002
NC_045512.2	826	T	3076
NC_045512.2	827	A	2856
NC_045512.2	828	A	3078
NC_045512.2	829	C	3123
NC_045512.2	830	A	3000
NC_045512.2	831	A	3059
NC_045512.2	832	C	3151
NC_045512.2	833	T	3101
NC_045512.2	834	T	3153
NC_045512.2	835	C	3206
NC_045512.2	836	T	3137
NC_045512.2	837	G	3205
NC_045512.2	838	T	3128
NC_045512.2	839	G	3216
NC_045512.2	840	G	3241
NC_045512.2	841	C	3233
NC_045512.2	842	C	3283
NC_045512.2	843	C	3286
NC_045512.2	844	T	3228
NC_045512.2	845	G	3272
NC_045512.2	846	A	3331
NC_045512.2	847	T	3421
NC_045512.2	848	G	3445
NC_045512.2	849	G	3443
NC_045512.2	850	C	3339
NC_045512.2	851	T	3320
NC_045512.2	852	A	3803
NC_045512.2	853	C	3973
NC_045512.2	854	C	4020
NC_045512.2	855	C	4087
NC_045512.2	856	T	3829
NC_045512.2	857	C	4049
NC_045512.2	858	T	4030
NC_045512.2	859	T	3856
NC_045512.2	860	G	4053
NC_045512.2	861	A	4030
NC_045512.2	862	G	4044
NC_045512.2	863	T	3878
NC_045512.2	864	G	3893
NC_045512.2	865	C	3912
NC_045512.2	866	A	3875
NC_045512.2	867	T	3929
NC_045512.2	868	T	3933
NC_045512.2	869	A	3757
NC_045512.2	870	A	3852
NC_045512.2	871	A	3883
NC_045512.2	872	G	3900
NC_045512.2	873	A	3769
NC_045512.2	874	C	3857
NC_045512.2	875	C	3791
NC_045512.2	876	T	3808
NC_045512.2	877	T	3405
NC_045512.2	878	C	3857
NC_045512.2	879	T	3802
NC_045512.2	880	A	3828
NC_045512.2	881	G	3857
NC_045512.2	882	C	3850
NC_045512.2	883	A	3816
NC_045512.2	884	C	3810
NC_045512.2	885	G	3759
NC_045512.2	886	T	3759
NC_045512.2	887	G	3747
NC_045512.2	888	C	3764
NC_045512.2	889	T	3167
NC_045512.2	890	G	3714
NC_045512.2	891	G	3817
NC_045512.2	892	T	3730
NC_045512.2	893	A	3873
NC_045512.2	894	A	3830
NC_045512.2	895	A	3801
NC_045512.2	896	G	3814
NC_045512.2	897	C	3876
NC_045512.2	898	T	3820
NC_045512.2	899	T	3568
NC_045512.2	900	C	3795
NC_045512.2	901	A	3789
NC_045512.2	902	T	3761
NC_045512.2	903	G	3764
NC_045512.2	904	C	3935
NC_045512.2	905	A	3888
NC_045512.2	906	C	3908
NC_045512.2	907	T	3826
NC_045512.2	908	T	3862
NC_045512.2	909	T	3849
NC_045512.2	910	G	3935
NC_045512.2	911	T	3950
NC_045512.2	912	C	3938
NC_045512.2	913	C	3906
NC_045512.2	914	G	3898
NC_045512.2	915	A	3971
NC_045512.2	916	A	4014
NC_045512.2	917	C	4091
NC_045512.2	918	A	4059
NC_045512.2	919	A	4067
NC_045512.2	920	C	4100
NC_045512.2	921	T	4211
NC_045512.2	922	G	4204
NC_045512.2	923	G	4257
NC_045512.2	924	A	4262
NC_045512.2	925	C	4339
NC_045512.2	926	T	4367
NC_045512.2	927	T	4415
NC_045512.2	928	T	3884
NC_045512.2	929	A	4408
NC_045512.2	930	T	3895
NC_045512.2	931	T	4392
NC_045512.2	932	G	4458
NC_045512.2	933	A	4456
NC_045512.2	934	C	4558
NC_045512.2	935	A	4513
NC_045512.2	936	C	4564
NC_045512.2	937	T	4455
NC_045512.2	938	A	4498
NC_045512.2	939	A	4481
NC_045512.2	940	G	4547
NC_045512.2	941	A	4517
NC_045512.2	942	G	4533
NC_045512.2	943	G	4356
NC_045512.2	944	G	4311
NC_045512.2	945	G	4359
NC_045512.2	946	T	4220
NC_045512.2	947	G	4216
NC_045512.2	948	T	4109
NC_045512.2	949	A	4126
NC_045512.2	950	T	4100
NC_045512.2	951	A	4036
NC_045512.2	952	C	4423
NC_045512.2	953	T	3260
NC_045512.2	954	G	3393
NC_045512.2	955	C	3381
NC_045512.2	956	T	3118
NC_045512.2	957	G	3485
NC_045512.2	958	C	3493
NC_045512.2	959	C	3476
NC_045512.2	960	G	3667
NC_045512.2	961	T	3402
NC_045512.2	962	G	3903
NC_045512.2	963	A	3864
NC_045512.2	964	A	3806
NC_045512.2	965	C	3995
NC_045512.2	966	A	3931
NC_045512.2	967	T	3792
NC_045512.2	968	G	3948
NC_045512.2	969	A	3896
NC_045512.2	970	G	3861
NC_045512.2	971	C	3839
NC_045512.2	972	A	3822
NC_045512.2	973	T	3817
NC_045512.2	974	G	3835
NC_045512.2	975	A	3699
NC_045512.2	976	A	3711
NC_045512.2	977	A	3768
NC_045512.2	978	T	3782
NC_045512.2	979	T	3712
NC_045512.2	980	G	3731
NC_045512.2	981	C	3730
NC_045512.2	982	T	3708
NC_045512.2	983	T	3685
NC_045512.2	984	G	3669
NC_045512.2	985	G	3678
NC_045512.2	986	T	3676
NC_045512.2	987	A	3647
NC_045512.2	988	C	3672
NC_045512.2	989	A	3527
NC_045512.2	990	C	3602
NC_045512.2	991	G	3574
NC_045512.2	992	G	3572
NC_045512.2	993	A	3523
NC_045512.2	994	A	3291
NC_045512.2	995	C	3251
NC_045512.2	996	G	3181
NC_045512.2	997	T	3170
NC_045512.2	998	T	3113
NC_045512.2	999	C	3167
NC_045512.2	1000	T	5432
NC_045512.2	1001	G	5530
NC_045512.2	1002	A	5547
NC_045512.2	1003	A	5522
NC_045512.2	1004	A	5513
NC_045512.2	1005	A	5202
NC_045512.2	1006	G	5356
NC_045512.2	1007	A	4448
NC_045512.2	1008	G	5428
NC_045512.2	1009	C	5423
NC_045512.2	1010	T	5289
NC_045512.2	1011	A	5370
NC_045512.2	1012	T	5360
NC_045512.2	1013	G	5512
NC_045512.2	1014	A	5481
NC_045512.2	1015	A	4342
NC_045512.2	1016	T	4415
NC_045512.2	1017	T	4326
NC_045512.2	1018	G	4494
NC_045512.2	1019	C	4490
NC_045512.2	1020	A	4504
NC_045512.2	1021	G	4533
NC_045512.2	1022	A	4504
NC_045512.2	1023	C	4610
NC_045512.2	1024	A	4401
NC_045512.2	1025	C	4933
NC_045512.2	1026	C	4917
NC_045512.2	1027	T	4918
NC_045512.2	1028	T	4901
NC_045512.2	1029	T	4927
NC_045512.2	1030	T	4845
NC_045512.2	1031	G	4973
NC_045512.2	1032	A	5018
NC_045512.2	1033	A	4979
NC_045512.2	1034	A	5013
NC_045512.2	1035	T	4990
NC_045512.2	1036	T	4985
NC_045512.2	1037	A	4864
NC_045512.2	1038	A	4750
NC_045512.2	1039	A	4921
NC_045512.2	1040	T	5020
NC_045512.2	1041	T	4907
NC_045512.2	1042	G	5319
NC_045512.2	1043	G	5335
NC_045512.2	1044	C	5337
NC_045512.2	1045	A	5384
NC_045512.2	1046	A	5396
NC_045512.2	1047	A	5339
NC_045512.2	1048	G	5384
NC_045512.2	1049	A	2890
NC_045512.2	1050	A	5319
NC_045512.2	1051	A	5435
NC_045512.2	1052	T	5416
NC_045512.2	1053	T	5043
NC_045512.2	1054	T	5027
NC_045512.2	1055	G	5100
NC_045512.2	1056	A	5102
NC_045512.2	1057	C	4843
NC_045512.2	1058	A	4293
NC_045512.2	1059	C	4881
NC_045512.2	1060	C	4921
NC_045512.2	1061	T	4870
NC_045512.2	1062	T	4937
NC_045512.2	1063	C	4764
NC_045512.2	1064	A	4676
NC_045512.2	1065	A	4261
NC_045512.2	1066	T	4729
NC_045512.2	1067	G	4741
NC_045512.2	1068	G	4730
NC_045512.2	1069	G	4742
NC_045512.2	1070	G	4749
NC_045512.2	1071	A	4768
NC_045512.2	1072	A	4651
NC_045512.2	1073	T	4810
NC_045512.2	1074	G	4870
NC_045512.2	1075	T	4866
NC_045512.2	1076	C	4876
NC_045512.2	1077	C	4820
NC_045512.2	1078	A	4763
NC_045512.2	1079	A	4906
NC_045512.2	1080	A	4988
NC_045512.2	1081	T	4955
NC_045512.2	1082	T	4942
NC_045512.2	1083	T	4965
NC_045512.2	1084	T	4786
NC_045512.2	1085	G	4818
NC_045512.2	1086	T	4125
NC_045512.2	1087	A	4507
NC_045512.2	1088	T	4471
NC_045512.2	1089	T	4388
NC_045512.2	1090	T	4382
NC_045512.2	1091	C	4244
NC_045512.2	1092	C	3945
NC_045512.2	1093	C	3961
NC_045512.2	1094	T	3963
NC_045512.2	1095	T	3954
NC_045512.2	1096	A	3973
NC_045512.2	1097	A	3765
NC_045512.2	1098	A	3720
NC_045512.2	1099	T	3786
NC_045512.2	1100	T	3748
NC_045512.2	1101	C	3733
NC_045512.2	1102	C	3717
NC_045512.2	1103	A	3711
NC_045512.2	1104	T	3706
NC_045512.2	1105	A	3957
NC_045512.2	1106	A	3967
NC_045512.2	1107	T	3915
NC_045512.2	1108	C	3832
NC_045512.2	1109	A	3818
NC_045512.2	1110	A	3740
NC_045512.2	1111	G	3895
NC_045512.2	1112	A	3725
NC_045512.2	1113	C	4026
NC_045512.2	1114	T	3469
NC_045512.2	1115	A	3940
NC_045512.2	1116	T	3769
NC_045512.2	1117	T	3867
NC_045512.2	1118	C	3901
NC_045512.2	1119	A	3630
NC_045512.2	1120	A	3768
NC_045512.2	1121	C	3934
NC_045512.2	1122	C	3827
NC_045512.2	1123	A	3837
NC_045512.2	1124	A	3710
NC_045512.2	1125	G	3870
NC_045512.2	1126	G	3654
NC_045512.2	1127	G	3693
NC_045512.2	1128	T	3533
NC_045512.2	1129	T	3646
NC_045512.2	1130	G	3671
NC_045512.2	1131	A	3797
NC_045512.2	1132	A	3810
NC_045512.2	1133	A	3931
NC_045512.2	1134	A	3952
NC_045512.2	1135	G	4124
NC_045512.2	1136	A	3598
NC_045512.2	1137	A	4104
NC_045512.2	1138	A	4166
NC_045512.2	1139	A	4239
NC_045512.2	1140	A	4238
NC_045512.2	1141	G	4285
NC_045512.2	1142	C	4194
NC_045512.2	1143	T	4063
NC_045512.2	1144	T	4012
NC_045512.2	1145	G	4154
NC_045512.2	1146	A	4195
NC_045512.2	1147	T	4238
NC_045512.2	1148	G	4256
NC_045512.2	1149	G	4314
NC_045512.2	1150	C	4316
NC_045512.2	1151	T	4321
NC_045512.2	1152	T	4479
NC_045512.2	1153	T	4460
NC_045512.2	1154	A	4450
NC_045512.2	1155	T	4535
NC_045512.2	1156	G	4538
NC_045512.2	1157	G	4505
NC_045512.2	1158	G	4424
NC_045512.2	1159	T	4533
NC_045512.2	1160	A	4394
NC_045512.2	1161	G	4392
NC_045512.2	1162	A	4274
NC_045512.2	1163	A	4360
NC_045512.2	1164	T	4368
NC_045512.2	1165	T	4379
NC_045512.2	1166	C	4363
NC_045512.2	1167	G	4357
NC_045512.2	1168	A	4336
NC_045512.2	1169	T	4239
NC_045512.2	1170	C	4364
NC_045512.2	1171	T	4083
NC_045512.2	1172	G	4659
NC_045512.2	1173	T	4325
NC_045512.2	1174	C	4663
NC_045512.2	1175	T	4537
NC_045512.2	1176	A	4737
NC_045512.2	1177	T	4777
NC_045512.2	1178	C	4769
NC_045512.2	1179	C	4745
NC_045512.2	1180	A	4426
NC_045512.2	1181	G	4273
NC_045512.2	1182	T	4293
NC_045512.2	1183	T	4253
NC_045512.2	1184	G	4260
NC_045512.2	1185	C	4151
NC_045512.2	1186	G	4175
NC_045512.2	1187	T	4117
NC_045512.2	1188	C	4219
NC_045512.2	1189	A	4123
NC_045512.2	1190	C	4204
NC_045512.2	1191	C	4158
NC_045512.2	1192	A	4157
NC_045512.2	1193	A	4102
NC_045512.2	1194	A	4211
NC_045512.2	1195	T	4133
NC_045512.2	1196	G	4240
NC_045512.2	1197	A	4237
NC_045512.2	1198	A	4306
NC_045512.2	1199	T	4267
NC_045512.2	1200	G	4285
NC_045512.2	1201	C	4294
NC_045512.2	1202	A	4307
NC_045512.2	1203	A	4311
NC_045512.2	1204	C	4365
NC_045512.2	1205	C	4242
NC_045512.2	1206	A	4114
NC_045512.2	1207	A	4181
NC_045512.2	1208	A	4184
NC_045512.2	1209	T	4182
NC_045512.2	1210	G	4215
NC_045512.2	1211	T	4051
NC_045512.2	1212	G	4031
NC_045512.2	1213	C	4009
NC_045512.2	1214	C	3993
NC_045512.2	1215	T	4014
NC_045512.2	1216	T	3980
NC_045512.2	1217	T	3940
NC_045512.2	1218	C	3998
NC_045512.2	1219	A	3979
NC_045512.2	1220	A	3942
NC_045512.2	1221	C	4036
NC_045512.2	1222	T	3765
NC_045512.2	1223	C	4203
NC_045512.2	1224	T	4043
NC_045512.2	1225	C	4176
NC_045512.2	1226	A	4147
NC_045512.2	1227	T	3860
NC_045512.2	1228	G	4192
NC_045512.2	1229	A	4131
NC_045512.2	1230	A	4079
NC_045512.2	1231	G	4197
NC_045512.2	1232	T	4135
NC_045512.2	1233	G	4225
NC_045512.2	1234	T	4093
NC_045512.2	1235	G	4124
NC_045512.2	1236	A	4078
NC_045512.2	1237	T	4075
NC_045512.2	1238	C	4354
NC_045512.2	1239	A	4453
NC_045512.2	1240	T	4321
NC_045512.2	1241	T	4311
NC_045512.2	1242	G	4364
NC_045512.2	1243	T	4466
NC_045512.2	1244	G	4440
NC_045512.2	1245	G	4704
NC_045512.2	1246	T	4636
NC_045512.2	1247	G	4675
NC_045512.2	1248	A	4663
NC_045512.2	1249	A	4736
NC_045512.2	1250	A	4725
NC_045512.2	1251	C	4787
NC_045512.2	1252	T	4539
NC_045512.2	1253	T	4386
NC_045512.2	1254	C	4983
NC_045512.2	1255	A	4982
NC_045512.2	1256	T	4979
NC_045512.2	1257	G	5039
NC_045512.2	1258	G	5022
NC_045512.2	1259	C	5011
NC_045512.2	1260	A	4902
NC_045512.2	1261	G	4913
NC_045512.2	1262	A	4852
NC_045512.2	1263	C	4877
NC_045512.2	1264	G	4849
NC_045512.2	1265	G	4855
NC_045512.2	1266	G	4864
NC_045512.2	1267	C	4828
NC_045512.2	1268	G	4835
NC_045512.2	1269	A	4816
NC_045512.2	1270	T	4840
NC_045512.2	1271	T	4281
NC_045512.2	1272	T	4760
NC_045512.2	1273	T	4503
NC_045512.2	1274	G	4728
NC_045512.2	1275	T	4675
NC_045512.2	1276	T	4710
NC_045512.2	1277	A	4710
NC_045512.2	1278	A	4665
NC_045512.2	1279	A	4691
NC_045512.2	1280	G	4663
NC_045512.2	1281	C	4665
NC_045512.2	1282	C	4635
NC_045512.2	1283	A	4428
NC_045512.2	1284	C	4526
NC_045512.2	1285	T	4510
NC_045512.2	1286	T	4508
NC_045512.2	1287	G	4505
NC_045512.2	1288	C	4489
NC_045512.2	1289	G	4472
NC_045512.2	1290	A	4235
NC_045512.2	1291	A	4469
NC_045512.2	1292	T	4489
NC_045512.2	1293	T	4080
NC_045512.2	1294	T	4449
NC_045512.2	1295	T	4265
NC_045512.2	1296	G	4414
NC_045512.2	1297	T	4253
NC_045512.2	1298	G	4212
NC_045512.2	1299	G	4199
NC_045512.2	1300	C	4202
NC_045512.2	1301	A	4101
NC_045512.2	1302	C	4160
NC_045512.2	1303	T	4034
NC_045512.2	1304	G	4048
NC_045512.2	1305	A	4033
NC_045512.2	1306	G	4033
NC_045512.2	1307	A	3964
NC_045512.2	1308	A	3975
NC_045512.2	1309	T	3908
NC_045512.2	1310	T	3678
NC_045512.2	1311	T	3855
NC_045512.2	1312	G	3944
NC_045512.2	1313	A	3883
NC_045512.2	1314	C	3916
NC_045512.2	1315	T	3757
NC_045512.2	1316	A	3758
NC_045512.2	1317	A	3755
NC_045512.2	1318	A	3765
NC_045512.2	1319	G	3784
NC_045512.2	1320	A	3718
NC_045512.2	1321	A	3599
NC_045512.2	1322	G	3637
NC_045512.2	1323	G	3560
NC_045512.2	1324	T	3368
NC_045512.2	1325	G	3136
NC_045512.2	1326	C	3435
NC_045512.2	1327	C	3416
NC_045512.2	1328	A	3368
NC_045512.2	1329	C	3467
NC_045512.2	1330	T	3356
NC_045512.2	1331	A	3370
NC_045512.2	1332	C	3160
NC_045512.2	1333	T	3041
NC_045512.2	1334	T	2953
NC_045512.2	1335	G	2940
NC_045512.2	1336	T	2724
NC_045512.2	1337	G	239
NC_045512.2	1338	G	252
NC_045512.2	1339	T	247
NC_045512.2	1340	T	250
NC_045512.2	1341	A	232
NC_045512.2	1342	C	253
NC_045512.2	1343	T	248
NC_045512.2	1344	T	250
NC_045512.2	1345	A	248
NC_045512.2	1346	C	261
NC_045512.2	1347	C	263
NC_045512.2	1348	C	267
NC_045512.2	1349	C	269
NC_045512.2	1350	A	271
NC_045512.2	1351	A	273
NC_045512.2	1352	A	251
NC_045512.2	1353	A	268
NC_045512.2	1354	T	253
NC_045512.2	1355	G	255
NC_045512.2	1356	C	237
NC_045512.2	1357	T	236
NC_045512.2	1358	G	268
NC_045512.2	1359	T	264
NC_045512.2	1360	T	267
NC_045512.2	1361	G	277
NC_045512.2	1362	T	269
NC_045512.2	1363	T	269
NC_045512.2	1364	A	250
NC_045512.2	1365	A	272
NC_045512.2	1366	A	269
NC_045512.2	1367	A	265
NC_045512.2	1368	T	262
NC_045512.2	1369	T	265
NC_045512.2	1370	T	261
NC_045512.2	1371	A	267
NC_045512.2	1372	T	267
NC_045512.2	1373	T	265
NC_045512.2	1374	G	264
NC_045512.2	1375	T	247
NC_045512.2	1376	C	248
NC_045512.2	1377	C	245
NC_045512.2	1378	A	243
NC_045512.2	1379	G	258
NC_045512.2	1380	C	260
NC_045512.2	1381	A	260
NC_045512.2	1382	T	266
NC_045512.2	1383	G	263
NC_045512.2	1384	T	265
NC_045512.2	1385	C	268
NC_045512.2	1386	A	267
NC_045512.2	1387	C	273
NC_045512.2	1388	A	270
NC_045512.2	1389	A	280
NC_045512.2	1390	T	283
NC_045512.2	1391	T	279
NC_045512.2	1392	C	282
NC_045512.2	1393	A	269
NC_045512.2	1394	G	289
NC_045512.2	1395	A	293
NC_045512.2	1396	A	295
NC_045512.2	1397	G	298
NC_045512.2	1398	T	303
NC_045512.2	1399	A	299
NC_045512.2	1400	G	309
NC_045512.2	1401	G	310
NC_045512.2	1402	A	315
NC_045512.2	1403	C	320
NC_045512.2	1404	C	319
NC_045512.2	1405	T	312
NC_045512.2	1406	G	335
NC_045512.2	1407	A	346
NC_045512.2	1408	G	349
NC_045512.2	1409	C	345
NC_045512.2	1410	A	345
NC_045512.2	1411	T	344
NC_045512.2	1412	A	338
NC_045512.2	1413	G	356
NC_045512.2	1414	T	327
NC_045512.2	1415	C	353
NC_045512.2	1416	T	348
NC_045512.2	1417	T	342
NC_045512.2	1418	G	353
NC_045512.2	1419	C	349
NC_045512.2	1420	C	353
NC_045512.2	1421	G	357
NC_045512.2	1422	A	351
NC_045512.2	1423	A	359
NC_045512.2	1424	T	346
NC_045512.2	1425	A	338
NC_045512.2	1426	C	349
NC_045512.2	1427	C	346
NC_045512.2	1428	A	345
NC_045512.2	1429	T	324
NC_045512.2	1430	A	299
NC_045512.2	1431	A	293
NC_045512.2	1432	T	279
NC_045512.2	1433	G	290
NC_045512.2	1434	A	293
NC_045512.2	1435	A	294
NC_045512.2	1436	T	278
NC_045512.2	1437	C	277
NC_045512.2	1438	T	276
NC_045512.2	1439	G	276
NC_045512.2	1440	G	276
NC_045512.2	1441	C	278
NC_045512.2	1442	T	276
NC_045512.2	1443	T	276
NC_045512.2	1444	G	276
NC_045512.2	1445	A	279
NC_045512.2	1446	A	288
NC_045512.2	1447	A	278
NC_045512.2	1448	A	273
NC_045512.2	1449	C	282
NC_045512.2	1450	C	280
NC_045512.2	1451	A	273
NC_045512.2	1452	T	284
NC_045512.2	1453	T	267
NC_045512.2	1454	C	286
NC_045512.2	1455	T	282
NC_045512.2	1456	T	311
NC_045512.2	1457	C	323
NC_045512.2	1458	G	321
NC_045512.2	1459	T	312
NC_045512.2	1460	A	314
NC_045512.2	1461	A	307
NC_045512.2	1462	G	311
NC_045512.2	1463	G	326
NC_045512.2	1464	G	330
NC_045512.2	1465	T	307
NC_045512.2	1466	G	306
NC_045512.2	1467	G	310
NC_045512.2	1468	T	327
NC_045512.2	1469	C	324
NC_045512.2	1470	G	328
NC_045512.2	1471	C	330
NC_045512.2	1472	A	327
NC_045512.2	1473	C	339
NC_045512.2	1474	T	326
NC_045512.2	1475	A	345
NC_045512.2	1476	T	344
NC_045512.2	1477	T	347
NC_045512.2	1478	G	357
NC_045512.2	1479	C	346
NC_045512.2	1480	C	348
NC_045512.2	1481	T	350
NC_045512.2	1482	T	349
NC_045512.2	1483	T	347
NC_045512.2	1484	G	355
NC_045512.2	1485	G	351
NC_045512.2	1486	A	351
NC_045512.2	1487	G	356
NC_045512.2	1488	G	353
NC_045512.2	1489	C	367
NC_045512.2	1490	T	361
NC_045512.2	1491	G	364
NC_045512.2	1492	T	356
NC_045512.2	1493	G	369
NC_045512.2	1494	T	362
NC_045512.2	1495	G	365
NC_045512.2	1496	T	363
NC_045512.2	1497	T	348
NC_045512.2	1498	C	368
NC_045512.2	1499	T	355
NC_045512.2	1500	C	361
NC_045512.2	1501	T	355
NC_045512.2	1502	T	346
NC_045512.2	1503	A	354
NC_045512.2	1504	T	343
NC_045512.2	1505	G	349
NC_045512.2	1506	T	347
NC_045512.2	1507	T	341
NC_045512.2	1508	G	345
NC_045512.2	1509	G	334
NC_045512.2	1510	T	315
NC_045512.2	1511	T	333
NC_045512.2	1512	G	339
NC_045512.2	1513	C	353
NC_045512.2	1514	C	357
NC_045512.2	1515	A	354
NC_045512.2	1516	T	348
NC_045512.2	1517	A	352
NC_045512.2	1518	A	358
NC_045512.2	1519	C	356
NC_045512.2	1520	A	348
NC_045512.2	1521	A	348
NC_045512.2	1522	G	351
NC_045512.2	1523	T	362
NC_045512.2	1524	G	367
NC_045512.2	1525	T	370
NC_045512.2	1526	G	374
NC_045512.2	1527	C	370
NC_045512.2	1528	C	372
NC_045512.2	1529	T	367
NC_045512.2	1530	A	368
NC_045512.2	1531	T	365
NC_045512.2	1532	T	375
NC_045512.2	1533	G	377
NC_045512.2	1534	G	373
NC_045512.2	1535	G	383
NC_045512.2	1536	T	378
NC_045512.2	1537	T	380
NC_045512.2	1538	C	380
NC_045512.2	1539	C	376
NC_045512.2	1540	A	376
NC_045512.2	1541	C	380
NC_045512.2	1542	G	379
NC_045512.2	1543	T	381
NC_045512.2	1544	G	379
NC_045512.2	1545	C	375
NC_045512.2	1546	T	365
NC_045512.2	1547	A	386
NC_045512.2	1548	G	514
NC_045512.2	1549	C	759
NC_045512.2	1550	G	764
NC_045512.2	1551	C	810
NC_045512.2	1552	T	764
NC_045512.2	1553	A	1640
NC_045512.2	1554	A	1629
NC_045512.2	1555	C	1770
NC_045512.2	1556	A	1755
NC_045512.2	1557	T	1766
NC_045512.2	1558	A	1747
NC_045512.2	1559	G	2291
NC_045512.2	1560	G	2391
NC_045512.2	1561	T	2381
NC_045512.2	1562	T	2348
NC_045512.2	1563	G	2409
NC_045512.2	1564	T	2450
NC_045512.2	1565	A	2483
NC_045512.2	1566	A	2509
NC_045512.2	1567	C	2789
NC_045512.2	1568	C	2755
NC_045512.2	1569	A	2864
NC_045512.2	1570	T	2881
NC_045512.2	1571	A	2722
NC_045512.2	1572	C	2891
NC_045512.2	1573	A	2703
NC_045512.2	1574	G	2892
NC_045512.2	1575	G	2896
NC_045512.2	1576	T	2844
NC_045512.2	1577	G	2882
NC_045512.2	1578	T	2850
NC_045512.2	1579	T	2841
NC_045512.2	1580	G	2869
NC_045512.2	1581	T	2836
NC_045512.2	1582	T	2842
NC_045512.2	1583	G	2858
NC_045512.2	1584	G	2855
NC_045512.2	1585	A	2786
NC_045512.2	1586	G	2858
NC_045512.2	1587	A	2533
NC_045512.2	1588	A	2817
NC_045512.2	1589	G	2827
NC_045512.2	1590	G	2818
NC_045512.2	1591	T	2806
NC_045512.2	1592	T	2810
NC_045512.2	1593	C	2742
NC_045512.2	1594	C	2798
NC_045512.2	1595	G	2824
NC_045512.2	1596	A	2817
NC_045512.2	1597	A	2819
NC_045512.2	1598	G	2808
NC_045512.2	1599	G	2804
NC_045512.2	1600	T	2780
NC_045512.2	1601	C	3304
NC_045512.2	1602	T	3295
NC_045512.2	1603	T	3267
NC_045512.2	1604	A	3273
NC_045512.2	1605	A	3240
NC_045512.2	1606	T	3346
NC_045512.2	1607	G	3343
NC_045512.2	1608	A	3288
NC_045512.2	1609	C	3336
NC_045512.2	1610	A	3227
NC_045512.2	1611	A	3350
NC_045512.2	1612	C	3517
NC_045512.2	1613	C	3547
NC_045512.2	1614	T	3526
NC_045512.2	1615	T	3642
NC_045512.2	1616	C	3811
NC_045512.2	1617	T	3793
NC_045512.2	1618	T	3789
NC_045512.2	1619	G	3824
NC_045512.2	1620	A	3838
NC_045512.2	1621	A	3706
NC_045512.2	1622	A	3835
NC_045512.2	1623	T	3820
NC_045512.2	1624	A	3444
NC_045512.2	1625	C	3838
NC_045512.2	1626	T	3824
NC_045512.2	1627	C	3830
NC_045512.2	1628	C	3827
NC_045512.2	1629	A	3825
NC_045512.2	1630	A	3378
NC_045512.2	1631	A	3733
NC_045512.2	1632	A	3853
NC_045512.2	1633	A	3845
NC_045512.2	1634	G	3863
NC_045512.2	1635	A	2795
NC_045512.2	1636	G	3874
NC_045512.2	1637	A	2437
NC_045512.2	1638	A	3876
NC_045512.2	1639	A	3890
NC_045512.2	1640	G	3903
NC_045512.2	1641	T	3850
NC_045512.2	1642	C	3910
NC_045512.2	1643	A	3642
NC_045512.2	1644	A	3565
NC_045512.2	1645	C	4030
NC_045512.2	1646	A	3491
NC_045512.2	1647	T	4120
NC_045512.2	1648	C	4080
NC_045512.2	1649	A	3920
NC_045512.2	1650	A	3519
NC_045512.2	1651	T	3873
NC_045512.2	1652	A	3570
NC_045512.2	1653	T	3870
NC_045512.2	1654	T	3162
NC_045512.2	1655	G	3225
NC_045512.2	1656	T	3062
NC_045512.2	1657	T	2996
NC_045512.2	1658	G	3026
NC_045512.2	1659	G	3035
NC_045512.2	1660	T	2637
NC_045512.2	1661	G	2590
NC_045512.2	1662	A	2531
NC_045512.2	1663	C	2718
NC_045512.2	1664	T	2702
NC_045512.2	1665	T	2716
NC_045512.2	1666	T	2734
NC_045512.2	1667	A	2677
NC_045512.2	1668	A	2471
NC_045512.2	1669	A	1993
NC_045512.2	1670	C	2460
NC_045512.2	1671	T	2424
NC_045512.2	1672	T	2422
NC_045512.2	1673	A	2583
NC_045512.2	1674	A	2601
NC_045512.2	1675	T	2630
NC_045512.2	1676	G	2638
NC_045512.2	1677	A	2628
NC_045512.2	1678	A	2617
NC_045512.2	1679	G	2652
NC_045512.2	1680	A	2320
NC_045512.2	1681	G	2654
NC_045512.2	1682	A	2206
NC_045512.2	1683	T	2748
NC_045512.2	1684	C	2726
NC_045512.2	1685	G	2632
NC_045512.2	1686	C	2802
NC_045512.2	1687	C	2804
NC_045512.2	1688	A	2734
NC_045512.2	1689	T	2750
NC_045512.2	1690	T	2601
NC_045512.2	1691	A	2576
NC_045512.2	1692	T	2692
NC_045512.2	1693	T	2677
NC_045512.2	1694	T	2660
NC_045512.2	1695	T	2644
NC_045512.2	1696	G	2691
NC_045512.2	1697	G	2702
NC_045512.2	1698	C	2680
NC_045512.2	1699	A	2674
NC_045512.2	1700	T	2475
NC_045512.2	1701	C	2639
NC_045512.2	1702	T	2648
NC_045512.2	1703	T	2629
NC_045512.2	1704	T	2641
NC_045512.2	1705	T	2633
NC_045512.2	1706	T	2504
NC_045512.2	1707	C	2606
NC_045512.2	1708	T	2574
NC_045512.2	1709	G	2612
NC_045512.2	1710	C	2575
NC_045512.2	1711	T	2573
NC_045512.2	1712	T	2581
NC_045512.2	1713	C	2442
NC_045512.2	1714	C	2446
NC_045512.2	1715	A	2425
NC_045512.2	1716	C	2291
NC_045512.2	1717	A	2225
NC_045512.2	1718	A	2255
NC_045512.2	1719	G	2290
NC_045512.2	1720	T	2242
NC_045512.2	1721	G	2252
NC_045512.2	1722	C	2319
NC_045512.2	1723	T	2283
NC_045512.2	1724	T	2090
NC_045512.2	1725	T	2279
NC_045512.2	1726	T	2258
NC_045512.2	1727	G	2303
NC_045512.2	1728	T	2237
NC_045512.2	1729	G	2253
NC_045512.2	1730	G	2294
NC_045512.2	1731	A	2291
NC_045512.2	1732	A	2271
NC_045512.2	1733	A	2242
NC_045512.2	1734	C	2378
NC_045512.2	1735	T	2329
NC_045512.2	1736	G	2361
NC_045512.2	1737	T	2394
NC_045512.2	1738	G	2395
NC_045512.2	1739	A	2370
NC_045512.2	1740	A	2254
NC_045512.2	1741	A	2361
NC_045512.2	1742	G	2417
NC_045512.2	1743	G	2421
NC_045512.2	1744	T	2224
NC_045512.2	1745	T	2259
NC_045512.2	1746	T	2186
NC_045512.2	1747	G	2245
NC_045512.2	1748	G	2166
NC_045512.2	1749	A	2159
NC_045512.2	1750	T	2156
NC_045512.2	1751	T	2077
NC_045512.2	1752	A	2081
NC_045512.2	1753	T	3443
NC_045512.2	1754	A	3343
NC_045512.2	1755	A	3544
NC_045512.2	1756	A	3475
NC_045512.2	1757	G	3480
NC_045512.2	1758	C	3543
NC_045512.2	1759	A	3518
NC_045512.2	1760	T	3506
NC_045512.2	1761	T	3551
NC_045512.2	1762	C	3562
NC_045512.2	1763	A	3531
NC_045512.2	1764	A	3484
NC_045512.2	1765	A	3390
NC_045512.2	1766	C	3572
NC_045512.2	1767	A	3296
NC_045512.2	1768	A	3435
NC_045512.2	1769	A	3576
NC_045512.2	1770	T	3686
NC_045512.2	1771	T	3558
NC_045512.2	1772	G	3730
NC_045512.2	1773	T	3684
NC_045512.2	1774	T	3505
NC_045512.2	1775	G	3542
NC_045512.2	1776	A	3509
NC_045512.2	1777	A	3551
NC_045512.2	1778	T	3543
NC_045512.2	1779	C	3525
NC_045512.2	1780	C	3491
NC_045512.2	1781	T	3377
NC_045512.2	1782	G	3370
NC_045512.2	1783	T	3421
NC_045512.2	1784	G	3363
NC_045512.2	1785	G	3394
NC_045512.2	1786	T	3369
NC_045512.2	1787	A	3336
NC_045512.2	1788	A	3427
NC_045512.2	1789	T	3433
NC_045512.2	1790	T	3294
NC_045512.2	1791	T	3393
NC_045512.2	1792	T	3426
NC_045512.2	1793	A	3446
NC_045512.2	1794	A	3403
NC_045512.2	1795	A	3416
NC_045512.2	1796	G	3452
NC_045512.2	1797	T	3384
NC_045512.2	1798	T	3433
NC_045512.2	1799	A	3494
NC_045512.2	1800	C	3510
NC_045512.2	1801	A	3438
NC_045512.2	1802	A	3484
NC_045512.2	1803	A	3468
NC_045512.2	1804	A	3498
NC_045512.2	1805	G	3478
NC_045512.2	1806	G	3504
NC_045512.2	1807	A	3473
NC_045512.2	1808	A	3504
NC_045512.2	1809	A	3506
NC_045512.2	1810	A	3515
NC_045512.2	1811	G	3498
NC_045512.2	1812	C	3546
NC_045512.2	1813	T	3507
NC_045512.2	1814	A	3530
NC_045512.2	1815	A	3522
NC_045512.2	1816	A	3534
NC_045512.2	1817	A	3525
NC_045512.2	1818	A	3492
NC_045512.2	1819	A	3498
NC_045512.2	1820	G	3499
NC_045512.2	1821	G	3496
NC_045512.2	1822	T	3384
NC_045512.2	1823	G	3435
NC_045512.2	1824	C	3421
NC_045512.2	1825	C	3463
NC_045512.2	1826	T	3852
NC_045512.2	1827	G	3835
NC_045512.2	1828	G	3874
NC_045512.2	1829	A	3900
NC_045512.2	1830	A	3920
NC_045512.2	1831	T	3487
NC_045512.2	1832	A	3868
NC_045512.2	1833	T	3882
NC_045512.2	1834	T	3835
NC_045512.2	1835	G	3838
NC_045512.2	1836	G	3856
NC_045512.2	1837	T	3788
NC_045512.2	1838	G	3872
NC_045512.2	1839	A	3895
NC_045512.2	1840	A	3877
NC_045512.2	1841	C	3913
NC_045512.2	1842	A	3863
NC_045512.2	1843	G	3904
NC_045512.2	1844	A	3906
NC_045512.2	1845	A	3937
NC_045512.2	1846	A	3954
NC_045512.2	1847	T	3942
NC_045512.2	1848	C	3949
NC_045512.2	1849	A	3892
NC_045512.2	1850	A	3889
NC_045512.2	1851	T	3887
NC_045512.2	1852	A	3824
NC_045512.2	1853	C	3873
NC_045512.2	1854	T	2155
NC_045512.2	1855	G	2208
NC_045512.2	1856	A	2059
NC_045512.2	1857	G	2064
NC_045512.2	1858	T	2066
NC_045512.2	1859	C	2032
NC_045512.2	1860	C	2203
NC_045512.2	1861	T	2243
NC_045512.2	1862	C	2739
NC_045512.2	1863	T	2566
NC_045512.2	1864	T	2718
NC_045512.2	1865	T	2692
NC_045512.2	1866	A	2725
NC_045512.2	1867	T	2736
NC_045512.2	1868	G	2741
NC_045512.2	1869	C	2758
NC_045512.2	1870	A	2717
NC_045512.2	1871	T	2455
NC_045512.2	1872	T	2635
NC_045512.2	1873	T	2622
NC_045512.2	1874	G	2729
NC_045512.2	1875	C	2797
NC_045512.2	1876	A	2835
NC_045512.2	1877	T	2863
NC_045512.2	1878	C	2854
NC_045512.2	1879	A	2781
NC_045512.2	1880	G	2831
NC_045512.2	1881	A	2782
NC_045512.2	1882	G	2822
NC_045512.2	1883	G	2771
NC_045512.2	1884	C	2744
NC_045512.2	1885	T	2702
NC_045512.2	1886	G	2709
NC_045512.2	1887	C	2690
NC_045512.2	1888	T	2694
NC_045512.2	1889	C	2669
NC_045512.2	1890	G	2671
NC_045512.2	1891	T	2642
NC_045512.2	1892	G	2653
NC_045512.2	1893	T	2622
NC_045512.2	1894	T	2609
NC_045512.2	1895	G	2601
NC_045512.2	1896	T	2570
NC_045512.2	1897	A	2559
NC_045512.2	1898	C	2538
NC_045512.2	1899	G	2440
NC_045512.2	1900	A	2409
NC_045512.2	1901	T	2433
NC_045512.2	1902	C	2437
NC_045512.2	1903	A	2415
NC_045512.2	1904	A	2430
NC_045512.2	1905	T	2417
NC_045512.2	1906	T	2403
NC_045512.2	1907	T	2397
NC_045512.2	1908	T	2117
NC_045512.2	1909	C	2413
NC_045512.2	1910	T	2798
NC_045512.2	1911	C	2841
NC_045512.2	1912	C	2822
NC_045512.2	1913	C	2777
NC_045512.2	1914	G	2765
NC_045512.2	1915	C	2791
NC_045512.2	1916	A	2756
NC_045512.2	1917	C	3124
NC_045512.2	1918	T	2940
NC_045512.2	1919	C	3171
NC_045512.2	1920	T	3134
NC_045512.2	1921	T	3133
NC_045512.2	1922	G	3160
NC_045512.2	1923	A	3137
NC_045512.2	1924	A	3139
NC_045512.2	1925	A	3135
NC_045512.2	1926	C	3104
NC_045512.2	1927	T	2491
NC_045512.2	1928	G	2515
NC_045512.2	1929	C	2486
NC_045512.2	1930	T	2485
NC_045512.2	1931	C	2497
NC_045512.2	1932	A	2375
NC_045512.2	1933	A	2496
NC_045512.2	1934	A	2196
NC_045512.2	1935	A	2502
NC_045512.2	1936	T	2487
NC_045512.2	1937	T	2339
NC_045512.2	1938	C	2363
NC_045512.2	1939	T	2289
NC_045512.2	1940	G	2318
NC_045512.2	1941	T	2246
NC_045512.2	1942	G	2168
NC_045512.2	1943	C	2125
NC_045512.2	1944	G	2298
NC_045512.2	1945	T	2347
NC_045512.2	1946	G	2468
NC_045512.2	1947	T	2477
NC_045512.2	1948	T	2412
NC_045512.2	1949	T	2515
NC_045512.2	1950	T	2513
NC_045512.2	1951	A	2521
NC_045512.2	1952	C	2537
NC_045512.2	1953	A	2488
NC_045512.2	1954	G	2552
NC_045512.2	1955	A	2562
NC_045512.2	1956	A	2548
NC_045512.2	1957	G	2565
NC_045512.2	1958	G	2557
NC_045512.2	1959	C	2575
NC_045512.2	1960	C	2486
NC_045512.2	1961	G	2505
NC_045512.2	1962	C	2128
NC_045512.2	1963	T	2053
NC_045512.2	1964	A	2088
NC_045512.2	1965	T	2148
NC_045512.2	1966	A	2059
NC_045512.2	1967	A	2184
NC_045512.2	1968	C	2223
NC_045512.2	1969	A	2203
NC_045512.2	1970	A	2239
NC_045512.2	1971	T	2208
NC_045512.2	1972	A	2230
NC_045512.2	1973	C	2255
NC_045512.2	1974	T	2190
NC_045512.2	1975	A	2266
NC_045512.2	1976	G	2212
NC_045512.2	1977	A	2111
NC_045512.2	1978	T	2143
NC_045512.2	1979	G	2158
NC_045512.2	1980	G	2223
NC_045512.2	1981	A	2236
NC_045512.2	1982	A	2246
NC_045512.2	1983	T	2209
NC_045512.2	1984	T	2231
NC_045512.2	1985	T	2295
NC_045512.2	1986	C	2348
NC_045512.2	1987	A	2342
NC_045512.2	1988	C	2373
NC_045512.2	1989	A	2346
NC_045512.2	1990	G	2465
NC_045512.2	1991	T	2317
NC_045512.2	1992	A	2450
NC_045512.2	1993	T	2429
NC_045512.2	1994	T	2409
NC_045512.2	1995	C	2472
NC_045512.2	1996	A	2365
NC_045512.2	1997	C	2488
NC_045512.2	1998	T	2485
NC_045512.2	1999	G	2484
NC_045512.2	2000	A	2443
NC_045512.2	2001	G	2460
NC_045512.2	2002	A	2250
NC_045512.2	2003	C	2356
NC_045512.2	2004	T	2376
NC_045512.2	2005	C	2430
NC_045512.2	2006	A	2391
NC_045512.2	2007	T	2312
NC_045512.2	2008	T	2436
NC_045512.2	2009	G	2477
NC_045512.2	2010	A	2516
NC_045512.2	2011	T	2535
NC_045512.2	2012	G	2535
NC_045512.2	2013	C	2561
NC_045512.2	2014	T	2550
NC_045512.2	2015	A	2597
NC_045512.2	2016	T	2583
NC_045512.2	2017	G	2633
NC_045512.2	2018	A	2343
NC_045512.2	2019	T	2367
NC_045512.2	2020	G	2382
NC_045512.2	2021	T	2391
NC_045512.2	2022	T	2420
NC_045512.2	2023	C	2428
NC_045512.2	2024	A	2388
NC_045512.2	2025	C	2452
NC_045512.2	2026	A	2419
NC_045512.2	2027	T	2376
NC_045512.2	2028	C	2393
NC_045512.2	2029	T	2370
NC_045512.2	2030	G	2392
NC_045512.2	2031	A	2475
NC_045512.2	2032	T	2485
NC_045512.2	2033	T	2483
NC_045512.2	2034	T	2446
NC_045512.2	2035	G	2482
NC_045512.2	2036	G	2496
NC_045512.2	2037	C	2493
NC_045512.2	2038	T	2493
NC_045512.2	2039	A	2472
NC_045512.2	2040	C	2476
NC_045512.2	2041	T	2446
NC_045512.2	2042	A	2522
NC_045512.2	2043	A	2569
NC_045512.2	2044	C	2556
NC_045512.2	2045	A	2498
NC_045512.2	2046	A	2445
NC_045512.2	2047	T	2185
NC_045512.2	2048	C	2431
NC_045512.2	2049	T	2349
NC_045512.2	2050	A	2426
NC_045512.2	2051	G	2437
NC_045512.2	2052	T	2375
NC_045512.2	2053	T	2408
NC_045512.2	2054	G	2493
NC_045512.2	2055	T	2274
NC_045512.2	2056	A	2424
NC_045512.2	2057	A	2495
NC_045512.2	2058	T	2549
NC_045512.2	2059	G	2561
NC_045512.2	2060	G	2575
NC_045512.2	2061	C	2551
NC_045512.2	2062	C	2593
NC_045512.2	2063	T	2571
NC_045512.2	2064	A	2641
NC_045512.2	2065	C	2674
NC_045512.2	2066	A	2656
NC_045512.2	2067	T	2688
NC_045512.2	2068	T	2614
NC_045512.2	2069	A	2591
NC_045512.2	2070	C	2604
NC_045512.2	2071	A	2545
NC_045512.2	2072	G	2594
NC_045512.2	2073	G	2521
NC_045512.2	2074	T	2455
NC_045512.2	2075	G	2457
NC_045512.2	2076	G	2597
NC_045512.2	2077	T	2560
NC_045512.2	2078	G	2595
NC_045512.2	2079	T	2583
NC_045512.2	2080	T	2556
NC_045512.2	2081	G	2555
NC_045512.2	2082	T	2547
NC_045512.2	2083	T	2559
NC_045512.2	2084	C	2546
NC_045512.2	2085	A	2420
NC_045512.2	2086	G	2434
NC_045512.2	2087	T	2527
NC_045512.2	2088	T	2597
NC_045512.2	2089	G	2673
NC_045512.2	2090	A	2605
NC_045512.2	2091	C	2575
NC_045512.2	2092	T	2364
NC_045512.2	2093	T	2585
NC_045512.2	2094	C	2594
NC_045512.2	2095	G	2570
NC_045512.2	2096	C	2566
NC_045512.2	2097	A	2535
NC_045512.2	2098	G	2560
NC_045512.2	2099	T	2632
NC_045512.2	2100	G	2671
NC_045512.2	2101	G	2677
NC_045512.2	2102	C	2672
NC_045512.2	2103	T	2608
NC_045512.2	2104	A	2633
NC_045512.2	2105	A	2674
NC_045512.2	2106	C	2687
NC_045512.2	2107	T	2673
NC_045512.2	2108	A	2685
NC_045512.2	2109	A	2623
NC_045512.2	2110	C	2628
NC_045512.2	2111	A	2603
NC_045512.2	2112	T	2278
NC_045512.2	2113	C	2625
NC_045512.2	2114	T	2592
NC_045512.2	2115	T	2459
NC_045512.2	2116	T	2511
NC_045512.2	2117	G	2545
NC_045512.2	2118	G	2529
NC_045512.2	2119	C	2546
NC_045512.2	2120	A	2503
NC_045512.2	2121	C	2548
NC_045512.2	2122	T	2463
NC_045512.2	2123	G	2472
NC_045512.2	2124	T	2086
NC_045512.2	2125	T	2502
NC_045512.2	2126	T	2454
NC_045512.2	2127	A	2570
NC_045512.2	2128	T	2549
NC_045512.2	2129	G	2566
NC_045512.2	2130	A	2531
NC_045512.2	2131	A	2588
NC_045512.2	2132	A	2495
NC_045512.2	2133	A	2593
NC_045512.2	2134	A	2588
NC_045512.2	2135	C	2620
NC_045512.2	2136	T	2531
NC_045512.2	2137	C	2732
NC_045512.2	2138	A	2714
NC_045512.2	2139	A	2704
NC_045512.2	2140	A	2680
NC_045512.2	2141	C	2762
NC_045512.2	2142	C	2757
NC_045512.2	2143	C	2692
NC_045512.2	2144	G	2555
NC_045512.2	2145	T	2510
NC_045512.2	2146	C	2572
NC_045512.2	2147	C	2573
NC_045512.2	2148	T	2532
NC_045512.2	2149	T	2547
NC_045512.2	2150	G	2569
NC_045512.2	2151	A	2563
NC_045512.2	2152	T	2523
NC_045512.2	2153	T	2509
NC_045512.2	2154	G	2483
NC_045512.2	2155	G	2481
NC_045512.2	2156	C	2435
NC_045512.2	2157	T	2308
NC_045512.2	2158	T	2215
NC_045512.2	2159	G	2231
NC_045512.2	2160	A	2214
NC_045512.2	2161	A	2216
NC_045512.2	2162	G	2225
NC_045512.2	2163	A	2125
NC_045512.2	2164	G	2135
NC_045512.2	2165	A	2111
NC_045512.2	2166	A	2113
NC_045512.2	2167	G	2132
NC_045512.2	2168	T	1779
NC_045512.2	2169	T	2033
NC_045512.2	2170	T	1986
NC_045512.2	2171	A	2036
NC_045512.2	2172	A	2043
NC_045512.2	2173	G	2044
NC_045512.2	2174	G	2047
NC_045512.2	2175	A	1956
NC_045512.2	2176	A	1789
NC_045512.2	2177	G	1763
NC_045512.2	2178	G	1775
NC_045512.2	2179	T	1770
NC_045512.2	2180	G	1799
NC_045512.2	2181	T	1792
NC_045512.2	2182	A	1791
NC_045512.2	2183	G	1793
NC_045512.2	2184	A	1774
NC_045512.2	2185	G	1783
NC_045512.2	2186	T	1623
NC_045512.2	2187	T	1342
NC_045512.2	2188	T	964
NC_045512.2	2189	C	1323
NC_045512.2	2190	T	1327
NC_045512.2	2191	T	1317
NC_045512.2	2192	A	1302
NC_045512.2	2193	G	1307
NC_045512.2	2194	A	1244
NC_045512.2	2195	G	1250
NC_045512.2	2196	A	1223
NC_045512.2	2197	C	1208
NC_045512.2	2198	G	1129
NC_045512.2	2199	G	1112
NC_045512.2	2200	T	1026
NC_045512.2	2201	T	1048
NC_045512.2	2202	G	1043
NC_045512.2	2203	G	1044
NC_045512.2	2204	G	1045
NC_045512.2	2205	A	1038
NC_045512.2	2206	A	1008
NC_045512.2	2207	A	995
NC_045512.2	2208	T	946
NC_045512.2	2209	T	930
NC_045512.2	2210	G	944
NC_045512.2	2211	T	917
NC_045512.2	2212	T	934
NC_045512.2	2213	A	926
NC_045512.2	2214	A	918
NC_045512.2	2215	A	929
NC_045512.2	2216	T	919
NC_045512.2	2217	T	909
NC_045512.2	2218	T	796
NC_045512.2	2219	A	895
NC_045512.2	2220	T	678
NC_045512.2	2221	C	904
NC_045512.2	2222	T	894
NC_045512.2	2223	C	878
NC_045512.2	2224	A	838
NC_045512.2	2225	A	837
NC_045512.2	2226	C	838
NC_045512.2	2227	C	832
NC_045512.2	2228	T	679
NC_045512.2	2229	G	678
NC_045512.2	2230	T	671
NC_045512.2	2231	G	663
NC_045512.2	2232	C	611
NC_045512.2	2233	T	527
NC_045512.2	2234	T	332
NC_045512.2	2235	G	332
NC_045512.2	2236	T	320
NC_045512.2	2237	G	314
NC_045512.2	2238	A	120
NC_045512.2	2239	A	119
NC_045512.2	2240	A	106
NC_045512.2	2241	T	80
NC_045512.2	2242	T	62
NC_045512.2	2243	G	61
NC_045512.2	2244	T	10
NC_045512.2	2245	C	10
NC_045512.2	2246	G	8
NC_045512.2	2247	G	8
NC_045512.2	2248	T	5
NC_045512.2	2249	G	5
NC_045512.2	2250	G	4
NC_045512.2	2251	A	5
NC_045512.2	2252	C	5
NC_045512.2	2253	A	4
NC_045512.2	2254	A	5
NC_045512.2	2255	A	5
NC_045512.2	2256	T	5
NC_045512.2	2257	T	7
NC_045512.2	2258	G	7
NC_045512.2	2259	T	7
NC_045512.2	2260	C	7
NC_045512.2	2261	A	6
NC_045512.2	2262	C	7
NC_045512.2	2263	C	7
NC_045512.2	2264	T	7
NC_045512.2	2265	G	7
NC_045512.2	2266	T	7
NC_045512.2	2267	G	7
NC_045512.2	2268	C	6
NC_045512.2	2269	A	6
NC_045512.2	2270	A	5
NC_045512.2	2271	A	4
NC_045512.2	2272	G	6
NC_045512.2	2273	G	6
NC_045512.2	2274	A	7
NC_045512.2	2275	A	7
NC_045512.2	2276	A	7
NC_045512.2	2277	T	7
NC_045512.2	2278	T	6
NC_045512.2	2279	A	6
NC_045512.2	2280	A	5
NC_045512.2	2281	G	5
NC_045512.2	2282	G	5
NC_045512.2	2283	A	5
NC_045512.2	2284	G	5
NC_045512.2	2285	A	5
NC_045512.2	2286	G	4
NC_045512.2	2287	T	4
NC_045512.2	2288	G	4
NC_045512.2	2289	T	4
NC_045512.2	2290	T	3
NC_045512.2	2291	C	3
NC_045512.2	2292	A	3
NC_045512.2	2293	G	3
NC_045512.2	2294	A	3
NC_045512.2	2295	C	3
NC_045512.2	2296	A	3
NC_045512.2	2297	T	3
NC_045512.2	2298	T	3
NC_045512.2	2299	C	4
NC_045512.2	2300	T	4
NC_045512.2	2301	T	3
NC_045512.2	2302	T	4
NC_045512.2	2303	A	4
NC_045512.2	2304	A	4
NC_045512.2	2305	G	4
NC_045512.2	2306	C	4
NC_045512.2	2307	T	4
NC_045512.2	2308	T	4
NC_045512.2	2309	G	4
NC_045512.2	2310	T	4
NC_045512.2	2311	A	5
NC_045512.2	2312	A	5
NC_045512.2	2313	A	5
NC_045512.2	2314	T	5
NC_045512.2	2315	A	5
NC_045512.2	2316	A	4
NC_045512.2	2317	A	6
NC_045512.2	2318	T	6
NC_045512.2	2319	T	6
NC_045512.2	2320	T	6
NC_045512.2	2321	T	6
NC_045512.2	2322	T	6
NC_045512.2	2323	G	6
NC_045512.2	2324	G	7
NC_045512.2	2325	C	7
NC_045512.2	2326	T	7
NC_045512.2	2327	T	7
NC_045512.2	2328	T	7
NC_045512.2	2329	G	8
NC_045512.2	2330	T	8
NC_045512.2	2331	G	10
NC_045512.2	2332	T	11
NC_045512.2	2333	G	11
NC_045512.2	2334	C	11
NC_045512.2	2335	T	11
NC_045512.2	2336	G	11
NC_045512.2	2337	A	11
NC_045512.2	2338	C	10
NC_045512.2	2339	T	11
NC_045512.2	2340	C	11
NC_045512.2	2341	T	11
NC_045512.2	2342	A	11
NC_045512.2	2343	T	11
NC_045512.2	2344	C	11
NC_045512.2	2345	A	10
NC_045512.2	2346	T	11
NC_045512.2	2347	T	12
NC_045512.2	2348	A	13
NC_045512.2	2349	T	13
NC_045512.2	2350	T	13
NC_045512.2	2351	G	14
NC_045512.2	2352	G	14
NC_045512.2	2353	T	13
NC_045512.2	2354	G	14
NC_045512.2	2355	G	13
NC_045512.2	2356	A	12
NC_045512.2	2357	G	12
NC_045512.2	2358	C	12
NC_045512.2	2359	T	13
NC_045512.2	2360	A	13
NC_045512.2	2361	A	13
NC_045512.2	2362	A	13
NC_045512.2	2363	C	13
NC_045512.2	2364	T	13
NC_045512.2	2365	T	13
NC_045512.2	2366	A	13
NC_045512.2	2367	A	13
NC_045512.2	2368	A	12
NC_045512.2	2369	G	20
NC_045512.2	2370	C	20
NC_045512.2	2371	C	21
NC_045512.2	2372	T	21
NC_045512.2	2373	T	20
NC_045512.2	2374	G	21
NC_045512.2	2375	A	22
NC_045512.2	2376	A	22
NC_045512.2	2377	T	22
NC_045512.2	2378	T	22
NC_045512.2	2379	T	22
NC_045512.2	2380	A	20
NC_045512.2	2381	G	22
NC_045512.2	2382	G	22
NC_045512.2	2383	T	22
NC_045512.2	2384	G	22
NC_045512.2	2385	A	21
NC_045512.2	2386	A	22
NC_045512.2	2387	A	22
NC_045512.2	2388	C	21
NC_045512.2	2389	A	22
NC_045512.2	2390	T	21
NC_045512.2	2391	T	22
NC_045512.2	2392	T	22
NC_045512.2	2393	G	22
NC_045512.2	2394	T	22
NC_045512.2	2395	C	22
NC_045512.2	2396	A	22
NC_045512.2	2397	C	21
NC_045512.2	2398	G	22
NC_045512.2	2399	C	21
NC_045512.2	2400	A	21
NC_045512.2	2401	C	21
NC_045512.2	2402	T	21
NC_045512.2	2403	C	21
NC_045512.2	2404	A	23
NC_045512.2	2405	A	23
NC_045512.2	2406	A	20
NC_045512.2	2407	G	23
NC_045512.2	2408	G	25
NC_045512.2	2409	G	24
NC_045512.2	2410	A	25
NC_045512.2	2411	T	25
NC_045512.2	2412	T	24
NC_045512.2	2413	G	25
NC_045512.2	2414	T	24
NC_045512.2	2415	A	25
NC_045512.2	2416	C	25
NC_045512.2	2417	A	24
NC_045512.2	2418	G	24
NC_045512.2	2419	A	25
NC_045512.2	2420	A	26
NC_045512.2	2421	A	26
NC_045512.2	2422	G	24
NC_045512.2	2423	T	25
NC_045512.2	2424	G	25
NC_045512.2	2425	T	27
NC_045512.2	2426	G	28
NC_045512.2	2427	T	27
NC_045512.2	2428	T	28
NC_045512.2	2429	A	28
NC_045512.2	2430	A	26
NC_045512.2	2431	A	27
NC_045512.2	2432	T	26
NC_045512.2	2433	C	25
NC_045512.2	2434	C	25
NC_045512.2	2435	A	25
NC_045512.2	2436	G	25
NC_045512.2	2437	A	26
NC_045512.2	2438	G	26
NC_045512.2	2439	A	25
NC_045512.2	2440	A	25
NC_045512.2	2441	G	25
NC_045512.2	2442	A	24
NC_045512.2	2443	A	25
NC_045512.2	2444	A	25
NC_045512.2	2445	C	25
NC_045512.2	2446	T	25
NC_045512.2	2447	G	24
NC_045512.2	2448	G	24
NC_045512.2	2449	C	24
NC_045512.2	2450	C	24
NC_045512.2	2451	T	24
NC_045512.2	2452	A	24
NC_045512.2	2453	C	24
NC_045512.2	2454	T	24
NC_045512.2	2455	C	24
NC_045512.2	2456	A	24
NC_045512.2	2457	T	24
NC_045512.2	2458	G	23
NC_045512.2	2459	C	28
NC_045512.2	2460	C	27
NC_045512.2	2461	T	26
NC_045512.2	2462	C	26
NC_045512.2	2463	T	26
NC_045512.2	2464	A	26
NC_045512.2	2465	A	26
NC_045512.2	2466	A	26
NC_045512.2	2467	A	26
NC_045512.2	2468	G	26
NC_045512.2	2469	C	25
NC_045512.2	2470	C	26
NC_045512.2	2471	C	26
NC_045512.2	2472	C	26
NC_045512.2	2473	A	26
NC_045512.2	2474	A	25
NC_045512.2	2475	A	25
NC_045512.2	2476	A	25
NC_045512.2	2477	G	25
NC_045512.2	2478	A	24
NC_045512.2	2479	A	26
NC_045512.2	2480	A	25
NC_045512.2	2481	T	25
NC_045512.2	2482	T	23
NC_045512.2	2483	A	26
NC_045512.2	2484	T	22
NC_045512.2	2485	C	26
NC_045512.2	2486	T	26
NC_045512.2	2487	T	22
NC_045512.2	2488	C	25
NC_045512.2	2489	T	26
NC_045512.2	2490	T	26
NC_045512.2	2491	A	25
NC_045512.2	2492	G	38
NC_045512.2	2493	A	38
NC_045512.2	2494	G	62
NC_045512.2	2495	G	88
NC_045512.2	2496	G	131
NC_045512.2	2497	A	128
NC_045512.2	2498	G	133
NC_045512.2	2499	A	111
NC_045512.2	2500	A	141
NC_045512.2	2501	A	149
NC_045512.2	2502	C	155
NC_045512.2	2503	A	151
NC_045512.2	2504	C	177
NC_045512.2	2505	T	172
NC_045512.2	2506	T	192
NC_045512.2	2507	C	195
NC_045512.2	2508	C	235
NC_045512.2	2509	C	235
NC_045512.2	2510	A	233
NC_045512.2	2511	C	247
NC_045512.2	2512	A	230
NC_045512.2	2513	G	257
NC_045512.2	2514	A	246
NC_045512.2	2515	A	287
NC_045512.2	2516	G	372
NC_045512.2	2517	T	384
NC_045512.2	2518	G	528
NC_045512.2	2519	T	523
NC_045512.2	2520	T	526
NC_045512.2	2521	A	510
NC_045512.2	2522	A	389
NC_045512.2	2523	C	538
NC_045512.2	2524	A	511
NC_045512.2	2525	G	543
NC_045512.2	2526	A	538
NC_045512.2	2527	G	543
NC_045512.2	2528	G	544
NC_045512.2	2529	A	542
NC_045512.2	2530	A	535
NC_045512.2	2531	G	545
NC_045512.2	2532	T	537
NC_045512.2	2533	T	536
NC_045512.2	2534	G	542
NC_045512.2	2535	T	543
NC_045512.2	2536	C	542
NC_045512.2	2537	T	540
NC_045512.2	2538	T	530
NC_045512.2	2539	G	538
NC_045512.2	2540	A	528
NC_045512.2	2541	A	542
NC_045512.2	2542	A	541
NC_045512.2	2543	A	537
NC_045512.2	2544	C	541
NC_045512.2	2545	T	539
NC_045512.2	2546	G	543
NC_045512.2	2547	G	541
NC_045512.2	2548	T	539
NC_045512.2	2549	G	541
NC_045512.2	2550	A	527
NC_045512.2	2551	T	542
NC_045512.2	2552	T	536
NC_045512.2	2553	T	535
NC_045512.2	2554	A	541
NC_045512.2	2555	C	535
NC_045512.2	2556	A	527
NC_045512.2	2557	A	525
NC_045512.2	2558	C	535
NC_045512.2	2559	C	531
NC_045512.2	2560	A	521
NC_045512.2	2561	T	530
NC_045512.2	2562	T	531
NC_045512.2	2563	A	518
NC_045512.2	2564	G	537
NC_045512.2	2565	A	502
NC_045512.2	2566	A	537
NC_045512.2	2567	C	534
NC_045512.2	2568	A	688
NC_045512.2	2569	A	966
NC_045512.2	2570	C	1000
NC_045512.2	2571	C	1004
NC_045512.2	2572	T	1001
NC_045512.2	2573	A	971
NC_045512.2	2574	C	1016
NC_045512.2	2575	T	1014
NC_045512.2	2576	A	1022
NC_045512.2	2577	G	1021
NC_045512.2	2578	T	1010
NC_045512.2	2579	G	1026
NC_045512.2	2580	A	1024
NC_045512.2	2581	A	1015
NC_045512.2	2582	G	1027
NC_045512.2	2583	C	1027
NC_045512.2	2584	T	1015
NC_045512.2	2585	G	1047
NC_045512.2	2586	T	1041
NC_045512.2	2587	T	1040
NC_045512.2	2588	G	1052
NC_045512.2	2589	A	1054
NC_045512.2	2590	A	1039
NC_045512.2	2591	G	1060
NC_045512.2	2592	C	1051
NC_045512.2	2593	T	1059
NC_045512.2	2594	C	1075
NC_045512.2	2595	C	1059
NC_045512.2	2596	A	1056
NC_045512.2	2597	T	1026
NC_045512.2	2598	T	1020
NC_045512.2	2599	G	1079
NC_045512.2	2600	G	1009
NC_045512.2	2601	T	1004
NC_045512.2	2602	T	1010
NC_045512.2	2603	G	1036
NC_045512.2	2604	G	1063
NC_045512.2	2605	T	1049
NC_045512.2	2606	A	1044
NC_045512.2	2607	C	1037
NC_045512.2	2608	A	1024
NC_045512.2	2609	C	1019
NC_045512.2	2610	C	1005
NC_045512.2	2611	A	1016
NC_045512.2	2612	G	1079
NC_045512.2	2613	T	1032
NC_045512.2	2614	T	1069
NC_045512.2	2615	T	1071
NC_045512.2	2616	G	1068
NC_045512.2	2617	T	1015
NC_045512.2	2618	A	1037
NC_045512.2	2619	T	932
NC_045512.2	2620	T	925
NC_045512.2	2621	A	900
NC_045512.2	2622	A	794
NC_045512.2	2623	C	944
NC_045512.2	2624	G	947
NC_045512.2	2625	G	1042
NC_045512.2	2626	G	1041
NC_045512.2	2627	C	1045
NC_045512.2	2628	T	1041
NC_045512.2	2629	T	1043
NC_045512.2	2630	A	1038
NC_045512.2	2631	T	1050
NC_045512.2	2632	G	1055
NC_045512.2	2633	T	1059
NC_045512.2	2634	T	1054
NC_045512.2	2635	G	1064
NC_045512.2	2636	C	1067
NC_045512.2	2637	T	1068
NC_045512.2	2638	C	1069
NC_045512.2	2639	G	1066
NC_045512.2	2640	A	1075
NC_045512.2	2641	A	1009
NC_045512.2	2642	A	1075
NC_045512.2	2643	T	1070
NC_045512.2	2644	C	1070
NC_045512.2	2645	A	1072
NC_045512.2	2646	A	1072
NC_045512.2	2647	A	1077
NC_045512.2	2648	G	1083
NC_045512.2	2649	A	1019
NC_045512.2	2650	C	1072
NC_045512.2	2651	A	978
NC_045512.2	2652	C	1065
NC_045512.2	2653	A	1053
NC_045512.2	2654	G	1119
NC_045512.2	2655	A	1126
NC_045512.2	2656	A	1134
NC_045512.2	2657	A	1124
NC_045512.2	2658	A	1109
NC_045512.2	2659	G	1125
NC_045512.2	2660	T	1072
NC_045512.2	2661	A	1075
NC_045512.2	2662	C	1093
NC_045512.2	2663	T	1018
NC_045512.2	2664	G	1046
NC_045512.2	2665	T	1024
NC_045512.2	2666	G	1040
NC_045512.2	2667	C	1031
NC_045512.2	2668	C	1025
NC_045512.2	2669	C	788
NC_045512.2	2670	T	793
NC_045512.2	2671	T	788
NC_045512.2	2672	G	786
NC_045512.2	2673	C	783
NC_045512.2	2674	A	772
NC_045512.2	2675	C	800
NC_045512.2	2676	C	840
NC_045512.2	2677	T	839
NC_045512.2	2678	A	844
NC_045512.2	2679	A	864
NC_045512.2	2680	T	858
NC_045512.2	2681	A	830
NC_045512.2	2682	T	864
NC_045512.2	2683	G	861
NC_045512.2	2684	A	845
NC_045512.2	2685	T	849
NC_045512.2	2686	G	824
NC_045512.2	2687	G	833
NC_045512.2	2688	T	809
NC_045512.2	2689	A	843
NC_045512.2	2690	A	841
NC_045512.2	2691	C	844
NC_045512.2	2692	A	822
NC_045512.2	2693	A	852
NC_045512.2	2694	A	794
NC_045512.2	2695	C	838
NC_045512.2	2696	A	815
NC_045512.2	2697	A	824
NC_045512.2	2698	T	820
NC_045512.2	2699	A	804
NC_045512.2	2700	C	819
NC_045512.2	2701	C	799
NC_045512.2	2702	T	770
NC_045512.2	2703	T	769
NC_045512.2	2704	C	764
NC_045512.2	2705	A	755
NC_045512.2	2706	C	765
NC_045512.2	2707	A	753
NC_045512.2	2708	C	790
NC_045512.2	2709	T	784
NC_045512.2	2710	C	790
NC_045512.2	2711	A	761
NC_045512.2	2712	A	756
NC_045512.2	2713	A	687
NC_045512.2	2714	G	746
NC_045512.2	2715	G	749
NC_045512.2	2716	C	733
NC_045512.2	2717	G	682
NC_045512.2	2718	G	705
NC_045512.2	2719	T	694
NC_045512.2	2720	G	700
NC_045512.2	2721	C	704
NC_045512.2	2722	A	700
NC_045512.2	2723	C	705
NC_045512.2	2724	C	694
NC_045512.2	2725	A	691
NC_045512.2	2726	A	625
NC_045512.2	2727	C	633
NC_045512.2	2728	A	628
NC_045512.2	2729	A	633
NC_045512.2	2730	A	616
NC_045512.2	2731	G	643
NC_045512.2	2732	G	640
NC_045512.2	2733	T	625
NC_045512.2	2734	T	610
NC_045512.2	2735	A	621
NC_045512.2	2736	C	641
NC_045512.2	2737	T	630
NC_045512.2	2738	T	642
NC_045512.2	2739	T	638
NC_045512.2	2740	T	638
NC_045512.2	2741	G	648
NC_045512.2	2742	G	660
NC_045512.2	2743	T	676
NC_045512.2	2744	G	683
NC_045512.2	2745	A	670
NC_045512.2	2746	T	661
NC_045512.2	2747	G	675
NC_045512.2	2748	A	814
NC_045512.2	2749	C	847
NC_045512.2	2750	A	827
NC_045512.2	2751	C	830
NC_045512.2	2752	T	864
NC_045512.2	2753	G	865
NC_045512.2	2754	T	838
NC_045512.2	2755	G	863
NC_045512.2	2756	A	958
NC_045512.2	2757	T	977
NC_045512.2	2758	A	968
NC_045512.2	2759	G	971
NC_045512.2	2760	A	937
NC_045512.2	2761	A	938
NC_045512.2	2762	G	952
NC_045512.2	2763	T	889
NC_045512.2	2764	G	904
NC_045512.2	2765	C	942
NC_045512.2	2766	A	927
NC_045512.2	2767	A	932
NC_045512.2	2768	G	956
NC_045512.2	2769	G	1052
NC_045512.2	2770	T	1052
NC_045512.2	2771	T	1054
NC_045512.2	2772	A	1034
NC_045512.2	2773	C	1146
NC_045512.2	2774	A	1133
NC_045512.2	2775	A	1152
NC_045512.2	2776	G	1152
NC_045512.2	2777	A	1081
NC_045512.2	2778	G	1084
NC_045512.2	2779	T	1059
NC_045512.2	2780	G	1067
NC_045512.2	2781	T	1058
NC_045512.2	2782	G	1072
NC_045512.2	2783	A	1050
NC_045512.2	2784	A	1066
NC_045512.2	2785	T	975
NC_045512.2	2786	A	1040
NC_045512.2	2787	T	1009
NC_045512.2	2788	C	1038
NC_045512.2	2789	A	1038
NC_045512.2	2790	C	1034
NC_045512.2	2791	T	1042
NC_045512.2	2792	T	1011
NC_045512.2	2793	T	1041
NC_045512.2	2794	T	1037
NC_045512.2	2795	G	1025
NC_045512.2	2796	A	1015
NC_045512.2	2797	A	1020
NC_045512.2	2798	C	1027
NC_045512.2	2799	T	895
NC_045512.2	2800	T	975
NC_045512.2	2801	G	988
NC_045512.2	2802	A	987
NC_045512.2	2803	T	966
NC_045512.2	2804	G	989
NC_045512.2	2805	A	979
NC_045512.2	2806	A	975
NC_045512.2	2807	A	982
NC_045512.2	2808	G	984
NC_045512.2	2809	G	980
NC_045512.2	2810	A	974
NC_045512.2	2811	T	955
NC_045512.2	2812	T	946
NC_045512.2	2813	G	978
NC_045512.2	2814	A	977
NC_045512.2	2815	T	970
NC_045512.2	2816	A	969
NC_045512.2	2817	A	970
NC_045512.2	2818	A	959
NC_045512.2	2819	G	965
NC_045512.2	2820	T	952
NC_045512.2	2821	A	951
NC_045512.2	2822	C	959
NC_045512.2	2823	T	881
NC_045512.2	2824	T	924
NC_045512.2	2825	A	915
NC_045512.2	2826	A	933
NC_045512.2	2827	T	940
NC_045512.2	2828	G	938
NC_045512.2	2829	A	915
NC_045512.2	2830	G	927
NC_045512.2	2831	A	900
NC_045512.2	2832	A	916
NC_045512.2	2833	G	1036
NC_045512.2	2834	T	1036
NC_045512.2	2835	G	1279
NC_045512.2	2836	C	1294
NC_045512.2	2837	T	1274
NC_045512.2	2838	C	1997
NC_045512.2	2839	T	2205
NC_045512.2	2840	G	5037
NC_045512.2	2841	C	5150
NC_045512.2	2842	C	5491
NC_045512.2	2843	T	5485
NC_045512.2	2844	A	5879
NC_045512.2	2845	T	5823
NC_045512.2	2846	A	5552
NC_045512.2	2847	C	6341
NC_045512.2	2848	A	6127
NC_045512.2	2849	G	6469
NC_045512.2	2850	T	6215
NC_045512.2	2851	T	6273
NC_045512.2	2852	G	6438
NC_045512.2	2853	A	6271
NC_045512.2	2854	A	6279
NC_045512.2	2855	C	6398
NC_045512.2	2856	T	6253
NC_045512.2	2857	C	6286
NC_045512.2	2858	G	6249
NC_045512.2	2859	G	6248
NC_045512.2	2860	T	6214
NC_045512.2	2861	A	6116
NC_045512.2	2862	C	6249
NC_045512.2	2863	A	6001
NC_045512.2	2864	G	6239
NC_045512.2	2865	A	6166
NC_045512.2	2866	A	6153
NC_045512.2	2867	G	6199
NC_045512.2	2868	T	6011
NC_045512.2	2869	A	6013
NC_045512.2	2870	A	6009
NC_045512.2	2871	A	5640
NC_045512.2	2872	T	5997
NC_045512.2	2873	G	6059
NC_045512.2	2874	A	5826
NC_045512.2	2875	G	5951
NC_045512.2	2876	T	5867
NC_045512.2	2877	T	5863
NC_045512.2	2878	C	5902
NC_045512.2	2879	G	5898
NC_045512.2	2880	C	5885
NC_045512.2	2881	C	5888
NC_045512.2	2882	T	5829
NC_045512.2	2883	G	5891
NC_045512.2	2884	T	5817
NC_045512.2	2885	G	9228
NC_045512.2	2886	T	9212
NC_045512.2	2887	T	9214
NC_045512.2	2888	G	9341
NC_045512.2	2889	T	9207
NC_045512.2	2890	G	9467
NC_045512.2	2891	G	9457
NC_045512.2	2892	C	9445
NC_045512.2	2893	A	9382
NC_045512.2	2894	G	9549
NC_045512.2	2895	A	9068
NC_045512.2	2896	T	9429
NC_045512.2	2897	G	9555
NC_045512.2	2898	C	9504
NC_045512.2	2899	T	9470
NC_045512.2	2900	G	9623
NC_045512.2	2901	T	9422
NC_045512.2	2902	C	9799
NC_045512.2	2903	A	9768
NC_045512.2	2904	T	9792
NC_045512.2	2905	A	9520
NC_045512.2	2906	A	9805
NC_045512.2	2907	A	9136
NC_045512.2	2908	A	9827
NC_045512.2	2909	A	9238
NC_045512.2	2910	C	9814
NC_045512.2	2911	T	9806
NC_045512.2	2912	T	9719
NC_045512.2	2913	T	9571
NC_045512.2	2914	G	9850
NC_045512.2	2915	C	9837
NC_045512.2	2916	A	9842
NC_045512.2	2917	A	9888
NC_045512.2	2918	C	9905
NC_045512.2	2919	C	10037
NC_045512.2	2920	A	9971
NC_045512.2	2921	G	10263
NC_045512.2	2922	T	10161
NC_045512.2	2923	A	10162
NC_045512.2	2924	T	10304
NC_045512.2	2925	C	10398
NC_045512.2	2926	T	10402
NC_045512.2	2927	G	10841
NC_045512.2	2928	A	10925
NC_045512.2	2929	A	10763
NC_045512.2	2930	T	10954
NC_045512.2	2931	T	10830
NC_045512.2	2932	A	10938
NC_045512.2	2933	C	11354
NC_045512.2	2934	T	11376
NC_045512.2	2935	T	11293
NC_045512.2	2936	A	11288
NC_045512.2	2937	C	11315
NC_045512.2	2938	A	11278
NC_045512.2	2939	C	10871
NC_045512.2	2940	C	8874
NC_045512.2	2941	A	8890
NC_045512.2	2942	C	8554
NC_045512.2	2943	T	8493
NC_045512.2	2944	G	8708
NC_045512.2	2945	G	8719
NC_045512.2	2946	G	8736
NC_045512.2	2947	C	8344
NC_045512.2	2948	A	8128
NC_045512.2	2949	T	7931
NC_045512.2	2950	T	8261
NC_045512.2	2951	G	8422
NC_045512.2	2952	A	8570
NC_045512.2	2953	T	8479
NC_045512.2	2954	T	8476
NC_045512.2	2955	T	8651
NC_045512.2	2956	A	8675
NC_045512.2	2957	G	8772
NC_045512.2	2958	A	8605
NC_045512.2	2959	T	8780
NC_045512.2	2960	G	8919
NC_045512.2	2961	A	8963
NC_045512.2	2962	G	9110
NC_045512.2	2963	T	9057
NC_045512.2	2964	G	9106
NC_045512.2	2965	G	9352
NC_045512.2	2966	A	9286
NC_045512.2	2967	G	9389
NC_045512.2	2968	T	8891
NC_045512.2	2969	A	9198
NC_045512.2	2970	T	9403
NC_045512.2	2971	G	9322
NC_045512.2	2972	G	9506
NC_045512.2	2973	C	9569
NC_045512.2	2974	T	9283
NC_045512.2	2975	A	9377
NC_045512.2	2976	C	9215
NC_045512.2	2977	A	8963
NC_045512.2	2978	T	9205
NC_045512.2	2979	A	8581
NC_045512.2	2980	C	8881
NC_045512.2	2981	T	8597
NC_045512.2	2982	A	8481
NC_045512.2	2983	C	7962
NC_045512.2	2984	T	7835
NC_045512.2	2985	T	7869
NC_045512.2	2986	A	7812
NC_045512.2	2987	T	7882
NC_045512.2	2988	T	7544
NC_045512.2	2989	T	7764
NC_045512.2	2990	G	7822
NC_045512.2	2991	A	7775
NC_045512.2	2992	T	7942
NC_045512.2	2993	G	7993
NC_045512.2	2994	A	8138
NC_045512.2	2995	G	8064
NC_045512.2	2996	T	7987
NC_045512.2	2997	C	8164
NC_045512.2	2998	T	8084
NC_045512.2	2999	G	8110
NC_045512.2	3000	G	8183
NC_045512.2	3001	T	8157
NC_045512.2	3002	G	8274
NC_045512.2	3003	A	7810
NC_045512.2	3004	G	7949
NC_045512.2	3005	T	6958
NC_045512.2	3006	T	8066
NC_045512.2	3007	T	8229
NC_045512.2	3008	A	8161
NC_045512.2	3009	A	8451
NC_045512.2	3010	A	8319
NC_045512.2	3011	T	8596
NC_045512.2	3012	T	8555
NC_045512.2	3013	G	8536
NC_045512.2	3014	G	8487
NC_045512.2	3015	C	8904
NC_045512.2	3016	T	8323
NC_045512.2	3017	T	9282
NC_045512.2	3018	C	9311
NC_045512.2	3019	A	9259
NC_045512.2	3020	C	9421
NC_045512.2	3021	A	9298
NC_045512.2	3022	T	9913
NC_045512.2	3023	A	9868
NC_045512.2	3024	T	9937
NC_045512.2	3025	G	10011
NC_045512.2	3026	T	9413
NC_045512.2	3027	A	9917
NC_045512.2	3028	T	9621
NC_045512.2	3029	T	9151
NC_045512.2	3030	G	9261
NC_045512.2	3031	T	9107
NC_045512.2	3032	T	8656
NC_045512.2	3033	C	9117
NC_045512.2	3034	T	8327
NC_045512.2	3035	T	8443
NC_045512.2	3036	T	7032
NC_045512.2	3037	C	8192
NC_045512.2	3038	T	8076
NC_045512.2	3039	A	8351
NC_045512.2	3040	C	8398
NC_045512.2	3041	C	8759
NC_045512.2	3042	C	8878
NC_045512.2	3043	T	8624
NC_045512.2	3044	C	8737
NC_045512.2	3045	C	8733
NC_045512.2	3046	A	8665
NC_045512.2	3047	G	8753
NC_045512.2	3048	A	8838
NC_045512.2	3049	T	8904
NC_045512.2	3050	G	8941
NC_045512.2	3051	A	8656
NC_045512.2	3052	G	8687
NC_045512.2	3053	G	8581
NC_045512.2	3054	A	8534
NC_045512.2	3055	T	8584
NC_045512.2	3056	G	8474
NC_045512.2	3057	A	8369
NC_045512.2	3058	A	8393
NC_045512.2	3059	G	8414
NC_045512.2	3060	A	8320
NC_045512.2	3061	A	8280
NC_045512.2	3062	G	8320
NC_045512.2	3063	A	8066
NC_045512.2	3064	A	8139
NC_045512.2	3065	G	8254
NC_045512.2	3066	G	8869
NC_045512.2	3067	T	9118
NC_045512.2	3068	G	9090
NC_045512.2	3069	A	9096
NC_045512.2	3070	T	9788
NC_045512.2	3071	T	9664
NC_045512.2	3072	G	9774
NC_045512.2	3073	T	9552
NC_045512.2	3074	G	9589
NC_045512.2	3075	A	9508
NC_045512.2	3076	A	9588
NC_045512.2	3077	G	9611
NC_045512.2	3078	A	9437
NC_045512.2	3079	A	9543
NC_045512.2	3080	G	9539
NC_045512.2	3081	A	9412
NC_045512.2	3082	A	9461
NC_045512.2	3083	G	9515
NC_045512.2	3084	A	9257
NC_045512.2	3085	G	9332
NC_045512.2	3086	T	7374
NC_045512.2	3087	T	8963
NC_045512.2	3088	T	8952
NC_045512.2	3089	G	9011
NC_045512.2	3090	A	9023
NC_045512.2	3091	G	8981
NC_045512.2	3092	C	9021
NC_045512.2	3093	C	8857
NC_045512.2	3094	A	8734
NC_045512.2	3095	T	8742
NC_045512.2	3096	C	8748
NC_045512.2	3097	A	8425
NC_045512.2	3098	A	8618
NC_045512.2	3099	C	8937
NC_045512.2	3100	T	8780
NC_045512.2	3101	C	9104
NC_045512.2	3102	A	8397
NC_045512.2	3103	A	8955
NC_045512.2	3104	T	8918
NC_045512.2	3105	A	8941
NC_045512.2	3106	T	8998
NC_045512.2	3107	G	9108
NC_045512.2	3108	A	8835
NC_045512.2	3109	G	9084
NC_045512.2	3110	T	8398
NC_045512.2	3111	A	8560
NC_045512.2	3112	T	8191
NC_045512.2	3113	G	8239
NC_045512.2	3114	G	8490
NC_045512.2	3115	T	8431
NC_045512.2	3116	A	7880
NC_045512.2	3117	C	7930
NC_045512.2	3118	T	7251
NC_045512.2	3119	G	7285
NC_045512.2	3120	A	7173
NC_045512.2	3121	A	7150
NC_045512.2	3122	G	7170
NC_045512.2	3123	A	6165
NC_045512.2	3124	T	5932
NC_045512.2	3125	G	6167
NC_045512.2	3126	A	6160
NC_045512.2	3127	T	5630
NC_045512.2	3128	T	5760
NC_045512.2	3129	A	6066
NC_045512.2	3130	C	6065
NC_045512.2	3131	C	6004
NC_045512.2	3132	A	5902
NC_045512.2	3133	A	5809
NC_045512.2	3134	G	5852
NC_045512.2	3135	G	5868
NC_045512.2	3136	T	5716
NC_045512.2	3137	A	5733
NC_045512.2	3138	A	5728
NC_045512.2	3139	A	5425
NC_045512.2	3140	C	5741
NC_045512.2	3141	C	5708
NC_045512.2	3142	T	5067
NC_045512.2	3143	T	4924
NC_045512.2	3144	T	4953
NC_045512.2	3145	G	4969
NC_045512.2	3146	G	4964
NC_045512.2	3147	A	4886
NC_045512.2	3148	A	4910
NC_045512.2	3149	T	4658
NC_045512.2	3150	T	4633
NC_045512.2	3151	T	4599
NC_045512.2	3152	G	4644
NC_045512.2	3153	G	4656
NC_045512.2	3154	T	4602
NC_045512.2	3155	G	4585
NC_045512.2	3156	C	4599
NC_045512.2	3157	C	4586
NC_045512.2	3158	A	4547
NC_045512.2	3159	C	4606
NC_045512.2	3160	T	4505
NC_045512.2	3161	T	4505
NC_045512.2	3162	C	4484
NC_045512.2	3163	T	4384
NC_045512.2	3164	G	4357
NC_045512.2	3165	C	4355
NC_045512.2	3166	T	3467
NC_045512.2	3167	G	3466
NC_045512.2	3168	C	2880
NC_045512.2	3169	T	2811
NC_045512.2	3170	C	2804
NC_045512.2	3171	T	1963
NC_045512.2	3172	T	1944
NC_045512.2	3173	C	1947
NC_045512.2	3174	A	1931
NC_045512.2	3175	A	1878
NC_045512.2	3176	C	2013
NC_045512.2	3177	C	2029
NC_045512.2	3178	T	2014
NC_045512.2	3179	G	2117
NC_045512.2	3180	A	2107
NC_045512.2	3181	A	2058
NC_045512.2	3182	G	2127
NC_045512.2	3183	A	2074
NC_045512.2	3184	A	2050
NC_045512.2	3185	G	2111
NC_045512.2	3186	A	1886
NC_045512.2	3187	G	2055
NC_045512.2	3188	C	2027
NC_045512.2	3189	A	2008
NC_045512.2	3190	A	2005
NC_045512.2	3191	G	2026
NC_045512.2	3192	A	1749
NC_045512.2	3193	A	1973
NC_045512.2	3194	G	1915
NC_045512.2	3195	A	1750
NC_045512.2	3196	A	1872
NC_045512.2	3197	G	1901
NC_045512.2	3198	A	1715
NC_045512.2	3199	T	1795
NC_045512.2	3200	T	1747
NC_045512.2	3201	G	1751
NC_045512.2	3202	G	1564
NC_045512.2	3203	T	1546
NC_045512.2	3204	T	1502
NC_045512.2	3205	A	1483
NC_045512.2	3206	G	1496
NC_045512.2	3207	A	1269
NC_045512.2	3208	T	1318
NC_045512.2	3209	G	1326
NC_045512.2	3210	A	1151
NC_045512.2	3211	T	1124
NC_045512.2	3212	G	1150
NC_045512.2	3213	A	1143
NC_045512.2	3214	T	1123
NC_045512.2	3215	A	948
NC_045512.2	3216	G	968
NC_045512.2	3217	T	958
NC_045512.2	3218	C	1155
NC_045512.2	3219	A	1138
NC_045512.2	3220	A	856
NC_045512.2	3221	C	1138
NC_045512.2	3222	A	1118
NC_045512.2	3223	A	1127
NC_045512.2	3224	A	1008
NC_045512.2	3225	C	1105
NC_045512.2	3226	T	1057
NC_045512.2	3227	G	1092
NC_045512.2	3228	T	1082
NC_045512.2	3229	T	1077
NC_045512.2	3230	G	978
NC_045512.2	3231	G	986
NC_045512.2	3232	T	1008
NC_045512.2	3233	C	968
NC_045512.2	3234	A	971
NC_045512.2	3235	A	916
NC_045512.2	3236	C	982
NC_045512.2	3237	A	973
NC_045512.2	3238	A	1064
NC_045512.2	3239	G	1052
NC_045512.2	3240	A	997
NC_045512.2	3241	C	1087
NC_045512.2	3242	G	1082
NC_045512.2	3243	G	1098
NC_045512.2	3244	C	1117
NC_045512.2	3245	A	1131
NC_045512.2	3246	G	1149
NC_045512.2	3247	T	1314
NC_045512.2	3248	G	1335
NC_045512.2	3249	A	1332
NC_045512.2	3250	G	1332
NC_045512.2	3251	G	1339
NC_045512.2	3252	A	1344
NC_045512.2	3253	C	1369
NC_045512.2	3254	A	1345
NC_045512.2	3255	A	1393
NC_045512.2	3256	T	1392
NC_045512.2	3257	C	1385
NC_045512.2	3258	A	1345
NC_045512.2	3259	G	1408
NC_045512.2	3260	A	1369
NC_045512.2	3261	C	1393
NC_045512.2	3262	A	1345
NC_045512.2	3263	A	1356
NC_045512.2	3264	C	1393
NC_045512.2	3265	T	1386
NC_045512.2	3266	A	1375
NC_045512.2	3267	C	1396
NC_045512.2	3268	T	1303
NC_045512.2	3269	A	1344
NC_045512.2	3270	T	1325
NC_045512.2	3271	T	1324
NC_045512.2	3272	C	1326
NC_045512.2	3273	A	1340
NC_045512.2	3274	A	1346
NC_045512.2	3275	A	1237
NC_045512.2	3276	C	1408
NC_045512.2	3277	A	1382
NC_045512.2	3278	A	1373
NC_045512.2	3279	T	1400
NC_045512.2	3280	T	1297
NC_045512.2	3281	G	1364
NC_045512.2	3282	T	1317
NC_045512.2	3283	T	1330
NC_045512.2	3284	G	1382
NC_045512.2	3285	A	1386
NC_045512.2	3286	G	1397
NC_045512.2	3287	G	1420
NC_045512.2	3288	T	1383
NC_045512.2	3289	T	1412
NC_045512.2	3290	C	1407
NC_045512.2	3291	A	1398
NC_045512.2	3292	A	1380
NC_045512.2	3293	C	1447
NC_045512.2	3294	C	1439
NC_045512.2	3295	T	1390
NC_045512.2	3296	C	1409
NC_045512.2	3297	A	1386
NC_045512.2	3298	A	1402
NC_045512.2	3299	T	1438
NC_045512.2	3300	T	1437
NC_045512.2	3301	A	1397
NC_045512.2	3302	G	1401
NC_045512.2	3303	A	1360
NC_045512.2	3304	G	1396
NC_045512.2	3305	A	1336
NC_045512.2	3306	T	1344
NC_045512.2	3307	G	1329
NC_045512.2	3308	G	1356
NC_045512.2	3309	A	1385
NC_045512.2	3310	A	1387
NC_045512.2	3311	C	1397
NC_045512.2	3312	T	1320
NC_045512.2	3313	T	1363
NC_045512.2	3314	A	1365
NC_045512.2	3315	C	1380
NC_045512.2	3316	A	1363
NC_045512.2	3317	C	1377
NC_045512.2	3318	C	1330
NC_045512.2	3319	A	1289
NC_045512.2	3320	G	1323
NC_045512.2	3321	T	1343
NC_045512.2	3322	T	1325
NC_045512.2	3323	G	1367
NC_045512.2	3324	T	1348
NC_045512.2	3325	T	1372
NC_045512.2	3326	C	1364
NC_045512.2	3327	A	1335
NC_045512.2	3328	G	1362
NC_045512.2	3329	A	1356
NC_045512.2	3330	C	1368
NC_045512.2	3331	T	1239
NC_045512.2	3332	A	1350
NC_045512.2	3333	T	1328
NC_045512.2	3334	T	1352
NC_045512.2	3335	G	1359
NC_045512.2	3336	A	1328
NC_045512.2	3337	A	1333
NC_045512.2	3338	G	1332
NC_045512.2	3339	T	1193
NC_045512.2	3340	G	1275
NC_045512.2	3341	A	1268
NC_045512.2	3342	A	1267
NC_045512.2	3343	T	1195
NC_045512.2	3344	A	1222
NC_045512.2	3345	G	1285
NC_045512.2	3346	T	1086
NC_045512.2	3347	T	1050
NC_045512.2	3348	T	1033
NC_045512.2	3349	T	1025
NC_045512.2	3350	A	1015
NC_045512.2	3351	G	1010
NC_045512.2	3352	T	1179
NC_045512.2	3353	G	1165
NC_045512.2	3354	G	1173
NC_045512.2	3355	T	1159
NC_045512.2	3356	T	1127
NC_045512.2	3357	A	1166
NC_045512.2	3358	T	1197
NC_045512.2	3359	T	1154
NC_045512.2	3360	T	1191
NC_045512.2	3361	A	1201
NC_045512.2	3362	A	1195
NC_045512.2	3363	A	1159
NC_045512.2	3364	A	1203
NC_045512.2	3365	C	1222
NC_045512.2	3366	T	1187
NC_045512.2	3367	T	1169
NC_045512.2	3368	A	1187
NC_045512.2	3369	C	1197
NC_045512.2	3370	T	1181
NC_045512.2	3371	G	1205
NC_045512.2	3372	A	1283
NC_045512.2	3373	C	1300
NC_045512.2	3374	A	1430
NC_045512.2	3375	A	1422
NC_045512.2	3376	T	1345
NC_045512.2	3377	G	1357
NC_045512.2	3378	T	1339
NC_045512.2	3379	A	1359
NC_045512.2	3380	T	1359
NC_045512.2	3381	A	1353
NC_045512.2	3382	C	1448
NC_045512.2	3383	A	1445
NC_045512.2	3384	T	1392
NC_045512.2	3385	T	1413
NC_045512.2	3386	A	1408
NC_045512.2	3387	A	1421
NC_045512.2	3388	A	1426
NC_045512.2	3389	A	1418
NC_045512.2	3390	A	1405
NC_045512.2	3391	T	1416
NC_045512.2	3392	G	1411
NC_045512.2	3393	C	1393
NC_045512.2	3394	A	1350
NC_045512.2	3395	G	1348
NC_045512.2	3396	A	1343
NC_045512.2	3397	C	1419
NC_045512.2	3398	A	1499
NC_045512.2	3399	T	1754
NC_045512.2	3400	T	1792
NC_045512.2	3401	G	2027
NC_045512.2	3402	T	2019
NC_045512.2	3403	G	2047
NC_045512.2	3404	G	2070
NC_045512.2	3405	A	2067
NC_045512.2	3406	A	2066
NC_045512.2	3407	G	2066
NC_045512.2	3408	A	1982
NC_045512.2	3409	A	2139
NC_045512.2	3410	G	2234
NC_045512.2	3411	C	2237
NC_045512.2	3412	T	2195
NC_045512.2	3413	A	2250
NC_045512.2	3414	A	2233
NC_045512.2	3415	A	2248
NC_045512.2	3416	A	2245
NC_045512.2	3417	A	2273
NC_045512.2	3418	G	2347
NC_045512.2	3419	G	2337
NC_045512.2	3420	T	2172
NC_045512.2	3421	A	2323
NC_045512.2	3422	A	2326
NC_045512.2	3423	A	2547
NC_045512.2	3424	A	2509
NC_045512.2	3425	C	2627
NC_045512.2	3426	C	2679
NC_045512.2	3427	A	2663
NC_045512.2	3428	A	2590
NC_045512.2	3429	C	2719
NC_045512.2	3430	A	2560
NC_045512.2	3431	G	2860
NC_045512.2	3432	T	2765
NC_045512.2	3433	G	2856
NC_045512.2	3434	G	2902
NC_045512.2	3435	T	2854
NC_045512.2	3436	T	2998
NC_045512.2	3437	G	3050
NC_045512.2	3438	T	3002
NC_045512.2	3439	T	2996
NC_045512.2	3440	A	2995
NC_045512.2	3441	A	2989
NC_045512.2	3442	T	3023
NC_045512.2	3443	G	3029
NC_045512.2	3444	C	3035
NC_045512.2	3445	A	3090
NC_045512.2	3446	G	3129
NC_045512.2	3447	C	3122
NC_045512.2	3448	C	3131
NC_045512.2	3449	A	3097
NC_045512.2	3450	A	3235
NC_045512.2	3451	T	3228
NC_045512.2	3452	G	3308
NC_045512.2	3453	T	2968
NC_045512.2	3454	T	3090
NC_045512.2	3455	T	3068
NC_045512.2	3456	A	3170
NC_045512.2	3457	C	3382
NC_045512.2	3458	C	3385
NC_045512.2	3459	T	3328
NC_045512.2	3460	T	3358
NC_045512.2	3461	A	3311
NC_045512.2	3462	A	3306
NC_045512.2	3463	A	2821
NC_045512.2	3464	C	3502
NC_045512.2	3465	A	3352
NC_045512.2	3466	T	3411
NC_045512.2	3467	G	3480
NC_045512.2	3468	G	3543
NC_045512.2	3469	A	3544
NC_045512.2	3470	G	3561
NC_045512.2	3471	G	3538
NC_045512.2	3472	A	3470
NC_045512.2	3473	G	3511
NC_045512.2	3474	G	3588
NC_045512.2	3475	T	3416
NC_045512.2	3476	G	3469
NC_045512.2	3477	T	3453
NC_045512.2	3478	T	3434
NC_045512.2	3479	G	3444
NC_045512.2	3480	C	3443
NC_045512.2	3481	A	3418
NC_045512.2	3482	G	3397
NC_045512.2	3483	G	3293
NC_045512.2	3484	A	2947
NC_045512.2	3485	G	3414
NC_045512.2	3486	C	3387
NC_045512.2	3487	C	3422
NC_045512.2	3488	T	3414
NC_045512.2	3489	T	3412
NC_045512.2	3490	A	3491
NC_045512.2	3491	A	3397
NC_045512.2	3492	A	3476
NC_045512.2	3493	T	3530
NC_045512.2	3494	A	3398
NC_045512.2	3495	A	3516
NC_045512.2	3496	G	3596
NC_045512.2	3497	G	3665
NC_045512.2	3498	C	3378
NC_045512.2	3499	T	3388
NC_045512.2	3500	A	3607
NC_045512.2	3501	C	3502
NC_045512.2	3502	T	3549
NC_045512.2	3503	A	3571
NC_045512.2	3504	A	3392
NC_045512.2	3505	C	3616
NC_045512.2	3506	A	3576
NC_045512.2	3507	A	3612
NC_045512.2	3508	T	3573
NC_045512.2	3509	G	3542
NC_045512.2	3510	C	3424
NC_045512.2	3511	C	3401
NC_045512.2	3512	A	3403
NC_045512.2	3513	T	3393
NC_045512.2	3514	G	3402
NC_045512.2	3515	C	3437
NC_045512.2	3516	A	3426
NC_045512.2	3517	A	3424
NC_045512.2	3518	G	3415
NC_045512.2	3519	T	3303
NC_045512.2	3520	T	3325
NC_045512.2	3521	G	3359
NC_045512.2	3522	A	3362
NC_045512.2	3523	A	3297
NC_045512.2	3524	T	3166
NC_045512.2	3525	C	3109
NC_045512.2	3526	T	3070
NC_045512.2	3527	G	3069
NC_045512.2	3528	A	3075
NC_045512.2	3529	T	3044
NC_045512.2	3530	G	3071
NC_045512.2	3531	A	3036
NC_045512.2	3532	T	2947
NC_045512.2	3533	T	2942
NC_045512.2	3534	A	2860
NC_045512.2	3535	C	2877
NC_045512.2	3536	A	2833
NC_045512.2	3537	T	2789
NC_045512.2	3538	A	2732
NC_045512.2	3539	G	2749
NC_045512.2	3540	C	2732
NC_045512.2	3541	T	2703
NC_045512.2	3542	A	2705
NC_045512.2	3543	C	2702
NC_045512.2	3544	T	2640
NC_045512.2	3545	A	3412
NC_045512.2	3546	A	3371
NC_045512.2	3547	T	3378
NC_045512.2	3548	G	3298
NC_045512.2	3549	G	3323
NC_045512.2	3550	A	3353
NC_045512.2	3551	C	3249
NC_045512.2	3552	C	3210
NC_045512.2	3553	A	3447
NC_045512.2	3554	C	3562
NC_045512.2	3555	T	3523
NC_045512.2	3556	T	3520
NC_045512.2	3557	A	3108
NC_045512.2	3558	A	2961
NC_045512.2	3559	A	2871
NC_045512.2	3560	G	3059
NC_045512.2	3561	T	2999
NC_045512.2	3562	G	3141
NC_045512.2	3563	G	3133
NC_045512.2	3564	G	3306
NC_045512.2	3565	T	3289
NC_045512.2	3566	G	3313
NC_045512.2	3567	G	3336
NC_045512.2	3568	T	3329
NC_045512.2	3569	A	3248
NC_045512.2	3570	G	3366
NC_045512.2	3571	T	3359
NC_045512.2	3572	T	3322
NC_045512.2	3573	G	3443
NC_045512.2	3574	T	3388
NC_045512.2	3575	G	3351
NC_045512.2	3576	T	3354
NC_045512.2	3577	T	3305
NC_045512.2	3578	T	3328
NC_045512.2	3579	T	3317
NC_045512.2	3580	A	3325
NC_045512.2	3581	A	3314
NC_045512.2	3582	G	3332
NC_045512.2	3583	C	3381
NC_045512.2	3584	G	3424
NC_045512.2	3585	G	3461
NC_045512.2	3586	A	3357
NC_045512.2	3587	C	3337
NC_045512.2	3588	A	3188
NC_045512.2	3589	C	3372
NC_045512.2	3590	A	3248
NC_045512.2	3591	A	3276
NC_045512.2	3592	T	3060
NC_045512.2	3593	C	3345
NC_045512.2	3594	T	3325
NC_045512.2	3595	T	3312
NC_045512.2	3596	G	3447
NC_045512.2	3597	C	3297
NC_045512.2	3598	T	3317
NC_045512.2	3599	A	3317
NC_045512.2	3600	A	3343
NC_045512.2	3601	A	3252
NC_045512.2	3602	C	3169
NC_045512.2	3603	A	3102
NC_045512.2	3604	C	3164
NC_045512.2	3605	T	2992
NC_045512.2	3606	G	3314
NC_045512.2	3607	T	3201
NC_045512.2	3608	C	3315
NC_045512.2	3609	T	3288
NC_045512.2	3610	T	3268
NC_045512.2	3611	C	3298
NC_045512.2	3612	A	3303
NC_045512.2	3613	T	3336
NC_045512.2	3614	G	3365
NC_045512.2	3615	T	3667
NC_045512.2	3616	T	3564
NC_045512.2	3617	G	3691
NC_045512.2	3618	T	3699
NC_045512.2	3619	C	3719
NC_045512.2	3620	G	3714
NC_045512.2	3621	G	3759
NC_045512.2	3622	C	3770
NC_045512.2	3623	C	3771
NC_045512.2	3624	C	3776
NC_045512.2	3625	A	3758
NC_045512.2	3626	A	3780
NC_045512.2	3627	A	3810
NC_045512.2	3628	T	3702
NC_045512.2	3629	G	3798
NC_045512.2	3630	T	3580
NC_045512.2	3631	T	3637
NC_045512.2	3632	A	3712
NC_045512.2	3633	A	3616
NC_045512.2	3634	C	3680
NC_045512.2	3635	A	3620
NC_045512.2	3636	A	3612
NC_045512.2	3637	A	3459
NC_045512.2	3638	G	3657
NC_045512.2	3639	G	3743
NC_045512.2	3640	T	3562
NC_045512.2	3641	G	3624
NC_045512.2	3642	A	3598
NC_045512.2	3643	A	3596
NC_045512.2	3644	G	3540
NC_045512.2	3645	A	3794
NC_045512.2	3646	C	3952
NC_045512.2	3647	A	3762
NC_045512.2	3648	T	3914
NC_045512.2	3649	T	3878
NC_045512.2	3650	C	3921
NC_045512.2	3651	A	3887
NC_045512.2	3652	A	3747
NC_045512.2	3653	C	3833
NC_045512.2	3654	T	3773
NC_045512.2	3655	T	3295
NC_045512.2	3656	C	4057
NC_045512.2	3657	T	4067
NC_045512.2	3658	T	4079
NC_045512.2	3659	A	4032
NC_045512.2	3660	A	4057
NC_045512.2	3661	G	4063
NC_045512.2	3662	A	3842
NC_045512.2	3663	G	3947
NC_045512.2	3664	T	3654
NC_045512.2	3665	G	3654
NC_045512.2	3666	C	3676
NC_045512.2	3667	T	3626
NC_045512.2	3668	T	4127
NC_045512.2	3669	A	4177
NC_045512.2	3670	T	4264
NC_045512.2	3671	G	4269
NC_045512.2	3672	A	4257
NC_045512.2	3673	A	4304
NC_045512.2	3674	A	4258
NC_045512.2	3675	A	4323
NC_045512.2	3676	T	4321
NC_045512.2	3677	T	4363
NC_045512.2	3678	T	4402
NC_045512.2	3679	T	4333
NC_045512.2	3680	A	4401
NC_045512.2	3681	A	4401
NC_045512.2	3682	T	4479
NC_045512.2	3683	C	4471
NC_045512.2	3684	A	4338
NC_045512.2	3685	G	4338
NC_045512.2	3686	C	4428
NC_045512.2	3687	A	4577
NC_045512.2	3688	C	4652
NC_045512.2	3689	G	4662
NC_045512.2	3690	A	4530
NC_045512.2	3691	A	4695
NC_045512.2	3692	G	4744
NC_045512.2	3693	T	4766
NC_045512.2	3694	T	4063
NC_045512.2	3695	C	4687
NC_045512.2	3696	T	4601
NC_045512.2	3697	A	4653
NC_045512.2	3698	C	4683
NC_045512.2	3699	T	4614
NC_045512.2	3700	T	4548
NC_045512.2	3701	G	4434
NC_045512.2	3702	C	4445
NC_045512.2	3703	A	4372
NC_045512.2	3704	C	4395
NC_045512.2	3705	C	4397
NC_045512.2	3706	A	4403
NC_045512.2	3707	T	4386
NC_045512.2	3708	T	4225
NC_045512.2	3709	A	4391
NC_045512.2	3710	T	4386
NC_045512.2	3711	T	4299
NC_045512.2	3712	A	4359
NC_045512.2	3713	T	4330
NC_045512.2	3714	C	4280
NC_045512.2	3715	A	3602
NC_045512.2	3716	G	3619
NC_045512.2	3717	C	3631
NC_045512.2	3718	T	3486
NC_045512.2	3719	G	3473
NC_045512.2	3720	G	3469
NC_045512.2	3721	T	2775
NC_045512.2	3722	A	3520
NC_045512.2	3723	T	3533
NC_045512.2	3724	T	3557
NC_045512.2	3725	T	3533
NC_045512.2	3726	T	3400
NC_045512.2	3727	T	3429
NC_045512.2	3728	G	3497
NC_045512.2	3729	G	3496
NC_045512.2	3730	T	3418
NC_045512.2	3731	G	3437
NC_045512.2	3732	C	3431
NC_045512.2	3733	T	3375
NC_045512.2	3734	G	3396
NC_045512.2	3735	A	3386
NC_045512.2	3736	C	3390
NC_045512.2	3737	C	3373
NC_045512.2	3738	C	3313
NC_045512.2	3739	T	3221
NC_045512.2	3740	A	3263
NC_045512.2	3741	T	3253
NC_045512.2	3742	A	3254
NC_045512.2	3743	C	3258
NC_045512.2	3744	A	2885
NC_045512.2	3745	T	2731
NC_045512.2	3746	T	2612
NC_045512.2	3747	C	2651
NC_045512.2	3748	T	2490
NC_045512.2	3749	T	2468
NC_045512.2	3750	T	2523
NC_045512.2	3751	A	2528
NC_045512.2	3752	A	2535
NC_045512.2	3753	G	2556
NC_045512.2	3754	A	2455
NC_045512.2	3755	G	2495
NC_045512.2	3756	T	642
NC_045512.2	3757	T	2220
NC_045512.2	3758	T	2193
NC_045512.2	3759	G	2236
NC_045512.2	3760	T	2198
NC_045512.2	3761	G	2243
NC_045512.2	3762	T	2227
NC_045512.2	3763	A	2100
NC_045512.2	3764	G	2105
NC_045512.2	3765	A	2041
NC_045512.2	3766	T	2060
NC_045512.2	3767	A	1979
NC_045512.2	3768	C	1950
NC_045512.2	3769	T	1196
NC_045512.2	3770	G	1245
NC_045512.2	3771	T	952
NC_045512.2	3772	T	1091
NC_045512.2	3773	C	1028
NC_045512.2	3774	G	981
NC_045512.2	3775	C	985
NC_045512.2	3776	A	982
NC_045512.2	3777	C	984
NC_045512.2	3778	A	901
NC_045512.2	3779	A	842
NC_045512.2	3780	A	834
NC_045512.2	3781	T	803
NC_045512.2	3782	G	828
NC_045512.2	3783	T	728
NC_045512.2	3784	C	707
NC_045512.2	3785	T	696
NC_045512.2	3786	A	661
NC_045512.2	3787	C	650
NC_045512.2	3788	T	290
NC_045512.2	3789	T	285
NC_045512.2	3790	A	233
NC_045512.2	3791	G	236
NC_045512.2	3792	C	209
NC_045512.2	3793	T	189
NC_045512.2	3794	G	192
NC_045512.2	3795	T	188
NC_045512.2	3796	C	191
NC_045512.2	3797	T	192
NC_045512.2	3798	T	189
NC_045512.2	3799	T	188
NC_045512.2	3800	G	191
NC_045512.2	3801	A	191
NC_045512.2	3802	T	191
NC_045512.2	3803	A	172
NC_045512.2	3804	A	182
NC_045512.2	3805	A	167
NC_045512.2	3806	A	171
NC_045512.2	3807	A	162
NC_045512.2	3808	T	157
NC_045512.2	3809	C	158
NC_045512.2	3810	T	156
NC_045512.2	3811	C	158
NC_045512.2	3812	T	158
NC_045512.2	3813	A	156
NC_045512.2	3814	T	157
NC_045512.2	3815	G	158
NC_045512.2	3816	A	156
NC_045512.2	3817	C	157
NC_045512.2	3818	A	138
NC_045512.2	3819	A	155
NC_045512.2	3820	A	139
NC_045512.2	3821	C	145
NC_045512.2	3822	T	143
NC_045512.2	3823	T	137
NC_045512.2	3824	G	144
NC_045512.2	3825	T	150
NC_045512.2	3826	T	148
NC_045512.2	3827	T	148
NC_045512.2	3828	C	150
NC_045512.2	3829	A	156
NC_045512.2	3830	A	149
NC_045512.2	3831	G	152
NC_045512.2	3832	C	146
NC_045512.2	3833	T	147
NC_045512.2	3834	T	143
NC_045512.2	3835	T	140
NC_045512.2	3836	T	134
NC_045512.2	3837	T	131
NC_045512.2	3838	G	128
NC_045512.2	3839	G	130
NC_045512.2	3840	A	124
NC_045512.2	3841	A	122
NC_045512.2	3842	A	121
NC_045512.2	3843	T	124
NC_045512.2	3844	G	127
NC_045512.2	3845	A	123
NC_045512.2	3846	A	122
NC_045512.2	3847	G	125
NC_045512.2	3848	A	116
NC_045512.2	3849	G	121
NC_045512.2	3850	T	124
NC_045512.2	3851	G	123
NC_045512.2	3852	A	120
NC_045512.2	3853	A	122
NC_045512.2	3854	A	124
NC_045512.2	3855	A	120
NC_045512.2	3856	G	128
NC_045512.2	3857	C	129
NC_045512.2	3858	A	123
NC_045512.2	3859	A	127
NC_045512.2	3860	G	116
NC_045512.2	3861	T	114
NC_045512.2	3862	T	103
NC_045512.2	3863	G	105
NC_045512.2	3864	A	104
NC_045512.2	3865	A	99
NC_045512.2	3866	C	100
NC_045512.2	3867	A	102
NC_045512.2	3868	A	104
NC_045512.2	3869	A	101
NC_045512.2	3870	A	102
NC_045512.2	3871	G	101
NC_045512.2	3872	A	102
NC_045512.2	3873	T	103
NC_045512.2	3874	C	103
NC_045512.2	3875	G	104
NC_045512.2	3876	C	98
NC_045512.2	3877	T	98
NC_045512.2	3878	G	101
NC_045512.2	3879	A	102
NC_045512.2	3880	G	92
NC_045512.2	3881	A	79
NC_045512.2	3882	T	82
NC_045512.2	3883	T	81
NC_045512.2	3884	C	80
NC_045512.2	3885	C	81
NC_045512.2	3886	T	80
NC_045512.2	3887	A	94
NC_045512.2	3888	A	97
NC_045512.2	3889	A	94
NC_045512.2	3890	G	98
NC_045512.2	3891	A	97
NC_045512.2	3892	G	99
NC_045512.2	3893	G	104
NC_045512.2	3894	A	105
NC_045512.2	3895	A	108
NC_045512.2	3896	G	107
NC_045512.2	3897	T	109
NC_045512.2	3898	T	110
NC_045512.2	3899	A	109
NC_045512.2	3900	A	111
NC_045512.2	3901	G	111
NC_045512.2	3902	C	114
NC_045512.2	3903	C	114
NC_045512.2	3904	A	116
NC_045512.2	3905	T	120
NC_045512.2	3906	T	120
NC_045512.2	3907	T	112
NC_045512.2	3908	A	121
NC_045512.2	3909	T	124
NC_045512.2	3910	A	126
NC_045512.2	3911	A	123
NC_045512.2	3912	C	127
NC_045512.2	3913	T	125
NC_045512.2	3914	G	131
NC_045512.2	3915	A	129
NC_045512.2	3916	A	131
NC_045512.2	3917	A	130
NC_045512.2	3918	G	130
NC_045512.2	3919	T	134
NC_045512.2	3920	A	132
NC_045512.2	3921	A	132
NC_045512.2	3922	A	132
NC_045512.2	3923	C	141
NC_045512.2	3924	C	140
NC_045512.2	3925	T	137
NC_045512.2	3926	T	127
NC_045512.2	3927	C	131
NC_045512.2	3928	A	128
NC_045512.2	3929	G	149
NC_045512.2	3930	T	154
NC_045512.2	3931	T	148
NC_045512.2	3932	G	154
NC_045512.2	3933	A	151
NC_045512.2	3934	A	154
NC_045512.2	3935	C	155
NC_045512.2	3936	A	151
NC_045512.2	3937	G	157
NC_045512.2	3938	A	158
NC_045512.2	3939	G	160
NC_045512.2	3940	A	143
NC_045512.2	3941	A	166
NC_045512.2	3942	A	165
NC_045512.2	3943	A	163
NC_045512.2	3944	C	167
NC_045512.2	3945	A	164
NC_045512.2	3946	A	163
NC_045512.2	3947	G	163
NC_045512.2	3948	A	162
NC_045512.2	3949	T	156
NC_045512.2	3950	G	165
NC_045512.2	3951	A	164
NC_045512.2	3952	T	160
NC_045512.2	3953	A	163
NC_045512.2	3954	A	166
NC_045512.2	3955	G	164
NC_045512.2	3956	A	158
NC_045512.2	3957	A	162
NC_045512.2	3958	A	160
NC_045512.2	3959	A	166
NC_045512.2	3960	T	162
NC_045512.2	3961	C	163
NC_045512.2	3962	A	166
NC_045512.2	3963	A	165
NC_045512.2	3964	A	160
NC_045512.2	3965	G	168
NC_045512.2	3966	C	171
NC_045512.2	3967	T	172
NC_045512.2	3968	T	167
NC_045512.2	3969	G	172
NC_045512.2	3970	T	174
NC_045512.2	3971	G	174
NC_045512.2	3972	T	155
NC_045512.2	3973	T	182
NC_045512.2	3974	G	179
NC_045512.2	3975	A	180
NC_045512.2	3976	A	181
NC_045512.2	3977	G	181
NC_045512.2	3978	A	178
NC_045512.2	3979	A	180
NC_045512.2	3980	G	182
NC_045512.2	3981	T	184
NC_045512.2	3982	T	170
NC_045512.2	3983	A	200
NC_045512.2	3984	C	216
NC_045512.2	3985	A	213
NC_045512.2	3986	A	217
NC_045512.2	3987	C	219
NC_045512.2	3988	A	199
NC_045512.2	3989	A	197
NC_045512.2	3990	C	200
NC_045512.2	3991	T	181
NC_045512.2	3992	C	197
NC_045512.2	3993	T	188
NC_045512.2	3994	G	184
NC_045512.2	3995	G	185
NC_045512.2	3996	A	187
NC_045512.2	3997	A	186
NC_045512.2	3998	G	188
NC_045512.2	3999	A	203
NC_045512.2	4000	A	214
NC_045512.2	4001	A	240
NC_045512.2	4002	C	246
NC_045512.2	4003	T	237
NC_045512.2	4004	A	246
NC_045512.2	4005	A	246
NC_045512.2	4006	G	263
NC_045512.2	4007	T	255
NC_045512.2	4008	T	256
NC_045512.2	4009	C	262
NC_045512.2	4010	C	258
NC_045512.2	4011	T	256
NC_045512.2	4012	C	260
NC_045512.2	4013	A	256
NC_045512.2	4014	C	262
NC_045512.2	4015	A	259
NC_045512.2	4016	G	266
NC_045512.2	4017	A	265
NC_045512.2	4018	A	265
NC_045512.2	4019	A	267
NC_045512.2	4020	A	256
NC_045512.2	4021	C	279
NC_045512.2	4022	T	266
NC_045512.2	4023	T	267
NC_045512.2	4024	G	285
NC_045512.2	4025	T	274
NC_045512.2	4026	T	279
NC_045512.2	4027	A	299
NC_045512.2	4028	C	313
NC_045512.2	4029	T	294
NC_045512.2	4030	T	313
NC_045512.2	4031	T	308
NC_045512.2	4032	A	330
NC_045512.2	4033	T	315
NC_045512.2	4034	A	329
NC_045512.2	4035	T	308
NC_045512.2	4036	T	323
NC_045512.2	4037	G	329
NC_045512.2	4038	A	325
NC_045512.2	4039	C	348
NC_045512.2	4040	A	345
NC_045512.2	4041	T	322
NC_045512.2	4042	T	336
NC_045512.2	4043	A	337
NC_045512.2	4044	A	334
NC_045512.2	4045	T	335
NC_045512.2	4046	G	342
NC_045512.2	4047	G	344
NC_045512.2	4048	C	335
NC_045512.2	4049	A	337
NC_045512.2	4050	A	342
NC_045512.2	4051	T	326
NC_045512.2	4052	C	360
NC_045512.2	4053	T	359
NC_045512.2	4054	T	345
NC_045512.2	4055	C	360
NC_045512.2	4056	A	360
NC_045512.2	4057	T	365
NC_045512.2	4058	C	368
NC_045512.2	4059	C	367
NC_045512.2	4060	A	357
NC_045512.2	4061	G	360
NC_045512.2	4062	A	358
NC_045512.2	4063	T	366
NC_045512.2	4064	T	359
NC_045512.2	4065	C	362
NC_045512.2	4066	T	355
NC_045512.2	4067	G	360
NC_045512.2	4068	C	359
NC_045512.2	4069	C	357
NC_045512.2	4070	A	363
NC_045512.2	4071	C	369
NC_045512.2	4072	T	363
NC_045512.2	4073	C	367
NC_045512.2	4074	T	357
NC_045512.2	4075	T	359
NC_045512.2	4076	G	364
NC_045512.2	4077	T	338
NC_045512.2	4078	T	358
NC_045512.2	4079	A	337
NC_045512.2	4080	G	347
NC_045512.2	4081	T	337
NC_045512.2	4082	G	317
NC_045512.2	4083	A	315
NC_045512.2	4084	C	302
NC_045512.2	4085	A	282
NC_045512.2	4086	T	285
NC_045512.2	4087	T	277
NC_045512.2	4088	G	282
NC_045512.2	4089	A	282
NC_045512.2	4090	C	280
NC_045512.2	4091	A	276
NC_045512.2	4092	T	279
NC_045512.2	4093	C	280
NC_045512.2	4094	A	279
NC_045512.2	4095	C	279
NC_045512.2	4096	T	275
NC_045512.2	4097	T	275
NC_045512.2	4098	T	274
NC_045512.2	4099	C	262
NC_045512.2	4100	T	261
NC_045512.2	4101	T	259
NC_045512.2	4102	A	240
NC_045512.2	4103	A	233
NC_045512.2	4104	A	223
NC_045512.2	4105	G	236
NC_045512.2	4106	A	230
NC_045512.2	4107	A	223
NC_045512.2	4108	A	223
NC_045512.2	4109	G	221
NC_045512.2	4110	A	198
NC_045512.2	4111	T	218
NC_045512.2	4112	G	217
NC_045512.2	4113	C	232
NC_045512.2	4114	T	254
NC_045512.2	4115	C	277
NC_045512.2	4116	C	280
NC_045512.2	4117	A	300
NC_045512.2	4118	T	300
NC_045512.2	4119	A	292
NC_045512.2	4120	T	308
NC_045512.2	4121	A	310
NC_045512.2	4122	T	308
NC_045512.2	4123	A	305
NC_045512.2	4124	G	304
NC_045512.2	4125	T	286
NC_045512.2	4126	G	300
NC_045512.2	4127	G	301
NC_045512.2	4128	G	282
NC_045512.2	4129	T	273
NC_045512.2	4130	G	277
NC_045512.2	4131	A	272
NC_045512.2	4132	T	280
NC_045512.2	4133	G	273
NC_045512.2	4134	T	277
NC_045512.2	4135	T	268
NC_045512.2	4136	G	285
NC_045512.2	4137	T	281
NC_045512.2	4138	T	284
NC_045512.2	4139	C	277
NC_045512.2	4140	A	261
NC_045512.2	4141	A	274
NC_045512.2	4142	G	273
NC_045512.2	4143	A	243
NC_045512.2	4144	G	259
NC_045512.2	4145	G	257
NC_045512.2	4146	G	269
NC_045512.2	4147	T	274
NC_045512.2	4148	G	280
NC_045512.2	4149	T	282
NC_045512.2	4150	T	281
NC_045512.2	4151	T	281
NC_045512.2	4152	T	276
NC_045512.2	4153	A	272
NC_045512.2	4154	A	278
NC_045512.2	4155	C	269
NC_045512.2	4156	T	272
NC_045512.2	4157	G	279
NC_045512.2	4158	C	276
NC_045512.2	4159	T	279
NC_045512.2	4160	G	282
NC_045512.2	4161	T	275
NC_045512.2	4162	G	317
NC_045512.2	4163	G	318
NC_045512.2	4164	T	323
NC_045512.2	4165	T	320
NC_045512.2	4166	A	317
NC_045512.2	4167	T	321
NC_045512.2	4168	A	288
NC_045512.2	4169	C	318
NC_045512.2	4170	C	310
NC_045512.2	4171	T	312
NC_045512.2	4172	A	305
NC_045512.2	4173	C	307
NC_045512.2	4174	T	307
NC_045512.2	4175	A	310
NC_045512.2	4176	A	311
NC_045512.2	4177	A	315
NC_045512.2	4178	A	348
NC_045512.2	4179	A	341
NC_045512.2	4180	G	355
NC_045512.2	4181	G	351
NC_045512.2	4182	C	354
NC_045512.2	4183	T	352
NC_045512.2	4184	G	361
NC_045512.2	4185	G	367
NC_045512.2	4186	T	374
NC_045512.2	4187	G	375
NC_045512.2	4188	G	375
NC_045512.2	4189	C	381
NC_045512.2	4190	A	379
NC_045512.2	4191	C	395
NC_045512.2	4192	T	396
NC_045512.2	4193	A	395
NC_045512.2	4194	C	403
NC_045512.2	4195	T	403
NC_045512.2	4196	G	399
NC_045512.2	4197	A	433
NC_045512.2	4198	A	434
NC_045512.2	4199	A	433
NC_045512.2	4200	T	420
NC_045512.2	4201	G	426
NC_045512.2	4202	C	413
NC_045512.2	4203	T	400
NC_045512.2	4204	A	411
NC_045512.2	4205	G	412
NC_045512.2	4206	C	409
NC_045512.2	4207	G	411
NC_045512.2	4208	A	411
NC_045512.2	4209	A	411
NC_045512.2	4210	A	412
NC_045512.2	4211	G	410
NC_045512.2	4212	C	409
NC_045512.2	4213	T	406
NC_045512.2	4214	T	407
NC_045512.2	4215	T	406
NC_045512.2	4216	G	401
NC_045512.2	4217	A	398
NC_045512.2	4218	G	393
NC_045512.2	4219	A	380
NC_045512.2	4220	A	392
NC_045512.2	4221	A	387
NC_045512.2	4222	A	389
NC_045512.2	4223	G	384
NC_045512.2	4224	T	367
NC_045512.2	4225	G	369
NC_045512.2	4226	C	370
NC_045512.2	4227	C	374
NC_045512.2	4228	A	368
NC_045512.2	4229	A	359
NC_045512.2	4230	C	380
NC_045512.2	4231	A	367
NC_045512.2	4232	G	369
NC_045512.2	4233	A	366
NC_045512.2	4234	C	374
NC_045512.2	4235	A	371
NC_045512.2	4236	A	369
NC_045512.2	4237	T	376
NC_045512.2	4238	T	363
NC_045512.2	4239	A	367
NC_045512.2	4240	T	309
NC_045512.2	4241	A	365
NC_045512.2	4242	T	355
NC_045512.2	4243	A	364
NC_045512.2	4244	A	357
NC_045512.2	4245	C	367
NC_045512.2	4246	C	365
NC_045512.2	4247	A	354
NC_045512.2	4248	C	358
NC_045512.2	4249	T	353
NC_045512.2	4250	T	355
NC_045512.2	4251	A	354
NC_045512.2	4252	C	360
NC_045512.2	4253	C	361
NC_045512.2	4254	C	357
NC_045512.2	4255	G	349
NC_045512.2	4256	G	359
NC_045512.2	4257	G	357
NC_045512.2	4258	T	329
NC_045512.2	4259	C	369
NC_045512.2	4260	A	366
NC_045512.2	4261	G	355
NC_045512.2	4262	G	366
NC_045512.2	4263	G	360
NC_045512.2	4264	T	345
NC_045512.2	4265	T	355
NC_045512.2	4266	T	353
NC_045512.2	4267	A	357
NC_045512.2	4268	A	352
NC_045512.2	4269	A	353
NC_045512.2	4270	T	355
NC_045512.2	4271	G	356
NC_045512.2	4272	G	352
NC_045512.2	4273	T	342
NC_045512.2	4274	T	352
NC_045512.2	4275	A	327
NC_045512.2	4276	C	357
NC_045512.2	4277	A	344
NC_045512.2	4278	C	346
NC_045512.2	4279	T	280
NC_045512.2	4280	G	283
NC_045512.2	4281	T	278
NC_045512.2	4282	A	278
NC_045512.2	4283	G	280
NC_045512.2	4284	A	271
NC_045512.2	4285	G	266
NC_045512.2	4286	G	268
NC_045512.2	4287	A	257
NC_045512.2	4288	G	257
NC_045512.2	4289	G	243
NC_045512.2	4290	C	245
NC_045512.2	4291	A	240
NC_045512.2	4292	A	240
NC_045512.2	4293	A	243
NC_045512.2	4294	G	243
NC_045512.2	4295	A	239
NC_045512.2	4296	C	241
NC_045512.2	4297	A	180
NC_045512.2	4298	G	176
NC_045512.2	4299	T	181
NC_045512.2	4300	G	181
NC_045512.2	4301	C	185
NC_045512.2	4302	T	181
NC_045512.2	4303	T	184
NC_045512.2	4304	A	184
NC_045512.2	4305	A	181
NC_045512.2	4306	A	183
NC_045512.2	4307	A	181
NC_045512.2	4308	A	175
NC_045512.2	4309	G	181
NC_045512.2	4310	T	171
NC_045512.2	4311	G	175
NC_045512.2	4312	T	170
NC_045512.2	4313	A	173
NC_045512.2	4314	A	172
NC_045512.2	4315	A	173
NC_045512.2	4316	A	171
NC_045512.2	4317	G	170
NC_045512.2	4318	T	160
NC_045512.2	4319	G	161
NC_045512.2	4320	C	162
NC_045512.2	4321	C	160
NC_045512.2	4322	T	160
NC_045512.2	4323	T	146
NC_045512.2	4324	T	155
NC_045512.2	4325	T	159
NC_045512.2	4326	A	135
NC_045512.2	4327	C	145
NC_045512.2	4328	A	142
NC_045512.2	4329	T	144
NC_045512.2	4330	T	143
NC_045512.2	4331	C	141
NC_045512.2	4332	T	141
NC_045512.2	4333	A	139
NC_045512.2	4334	C	138
NC_045512.2	4335	C	133
NC_045512.2	4336	A	135
NC_045512.2	4337	T	135
NC_045512.2	4338	C	134
NC_045512.2	4339	T	133
NC_045512.2	4340	A	127
NC_045512.2	4341	T	131
NC_045512.2	4342	T	124
NC_045512.2	4343	A	128
NC_045512.2	4344	T	113
NC_045512.2	4345	C	128
NC_045512.2	4346	T	117
NC_045512.2	4347	C	110
NC_045512.2	4348	T	106
NC_045512.2	4349	A	106
NC_045512.2	4350	A	104
NC_045512.2	4351	T	104
NC_045512.2	4352	G	104
NC_045512.2	4353	A	94
NC_045512.2	4354	G	85
NC_045512.2	4355	A	84
NC_045512.2	4356	A	78
NC_045512.2	4357	G	77
NC_045512.2	4358	C	77
NC_045512.2	4359	A	59
NC_045512.2	4360	A	60
NC_045512.2	4361	G	60
NC_045512.2	4362	A	59
NC_045512.2	4363	A	59
NC_045512.2	4364	A	59
NC_045512.2	4365	T	58
NC_045512.2	4366	T	45
NC_045512.2	4367	C	55
NC_045512.2	4368	T	47
NC_045512.2	4369	T	47
NC_045512.2	4370	G	47
NC_045512.2	4371	G	48
NC_045512.2	4372	A	47
NC_045512.2	4373	A	48
NC_045512.2	4374	C	47
NC_045512.2	4375	T	42
NC_045512.2	4376	G	42
NC_045512.2	4377	T	42
NC_045512.2	4378	T	41
NC_045512.2	4379	T	33
NC_045512.2	4380	C	39
NC_045512.2	4381	T	35
NC_045512.2	4382	T	37
NC_045512.2	4383	G	37
NC_045512.2	4384	G	36
NC_045512.2	4385	A	31
NC_045512.2	4386	A	31
NC_045512.2	4387	T	16
NC_045512.2	4388	T	25
NC_045512.2	4389	T	20
NC_045512.2	4390	G	20
NC_045512.2	4391	C	17
NC_045512.2	4392	G	17
NC_045512.2	4393	A	15
NC_045512.2	4394	G	14
NC_045512.2	4395	A	13
NC_045512.2	4396	A	12
NC_045512.2	4397	A	13
NC_045512.2	4398	T	10
NC_045512.2	4399	G	10
NC_045512.2	4400	C	8
NC_045512.2	4401	T	5
NC_045512.2	4402	T	2
NC_045512.2	4403	G	1
NC_045512.2	4404	C	1
NC_045512.2	4405	A	1
NC_045512.2	4406	C	1
NC_045512.2	4407	A	0
NC_045512.2	4408	T	0
NC_045512.2	4409	G	0
NC_045512.2	4410	C	0
NC_045512.2	4411	A	0
NC_045512.2	4412	G	0
NC_045512.2	4413	A	0
NC_045512.2	4414	A	0
NC_045512.2	4415	G	0
NC_045512.2	4416	A	0
NC_045512.2	4417	A	0
NC_045512.2	4418	A	0
NC_045512.2	4419	C	0
NC_045512.2	4420	A	0
NC_045512.2	4421	C	0
NC_045512.2	4422	G	0
NC_045512.2	4423	C	0
NC_045512.2	4424	A	0
NC_045512.2	4425	A	0
NC_045512.2	4426	A	0
NC_045512.2	4427	T	0
NC_045512.2	4428	T	0
NC_045512.2	4429	A	0
NC_045512.2	4430	A	0
NC_045512.2	4431	T	0
NC_045512.2	4432	G	0
NC_045512.2	4433	C	0
NC_045512.2	4434	C	0
NC_045512.2	4435	T	0
NC_045512.2	4436	G	0
NC_045512.2	4437	T	0
NC_045512.2	4438	C	0
NC_045512.2	4439	T	0
NC_045512.2	4440	G	0
NC_045512.2	4441	T	0
NC_045512.2	4442	G	0
NC_045512.2	4443	T	0
NC_045512.2	4444	G	0
NC_045512.2	4445	G	0
NC_045512.2	4446	A	0
NC_045512.2	4447	A	0
NC_045512.2	4448	A	0
NC_045512.2	4449	C	0
NC_045512.2	4450	T	0
NC_045512.2	4451	A	0
NC_045512.2	4452	A	0
NC_045512.2	4453	A	0
NC_045512.2	4454	G	0
NC_045512.2	4455	C	0
NC_045512.2	4456	C	0
NC_045512.2	4457	A	0
NC_045512.2	4458	T	0
NC_045512.2	4459	A	0
NC_045512.2	4460	G	0
NC_045512.2	4461	T	0
NC_045512.2	4462	T	0
NC_045512.2	4463	T	0
NC_045512.2	4464	C	0
NC_045512.2	4465	A	0
NC_045512.2	4466	A	0
NC_045512.2	4467	C	0
NC_045512.2	4468	T	0
NC_045512.2	4469	A	0
NC_045512.2	4470	T	0
NC_045512.2	4471	A	0
NC_045512.2	4472	C	0
NC_045512.2	4473	A	0
NC_045512.2	4474	G	0
NC_045512.2	4475	C	0
NC_045512.2	4476	G	0
NC_045512.2	4477	T	0
NC_045512.2	4478	A	0
NC_045512.2	4479	A	0
NC_045512.2	4480	A	0
NC_045512.2	4481	T	0
NC_045512.2	4482	A	0
NC_045512.2	4483	T	0
NC_045512.2	4484	A	0
NC_045512.2	4485	A	0
NC_045512.2	4486	G	0
NC_045512.2	4487	G	0
NC_045512.2	4488	G	0
NC_045512.2	4489	T	0
NC_045512.2	4490	A	0
NC_045512.2	4491	T	0
NC_045512.2	4492	T	0
NC_045512.2	4493	A	0
NC_045512.2	4494	A	0
NC_045512.2	4495	A	0
NC_045512.2	4496	A	0
NC_045512.2	4497	T	0
NC_045512.2	4498	A	0
NC_045512.2	4499	C	0
NC_045512.2	4500	A	0
NC_045512.2	4501	A	0
NC_045512.2	4502	G	0
NC_045512.2	4503	A	0
NC_045512.2	4504	G	0
NC_045512.2	4505	G	0
NC_045512.2	4506	G	0
NC_045512.2	4507	T	0
NC_045512.2	4508	G	0
NC_045512.2	4509	T	0
NC_045512.2	4510	G	0
NC_045512.2	4511	G	0
NC_045512.2	4512	T	0
NC_045512.2	4513	T	0
NC_045512.2	4514	G	0
NC_045512.2	4515	A	0
NC_045512.2	4516	T	0
NC_045512.2	4517	T	0
NC_045512.2	4518	A	0
NC_045512.2	4519	T	0
NC_045512.2	4520	G	0
NC_045512.2	4521	G	0
NC_045512.2	4522	T	0
NC_045512.2	4523	G	0
NC_045512.2	4524	C	0
NC_045512.2	4525	T	0
NC_045512.2	4526	A	0
NC_045512.2	4527	G	0
NC_045512.2	4528	A	0
NC_045512.2	4529	T	0
NC_045512.2	4530	T	0
NC_045512.2	4531	T	0
NC_045512.2	4532	T	0
NC_045512.2	4533	A	0
NC_045512.2	4534	C	0
NC_045512.2	4535	T	0
NC_045512.2	4536	T	0
NC_045512.2	4537	T	0
NC_045512.2	4538	T	0
NC_045512.2	4539	A	0
NC_045512.2	4540	C	0
NC_045512.2	4541	A	0
NC_045512.2	4542	C	0
NC_045512.2	4543	C	0
NC_045512.2	4544	A	0
NC_045512.2	4545	G	0
NC_045512.2	4546	T	0
NC_045512.2	4547	A	0
NC_045512.2	4548	A	0
NC_045512.2	4549	A	0
NC_045512.2	4550	A	0
NC_045512.2	4551	C	0
NC_045512.2	4552	A	0
NC_045512.2	4553	A	0
NC_045512.2	4554	C	0
NC_045512.2	4555	T	0
NC_045512.2	4556	G	0
NC_045512.2	4557	T	0
NC_045512.2	4558	A	0
NC_045512.2	4559	G	0
NC_045512.2	4560	C	0
NC_045512.2	4561	G	0
NC_045512.2	4562	T	0
NC_045512.2	4563	C	0
NC_045512.2	4564	A	0
NC_045512.2	4565	C	0
NC_045512.2	4566	T	0
NC_045512.2	4567	T	0
NC_045512.2	4568	A	0
NC_045512.2	4569	T	0
NC_045512.2	4570	C	0
NC_045512.2	4571	A	0
NC_045512.2	4572	A	0
NC_045512.2	4573	C	0
NC_045512.2	4574	A	0
NC_045512.2	4575	C	0
NC_045512.2	4576	A	0
NC_045512.2	4577	C	0
NC_045512.2	4578	T	0
NC_045512.2	4579	T	0
NC_045512.2	4580	A	0
NC_045512.2	4581	A	0
NC_045512.2	4582	C	0
NC_045512.2	4583	G	0
NC_045512.2	4584	A	0
NC_045512.2	4585	T	0
NC_045512.2	4586	C	0
NC_045512.2	4587	T	0
NC_045512.2	4588	A	0
NC_045512.2	4589	A	0
NC_045512.2	4590	A	0
NC_045512.2	4591	T	0
NC_045512.2	4592	G	0
NC_045512.2	4593	A	0
NC_045512.2	4594	A	0
NC_045512.2	4595	A	0
NC_045512.2	4596	C	0
NC_045512.2	4597	T	0
NC_045512.2	4598	C	0
NC_045512.2	4599	T	0
NC_045512.2	4600	T	0
NC_045512.2	4601	G	0
NC_045512.2	4602	T	0
NC_045512.2	4603	T	0
NC_045512.2	4604	A	0
NC_045512.2	4605	C	0
NC_045512.2	4606	A	0
NC_045512.2	4607	A	0
NC_045512.2	4608	T	0
NC_045512.2	4609	G	0
NC_045512.2	4610	C	0
NC_045512.2	4611	C	0
NC_045512.2	4612	A	0
NC_045512.2	4613	C	0
NC_045512.2	4614	T	0
NC_045512.2	4615	T	0
NC_045512.2	4616	G	0
NC_045512.2	4617	G	0
NC_045512.2	4618	C	0
NC_045512.2	4619	T	0
NC_045512.2	4620	A	0
NC_045512.2	4621	T	0
NC_045512.2	4622	G	0
NC_045512.2	4623	T	0
NC_045512.2	4624	A	0
NC_045512.2	4625	A	4
NC_045512.2	4626	C	68
NC_045512.2	4627	A	84
NC_045512.2	4628	C	100
NC_045512.2	4629	A	100
NC_045512.2	4630	T	144
NC_045512.2	4631	G	399
NC_045512.2	4632	G	866
NC_045512.2	4633	C	871
NC_045512.2	4634	T	881
NC_045512.2	4635	T	866
NC_045512.2	4636	A	915
NC_045512.2	4637	A	959
NC_045512.2	4638	A	1023
NC_045512.2	4639	T	1028
NC_045512.2	4640	T	1032
NC_045512.2	4641	T	1022
NC_045512.2	4642	G	1149
NC_045512.2	4643	G	1177
NC_045512.2	4644	A	1190
NC_045512.2	4645	A	1192
NC_045512.2	4646	G	1244
NC_045512.2	4647	A	1217
NC_045512.2	4648	A	1427
NC_045512.2	4649	G	1529
NC_045512.2	4650	C	1591
NC_045512.2	4651	T	1596
NC_045512.2	4652	G	1832
NC_045512.2	4653	C	1824
NC_045512.2	4654	T	1834
NC_045512.2	4655	C	2159
NC_045512.2	4656	G	2161
NC_045512.2	4657	G	5720
NC_045512.2	4658	T	5787
NC_045512.2	4659	A	6094
NC_045512.2	4660	T	6126
NC_045512.2	4661	A	5817
NC_045512.2	4662	T	6092
NC_045512.2	4663	G	6188
NC_045512.2	4664	A	6101
NC_045512.2	4665	G	6221
NC_045512.2	4666	A	5651
NC_045512.2	4667	T	6191
NC_045512.2	4668	C	6476
NC_045512.2	4669	T	6469
NC_045512.2	4670	C	6558
NC_045512.2	4671	T	6533
NC_045512.2	4672	C	6568
NC_045512.2	4673	A	6474
NC_045512.2	4674	A	6547
NC_045512.2	4675	A	6277
NC_045512.2	4676	G	6753
NC_045512.2	4677	T	6639
NC_045512.2	4678	G	6779
NC_045512.2	4679	C	6755
NC_045512.2	4680	C	6889
NC_045512.2	4681	A	6877
NC_045512.2	4682	G	7603
NC_045512.2	4683	C	7635
NC_045512.2	4684	T	7629
NC_045512.2	4685	A	7526
NC_045512.2	4686	C	7681
NC_045512.2	4687	A	7077
NC_045512.2	4688	G	7779
NC_045512.2	4689	T	7640
NC_045512.2	4690	T	7651
NC_045512.2	4691	T	7762
NC_045512.2	4692	C	7830
NC_045512.2	4693	T	7812
NC_045512.2	4694	G	7832
NC_045512.2	4695	T	7714
NC_045512.2	4696	T	7936
NC_045512.2	4697	T	7955
NC_045512.2	4698	C	8036
NC_045512.2	4699	T	8032
NC_045512.2	4700	T	7966
NC_045512.2	4701	C	8067
NC_045512.2	4702	A	8020
NC_045512.2	4703	C	8259
NC_045512.2	4704	C	8229
NC_045512.2	4705	T	8231
NC_045512.2	4706	G	8394
NC_045512.2	4707	A	8564
NC_045512.2	4708	T	8688
NC_045512.2	4709	G	8767
NC_045512.2	4710	C	9340
NC_045512.2	4711	T	9382
NC_045512.2	4712	G	9586
NC_045512.2	4713	T	9506
NC_045512.2	4714	T	9532
NC_045512.2	4715	A	9369
NC_045512.2	4716	C	9728
NC_045512.2	4717	A	8914
NC_045512.2	4718	G	10075
NC_045512.2	4719	C	10078
NC_045512.2	4720	G	10115
NC_045512.2	4721	T	10022
NC_045512.2	4722	A	9950
NC_045512.2	4723	T	10060
NC_045512.2	4724	A	9946
NC_045512.2	4725	A	9432
NC_045512.2	4726	T	10018
NC_045512.2	4727	G	10013
NC_045512.2	4728	G	9988
NC_045512.2	4729	T	9757
NC_045512.2	4730	T	9868
NC_045512.2	4731	A	9561
NC_045512.2	4732	T	9720
NC_045512.2	4733	C	9408
NC_045512.2	4734	T	9342
NC_045512.2	4735	T	9006
NC_045512.2	4736	A	9413
NC_045512.2	4737	C	9297
NC_045512.2	4738	T	9121
NC_045512.2	4739	T	9001
NC_045512.2	4740	C	9282
NC_045512.2	4741	T	9220
NC_045512.2	4742	T	9167
NC_045512.2	4743	C	9176
NC_045512.2	4744	T	9187
NC_045512.2	4745	T	9089
NC_045512.2	4746	C	8988
NC_045512.2	4747	T	9014
NC_045512.2	4748	A	9030
NC_045512.2	4749	A	8964
NC_045512.2	4750	A	8888
NC_045512.2	4751	A	8874
NC_045512.2	4752	C	8628
NC_045512.2	4753	A	8621
NC_045512.2	4754	C	8648
NC_045512.2	4755	C	5519
NC_045512.2	4756	T	5444
NC_045512.2	4757	G	5509
NC_045512.2	4758	A	5521
NC_045512.2	4759	A	5588
NC_045512.2	4760	G	5443
NC_045512.2	4761	A	5700
NC_045512.2	4762	A	6219
NC_045512.2	4763	C	6299
NC_045512.2	4764	A	6388
NC_045512.2	4765	T	6376
NC_045512.2	4766	T	6383
NC_045512.2	4767	T	6430
NC_045512.2	4768	T	6240
NC_045512.2	4769	A	6443
NC_045512.2	4770	T	6388
NC_045512.2	4771	T	6338
NC_045512.2	4772	G	6411
NC_045512.2	4773	A	6145
NC_045512.2	4774	A	6226
NC_045512.2	4775	A	6152
NC_045512.2	4776	C	6358
NC_045512.2	4777	C	6448
NC_045512.2	4778	A	6517
NC_045512.2	4779	T	6268
NC_045512.2	4780	C	6558
NC_045512.2	4781	T	6575
NC_045512.2	4782	C	6239
NC_045512.2	4783	A	6074
NC_045512.2	4784	C	6253
NC_045512.2	4785	T	6176
NC_045512.2	4786	T	6447
NC_045512.2	4787	G	6549
NC_045512.2	4788	C	6474
NC_045512.2	4789	T	6488
NC_045512.2	4790	G	6613
NC_045512.2	4791	G	6693
NC_045512.2	4792	T	6638
NC_045512.2	4793	T	6896
NC_045512.2	4794	C	6921
NC_045512.2	4795	C	6969
NC_045512.2	4796	T	6942
NC_045512.2	4797	A	7060
NC_045512.2	4798	T	7032
NC_045512.2	4799	A	6779
NC_045512.2	4800	A	7026
NC_045512.2	4801	A	7025
NC_045512.2	4802	G	7096
NC_045512.2	4803	A	6819
NC_045512.2	4804	T	7081
NC_045512.2	4805	T	7059
NC_045512.2	4806	G	7121
NC_045512.2	4807	G	7497
NC_045512.2	4808	T	7687
NC_045512.2	4809	C	7536
NC_045512.2	4810	C	7018
NC_045512.2	4811	T	6899
NC_045512.2	4812	A	7225
NC_045512.2	4813	T	7378
NC_045512.2	4814	T	7357
NC_045512.2	4815	C	7366
NC_045512.2	4816	T	6809
NC_045512.2	4817	G	7128
NC_045512.2	4818	G	7140
NC_045512.2	4819	A	6903
NC_045512.2	4820	C	6945
NC_045512.2	4821	A	6818
NC_045512.2	4822	A	7185
NC_045512.2	4823	T	7009
NC_045512.2	4824	C	7342
NC_045512.2	4825	T	7321
NC_045512.2	4826	A	7158
NC_045512.2	4827	C	7627
NC_045512.2	4828	A	7622
NC_045512.2	4829	C	7840
NC_045512.2	4830	A	7735
NC_045512.2	4831	A	7697
NC_045512.2	4832	C	7787
NC_045512.2	4833	T	7505
NC_045512.2	4834	A	7591
NC_045512.2	4835	G	7649
NC_045512.2	4836	G	7853
NC_045512.2	4837	T	7838
NC_045512.2	4838	A	8316
NC_045512.2	4839	T	8352
NC_045512.2	4840	A	8153
NC_045512.2	4841	G	8358
NC_045512.2	4842	A	9101
NC_045512.2	4843	A	9314
NC_045512.2	4844	T	9240
NC_045512.2	4845	T	9006
NC_045512.2	4846	T	8553
NC_045512.2	4847	C	9236
NC_045512.2	4848	T	9122
NC_045512.2	4849	T	9195
NC_045512.2	4850	A	9136
NC_045512.2	4851	A	9201
NC_045512.2	4852	G	9275
NC_045512.2	4853	A	8867
NC_045512.2	4854	G	9224
NC_045512.2	4855	A	8744
NC_045512.2	4856	G	9125
NC_045512.2	4857	G	9190
NC_045512.2	4858	T	9327
NC_045512.2	4859	G	9516
NC_045512.2	4860	A	9655
NC_045512.2	4861	T	9591
NC_045512.2	4862	A	9385
NC_045512.2	4863	A	9390
NC_045512.2	4864	A	9322
NC_045512.2	4865	A	9236
NC_045512.2	4866	G	9317
NC_045512.2	4867	T	9146
NC_045512.2	4868	G	9339
NC_045512.2	4869	T	9219
NC_045512.2	4870	A	9499
NC_045512.2	4871	T	8840
NC_045512.2	4872	A	9432
NC_045512.2	4873	T	9796
NC_045512.2	4874	T	9992
NC_045512.2	4875	A	10074
NC_045512.2	4876	C	10222
NC_045512.2	4877	A	10016
NC_045512.2	4878	C	10190
NC_045512.2	4879	T	9873
NC_045512.2	4880	A	9900
NC_045512.2	4881	G	9955
NC_045512.2	4882	T	9810
NC_045512.2	4883	A	10461
NC_045512.2	4884	A	10415
NC_045512.2	4885	T	10186
NC_045512.2	4886	C	10627
NC_045512.2	4887	C	10327
NC_045512.2	4888	T	10294
NC_045512.2	4889	A	10368
NC_045512.2	4890	C	10606
NC_045512.2	4891	C	10687
NC_045512.2	4892	A	10591
NC_045512.2	4893	C	10829
NC_045512.2	4894	A	10616
NC_045512.2	4895	T	10633
NC_045512.2	4896	T	10641
NC_045512.2	4897	C	10671
NC_045512.2	4898	C	10592
NC_045512.2	4899	A	10501
NC_045512.2	4900	C	11520
NC_045512.2	4901	C	11524
NC_045512.2	4902	T	9803
NC_045512.2	4903	A	11418
NC_045512.2	4904	G	11479
NC_045512.2	4905	A	11452
NC_045512.2	4906	T	11402
NC_045512.2	4907	G	11322
NC_045512.2	4908	G	11497
NC_045512.2	4909	T	11219
NC_045512.2	4910	G	11197
NC_045512.2	4911	A	11160
NC_045512.2	4912	A	11270
NC_045512.2	4913	G	11316
NC_045512.2	4914	T	11185
NC_045512.2	4915	T	10678
NC_045512.2	4916	A	11165
NC_045512.2	4917	T	10885
NC_045512.2	4918	C	11150
NC_045512.2	4919	A	11074
NC_045512.2	4920	C	11090
NC_045512.2	4921	C	11055
NC_045512.2	4922	T	10820
NC_045512.2	4923	T	10303
NC_045512.2	4924	T	10760
NC_045512.2	4925	G	10891
NC_045512.2	4926	A	10806
NC_045512.2	4927	C	10840
NC_045512.2	4928	A	10475
NC_045512.2	4929	A	10056
NC_045512.2	4930	T	8694
NC_045512.2	4931	C	10407
NC_045512.2	4932	T	9737
NC_045512.2	4933	T	9978
NC_045512.2	4934	A	10300
NC_045512.2	4935	A	10344
NC_045512.2	4936	G	10363
NC_045512.2	4937	A	10158
NC_045512.2	4938	C	10268
NC_045512.2	4939	A	9417
NC_045512.2	4940	C	9444
NC_045512.2	4941	T	8134
NC_045512.2	4942	T	7296
NC_045512.2	4943	C	8140
NC_045512.2	4944	T	8140
NC_045512.2	4945	T	8108
NC_045512.2	4946	T	7337
NC_045512.2	4947	C	8076
NC_045512.2	4948	T	7839
NC_045512.2	4949	T	7935
NC_045512.2	4950	T	7900
NC_045512.2	4951	G	7966
NC_045512.2	4952	A	7928
NC_045512.2	4953	G	7944
NC_045512.2	4954	A	7908
NC_045512.2	4955	G	7900
NC_045512.2	4956	A	7836
NC_045512.2	4957	A	7850
NC_045512.2	4958	G	7872
NC_045512.2	4959	T	7192
NC_045512.2	4960	G	7173
NC_045512.2	4961	A	6879
NC_045512.2	4962	G	6871
NC_045512.2	4963	G	6895
NC_045512.2	4964	A	6778
NC_045512.2	4965	C	6805
NC_045512.2	4966	T	5919
NC_045512.2	4967	A	6568
NC_045512.2	4968	T	6477
NC_045512.2	4969	T	6465
NC_045512.2	4970	A	6494
NC_045512.2	4971	A	6393
NC_045512.2	4972	G	6401
NC_045512.2	4973	G	6391
NC_045512.2	4974	T	5270
NC_045512.2	4975	G	5355
NC_045512.2	4976	T	3673
NC_045512.2	4977	T	4826
NC_045512.2	4978	T	4800
NC_045512.2	4979	A	4685
NC_045512.2	4980	C	4801
NC_045512.2	4981	A	4698
NC_045512.2	4982	A	4640
NC_045512.2	4983	C	4641
NC_045512.2	4984	A	3757
NC_045512.2	4985	G	3770
NC_045512.2	4986	T	3580
NC_045512.2	4987	A	3624
NC_045512.2	4988	G	3627
NC_045512.2	4989	A	3492
NC_045512.2	4990	C	3476
NC_045512.2	4991	A	3008
NC_045512.2	4992	A	2902
NC_045512.2	4993	C	2906
NC_045512.2	4994	A	2610
NC_045512.2	4995	T	2615
NC_045512.2	4996	T	2356
NC_045512.2	4997	A	2378
NC_045512.2	4998	A	2391
NC_045512.2	4999	C	2392
NC_045512.2	5000	C	2296
NC_045512.2	5001	T	810
NC_045512.2	5002	C	781
NC_045512.2	5003	C	706
NC_045512.2	5004	A	681
NC_045512.2	5005	C	686
NC_045512.2	5006	A	610
NC_045512.2	5007	C	590
NC_045512.2	5008	G	345
NC_045512.2	5009	C	306
NC_045512.2	5010	A	216
NC_045512.2	5011	A	32
NC_045512.2	5012	G	28
NC_045512.2	5013	T	7
NC_045512.2	5014	T	2
NC_045512.2	5015	G	1
NC_045512.2	5016	T	0
NC_045512.2	5017	G	0
NC_045512.2	5018	G	0
NC_045512.2	5019	A	0
NC_045512.2	5020	C	0
NC_045512.2	5021	A	0
NC_045512.2	5022	T	0
NC_045512.2	5023	G	0
NC_045512.2	5024	T	0
NC_045512.2	5025	C	0
NC_045512.2	5026	A	0
NC_045512.2	5027	A	0
NC_045512.2	5028	T	0
NC_045512.2	5029	G	0
NC_045512.2	5030	A	0
NC_045512.2	5031	C	0
NC_045512.2	5032	A	0
NC_045512.2	5033	T	0
NC_045512.2	5034	A	0
NC_045512.2	5035	T	0
NC_045512.2	5036	G	0
NC_045512.2	5037	G	0
NC_045512.2	5038	A	0
NC_045512.2	5039	C	0
NC_045512.2	5040	A	0
NC_045512.2	5041	A	0
NC_045512.2	5042	C	0
NC_045512.2	5043	A	0
NC_045512.2	5044	G	0
NC_045512.2	5045	T	0
NC_045512.2	5046	T	0
NC_045512.2	5047	T	0
NC_045512.2	5048	G	0
NC_045512.2	5049	G	0
NC_045512.2	5050	T	0
NC_045512.2	5051	C	0
NC_045512.2	5052	C	0
NC_045512.2	5053	A	0
NC_045512.2	5054	A	0
NC_045512.2	5055	C	0
NC_045512.2	5056	T	0
NC_045512.2	5057	T	0
NC_045512.2	5058	A	0
NC_045512.2	5059	T	0
NC_045512.2	5060	T	0
NC_045512.2	5061	T	0
NC_045512.2	5062	G	0
NC_045512.2	5063	G	0
NC_045512.2	5064	A	0
NC_045512.2	5065	T	0
NC_045512.2	5066	G	0
NC_045512.2	5067	G	0
NC_045512.2	5068	A	0
NC_045512.2	5069	G	0
NC_045512.2	5070	C	0
NC_045512.2	5071	T	0
NC_045512.2	5072	G	0
NC_045512.2	5073	A	0
NC_045512.2	5074	T	0
NC_045512.2	5075	G	0
NC_045512.2	5076	T	0
NC_045512.2	5077	T	0
NC_045512.2	5078	A	0
NC_045512.2	5079	C	0
NC_045512.2	5080	T	0
NC_045512.2	5081	A	0
NC_045512.2	5082	A	0
NC_045512.2	5083	A	0
NC_045512.2	5084	A	0
NC_045512.2	5085	T	0
NC_045512.2	5086	A	0
NC_045512.2	5087	A	0
NC_045512.2	5088	A	0
NC_045512.2	5089	A	0
NC_045512.2	5090	C	0
NC_045512.2	5091	C	0
NC_045512.2	5092	T	0
NC_045512.2	5093	C	0
NC_045512.2	5094	A	0
NC_045512.2	5095	T	0
NC_045512.2	5096	A	0
NC_045512.2	5097	A	0
NC_045512.2	5098	T	0
NC_045512.2	5099	T	0
NC_045512.2	5100	C	0
NC_045512.2	5101	A	0
NC_045512.2	5102	C	0
NC_045512.2	5103	A	0
NC_045512.2	5104	T	0
NC_045512.2	5105	G	0
NC_045512.2	5106	A	0
NC_045512.2	5107	A	0
NC_045512.2	5108	G	0
NC_045512.2	5109	G	0
NC_045512.2	5110	T	0
NC_045512.2	5111	A	0
NC_045512.2	5112	A	0
NC_045512.2	5113	A	0
NC_045512.2	5114	A	0
NC_045512.2	5115	C	0
NC_045512.2	5116	A	0
NC_045512.2	5117	T	0
NC_045512.2	5118	T	0
NC_045512.2	5119	T	0
NC_045512.2	5120	T	0
NC_045512.2	5121	A	0
NC_045512.2	5122	T	0
NC_045512.2	5123	G	0
NC_045512.2	5124	T	0
NC_045512.2	5125	T	0
NC_045512.2	5126	T	0
NC_045512.2	5127	T	0
NC_045512.2	5128	A	0
NC_045512.2	5129	C	0
NC_045512.2	5130	C	0
NC_045512.2	5131	T	0
NC_045512.2	5132	A	0
NC_045512.2	5133	A	0
NC_045512.2	5134	T	0
NC_045512.2	5135	G	0
NC_045512.2	5136	A	0
NC_045512.2	5137	T	0
NC_045512.2	5138	G	0
NC_045512.2	5139	A	0
NC_045512.2	5140	C	0
NC_045512.2	5141	A	0
NC_045512.2	5142	C	0
NC_045512.2	5143	T	0
NC_045512.2	5144	C	0
NC_045512.2	5145	T	0
NC_045512.2	5146	A	0
NC_045512.2	5147	C	0
NC_045512.2	5148	G	0
NC_045512.2	5149	T	0
NC_045512.2	5150	G	0
NC_045512.2	5151	T	0
NC_045512.2	5152	T	0
NC_045512.2	5153	G	0
NC_045512.2	5154	A	0
NC_045512.2	5155	G	0
NC_045512.2	5156	G	0
NC_045512.2	5157	C	0
NC_045512.2	5158	T	0
NC_045512.2	5159	T	0
NC_045512.2	5160	T	0
NC_045512.2	5161	T	0
NC_045512.2	5162	G	0
NC_045512.2	5163	A	0
NC_045512.2	5164	G	0
NC_045512.2	5165	T	0
NC_045512.2	5166	A	0
NC_045512.2	5167	C	0
NC_045512.2	5168	T	0
NC_045512.2	5169	A	0
NC_045512.2	5170	C	0
NC_045512.2	5171	C	0
NC_045512.2	5172	A	0
NC_045512.2	5173	C	0
NC_045512.2	5174	A	0
NC_045512.2	5175	C	0
NC_045512.2	5176	A	0
NC_045512.2	5177	A	0
NC_045512.2	5178	C	0
NC_045512.2	5179	T	0
NC_045512.2	5180	G	0
NC_045512.2	5181	A	0
NC_045512.2	5182	T	0
NC_045512.2	5183	C	0
NC_045512.2	5184	C	0
NC_045512.2	5185	T	0
NC_045512.2	5186	A	0
NC_045512.2	5187	G	0
NC_045512.2	5188	T	0
NC_045512.2	5189	T	0
NC_045512.2	5190	T	0
NC_045512.2	5191	T	0
NC_045512.2	5192	C	0
NC_045512.2	5193	T	0
NC_045512.2	5194	G	0
NC_045512.2	5195	G	0
NC_045512.2	5196	G	0
NC_045512.2	5197	T	0
NC_045512.2	5198	A	0
NC_045512.2	5199	G	0
NC_045512.2	5200	G	0
NC_045512.2	5201	T	0
NC_045512.2	5202	A	0
NC_045512.2	5203	C	0
NC_045512.2	5204	A	0
NC_045512.2	5205	T	0
NC_045512.2	5206	G	0
NC_045512.2	5207	T	0
NC_045512.2	5208	C	0
NC_045512.2	5209	A	0
NC_045512.2	5210	G	0
NC_045512.2	5211	C	0
NC_045512.2	5212	A	0
NC_045512.2	5213	T	0
NC_045512.2	5214	T	0
NC_045512.2	5215	A	0
NC_045512.2	5216	A	0
NC_045512.2	5217	A	0
NC_045512.2	5218	T	0
NC_045512.2	5219	C	0
NC_045512.2	5220	A	0
NC_045512.2	5221	C	0
NC_045512.2	5222	A	0
NC_045512.2	5223	C	0
NC_045512.2	5224	T	0
NC_045512.2	5225	A	0
NC_045512.2	5226	A	0
NC_045512.2	5227	A	0
NC_045512.2	5228	A	0
NC_045512.2	5229	A	0
NC_045512.2	5230	G	0
NC_045512.2	5231	T	0
NC_045512.2	5232	G	0
NC_045512.2	5233	G	0
NC_045512.2	5234	A	0
NC_045512.2	5235	A	0
NC_045512.2	5236	A	6
NC_045512.2	5237	T	7
NC_045512.2	5238	A	580
NC_045512.2	5239	C	733
NC_045512.2	5240	C	770
NC_045512.2	5241	C	775
NC_045512.2	5242	A	795
NC_045512.2	5243	C	1040
NC_045512.2	5244	A	1041
NC_045512.2	5245	A	2063
NC_045512.2	5246	G	2178
NC_045512.2	5247	T	2123
NC_045512.2	5248	T	2156
NC_045512.2	5249	A	2099
NC_045512.2	5250	A	2116
NC_045512.2	5251	T	2204
NC_045512.2	5252	G	2524
NC_045512.2	5253	G	2781
NC_045512.2	5254	T	2775
NC_045512.2	5255	T	2772
NC_045512.2	5256	T	2776
NC_045512.2	5257	A	2808
NC_045512.2	5258	A	2763
NC_045512.2	5259	C	3070
NC_045512.2	5260	T	3060
NC_045512.2	5261	T	3171
NC_045512.2	5262	C	3528
NC_045512.2	5263	T	3544
NC_045512.2	5264	A	3566
NC_045512.2	5265	T	3555
NC_045512.2	5266	T	3573
NC_045512.2	5267	A	3446
NC_045512.2	5268	A	3565
NC_045512.2	5269	A	3617
NC_045512.2	5270	T	3610
NC_045512.2	5271	G	3658
NC_045512.2	5272	G	3697
NC_045512.2	5273	G	3773
NC_045512.2	5274	C	3759
NC_045512.2	5275	A	3791
NC_045512.2	5276	G	4504
NC_045512.2	5277	A	4250
NC_045512.2	5278	T	4687
NC_045512.2	5279	A	4317
NC_045512.2	5280	A	4780
NC_045512.2	5281	C	4884
NC_045512.2	5282	A	4825
NC_045512.2	5283	A	5024
NC_045512.2	5284	C	5267
NC_045512.2	5285	T	5235
NC_045512.2	5286	G	5351
NC_045512.2	5287	T	5273
NC_045512.2	5288	T	5385
NC_045512.2	5289	A	5321
NC_045512.2	5290	T	5496
NC_045512.2	5291	C	5527
NC_045512.2	5292	T	5520
NC_045512.2	5293	T	5533
NC_045512.2	5294	G	5587
NC_045512.2	5295	C	5730
NC_045512.2	5296	C	5762
NC_045512.2	5297	A	5761
NC_045512.2	5298	C	5897
NC_045512.2	5299	T	5850
NC_045512.2	5300	G	6153
NC_045512.2	5301	C	6162
NC_045512.2	5302	A	6401
NC_045512.2	5303	T	6507
NC_045512.2	5304	T	6640
NC_045512.2	5305	G	7105
NC_045512.2	5306	T	7059
NC_045512.2	5307	T	7041
NC_045512.2	5308	A	7002
NC_045512.2	5309	A	5933
NC_045512.2	5310	C	7210
NC_045512.2	5311	A	7132
NC_045512.2	5312	C	7347
NC_045512.2	5313	T	7323
NC_045512.2	5314	C	7443
NC_045512.2	5315	C	7454
NC_045512.2	5316	A	7440
NC_045512.2	5317	A	6798
NC_045512.2	5318	C	7607
NC_045512.2	5319	A	7333
NC_045512.2	5320	A	7522
NC_045512.2	5321	A	7292
NC_045512.2	5322	T	7584
NC_045512.2	5323	A	6425
NC_045512.2	5324	G	7757
NC_045512.2	5325	A	7079
NC_045512.2	5326	G	7847
NC_045512.2	5327	T	7775
NC_045512.2	5328	T	7790
NC_045512.2	5329	G	7883
NC_045512.2	5330	A	7720
NC_045512.2	5331	A	7709
NC_045512.2	5332	G	8110
NC_045512.2	5333	T	8030
NC_045512.2	5334	T	8039
NC_045512.2	5335	T	8104
NC_045512.2	5336	A	8157
NC_045512.2	5337	A	8167
NC_045512.2	5338	T	8117
NC_045512.2	5339	C	7593
NC_045512.2	5340	C	7574
NC_045512.2	5341	A	7622
NC_045512.2	5342	C	7626
NC_045512.2	5343	C	6670
NC_045512.2	5344	T	6616
NC_045512.2	5345	G	6661
NC_045512.2	5346	C	6615
NC_045512.2	5347	T	6604
NC_045512.2	5348	C	6639
NC_045512.2	5349	T	6615
NC_045512.2	5350	A	6464
NC_045512.2	5351	C	6595
NC_045512.2	5352	A	6383
NC_045512.2	5353	A	6310
NC_045512.2	5354	G	6067
NC_045512.2	5355	A	5266
NC_045512.2	5356	T	6073
NC_045512.2	5357	G	6077
NC_045512.2	5358	C	5828
NC_045512.2	5359	T	5777
NC_045512.2	5360	T	5712
NC_045512.2	5361	A	5789
NC_045512.2	5362	T	5738
NC_045512.2	5363	T	5472
NC_045512.2	5364	A	5324
NC_045512.2	5365	C	5470
NC_045512.2	5366	A	5351
NC_045512.2	5367	G	5313
NC_045512.2	5368	A	5327
NC_045512.2	5369	G	5279
NC_045512.2	5370	C	5359
NC_045512.2	5371	A	5250
NC_045512.2	5372	A	5259
NC_045512.2	5373	G	5238
NC_045512.2	5374	G	5198
NC_045512.2	5375	G	6748
NC_045512.2	5376	C	5957
NC_045512.2	5377	T	5973
NC_045512.2	5378	G	6051
NC_045512.2	5379	G	6092
NC_045512.2	5380	T	6058
NC_045512.2	5381	G	6051
NC_045512.2	5382	A	5750
NC_045512.2	5383	A	5839
NC_045512.2	5384	G	5809
NC_045512.2	5385	C	5586
NC_045512.2	5386	T	5558
NC_045512.2	5387	G	5613
NC_045512.2	5388	C	5515
NC_045512.2	5389	T	5521
NC_045512.2	5390	A	5515
NC_045512.2	5391	A	5452
NC_045512.2	5392	C	5616
NC_045512.2	5393	T	5594
NC_045512.2	5394	T	5472
NC_045512.2	5395	T	5094
NC_045512.2	5396	T	4977
NC_045512.2	5397	G	5014
NC_045512.2	5398	T	4666
NC_045512.2	5399	G	4969
NC_045512.2	5400	C	4769
NC_045512.2	5401	A	4709
NC_045512.2	5402	C	4525
NC_045512.2	5403	T	4461
NC_045512.2	5404	T	4432
NC_045512.2	5405	A	4745
NC_045512.2	5406	T	4169
NC_045512.2	5407	C	4499
NC_045512.2	5408	T	4479
NC_045512.2	5409	T	4044
NC_045512.2	5410	A	4557
NC_045512.2	5411	G	4528
NC_045512.2	5412	C	4562
NC_045512.2	5413	C	4509
NC_045512.2	5414	T	4261
NC_045512.2	5415	A	4630
NC_045512.2	5416	C	4512
NC_045512.2	5417	T	4452
NC_045512.2	5418	G	4859
NC_045512.2	5419	T	4739
NC_045512.2	5420	A	4942
NC_045512.2	5421	A	4915
NC_045512.2	5422	T	4919
NC_045512.2	5423	A	4552
NC_045512.2	5424	A	4888
NC_045512.2	5425	G	4926
NC_045512.2	5426	A	4662
NC_045512.2	5427	C	4908
NC_045512.2	5428	A	4817
NC_045512.2	5429	G	5060
NC_045512.2	5430	T	5146
NC_045512.2	5431	A	5261
NC_045512.2	5432	G	5272
NC_045512.2	5433	G	5164
NC_045512.2	5434	T	5161
NC_045512.2	5435	G	5375
NC_045512.2	5436	A	5240
NC_045512.2	5437	G	5359
NC_045512.2	5438	T	5636
NC_045512.2	5439	T	5711
NC_045512.2	5440	A	5683
NC_045512.2	5441	G	5716
NC_045512.2	5442	G	5734
NC_045512.2	5443	T	5715
NC_045512.2	5444	G	5673
NC_045512.2	5445	A	5815
NC_045512.2	5446	T	5747
NC_045512.2	5447	G	5825
NC_045512.2	5448	T	5769
NC_045512.2	5449	T	5837
NC_045512.2	5450	A	5784
NC_045512.2	5451	G	5904
NC_045512.2	5452	A	5516
NC_045512.2	5453	G	5914
NC_045512.2	5454	A	4701
NC_045512.2	5455	A	6267
NC_045512.2	5456	A	6471
NC_045512.2	5457	C	6075
NC_045512.2	5458	A	5961
NC_045512.2	5459	A	6018
NC_045512.2	5460	T	5962
NC_045512.2	5461	G	6101
NC_045512.2	5462	A	5922
NC_045512.2	5463	G	5995
NC_045512.2	5464	T	6108
NC_045512.2	5465	T	6784
NC_045512.2	5466	A	6932
NC_045512.2	5467	C	6983
NC_045512.2	5468	T	6946
NC_045512.2	5469	T	6822
NC_045512.2	5470	G	6930
NC_045512.2	5471	T	6875
NC_045512.2	5472	T	6915
NC_045512.2	5473	T	7024
NC_045512.2	5474	C	6975
NC_045512.2	5475	A	7294
NC_045512.2	5476	A	7088
NC_045512.2	5477	C	7387
NC_045512.2	5478	A	7353
NC_045512.2	5479	T	7382
NC_045512.2	5480	G	7398
NC_045512.2	5481	C	7470
NC_045512.2	5482	C	7482
NC_045512.2	5483	A	7317
NC_045512.2	5484	A	7508
NC_045512.2	5485	T	7996
NC_045512.2	5486	T	8177
NC_045512.2	5487	T	8258
NC_045512.2	5488	A	8250
NC_045512.2	5489	G	8246
NC_045512.2	5490	A	8151
NC_045512.2	5491	T	8147
NC_045512.2	5492	T	7344
NC_045512.2	5493	C	8160
NC_045512.2	5494	T	8065
NC_045512.2	5495	T	8046
NC_045512.2	5496	G	8192
NC_045512.2	5497	C	8278
NC_045512.2	5498	A	8239
NC_045512.2	5499	A	8270
NC_045512.2	5500	A	8054
NC_045512.2	5501	A	8268
NC_045512.2	5502	G	8293
NC_045512.2	5503	A	7956
NC_045512.2	5504	G	8289
NC_045512.2	5505	T	7317
NC_045512.2	5506	C	8233
NC_045512.2	5507	T	8405
NC_045512.2	5508	T	8233
NC_045512.2	5509	G	8381
NC_045512.2	5510	A	8357
NC_045512.2	5511	A	8276
NC_045512.2	5512	C	8327
NC_045512.2	5513	G	8198
NC_045512.2	5514	T	7955
NC_045512.2	5515	G	7954
NC_045512.2	5516	G	8122
NC_045512.2	5517	T	8014
NC_045512.2	5518	G	8187
NC_045512.2	5519	T	7963
NC_045512.2	5520	G	8141
NC_045512.2	5521	T	8437
NC_045512.2	5522	A	8630
NC_045512.2	5523	A	8866
NC_045512.2	5524	A	8819
NC_045512.2	5525	A	8929
NC_045512.2	5526	C	8944
NC_045512.2	5527	T	8704
NC_045512.2	5528	T	8745
NC_045512.2	5529	G	8854
NC_045512.2	5530	T	9483
NC_045512.2	5531	G	9558
NC_045512.2	5532	G	9953
NC_045512.2	5533	A	9937
NC_045512.2	5534	C	10044
NC_045512.2	5535	A	9892
NC_045512.2	5536	A	9853
NC_045512.2	5537	C	9972
NC_045512.2	5538	A	9270
NC_045512.2	5539	G	9282
NC_045512.2	5540	C	9321
NC_045512.2	5541	A	9264
NC_045512.2	5542	G	9329
NC_045512.2	5543	A	9170
NC_045512.2	5544	C	9287
NC_045512.2	5545	A	9118
NC_045512.2	5546	A	9071
NC_045512.2	5547	C	9186
NC_045512.2	5548	C	8660
NC_045512.2	5549	C	9126
NC_045512.2	5550	T	8386
NC_045512.2	5551	T	8914
NC_045512.2	5552	A	8877
NC_045512.2	5553	A	8791
NC_045512.2	5554	G	8837
NC_045512.2	5555	G	8375
NC_045512.2	5556	G	8438
NC_045512.2	5557	T	7434
NC_045512.2	5558	G	8098
NC_045512.2	5559	T	8117
NC_045512.2	5560	A	8066
NC_045512.2	5561	G	8105
NC_045512.2	5562	A	7997
NC_045512.2	5563	A	7961
NC_045512.2	5564	G	7946
NC_045512.2	5565	C	7711
NC_045512.2	5566	T	6440
NC_045512.2	5567	G	6544
NC_045512.2	5568	T	6391
NC_045512.2	5569	T	6266
NC_045512.2	5570	A	6272
NC_045512.2	5571	T	6345
NC_045512.2	5572	G	6314
NC_045512.2	5573	T	6241
NC_045512.2	5574	A	6148
NC_045512.2	5575	C	6137
NC_045512.2	5576	A	5574
NC_045512.2	5577	T	5571
NC_045512.2	5578	G	5545
NC_045512.2	5579	G	5344
NC_045512.2	5580	G	5327
NC_045512.2	5581	C	5211
NC_045512.2	5582	A	5170
NC_045512.2	5583	C	5191
NC_045512.2	5584	A	5097
NC_045512.2	5585	C	5122
NC_045512.2	5586	T	4381
NC_045512.2	5587	T	4312
NC_045512.2	5588	T	3794
NC_045512.2	5589	C	4132
NC_045512.2	5590	T	4091
NC_045512.2	5591	T	4060
NC_045512.2	5592	A	4102
NC_045512.2	5593	T	3683
NC_045512.2	5594	G	4008
NC_045512.2	5595	A	3979
NC_045512.2	5596	A	3964
NC_045512.2	5597	C	3973
NC_045512.2	5598	A	3831
NC_045512.2	5599	A	3827
NC_045512.2	5600	T	3481
NC_045512.2	5601	T	3805
NC_045512.2	5602	T	3676
NC_045512.2	5603	A	3802
NC_045512.2	5604	A	3845
NC_045512.2	5605	G	3834
NC_045512.2	5606	A	3756
NC_045512.2	5607	A	3714
NC_045512.2	5608	A	3528
NC_045512.2	5609	G	3537
NC_045512.2	5610	G	3551
NC_045512.2	5611	T	3447
NC_045512.2	5612	G	3495
NC_045512.2	5613	T	3440
NC_045512.2	5614	T	3491
NC_045512.2	5615	C	3474
NC_045512.2	5616	A	3402
NC_045512.2	5617	G	3434
NC_045512.2	5618	A	3382
NC_045512.2	5619	T	3253
NC_045512.2	5620	A	3197
NC_045512.2	5621	C	3157
NC_045512.2	5622	C	2809
NC_045512.2	5623	T	2473
NC_045512.2	5624	T	2107
NC_045512.2	5625	G	2114
NC_045512.2	5626	T	1979
NC_045512.2	5627	A	1976
NC_045512.2	5628	C	1960
NC_045512.2	5629	G	1738
NC_045512.2	5630	T	795
NC_045512.2	5631	G	677
NC_045512.2	5632	T	182
NC_045512.2	5633	G	171
NC_045512.2	5634	G	156
NC_045512.2	5635	T	49
NC_045512.2	5636	A	38
NC_045512.2	5637	A	15
NC_045512.2	5638	A	5
NC_045512.2	5639	C	4
NC_045512.2	5640	A	2
NC_045512.2	5641	A	0
NC_045512.2	5642	G	0
NC_045512.2	5643	C	0
NC_045512.2	5644	T	0
NC_045512.2	5645	A	0
NC_045512.2	5646	C	0
NC_045512.2	5647	A	0
NC_045512.2	5648	A	0
NC_045512.2	5649	A	0
NC_045512.2	5650	A	0
NC_045512.2	5651	T	0
NC_045512.2	5652	A	0
NC_045512.2	5653	T	0
NC_045512.2	5654	C	0
NC_045512.2	5655	T	0
NC_045512.2	5656	A	0
NC_045512.2	5657	G	0
NC_045512.2	5658	T	0
NC_045512.2	5659	A	0
NC_045512.2	5660	C	0
NC_045512.2	5661	A	0
NC_045512.2	5662	A	0
NC_045512.2	5663	C	0
NC_045512.2	5664	A	0
NC_045512.2	5665	G	0
NC_045512.2	5666	G	0
NC_045512.2	5667	A	0
NC_045512.2	5668	G	0
NC_045512.2	5669	T	0
NC_045512.2	5670	C	0
NC_045512.2	5671	A	0
NC_045512.2	5672	C	0
NC_045512.2	5673	C	0
NC_045512.2	5674	T	0
NC_045512.2	5675	T	0
NC_045512.2	5676	T	0
NC_045512.2	5677	T	0
NC_045512.2	5678	G	0
NC_045512.2	5679	T	0
NC_045512.2	5680	T	0
NC_045512.2	5681	A	0
NC_045512.2	5682	T	0
NC_045512.2	5683	G	0
NC_045512.2	5684	A	0
NC_045512.2	5685	T	0
NC_045512.2	5686	G	0
NC_045512.2	5687	T	0
NC_045512.2	5688	C	0
NC_045512.2	5689	A	0
NC_045512.2	5690	G	0
NC_045512.2	5691	C	0
NC_045512.2	5692	A	0
NC_045512.2	5693	C	0
NC_045512.2	5694	C	0
NC_045512.2	5695	A	0
NC_045512.2	5696	C	0
NC_045512.2	5697	C	0
NC_045512.2	5698	T	0
NC_045512.2	5699	G	0
NC_045512.2	5700	C	0
NC_045512.2	5701	T	0
NC_045512.2	5702	C	0
NC_045512.2	5703	A	0
NC_045512.2	5704	G	0
NC_045512.2	5705	T	0
NC_045512.2	5706	A	0
NC_045512.2	5707	T	0
NC_045512.2	5708	G	0
NC_045512.2	5709	A	0
NC_045512.2	5710	A	0
NC_045512.2	5711	C	0
NC_045512.2	5712	T	0
NC_045512.2	5713	T	0
NC_045512.2	5714	A	0
NC_045512.2	5715	A	0
NC_045512.2	5716	G	0
NC_045512.2	5717	C	0
NC_045512.2	5718	A	0
NC_045512.2	5719	T	0
NC_045512.2	5720	G	0
NC_045512.2	5721	G	0
NC_045512.2	5722	T	0
NC_045512.2	5723	A	0
NC_045512.2	5724	C	0
NC_045512.2	5725	A	0
NC_045512.2	5726	T	0
NC_045512.2	5727	T	0
NC_045512.2	5728	T	0
NC_045512.2	5729	A	0
NC_045512.2	5730	C	0
NC_045512.2	5731	T	0
NC_045512.2	5732	T	0
NC_045512.2	5733	G	0
NC_045512.2	5734	T	0
NC_045512.2	5735	G	0
NC_045512.2	5736	C	0
NC_045512.2	5737	T	0
NC_045512.2	5738	A	0
NC_045512.2	5739	G	0
NC_045512.2	5740	T	0
NC_045512.2	5741	G	0
NC_045512.2	5742	A	0
NC_045512.2	5743	G	0
NC_045512.2	5744	T	0
NC_045512.2	5745	A	0
NC_045512.2	5746	C	0
NC_045512.2	5747	A	0
NC_045512.2	5748	C	0
NC_045512.2	5749	T	0
NC_045512.2	5750	G	0
NC_045512.2	5751	G	0
NC_045512.2	5752	T	0
NC_045512.2	5753	A	0
NC_045512.2	5754	A	0
NC_045512.2	5755	T	0
NC_045512.2	5756	T	0
NC_045512.2	5757	A	0
NC_045512.2	5758	C	0
NC_045512.2	5759	C	0
NC_045512.2	5760	A	0
NC_045512.2	5761	G	0
NC_045512.2	5762	T	0
NC_045512.2	5763	G	0
NC_045512.2	5764	T	0
NC_045512.2	5765	G	0
NC_045512.2	5766	G	0
NC_045512.2	5767	T	0
NC_045512.2	5768	C	0
NC_045512.2	5769	A	0
NC_045512.2	5770	C	0
NC_045512.2	5771	T	0
NC_045512.2	5772	A	0
NC_045512.2	5773	T	0
NC_045512.2	5774	A	0
NC_045512.2	5775	A	0
NC_045512.2	5776	A	0
NC_045512.2	5777	C	0
NC_045512.2	5778	A	0
NC_045512.2	5779	T	0
NC_045512.2	5780	A	0
NC_045512.2	5781	T	0
NC_045512.2	5782	A	0
NC_045512.2	5783	A	0
NC_045512.2	5784	C	0
NC_045512.2	5785	T	0
NC_045512.2	5786	T	0
NC_045512.2	5787	C	0
NC_045512.2	5788	T	0
NC_045512.2	5789	A	0
NC_045512.2	5790	A	0
NC_045512.2	5791	A	0
NC_045512.2	5792	G	0
NC_045512.2	5793	A	0
NC_045512.2	5794	A	0
NC_045512.2	5795	A	0
NC_045512.2	5796	C	0
NC_045512.2	5797	T	0
NC_045512.2	5798	T	0
NC_045512.2	5799	T	0
NC_045512.2	5800	G	0
NC_045512.2	5801	T	0
NC_045512.2	5802	A	0
NC_045512.2	5803	T	0
NC_045512.2	5804	T	0
NC_045512.2	5805	G	0
NC_045512.2	5806	C	0
NC_045512.2	5807	A	0
NC_045512.2	5808	T	0
NC_045512.2	5809	A	0
NC_045512.2	5810	G	0
NC_045512.2	5811	A	0
NC_045512.2	5812	C	0
NC_045512.2	5813	G	0
NC_045512.2	5814	G	0
NC_045512.2	5815	T	0
NC_045512.2	5816	G	0
NC_045512.2	5817	C	0
NC_045512.2	5818	T	0
NC_045512.2	5819	T	0
NC_045512.2	5820	T	0
NC_045512.2	5821	A	0
NC_045512.2	5822	C	0
NC_045512.2	5823	T	0
NC_045512.2	5824	T	0
NC_045512.2	5825	A	0
NC_045512.2	5826	C	0
NC_045512.2	5827	A	0
NC_045512.2	5828	A	0
NC_045512.2	5829	A	0
NC_045512.2	5830	G	0
NC_045512.2	5831	T	0
NC_045512.2	5832	C	0
NC_045512.2	5833	C	0
NC_045512.2	5834	T	0
NC_045512.2	5835	C	0
NC_045512.2	5836	A	0
NC_045512.2	5837	G	0
NC_045512.2	5838	A	0
NC_045512.2	5839	A	0
NC_045512.2	5840	T	0
NC_045512.2	5841	A	0
NC_045512.2	5842	C	0
NC_045512.2	5843	A	0
NC_045512.2	5844	A	0
NC_045512.2	5845	A	0
NC_045512.2	5846	G	0
NC_045512.2	5847	G	0
NC_045512.2	5848	T	0
NC_045512.2	5849	C	0
NC_045512.2	5850	C	0
NC_045512.2	5851	T	0
NC_045512.2	5852	A	0
NC_045512.2	5853	T	0
NC_045512.2	5854	T	0
NC_045512.2	5855	A	0
NC_045512.2	5856	C	0
NC_045512.2	5857	G	0
NC_045512.2	5858	G	0
NC_045512.2	5859	A	0
NC_045512.2	5860	T	0
NC_045512.2	5861	G	0
NC_045512.2	5862	T	0
NC_045512.2	5863	T	0
NC_045512.2	5864	T	0
NC_045512.2	5865	T	0
NC_045512.2	5866	C	0
NC_045512.2	5867	T	0
NC_045512.2	5868	A	0
NC_045512.2	5869	C	0
NC_045512.2	5870	A	0
NC_045512.2	5871	A	0
NC_045512.2	5872	A	0
NC_045512.2	5873	G	2
NC_045512.2	5874	A	2
NC_045512.2	5875	A	2
NC_045512.2	5876	A	3
NC_045512.2	5877	A	3
NC_045512.2	5878	C	50
NC_045512.2	5879	A	52
NC_045512.2	5880	G	80
NC_045512.2	5881	T	83
NC_045512.2	5882	T	80
NC_045512.2	5883	A	88
NC_045512.2	5884	C	110
NC_045512.2	5885	A	113
NC_045512.2	5886	C	121
NC_045512.2	5887	A	121
NC_045512.2	5888	A	120
NC_045512.2	5889	C	120
NC_045512.2	5890	A	115
NC_045512.2	5891	A	119
NC_045512.2	5892	C	120
NC_045512.2	5893	C	120
NC_045512.2	5894	A	119
NC_045512.2	5895	T	117
NC_045512.2	5896	A	115
NC_045512.2	5897	A	121
NC_045512.2	5898	A	101
NC_045512.2	5899	A	120
NC_045512.2	5900	C	119
NC_045512.2	5901	C	119
NC_045512.2	5902	A	113
NC_045512.2	5903	G	120
NC_045512.2	5904	T	118
NC_045512.2	5905	T	120
NC_045512.2	5906	A	114
NC_045512.2	5907	C	121
NC_045512.2	5908	T	112
NC_045512.2	5909	T	119
NC_045512.2	5910	A	121
NC_045512.2	5911	T	120
NC_045512.2	5912	A	117
NC_045512.2	5913	A	121
NC_045512.2	5914	A	119
NC_045512.2	5915	T	120
NC_045512.2	5916	T	115
NC_045512.2	5917	G	120
NC_045512.2	5918	G	120
NC_045512.2	5919	A	121
NC_045512.2	5920	T	119
NC_045512.2	5921	G	120
NC_045512.2	5922	G	118
NC_045512.2	5923	T	120
NC_045512.2	5924	G	120
NC_045512.2	5925	T	121
NC_045512.2	5926	T	119
NC_045512.2	5927	G	121
NC_045512.2	5928	T	277
NC_045512.2	5929	T	278
NC_045512.2	5930	T	284
NC_045512.2	5931	G	290
NC_045512.2	5932	T	291
NC_045512.2	5933	A	290
NC_045512.2	5934	C	290
NC_045512.2	5935	A	291
NC_045512.2	5936	G	301
NC_045512.2	5937	A	260
NC_045512.2	5938	A	301
NC_045512.2	5939	A	303
NC_045512.2	5940	T	300
NC_045512.2	5941	T	299
NC_045512.2	5942	G	302
NC_045512.2	5943	A	317
NC_045512.2	5944	C	324
NC_045512.2	5945	C	322
NC_045512.2	5946	C	323
NC_045512.2	5947	T	320
NC_045512.2	5948	A	333
NC_045512.2	5949	A	327
NC_045512.2	5950	G	340
NC_045512.2	5951	T	332
NC_045512.2	5952	T	334
NC_045512.2	5953	G	375
NC_045512.2	5954	G	378
NC_045512.2	5955	A	376
NC_045512.2	5956	C	398
NC_045512.2	5957	A	373
NC_045512.2	5958	A	418
NC_045512.2	5959	T	424
NC_045512.2	5960	T	422
NC_045512.2	5961	A	409
NC_045512.2	5962	T	430
NC_045512.2	5963	T	414
NC_045512.2	5964	A	421
NC_045512.2	5965	T	413
NC_045512.2	5966	A	424
NC_045512.2	5967	A	422
NC_045512.2	5968	G	428
NC_045512.2	5969	A	396
NC_045512.2	5970	A	433
NC_045512.2	5971	A	435
NC_045512.2	5972	G	441
NC_045512.2	5973	A	410
NC_045512.2	5974	C	441
NC_045512.2	5975	A	425
NC_045512.2	5976	A	440
NC_045512.2	5977	T	438
NC_045512.2	5978	T	429
NC_045512.2	5979	C	372
NC_045512.2	5980	T	374
NC_045512.2	5981	T	383
NC_045512.2	5982	A	472
NC_045512.2	5983	T	472
NC_045512.2	5984	T	461
NC_045512.2	5985	T	443
NC_045512.2	5986	C	443
NC_045512.2	5987	A	439
NC_045512.2	5988	C	443
NC_045512.2	5989	A	443
NC_045512.2	5990	G	457
NC_045512.2	5991	A	456
NC_045512.2	5992	G	456
NC_045512.2	5993	C	464
NC_045512.2	5994	A	466
NC_045512.2	5995	A	468
NC_045512.2	5996	C	463
NC_045512.2	5997	C	475
NC_045512.2	5998	A	474
NC_045512.2	5999	A	477
NC_045512.2	6000	T	474
NC_045512.2	6001	T	475
NC_045512.2	6002	G	484
NC_045512.2	6003	A	502
NC_045512.2	6004	T	492
NC_045512.2	6005	C	504
NC_045512.2	6006	T	511
NC_045512.2	6007	T	508
NC_045512.2	6008	G	510
NC_045512.2	6009	T	506
NC_045512.2	6010	A	519
NC_045512.2	6011	C	514
NC_045512.2	6012	C	506
NC_045512.2	6013	A	491
NC_045512.2	6014	A	509
NC_045512.2	6015	A	480
NC_045512.2	6016	C	515
NC_045512.2	6017	C	457
NC_045512.2	6018	A	452
NC_045512.2	6019	A	455
NC_045512.2	6020	C	479
NC_045512.2	6021	C	474
NC_045512.2	6022	A	467
NC_045512.2	6023	T	436
NC_045512.2	6024	A	414
NC_045512.2	6025	T	455
NC_045512.2	6026	C	449
NC_045512.2	6027	C	442
NC_045512.2	6028	A	432
NC_045512.2	6029	A	430
NC_045512.2	6030	A	301
NC_045512.2	6031	C	447
NC_045512.2	6032	G	449
NC_045512.2	6033	C	435
NC_045512.2	6034	A	447
NC_045512.2	6035	A	446
NC_045512.2	6036	G	450
NC_045512.2	6037	C	442
NC_045512.2	6038	T	446
NC_045512.2	6039	T	458
NC_045512.2	6040	C	458
NC_045512.2	6041	G	459
NC_045512.2	6042	A	454
NC_045512.2	6043	T	455
NC_045512.2	6044	A	372
NC_045512.2	6045	A	439
NC_045512.2	6046	T	461
NC_045512.2	6047	T	491
NC_045512.2	6048	T	511
NC_045512.2	6049	T	500
NC_045512.2	6050	A	506
NC_045512.2	6051	A	492
NC_045512.2	6052	G	522
NC_045512.2	6053	T	460
NC_045512.2	6054	T	496
NC_045512.2	6055	T	491
NC_045512.2	6056	G	502
NC_045512.2	6057	T	495
NC_045512.2	6058	A	499
NC_045512.2	6059	T	499
NC_045512.2	6060	G	499
NC_045512.2	6061	T	499
NC_045512.2	6062	G	502
NC_045512.2	6063	A	499
NC_045512.2	6064	T	494
NC_045512.2	6065	A	448
NC_045512.2	6066	A	487
NC_045512.2	6067	T	499
NC_045512.2	6068	A	435
NC_045512.2	6069	T	519
NC_045512.2	6070	C	510
NC_045512.2	6071	A	511
NC_045512.2	6072	A	488
NC_045512.2	6073	A	512
NC_045512.2	6074	T	515
NC_045512.2	6075	T	516
NC_045512.2	6076	T	511
NC_045512.2	6077	G	513
NC_045512.2	6078	C	515
NC_045512.2	6079	T	509
NC_045512.2	6080	G	514
NC_045512.2	6081	A	516
NC_045512.2	6082	T	513
NC_045512.2	6083	G	462
NC_045512.2	6084	A	475
NC_045512.2	6085	T	484
NC_045512.2	6086	T	485
NC_045512.2	6087	T	502
NC_045512.2	6088	A	511
NC_045512.2	6089	A	512
NC_045512.2	6090	A	502
NC_045512.2	6091	C	513
NC_045512.2	6092	C	515
NC_045512.2	6093	A	508
NC_045512.2	6094	G	514
NC_045512.2	6095	T	528
NC_045512.2	6096	T	553
NC_045512.2	6097	A	557
NC_045512.2	6098	A	546
NC_045512.2	6099	C	565
NC_045512.2	6100	T	549
NC_045512.2	6101	G	578
NC_045512.2	6102	G	586
NC_045512.2	6103	T	568
NC_045512.2	6104	T	550
NC_045512.2	6105	A	570
NC_045512.2	6106	T	592
NC_045512.2	6107	A	562
NC_045512.2	6108	A	585
NC_045512.2	6109	G	583
NC_045512.2	6110	A	525
NC_045512.2	6111	A	556
NC_045512.2	6112	A	558
NC_045512.2	6113	C	561
NC_045512.2	6114	C	554
NC_045512.2	6115	T	536
NC_045512.2	6116	G	552
NC_045512.2	6117	C	559
NC_045512.2	6118	T	580
NC_045512.2	6119	T	584
NC_045512.2	6120	C	577
NC_045512.2	6121	A	567
NC_045512.2	6122	A	573
NC_045512.2	6123	G	571
NC_045512.2	6124	A	530
NC_045512.2	6125	G	570
NC_045512.2	6126	A	527
NC_045512.2	6127	G	548
NC_045512.2	6128	C	540
NC_045512.2	6129	T	536
NC_045512.2	6130	T	540
NC_045512.2	6131	A	555
NC_045512.2	6132	A	553
NC_045512.2	6133	A	547
NC_045512.2	6134	G	559
NC_045512.2	6135	T	554
NC_045512.2	6136	T	592
NC_045512.2	6137	A	583
NC_045512.2	6138	C	599
NC_045512.2	6139	A	596
NC_045512.2	6140	T	602
NC_045512.2	6141	T	594
NC_045512.2	6142	T	604
NC_045512.2	6143	T	599
NC_045512.2	6144	T	605
NC_045512.2	6145	C	607
NC_045512.2	6146	C	598
NC_045512.2	6147	C	602
NC_045512.2	6148	T	537
NC_045512.2	6149	G	553
NC_045512.2	6150	A	594
NC_045512.2	6151	C	598
NC_045512.2	6152	T	599
NC_045512.2	6153	T	598
NC_045512.2	6154	A	640
NC_045512.2	6155	A	663
NC_045512.2	6156	A	651
NC_045512.2	6157	T	660
NC_045512.2	6158	G	648
NC_045512.2	6159	G	672
NC_045512.2	6160	T	660
NC_045512.2	6161	G	663
NC_045512.2	6162	A	664
NC_045512.2	6163	T	672
NC_045512.2	6164	G	683
NC_045512.2	6165	T	698
NC_045512.2	6166	G	697
NC_045512.2	6167	G	701
NC_045512.2	6168	T	684
NC_045512.2	6169	G	685
NC_045512.2	6170	G	677
NC_045512.2	6171	C	682
NC_045512.2	6172	T	650
NC_045512.2	6173	A	671
NC_045512.2	6174	T	632
NC_045512.2	6175	T	673
NC_045512.2	6176	G	674
NC_045512.2	6177	A	673
NC_045512.2	6178	T	652
NC_045512.2	6179	T	647
NC_045512.2	6180	A	662
NC_045512.2	6181	T	659
NC_045512.2	6182	A	658
NC_045512.2	6183	A	649
NC_045512.2	6184	A	654
NC_045512.2	6185	C	658
NC_045512.2	6186	A	633
NC_045512.2	6187	C	634
NC_045512.2	6188	T	603
NC_045512.2	6189	A	607
NC_045512.2	6190	C	605
NC_045512.2	6191	A	598
NC_045512.2	6192	C	598
NC_045512.2	6193	A	561
NC_045512.2	6194	C	561
NC_045512.2	6195	C	552
NC_045512.2	6196	C	523
NC_045512.2	6197	T	490
NC_045512.2	6198	C	515
NC_045512.2	6199	T	514
NC_045512.2	6200	T	490
NC_045512.2	6201	T	499
NC_045512.2	6202	T	496
NC_045512.2	6203	A	490
NC_045512.2	6204	A	496
NC_045512.2	6205	G	494
NC_045512.2	6206	A	489
NC_045512.2	6207	A	472
NC_045512.2	6208	A	467
NC_045512.2	6209	G	468
NC_045512.2	6210	G	468
NC_045512.2	6211	A	464
NC_045512.2	6212	G	466
NC_045512.2	6213	C	461
NC_045512.2	6214	T	461
NC_045512.2	6215	A	466
NC_045512.2	6216	A	461
NC_045512.2	6217	A	462
NC_045512.2	6218	T	466
NC_045512.2	6219	T	440
NC_045512.2	6220	G	432
NC_045512.2	6221	T	428
NC_045512.2	6222	T	428
NC_045512.2	6223	A	421
NC_045512.2	6224	C	426
NC_045512.2	6225	A	423
NC_045512.2	6226	T	427
NC_045512.2	6227	A	410
NC_045512.2	6228	A	411
NC_045512.2	6229	A	411
NC_045512.2	6230	C	415
NC_045512.2	6231	C	414
NC_045512.2	6232	T	345
NC_045512.2	6233	A	384
NC_045512.2	6234	T	376
NC_045512.2	6235	T	379
NC_045512.2	6236	G	388
NC_045512.2	6237	T	310
NC_045512.2	6238	T	287
NC_045512.2	6239	T	300
NC_045512.2	6240	G	296
NC_045512.2	6241	G	295
NC_045512.2	6242	C	292
NC_045512.2	6243	A	287
NC_045512.2	6244	T	281
NC_045512.2	6245	G	278
NC_045512.2	6246	T	226
NC_045512.2	6247	T	271
NC_045512.2	6248	A	271
NC_045512.2	6249	A	263
NC_045512.2	6250	C	267
NC_045512.2	6251	A	207
NC_045512.2	6252	A	210
NC_045512.2	6253	T	187
NC_045512.2	6254	G	0
NC_045512.2	6255	C	0
NC_045512.2	6256	A	0
NC_045512.2	6257	A	0
NC_045512.2	6258	C	0
NC_045512.2	6259	T	0
NC_045512.2	6260	A	0
NC_045512.2	6261	A	0
NC_045512.2	6262	T	0
NC_045512.2	6263	A	0
NC_045512.2	6264	A	0
NC_045512.2	6265	A	0
NC_045512.2	6266	G	0
NC_045512.2	6267	C	0
NC_045512.2	6268	C	0
NC_045512.2	6269	A	0
NC_045512.2	6270	C	0
NC_045512.2	6271	G	0
NC_045512.2	6272	T	0
NC_045512.2	6273	A	0
NC_045512.2	6274	T	0
NC_045512.2	6275	A	0
NC_045512.2	6276	A	0
NC_045512.2	6277	A	0
NC_045512.2	6278	C	0
NC_045512.2	6279	C	0
NC_045512.2	6280	A	0
NC_045512.2	6281	A	0
NC_045512.2	6282	A	0
NC_045512.2	6283	T	0
NC_045512.2	6284	A	0
NC_045512.2	6285	C	0
NC_045512.2	6286	C	0
NC_045512.2	6287	T	0
NC_045512.2	6288	G	0
NC_045512.2	6289	G	0
NC_045512.2	6290	T	0
NC_045512.2	6291	G	0
NC_045512.2	6292	T	0
NC_045512.2	6293	A	0
NC_045512.2	6294	T	0
NC_045512.2	6295	A	0
NC_045512.2	6296	C	0
NC_045512.2	6297	G	0
NC_045512.2	6298	T	0
NC_045512.2	6299	T	0
NC_045512.2	6300	G	0
NC_045512.2	6301	T	0
NC_045512.2	6302	C	0
NC_045512.2	6303	T	0
NC_045512.2	6304	T	0
NC_045512.2	6305	T	0
NC_045512.2	6306	G	0
NC_045512.2	6307	G	0
NC_045512.2	6308	A	0
NC_045512.2	6309	G	0
NC_045512.2	6310	C	0
NC_045512.2	6311	A	0
NC_045512.2	6312	C	0
NC_045512.2	6313	A	0
NC_045512.2	6314	A	0
NC_045512.2	6315	A	0
NC_045512.2	6316	A	0
NC_045512.2	6317	C	0
NC_045512.2	6318	C	0
NC_045512.2	6319	A	0
NC_045512.2	6320	G	0
NC_045512.2	6321	T	0
NC_045512.2	6322	T	0
NC_045512.2	6323	G	0
NC_045512.2	6324	A	0
NC_045512.2	6325	A	0
NC_045512.2	6326	A	0
NC_045512.2	6327	C	0
NC_045512.2	6328	A	0
NC_045512.2	6329	T	0
NC_045512.2	6330	C	0
NC_045512.2	6331	A	0
NC_045512.2	6332	A	0
NC_045512.2	6333	A	0
NC_045512.2	6334	T	0
NC_045512.2	6335	T	0
NC_045512.2	6336	C	0
NC_045512.2	6337	G	0
NC_045512.2	6338	T	0
NC_045512.2	6339	T	0
NC_045512.2	6340	T	0
NC_045512.2	6341	G	0
NC_045512.2	6342	A	0
NC_045512.2	6343	T	0
NC_045512.2	6344	G	0
NC_045512.2	6345	T	0
NC_045512.2	6346	A	0
NC_045512.2	6347	C	0
NC_045512.2	6348	T	0
NC_045512.2	6349	G	0
NC_045512.2	6350	A	0
NC_045512.2	6351	A	0
NC_045512.2	6352	G	0
NC_045512.2	6353	T	0
NC_045512.2	6354	C	0
NC_045512.2	6355	A	0
NC_045512.2	6356	G	0
NC_045512.2	6357	A	0
NC_045512.2	6358	G	0
NC_045512.2	6359	G	0
NC_045512.2	6360	A	0
NC_045512.2	6361	C	0
NC_045512.2	6362	G	0
NC_045512.2	6363	C	0
NC_045512.2	6364	G	0
NC_045512.2	6365	C	0
NC_045512.2	6366	A	0
NC_045512.2	6367	G	0
NC_045512.2	6368	G	0
NC_045512.2	6369	G	0
NC_045512.2	6370	A	0
NC_045512.2	6371	A	0
NC_045512.2	6372	T	0
NC_045512.2	6373	G	0
NC_045512.2	6374	G	0
NC_045512.2	6375	A	0
NC_045512.2	6376	T	0
NC_045512.2	6377	A	0
NC_045512.2	6378	A	0
NC_045512.2	6379	T	0
NC_045512.2	6380	C	0
NC_045512.2	6381	T	0
NC_045512.2	6382	T	0
NC_045512.2	6383	G	0
NC_045512.2	6384	C	0
NC_045512.2	6385	C	0
NC_045512.2	6386	T	0
NC_045512.2	6387	G	0
NC_045512.2	6388	C	0
NC_045512.2	6389	G	0
NC_045512.2	6390	A	0
NC_045512.2	6391	A	0
NC_045512.2	6392	G	0
NC_045512.2	6393	A	0
NC_045512.2	6394	T	0
NC_045512.2	6395	C	0
NC_045512.2	6396	T	0
NC_045512.2	6397	A	0
NC_045512.2	6398	A	0
NC_045512.2	6399	A	0
NC_045512.2	6400	A	0
NC_045512.2	6401	C	0
NC_045512.2	6402	C	0
NC_045512.2	6403	A	0
NC_045512.2	6404	G	0
NC_045512.2	6405	T	0
NC_045512.2	6406	C	0
NC_045512.2	6407	T	0
NC_045512.2	6408	C	0
NC_045512.2	6409	T	0
NC_045512.2	6410	G	0
NC_045512.2	6411	A	0
NC_045512.2	6412	A	0
NC_045512.2	6413	G	0
NC_045512.2	6414	A	0
NC_045512.2	6415	A	0
NC_045512.2	6416	G	0
NC_045512.2	6417	T	0
NC_045512.2	6418	A	0
NC_045512.2	6419	G	0
NC_045512.2	6420	T	0
NC_045512.2	6421	G	0
NC_045512.2	6422	G	0
NC_045512.2	6423	A	0
NC_045512.2	6424	A	0
NC_045512.2	6425	A	0
NC_045512.2	6426	A	0
NC_045512.2	6427	T	0
NC_045512.2	6428	C	0
NC_045512.2	6429	C	0
NC_045512.2	6430	T	0
NC_045512.2	6431	A	0
NC_045512.2	6432	C	0
NC_045512.2	6433	C	0
NC_045512.2	6434	A	0
NC_045512.2	6435	T	0
NC_045512.2	6436	A	0
NC_045512.2	6437	C	0
NC_045512.2	6438	A	0
NC_045512.2	6439	G	0
NC_045512.2	6440	A	0
NC_045512.2	6441	A	0
NC_045512.2	6442	A	0
NC_045512.2	6443	G	0
NC_045512.2	6444	A	0
NC_045512.2	6445	C	0
NC_045512.2	6446	G	0
NC_045512.2	6447	T	0
NC_045512.2	6448	T	0
NC_045512.2	6449	C	0
NC_045512.2	6450	T	0
NC_045512.2	6451	T	0
NC_045512.2	6452	G	0
NC_045512.2	6453	A	0
NC_045512.2	6454	G	0
NC_045512.2	6455	T	0
NC_045512.2	6456	G	0
NC_045512.2	6457	T	0
NC_045512.2	6458	A	0
NC_045512.2	6459	A	0
NC_045512.2	6460	T	0
NC_045512.2	6461	G	0
NC_045512.2	6462	T	0
NC_045512.2	6463	G	0
NC_045512.2	6464	A	0
NC_045512.2	6465	A	0
NC_045512.2	6466	A	0
NC_045512.2	6467	A	0
NC_045512.2	6468	C	0
NC_045512.2	6469	T	0
NC_045512.2	6470	A	0
NC_045512.2	6471	C	0
NC_045512.2	6472	C	0
NC_045512.2	6473	G	0
NC_045512.2	6474	A	0
NC_045512.2	6475	A	0
NC_045512.2	6476	G	0
NC_045512.2	6477	T	0
NC_045512.2	6478	T	0
NC_045512.2	6479	G	0
NC_045512.2	6480	T	0
NC_045512.2	6481	A	0
NC_045512.2	6482	G	0
NC_045512.2	6483	G	0
NC_045512.2	6484	A	0
NC_045512.2	6485	G	0
NC_045512.2	6486	A	0
NC_045512.2	6487	C	0
NC_045512.2	6488	A	0
NC_045512.2	6489	T	0
NC_045512.2	6490	T	0
NC_045512.2	6491	A	0
NC_045512.2	6492	T	0
NC_045512.2	6493	A	0
NC_045512.2	6494	C	0
NC_045512.2	6495	T	0
NC_045512.2	6496	T	0
NC_045512.2	6497	A	0
NC_045512.2	6498	A	0
NC_045512.2	6499	A	0
NC_045512.2	6500	C	0
NC_045512.2	6501	C	0
NC_045512.2	6502	A	0
NC_045512.2	6503	G	0
NC_045512.2	6504	C	0
NC_045512.2	6505	A	0
NC_045512.2	6506	A	0
NC_045512.2	6507	A	0
NC_045512.2	6508	T	0
NC_045512.2	6509	A	0
NC_045512.2	6510	A	0
NC_045512.2	6511	T	0
NC_045512.2	6512	A	0
NC_045512.2	6513	G	0
NC_045512.2	6514	T	0
NC_045512.2	6515	T	0
NC_045512.2	6516	T	0
NC_045512.2	6517	A	0
NC_045512.2	6518	A	0
NC_045512.2	6519	A	0
NC_045512.2	6520	A	0
NC_045512.2	6521	A	0
NC_045512.2	6522	T	0
NC_045512.2	6523	T	0
NC_045512.2	6524	A	0
NC_045512.2	6525	C	0
NC_045512.2	6526	A	0
NC_045512.2	6527	G	0
NC_045512.2	6528	A	0
NC_045512.2	6529	A	0
NC_045512.2	6530	G	0
NC_045512.2	6531	A	0
NC_045512.2	6532	G	0
NC_045512.2	6533	G	0
NC_045512.2	6534	T	0
NC_045512.2	6535	T	0
NC_045512.2	6536	G	0
NC_045512.2	6537	G	0
NC_045512.2	6538	C	0
NC_045512.2	6539	C	0
NC_045512.2	6540	A	0
NC_045512.2	6541	C	0
NC_045512.2	6542	A	0
NC_045512.2	6543	C	0
NC_045512.2	6544	A	0
NC_045512.2	6545	G	0
NC_045512.2	6546	A	0
NC_045512.2	6547	T	0
NC_045512.2	6548	C	1
NC_045512.2	6549	T	1
NC_045512.2	6550	A	0
NC_045512.2	6551	A	1
NC_045512.2	6552	T	0
NC_045512.2	6553	G	1
NC_045512.2	6554	G	1
NC_045512.2	6555	C	1
NC_045512.2	6556	T	1
NC_045512.2	6557	G	1
NC_045512.2	6558	C	1
NC_045512.2	6559	T	1
NC_045512.2	6560	T	2
NC_045512.2	6561	A	2
NC_045512.2	6562	T	2
NC_045512.2	6563	G	2
NC_045512.2	6564	T	1
NC_045512.2	6565	A	2
NC_045512.2	6566	G	2
NC_045512.2	6567	A	2
NC_045512.2	6568	C	2
NC_045512.2	6569	A	2
NC_045512.2	6570	A	2
NC_045512.2	6571	T	2
NC_045512.2	6572	T	2
NC_045512.2	6573	C	2
NC_045512.2	6574	T	2
NC_045512.2	6575	A	2
NC_045512.2	6576	G	1
NC_045512.2	6577	T	2
NC_045512.2	6578	C	2
NC_045512.2	6579	T	2
NC_045512.2	6580	T	2
NC_045512.2	6581	A	2
NC_045512.2	6582	C	2
NC_045512.2	6583	T	2
NC_045512.2	6584	A	2
NC_045512.2	6585	T	2
NC_045512.2	6586	T	2
NC_045512.2	6587	A	2
NC_045512.2	6588	A	2
NC_045512.2	6589	G	2
NC_045512.2	6590	A	2
NC_045512.2	6591	A	2
NC_045512.2	6592	A	2
NC_045512.2	6593	C	2
NC_045512.2	6594	C	2
NC_045512.2	6595	T	2
NC_045512.2	6596	A	2
NC_045512.2	6597	A	2
NC_045512.2	6598	T	2
NC_045512.2	6599	G	2
NC_045512.2	6600	A	2
NC_045512.2	6601	A	1
NC_045512.2	6602	T	2
NC_045512.2	6603	T	2
NC_045512.2	6604	A	1
NC_045512.2	6605	T	2
NC_045512.2	6606	C	2
NC_045512.2	6607	T	2
NC_045512.2	6608	A	2
NC_045512.2	6609	G	2
NC_045512.2	6610	A	2
NC_045512.2	6611	G	2
NC_045512.2	6612	T	2
NC_045512.2	6613	A	2
NC_045512.2	6614	T	2
NC_045512.2	6615	T	2
NC_045512.2	6616	A	1
NC_045512.2	6617	G	3
NC_045512.2	6618	G	4
NC_045512.2	6619	T	4
NC_045512.2	6620	T	4
NC_045512.2	6621	T	4
NC_045512.2	6622	G	4
NC_045512.2	6623	A	4
NC_045512.2	6624	A	4
NC_045512.2	6625	A	3
NC_045512.2	6626	A	4
NC_045512.2	6627	C	4
NC_045512.2	6628	C	4
NC_045512.2	6629	C	4
NC_045512.2	6630	T	4
NC_045512.2	6631	T	4
NC_045512.2	6632	G	4
NC_045512.2	6633	C	4
NC_045512.2	6634	T	4
NC_045512.2	6635	A	3
NC_045512.2	6636	C	4
NC_045512.2	6637	T	4
NC_045512.2	6638	C	4
NC_045512.2	6639	A	4
NC_045512.2	6640	T	3
NC_045512.2	6641	G	3
NC_045512.2	6642	G	3
NC_045512.2	6643	T	3
NC_045512.2	6644	T	3
NC_045512.2	6645	T	3
NC_045512.2	6646	A	3
NC_045512.2	6647	G	4
NC_045512.2	6648	C	4
NC_045512.2	6649	T	4
NC_045512.2	6650	G	4
NC_045512.2	6651	C	4
NC_045512.2	6652	T	4
NC_045512.2	6653	G	4
NC_045512.2	6654	T	4
NC_045512.2	6655	T	4
NC_045512.2	6656	A	4
NC_045512.2	6657	A	4
NC_045512.2	6658	T	4
NC_045512.2	6659	A	3
NC_045512.2	6660	G	4
NC_045512.2	6661	T	3
NC_045512.2	6662	G	4
NC_045512.2	6663	T	4
NC_045512.2	6664	C	4
NC_045512.2	6665	C	4
NC_045512.2	6666	C	4
NC_045512.2	6667	T	4
NC_045512.2	6668	T	4
NC_045512.2	6669	G	4
NC_045512.2	6670	G	4
NC_045512.2	6671	G	4
NC_045512.2	6672	A	4
NC_045512.2	6673	T	4
NC_045512.2	6674	A	3
NC_045512.2	6675	C	4
NC_045512.2	6676	T	4
NC_045512.2	6677	A	5
NC_045512.2	6678	T	5
NC_045512.2	6679	A	5
NC_045512.2	6680	G	5
NC_045512.2	6681	C	5
NC_045512.2	6682	T	5
NC_045512.2	6683	A	5
NC_045512.2	6684	A	5
NC_045512.2	6685	T	5
NC_045512.2	6686	T	5
NC_045512.2	6687	A	5
NC_045512.2	6688	T	5
NC_045512.2	6689	G	5
NC_045512.2	6690	C	5
NC_045512.2	6691	T	5
NC_045512.2	6692	A	5
NC_045512.2	6693	A	5
NC_045512.2	6694	G	5
NC_045512.2	6695	C	5
NC_045512.2	6696	C	5
NC_045512.2	6697	T	5
NC_045512.2	6698	T	5
NC_045512.2	6699	T	5
NC_045512.2	6700	T	5
NC_045512.2	6701	C	5
NC_045512.2	6702	T	5
NC_045512.2	6703	T	5
NC_045512.2	6704	A	5
NC_045512.2	6705	A	5
NC_045512.2	6706	C	5
NC_045512.2	6707	A	5
NC_045512.2	6708	A	5
NC_045512.2	6709	A	5
NC_045512.2	6710	G	5
NC_045512.2	6711	T	5
NC_045512.2	6712	T	5
NC_045512.2	6713	G	5
NC_045512.2	6714	T	5
NC_045512.2	6715	T	5
NC_045512.2	6716	A	5
NC_045512.2	6717	G	6
NC_045512.2	6718	T	6
NC_045512.2	6719	A	5
NC_045512.2	6720	C	5
NC_045512.2	6721	A	5
NC_045512.2	6722	A	5
NC_045512.2	6723	C	5
NC_045512.2	6724	T	5
NC_045512.2	6725	A	5
NC_045512.2	6726	C	5
NC_045512.2	6727	T	5
NC_045512.2	6728	A	5
NC_045512.2	6729	A	5
NC_045512.2	6730	C	5
NC_045512.2	6731	A	5
NC_045512.2	6732	T	5
NC_045512.2	6733	A	5
NC_045512.2	6734	G	5
NC_045512.2	6735	T	5
NC_045512.2	6736	T	5
NC_045512.2	6737	A	5
NC_045512.2	6738	C	5
NC_045512.2	6739	A	5
NC_045512.2	6740	C	5
NC_045512.2	6741	G	5
NC_045512.2	6742	G	5
NC_045512.2	6743	T	5
NC_045512.2	6744	G	5
NC_045512.2	6745	T	5
NC_045512.2	6746	T	5
NC_045512.2	6747	T	5
NC_045512.2	6748	A	6
NC_045512.2	6749	A	6
NC_045512.2	6750	A	5
NC_045512.2	6751	C	6
NC_045512.2	6752	C	5
NC_045512.2	6753	G	5
NC_045512.2	6754	T	5
NC_045512.2	6755	G	5
NC_045512.2	6756	T	5
NC_045512.2	6757	T	5
NC_045512.2	6758	T	5
NC_045512.2	6759	G	5
NC_045512.2	6760	T	5
NC_045512.2	6761	A	5
NC_045512.2	6762	C	4
NC_045512.2	6763	T	4
NC_045512.2	6764	A	3
NC_045512.2	6765	A	4
NC_045512.2	6766	T	4
NC_045512.2	6767	T	4
NC_045512.2	6768	A	4
NC_045512.2	6769	T	4
NC_045512.2	6770	A	4
NC_045512.2	6771	T	4
NC_045512.2	6772	G	4
NC_045512.2	6773	C	4
NC_045512.2	6774	C	4
NC_045512.2	6775	T	4
NC_045512.2	6776	T	4
NC_045512.2	6777	A	4
NC_045512.2	6778	T	4
NC_045512.2	6779	T	4
NC_045512.2	6780	T	4
NC_045512.2	6781	C	4
NC_045512.2	6782	T	4
NC_045512.2	6783	T	4
NC_045512.2	6784	T	4
NC_045512.2	6785	A	4
NC_045512.2	6786	C	4
NC_045512.2	6787	T	4
NC_045512.2	6788	T	4
NC_045512.2	6789	T	4
NC_045512.2	6790	A	4
NC_045512.2	6791	T	4
NC_045512.2	6792	T	4
NC_045512.2	6793	G	4
NC_045512.2	6794	C	4
NC_045512.2	6795	T	4
NC_045512.2	6796	A	4
NC_045512.2	6797	C	4
NC_045512.2	6798	A	4
NC_045512.2	6799	A	4
NC_045512.2	6800	T	4
NC_045512.2	6801	T	4
NC_045512.2	6802	G	4
NC_045512.2	6803	T	4
NC_045512.2	6804	G	4
NC_045512.2	6805	T	4
NC_045512.2	6806	A	4
NC_045512.2	6807	C	4
NC_045512.2	6808	T	4
NC_045512.2	6809	T	4
NC_045512.2	6810	T	4
NC_045512.2	6811	T	4
NC_045512.2	6812	A	4
NC_045512.2	6813	C	4
NC_045512.2	6814	T	4
NC_045512.2	6815	A	4
NC_045512.2	6816	G	4
NC_045512.2	6817	A	4
NC_045512.2	6818	A	4
NC_045512.2	6819	G	4
NC_045512.2	6820	T	4
NC_045512.2	6821	A	4
NC_045512.2	6822	C	4
NC_045512.2	6823	A	4
NC_045512.2	6824	A	4
NC_045512.2	6825	A	4
NC_045512.2	6826	T	4
NC_045512.2	6827	T	4
NC_045512.2	6828	C	3
NC_045512.2	6829	T	3
NC_045512.2	6830	A	3
NC_045512.2	6831	G	3
NC_045512.2	6832	A	3
NC_045512.2	6833	A	3
NC_045512.2	6834	T	3
NC_045512.2	6835	T	3
NC_045512.2	6836	A	3
NC_045512.2	6837	A	3
NC_045512.2	6838	A	3
NC_045512.2	6839	G	3
NC_045512.2	6840	C	3
NC_045512.2	6841	A	3
NC_045512.2	6842	T	3
NC_045512.2	6843	C	3
NC_045512.2	6844	T	3
NC_045512.2	6845	A	3
NC_045512.2	6846	T	3
NC_045512.2	6847	G	3
NC_045512.2	6848	C	3
NC_045512.2	6849	C	2
NC_045512.2	6850	G	2
NC_045512.2	6851	A	2
NC_045512.2	6852	C	2
NC_045512.2	6853	T	2
NC_045512.2	6854	A	2
NC_045512.2	6855	C	2
NC_045512.2	6856	T	2
NC_045512.2	6857	A	2
NC_045512.2	6858	T	2
NC_045512.2	6859	A	2
NC_045512.2	6860	G	2
NC_045512.2	6861	C	2
NC_045512.2	6862	A	2
NC_045512.2	6863	A	2
NC_045512.2	6864	A	2
NC_045512.2	6865	G	2
NC_045512.2	6866	A	2
NC_045512.2	6867	A	2
NC_045512.2	6868	T	2
NC_045512.2	6869	A	1
NC_045512.2	6870	C	1
NC_045512.2	6871	T	1
NC_045512.2	6872	G	1
NC_045512.2	6873	T	1
NC_045512.2	6874	T	1
NC_045512.2	6875	A	1
NC_045512.2	6876	A	1
NC_045512.2	6877	G	1
NC_045512.2	6878	A	0
NC_045512.2	6879	G	0
NC_045512.2	6880	T	0
NC_045512.2	6881	G	0
NC_045512.2	6882	T	0
NC_045512.2	6883	C	0
NC_045512.2	6884	G	0
NC_045512.2	6885	G	0
NC_045512.2	6886	T	0
NC_045512.2	6887	A	0
NC_045512.2	6888	A	0
NC_045512.2	6889	A	0
NC_045512.2	6890	T	0
NC_045512.2	6891	T	0
NC_045512.2	6892	T	0
NC_045512.2	6893	T	0
NC_045512.2	6894	G	0
NC_045512.2	6895	T	0
NC_045512.2	6896	C	0
NC_045512.2	6897	T	0
NC_045512.2	6898	A	0
NC_045512.2	6899	G	0
NC_045512.2	6900	A	0
NC_045512.2	6901	G	0
NC_045512.2	6902	G	0
NC_045512.2	6903	C	0
NC_045512.2	6904	T	0
NC_045512.2	6905	T	0
NC_045512.2	6906	C	0
NC_045512.2	6907	A	0
NC_045512.2	6908	T	0
NC_045512.2	6909	T	0
NC_045512.2	6910	T	0
NC_045512.2	6911	A	0
NC_045512.2	6912	A	0
NC_045512.2	6913	T	0
NC_045512.2	6914	T	0
NC_045512.2	6915	A	0
NC_045512.2	6916	T	0
NC_045512.2	6917	T	0
NC_045512.2	6918	T	0
NC_045512.2	6919	G	0
NC_045512.2	6920	A	0
NC_045512.2	6921	A	0
NC_045512.2	6922	G	0
NC_045512.2	6923	T	0
NC_045512.2	6924	C	0
NC_045512.2	6925	A	0
NC_045512.2	6926	C	0
NC_045512.2	6927	C	0
NC_045512.2	6928	T	0
NC_045512.2	6929	A	0
NC_045512.2	6930	A	0
NC_045512.2	6931	T	0
NC_045512.2	6932	T	0
NC_045512.2	6933	T	0
NC_045512.2	6934	T	0
NC_045512.2	6935	T	0
NC_045512.2	6936	C	0
NC_045512.2	6937	T	0
NC_045512.2	6938	A	0
NC_045512.2	6939	A	0
NC_045512.2	6940	A	0
NC_045512.2	6941	C	0
NC_045512.2	6942	T	0
NC_045512.2	6943	G	0
NC_045512.2	6944	A	0
NC_045512.2	6945	T	0
NC_045512.2	6946	A	0
NC_045512.2	6947	A	0
NC_045512.2	6948	A	0
NC_045512.2	6949	T	0
NC_045512.2	6950	A	0
NC_045512.2	6951	T	0
NC_045512.2	6952	T	0
NC_045512.2	6953	A	0
NC_045512.2	6954	T	0
NC_045512.2	6955	A	0
NC_045512.2	6956	A	0
NC_045512.2	6957	T	0
NC_045512.2	6958	T	0
NC_045512.2	6959	T	0
NC_045512.2	6960	G	0
NC_045512.2	6961	G	0
NC_045512.2	6962	T	0
NC_045512.2	6963	T	0
NC_045512.2	6964	T	0
NC_045512.2	6965	T	0
NC_045512.2	6966	T	0
NC_045512.2	6967	A	0
NC_045512.2	6968	C	0
NC_045512.2	6969	T	0
NC_045512.2	6970	A	0
NC_045512.2	6971	T	0
NC_045512.2	6972	T	0
NC_045512.2	6973	A	0
NC_045512.2	6974	A	0
NC_045512.2	6975	G	0
NC_045512.2	6976	T	0
NC_045512.2	6977	G	0
NC_045512.2	6978	T	0
NC_045512.2	6979	T	0
NC_045512.2	6980	T	0
NC_045512.2	6981	G	0
NC_045512.2	6982	C	0
NC_045512.2	6983	C	0
NC_045512.2	6984	T	0
NC_045512.2	6985	A	0
NC_045512.2	6986	G	0
NC_045512.2	6987	G	0
NC_045512.2	6988	T	0
NC_045512.2	6989	T	0
NC_045512.2	6990	C	0
NC_045512.2	6991	T	0
NC_045512.2	6992	T	0
NC_045512.2	6993	T	0
NC_045512.2	6994	A	0
NC_045512.2	6995	A	0
NC_045512.2	6996	T	0
NC_045512.2	6997	C	0
NC_045512.2	6998	T	0
NC_045512.2	6999	A	0
NC_045512.2	7000	C	0
NC_045512.2	7001	T	0
NC_045512.2	7002	C	0
NC_045512.2	7003	A	0
NC_045512.2	7004	A	0
NC_045512.2	7005	C	0
NC_045512.2	7006	C	0
NC_045512.2	7007	G	0
NC_045512.2	7008	C	0
NC_045512.2	7009	T	0
NC_045512.2	7010	G	0
NC_045512.2	7011	C	0
NC_045512.2	7012	T	0
NC_045512.2	7013	T	0
NC_045512.2	7014	T	0
NC_045512.2	7015	A	0
NC_045512.2	7016	G	0
NC_045512.2	7017	G	0
NC_045512.2	7018	T	0
NC_045512.2	7019	G	0
NC_045512.2	7020	T	0
NC_045512.2	7021	T	0
NC_045512.2	7022	T	0
NC_045512.2	7023	T	0
NC_045512.2	7024	A	0
NC_045512.2	7025	A	0
NC_045512.2	7026	T	0
NC_045512.2	7027	G	0
NC_045512.2	7028	T	0
NC_045512.2	7029	C	0
NC_045512.2	7030	T	0
NC_045512.2	7031	A	0
NC_045512.2	7032	A	0
NC_045512.2	7033	T	0
NC_045512.2	7034	T	0
NC_045512.2	7035	T	0
NC_045512.2	7036	A	0
NC_045512.2	7037	G	0
NC_045512.2	7038	G	0
NC_045512.2	7039	C	0
NC_045512.2	7040	A	0
NC_045512.2	7041	T	0
NC_045512.2	7042	G	0
NC_045512.2	7043	C	0
NC_045512.2	7044	C	0
NC_045512.2	7045	T	0
NC_045512.2	7046	T	0
NC_045512.2	7047	C	0
NC_045512.2	7048	T	0
NC_045512.2	7049	T	0
NC_045512.2	7050	A	0
NC_045512.2	7051	C	0
NC_045512.2	7052	T	0
NC_045512.2	7053	G	0
NC_045512.2	7054	T	0
NC_045512.2	7055	A	0
NC_045512.2	7056	C	0
NC_045512.2	7057	T	0
NC_045512.2	7058	G	0
NC_045512.2	7059	G	0
NC_045512.2	7060	T	0
NC_045512.2	7061	T	0
NC_045512.2	7062	A	0
NC_045512.2	7063	C	0
NC_045512.2	7064	A	1
NC_045512.2	7065	G	28
NC_045512.2	7066	A	28
NC_045512.2	7067	G	29
NC_045512.2	7068	A	25
NC_045512.2	7069	A	31
NC_045512.2	7070	G	40
NC_045512.2	7071	G	40
NC_045512.2	7072	C	42
NC_045512.2	7073	T	43
NC_045512.2	7074	A	42
NC_045512.2	7075	T	45
NC_045512.2	7076	T	44
NC_045512.2	7077	T	45
NC_045512.2	7078	G	46
NC_045512.2	7079	A	45
NC_045512.2	7080	A	30
NC_045512.2	7081	C	51
NC_045512.2	7082	T	51
NC_045512.2	7083	C	100
NC_045512.2	7084	T	100
NC_045512.2	7085	A	101
NC_045512.2	7086	C	101
NC_045512.2	7087	T	101
NC_045512.2	7088	A	97
NC_045512.2	7089	A	99
NC_045512.2	7090	T	111
NC_045512.2	7091	G	111
NC_045512.2	7092	T	110
NC_045512.2	7093	C	112
NC_045512.2	7094	A	111
NC_045512.2	7095	C	114
NC_045512.2	7096	T	114
NC_045512.2	7097	A	118
NC_045512.2	7098	T	117
NC_045512.2	7099	T	120
NC_045512.2	7100	G	119
NC_045512.2	7101	C	120
NC_045512.2	7102	A	119
NC_045512.2	7103	A	121
NC_045512.2	7104	C	123
NC_045512.2	7105	C	128
NC_045512.2	7106	T	128
NC_045512.2	7107	A	130
NC_045512.2	7108	C	129
NC_045512.2	7109	T	130
NC_045512.2	7110	G	140
NC_045512.2	7111	T	140
NC_045512.2	7112	A	140
NC_045512.2	7113	C	141
NC_045512.2	7114	T	141
NC_045512.2	7115	G	148
NC_045512.2	7116	G	161
NC_045512.2	7117	T	160
NC_045512.2	7118	T	160
NC_045512.2	7119	C	162
NC_045512.2	7120	T	162
NC_045512.2	7121	A	158
NC_045512.2	7122	T	163
NC_045512.2	7123	A	148
NC_045512.2	7124	C	166
NC_045512.2	7125	C	163
NC_045512.2	7126	T	167
NC_045512.2	7127	T	164
NC_045512.2	7128	G	168
NC_045512.2	7129	T	168
NC_045512.2	7130	A	167
NC_045512.2	7131	G	171
NC_045512.2	7132	T	170
NC_045512.2	7133	G	172
NC_045512.2	7134	T	169
NC_045512.2	7135	T	171
NC_045512.2	7136	T	175
NC_045512.2	7137	G	172
NC_045512.2	7138	T	173
NC_045512.2	7139	C	178
NC_045512.2	7140	T	171
NC_045512.2	7141	T	173
NC_045512.2	7142	A	166
NC_045512.2	7143	G	170
NC_045512.2	7144	T	178
NC_045512.2	7145	G	173
NC_045512.2	7146	G	176
NC_045512.2	7147	T	169
NC_045512.2	7148	T	172
NC_045512.2	7149	T	174
NC_045512.2	7150	A	164
NC_045512.2	7151	G	171
NC_045512.2	7152	A	137
NC_045512.2	7153	T	169
NC_045512.2	7154	T	171
NC_045512.2	7155	C	169
NC_045512.2	7156	T	169
NC_045512.2	7157	T	171
NC_045512.2	7158	T	172
NC_045512.2	7159	A	173
NC_045512.2	7160	G	169
NC_045512.2	7161	A	150
NC_045512.2	7162	C	172
NC_045512.2	7163	A	171
NC_045512.2	7164	C	173
NC_045512.2	7165	C	150
NC_045512.2	7166	T	139
NC_045512.2	7167	A	145
NC_045512.2	7168	T	142
NC_045512.2	7169	C	145
NC_045512.2	7170	C	140
NC_045512.2	7171	T	135
NC_045512.2	7172	T	138
NC_045512.2	7173	C	135
NC_045512.2	7174	T	134
NC_045512.2	7175	T	130
NC_045512.2	7176	T	135
NC_045512.2	7177	A	134
NC_045512.2	7178	G	131
NC_045512.2	7179	A	127
NC_045512.2	7180	A	133
NC_045512.2	7181	A	133
NC_045512.2	7182	C	81
NC_045512.2	7183	T	82
NC_045512.2	7184	A	92
NC_045512.2	7185	T	90
NC_045512.2	7186	A	83
NC_045512.2	7187	C	90
NC_045512.2	7188	A	91
NC_045512.2	7189	A	93
NC_045512.2	7190	A	65
NC_045512.2	7191	T	77
NC_045512.2	7192	T	82
NC_045512.2	7193	A	87
NC_045512.2	7194	C	87
NC_045512.2	7195	C	87
NC_045512.2	7196	A	81
NC_045512.2	7197	T	83
NC_045512.2	7198	T	78
NC_045512.2	7199	T	77
NC_045512.2	7200	C	76
NC_045512.2	7201	A	76
NC_045512.2	7202	T	85
NC_045512.2	7203	C	84
NC_045512.2	7204	T	84
NC_045512.2	7205	T	82
NC_045512.2	7206	T	78
NC_045512.2	7207	T	75
NC_045512.2	7208	A	78
NC_045512.2	7209	A	78
NC_045512.2	7210	A	73
NC_045512.2	7211	T	70
NC_045512.2	7212	G	70
NC_045512.2	7213	G	79
NC_045512.2	7214	G	79
NC_045512.2	7215	A	82
NC_045512.2	7216	T	78
NC_045512.2	7217	T	69
NC_045512.2	7218	T	68
NC_045512.2	7219	A	70
NC_045512.2	7220	A	69
NC_045512.2	7221	C	67
NC_045512.2	7222	T	67
NC_045512.2	7223	G	68
NC_045512.2	7224	C	65
NC_045512.2	7225	T	66
NC_045512.2	7226	T	65
NC_045512.2	7227	T	66
NC_045512.2	7228	T	66
NC_045512.2	7229	G	66
NC_045512.2	7230	G	67
NC_045512.2	7231	C	67
NC_045512.2	7232	T	70
NC_045512.2	7233	T	70
NC_045512.2	7234	A	66
NC_045512.2	7235	G	70
NC_045512.2	7236	T	72
NC_045512.2	7237	T	69
NC_045512.2	7238	G	69
NC_045512.2	7239	C	66
NC_045512.2	7240	A	66
NC_045512.2	7241	G	67
NC_045512.2	7242	A	67
NC_045512.2	7243	G	67
NC_045512.2	7244	T	65
NC_045512.2	7245	G	66
NC_045512.2	7246	G	66
NC_045512.2	7247	T	63
NC_045512.2	7248	T	56
NC_045512.2	7249	T	66
NC_045512.2	7250	T	58
NC_045512.2	7251	T	67
NC_045512.2	7252	G	61
NC_045512.2	7253	G	69
NC_045512.2	7254	C	69
NC_045512.2	7255	A	65
NC_045512.2	7256	T	67
NC_045512.2	7257	A	68
NC_045512.2	7258	T	69
NC_045512.2	7259	A	65
NC_045512.2	7260	T	71
NC_045512.2	7261	T	69
NC_045512.2	7262	C	67
NC_045512.2	7263	T	75
NC_045512.2	7264	T	77
NC_045512.2	7265	T	75
NC_045512.2	7266	T	74
NC_045512.2	7267	C	66
NC_045512.2	7268	A	69
NC_045512.2	7269	C	72
NC_045512.2	7270	T	70
NC_045512.2	7271	A	70
NC_045512.2	7272	G	73
NC_045512.2	7273	G	78
NC_045512.2	7274	T	71
NC_045512.2	7275	T	75
NC_045512.2	7276	T	78
NC_045512.2	7277	T	82
NC_045512.2	7278	T	86
NC_045512.2	7279	C	82
NC_045512.2	7280	T	80
NC_045512.2	7281	A	88
NC_045512.2	7282	T	85
NC_045512.2	7283	G	86
NC_045512.2	7284	T	89
NC_045512.2	7285	A	81
NC_045512.2	7286	C	91
NC_045512.2	7287	T	85
NC_045512.2	7288	T	93
NC_045512.2	7289	G	97
NC_045512.2	7290	G	95
NC_045512.2	7291	A	94
NC_045512.2	7292	T	96
NC_045512.2	7293	T	87
NC_045512.2	7294	G	98
NC_045512.2	7295	G	101
NC_045512.2	7296	C	105
NC_045512.2	7297	T	103
NC_045512.2	7298	G	102
NC_045512.2	7299	C	103
NC_045512.2	7300	A	103
NC_045512.2	7301	A	104
NC_045512.2	7302	T	96
NC_045512.2	7303	C	92
NC_045512.2	7304	A	91
NC_045512.2	7305	T	90
NC_045512.2	7306	G	93
NC_045512.2	7307	C	94
NC_045512.2	7308	A	92
NC_045512.2	7309	A	100
NC_045512.2	7310	T	98
NC_045512.2	7311	T	99
NC_045512.2	7312	G	98
NC_045512.2	7313	T	112
NC_045512.2	7314	T	123
NC_045512.2	7315	T	120
NC_045512.2	7316	T	119
NC_045512.2	7317	T	118
NC_045512.2	7318	C	119
NC_045512.2	7319	A	119
NC_045512.2	7320	G	118
NC_045512.2	7321	C	128
NC_045512.2	7322	T	119
NC_045512.2	7323	A	136
NC_045512.2	7324	T	139
NC_045512.2	7325	T	105
NC_045512.2	7326	T	142
NC_045512.2	7327	T	142
NC_045512.2	7328	G	141
NC_045512.2	7329	C	143
NC_045512.2	7330	A	140
NC_045512.2	7331	G	139
NC_045512.2	7332	T	141
NC_045512.2	7333	A	139
NC_045512.2	7334	C	140
NC_045512.2	7335	A	140
NC_045512.2	7336	T	142
NC_045512.2	7337	T	136
NC_045512.2	7338	T	141
NC_045512.2	7339	T	135
NC_045512.2	7340	A	159
NC_045512.2	7341	T	154
NC_045512.2	7342	T	159
NC_045512.2	7343	A	156
NC_045512.2	7344	G	159
NC_045512.2	7345	T	159
NC_045512.2	7346	A	161
NC_045512.2	7347	A	159
NC_045512.2	7348	T	162
NC_045512.2	7349	T	153
NC_045512.2	7350	C	172
NC_045512.2	7351	T	169
NC_045512.2	7352	T	172
NC_045512.2	7353	G	173
NC_045512.2	7354	G	173
NC_045512.2	7355	C	180
NC_045512.2	7356	T	180
NC_045512.2	7357	T	200
NC_045512.2	7358	A	201
NC_045512.2	7359	T	211
NC_045512.2	7360	G	217
NC_045512.2	7361	T	233
NC_045512.2	7362	G	228
NC_045512.2	7363	G	227
NC_045512.2	7364	T	162
NC_045512.2	7365	T	225
NC_045512.2	7366	A	225
NC_045512.2	7367	A	225
NC_045512.2	7368	T	225
NC_045512.2	7369	A	226
NC_045512.2	7370	A	226
NC_045512.2	7371	T	221
NC_045512.2	7372	T	220
NC_045512.2	7373	A	225
NC_045512.2	7374	A	221
NC_045512.2	7375	T	203
NC_045512.2	7376	C	223
NC_045512.2	7377	T	222
NC_045512.2	7378	T	218
NC_045512.2	7379	G	216
NC_045512.2	7380	T	218
NC_045512.2	7381	A	218
NC_045512.2	7382	C	216
NC_045512.2	7383	A	211
NC_045512.2	7384	A	212
NC_045512.2	7385	A	213
NC_045512.2	7386	T	206
NC_045512.2	7387	G	213
NC_045512.2	7388	G	269
NC_045512.2	7389	C	275
NC_045512.2	7390	C	293
NC_045512.2	7391	C	290
NC_045512.2	7392	C	306
NC_045512.2	7393	G	690
NC_045512.2	7394	A	742
NC_045512.2	7395	T	785
NC_045512.2	7396	T	771
NC_045512.2	7397	T	785
NC_045512.2	7398	C	949
NC_045512.2	7399	A	971
NC_045512.2	7400	G	1163
NC_045512.2	7401	C	1156
NC_045512.2	7402	T	1151
NC_045512.2	7403	A	1182
NC_045512.2	7404	T	1391
NC_045512.2	7405	G	1773
NC_045512.2	7406	G	1900
NC_045512.2	7407	T	1882
NC_045512.2	7408	T	1897
NC_045512.2	7409	A	1943
NC_045512.2	7410	G	2118
NC_045512.2	7411	A	1584
NC_045512.2	7412	A	2360
NC_045512.2	7413	T	2336
NC_045512.2	7414	G	2509
NC_045512.2	7415	T	2492
NC_045512.2	7416	A	2545
NC_045512.2	7417	C	2627
NC_045512.2	7418	A	2597
NC_045512.2	7419	T	2629
NC_045512.2	7420	C	2664
NC_045512.2	7421	T	2665
NC_045512.2	7422	T	2680
NC_045512.2	7423	C	2741
NC_045512.2	7424	T	2711
NC_045512.2	7425	T	2735
NC_045512.2	7426	T	2725
NC_045512.2	7427	G	2778
NC_045512.2	7428	C	2762
NC_045512.2	7429	A	2746
NC_045512.2	7430	T	2872
NC_045512.2	7431	C	2898
NC_045512.2	7432	A	3078
NC_045512.2	7433	T	3211
NC_045512.2	7434	T	3419
NC_045512.2	7435	T	3535
NC_045512.2	7436	T	3585
NC_045512.2	7437	A	3581
NC_045512.2	7438	T	3600
NC_045512.2	7439	T	3590
NC_045512.2	7440	A	3570
NC_045512.2	7441	T	3589
NC_045512.2	7442	G	3640
NC_045512.2	7443	T	3651
NC_045512.2	7444	A	3634
NC_045512.2	7445	T	3688
NC_045512.2	7446	G	3688
NC_045512.2	7447	G	3754
NC_045512.2	7448	A	3795
NC_045512.2	7449	A	3813
NC_045512.2	7450	A	3872
NC_045512.2	7451	A	3940
NC_045512.2	7452	G	4237
NC_045512.2	7453	T	4208
NC_045512.2	7454	T	4168
NC_045512.2	7455	A	4217
NC_045512.2	7456	T	4227
NC_045512.2	7457	G	4240
NC_045512.2	7458	T	4159
NC_045512.2	7459	G	4225
NC_045512.2	7460	C	4182
NC_045512.2	7461	A	4127
NC_045512.2	7462	T	4180
NC_045512.2	7463	G	4183
NC_045512.2	7464	T	4179
NC_045512.2	7465	T	4165
NC_045512.2	7466	G	4199
NC_045512.2	7467	T	4154
NC_045512.2	7468	A	4196
NC_045512.2	7469	G	4198
NC_045512.2	7470	A	3971
NC_045512.2	7471	C	4197
NC_045512.2	7472	G	4176
NC_045512.2	7473	G	4187
NC_045512.2	7474	T	4166
NC_045512.2	7475	T	4097
NC_045512.2	7476	G	4191
NC_045512.2	7477	T	4134
NC_045512.2	7478	A	4137
NC_045512.2	7479	A	4149
NC_045512.2	7480	T	4185
NC_045512.2	7481	T	4123
NC_045512.2	7482	C	4154
NC_045512.2	7483	A	4130
NC_045512.2	7484	T	4164
NC_045512.2	7485	C	4154
NC_045512.2	7486	A	4094
NC_045512.2	7487	A	3938
NC_045512.2	7488	C	4978
NC_045512.2	7489	T	4982
NC_045512.2	7490	T	5023
NC_045512.2	7491	G	5153
NC_045512.2	7492	T	5135
NC_045512.2	7493	A	5151
NC_045512.2	7494	T	4979
NC_045512.2	7495	G	4912
NC_045512.2	7496	A	4674
NC_045512.2	7497	T	4891
NC_045512.2	7498	G	4963
NC_045512.2	7499	T	4799
NC_045512.2	7500	G	4903
NC_045512.2	7501	T	4803
NC_045512.2	7502	T	4756
NC_045512.2	7503	A	4684
NC_045512.2	7504	C	4679
NC_045512.2	7505	A	4481
NC_045512.2	7506	A	4486
NC_045512.2	7507	A	3530
NC_045512.2	7508	C	4618
NC_045512.2	7509	G	4637
NC_045512.2	7510	T	4656
NC_045512.2	7511	A	4657
NC_045512.2	7512	A	4624
NC_045512.2	7513	T	4554
NC_045512.2	7514	A	4281
NC_045512.2	7515	G	4251
NC_045512.2	7516	A	4116
NC_045512.2	7517	G	4238
NC_045512.2	7518	C	4245
NC_045512.2	7519	A	4276
NC_045512.2	7520	A	4292
NC_045512.2	7521	C	4297
NC_045512.2	7522	A	4213
NC_045512.2	7523	A	4271
NC_045512.2	7524	G	4294
NC_045512.2	7525	A	3775
NC_045512.2	7526	G	4361
NC_045512.2	7527	T	4022
NC_045512.2	7528	C	4349
NC_045512.2	7529	G	4353
NC_045512.2	7530	A	4098
NC_045512.2	7531	A	4361
NC_045512.2	7532	T	4376
NC_045512.2	7533	G	4204
NC_045512.2	7534	T	4100
NC_045512.2	7535	A	4121
NC_045512.2	7536	C	4173
NC_045512.2	7537	A	4198
NC_045512.2	7538	A	4176
NC_045512.2	7539	C	4337
NC_045512.2	7540	T	4263
NC_045512.2	7541	A	4179
NC_045512.2	7542	T	4395
NC_045512.2	7543	T	4395
NC_045512.2	7544	G	4443
NC_045512.2	7545	T	4274
NC_045512.2	7546	T	4514
NC_045512.2	7547	A	4377
NC_045512.2	7548	A	4232
NC_045512.2	7549	T	4568
NC_045512.2	7550	G	4550
NC_045512.2	7551	G	4834
NC_045512.2	7552	T	4668
NC_045512.2	7553	G	4636
NC_045512.2	7554	T	4596
NC_045512.2	7555	T	4704
NC_045512.2	7556	A	4436
NC_045512.2	7557	G	4725
NC_045512.2	7558	A	3957
NC_045512.2	7559	A	4722
NC_045512.2	7560	G	4638
NC_045512.2	7561	G	4724
NC_045512.2	7562	T	4755
NC_045512.2	7563	C	4861
NC_045512.2	7564	C	4887
NC_045512.2	7565	T	4886
NC_045512.2	7566	T	4758
NC_045512.2	7567	T	4823
NC_045512.2	7568	T	4761
NC_045512.2	7569	A	4833
NC_045512.2	7570	T	4812
NC_045512.2	7571	G	4958
NC_045512.2	7572	T	4843
NC_045512.2	7573	C	4727
NC_045512.2	7574	T	4579
NC_045512.2	7575	A	4774
NC_045512.2	7576	T	4845
NC_045512.2	7577	G	4856
NC_045512.2	7578	C	4892
NC_045512.2	7579	T	4717
NC_045512.2	7580	A	4807
NC_045512.2	7581	A	4721
NC_045512.2	7582	T	4859
NC_045512.2	7583	G	4875
NC_045512.2	7584	G	4851
NC_045512.2	7585	A	4797
NC_045512.2	7586	G	4810
NC_045512.2	7587	G	4826
NC_045512.2	7588	T	4833
NC_045512.2	7589	A	4678
NC_045512.2	7590	A	4688
NC_045512.2	7591	A	4644
NC_045512.2	7592	G	4680
NC_045512.2	7593	G	4852
NC_045512.2	7594	C	5037
NC_045512.2	7595	T	4967
NC_045512.2	7596	T	4695
NC_045512.2	7597	T	4947
NC_045512.2	7598	T	4942
NC_045512.2	7599	G	4907
NC_045512.2	7600	C	4869
NC_045512.2	7601	A	5030
NC_045512.2	7602	A	5034
NC_045512.2	7603	A	4532
NC_045512.2	7604	C	5143
NC_045512.2	7605	T	5050
NC_045512.2	7606	A	5116
NC_045512.2	7607	C	5064
NC_045512.2	7608	A	5011
NC_045512.2	7609	C	4935
NC_045512.2	7610	A	4762
NC_045512.2	7611	A	4801
NC_045512.2	7612	T	4827
NC_045512.2	7613	T	4786
NC_045512.2	7614	G	4789
NC_045512.2	7615	G	4778
NC_045512.2	7616	A	4730
NC_045512.2	7617	A	4746
NC_045512.2	7618	T	4759
NC_045512.2	7619	T	4683
NC_045512.2	7620	G	4768
NC_045512.2	7621	T	4915
NC_045512.2	7622	G	4986
NC_045512.2	7623	T	4847
NC_045512.2	7624	T	4818
NC_045512.2	7625	A	4794
NC_045512.2	7626	A	4884
NC_045512.2	7627	T	5004
NC_045512.2	7628	T	4941
NC_045512.2	7629	G	5043
NC_045512.2	7630	T	4851
NC_045512.2	7631	G	4980
NC_045512.2	7632	A	5160
NC_045512.2	7633	T	5218
NC_045512.2	7634	A	5117
NC_045512.2	7635	C	5287
NC_045512.2	7636	A	5271
NC_045512.2	7637	T	5261
NC_045512.2	7638	T	5148
NC_045512.2	7639	C	5256
NC_045512.2	7640	T	5215
NC_045512.2	7641	G	5268
NC_045512.2	7642	T	5307
NC_045512.2	7643	G	5265
NC_045512.2	7644	C	5386
NC_045512.2	7645	T	5205
NC_045512.2	7646	G	5210
NC_045512.2	7647	G	5238
NC_045512.2	7648	T	5236
NC_045512.2	7649	A	5169
NC_045512.2	7650	G	5219
NC_045512.2	7651	T	5867
NC_045512.2	7652	A	5719
NC_045512.2	7653	C	5802
NC_045512.2	7654	A	5805
NC_045512.2	7655	T	5726
NC_045512.2	7656	T	5855
NC_045512.2	7657	T	5498
NC_045512.2	7658	A	5824
NC_045512.2	7659	T	6004
NC_045512.2	7660	T	6195
NC_045512.2	7661	A	6118
NC_045512.2	7662	G	6164
NC_045512.2	7663	T	5987
NC_045512.2	7664	G	6129
NC_045512.2	7665	A	6191
NC_045512.2	7666	T	6063
NC_045512.2	7667	G	6172
NC_045512.2	7668	A	6136
NC_045512.2	7669	A	6173
NC_045512.2	7670	G	6143
NC_045512.2	7671	T	6027
NC_045512.2	7672	T	6091
NC_045512.2	7673	G	6101
NC_045512.2	7674	C	6103
NC_045512.2	7675	G	6059
NC_045512.2	7676	A	6060
NC_045512.2	7677	G	6103
NC_045512.2	7678	A	6007
NC_045512.2	7679	G	6048
NC_045512.2	7680	A	6010
NC_045512.2	7681	C	6079
NC_045512.2	7682	T	5880
NC_045512.2	7683	T	5755
NC_045512.2	7684	G	6126
NC_045512.2	7685	T	5998
NC_045512.2	7686	C	6121
NC_045512.2	7687	A	5972
NC_045512.2	7688	C	6096
NC_045512.2	7689	T	6090
NC_045512.2	7690	A	5840
NC_045512.2	7691	C	6046
NC_045512.2	7692	A	5759
NC_045512.2	7693	G	5782
NC_045512.2	7694	T	4723
NC_045512.2	7695	T	5487
NC_045512.2	7696	T	5506
NC_045512.2	7697	A	5440
NC_045512.2	7698	A	5440
NC_045512.2	7699	A	5370
NC_045512.2	7700	A	5434
NC_045512.2	7701	G	5440
NC_045512.2	7702	A	5173
NC_045512.2	7703	C	5189
NC_045512.2	7704	C	5189
NC_045512.2	7705	A	5085
NC_045512.2	7706	A	5091
NC_045512.2	7707	T	5075
NC_045512.2	7708	A	5026
NC_045512.2	7709	A	5078
NC_045512.2	7710	A	5002
NC_045512.2	7711	T	4981
NC_045512.2	7712	C	5079
NC_045512.2	7713	C	5067
NC_045512.2	7714	T	4899
NC_045512.2	7715	A	4995
NC_045512.2	7716	C	5034
NC_045512.2	7717	T	4920
NC_045512.2	7718	G	4994
NC_045512.2	7719	A	4924
NC_045512.2	7720	C	4938
NC_045512.2	7721	C	4841
NC_045512.2	7722	A	4521
NC_045512.2	7723	G	4633
NC_045512.2	7724	T	4354
NC_045512.2	7725	C	4632
NC_045512.2	7726	T	4654
NC_045512.2	7727	T	4049
NC_045512.2	7728	C	4561
NC_045512.2	7729	T	4549
NC_045512.2	7730	T	4550
NC_045512.2	7731	A	4513
NC_045512.2	7732	C	4461
NC_045512.2	7733	A	4144
NC_045512.2	7734	T	4137
NC_045512.2	7735	C	3978
NC_045512.2	7736	G	3972
NC_045512.2	7737	T	2939
NC_045512.2	7738	T	3926
NC_045512.2	7739	G	3954
NC_045512.2	7740	A	3611
NC_045512.2	7741	T	3603
NC_045512.2	7742	A	3477
NC_045512.2	7743	G	3656
NC_045512.2	7744	T	3383
NC_045512.2	7745	G	3383
NC_045512.2	7746	T	3269
NC_045512.2	7747	T	3265
NC_045512.2	7748	A	3180
NC_045512.2	7749	C	3240
NC_045512.2	7750	A	3041
NC_045512.2	7751	G	3085
NC_045512.2	7752	T	2014
NC_045512.2	7753	G	2059
NC_045512.2	7754	A	2017
NC_045512.2	7755	A	1969
NC_045512.2	7756	G	2006
NC_045512.2	7757	A	1797
NC_045512.2	7758	A	1860
NC_045512.2	7759	T	1872
NC_045512.2	7760	G	1299
NC_045512.2	7761	G	1299
NC_045512.2	7762	T	1145
NC_045512.2	7763	T	1141
NC_045512.2	7764	C	1096
NC_045512.2	7765	C	950
NC_045512.2	7766	A	956
NC_045512.2	7767	T	945
NC_045512.2	7768	C	944
NC_045512.2	7769	C	950
NC_045512.2	7770	A	941
NC_045512.2	7771	T	938
NC_045512.2	7772	C	948
NC_045512.2	7773	T	941
NC_045512.2	7774	T	941
NC_045512.2	7775	T	945
NC_045512.2	7776	A	940
NC_045512.2	7777	C	937
NC_045512.2	7778	T	918
NC_045512.2	7779	T	915
NC_045512.2	7780	T	920
NC_045512.2	7781	G	899
NC_045512.2	7782	A	879
NC_045512.2	7783	T	890
NC_045512.2	7784	A	694
NC_045512.2	7785	A	743
NC_045512.2	7786	A	735
NC_045512.2	7787	G	738
NC_045512.2	7788	C	722
NC_045512.2	7789	T	719
NC_045512.2	7790	G	719
NC_045512.2	7791	G	726
NC_045512.2	7792	T	723
NC_045512.2	7793	C	672
NC_045512.2	7794	A	660
NC_045512.2	7795	A	662
NC_045512.2	7796	A	671
NC_045512.2	7797	A	669
NC_045512.2	7798	G	669
NC_045512.2	7799	A	634
NC_045512.2	7800	C	675
NC_045512.2	7801	T	662
NC_045512.2	7802	T	729
NC_045512.2	7803	A	742
NC_045512.2	7804	T	742
NC_045512.2	7805	G	738
NC_045512.2	7806	A	732
NC_045512.2	7807	A	738
NC_045512.2	7808	A	738
NC_045512.2	7809	G	745
NC_045512.2	7810	A	694
NC_045512.2	7811	C	741
NC_045512.2	7812	A	692
NC_045512.2	7813	T	731
NC_045512.2	7814	T	674
NC_045512.2	7815	C	712
NC_045512.2	7816	T	641
NC_045512.2	7817	C	661
NC_045512.2	7818	T	629
NC_045512.2	7819	C	677
NC_045512.2	7820	T	649
NC_045512.2	7821	C	685
NC_045512.2	7822	T	673
NC_045512.2	7823	C	628
NC_045512.2	7824	A	621
NC_045512.2	7825	T	616
NC_045512.2	7826	T	610
NC_045512.2	7827	T	605
NC_045512.2	7828	T	597
NC_045512.2	7829	G	596
NC_045512.2	7830	T	586
NC_045512.2	7831	T	599
NC_045512.2	7832	A	602
NC_045512.2	7833	A	579
NC_045512.2	7834	C	606
NC_045512.2	7835	T	600
NC_045512.2	7836	T	609
NC_045512.2	7837	A	608
NC_045512.2	7838	G	605
NC_045512.2	7839	A	602
NC_045512.2	7840	C	606
NC_045512.2	7841	A	591
NC_045512.2	7842	A	596
NC_045512.2	7843	C	543
NC_045512.2	7844	C	538
NC_045512.2	7845	T	530
NC_045512.2	7846	G	534
NC_045512.2	7847	A	545
NC_045512.2	7848	G	567
NC_045512.2	7849	A	576
NC_045512.2	7850	G	635
NC_045512.2	7851	C	633
NC_045512.2	7852	T	630
NC_045512.2	7853	A	634
NC_045512.2	7854	A	632
NC_045512.2	7855	T	598
NC_045512.2	7856	A	617
NC_045512.2	7857	A	607
NC_045512.2	7858	C	636
NC_045512.2	7859	A	610
NC_045512.2	7860	C	605
NC_045512.2	7861	T	584
NC_045512.2	7862	A	595
NC_045512.2	7863	A	595
NC_045512.2	7864	A	579
NC_045512.2	7865	G	603
NC_045512.2	7866	G	610
NC_045512.2	7867	T	581
NC_045512.2	7868	T	579
NC_045512.2	7869	C	604
NC_045512.2	7870	A	597
NC_045512.2	7871	T	605
NC_045512.2	7872	T	610
NC_045512.2	7873	G	613
NC_045512.2	7874	C	669
NC_045512.2	7875	C	714
NC_045512.2	7876	T	692
NC_045512.2	7877	A	700
NC_045512.2	7878	T	685
NC_045512.2	7879	T	699
NC_045512.2	7880	A	686
NC_045512.2	7881	A	710
NC_045512.2	7882	T	724
NC_045512.2	7883	G	736
NC_045512.2	7884	T	731
NC_045512.2	7885	T	759
NC_045512.2	7886	A	750
NC_045512.2	7887	T	771
NC_045512.2	7888	A	741
NC_045512.2	7889	G	768
NC_045512.2	7890	T	708
NC_045512.2	7891	T	744
NC_045512.2	7892	T	724
NC_045512.2	7893	T	638
NC_045512.2	7894	T	720
NC_045512.2	7895	G	736
NC_045512.2	7896	A	738
NC_045512.2	7897	T	734
NC_045512.2	7898	G	724
NC_045512.2	7899	G	741
NC_045512.2	7900	T	732
NC_045512.2	7901	A	733
NC_045512.2	7902	A	739
NC_045512.2	7903	A	728
NC_045512.2	7904	T	773
NC_045512.2	7905	C	777
NC_045512.2	7906	A	755
NC_045512.2	7907	A	762
NC_045512.2	7908	A	752
NC_045512.2	7909	A	771
NC_045512.2	7910	T	766
NC_045512.2	7911	G	769
NC_045512.2	7912	T	791
NC_045512.2	7913	G	788
NC_045512.2	7914	A	797
NC_045512.2	7915	A	796
NC_045512.2	7916	G	802
NC_045512.2	7917	A	795
NC_045512.2	7918	A	798
NC_045512.2	7919	T	798
NC_045512.2	7920	C	788
NC_045512.2	7921	A	799
NC_045512.2	7922	T	792
NC_045512.2	7923	C	802
NC_045512.2	7924	T	799
NC_045512.2	7925	G	797
NC_045512.2	7926	C	796
NC_045512.2	7927	A	820
NC_045512.2	7928	A	855
NC_045512.2	7929	A	842
NC_045512.2	7930	A	859
NC_045512.2	7931	T	855
NC_045512.2	7932	C	854
NC_045512.2	7933	A	829
NC_045512.2	7934	G	833
NC_045512.2	7935	C	862
NC_045512.2	7936	G	855
NC_045512.2	7937	T	844
NC_045512.2	7938	C	855
NC_045512.2	7939	T	838
NC_045512.2	7940	G	866
NC_045512.2	7941	T	686
NC_045512.2	7942	T	882
NC_045512.2	7943	T	877
NC_045512.2	7944	A	888
NC_045512.2	7945	C	896
NC_045512.2	7946	T	892
NC_045512.2	7947	A	883
NC_045512.2	7948	C	872
NC_045512.2	7949	A	822
NC_045512.2	7950	G	830
NC_045512.2	7951	T	834
NC_045512.2	7952	C	835
NC_045512.2	7953	A	799
NC_045512.2	7954	G	838
NC_045512.2	7955	C	897
NC_045512.2	7956	T	909
NC_045512.2	7957	T	901
NC_045512.2	7958	A	897
NC_045512.2	7959	T	894
NC_045512.2	7960	G	899
NC_045512.2	7961	T	886
NC_045512.2	7962	G	887
NC_045512.2	7963	T	850
NC_045512.2	7964	C	860
NC_045512.2	7965	A	866
NC_045512.2	7966	A	864
NC_045512.2	7967	C	888
NC_045512.2	7968	C	886
NC_045512.2	7969	T	888
NC_045512.2	7970	A	886
NC_045512.2	7971	T	872
NC_045512.2	7972	A	876
NC_045512.2	7973	C	883
NC_045512.2	7974	T	828
NC_045512.2	7975	G	851
NC_045512.2	7976	T	831
NC_045512.2	7977	T	824
NC_045512.2	7978	A	828
NC_045512.2	7979	C	834
NC_045512.2	7980	T	820
NC_045512.2	7981	A	829
NC_045512.2	7982	G	825
NC_045512.2	7983	A	831
NC_045512.2	7984	T	817
NC_045512.2	7985	C	814
NC_045512.2	7986	A	762
NC_045512.2	7987	G	758
NC_045512.2	7988	G	763
NC_045512.2	7989	C	767
NC_045512.2	7990	A	764
NC_045512.2	7991	T	733
NC_045512.2	7992	T	753
NC_045512.2	7993	A	747
NC_045512.2	7994	G	758
NC_045512.2	7995	T	734
NC_045512.2	7996	G	746
NC_045512.2	7997	T	723
NC_045512.2	7998	C	721
NC_045512.2	7999	T	690
NC_045512.2	8000	G	705
NC_045512.2	8001	A	704
NC_045512.2	8002	T	702
NC_045512.2	8003	G	709
NC_045512.2	8004	T	667
NC_045512.2	8005	T	684
NC_045512.2	8006	G	691
NC_045512.2	8007	G	700
NC_045512.2	8008	T	690
NC_045512.2	8009	G	698
NC_045512.2	8010	A	679
NC_045512.2	8011	T	643
NC_045512.2	8012	A	633
NC_045512.2	8013	G	687
NC_045512.2	8014	T	665
NC_045512.2	8015	G	678
NC_045512.2	8016	C	668
NC_045512.2	8017	G	676
NC_045512.2	8018	G	689
NC_045512.2	8019	A	692
NC_045512.2	8020	A	690
NC_045512.2	8021	G	694
NC_045512.2	8022	T	665
NC_045512.2	8023	T	657
NC_045512.2	8024	G	660
NC_045512.2	8025	C	667
NC_045512.2	8026	A	669
NC_045512.2	8027	G	677
NC_045512.2	8028	T	619
NC_045512.2	8029	T	602
NC_045512.2	8030	A	589
NC_045512.2	8031	A	598
NC_045512.2	8032	A	604
NC_045512.2	8033	A	597
NC_045512.2	8034	T	595
NC_045512.2	8035	G	609
NC_045512.2	8036	T	578
NC_045512.2	8037	T	508
NC_045512.2	8038	T	572
NC_045512.2	8039	G	580
NC_045512.2	8040	A	583
NC_045512.2	8041	T	582
NC_045512.2	8042	G	583
NC_045512.2	8043	C	576
NC_045512.2	8044	T	555
NC_045512.2	8045	T	553
NC_045512.2	8046	A	555
NC_045512.2	8047	C	564
NC_045512.2	8048	G	565
NC_045512.2	8049	T	467
NC_045512.2	8050	T	513
NC_045512.2	8051	A	518
NC_045512.2	8052	A	518
NC_045512.2	8053	T	518
NC_045512.2	8054	A	499
NC_045512.2	8055	C	519
NC_045512.2	8056	G	458
NC_045512.2	8057	T	432
NC_045512.2	8058	T	440
NC_045512.2	8059	T	443
NC_045512.2	8060	T	429
NC_045512.2	8061	C	433
NC_045512.2	8062	A	433
NC_045512.2	8063	T	430
NC_045512.2	8064	C	431
NC_045512.2	8065	A	413
NC_045512.2	8066	A	404
NC_045512.2	8067	C	441
NC_045512.2	8068	T	423
NC_045512.2	8069	T	421
NC_045512.2	8070	T	405
NC_045512.2	8071	T	404
NC_045512.2	8072	A	404
NC_045512.2	8073	A	381
NC_045512.2	8074	C	423
NC_045512.2	8075	G	376
NC_045512.2	8076	T	335
NC_045512.2	8077	A	333
NC_045512.2	8078	C	330
NC_045512.2	8079	C	327
NC_045512.2	8080	A	317
NC_045512.2	8081	A	313
NC_045512.2	8082	T	316
NC_045512.2	8083	G	309
NC_045512.2	8084	G	303
NC_045512.2	8085	A	283
NC_045512.2	8086	A	279
NC_045512.2	8087	A	269
NC_045512.2	8088	A	273
NC_045512.2	8089	A	264
NC_045512.2	8090	C	268
NC_045512.2	8091	T	270
NC_045512.2	8092	C	271
NC_045512.2	8093	A	271
NC_045512.2	8094	A	271
NC_045512.2	8095	A	248
NC_045512.2	8096	A	268
NC_045512.2	8097	C	264
NC_045512.2	8098	A	261
NC_045512.2	8099	C	264
NC_045512.2	8100	T	266
NC_045512.2	8101	A	253
NC_045512.2	8102	G	265
NC_045512.2	8103	T	267
NC_045512.2	8104	T	255
NC_045512.2	8105	G	258
NC_045512.2	8106	C	237
NC_045512.2	8107	A	240
NC_045512.2	8108	A	232
NC_045512.2	8109	C	236
NC_045512.2	8110	T	223
NC_045512.2	8111	G	229
NC_045512.2	8112	C	231
NC_045512.2	8113	A	226
NC_045512.2	8114	G	192
NC_045512.2	8115	A	194
NC_045512.2	8116	A	181
NC_045512.2	8117	G	233
NC_045512.2	8118	C	218
NC_045512.2	8119	T	219
NC_045512.2	8120	G	223
NC_045512.2	8121	A	224
NC_045512.2	8122	A	219
NC_045512.2	8123	C	228
NC_045512.2	8124	T	229
NC_045512.2	8125	T	232
NC_045512.2	8126	G	227
NC_045512.2	8127	C	224
NC_045512.2	8128	A	224
NC_045512.2	8129	A	235
NC_045512.2	8130	A	227
NC_045512.2	8131	G	256
NC_045512.2	8132	A	221
NC_045512.2	8133	A	215
NC_045512.2	8134	T	227
NC_045512.2	8135	G	222
NC_045512.2	8136	T	215
NC_045512.2	8137	G	226
NC_045512.2	8138	T	249
NC_045512.2	8139	C	255
NC_045512.2	8140	C	245
NC_045512.2	8141	T	247
NC_045512.2	8142	T	246
NC_045512.2	8143	A	246
NC_045512.2	8144	G	260
NC_045512.2	8145	A	251
NC_045512.2	8146	C	264
NC_045512.2	8147	A	247
NC_045512.2	8148	A	251
NC_045512.2	8149	T	254
NC_045512.2	8150	G	266
NC_045512.2	8151	T	264
NC_045512.2	8152	C	277
NC_045512.2	8153	T	273
NC_045512.2	8154	T	271
NC_045512.2	8155	A	265
NC_045512.2	8156	T	271
NC_045512.2	8157	C	273
NC_045512.2	8158	T	281
NC_045512.2	8159	A	292
NC_045512.2	8160	C	292
NC_045512.2	8161	T	294
NC_045512.2	8162	T	290
NC_045512.2	8163	T	296
NC_045512.2	8164	T	293
NC_045512.2	8165	A	307
NC_045512.2	8166	T	305
NC_045512.2	8167	T	293
NC_045512.2	8168	T	285
NC_045512.2	8169	C	287
NC_045512.2	8170	A	289
NC_045512.2	8171	G	292
NC_045512.2	8172	C	284
NC_045512.2	8173	A	286
NC_045512.2	8174	G	290
NC_045512.2	8175	C	274
NC_045512.2	8176	T	271
NC_045512.2	8177	C	286
NC_045512.2	8178	G	289
NC_045512.2	8179	G	290
NC_045512.2	8180	C	290
NC_045512.2	8181	A	286
NC_045512.2	8182	A	284
NC_045512.2	8183	G	295
NC_045512.2	8184	G	308
NC_045512.2	8185	G	312
NC_045512.2	8186	T	290
NC_045512.2	8187	T	310
NC_045512.2	8188	T	334
NC_045512.2	8189	G	335
NC_045512.2	8190	T	342
NC_045512.2	8191	T	342
NC_045512.2	8192	G	354
NC_045512.2	8193	A	358
NC_045512.2	8194	T	358
NC_045512.2	8195	T	352
NC_045512.2	8196	C	361
NC_045512.2	8197	A	356
NC_045512.2	8198	G	361
NC_045512.2	8199	A	371
NC_045512.2	8200	T	365
NC_045512.2	8201	G	367
NC_045512.2	8202	T	363
NC_045512.2	8203	A	361
NC_045512.2	8204	G	361
NC_045512.2	8205	A	353
NC_045512.2	8206	A	365
NC_045512.2	8207	A	353
NC_045512.2	8208	C	358
NC_045512.2	8209	T	359
NC_045512.2	8210	A	357
NC_045512.2	8211	A	361
NC_045512.2	8212	A	363
NC_045512.2	8213	G	362
NC_045512.2	8214	A	361
NC_045512.2	8215	T	361
NC_045512.2	8216	G	365
NC_045512.2	8217	T	366
NC_045512.2	8218	T	374
NC_045512.2	8219	G	380
NC_045512.2	8220	T	363
NC_045512.2	8221	T	379
NC_045512.2	8222	G	382
NC_045512.2	8223	A	378
NC_045512.2	8224	A	377
NC_045512.2	8225	T	375
NC_045512.2	8226	G	391
NC_045512.2	8227	T	391
NC_045512.2	8228	C	386
NC_045512.2	8229	T	388
NC_045512.2	8230	T	386
NC_045512.2	8231	A	392
NC_045512.2	8232	A	382
NC_045512.2	8233	A	386
NC_045512.2	8234	T	394
NC_045512.2	8235	T	373
NC_045512.2	8236	G	390
NC_045512.2	8237	T	384
NC_045512.2	8238	C	368
NC_045512.2	8239	A	356
NC_045512.2	8240	C	373
NC_045512.2	8241	A	372
NC_045512.2	8242	T	376
NC_045512.2	8243	C	378
NC_045512.2	8244	A	383
NC_045512.2	8245	A	389
NC_045512.2	8246	T	397
NC_045512.2	8247	C	402
NC_045512.2	8248	T	396
NC_045512.2	8249	G	398
NC_045512.2	8250	A	431
NC_045512.2	8251	C	448
NC_045512.2	8252	A	451
NC_045512.2	8253	T	460
NC_045512.2	8254	A	451
NC_045512.2	8255	G	463
NC_045512.2	8256	A	475
NC_045512.2	8257	A	474
NC_045512.2	8258	G	477
NC_045512.2	8259	T	464
NC_045512.2	8260	T	443
NC_045512.2	8261	A	464
NC_045512.2	8262	C	477
NC_045512.2	8263	T	477
NC_045512.2	8264	G	482
NC_045512.2	8265	G	507
NC_045512.2	8266	C	540
NC_045512.2	8267	G	541
NC_045512.2	8268	A	543
NC_045512.2	8269	T	547
NC_045512.2	8270	A	535
NC_045512.2	8271	G	550
NC_045512.2	8272	T	557
NC_045512.2	8273	T	553
NC_045512.2	8274	G	550
NC_045512.2	8275	T	537
NC_045512.2	8276	A	541
NC_045512.2	8277	A	554
NC_045512.2	8278	T	547
NC_045512.2	8279	A	564
NC_045512.2	8280	A	584
NC_045512.2	8281	C	593
NC_045512.2	8282	T	587
NC_045512.2	8283	A	595
NC_045512.2	8284	T	579
NC_045512.2	8285	A	601
NC_045512.2	8286	T	603
NC_045512.2	8287	G	606
NC_045512.2	8288	C	602
NC_045512.2	8289	T	570
NC_045512.2	8290	C	559
NC_045512.2	8291	A	559
NC_045512.2	8292	C	556
NC_045512.2	8293	C	554
NC_045512.2	8294	T	485
NC_045512.2	8295	A	555
NC_045512.2	8296	T	523
NC_045512.2	8297	A	549
NC_045512.2	8298	A	549
NC_045512.2	8299	C	556
NC_045512.2	8300	A	542
NC_045512.2	8301	A	535
NC_045512.2	8302	A	526
NC_045512.2	8303	G	533
NC_045512.2	8304	T	514
NC_045512.2	8305	T	528
NC_045512.2	8306	G	533
NC_045512.2	8307	A	533
NC_045512.2	8308	A	537
NC_045512.2	8309	A	532
NC_045512.2	8310	A	711
NC_045512.2	8311	C	823
NC_045512.2	8312	A	989
NC_045512.2	8313	T	1025
NC_045512.2	8314	G	1057
NC_045512.2	8315	A	1061
NC_045512.2	8316	C	1134
NC_045512.2	8317	A	1112
NC_045512.2	8318	C	1865
NC_045512.2	8319	C	2322
NC_045512.2	8320	C	2499
NC_045512.2	8321	C	2487
NC_045512.2	8322	G	2517
NC_045512.2	8323	T	2504
NC_045512.2	8324	G	2556
NC_045512.2	8325	A	2953
NC_045512.2	8326	C	3257
NC_045512.2	8327	C	3255
NC_045512.2	8328	T	3216
NC_045512.2	8329	T	3239
NC_045512.2	8330	G	3270
NC_045512.2	8331	G	3423
NC_045512.2	8332	T	3504
NC_045512.2	8333	G	3560
NC_045512.2	8334	C	3685
NC_045512.2	8335	T	3712
NC_045512.2	8336	T	4015
NC_045512.2	8337	G	4402
NC_045512.2	8338	T	4396
NC_045512.2	8339	A	4563
NC_045512.2	8340	T	4528
NC_045512.2	8341	T	5028
NC_045512.2	8342	G	5161
NC_045512.2	8343	A	5252
NC_045512.2	8344	C	5734
NC_045512.2	8345	T	5679
NC_045512.2	8346	G	5945
NC_045512.2	8347	T	5908
NC_045512.2	8348	A	5973
NC_045512.2	8349	G	5998
NC_045512.2	8350	T	5875
NC_045512.2	8351	G	5975
NC_045512.2	8352	C	5856
NC_045512.2	8353	G	5934
NC_045512.2	8354	C	3942
NC_045512.2	8355	G	6133
NC_045512.2	8356	T	6341
NC_045512.2	8357	C	6341
NC_045512.2	8358	A	6503
NC_045512.2	8359	T	6808
NC_045512.2	8360	A	6327
NC_045512.2	8361	T	6851
NC_045512.2	8362	T	6808
NC_045512.2	8363	A	6513
NC_045512.2	8364	A	6171
NC_045512.2	8365	T	6846
NC_045512.2	8366	G	6865
NC_045512.2	8367	C	6773
NC_045512.2	8368	G	6822
NC_045512.2	8369	C	6901
NC_045512.2	8370	A	6622
NC_045512.2	8371	G	6995
NC_045512.2	8372	G	6991
NC_045512.2	8373	T	6947
NC_045512.2	8374	A	7006
NC_045512.2	8375	G	7054
NC_045512.2	8376	C	7030
NC_045512.2	8377	A	7061
NC_045512.2	8378	A	7074
NC_045512.2	8379	A	6739
NC_045512.2	8380	A	7056
NC_045512.2	8381	A	6964
NC_045512.2	8382	G	7208
NC_045512.2	8383	T	6923
NC_045512.2	8384	C	7220
NC_045512.2	8385	A	7113
NC_045512.2	8386	C	7288
NC_045512.2	8387	A	7203
NC_045512.2	8388	A	7754
NC_045512.2	8389	C	8102
NC_045512.2	8390	A	7744
NC_045512.2	8391	T	8347
NC_045512.2	8392	T	8406
NC_045512.2	8393	G	8633
NC_045512.2	8394	C	8611
NC_045512.2	8395	T	8527
NC_045512.2	8396	T	8554
NC_045512.2	8397	T	8618
NC_045512.2	8398	G	8873
NC_045512.2	8399	A	8907
NC_045512.2	8400	T	8892
NC_045512.2	8401	A	8062
NC_045512.2	8402	T	8852
NC_045512.2	8403	G	8867
NC_045512.2	8404	G	8835
NC_045512.2	8405	A	8922
NC_045512.2	8406	A	8843
NC_045512.2	8407	C	8818
NC_045512.2	8408	G	8802
NC_045512.2	8409	T	8732
NC_045512.2	8410	T	8747
NC_045512.2	8411	A	8299
NC_045512.2	8412	A	8453
NC_045512.2	8413	A	8500
NC_045512.2	8414	G	8420
NC_045512.2	8415	A	7242
NC_045512.2	8416	T	8416
NC_045512.2	8417	T	8289
NC_045512.2	8418	T	8318
NC_045512.2	8419	C	7452
NC_045512.2	8420	A	7439
NC_045512.2	8421	T	7372
NC_045512.2	8422	G	7381
NC_045512.2	8423	T	7325
NC_045512.2	8424	C	7380
NC_045512.2	8425	A	7322
NC_045512.2	8426	T	7023
NC_045512.2	8427	T	6803
NC_045512.2	8428	G	6854
NC_045512.2	8429	T	6871
NC_045512.2	8430	C	6677
NC_045512.2	8431	T	6653
NC_045512.2	8432	G	6646
NC_045512.2	8433	A	6678
NC_045512.2	8434	A	6614
NC_045512.2	8435	C	6486
NC_045512.2	8436	A	6319
NC_045512.2	8437	A	6225
NC_045512.2	8438	C	5828
NC_045512.2	8439	T	5786
NC_045512.2	8440	A	5721
NC_045512.2	8441	C	6303
NC_045512.2	8442	G	6311
NC_045512.2	8443	A	6408
NC_045512.2	8444	A	5685
NC_045512.2	8445	A	6014
NC_045512.2	8446	A	5635
NC_045512.2	8447	C	6059
NC_045512.2	8448	A	6115
NC_045512.2	8449	A	6294
NC_045512.2	8450	A	6473
NC_045512.2	8451	T	6598
NC_045512.2	8452	A	6610
NC_045512.2	8453	C	6906
NC_045512.2	8454	G	6825
NC_045512.2	8455	T	6549
NC_045512.2	8456	A	6592
NC_045512.2	8457	G	6899
NC_045512.2	8458	T	6893
NC_045512.2	8459	G	6624
NC_045512.2	8460	C	6563
NC_045512.2	8461	T	6587
NC_045512.2	8462	G	6666
NC_045512.2	8463	C	6676
NC_045512.2	8464	T	6702
NC_045512.2	8465	A	6285
NC_045512.2	8466	A	6293
NC_045512.2	8467	A	6383
NC_045512.2	8468	A	6414
NC_045512.2	8469	A	6428
NC_045512.2	8470	G	6406
NC_045512.2	8471	A	6194
NC_045512.2	8472	A	6470
NC_045512.2	8473	T	6159
NC_045512.2	8474	A	6256
NC_045512.2	8475	A	6516
NC_045512.2	8476	C	6589
NC_045512.2	8477	T	6325
NC_045512.2	8478	T	6391
NC_045512.2	8479	A	6600
NC_045512.2	8480	C	6762
NC_045512.2	8481	C	6652
NC_045512.2	8482	T	6579
NC_045512.2	8483	T	6312
NC_045512.2	8484	T	6644
NC_045512.2	8485	T	6561
NC_045512.2	8486	A	6767
NC_045512.2	8487	A	6723
NC_045512.2	8488	G	6724
NC_045512.2	8489	T	5706
NC_045512.2	8490	T	6157
NC_045512.2	8491	G	6181
NC_045512.2	8492	A	5963
NC_045512.2	8493	C	5950
NC_045512.2	8494	A	5908
NC_045512.2	8495	T	5885
NC_045512.2	8496	G	6111
NC_045512.2	8497	T	6199
NC_045512.2	8498	G	6227
NC_045512.2	8499	C	6173
NC_045512.2	8500	A	6202
NC_045512.2	8501	A	6225
NC_045512.2	8502	C	6557
NC_045512.2	8503	T	6594
NC_045512.2	8504	A	6577
NC_045512.2	8505	C	6699
NC_045512.2	8506	T	6714
NC_045512.2	8507	A	6658
NC_045512.2	8508	G	6747
NC_045512.2	8509	A	6588
NC_045512.2	8510	C	6781
NC_045512.2	8511	A	6493
NC_045512.2	8512	A	6511
NC_045512.2	8513	G	6633
NC_045512.2	8514	T	6646
NC_045512.2	8515	T	6541
NC_045512.2	8516	G	6616
NC_045512.2	8517	T	7080
NC_045512.2	8518	T	7087
NC_045512.2	8519	A	7075
NC_045512.2	8520	A	7240
NC_045512.2	8521	T	7187
NC_045512.2	8522	G	7144
NC_045512.2	8523	T	6882
NC_045512.2	8524	T	6508
NC_045512.2	8525	G	6751
NC_045512.2	8526	T	6601
NC_045512.2	8527	A	6736
NC_045512.2	8528	A	6692
NC_045512.2	8529	C	6801
NC_045512.2	8530	A	6540
NC_045512.2	8531	A	6753
NC_045512.2	8532	C	6800
NC_045512.2	8533	A	6639
NC_045512.2	8534	A	6723
NC_045512.2	8535	A	6563
NC_045512.2	8536	G	6898
NC_045512.2	8537	A	6716
NC_045512.2	8538	T	6524
NC_045512.2	8539	A	6532
NC_045512.2	8540	G	6699
NC_045512.2	8541	C	6929
NC_045512.2	8542	A	6985
NC_045512.2	8543	C	7113
NC_045512.2	8544	T	6735
NC_045512.2	8545	T	6933
NC_045512.2	8546	A	6823
NC_045512.2	8547	A	6844
NC_045512.2	8548	G	6858
NC_045512.2	8549	G	6700
NC_045512.2	8550	G	6661
NC_045512.2	8551	T	6252
NC_045512.2	8552	G	6199
NC_045512.2	8553	G	6129
NC_045512.2	8554	T	6168
NC_045512.2	8555	A	6058
NC_045512.2	8556	A	6181
NC_045512.2	8557	A	6182
NC_045512.2	8558	A	5927
NC_045512.2	8559	T	5884
NC_045512.2	8560	T	6067
NC_045512.2	8561	G	6213
NC_045512.2	8562	T	5495
NC_045512.2	8563	T	5967
NC_045512.2	8564	A	6206
NC_045512.2	8565	A	6420
NC_045512.2	8566	T	6447
NC_045512.2	8567	A	6357
NC_045512.2	8568	A	6437
NC_045512.2	8569	T	6396
NC_045512.2	8570	T	6221
NC_045512.2	8571	G	6366
NC_045512.2	8572	G	6390
NC_045512.2	8573	T	5734
NC_045512.2	8574	T	6247
NC_045512.2	8575	G	6288
NC_045512.2	8576	A	6334
NC_045512.2	8577	A	6291
NC_045512.2	8578	G	6294
NC_045512.2	8579	C	6346
NC_045512.2	8580	A	6144
NC_045512.2	8581	G	6134
NC_045512.2	8582	T	5377
NC_045512.2	8583	T	6119
NC_045512.2	8584	A	6096
NC_045512.2	8585	A	6186
NC_045512.2	8586	T	6011
NC_045512.2	8587	T	6029
NC_045512.2	8588	A	6002
NC_045512.2	8589	A	6214
NC_045512.2	8590	A	6182
NC_045512.2	8591	G	6177
NC_045512.2	8592	T	6101
NC_045512.2	8593	T	6083
NC_045512.2	8594	A	6073
NC_045512.2	8595	C	6348
NC_045512.2	8596	A	6319
NC_045512.2	8597	C	6970
NC_045512.2	8598	T	6782
NC_045512.2	8599	T	6646
NC_045512.2	8600	G	6687
NC_045512.2	8601	T	6562
NC_045512.2	8602	G	6582
NC_045512.2	8603	T	6964
NC_045512.2	8604	T	7089
NC_045512.2	8605	C	7180
NC_045512.2	8606	C	7193
NC_045512.2	8607	T	7340
NC_045512.2	8608	T	7735
NC_045512.2	8609	T	7658
NC_045512.2	8610	T	7818
NC_045512.2	8611	T	7443
NC_045512.2	8612	G	7769
NC_045512.2	8613	T	7720
NC_045512.2	8614	T	7605
NC_045512.2	8615	G	7578
NC_045512.2	8616	C	7631
NC_045512.2	8617	T	6785
NC_045512.2	8618	G	6728
NC_045512.2	8619	C	6789
NC_045512.2	8620	T	6716
NC_045512.2	8621	A	6688
NC_045512.2	8622	T	6789
NC_045512.2	8623	T	6788
NC_045512.2	8624	T	6795
NC_045512.2	8625	T	6587
NC_045512.2	8626	C	6766
NC_045512.2	8627	T	6549
NC_045512.2	8628	A	6702
NC_045512.2	8629	T	6613
NC_045512.2	8630	T	5384
NC_045512.2	8631	T	6364
NC_045512.2	8632	A	6597
NC_045512.2	8633	A	6595
NC_045512.2	8634	T	6413
NC_045512.2	8635	A	6514
NC_045512.2	8636	A	6524
NC_045512.2	8637	C	6522
NC_045512.2	8638	A	6436
NC_045512.2	8639	C	6466
NC_045512.2	8640	C	6405
NC_045512.2	8641	T	6259
NC_045512.2	8642	G	6306
NC_045512.2	8643	T	5322
NC_045512.2	8644	T	6272
NC_045512.2	8645	C	6280
NC_045512.2	8646	A	6090
NC_045512.2	8647	T	6087
NC_045512.2	8648	G	6092
NC_045512.2	8649	T	5979
NC_045512.2	8650	C	5951
NC_045512.2	8651	A	5606
NC_045512.2	8652	T	5478
NC_045512.2	8653	G	5620
NC_045512.2	8654	T	5301
NC_045512.2	8655	C	5596
NC_045512.2	8656	T	5406
NC_045512.2	8657	A	5381
NC_045512.2	8658	A	5392
NC_045512.2	8659	A	5394
NC_045512.2	8660	C	5418
NC_045512.2	8661	A	4976
NC_045512.2	8662	T	4773
NC_045512.2	8663	A	4729
NC_045512.2	8664	C	4740
NC_045512.2	8665	T	4247
NC_045512.2	8666	G	4278
NC_045512.2	8667	A	4246
NC_045512.2	8668	C	4259
NC_045512.2	8669	T	4214
NC_045512.2	8670	T	4182
NC_045512.2	8671	T	4132
NC_045512.2	8672	T	4177
NC_045512.2	8673	C	4158
NC_045512.2	8674	A	4117
NC_045512.2	8675	A	4126
NC_045512.2	8676	G	4140
NC_045512.2	8677	T	4038
NC_045512.2	8678	G	4078
NC_045512.2	8679	A	4023
NC_045512.2	8680	A	4032
NC_045512.2	8681	A	4049
NC_045512.2	8682	T	3955
NC_045512.2	8683	C	4045
NC_045512.2	8684	A	3972
NC_045512.2	8685	T	4014
NC_045512.2	8686	A	3981
NC_045512.2	8687	G	3984
NC_045512.2	8688	G	3940
NC_045512.2	8689	A	3896
NC_045512.2	8690	T	3738
NC_045512.2	8691	A	3763
NC_045512.2	8692	C	3777
NC_045512.2	8693	A	3582
NC_045512.2	8694	A	3601
NC_045512.2	8695	G	3623
NC_045512.2	8696	G	3281
NC_045512.2	8697	C	3215
NC_045512.2	8698	T	2089
NC_045512.2	8699	A	2348
NC_045512.2	8700	T	2078
NC_045512.2	8701	T	2332
NC_045512.2	8702	G	2322
NC_045512.2	8703	A	1837
NC_045512.2	8704	T	1656
NC_045512.2	8705	G	1144
NC_045512.2	8706	G	1088
NC_045512.2	8707	T	1002
NC_045512.2	8708	G	141
NC_045512.2	8709	G	123
NC_045512.2	8710	T	12
NC_045512.2	8711	G	9
NC_045512.2	8712	T	0
NC_045512.2	8713	C	0
NC_045512.2	8714	A	0
NC_045512.2	8715	C	0
NC_045512.2	8716	T	0
NC_045512.2	8717	C	0
NC_045512.2	8718	G	0
NC_045512.2	8719	T	0
NC_045512.2	8720	G	0
NC_045512.2	8721	A	0
NC_045512.2	8722	C	0
NC_045512.2	8723	A	0
NC_045512.2	8724	T	0
NC_045512.2	8725	A	0
NC_045512.2	8726	G	0
NC_045512.2	8727	C	0
NC_045512.2	8728	A	0
NC_045512.2	8729	T	0
NC_045512.2	8730	C	0
NC_045512.2	8731	T	0
NC_045512.2	8732	A	0
NC_045512.2	8733	C	0
NC_045512.2	8734	A	0
NC_045512.2	8735	G	0
NC_045512.2	8736	A	0
NC_045512.2	8737	T	0
NC_045512.2	8738	A	0
NC_045512.2	8739	C	0
NC_045512.2	8740	T	0
NC_045512.2	8741	T	0
NC_045512.2	8742	G	0
NC_045512.2	8743	T	0
NC_045512.2	8744	T	0
NC_045512.2	8745	T	0
NC_045512.2	8746	T	0
NC_045512.2	8747	G	0
NC_045512.2	8748	C	0
NC_045512.2	8749	T	0
NC_045512.2	8750	A	0
NC_045512.2	8751	A	0
NC_045512.2	8752	C	0
NC_045512.2	8753	A	0
NC_045512.2	8754	A	0
NC_045512.2	8755	A	0
NC_045512.2	8756	C	0
NC_045512.2	8757	A	0
NC_045512.2	8758	T	0
NC_045512.2	8759	G	0
NC_045512.2	8760	C	0
NC_045512.2	8761	T	0
NC_045512.2	8762	G	0
NC_045512.2	8763	A	0
NC_045512.2	8764	T	0
NC_045512.2	8765	T	0
NC_045512.2	8766	T	0
NC_045512.2	8767	T	0
NC_045512.2	8768	G	0
NC_045512.2	8769	A	0
NC_045512.2	8770	C	0
NC_045512.2	8771	A	0
NC_045512.2	8772	C	0
NC_045512.2	8773	A	0
NC_045512.2	8774	T	0
NC_045512.2	8775	G	0
NC_045512.2	8776	G	0
NC_045512.2	8777	T	0
NC_045512.2	8778	T	0
NC_045512.2	8779	T	0
NC_045512.2	8780	A	0
NC_045512.2	8781	G	0
NC_045512.2	8782	C	0
NC_045512.2	8783	C	0
NC_045512.2	8784	A	0
NC_045512.2	8785	G	0
NC_045512.2	8786	C	0
NC_045512.2	8787	G	0
NC_045512.2	8788	T	0
NC_045512.2	8789	G	0
NC_045512.2	8790	G	0
NC_045512.2	8791	T	0
NC_045512.2	8792	G	0
NC_045512.2	8793	G	0
NC_045512.2	8794	T	0
NC_045512.2	8795	A	0
NC_045512.2	8796	G	0
NC_045512.2	8797	T	0
NC_045512.2	8798	T	0
NC_045512.2	8799	A	0
NC_045512.2	8800	T	0
NC_045512.2	8801	A	0
NC_045512.2	8802	C	0
NC_045512.2	8803	T	0
NC_045512.2	8804	A	0
NC_045512.2	8805	A	0
NC_045512.2	8806	T	0
NC_045512.2	8807	G	0
NC_045512.2	8808	A	0
NC_045512.2	8809	C	0
NC_045512.2	8810	A	0
NC_045512.2	8811	A	0
NC_045512.2	8812	A	0
NC_045512.2	8813	G	0
NC_045512.2	8814	C	0
NC_045512.2	8815	T	0
NC_045512.2	8816	T	0
NC_045512.2	8817	G	0
NC_045512.2	8818	C	0
NC_045512.2	8819	C	0
NC_045512.2	8820	C	0
NC_045512.2	8821	A	0
NC_045512.2	8822	T	0
NC_045512.2	8823	T	0
NC_045512.2	8824	G	0
NC_045512.2	8825	A	0
NC_045512.2	8826	T	0
NC_045512.2	8827	T	0
NC_045512.2	8828	G	0
NC_045512.2	8829	C	0
NC_045512.2	8830	T	0
NC_045512.2	8831	G	0
NC_045512.2	8832	C	0
NC_045512.2	8833	A	0
NC_045512.2	8834	G	0
NC_045512.2	8835	T	0
NC_045512.2	8836	C	0
NC_045512.2	8837	A	0
NC_045512.2	8838	T	0
NC_045512.2	8839	A	0
NC_045512.2	8840	A	0
NC_045512.2	8841	C	0
NC_045512.2	8842	A	0
NC_045512.2	8843	A	0
NC_045512.2	8844	G	0
NC_045512.2	8845	A	0
NC_045512.2	8846	G	0
NC_045512.2	8847	A	0
NC_045512.2	8848	A	0
NC_045512.2	8849	G	0
NC_045512.2	8850	T	0
NC_045512.2	8851	G	0
NC_045512.2	8852	G	0
NC_045512.2	8853	G	0
NC_045512.2	8854	T	0
NC_045512.2	8855	T	0
NC_045512.2	8856	T	0
NC_045512.2	8857	T	0
NC_045512.2	8858	G	0
NC_045512.2	8859	T	0
NC_045512.2	8860	C	0
NC_045512.2	8861	G	0
NC_045512.2	8862	T	0
NC_045512.2	8863	G	0
NC_045512.2	8864	C	0
NC_045512.2	8865	C	0
NC_045512.2	8866	T	0
NC_045512.2	8867	G	0
NC_045512.2	8868	G	0
NC_045512.2	8869	T	0
NC_045512.2	8870	T	0
NC_045512.2	8871	T	0
NC_045512.2	8872	G	0
NC_045512.2	8873	C	0
NC_045512.2	8874	C	0
NC_045512.2	8875	T	0
NC_045512.2	8876	G	0
NC_045512.2	8877	G	0
NC_045512.2	8878	C	0
NC_045512.2	8879	A	0
NC_045512.2	8880	C	0
NC_045512.2	8881	G	0
NC_045512.2	8882	A	0
NC_045512.2	8883	T	0
NC_045512.2	8884	A	0
NC_045512.2	8885	T	0
NC_045512.2	8886	T	0
NC_045512.2	8887	A	0
NC_045512.2	8888	C	0
NC_045512.2	8889	G	0
NC_045512.2	8890	C	0
NC_045512.2	8891	A	0
NC_045512.2	8892	C	0
NC_045512.2	8893	A	0
NC_045512.2	8894	A	0
NC_045512.2	8895	C	0
NC_045512.2	8896	T	0
NC_045512.2	8897	A	0
NC_045512.2	8898	A	0
NC_045512.2	8899	T	0
NC_045512.2	8900	G	0
NC_045512.2	8901	G	0
NC_045512.2	8902	T	0
NC_045512.2	8903	G	0
NC_045512.2	8904	A	0
NC_045512.2	8905	C	0
NC_045512.2	8906	T	0
NC_045512.2	8907	T	0
NC_045512.2	8908	T	0
NC_045512.2	8909	T	0
NC_045512.2	8910	T	0
NC_045512.2	8911	G	0
NC_045512.2	8912	C	0
NC_045512.2	8913	A	0
NC_045512.2	8914	T	0
NC_045512.2	8915	T	0
NC_045512.2	8916	T	0
NC_045512.2	8917	C	0
NC_045512.2	8918	T	0
NC_045512.2	8919	T	0
NC_045512.2	8920	A	0
NC_045512.2	8921	C	0
NC_045512.2	8922	C	0
NC_045512.2	8923	T	0
NC_045512.2	8924	A	0
NC_045512.2	8925	G	0
NC_045512.2	8926	A	0
NC_045512.2	8927	G	0
NC_045512.2	8928	T	0
NC_045512.2	8929	T	0
NC_045512.2	8930	T	0
NC_045512.2	8931	T	0
NC_045512.2	8932	T	0
NC_045512.2	8933	A	0
NC_045512.2	8934	G	0
NC_045512.2	8935	T	0
NC_045512.2	8936	G	0
NC_045512.2	8937	C	0
NC_045512.2	8938	A	0
NC_045512.2	8939	G	0
NC_045512.2	8940	T	0
NC_045512.2	8941	T	0
NC_045512.2	8942	G	0
NC_045512.2	8943	G	0
NC_045512.2	8944	T	0
NC_045512.2	8945	A	0
NC_045512.2	8946	A	0
NC_045512.2	8947	C	0
NC_045512.2	8948	A	0
NC_045512.2	8949	T	0
NC_045512.2	8950	C	0
NC_045512.2	8951	T	0
NC_045512.2	8952	G	0
NC_045512.2	8953	T	0
NC_045512.2	8954	T	0
NC_045512.2	8955	A	0
NC_045512.2	8956	C	0
NC_045512.2	8957	A	0
NC_045512.2	8958	C	0
NC_045512.2	8959	A	0
NC_045512.2	8960	C	0
NC_045512.2	8961	C	0
NC_045512.2	8962	A	0
NC_045512.2	8963	T	0
NC_045512.2	8964	C	0
NC_045512.2	8965	A	0
NC_045512.2	8966	A	0
NC_045512.2	8967	A	0
NC_045512.2	8968	A	0
NC_045512.2	8969	C	0
NC_045512.2	8970	T	0
NC_045512.2	8971	T	0
NC_045512.2	8972	A	0
NC_045512.2	8973	T	0
NC_045512.2	8974	A	0
NC_045512.2	8975	G	0
NC_045512.2	8976	A	0
NC_045512.2	8977	G	0
NC_045512.2	8978	T	0
NC_045512.2	8979	A	0
NC_045512.2	8980	C	0
NC_045512.2	8981	A	0
NC_045512.2	8982	C	0
NC_045512.2	8983	T	0
NC_045512.2	8984	G	0
NC_045512.2	8985	A	0
NC_045512.2	8986	C	0
NC_045512.2	8987	T	0
NC_045512.2	8988	T	0
NC_045512.2	8989	T	0
NC_045512.2	8990	G	0
NC_045512.2	8991	C	0
NC_045512.2	8992	A	0
NC_045512.2	8993	A	0
NC_045512.2	8994	C	0
NC_045512.2	8995	A	0
NC_045512.2	8996	T	0
NC_045512.2	8997	C	0
NC_045512.2	8998	A	0
NC_045512.2	8999	G	0
NC_045512.2	9000	C	0
NC_045512.2	9001	T	0
NC_045512.2	9002	T	0
NC_045512.2	9003	G	0
NC_045512.2	9004	T	0
NC_045512.2	9005	G	0
NC_045512.2	9006	T	0
NC_045512.2	9007	T	0
NC_045512.2	9008	T	0
NC_045512.2	9009	T	0
NC_045512.2	9010	G	0
NC_045512.2	9011	G	0
NC_045512.2	9012	C	0
NC_045512.2	9013	T	0
NC_045512.2	9014	G	0
NC_045512.2	9015	C	0
NC_045512.2	9016	T	0
NC_045512.2	9017	G	0
NC_045512.2	9018	A	0
NC_045512.2	9019	A	0
NC_045512.2	9020	T	0
NC_045512.2	9021	G	0
NC_045512.2	9022	T	0
NC_045512.2	9023	A	0
NC_045512.2	9024	C	0
NC_045512.2	9025	A	0
NC_045512.2	9026	A	0
NC_045512.2	9027	T	0
NC_045512.2	9028	T	0
NC_045512.2	9029	T	0
NC_045512.2	9030	T	0
NC_045512.2	9031	T	0
NC_045512.2	9032	A	0
NC_045512.2	9033	A	0
NC_045512.2	9034	A	0
NC_045512.2	9035	G	0
NC_045512.2	9036	A	0
NC_045512.2	9037	T	0
NC_045512.2	9038	G	0
NC_045512.2	9039	C	0
NC_045512.2	9040	T	0
NC_045512.2	9041	T	0
NC_045512.2	9042	C	0
NC_045512.2	9043	T	0
NC_045512.2	9044	G	0
NC_045512.2	9045	G	0
NC_045512.2	9046	T	0
NC_045512.2	9047	A	0
NC_045512.2	9048	A	0
NC_045512.2	9049	G	0
NC_045512.2	9050	C	0
NC_045512.2	9051	C	0
NC_045512.2	9052	A	0
NC_045512.2	9053	G	0
NC_045512.2	9054	T	0
NC_045512.2	9055	A	0
NC_045512.2	9056	C	0
NC_045512.2	9057	C	0
NC_045512.2	9058	A	0
NC_045512.2	9059	T	0
NC_045512.2	9060	A	0
NC_045512.2	9061	T	0
NC_045512.2	9062	T	0
NC_045512.2	9063	G	0
NC_045512.2	9064	T	0
NC_045512.2	9065	T	0
NC_045512.2	9066	A	0
NC_045512.2	9067	T	0
NC_045512.2	9068	G	0
NC_045512.2	9069	A	0
NC_045512.2	9070	T	0
NC_045512.2	9071	A	0
NC_045512.2	9072	C	0
NC_045512.2	9073	C	0
NC_045512.2	9074	A	0
NC_045512.2	9075	A	0
NC_045512.2	9076	T	0
NC_045512.2	9077	G	0
NC_045512.2	9078	T	0
NC_045512.2	9079	A	0
NC_045512.2	9080	C	0
NC_045512.2	9081	T	0
NC_045512.2	9082	A	0
NC_045512.2	9083	G	0
NC_045512.2	9084	A	0
NC_045512.2	9085	A	0
NC_045512.2	9086	G	0
NC_045512.2	9087	G	0
NC_045512.2	9088	T	0
NC_045512.2	9089	T	0
NC_045512.2	9090	C	0
NC_045512.2	9091	T	0
NC_045512.2	9092	G	0
NC_045512.2	9093	T	0
NC_045512.2	9094	T	0
NC_045512.2	9095	G	0
NC_045512.2	9096	C	0
NC_045512.2	9097	T	0
NC_045512.2	9098	T	0
NC_045512.2	9099	A	0
NC_045512.2	9100	T	0
NC_045512.2	9101	G	0
NC_045512.2	9102	A	0
NC_045512.2	9103	A	0
NC_045512.2	9104	A	0
NC_045512.2	9105	G	0
NC_045512.2	9106	T	0
NC_045512.2	9107	T	0
NC_045512.2	9108	T	0
NC_045512.2	9109	A	0
NC_045512.2	9110	C	0
NC_045512.2	9111	G	0
NC_045512.2	9112	C	0
NC_045512.2	9113	C	0
NC_045512.2	9114	C	0
NC_045512.2	9115	T	0
NC_045512.2	9116	G	0
NC_045512.2	9117	A	0
NC_045512.2	9118	C	0
NC_045512.2	9119	A	0
NC_045512.2	9120	C	0
NC_045512.2	9121	A	0
NC_045512.2	9122	C	0
NC_045512.2	9123	G	0
NC_045512.2	9124	T	0
NC_045512.2	9125	T	0
NC_045512.2	9126	A	0
NC_045512.2	9127	T	0
NC_045512.2	9128	G	0
NC_045512.2	9129	T	0
NC_045512.2	9130	G	0
NC_045512.2	9131	C	0
NC_045512.2	9132	T	0
NC_045512.2	9133	C	0
NC_045512.2	9134	A	0
NC_045512.2	9135	T	0
NC_045512.2	9136	G	0
NC_045512.2	9137	G	0
NC_045512.2	9138	A	0
NC_045512.2	9139	T	0
NC_045512.2	9140	G	0
NC_045512.2	9141	G	0
NC_045512.2	9142	C	0
NC_045512.2	9143	T	0
NC_045512.2	9144	C	0
NC_045512.2	9145	T	0
NC_045512.2	9146	A	0
NC_045512.2	9147	T	0
NC_045512.2	9148	T	0
NC_045512.2	9149	A	0
NC_045512.2	9150	T	0
NC_045512.2	9151	T	0
NC_045512.2	9152	C	0
NC_045512.2	9153	A	0
NC_045512.2	9154	A	0
NC_045512.2	9155	T	0
NC_045512.2	9156	T	0
NC_045512.2	9157	T	0
NC_045512.2	9158	C	0
NC_045512.2	9159	C	0
NC_045512.2	9160	T	0
NC_045512.2	9161	A	0
NC_045512.2	9162	A	0
NC_045512.2	9163	C	0
NC_045512.2	9164	A	0
NC_045512.2	9165	C	0
NC_045512.2	9166	C	0
NC_045512.2	9167	T	0
NC_045512.2	9168	A	0
NC_045512.2	9169	C	0
NC_045512.2	9170	C	0
NC_045512.2	9171	T	0
NC_045512.2	9172	T	0
NC_045512.2	9173	G	0
NC_045512.2	9174	A	0
NC_045512.2	9175	A	0
NC_045512.2	9176	G	0
NC_045512.2	9177	G	0
NC_045512.2	9178	T	0
NC_045512.2	9179	T	0
NC_045512.2	9180	C	0
NC_045512.2	9181	T	0
NC_045512.2	9182	G	0
NC_045512.2	9183	T	0
NC_045512.2	9184	T	0
NC_045512.2	9185	A	0
NC_045512.2	9186	G	0
NC_045512.2	9187	A	0
NC_045512.2	9188	G	0
NC_045512.2	9189	T	0
NC_045512.2	9190	G	0
NC_045512.2	9191	G	0
NC_045512.2	9192	T	0
NC_045512.2	9193	A	0
NC_045512.2	9194	A	0
NC_045512.2	9195	C	0
NC_045512.2	9196	A	0
NC_045512.2	9197	A	0
NC_045512.2	9198	C	0
NC_045512.2	9199	T	0
NC_045512.2	9200	T	0
NC_045512.2	9201	T	0
NC_045512.2	9202	T	0
NC_045512.2	9203	G	0
NC_045512.2	9204	A	0
NC_045512.2	9205	T	0
NC_045512.2	9206	T	0
NC_045512.2	9207	C	0
NC_045512.2	9208	T	0
NC_045512.2	9209	G	0
NC_045512.2	9210	A	0
NC_045512.2	9211	G	0
NC_045512.2	9212	T	0
NC_045512.2	9213	A	0
NC_045512.2	9214	C	0
NC_045512.2	9215	T	0
NC_045512.2	9216	G	0
NC_045512.2	9217	T	0
NC_045512.2	9218	A	0
NC_045512.2	9219	G	0
NC_045512.2	9220	G	0
NC_045512.2	9221	C	0
NC_045512.2	9222	A	0
NC_045512.2	9223	C	0
NC_045512.2	9224	G	0
NC_045512.2	9225	G	0
NC_045512.2	9226	C	0
NC_045512.2	9227	A	0
NC_045512.2	9228	C	0
NC_045512.2	9229	T	0
NC_045512.2	9230	T	0
NC_045512.2	9231	G	0
NC_045512.2	9232	T	0
NC_045512.2	9233	G	0
NC_045512.2	9234	A	0
NC_045512.2	9235	A	0
NC_045512.2	9236	A	0
NC_045512.2	9237	G	0
NC_045512.2	9238	A	0
NC_045512.2	9239	T	0
NC_045512.2	9240	C	0
NC_045512.2	9241	A	0
NC_045512.2	9242	G	0
NC_045512.2	9243	A	0
NC_045512.2	9244	A	0
NC_045512.2	9245	G	0
NC_045512.2	9246	C	0
NC_045512.2	9247	T	0
NC_045512.2	9248	G	0
NC_045512.2	9249	G	0
NC_045512.2	9250	T	0
NC_045512.2	9251	G	0
NC_045512.2	9252	T	0
NC_045512.2	9253	T	0
NC_045512.2	9254	T	0
NC_045512.2	9255	G	0
NC_045512.2	9256	T	0
NC_045512.2	9257	G	0
NC_045512.2	9258	T	0
NC_045512.2	9259	A	0
NC_045512.2	9260	T	0
NC_045512.2	9261	C	0
NC_045512.2	9262	T	0
NC_045512.2	9263	A	0
NC_045512.2	9264	C	0
NC_045512.2	9265	T	0
NC_045512.2	9266	A	0
NC_045512.2	9267	G	0
NC_045512.2	9268	T	0
NC_045512.2	9269	G	0
NC_045512.2	9270	G	0
NC_045512.2	9271	T	0
NC_045512.2	9272	A	0
NC_045512.2	9273	G	0
NC_045512.2	9274	A	0
NC_045512.2	9275	T	0
NC_045512.2	9276	G	0
NC_045512.2	9277	G	0
NC_045512.2	9278	G	0
NC_045512.2	9279	T	0
NC_045512.2	9280	A	0
NC_045512.2	9281	C	0
NC_045512.2	9282	T	0
NC_045512.2	9283	T	0
NC_045512.2	9284	A	0
NC_045512.2	9285	A	0
NC_045512.2	9286	C	0
NC_045512.2	9287	A	0
NC_045512.2	9288	A	0
NC_045512.2	9289	T	0
NC_045512.2	9290	G	0
NC_045512.2	9291	A	0
NC_045512.2	9292	T	0
NC_045512.2	9293	T	0
NC_045512.2	9294	A	0
NC_045512.2	9295	T	0
NC_045512.2	9296	T	0
NC_045512.2	9297	A	0
NC_045512.2	9298	C	0
NC_045512.2	9299	A	0
NC_045512.2	9300	G	0
NC_045512.2	9301	A	0
NC_045512.2	9302	T	0
NC_045512.2	9303	C	0
NC_045512.2	9304	T	0
NC_045512.2	9305	T	0
NC_045512.2	9306	T	0
NC_045512.2	9307	A	0
NC_045512.2	9308	C	0
NC_045512.2	9309	C	0
NC_045512.2	9310	A	0
NC_045512.2	9311	G	0
NC_045512.2	9312	G	0
NC_045512.2	9313	A	0
NC_045512.2	9314	G	0
NC_045512.2	9315	T	0
NC_045512.2	9316	T	0
NC_045512.2	9317	T	0
NC_045512.2	9318	T	0
NC_045512.2	9319	C	0
NC_045512.2	9320	T	0
NC_045512.2	9321	G	0
NC_045512.2	9322	T	0
NC_045512.2	9323	G	0
NC_045512.2	9324	G	0
NC_045512.2	9325	T	0
NC_045512.2	9326	G	0
NC_045512.2	9327	T	0
NC_045512.2	9328	A	0
NC_045512.2	9329	G	0
NC_045512.2	9330	A	0
NC_045512.2	9331	T	0
NC_045512.2	9332	G	0
NC_045512.2	9333	C	0
NC_045512.2	9334	T	0
NC_045512.2	9335	G	0
NC_045512.2	9336	T	0
NC_045512.2	9337	A	0
NC_045512.2	9338	A	0
NC_045512.2	9339	A	0
NC_045512.2	9340	T	0
NC_045512.2	9341	T	0
NC_045512.2	9342	T	0
NC_045512.2	9343	A	0
NC_045512.2	9344	C	0
NC_045512.2	9345	T	0
NC_045512.2	9346	T	0
NC_045512.2	9347	A	0
NC_045512.2	9348	C	0
NC_045512.2	9349	T	0
NC_045512.2	9350	A	0
NC_045512.2	9351	A	0
NC_045512.2	9352	T	0
NC_045512.2	9353	A	0
NC_045512.2	9354	T	0
NC_045512.2	9355	G	0
NC_045512.2	9356	T	0
NC_045512.2	9357	T	0
NC_045512.2	9358	T	0
NC_045512.2	9359	A	0
NC_045512.2	9360	C	0
NC_045512.2	9361	A	0
NC_045512.2	9362	C	0
NC_045512.2	9363	C	0
NC_045512.2	9364	A	0
NC_045512.2	9365	C	0
NC_045512.2	9366	T	0
NC_045512.2	9367	A	0
NC_045512.2	9368	A	0
NC_045512.2	9369	T	0
NC_045512.2	9370	T	0
NC_045512.2	9371	C	0
NC_045512.2	9372	A	0
NC_045512.2	9373	A	0
NC_045512.2	9374	C	0
NC_045512.2	9375	C	0
NC_045512.2	9376	T	0
NC_045512.2	9377	A	0
NC_045512.2	9378	T	0
NC_045512.2	9379	T	0
NC_045512.2	9380	G	0
NC_045512.2	9381	G	0
NC_045512.2	9382	T	0
NC_045512.2	9383	G	0
NC_045512.2	9384	C	0
NC_045512.2	9385	T	0
NC_045512.2	9386	T	0
NC_045512.2	9387	T	0
NC_045512.2	9388	G	0
NC_045512.2	9389	G	0
NC_045512.2	9390	A	0
NC_045512.2	9391	C	0
NC_045512.2	9392	A	0
NC_045512.2	9393	T	0
NC_045512.2	9394	A	0
NC_045512.2	9395	T	0
NC_045512.2	9396	C	0
NC_045512.2	9397	A	0
NC_045512.2	9398	G	0
NC_045512.2	9399	C	0
NC_045512.2	9400	A	0
NC_045512.2	9401	T	0
NC_045512.2	9402	C	0
NC_045512.2	9403	T	0
NC_045512.2	9404	A	0
NC_045512.2	9405	T	0
NC_045512.2	9406	A	0
NC_045512.2	9407	G	0
NC_045512.2	9408	T	0
NC_045512.2	9409	A	0
NC_045512.2	9410	G	0
NC_045512.2	9411	C	0
NC_045512.2	9412	T	0
NC_045512.2	9413	G	0
NC_045512.2	9414	G	0
NC_045512.2	9415	T	0
NC_045512.2	9416	G	0
NC_045512.2	9417	G	0
NC_045512.2	9418	T	0
NC_045512.2	9419	A	0
NC_045512.2	9420	T	0
NC_045512.2	9421	T	0
NC_045512.2	9422	G	0
NC_045512.2	9423	T	0
NC_045512.2	9424	A	0
NC_045512.2	9425	G	0
NC_045512.2	9426	C	0
NC_045512.2	9427	T	0
NC_045512.2	9428	A	0
NC_045512.2	9429	T	0
NC_045512.2	9430	C	0
NC_045512.2	9431	G	0
NC_045512.2	9432	T	0
NC_045512.2	9433	A	0
NC_045512.2	9434	G	0
NC_045512.2	9435	T	0
NC_045512.2	9436	A	0
NC_045512.2	9437	A	0
NC_045512.2	9438	C	0
NC_045512.2	9439	A	0
NC_045512.2	9440	T	0
NC_045512.2	9441	G	0
NC_045512.2	9442	C	0
NC_045512.2	9443	C	0
NC_045512.2	9444	T	0
NC_045512.2	9445	T	0
NC_045512.2	9446	G	0
NC_045512.2	9447	C	0
NC_045512.2	9448	C	0
NC_045512.2	9449	T	0
NC_045512.2	9450	A	0
NC_045512.2	9451	C	0
NC_045512.2	9452	T	0
NC_045512.2	9453	A	0
NC_045512.2	9454	T	0
NC_045512.2	9455	T	0
NC_045512.2	9456	T	0
NC_045512.2	9457	T	0
NC_045512.2	9458	A	0
NC_045512.2	9459	T	0
NC_045512.2	9460	G	0
NC_045512.2	9461	A	0
NC_045512.2	9462	G	0
NC_045512.2	9463	G	0
NC_045512.2	9464	T	0
NC_045512.2	9465	T	0
NC_045512.2	9466	T	0
NC_045512.2	9467	A	0
NC_045512.2	9468	G	0
NC_045512.2	9469	A	0
NC_045512.2	9470	A	0
NC_045512.2	9471	G	0
NC_045512.2	9472	A	0
NC_045512.2	9473	G	1
NC_045512.2	9474	C	1
NC_045512.2	9475	T	1
NC_045512.2	9476	T	1
NC_045512.2	9477	T	1
NC_045512.2	9478	T	1
NC_045512.2	9479	G	117
NC_045512.2	9480	G	127
NC_045512.2	9481	T	127
NC_045512.2	9482	G	329
NC_045512.2	9483	A	331
NC_045512.2	9484	A	442
NC_045512.2	9485	T	445
NC_045512.2	9486	A	425
NC_045512.2	9487	C	511
NC_045512.2	9488	A	502
NC_045512.2	9489	G	883
NC_045512.2	9490	T	888
NC_045512.2	9491	C	906
NC_045512.2	9492	A	924
NC_045512.2	9493	T	925
NC_045512.2	9494	G	944
NC_045512.2	9495	T	950
NC_045512.2	9496	A	918
NC_045512.2	9497	G	963
NC_045512.2	9498	T	947
NC_045512.2	9499	T	952
NC_045512.2	9500	G	986
NC_045512.2	9501	C	1026
NC_045512.2	9502	C	1104
NC_045512.2	9503	T	1097
NC_045512.2	9504	T	1095
NC_045512.2	9505	T	1107
NC_045512.2	9506	A	1109
NC_045512.2	9507	A	1125
NC_045512.2	9508	T	1135
NC_045512.2	9509	A	1012
NC_045512.2	9510	C	1157
NC_045512.2	9511	T	1152
NC_045512.2	9512	T	1221
NC_045512.2	9513	T	1224
NC_045512.2	9514	A	1249
NC_045512.2	9515	C	1237
NC_045512.2	9516	T	1237
NC_045512.2	9517	A	1231
NC_045512.2	9518	T	1286
NC_045512.2	9519	T	1385
NC_045512.2	9520	C	1395
NC_045512.2	9521	C	1412
NC_045512.2	9522	T	1410
NC_045512.2	9523	T	1378
NC_045512.2	9524	A	1460
NC_045512.2	9525	T	1446
NC_045512.2	9526	G	1477
NC_045512.2	9527	T	1471
NC_045512.2	9528	C	1476
NC_045512.2	9529	A	1456
NC_045512.2	9530	T	1479
NC_045512.2	9531	T	1528
NC_045512.2	9532	C	1538
NC_045512.2	9533	A	1624
NC_045512.2	9534	C	1671
NC_045512.2	9535	T	1664
NC_045512.2	9536	G	1700
NC_045512.2	9537	T	1694
NC_045512.2	9538	A	1729
NC_045512.2	9539	C	1720
NC_045512.2	9540	T	1729
NC_045512.2	9541	C	1756
NC_045512.2	9542	T	1753
NC_045512.2	9543	G	1937
NC_045512.2	9544	T	1904
NC_045512.2	9545	T	1889
NC_045512.2	9546	T	1805
NC_045512.2	9547	A	1964
NC_045512.2	9548	A	1971
NC_045512.2	9549	C	1960
NC_045512.2	9550	A	1911
NC_045512.2	9551	C	1982
NC_045512.2	9552	C	1960
NC_045512.2	9553	A	1979
NC_045512.2	9554	G	2085
NC_045512.2	9555	T	2037
NC_045512.2	9556	T	2079
NC_045512.2	9557	T	2097
NC_045512.2	9558	A	2093
NC_045512.2	9559	C	2120
NC_045512.2	9560	T	2101
NC_045512.2	9561	C	2387
NC_045512.2	9562	A	2405
NC_045512.2	9563	T	2459
NC_045512.2	9564	T	2489
NC_045512.2	9565	C	2509
NC_045512.2	9566	T	2523
NC_045512.2	9567	T	2534
NC_045512.2	9568	A	2522
NC_045512.2	9569	C	2514
NC_045512.2	9570	C	2493
NC_045512.2	9571	T	2517
NC_045512.2	9572	G	2533
NC_045512.2	9573	G	2512
NC_045512.2	9574	T	2432
NC_045512.2	9575	G	2531
NC_045512.2	9576	T	2477
NC_045512.2	9577	T	2431
NC_045512.2	9578	T	2515
NC_045512.2	9579	A	2480
NC_045512.2	9580	T	2416
NC_045512.2	9581	T	2429
NC_045512.2	9582	C	2202
NC_045512.2	9583	T	2215
NC_045512.2	9584	G	2210
NC_045512.2	9585	T	2202
NC_045512.2	9586	T	2197
NC_045512.2	9587	A	2066
NC_045512.2	9588	T	2162
NC_045512.2	9589	T	2179
NC_045512.2	9590	T	1903
NC_045512.2	9591	A	1900
NC_045512.2	9592	C	1853
NC_045512.2	9593	T	1872
NC_045512.2	9594	T	1844
NC_045512.2	9595	G	1855
NC_045512.2	9596	T	1834
NC_045512.2	9597	A	1834
NC_045512.2	9598	C	1813
NC_045512.2	9599	T	1759
NC_045512.2	9600	T	1793
NC_045512.2	9601	G	1804
NC_045512.2	9602	A	1784
NC_045512.2	9603	C	1701
NC_045512.2	9604	A	1652
NC_045512.2	9605	T	1685
NC_045512.2	9606	T	1691
NC_045512.2	9607	T	1702
NC_045512.2	9608	T	1569
NC_045512.2	9609	A	1773
NC_045512.2	9610	T	1738
NC_045512.2	9611	C	1668
NC_045512.2	9612	T	1674
NC_045512.2	9613	T	1597
NC_045512.2	9614	A	1712
NC_045512.2	9615	C	1692
NC_045512.2	9616	T	1616
NC_045512.2	9617	A	1697
NC_045512.2	9618	A	1679
NC_045512.2	9619	T	1687
NC_045512.2	9620	G	1612
NC_045512.2	9621	A	1570
NC_045512.2	9622	T	1574
NC_045512.2	9623	G	1580
NC_045512.2	9624	T	1591
NC_045512.2	9625	T	1567
NC_045512.2	9626	T	1524
NC_045512.2	9627	C	1560
NC_045512.2	9628	T	1569
NC_045512.2	9629	T	1570
NC_045512.2	9630	T	1580
NC_045512.2	9631	T	1585
NC_045512.2	9632	T	1552
NC_045512.2	9633	T	2038
NC_045512.2	9634	A	1987
NC_045512.2	9635	G	1970
NC_045512.2	9636	C	1979
NC_045512.2	9637	A	1985
NC_045512.2	9638	C	2020
NC_045512.2	9639	A	2034
NC_045512.2	9640	T	1985
NC_045512.2	9641	A	2059
NC_045512.2	9642	T	2048
NC_045512.2	9643	T	2027
NC_045512.2	9644	C	1934
NC_045512.2	9645	A	1895
NC_045512.2	9646	G	1938
NC_045512.2	9647	T	1839
NC_045512.2	9648	G	1944
NC_045512.2	9649	G	1939
NC_045512.2	9650	A	1917
NC_045512.2	9651	T	1937
NC_045512.2	9652	G	1923
NC_045512.2	9653	G	2018
NC_045512.2	9654	T	1988
NC_045512.2	9655	T	1923
NC_045512.2	9656	A	1942
NC_045512.2	9657	T	1924
NC_045512.2	9658	G	1987
NC_045512.2	9659	T	1881
NC_045512.2	9660	T	1961
NC_045512.2	9661	C	1762
NC_045512.2	9662	A	1671
NC_045512.2	9663	C	1674
NC_045512.2	9664	A	1671
NC_045512.2	9665	C	1757
NC_045512.2	9666	C	1759
NC_045512.2	9667	T	1743
NC_045512.2	9668	T	1722
NC_045512.2	9669	T	1763
NC_045512.2	9670	A	1592
NC_045512.2	9671	G	1606
NC_045512.2	9672	T	1618
NC_045512.2	9673	A	1664
NC_045512.2	9674	C	1676
NC_045512.2	9675	C	1683
NC_045512.2	9676	T	1688
NC_045512.2	9677	T	1706
NC_045512.2	9678	T	1709
NC_045512.2	9679	C	1747
NC_045512.2	9680	T	1731
NC_045512.2	9681	G	1755
NC_045512.2	9682	G	1769
NC_045512.2	9683	A	1778
NC_045512.2	9684	T	1754
NC_045512.2	9685	A	1760
NC_045512.2	9686	A	1981
NC_045512.2	9687	C	2013
NC_045512.2	9688	A	1973
NC_045512.2	9689	A	2009
NC_045512.2	9690	T	1996
NC_045512.2	9691	T	2004
NC_045512.2	9692	G	2041
NC_045512.2	9693	C	2044
NC_045512.2	9694	T	2009
NC_045512.2	9695	T	2043
NC_045512.2	9696	A	2046
NC_045512.2	9697	T	1925
NC_045512.2	9698	A	2044
NC_045512.2	9699	T	2060
NC_045512.2	9700	C	2057
NC_045512.2	9701	A	2057
NC_045512.2	9702	T	1867
NC_045512.2	9703	T	2094
NC_045512.2	9704	T	2068
NC_045512.2	9705	G	2092
NC_045512.2	9706	T	1932
NC_045512.2	9707	A	2079
NC_045512.2	9708	T	2244
NC_045512.2	9709	T	2257
NC_045512.2	9710	T	2280
NC_045512.2	9711	C	2297
NC_045512.2	9712	C	2297
NC_045512.2	9713	A	2353
NC_045512.2	9714	C	2393
NC_045512.2	9715	A	2349
NC_045512.2	9716	A	2356
NC_045512.2	9717	A	2324
NC_045512.2	9718	G	2377
NC_045512.2	9719	C	2389
NC_045512.2	9720	A	2355
NC_045512.2	9721	T	2387
NC_045512.2	9722	T	2377
NC_045512.2	9723	T	2330
NC_045512.2	9724	C	2391
NC_045512.2	9725	T	2211
NC_045512.2	9726	A	2345
NC_045512.2	9727	T	2326
NC_045512.2	9728	T	2330
NC_045512.2	9729	G	2335
NC_045512.2	9730	G	2335
NC_045512.2	9731	T	2268
NC_045512.2	9732	T	2308
NC_045512.2	9733	C	2316
NC_045512.2	9734	T	1596
NC_045512.2	9735	T	1530
NC_045512.2	9736	T	1574
NC_045512.2	9737	A	1573
NC_045512.2	9738	G	1608
NC_045512.2	9739	T	1560
NC_045512.2	9740	A	1562
NC_045512.2	9741	A	1570
NC_045512.2	9742	T	1609
NC_045512.2	9743	T	1613
NC_045512.2	9744	A	1632
NC_045512.2	9745	C	1648
NC_045512.2	9746	C	1641
NC_045512.2	9747	T	1548
NC_045512.2	9748	A	1614
NC_045512.2	9749	A	1609
NC_045512.2	9750	A	1625
NC_045512.2	9751	G	1635
NC_045512.2	9752	A	1583
NC_045512.2	9753	G	1588
NC_045512.2	9754	A	1627
NC_045512.2	9755	C	1752
NC_045512.2	9756	G	1767
NC_045512.2	9757	T	1876
NC_045512.2	9758	G	1875
NC_045512.2	9759	T	1896
NC_045512.2	9760	A	1895
NC_045512.2	9761	G	1903
NC_045512.2	9762	T	1866
NC_045512.2	9763	C	1902
NC_045512.2	9764	T	1858
NC_045512.2	9765	T	1738
NC_045512.2	9766	T	1772
NC_045512.2	9767	A	1796
NC_045512.2	9768	A	1792
NC_045512.2	9769	T	1802
NC_045512.2	9770	G	1759
NC_045512.2	9771	G	1774
NC_045512.2	9772	T	1682
NC_045512.2	9773	G	1690
NC_045512.2	9774	T	1686
NC_045512.2	9775	T	1693
NC_045512.2	9776	T	1683
NC_045512.2	9777	C	1674
NC_045512.2	9778	C	1692
NC_045512.2	9779	T	1668
NC_045512.2	9780	T	1546
NC_045512.2	9781	T	1616
NC_045512.2	9782	A	1646
NC_045512.2	9783	G	1631
NC_045512.2	9784	T	1638
NC_045512.2	9785	A	1626
NC_045512.2	9786	C	1622
NC_045512.2	9787	T	1379
NC_045512.2	9788	T	1281
NC_045512.2	9789	T	1316
NC_045512.2	9790	T	1357
NC_045512.2	9791	G	1361
NC_045512.2	9792	A	1349
NC_045512.2	9793	A	1346
NC_045512.2	9794	G	1349
NC_045512.2	9795	A	1324
NC_045512.2	9796	A	1330
NC_045512.2	9797	G	1320
NC_045512.2	9798	C	1331
NC_045512.2	9799	T	1327
NC_045512.2	9800	G	1307
NC_045512.2	9801	C	1322
NC_045512.2	9802	G	1291
NC_045512.2	9803	C	1318
NC_045512.2	9804	T	1229
NC_045512.2	9805	G	1270
NC_045512.2	9806	T	1254
NC_045512.2	9807	G	1225
NC_045512.2	9808	C	1247
NC_045512.2	9809	A	1059
NC_045512.2	9810	C	1059
NC_045512.2	9811	C	1013
NC_045512.2	9812	T	935
NC_045512.2	9813	T	979
NC_045512.2	9814	T	819
NC_045512.2	9815	T	851
NC_045512.2	9816	T	837
NC_045512.2	9817	G	846
NC_045512.2	9818	T	754
NC_045512.2	9819	T	797
NC_045512.2	9820	A	818
NC_045512.2	9821	A	812
NC_045512.2	9822	A	816
NC_045512.2	9823	T	816
NC_045512.2	9824	A	821
NC_045512.2	9825	A	819
NC_045512.2	9826	A	818
NC_045512.2	9827	G	813
NC_045512.2	9828	A	801
NC_045512.2	9829	A	799
NC_045512.2	9830	A	802
NC_045512.2	9831	T	784
NC_045512.2	9832	G	803
NC_045512.2	9833	T	719
NC_045512.2	9834	A	791
NC_045512.2	9835	T	749
NC_045512.2	9836	C	790
NC_045512.2	9837	T	767
NC_045512.2	9838	A	780
NC_045512.2	9839	A	779
NC_045512.2	9840	A	778
NC_045512.2	9841	G	779
NC_045512.2	9842	T	775
NC_045512.2	9843	T	647
NC_045512.2	9844	G	651
NC_045512.2	9845	C	648
NC_045512.2	9846	G	647
NC_045512.2	9847	T	644
NC_045512.2	9848	A	610
NC_045512.2	9849	G	612
NC_045512.2	9850	T	572
NC_045512.2	9851	G	572
NC_045512.2	9852	A	560
NC_045512.2	9853	T	335
NC_045512.2	9854	G	332
NC_045512.2	9855	T	276
NC_045512.2	9856	G	267
NC_045512.2	9857	C	266
NC_045512.2	9858	T	66
NC_045512.2	9859	A	63
NC_045512.2	9860	T	4
NC_045512.2	9861	T	1
NC_045512.2	9862	A	1
NC_045512.2	9863	C	0
NC_045512.2	9864	C	0
NC_045512.2	9865	T	0
NC_045512.2	9866	C	0
NC_045512.2	9867	T	0
NC_045512.2	9868	T	0
NC_045512.2	9869	A	0
NC_045512.2	9870	C	0
NC_045512.2	9871	G	0
NC_045512.2	9872	C	0
NC_045512.2	9873	A	0
NC_045512.2	9874	A	0
NC_045512.2	9875	T	0
NC_045512.2	9876	A	0
NC_045512.2	9877	T	0
NC_045512.2	9878	A	0
NC_045512.2	9879	A	0
NC_045512.2	9880	T	0
NC_045512.2	9881	A	0
NC_045512.2	9882	G	0
NC_045512.2	9883	A	0
NC_045512.2	9884	T	0
NC_045512.2	9885	A	0
NC_045512.2	9886	C	0
NC_045512.2	9887	T	0
NC_045512.2	9888	T	0
NC_045512.2	9889	A	0
NC_045512.2	9890	G	0
NC_045512.2	9891	C	0
NC_045512.2	9892	T	0
NC_045512.2	9893	C	0
NC_045512.2	9894	T	0
NC_045512.2	9895	T	0
NC_045512.2	9896	T	0
NC_045512.2	9897	A	0
NC_045512.2	9898	T	0
NC_045512.2	9899	A	0
NC_045512.2	9900	A	0
NC_045512.2	9901	T	0
NC_045512.2	9902	A	0
NC_045512.2	9903	A	0
NC_045512.2	9904	G	0
NC_045512.2	9905	T	0
NC_045512.2	9906	A	0
NC_045512.2	9907	C	0
NC_045512.2	9908	A	0
NC_045512.2	9909	A	0
NC_045512.2	9910	G	0
NC_045512.2	9911	T	0
NC_045512.2	9912	A	0
NC_045512.2	9913	T	0
NC_045512.2	9914	T	0
NC_045512.2	9915	T	0
NC_045512.2	9916	T	0
NC_045512.2	9917	A	0
NC_045512.2	9918	G	0
NC_045512.2	9919	T	0
NC_045512.2	9920	G	0
NC_045512.2	9921	G	0
NC_045512.2	9922	A	0
NC_045512.2	9923	G	0
NC_045512.2	9924	C	0
NC_045512.2	9925	A	0
NC_045512.2	9926	A	0
NC_045512.2	9927	T	0
NC_045512.2	9928	G	0
NC_045512.2	9929	G	0
NC_045512.2	9930	A	0
NC_045512.2	9931	T	0
NC_045512.2	9932	A	0
NC_045512.2	9933	C	0
NC_045512.2	9934	A	0
NC_045512.2	9935	A	0
NC_045512.2	9936	C	0
NC_045512.2	9937	T	0
NC_045512.2	9938	A	0
NC_045512.2	9939	G	0
NC_045512.2	9940	C	0
NC_045512.2	9941	T	0
NC_045512.2	9942	A	0
NC_045512.2	9943	C	0
NC_045512.2	9944	A	0
NC_045512.2	9945	G	0
NC_045512.2	9946	A	0
NC_045512.2	9947	G	0
NC_045512.2	9948	A	0
NC_045512.2	9949	A	0
NC_045512.2	9950	G	0
NC_045512.2	9951	C	0
NC_045512.2	9952	T	0
NC_045512.2	9953	G	0
NC_045512.2	9954	C	0
NC_045512.2	9955	T	0
NC_045512.2	9956	T	0
NC_045512.2	9957	G	0
NC_045512.2	9958	T	0
NC_045512.2	9959	T	0
NC_045512.2	9960	G	0
NC_045512.2	9961	T	0
NC_045512.2	9962	C	0
NC_045512.2	9963	A	0
NC_045512.2	9964	T	0
NC_045512.2	9965	C	0
NC_045512.2	9966	T	0
NC_045512.2	9967	C	0
NC_045512.2	9968	G	0
NC_045512.2	9969	C	0
NC_045512.2	9970	A	0
NC_045512.2	9971	A	0
NC_045512.2	9972	A	0
NC_045512.2	9973	G	0
NC_045512.2	9974	G	0
NC_045512.2	9975	C	0
NC_045512.2	9976	T	0
NC_045512.2	9977	C	0
NC_045512.2	9978	T	0
NC_045512.2	9979	C	0
NC_045512.2	9980	A	0
NC_045512.2	9981	A	0
NC_045512.2	9982	T	0
NC_045512.2	9983	G	0
NC_045512.2	9984	A	0
NC_045512.2	9985	C	0
NC_045512.2	9986	T	0
NC_045512.2	9987	T	0
NC_045512.2	9988	C	0
NC_045512.2	9989	A	0
NC_045512.2	9990	G	0
NC_045512.2	9991	T	0
NC_045512.2	9992	A	0
NC_045512.2	9993	A	0
NC_045512.2	9994	C	0
NC_045512.2	9995	T	0
NC_045512.2	9996	C	0
NC_045512.2	9997	A	0
NC_045512.2	9998	G	0
NC_045512.2	9999	G	0
NC_045512.2	10000	T	0
NC_045512.2	10001	T	0
NC_045512.2	10002	C	0
NC_045512.2	10003	T	0
NC_045512.2	10004	G	0
NC_045512.2	10005	A	0
NC_045512.2	10006	T	0
NC_045512.2	10007	G	0
NC_045512.2	10008	T	0
NC_045512.2	10009	T	0
NC_045512.2	10010	C	0
NC_045512.2	10011	T	0
NC_045512.2	10012	T	0
NC_045512.2	10013	T	0
NC_045512.2	10014	A	0
NC_045512.2	10015	C	0
NC_045512.2	10016	C	0
NC_045512.2	10017	A	0
NC_045512.2	10018	A	0
NC_045512.2	10019	C	0
NC_045512.2	10020	C	0
NC_045512.2	10021	A	0
NC_045512.2	10022	C	0
NC_045512.2	10023	C	0
NC_045512.2	10024	A	0
NC_045512.2	10025	C	0
NC_045512.2	10026	A	0
NC_045512.2	10027	A	0
NC_045512.2	10028	A	0
NC_045512.2	10029	C	0
NC_045512.2	10030	C	0
NC_045512.2	10031	T	0
NC_045512.2	10032	C	0
NC_045512.2	10033	T	0
NC_045512.2	10034	A	0
NC_045512.2	10035	T	0
NC_045512.2	10036	C	0
NC_045512.2	10037	A	0
NC_045512.2	10038	C	0
NC_045512.2	10039	C	0
NC_045512.2	10040	T	0
NC_045512.2	10041	C	0
NC_045512.2	10042	A	0
NC_045512.2	10043	G	0
NC_045512.2	10044	C	0
NC_045512.2	10045	T	0
NC_045512.2	10046	G	0
NC_045512.2	10047	T	0
NC_045512.2	10048	T	0
NC_045512.2	10049	T	0
NC_045512.2	10050	T	0
NC_045512.2	10051	G	0
NC_045512.2	10052	C	0
NC_045512.2	10053	A	0
NC_045512.2	10054	G	0
NC_045512.2	10055	A	0
NC_045512.2	10056	G	0
NC_045512.2	10057	T	0
NC_045512.2	10058	G	0
NC_045512.2	10059	G	0
NC_045512.2	10060	T	0
NC_045512.2	10061	T	0
NC_045512.2	10062	T	0
NC_045512.2	10063	T	0
NC_045512.2	10064	A	0
NC_045512.2	10065	G	0
NC_045512.2	10066	A	0
NC_045512.2	10067	A	0
NC_045512.2	10068	A	0
NC_045512.2	10069	A	0
NC_045512.2	10070	A	0
NC_045512.2	10071	T	0
NC_045512.2	10072	G	0
NC_045512.2	10073	G	0
NC_045512.2	10074	C	0
NC_045512.2	10075	A	0
NC_045512.2	10076	T	0
NC_045512.2	10077	T	0
NC_045512.2	10078	C	0
NC_045512.2	10079	C	0
NC_045512.2	10080	C	0
NC_045512.2	10081	A	0
NC_045512.2	10082	T	0
NC_045512.2	10083	C	0
NC_045512.2	10084	T	0
NC_045512.2	10085	G	0
NC_045512.2	10086	G	0
NC_045512.2	10087	T	0
NC_045512.2	10088	A	0
NC_045512.2	10089	A	0
NC_045512.2	10090	A	0
NC_045512.2	10091	G	0
NC_045512.2	10092	T	0
NC_045512.2	10093	T	0
NC_045512.2	10094	G	0
NC_045512.2	10095	A	0
NC_045512.2	10096	G	0
NC_045512.2	10097	G	0
NC_045512.2	10098	G	0
NC_045512.2	10099	T	0
NC_045512.2	10100	T	0
NC_045512.2	10101	G	0
NC_045512.2	10102	T	0
NC_045512.2	10103	A	0
NC_045512.2	10104	T	0
NC_045512.2	10105	G	0
NC_045512.2	10106	G	0
NC_045512.2	10107	T	0
NC_045512.2	10108	A	0
NC_045512.2	10109	C	0
NC_045512.2	10110	A	0
NC_045512.2	10111	A	0
NC_045512.2	10112	G	0
NC_045512.2	10113	T	0
NC_045512.2	10114	A	0
NC_045512.2	10115	A	0
NC_045512.2	10116	C	0
NC_045512.2	10117	T	0
NC_045512.2	10118	T	0
NC_045512.2	10119	G	0
NC_045512.2	10120	T	0
NC_045512.2	10121	G	0
NC_045512.2	10122	G	0
NC_045512.2	10123	T	0
NC_045512.2	10124	A	0
NC_045512.2	10125	C	0
NC_045512.2	10126	A	0
NC_045512.2	10127	A	0
NC_045512.2	10128	C	0
NC_045512.2	10129	T	0
NC_045512.2	10130	A	0
NC_045512.2	10131	C	0
NC_045512.2	10132	A	0
NC_045512.2	10133	C	0
NC_045512.2	10134	T	0
NC_045512.2	10135	T	0
NC_045512.2	10136	A	0
NC_045512.2	10137	A	0
NC_045512.2	10138	C	0
NC_045512.2	10139	G	0
NC_045512.2	10140	G	0
NC_045512.2	10141	T	0
NC_045512.2	10142	C	0
NC_045512.2	10143	T	0
NC_045512.2	10144	T	0
NC_045512.2	10145	T	0
NC_045512.2	10146	G	0
NC_045512.2	10147	G	0
NC_045512.2	10148	C	0
NC_045512.2	10149	T	0
NC_045512.2	10150	T	0
NC_045512.2	10151	G	0
NC_045512.2	10152	A	0
NC_045512.2	10153	T	0
NC_045512.2	10154	G	0
NC_045512.2	10155	A	0
NC_045512.2	10156	C	0
NC_045512.2	10157	G	0
NC_045512.2	10158	T	0
NC_045512.2	10159	A	0
NC_045512.2	10160	G	0
NC_045512.2	10161	T	0
NC_045512.2	10162	T	0
NC_045512.2	10163	T	0
NC_045512.2	10164	A	0
NC_045512.2	10165	C	0
NC_045512.2	10166	T	0
NC_045512.2	10167	G	0
NC_045512.2	10168	T	0
NC_045512.2	10169	C	0
NC_045512.2	10170	C	0
NC_045512.2	10171	A	0
NC_045512.2	10172	A	0
NC_045512.2	10173	G	0
NC_045512.2	10174	A	0
NC_045512.2	10175	C	0
NC_045512.2	10176	A	0
NC_045512.2	10177	T	0
NC_045512.2	10178	G	0
NC_045512.2	10179	T	0
NC_045512.2	10180	G	0
NC_045512.2	10181	A	0
NC_045512.2	10182	T	0
NC_045512.2	10183	C	0
NC_045512.2	10184	T	0
NC_045512.2	10185	G	0
NC_045512.2	10186	C	0
NC_045512.2	10187	A	0
NC_045512.2	10188	C	0
NC_045512.2	10189	C	0
NC_045512.2	10190	T	0
NC_045512.2	10191	C	0
NC_045512.2	10192	T	0
NC_045512.2	10193	G	0
NC_045512.2	10194	A	0
NC_045512.2	10195	A	0
NC_045512.2	10196	G	0
NC_045512.2	10197	A	0
NC_045512.2	10198	C	0
NC_045512.2	10199	A	0
NC_045512.2	10200	T	0
NC_045512.2	10201	G	0
NC_045512.2	10202	C	0
NC_045512.2	10203	T	0
NC_045512.2	10204	T	0
NC_045512.2	10205	A	0
NC_045512.2	10206	A	0
NC_045512.2	10207	C	0
NC_045512.2	10208	C	0
NC_045512.2	10209	C	0
NC_045512.2	10210	T	0
NC_045512.2	10211	A	0
NC_045512.2	10212	A	0
NC_045512.2	10213	T	0
NC_045512.2	10214	T	0
NC_045512.2	10215	A	0
NC_045512.2	10216	T	0
NC_045512.2	10217	G	0
NC_045512.2	10218	A	0
NC_045512.2	10219	A	0
NC_045512.2	10220	G	0
NC_045512.2	10221	A	0
NC_045512.2	10222	T	0
NC_045512.2	10223	T	0
NC_045512.2	10224	T	0
NC_045512.2	10225	A	0
NC_045512.2	10226	C	0
NC_045512.2	10227	T	0
NC_045512.2	10228	C	0
NC_045512.2	10229	A	0
NC_045512.2	10230	T	0
NC_045512.2	10231	T	0
NC_045512.2	10232	C	0
NC_045512.2	10233	G	0
NC_045512.2	10234	T	0
NC_045512.2	10235	A	0
NC_045512.2	10236	A	0
NC_045512.2	10237	G	0
NC_045512.2	10238	T	0
NC_045512.2	10239	C	0
NC_045512.2	10240	T	0
NC_045512.2	10241	A	0
NC_045512.2	10242	A	0
NC_045512.2	10243	T	0
NC_045512.2	10244	C	0
NC_045512.2	10245	A	0
NC_045512.2	10246	T	0
NC_045512.2	10247	A	0
NC_045512.2	10248	A	0
NC_045512.2	10249	T	0
NC_045512.2	10250	T	0
NC_045512.2	10251	T	0
NC_045512.2	10252	C	0
NC_045512.2	10253	T	0
NC_045512.2	10254	T	0
NC_045512.2	10255	G	0
NC_045512.2	10256	G	0
NC_045512.2	10257	T	0
NC_045512.2	10258	A	0
NC_045512.2	10259	C	0
NC_045512.2	10260	A	0
NC_045512.2	10261	G	0
NC_045512.2	10262	G	0
NC_045512.2	10263	C	0
NC_045512.2	10264	T	0
NC_045512.2	10265	G	0
NC_045512.2	10266	G	0
NC_045512.2	10267	T	0
NC_045512.2	10268	A	0
NC_045512.2	10269	A	0
NC_045512.2	10270	T	0
NC_045512.2	10271	G	0
NC_045512.2	10272	T	0
NC_045512.2	10273	T	0
NC_045512.2	10274	C	0
NC_045512.2	10275	A	0
NC_045512.2	10276	A	0
NC_045512.2	10277	C	0
NC_045512.2	10278	T	0
NC_045512.2	10279	C	0
NC_045512.2	10280	A	0
NC_045512.2	10281	G	0
NC_045512.2	10282	G	0
NC_045512.2	10283	G	0
NC_045512.2	10284	T	0
NC_045512.2	10285	T	0
NC_045512.2	10286	A	0
NC_045512.2	10287	T	0
NC_045512.2	10288	T	0
NC_045512.2	10289	G	0
NC_045512.2	10290	G	0
NC_045512.2	10291	A	0
NC_045512.2	10292	C	0
NC_045512.2	10293	A	0
NC_045512.2	10294	T	0
NC_045512.2	10295	T	0
NC_045512.2	10296	C	0
NC_045512.2	10297	T	0
NC_045512.2	10298	A	0
NC_045512.2	10299	T	0
NC_045512.2	10300	G	0
NC_045512.2	10301	C	0
NC_045512.2	10302	A	0
NC_045512.2	10303	A	0
NC_045512.2	10304	A	0
NC_045512.2	10305	A	0
NC_045512.2	10306	T	0
NC_045512.2	10307	T	0
NC_045512.2	10308	G	0
NC_045512.2	10309	T	0
NC_045512.2	10310	G	0
NC_045512.2	10311	T	0
NC_045512.2	10312	A	0
NC_045512.2	10313	C	0
NC_045512.2	10314	T	0
NC_045512.2	10315	T	0
NC_045512.2	10316	A	0
NC_045512.2	10317	A	0
NC_045512.2	10318	G	0
NC_045512.2	10319	C	0
NC_045512.2	10320	T	0
NC_045512.2	10321	T	0
NC_045512.2	10322	A	0
NC_045512.2	10323	A	0
NC_045512.2	10324	G	0
NC_045512.2	10325	G	0
NC_045512.2	10326	T	0
NC_045512.2	10327	T	0
NC_045512.2	10328	G	0
NC_045512.2	10329	A	0
NC_045512.2	10330	T	0
NC_045512.2	10331	A	0
NC_045512.2	10332	C	0
NC_045512.2	10333	A	0
NC_045512.2	10334	G	0
NC_045512.2	10335	C	0
NC_045512.2	10336	C	0
NC_045512.2	10337	A	0
NC_045512.2	10338	A	0
NC_045512.2	10339	T	0
NC_045512.2	10340	C	0
NC_045512.2	10341	C	0
NC_045512.2	10342	T	0
NC_045512.2	10343	A	0
NC_045512.2	10344	A	0
NC_045512.2	10345	G	0
NC_045512.2	10346	A	0
NC_045512.2	10347	C	0
NC_045512.2	10348	A	0
NC_045512.2	10349	C	0
NC_045512.2	10350	C	0
NC_045512.2	10351	T	0
NC_045512.2	10352	A	0
NC_045512.2	10353	A	0
NC_045512.2	10354	G	0
NC_045512.2	10355	T	0
NC_045512.2	10356	A	0
NC_045512.2	10357	T	0
NC_045512.2	10358	A	0
NC_045512.2	10359	A	0
NC_045512.2	10360	G	0
NC_045512.2	10361	T	0
NC_045512.2	10362	T	0
NC_045512.2	10363	T	0
NC_045512.2	10364	G	0
NC_045512.2	10365	T	0
NC_045512.2	10366	T	0
NC_045512.2	10367	C	0
NC_045512.2	10368	G	0
NC_045512.2	10369	C	0
NC_045512.2	10370	A	0
NC_045512.2	10371	T	0
NC_045512.2	10372	T	0
NC_045512.2	10373	C	0
NC_045512.2	10374	A	0
NC_045512.2	10375	A	0
NC_045512.2	10376	C	0
NC_045512.2	10377	C	0
NC_045512.2	10378	A	0
NC_045512.2	10379	G	0
NC_045512.2	10380	G	0
NC_045512.2	10381	A	0
NC_045512.2	10382	C	0
NC_045512.2	10383	A	0
NC_045512.2	10384	G	0
NC_045512.2	10385	A	0
NC_045512.2	10386	C	0
NC_045512.2	10387	T	0
NC_045512.2	10388	T	0
NC_045512.2	10389	T	0
NC_045512.2	10390	T	0
NC_045512.2	10391	T	0
NC_045512.2	10392	C	0
NC_045512.2	10393	A	0
NC_045512.2	10394	G	0
NC_045512.2	10395	T	1
NC_045512.2	10396	G	1
NC_045512.2	10397	T	1
NC_045512.2	10398	T	1
NC_045512.2	10399	A	1
NC_045512.2	10400	G	3
NC_045512.2	10401	C	3
NC_045512.2	10402	T	5
NC_045512.2	10403	T	14
NC_045512.2	10404	G	26
NC_045512.2	10405	T	31
NC_045512.2	10406	T	31
NC_045512.2	10407	A	32
NC_045512.2	10408	C	34
NC_045512.2	10409	A	34
NC_045512.2	10410	A	40
NC_045512.2	10411	T	38
NC_045512.2	10412	G	45
NC_045512.2	10413	G	51
NC_045512.2	10414	T	51
NC_045512.2	10415	T	51
NC_045512.2	10416	C	51
NC_045512.2	10417	A	58
NC_045512.2	10418	C	85
NC_045512.2	10419	C	86
NC_045512.2	10420	A	90
NC_045512.2	10421	T	94
NC_045512.2	10422	C	95
NC_045512.2	10423	T	93
NC_045512.2	10424	G	96
NC_045512.2	10425	G	101
NC_045512.2	10426	T	100
NC_045512.2	10427	G	104
NC_045512.2	10428	T	101
NC_045512.2	10429	T	107
NC_045512.2	10430	T	110
NC_045512.2	10431	A	110
NC_045512.2	10432	C	113
NC_045512.2	10433	C	113
NC_045512.2	10434	A	115
NC_045512.2	10435	A	138
NC_045512.2	10436	T	141
NC_045512.2	10437	G	173
NC_045512.2	10438	T	174
NC_045512.2	10439	G	177
NC_045512.2	10440	C	177
NC_045512.2	10441	T	180
NC_045512.2	10442	A	182
NC_045512.2	10443	T	186
NC_045512.2	10444	G	186
NC_045512.2	10445	A	178
NC_045512.2	10446	G	186
NC_045512.2	10447	G	164
NC_045512.2	10448	C	185
NC_045512.2	10449	C	182
NC_045512.2	10450	C	198
NC_045512.2	10451	A	200
NC_045512.2	10452	A	202
NC_045512.2	10453	T	201
NC_045512.2	10454	T	201
NC_045512.2	10455	T	203
NC_045512.2	10456	C	203
NC_045512.2	10457	A	201
NC_045512.2	10458	C	209
NC_045512.2	10459	T	209
NC_045512.2	10460	A	213
NC_045512.2	10461	T	211
NC_045512.2	10462	T	214
NC_045512.2	10463	A	214
NC_045512.2	10464	A	185
NC_045512.2	10465	G	272
NC_045512.2	10466	G	277
NC_045512.2	10467	G	277
NC_045512.2	10468	T	275
NC_045512.2	10469	T	272
NC_045512.2	10470	C	278
NC_045512.2	10471	A	277
NC_045512.2	10472	T	282
NC_045512.2	10473	T	281
NC_045512.2	10474	C	295
NC_045512.2	10475	C	294
NC_045512.2	10476	T	295
NC_045512.2	10477	T	294
NC_045512.2	10478	A	298
NC_045512.2	10479	A	302
NC_045512.2	10480	T	313
NC_045512.2	10481	G	432
NC_045512.2	10482	G	440
NC_045512.2	10483	T	433
NC_045512.2	10484	T	438
NC_045512.2	10485	C	435
NC_045512.2	10486	A	402
NC_045512.2	10487	T	447
NC_045512.2	10488	G	452
NC_045512.2	10489	T	458
NC_045512.2	10490	G	460
NC_045512.2	10491	G	464
NC_045512.2	10492	T	464
NC_045512.2	10493	A	455
NC_045512.2	10494	G	470
NC_045512.2	10495	T	463
NC_045512.2	10496	G	467
NC_045512.2	10497	T	466
NC_045512.2	10498	T	462
NC_045512.2	10499	G	471
NC_045512.2	10500	G	471
NC_045512.2	10501	T	458
NC_045512.2	10502	T	473
NC_045512.2	10503	T	466
NC_045512.2	10504	T	452
NC_045512.2	10505	A	442
NC_045512.2	10506	A	447
NC_045512.2	10507	C	434
NC_045512.2	10508	A	444
NC_045512.2	10509	T	442
NC_045512.2	10510	A	420
NC_045512.2	10511	G	451
NC_045512.2	10512	A	466
NC_045512.2	10513	T	459
NC_045512.2	10514	T	453
NC_045512.2	10515	A	458
NC_045512.2	10516	T	441
NC_045512.2	10517	G	445
NC_045512.2	10518	A	435
NC_045512.2	10519	C	417
NC_045512.2	10520	T	414
NC_045512.2	10521	G	420
NC_045512.2	10522	T	421
NC_045512.2	10523	G	426
NC_045512.2	10524	T	417
NC_045512.2	10525	C	410
NC_045512.2	10526	T	411
NC_045512.2	10527	C	414
NC_045512.2	10528	T	408
NC_045512.2	10529	T	412
NC_045512.2	10530	T	412
NC_045512.2	10531	T	414
NC_045512.2	10532	T	409
NC_045512.2	10533	G	408
NC_045512.2	10534	T	409
NC_045512.2	10535	T	408
NC_045512.2	10536	A	370
NC_045512.2	10537	C	360
NC_045512.2	10538	A	369
NC_045512.2	10539	T	355
NC_045512.2	10540	G	363
NC_045512.2	10541	C	368
NC_045512.2	10542	A	358
NC_045512.2	10543	C	361
NC_045512.2	10544	C	365
NC_045512.2	10545	A	362
NC_045512.2	10546	T	347
NC_045512.2	10547	A	336
NC_045512.2	10548	T	352
NC_045512.2	10549	G	354
NC_045512.2	10550	G	360
NC_045512.2	10551	A	340
NC_045512.2	10552	A	352
NC_045512.2	10553	T	331
NC_045512.2	10554	T	335
NC_045512.2	10555	A	290
NC_045512.2	10556	C	331
NC_045512.2	10557	C	346
NC_045512.2	10558	A	345
NC_045512.2	10559	A	254
NC_045512.2	10560	C	330
NC_045512.2	10561	T	318
NC_045512.2	10562	G	366
NC_045512.2	10563	G	373
NC_045512.2	10564	A	368
NC_045512.2	10565	G	367
NC_045512.2	10566	T	305
NC_045512.2	10567	T	328
NC_045512.2	10568	C	324
NC_045512.2	10569	A	327
NC_045512.2	10570	T	321
NC_045512.2	10571	G	329
NC_045512.2	10572	C	313
NC_045512.2	10573	T	318
NC_045512.2	10574	G	320
NC_045512.2	10575	G	323
NC_045512.2	10576	C	314
NC_045512.2	10577	A	311
NC_045512.2	10578	C	321
NC_045512.2	10579	A	313
NC_045512.2	10580	G	328
NC_045512.2	10581	A	312
NC_045512.2	10582	C	230
NC_045512.2	10583	T	246
NC_045512.2	10584	T	220
NC_045512.2	10585	A	222
NC_045512.2	10586	G	225
NC_045512.2	10587	A	212
NC_045512.2	10588	A	216
NC_045512.2	10589	G	212
NC_045512.2	10590	G	214
NC_045512.2	10591	T	215
NC_045512.2	10592	A	206
NC_045512.2	10593	A	211
NC_045512.2	10594	C	220
NC_045512.2	10595	T	217
NC_045512.2	10596	T	223
NC_045512.2	10597	T	228
NC_045512.2	10598	T	225
NC_045512.2	10599	A	230
NC_045512.2	10600	T	225
NC_045512.2	10601	G	227
NC_045512.2	10602	G	228
NC_045512.2	10603	A	224
NC_045512.2	10604	C	229
NC_045512.2	10605	C	238
NC_045512.2	10606	T	235
NC_045512.2	10607	T	238
NC_045512.2	10608	T	244
NC_045512.2	10609	T	236
NC_045512.2	10610	G	245
NC_045512.2	10611	T	231
NC_045512.2	10612	T	218
NC_045512.2	10613	G	225
NC_045512.2	10614	A	223
NC_045512.2	10615	C	222
NC_045512.2	10616	A	220
NC_045512.2	10617	G	224
NC_045512.2	10618	G	224
NC_045512.2	10619	C	222
NC_045512.2	10620	A	221
NC_045512.2	10621	A	221
NC_045512.2	10622	A	210
NC_045512.2	10623	C	223
NC_045512.2	10624	A	224
NC_045512.2	10625	G	225
NC_045512.2	10626	C	225
NC_045512.2	10627	A	221
NC_045512.2	10628	C	232
NC_045512.2	10629	A	228
NC_045512.2	10630	A	230
NC_045512.2	10631	G	230
NC_045512.2	10632	C	234
NC_045512.2	10633	A	229
NC_045512.2	10634	G	233
NC_045512.2	10635	C	236
NC_045512.2	10636	T	230
NC_045512.2	10637	G	234
NC_045512.2	10638	G	237
NC_045512.2	10639	T	249
NC_045512.2	10640	A	246
NC_045512.2	10641	C	253
NC_045512.2	10642	G	259
NC_045512.2	10643	G	254
NC_045512.2	10644	A	246
NC_045512.2	10645	C	245
NC_045512.2	10646	A	235
NC_045512.2	10647	C	245
NC_045512.2	10648	A	254
NC_045512.2	10649	A	313
NC_045512.2	10650	C	311
NC_045512.2	10651	T	267
NC_045512.2	10652	A	306
NC_045512.2	10653	T	300
NC_045512.2	10654	T	304
NC_045512.2	10655	A	298
NC_045512.2	10656	C	302
NC_045512.2	10657	A	294
NC_045512.2	10658	G	295
NC_045512.2	10659	T	205
NC_045512.2	10660	T	265
NC_045512.2	10661	A	270
NC_045512.2	10662	A	285
NC_045512.2	10663	T	284
NC_045512.2	10664	G	286
NC_045512.2	10665	T	286
NC_045512.2	10666	T	295
NC_045512.2	10667	T	296
NC_045512.2	10668	T	296
NC_045512.2	10669	A	297
NC_045512.2	10670	G	298
NC_045512.2	10671	C	309
NC_045512.2	10672	T	287
NC_045512.2	10673	T	309
NC_045512.2	10674	G	309
NC_045512.2	10675	G	308
NC_045512.2	10676	T	332
NC_045512.2	10677	T	333
NC_045512.2	10678	G	328
NC_045512.2	10679	T	328
NC_045512.2	10680	A	320
NC_045512.2	10681	C	320
NC_045512.2	10682	G	310
NC_045512.2	10683	C	319
NC_045512.2	10684	T	357
NC_045512.2	10685	G	357
NC_045512.2	10686	C	362
NC_045512.2	10687	T	360
NC_045512.2	10688	G	363
NC_045512.2	10689	T	396
NC_045512.2	10690	T	392
NC_045512.2	10691	A	397
NC_045512.2	10692	T	398
NC_045512.2	10693	A	395
NC_045512.2	10694	A	405
NC_045512.2	10695	A	388
NC_045512.2	10696	T	402
NC_045512.2	10697	G	413
NC_045512.2	10698	G	418
NC_045512.2	10699	A	419
NC_045512.2	10700	G	413
NC_045512.2	10701	A	416
NC_045512.2	10702	C	419
NC_045512.2	10703	A	406
NC_045512.2	10704	G	413
NC_045512.2	10705	G	473
NC_045512.2	10706	T	465
NC_045512.2	10707	G	462
NC_045512.2	10708	G	459
NC_045512.2	10709	T	462
NC_045512.2	10710	T	463
NC_045512.2	10711	T	244
NC_045512.2	10712	C	461
NC_045512.2	10713	T	459
NC_045512.2	10714	C	457
NC_045512.2	10715	A	450
NC_045512.2	10716	A	460
NC_045512.2	10717	T	459
NC_045512.2	10718	C	458
NC_045512.2	10719	G	452
NC_045512.2	10720	A	459
NC_045512.2	10721	T	441
NC_045512.2	10722	T	452
NC_045512.2	10723	T	361
NC_045512.2	10724	A	451
NC_045512.2	10725	C	458
NC_045512.2	10726	C	454
NC_045512.2	10727	A	453
NC_045512.2	10728	C	454
NC_045512.2	10729	A	445
NC_045512.2	10730	A	443
NC_045512.2	10731	C	443
NC_045512.2	10732	T	397
NC_045512.2	10733	C	443
NC_045512.2	10734	T	419
NC_045512.2	10735	T	425
NC_045512.2	10736	A	432
NC_045512.2	10737	A	432
NC_045512.2	10738	T	432
NC_045512.2	10739	G	430
NC_045512.2	10740	A	419
NC_045512.2	10741	C	418
NC_045512.2	10742	T	398
NC_045512.2	10743	T	395
NC_045512.2	10744	T	393
NC_045512.2	10745	A	408
NC_045512.2	10746	A	406
NC_045512.2	10747	C	412
NC_045512.2	10748	C	402
NC_045512.2	10749	T	389
NC_045512.2	10750	T	315
NC_045512.2	10751	G	324
NC_045512.2	10752	T	327
NC_045512.2	10753	G	323
NC_045512.2	10754	G	324
NC_045512.2	10755	C	325
NC_045512.2	10756	T	321
NC_045512.2	10757	A	308
NC_045512.2	10758	T	319
NC_045512.2	10759	G	316
NC_045512.2	10760	A	310
NC_045512.2	10761	A	311
NC_045512.2	10762	G	310
NC_045512.2	10763	T	305
NC_045512.2	10764	A	300
NC_045512.2	10765	C	308
NC_045512.2	10766	A	295
NC_045512.2	10767	A	298
NC_045512.2	10768	T	296
NC_045512.2	10769	T	279
NC_045512.2	10770	A	290
NC_045512.2	10771	T	278
NC_045512.2	10772	G	273
NC_045512.2	10773	A	278
NC_045512.2	10774	A	271
NC_045512.2	10775	C	275
NC_045512.2	10776	C	251
NC_045512.2	10777	T	180
NC_045512.2	10778	C	252
NC_045512.2	10779	T	225
NC_045512.2	10780	A	247
NC_045512.2	10781	A	246
NC_045512.2	10782	C	248
NC_045512.2	10783	A	239
NC_045512.2	10784	C	234
NC_045512.2	10785	A	158
NC_045512.2	10786	A	155
NC_045512.2	10787	G	156
NC_045512.2	10788	A	154
NC_045512.2	10789	C	154
NC_045512.2	10790	C	111
NC_045512.2	10791	A	101
NC_045512.2	10792	T	101
NC_045512.2	10793	G	103
NC_045512.2	10794	T	69
NC_045512.2	10795	T	86
NC_045512.2	10796	G	86
NC_045512.2	10797	A	72
NC_045512.2	10798	C	71
NC_045512.2	10799	A	66
NC_045512.2	10800	T	48
NC_045512.2	10801	A	40
NC_045512.2	10802	C	41
NC_045512.2	10803	T	14
NC_045512.2	10804	A	0
NC_045512.2	10805	G	0
NC_045512.2	10806	G	0
NC_045512.2	10807	A	0
NC_045512.2	10808	C	0
NC_045512.2	10809	C	0
NC_045512.2	10810	T	0
NC_045512.2	10811	C	0
NC_045512.2	10812	T	0
NC_045512.2	10813	T	0
NC_045512.2	10814	T	0
NC_045512.2	10815	C	0
NC_045512.2	10816	T	0
NC_045512.2	10817	G	0
NC_045512.2	10818	C	0
NC_045512.2	10819	T	0
NC_045512.2	10820	C	0
NC_045512.2	10821	A	0
NC_045512.2	10822	A	0
NC_045512.2	10823	A	0
NC_045512.2	10824	C	0
NC_045512.2	10825	T	0
NC_045512.2	10826	G	0
NC_045512.2	10827	G	0
NC_045512.2	10828	A	0
NC_045512.2	10829	A	0
NC_045512.2	10830	T	0
NC_045512.2	10831	T	0
NC_045512.2	10832	G	0
NC_045512.2	10833	C	0
NC_045512.2	10834	C	0
NC_045512.2	10835	G	0
NC_045512.2	10836	T	0
NC_045512.2	10837	T	0
NC_045512.2	10838	T	0
NC_045512.2	10839	T	0
NC_045512.2	10840	A	0
NC_045512.2	10841	G	0
NC_045512.2	10842	A	0
NC_045512.2	10843	T	0
NC_045512.2	10844	A	0
NC_045512.2	10845	T	0
NC_045512.2	10846	G	0
NC_045512.2	10847	T	0
NC_045512.2	10848	G	0
NC_045512.2	10849	T	0
NC_045512.2	10850	G	0
NC_045512.2	10851	C	0
NC_045512.2	10852	T	0
NC_045512.2	10853	T	0
NC_045512.2	10854	C	0
NC_045512.2	10855	A	0
NC_045512.2	10856	T	0
NC_045512.2	10857	T	0
NC_045512.2	10858	A	0
NC_045512.2	10859	A	0
NC_045512.2	10860	A	0
NC_045512.2	10861	A	0
NC_045512.2	10862	G	0
NC_045512.2	10863	A	0
NC_045512.2	10864	A	0
NC_045512.2	10865	T	0
NC_045512.2	10866	T	0
NC_045512.2	10867	A	0
NC_045512.2	10868	C	0
NC_045512.2	10869	T	0
NC_045512.2	10870	G	0
NC_045512.2	10871	C	0
NC_045512.2	10872	A	0
NC_045512.2	10873	A	0
NC_045512.2	10874	A	0
NC_045512.2	10875	A	0
NC_045512.2	10876	T	0
NC_045512.2	10877	G	0
NC_045512.2	10878	G	0
NC_045512.2	10879	T	0
NC_045512.2	10880	A	0
NC_045512.2	10881	T	0
NC_045512.2	10882	G	0
NC_045512.2	10883	A	0
NC_045512.2	10884	A	0
NC_045512.2	10885	T	0
NC_045512.2	10886	G	0
NC_045512.2	10887	G	0
NC_045512.2	10888	A	0
NC_045512.2	10889	C	0
NC_045512.2	10890	G	0
NC_045512.2	10891	T	0
NC_045512.2	10892	A	0
NC_045512.2	10893	C	0
NC_045512.2	10894	C	0
NC_045512.2	10895	A	0
NC_045512.2	10896	T	0
NC_045512.2	10897	A	0
NC_045512.2	10898	T	0
NC_045512.2	10899	T	0
NC_045512.2	10900	G	0
NC_045512.2	10901	G	0
NC_045512.2	10902	G	0
NC_045512.2	10903	T	0
NC_045512.2	10904	A	0
NC_045512.2	10905	G	0
NC_045512.2	10906	T	0
NC_045512.2	10907	G	0
NC_045512.2	10908	C	0
NC_045512.2	10909	T	0
NC_045512.2	10910	T	0
NC_045512.2	10911	T	0
NC_045512.2	10912	A	0
NC_045512.2	10913	T	0
NC_045512.2	10914	T	0
NC_045512.2	10915	A	0
NC_045512.2	10916	G	0
NC_045512.2	10917	A	0
NC_045512.2	10918	A	0
NC_045512.2	10919	G	0
NC_045512.2	10920	A	0
NC_045512.2	10921	T	0
NC_045512.2	10922	G	0
NC_045512.2	10923	A	0
NC_045512.2	10924	A	0
NC_045512.2	10925	T	0
NC_045512.2	10926	T	0
NC_045512.2	10927	T	0
NC_045512.2	10928	A	0
NC_045512.2	10929	C	0
NC_045512.2	10930	A	0
NC_045512.2	10931	C	0
NC_045512.2	10932	C	0
NC_045512.2	10933	T	0
NC_045512.2	10934	T	0
NC_045512.2	10935	T	0
NC_045512.2	10936	T	0
NC_045512.2	10937	G	0
NC_045512.2	10938	A	0
NC_045512.2	10939	T	0
NC_045512.2	10940	G	0
NC_045512.2	10941	T	0
NC_045512.2	10942	T	0
NC_045512.2	10943	G	0
NC_045512.2	10944	T	0
NC_045512.2	10945	T	0
NC_045512.2	10946	A	0
NC_045512.2	10947	G	0
NC_045512.2	10948	A	0
NC_045512.2	10949	C	0
NC_045512.2	10950	A	0
NC_045512.2	10951	A	0
NC_045512.2	10952	T	0
NC_045512.2	10953	G	0
NC_045512.2	10954	C	0
NC_045512.2	10955	T	0
NC_045512.2	10956	C	0
NC_045512.2	10957	A	0
NC_045512.2	10958	G	0
NC_045512.2	10959	G	0
NC_045512.2	10960	T	0
NC_045512.2	10961	G	0
NC_045512.2	10962	T	0
NC_045512.2	10963	T	0
NC_045512.2	10964	A	0
NC_045512.2	10965	C	0
NC_045512.2	10966	T	0
NC_045512.2	10967	T	0
NC_045512.2	10968	T	0
NC_045512.2	10969	C	0
NC_045512.2	10970	C	0
NC_045512.2	10971	A	0
NC_045512.2	10972	A	0
NC_045512.2	10973	A	0
NC_045512.2	10974	G	0
NC_045512.2	10975	T	0
NC_045512.2	10976	G	0
NC_045512.2	10977	C	0
NC_045512.2	10978	A	0
NC_045512.2	10979	G	0
NC_045512.2	10980	T	0
NC_045512.2	10981	G	0
NC_045512.2	10982	A	0
NC_045512.2	10983	A	0
NC_045512.2	10984	A	0
NC_045512.2	10985	A	0
NC_045512.2	10986	G	0
NC_045512.2	10987	A	0
NC_045512.2	10988	A	0
NC_045512.2	10989	C	0
NC_045512.2	10990	A	0
NC_045512.2	10991	A	0
NC_045512.2	10992	T	0
NC_045512.2	10993	C	0
NC_045512.2	10994	A	0
NC_045512.2	10995	A	0
NC_045512.2	10996	G	0
NC_045512.2	10997	G	0
NC_045512.2	10998	G	0
NC_045512.2	10999	T	0
NC_045512.2	11000	A	0
NC_045512.2	11001	C	0
NC_045512.2	11002	A	0
NC_045512.2	11003	C	0
NC_045512.2	11004	A	0
NC_045512.2	11005	C	2
NC_045512.2	11006	C	24
NC_045512.2	11007	A	84
NC_045512.2	11008	C	197
NC_045512.2	11009	T	206
NC_045512.2	11010	G	798
NC_045512.2	11011	G	850
NC_045512.2	11012	T	1027
NC_045512.2	11013	T	1023
NC_045512.2	11014	G	1096
NC_045512.2	11015	T	1090
NC_045512.2	11016	T	1096
NC_045512.2	11017	A	1041
NC_045512.2	11018	C	1077
NC_045512.2	11019	T	1184
NC_045512.2	11020	C	1211
NC_045512.2	11021	A	1199
NC_045512.2	11022	C	1360
NC_045512.2	11023	A	1368
NC_045512.2	11024	A	1452
NC_045512.2	11025	T	1431
NC_045512.2	11026	T	1429
NC_045512.2	11027	T	1385
NC_045512.2	11028	T	1353
NC_045512.2	11029	G	1470
NC_045512.2	11030	A	1481
NC_045512.2	11031	C	1479
NC_045512.2	11032	T	1469
NC_045512.2	11033	T	1472
NC_045512.2	11034	C	1498
NC_045512.2	11035	A	1482
NC_045512.2	11036	C	1605
NC_045512.2	11037	T	1576
NC_045512.2	11038	T	1542
NC_045512.2	11039	T	1594
NC_045512.2	11040	T	1617
NC_045512.2	11041	A	1624
NC_045512.2	11042	G	1698
NC_045512.2	11043	T	1699
NC_045512.2	11044	T	1702
NC_045512.2	11045	T	1704
NC_045512.2	11046	T	1675
NC_045512.2	11047	A	1898
NC_045512.2	11048	G	2049
NC_045512.2	11049	T	2057
NC_045512.2	11050	C	2162
NC_045512.2	11051	C	2040
NC_045512.2	11052	A	2153
NC_045512.2	11053	G	2385
NC_045512.2	11054	A	2286
NC_045512.2	11055	G	2790
NC_045512.2	11056	T	2780
NC_045512.2	11057	A	3033
NC_045512.2	11058	C	3060
NC_045512.2	11059	T	3059
NC_045512.2	11060	C	3077
NC_045512.2	11061	A	2953
NC_045512.2	11062	A	3058
NC_045512.2	11063	T	3089
NC_045512.2	11064	G	3158
NC_045512.2	11065	G	3228
NC_045512.2	11066	T	3184
NC_045512.2	11067	C	3260
NC_045512.2	11068	T	3197
NC_045512.2	11069	T	3156
NC_045512.2	11070	T	3240
NC_045512.2	11071	G	3271
NC_045512.2	11072	T	3250
NC_045512.2	11073	T	3249
NC_045512.2	11074	C	3251
NC_045512.2	11075	T	3283
NC_045512.2	11076	T	3273
NC_045512.2	11077	T	3258
NC_045512.2	11078	T	3271
NC_045512.2	11079	T	3287
NC_045512.2	11080	T	3279
NC_045512.2	11081	T	3285
NC_045512.2	11082	T	3276
NC_045512.2	11083	G	3285
NC_045512.2	11084	T	3307
NC_045512.2	11085	A	3346
NC_045512.2	11086	T	3285
NC_045512.2	11087	G	3336
NC_045512.2	11088	A	2333
NC_045512.2	11089	A	3352
NC_045512.2	11090	A	3392
NC_045512.2	11091	A	3385
NC_045512.2	11092	T	3329
NC_045512.2	11093	G	3365
NC_045512.2	11094	C	3334
NC_045512.2	11095	C	3433
NC_045512.2	11096	T	3479
NC_045512.2	11097	T	3449
NC_045512.2	11098	T	3459
NC_045512.2	11099	T	3459
NC_045512.2	11100	T	3376
NC_045512.2	11101	A	3440
NC_045512.2	11102	C	3464
NC_045512.2	11103	C	3399
NC_045512.2	11104	T	3436
NC_045512.2	11105	T	3422
NC_045512.2	11106	T	3484
NC_045512.2	11107	T	3470
NC_045512.2	11108	G	3511
NC_045512.2	11109	C	3063
NC_045512.2	11110	T	3083
NC_045512.2	11111	A	3000
NC_045512.2	11112	T	3060
NC_045512.2	11113	G	3524
NC_045512.2	11114	G	3596
NC_045512.2	11115	G	3817
NC_045512.2	11116	T	3777
NC_045512.2	11117	A	3827
NC_045512.2	11118	T	3887
NC_045512.2	11119	T	3780
NC_045512.2	11120	A	3644
NC_045512.2	11121	T	3898
NC_045512.2	11122	T	3784
NC_045512.2	11123	G	3737
NC_045512.2	11124	C	3653
NC_045512.2	11125	T	3634
NC_045512.2	11126	A	3710
NC_045512.2	11127	T	3656
NC_045512.2	11128	G	3724
NC_045512.2	11129	T	3624
NC_045512.2	11130	C	3716
NC_045512.2	11131	T	3639
NC_045512.2	11132	G	3702
NC_045512.2	11133	C	3681
NC_045512.2	11134	T	3690
NC_045512.2	11135	T	3566
NC_045512.2	11136	T	3668
NC_045512.2	11137	T	3532
NC_045512.2	11138	G	3630
NC_045512.2	11139	C	3623
NC_045512.2	11140	A	3615
NC_045512.2	11141	A	3673
NC_045512.2	11142	T	3655
NC_045512.2	11143	G	3676
NC_045512.2	11144	A	3487
NC_045512.2	11145	T	3686
NC_045512.2	11146	G	3689
NC_045512.2	11147	T	3648
NC_045512.2	11148	T	3548
NC_045512.2	11149	T	3378
NC_045512.2	11150	G	3445
NC_045512.2	11151	T	3304
NC_045512.2	11152	C	3247
NC_045512.2	11153	A	3135
NC_045512.2	11154	A	2946
NC_045512.2	11155	A	3058
NC_045512.2	11156	C	2843
NC_045512.2	11157	A	2797
NC_045512.2	11158	T	2647
NC_045512.2	11159	A	2585
NC_045512.2	11160	A	2538
NC_045512.2	11161	G	2627
NC_045512.2	11162	C	2598
NC_045512.2	11163	A	2571
NC_045512.2	11164	T	2562
NC_045512.2	11165	G	2491
NC_045512.2	11166	C	2342
NC_045512.2	11167	A	2358
NC_045512.2	11168	T	2366
NC_045512.2	11169	T	2415
NC_045512.2	11170	T	2206
NC_045512.2	11171	C	2454
NC_045512.2	11172	T	2435
NC_045512.2	11173	C	2431
NC_045512.2	11174	T	2399
NC_045512.2	11175	G	2413
NC_045512.2	11176	T	2300
NC_045512.2	11177	T	2377
NC_045512.2	11178	T	2419
NC_045512.2	11179	G	2430
NC_045512.2	11180	T	2321
NC_045512.2	11181	T	2452
NC_045512.2	11182	T	2361
NC_045512.2	11183	T	2468
NC_045512.2	11184	T	2416
NC_045512.2	11185	G	2436
NC_045512.2	11186	T	2598
NC_045512.2	11187	T	2570
NC_045512.2	11188	A	2437
NC_045512.2	11189	C	2550
NC_045512.2	11190	C	2486
NC_045512.2	11191	T	2510
NC_045512.2	11192	T	2436
NC_045512.2	11193	C	2559
NC_045512.2	11194	T	2349
NC_045512.2	11195	C	2513
NC_045512.2	11196	T	2484
NC_045512.2	11197	T	2483
NC_045512.2	11198	G	2019
NC_045512.2	11199	C	2799
NC_045512.2	11200	C	2816
NC_045512.2	11201	A	2880
NC_045512.2	11202	C	2921
NC_045512.2	11203	T	2867
NC_045512.2	11204	G	2923
NC_045512.2	11205	T	2938
NC_045512.2	11206	A	2913
NC_045512.2	11207	G	2954
NC_045512.2	11208	C	2918
NC_045512.2	11209	T	2967
NC_045512.2	11210	T	2969
NC_045512.2	11211	A	3022
NC_045512.2	11212	T	3081
NC_045512.2	11213	T	3017
NC_045512.2	11214	T	2710
NC_045512.2	11215	T	2719
NC_045512.2	11216	A	2738
NC_045512.2	11217	A	2734
NC_045512.2	11218	T	2713
NC_045512.2	11219	A	2672
NC_045512.2	11220	T	2756
NC_045512.2	11221	G	2732
NC_045512.2	11222	G	2930
NC_045512.2	11223	T	2893
NC_045512.2	11224	C	3069
NC_045512.2	11225	T	2948
NC_045512.2	11226	A	3156
NC_045512.2	11227	T	3030
NC_045512.2	11228	A	3119
NC_045512.2	11229	T	3145
NC_045512.2	11230	G	3160
NC_045512.2	11231	C	3191
NC_045512.2	11232	C	3208
NC_045512.2	11233	T	3215
NC_045512.2	11234	G	3217
NC_045512.2	11235	C	3240
NC_045512.2	11236	T	3226
NC_045512.2	11237	A	3228
NC_045512.2	11238	G	3306
NC_045512.2	11239	T	3237
NC_045512.2	11240	T	3221
NC_045512.2	11241	G	3299
NC_045512.2	11242	G	3281
NC_045512.2	11243	G	3300
NC_045512.2	11244	T	3269
NC_045512.2	11245	G	3279
NC_045512.2	11246	A	3227
NC_045512.2	11247	T	3200
NC_045512.2	11248	G	3274
NC_045512.2	11249	C	3260
NC_045512.2	11250	G	3276
NC_045512.2	11251	T	3187
NC_045512.2	11252	A	3327
NC_045512.2	11253	T	3344
NC_045512.2	11254	T	3345
NC_045512.2	11255	A	3301
NC_045512.2	11256	T	3373
NC_045512.2	11257	G	3351
NC_045512.2	11258	A	3324
NC_045512.2	11259	C	3360
NC_045512.2	11260	A	3279
NC_045512.2	11261	T	3324
NC_045512.2	11262	G	3324
NC_045512.2	11263	G	3480
NC_045512.2	11264	T	3230
NC_045512.2	11265	T	3533
NC_045512.2	11266	G	3560
NC_045512.2	11267	G	3523
NC_045512.2	11268	A	3562
NC_045512.2	11269	T	3342
NC_045512.2	11270	A	3494
NC_045512.2	11271	T	3508
NC_045512.2	11272	G	3497
NC_045512.2	11273	G	3512
NC_045512.2	11274	T	2866
NC_045512.2	11275	T	3427
NC_045512.2	11276	G	3495
NC_045512.2	11277	A	3815
NC_045512.2	11278	T	3766
NC_045512.2	11279	A	3775
NC_045512.2	11280	C	3818
NC_045512.2	11281	T	3704
NC_045512.2	11282	A	3703
NC_045512.2	11283	G	3714
NC_045512.2	11284	T	3521
NC_045512.2	11285	T	3590
NC_045512.2	11286	T	3657
NC_045512.2	11287	G	3672
NC_045512.2	11288	T	3572
NC_045512.2	11289	C	3609
NC_045512.2	11290	T	3615
NC_045512.2	11291	G	3619
NC_045512.2	11292	G	3623
NC_045512.2	11293	T	3628
NC_045512.2	11294	T	3696
NC_045512.2	11295	T	3803
NC_045512.2	11296	T	3808
NC_045512.2	11297	A	3973
NC_045512.2	11298	A	3974
NC_045512.2	11299	G	3997
NC_045512.2	11300	C	4014
NC_045512.2	11301	T	3969
NC_045512.2	11302	A	4029
NC_045512.2	11303	A	4053
NC_045512.2	11304	A	4282
NC_045512.2	11305	A	4325
NC_045512.2	11306	G	4354
NC_045512.2	11307	A	4392
NC_045512.2	11308	C	4404
NC_045512.2	11309	T	3315
NC_045512.2	11310	G	3335
NC_045512.2	11311	T	3187
NC_045512.2	11312	G	3230
NC_045512.2	11313	T	3213
NC_045512.2	11314	T	3173
NC_045512.2	11315	A	3174
NC_045512.2	11316	T	3184
NC_045512.2	11317	G	3191
NC_045512.2	11318	T	3112
NC_045512.2	11319	A	3023
NC_045512.2	11320	T	3018
NC_045512.2	11321	G	2910
NC_045512.2	11322	C	2904
NC_045512.2	11323	A	2885
NC_045512.2	11324	T	2799
NC_045512.2	11325	C	2820
NC_045512.2	11326	A	2718
NC_045512.2	11327	G	2770
NC_045512.2	11328	C	2762
NC_045512.2	11329	T	2719
NC_045512.2	11330	G	2700
NC_045512.2	11331	T	2675
NC_045512.2	11332	A	2678
NC_045512.2	11333	G	2683
NC_045512.2	11334	T	2617
NC_045512.2	11335	G	2645
NC_045512.2	11336	T	2509
NC_045512.2	11337	T	2485
NC_045512.2	11338	A	2489
NC_045512.2	11339	C	2495
NC_045512.2	11340	T	2437
NC_045512.2	11341	A	2418
NC_045512.2	11342	A	2409
NC_045512.2	11343	T	2431
NC_045512.2	11344	C	2408
NC_045512.2	11345	C	2374
NC_045512.2	11346	T	2311
NC_045512.2	11347	T	2240
NC_045512.2	11348	A	2306
NC_045512.2	11349	T	2249
NC_045512.2	11350	G	2336
NC_045512.2	11351	A	2299
NC_045512.2	11352	C	2314
NC_045512.2	11353	A	2227
NC_045512.2	11354	G	2203
NC_045512.2	11355	C	2234
NC_045512.2	11356	A	2205
NC_045512.2	11357	A	2223
NC_045512.2	11358	G	2227
NC_045512.2	11359	A	2199
NC_045512.2	11360	A	2199
NC_045512.2	11361	C	2214
NC_045512.2	11362	T	2148
NC_045512.2	11363	G	2163
NC_045512.2	11364	T	2127
NC_045512.2	11365	G	2134
NC_045512.2	11366	T	2107
NC_045512.2	11367	A	2085
NC_045512.2	11368	T	2093
NC_045512.2	11369	G	2098
NC_045512.2	11370	A	2080
NC_045512.2	11371	T	2031
NC_045512.2	11372	G	1870
NC_045512.2	11373	A	1826
NC_045512.2	11374	T	1703
NC_045512.2	11375	G	1756
NC_045512.2	11376	G	1775
NC_045512.2	11377	T	1757
NC_045512.2	11378	G	1764
NC_045512.2	11379	C	1744
NC_045512.2	11380	T	1728
NC_045512.2	11381	A	1739
NC_045512.2	11382	G	1735
NC_045512.2	11383	G	1735
NC_045512.2	11384	A	1695
NC_045512.2	11385	G	1697
NC_045512.2	11386	A	1229
NC_045512.2	11387	G	1237
NC_045512.2	11388	T	1108
NC_045512.2	11389	G	1125
NC_045512.2	11390	T	1063
NC_045512.2	11391	G	1040
NC_045512.2	11392	G	1050
NC_045512.2	11393	A	1033
NC_045512.2	11394	C	1024
NC_045512.2	11395	A	925
NC_045512.2	11396	C	802
NC_045512.2	11397	T	649
NC_045512.2	11398	T	610
NC_045512.2	11399	A	615
NC_045512.2	11400	T	607
NC_045512.2	11401	G	591
NC_045512.2	11402	A	575
NC_045512.2	11403	A	551
NC_045512.2	11404	T	530
NC_045512.2	11405	G	141
NC_045512.2	11406	T	101
NC_045512.2	11407	C	21
NC_045512.2	11408	T	3
NC_045512.2	11409	T	1
NC_045512.2	11410	G	0
NC_045512.2	11411	A	0
NC_045512.2	11412	C	0
NC_045512.2	11413	A	0
NC_045512.2	11414	C	0
NC_045512.2	11415	T	0
NC_045512.2	11416	C	0
NC_045512.2	11417	G	0
NC_045512.2	11418	T	0
NC_045512.2	11419	T	0
NC_045512.2	11420	T	0
NC_045512.2	11421	A	0
NC_045512.2	11422	T	0
NC_045512.2	11423	A	0
NC_045512.2	11424	A	0
NC_045512.2	11425	A	0
NC_045512.2	11426	G	0
NC_045512.2	11427	T	0
NC_045512.2	11428	T	0
NC_045512.2	11429	T	0
NC_045512.2	11430	A	0
NC_045512.2	11431	T	0
NC_045512.2	11432	T	0
NC_045512.2	11433	A	0
NC_045512.2	11434	T	0
NC_045512.2	11435	G	0
NC_045512.2	11436	G	0
NC_045512.2	11437	T	0
NC_045512.2	11438	A	0
NC_045512.2	11439	A	0
NC_045512.2	11440	T	0
NC_045512.2	11441	G	0
NC_045512.2	11442	C	0
NC_045512.2	11443	T	0
NC_045512.2	11444	T	0
NC_045512.2	11445	T	0
NC_045512.2	11446	A	0
NC_045512.2	11447	G	0
NC_045512.2	11448	A	0
NC_045512.2	11449	T	0
NC_045512.2	11450	C	0
NC_045512.2	11451	A	0
NC_045512.2	11452	A	0
NC_045512.2	11453	G	0
NC_045512.2	11454	C	0
NC_045512.2	11455	C	0
NC_045512.2	11456	A	0
NC_045512.2	11457	T	0
NC_045512.2	11458	T	0
NC_045512.2	11459	T	0
NC_045512.2	11460	C	0
NC_045512.2	11461	C	0
NC_045512.2	11462	A	0
NC_045512.2	11463	T	0
NC_045512.2	11464	G	0
NC_045512.2	11465	T	0
NC_045512.2	11466	G	0
NC_045512.2	11467	G	0
NC_045512.2	11468	G	0
NC_045512.2	11469	C	0
NC_045512.2	11470	T	0
NC_045512.2	11471	C	0
NC_045512.2	11472	T	0
NC_045512.2	11473	T	0
NC_045512.2	11474	A	0
NC_045512.2	11475	T	0
NC_045512.2	11476	A	0
NC_045512.2	11477	A	0
NC_045512.2	11478	T	0
NC_045512.2	11479	C	0
NC_045512.2	11480	T	0
NC_045512.2	11481	C	0
NC_045512.2	11482	T	0
NC_045512.2	11483	G	0
NC_045512.2	11484	T	0
NC_045512.2	11485	T	0
NC_045512.2	11486	A	0
NC_045512.2	11487	C	0
NC_045512.2	11488	T	0
NC_045512.2	11489	T	0
NC_045512.2	11490	C	0
NC_045512.2	11491	T	0
NC_045512.2	11492	A	0
NC_045512.2	11493	A	0
NC_045512.2	11494	C	0
NC_045512.2	11495	T	0
NC_045512.2	11496	A	0
NC_045512.2	11497	C	0
NC_045512.2	11498	T	0
NC_045512.2	11499	C	0
NC_045512.2	11500	A	0
NC_045512.2	11501	G	0
NC_045512.2	11502	G	0
NC_045512.2	11503	T	0
NC_045512.2	11504	G	0
NC_045512.2	11505	T	0
NC_045512.2	11506	A	0
NC_045512.2	11507	G	0
NC_045512.2	11508	T	0
NC_045512.2	11509	T	0
NC_045512.2	11510	A	0
NC_045512.2	11511	C	0
NC_045512.2	11512	A	0
NC_045512.2	11513	A	0
NC_045512.2	11514	C	0
NC_045512.2	11515	T	0
NC_045512.2	11516	G	0
NC_045512.2	11517	T	0
NC_045512.2	11518	C	0
NC_045512.2	11519	A	0
NC_045512.2	11520	T	0
NC_045512.2	11521	G	0
NC_045512.2	11522	T	0
NC_045512.2	11523	T	0
NC_045512.2	11524	T	0
NC_045512.2	11525	T	0
NC_045512.2	11526	T	0
NC_045512.2	11527	G	0
NC_045512.2	11528	G	0
NC_045512.2	11529	C	0
NC_045512.2	11530	C	0
NC_045512.2	11531	A	0
NC_045512.2	11532	G	0
NC_045512.2	11533	A	0
NC_045512.2	11534	G	0
NC_045512.2	11535	G	0
NC_045512.2	11536	T	0
NC_045512.2	11537	A	0
NC_045512.2	11538	T	0
NC_045512.2	11539	T	0
NC_045512.2	11540	G	0
NC_045512.2	11541	T	0
NC_045512.2	11542	T	0
NC_045512.2	11543	T	0
NC_045512.2	11544	T	0
NC_045512.2	11545	T	0
NC_045512.2	11546	A	0
NC_045512.2	11547	T	0
NC_045512.2	11548	G	0
NC_045512.2	11549	T	0
NC_045512.2	11550	G	0
NC_045512.2	11551	T	0
NC_045512.2	11552	G	0
NC_045512.2	11553	T	0
NC_045512.2	11554	T	0
NC_045512.2	11555	G	0
NC_045512.2	11556	A	0
NC_045512.2	11557	G	0
NC_045512.2	11558	T	0
NC_045512.2	11559	A	0
NC_045512.2	11560	T	0
NC_045512.2	11561	T	0
NC_045512.2	11562	G	0
NC_045512.2	11563	C	0
NC_045512.2	11564	C	0
NC_045512.2	11565	C	0
NC_045512.2	11566	T	0
NC_045512.2	11567	A	0
NC_045512.2	11568	T	0
NC_045512.2	11569	T	0
NC_045512.2	11570	T	0
NC_045512.2	11571	T	0
NC_045512.2	11572	C	0
NC_045512.2	11573	T	0
NC_045512.2	11574	T	0
NC_045512.2	11575	C	0
NC_045512.2	11576	A	0
NC_045512.2	11577	T	0
NC_045512.2	11578	A	0
NC_045512.2	11579	A	0
NC_045512.2	11580	C	0
NC_045512.2	11581	T	0
NC_045512.2	11582	G	0
NC_045512.2	11583	G	0
NC_045512.2	11584	T	0
NC_045512.2	11585	A	0
NC_045512.2	11586	A	0
NC_045512.2	11587	T	0
NC_045512.2	11588	A	0
NC_045512.2	11589	C	0
NC_045512.2	11590	A	0
NC_045512.2	11591	C	0
NC_045512.2	11592	T	0
NC_045512.2	11593	T	0
NC_045512.2	11594	C	0
NC_045512.2	11595	A	0
NC_045512.2	11596	G	0
NC_045512.2	11597	T	0
NC_045512.2	11598	G	0
NC_045512.2	11599	T	0
NC_045512.2	11600	A	0
NC_045512.2	11601	T	0
NC_045512.2	11602	A	0
NC_045512.2	11603	A	0
NC_045512.2	11604	T	0
NC_045512.2	11605	G	0
NC_045512.2	11606	C	0
NC_045512.2	11607	T	0
NC_045512.2	11608	A	0
NC_045512.2	11609	G	0
NC_045512.2	11610	T	0
NC_045512.2	11611	T	0
NC_045512.2	11612	T	0
NC_045512.2	11613	A	0
NC_045512.2	11614	T	0
NC_045512.2	11615	T	0
NC_045512.2	11616	G	0
NC_045512.2	11617	T	0
NC_045512.2	11618	T	0
NC_045512.2	11619	T	0
NC_045512.2	11620	C	0
NC_045512.2	11621	T	0
NC_045512.2	11622	T	0
NC_045512.2	11623	A	0
NC_045512.2	11624	G	0
NC_045512.2	11625	G	0
NC_045512.2	11626	C	0
NC_045512.2	11627	T	0
NC_045512.2	11628	A	0
NC_045512.2	11629	T	0
NC_045512.2	11630	T	0
NC_045512.2	11631	T	0
NC_045512.2	11632	T	0
NC_045512.2	11633	T	0
NC_045512.2	11634	G	0
NC_045512.2	11635	T	0
NC_045512.2	11636	A	0
NC_045512.2	11637	C	0
NC_045512.2	11638	T	0
NC_045512.2	11639	T	0
NC_045512.2	11640	G	0
NC_045512.2	11641	T	0
NC_045512.2	11642	T	0
NC_045512.2	11643	A	0
NC_045512.2	11644	C	0
NC_045512.2	11645	T	0
NC_045512.2	11646	T	0
NC_045512.2	11647	T	0
NC_045512.2	11648	G	0
NC_045512.2	11649	G	0
NC_045512.2	11650	C	0
NC_045512.2	11651	C	0
NC_045512.2	11652	T	0
NC_045512.2	11653	C	0
NC_045512.2	11654	T	0
NC_045512.2	11655	T	0
NC_045512.2	11656	T	0
NC_045512.2	11657	T	0
NC_045512.2	11658	G	0
NC_045512.2	11659	T	0
NC_045512.2	11660	T	0
NC_045512.2	11661	T	0
NC_045512.2	11662	A	0
NC_045512.2	11663	C	0
NC_045512.2	11664	T	0
NC_045512.2	11665	C	0
NC_045512.2	11666	A	0
NC_045512.2	11667	A	0
NC_045512.2	11668	C	0
NC_045512.2	11669	C	0
NC_045512.2	11670	G	0
NC_045512.2	11671	C	0
NC_045512.2	11672	T	0
NC_045512.2	11673	A	0
NC_045512.2	11674	C	0
NC_045512.2	11675	T	0
NC_045512.2	11676	T	0
NC_045512.2	11677	T	0
NC_045512.2	11678	A	0
NC_045512.2	11679	G	0
NC_045512.2	11680	A	0
NC_045512.2	11681	C	0
NC_045512.2	11682	T	0
NC_045512.2	11683	G	0
NC_045512.2	11684	A	0
NC_045512.2	11685	C	0
NC_045512.2	11686	T	0
NC_045512.2	11687	C	0
NC_045512.2	11688	T	0
NC_045512.2	11689	T	0
NC_045512.2	11690	G	0
NC_045512.2	11691	G	0
NC_045512.2	11692	T	1
NC_045512.2	11693	G	1
NC_045512.2	11694	T	1
NC_045512.2	11695	T	1
NC_045512.2	11696	T	1
NC_045512.2	11697	A	1
NC_045512.2	11698	T	1
NC_045512.2	11699	G	1
NC_045512.2	11700	A	1
NC_045512.2	11701	T	1
NC_045512.2	11702	T	1
NC_045512.2	11703	A	1
NC_045512.2	11704	C	1
NC_045512.2	11705	T	1
NC_045512.2	11706	T	1
NC_045512.2	11707	A	1
NC_045512.2	11708	G	1
NC_045512.2	11709	T	1
NC_045512.2	11710	T	1
NC_045512.2	11711	T	1
NC_045512.2	11712	C	1
NC_045512.2	11713	T	1
NC_045512.2	11714	A	1
NC_045512.2	11715	C	1
NC_045512.2	11716	A	1
NC_045512.2	11717	C	1
NC_045512.2	11718	A	1
NC_045512.2	11719	G	1
NC_045512.2	11720	G	1
NC_045512.2	11721	A	1
NC_045512.2	11722	G	1
NC_045512.2	11723	T	1
NC_045512.2	11724	T	1
NC_045512.2	11725	T	1
NC_045512.2	11726	A	1
NC_045512.2	11727	G	1
NC_045512.2	11728	A	1
NC_045512.2	11729	T	1
NC_045512.2	11730	A	1
NC_045512.2	11731	T	1
NC_045512.2	11732	A	1
NC_045512.2	11733	T	1
NC_045512.2	11734	G	1
NC_045512.2	11735	A	1
NC_045512.2	11736	A	1
NC_045512.2	11737	T	1
NC_045512.2	11738	T	1
NC_045512.2	11739	C	1
NC_045512.2	11740	A	1
NC_045512.2	11741	C	1
NC_045512.2	11742	A	1
NC_045512.2	11743	G	1
NC_045512.2	11744	G	1
NC_045512.2	11745	G	1
NC_045512.2	11746	A	1
NC_045512.2	11747	C	1
NC_045512.2	11748	T	1
NC_045512.2	11749	A	1
NC_045512.2	11750	C	1
NC_045512.2	11751	T	1
NC_045512.2	11752	C	1
NC_045512.2	11753	C	1
NC_045512.2	11754	C	1
NC_045512.2	11755	A	1
NC_045512.2	11756	C	1
NC_045512.2	11757	C	1
NC_045512.2	11758	C	1
NC_045512.2	11759	A	1
NC_045512.2	11760	A	1
NC_045512.2	11761	G	1
NC_045512.2	11762	A	1
NC_045512.2	11763	A	1
NC_045512.2	11764	T	1
NC_045512.2	11765	A	1
NC_045512.2	11766	G	1
NC_045512.2	11767	C	1
NC_045512.2	11768	A	1
NC_045512.2	11769	T	1
NC_045512.2	11770	A	1
NC_045512.2	11771	G	1
NC_045512.2	11772	A	1
NC_045512.2	11773	T	1
NC_045512.2	11774	G	1
NC_045512.2	11775	C	1
NC_045512.2	11776	C	1
NC_045512.2	11777	T	1
NC_045512.2	11778	T	1
NC_045512.2	11779	C	1
NC_045512.2	11780	A	1
NC_045512.2	11781	A	1
NC_045512.2	11782	A	1
NC_045512.2	11783	C	1
NC_045512.2	11784	T	1
NC_045512.2	11785	C	1
NC_045512.2	11786	A	1
NC_045512.2	11787	A	0
NC_045512.2	11788	C	1
NC_045512.2	11789	A	1
NC_045512.2	11790	T	1
NC_045512.2	11791	T	1
NC_045512.2	11792	A	0
NC_045512.2	11793	A	0
NC_045512.2	11794	A	0
NC_045512.2	11795	T	0
NC_045512.2	11796	T	0
NC_045512.2	11797	G	0
NC_045512.2	11798	T	0
NC_045512.2	11799	T	0
NC_045512.2	11800	G	0
NC_045512.2	11801	G	0
NC_045512.2	11802	G	0
NC_045512.2	11803	T	0
NC_045512.2	11804	G	0
NC_045512.2	11805	T	0
NC_045512.2	11806	T	0
NC_045512.2	11807	G	0
NC_045512.2	11808	G	0
NC_045512.2	11809	T	0
NC_045512.2	11810	G	0
NC_045512.2	11811	G	0
NC_045512.2	11812	C	0
NC_045512.2	11813	A	0
NC_045512.2	11814	A	0
NC_045512.2	11815	A	0
NC_045512.2	11816	C	0
NC_045512.2	11817	C	0
NC_045512.2	11818	T	0
NC_045512.2	11819	T	0
NC_045512.2	11820	G	0
NC_045512.2	11821	T	0
NC_045512.2	11822	A	0
NC_045512.2	11823	T	0
NC_045512.2	11824	C	0
NC_045512.2	11825	A	0
NC_045512.2	11826	A	0
NC_045512.2	11827	A	0
NC_045512.2	11828	G	0
NC_045512.2	11829	T	0
NC_045512.2	11830	A	0
NC_045512.2	11831	G	0
NC_045512.2	11832	C	0
NC_045512.2	11833	C	0
NC_045512.2	11834	A	0
NC_045512.2	11835	C	0
NC_045512.2	11836	T	0
NC_045512.2	11837	G	0
NC_045512.2	11838	T	0
NC_045512.2	11839	A	0
NC_045512.2	11840	C	0
NC_045512.2	11841	A	0
NC_045512.2	11842	G	0
NC_045512.2	11843	T	0
NC_045512.2	11844	C	0
NC_045512.2	11845	T	0
NC_045512.2	11846	A	0
NC_045512.2	11847	A	0
NC_045512.2	11848	A	0
NC_045512.2	11849	A	0
NC_045512.2	11850	T	0
NC_045512.2	11851	G	0
NC_045512.2	11852	T	0
NC_045512.2	11853	C	0
NC_045512.2	11854	A	0
NC_045512.2	11855	G	0
NC_045512.2	11856	A	0
NC_045512.2	11857	T	0
NC_045512.2	11858	G	0
NC_045512.2	11859	T	0
NC_045512.2	11860	A	0
NC_045512.2	11861	A	0
NC_045512.2	11862	A	0
NC_045512.2	11863	G	0
NC_045512.2	11864	T	0
NC_045512.2	11865	G	0
NC_045512.2	11866	C	0
NC_045512.2	11867	A	0
NC_045512.2	11868	C	0
NC_045512.2	11869	A	0
NC_045512.2	11870	T	0
NC_045512.2	11871	C	0
NC_045512.2	11872	A	0
NC_045512.2	11873	G	0
NC_045512.2	11874	T	0
NC_045512.2	11875	A	0
NC_045512.2	11876	G	0
NC_045512.2	11877	T	0
NC_045512.2	11878	C	0
NC_045512.2	11879	T	0
NC_045512.2	11880	T	0
NC_045512.2	11881	A	0
NC_045512.2	11882	C	0
NC_045512.2	11883	T	0
NC_045512.2	11884	C	0
NC_045512.2	11885	T	0
NC_045512.2	11886	C	0
NC_045512.2	11887	A	0
NC_045512.2	11888	G	0
NC_045512.2	11889	T	0
NC_045512.2	11890	T	0
NC_045512.2	11891	T	0
NC_045512.2	11892	T	0
NC_045512.2	11893	G	0
NC_045512.2	11894	C	0
NC_045512.2	11895	A	0
NC_045512.2	11896	A	0
NC_045512.2	11897	C	0
NC_045512.2	11898	A	0
NC_045512.2	11899	A	0
NC_045512.2	11900	C	0
NC_045512.2	11901	T	0
NC_045512.2	11902	C	0
NC_045512.2	11903	A	0
NC_045512.2	11904	G	0
NC_045512.2	11905	A	0
NC_045512.2	11906	G	0
NC_045512.2	11907	T	0
NC_045512.2	11908	A	0
NC_045512.2	11909	G	0
NC_045512.2	11910	A	0
NC_045512.2	11911	A	0
NC_045512.2	11912	T	0
NC_045512.2	11913	C	0
NC_045512.2	11914	A	0
NC_045512.2	11915	T	0
NC_045512.2	11916	C	0
NC_045512.2	11917	A	0
NC_045512.2	11918	T	0
NC_045512.2	11919	C	0
NC_045512.2	11920	T	0
NC_045512.2	11921	A	0
NC_045512.2	11922	A	1
NC_045512.2	11923	A	1
NC_045512.2	11924	T	1
NC_045512.2	11925	T	1
NC_045512.2	11926	G	1
NC_045512.2	11927	T	1
NC_045512.2	11928	G	1
NC_045512.2	11929	G	1
NC_045512.2	11930	G	1
NC_045512.2	11931	C	1
NC_045512.2	11932	T	1
NC_045512.2	11933	C	1
NC_045512.2	11934	A	1
NC_045512.2	11935	A	1
NC_045512.2	11936	T	1
NC_045512.2	11937	G	1
NC_045512.2	11938	T	1
NC_045512.2	11939	G	1
NC_045512.2	11940	T	1
NC_045512.2	11941	C	1
NC_045512.2	11942	C	1
NC_045512.2	11943	A	1
NC_045512.2	11944	G	1
NC_045512.2	11945	T	1
NC_045512.2	11946	T	1
NC_045512.2	11947	A	1
NC_045512.2	11948	C	1
NC_045512.2	11949	A	1
NC_045512.2	11950	C	1
NC_045512.2	11951	A	1
NC_045512.2	11952	A	1
NC_045512.2	11953	T	1
NC_045512.2	11954	G	1
NC_045512.2	11955	A	1
NC_045512.2	11956	C	1
NC_045512.2	11957	A	1
NC_045512.2	11958	T	1
NC_045512.2	11959	T	1
NC_045512.2	11960	C	1
NC_045512.2	11961	T	1
NC_045512.2	11962	C	1
NC_045512.2	11963	T	1
NC_045512.2	11964	T	1
NC_045512.2	11965	A	1
NC_045512.2	11966	G	1
NC_045512.2	11967	C	1
NC_045512.2	11968	T	1
NC_045512.2	11969	A	1
NC_045512.2	11970	A	1
NC_045512.2	11971	A	1
NC_045512.2	11972	G	1
NC_045512.2	11973	A	1
NC_045512.2	11974	T	1
NC_045512.2	11975	A	1
NC_045512.2	11976	C	1
NC_045512.2	11977	T	1
NC_045512.2	11978	A	1
NC_045512.2	11979	C	1
NC_045512.2	11980	T	1
NC_045512.2	11981	G	1
NC_045512.2	11982	A	1
NC_045512.2	11983	A	1
NC_045512.2	11984	G	1
NC_045512.2	11985	C	1
NC_045512.2	11986	C	1
NC_045512.2	11987	T	1
NC_045512.2	11988	T	1
NC_045512.2	11989	T	1
NC_045512.2	11990	G	1
NC_045512.2	11991	A	1
NC_045512.2	11992	A	1
NC_045512.2	11993	A	1
NC_045512.2	11994	A	1
NC_045512.2	11995	A	1
NC_045512.2	11996	A	1
NC_045512.2	11997	T	1
NC_045512.2	11998	G	1
NC_045512.2	11999	G	1
NC_045512.2	12000	T	1
NC_045512.2	12001	T	1
NC_045512.2	12002	T	1
NC_045512.2	12003	C	1
NC_045512.2	12004	A	1
NC_045512.2	12005	C	1
NC_045512.2	12006	T	1
NC_045512.2	12007	A	1
NC_045512.2	12008	C	1
NC_045512.2	12009	T	1
NC_045512.2	12010	T	1
NC_045512.2	12011	T	1
NC_045512.2	12012	C	1
NC_045512.2	12013	T	1
NC_045512.2	12014	G	1
NC_045512.2	12015	T	1
NC_045512.2	12016	T	1
NC_045512.2	12017	T	1
NC_045512.2	12018	T	1
NC_045512.2	12019	G	1
NC_045512.2	12020	C	1
NC_045512.2	12021	T	1
NC_045512.2	12022	T	1
NC_045512.2	12023	T	0
NC_045512.2	12024	C	0
NC_045512.2	12025	C	0
NC_045512.2	12026	A	0
NC_045512.2	12027	T	0
NC_045512.2	12028	G	0
NC_045512.2	12029	C	0
NC_045512.2	12030	A	0
NC_045512.2	12031	G	0
NC_045512.2	12032	G	0
NC_045512.2	12033	G	0
NC_045512.2	12034	T	0
NC_045512.2	12035	G	0
NC_045512.2	12036	C	0
NC_045512.2	12037	T	0
NC_045512.2	12038	G	0
NC_045512.2	12039	T	0
NC_045512.2	12040	A	0
NC_045512.2	12041	G	0
NC_045512.2	12042	A	0
NC_045512.2	12043	C	0
NC_045512.2	12044	A	0
NC_045512.2	12045	T	0
NC_045512.2	12046	A	0
NC_045512.2	12047	A	0
NC_045512.2	12048	A	0
NC_045512.2	12049	C	0
NC_045512.2	12050	A	0
NC_045512.2	12051	A	0
NC_045512.2	12052	G	0
NC_045512.2	12053	C	0
NC_045512.2	12054	T	0
NC_045512.2	12055	T	0
NC_045512.2	12056	T	0
NC_045512.2	12057	G	0
NC_045512.2	12058	T	0
NC_045512.2	12059	G	0
NC_045512.2	12060	A	0
NC_045512.2	12061	A	0
NC_045512.2	12062	G	0
NC_045512.2	12063	A	0
NC_045512.2	12064	A	0
NC_045512.2	12065	A	0
NC_045512.2	12066	T	0
NC_045512.2	12067	G	0
NC_045512.2	12068	C	0
NC_045512.2	12069	T	0
NC_045512.2	12070	G	0
NC_045512.2	12071	G	0
NC_045512.2	12072	A	0
NC_045512.2	12073	C	0
NC_045512.2	12074	A	0
NC_045512.2	12075	A	0
NC_045512.2	12076	C	0
NC_045512.2	12077	A	0
NC_045512.2	12078	G	0
NC_045512.2	12079	G	0
NC_045512.2	12080	G	0
NC_045512.2	12081	C	0
NC_045512.2	12082	A	0
NC_045512.2	12083	A	0
NC_045512.2	12084	C	0
NC_045512.2	12085	C	0
NC_045512.2	12086	T	0
NC_045512.2	12087	T	0
NC_045512.2	12088	A	0
NC_045512.2	12089	C	0
NC_045512.2	12090	A	0
NC_045512.2	12091	A	0
NC_045512.2	12092	G	0
NC_045512.2	12093	C	0
NC_045512.2	12094	T	0
NC_045512.2	12095	A	0
NC_045512.2	12096	T	0
NC_045512.2	12097	A	0
NC_045512.2	12098	G	0
NC_045512.2	12099	C	0
NC_045512.2	12100	C	0
NC_045512.2	12101	T	0
NC_045512.2	12102	C	0
NC_045512.2	12103	A	0
NC_045512.2	12104	G	0
NC_045512.2	12105	A	0
NC_045512.2	12106	G	0
NC_045512.2	12107	T	0
NC_045512.2	12108	T	0
NC_045512.2	12109	T	0
NC_045512.2	12110	A	0
NC_045512.2	12111	G	0
NC_045512.2	12112	T	0
NC_045512.2	12113	T	0
NC_045512.2	12114	C	0
NC_045512.2	12115	C	0
NC_045512.2	12116	C	0
NC_045512.2	12117	T	0
NC_045512.2	12118	T	0
NC_045512.2	12119	C	0
NC_045512.2	12120	C	0
NC_045512.2	12121	A	0
NC_045512.2	12122	T	0
NC_045512.2	12123	C	0
NC_045512.2	12124	A	0
NC_045512.2	12125	T	0
NC_045512.2	12126	A	0
NC_045512.2	12127	T	0
NC_045512.2	12128	G	0
NC_045512.2	12129	C	0
NC_045512.2	12130	A	0
NC_045512.2	12131	G	0
NC_045512.2	12132	C	0
NC_045512.2	12133	T	0
NC_045512.2	12134	T	0
NC_045512.2	12135	T	0
NC_045512.2	12136	T	0
NC_045512.2	12137	G	0
NC_045512.2	12138	C	0
NC_045512.2	12139	T	0
NC_045512.2	12140	A	0
NC_045512.2	12141	C	0
NC_045512.2	12142	T	0
NC_045512.2	12143	G	0
NC_045512.2	12144	C	0
NC_045512.2	12145	T	0
NC_045512.2	12146	C	0
NC_045512.2	12147	A	0
NC_045512.2	12148	A	0
NC_045512.2	12149	G	0
NC_045512.2	12150	A	0
NC_045512.2	12151	A	0
NC_045512.2	12152	G	0
NC_045512.2	12153	C	0
NC_045512.2	12154	T	0
NC_045512.2	12155	T	0
NC_045512.2	12156	A	0
NC_045512.2	12157	T	0
NC_045512.2	12158	G	0
NC_045512.2	12159	A	0
NC_045512.2	12160	G	0
NC_045512.2	12161	C	0
NC_045512.2	12162	A	0
NC_045512.2	12163	G	0
NC_045512.2	12164	G	0
NC_045512.2	12165	C	0
NC_045512.2	12166	T	0
NC_045512.2	12167	G	0
NC_045512.2	12168	T	0
NC_045512.2	12169	T	0
NC_045512.2	12170	G	0
NC_045512.2	12171	C	0
NC_045512.2	12172	T	0
NC_045512.2	12173	A	0
NC_045512.2	12174	A	0
NC_045512.2	12175	T	0
NC_045512.2	12176	G	0
NC_045512.2	12177	G	0
NC_045512.2	12178	T	0
NC_045512.2	12179	G	0
NC_045512.2	12180	A	0
NC_045512.2	12181	T	0
NC_045512.2	12182	T	0
NC_045512.2	12183	C	0
NC_045512.2	12184	T	0
NC_045512.2	12185	G	0
NC_045512.2	12186	A	0
NC_045512.2	12187	A	0
NC_045512.2	12188	G	0
NC_045512.2	12189	T	0
NC_045512.2	12190	T	0
NC_045512.2	12191	G	0
NC_045512.2	12192	T	0
NC_045512.2	12193	T	0
NC_045512.2	12194	C	0
NC_045512.2	12195	T	0
NC_045512.2	12196	T	0
NC_045512.2	12197	A	0
NC_045512.2	12198	A	0
NC_045512.2	12199	A	0
NC_045512.2	12200	A	0
NC_045512.2	12201	A	0
NC_045512.2	12202	G	0
NC_045512.2	12203	T	0
NC_045512.2	12204	T	0
NC_045512.2	12205	G	0
NC_045512.2	12206	A	0
NC_045512.2	12207	A	0
NC_045512.2	12208	G	0
NC_045512.2	12209	A	0
NC_045512.2	12210	A	0
NC_045512.2	12211	G	0
NC_045512.2	12212	T	0
NC_045512.2	12213	C	0
NC_045512.2	12214	T	0
NC_045512.2	12215	T	0
NC_045512.2	12216	T	0
NC_045512.2	12217	G	0
NC_045512.2	12218	A	0
NC_045512.2	12219	A	0
NC_045512.2	12220	T	0
NC_045512.2	12221	G	0
NC_045512.2	12222	T	0
NC_045512.2	12223	G	0
NC_045512.2	12224	G	0
NC_045512.2	12225	C	0
NC_045512.2	12226	T	0
NC_045512.2	12227	A	0
NC_045512.2	12228	A	0
NC_045512.2	12229	A	0
NC_045512.2	12230	T	0
NC_045512.2	12231	C	0
NC_045512.2	12232	T	0
NC_045512.2	12233	G	0
NC_045512.2	12234	A	0
NC_045512.2	12235	A	0
NC_045512.2	12236	T	0
NC_045512.2	12237	T	0
NC_045512.2	12238	T	0
NC_045512.2	12239	G	0
NC_045512.2	12240	A	0
NC_045512.2	12241	C	0
NC_045512.2	12242	C	0
NC_045512.2	12243	G	5
NC_045512.2	12244	T	26
NC_045512.2	12245	G	27
NC_045512.2	12246	A	34
NC_045512.2	12247	T	34
NC_045512.2	12248	G	34
NC_045512.2	12249	C	38
NC_045512.2	12250	A	39
NC_045512.2	12251	G	66
NC_045512.2	12252	C	67
NC_045512.2	12253	C	68
NC_045512.2	12254	A	73
NC_045512.2	12255	T	74
NC_045512.2	12256	G	74
NC_045512.2	12257	C	76
NC_045512.2	12258	A	76
NC_045512.2	12259	A	81
NC_045512.2	12260	C	85
NC_045512.2	12261	G	85
NC_045512.2	12262	T	84
NC_045512.2	12263	A	85
NC_045512.2	12264	A	85
NC_045512.2	12265	G	87
NC_045512.2	12266	T	85
NC_045512.2	12267	T	86
NC_045512.2	12268	G	88
NC_045512.2	12269	G	90
NC_045512.2	12270	A	89
NC_045512.2	12271	A	91
NC_045512.2	12272	A	92
NC_045512.2	12273	A	91
NC_045512.2	12274	G	92
NC_045512.2	12275	A	76
NC_045512.2	12276	T	94
NC_045512.2	12277	G	94
NC_045512.2	12278	G	94
NC_045512.2	12279	C	93
NC_045512.2	12280	T	93
NC_045512.2	12281	G	100
NC_045512.2	12282	A	104
NC_045512.2	12283	T	104
NC_045512.2	12284	C	104
NC_045512.2	12285	A	103
NC_045512.2	12286	A	114
NC_045512.2	12287	G	117
NC_045512.2	12288	C	117
NC_045512.2	12289	T	117
NC_045512.2	12290	A	115
NC_045512.2	12291	T	115
NC_045512.2	12292	G	115
NC_045512.2	12293	A	117
NC_045512.2	12294	C	119
NC_045512.2	12295	C	119
NC_045512.2	12296	C	119
NC_045512.2	12297	A	119
NC_045512.2	12298	A	121
NC_045512.2	12299	A	119
NC_045512.2	12300	T	127
NC_045512.2	12301	G	131
NC_045512.2	12302	T	130
NC_045512.2	12303	A	128
NC_045512.2	12304	T	130
NC_045512.2	12305	A	128
NC_045512.2	12306	A	130
NC_045512.2	12307	A	105
NC_045512.2	12308	C	131
NC_045512.2	12309	A	131
NC_045512.2	12310	G	147
NC_045512.2	12311	G	146
NC_045512.2	12312	C	147
NC_045512.2	12313	T	148
NC_045512.2	12314	A	146
NC_045512.2	12315	G	149
NC_045512.2	12316	A	131
NC_045512.2	12317	T	148
NC_045512.2	12318	C	150
NC_045512.2	12319	T	150
NC_045512.2	12320	G	153
NC_045512.2	12321	A	146
NC_045512.2	12322	G	158
NC_045512.2	12323	G	157
NC_045512.2	12324	A	156
NC_045512.2	12325	C	158
NC_045512.2	12326	A	155
NC_045512.2	12327	A	157
NC_045512.2	12328	G	159
NC_045512.2	12329	A	146
NC_045512.2	12330	G	161
NC_045512.2	12331	G	160
NC_045512.2	12332	G	160
NC_045512.2	12333	C	160
NC_045512.2	12334	A	160
NC_045512.2	12335	A	161
NC_045512.2	12336	A	143
NC_045512.2	12337	A	162
NC_045512.2	12338	G	163
NC_045512.2	12339	T	160
NC_045512.2	12340	T	160
NC_045512.2	12341	A	161
NC_045512.2	12342	C	160
NC_045512.2	12343	T	160
NC_045512.2	12344	A	158
NC_045512.2	12345	G	151
NC_045512.2	12346	T	142
NC_045512.2	12347	G	150
NC_045512.2	12348	C	146
NC_045512.2	12349	T	146
NC_045512.2	12350	A	152
NC_045512.2	12351	T	148
NC_045512.2	12352	G	133
NC_045512.2	12353	C	134
NC_045512.2	12354	A	133
NC_045512.2	12355	G	128
NC_045512.2	12356	A	128
NC_045512.2	12357	C	127
NC_045512.2	12358	A	125
NC_045512.2	12359	A	122
NC_045512.2	12360	T	121
NC_045512.2	12361	G	125
NC_045512.2	12362	C	124
NC_045512.2	12363	T	123
NC_045512.2	12364	T	125
NC_045512.2	12365	T	123
NC_045512.2	12366	T	128
NC_045512.2	12367	C	128
NC_045512.2	12368	A	127
NC_045512.2	12369	C	129
NC_045512.2	12370	T	128
NC_045512.2	12371	A	130
NC_045512.2	12372	T	128
NC_045512.2	12373	G	128
NC_045512.2	12374	C	131
NC_045512.2	12375	T	129
NC_045512.2	12376	T	128
NC_045512.2	12377	A	123
NC_045512.2	12378	G	125
NC_045512.2	12379	A	125
NC_045512.2	12380	A	128
NC_045512.2	12381	A	128
NC_045512.2	12382	G	124
NC_045512.2	12383	T	116
NC_045512.2	12384	T	117
NC_045512.2	12385	G	122
NC_045512.2	12386	G	121
NC_045512.2	12387	A	116
NC_045512.2	12388	T	113
NC_045512.2	12389	A	116
NC_045512.2	12390	A	120
NC_045512.2	12391	T	122
NC_045512.2	12392	G	122
NC_045512.2	12393	A	120
NC_045512.2	12394	T	121
NC_045512.2	12395	G	120
NC_045512.2	12396	C	120
NC_045512.2	12397	A	124
NC_045512.2	12398	C	122
NC_045512.2	12399	T	122
NC_045512.2	12400	C	117
NC_045512.2	12401	A	113
NC_045512.2	12402	A	114
NC_045512.2	12403	C	115
NC_045512.2	12404	A	110
NC_045512.2	12405	A	113
NC_045512.2	12406	C	115
NC_045512.2	12407	A	113
NC_045512.2	12408	T	114
NC_045512.2	12409	T	106
NC_045512.2	12410	A	115
NC_045512.2	12411	T	109
NC_045512.2	12412	C	109
NC_045512.2	12413	A	108
NC_045512.2	12414	A	95
NC_045512.2	12415	C	105
NC_045512.2	12416	A	101
NC_045512.2	12417	A	102
NC_045512.2	12418	T	101
NC_045512.2	12419	G	99
NC_045512.2	12420	C	98
NC_045512.2	12421	A	98
NC_045512.2	12422	A	98
NC_045512.2	12423	G	96
NC_045512.2	12424	A	95
NC_045512.2	12425	G	101
NC_045512.2	12426	A	91
NC_045512.2	12427	T	99
NC_045512.2	12428	G	100
NC_045512.2	12429	G	99
NC_045512.2	12430	T	100
NC_045512.2	12431	T	101
NC_045512.2	12432	G	102
NC_045512.2	12433	T	94
NC_045512.2	12434	G	99
NC_045512.2	12435	T	99
NC_045512.2	12436	T	101
NC_045512.2	12437	C	99
NC_045512.2	12438	C	96
NC_045512.2	12439	C	96
NC_045512.2	12440	T	97
NC_045512.2	12441	T	91
NC_045512.2	12442	G	107
NC_045512.2	12443	A	107
NC_045512.2	12444	A	105
NC_045512.2	12445	C	105
NC_045512.2	12446	A	97
NC_045512.2	12447	T	99
NC_045512.2	12448	A	101
NC_045512.2	12449	A	115
NC_045512.2	12450	T	114
NC_045512.2	12451	A	113
NC_045512.2	12452	C	115
NC_045512.2	12453	C	113
NC_045512.2	12454	T	71
NC_045512.2	12455	C	114
NC_045512.2	12456	T	114
NC_045512.2	12457	T	111
NC_045512.2	12458	A	106
NC_045512.2	12459	C	114
NC_045512.2	12460	A	112
NC_045512.2	12461	A	112
NC_045512.2	12462	C	109
NC_045512.2	12463	A	100
NC_045512.2	12464	G	101
NC_045512.2	12465	C	100
NC_045512.2	12466	A	101
NC_045512.2	12467	G	103
NC_045512.2	12468	C	105
NC_045512.2	12469	C	103
NC_045512.2	12470	A	103
NC_045512.2	12471	A	106
NC_045512.2	12472	A	102
NC_045512.2	12473	C	107
NC_045512.2	12474	T	86
NC_045512.2	12475	A	91
NC_045512.2	12476	A	91
NC_045512.2	12477	T	92
NC_045512.2	12478	G	93
NC_045512.2	12479	G	92
NC_045512.2	12480	T	94
NC_045512.2	12481	T	93
NC_045512.2	12482	G	95
NC_045512.2	12483	T	98
NC_045512.2	12484	C	102
NC_045512.2	12485	A	102
NC_045512.2	12486	T	102
NC_045512.2	12487	A	100
NC_045512.2	12488	C	108
NC_045512.2	12489	C	108
NC_045512.2	12490	A	108
NC_045512.2	12491	G	104
NC_045512.2	12492	A	100
NC_045512.2	12493	C	107
NC_045512.2	12494	T	91
NC_045512.2	12495	A	106
NC_045512.2	12496	T	103
NC_045512.2	12497	A	111
NC_045512.2	12498	A	112
NC_045512.2	12499	C	111
NC_045512.2	12500	A	112
NC_045512.2	12501	C	111
NC_045512.2	12502	A	111
NC_045512.2	12503	T	107
NC_045512.2	12504	A	112
NC_045512.2	12505	T	112
NC_045512.2	12506	A	114
NC_045512.2	12507	A	118
NC_045512.2	12508	A	112
NC_045512.2	12509	A	116
NC_045512.2	12510	A	111
NC_045512.2	12511	T	113
NC_045512.2	12512	A	112
NC_045512.2	12513	C	115
NC_045512.2	12514	G	115
NC_045512.2	12515	T	113
NC_045512.2	12516	G	114
NC_045512.2	12517	T	111
NC_045512.2	12518	G	119
NC_045512.2	12519	A	118
NC_045512.2	12520	T	119
NC_045512.2	12521	G	119
NC_045512.2	12522	G	121
NC_045512.2	12523	T	119
NC_045512.2	12524	A	117
NC_045512.2	12525	C	120
NC_045512.2	12526	A	119
NC_045512.2	12527	A	195
NC_045512.2	12528	C	205
NC_045512.2	12529	A	200
NC_045512.2	12530	T	201
NC_045512.2	12531	T	202
NC_045512.2	12532	T	212
NC_045512.2	12533	A	218
NC_045512.2	12534	C	247
NC_045512.2	12535	T	248
NC_045512.2	12536	T	239
NC_045512.2	12537	A	246
NC_045512.2	12538	T	247
NC_045512.2	12539	G	250
NC_045512.2	12540	C	281
NC_045512.2	12541	A	275
NC_045512.2	12542	T	272
NC_045512.2	12543	C	274
NC_045512.2	12544	A	267
NC_045512.2	12545	G	306
NC_045512.2	12546	C	305
NC_045512.2	12547	A	311
NC_045512.2	12548	T	313
NC_045512.2	12549	T	305
NC_045512.2	12550	G	318
NC_045512.2	12551	T	313
NC_045512.2	12552	G	317
NC_045512.2	12553	G	314
NC_045512.2	12554	G	315
NC_045512.2	12555	A	316
NC_045512.2	12556	A	311
NC_045512.2	12557	A	330
NC_045512.2	12558	T	327
NC_045512.2	12559	C	331
NC_045512.2	12560	C	330
NC_045512.2	12561	A	327
NC_045512.2	12562	A	323
NC_045512.2	12563	C	330
NC_045512.2	12564	A	324
NC_045512.2	12565	G	363
NC_045512.2	12566	G	361
NC_045512.2	12567	T	354
NC_045512.2	12568	T	356
NC_045512.2	12569	G	364
NC_045512.2	12570	T	364
NC_045512.2	12571	A	369
NC_045512.2	12572	G	378
NC_045512.2	12573	A	375
NC_045512.2	12574	T	381
NC_045512.2	12575	G	386
NC_045512.2	12576	C	388
NC_045512.2	12577	A	387
NC_045512.2	12578	G	395
NC_045512.2	12579	A	389
NC_045512.2	12580	T	406
NC_045512.2	12581	A	397
NC_045512.2	12582	G	414
NC_045512.2	12583	T	407
NC_045512.2	12584	A	402
NC_045512.2	12585	A	401
NC_045512.2	12586	A	378
NC_045512.2	12587	A	406
NC_045512.2	12588	T	422
NC_045512.2	12589	T	414
NC_045512.2	12590	G	418
NC_045512.2	12591	T	413
NC_045512.2	12592	T	414
NC_045512.2	12593	C	418
NC_045512.2	12594	A	403
NC_045512.2	12595	A	426
NC_045512.2	12596	C	425
NC_045512.2	12597	T	418
NC_045512.2	12598	T	408
NC_045512.2	12599	A	419
NC_045512.2	12600	G	423
NC_045512.2	12601	T	415
NC_045512.2	12602	G	420
NC_045512.2	12603	A	420
NC_045512.2	12604	A	427
NC_045512.2	12605	A	422
NC_045512.2	12606	T	420
NC_045512.2	12607	T	422
NC_045512.2	12608	A	413
NC_045512.2	12609	G	445
NC_045512.2	12610	T	442
NC_045512.2	12611	A	445
NC_045512.2	12612	T	447
NC_045512.2	12613	G	450
NC_045512.2	12614	G	450
NC_045512.2	12615	A	454
NC_045512.2	12616	C	453
NC_045512.2	12617	A	447
NC_045512.2	12618	A	448
NC_045512.2	12619	T	450
NC_045512.2	12620	T	447
NC_045512.2	12621	C	448
NC_045512.2	12622	A	426
NC_045512.2	12623	C	465
NC_045512.2	12624	C	462
NC_045512.2	12625	T	441
NC_045512.2	12626	A	459
NC_045512.2	12627	A	466
NC_045512.2	12628	T	426
NC_045512.2	12629	T	419
NC_045512.2	12630	T	413
NC_045512.2	12631	A	415
NC_045512.2	12632	G	419
NC_045512.2	12633	C	405
NC_045512.2	12634	A	401
NC_045512.2	12635	T	374
NC_045512.2	12636	G	372
NC_045512.2	12637	G	376
NC_045512.2	12638	C	370
NC_045512.2	12639	C	359
NC_045512.2	12640	T	349
NC_045512.2	12641	C	373
NC_045512.2	12642	T	372
NC_045512.2	12643	T	388
NC_045512.2	12644	A	389
NC_045512.2	12645	T	395
NC_045512.2	12646	T	364
NC_045512.2	12647	G	367
NC_045512.2	12648	T	351
NC_045512.2	12649	A	362
NC_045512.2	12650	A	362
NC_045512.2	12651	C	361
NC_045512.2	12652	A	324
NC_045512.2	12653	G	365
NC_045512.2	12654	C	362
NC_045512.2	12655	T	355
NC_045512.2	12656	T	367
NC_045512.2	12657	T	365
NC_045512.2	12658	A	355
NC_045512.2	12659	A	347
NC_045512.2	12660	G	368
NC_045512.2	12661	G	371
NC_045512.2	12662	G	373
NC_045512.2	12663	C	372
NC_045512.2	12664	C	372
NC_045512.2	12665	A	369
NC_045512.2	12666	A	362
NC_045512.2	12667	T	357
NC_045512.2	12668	T	357
NC_045512.2	12669	C	349
NC_045512.2	12670	T	344
NC_045512.2	12671	G	344
NC_045512.2	12672	C	330
NC_045512.2	12673	T	329
NC_045512.2	12674	G	334
NC_045512.2	12675	T	337
NC_045512.2	12676	C	337
NC_045512.2	12677	A	332
NC_045512.2	12678	A	336
NC_045512.2	12679	A	335
NC_045512.2	12680	T	340
NC_045512.2	12681	T	341
NC_045512.2	12682	A	314
NC_045512.2	12683	C	338
NC_045512.2	12684	A	336
NC_045512.2	12685	G	353
NC_045512.2	12686	A	357
NC_045512.2	12687	A	370
NC_045512.2	12688	T	368
NC_045512.2	12689	A	363
NC_045512.2	12690	A	361
NC_045512.2	12691	T	367
NC_045512.2	12692	G	368
NC_045512.2	12693	A	365
NC_045512.2	12694	G	389
NC_045512.2	12695	C	390
NC_045512.2	12696	T	378
NC_045512.2	12697	T	374
NC_045512.2	12698	A	381
NC_045512.2	12699	G	391
NC_045512.2	12700	T	386
NC_045512.2	12701	C	391
NC_045512.2	12702	C	399
NC_045512.2	12703	T	387
NC_045512.2	12704	G	403
NC_045512.2	12705	T	396
NC_045512.2	12706	T	393
NC_045512.2	12707	G	405
NC_045512.2	12708	C	398
NC_045512.2	12709	A	409
NC_045512.2	12710	C	412
NC_045512.2	12711	T	399
NC_045512.2	12712	A	398
NC_045512.2	12713	C	400
NC_045512.2	12714	G	399
NC_045512.2	12715	A	390
NC_045512.2	12716	C	399
NC_045512.2	12717	A	382
NC_045512.2	12718	G	397
NC_045512.2	12719	A	387
NC_045512.2	12720	T	391
NC_045512.2	12721	G	399
NC_045512.2	12722	T	368
NC_045512.2	12723	C	384
NC_045512.2	12724	T	382
NC_045512.2	12725	T	388
NC_045512.2	12726	G	393
NC_045512.2	12727	T	379
NC_045512.2	12728	G	378
NC_045512.2	12729	C	379
NC_045512.2	12730	T	371
NC_045512.2	12731	G	378
NC_045512.2	12732	C	378
NC_045512.2	12733	C	392
NC_045512.2	12734	G	390
NC_045512.2	12735	G	399
NC_045512.2	12736	T	394
NC_045512.2	12737	A	399
NC_045512.2	12738	C	393
NC_045512.2	12739	T	391
NC_045512.2	12740	A	386
NC_045512.2	12741	C	395
NC_045512.2	12742	A	390
NC_045512.2	12743	C	385
NC_045512.2	12744	A	367
NC_045512.2	12745	A	366
NC_045512.2	12746	A	268
NC_045512.2	12747	C	368
NC_045512.2	12748	T	368
NC_045512.2	12749	G	363
NC_045512.2	12750	C	352
NC_045512.2	12751	T	357
NC_045512.2	12752	T	352
NC_045512.2	12753	G	361
NC_045512.2	12754	C	361
NC_045512.2	12755	A	356
NC_045512.2	12756	C	356
NC_045512.2	12757	T	352
NC_045512.2	12758	G	350
NC_045512.2	12759	A	349
NC_045512.2	12760	T	347
NC_045512.2	12761	G	342
NC_045512.2	12762	A	360
NC_045512.2	12763	C	357
NC_045512.2	12764	A	343
NC_045512.2	12765	A	345
NC_045512.2	12766	T	354
NC_045512.2	12767	G	349
NC_045512.2	12768	C	349
NC_045512.2	12769	G	351
NC_045512.2	12770	T	356
NC_045512.2	12771	T	364
NC_045512.2	12772	A	357
NC_045512.2	12773	G	363
NC_045512.2	12774	C	361
NC_045512.2	12775	T	360
NC_045512.2	12776	T	350
NC_045512.2	12777	A	353
NC_045512.2	12778	C	358
NC_045512.2	12779	T	385
NC_045512.2	12780	A	403
NC_045512.2	12781	C	404
NC_045512.2	12782	A	381
NC_045512.2	12783	A	383
NC_045512.2	12784	C	389
NC_045512.2	12785	A	423
NC_045512.2	12786	C	425
NC_045512.2	12787	A	407
NC_045512.2	12788	A	404
NC_045512.2	12789	C	407
NC_045512.2	12790	A	411
NC_045512.2	12791	A	336
NC_045512.2	12792	A	320
NC_045512.2	12793	G	372
NC_045512.2	12794	G	382
NC_045512.2	12795	G	374
NC_045512.2	12796	A	387
NC_045512.2	12797	G	375
NC_045512.2	12798	G	401
NC_045512.2	12799	T	399
NC_045512.2	12800	A	394
NC_045512.2	12801	G	416
NC_045512.2	12802	G	427
NC_045512.2	12803	T	351
NC_045512.2	12804	T	429
NC_045512.2	12805	T	427
NC_045512.2	12806	G	431
NC_045512.2	12807	T	478
NC_045512.2	12808	A	478
NC_045512.2	12809	C	496
NC_045512.2	12810	T	495
NC_045512.2	12811	T	454
NC_045512.2	12812	G	497
NC_045512.2	12813	C	503
NC_045512.2	12814	A	497
NC_045512.2	12815	C	503
NC_045512.2	12816	T	501
NC_045512.2	12817	G	509
NC_045512.2	12818	T	509
NC_045512.2	12819	T	503
NC_045512.2	12820	A	513
NC_045512.2	12821	T	509
NC_045512.2	12822	C	505
NC_045512.2	12823	C	506
NC_045512.2	12824	G	509
NC_045512.2	12825	A	507
NC_045512.2	12826	T	462
NC_045512.2	12827	T	484
NC_045512.2	12828	T	490
NC_045512.2	12829	A	492
NC_045512.2	12830	C	494
NC_045512.2	12831	A	491
NC_045512.2	12832	G	494
NC_045512.2	12833	G	490
NC_045512.2	12834	A	471
NC_045512.2	12835	T	467
NC_045512.2	12836	T	456
NC_045512.2	12837	T	479
NC_045512.2	12838	G	486
NC_045512.2	12839	A	490
NC_045512.2	12840	A	487
NC_045512.2	12841	A	491
NC_045512.2	12842	T	491
NC_045512.2	12843	G	804
NC_045512.2	12844	G	909
NC_045512.2	12845	G	918
NC_045512.2	12846	C	927
NC_045512.2	12847	T	927
NC_045512.2	12848	A	933
NC_045512.2	12849	G	957
NC_045512.2	12850	A	883
NC_045512.2	12851	T	967
NC_045512.2	12852	T	949
NC_045512.2	12853	C	1307
NC_045512.2	12854	C	1311
NC_045512.2	12855	C	1313
NC_045512.2	12856	T	1308
NC_045512.2	12857	A	1297
NC_045512.2	12858	A	1298
NC_045512.2	12859	G	1360
NC_045512.2	12860	A	1254
NC_045512.2	12861	G	1396
NC_045512.2	12862	T	1334
NC_045512.2	12863	G	1370
NC_045512.2	12864	A	1367
NC_045512.2	12865	T	1368
NC_045512.2	12866	G	1371
NC_045512.2	12867	G	1399
NC_045512.2	12868	A	1436
NC_045512.2	12869	A	1437
NC_045512.2	12870	C	1434
NC_045512.2	12871	T	1418
NC_045512.2	12872	G	1462
NC_045512.2	12873	G	1481
NC_045512.2	12874	T	1463
NC_045512.2	12875	A	1468
NC_045512.2	12876	C	1550
NC_045512.2	12877	T	1569
NC_045512.2	12878	A	1574
NC_045512.2	12879	T	1579
NC_045512.2	12880	C	1604
NC_045512.2	12881	T	1594
NC_045512.2	12882	A	1623
NC_045512.2	12883	T	1627
NC_045512.2	12884	A	1628
NC_045512.2	12885	C	1628
NC_045512.2	12886	A	1565
NC_045512.2	12887	G	1666
NC_045512.2	12888	A	1671
NC_045512.2	12889	A	1657
NC_045512.2	12890	C	1677
NC_045512.2	12891	T	1652
NC_045512.2	12892	G	1664
NC_045512.2	12893	G	1665
NC_045512.2	12894	A	1661
NC_045512.2	12895	A	1670
NC_045512.2	12896	C	1636
NC_045512.2	12897	C	1624
NC_045512.2	12898	A	1631
NC_045512.2	12899	C	1716
NC_045512.2	12900	C	1711
NC_045512.2	12901	T	1704
NC_045512.2	12902	T	1697
NC_045512.2	12903	G	1710
NC_045512.2	12904	T	1646
NC_045512.2	12905	A	1703
NC_045512.2	12906	G	1724
NC_045512.2	12907	G	1722
NC_045512.2	12908	T	1625
NC_045512.2	12909	T	1640
NC_045512.2	12910	T	1633
NC_045512.2	12911	G	1771
NC_045512.2	12912	T	1758
NC_045512.2	12913	T	1765
NC_045512.2	12914	A	1695
NC_045512.2	12915	C	1777
NC_045512.2	12916	A	1714
NC_045512.2	12917	G	1885
NC_045512.2	12918	A	1891
NC_045512.2	12919	C	1985
NC_045512.2	12920	A	1970
NC_045512.2	12921	C	2101
NC_045512.2	12922	A	2114
NC_045512.2	12923	C	2268
NC_045512.2	12924	C	2274
NC_045512.2	12925	T	2246
NC_045512.2	12926	A	2212
NC_045512.2	12927	A	2151
NC_045512.2	12928	A	2174
NC_045512.2	12929	G	2359
NC_045512.2	12930	G	2410
NC_045512.2	12931	T	2410
NC_045512.2	12932	C	2414
NC_045512.2	12933	C	2413
NC_045512.2	12934	T	2408
NC_045512.2	12935	A	2392
NC_045512.2	12936	A	2371
NC_045512.2	12937	A	2375
NC_045512.2	12938	G	2430
NC_045512.2	12939	T	2400
NC_045512.2	12940	G	2427
NC_045512.2	12941	A	2404
NC_045512.2	12942	A	2425
NC_045512.2	12943	G	3206
NC_045512.2	12944	T	2991
NC_045512.2	12945	A	2829
NC_045512.2	12946	T	2977
NC_045512.2	12947	T	2955
NC_045512.2	12948	T	2963
NC_045512.2	12949	A	2968
NC_045512.2	12950	T	2968
NC_045512.2	12951	A	2921
NC_045512.2	12952	C	2712
NC_045512.2	12953	T	2674
NC_045512.2	12954	T	2696
NC_045512.2	12955	T	2671
NC_045512.2	12956	A	2698
NC_045512.2	12957	T	2727
NC_045512.2	12958	T	2719
NC_045512.2	12959	A	2639
NC_045512.2	12960	A	2618
NC_045512.2	12961	A	2659
NC_045512.2	12962	G	2791
NC_045512.2	12963	G	2833
NC_045512.2	12964	A	2876
NC_045512.2	12965	T	2883
NC_045512.2	12966	T	2849
NC_045512.2	12967	A	2831
NC_045512.2	12968	A	2793
NC_045512.2	12969	A	2916
NC_045512.2	12970	C	2920
NC_045512.2	12971	A	2898
NC_045512.2	12972	A	2923
NC_045512.2	12973	C	2977
NC_045512.2	12974	C	2975
NC_045512.2	12975	T	2976
NC_045512.2	12976	A	3024
NC_045512.2	12977	A	3032
NC_045512.2	12978	A	2988
NC_045512.2	12979	T	3057
NC_045512.2	12980	A	2893
NC_045512.2	12981	G	3115
NC_045512.2	12982	A	3044
NC_045512.2	12983	G	3101
NC_045512.2	12984	G	3195
NC_045512.2	12985	T	3170
NC_045512.2	12986	A	3178
NC_045512.2	12987	T	3215
NC_045512.2	12988	G	3152
NC_045512.2	12989	G	3233
NC_045512.2	12990	T	3228
NC_045512.2	12991	A	3216
NC_045512.2	12992	C	3236
NC_045512.2	12993	T	3142
NC_045512.2	12994	T	3203
NC_045512.2	12995	G	3212
NC_045512.2	12996	G	3193
NC_045512.2	12997	T	3206
NC_045512.2	12998	A	3162
NC_045512.2	12999	G	3182
NC_045512.2	13000	T	3097
NC_045512.2	13001	T	3126
NC_045512.2	13002	T	3106
NC_045512.2	13003	A	3150
NC_045512.2	13004	G	3137
NC_045512.2	13005	C	3108
NC_045512.2	13006	T	3109
NC_045512.2	13007	G	3139
NC_045512.2	13008	C	3141
NC_045512.2	13009	C	3154
NC_045512.2	13010	A	3147
NC_045512.2	13011	C	3099
NC_045512.2	13012	A	3045
NC_045512.2	13013	G	3120
NC_045512.2	13014	T	3083
NC_045512.2	13015	A	3089
NC_045512.2	13016	C	3231
NC_045512.2	13017	G	3289
NC_045512.2	13018	T	3233
NC_045512.2	13019	C	3204
NC_045512.2	13020	T	3201
NC_045512.2	13021	A	3149
NC_045512.2	13022	C	3106
NC_045512.2	13023	A	3051
NC_045512.2	13024	A	2985
NC_045512.2	13025	G	2996
NC_045512.2	13026	C	3005
NC_045512.2	13027	T	2960
NC_045512.2	13028	G	2975
NC_045512.2	13029	G	3029
NC_045512.2	13030	T	2934
NC_045512.2	13031	A	2942
NC_045512.2	13032	A	2952
NC_045512.2	13033	T	2967
NC_045512.2	13034	G	2966
NC_045512.2	13035	C	3022
NC_045512.2	13036	A	2994
NC_045512.2	13037	A	2990
NC_045512.2	13038	C	3017
NC_045512.2	13039	A	2975
NC_045512.2	13040	G	3017
NC_045512.2	13041	A	3005
NC_045512.2	13042	A	2981
NC_045512.2	13043	G	3008
NC_045512.2	13044	T	2281
NC_045512.2	13045	G	2323
NC_045512.2	13046	C	2255
NC_045512.2	13047	C	2258
NC_045512.2	13048	T	2277
NC_045512.2	13049	G	2271
NC_045512.2	13050	C	2261
NC_045512.2	13051	C	2281
NC_045512.2	13052	A	2227
NC_045512.2	13053	A	2235
NC_045512.2	13054	T	2300
NC_045512.2	13055	T	2244
NC_045512.2	13056	C	2356
NC_045512.2	13057	A	2323
NC_045512.2	13058	A	2275
NC_045512.2	13059	C	2254
NC_045512.2	13060	T	2225
NC_045512.2	13061	G	2318
NC_045512.2	13062	T	2273
NC_045512.2	13063	A	2331
NC_045512.2	13064	T	2323
NC_045512.2	13065	T	2175
NC_045512.2	13066	A	2331
NC_045512.2	13067	T	2231
NC_045512.2	13068	C	2534
NC_045512.2	13069	T	2528
NC_045512.2	13070	T	2484
NC_045512.2	13071	T	2488
NC_045512.2	13072	C	2422
NC_045512.2	13073	T	2376
NC_045512.2	13074	G	2415
NC_045512.2	13075	T	2359
NC_045512.2	13076	G	2411
NC_045512.2	13077	C	2668
NC_045512.2	13078	T	2658
NC_045512.2	13079	T	2122
NC_045512.2	13080	T	2677
NC_045512.2	13081	T	2741
NC_045512.2	13082	G	2714
NC_045512.2	13083	C	2653
NC_045512.2	13084	T	2646
NC_045512.2	13085	G	2643
NC_045512.2	13086	T	2696
NC_045512.2	13087	A	2682
NC_045512.2	13088	G	2706
NC_045512.2	13089	A	2642
NC_045512.2	13090	T	2641
NC_045512.2	13091	G	2596
NC_045512.2	13092	C	2698
NC_045512.2	13093	T	2685
NC_045512.2	13094	G	2726
NC_045512.2	13095	C	2742
NC_045512.2	13096	T	2701
NC_045512.2	13097	A	2695
NC_045512.2	13098	A	2710
NC_045512.2	13099	A	2703
NC_045512.2	13100	G	2722
NC_045512.2	13101	C	2823
NC_045512.2	13102	T	2742
NC_045512.2	13103	T	2761
NC_045512.2	13104	A	2877
NC_045512.2	13105	C	2916
NC_045512.2	13106	A	2884
NC_045512.2	13107	A	2912
NC_045512.2	13108	A	2888
NC_045512.2	13109	G	2914
NC_045512.2	13110	A	2820
NC_045512.2	13111	T	2884
NC_045512.2	13112	T	2810
NC_045512.2	13113	A	3102
NC_045512.2	13114	T	2695
NC_045512.2	13115	C	3160
NC_045512.2	13116	T	3181
NC_045512.2	13117	A	3148
NC_045512.2	13118	G	2824
NC_045512.2	13119	C	2835
NC_045512.2	13120	T	2761
NC_045512.2	13121	A	2829
NC_045512.2	13122	G	2871
NC_045512.2	13123	T	2796
NC_045512.2	13124	G	2930
NC_045512.2	13125	G	2945
NC_045512.2	13126	G	2978
NC_045512.2	13127	G	2951
NC_045512.2	13128	G	2995
NC_045512.2	13129	A	3011
NC_045512.2	13130	C	3092
NC_045512.2	13131	A	3220
NC_045512.2	13132	A	4222
NC_045512.2	13133	C	4485
NC_045512.2	13134	C	4515
NC_045512.2	13135	A	4529
NC_045512.2	13136	A	4787
NC_045512.2	13137	T	4715
NC_045512.2	13138	C	5656
NC_045512.2	13139	A	5615
NC_045512.2	13140	C	5915
NC_045512.2	13141	T	5819
NC_045512.2	13142	A	5806
NC_045512.2	13143	A	5793
NC_045512.2	13144	T	5943
NC_045512.2	13145	T	5879
NC_045512.2	13146	G	6842
NC_045512.2	13147	T	6734
NC_045512.2	13148	G	7207
NC_045512.2	13149	T	7043
NC_045512.2	13150	T	7129
NC_045512.2	13151	A	7089
NC_045512.2	13152	A	7305
NC_045512.2	13153	G	7547
NC_045512.2	13154	A	6373
NC_045512.2	13155	T	7427
NC_045512.2	13156	G	8096
NC_045512.2	13157	T	7992
NC_045512.2	13158	T	8821
NC_045512.2	13159	G	10134
NC_045512.2	13160	T	9908
NC_045512.2	13161	G	10964
NC_045512.2	13162	T	10892
NC_045512.2	13163	A	10906
NC_045512.2	13164	C	11030
NC_045512.2	13165	A	10852
NC_045512.2	13166	C	11150
NC_045512.2	13167	A	10678
NC_045512.2	13168	C	13671
NC_045512.2	13169	A	13372
NC_045512.2	13170	C	13823
NC_045512.2	13171	T	13574
NC_045512.2	13172	G	14000
NC_045512.2	13173	G	14438
NC_045512.2	13174	T	14343
NC_045512.2	13175	A	14483
NC_045512.2	13176	C	14475
NC_045512.2	13177	T	13926
NC_045512.2	13178	G	14304
NC_045512.2	13179	G	14270
NC_045512.2	13180	T	14251
NC_045512.2	13181	C	14252
NC_045512.2	13182	A	14121
NC_045512.2	13183	G	14780
NC_045512.2	13184	G	14782
NC_045512.2	13185	C	14976
NC_045512.2	13186	A	14907
NC_045512.2	13187	A	14947
NC_045512.2	13188	T	14726
NC_045512.2	13189	A	13901
NC_045512.2	13190	A	14841
NC_045512.2	13191	C	15694
NC_045512.2	13192	A	15401
NC_045512.2	13193	G	15902
NC_045512.2	13194	T	15657
NC_045512.2	13195	T	15644
NC_045512.2	13196	A	15528
NC_045512.2	13197	C	15905
NC_045512.2	13198	A	14316
NC_045512.2	13199	C	15972
NC_045512.2	13200	C	15805
NC_045512.2	13201	G	15809
NC_045512.2	13202	G	15776
NC_045512.2	13203	A	15837
NC_045512.2	13204	A	16487
NC_045512.2	13205	G	16571
NC_045512.2	13206	C	16585
NC_045512.2	13207	C	16589
NC_045512.2	13208	A	16143
NC_045512.2	13209	A	16484
NC_045512.2	13210	T	16482
NC_045512.2	13211	A	15954
NC_045512.2	13212	T	16414
NC_045512.2	13213	G	16241
NC_045512.2	13214	G	16333
NC_045512.2	13215	A	16281
NC_045512.2	13216	T	16345
NC_045512.2	13217	C	16426
NC_045512.2	13218	A	16254
NC_045512.2	13219	A	16272
NC_045512.2	13220	G	16396
NC_045512.2	13221	A	14582
NC_045512.2	13222	A	16365
NC_045512.2	13223	T	16406
NC_045512.2	13224	C	16608
NC_045512.2	13225	C	16691
NC_045512.2	13226	T	16313
NC_045512.2	13227	T	16183
NC_045512.2	13228	T	16522
NC_045512.2	13229	G	16644
NC_045512.2	13230	G	16846
NC_045512.2	13231	T	16647
NC_045512.2	13232	G	16587
NC_045512.2	13233	G	15921
NC_045512.2	13234	T	15502
NC_045512.2	13235	G	15824
NC_045512.2	13236	C	15383
NC_045512.2	13237	A	15439
NC_045512.2	13238	T	15796
NC_045512.2	13239	C	15267
NC_045512.2	13240	G	15712
NC_045512.2	13241	T	15399
NC_045512.2	13242	G	15614
NC_045512.2	13243	T	15518
NC_045512.2	13244	T	16009
NC_045512.2	13245	G	16210
NC_045512.2	13246	T	16087
NC_045512.2	13247	C	15408
NC_045512.2	13248	T	15373
NC_045512.2	13249	G	15650
NC_045512.2	13250	T	15481
NC_045512.2	13251	A	15627
NC_045512.2	13252	C	15395
NC_045512.2	13253	T	15157
NC_045512.2	13254	G	15293
NC_045512.2	13255	C	15225
NC_045512.2	13256	C	14815
NC_045512.2	13257	G	14820
NC_045512.2	13258	T	14694
NC_045512.2	13259	T	14038
NC_045512.2	13260	G	13399
NC_045512.2	13261	C	12799
NC_045512.2	13262	C	12951
NC_045512.2	13263	A	12895
NC_045512.2	13264	C	13002
NC_045512.2	13265	A	12998
NC_045512.2	13266	T	12821
NC_045512.2	13267	A	12717
NC_045512.2	13268	G	12913
NC_045512.2	13269	A	10659
NC_045512.2	13270	T	10577
NC_045512.2	13271	C	10458
NC_045512.2	13272	A	10387
NC_045512.2	13273	T	10169
NC_045512.2	13274	C	9914
NC_045512.2	13275	C	9902
NC_045512.2	13276	A	9941
NC_045512.2	13277	A	10245
NC_045512.2	13278	A	10355
NC_045512.2	13279	T	10161
NC_045512.2	13280	C	10440
NC_045512.2	13281	C	10475
NC_045512.2	13282	T	10377
NC_045512.2	13283	A	10421
NC_045512.2	13284	A	9925
NC_045512.2	13285	A	9444
NC_045512.2	13286	G	9911
NC_045512.2	13287	G	10019
NC_045512.2	13288	A	9507
NC_045512.2	13289	T	9901
NC_045512.2	13290	T	9753
NC_045512.2	13291	T	10013
NC_045512.2	13292	T	9203
NC_045512.2	13293	G	9383
NC_045512.2	13294	T	9139
NC_045512.2	13295	G	9168
NC_045512.2	13296	A	8928
NC_045512.2	13297	C	9347
NC_045512.2	13298	T	9544
NC_045512.2	13299	T	9541
NC_045512.2	13300	A	9440
NC_045512.2	13301	A	9530
NC_045512.2	13302	A	9219
NC_045512.2	13303	A	9623
NC_045512.2	13304	G	9735
NC_045512.2	13305	G	9236
NC_045512.2	13306	T	9466
NC_045512.2	13307	A	9511
NC_045512.2	13308	A	9720
NC_045512.2	13309	G	9953
NC_045512.2	13310	T	9769
NC_045512.2	13311	A	9774
NC_045512.2	13312	T	9847
NC_045512.2	13313	G	10064
NC_045512.2	13314	T	10222
NC_045512.2	13315	A	10232
NC_045512.2	13316	C	10249
NC_045512.2	13317	A	10079
NC_045512.2	13318	A	10115
NC_045512.2	13319	A	9960
NC_045512.2	13320	T	9741
NC_045512.2	13321	A	10018
NC_045512.2	13322	C	10658
NC_045512.2	13323	C	10566
NC_045512.2	13324	T	10523
NC_045512.2	13325	A	10532
NC_045512.2	13326	C	10559
NC_045512.2	13327	A	10436
NC_045512.2	13328	A	10509
NC_045512.2	13329	C	10361
NC_045512.2	13330	T	10129
NC_045512.2	13331	T	10083
NC_045512.2	13332	G	10469
NC_045512.2	13333	T	10428
NC_045512.2	13334	G	10526
NC_045512.2	13335	C	10429
NC_045512.2	13336	T	10172
NC_045512.2	13337	A	10280
NC_045512.2	13338	A	10485
NC_045512.2	13339	T	10161
NC_045512.2	13340	G	10567
NC_045512.2	13341	A	9936
NC_045512.2	13342	C	10260
NC_045512.2	13343	C	10254
NC_045512.2	13344	C	9630
NC_045512.2	13345	T	9409
NC_045512.2	13346	G	9550
NC_045512.2	13347	T	9552
NC_045512.2	13348	G	9650
NC_045512.2	13349	G	9690
NC_045512.2	13350	G	9551
NC_045512.2	13351	T	9453
NC_045512.2	13352	T	9095
NC_045512.2	13353	T	9446
NC_045512.2	13354	T	9623
NC_045512.2	13355	A	9252
NC_045512.2	13356	C	9501
NC_045512.2	13357	A	9437
NC_045512.2	13358	C	9478
NC_045512.2	13359	T	9297
NC_045512.2	13360	T	9453
NC_045512.2	13361	A	9309
NC_045512.2	13362	A	9249
NC_045512.2	13363	A	9158
NC_045512.2	13364	A	9073
NC_045512.2	13365	A	9150
NC_045512.2	13366	C	9174
NC_045512.2	13367	A	8900
NC_045512.2	13368	C	9113
NC_045512.2	13369	A	9098
NC_045512.2	13370	G	9661
NC_045512.2	13371	T	9763
NC_045512.2	13372	C	9762
NC_045512.2	13373	T	9680
NC_045512.2	13374	G	9726
NC_045512.2	13375	T	9530
NC_045512.2	13376	A	9697
NC_045512.2	13377	C	9718
NC_045512.2	13378	C	8992
NC_045512.2	13379	G	8992
NC_045512.2	13380	T	8582
NC_045512.2	13381	C	8517
NC_045512.2	13382	T	8438
NC_045512.2	13383	G	8406
NC_045512.2	13384	C	8255
NC_045512.2	13385	G	8361
NC_045512.2	13386	G	8806
NC_045512.2	13387	T	9502
NC_045512.2	13388	A	9199
NC_045512.2	13389	T	9619
NC_045512.2	13390	G	9763
NC_045512.2	13391	T	9824
NC_045512.2	13392	G	9746
NC_045512.2	13393	G	9854
NC_045512.2	13394	A	9827
NC_045512.2	13395	A	9776
NC_045512.2	13396	A	9781
NC_045512.2	13397	G	9962
NC_045512.2	13398	G	9906
NC_045512.2	13399	T	9628
NC_045512.2	13400	T	9214
NC_045512.2	13401	A	14969
NC_045512.2	13402	T	15137
NC_045512.2	13403	G	15313
NC_045512.2	13404	G	15292
NC_045512.2	13405	C	15288
NC_045512.2	13406	T	14561
NC_045512.2	13407	G	14750
NC_045512.2	13408	T	14586
NC_045512.2	13409	A	14632
NC_045512.2	13410	G	14752
NC_045512.2	13411	T	15919
NC_045512.2	13412	T	15809
NC_045512.2	13413	G	15906
NC_045512.2	13414	T	15390
NC_045512.2	13415	G	15546
NC_045512.2	13416	A	15773
NC_045512.2	13417	T	16485
NC_045512.2	13418	C	16457
NC_045512.2	13419	A	16126
NC_045512.2	13420	A	16151
NC_045512.2	13421	C	16956
NC_045512.2	13422	T	16485
NC_045512.2	13423	C	16768
NC_045512.2	13424	C	16477
NC_045512.2	13425	G	16386
NC_045512.2	13426	C	16445
NC_045512.2	13427	G	16356
NC_045512.2	13428	A	16348
NC_045512.2	13429	A	16199
NC_045512.2	13430	C	16363
NC_045512.2	13431	C	16288
NC_045512.2	13432	C	16083
NC_045512.2	13433	A	16035
NC_045512.2	13434	T	15388
NC_045512.2	13435	G	16013
NC_045512.2	13436	C	16030
NC_045512.2	13437	T	15652
NC_045512.2	13438	T	15712
NC_045512.2	13439	C	15649
NC_045512.2	13440	A	15682
NC_045512.2	13441	G	15720
NC_045512.2	13442	T	15566
NC_045512.2	13443	C	15653
NC_045512.2	13444	A	15487
NC_045512.2	13445	G	15483
NC_045512.2	13446	C	15504
NC_045512.2	13447	T	15189
NC_045512.2	13448	G	15405
NC_045512.2	13449	A	15377
NC_045512.2	13450	T	15263
NC_045512.2	13451	G	15194
NC_045512.2	13452	C	15348
NC_045512.2	13453	A	14814
NC_045512.2	13454	C	15286
NC_045512.2	13455	A	14509
NC_045512.2	13456	A	14298
NC_045512.2	13457	T	14298
NC_045512.2	13458	C	14555
NC_045512.2	13459	G	14557
NC_045512.2	13460	T	13747
NC_045512.2	13461	T	14510
NC_045512.2	13462	T	14463
NC_045512.2	13463	T	14546
NC_045512.2	13464	T	14240
NC_045512.2	13465	A	14523
NC_045512.2	13466	A	14369
NC_045512.2	13467	A	14338
NC_045512.2	13468	C	14570
NC_045512.2	13469	G	14586
NC_045512.2	13470	G	14561
NC_045512.2	13471	G	14593
NC_045512.2	13472	T	6897
NC_045512.2	13473	T	14618
NC_045512.2	13474	T	14391
NC_045512.2	13475	G	14609
NC_045512.2	13476	C	14553
NC_045512.2	13477	G	14487
NC_045512.2	13478	G	14602
NC_045512.2	13479	T	14457
NC_045512.2	13480	G	14605
NC_045512.2	13481	T	14601
NC_045512.2	13482	A	14406
NC_045512.2	13483	A	14497
NC_045512.2	13484	G	14609
NC_045512.2	13485	T	14451
NC_045512.2	13486	G	14013
NC_045512.2	13487	C	13131
NC_045512.2	13488	A	12638
NC_045512.2	13489	G	12682
NC_045512.2	13490	C	12654
NC_045512.2	13491	C	12611
NC_045512.2	13492	C	12530
NC_045512.2	13493	G	12393
NC_045512.2	13494	T	9673
NC_045512.2	13495	C	12398
NC_045512.2	13496	T	12039
NC_045512.2	13497	T	12232
NC_045512.2	13498	A	12126
NC_045512.2	13499	C	12212
NC_045512.2	13500	A	11999
NC_045512.2	13501	C	11873
NC_045512.2	13502	C	4485
NC_045512.2	13503	G	4481
NC_045512.2	13504	T	4333
NC_045512.2	13505	G	4361
NC_045512.2	13506	C	4352
NC_045512.2	13507	G	4297
NC_045512.2	13508	G	4262
NC_045512.2	13509	C	4287
NC_045512.2	13510	A	4173
NC_045512.2	13511	C	4155
NC_045512.2	13512	A	2646
NC_045512.2	13513	G	2658
NC_045512.2	13514	G	2644
NC_045512.2	13515	C	2640
NC_045512.2	13516	A	2591
NC_045512.2	13517	C	2311
NC_045512.2	13518	T	1509
NC_045512.2	13519	A	1460
NC_045512.2	13520	G	1426
NC_045512.2	13521	T	1296
NC_045512.2	13522	A	404
NC_045512.2	13523	C	394
NC_045512.2	13524	T	0
NC_045512.2	13525	G	0
NC_045512.2	13526	A	0
NC_045512.2	13527	T	0
NC_045512.2	13528	G	0
NC_045512.2	13529	T	0
NC_045512.2	13530	C	0
NC_045512.2	13531	G	0
NC_045512.2	13532	T	0
NC_045512.2	13533	A	0
NC_045512.2	13534	T	0
NC_045512.2	13535	A	0
NC_045512.2	13536	C	0
NC_045512.2	13537	A	0
NC_045512.2	13538	G	0
NC_045512.2	13539	G	0
NC_045512.2	13540	G	0
NC_045512.2	13541	C	0
NC_045512.2	13542	T	0
NC_045512.2	13543	T	0
NC_045512.2	13544	T	0
NC_045512.2	13545	T	0
NC_045512.2	13546	G	0
NC_045512.2	13547	A	0
NC_045512.2	13548	C	0
NC_045512.2	13549	A	0
NC_045512.2	13550	T	0
NC_045512.2	13551	C	0
NC_045512.2	13552	T	0
NC_045512.2	13553	A	0
NC_045512.2	13554	C	0
NC_045512.2	13555	A	0
NC_045512.2	13556	A	0
NC_045512.2	13557	T	0
NC_045512.2	13558	G	0
NC_045512.2	13559	A	0
NC_045512.2	13560	T	0
NC_045512.2	13561	A	0
NC_045512.2	13562	A	0
NC_045512.2	13563	A	0
NC_045512.2	13564	G	0
NC_045512.2	13565	T	0
NC_045512.2	13566	A	0
NC_045512.2	13567	G	0
NC_045512.2	13568	C	0
NC_045512.2	13569	T	0
NC_045512.2	13570	G	0
NC_045512.2	13571	G	0
NC_045512.2	13572	T	0
NC_045512.2	13573	T	0
NC_045512.2	13574	T	0
NC_045512.2	13575	T	0
NC_045512.2	13576	G	0
NC_045512.2	13577	C	0
NC_045512.2	13578	T	0
NC_045512.2	13579	A	0
NC_045512.2	13580	A	0
NC_045512.2	13581	A	0
NC_045512.2	13582	T	0
NC_045512.2	13583	T	0
NC_045512.2	13584	C	0
NC_045512.2	13585	C	0
NC_045512.2	13586	T	0
NC_045512.2	13587	A	0
NC_045512.2	13588	A	0
NC_045512.2	13589	A	0
NC_045512.2	13590	A	0
NC_045512.2	13591	A	0
NC_045512.2	13592	C	0
NC_045512.2	13593	T	0
NC_045512.2	13594	A	0
NC_045512.2	13595	A	0
NC_045512.2	13596	T	0
NC_045512.2	13597	T	0
NC_045512.2	13598	G	0
NC_045512.2	13599	T	0
NC_045512.2	13600	T	0
NC_045512.2	13601	G	0
NC_045512.2	13602	T	0
NC_045512.2	13603	C	0
NC_045512.2	13604	G	0
NC_045512.2	13605	C	0
NC_045512.2	13606	T	0
NC_045512.2	13607	T	0
NC_045512.2	13608	C	0
NC_045512.2	13609	C	0
NC_045512.2	13610	A	0
NC_045512.2	13611	A	0
NC_045512.2	13612	G	0
NC_045512.2	13613	A	0
NC_045512.2	13614	A	0
NC_045512.2	13615	A	0
NC_045512.2	13616	A	0
NC_045512.2	13617	G	0
NC_045512.2	13618	G	0
NC_045512.2	13619	A	0
NC_045512.2	13620	C	0
NC_045512.2	13621	G	0
NC_045512.2	13622	A	0
NC_045512.2	13623	A	0
NC_045512.2	13624	G	0
NC_045512.2	13625	A	0
NC_045512.2	13626	T	0
NC_045512.2	13627	G	0
NC_045512.2	13628	A	0
NC_045512.2	13629	C	0
NC_045512.2	13630	A	0
NC_045512.2	13631	A	0
NC_045512.2	13632	T	0
NC_045512.2	13633	T	0
NC_045512.2	13634	T	0
NC_045512.2	13635	A	0
NC_045512.2	13636	A	0
NC_045512.2	13637	T	0
NC_045512.2	13638	T	0
NC_045512.2	13639	G	0
NC_045512.2	13640	A	0
NC_045512.2	13641	T	0
NC_045512.2	13642	T	0
NC_045512.2	13643	C	0
NC_045512.2	13644	T	0
NC_045512.2	13645	T	0
NC_045512.2	13646	A	0
NC_045512.2	13647	C	0
NC_045512.2	13648	T	0
NC_045512.2	13649	T	0
NC_045512.2	13650	T	0
NC_045512.2	13651	G	0
NC_045512.2	13652	T	0
NC_045512.2	13653	A	0
NC_045512.2	13654	G	0
NC_045512.2	13655	T	0
NC_045512.2	13656	T	0
NC_045512.2	13657	A	0
NC_045512.2	13658	A	0
NC_045512.2	13659	G	0
NC_045512.2	13660	A	0
NC_045512.2	13661	G	0
NC_045512.2	13662	A	0
NC_045512.2	13663	C	0
NC_045512.2	13664	A	0
NC_045512.2	13665	C	0
NC_045512.2	13666	A	0
NC_045512.2	13667	C	0
NC_045512.2	13668	T	0
NC_045512.2	13669	T	0
NC_045512.2	13670	T	0
NC_045512.2	13671	C	0
NC_045512.2	13672	T	0
NC_045512.2	13673	C	0
NC_045512.2	13674	T	0
NC_045512.2	13675	A	0
NC_045512.2	13676	A	0
NC_045512.2	13677	C	0
NC_045512.2	13678	T	0
NC_045512.2	13679	A	0
NC_045512.2	13680	C	0
NC_045512.2	13681	C	0
NC_045512.2	13682	A	0
NC_045512.2	13683	A	0
NC_045512.2	13684	C	0
NC_045512.2	13685	A	0
NC_045512.2	13686	T	0
NC_045512.2	13687	G	0
NC_045512.2	13688	A	0
NC_045512.2	13689	A	0
NC_045512.2	13690	G	0
NC_045512.2	13691	A	0
NC_045512.2	13692	A	0
NC_045512.2	13693	A	0
NC_045512.2	13694	C	0
NC_045512.2	13695	A	0
NC_045512.2	13696	A	0
NC_045512.2	13697	T	0
NC_045512.2	13698	T	0
NC_045512.2	13699	T	0
NC_045512.2	13700	A	0
NC_045512.2	13701	T	0
NC_045512.2	13702	A	0
NC_045512.2	13703	A	0
NC_045512.2	13704	T	0
NC_045512.2	13705	T	0
NC_045512.2	13706	T	0
NC_045512.2	13707	A	0
NC_045512.2	13708	C	0
NC_045512.2	13709	T	0
NC_045512.2	13710	T	0
NC_045512.2	13711	A	0
NC_045512.2	13712	A	0
NC_045512.2	13713	G	0
NC_045512.2	13714	G	0
NC_045512.2	13715	A	0
NC_045512.2	13716	T	0
NC_045512.2	13717	T	0
NC_045512.2	13718	G	0
NC_045512.2	13719	T	0
NC_045512.2	13720	C	0
NC_045512.2	13721	C	0
NC_045512.2	13722	A	0
NC_045512.2	13723	G	0
NC_045512.2	13724	C	0
NC_045512.2	13725	T	0
NC_045512.2	13726	G	0
NC_045512.2	13727	T	0
NC_045512.2	13728	T	0
NC_045512.2	13729	G	0
NC_045512.2	13730	C	0
NC_045512.2	13731	T	0
NC_045512.2	13732	A	0
NC_045512.2	13733	A	0
NC_045512.2	13734	A	0
NC_045512.2	13735	C	0
NC_045512.2	13736	A	0
NC_045512.2	13737	T	0
NC_045512.2	13738	G	0
NC_045512.2	13739	A	0
NC_045512.2	13740	C	0
NC_045512.2	13741	T	0
NC_045512.2	13742	T	0
NC_045512.2	13743	C	0
NC_045512.2	13744	T	0
NC_045512.2	13745	T	0
NC_045512.2	13746	T	0
NC_045512.2	13747	A	0
NC_045512.2	13748	A	0
NC_045512.2	13749	G	0
NC_045512.2	13750	T	0
NC_045512.2	13751	T	0
NC_045512.2	13752	T	0
NC_045512.2	13753	A	0
NC_045512.2	13754	G	0
NC_045512.2	13755	A	0
NC_045512.2	13756	A	0
NC_045512.2	13757	T	0
NC_045512.2	13758	A	0
NC_045512.2	13759	G	0
NC_045512.2	13760	A	0
NC_045512.2	13761	C	0
NC_045512.2	13762	G	0
NC_045512.2	13763	G	0
NC_045512.2	13764	T	0
NC_045512.2	13765	G	0
NC_045512.2	13766	A	0
NC_045512.2	13767	C	0
NC_045512.2	13768	A	0
NC_045512.2	13769	T	0
NC_045512.2	13770	G	0
NC_045512.2	13771	G	0
NC_045512.2	13772	T	0
NC_045512.2	13773	A	0
NC_045512.2	13774	C	0
NC_045512.2	13775	C	0
NC_045512.2	13776	A	0
NC_045512.2	13777	C	0
NC_045512.2	13778	A	0
NC_045512.2	13779	T	0
NC_045512.2	13780	A	0
NC_045512.2	13781	T	0
NC_045512.2	13782	A	0
NC_045512.2	13783	T	0
NC_045512.2	13784	C	0
NC_045512.2	13785	A	0
NC_045512.2	13786	C	0
NC_045512.2	13787	G	0
NC_045512.2	13788	T	0
NC_045512.2	13789	C	0
NC_045512.2	13790	A	0
NC_045512.2	13791	A	0
NC_045512.2	13792	C	0
NC_045512.2	13793	G	0
NC_045512.2	13794	T	0
NC_045512.2	13795	C	0
NC_045512.2	13796	T	0
NC_045512.2	13797	T	0
NC_045512.2	13798	A	0
NC_045512.2	13799	C	0
NC_045512.2	13800	T	0
NC_045512.2	13801	A	0
NC_045512.2	13802	A	0
NC_045512.2	13803	A	0
NC_045512.2	13804	T	0
NC_045512.2	13805	A	0
NC_045512.2	13806	C	0
NC_045512.2	13807	A	0
NC_045512.2	13808	C	0
NC_045512.2	13809	A	0
NC_045512.2	13810	A	0
NC_045512.2	13811	T	0
NC_045512.2	13812	G	0
NC_045512.2	13813	G	0
NC_045512.2	13814	C	0
NC_045512.2	13815	A	0
NC_045512.2	13816	G	0
NC_045512.2	13817	A	0
NC_045512.2	13818	C	0
NC_045512.2	13819	C	0
NC_045512.2	13820	T	0
NC_045512.2	13821	C	0
NC_045512.2	13822	G	0
NC_045512.2	13823	T	0
NC_045512.2	13824	C	0
NC_045512.2	13825	T	0
NC_045512.2	13826	A	0
NC_045512.2	13827	T	0
NC_045512.2	13828	G	0
NC_045512.2	13829	C	0
NC_045512.2	13830	T	0
NC_045512.2	13831	T	0
NC_045512.2	13832	T	0
NC_045512.2	13833	A	0
NC_045512.2	13834	A	0
NC_045512.2	13835	G	0
NC_045512.2	13836	G	0
NC_045512.2	13837	C	0
NC_045512.2	13838	A	0
NC_045512.2	13839	T	0
NC_045512.2	13840	T	0
NC_045512.2	13841	T	0
NC_045512.2	13842	T	0
NC_045512.2	13843	G	0
NC_045512.2	13844	A	0
NC_045512.2	13845	T	0
NC_045512.2	13846	G	0
NC_045512.2	13847	A	0
NC_045512.2	13848	A	0
NC_045512.2	13849	G	0
NC_045512.2	13850	G	0
NC_045512.2	13851	T	0
NC_045512.2	13852	A	0
NC_045512.2	13853	A	0
NC_045512.2	13854	T	0
NC_045512.2	13855	T	0
NC_045512.2	13856	G	0
NC_045512.2	13857	T	0
NC_045512.2	13858	G	0
NC_045512.2	13859	A	0
NC_045512.2	13860	C	0
NC_045512.2	13861	A	0
NC_045512.2	13862	C	0
NC_045512.2	13863	A	0
NC_045512.2	13864	T	0
NC_045512.2	13865	T	0
NC_045512.2	13866	A	0
NC_045512.2	13867	A	0
NC_045512.2	13868	A	0
NC_045512.2	13869	A	0
NC_045512.2	13870	G	0
NC_045512.2	13871	A	0
NC_045512.2	13872	A	0
NC_045512.2	13873	A	0
NC_045512.2	13874	T	0
NC_045512.2	13875	A	0
NC_045512.2	13876	C	0
NC_045512.2	13877	T	0
NC_045512.2	13878	T	0
NC_045512.2	13879	G	0
NC_045512.2	13880	T	0
NC_045512.2	13881	C	0
NC_045512.2	13882	A	0
NC_045512.2	13883	C	0
NC_045512.2	13884	A	0
NC_045512.2	13885	T	0
NC_045512.2	13886	A	0
NC_045512.2	13887	C	0
NC_045512.2	13888	A	0
NC_045512.2	13889	A	0
NC_045512.2	13890	T	0
NC_045512.2	13891	T	0
NC_045512.2	13892	G	0
NC_045512.2	13893	T	0
NC_045512.2	13894	T	0
NC_045512.2	13895	G	0
NC_045512.2	13896	T	0
NC_045512.2	13897	G	0
NC_045512.2	13898	A	0
NC_045512.2	13899	T	0
NC_045512.2	13900	G	0
NC_045512.2	13901	A	0
NC_045512.2	13902	T	0
NC_045512.2	13903	G	0
NC_045512.2	13904	A	0
NC_045512.2	13905	T	0
NC_045512.2	13906	T	0
NC_045512.2	13907	A	0
NC_045512.2	13908	T	0
NC_045512.2	13909	T	0
NC_045512.2	13910	T	0
NC_045512.2	13911	C	0
NC_045512.2	13912	A	0
NC_045512.2	13913	A	0
NC_045512.2	13914	T	0
NC_045512.2	13915	A	0
NC_045512.2	13916	A	0
NC_045512.2	13917	A	0
NC_045512.2	13918	A	0
NC_045512.2	13919	A	0
NC_045512.2	13920	G	0
NC_045512.2	13921	G	0
NC_045512.2	13922	A	0
NC_045512.2	13923	C	0
NC_045512.2	13924	T	0
NC_045512.2	13925	G	0
NC_045512.2	13926	G	0
NC_045512.2	13927	T	0
NC_045512.2	13928	A	0
NC_045512.2	13929	T	0
NC_045512.2	13930	G	0
NC_045512.2	13931	A	0
NC_045512.2	13932	T	0
NC_045512.2	13933	T	0
NC_045512.2	13934	T	0
NC_045512.2	13935	T	0
NC_045512.2	13936	G	0
NC_045512.2	13937	T	0
NC_045512.2	13938	A	0
NC_045512.2	13939	G	0
NC_045512.2	13940	A	0
NC_045512.2	13941	A	0
NC_045512.2	13942	A	0
NC_045512.2	13943	A	0
NC_045512.2	13944	C	0
NC_045512.2	13945	C	0
NC_045512.2	13946	C	0
NC_045512.2	13947	A	0
NC_045512.2	13948	G	0
NC_045512.2	13949	A	0
NC_045512.2	13950	T	0
NC_045512.2	13951	A	0
NC_045512.2	13952	T	0
NC_045512.2	13953	A	0
NC_045512.2	13954	T	0
NC_045512.2	13955	T	0
NC_045512.2	13956	A	0
NC_045512.2	13957	C	0
NC_045512.2	13958	G	0
NC_045512.2	13959	C	0
NC_045512.2	13960	G	0
NC_045512.2	13961	T	0
NC_045512.2	13962	A	0
NC_045512.2	13963	T	0
NC_045512.2	13964	A	0
NC_045512.2	13965	C	0
NC_045512.2	13966	G	0
NC_045512.2	13967	C	0
NC_045512.2	13968	C	0
NC_045512.2	13969	A	0
NC_045512.2	13970	A	0
NC_045512.2	13971	C	0
NC_045512.2	13972	T	0
NC_045512.2	13973	T	0
NC_045512.2	13974	A	0
NC_045512.2	13975	G	0
NC_045512.2	13976	G	0
NC_045512.2	13977	T	0
NC_045512.2	13978	G	0
NC_045512.2	13979	A	0
NC_045512.2	13980	A	0
NC_045512.2	13981	C	0
NC_045512.2	13982	G	0
NC_045512.2	13983	T	0
NC_045512.2	13984	G	0
NC_045512.2	13985	T	0
NC_045512.2	13986	A	0
NC_045512.2	13987	C	0
NC_045512.2	13988	G	0
NC_045512.2	13989	C	0
NC_045512.2	13990	C	0
NC_045512.2	13991	A	0
NC_045512.2	13992	A	0
NC_045512.2	13993	G	0
NC_045512.2	13994	C	0
NC_045512.2	13995	T	0
NC_045512.2	13996	T	0
NC_045512.2	13997	T	0
NC_045512.2	13998	G	0
NC_045512.2	13999	T	0
NC_045512.2	14000	T	0
NC_045512.2	14001	A	0
NC_045512.2	14002	A	0
NC_045512.2	14003	A	0
NC_045512.2	14004	A	0
NC_045512.2	14005	A	0
NC_045512.2	14006	C	0
NC_045512.2	14007	A	0
NC_045512.2	14008	G	0
NC_045512.2	14009	T	0
NC_045512.2	14010	A	0
NC_045512.2	14011	C	0
NC_045512.2	14012	A	0
NC_045512.2	14013	A	0
NC_045512.2	14014	T	0
NC_045512.2	14015	T	0
NC_045512.2	14016	C	0
NC_045512.2	14017	T	0
NC_045512.2	14018	G	0
NC_045512.2	14019	T	0
NC_045512.2	14020	G	0
NC_045512.2	14021	A	0
NC_045512.2	14022	T	0
NC_045512.2	14023	G	0
NC_045512.2	14024	C	0
NC_045512.2	14025	C	0
NC_045512.2	14026	A	0
NC_045512.2	14027	T	0
NC_045512.2	14028	G	0
NC_045512.2	14029	C	0
NC_045512.2	14030	G	0
NC_045512.2	14031	A	0
NC_045512.2	14032	A	0
NC_045512.2	14033	A	0
NC_045512.2	14034	T	0
NC_045512.2	14035	G	0
NC_045512.2	14036	C	0
NC_045512.2	14037	T	0
NC_045512.2	14038	G	0
NC_045512.2	14039	G	0
NC_045512.2	14040	T	0
NC_045512.2	14041	A	0
NC_045512.2	14042	T	0
NC_045512.2	14043	T	0
NC_045512.2	14044	G	0
NC_045512.2	14045	T	0
NC_045512.2	14046	T	0
NC_045512.2	14047	G	0
NC_045512.2	14048	G	0
NC_045512.2	14049	T	0
NC_045512.2	14050	G	0
NC_045512.2	14051	T	0
NC_045512.2	14052	A	0
NC_045512.2	14053	C	0
NC_045512.2	14054	T	0
NC_045512.2	14055	G	0
NC_045512.2	14056	A	0
NC_045512.2	14057	C	0
NC_045512.2	14058	A	0
NC_045512.2	14059	T	0
NC_045512.2	14060	T	0
NC_045512.2	14061	A	0
NC_045512.2	14062	G	0
NC_045512.2	14063	A	0
NC_045512.2	14064	T	0
NC_045512.2	14065	A	0
NC_045512.2	14066	A	0
NC_045512.2	14067	T	0
NC_045512.2	14068	C	0
NC_045512.2	14069	A	0
NC_045512.2	14070	A	0
NC_045512.2	14071	G	0
NC_045512.2	14072	A	0
NC_045512.2	14073	T	0
NC_045512.2	14074	C	0
NC_045512.2	14075	T	0
NC_045512.2	14076	C	0
NC_045512.2	14077	A	0
NC_045512.2	14078	A	0
NC_045512.2	14079	T	0
NC_045512.2	14080	G	0
NC_045512.2	14081	G	0
NC_045512.2	14082	T	0
NC_045512.2	14083	A	0
NC_045512.2	14084	A	0
NC_045512.2	14085	C	0
NC_045512.2	14086	T	0
NC_045512.2	14087	G	0
NC_045512.2	14088	G	0
NC_045512.2	14089	T	0
NC_045512.2	14090	A	0
NC_045512.2	14091	T	0
NC_045512.2	14092	G	0
NC_045512.2	14093	A	0
NC_045512.2	14094	T	0
NC_045512.2	14095	T	0
NC_045512.2	14096	T	0
NC_045512.2	14097	C	0
NC_045512.2	14098	G	0
NC_045512.2	14099	G	0
NC_045512.2	14100	T	0
NC_045512.2	14101	G	0
NC_045512.2	14102	A	0
NC_045512.2	14103	T	0
NC_045512.2	14104	T	0
NC_045512.2	14105	T	0
NC_045512.2	14106	C	0
NC_045512.2	14107	A	0
NC_045512.2	14108	T	0
NC_045512.2	14109	A	0
NC_045512.2	14110	C	0
NC_045512.2	14111	A	0
NC_045512.2	14112	A	0
NC_045512.2	14113	A	0
NC_045512.2	14114	C	0
NC_045512.2	14115	C	0
NC_045512.2	14116	A	0
NC_045512.2	14117	C	0
NC_045512.2	14118	G	0
NC_045512.2	14119	C	0
NC_045512.2	14120	C	0
NC_045512.2	14121	A	0
NC_045512.2	14122	G	0
NC_045512.2	14123	G	0
NC_045512.2	14124	T	0
NC_045512.2	14125	A	0
NC_045512.2	14126	G	0
NC_045512.2	14127	T	0
NC_045512.2	14128	G	0
NC_045512.2	14129	G	0
NC_045512.2	14130	A	0
NC_045512.2	14131	G	0
NC_045512.2	14132	T	0
NC_045512.2	14133	T	0
NC_045512.2	14134	C	0
NC_045512.2	14135	C	0
NC_045512.2	14136	T	0
NC_045512.2	14137	G	0
NC_045512.2	14138	T	0
NC_045512.2	14139	T	0
NC_045512.2	14140	G	0
NC_045512.2	14141	T	0
NC_045512.2	14142	A	0
NC_045512.2	14143	G	0
NC_045512.2	14144	A	0
NC_045512.2	14145	T	0
NC_045512.2	14146	T	0
NC_045512.2	14147	C	0
NC_045512.2	14148	T	0
NC_045512.2	14149	T	0
NC_045512.2	14150	A	0
NC_045512.2	14151	T	0
NC_045512.2	14152	T	0
NC_045512.2	14153	A	0
NC_045512.2	14154	T	0
NC_045512.2	14155	T	0
NC_045512.2	14156	C	0
NC_045512.2	14157	A	0
NC_045512.2	14158	T	0
NC_045512.2	14159	T	0
NC_045512.2	14160	G	0
NC_045512.2	14161	T	0
NC_045512.2	14162	T	0
NC_045512.2	14163	A	0
NC_045512.2	14164	A	0
NC_045512.2	14165	T	0
NC_045512.2	14166	G	0
NC_045512.2	14167	C	0
NC_045512.2	14168	C	0
NC_045512.2	14169	T	0
NC_045512.2	14170	A	0
NC_045512.2	14171	T	0
NC_045512.2	14172	A	0
NC_045512.2	14173	T	0
NC_045512.2	14174	T	0
NC_045512.2	14175	A	0
NC_045512.2	14176	A	0
NC_045512.2	14177	C	0
NC_045512.2	14178	C	0
NC_045512.2	14179	T	0
NC_045512.2	14180	T	0
NC_045512.2	14181	G	0
NC_045512.2	14182	A	0
NC_045512.2	14183	C	0
NC_045512.2	14184	C	0
NC_045512.2	14185	A	0
NC_045512.2	14186	G	0
NC_045512.2	14187	G	0
NC_045512.2	14188	G	0
NC_045512.2	14189	C	0
NC_045512.2	14190	T	0
NC_045512.2	14191	T	0
NC_045512.2	14192	T	0
NC_045512.2	14193	A	0
NC_045512.2	14194	A	0
NC_045512.2	14195	C	0
NC_045512.2	14196	T	0
NC_045512.2	14197	G	0
NC_045512.2	14198	C	0
NC_045512.2	14199	A	0
NC_045512.2	14200	G	0
NC_045512.2	14201	A	0
NC_045512.2	14202	G	0
NC_045512.2	14203	T	0
NC_045512.2	14204	C	0
NC_045512.2	14205	A	0
NC_045512.2	14206	C	0
NC_045512.2	14207	A	0
NC_045512.2	14208	T	0
NC_045512.2	14209	G	0
NC_045512.2	14210	T	0
NC_045512.2	14211	T	0
NC_045512.2	14212	G	0
NC_045512.2	14213	A	0
NC_045512.2	14214	C	0
NC_045512.2	14215	A	0
NC_045512.2	14216	C	0
NC_045512.2	14217	T	0
NC_045512.2	14218	G	0
NC_045512.2	14219	A	0
NC_045512.2	14220	C	0
NC_045512.2	14221	T	0
NC_045512.2	14222	T	0
NC_045512.2	14223	A	0
NC_045512.2	14224	A	0
NC_045512.2	14225	C	0
NC_045512.2	14226	A	0
NC_045512.2	14227	A	0
NC_045512.2	14228	A	0
NC_045512.2	14229	G	0
NC_045512.2	14230	C	0
NC_045512.2	14231	C	0
NC_045512.2	14232	T	0
NC_045512.2	14233	T	0
NC_045512.2	14234	A	0
NC_045512.2	14235	C	0
NC_045512.2	14236	A	0
NC_045512.2	14237	T	0
NC_045512.2	14238	T	0
NC_045512.2	14239	A	0
NC_045512.2	14240	A	0
NC_045512.2	14241	G	0
NC_045512.2	14242	T	0
NC_045512.2	14243	G	0
NC_045512.2	14244	G	0
NC_045512.2	14245	G	0
NC_045512.2	14246	A	0
NC_045512.2	14247	T	0
NC_045512.2	14248	T	0
NC_045512.2	14249	T	0
NC_045512.2	14250	G	0
NC_045512.2	14251	T	0
NC_045512.2	14252	T	0
NC_045512.2	14253	A	0
NC_045512.2	14254	A	0
NC_045512.2	14255	A	0
NC_045512.2	14256	A	0
NC_045512.2	14257	T	0
NC_045512.2	14258	A	0
NC_045512.2	14259	T	0
NC_045512.2	14260	G	0
NC_045512.2	14261	A	0
NC_045512.2	14262	C	0
NC_045512.2	14263	T	0
NC_045512.2	14264	T	0
NC_045512.2	14265	C	0
NC_045512.2	14266	A	0
NC_045512.2	14267	C	0
NC_045512.2	14268	G	0
NC_045512.2	14269	G	0
NC_045512.2	14270	A	0
NC_045512.2	14271	A	0
NC_045512.2	14272	G	0
NC_045512.2	14273	A	0
NC_045512.2	14274	G	0
NC_045512.2	14275	A	0
NC_045512.2	14276	G	0
NC_045512.2	14277	G	0
NC_045512.2	14278	T	0
NC_045512.2	14279	T	0
NC_045512.2	14280	A	0
NC_045512.2	14281	A	0
NC_045512.2	14282	A	0
NC_045512.2	14283	A	0
NC_045512.2	14284	C	0
NC_045512.2	14285	T	0
NC_045512.2	14286	C	0
NC_045512.2	14287	T	0
NC_045512.2	14288	T	0
NC_045512.2	14289	T	0
NC_045512.2	14290	G	0
NC_045512.2	14291	A	0
NC_045512.2	14292	C	0
NC_045512.2	14293	C	0
NC_045512.2	14294	G	0
NC_045512.2	14295	T	0
NC_045512.2	14296	T	0
NC_045512.2	14297	A	0
NC_045512.2	14298	T	0
NC_045512.2	14299	T	0
NC_045512.2	14300	T	0
NC_045512.2	14301	T	0
NC_045512.2	14302	A	0
NC_045512.2	14303	A	0
NC_045512.2	14304	A	0
NC_045512.2	14305	T	0
NC_045512.2	14306	A	0
NC_045512.2	14307	T	0
NC_045512.2	14308	T	0
NC_045512.2	14309	G	0
NC_045512.2	14310	G	0
NC_045512.2	14311	G	0
NC_045512.2	14312	A	0
NC_045512.2	14313	T	0
NC_045512.2	14314	C	0
NC_045512.2	14315	A	0
NC_045512.2	14316	G	0
NC_045512.2	14317	A	0
NC_045512.2	14318	C	0
NC_045512.2	14319	A	0
NC_045512.2	14320	T	0
NC_045512.2	14321	A	0
NC_045512.2	14322	C	0
NC_045512.2	14323	C	0
NC_045512.2	14324	A	0
NC_045512.2	14325	C	0
NC_045512.2	14326	C	0
NC_045512.2	14327	C	0
NC_045512.2	14328	A	0
NC_045512.2	14329	A	0
NC_045512.2	14330	A	0
NC_045512.2	14331	T	0
NC_045512.2	14332	T	0
NC_045512.2	14333	G	0
NC_045512.2	14334	T	0
NC_045512.2	14335	G	0
NC_045512.2	14336	T	0
NC_045512.2	14337	T	0
NC_045512.2	14338	A	0
NC_045512.2	14339	A	0
NC_045512.2	14340	C	0
NC_045512.2	14341	T	0
NC_045512.2	14342	G	0
NC_045512.2	14343	T	0
NC_045512.2	14344	T	2
NC_045512.2	14345	T	4
NC_045512.2	14346	G	21
NC_045512.2	14347	G	50
NC_045512.2	14348	A	51
NC_045512.2	14349	T	71
NC_045512.2	14350	G	90
NC_045512.2	14351	A	100
NC_045512.2	14352	C	286
NC_045512.2	14353	A	290
NC_045512.2	14354	G	382
NC_045512.2	14355	A	380
NC_045512.2	14356	T	390
NC_045512.2	14357	G	420
NC_045512.2	14358	C	415
NC_045512.2	14359	A	831
NC_045512.2	14360	T	828
NC_045512.2	14361	T	823
NC_045512.2	14362	C	830
NC_045512.2	14363	T	824
NC_045512.2	14364	G	891
NC_045512.2	14365	C	895
NC_045512.2	14366	A	893
NC_045512.2	14367	T	888
NC_045512.2	14368	T	896
NC_045512.2	14369	G	1009
NC_045512.2	14370	T	1010
NC_045512.2	14371	G	1020
NC_045512.2	14372	C	1019
NC_045512.2	14373	A	1021
NC_045512.2	14374	A	996
NC_045512.2	14375	A	680
NC_045512.2	14376	C	1022
NC_045512.2	14377	T	1013
NC_045512.2	14378	T	998
NC_045512.2	14379	T	1011
NC_045512.2	14380	A	1019
NC_045512.2	14381	A	1002
NC_045512.2	14382	T	1014
NC_045512.2	14383	G	1015
NC_045512.2	14384	T	909
NC_045512.2	14385	T	1012
NC_045512.2	14386	T	1010
NC_045512.2	14387	T	995
NC_045512.2	14388	A	1026
NC_045512.2	14389	T	1014
NC_045512.2	14390	T	1001
NC_045512.2	14391	C	1016
NC_045512.2	14392	T	1014
NC_045512.2	14393	C	1023
NC_045512.2	14394	T	1011
NC_045512.2	14395	A	1016
NC_045512.2	14396	C	1024
NC_045512.2	14397	A	1000
NC_045512.2	14398	G	1025
NC_045512.2	14399	T	1021
NC_045512.2	14400	G	1025
NC_045512.2	14401	T	1017
NC_045512.2	14402	T	1017
NC_045512.2	14403	C	1018
NC_045512.2	14404	C	1020
NC_045512.2	14405	C	1021
NC_045512.2	14406	A	1003
NC_045512.2	14407	C	1026
NC_045512.2	14408	C	1025
NC_045512.2	14409	T	1013
NC_045512.2	14410	A	1001
NC_045512.2	14411	C	1016
NC_045512.2	14412	A	1644
NC_045512.2	14413	A	1662
NC_045512.2	14414	G	1758
NC_045512.2	14415	T	1733
NC_045512.2	14416	T	1745
NC_045512.2	14417	T	1763
NC_045512.2	14418	T	1755
NC_045512.2	14419	G	1758
NC_045512.2	14420	G	1785
NC_045512.2	14421	A	1718
NC_045512.2	14422	C	1820
NC_045512.2	14423	C	1738
NC_045512.2	14424	A	1835
NC_045512.2	14425	C	1980
NC_045512.2	14426	T	1978
NC_045512.2	14427	A	1885
NC_045512.2	14428	G	1998
NC_045512.2	14429	T	1979
NC_045512.2	14430	G	2004
NC_045512.2	14431	A	2009
NC_045512.2	14432	G	2041
NC_045512.2	14433	A	1703
NC_045512.2	14434	A	2045
NC_045512.2	14435	A	2046
NC_045512.2	14436	A	2091
NC_045512.2	14437	A	2096
NC_045512.2	14438	T	2095
NC_045512.2	14439	A	2023
NC_045512.2	14440	T	2119
NC_045512.2	14441	T	2126
NC_045512.2	14442	T	2130
NC_045512.2	14443	G	2168
NC_045512.2	14444	T	2066
NC_045512.2	14445	T	2119
NC_045512.2	14446	G	2179
NC_045512.2	14447	A	2188
NC_045512.2	14448	T	2150
NC_045512.2	14449	G	2182
NC_045512.2	14450	G	2202
NC_045512.2	14451	T	2162
NC_045512.2	14452	G	2215
NC_045512.2	14453	T	2039
NC_045512.2	14454	T	2067
NC_045512.2	14455	C	2063
NC_045512.2	14456	C	2073
NC_045512.2	14457	A	2068
NC_045512.2	14458	T	1994
NC_045512.2	14459	T	2086
NC_045512.2	14460	T	1802
NC_045512.2	14461	G	1812
NC_045512.2	14462	T	1797
NC_045512.2	14463	A	1801
NC_045512.2	14464	G	1835
NC_045512.2	14465	T	1819
NC_045512.2	14466	T	1824
NC_045512.2	14467	T	1856
NC_045512.2	14468	C	1876
NC_045512.2	14469	A	1876
NC_045512.2	14470	A	1540
NC_045512.2	14471	C	1848
NC_045512.2	14472	T	1884
NC_045512.2	14473	G	1948
NC_045512.2	14474	G	1973
NC_045512.2	14475	A	1977
NC_045512.2	14476	T	1984
NC_045512.2	14477	A	1966
NC_045512.2	14478	C	2035
NC_045512.2	14479	C	2034
NC_045512.2	14480	A	2042
NC_045512.2	14481	C	2136
NC_045512.2	14482	T	2141
NC_045512.2	14483	T	2243
NC_045512.2	14484	C	2253
NC_045512.2	14485	A	2245
NC_045512.2	14486	G	2258
NC_045512.2	14487	A	2264
NC_045512.2	14488	G	2356
NC_045512.2	14489	A	2075
NC_045512.2	14490	G	2399
NC_045512.2	14491	C	2407
NC_045512.2	14492	T	2382
NC_045512.2	14493	A	2362
NC_045512.2	14494	G	2321
NC_045512.2	14495	G	2362
NC_045512.2	14496	T	2370
NC_045512.2	14497	G	2389
NC_045512.2	14498	T	2365
NC_045512.2	14499	T	2092
NC_045512.2	14500	G	2151
NC_045512.2	14501	T	2146
NC_045512.2	14502	A	2127
NC_045512.2	14503	C	2151
NC_045512.2	14504	A	2086
NC_045512.2	14505	T	2122
NC_045512.2	14506	A	2112
NC_045512.2	14507	A	2117
NC_045512.2	14508	T	2107
NC_045512.2	14509	C	2089
NC_045512.2	14510	A	2061
NC_045512.2	14511	G	2075
NC_045512.2	14512	G	2087
NC_045512.2	14513	A	2107
NC_045512.2	14514	T	2062
NC_045512.2	14515	G	2087
NC_045512.2	14516	T	2028
NC_045512.2	14517	A	2098
NC_045512.2	14518	A	2134
NC_045512.2	14519	A	1840
NC_045512.2	14520	C	2170
NC_045512.2	14521	T	2111
NC_045512.2	14522	T	2120
NC_045512.2	14523	A	2125
NC_045512.2	14524	C	2116
NC_045512.2	14525	A	2082
NC_045512.2	14526	T	2028
NC_045512.2	14527	A	1968
NC_045512.2	14528	G	2110
NC_045512.2	14529	C	2089
NC_045512.2	14530	T	1724
NC_045512.2	14531	C	2151
NC_045512.2	14532	T	2140
NC_045512.2	14533	A	2115
NC_045512.2	14534	G	2156
NC_045512.2	14535	A	2102
NC_045512.2	14536	C	2228
NC_045512.2	14537	T	2017
NC_045512.2	14538	T	2047
NC_045512.2	14539	A	2030
NC_045512.2	14540	G	2067
NC_045512.2	14541	T	2062
NC_045512.2	14542	T	2038
NC_045512.2	14543	T	2052
NC_045512.2	14544	T	2072
NC_045512.2	14545	A	2061
NC_045512.2	14546	A	2036
NC_045512.2	14547	G	2074
NC_045512.2	14548	G	2081
NC_045512.2	14549	A	2056
NC_045512.2	14550	A	2085
NC_045512.2	14551	T	2105
NC_045512.2	14552	T	2085
NC_045512.2	14553	A	2077
NC_045512.2	14554	C	2081
NC_045512.2	14555	T	2063
NC_045512.2	14556	T	2091
NC_045512.2	14557	G	2109
NC_045512.2	14558	T	2083
NC_045512.2	14559	G	2114
NC_045512.2	14560	T	2074
NC_045512.2	14561	A	2101
NC_045512.2	14562	T	2093
NC_045512.2	14563	G	2085
NC_045512.2	14564	C	2095
NC_045512.2	14565	T	2002
NC_045512.2	14566	G	2017
NC_045512.2	14567	C	2018
NC_045512.2	14568	T	1959
NC_045512.2	14569	G	2020
NC_045512.2	14570	A	2013
NC_045512.2	14571	C	1995
NC_045512.2	14572	C	1978
NC_045512.2	14573	C	1891
NC_045512.2	14574	T	1855
NC_045512.2	14575	G	1930
NC_045512.2	14576	C	1975
NC_045512.2	14577	T	1961
NC_045512.2	14578	A	1966
NC_045512.2	14579	T	1924
NC_045512.2	14580	G	1924
NC_045512.2	14581	C	1880
NC_045512.2	14582	A	1830
NC_045512.2	14583	C	1836
NC_045512.2	14584	G	1682
NC_045512.2	14585	C	1667
NC_045512.2	14586	T	1652
NC_045512.2	14587	G	1666
NC_045512.2	14588	C	1844
NC_045512.2	14589	T	1840
NC_045512.2	14590	T	1832
NC_045512.2	14591	C	1822
NC_045512.2	14592	T	1790
NC_045512.2	14593	G	1793
NC_045512.2	14594	G	1804
NC_045512.2	14595	T	1822
NC_045512.2	14596	A	1719
NC_045512.2	14597	A	1738
NC_045512.2	14598	T	1679
NC_045512.2	14599	C	1702
NC_045512.2	14600	T	1592
NC_045512.2	14601	A	1696
NC_045512.2	14602	T	1681
NC_045512.2	14603	T	1806
NC_045512.2	14604	A	1813
NC_045512.2	14605	C	1827
NC_045512.2	14606	T	1802
NC_045512.2	14607	A	1772
NC_045512.2	14608	G	1769
NC_045512.2	14609	A	1709
NC_045512.2	14610	T	1823
NC_045512.2	14611	A	1805
NC_045512.2	14612	A	1799
NC_045512.2	14613	A	1767
NC_045512.2	14614	C	1797
NC_045512.2	14615	G	1767
NC_045512.2	14616	C	1794
NC_045512.2	14617	A	1744
NC_045512.2	14618	C	1843
NC_045512.2	14619	T	1819
NC_045512.2	14620	A	2434
NC_045512.2	14621	C	2450
NC_045512.2	14622	G	2452
NC_045512.2	14623	T	2407
NC_045512.2	14624	G	2413
NC_045512.2	14625	C	2435
NC_045512.2	14626	T	2444
NC_045512.2	14627	T	2455
NC_045512.2	14628	T	2460
NC_045512.2	14629	T	2450
NC_045512.2	14630	C	2425
NC_045512.2	14631	A	2350
NC_045512.2	14632	G	2348
NC_045512.2	14633	T	2409
NC_045512.2	14634	A	2319
NC_045512.2	14635	G	2319
NC_045512.2	14636	C	2326
NC_045512.2	14637	T	2321
NC_045512.2	14638	G	2302
NC_045512.2	14639	C	2308
NC_045512.2	14640	A	2192
NC_045512.2	14641	C	2314
NC_045512.2	14642	T	2265
NC_045512.2	14643	T	2269
NC_045512.2	14644	A	2244
NC_045512.2	14645	C	2263
NC_045512.2	14646	T	2226
NC_045512.2	14647	A	2205
NC_045512.2	14648	A	2222
NC_045512.2	14649	C	2221
NC_045512.2	14650	A	2145
NC_045512.2	14651	A	2099
NC_045512.2	14652	T	2024
NC_045512.2	14653	G	2106
NC_045512.2	14654	T	2073
NC_045512.2	14655	T	2072
NC_045512.2	14656	G	2086
NC_045512.2	14657	C	2084
NC_045512.2	14658	T	2054
NC_045512.2	14659	T	2055
NC_045512.2	14660	T	2022
NC_045512.2	14661	T	2058
NC_045512.2	14662	C	2056
NC_045512.2	14663	A	2034
NC_045512.2	14664	A	2027
NC_045512.2	14665	A	2027
NC_045512.2	14666	C	2034
NC_045512.2	14667	T	1872
NC_045512.2	14668	G	2013
NC_045512.2	14669	T	2004
NC_045512.2	14670	C	2007
NC_045512.2	14671	A	1961
NC_045512.2	14672	A	1988
NC_045512.2	14673	A	1993
NC_045512.2	14674	C	1998
NC_045512.2	14675	C	1964
NC_045512.2	14676	C	1959
NC_045512.2	14677	G	1906
NC_045512.2	14678	G	1907
NC_045512.2	14679	T	1792
NC_045512.2	14680	A	1906
NC_045512.2	14681	A	1917
NC_045512.2	14682	T	1899
NC_045512.2	14683	T	1902
NC_045512.2	14684	T	1866
NC_045512.2	14685	T	1834
NC_045512.2	14686	A	1886
NC_045512.2	14687	A	1884
NC_045512.2	14688	C	1894
NC_045512.2	14689	A	1584
NC_045512.2	14690	A	1569
NC_045512.2	14691	A	1569
NC_045512.2	14692	G	1576
NC_045512.2	14693	A	1563
NC_045512.2	14694	C	1568
NC_045512.2	14695	T	1538
NC_045512.2	14696	T	1496
NC_045512.2	14697	C	1537
NC_045512.2	14698	T	1429
NC_045512.2	14699	A	1527
NC_045512.2	14700	T	1507
NC_045512.2	14701	G	1526
NC_045512.2	14702	A	1504
NC_045512.2	14703	C	1494
NC_045512.2	14704	T	941
NC_045512.2	14705	T	1327
NC_045512.2	14706	T	1325
NC_045512.2	14707	G	1324
NC_045512.2	14708	C	1315
NC_045512.2	14709	T	1314
NC_045512.2	14710	G	1319
NC_045512.2	14711	T	1219
NC_045512.2	14712	G	1249
NC_045512.2	14713	T	1199
NC_045512.2	14714	C	1240
NC_045512.2	14715	T	1230
NC_045512.2	14716	A	1206
NC_045512.2	14717	A	1201
NC_045512.2	14718	G	1206
NC_045512.2	14719	G	1089
NC_045512.2	14720	G	1073
NC_045512.2	14721	T	208
NC_045512.2	14722	T	204
NC_045512.2	14723	T	189
NC_045512.2	14724	C	201
NC_045512.2	14725	T	192
NC_045512.2	14726	T	194
NC_045512.2	14727	T	169
NC_045512.2	14728	A	143
NC_045512.2	14729	A	140
NC_045512.2	14730	G	143
NC_045512.2	14731	G	139
NC_045512.2	14732	A	87
NC_045512.2	14733	A	36
NC_045512.2	14734	G	36
NC_045512.2	14735	G	34
NC_045512.2	14736	A	32
NC_045512.2	14737	A	6
NC_045512.2	14738	G	6
NC_045512.2	14739	T	1
NC_045512.2	14740	T	1
NC_045512.2	14741	C	1
NC_045512.2	14742	T	1
NC_045512.2	14743	G	1
NC_045512.2	14744	T	1
NC_045512.2	14745	T	1
NC_045512.2	14746	G	1
NC_045512.2	14747	A	1
NC_045512.2	14748	A	1
NC_045512.2	14749	T	1
NC_045512.2	14750	T	1
NC_045512.2	14751	A	1
NC_045512.2	14752	A	1
NC_045512.2	14753	A	1
NC_045512.2	14754	A	1
NC_045512.2	14755	C	1
NC_045512.2	14756	A	1
NC_045512.2	14757	C	1
NC_045512.2	14758	T	1
NC_045512.2	14759	T	1
NC_045512.2	14760	C	0
NC_045512.2	14761	T	0
NC_045512.2	14762	T	0
NC_045512.2	14763	C	0
NC_045512.2	14764	T	0
NC_045512.2	14765	T	0
NC_045512.2	14766	T	0
NC_045512.2	14767	G	0
NC_045512.2	14768	C	0
NC_045512.2	14769	T	0
NC_045512.2	14770	C	0
NC_045512.2	14771	A	0
NC_045512.2	14772	G	1
NC_045512.2	14773	G	1
NC_045512.2	14774	A	1
NC_045512.2	14775	T	1
NC_045512.2	14776	G	1
NC_045512.2	14777	G	1
NC_045512.2	14778	T	1
NC_045512.2	14779	A	1
NC_045512.2	14780	A	1
NC_045512.2	14781	T	1
NC_045512.2	14782	G	1
NC_045512.2	14783	C	1
NC_045512.2	14784	T	1
NC_045512.2	14785	G	1
NC_045512.2	14786	C	1
NC_045512.2	14787	T	1
NC_045512.2	14788	A	1
NC_045512.2	14789	T	1
NC_045512.2	14790	C	1
NC_045512.2	14791	A	1
NC_045512.2	14792	G	1
NC_045512.2	14793	C	1
NC_045512.2	14794	G	1
NC_045512.2	14795	A	1
NC_045512.2	14796	T	1
NC_045512.2	14797	T	1
NC_045512.2	14798	A	1
NC_045512.2	14799	T	1
NC_045512.2	14800	G	1
NC_045512.2	14801	A	1
NC_045512.2	14802	C	1
NC_045512.2	14803	T	1
NC_045512.2	14804	A	1
NC_045512.2	14805	C	1
NC_045512.2	14806	T	1
NC_045512.2	14807	A	1
NC_045512.2	14808	T	1
NC_045512.2	14809	C	1
NC_045512.2	14810	G	1
NC_045512.2	14811	T	1
NC_045512.2	14812	T	1
NC_045512.2	14813	A	1
NC_045512.2	14814	T	1
NC_045512.2	14815	A	1
NC_045512.2	14816	A	1
NC_045512.2	14817	T	1
NC_045512.2	14818	C	1
NC_045512.2	14819	T	1
NC_045512.2	14820	A	1
NC_045512.2	14821	C	1
NC_045512.2	14822	C	1
NC_045512.2	14823	A	1
NC_045512.2	14824	A	1
NC_045512.2	14825	C	1
NC_045512.2	14826	A	1
NC_045512.2	14827	A	1
NC_045512.2	14828	T	1
NC_045512.2	14829	G	1
NC_045512.2	14830	T	1
NC_045512.2	14831	G	1
NC_045512.2	14832	T	1
NC_045512.2	14833	G	1
NC_045512.2	14834	A	1
NC_045512.2	14835	T	1
NC_045512.2	14836	A	1
NC_045512.2	14837	T	1
NC_045512.2	14838	C	1
NC_045512.2	14839	A	1
NC_045512.2	14840	G	1
NC_045512.2	14841	A	1
NC_045512.2	14842	C	1
NC_045512.2	14843	A	1
NC_045512.2	14844	A	1
NC_045512.2	14845	C	1
NC_045512.2	14846	T	1
NC_045512.2	14847	A	1
NC_045512.2	14848	C	1
NC_045512.2	14849	T	1
NC_045512.2	14850	A	0
NC_045512.2	14851	T	1
NC_045512.2	14852	T	1
NC_045512.2	14853	T	1
NC_045512.2	14854	G	1
NC_045512.2	14855	T	1
NC_045512.2	14856	A	1
NC_045512.2	14857	G	1
NC_045512.2	14858	T	1
NC_045512.2	14859	T	1
NC_045512.2	14860	G	1
NC_045512.2	14861	A	1
NC_045512.2	14862	A	1
NC_045512.2	14863	G	1
NC_045512.2	14864	T	1
NC_045512.2	14865	T	1
NC_045512.2	14866	G	1
NC_045512.2	14867	T	1
NC_045512.2	14868	T	1
NC_045512.2	14869	G	1
NC_045512.2	14870	A	1
NC_045512.2	14871	T	1
NC_045512.2	14872	A	1
NC_045512.2	14873	A	0
NC_045512.2	14874	G	0
NC_045512.2	14875	T	1
NC_045512.2	14876	A	1
NC_045512.2	14877	C	1
NC_045512.2	14878	T	1
NC_045512.2	14879	T	1
NC_045512.2	14880	T	1
NC_045512.2	14881	G	1
NC_045512.2	14882	A	1
NC_045512.2	14883	T	1
NC_045512.2	14884	T	1
NC_045512.2	14885	G	1
NC_045512.2	14886	T	1
NC_045512.2	14887	T	1
NC_045512.2	14888	A	1
NC_045512.2	14889	C	1
NC_045512.2	14890	G	1
NC_045512.2	14891	A	1
NC_045512.2	14892	T	1
NC_045512.2	14893	G	1
NC_045512.2	14894	G	1
NC_045512.2	14895	T	1
NC_045512.2	14896	G	1
NC_045512.2	14897	G	1
NC_045512.2	14898	C	1
NC_045512.2	14899	T	1
NC_045512.2	14900	G	1
NC_045512.2	14901	T	1
NC_045512.2	14902	A	1
NC_045512.2	14903	T	1
NC_045512.2	14904	T	1
NC_045512.2	14905	A	1
NC_045512.2	14906	A	1
NC_045512.2	14907	T	1
NC_045512.2	14908	G	1
NC_045512.2	14909	C	1
NC_045512.2	14910	T	1
NC_045512.2	14911	A	1
NC_045512.2	14912	A	1
NC_045512.2	14913	C	1
NC_045512.2	14914	C	1
NC_045512.2	14915	A	1
NC_045512.2	14916	A	1
NC_045512.2	14917	G	1
NC_045512.2	14918	T	1
NC_045512.2	14919	C	1
NC_045512.2	14920	A	1
NC_045512.2	14921	T	1
NC_045512.2	14922	C	1
NC_045512.2	14923	G	1
NC_045512.2	14924	T	1
NC_045512.2	14925	C	1
NC_045512.2	14926	A	1
NC_045512.2	14927	A	1
NC_045512.2	14928	C	1
NC_045512.2	14929	A	1
NC_045512.2	14930	A	1
NC_045512.2	14931	C	1
NC_045512.2	14932	C	1
NC_045512.2	14933	T	1
NC_045512.2	14934	A	1
NC_045512.2	14935	G	1
NC_045512.2	14936	A	1
NC_045512.2	14937	C	1
NC_045512.2	14938	A	1
NC_045512.2	14939	A	1
NC_045512.2	14940	A	1
NC_045512.2	14941	T	1
NC_045512.2	14942	C	1
NC_045512.2	14943	A	1
NC_045512.2	14944	G	1
NC_045512.2	14945	C	1
NC_045512.2	14946	T	1
NC_045512.2	14947	G	1
NC_045512.2	14948	G	1
NC_045512.2	14949	T	1
NC_045512.2	14950	T	1
NC_045512.2	14951	T	1
NC_045512.2	14952	T	1
NC_045512.2	14953	C	2
NC_045512.2	14954	C	2
NC_045512.2	14955	A	2
NC_045512.2	14956	T	2
NC_045512.2	14957	T	2
NC_045512.2	14958	T	2
NC_045512.2	14959	A	3
NC_045512.2	14960	A	4
NC_045512.2	14961	T	6
NC_045512.2	14962	A	11
NC_045512.2	14963	A	11
NC_045512.2	14964	A	12
NC_045512.2	14965	T	12
NC_045512.2	14966	G	14
NC_045512.2	14967	G	101
NC_045512.2	14968	G	112
NC_045512.2	14969	G	115
NC_045512.2	14970	T	110
NC_045512.2	14971	A	113
NC_045512.2	14972	A	141
NC_045512.2	14973	G	214
NC_045512.2	14974	G	218
NC_045512.2	14975	C	213
NC_045512.2	14976	T	214
NC_045512.2	14977	A	216
NC_045512.2	14978	G	218
NC_045512.2	14979	A	209
NC_045512.2	14980	C	245
NC_045512.2	14981	T	240
NC_045512.2	14982	T	246
NC_045512.2	14983	T	244
NC_045512.2	14984	A	247
NC_045512.2	14985	T	248
NC_045512.2	14986	T	247
NC_045512.2	14987	A	248
NC_045512.2	14988	T	244
NC_045512.2	14989	G	258
NC_045512.2	14990	A	255
NC_045512.2	14991	T	259
NC_045512.2	14992	T	259
NC_045512.2	14993	C	264
NC_045512.2	14994	A	257
NC_045512.2	14995	A	266
NC_045512.2	14996	T	256
NC_045512.2	14997	G	284
NC_045512.2	14998	A	270
NC_045512.2	14999	G	315
NC_045512.2	15000	T	313
NC_045512.2	15001	T	318
NC_045512.2	15002	A	310
NC_045512.2	15003	T	319
NC_045512.2	15004	G	322
NC_045512.2	15005	A	318
NC_045512.2	15006	G	328
NC_045512.2	15007	G	329
NC_045512.2	15008	A	326
NC_045512.2	15009	T	328
NC_045512.2	15010	C	333
NC_045512.2	15011	A	333
NC_045512.2	15012	A	339
NC_045512.2	15013	G	342
NC_045512.2	15014	A	266
NC_045512.2	15015	T	338
NC_045512.2	15016	G	343
NC_045512.2	15017	C	340
NC_045512.2	15018	A	342
NC_045512.2	15019	C	341
NC_045512.2	15020	T	343
NC_045512.2	15021	T	341
NC_045512.2	15022	T	342
NC_045512.2	15023	T	343
NC_045512.2	15024	C	342
NC_045512.2	15025	G	343
NC_045512.2	15026	C	343
NC_045512.2	15027	A	339
NC_045512.2	15028	T	338
NC_045512.2	15029	A	338
NC_045512.2	15030	T	344
NC_045512.2	15031	A	337
NC_045512.2	15032	C	344
NC_045512.2	15033	A	342
NC_045512.2	15034	A	345
NC_045512.2	15035	A	250
NC_045512.2	15036	A	338
NC_045512.2	15037	C	343
NC_045512.2	15038	G	339
NC_045512.2	15039	T	330
NC_045512.2	15040	A	345
NC_045512.2	15041	A	341
NC_045512.2	15042	T	338
NC_045512.2	15043	G	345
NC_045512.2	15044	T	341
NC_045512.2	15045	C	342
NC_045512.2	15046	A	328
NC_045512.2	15047	T	338
NC_045512.2	15048	C	340
NC_045512.2	15049	C	336
NC_045512.2	15050	C	533
NC_045512.2	15051	T	535
NC_045512.2	15052	A	540
NC_045512.2	15053	C	555
NC_045512.2	15054	T	552
NC_045512.2	15055	A	543
NC_045512.2	15056	T	547
NC_045512.2	15057	A	538
NC_045512.2	15058	A	553
NC_045512.2	15059	C	630
NC_045512.2	15060	T	626
NC_045512.2	15061	C	632
NC_045512.2	15062	A	588
NC_045512.2	15063	A	608
NC_045512.2	15064	A	568
NC_045512.2	15065	T	604
NC_045512.2	15066	G	606
NC_045512.2	15067	A	599
NC_045512.2	15068	A	581
NC_045512.2	15069	T	562
NC_045512.2	15070	C	585
NC_045512.2	15071	T	585
NC_045512.2	15072	T	583
NC_045512.2	15073	A	561
NC_045512.2	15074	A	502
NC_045512.2	15075	G	525
NC_045512.2	15076	T	525
NC_045512.2	15077	A	525
NC_045512.2	15078	T	536
NC_045512.2	15079	G	540
NC_045512.2	15080	C	524
NC_045512.2	15081	C	527
NC_045512.2	15082	A	528
NC_045512.2	15083	T	525
NC_045512.2	15084	T	520
NC_045512.2	15085	A	519
NC_045512.2	15086	G	538
NC_045512.2	15087	T	527
NC_045512.2	15088	G	539
NC_045512.2	15089	C	536
NC_045512.2	15090	A	541
NC_045512.2	15091	A	555
NC_045512.2	15092	A	509
NC_045512.2	15093	G	572
NC_045512.2	15094	A	547
NC_045512.2	15095	A	564
NC_045512.2	15096	T	569
NC_045512.2	15097	A	537
NC_045512.2	15098	G	561
NC_045512.2	15099	A	526
NC_045512.2	15100	G	554
NC_045512.2	15101	C	558
NC_045512.2	15102	T	550
NC_045512.2	15103	C	548
NC_045512.2	15104	G	528
NC_045512.2	15105	C	565
NC_045512.2	15106	A	551
NC_045512.2	15107	C	592
NC_045512.2	15108	C	589
NC_045512.2	15109	G	590
NC_045512.2	15110	T	594
NC_045512.2	15111	A	580
NC_045512.2	15112	G	595
NC_045512.2	15113	C	588
NC_045512.2	15114	T	594
NC_045512.2	15115	G	596
NC_045512.2	15116	G	602
NC_045512.2	15117	T	595
NC_045512.2	15118	G	612
NC_045512.2	15119	T	590
NC_045512.2	15120	C	623
NC_045512.2	15121	T	608
NC_045512.2	15122	C	628
NC_045512.2	15123	T	617
NC_045512.2	15124	A	625
NC_045512.2	15125	T	635
NC_045512.2	15126	C	658
NC_045512.2	15127	T	660
NC_045512.2	15128	G	676
NC_045512.2	15129	T	672
NC_045512.2	15130	A	674
NC_045512.2	15131	G	681
NC_045512.2	15132	T	669
NC_045512.2	15133	A	682
NC_045512.2	15134	C	684
NC_045512.2	15135	T	644
NC_045512.2	15136	A	681
NC_045512.2	15137	T	649
NC_045512.2	15138	G	661
NC_045512.2	15139	A	653
NC_045512.2	15140	C	675
NC_045512.2	15141	C	669
NC_045512.2	15142	A	667
NC_045512.2	15143	A	656
NC_045512.2	15144	T	657
NC_045512.2	15145	A	621
NC_045512.2	15146	G	658
NC_045512.2	15147	A	642
NC_045512.2	15148	C	618
NC_045512.2	15149	A	592
NC_045512.2	15150	G	597
NC_045512.2	15151	T	597
NC_045512.2	15152	T	582
NC_045512.2	15153	T	577
NC_045512.2	15154	C	578
NC_045512.2	15155	A	574
NC_045512.2	15156	T	578
NC_045512.2	15157	C	580
NC_045512.2	15158	A	574
NC_045512.2	15159	A	542
NC_045512.2	15160	A	544
NC_045512.2	15161	A	554
NC_045512.2	15162	A	539
NC_045512.2	15163	T	544
NC_045512.2	15164	T	517
NC_045512.2	15165	A	546
NC_045512.2	15166	T	551
NC_045512.2	15167	T	549
NC_045512.2	15168	G	543
NC_045512.2	15169	A	533
NC_045512.2	15170	A	534
NC_045512.2	15171	A	536
NC_045512.2	15172	T	534
NC_045512.2	15173	C	543
NC_045512.2	15174	A	556
NC_045512.2	15175	A	583
NC_045512.2	15176	T	560
NC_045512.2	15177	A	548
NC_045512.2	15178	G	578
NC_045512.2	15179	C	569
NC_045512.2	15180	C	576
NC_045512.2	15181	G	557
NC_045512.2	15182	C	579
NC_045512.2	15183	C	586
NC_045512.2	15184	A	584
NC_045512.2	15185	C	590
NC_045512.2	15186	T	590
NC_045512.2	15187	A	570
NC_045512.2	15188	G	596
NC_045512.2	15189	A	593
NC_045512.2	15190	G	624
NC_045512.2	15191	G	613
NC_045512.2	15192	A	600
NC_045512.2	15193	G	605
NC_045512.2	15194	C	601
NC_045512.2	15195	T	601
NC_045512.2	15196	A	600
NC_045512.2	15197	C	605
NC_045512.2	15198	T	607
NC_045512.2	15199	G	610
NC_045512.2	15200	T	617
NC_045512.2	15201	A	615
NC_045512.2	15202	G	620
NC_045512.2	15203	T	612
NC_045512.2	15204	A	606
NC_045512.2	15205	A	632
NC_045512.2	15206	T	598
NC_045512.2	15207	T	608
NC_045512.2	15208	G	586
NC_045512.2	15209	G	590
NC_045512.2	15210	A	595
NC_045512.2	15211	A	597
NC_045512.2	15212	C	602
NC_045512.2	15213	A	594
NC_045512.2	15214	A	597
NC_045512.2	15215	G	600
NC_045512.2	15216	C	625
NC_045512.2	15217	A	623
NC_045512.2	15218	A	621
NC_045512.2	15219	A	625
NC_045512.2	15220	T	631
NC_045512.2	15221	T	637
NC_045512.2	15222	C	652
NC_045512.2	15223	T	605
NC_045512.2	15224	A	634
NC_045512.2	15225	T	657
NC_045512.2	15226	G	653
NC_045512.2	15227	G	669
NC_045512.2	15228	T	639
NC_045512.2	15229	G	635
NC_045512.2	15230	G	640
NC_045512.2	15231	T	505
NC_045512.2	15232	T	630
NC_045512.2	15233	G	635
NC_045512.2	15234	G	633
NC_045512.2	15235	C	675
NC_045512.2	15236	A	660
NC_045512.2	15237	C	663
NC_045512.2	15238	A	636
NC_045512.2	15239	A	637
NC_045512.2	15240	C	658
NC_045512.2	15241	A	652
NC_045512.2	15242	T	645
NC_045512.2	15243	G	655
NC_045512.2	15244	T	652
NC_045512.2	15245	T	655
NC_045512.2	15246	A	656
NC_045512.2	15247	A	665
NC_045512.2	15248	A	667
NC_045512.2	15249	A	672
NC_045512.2	15250	A	661
NC_045512.2	15251	C	678
NC_045512.2	15252	T	687
NC_045512.2	15253	G	680
NC_045512.2	15254	T	525
NC_045512.2	15255	T	681
NC_045512.2	15256	T	666
NC_045512.2	15257	A	671
NC_045512.2	15258	T	679
NC_045512.2	15259	A	670
NC_045512.2	15260	G	679
NC_045512.2	15261	T	672
NC_045512.2	15262	G	653
NC_045512.2	15263	A	656
NC_045512.2	15264	T	644
NC_045512.2	15265	G	659
NC_045512.2	15266	T	645
NC_045512.2	15267	A	653
NC_045512.2	15268	G	655
NC_045512.2	15269	A	643
NC_045512.2	15270	A	643
NC_045512.2	15271	A	637
NC_045512.2	15272	A	635
NC_045512.2	15273	C	644
NC_045512.2	15274	C	630
NC_045512.2	15275	C	606
NC_045512.2	15276	T	561
NC_045512.2	15277	C	572
NC_045512.2	15278	A	562
NC_045512.2	15279	C	565
NC_045512.2	15280	C	569
NC_045512.2	15281	T	562
NC_045512.2	15282	T	540
NC_045512.2	15283	A	542
NC_045512.2	15284	T	551
NC_045512.2	15285	G	552
NC_045512.2	15286	G	549
NC_045512.2	15287	G	552
NC_045512.2	15288	T	504
NC_045512.2	15289	T	508
NC_045512.2	15290	G	501
NC_045512.2	15291	G	503
NC_045512.2	15292	G	506
NC_045512.2	15293	A	505
NC_045512.2	15294	T	496
NC_045512.2	15295	T	478
NC_045512.2	15296	A	470
NC_045512.2	15297	T	477
NC_045512.2	15298	C	470
NC_045512.2	15299	C	472
NC_045512.2	15300	T	437
NC_045512.2	15301	A	436
NC_045512.2	15302	A	434
NC_045512.2	15303	A	433
NC_045512.2	15304	T	439
NC_045512.2	15305	G	431
NC_045512.2	15306	T	379
NC_045512.2	15307	G	395
NC_045512.2	15308	A	394
NC_045512.2	15309	T	376
NC_045512.2	15310	A	384
NC_045512.2	15311	G	388
NC_045512.2	15312	A	376
NC_045512.2	15313	G	360
NC_045512.2	15314	C	366
NC_045512.2	15315	C	331
NC_045512.2	15316	A	329
NC_045512.2	15317	T	325
NC_045512.2	15318	G	322
NC_045512.2	15319	C	324
NC_045512.2	15320	C	308
NC_045512.2	15321	T	292
NC_045512.2	15322	A	267
NC_045512.2	15323	A	276
NC_045512.2	15324	C	274
NC_045512.2	15325	A	258
NC_045512.2	15326	T	241
NC_045512.2	15327	G	209
NC_045512.2	15328	C	203
NC_045512.2	15329	T	192
NC_045512.2	15330	T	202
NC_045512.2	15331	A	200
NC_045512.2	15332	G	201
NC_045512.2	15333	A	195
NC_045512.2	15334	A	197
NC_045512.2	15335	T	189
NC_045512.2	15336	T	141
NC_045512.2	15337	A	149
NC_045512.2	15338	T	146
NC_045512.2	15339	G	148
NC_045512.2	15340	G	143
NC_045512.2	15341	C	109
NC_045512.2	15342	C	103
NC_045512.2	15343	T	80
NC_045512.2	15344	C	81
NC_045512.2	15345	A	81
NC_045512.2	15346	C	81
NC_045512.2	15347	T	81
NC_045512.2	15348	T	64
NC_045512.2	15349	G	59
NC_045512.2	15350	T	42
NC_045512.2	15351	T	42
NC_045512.2	15352	C	37
NC_045512.2	15353	T	3
NC_045512.2	15354	T	2
NC_045512.2	15355	G	2
NC_045512.2	15356	C	2
NC_045512.2	15357	T	2
NC_045512.2	15358	C	2
NC_045512.2	15359	G	2
NC_045512.2	15360	C	2
NC_045512.2	15361	A	2
NC_045512.2	15362	A	2
NC_045512.2	15363	A	1
NC_045512.2	15364	C	2
NC_045512.2	15365	A	2
NC_045512.2	15366	T	2
NC_045512.2	15367	A	2
NC_045512.2	15368	C	2
NC_045512.2	15369	A	3
NC_045512.2	15370	A	3
NC_045512.2	15371	C	3
NC_045512.2	15372	G	3
NC_045512.2	15373	T	3
NC_045512.2	15374	G	3
NC_045512.2	15375	T	3
NC_045512.2	15376	T	3
NC_045512.2	15377	G	3
NC_045512.2	15378	T	3
NC_045512.2	15379	A	3
NC_045512.2	15380	G	3
NC_045512.2	15381	C	3
NC_045512.2	15382	T	3
NC_045512.2	15383	T	3
NC_045512.2	15384	G	3
NC_045512.2	15385	T	3
NC_045512.2	15386	C	3
NC_045512.2	15387	A	3
NC_045512.2	15388	C	3
NC_045512.2	15389	A	2
NC_045512.2	15390	C	3
NC_045512.2	15391	C	3
NC_045512.2	15392	G	3
NC_045512.2	15393	T	2
NC_045512.2	15394	T	3
NC_045512.2	15395	T	3
NC_045512.2	15396	C	3
NC_045512.2	15397	T	3
NC_045512.2	15398	A	3
NC_045512.2	15399	T	3
NC_045512.2	15400	A	3
NC_045512.2	15401	G	3
NC_045512.2	15402	A	3
NC_045512.2	15403	T	3
NC_045512.2	15404	T	3
NC_045512.2	15405	A	3
NC_045512.2	15406	G	3
NC_045512.2	15407	C	2
NC_045512.2	15408	T	2
NC_045512.2	15409	A	2
NC_045512.2	15410	A	2
NC_045512.2	15411	T	2
NC_045512.2	15412	G	2
NC_045512.2	15413	A	2
NC_045512.2	15414	G	2
NC_045512.2	15415	T	2
NC_045512.2	15416	G	2
NC_045512.2	15417	T	2
NC_045512.2	15418	G	2
NC_045512.2	15419	C	2
NC_045512.2	15420	T	2
NC_045512.2	15421	C	2
NC_045512.2	15422	A	2
NC_045512.2	15423	A	2
NC_045512.2	15424	G	2
NC_045512.2	15425	T	2
NC_045512.2	15426	A	2
NC_045512.2	15427	T	2
NC_045512.2	15428	T	2
NC_045512.2	15429	G	2
NC_045512.2	15430	A	2
NC_045512.2	15431	G	2
NC_045512.2	15432	T	2
NC_045512.2	15433	G	2
NC_045512.2	15434	A	2
NC_045512.2	15435	A	2
NC_045512.2	15436	A	2
NC_045512.2	15437	T	2
NC_045512.2	15438	G	2
NC_045512.2	15439	G	2
NC_045512.2	15440	T	2
NC_045512.2	15441	C	2
NC_045512.2	15442	A	2
NC_045512.2	15443	T	1
NC_045512.2	15444	G	3
NC_045512.2	15445	T	3
NC_045512.2	15446	G	3
NC_045512.2	15447	T	3
NC_045512.2	15448	G	3
NC_045512.2	15449	G	3
NC_045512.2	15450	C	3
NC_045512.2	15451	G	3
NC_045512.2	15452	G	3
NC_045512.2	15453	T	2
NC_045512.2	15454	T	5
NC_045512.2	15455	C	5
NC_045512.2	15456	A	4
NC_045512.2	15457	C	5
NC_045512.2	15458	T	5
NC_045512.2	15459	A	5
NC_045512.2	15460	T	5
NC_045512.2	15461	A	4
NC_045512.2	15462	T	6
NC_045512.2	15463	G	6
NC_045512.2	15464	T	6
NC_045512.2	15465	T	6
NC_045512.2	15466	A	5
NC_045512.2	15467	A	6
NC_045512.2	15468	A	6
NC_045512.2	15469	C	6
NC_045512.2	15470	C	5
NC_045512.2	15471	A	5
NC_045512.2	15472	G	5
NC_045512.2	15473	G	5
NC_045512.2	15474	T	5
NC_045512.2	15475	G	5
NC_045512.2	15476	G	5
NC_045512.2	15477	A	5
NC_045512.2	15478	A	5
NC_045512.2	15479	C	5
NC_045512.2	15480	C	5
NC_045512.2	15481	T	5
NC_045512.2	15482	C	5
NC_045512.2	15483	A	5
NC_045512.2	15484	T	5
NC_045512.2	15485	C	5
NC_045512.2	15486	A	5
NC_045512.2	15487	G	5
NC_045512.2	15488	G	5
NC_045512.2	15489	A	5
NC_045512.2	15490	G	5
NC_045512.2	15491	A	4
NC_045512.2	15492	T	4
NC_045512.2	15493	G	4
NC_045512.2	15494	C	4
NC_045512.2	15495	C	4
NC_045512.2	15496	A	4
NC_045512.2	15497	C	4
NC_045512.2	15498	A	4
NC_045512.2	15499	A	4
NC_045512.2	15500	C	4
NC_045512.2	15501	T	4
NC_045512.2	15502	G	4
NC_045512.2	15503	C	4
NC_045512.2	15504	T	4
NC_045512.2	15505	T	4
NC_045512.2	15506	A	4
NC_045512.2	15507	T	3
NC_045512.2	15508	G	4
NC_045512.2	15509	C	5
NC_045512.2	15510	T	5
NC_045512.2	15511	A	5
NC_045512.2	15512	A	5
NC_045512.2	15513	T	5
NC_045512.2	15514	A	6
NC_045512.2	15515	G	6
NC_045512.2	15516	T	6
NC_045512.2	15517	G	6
NC_045512.2	15518	T	5
NC_045512.2	15519	T	6
NC_045512.2	15520	T	6
NC_045512.2	15521	T	6
NC_045512.2	15522	T	5
NC_045512.2	15523	A	6
NC_045512.2	15524	A	6
NC_045512.2	15525	C	6
NC_045512.2	15526	A	6
NC_045512.2	15527	T	6
NC_045512.2	15528	T	5
NC_045512.2	15529	T	6
NC_045512.2	15530	G	6
NC_045512.2	15531	T	6
NC_045512.2	15532	C	6
NC_045512.2	15533	A	6
NC_045512.2	15534	A	6
NC_045512.2	15535	G	6
NC_045512.2	15536	C	6
NC_045512.2	15537	T	4
NC_045512.2	15538	G	10
NC_045512.2	15539	T	10
NC_045512.2	15540	C	10
NC_045512.2	15541	A	12
NC_045512.2	15542	C	95
NC_045512.2	15543	G	563
NC_045512.2	15544	G	1628
NC_045512.2	15545	C	1634
NC_045512.2	15546	C	1696
NC_045512.2	15547	A	1697
NC_045512.2	15548	A	2736
NC_045512.2	15549	T	3137
NC_045512.2	15550	G	3530
NC_045512.2	15551	T	3545
NC_045512.2	15552	T	3536
NC_045512.2	15553	A	3611
NC_045512.2	15554	A	3555
NC_045512.2	15555	T	3614
NC_045512.2	15556	G	3708
NC_045512.2	15557	C	3637
NC_045512.2	15558	A	3741
NC_045512.2	15559	C	4428
NC_045512.2	15560	T	4420
NC_045512.2	15561	T	5388
NC_045512.2	15562	T	5407
NC_045512.2	15563	T	5308
NC_045512.2	15564	A	5706
NC_045512.2	15565	T	5728
NC_045512.2	15566	C	5860
NC_045512.2	15567	T	5852
NC_045512.2	15568	A	6089
NC_045512.2	15569	C	6056
NC_045512.2	15570	T	6036
NC_045512.2	15571	G	6110
NC_045512.2	15572	A	6145
NC_045512.2	15573	T	6152
NC_045512.2	15574	G	6145
NC_045512.2	15575	G	6208
NC_045512.2	15576	T	6272
NC_045512.2	15577	A	6290
NC_045512.2	15578	A	6328
NC_045512.2	15579	C	6268
NC_045512.2	15580	A	5225
NC_045512.2	15581	A	6371
NC_045512.2	15582	A	6356
NC_045512.2	15583	A	6394
NC_045512.2	15584	T	6369
NC_045512.2	15585	T	6323
NC_045512.2	15586	G	6557
NC_045512.2	15587	C	6554
NC_045512.2	15588	C	6621
NC_045512.2	15589	G	6722
NC_045512.2	15590	A	6767
NC_045512.2	15591	T	6820
NC_045512.2	15592	A	6058
NC_045512.2	15593	A	6780
NC_045512.2	15594	G	7182
NC_045512.2	15595	T	7161
NC_045512.2	15596	A	7125
NC_045512.2	15597	T	7101
NC_045512.2	15598	G	7234
NC_045512.2	15599	T	7227
NC_045512.2	15600	C	7255
NC_045512.2	15601	C	7231
NC_045512.2	15602	G	7276
NC_045512.2	15603	C	7294
NC_045512.2	15604	A	7268
NC_045512.2	15605	A	7683
NC_045512.2	15606	T	7700
NC_045512.2	15607	T	8107
NC_045512.2	15608	T	8108
NC_045512.2	15609	A	8198
NC_045512.2	15610	C	8225
NC_045512.2	15611	A	8206
NC_045512.2	15612	A	8534
NC_045512.2	15613	C	8540
NC_045512.2	15614	A	8292
NC_045512.2	15615	C	8492
NC_045512.2	15616	A	8463
NC_045512.2	15617	G	10599
NC_045512.2	15618	A	10514
NC_045512.2	15619	C	11986
NC_045512.2	15620	T	11836
NC_045512.2	15621	T	11997
NC_045512.2	15622	T	12097
NC_045512.2	15623	A	11993
NC_045512.2	15624	T	12121
NC_045512.2	15625	G	12172
NC_045512.2	15626	A	11882
NC_045512.2	15627	G	12255
NC_045512.2	15628	T	12119
NC_045512.2	15629	G	12246
NC_045512.2	15630	T	11629
NC_045512.2	15631	C	12705
NC_045512.2	15632	T	12628
NC_045512.2	15633	C	12960
NC_045512.2	15634	T	12929
NC_045512.2	15635	A	12845
NC_045512.2	15636	T	13001
NC_045512.2	15637	A	11838
NC_045512.2	15638	G	13244
NC_045512.2	15639	A	13041
NC_045512.2	15640	A	13205
NC_045512.2	15641	A	13158
NC_045512.2	15642	T	13156
NC_045512.2	15643	A	12480
NC_045512.2	15644	G	12856
NC_045512.2	15645	A	11379
NC_045512.2	15646	G	13075
NC_045512.2	15647	A	11496
NC_045512.2	15648	T	13564
NC_045512.2	15649	G	13058
NC_045512.2	15650	T	12571
NC_045512.2	15651	T	12254
NC_045512.2	15652	G	12921
NC_045512.2	15653	A	12999
NC_045512.2	15654	C	13085
NC_045512.2	15655	A	12608
NC_045512.2	15656	C	13044
NC_045512.2	15657	A	12610
NC_045512.2	15658	G	12966
NC_045512.2	15659	A	12954
NC_045512.2	15660	C	11676
NC_045512.2	15661	T	11216
NC_045512.2	15662	T	11526
NC_045512.2	15663	T	11569
NC_045512.2	15664	G	11496
NC_045512.2	15665	T	11255
NC_045512.2	15666	G	11492
NC_045512.2	15667	A	11232
NC_045512.2	15668	A	11103
NC_045512.2	15669	T	11417
NC_045512.2	15670	G	11435
NC_045512.2	15671	A	10243
NC_045512.2	15672	G	11409
NC_045512.2	15673	T	11291
NC_045512.2	15674	T	11093
NC_045512.2	15675	T	11317
NC_045512.2	15676	T	10959
NC_045512.2	15677	A	11359
NC_045512.2	15678	C	11436
NC_045512.2	15679	G	11395
NC_045512.2	15680	C	11413
NC_045512.2	15681	A	11120
NC_045512.2	15682	T	11116
NC_045512.2	15683	A	11258
NC_045512.2	15684	T	10957
NC_045512.2	15685	T	11396
NC_045512.2	15686	T	11395
NC_045512.2	15687	G	11306
NC_045512.2	15688	C	11219
NC_045512.2	15689	G	11269
NC_045512.2	15690	T	11161
NC_045512.2	15691	A	11194
NC_045512.2	15692	A	11159
NC_045512.2	15693	A	10771
NC_045512.2	15694	C	12995
NC_045512.2	15695	A	12393
NC_045512.2	15696	T	12942
NC_045512.2	15697	T	12923
NC_045512.2	15698	T	12689
NC_045512.2	15699	C	13091
NC_045512.2	15700	T	13066
NC_045512.2	15701	C	13255
NC_045512.2	15702	A	12978
NC_045512.2	15703	A	13198
NC_045512.2	15704	T	13494
NC_045512.2	15705	G	13506
NC_045512.2	15706	A	12941
NC_045512.2	15707	T	13149
NC_045512.2	15708	G	12951
NC_045512.2	15709	A	12640
NC_045512.2	15710	T	12900
NC_045512.2	15711	A	12018
NC_045512.2	15712	C	12824
NC_045512.2	15713	T	11863
NC_045512.2	15714	C	11769
NC_045512.2	15715	T	11719
NC_045512.2	15716	C	10398
NC_045512.2	15717	T	10168
NC_045512.2	15718	G	10456
NC_045512.2	15719	A	10483
NC_045512.2	15720	C	9600
NC_045512.2	15721	G	9586
NC_045512.2	15722	A	10015
NC_045512.2	15723	T	9852
NC_045512.2	15724	G	10192
NC_045512.2	15725	C	9793
NC_045512.2	15726	T	9994
NC_045512.2	15727	G	10402
NC_045512.2	15728	T	10369
NC_045512.2	15729	T	10316
NC_045512.2	15730	G	10455
NC_045512.2	15731	T	10224
NC_045512.2	15732	G	10349
NC_045512.2	15733	T	10272
NC_045512.2	15734	G	10217
NC_045512.2	15735	T	10163
NC_045512.2	15736	T	10101
NC_045512.2	15737	T	10144
NC_045512.2	15738	C	10164
NC_045512.2	15739	A	10056
NC_045512.2	15740	A	10083
NC_045512.2	15741	T	9815
NC_045512.2	15742	A	9103
NC_045512.2	15743	G	10092
NC_045512.2	15744	C	10531
NC_045512.2	15745	A	10533
NC_045512.2	15746	C	9773
NC_045512.2	15747	T	9773
NC_045512.2	15748	T	9999
NC_045512.2	15749	A	9502
NC_045512.2	15750	T	9473
NC_045512.2	15751	G	9454
NC_045512.2	15752	C	9080
NC_045512.2	15753	A	9320
NC_045512.2	15754	T	8755
NC_045512.2	15755	C	9534
NC_045512.2	15756	T	9510
NC_045512.2	15757	C	9772
NC_045512.2	15758	A	9929
NC_045512.2	15759	A	9958
NC_045512.2	15760	G	10013
NC_045512.2	15761	G	10678
NC_045512.2	15762	T	9991
NC_045512.2	15763	C	11054
NC_045512.2	15764	T	10984
NC_045512.2	15765	A	11017
NC_045512.2	15766	G	11085
NC_045512.2	15767	T	11257
NC_045512.2	15768	G	11384
NC_045512.2	15769	G	11282
NC_045512.2	15770	C	10865
NC_045512.2	15771	T	10850
NC_045512.2	15772	A	10838
NC_045512.2	15773	G	10755
NC_045512.2	15774	C	12194
NC_045512.2	15775	A	12304
NC_045512.2	15776	T	12076
NC_045512.2	15777	A	11899
NC_045512.2	15778	A	12072
NC_045512.2	15779	A	11925
NC_045512.2	15780	G	12013
NC_045512.2	15781	A	11011
NC_045512.2	15782	A	11373
NC_045512.2	15783	C	11587
NC_045512.2	15784	T	11340
NC_045512.2	15785	T	11489
NC_045512.2	15786	T	11512
NC_045512.2	15787	A	11453
NC_045512.2	15788	A	11332
NC_045512.2	15789	G	11554
NC_045512.2	15790	T	11494
NC_045512.2	15791	C	11545
NC_045512.2	15792	A	11049
NC_045512.2	15793	G	11258
NC_045512.2	15794	T	11271
NC_045512.2	15795	T	11374
NC_045512.2	15796	C	11631
NC_045512.2	15797	T	11130
NC_045512.2	15798	T	11532
NC_045512.2	15799	T	10686
NC_045512.2	15800	A	11389
NC_045512.2	15801	T	11619
NC_045512.2	15802	T	10095
NC_045512.2	15803	A	11152
NC_045512.2	15804	T	12038
NC_045512.2	15805	C	12051
NC_045512.2	15806	A	12147
NC_045512.2	15807	A	12070
NC_045512.2	15808	A	12131
NC_045512.2	15809	A	12224
NC_045512.2	15810	C	12295
NC_045512.2	15811	A	12132
NC_045512.2	15812	A	11981
NC_045512.2	15813	T	11868
NC_045512.2	15814	G	12248
NC_045512.2	15815	T	12429
NC_045512.2	15816	T	12805
NC_045512.2	15817	T	12696
NC_045512.2	15818	T	12963
NC_045512.2	15819	T	12419
NC_045512.2	15820	A	13149
NC_045512.2	15821	T	13073
NC_045512.2	15822	G	13443
NC_045512.2	15823	T	12517
NC_045512.2	15824	C	13423
NC_045512.2	15825	T	13643
NC_045512.2	15826	G	13788
NC_045512.2	15827	A	14056
NC_045512.2	15828	A	14056
NC_045512.2	15829	G	14071
NC_045512.2	15830	C	14834
NC_045512.2	15831	A	14622
NC_045512.2	15832	A	14727
NC_045512.2	15833	A	14706
NC_045512.2	15834	A	14878
NC_045512.2	15835	T	15080
NC_045512.2	15836	G	16374
NC_045512.2	15837	T	16118
NC_045512.2	15838	T	16124
NC_045512.2	15839	G	16065
NC_045512.2	15840	G	16421
NC_045512.2	15841	A	16168
NC_045512.2	15842	C	16405
NC_045512.2	15843	T	15979
NC_045512.2	15844	G	16018
NC_045512.2	15845	A	15986
NC_045512.2	15846	G	16025
NC_045512.2	15847	A	15763
NC_045512.2	15848	C	15988
NC_045512.2	15849	T	15397
NC_045512.2	15850	G	15662
NC_045512.2	15851	A	15575
NC_045512.2	15852	C	15570
NC_045512.2	15853	C	15528
NC_045512.2	15854	T	14874
NC_045512.2	15855	T	14948
NC_045512.2	15856	A	14618
NC_045512.2	15857	C	15003
NC_045512.2	15858	T	14659
NC_045512.2	15859	A	14208
NC_045512.2	15860	A	13930
NC_045512.2	15861	A	13884
NC_045512.2	15862	G	13876
NC_045512.2	15863	G	14017
NC_045512.2	15864	A	13285
NC_045512.2	15865	C	13367
NC_045512.2	15866	C	13230
NC_045512.2	15867	T	13064
NC_045512.2	15868	C	13308
NC_045512.2	15869	A	13290
NC_045512.2	15870	T	13138
NC_045512.2	15871	G	13287
NC_045512.2	15872	A	13089
NC_045512.2	15873	A	13261
NC_045512.2	15874	T	13138
NC_045512.2	15875	T	9850
NC_045512.2	15876	T	11080
NC_045512.2	15877	T	10933
NC_045512.2	15878	G	11141
NC_045512.2	15879	C	11192
NC_045512.2	15880	T	9533
NC_045512.2	15881	C	11381
NC_045512.2	15882	T	11306
NC_045512.2	15883	C	11490
NC_045512.2	15884	A	11277
NC_045512.2	15885	A	11514
NC_045512.2	15886	C	11607
NC_045512.2	15887	A	11538
NC_045512.2	15888	T	11735
NC_045512.2	15889	A	10861
NC_045512.2	15890	C	11686
NC_045512.2	15891	A	11386
NC_045512.2	15892	A	11248
NC_045512.2	15893	T	11250
NC_045512.2	15894	G	10950
NC_045512.2	15895	C	10910
NC_045512.2	15896	T	10302
NC_045512.2	15897	A	10788
NC_045512.2	15898	G	10829
NC_045512.2	15899	T	10570
NC_045512.2	15900	T	10767
NC_045512.2	15901	A	10451
NC_045512.2	15902	A	10326
NC_045512.2	15903	A	10382
NC_045512.2	15904	C	10501
NC_045512.2	15905	A	9325
NC_045512.2	15906	G	9405
NC_045512.2	15907	G	9142
NC_045512.2	15908	G	9190
NC_045512.2	15909	T	8934
NC_045512.2	15910	G	9067
NC_045512.2	15911	A	8962
NC_045512.2	15912	T	9051
NC_045512.2	15913	G	9136
NC_045512.2	15914	A	9085
NC_045512.2	15915	T	8511
NC_045512.2	15916	T	8234
NC_045512.2	15917	A	8263
NC_045512.2	15918	T	8253
NC_045512.2	15919	G	8340
NC_045512.2	15920	T	7797
NC_045512.2	15921	G	7864
NC_045512.2	15922	T	7435
NC_045512.2	15923	A	7289
NC_045512.2	15924	C	7341
NC_045512.2	15925	C	6866
NC_045512.2	15926	T	6278
NC_045512.2	15927	T	6490
NC_045512.2	15928	C	6277
NC_045512.2	15929	C	6009
NC_045512.2	15930	T	5245
NC_045512.2	15931	T	5235
NC_045512.2	15932	A	5289
NC_045512.2	15933	C	5378
NC_045512.2	15934	C	5253
NC_045512.2	15935	C	4899
NC_045512.2	15936	A	3252
NC_045512.2	15937	G	3577
NC_045512.2	15938	A	3515
NC_045512.2	15939	T	3639
NC_045512.2	15940	C	3621
NC_045512.2	15941	C	3686
NC_045512.2	15942	A	3686
NC_045512.2	15943	T	3679
NC_045512.2	15944	C	3734
NC_045512.2	15945	A	3738
NC_045512.2	15946	A	3665
NC_045512.2	15947	G	3734
NC_045512.2	15948	A	3432
NC_045512.2	15949	A	3721
NC_045512.2	15950	T	3762
NC_045512.2	15951	C	3796
NC_045512.2	15952	C	3791
NC_045512.2	15953	T	3785
NC_045512.2	15954	A	3735
NC_045512.2	15955	G	3798
NC_045512.2	15956	G	3791
NC_045512.2	15957	G	3819
NC_045512.2	15958	G	3817
NC_045512.2	15959	C	3797
NC_045512.2	15960	C	3822
NC_045512.2	15961	G	3823
NC_045512.2	15962	G	3804
NC_045512.2	15963	C	3697
NC_045512.2	15964	T	3466
NC_045512.2	15965	G	3758
NC_045512.2	15966	T	3730
NC_045512.2	15967	T	3713
NC_045512.2	15968	T	3767
NC_045512.2	15969	T	3640
NC_045512.2	15970	G	3703
NC_045512.2	15971	T	3666
NC_045512.2	15972	A	3640
NC_045512.2	15973	G	3716
NC_045512.2	15974	A	3467
NC_045512.2	15975	T	3643
NC_045512.2	15976	G	3664
NC_045512.2	15977	A	3637
NC_045512.2	15978	T	3631
NC_045512.2	15979	A	3446
NC_045512.2	15980	T	3622
NC_045512.2	15981	C	3539
NC_045512.2	15982	G	3534
NC_045512.2	15983	T	3526
NC_045512.2	15984	A	3290
NC_045512.2	15985	A	3389
NC_045512.2	15986	A	2453
NC_045512.2	15987	A	3308
NC_045512.2	15988	A	3050
NC_045512.2	15989	C	3156
NC_045512.2	15990	A	3066
NC_045512.2	15991	G	3120
NC_045512.2	15992	A	3080
NC_045512.2	15993	T	3036
NC_045512.2	15994	G	3046
NC_045512.2	15995	G	3050
NC_045512.2	15996	T	3040
NC_045512.2	15997	A	2925
NC_045512.2	15998	C	2787
NC_045512.2	15999	A	2780
NC_045512.2	16000	C	2781
NC_045512.2	16001	T	2745
NC_045512.2	16002	T	2703
NC_045512.2	16003	A	2718
NC_045512.2	16004	T	2724
NC_045512.2	16005	G	2717
NC_045512.2	16006	A	2727
NC_045512.2	16007	T	2568
NC_045512.2	16008	T	2505
NC_045512.2	16009	G	2541
NC_045512.2	16010	A	2474
NC_045512.2	16011	A	2497
NC_045512.2	16012	C	2479
NC_045512.2	16013	G	2458
NC_045512.2	16014	G	2421
NC_045512.2	16015	T	2279
NC_045512.2	16016	T	2392
NC_045512.2	16017	C	2296
NC_045512.2	16018	G	2293
NC_045512.2	16019	T	2268
NC_045512.2	16020	G	2275
NC_045512.2	16021	T	2192
NC_045512.2	16022	C	2227
NC_045512.2	16023	T	2400
NC_045512.2	16024	T	2348
NC_045512.2	16025	T	2172
NC_045512.2	16026	A	2190
NC_045512.2	16027	G	2201
NC_045512.2	16028	C	1916
NC_045512.2	16029	T	2038
NC_045512.2	16030	A	2112
NC_045512.2	16031	T	2108
NC_045512.2	16032	A	2024
NC_045512.2	16033	G	1983
NC_045512.2	16034	A	1905
NC_045512.2	16035	T	2033
NC_045512.2	16036	G	2057
NC_045512.2	16037	C	1864
NC_045512.2	16038	T	1854
NC_045512.2	16039	T	1891
NC_045512.2	16040	A	1848
NC_045512.2	16041	C	1855
NC_045512.2	16042	C	1874
NC_045512.2	16043	C	1943
NC_045512.2	16044	A	2002
NC_045512.2	16045	C	2092
NC_045512.2	16046	T	2069
NC_045512.2	16047	T	2092
NC_045512.2	16048	A	2102
NC_045512.2	16049	C	2103
NC_045512.2	16050	T	2077
NC_045512.2	16051	A	2173
NC_045512.2	16052	A	2121
NC_045512.2	16053	A	2203
NC_045512.2	16054	C	2322
NC_045512.2	16055	A	2270
NC_045512.2	16056	T	2302
NC_045512.2	16057	C	2371
NC_045512.2	16058	C	2385
NC_045512.2	16059	T	2459
NC_045512.2	16060	A	2596
NC_045512.2	16061	A	2606
NC_045512.2	16062	T	2635
NC_045512.2	16063	C	2628
NC_045512.2	16064	A	2602
NC_045512.2	16065	G	2699
NC_045512.2	16066	G	2704
NC_045512.2	16067	A	2725
NC_045512.2	16068	G	2729
NC_045512.2	16069	T	2604
NC_045512.2	16070	A	2634
NC_045512.2	16071	T	2661
NC_045512.2	16072	G	2641
NC_045512.2	16073	C	2683
NC_045512.2	16074	T	2577
NC_045512.2	16075	G	2602
NC_045512.2	16076	A	2660
NC_045512.2	16077	T	2588
NC_045512.2	16078	G	2660
NC_045512.2	16079	T	1697
NC_045512.2	16080	C	2576
NC_045512.2	16081	T	2539
NC_045512.2	16082	T	2526
NC_045512.2	16083	T	2573
NC_045512.2	16084	C	2582
NC_045512.2	16085	A	2590
NC_045512.2	16086	T	2358
NC_045512.2	16087	T	2590
NC_045512.2	16088	T	2561
NC_045512.2	16089	G	2579
NC_045512.2	16090	T	2642
NC_045512.2	16091	A	2677
NC_045512.2	16092	C	2699
NC_045512.2	16093	T	2675
NC_045512.2	16094	T	2680
NC_045512.2	16095	A	2718
NC_045512.2	16096	C	2725
NC_045512.2	16097	A	2711
NC_045512.2	16098	A	2756
NC_045512.2	16099	T	2755
NC_045512.2	16100	A	2740
NC_045512.2	16101	C	2787
NC_045512.2	16102	A	2763
NC_045512.2	16103	T	2767
NC_045512.2	16104	A	2780
NC_045512.2	16105	A	2755
NC_045512.2	16106	G	2755
NC_045512.2	16107	A	2692
NC_045512.2	16108	A	2724
NC_045512.2	16109	A	2687
NC_045512.2	16110	G	2725
NC_045512.2	16111	C	2726
NC_045512.2	16112	T	2729
NC_045512.2	16113	A	2690
NC_045512.2	16114	C	2672
NC_045512.2	16115	A	2832
NC_045512.2	16116	T	2827
NC_045512.2	16117	G	2821
NC_045512.2	16118	A	2953
NC_045512.2	16119	T	3112
NC_045512.2	16120	G	3270
NC_045512.2	16121	A	3375
NC_045512.2	16122	G	3518
NC_045512.2	16123	T	3119
NC_045512.2	16124	T	3351
NC_045512.2	16125	A	3557
NC_045512.2	16126	A	3500
NC_045512.2	16127	C	3593
NC_045512.2	16128	A	3531
NC_045512.2	16129	G	3720
NC_045512.2	16130	G	4120
NC_045512.2	16131	A	4087
NC_045512.2	16132	C	4122
NC_045512.2	16133	A	4053
NC_045512.2	16134	C	4704
NC_045512.2	16135	A	4770
NC_045512.2	16136	T	5027
NC_045512.2	16137	G	5254
NC_045512.2	16138	T	5124
NC_045512.2	16139	T	5235
NC_045512.2	16140	A	5090
NC_045512.2	16141	G	5286
NC_045512.2	16142	A	5084
NC_045512.2	16143	C	5317
NC_045512.2	16144	A	5185
NC_045512.2	16145	T	5219
NC_045512.2	16146	G	5331
NC_045512.2	16147	T	5352
NC_045512.2	16148	A	5569
NC_045512.2	16149	T	5688
NC_045512.2	16150	T	5671
NC_045512.2	16151	C	5831
NC_045512.2	16152	T	5619
NC_045512.2	16153	G	5804
NC_045512.2	16154	T	5770
NC_045512.2	16155	T	5649
NC_045512.2	16156	A	5416
NC_045512.2	16157	T	5648
NC_045512.2	16158	G	5652
NC_045512.2	16159	C	5645
NC_045512.2	16160	T	5532
NC_045512.2	16161	T	5520
NC_045512.2	16162	A	5407
NC_045512.2	16163	C	5488
NC_045512.2	16164	T	5421
NC_045512.2	16165	A	5454
NC_045512.2	16166	A	5450
NC_045512.2	16167	T	5363
NC_045512.2	16168	G	5510
NC_045512.2	16169	A	5532
NC_045512.2	16170	T	5351
NC_045512.2	16171	A	5371
NC_045512.2	16172	A	5486
NC_045512.2	16173	C	5586
NC_045512.2	16174	A	5535
NC_045512.2	16175	C	5632
NC_045512.2	16176	T	5228
NC_045512.2	16177	T	5483
NC_045512.2	16178	C	5568
NC_045512.2	16179	A	5510
NC_045512.2	16180	A	5406
NC_045512.2	16181	G	5568
NC_045512.2	16182	G	5614
NC_045512.2	16183	T	5321
NC_045512.2	16184	A	5459
NC_045512.2	16185	T	5529
NC_045512.2	16186	T	5503
NC_045512.2	16187	G	5547
NC_045512.2	16188	G	5523
NC_045512.2	16189	G	5544
NC_045512.2	16190	A	5510
NC_045512.2	16191	A	5305
NC_045512.2	16192	C	5450
NC_045512.2	16193	C	5417
NC_045512.2	16194	T	5348
NC_045512.2	16195	G	5445
NC_045512.2	16196	A	5398
NC_045512.2	16197	G	5451
NC_045512.2	16198	T	5404
NC_045512.2	16199	T	5229
NC_045512.2	16200	T	5463
NC_045512.2	16201	T	5381
NC_045512.2	16202	A	5377
NC_045512.2	16203	T	5465
NC_045512.2	16204	G	5447
NC_045512.2	16205	A	5365
NC_045512.2	16206	G	5454
NC_045512.2	16207	G	5566
NC_045512.2	16208	C	5584
NC_045512.2	16209	T	5540
NC_045512.2	16210	A	5798
NC_045512.2	16211	T	5784
NC_045512.2	16212	G	5866
NC_045512.2	16213	T	5748
NC_045512.2	16214	A	5861
NC_045512.2	16215	C	5851
NC_045512.2	16216	A	5574
NC_045512.2	16217	C	5642
NC_045512.2	16218	A	5371
NC_045512.2	16219	C	5432
NC_045512.2	16220	C	4989
NC_045512.2	16221	G	4960
NC_045512.2	16222	C	4864
NC_045512.2	16223	A	4859
NC_045512.2	16224	T	4817
NC_045512.2	16225	A	4801
NC_045512.2	16226	C	4830
NC_045512.2	16227	A	4215
NC_045512.2	16228	G	4426
NC_045512.2	16229	T	4099
NC_045512.2	16230	C	4175
NC_045512.2	16231	T	4100
NC_045512.2	16232	T	4079
NC_045512.2	16233	A	4064
NC_045512.2	16234	C	3718
NC_045512.2	16235	A	3534
NC_045512.2	16236	G	3578
NC_045512.2	16237	G	3150
NC_045512.2	16238	C	3132
NC_045512.2	16239	T	2929
NC_045512.2	16240	G	3120
NC_045512.2	16241	T	3054
NC_045512.2	16242	T	3107
NC_045512.2	16243	G	3124
NC_045512.2	16244	G	3099
NC_045512.2	16245	G	3062
NC_045512.2	16246	G	3061
NC_045512.2	16247	C	2775
NC_045512.2	16248	T	2779
NC_045512.2	16249	T	2468
NC_045512.2	16250	G	2473
NC_045512.2	16251	T	2424
NC_045512.2	16252	G	2361
NC_045512.2	16253	T	2336
NC_045512.2	16254	T	2149
NC_045512.2	16255	C	2228
NC_045512.2	16256	T	2172
NC_045512.2	16257	T	2212
NC_045512.2	16258	T	2214
NC_045512.2	16259	G	2216
NC_045512.2	16260	C	2218
NC_045512.2	16261	A	2213
NC_045512.2	16262	A	2236
NC_045512.2	16263	T	2238
NC_045512.2	16264	T	2225
NC_045512.2	16265	C	2226
NC_045512.2	16266	A	2230
NC_045512.2	16267	C	2210
NC_045512.2	16268	A	2181
NC_045512.2	16269	G	2211
NC_045512.2	16270	A	2209
NC_045512.2	16271	C	2235
NC_045512.2	16272	T	2214
NC_045512.2	16273	T	2242
NC_045512.2	16274	C	2192
NC_045512.2	16275	A	2194
NC_045512.2	16276	T	2190
NC_045512.2	16277	T	2186
NC_045512.2	16278	A	2165
NC_045512.2	16279	A	2126
NC_045512.2	16280	G	2215
NC_045512.2	16281	A	2171
NC_045512.2	16282	T	2183
NC_045512.2	16283	G	2163
NC_045512.2	16284	T	2122
NC_045512.2	16285	G	2137
NC_045512.2	16286	G	2142
NC_045512.2	16287	T	2121
NC_045512.2	16288	G	2140
NC_045512.2	16289	C	2137
NC_045512.2	16290	T	2142
NC_045512.2	16291	T	2157
NC_045512.2	16292	G	2160
NC_045512.2	16293	C	2148
NC_045512.2	16294	A	2151
NC_045512.2	16295	T	2127
NC_045512.2	16296	A	2095
NC_045512.2	16297	C	2099
NC_045512.2	16298	G	2097
NC_045512.2	16299	T	2157
NC_045512.2	16300	A	2131
NC_045512.2	16301	G	2117
NC_045512.2	16302	A	2106
NC_045512.2	16303	C	2130
NC_045512.2	16304	C	2061
NC_045512.2	16305	A	2057
NC_045512.2	16306	T	2049
NC_045512.2	16307	T	1987
NC_045512.2	16308	C	1857
NC_045512.2	16309	T	1847
NC_045512.2	16310	T	1828
NC_045512.2	16311	A	1720
NC_045512.2	16312	T	1695
NC_045512.2	16313	G	1673
NC_045512.2	16314	T	1722
NC_045512.2	16315	T	1619
NC_045512.2	16316	G	1812
NC_045512.2	16317	T	1779
NC_045512.2	16318	A	1766
NC_045512.2	16319	A	1785
NC_045512.2	16320	A	1755
NC_045512.2	16321	T	1775
NC_045512.2	16322	G	1745
NC_045512.2	16323	C	1722
NC_045512.2	16324	T	1641
NC_045512.2	16325	G	1770
NC_045512.2	16326	T	1757
NC_045512.2	16327	T	1756
NC_045512.2	16328	A	1752
NC_045512.2	16329	C	1637
NC_045512.2	16330	G	1643
NC_045512.2	16331	A	1654
NC_045512.2	16332	C	1662
NC_045512.2	16333	C	1659
NC_045512.2	16334	A	1606
NC_045512.2	16335	T	1645
NC_045512.2	16336	G	1718
NC_045512.2	16337	T	1636
NC_045512.2	16338	C	1700
NC_045512.2	16339	A	1692
NC_045512.2	16340	T	1700
NC_045512.2	16341	A	1636
NC_045512.2	16342	T	1648
NC_045512.2	16343	C	1735
NC_045512.2	16344	A	1709
NC_045512.2	16345	A	1626
NC_045512.2	16346	C	1681
NC_045512.2	16347	A	1643
NC_045512.2	16348	T	1682
NC_045512.2	16349	C	1693
NC_045512.2	16350	A	1696
NC_045512.2	16351	C	1796
NC_045512.2	16352	A	1801
NC_045512.2	16353	T	1792
NC_045512.2	16354	A	1795
NC_045512.2	16355	A	1813
NC_045512.2	16356	A	1753
NC_045512.2	16357	T	1860
NC_045512.2	16358	T	1842
NC_045512.2	16359	A	1818
NC_045512.2	16360	G	1851
NC_045512.2	16361	T	1742
NC_045512.2	16362	C	1845
NC_045512.2	16363	T	1828
NC_045512.2	16364	T	1770
NC_045512.2	16365	G	1767
NC_045512.2	16366	T	1884
NC_045512.2	16367	C	1889
NC_045512.2	16368	T	1874
NC_045512.2	16369	G	1876
NC_045512.2	16370	T	1946
NC_045512.2	16371	T	2004
NC_045512.2	16372	A	1983
NC_045512.2	16373	A	2015
NC_045512.2	16374	T	1990
NC_045512.2	16375	C	2089
NC_045512.2	16376	C	2073
NC_045512.2	16377	G	2073
NC_045512.2	16378	T	1943
NC_045512.2	16379	A	2069
NC_045512.2	16380	T	2097
NC_045512.2	16381	G	2109
NC_045512.2	16382	T	1343
NC_045512.2	16383	T	1940
NC_045512.2	16384	T	1946
NC_045512.2	16385	G	1963
NC_045512.2	16386	C	2029
NC_045512.2	16387	A	2040
NC_045512.2	16388	A	2044
NC_045512.2	16389	T	2054
NC_045512.2	16390	G	2093
NC_045512.2	16391	C	2164
NC_045512.2	16392	T	2159
NC_045512.2	16393	C	2385
NC_045512.2	16394	C	2378
NC_045512.2	16395	A	2391
NC_045512.2	16396	G	2446
NC_045512.2	16397	G	2740
NC_045512.2	16398	T	2814
NC_045512.2	16399	T	2846
NC_045512.2	16400	G	2868
NC_045512.2	16401	T	2833
NC_045512.2	16402	G	2886
NC_045512.2	16403	A	2910
NC_045512.2	16404	T	2851
NC_045512.2	16405	G	3013
NC_045512.2	16406	T	3064
NC_045512.2	16407	C	3087
NC_045512.2	16408	A	3031
NC_045512.2	16409	C	3097
NC_045512.2	16410	A	3082
NC_045512.2	16411	G	3123
NC_045512.2	16412	A	3119
NC_045512.2	16413	T	3010
NC_045512.2	16414	G	3134
NC_045512.2	16415	T	2955
NC_045512.2	16416	G	3063
NC_045512.2	16417	A	3044
NC_045512.2	16418	C	3109
NC_045512.2	16419	T	3112
NC_045512.2	16420	C	3071
NC_045512.2	16421	A	2984
NC_045512.2	16422	A	3085
NC_045512.2	16423	C	3113
NC_045512.2	16424	T	3074
NC_045512.2	16425	T	3080
NC_045512.2	16426	T	3044
NC_045512.2	16427	A	3072
NC_045512.2	16428	C	3097
NC_045512.2	16429	T	3073
NC_045512.2	16430	T	2982
NC_045512.2	16431	A	2980
NC_045512.2	16432	G	2995
NC_045512.2	16433	G	3008
NC_045512.2	16434	A	2974
NC_045512.2	16435	G	3003
NC_045512.2	16436	G	2995
NC_045512.2	16437	T	2967
NC_045512.2	16438	A	2947
NC_045512.2	16439	T	2958
NC_045512.2	16440	G	2978
NC_045512.2	16441	A	2930
NC_045512.2	16442	G	2944
NC_045512.2	16443	C	2985
NC_045512.2	16444	T	2653
NC_045512.2	16445	A	2766
NC_045512.2	16446	T	2753
NC_045512.2	16447	T	2673
NC_045512.2	16448	A	2775
NC_045512.2	16449	T	2766
NC_045512.2	16450	T	2687
NC_045512.2	16451	G	2708
NC_045512.2	16452	T	2603
NC_045512.2	16453	A	2599
NC_045512.2	16454	A	2589
NC_045512.2	16455	A	2444
NC_045512.2	16456	T	2600
NC_045512.2	16457	C	2556
NC_045512.2	16458	A	2545
NC_045512.2	16459	C	2574
NC_045512.2	16460	A	2569
NC_045512.2	16461	T	2556
NC_045512.2	16462	A	2562
NC_045512.2	16463	A	2563
NC_045512.2	16464	A	2285
NC_045512.2	16465	C	2564
NC_045512.2	16466	C	2502
NC_045512.2	16467	A	2444
NC_045512.2	16468	C	2452
NC_045512.2	16469	C	2441
NC_045512.2	16470	C	2431
NC_045512.2	16471	A	2318
NC_045512.2	16472	T	2200
NC_045512.2	16473	T	2238
NC_045512.2	16474	A	2235
NC_045512.2	16475	G	2293
NC_045512.2	16476	T	2070
NC_045512.2	16477	T	2161
NC_045512.2	16478	T	2163
NC_045512.2	16479	T	2129
NC_045512.2	16480	C	2113
NC_045512.2	16481	C	2073
NC_045512.2	16482	A	2042
NC_045512.2	16483	T	2098
NC_045512.2	16484	T	1870
NC_045512.2	16485	G	1914
NC_045512.2	16486	T	1815
NC_045512.2	16487	G	1853
NC_045512.2	16488	T	1826
NC_045512.2	16489	G	1823
NC_045512.2	16490	C	1817
NC_045512.2	16491	T	1743
NC_045512.2	16492	A	1683
NC_045512.2	16493	A	1691
NC_045512.2	16494	T	1460
NC_045512.2	16495	G	1548
NC_045512.2	16496	G	1245
NC_045512.2	16497	A	1201
NC_045512.2	16498	C	1159
NC_045512.2	16499	A	1013
NC_045512.2	16500	A	1044
NC_045512.2	16501	G	1118
NC_045512.2	16502	T	1062
NC_045512.2	16503	T	1052
NC_045512.2	16504	T	1049
NC_045512.2	16505	T	1041
NC_045512.2	16506	T	994
NC_045512.2	16507	G	949
NC_045512.2	16508	G	960
NC_045512.2	16509	T	937
NC_045512.2	16510	T	951
NC_045512.2	16511	T	955
NC_045512.2	16512	A	958
NC_045512.2	16513	T	949
NC_045512.2	16514	A	948
NC_045512.2	16515	T	963
NC_045512.2	16516	A	957
NC_045512.2	16517	A	963
NC_045512.2	16518	A	840
NC_045512.2	16519	A	952
NC_045512.2	16520	A	959
NC_045512.2	16521	T	919
NC_045512.2	16522	A	928
NC_045512.2	16523	C	922
NC_045512.2	16524	A	915
NC_045512.2	16525	T	934
NC_045512.2	16526	G	943
NC_045512.2	16527	T	940
NC_045512.2	16528	G	940
NC_045512.2	16529	T	927
NC_045512.2	16530	T	940
NC_045512.2	16531	G	935
NC_045512.2	16532	G	936
NC_045512.2	16533	T	934
NC_045512.2	16534	A	915
NC_045512.2	16535	G	959
NC_045512.2	16536	C	911
NC_045512.2	16537	G	916
NC_045512.2	16538	A	913
NC_045512.2	16539	T	911
NC_045512.2	16540	A	831
NC_045512.2	16541	A	916
NC_045512.2	16542	T	911
NC_045512.2	16543	G	932
NC_045512.2	16544	T	915
NC_045512.2	16545	T	917
NC_045512.2	16546	A	876
NC_045512.2	16547	C	889
NC_045512.2	16548	T	884
NC_045512.2	16549	G	886
NC_045512.2	16550	A	890
NC_045512.2	16551	C	922
NC_045512.2	16552	T	913
NC_045512.2	16553	T	888
NC_045512.2	16554	T	888
NC_045512.2	16555	A	907
NC_045512.2	16556	A	912
NC_045512.2	16557	T	902
NC_045512.2	16558	G	894
NC_045512.2	16559	C	869
NC_045512.2	16560	A	868
NC_045512.2	16561	A	865
NC_045512.2	16562	T	873
NC_045512.2	16563	T	868
NC_045512.2	16564	G	882
NC_045512.2	16565	C	878
NC_045512.2	16566	A	885
NC_045512.2	16567	A	907
NC_045512.2	16568	C	886
NC_045512.2	16569	A	884
NC_045512.2	16570	T	867
NC_045512.2	16571	G	876
NC_045512.2	16572	T	874
NC_045512.2	16573	G	885
NC_045512.2	16574	A	884
NC_045512.2	16575	C	833
NC_045512.2	16576	T	820
NC_045512.2	16577	G	833
NC_045512.2	16578	G	835
NC_045512.2	16579	A	837
NC_045512.2	16580	C	835
NC_045512.2	16581	A	821
NC_045512.2	16582	A	828
NC_045512.2	16583	A	821
NC_045512.2	16584	T	823
NC_045512.2	16585	G	840
NC_045512.2	16586	C	844
NC_045512.2	16587	T	844
NC_045512.2	16588	G	857
NC_045512.2	16589	G	862
NC_045512.2	16590	T	863
NC_045512.2	16591	G	869
NC_045512.2	16592	A	860
NC_045512.2	16593	T	865
NC_045512.2	16594	T	915
NC_045512.2	16595	A	882
NC_045512.2	16596	C	898
NC_045512.2	16597	A	900
NC_045512.2	16598	T	899
NC_045512.2	16599	T	901
NC_045512.2	16600	T	903
NC_045512.2	16601	T	873
NC_045512.2	16602	A	874
NC_045512.2	16603	G	886
NC_045512.2	16604	C	894
NC_045512.2	16605	T	905
NC_045512.2	16606	A	928
NC_045512.2	16607	A	920
NC_045512.2	16608	C	975
NC_045512.2	16609	A	955
NC_045512.2	16610	C	994
NC_045512.2	16611	C	968
NC_045512.2	16612	T	969
NC_045512.2	16613	G	990
NC_045512.2	16614	T	1005
NC_045512.2	16615	A	1002
NC_045512.2	16616	C	1019
NC_045512.2	16617	T	962
NC_045512.2	16618	G	963
NC_045512.2	16619	A	981
NC_045512.2	16620	A	970
NC_045512.2	16621	A	976
NC_045512.2	16622	G	938
NC_045512.2	16623	A	906
NC_045512.2	16624	C	926
NC_045512.2	16625	T	920
NC_045512.2	16626	C	918
NC_045512.2	16627	A	915
NC_045512.2	16628	A	912
NC_045512.2	16629	G	909
NC_045512.2	16630	C	941
NC_045512.2	16631	T	919
NC_045512.2	16632	T	930
NC_045512.2	16633	T	919
NC_045512.2	16634	T	937
NC_045512.2	16635	T	930
NC_045512.2	16636	G	926
NC_045512.2	16637	C	918
NC_045512.2	16638	A	909
NC_045512.2	16639	G	916
NC_045512.2	16640	C	930
NC_045512.2	16641	A	920
NC_045512.2	16642	G	917
NC_045512.2	16643	A	913
NC_045512.2	16644	A	896
NC_045512.2	16645	A	897
NC_045512.2	16646	C	893
NC_045512.2	16647	G	811
NC_045512.2	16648	C	819
NC_045512.2	16649	T	821
NC_045512.2	16650	C	832
NC_045512.2	16651	A	836
NC_045512.2	16652	A	882
NC_045512.2	16653	A	881
NC_045512.2	16654	G	881
NC_045512.2	16655	C	892
NC_045512.2	16656	T	897
NC_045512.2	16657	A	1007
NC_045512.2	16658	C	1051
NC_045512.2	16659	T	1050
NC_045512.2	16660	G	1062
NC_045512.2	16661	A	1060
NC_045512.2	16662	G	1058
NC_045512.2	16663	G	1100
NC_045512.2	16664	A	1054
NC_045512.2	16665	G	1096
NC_045512.2	16666	A	1039
NC_045512.2	16667	C	1132
NC_045512.2	16668	A	1129
NC_045512.2	16669	T	1073
NC_045512.2	16670	T	1139
NC_045512.2	16671	T	1098
NC_045512.2	16672	A	1145
NC_045512.2	16673	A	1127
NC_045512.2	16674	A	1107
NC_045512.2	16675	C	1159
NC_045512.2	16676	T	1133
NC_045512.2	16677	G	1187
NC_045512.2	16678	T	1081
NC_045512.2	16679	C	1218
NC_045512.2	16680	T	1240
NC_045512.2	16681	T	1234
NC_045512.2	16682	A	1225
NC_045512.2	16683	T	1236
NC_045512.2	16684	G	1235
NC_045512.2	16685	G	1260
NC_045512.2	16686	T	1068
NC_045512.2	16687	A	1251
NC_045512.2	16688	T	1266
NC_045512.2	16689	T	1259
NC_045512.2	16690	G	1280
NC_045512.2	16691	C	1281
NC_045512.2	16692	T	1267
NC_045512.2	16693	A	1256
NC_045512.2	16694	C	1269
NC_045512.2	16695	T	1185
NC_045512.2	16696	G	1193
NC_045512.2	16697	T	1094
NC_045512.2	16698	A	1118
NC_045512.2	16699	C	1145
NC_045512.2	16700	G	1929
NC_045512.2	16701	T	1940
NC_045512.2	16702	G	2116
NC_045512.2	16703	A	2144
NC_045512.2	16704	A	2146
NC_045512.2	16705	G	3507
NC_045512.2	16706	T	3447
NC_045512.2	16707	G	3679
NC_045512.2	16708	C	3948
NC_045512.2	16709	T	3986
NC_045512.2	16710	G	6205
NC_045512.2	16711	T	6126
NC_045512.2	16712	C	6433
NC_045512.2	16713	T	6385
NC_045512.2	16714	G	6452
NC_045512.2	16715	A	6468
NC_045512.2	16716	C	6497
NC_045512.2	16717	A	6109
NC_045512.2	16718	G	6620
NC_045512.2	16719	A	6340
NC_045512.2	16720	G	7578
NC_045512.2	16721	A	6129
NC_045512.2	16722	A	7666
NC_045512.2	16723	T	7639
NC_045512.2	16724	T	7646
NC_045512.2	16725	A	7601
NC_045512.2	16726	C	7493
NC_045512.2	16727	A	7172
NC_045512.2	16728	T	7654
NC_045512.2	16729	C	7755
NC_045512.2	16730	T	7861
NC_045512.2	16731	T	7885
NC_045512.2	16732	T	7859
NC_045512.2	16733	C	8054
NC_045512.2	16734	A	7407
NC_045512.2	16735	T	8003
NC_045512.2	16736	G	8071
NC_045512.2	16737	G	8061
NC_045512.2	16738	G	8139
NC_045512.2	16739	A	8152
NC_045512.2	16740	A	8144
NC_045512.2	16741	G	8296
NC_045512.2	16742	T	8266
NC_045512.2	16743	T	8226
NC_045512.2	16744	G	8710
NC_045512.2	16745	G	8707
NC_045512.2	16746	T	8692
NC_045512.2	16747	A	8722
NC_045512.2	16748	A	8830
NC_045512.2	16749	A	9098
NC_045512.2	16750	C	10226
NC_045512.2	16751	C	10191
NC_045512.2	16752	T	10176
NC_045512.2	16753	A	10236
NC_045512.2	16754	G	10470
NC_045512.2	16755	A	10143
NC_045512.2	16756	C	10589
NC_045512.2	16757	C	10428
NC_045512.2	16758	A	10298
NC_045512.2	16759	C	10637
NC_045512.2	16760	C	10609
NC_045512.2	16761	A	10439
NC_045512.2	16762	C	10728
NC_045512.2	16763	T	10588
NC_045512.2	16764	T	10571
NC_045512.2	16765	A	10530
NC_045512.2	16766	A	10182
NC_045512.2	16767	C	10691
NC_045512.2	16768	C	10645
NC_045512.2	16769	G	10709
NC_045512.2	16770	A	10834
NC_045512.2	16771	A	10845
NC_045512.2	16772	A	11015
NC_045512.2	16773	T	10911
NC_045512.2	16774	T	10760
NC_045512.2	16775	A	10774
NC_045512.2	16776	T	10320
NC_045512.2	16777	G	11131
NC_045512.2	16778	T	10978
NC_045512.2	16779	C	11572
NC_045512.2	16780	T	11502
NC_045512.2	16781	T	11501
NC_045512.2	16782	T	11428
NC_045512.2	16783	A	11581
NC_045512.2	16784	C	11684
NC_045512.2	16785	T	11621
NC_045512.2	16786	G	11876
NC_045512.2	16787	G	11948
NC_045512.2	16788	T	11625
NC_045512.2	16789	T	11724
NC_045512.2	16790	A	11535
NC_045512.2	16791	T	11696
NC_045512.2	16792	C	11708
NC_045512.2	16793	G	12299
NC_045512.2	16794	T	12271
NC_045512.2	16795	G	12369
NC_045512.2	16796	T	12280
NC_045512.2	16797	A	12109
NC_045512.2	16798	A	12173
NC_045512.2	16799	C	11951
NC_045512.2	16800	T	11905
NC_045512.2	16801	A	11387
NC_045512.2	16802	A	10778
NC_045512.2	16803	A	11826
NC_045512.2	16804	A	11746
NC_045512.2	16805	A	10407
NC_045512.2	16806	C	10884
NC_045512.2	16807	A	10777
NC_045512.2	16808	G	10838
NC_045512.2	16809	T	10471
NC_045512.2	16810	A	10193
NC_045512.2	16811	A	8734
NC_045512.2	16812	A	7168
NC_045512.2	16813	G	9381
NC_045512.2	16814	T	9380
NC_045512.2	16815	A	9089
NC_045512.2	16816	C	9395
NC_045512.2	16817	A	9594
NC_045512.2	16818	A	9710
NC_045512.2	16819	A	8592
NC_045512.2	16820	T	9737
NC_045512.2	16821	A	8800
NC_045512.2	16822	G	9134
NC_045512.2	16823	G	9053
NC_045512.2	16824	A	9109
NC_045512.2	16825	G	9624
NC_045512.2	16826	A	8700
NC_045512.2	16827	G	9704
NC_045512.2	16828	T	9774
NC_045512.2	16829	A	9676
NC_045512.2	16830	C	9736
NC_045512.2	16831	A	9913
NC_045512.2	16832	C	10091
NC_045512.2	16833	C	9916
NC_045512.2	16834	T	9533
NC_045512.2	16835	T	9713
NC_045512.2	16836	T	9878
NC_045512.2	16837	G	9921
NC_045512.2	16838	A	9858
NC_045512.2	16839	A	9918
NC_045512.2	16840	A	9922
NC_045512.2	16841	A	9870
NC_045512.2	16842	A	9726
NC_045512.2	16843	G	9811
NC_045512.2	16844	G	9899
NC_045512.2	16845	T	9749
NC_045512.2	16846	G	10425
NC_045512.2	16847	A	10362
NC_045512.2	16848	C	9615
NC_045512.2	16849	T	9509
NC_045512.2	16850	A	9545
NC_045512.2	16851	T	9775
NC_045512.2	16852	G	9791
NC_045512.2	16853	G	9875
NC_045512.2	16854	T	9997
NC_045512.2	16855	G	9836
NC_045512.2	16856	A	10343
NC_045512.2	16857	T	10286
NC_045512.2	16858	G	10330
NC_045512.2	16859	C	10107
NC_045512.2	16860	T	10060
NC_045512.2	16861	G	10412
NC_045512.2	16862	T	10348
NC_045512.2	16863	T	10353
NC_045512.2	16864	G	10526
NC_045512.2	16865	T	9934
NC_045512.2	16866	T	10564
NC_045512.2	16867	T	10478
NC_045512.2	16868	A	10417
NC_045512.2	16869	C	10668
NC_045512.2	16870	C	10408
NC_045512.2	16871	G	10542
NC_045512.2	16872	A	10752
NC_045512.2	16873	G	10783
NC_045512.2	16874	G	11612
NC_045512.2	16875	T	11417
NC_045512.2	16876	A	11561
NC_045512.2	16877	C	11673
NC_045512.2	16878	A	11561
NC_045512.2	16879	A	11642
NC_045512.2	16880	C	11446
NC_045512.2	16881	A	11426
NC_045512.2	16882	A	11724
NC_045512.2	16883	C	11396
NC_045512.2	16884	T	11306
NC_045512.2	16885	T	11305
NC_045512.2	16886	A	11256
NC_045512.2	16887	C	11174
NC_045512.2	16888	A	11150
NC_045512.2	16889	A	11447
NC_045512.2	16890	A	10831
NC_045512.2	16891	T	11219
NC_045512.2	16892	T	11409
NC_045512.2	16893	A	11453
NC_045512.2	16894	A	10852
NC_045512.2	16895	A	11398
NC_045512.2	16896	T	11371
NC_045512.2	16897	G	11562
NC_045512.2	16898	T	10987
NC_045512.2	16899	T	11415
NC_045512.2	16900	G	11492
NC_045512.2	16901	G	11570
NC_045512.2	16902	T	11642
NC_045512.2	16903	G	11762
NC_045512.2	16904	A	11169
NC_045512.2	16905	T	11488
NC_045512.2	16906	T	11661
NC_045512.2	16907	A	11497
NC_045512.2	16908	T	11880
NC_045512.2	16909	T	9606
NC_045512.2	16910	T	11827
NC_045512.2	16911	T	11649
NC_045512.2	16912	G	12022
NC_045512.2	16913	T	11899
NC_045512.2	16914	G	11805
NC_045512.2	16915	C	11524
NC_045512.2	16916	T	11395
NC_045512.2	16917	G	11594
NC_045512.2	16918	A	11645
NC_045512.2	16919	C	11809
NC_045512.2	16920	A	11550
NC_045512.2	16921	T	11795
NC_045512.2	16922	C	11831
NC_045512.2	16923	A	12026
NC_045512.2	16924	C	12138
NC_045512.2	16925	A	11927
NC_045512.2	16926	T	11812
NC_045512.2	16927	A	11588
NC_045512.2	16928	C	11918
NC_045512.2	16929	A	11679
NC_045512.2	16930	G	11700
NC_045512.2	16931	T	11088
NC_045512.2	16932	A	11135
NC_045512.2	16933	A	10994
NC_045512.2	16934	T	10851
NC_045512.2	16935	G	10982
NC_045512.2	16936	C	10968
NC_045512.2	16937	C	10644
NC_045512.2	16938	A	10680
NC_045512.2	16939	T	10646
NC_045512.2	16940	T	10741
NC_045512.2	16941	A	10575
NC_045512.2	16942	A	10587
NC_045512.2	16943	G	10836
NC_045512.2	16944	T	10517
NC_045512.2	16945	G	10497
NC_045512.2	16946	C	10469
NC_045512.2	16947	A	10660
NC_045512.2	16948	C	10727
NC_045512.2	16949	C	10659
NC_045512.2	16950	T	10696
NC_045512.2	16951	A	10896
NC_045512.2	16952	C	10864
NC_045512.2	16953	A	10760
NC_045512.2	16954	C	10805
NC_045512.2	16955	T	9945
NC_045512.2	16956	A	9591
NC_045512.2	16957	G	9436
NC_045512.2	16958	T	9357
NC_045512.2	16959	G	9425
NC_045512.2	16960	C	9363
NC_045512.2	16961	C	9093
NC_045512.2	16962	A	9076
NC_045512.2	16963	C	9065
NC_045512.2	16964	A	9020
NC_045512.2	16965	A	9010
NC_045512.2	16966	G	9038
NC_045512.2	16967	A	7897
NC_045512.2	16968	G	8834
NC_045512.2	16969	C	9054
NC_045512.2	16970	A	8822
NC_045512.2	16971	C	8705
NC_045512.2	16972	T	8805
NC_045512.2	16973	A	8660
NC_045512.2	16974	T	8966
NC_045512.2	16975	G	8633
NC_045512.2	16976	T	8565
NC_045512.2	16977	T	8821
NC_045512.2	16978	A	8734
NC_045512.2	16979	G	8845
NC_045512.2	16980	A	8631
NC_045512.2	16981	A	8873
NC_045512.2	16982	T	8890
NC_045512.2	16983	T	9314
NC_045512.2	16984	A	9400
NC_045512.2	16985	C	9575
NC_045512.2	16986	T	9527
NC_045512.2	16987	G	9551
NC_045512.2	16988	G	9634
NC_045512.2	16989	C	9720
NC_045512.2	16990	T	9367
NC_045512.2	16991	T	9446
NC_045512.2	16992	A	9593
NC_045512.2	16993	T	12182
NC_045512.2	16994	A	12234
NC_045512.2	16995	C	12299
NC_045512.2	16996	C	11653
NC_045512.2	16997	C	11682
NC_045512.2	16998	A	12422
NC_045512.2	16999	A	14432
NC_045512.2	17000	C	14716
NC_045512.2	17001	A	13070
NC_045512.2	17002	C	13778
NC_045512.2	17003	T	13677
NC_045512.2	17004	C	14042
NC_045512.2	17005	A	13884
NC_045512.2	17006	A	13983
NC_045512.2	17007	T	12855
NC_045512.2	17008	A	13919
NC_045512.2	17009	T	12504
NC_045512.2	17010	C	14243
NC_045512.2	17011	T	14176
NC_045512.2	17012	C	14255
NC_045512.2	17013	A	14164
NC_045512.2	17014	G	14274
NC_045512.2	17015	A	14217
NC_045512.2	17016	T	14080
NC_045512.2	17017	G	14365
NC_045512.2	17018	A	14187
NC_045512.2	17019	G	14478
NC_045512.2	17020	T	14353
NC_045512.2	17021	T	14476
NC_045512.2	17022	T	14518
NC_045512.2	17023	T	10617
NC_045512.2	17024	C	14465
NC_045512.2	17025	T	14434
NC_045512.2	17026	A	14411
NC_045512.2	17027	G	14440
NC_045512.2	17028	C	14456
NC_045512.2	17029	A	14251
NC_045512.2	17030	A	14364
NC_045512.2	17031	T	14032
NC_045512.2	17032	G	14510
NC_045512.2	17033	T	14392
NC_045512.2	17034	T	14403
NC_045512.2	17035	G	14492
NC_045512.2	17036	C	14510
NC_045512.2	17037	A	14060
NC_045512.2	17038	A	14322
NC_045512.2	17039	A	14250
NC_045512.2	17040	T	14214
NC_045512.2	17041	T	13044
NC_045512.2	17042	A	14201
NC_045512.2	17043	T	14296
NC_045512.2	17044	C	14312
NC_045512.2	17045	A	14190
NC_045512.2	17046	A	13937
NC_045512.2	17047	A	13775
NC_045512.2	17048	A	13916
NC_045512.2	17049	G	14094
NC_045512.2	17050	G	14173
NC_045512.2	17051	T	12800
NC_045512.2	17052	T	13164
NC_045512.2	17053	G	13533
NC_045512.2	17054	G	13909
NC_045512.2	17055	T	13708
NC_045512.2	17056	A	13935
NC_045512.2	17057	T	13881
NC_045512.2	17058	G	13851
NC_045512.2	17059	C	13813
NC_045512.2	17060	A	13633
NC_045512.2	17061	A	13702
NC_045512.2	17062	A	13437
NC_045512.2	17063	A	13730
NC_045512.2	17064	G	13824
NC_045512.2	17065	T	12956
NC_045512.2	17066	A	13673
NC_045512.2	17067	T	13574
NC_045512.2	17068	T	13413
NC_045512.2	17069	C	13606
NC_045512.2	17070	T	13449
NC_045512.2	17071	A	13307
NC_045512.2	17072	C	13471
NC_045512.2	17073	A	13002
NC_045512.2	17074	C	13279
NC_045512.2	17075	T	12734
NC_045512.2	17076	C	12707
NC_045512.2	17077	C	12592
NC_045512.2	17078	A	12169
NC_045512.2	17079	G	12326
NC_045512.2	17080	G	11994
NC_045512.2	17081	G	12093
NC_045512.2	17082	A	11991
NC_045512.2	17083	C	10727
NC_045512.2	17084	C	9805
NC_045512.2	17085	A	9568
NC_045512.2	17086	C	9657
NC_045512.2	17087	C	9339
NC_045512.2	17088	T	9083
NC_045512.2	17089	G	8955
NC_045512.2	17090	G	8886
NC_045512.2	17091	T	8895
NC_045512.2	17092	A	8578
NC_045512.2	17093	C	8279
NC_045512.2	17094	T	4251
NC_045512.2	17095	G	4173
NC_045512.2	17096	G	4112
NC_045512.2	17097	T	4030
NC_045512.2	17098	A	3945
NC_045512.2	17099	A	2049
NC_045512.2	17100	G	1949
NC_045512.2	17101	A	1590
NC_045512.2	17102	G	1913
NC_045512.2	17103	T	1789
NC_045512.2	17104	C	1690
NC_045512.2	17105	A	1661
NC_045512.2	17106	T	1694
NC_045512.2	17107	T	1560
NC_045512.2	17108	T	1676
NC_045512.2	17109	T	1620
NC_045512.2	17110	G	1636
NC_045512.2	17111	C	1655
NC_045512.2	17112	T	1609
NC_045512.2	17113	A	1600
NC_045512.2	17114	T	1652
NC_045512.2	17115	T	1634
NC_045512.2	17116	G	1660
NC_045512.2	17117	G	1682
NC_045512.2	17118	C	1669
NC_045512.2	17119	C	1636
NC_045512.2	17120	T	1630
NC_045512.2	17121	A	1626
NC_045512.2	17122	G	1693
NC_045512.2	17123	C	1693
NC_045512.2	17124	T	1594
NC_045512.2	17125	C	1740
NC_045512.2	17126	T	1701
NC_045512.2	17127	C	1830
NC_045512.2	17128	T	1777
NC_045512.2	17129	A	1814
NC_045512.2	17130	C	1821
NC_045512.2	17131	T	1792
NC_045512.2	17132	A	1774
NC_045512.2	17133	C	1789
NC_045512.2	17134	C	1762
NC_045512.2	17135	C	1772
NC_045512.2	17136	T	1722
NC_045512.2	17137	T	1720
NC_045512.2	17138	C	1735
NC_045512.2	17139	T	1734
NC_045512.2	17140	G	1737
NC_045512.2	17141	C	1836
NC_045512.2	17142	T	1831
NC_045512.2	17143	C	1857
NC_045512.2	17144	G	1834
NC_045512.2	17145	C	1860
NC_045512.2	17146	A	1847
NC_045512.2	17147	T	1848
NC_045512.2	17148	A	1930
NC_045512.2	17149	G	2116
NC_045512.2	17150	T	2110
NC_045512.2	17151	G	2223
NC_045512.2	17152	T	2194
NC_045512.2	17153	A	2230
NC_045512.2	17154	T	2213
NC_045512.2	17155	A	2180
NC_045512.2	17156	C	2193
NC_045512.2	17157	A	2082
NC_045512.2	17158	G	2090
NC_045512.2	17159	C	2071
NC_045512.2	17160	T	1982
NC_045512.2	17161	T	1982
NC_045512.2	17162	G	1984
NC_045512.2	17163	C	1974
NC_045512.2	17164	T	1844
NC_045512.2	17165	C	1939
NC_045512.2	17166	T	1881
NC_045512.2	17167	C	1936
NC_045512.2	17168	A	1898
NC_045512.2	17169	T	1942
NC_045512.2	17170	G	1934
NC_045512.2	17171	C	1913
NC_045512.2	17172	C	1903
NC_045512.2	17173	G	1926
NC_045512.2	17174	C	1822
NC_045512.2	17175	T	1781
NC_045512.2	17176	G	2073
NC_045512.2	17177	T	2000
NC_045512.2	17178	T	2059
NC_045512.2	17179	G	2091
NC_045512.2	17180	A	2081
NC_045512.2	17181	T	2072
NC_045512.2	17182	G	2071
NC_045512.2	17183	C	2063
NC_045512.2	17184	A	2052
NC_045512.2	17185	C	1975
NC_045512.2	17186	T	1892
NC_045512.2	17187	A	1851
NC_045512.2	17188	T	1890
NC_045512.2	17189	G	1901
NC_045512.2	17190	T	1893
NC_045512.2	17191	G	1852
NC_045512.2	17192	A	1830
NC_045512.2	17193	G	1832
NC_045512.2	17194	A	1400
NC_045512.2	17195	A	1784
NC_045512.2	17196	G	1693
NC_045512.2	17197	G	1809
NC_045512.2	17198	C	1807
NC_045512.2	17199	A	1807
NC_045512.2	17200	T	1792
NC_045512.2	17201	T	1787
NC_045512.2	17202	A	1745
NC_045512.2	17203	A	1773
NC_045512.2	17204	A	1797
NC_045512.2	17205	A	1806
NC_045512.2	17206	T	1714
NC_045512.2	17207	A	1764
NC_045512.2	17208	T	1805
NC_045512.2	17209	T	1780
NC_045512.2	17210	T	1799
NC_045512.2	17211	G	1794
NC_045512.2	17212	C	1818
NC_045512.2	17213	C	1832
NC_045512.2	17214	T	1810
NC_045512.2	17215	A	1824
NC_045512.2	17216	T	1819
NC_045512.2	17217	A	1852
NC_045512.2	17218	G	1879
NC_045512.2	17219	A	1869
NC_045512.2	17220	T	1879
NC_045512.2	17221	A	1890
NC_045512.2	17222	A	1916
NC_045512.2	17223	A	1906
NC_045512.2	17224	T	1912
NC_045512.2	17225	G	1931
NC_045512.2	17226	T	1894
NC_045512.2	17227	A	1869
NC_045512.2	17228	G	1847
NC_045512.2	17229	T	1949
NC_045512.2	17230	A	1954
NC_045512.2	17231	G	1990
NC_045512.2	17232	A	1929
NC_045512.2	17233	A	2017
NC_045512.2	17234	T	2034
NC_045512.2	17235	T	1970
NC_045512.2	17236	A	2027
NC_045512.2	17237	T	1989
NC_045512.2	17238	A	2020
NC_045512.2	17239	C	2053
NC_045512.2	17240	C	2019
NC_045512.2	17241	T	1791
NC_045512.2	17242	G	1812
NC_045512.2	17243	C	1815
NC_045512.2	17244	A	1807
NC_045512.2	17245	C	1819
NC_045512.2	17246	G	1813
NC_045512.2	17247	T	1877
NC_045512.2	17248	G	1888
NC_045512.2	17249	C	1859
NC_045512.2	17250	T	1841
NC_045512.2	17251	C	1892
NC_045512.2	17252	G	1887
NC_045512.2	17253	T	1823
NC_045512.2	17254	G	1889
NC_045512.2	17255	T	1873
NC_045512.2	17256	A	1853
NC_045512.2	17257	G	1865
NC_045512.2	17258	A	1800
NC_045512.2	17259	G	1805
NC_045512.2	17260	T	1721
NC_045512.2	17261	G	1719
NC_045512.2	17262	T	1699
NC_045512.2	17263	T	1706
NC_045512.2	17264	T	1680
NC_045512.2	17265	T	1692
NC_045512.2	17266	G	1704
NC_045512.2	17267	A	1711
NC_045512.2	17268	T	1685
NC_045512.2	17269	A	1622
NC_045512.2	17270	A	1655
NC_045512.2	17271	A	1663
NC_045512.2	17272	T	1659
NC_045512.2	17273	T	1665
NC_045512.2	17274	C	1665
NC_045512.2	17275	A	1638
NC_045512.2	17276	A	1643
NC_045512.2	17277	A	1529
NC_045512.2	17278	G	1535
NC_045512.2	17279	T	1573
NC_045512.2	17280	G	1559
NC_045512.2	17281	A	1557
NC_045512.2	17282	A	1551
NC_045512.2	17283	T	1579
NC_045512.2	17284	T	1604
NC_045512.2	17285	C	1630
NC_045512.2	17286	A	1669
NC_045512.2	17287	A	1674
NC_045512.2	17288	C	1717
NC_045512.2	17289	A	1711
NC_045512.2	17290	T	1725
NC_045512.2	17291	T	1749
NC_045512.2	17292	A	1731
NC_045512.2	17293	G	1761
NC_045512.2	17294	A	1850
NC_045512.2	17295	A	1848
NC_045512.2	17296	C	1859
NC_045512.2	17297	A	1655
NC_045512.2	17298	G	1665
NC_045512.2	17299	T	1754
NC_045512.2	17300	A	1811
NC_045512.2	17301	T	1699
NC_045512.2	17302	G	1824
NC_045512.2	17303	T	1794
NC_045512.2	17304	C	1823
NC_045512.2	17305	T	1804
NC_045512.2	17306	T	1637
NC_045512.2	17307	T	1755
NC_045512.2	17308	T	1748
NC_045512.2	17309	G	1742
NC_045512.2	17310	T	1736
NC_045512.2	17311	A	1692
NC_045512.2	17312	C	1704
NC_045512.2	17313	T	1629
NC_045512.2	17314	G	1635
NC_045512.2	17315	T	1629
NC_045512.2	17316	A	1592
NC_045512.2	17317	A	1604
NC_045512.2	17318	A	1614
NC_045512.2	17319	T	1609
NC_045512.2	17320	G	1594
NC_045512.2	17321	C	1579
NC_045512.2	17322	A	1548
NC_045512.2	17323	T	1518
NC_045512.2	17324	T	1461
NC_045512.2	17325	G	1456
NC_045512.2	17326	C	1449
NC_045512.2	17327	C	1442
NC_045512.2	17328	T	1273
NC_045512.2	17329	G	1276
NC_045512.2	17330	A	719
NC_045512.2	17331	G	1541
NC_045512.2	17332	A	1551
NC_045512.2	17333	C	2014
NC_045512.2	17334	G	2035
NC_045512.2	17335	A	2315
NC_045512.2	17336	C	2824
NC_045512.2	17337	A	2833
NC_045512.2	17338	G	4276
NC_045512.2	17339	C	5038
NC_045512.2	17340	A	6231
NC_045512.2	17341	G	7203
NC_045512.2	17342	A	8663
NC_045512.2	17343	T	8897
NC_045512.2	17344	A	8629
NC_045512.2	17345	T	9391
NC_045512.2	17346	A	9014
NC_045512.2	17347	G	9647
NC_045512.2	17348	T	9481
NC_045512.2	17349	T	9487
NC_045512.2	17350	G	9749
NC_045512.2	17351	T	9715
NC_045512.2	17352	C	10192
NC_045512.2	17353	T	10160
NC_045512.2	17354	T	10018
NC_045512.2	17355	T	10124
NC_045512.2	17356	G	10268
NC_045512.2	17357	A	10308
NC_045512.2	17358	T	10275
NC_045512.2	17359	G	10309
NC_045512.2	17360	A	9855
NC_045512.2	17361	A	10474
NC_045512.2	17362	A	10530
NC_045512.2	17363	T	10477
NC_045512.2	17364	T	10392
NC_045512.2	17365	T	10402
NC_045512.2	17366	C	10539
NC_045512.2	17367	A	10537
NC_045512.2	17368	A	10412
NC_045512.2	17369	T	10511
NC_045512.2	17370	G	10723
NC_045512.2	17371	G	10788
NC_045512.2	17372	C	10847
NC_045512.2	17373	C	10855
NC_045512.2	17374	A	10936
NC_045512.2	17375	C	11111
NC_045512.2	17376	A	10901
NC_045512.2	17377	A	11215
NC_045512.2	17378	A	11182
NC_045512.2	17379	T	11437
NC_045512.2	17380	T	11343
NC_045512.2	17381	A	11419
NC_045512.2	17382	T	11556
NC_045512.2	17383	G	11710
NC_045512.2	17384	A	11721
NC_045512.2	17385	T	11838
NC_045512.2	17386	T	11825
NC_045512.2	17387	T	11751
NC_045512.2	17388	G	12034
NC_045512.2	17389	A	12088
NC_045512.2	17390	G	12199
NC_045512.2	17391	T	12188
NC_045512.2	17392	G	12411
NC_045512.2	17393	T	12244
NC_045512.2	17394	T	12233
NC_045512.2	17395	G	12799
NC_045512.2	17396	T	12374
NC_045512.2	17397	C	12837
NC_045512.2	17398	A	12610
NC_045512.2	17399	A	12351
NC_045512.2	17400	T	13090
NC_045512.2	17401	G	13181
NC_045512.2	17402	C	13067
NC_045512.2	17403	C	13262
NC_045512.2	17404	A	13250
NC_045512.2	17405	G	13633
NC_045512.2	17406	A	13629
NC_045512.2	17407	T	14344
NC_045512.2	17408	T	14129
NC_045512.2	17409	A	14274
NC_045512.2	17410	C	14193
NC_045512.2	17411	G	14959
NC_045512.2	17412	T	14619
NC_045512.2	17413	G	16120
NC_045512.2	17414	C	16057
NC_045512.2	17415	T	16118
NC_045512.2	17416	A	16258
NC_045512.2	17417	A	15963
NC_045512.2	17418	G	17113
NC_045512.2	17419	C	17170
NC_045512.2	17420	A	17182
NC_045512.2	17421	C	18009
NC_045512.2	17422	T	17822
NC_045512.2	17423	A	18925
NC_045512.2	17424	T	19166
NC_045512.2	17425	G	20524
NC_045512.2	17426	T	20393
NC_045512.2	17427	G	20839
NC_045512.2	17428	T	20666
NC_045512.2	17429	A	20843
NC_045512.2	17430	C	20894
NC_045512.2	17431	A	20625
NC_045512.2	17432	T	20152
NC_045512.2	17433	T	19736
NC_045512.2	17434	G	20105
NC_045512.2	17435	G	20022
NC_045512.2	17436	C	19589
NC_045512.2	17437	G	19668
NC_045512.2	17438	A	19755
NC_045512.2	17439	C	18370
NC_045512.2	17440	C	17542
NC_045512.2	17441	C	15884
NC_045512.2	17442	T	16194
NC_045512.2	17443	G	16574
NC_045512.2	17444	C	16374
NC_045512.2	17445	T	16335
NC_045512.2	17446	C	16754
NC_045512.2	17447	A	16676
NC_045512.2	17448	A	16868
NC_045512.2	17449	T	16898
NC_045512.2	17450	T	17748
NC_045512.2	17451	A	17899
NC_045512.2	17452	C	17977
NC_045512.2	17453	C	17926
NC_045512.2	17454	T	17865
NC_045512.2	17455	G	17996
NC_045512.2	17456	C	18196
NC_045512.2	17457	A	17993
NC_045512.2	17458	C	18339
NC_045512.2	17459	C	18008
NC_045512.2	17460	A	17324
NC_045512.2	17461	C	18066
NC_045512.2	17462	G	18101
NC_045512.2	17463	C	18062
NC_045512.2	17464	A	17238
NC_045512.2	17465	C	18320
NC_045512.2	17466	A	17848
NC_045512.2	17467	T	18575
NC_045512.2	17468	T	18712
NC_045512.2	17469	G	18894
NC_045512.2	17470	C	18904
NC_045512.2	17471	T	18833
NC_045512.2	17472	A	19030
NC_045512.2	17473	A	15900
NC_045512.2	17474	C	19147
NC_045512.2	17475	T	19133
NC_045512.2	17476	A	18459
NC_045512.2	17477	A	17688
NC_045512.2	17478	G	18810
NC_045512.2	17479	G	18526
NC_045512.2	17480	G	18590
NC_045512.2	17481	C	18462
NC_045512.2	17482	A	18311
NC_045512.2	17483	C	18394
NC_045512.2	17484	A	18299
NC_045512.2	17485	C	18192
NC_045512.2	17486	T	17960
NC_045512.2	17487	A	17831
NC_045512.2	17488	G	18028
NC_045512.2	17489	A	17427
NC_045512.2	17490	A	18027
NC_045512.2	17491	C	17878
NC_045512.2	17492	C	17477
NC_045512.2	17493	A	17307
NC_045512.2	17494	G	17464
NC_045512.2	17495	A	17006
NC_045512.2	17496	A	17600
NC_045512.2	17497	T	17066
NC_045512.2	17498	A	17104
NC_045512.2	17499	T	17513
NC_045512.2	17500	T	17203
NC_045512.2	17501	T	17234
NC_045512.2	17502	C	17317
NC_045512.2	17503	A	16711
NC_045512.2	17504	A	16243
NC_045512.2	17505	T	17053
NC_045512.2	17506	T	16950
NC_045512.2	17507	C	16541
NC_045512.2	17508	A	16003
NC_045512.2	17509	G	16339
NC_045512.2	17510	T	16496
NC_045512.2	17511	G	16632
NC_045512.2	17512	T	18721
NC_045512.2	17513	G	18830
NC_045512.2	17514	T	18120
NC_045512.2	17515	A	17944
NC_045512.2	17516	G	18231
NC_045512.2	17517	A	18081
NC_045512.2	17518	C	18007
NC_045512.2	17519	T	17834
NC_045512.2	17520	T	16520
NC_045512.2	17521	A	16506
NC_045512.2	17522	T	16163
NC_045512.2	17523	G	16141
NC_045512.2	17524	A	16075
NC_045512.2	17525	A	15843
NC_045512.2	17526	A	15217
NC_045512.2	17527	A	14518
NC_045512.2	17528	C	15398
NC_045512.2	17529	T	14372
NC_045512.2	17530	A	15040
NC_045512.2	17531	T	14882
NC_045512.2	17532	A	15045
NC_045512.2	17533	G	15346
NC_045512.2	17534	G	15892
NC_045512.2	17535	T	16429
NC_045512.2	17536	C	16566
NC_045512.2	17537	C	16172
NC_045512.2	17538	A	16214
NC_045512.2	17539	G	16369
NC_045512.2	17540	A	15183
NC_045512.2	17541	C	16759
NC_045512.2	17542	A	16054
NC_045512.2	17543	T	15248
NC_045512.2	17544	G	15588
NC_045512.2	17545	T	15902
NC_045512.2	17546	T	15991
NC_045512.2	17547	C	15979
NC_045512.2	17548	C	15603
NC_045512.2	17549	T	15998
NC_045512.2	17550	C	15382
NC_045512.2	17551	G	15304
NC_045512.2	17552	G	15377
NC_045512.2	17553	A	15267
NC_045512.2	17554	A	15255
NC_045512.2	17555	C	15265
NC_045512.2	17556	T	15251
NC_045512.2	17557	T	13825
NC_045512.2	17558	G	14254
NC_045512.2	17559	T	14280
NC_045512.2	17560	C	14273
NC_045512.2	17561	G	14247
NC_045512.2	17562	G	14408
NC_045512.2	17563	C	14313
NC_045512.2	17564	G	14292
NC_045512.2	17565	T	14428
NC_045512.2	17566	T	14291
NC_045512.2	17567	G	14696
NC_045512.2	17568	T	14331
NC_045512.2	17569	C	16056
NC_045512.2	17570	C	15995
NC_045512.2	17571	T	16049
NC_045512.2	17572	G	16153
NC_045512.2	17573	C	16165
NC_045512.2	17574	T	16100
NC_045512.2	17575	G	16196
NC_045512.2	17576	A	16839
NC_045512.2	17577	A	17817
NC_045512.2	17578	A	17987
NC_045512.2	17579	T	18467
NC_045512.2	17580	T	18072
NC_045512.2	17581	G	18558
NC_045512.2	17582	T	14797
NC_045512.2	17583	T	18083
NC_045512.2	17584	G	19001
NC_045512.2	17585	A	18968
NC_045512.2	17586	C	19561
NC_045512.2	17587	A	19339
NC_045512.2	17588	C	19860
NC_045512.2	17589	T	19494
NC_045512.2	17590	G	19735
NC_045512.2	17591	T	19142
NC_045512.2	17592	G	19781
NC_045512.2	17593	A	19735
NC_045512.2	17594	G	19867
NC_045512.2	17595	T	20206
NC_045512.2	17596	G	20262
NC_045512.2	17597	C	19944
NC_045512.2	17598	T	19730
NC_045512.2	17599	T	19579
NC_045512.2	17600	T	19573
NC_045512.2	17601	G	19412
NC_045512.2	17602	G	19560
NC_045512.2	17603	T	14398
NC_045512.2	17604	T	21493
NC_045512.2	17605	T	20928
NC_045512.2	17606	A	21315
NC_045512.2	17607	T	21208
NC_045512.2	17608	G	21266
NC_045512.2	17609	A	21348
NC_045512.2	17610	T	19445
NC_045512.2	17611	A	20535
NC_045512.2	17612	A	20532
NC_045512.2	17613	T	20312
NC_045512.2	17614	A	20418
NC_045512.2	17615	A	20491
NC_045512.2	17616	G	20400
NC_045512.2	17617	C	20463
NC_045512.2	17618	T	19756
NC_045512.2	17619	T	19511
NC_045512.2	17620	A	19292
NC_045512.2	17621	A	19267
NC_045512.2	17622	A	19352
NC_045512.2	17623	G	19391
NC_045512.2	17624	C	19377
NC_045512.2	17625	A	17609
NC_045512.2	17626	C	18664
NC_045512.2	17627	A	18470
NC_045512.2	17628	T	18709
NC_045512.2	17629	A	18571
NC_045512.2	17630	A	18542
NC_045512.2	17631	A	18687
NC_045512.2	17632	G	18740
NC_045512.2	17633	A	18632
NC_045512.2	17634	C	18644
NC_045512.2	17635	A	17364
NC_045512.2	17636	A	17585
NC_045512.2	17637	A	17624
NC_045512.2	17638	T	17688
NC_045512.2	17639	C	17652
NC_045512.2	17640	A	16975
NC_045512.2	17641	G	17069
NC_045512.2	17642	C	17155
NC_045512.2	17643	T	17136
NC_045512.2	17644	C	17026
NC_045512.2	17645	A	16263
NC_045512.2	17646	A	16263
NC_045512.2	17647	T	16294
NC_045512.2	17648	G	16323
NC_045512.2	17649	C	16402
NC_045512.2	17650	T	15560
NC_045512.2	17651	T	15652
NC_045512.2	17652	T	15725
NC_045512.2	17653	A	15613
NC_045512.2	17654	A	15573
NC_045512.2	17655	A	15512
NC_045512.2	17656	A	15430
NC_045512.2	17657	T	15251
NC_045512.2	17658	G	15292
NC_045512.2	17659	T	15184
NC_045512.2	17660	T	14033
NC_045512.2	17661	T	15011
NC_045512.2	17662	T	14772
NC_045512.2	17663	A	15236
NC_045512.2	17664	T	15361
NC_045512.2	17665	A	15109
NC_045512.2	17666	A	15125
NC_045512.2	17667	G	15136
NC_045512.2	17668	G	15010
NC_045512.2	17669	G	15194
NC_045512.2	17670	T	12560
NC_045512.2	17671	G	12976
NC_045512.2	17672	T	12815
NC_045512.2	17673	T	11364
NC_045512.2	17674	A	12649
NC_045512.2	17675	T	12634
NC_045512.2	17676	C	12002
NC_045512.2	17677	A	11635
NC_045512.2	17678	C	10350
NC_045512.2	17679	G	10251
NC_045512.2	17680	C	9823
NC_045512.2	17681	A	9638
NC_045512.2	17682	T	9539
NC_045512.2	17683	G	9411
NC_045512.2	17684	A	9408
NC_045512.2	17685	T	9467
NC_045512.2	17686	G	9454
NC_045512.2	17687	T	8856
NC_045512.2	17688	T	8732
NC_045512.2	17689	T	8485
NC_045512.2	17690	C	8509
NC_045512.2	17691	A	8335
NC_045512.2	17692	T	8277
NC_045512.2	17693	C	8092
NC_045512.2	17694	T	6692
NC_045512.2	17695	G	6744
NC_045512.2	17696	C	6741
NC_045512.2	17697	A	6426
NC_045512.2	17698	A	6544
NC_045512.2	17699	T	6263
NC_045512.2	17700	T	6352
NC_045512.2	17701	A	6321
NC_045512.2	17702	A	5980
NC_045512.2	17703	C	6182
NC_045512.2	17704	A	2855
NC_045512.2	17705	G	3051
NC_045512.2	17706	G	3005
NC_045512.2	17707	C	3045
NC_045512.2	17708	C	3049
NC_045512.2	17709	A	3216
NC_045512.2	17710	C	3582
NC_045512.2	17711	A	3569
NC_045512.2	17712	A	3583
NC_045512.2	17713	A	3323
NC_045512.2	17714	T	3569
NC_045512.2	17715	A	3451
NC_045512.2	17716	G	3604
NC_045512.2	17717	G	3587
NC_045512.2	17718	C	3620
NC_045512.2	17719	G	3608
NC_045512.2	17720	T	3588
NC_045512.2	17721	G	3666
NC_045512.2	17722	G	3696
NC_045512.2	17723	T	3655
NC_045512.2	17724	A	3534
NC_045512.2	17725	A	3529
NC_045512.2	17726	G	3630
NC_045512.2	17727	A	2183
NC_045512.2	17728	G	3249
NC_045512.2	17729	A	2723
NC_045512.2	17730	A	3189
NC_045512.2	17731	T	3234
NC_045512.2	17732	T	3078
NC_045512.2	17733	C	3158
NC_045512.2	17734	C	3149
NC_045512.2	17735	T	3130
NC_045512.2	17736	T	3107
NC_045512.2	17737	A	3010
NC_045512.2	17738	C	3223
NC_045512.2	17739	A	3294
NC_045512.2	17740	C	3359
NC_045512.2	17741	G	3340
NC_045512.2	17742	T	3175
NC_045512.2	17743	A	3249
NC_045512.2	17744	A	3329
NC_045512.2	17745	C	3331
NC_045512.2	17746	C	3298
NC_045512.2	17747	C	3200
NC_045512.2	17748	T	3113
NC_045512.2	17749	G	3190
NC_045512.2	17750	C	3188
NC_045512.2	17751	T	3157
NC_045512.2	17752	T	3165
NC_045512.2	17753	G	3176
NC_045512.2	17754	G	3177
NC_045512.2	17755	A	3182
NC_045512.2	17756	G	3198
NC_045512.2	17757	A	2635
NC_045512.2	17758	A	3184
NC_045512.2	17759	A	3135
NC_045512.2	17760	A	3121
NC_045512.2	17761	G	3140
NC_045512.2	17762	C	3027
NC_045512.2	17763	T	2988
NC_045512.2	17764	G	3142
NC_045512.2	17765	T	3036
NC_045512.2	17766	C	3158
NC_045512.2	17767	T	3158
NC_045512.2	17768	T	3168
NC_045512.2	17769	T	3113
NC_045512.2	17770	A	3063
NC_045512.2	17771	T	3067
NC_045512.2	17772	T	3011
NC_045512.2	17773	T	3035
NC_045512.2	17774	C	3083
NC_045512.2	17775	A	3026
NC_045512.2	17776	C	3095
NC_045512.2	17777	C	3066
NC_045512.2	17778	T	3069
NC_045512.2	17779	T	3020
NC_045512.2	17780	A	3075
NC_045512.2	17781	T	3022
NC_045512.2	17782	A	3042
NC_045512.2	17783	A	3033
NC_045512.2	17784	T	2981
NC_045512.2	17785	T	2901
NC_045512.2	17786	C	2938
NC_045512.2	17787	A	2728
NC_045512.2	17788	C	2939
NC_045512.2	17789	A	2930
NC_045512.2	17790	G	2950
NC_045512.2	17791	A	2976
NC_045512.2	17792	A	3032
NC_045512.2	17793	T	3025
NC_045512.2	17794	G	3098
NC_045512.2	17795	C	2974
NC_045512.2	17796	T	2955
NC_045512.2	17797	G	2975
NC_045512.2	17798	T	2936
NC_045512.2	17799	A	2912
NC_045512.2	17800	G	2935
NC_045512.2	17801	C	2936
NC_045512.2	17802	C	2953
NC_045512.2	17803	T	2904
NC_045512.2	17804	C	2914
NC_045512.2	17805	A	2867
NC_045512.2	17806	A	2915
NC_045512.2	17807	A	2974
NC_045512.2	17808	G	2967
NC_045512.2	17809	A	2839
NC_045512.2	17810	T	2856
NC_045512.2	17811	T	2618
NC_045512.2	17812	T	2624
NC_045512.2	17813	T	2702
NC_045512.2	17814	G	2735
NC_045512.2	17815	G	2710
NC_045512.2	17816	G	2774
NC_045512.2	17817	A	2723
NC_045512.2	17818	C	2742
NC_045512.2	17819	T	2726
NC_045512.2	17820	A	2724
NC_045512.2	17821	C	2697
NC_045512.2	17822	C	2656
NC_045512.2	17823	A	2694
NC_045512.2	17824	A	2382
NC_045512.2	17825	C	2729
NC_045512.2	17826	T	2729
NC_045512.2	17827	C	2729
NC_045512.2	17828	A	2686
NC_045512.2	17829	A	2676
NC_045512.2	17830	A	2567
NC_045512.2	17831	C	2644
NC_045512.2	17832	T	2430
NC_045512.2	17833	G	2546
NC_045512.2	17834	T	2618
NC_045512.2	17835	T	2727
NC_045512.2	17836	G	2738
NC_045512.2	17837	A	2743
NC_045512.2	17838	T	2739
NC_045512.2	17839	T	2639
NC_045512.2	17840	C	2562
NC_045512.2	17841	A	2551
NC_045512.2	17842	T	2533
NC_045512.2	17843	C	2535
NC_045512.2	17844	A	2641
NC_045512.2	17845	C	2629
NC_045512.2	17846	A	2583
NC_045512.2	17847	G	2609
NC_045512.2	17848	G	2676
NC_045512.2	17849	G	2714
NC_045512.2	17850	C	2728
NC_045512.2	17851	T	2714
NC_045512.2	17852	C	2703
NC_045512.2	17853	A	2685
NC_045512.2	17854	G	2843
NC_045512.2	17855	A	2852
NC_045512.2	17856	A	2186
NC_045512.2	17857	T	2166
NC_045512.2	17858	A	2145
NC_045512.2	17859	T	2230
NC_045512.2	17860	G	2237
NC_045512.2	17861	A	2291
NC_045512.2	17862	C	2324
NC_045512.2	17863	T	2307
NC_045512.2	17864	A	2337
NC_045512.2	17865	T	2362
NC_045512.2	17866	G	2469
NC_045512.2	17867	T	2448
NC_045512.2	17868	C	2472
NC_045512.2	17869	A	2393
NC_045512.2	17870	T	2486
NC_045512.2	17871	A	2609
NC_045512.2	17872	T	2896
NC_045512.2	17873	T	2843
NC_045512.2	17874	C	2934
NC_045512.2	17875	A	2736
NC_045512.2	17876	C	2949
NC_045512.2	17877	T	3025
NC_045512.2	17878	C	3014
NC_045512.2	17879	A	2994
NC_045512.2	17880	A	2970
NC_045512.2	17881	A	2878
NC_045512.2	17882	C	3032
NC_045512.2	17883	C	3039
NC_045512.2	17884	A	3050
NC_045512.2	17885	C	3271
NC_045512.2	17886	T	3189
NC_045512.2	17887	G	3280
NC_045512.2	17888	A	3301
NC_045512.2	17889	A	3273
NC_045512.2	17890	A	3284
NC_045512.2	17891	C	3306
NC_045512.2	17892	A	3167
NC_045512.2	17893	G	3159
NC_045512.2	17894	C	3231
NC_045512.2	17895	T	3126
NC_045512.2	17896	C	3249
NC_045512.2	17897	A	3210
NC_045512.2	17898	C	3275
NC_045512.2	17899	T	3047
NC_045512.2	17900	C	3279
NC_045512.2	17901	T	3252
NC_045512.2	17902	T	3286
NC_045512.2	17903	G	3298
NC_045512.2	17904	T	3328
NC_045512.2	17905	A	3285
NC_045512.2	17906	A	3338
NC_045512.2	17907	T	3067
NC_045512.2	17908	G	3099
NC_045512.2	17909	T	3018
NC_045512.2	17910	A	3112
NC_045512.2	17911	A	3137
NC_045512.2	17912	A	3111
NC_045512.2	17913	C	3161
NC_045512.2	17914	A	3026
NC_045512.2	17915	G	3052
NC_045512.2	17916	A	3069
NC_045512.2	17917	T	3041
NC_045512.2	17918	T	2753
NC_045512.2	17919	T	2934
NC_045512.2	17920	A	3043
NC_045512.2	17921	A	3054
NC_045512.2	17922	T	3021
NC_045512.2	17923	G	3068
NC_045512.2	17924	T	2910
NC_045512.2	17925	T	2902
NC_045512.2	17926	G	2949
NC_045512.2	17927	C	2963
NC_045512.2	17928	T	2684
NC_045512.2	17929	A	2942
NC_045512.2	17930	T	2927
NC_045512.2	17931	T	2919
NC_045512.2	17932	A	2917
NC_045512.2	17933	C	2927
NC_045512.2	17934	C	2911
NC_045512.2	17935	A	2589
NC_045512.2	17936	G	2621
NC_045512.2	17937	A	2610
NC_045512.2	17938	G	2609
NC_045512.2	17939	C	2612
NC_045512.2	17940	A	2555
NC_045512.2	17941	A	2549
NC_045512.2	17942	A	2548
NC_045512.2	17943	A	2552
NC_045512.2	17944	G	2567
NC_045512.2	17945	T	2414
NC_045512.2	17946	A	2492
NC_045512.2	17947	G	2471
NC_045512.2	17948	G	2473
NC_045512.2	17949	C	2493
NC_045512.2	17950	A	2444
NC_045512.2	17951	T	2325
NC_045512.2	17952	A	2412
NC_045512.2	17953	C	2431
NC_045512.2	17954	T	1759
NC_045512.2	17955	T	2324
NC_045512.2	17956	T	2230
NC_045512.2	17957	G	2213
NC_045512.2	17958	C	2219
NC_045512.2	17959	A	2199
NC_045512.2	17960	T	2209
NC_045512.2	17961	A	2048
NC_045512.2	17962	A	2044
NC_045512.2	17963	T	1971
NC_045512.2	17964	G	2050
NC_045512.2	17965	T	2007
NC_045512.2	17966	C	1940
NC_045512.2	17967	T	1883
NC_045512.2	17968	G	1930
NC_045512.2	17969	A	1930
NC_045512.2	17970	T	1926
NC_045512.2	17971	A	1711
NC_045512.2	17972	G	1706
NC_045512.2	17973	A	1325
NC_045512.2	17974	G	1333
NC_045512.2	17975	A	1285
NC_045512.2	17976	C	1293
NC_045512.2	17977	C	1257
NC_045512.2	17978	T	997
NC_045512.2	17979	T	1137
NC_045512.2	17980	T	1101
NC_045512.2	17981	A	1137
NC_045512.2	17982	T	1141
NC_045512.2	17983	G	1128
NC_045512.2	17984	A	1115
NC_045512.2	17985	C	1033
NC_045512.2	17986	A	767
NC_045512.2	17987	A	759
NC_045512.2	17988	G	746
NC_045512.2	17989	T	741
NC_045512.2	17990	T	741
NC_045512.2	17991	G	737
NC_045512.2	17992	C	734
NC_045512.2	17993	A	720
NC_045512.2	17994	A	723
NC_045512.2	17995	T	639
NC_045512.2	17996	T	702
NC_045512.2	17997	T	676
NC_045512.2	17998	A	660
NC_045512.2	17999	C	657
NC_045512.2	18000	A	635
NC_045512.2	18001	A	633
NC_045512.2	18002	G	636
NC_045512.2	18003	T	459
NC_045512.2	18004	C	502
NC_045512.2	18005	T	425
NC_045512.2	18006	T	429
NC_045512.2	18007	G	434
NC_045512.2	18008	A	430
NC_045512.2	18009	A	422
NC_045512.2	18010	A	394
NC_045512.2	18011	T	222
NC_045512.2	18012	T	181
NC_045512.2	18013	C	175
NC_045512.2	18014	C	56
NC_045512.2	18015	A	55
NC_045512.2	18016	C	53
NC_045512.2	18017	G	42
NC_045512.2	18018	T	42
NC_045512.2	18019	A	42
NC_045512.2	18020	G	46
NC_045512.2	18021	G	45
NC_045512.2	18022	A	46
NC_045512.2	18023	A	44
NC_045512.2	18024	T	45
NC_045512.2	18025	G	45
NC_045512.2	18026	T	46
NC_045512.2	18027	G	38
NC_045512.2	18028	G	38
NC_045512.2	18029	C	38
NC_045512.2	18030	A	38
NC_045512.2	18031	A	38
NC_045512.2	18032	C	38
NC_045512.2	18033	T	35
NC_045512.2	18034	T	38
NC_045512.2	18035	T	38
NC_045512.2	18036	A	38
NC_045512.2	18037	C	37
NC_045512.2	18038	A	37
NC_045512.2	18039	A	37
NC_045512.2	18040	G	37
NC_045512.2	18041	C	35
NC_045512.2	18042	T	36
NC_045512.2	18043	G	37
NC_045512.2	18044	A	37
NC_045512.2	18045	A	36
NC_045512.2	18046	A	36
NC_045512.2	18047	A	34
NC_045512.2	18048	T	35
NC_045512.2	18049	G	35
NC_045512.2	18050	T	35
NC_045512.2	18051	A	37
NC_045512.2	18052	A	34
NC_045512.2	18053	C	32
NC_045512.2	18054	A	32
NC_045512.2	18055	G	33
NC_045512.2	18056	G	30
NC_045512.2	18057	A	33
NC_045512.2	18058	C	31
NC_045512.2	18059	T	31
NC_045512.2	18060	C	31
NC_045512.2	18061	T	31
NC_045512.2	18062	T	30
NC_045512.2	18063	T	30
NC_045512.2	18064	A	30
NC_045512.2	18065	A	29
NC_045512.2	18066	A	29
NC_045512.2	18067	G	27
NC_045512.2	18068	A	26
NC_045512.2	18069	T	24
NC_045512.2	18070	T	26
NC_045512.2	18071	G	26
NC_045512.2	18072	T	24
NC_045512.2	18073	A	27
NC_045512.2	18074	G	27
NC_045512.2	18075	T	26
NC_045512.2	18076	A	28
NC_045512.2	18077	A	26
NC_045512.2	18078	G	27
NC_045512.2	18079	G	25
NC_045512.2	18080	T	25
NC_045512.2	18081	A	24
NC_045512.2	18082	A	25
NC_045512.2	18083	T	26
NC_045512.2	18084	C	26
NC_045512.2	18085	A	26
NC_045512.2	18086	C	26
NC_045512.2	18087	T	26
NC_045512.2	18088	G	25
NC_045512.2	18089	G	27
NC_045512.2	18090	G	27
NC_045512.2	18091	T	26
NC_045512.2	18092	T	26
NC_045512.2	18093	A	25
NC_045512.2	18094	C	27
NC_045512.2	18095	A	26
NC_045512.2	18096	T	28
NC_045512.2	18097	C	27
NC_045512.2	18098	C	27
NC_045512.2	18099	T	27
NC_045512.2	18100	A	27
NC_045512.2	18101	C	28
NC_045512.2	18102	A	26
NC_045512.2	18103	C	27
NC_045512.2	18104	A	26
NC_045512.2	18105	G	26
NC_045512.2	18106	G	26
NC_045512.2	18107	C	26
NC_045512.2	18108	A	25
NC_045512.2	18109	C	26
NC_045512.2	18110	C	27
NC_045512.2	18111	T	25
NC_045512.2	18112	A	27
NC_045512.2	18113	C	27
NC_045512.2	18114	A	27
NC_045512.2	18115	C	27
NC_045512.2	18116	A	25
NC_045512.2	18117	C	27
NC_045512.2	18118	C	25
NC_045512.2	18119	T	23
NC_045512.2	18120	C	20
NC_045512.2	18121	A	18
NC_045512.2	18122	G	18
NC_045512.2	18123	T	16
NC_045512.2	18124	G	18
NC_045512.2	18125	T	18
NC_045512.2	18126	T	16
NC_045512.2	18127	G	17
NC_045512.2	18128	A	16
NC_045512.2	18129	C	17
NC_045512.2	18130	A	15
NC_045512.2	18131	C	16
NC_045512.2	18132	T	16
NC_045512.2	18133	A	16
NC_045512.2	18134	A	14
NC_045512.2	18135	A	14
NC_045512.2	18136	T	15
NC_045512.2	18137	T	17
NC_045512.2	18138	C	17
NC_045512.2	18139	A	16
NC_045512.2	18140	A	16
NC_045512.2	18141	A	15
NC_045512.2	18142	A	16
NC_045512.2	18143	C	16
NC_045512.2	18144	T	15
NC_045512.2	18145	G	16
NC_045512.2	18146	A	16
NC_045512.2	18147	A	16
NC_045512.2	18148	G	16
NC_045512.2	18149	G	19
NC_045512.2	18150	T	16
NC_045512.2	18151	T	19
NC_045512.2	18152	T	19
NC_045512.2	18153	A	19
NC_045512.2	18154	T	18
NC_045512.2	18155	G	19
NC_045512.2	18156	T	19
NC_045512.2	18157	G	19
NC_045512.2	18158	T	13
NC_045512.2	18159	T	18
NC_045512.2	18160	G	19
NC_045512.2	18161	A	20
NC_045512.2	18162	C	20
NC_045512.2	18163	A	20
NC_045512.2	18164	T	19
NC_045512.2	18165	A	19
NC_045512.2	18166	C	18
NC_045512.2	18167	C	19
NC_045512.2	18168	T	19
NC_045512.2	18169	G	20
NC_045512.2	18170	G	20
NC_045512.2	18171	C	20
NC_045512.2	18172	A	20
NC_045512.2	18173	T	23
NC_045512.2	18174	A	21
NC_045512.2	18175	C	23
NC_045512.2	18176	C	22
NC_045512.2	18177	T	23
NC_045512.2	18178	A	19
NC_045512.2	18179	A	17
NC_045512.2	18180	G	19
NC_045512.2	18181	G	19
NC_045512.2	18182	A	20
NC_045512.2	18183	C	22
NC_045512.2	18184	A	21
NC_045512.2	18185	T	21
NC_045512.2	18186	G	21
NC_045512.2	18187	A	22
NC_045512.2	18188	C	23
NC_045512.2	18189	C	24
NC_045512.2	18190	T	23
NC_045512.2	18191	A	26
NC_045512.2	18192	T	25
NC_045512.2	18193	A	25
NC_045512.2	18194	G	25
NC_045512.2	18195	A	25
NC_045512.2	18196	A	24
NC_045512.2	18197	G	25
NC_045512.2	18198	A	24
NC_045512.2	18199	C	25
NC_045512.2	18200	T	23
NC_045512.2	18201	C	25
NC_045512.2	18202	A	25
NC_045512.2	18203	T	24
NC_045512.2	18204	C	25
NC_045512.2	18205	T	24
NC_045512.2	18206	C	25
NC_045512.2	18207	T	25
NC_045512.2	18208	A	25
NC_045512.2	18209	T	25
NC_045512.2	18210	G	24
NC_045512.2	18211	A	25
NC_045512.2	18212	T	26
NC_045512.2	18213	G	25
NC_045512.2	18214	G	26
NC_045512.2	18215	G	26
NC_045512.2	18216	T	27
NC_045512.2	18217	T	27
NC_045512.2	18218	T	27
NC_045512.2	18219	T	30
NC_045512.2	18220	A	28
NC_045512.2	18221	A	29
NC_045512.2	18222	A	30
NC_045512.2	18223	A	30
NC_045512.2	18224	T	27
NC_045512.2	18225	G	29
NC_045512.2	18226	A	30
NC_045512.2	18227	A	28
NC_045512.2	18228	T	29
NC_045512.2	18229	T	29
NC_045512.2	18230	A	31
NC_045512.2	18231	T	30
NC_045512.2	18232	C	30
NC_045512.2	18233	A	30
NC_045512.2	18234	A	30
NC_045512.2	18235	G	31
NC_045512.2	18236	T	24
NC_045512.2	18237	T	28
NC_045512.2	18238	A	31
NC_045512.2	18239	A	29
NC_045512.2	18240	T	29
NC_045512.2	18241	G	31
NC_045512.2	18242	G	30
NC_045512.2	18243	T	30
NC_045512.2	18244	T	31
NC_045512.2	18245	A	31
NC_045512.2	18246	C	31
NC_045512.2	18247	C	30
NC_045512.2	18248	C	30
NC_045512.2	18249	T	26
NC_045512.2	18250	A	27
NC_045512.2	18251	A	29
NC_045512.2	18252	C	49
NC_045512.2	18253	A	70
NC_045512.2	18254	T	75
NC_045512.2	18255	G	140
NC_045512.2	18256	T	147
NC_045512.2	18257	T	149
NC_045512.2	18258	T	145
NC_045512.2	18259	A	152
NC_045512.2	18260	T	153
NC_045512.2	18261	C	153
NC_045512.2	18262	A	153
NC_045512.2	18263	C	181
NC_045512.2	18264	C	178
NC_045512.2	18265	C	180
NC_045512.2	18266	G	187
NC_045512.2	18267	C	209
NC_045512.2	18268	G	205
NC_045512.2	18269	A	210
NC_045512.2	18270	A	207
NC_045512.2	18271	G	208
NC_045512.2	18272	A	175
NC_045512.2	18273	A	217
NC_045512.2	18274	G	264
NC_045512.2	18275	C	318
NC_045512.2	18276	T	314
NC_045512.2	18277	A	322
NC_045512.2	18278	T	325
NC_045512.2	18279	A	308
NC_045512.2	18280	A	347
NC_045512.2	18281	G	364
NC_045512.2	18282	A	342
NC_045512.2	18283	C	387
NC_045512.2	18284	A	394
NC_045512.2	18285	T	397
NC_045512.2	18286	G	423
NC_045512.2	18287	T	418
NC_045512.2	18288	A	429
NC_045512.2	18289	C	426
NC_045512.2	18290	G	432
NC_045512.2	18291	T	447
NC_045512.2	18292	G	457
NC_045512.2	18293	C	459
NC_045512.2	18294	A	408
NC_045512.2	18295	T	457
NC_045512.2	18296	G	463
NC_045512.2	18297	G	487
NC_045512.2	18298	A	484
NC_045512.2	18299	T	482
NC_045512.2	18300	T	484
NC_045512.2	18301	G	497
NC_045512.2	18302	G	497
NC_045512.2	18303	C	503
NC_045512.2	18304	T	505
NC_045512.2	18305	T	503
NC_045512.2	18306	C	506
NC_045512.2	18307	G	505
NC_045512.2	18308	A	509
NC_045512.2	18309	T	513
NC_045512.2	18310	G	537
NC_045512.2	18311	T	535
NC_045512.2	18312	C	533
NC_045512.2	18313	G	541
NC_045512.2	18314	A	509
NC_045512.2	18315	G	542
NC_045512.2	18316	G	550
NC_045512.2	18317	G	554
NC_045512.2	18318	G	587
NC_045512.2	18319	T	587
NC_045512.2	18320	G	602
NC_045512.2	18321	T	602
NC_045512.2	18322	C	605
NC_045512.2	18323	A	591
NC_045512.2	18324	T	613
NC_045512.2	18325	G	642
NC_045512.2	18326	C	660
NC_045512.2	18327	T	670
NC_045512.2	18328	A	692
NC_045512.2	18329	C	696
NC_045512.2	18330	T	692
NC_045512.2	18331	A	686
NC_045512.2	18332	G	698
NC_045512.2	18333	A	602
NC_045512.2	18334	G	703
NC_045512.2	18335	A	589
NC_045512.2	18336	A	702
NC_045512.2	18337	G	699
NC_045512.2	18338	C	702
NC_045512.2	18339	T	699
NC_045512.2	18340	G	700
NC_045512.2	18341	T	697
NC_045512.2	18342	T	684
NC_045512.2	18343	G	713
NC_045512.2	18344	G	719
NC_045512.2	18345	T	720
NC_045512.2	18346	A	715
NC_045512.2	18347	C	710
NC_045512.2	18348	C	724
NC_045512.2	18349	A	713
NC_045512.2	18350	A	712
NC_045512.2	18351	T	719
NC_045512.2	18352	T	707
NC_045512.2	18353	T	679
NC_045512.2	18354	A	703
NC_045512.2	18355	C	654
NC_045512.2	18356	C	653
NC_045512.2	18357	T	646
NC_045512.2	18358	T	645
NC_045512.2	18359	T	647
NC_045512.2	18360	A	656
NC_045512.2	18361	C	656
NC_045512.2	18362	A	656
NC_045512.2	18363	G	693
NC_045512.2	18364	C	676
NC_045512.2	18365	T	671
NC_045512.2	18366	A	663
NC_045512.2	18367	G	684
NC_045512.2	18368	G	686
NC_045512.2	18369	T	680
NC_045512.2	18370	T	674
NC_045512.2	18371	T	684
NC_045512.2	18372	T	699
NC_045512.2	18373	T	693
NC_045512.2	18374	C	622
NC_045512.2	18375	T	611
NC_045512.2	18376	A	630
NC_045512.2	18377	C	623
NC_045512.2	18378	A	622
NC_045512.2	18379	G	629
NC_045512.2	18380	G	680
NC_045512.2	18381	T	645
NC_045512.2	18382	G	653
NC_045512.2	18383	T	625
NC_045512.2	18384	T	621
NC_045512.2	18385	A	575
NC_045512.2	18386	A	579
NC_045512.2	18387	C	609
NC_045512.2	18388	C	605
NC_045512.2	18389	T	597
NC_045512.2	18390	A	622
NC_045512.2	18391	G	649
NC_045512.2	18392	T	657
NC_045512.2	18393	T	658
NC_045512.2	18394	G	670
NC_045512.2	18395	C	646
NC_045512.2	18396	T	659
NC_045512.2	18397	G	676
NC_045512.2	18398	T	669
NC_045512.2	18399	A	701
NC_045512.2	18400	C	720
NC_045512.2	18401	C	722
NC_045512.2	18402	T	723
NC_045512.2	18403	A	722
NC_045512.2	18404	C	718
NC_045512.2	18405	A	722
NC_045512.2	18406	G	786
NC_045512.2	18407	G	799
NC_045512.2	18408	T	777
NC_045512.2	18409	T	770
NC_045512.2	18410	A	782
NC_045512.2	18411	T	785
NC_045512.2	18412	G	795
NC_045512.2	18413	T	792
NC_045512.2	18414	T	783
NC_045512.2	18415	G	790
NC_045512.2	18416	A	777
NC_045512.2	18417	T	790
NC_045512.2	18418	A	718
NC_045512.2	18419	C	773
NC_045512.2	18420	A	756
NC_045512.2	18421	C	776
NC_045512.2	18422	C	772
NC_045512.2	18423	T	775
NC_045512.2	18424	A	763
NC_045512.2	18425	A	755
NC_045512.2	18426	T	739
NC_045512.2	18427	A	719
NC_045512.2	18428	A	731
NC_045512.2	18429	T	720
NC_045512.2	18430	A	687
NC_045512.2	18431	C	700
NC_045512.2	18432	A	695
NC_045512.2	18433	G	696
NC_045512.2	18434	A	695
NC_045512.2	18435	T	694
NC_045512.2	18436	T	709
NC_045512.2	18437	T	710
NC_045512.2	18438	T	712
NC_045512.2	18439	T	713
NC_045512.2	18440	C	714
NC_045512.2	18441	C	708
NC_045512.2	18442	A	707
NC_045512.2	18443	G	721
NC_045512.2	18444	A	702
NC_045512.2	18445	G	725
NC_045512.2	18446	T	647
NC_045512.2	18447	T	721
NC_045512.2	18448	A	719
NC_045512.2	18449	G	757
NC_045512.2	18450	T	752
NC_045512.2	18451	G	761
NC_045512.2	18452	C	783
NC_045512.2	18453	T	784
NC_045512.2	18454	A	782
NC_045512.2	18455	A	781
NC_045512.2	18456	A	781
NC_045512.2	18457	C	788
NC_045512.2	18458	C	769
NC_045512.2	18459	A	771
NC_045512.2	18460	C	778
NC_045512.2	18461	C	770
NC_045512.2	18462	G	769
NC_045512.2	18463	C	742
NC_045512.2	18464	C	747
NC_045512.2	18465	T	742
NC_045512.2	18466	G	746
NC_045512.2	18467	G	741
NC_045512.2	18468	A	727
NC_045512.2	18469	G	738
NC_045512.2	18470	A	672
NC_045512.2	18471	T	747
NC_045512.2	18472	C	740
NC_045512.2	18473	A	726
NC_045512.2	18474	A	733
NC_045512.2	18475	T	704
NC_045512.2	18476	T	737
NC_045512.2	18477	T	738
NC_045512.2	18478	A	755
NC_045512.2	18479	A	751
NC_045512.2	18480	A	699
NC_045512.2	18481	C	726
NC_045512.2	18482	A	713
NC_045512.2	18483	C	710
NC_045512.2	18484	C	709
NC_045512.2	18485	T	692
NC_045512.2	18486	C	716
NC_045512.2	18487	A	705
NC_045512.2	18488	T	725
NC_045512.2	18489	A	816
NC_045512.2	18490	C	808
NC_045512.2	18491	C	805
NC_045512.2	18492	A	770
NC_045512.2	18493	C	789
NC_045512.2	18494	T	773
NC_045512.2	18495	T	776
NC_045512.2	18496	A	771
NC_045512.2	18497	T	745
NC_045512.2	18498	G	754
NC_045512.2	18499	T	752
NC_045512.2	18500	A	732
NC_045512.2	18501	C	614
NC_045512.2	18502	A	617
NC_045512.2	18503	A	616
NC_045512.2	18504	A	599
NC_045512.2	18505	G	614
NC_045512.2	18506	G	622
NC_045512.2	18507	A	615
NC_045512.2	18508	C	620
NC_045512.2	18509	T	621
NC_045512.2	18510	T	638
NC_045512.2	18511	C	630
NC_045512.2	18512	C	636
NC_045512.2	18513	T	690
NC_045512.2	18514	T	697
NC_045512.2	18515	G	719
NC_045512.2	18516	G	721
NC_045512.2	18517	A	714
NC_045512.2	18518	A	737
NC_045512.2	18519	T	743
NC_045512.2	18520	G	746
NC_045512.2	18521	T	744
NC_045512.2	18522	A	740
NC_045512.2	18523	G	752
NC_045512.2	18524	T	658
NC_045512.2	18525	G	756
NC_045512.2	18526	C	784
NC_045512.2	18527	G	795
NC_045512.2	18528	T	857
NC_045512.2	18529	A	830
NC_045512.2	18530	T	905
NC_045512.2	18531	A	841
NC_045512.2	18532	A	893
NC_045512.2	18533	A	916
NC_045512.2	18534	G	908
NC_045512.2	18535	A	893
NC_045512.2	18536	T	898
NC_045512.2	18537	T	870
NC_045512.2	18538	G	874
NC_045512.2	18539	T	869
NC_045512.2	18540	A	873
NC_045512.2	18541	C	876
NC_045512.2	18542	A	872
NC_045512.2	18543	A	881
NC_045512.2	18544	A	872
NC_045512.2	18545	T	837
NC_045512.2	18546	G	884
NC_045512.2	18547	T	902
NC_045512.2	18548	T	905
NC_045512.2	18549	A	905
NC_045512.2	18550	A	908
NC_045512.2	18551	G	915
NC_045512.2	18552	T	845
NC_045512.2	18553	G	885
NC_045512.2	18554	A	877
NC_045512.2	18555	C	875
NC_045512.2	18556	A	858
NC_045512.2	18557	C	979
NC_045512.2	18558	A	982
NC_045512.2	18559	C	2222
NC_045512.2	18560	T	2181
NC_045512.2	18561	T	2214
NC_045512.2	18562	A	2181
NC_045512.2	18563	A	2244
NC_045512.2	18564	A	2202
NC_045512.2	18565	A	2269
NC_045512.2	18566	A	2289
NC_045512.2	18567	T	2137
NC_045512.2	18568	C	2866
NC_045512.2	18569	T	2685
NC_045512.2	18570	C	3399
NC_045512.2	18571	T	3382
NC_045512.2	18572	C	3426
NC_045512.2	18573	T	3375
NC_045512.2	18574	G	3511
NC_045512.2	18575	A	3521
NC_045512.2	18576	C	3518
NC_045512.2	18577	A	3191
NC_045512.2	18578	G	3793
NC_045512.2	18579	A	3614
NC_045512.2	18580	G	4396
NC_045512.2	18581	T	4374
NC_045512.2	18582	C	4414
NC_045512.2	18583	G	5081
NC_045512.2	18584	T	5044
NC_045512.2	18585	A	3966
NC_045512.2	18586	T	5080
NC_045512.2	18587	T	5177
NC_045512.2	18588	T	5198
NC_045512.2	18589	G	5299
NC_045512.2	18590	T	5349
NC_045512.2	18591	C	5540
NC_045512.2	18592	T	5474
NC_045512.2	18593	T	5688
NC_045512.2	18594	A	5534
NC_045512.2	18595	T	5716
NC_045512.2	18596	G	5707
NC_045512.2	18597	G	5869
NC_045512.2	18598	G	6203
NC_045512.2	18599	C	6210
NC_045512.2	18600	A	6135
NC_045512.2	18601	C	6221
NC_045512.2	18602	A	6134
NC_045512.2	18603	T	6090
NC_045512.2	18604	G	6235
NC_045512.2	18605	G	6944
NC_045512.2	18606	C	6885
NC_045512.2	18607	T	6798
NC_045512.2	18608	T	6949
NC_045512.2	18609	T	6925
NC_045512.2	18610	G	7149
NC_045512.2	18611	A	7230
NC_045512.2	18612	G	7302
NC_045512.2	18613	T	7092
NC_045512.2	18614	T	7193
NC_045512.2	18615	G	7248
NC_045512.2	18616	A	7301
NC_045512.2	18617	C	7481
NC_045512.2	18618	A	7405
NC_045512.2	18619	T	7501
NC_045512.2	18620	C	7661
NC_045512.2	18621	T	7623
NC_045512.2	18622	A	7904
NC_045512.2	18623	T	7745
NC_045512.2	18624	G	7918
NC_045512.2	18625	A	7829
NC_045512.2	18626	A	7953
NC_045512.2	18627	G	7961
NC_045512.2	18628	T	7813
NC_045512.2	18629	A	7561
NC_045512.2	18630	T	7937
NC_045512.2	18631	T	7814
NC_045512.2	18632	T	7854
NC_045512.2	18633	T	7635
NC_045512.2	18634	G	7864
NC_045512.2	18635	T	7898
NC_045512.2	18636	G	7938
NC_045512.2	18637	A	7692
NC_045512.2	18638	A	7713
NC_045512.2	18639	A	8240
NC_045512.2	18640	A	8183
NC_045512.2	18641	T	8153
NC_045512.2	18642	A	7675
NC_045512.2	18643	G	8274
NC_045512.2	18644	G	8474
NC_045512.2	18645	A	8431
NC_045512.2	18646	C	8525
NC_045512.2	18647	C	8448
NC_045512.2	18648	T	8311
NC_045512.2	18649	G	8934
NC_045512.2	18650	A	8971
NC_045512.2	18651	G	9036
NC_045512.2	18652	C	9024
NC_045512.2	18653	G	9045
NC_045512.2	18654	C	9351
NC_045512.2	18655	A	9290
NC_045512.2	18656	C	9981
NC_045512.2	18657	C	8972
NC_045512.2	18658	T	8926
NC_045512.2	18659	G	9097
NC_045512.2	18660	T	8997
NC_045512.2	18661	T	8795
NC_045512.2	18662	G	9294
NC_045512.2	18663	T	9196
NC_045512.2	18664	C	9450
NC_045512.2	18665	T	9315
NC_045512.2	18666	A	9459
NC_045512.2	18667	T	9576
NC_045512.2	18668	G	9933
NC_045512.2	18669	T	9585
NC_045512.2	18670	G	9697
NC_045512.2	18671	A	9357
NC_045512.2	18672	T	9329
NC_045512.2	18673	A	8807
NC_045512.2	18674	G	9368
NC_045512.2	18675	A	8959
NC_045512.2	18676	C	9516
NC_045512.2	18677	G	9431
NC_045512.2	18678	T	9329
NC_045512.2	18679	G	9390
NC_045512.2	18680	C	8975
NC_045512.2	18681	C	8946
NC_045512.2	18682	A	8930
NC_045512.2	18683	C	8534
NC_045512.2	18684	A	8185
NC_045512.2	18685	T	8455
NC_045512.2	18686	G	8516
NC_045512.2	18687	C	8664
NC_045512.2	18688	T	8658
NC_045512.2	18689	T	8623
NC_045512.2	18690	T	8489
NC_045512.2	18691	T	8511
NC_045512.2	18692	C	8488
NC_045512.2	18693	C	8342
NC_045512.2	18694	A	8296
NC_045512.2	18695	C	8270
NC_045512.2	18696	T	8209
NC_045512.2	18697	G	8594
NC_045512.2	18698	C	8651
NC_045512.2	18699	T	9165
NC_045512.2	18700	T	9129
NC_045512.2	18701	C	9197
NC_045512.2	18702	A	9125
NC_045512.2	18703	G	9243
NC_045512.2	18704	A	9024
NC_045512.2	18705	C	9120
NC_045512.2	18706	A	8931
NC_045512.2	18707	C	9940
NC_045512.2	18708	T	9552
NC_045512.2	18709	T	9495
NC_045512.2	18710	A	9613
NC_045512.2	18711	T	9396
NC_045512.2	18712	G	9525
NC_045512.2	18713	C	9408
NC_045512.2	18714	C	9292
NC_045512.2	18715	T	8922
NC_045512.2	18716	G	9154
NC_045512.2	18717	T	8784
NC_045512.2	18718	T	9145
NC_045512.2	18719	G	9192
NC_045512.2	18720	G	9213
NC_045512.2	18721	C	9073
NC_045512.2	18722	A	8941
NC_045512.2	18723	T	9047
NC_045512.2	18724	C	9199
NC_045512.2	18725	A	8819
NC_045512.2	18726	T	9257
NC_045512.2	18727	T	9233
NC_045512.2	18728	C	9390
NC_045512.2	18729	T	9249
NC_045512.2	18730	A	9344
NC_045512.2	18731	T	9420
NC_045512.2	18732	T	9346
NC_045512.2	18733	G	9467
NC_045512.2	18734	G	9393
NC_045512.2	18735	A	9575
NC_045512.2	18736	T	9543
NC_045512.2	18737	T	9363
NC_045512.2	18738	T	9321
NC_045512.2	18739	G	9586
NC_045512.2	18740	A	9477
NC_045512.2	18741	T	9554
NC_045512.2	18742	T	9379
NC_045512.2	18743	A	9485
NC_045512.2	18744	C	9498
NC_045512.2	18745	G	9571
NC_045512.2	18746	T	9744
NC_045512.2	18747	C	9930
NC_045512.2	18748	T	9274
NC_045512.2	18749	A	9991
NC_045512.2	18750	T	9659
NC_045512.2	18751	A	9574
NC_045512.2	18752	A	9588
NC_045512.2	18753	T	9544
NC_045512.2	18754	C	9397
NC_045512.2	18755	C	9286
NC_045512.2	18756	G	9372
NC_045512.2	18757	T	7367
NC_045512.2	18758	T	8958
NC_045512.2	18759	T	8772
NC_045512.2	18760	A	8928
NC_045512.2	18761	T	8922
NC_045512.2	18762	G	8927
NC_045512.2	18763	A	8579
NC_045512.2	18764	T	8414
NC_045512.2	18765	T	8525
NC_045512.2	18766	G	8602
NC_045512.2	18767	A	8472
NC_045512.2	18768	T	8453
NC_045512.2	18769	G	8351
NC_045512.2	18770	T	8430
NC_045512.2	18771	T	8338
NC_045512.2	18772	C	8425
NC_045512.2	18773	A	8553
NC_045512.2	18774	A	8534
NC_045512.2	18775	C	8866
NC_045512.2	18776	A	8300
NC_045512.2	18777	A	8494
NC_045512.2	18778	T	8507
NC_045512.2	18779	G	8542
NC_045512.2	18780	G	8553
NC_045512.2	18781	G	8533
NC_045512.2	18782	G	9277
NC_045512.2	18783	T	9476
NC_045512.2	18784	T	9146
NC_045512.2	18785	T	9493
NC_045512.2	18786	T	9460
NC_045512.2	18787	A	9313
NC_045512.2	18788	C	9317
NC_045512.2	18789	A	9150
NC_045512.2	18790	G	9215
NC_045512.2	18791	G	9202
NC_045512.2	18792	T	9275
NC_045512.2	18793	A	9452
NC_045512.2	18794	A	9553
NC_045512.2	18795	C	9542
NC_045512.2	18796	C	9368
NC_045512.2	18797	T	9186
NC_045512.2	18798	A	9172
NC_045512.2	18799	C	8870
NC_045512.2	18800	A	8753
NC_045512.2	18801	A	8877
NC_045512.2	18802	A	8759
NC_045512.2	18803	G	8861
NC_045512.2	18804	C	8693
NC_045512.2	18805	A	8663
NC_045512.2	18806	A	8586
NC_045512.2	18807	C	8420
NC_045512.2	18808	C	7364
NC_045512.2	18809	A	7270
NC_045512.2	18810	T	7308
NC_045512.2	18811	G	7292
NC_045512.2	18812	A	7259
NC_045512.2	18813	T	7527
NC_045512.2	18814	C	7517
NC_045512.2	18815	T	7317
NC_045512.2	18816	G	7330
NC_045512.2	18817	T	7021
NC_045512.2	18818	A	7498
NC_045512.2	18819	T	7549
NC_045512.2	18820	T	7807
NC_045512.2	18821	G	7933
NC_045512.2	18822	T	8086
NC_045512.2	18823	C	8079
NC_045512.2	18824	A	8040
NC_045512.2	18825	A	7391
NC_045512.2	18826	G	7720
NC_045512.2	18827	T	8302
NC_045512.2	18828	C	8504
NC_045512.2	18829	C	8494
NC_045512.2	18830	A	8324
NC_045512.2	18831	T	8249
NC_045512.2	18832	G	6792
NC_045512.2	18833	G	6967
NC_045512.2	18834	T	6656
NC_045512.2	18835	A	7581
NC_045512.2	18836	A	7752
NC_045512.2	18837	T	7817
NC_045512.2	18838	G	7847
NC_045512.2	18839	C	8000
NC_045512.2	18840	A	7965
NC_045512.2	18841	C	8063
NC_045512.2	18842	A	8038
NC_045512.2	18843	T	7949
NC_045512.2	18844	G	8132
NC_045512.2	18845	T	8050
NC_045512.2	18846	A	8098
NC_045512.2	18847	G	8123
NC_045512.2	18848	C	8415
NC_045512.2	18849	T	8401
NC_045512.2	18850	A	8382
NC_045512.2	18851	G	8450
NC_045512.2	18852	T	8580
NC_045512.2	18853	T	8810
NC_045512.2	18854	G	8969
NC_045512.2	18855	T	8961
NC_045512.2	18856	G	9181
NC_045512.2	18857	A	9181
NC_045512.2	18858	T	9144
NC_045512.2	18859	G	9209
NC_045512.2	18860	C	9200
NC_045512.2	18861	A	9133
NC_045512.2	18862	A	9179
NC_045512.2	18863	T	9058
NC_045512.2	18864	C	9238
NC_045512.2	18865	A	9156
NC_045512.2	18866	T	9088
NC_045512.2	18867	G	9221
NC_045512.2	18868	A	9075
NC_045512.2	18869	C	9181
NC_045512.2	18870	T	9077
NC_045512.2	18871	A	8740
NC_045512.2	18872	G	8848
NC_045512.2	18873	G	8910
NC_045512.2	18874	T	8112
NC_045512.2	18875	G	8416
NC_045512.2	18876	T	6680
NC_045512.2	18877	C	8354
NC_045512.2	18878	T	8283
NC_045512.2	18879	A	8373
NC_045512.2	18880	G	8399
NC_045512.2	18881	C	8368
NC_045512.2	18882	T	7326
NC_045512.2	18883	G	8399
NC_045512.2	18884	T	8092
NC_045512.2	18885	C	8072
NC_045512.2	18886	C	8113
NC_045512.2	18887	A	7981
NC_045512.2	18888	C	8182
NC_045512.2	18889	G	8164
NC_045512.2	18890	A	8067
NC_045512.2	18891	G	8237
NC_045512.2	18892	T	7731
NC_045512.2	18893	G	7891
NC_045512.2	18894	C	7871
NC_045512.2	18895	T	7363
NC_045512.2	18896	T	7930
NC_045512.2	18897	T	7681
NC_045512.2	18898	G	8037
NC_045512.2	18899	T	7865
NC_045512.2	18900	T	7880
NC_045512.2	18901	A	7857
NC_045512.2	18902	A	7571
NC_045512.2	18903	G	7770
NC_045512.2	18904	C	7684
NC_045512.2	18905	G	7790
NC_045512.2	18906	T	7467
NC_045512.2	18907	G	7551
NC_045512.2	18908	T	7016
NC_045512.2	18909	T	7596
NC_045512.2	18910	G	7667
NC_045512.2	18911	A	7540
NC_045512.2	18912	C	7623
NC_045512.2	18913	T	7406
NC_045512.2	18914	G	7366
NC_045512.2	18915	G	7390
NC_045512.2	18916	A	7303
NC_045512.2	18917	C	7591
NC_045512.2	18918	T	7214
NC_045512.2	18919	A	7398
NC_045512.2	18920	T	7295
NC_045512.2	18921	T	7334
NC_045512.2	18922	G	7463
NC_045512.2	18923	A	7019
NC_045512.2	18924	A	7147
NC_045512.2	18925	T	7112
NC_045512.2	18926	A	6514
NC_045512.2	18927	T	6956
NC_045512.2	18928	C	6317
NC_045512.2	18929	C	6347
NC_045512.2	18930	T	6274
NC_045512.2	18931	A	6362
NC_045512.2	18932	T	6338
NC_045512.2	18933	A	6238
NC_045512.2	18934	A	6251
NC_045512.2	18935	T	5864
NC_045512.2	18936	T	5127
NC_045512.2	18937	G	5181
NC_045512.2	18938	G	5126
NC_045512.2	18939	T	4997
NC_045512.2	18940	G	5011
NC_045512.2	18941	A	4993
NC_045512.2	18942	T	4943
NC_045512.2	18943	G	4984
NC_045512.2	18944	A	4945
NC_045512.2	18945	A	4949
NC_045512.2	18946	C	5039
NC_045512.2	18947	T	4677
NC_045512.2	18948	G	4742
NC_045512.2	18949	A	4741
NC_045512.2	18950	A	4759
NC_045512.2	18951	G	4847
NC_045512.2	18952	A	4360
NC_045512.2	18953	T	4496
NC_045512.2	18954	T	3997
NC_045512.2	18955	A	3843
NC_045512.2	18956	A	3692
NC_045512.2	18957	T	3818
NC_045512.2	18958	G	3823
NC_045512.2	18959	C	3728
NC_045512.2	18960	G	3894
NC_045512.2	18961	G	4022
NC_045512.2	18962	C	3993
NC_045512.2	18963	T	3990
NC_045512.2	18964	T	3998
NC_045512.2	18965	G	4152
NC_045512.2	18966	T	4111
NC_045512.2	18967	A	4069
NC_045512.2	18968	G	4152
NC_045512.2	18969	A	3987
NC_045512.2	18970	A	4071
NC_045512.2	18971	A	4140
NC_045512.2	18972	G	4180
NC_045512.2	18973	G	4288
NC_045512.2	18974	T	4238
NC_045512.2	18975	T	4236
NC_045512.2	18976	C	4219
NC_045512.2	18977	A	4200
NC_045512.2	18978	A	4167
NC_045512.2	18979	C	4289
NC_045512.2	18980	A	4020
NC_045512.2	18981	C	4225
NC_045512.2	18982	A	4157
NC_045512.2	18983	T	4070
NC_045512.2	18984	G	3637
NC_045512.2	18985	G	3672
NC_045512.2	18986	T	3665
NC_045512.2	18987	T	3640
NC_045512.2	18988	G	3683
NC_045512.2	18989	T	3611
NC_045512.2	18990	T	3615
NC_045512.2	18991	A	3544
NC_045512.2	18992	A	3548
NC_045512.2	18993	A	3578
NC_045512.2	18994	G	3452
NC_045512.2	18995	C	3373
NC_045512.2	18996	T	3345
NC_045512.2	18997	G	3424
NC_045512.2	18998	C	3379
NC_045512.2	18999	A	3431
NC_045512.2	19000	T	3626
NC_045512.2	19001	T	3568
NC_045512.2	19002	A	3590
NC_045512.2	19003	T	3757
NC_045512.2	19004	T	3677
NC_045512.2	19005	A	3630
NC_045512.2	19006	G	3631
NC_045512.2	19007	C	3606
NC_045512.2	19008	A	3603
NC_045512.2	19009	G	3647
NC_045512.2	19010	A	3800
NC_045512.2	19011	C	3818
NC_045512.2	19012	A	3783
NC_045512.2	19013	A	3797
NC_045512.2	19014	A	3760
NC_045512.2	19015	T	3732
NC_045512.2	19016	T	3694
NC_045512.2	19017	C	3622
NC_045512.2	19018	C	3626
NC_045512.2	19019	C	3493
NC_045512.2	19020	A	3480
NC_045512.2	19021	G	3524
NC_045512.2	19022	T	3496
NC_045512.2	19023	T	3241
NC_045512.2	19024	C	3529
NC_045512.2	19025	T	3523
NC_045512.2	19026	T	3524
NC_045512.2	19027	C	3407
NC_045512.2	19028	A	3317
NC_045512.2	19029	C	3420
NC_045512.2	19030	G	3406
NC_045512.2	19031	A	3248
NC_045512.2	19032	C	3427
NC_045512.2	19033	A	3369
NC_045512.2	19034	T	3410
NC_045512.2	19035	T	3384
NC_045512.2	19036	G	3436
NC_045512.2	19037	G	3446
NC_045512.2	19038	T	3388
NC_045512.2	19039	A	3386
NC_045512.2	19040	A	3390
NC_045512.2	19041	C	3592
NC_045512.2	19042	C	3575
NC_045512.2	19043	C	3535
NC_045512.2	19044	T	3508
NC_045512.2	19045	A	3540
NC_045512.2	19046	A	3512
NC_045512.2	19047	A	3341
NC_045512.2	19048	G	3610
NC_045512.2	19049	C	3528
NC_045512.2	19050	T	3285
NC_045512.2	19051	A	3374
NC_045512.2	19052	T	3315
NC_045512.2	19053	T	3343
NC_045512.2	19054	A	3341
NC_045512.2	19055	A	3323
NC_045512.2	19056	G	3433
NC_045512.2	19057	T	3416
NC_045512.2	19058	G	3505
NC_045512.2	19059	T	3487
NC_045512.2	19060	G	3478
NC_045512.2	19061	T	3406
NC_045512.2	19062	A	3407
NC_045512.2	19063	C	3456
NC_045512.2	19064	C	3398
NC_045512.2	19065	T	3390
NC_045512.2	19066	C	3363
NC_045512.2	19067	A	3301
NC_045512.2	19068	A	3297
NC_045512.2	19069	G	3320
NC_045512.2	19070	C	3318
NC_045512.2	19071	T	3245
NC_045512.2	19072	G	3242
NC_045512.2	19073	A	3268
NC_045512.2	19074	T	3178
NC_045512.2	19075	G	3208
NC_045512.2	19076	T	3159
NC_045512.2	19077	A	3176
NC_045512.2	19078	G	3199
NC_045512.2	19079	A	3098
NC_045512.2	19080	A	3098
NC_045512.2	19081	T	3034
NC_045512.2	19082	G	3018
NC_045512.2	19083	G	3036
NC_045512.2	19084	A	3008
NC_045512.2	19085	A	3011
NC_045512.2	19086	G	2988
NC_045512.2	19087	T	3354
NC_045512.2	19088	T	3296
NC_045512.2	19089	C	3329
NC_045512.2	19090	T	3254
NC_045512.2	19091	A	3290
NC_045512.2	19092	T	3287
NC_045512.2	19093	G	3319
NC_045512.2	19094	A	3285
NC_045512.2	19095	T	3205
NC_045512.2	19096	G	3191
NC_045512.2	19097	C	3158
NC_045512.2	19098	A	3100
NC_045512.2	19099	C	3119
NC_045512.2	19100	A	3043
NC_045512.2	19101	G	2897
NC_045512.2	19102	C	2847
NC_045512.2	19103	C	2772
NC_045512.2	19104	T	2772
NC_045512.2	19105	T	2739
NC_045512.2	19106	G	2773
NC_045512.2	19107	T	2754
NC_045512.2	19108	A	2761
NC_045512.2	19109	G	2767
NC_045512.2	19110	T	2252
NC_045512.2	19111	G	2258
NC_045512.2	19112	A	2287
NC_045512.2	19113	C	2363
NC_045512.2	19114	A	2204
NC_045512.2	19115	A	2331
NC_045512.2	19116	A	2339
NC_045512.2	19117	G	2623
NC_045512.2	19118	C	2674
NC_045512.2	19119	T	2632
NC_045512.2	19120	T	2643
NC_045512.2	19121	A	2578
NC_045512.2	19122	T	2656
NC_045512.2	19123	A	2631
NC_045512.2	19124	A	2638
NC_045512.2	19125	A	2491
NC_045512.2	19126	A	2609
NC_045512.2	19127	T	2612
NC_045512.2	19128	A	2579
NC_045512.2	19129	G	2593
NC_045512.2	19130	A	2508
NC_045512.2	19131	A	2547
NC_045512.2	19132	G	2555
NC_045512.2	19133	A	2525
NC_045512.2	19134	A	2502
NC_045512.2	19135	T	2483
NC_045512.2	19136	T	2718
NC_045512.2	19137	A	2757
NC_045512.2	19138	T	2768
NC_045512.2	19139	T	2845
NC_045512.2	19140	C	2800
NC_045512.2	19141	T	2510
NC_045512.2	19142	A	2704
NC_045512.2	19143	T	2726
NC_045512.2	19144	T	2390
NC_045512.2	19145	C	2723
NC_045512.2	19146	T	2649
NC_045512.2	19147	T	2588
NC_045512.2	19148	A	2696
NC_045512.2	19149	T	2577
NC_045512.2	19150	G	2589
NC_045512.2	19151	C	2591
NC_045512.2	19152	C	2747
NC_045512.2	19153	A	2727
NC_045512.2	19154	C	2754
NC_045512.2	19155	A	2899
NC_045512.2	19156	C	2880
NC_045512.2	19157	A	2671
NC_045512.2	19158	T	2643
NC_045512.2	19159	T	2611
NC_045512.2	19160	C	2812
NC_045512.2	19161	T	2696
NC_045512.2	19162	G	2766
NC_045512.2	19163	A	2812
NC_045512.2	19164	C	2896
NC_045512.2	19165	A	3099
NC_045512.2	19166	A	3171
NC_045512.2	19167	A	2534
NC_045512.2	19168	T	2486
NC_045512.2	19169	T	2635
NC_045512.2	19170	C	2926
NC_045512.2	19171	A	2913
NC_045512.2	19172	C	2931
NC_045512.2	19173	A	2919
NC_045512.2	19174	G	2950
NC_045512.2	19175	A	2930
NC_045512.2	19176	T	2900
NC_045512.2	19177	G	2841
NC_045512.2	19178	G	3028
NC_045512.2	19179	T	2984
NC_045512.2	19180	G	3030
NC_045512.2	19181	T	2991
NC_045512.2	19182	A	3008
NC_045512.2	19183	T	3037
NC_045512.2	19184	G	3027
NC_045512.2	19185	C	3010
NC_045512.2	19186	C	3030
NC_045512.2	19187	T	2902
NC_045512.2	19188	A	3022
NC_045512.2	19189	T	3033
NC_045512.2	19190	T	2966
NC_045512.2	19191	T	2971
NC_045512.2	19192	T	3027
NC_045512.2	19193	G	3015
NC_045512.2	19194	G	3017
NC_045512.2	19195	A	3017
NC_045512.2	19196	A	3016
NC_045512.2	19197	T	3013
NC_045512.2	19198	T	2973
NC_045512.2	19199	G	3031
NC_045512.2	19200	C	3034
NC_045512.2	19201	A	3006
NC_045512.2	19202	A	2998
NC_045512.2	19203	T	2842
NC_045512.2	19204	G	3029
NC_045512.2	19205	T	2967
NC_045512.2	19206	C	2989
NC_045512.2	19207	G	2972
NC_045512.2	19208	A	2981
NC_045512.2	19209	T	2981
NC_045512.2	19210	A	2958
NC_045512.2	19211	G	2968
NC_045512.2	19212	A	2946
NC_045512.2	19213	T	2599
NC_045512.2	19214	A	2783
NC_045512.2	19215	T	2708
NC_045512.2	19216	C	2772
NC_045512.2	19217	C	2750
NC_045512.2	19218	T	2639
NC_045512.2	19219	G	2668
NC_045512.2	19220	C	2669
NC_045512.2	19221	T	2550
NC_045512.2	19222	A	2629
NC_045512.2	19223	A	2632
NC_045512.2	19224	T	2626
NC_045512.2	19225	T	2642
NC_045512.2	19226	C	2624
NC_045512.2	19227	C	2585
NC_045512.2	19228	A	2508
NC_045512.2	19229	T	2572
NC_045512.2	19230	T	2565
NC_045512.2	19231	G	2536
NC_045512.2	19232	T	1921
NC_045512.2	19233	T	2478
NC_045512.2	19234	T	2448
NC_045512.2	19235	G	2472
NC_045512.2	19236	T	2450
NC_045512.2	19237	A	2150
NC_045512.2	19238	G	2157
NC_045512.2	19239	A	2137
NC_045512.2	19240	T	2041
NC_045512.2	19241	T	1513
NC_045512.2	19242	T	1996
NC_045512.2	19243	G	2052
NC_045512.2	19244	A	2043
NC_045512.2	19245	C	2051
NC_045512.2	19246	A	2017
NC_045512.2	19247	C	2020
NC_045512.2	19248	T	1986
NC_045512.2	19249	A	1950
NC_045512.2	19250	G	1970
NC_045512.2	19251	A	1928
NC_045512.2	19252	G	1936
NC_045512.2	19253	T	1713
NC_045512.2	19254	G	1696
NC_045512.2	19255	C	1707
NC_045512.2	19256	T	1420
NC_045512.2	19257	A	1484
NC_045512.2	19258	T	1305
NC_045512.2	19259	C	1449
NC_045512.2	19260	T	1418
NC_045512.2	19261	A	1180
NC_045512.2	19262	A	1173
NC_045512.2	19263	C	1176
NC_045512.2	19264	C	1099
NC_045512.2	19265	T	924
NC_045512.2	19266	T	540
NC_045512.2	19267	A	536
NC_045512.2	19268	A	528
NC_045512.2	19269	C	540
NC_045512.2	19270	T	299
NC_045512.2	19271	T	50
NC_045512.2	19272	G	36
NC_045512.2	19273	C	38
NC_045512.2	19274	C	35
NC_045512.2	19275	T	37
NC_045512.2	19276	G	49
NC_045512.2	19277	G	52
NC_045512.2	19278	T	51
NC_045512.2	19279	T	49
NC_045512.2	19280	G	52
NC_045512.2	19281	T	51
NC_045512.2	19282	G	52
NC_045512.2	19283	A	50
NC_045512.2	19284	T	50
NC_045512.2	19285	G	51
NC_045512.2	19286	G	51
NC_045512.2	19287	T	52
NC_045512.2	19288	G	52
NC_045512.2	19289	G	51
NC_045512.2	19290	C	52
NC_045512.2	19291	A	52
NC_045512.2	19292	G	57
NC_045512.2	19293	T	55
NC_045512.2	19294	T	56
NC_045512.2	19295	T	53
NC_045512.2	19296	G	56
NC_045512.2	19297	T	56
NC_045512.2	19298	A	55
NC_045512.2	19299	T	56
NC_045512.2	19300	G	55
NC_045512.2	19301	T	54
NC_045512.2	19302	A	56
NC_045512.2	19303	A	56
NC_045512.2	19304	A	41
NC_045512.2	19305	T	46
NC_045512.2	19306	A	45
NC_045512.2	19307	A	45
NC_045512.2	19308	A	42
NC_045512.2	19309	C	46
NC_045512.2	19310	A	46
NC_045512.2	19311	T	46
NC_045512.2	19312	G	46
NC_045512.2	19313	C	44
NC_045512.2	19314	A	46
NC_045512.2	19315	T	45
NC_045512.2	19316	T	46
NC_045512.2	19317	C	44
NC_045512.2	19318	C	45
NC_045512.2	19319	A	46
NC_045512.2	19320	C	47
NC_045512.2	19321	A	44
NC_045512.2	19322	C	47
NC_045512.2	19323	A	47
NC_045512.2	19324	C	47
NC_045512.2	19325	C	48
NC_045512.2	19326	A	48
NC_045512.2	19327	G	45
NC_045512.2	19328	C	47
NC_045512.2	19329	T	46
NC_045512.2	19330	T	45
NC_045512.2	19331	T	46
NC_045512.2	19332	T	49
NC_045512.2	19333	G	50
NC_045512.2	19334	A	50
NC_045512.2	19335	T	50
NC_045512.2	19336	A	48
NC_045512.2	19337	A	52
NC_045512.2	19338	A	49
NC_045512.2	19339	A	50
NC_045512.2	19340	G	49
NC_045512.2	19341	T	48
NC_045512.2	19342	G	51
NC_045512.2	19343	C	46
NC_045512.2	19344	T	49
NC_045512.2	19345	T	48
NC_045512.2	19346	T	50
NC_045512.2	19347	T	50
NC_045512.2	19348	G	49
NC_045512.2	19349	T	49
NC_045512.2	19350	T	48
NC_045512.2	19351	A	45
NC_045512.2	19352	A	46
NC_045512.2	19353	T	49
NC_045512.2	19354	T	47
NC_045512.2	19355	T	48
NC_045512.2	19356	A	49
NC_045512.2	19357	A	49
NC_045512.2	19358	A	45
NC_045512.2	19359	A	48
NC_045512.2	19360	C	48
NC_045512.2	19361	A	46
NC_045512.2	19362	A	46
NC_045512.2	19363	T	46
NC_045512.2	19364	T	40
NC_045512.2	19365	A	43
NC_045512.2	19366	C	46
NC_045512.2	19367	C	44
NC_045512.2	19368	A	42
NC_045512.2	19369	T	46
NC_045512.2	19370	T	47
NC_045512.2	19371	T	46
NC_045512.2	19372	T	46
NC_045512.2	19373	T	45
NC_045512.2	19374	C	47
NC_045512.2	19375	T	42
NC_045512.2	19376	A	41
NC_045512.2	19377	T	34
NC_045512.2	19378	T	37
NC_045512.2	19379	A	36
NC_045512.2	19380	C	41
NC_045512.2	19381	T	39
NC_045512.2	19382	C	40
NC_045512.2	19383	T	37
NC_045512.2	19384	G	42
NC_045512.2	19385	A	41
NC_045512.2	19386	C	43
NC_045512.2	19387	A	42
NC_045512.2	19388	G	43
NC_045512.2	19389	T	41
NC_045512.2	19390	C	43
NC_045512.2	19391	C	42
NC_045512.2	19392	A	36
NC_045512.2	19393	T	37
NC_045512.2	19394	G	39
NC_045512.2	19395	T	38
NC_045512.2	19396	G	39
NC_045512.2	19397	A	35
NC_045512.2	19398	G	36
NC_045512.2	19399	T	34
NC_045512.2	19400	C	36
NC_045512.2	19401	T	34
NC_045512.2	19402	C	34
NC_045512.2	19403	A	35
NC_045512.2	19404	T	35
NC_045512.2	19405	G	34
NC_045512.2	19406	G	34
NC_045512.2	19407	A	35
NC_045512.2	19408	A	35
NC_045512.2	19409	A	35
NC_045512.2	19410	A	33
NC_045512.2	19411	C	34
NC_045512.2	19412	A	32
NC_045512.2	19413	A	32
NC_045512.2	19414	G	33
NC_045512.2	19415	T	32
NC_045512.2	19416	A	34
NC_045512.2	19417	G	34
NC_045512.2	19418	T	33
NC_045512.2	19419	G	34
NC_045512.2	19420	T	34
NC_045512.2	19421	C	34
NC_045512.2	19422	A	34
NC_045512.2	19423	G	33
NC_045512.2	19424	A	35
NC_045512.2	19425	T	34
NC_045512.2	19426	A	31
NC_045512.2	19427	T	34
NC_045512.2	19428	A	32
NC_045512.2	19429	G	34
NC_045512.2	19430	A	32
NC_045512.2	19431	T	34
NC_045512.2	19432	T	33
NC_045512.2	19433	A	31
NC_045512.2	19434	T	31
NC_045512.2	19435	G	31
NC_045512.2	19436	T	30
NC_045512.2	19437	A	31
NC_045512.2	19438	C	30
NC_045512.2	19439	C	31
NC_045512.2	19440	A	30
NC_045512.2	19441	C	30
NC_045512.2	19442	T	28
NC_045512.2	19443	A	28
NC_045512.2	19444	A	27
NC_045512.2	19445	A	28
NC_045512.2	19446	G	27
NC_045512.2	19447	T	24
NC_045512.2	19448	C	27
NC_045512.2	19449	T	23
NC_045512.2	19450	G	26
NC_045512.2	19451	C	26
NC_045512.2	19452	T	22
NC_045512.2	19453	A	27
NC_045512.2	19454	C	27
NC_045512.2	19455	G	28
NC_045512.2	19456	T	30
NC_045512.2	19457	G	30
NC_045512.2	19458	T	29
NC_045512.2	19459	A	29
NC_045512.2	19460	T	33
NC_045512.2	19461	A	36
NC_045512.2	19462	A	38
NC_045512.2	19463	C	38
NC_045512.2	19464	A	34
NC_045512.2	19465	C	34
NC_045512.2	19466	G	26
NC_045512.2	19467	T	30
NC_045512.2	19468	T	32
NC_045512.2	19469	G	33
NC_045512.2	19470	C	33
NC_045512.2	19471	A	31
NC_045512.2	19472	A	33
NC_045512.2	19473	T	33
NC_045512.2	19474	T	36
NC_045512.2	19475	T	36
NC_045512.2	19476	A	34
NC_045512.2	19477	G	36
NC_045512.2	19478	G	37
NC_045512.2	19479	T	37
NC_045512.2	19480	G	37
NC_045512.2	19481	G	37
NC_045512.2	19482	T	37
NC_045512.2	19483	G	37
NC_045512.2	19484	C	37
NC_045512.2	19485	T	36
NC_045512.2	19486	G	38
NC_045512.2	19487	T	38
NC_045512.2	19488	C	38
NC_045512.2	19489	T	37
NC_045512.2	19490	G	40
NC_045512.2	19491	T	39
NC_045512.2	19492	A	39
NC_045512.2	19493	G	56
NC_045512.2	19494	A	135
NC_045512.2	19495	C	312
NC_045512.2	19496	A	313
NC_045512.2	19497	T	334
NC_045512.2	19498	C	374
NC_045512.2	19499	A	960
NC_045512.2	19500	T	980
NC_045512.2	19501	G	1002
NC_045512.2	19502	C	1008
NC_045512.2	19503	T	1017
NC_045512.2	19504	A	1253
NC_045512.2	19505	A	1227
NC_045512.2	19506	T	1316
NC_045512.2	19507	G	1382
NC_045512.2	19508	A	1367
NC_045512.2	19509	G	1676
NC_045512.2	19510	T	1673
NC_045512.2	19511	A	1690
NC_045512.2	19512	C	1684
NC_045512.2	19513	A	1667
NC_045512.2	19514	G	1972
NC_045512.2	19515	A	1935
NC_045512.2	19516	T	2004
NC_045512.2	19517	T	2021
NC_045512.2	19518	G	2060
NC_045512.2	19519	T	2048
NC_045512.2	19520	A	2059
NC_045512.2	19521	T	2082
NC_045512.2	19522	C	2107
NC_045512.2	19523	T	2099
NC_045512.2	19524	C	2106
NC_045512.2	19525	G	2109
NC_045512.2	19526	A	2115
NC_045512.2	19527	T	2101
NC_045512.2	19528	G	2286
NC_045512.2	19529	C	2337
NC_045512.2	19530	T	2358
NC_045512.2	19531	T	2376
NC_045512.2	19532	A	2383
NC_045512.2	19533	T	2404
NC_045512.2	19534	A	2379
NC_045512.2	19535	A	2406
NC_045512.2	19536	C	2447
NC_045512.2	19537	A	2450
NC_045512.2	19538	T	2447
NC_045512.2	19539	G	2478
NC_045512.2	19540	A	2455
NC_045512.2	19541	T	2462
NC_045512.2	19542	G	2499
NC_045512.2	19543	A	2500
NC_045512.2	19544	T	2521
NC_045512.2	19545	C	2522
NC_045512.2	19546	T	2516
NC_045512.2	19547	C	2670
NC_045512.2	19548	A	2664
NC_045512.2	19549	G	2666
NC_045512.2	19550	C	2661
NC_045512.2	19551	T	2664
NC_045512.2	19552	G	2726
NC_045512.2	19553	G	2788
NC_045512.2	19554	C	2783
NC_045512.2	19555	T	2779
NC_045512.2	19556	T	2769
NC_045512.2	19557	T	2780
NC_045512.2	19558	A	2742
NC_045512.2	19559	G	2824
NC_045512.2	19560	C	2822
NC_045512.2	19561	T	2817
NC_045512.2	19562	T	2796
NC_045512.2	19563	G	2826
NC_045512.2	19564	T	2807
NC_045512.2	19565	G	2825
NC_045512.2	19566	G	2820
NC_045512.2	19567	G	2853
NC_045512.2	19568	T	2829
NC_045512.2	19569	T	2835
NC_045512.2	19570	T	2822
NC_045512.2	19571	A	2852
NC_045512.2	19572	C	2856
NC_045512.2	19573	A	2827
NC_045512.2	19574	A	2853
NC_045512.2	19575	A	2086
NC_045512.2	19576	C	2855
NC_045512.2	19577	A	2836
NC_045512.2	19578	A	2875
NC_045512.2	19579	T	2851
NC_045512.2	19580	T	2845
NC_045512.2	19581	T	2813
NC_045512.2	19582	G	2876
NC_045512.2	19583	A	2906
NC_045512.2	19584	T	2896
NC_045512.2	19585	A	2872
NC_045512.2	19586	C	3218
NC_045512.2	19587	T	3202
NC_045512.2	19588	T	3175
NC_045512.2	19589	A	3228
NC_045512.2	19590	T	2941
NC_045512.2	19591	A	3111
NC_045512.2	19592	A	3235
NC_045512.2	19593	C	3231
NC_045512.2	19594	C	3074
NC_045512.2	19595	T	2975
NC_045512.2	19596	C	3018
NC_045512.2	19597	T	2997
NC_045512.2	19598	G	2999
NC_045512.2	19599	G	3007
NC_045512.2	19600	A	2590
NC_045512.2	19601	A	2588
NC_045512.2	19602	C	2567
NC_045512.2	19603	A	2531
NC_045512.2	19604	C	2448
NC_045512.2	19605	T	2390
NC_045512.2	19606	T	2360
NC_045512.2	19607	T	2371
NC_045512.2	19608	T	2335
NC_045512.2	19609	A	2381
NC_045512.2	19610	C	2194
NC_045512.2	19611	A	2162
NC_045512.2	19612	A	2189
NC_045512.2	19613	G	2189
NC_045512.2	19614	A	1991
NC_045512.2	19615	C	1975
NC_045512.2	19616	T	1936
NC_045512.2	19617	T	1951
NC_045512.2	19618	C	1942
NC_045512.2	19619	A	1879
NC_045512.2	19620	G	1966
NC_045512.2	19621	A	1956
NC_045512.2	19622	G	2074
NC_045512.2	19623	T	1987
NC_045512.2	19624	T	2023
NC_045512.2	19625	T	2040
NC_045512.2	19626	A	2036
NC_045512.2	19627	G	2042
NC_045512.2	19628	A	2008
NC_045512.2	19629	A	1918
NC_045512.2	19630	A	1897
NC_045512.2	19631	A	1868
NC_045512.2	19632	T	1857
NC_045512.2	19633	G	1870
NC_045512.2	19634	T	1858
NC_045512.2	19635	G	1862
NC_045512.2	19636	G	1863
NC_045512.2	19637	C	1859
NC_045512.2	19638	T	1897
NC_045512.2	19639	T	1870
NC_045512.2	19640	T	1859
NC_045512.2	19641	T	1829
NC_045512.2	19642	A	1881
NC_045512.2	19643	A	1861
NC_045512.2	19644	T	1999
NC_045512.2	19645	G	1996
NC_045512.2	19646	T	1983
NC_045512.2	19647	T	1956
NC_045512.2	19648	G	1910
NC_045512.2	19649	T	1910
NC_045512.2	19650	A	1932
NC_045512.2	19651	A	1934
NC_045512.2	19652	A	1888
NC_045512.2	19653	T	1907
NC_045512.2	19654	A	1809
NC_045512.2	19655	A	1838
NC_045512.2	19656	G	1841
NC_045512.2	19657	G	1850
NC_045512.2	19658	G	1863
NC_045512.2	19659	A	1849
NC_045512.2	19660	C	1850
NC_045512.2	19661	A	1835
NC_045512.2	19662	C	1885
NC_045512.2	19663	T	1879
NC_045512.2	19664	T	1855
NC_045512.2	19665	T	1849
NC_045512.2	19666	G	1888
NC_045512.2	19667	A	1896
NC_045512.2	19668	T	1888
NC_045512.2	19669	G	1895
NC_045512.2	19670	G	1914
NC_045512.2	19671	A	1891
NC_045512.2	19672	C	1926
NC_045512.2	19673	A	1885
NC_045512.2	19674	A	1901
NC_045512.2	19675	C	1934
NC_045512.2	19676	A	1844
NC_045512.2	19677	G	1910
NC_045512.2	19678	G	2074
NC_045512.2	19679	G	2156
NC_045512.2	19680	T	2144
NC_045512.2	19681	G	2134
NC_045512.2	19682	A	2118
NC_045512.2	19683	A	2084
NC_045512.2	19684	G	2120
NC_045512.2	19685	T	2151
NC_045512.2	19686	A	2106
NC_045512.2	19687	C	1971
NC_045512.2	19688	C	1938
NC_045512.2	19689	A	1871
NC_045512.2	19690	G	1899
NC_045512.2	19691	T	1875
NC_045512.2	19692	T	1879
NC_045512.2	19693	T	1801
NC_045512.2	19694	C	1810
NC_045512.2	19695	T	1742
NC_045512.2	19696	A	1794
NC_045512.2	19697	T	1783
NC_045512.2	19698	C	1799
NC_045512.2	19699	A	1758
NC_045512.2	19700	T	1744
NC_045512.2	19701	T	1763
NC_045512.2	19702	A	1832
NC_045512.2	19703	A	1819
NC_045512.2	19704	T	1716
NC_045512.2	19705	A	1756
NC_045512.2	19706	A	1783
NC_045512.2	19707	C	1787
NC_045512.2	19708	A	1772
NC_045512.2	19709	C	1795
NC_045512.2	19710	T	1643
NC_045512.2	19711	G	1726
NC_045512.2	19712	T	1257
NC_045512.2	19713	T	1739
NC_045512.2	19714	T	2258
NC_045512.2	19715	A	2252
NC_045512.2	19716	C	2263
NC_045512.2	19717	A	2232
NC_045512.2	19718	C	2251
NC_045512.2	19719	A	2206
NC_045512.2	19720	A	2206
NC_045512.2	19721	A	2061
NC_045512.2	19722	A	2166
NC_045512.2	19723	G	2131
NC_045512.2	19724	T	1673
NC_045512.2	19725	T	2158
NC_045512.2	19726	G	2186
NC_045512.2	19727	A	2168
NC_045512.2	19728	T	2158
NC_045512.2	19729	G	2178
NC_045512.2	19730	G	2181
NC_045512.2	19731	T	2016
NC_045512.2	19732	G	2142
NC_045512.2	19733	T	1713
NC_045512.2	19734	T	2181
NC_045512.2	19735	G	2159
NC_045512.2	19736	A	2175
NC_045512.2	19737	T	2158
NC_045512.2	19738	G	2160
NC_045512.2	19739	T	2125
NC_045512.2	19740	A	2091
NC_045512.2	19741	G	2087
NC_045512.2	19742	A	2088
NC_045512.2	19743	A	2106
NC_045512.2	19744	T	2111
NC_045512.2	19745	T	1880
NC_045512.2	19746	G	1850
NC_045512.2	19747	T	1752
NC_045512.2	19748	T	1788
NC_045512.2	19749	T	1841
NC_045512.2	19750	G	1819
NC_045512.2	19751	A	1843
NC_045512.2	19752	A	1825
NC_045512.2	19753	A	1829
NC_045512.2	19754	A	1868
NC_045512.2	19755	T	1873
NC_045512.2	19756	A	1894
NC_045512.2	19757	A	1914
NC_045512.2	19758	A	1906
NC_045512.2	19759	A	1954
NC_045512.2	19760	C	1959
NC_045512.2	19761	A	1930
NC_045512.2	19762	A	1962
NC_045512.2	19763	C	1967
NC_045512.2	19764	A	1947
NC_045512.2	19765	T	1941
NC_045512.2	19766	T	1962
NC_045512.2	19767	A	1391
NC_045512.2	19768	C	1495
NC_045512.2	19769	C	1469
NC_045512.2	19770	T	1555
NC_045512.2	19771	G	1584
NC_045512.2	19772	T	1313
NC_045512.2	19773	T	1533
NC_045512.2	19774	A	1590
NC_045512.2	19775	A	1656
NC_045512.2	19776	T	1657
NC_045512.2	19777	G	1667
NC_045512.2	19778	T	1651
NC_045512.2	19779	A	1651
NC_045512.2	19780	G	1656
NC_045512.2	19781	C	1818
NC_045512.2	19782	A	1818
NC_045512.2	19783	T	1671
NC_045512.2	19784	T	1831
NC_045512.2	19785	T	1842
NC_045512.2	19786	G	1849
NC_045512.2	19787	A	1845
NC_045512.2	19788	G	1858
NC_045512.2	19789	C	1974
NC_045512.2	19790	T	1897
NC_045512.2	19791	T	2039
NC_045512.2	19792	T	2060
NC_045512.2	19793	G	2050
NC_045512.2	19794	G	2074
NC_045512.2	19795	G	2063
NC_045512.2	19796	C	2088
NC_045512.2	19797	T	2078
NC_045512.2	19798	A	2060
NC_045512.2	19799	A	2081
NC_045512.2	19800	G	2094
NC_045512.2	19801	C	2098
NC_045512.2	19802	G	2055
NC_045512.2	19803	C	2060
NC_045512.2	19804	A	2048
NC_045512.2	19805	A	2032
NC_045512.2	19806	C	2067
NC_045512.2	19807	A	2065
NC_045512.2	19808	T	2059
NC_045512.2	19809	T	2037
NC_045512.2	19810	A	1953
NC_045512.2	19811	A	2011
NC_045512.2	19812	A	2017
NC_045512.2	19813	C	2012
NC_045512.2	19814	C	1920
NC_045512.2	19815	A	1328
NC_045512.2	19816	G	1322
NC_045512.2	19817	T	1317
NC_045512.2	19818	A	1318
NC_045512.2	19819	C	1311
NC_045512.2	19820	C	1295
NC_045512.2	19821	A	1287
NC_045512.2	19822	G	1290
NC_045512.2	19823	A	1270
NC_045512.2	19824	G	1270
NC_045512.2	19825	G	1253
NC_045512.2	19826	T	1219
NC_045512.2	19827	G	1217
NC_045512.2	19828	A	1174
NC_045512.2	19829	A	1213
NC_045512.2	19830	A	1206
NC_045512.2	19831	A	1201
NC_045512.2	19832	T	1201
NC_045512.2	19833	A	1185
NC_045512.2	19834	C	1191
NC_045512.2	19835	T	1138
NC_045512.2	19836	C	1155
NC_045512.2	19837	A	1135
NC_045512.2	19838	A	1138
NC_045512.2	19839	T	1118
NC_045512.2	19840	A	1125
NC_045512.2	19841	A	1127
NC_045512.2	19842	T	1127
NC_045512.2	19843	T	1117
NC_045512.2	19844	T	1129
NC_045512.2	19845	G	1128
NC_045512.2	19846	G	1118
NC_045512.2	19847	G	1126
NC_045512.2	19848	T	1108
NC_045512.2	19849	G	1117
NC_045512.2	19850	T	1087
NC_045512.2	19851	G	1075
NC_045512.2	19852	G	1078
NC_045512.2	19853	A	1065
NC_045512.2	19854	C	1074
NC_045512.2	19855	A	997
NC_045512.2	19856	T	1003
NC_045512.2	19857	T	1000
NC_045512.2	19858	G	993
NC_045512.2	19859	C	993
NC_045512.2	19860	T	950
NC_045512.2	19861	G	949
NC_045512.2	19862	C	941
NC_045512.2	19863	T	902
NC_045512.2	19864	A	923
NC_045512.2	19865	A	913
NC_045512.2	19866	T	924
NC_045512.2	19867	A	878
NC_045512.2	19868	C	880
NC_045512.2	19869	T	765
NC_045512.2	19870	G	755
NC_045512.2	19871	T	652
NC_045512.2	19872	G	649
NC_045512.2	19873	A	645
NC_045512.2	19874	T	600
NC_045512.2	19875	C	627
NC_045512.2	19876	T	557
NC_045512.2	19877	G	544
NC_045512.2	19878	G	535
NC_045512.2	19879	G	539
NC_045512.2	19880	A	511
NC_045512.2	19881	C	479
NC_045512.2	19882	T	326
NC_045512.2	19883	A	290
NC_045512.2	19884	C	318
NC_045512.2	19885	A	305
NC_045512.2	19886	A	307
NC_045512.2	19887	A	292
NC_045512.2	19888	A	274
NC_045512.2	19889	G	284
NC_045512.2	19890	A	136
NC_045512.2	19891	G	136
NC_045512.2	19892	A	66
NC_045512.2	19893	T	13
NC_045512.2	19894	G	12
NC_045512.2	19895	C	4
NC_045512.2	19896	T	2
NC_045512.2	19897	C	2
NC_045512.2	19898	C	2
NC_045512.2	19899	A	1
NC_045512.2	19900	G	1
NC_045512.2	19901	C	1
NC_045512.2	19902	A	1
NC_045512.2	19903	C	1
NC_045512.2	19904	A	1
NC_045512.2	19905	T	1
NC_045512.2	19906	A	1
NC_045512.2	19907	T	1
NC_045512.2	19908	A	1
NC_045512.2	19909	T	1
NC_045512.2	19910	C	1
NC_045512.2	19911	T	1
NC_045512.2	19912	A	1
NC_045512.2	19913	C	1
NC_045512.2	19914	T	1
NC_045512.2	19915	A	1
NC_045512.2	19916	T	1
NC_045512.2	19917	T	1
NC_045512.2	19918	G	1
NC_045512.2	19919	G	1
NC_045512.2	19920	T	1
NC_045512.2	19921	G	1
NC_045512.2	19922	T	1
NC_045512.2	19923	T	1
NC_045512.2	19924	T	1
NC_045512.2	19925	G	1
NC_045512.2	19926	T	1
NC_045512.2	19927	T	1
NC_045512.2	19928	C	1
NC_045512.2	19929	T	1
NC_045512.2	19930	A	1
NC_045512.2	19931	T	1
NC_045512.2	19932	G	1
NC_045512.2	19933	A	1
NC_045512.2	19934	C	1
NC_045512.2	19935	T	1
NC_045512.2	19936	G	1
NC_045512.2	19937	A	1
NC_045512.2	19938	C	1
NC_045512.2	19939	A	1
NC_045512.2	19940	T	1
NC_045512.2	19941	A	1
NC_045512.2	19942	G	1
NC_045512.2	19943	C	1
NC_045512.2	19944	C	1
NC_045512.2	19945	A	1
NC_045512.2	19946	A	1
NC_045512.2	19947	G	1
NC_045512.2	19948	A	1
NC_045512.2	19949	A	1
NC_045512.2	19950	A	1
NC_045512.2	19951	C	1
NC_045512.2	19952	C	1
NC_045512.2	19953	A	1
NC_045512.2	19954	A	1
NC_045512.2	19955	C	1
NC_045512.2	19956	T	1
NC_045512.2	19957	G	1
NC_045512.2	19958	A	1
NC_045512.2	19959	A	1
NC_045512.2	19960	A	1
NC_045512.2	19961	C	1
NC_045512.2	19962	G	1
NC_045512.2	19963	A	1
NC_045512.2	19964	T	1
NC_045512.2	19965	T	1
NC_045512.2	19966	T	1
NC_045512.2	19967	G	1
NC_045512.2	19968	T	1
NC_045512.2	19969	G	1
NC_045512.2	19970	C	1
NC_045512.2	19971	A	1
NC_045512.2	19972	C	1
NC_045512.2	19973	C	1
NC_045512.2	19974	A	1
NC_045512.2	19975	C	1
NC_045512.2	19976	T	1
NC_045512.2	19977	C	1
NC_045512.2	19978	A	1
NC_045512.2	19979	C	1
NC_045512.2	19980	T	1
NC_045512.2	19981	G	1
NC_045512.2	19982	T	1
NC_045512.2	19983	C	1
NC_045512.2	19984	T	1
NC_045512.2	19985	T	1
NC_045512.2	19986	T	1
NC_045512.2	19987	T	1
NC_045512.2	19988	T	1
NC_045512.2	19989	T	1
NC_045512.2	19990	G	1
NC_045512.2	19991	A	1
NC_045512.2	19992	T	1
NC_045512.2	19993	G	1
NC_045512.2	19994	G	1
NC_045512.2	19995	T	1
NC_045512.2	19996	A	1
NC_045512.2	19997	G	1
NC_045512.2	19998	A	1
NC_045512.2	19999	G	1
NC_045512.2	20000	T	0
NC_045512.2	20001	T	1
NC_045512.2	20002	G	1
NC_045512.2	20003	A	1
NC_045512.2	20004	T	1
NC_045512.2	20005	G	1
NC_045512.2	20006	G	1
NC_045512.2	20007	T	1
NC_045512.2	20008	C	1
NC_045512.2	20009	A	1
NC_045512.2	20010	A	1
NC_045512.2	20011	G	1
NC_045512.2	20012	T	1
NC_045512.2	20013	A	1
NC_045512.2	20014	G	1
NC_045512.2	20015	A	1
NC_045512.2	20016	C	1
NC_045512.2	20017	T	1
NC_045512.2	20018	T	1
NC_045512.2	20019	A	1
NC_045512.2	20020	T	1
NC_045512.2	20021	T	1
NC_045512.2	20022	T	1
NC_045512.2	20023	A	1
NC_045512.2	20024	G	1
NC_045512.2	20025	A	1
NC_045512.2	20026	A	1
NC_045512.2	20027	A	1
NC_045512.2	20028	T	1
NC_045512.2	20029	G	1
NC_045512.2	20030	C	1
NC_045512.2	20031	C	1
NC_045512.2	20032	C	1
NC_045512.2	20033	G	1
NC_045512.2	20034	T	1
NC_045512.2	20035	A	1
NC_045512.2	20036	A	1
NC_045512.2	20037	T	1
NC_045512.2	20038	G	1
NC_045512.2	20039	G	1
NC_045512.2	20040	T	1
NC_045512.2	20041	G	1
NC_045512.2	20042	T	1
NC_045512.2	20043	T	1
NC_045512.2	20044	C	1
NC_045512.2	20045	T	1
NC_045512.2	20046	T	1
NC_045512.2	20047	A	1
NC_045512.2	20048	T	1
NC_045512.2	20049	T	1
NC_045512.2	20050	A	1
NC_045512.2	20051	C	1
NC_045512.2	20052	A	1
NC_045512.2	20053	G	1
NC_045512.2	20054	A	0
NC_045512.2	20055	A	0
NC_045512.2	20056	G	0
NC_045512.2	20057	G	0
NC_045512.2	20058	T	0
NC_045512.2	20059	A	0
NC_045512.2	20060	G	0
NC_045512.2	20061	T	0
NC_045512.2	20062	G	0
NC_045512.2	20063	T	0
NC_045512.2	20064	T	0
NC_045512.2	20065	A	0
NC_045512.2	20066	A	0
NC_045512.2	20067	A	0
NC_045512.2	20068	G	0
NC_045512.2	20069	G	0
NC_045512.2	20070	T	0
NC_045512.2	20071	T	0
NC_045512.2	20072	T	0
NC_045512.2	20073	A	0
NC_045512.2	20074	C	0
NC_045512.2	20075	A	0
NC_045512.2	20076	A	0
NC_045512.2	20077	C	0
NC_045512.2	20078	C	0
NC_045512.2	20079	A	0
NC_045512.2	20080	T	0
NC_045512.2	20081	C	0
NC_045512.2	20082	T	0
NC_045512.2	20083	G	0
NC_045512.2	20084	T	0
NC_045512.2	20085	A	0
NC_045512.2	20086	G	0
NC_045512.2	20087	G	0
NC_045512.2	20088	T	0
NC_045512.2	20089	C	0
NC_045512.2	20090	C	0
NC_045512.2	20091	C	0
NC_045512.2	20092	A	0
NC_045512.2	20093	A	0
NC_045512.2	20094	A	0
NC_045512.2	20095	C	1
NC_045512.2	20096	A	6
NC_045512.2	20097	A	74
NC_045512.2	20098	G	78
NC_045512.2	20099	C	79
NC_045512.2	20100	T	79
NC_045512.2	20101	A	299
NC_045512.2	20102	G	701
NC_045512.2	20103	T	755
NC_045512.2	20104	C	784
NC_045512.2	20105	T	789
NC_045512.2	20106	T	784
NC_045512.2	20107	A	778
NC_045512.2	20108	A	737
NC_045512.2	20109	T	792
NC_045512.2	20110	G	799
NC_045512.2	20111	G	847
NC_045512.2	20112	A	849
NC_045512.2	20113	G	873
NC_045512.2	20114	T	871
NC_045512.2	20115	C	882
NC_045512.2	20116	A	839
NC_045512.2	20117	C	951
NC_045512.2	20118	A	929
NC_045512.2	20119	T	954
NC_045512.2	20120	T	959
NC_045512.2	20121	A	967
NC_045512.2	20122	A	825
NC_045512.2	20123	T	1018
NC_045512.2	20124	T	1011
NC_045512.2	20125	G	1019
NC_045512.2	20126	G	1026
NC_045512.2	20127	A	1034
NC_045512.2	20128	G	1031
NC_045512.2	20129	A	944
NC_045512.2	20130	A	1019
NC_045512.2	20131	G	1064
NC_045512.2	20132	C	1063
NC_045512.2	20133	C	1070
NC_045512.2	20134	G	1125
NC_045512.2	20135	T	1143
NC_045512.2	20136	A	1144
NC_045512.2	20137	A	1150
NC_045512.2	20138	A	1068
NC_045512.2	20139	A	1157
NC_045512.2	20140	A	1145
NC_045512.2	20141	C	1165
NC_045512.2	20142	A	1127
NC_045512.2	20143	C	1163
NC_045512.2	20144	A	1155
NC_045512.2	20145	G	1202
NC_045512.2	20146	T	1191
NC_045512.2	20147	T	1204
NC_045512.2	20148	C	1208
NC_045512.2	20149	A	1124
NC_045512.2	20150	A	1222
NC_045512.2	20151	T	1235
NC_045512.2	20152	T	1243
NC_045512.2	20153	A	1228
NC_045512.2	20154	T	1249
NC_045512.2	20155	T	1258
NC_045512.2	20156	A	1242
NC_045512.2	20157	T	1246
NC_045512.2	20158	A	1247
NC_045512.2	20159	A	1263
NC_045512.2	20160	G	1276
NC_045512.2	20161	A	1037
NC_045512.2	20162	A	1279
NC_045512.2	20163	A	1333
NC_045512.2	20164	G	1391
NC_045512.2	20165	T	1376
NC_045512.2	20166	T	1390
NC_045512.2	20167	G	1403
NC_045512.2	20168	A	1415
NC_045512.2	20169	T	1410
NC_045512.2	20170	G	1414
NC_045512.2	20171	G	1463
NC_045512.2	20172	T	1460
NC_045512.2	20173	G	1483
NC_045512.2	20174	T	1467
NC_045512.2	20175	T	1477
NC_045512.2	20176	G	1579
NC_045512.2	20177	T	1579
NC_045512.2	20178	C	1582
NC_045512.2	20179	C	1569
NC_045512.2	20180	A	1580
NC_045512.2	20181	A	1609
NC_045512.2	20182	C	1602
NC_045512.2	20183	A	1531
NC_045512.2	20184	A	1601
NC_045512.2	20185	T	1578
NC_045512.2	20186	T	1544
NC_045512.2	20187	A	1557
NC_045512.2	20188	C	1611
NC_045512.2	20189	C	1603
NC_045512.2	20190	T	1605
NC_045512.2	20191	G	1614
NC_045512.2	20192	A	1620
NC_045512.2	20193	A	1587
NC_045512.2	20194	A	1616
NC_045512.2	20195	C	1632
NC_045512.2	20196	T	1633
NC_045512.2	20197	T	1618
NC_045512.2	20198	A	1705
NC_045512.2	20199	C	1813
NC_045512.2	20200	T	1823
NC_045512.2	20201	T	1793
NC_045512.2	20202	T	1655
NC_045512.2	20203	A	1459
NC_045512.2	20204	C	1421
NC_045512.2	20205	T	1421
NC_045512.2	20206	C	1411
NC_045512.2	20207	A	1362
NC_045512.2	20208	G	1483
NC_045512.2	20209	A	1490
NC_045512.2	20210	G	1494
NC_045512.2	20211	T	1483
NC_045512.2	20212	A	1448
NC_045512.2	20213	G	1455
NC_045512.2	20214	A	1507
NC_045512.2	20215	A	1503
NC_045512.2	20216	A	1522
NC_045512.2	20217	T	1443
NC_045512.2	20218	T	1441
NC_045512.2	20219	T	1452
NC_045512.2	20220	A	1471
NC_045512.2	20221	C	1435
NC_045512.2	20222	A	1439
NC_045512.2	20223	A	1445
NC_045512.2	20224	G	1445
NC_045512.2	20225	A	1356
NC_045512.2	20226	A	1477
NC_045512.2	20227	T	1441
NC_045512.2	20228	T	1487
NC_045512.2	20229	T	1497
NC_045512.2	20230	A	1457
NC_045512.2	20231	A	1493
NC_045512.2	20232	A	1299
NC_045512.2	20233	C	1488
NC_045512.2	20234	C	1439
NC_045512.2	20235	C	1413
NC_045512.2	20236	A	1392
NC_045512.2	20237	G	1420
NC_045512.2	20238	G	1426
NC_045512.2	20239	A	1432
NC_045512.2	20240	G	1444
NC_045512.2	20241	T	1443
NC_045512.2	20242	C	1437
NC_045512.2	20243	A	1426
NC_045512.2	20244	A	1416
NC_045512.2	20245	A	1437
NC_045512.2	20246	T	1418
NC_045512.2	20247	G	1414
NC_045512.2	20248	G	1418
NC_045512.2	20249	A	1397
NC_045512.2	20250	A	1437
NC_045512.2	20251	A	1423
NC_045512.2	20252	T	1423
NC_045512.2	20253	T	1408
NC_045512.2	20254	G	1419
NC_045512.2	20255	A	1418
NC_045512.2	20256	T	1424
NC_045512.2	20257	T	1419
NC_045512.2	20258	T	1328
NC_045512.2	20259	C	1431
NC_045512.2	20260	T	1449
NC_045512.2	20261	T	1448
NC_045512.2	20262	A	1443
NC_045512.2	20263	G	1458
NC_045512.2	20264	A	1393
NC_045512.2	20265	A	1403
NC_045512.2	20266	T	1337
NC_045512.2	20267	T	1417
NC_045512.2	20268	A	1317
NC_045512.2	20269	G	1371
NC_045512.2	20270	C	1355
NC_045512.2	20271	T	1321
NC_045512.2	20272	A	1328
NC_045512.2	20273	T	1357
NC_045512.2	20274	G	1343
NC_045512.2	20275	G	1376
NC_045512.2	20276	A	1369
NC_045512.2	20277	T	1323
NC_045512.2	20278	G	1308
NC_045512.2	20279	A	1312
NC_045512.2	20280	A	1318
NC_045512.2	20281	T	1315
NC_045512.2	20282	T	1254
NC_045512.2	20283	C	1343
NC_045512.2	20284	A	1323
NC_045512.2	20285	T	1338
NC_045512.2	20286	T	1292
NC_045512.2	20287	G	1347
NC_045512.2	20288	A	1323
NC_045512.2	20289	A	1314
NC_045512.2	20290	C	1336
NC_045512.2	20291	G	1326
NC_045512.2	20292	G	1490
NC_045512.2	20293	T	1471
NC_045512.2	20294	A	1477
NC_045512.2	20295	T	1486
NC_045512.2	20296	A	1471
NC_045512.2	20297	A	1476
NC_045512.2	20298	A	1478
NC_045512.2	20299	T	1430
NC_045512.2	20300	T	1323
NC_045512.2	20301	A	1232
NC_045512.2	20302	G	1247
NC_045512.2	20303	A	1006
NC_045512.2	20304	A	1181
NC_045512.2	20305	G	1209
NC_045512.2	20306	G	1208
NC_045512.2	20307	C	1170
NC_045512.2	20308	T	1102
NC_045512.2	20309	A	1155
NC_045512.2	20310	T	1149
NC_045512.2	20311	G	1153
NC_045512.2	20312	C	1181
NC_045512.2	20313	C	1177
NC_045512.2	20314	T	1091
NC_045512.2	20315	T	998
NC_045512.2	20316	C	1013
NC_045512.2	20317	G	1017
NC_045512.2	20318	A	965
NC_045512.2	20319	A	1017
NC_045512.2	20320	C	1032
NC_045512.2	20321	A	1004
NC_045512.2	20322	T	953
NC_045512.2	20323	A	993
NC_045512.2	20324	T	1002
NC_045512.2	20325	C	989
NC_045512.2	20326	G	987
NC_045512.2	20327	T	816
NC_045512.2	20328	T	945
NC_045512.2	20329	T	926
NC_045512.2	20330	A	898
NC_045512.2	20331	T	941
NC_045512.2	20332	G	938
NC_045512.2	20333	G	931
NC_045512.2	20334	A	918
NC_045512.2	20335	G	927
NC_045512.2	20336	A	909
NC_045512.2	20337	T	924
NC_045512.2	20338	T	914
NC_045512.2	20339	T	900
NC_045512.2	20340	T	879
NC_045512.2	20341	A	879
NC_045512.2	20342	G	889
NC_045512.2	20343	T	864
NC_045512.2	20344	C	873
NC_045512.2	20345	A	857
NC_045512.2	20346	T	915
NC_045512.2	20347	A	924
NC_045512.2	20348	G	931
NC_045512.2	20349	T	892
NC_045512.2	20350	C	942
NC_045512.2	20351	A	856
NC_045512.2	20352	G	884
NC_045512.2	20353	T	885
NC_045512.2	20354	T	885
NC_045512.2	20355	A	887
NC_045512.2	20356	G	895
NC_045512.2	20357	G	892
NC_045512.2	20358	T	879
NC_045512.2	20359	G	868
NC_045512.2	20360	G	869
NC_045512.2	20361	T	663
NC_045512.2	20362	T	875
NC_045512.2	20363	T	876
NC_045512.2	20364	A	875
NC_045512.2	20365	C	879
NC_045512.2	20366	A	862
NC_045512.2	20367	T	856
NC_045512.2	20368	C	823
NC_045512.2	20369	T	794
NC_045512.2	20370	A	795
NC_045512.2	20371	C	796
NC_045512.2	20372	T	784
NC_045512.2	20373	G	783
NC_045512.2	20374	A	844
NC_045512.2	20375	T	851
NC_045512.2	20376	T	838
NC_045512.2	20377	G	824
NC_045512.2	20378	G	845
NC_045512.2	20379	A	841
NC_045512.2	20380	C	849
NC_045512.2	20381	T	821
NC_045512.2	20382	A	776
NC_045512.2	20383	G	783
NC_045512.2	20384	C	810
NC_045512.2	20385	T	823
NC_045512.2	20386	A	807
NC_045512.2	20387	A	833
NC_045512.2	20388	A	839
NC_045512.2	20389	C	1127
NC_045512.2	20390	G	1124
NC_045512.2	20391	T	1091
NC_045512.2	20392	T	1067
NC_045512.2	20393	T	1266
NC_045512.2	20394	T	1252
NC_045512.2	20395	A	1255
NC_045512.2	20396	A	1260
NC_045512.2	20397	G	1265
NC_045512.2	20398	G	1263
NC_045512.2	20399	A	1243
NC_045512.2	20400	A	1229
NC_045512.2	20401	T	1163
NC_045512.2	20402	C	1251
NC_045512.2	20403	A	1204
NC_045512.2	20404	C	1423
NC_045512.2	20405	C	1368
NC_045512.2	20406	T	1378
NC_045512.2	20407	T	1330
NC_045512.2	20408	T	1381
NC_045512.2	20409	T	1375
NC_045512.2	20410	G	1356
NC_045512.2	20411	A	1358
NC_045512.2	20412	A	1373
NC_045512.2	20413	T	1363
NC_045512.2	20414	T	1382
NC_045512.2	20415	A	1362
NC_045512.2	20416	G	1379
NC_045512.2	20417	A	1346
NC_045512.2	20418	A	1372
NC_045512.2	20419	G	1383
NC_045512.2	20420	A	1361
NC_045512.2	20421	T	1376
NC_045512.2	20422	T	1369
NC_045512.2	20423	T	1358
NC_045512.2	20424	T	1299
NC_045512.2	20425	A	1390
NC_045512.2	20426	T	1394
NC_045512.2	20427	T	1389
NC_045512.2	20428	C	1457
NC_045512.2	20429	C	1460
NC_045512.2	20430	T	1435
NC_045512.2	20431	A	1465
NC_045512.2	20432	T	1435
NC_045512.2	20433	G	1479
NC_045512.2	20434	G	1475
NC_045512.2	20435	A	1476
NC_045512.2	20436	C	1493
NC_045512.2	20437	A	1497
NC_045512.2	20438	G	1517
NC_045512.2	20439	T	1511
NC_045512.2	20440	A	1510
NC_045512.2	20441	C	1520
NC_045512.2	20442	A	1520
NC_045512.2	20443	G	1533
NC_045512.2	20444	T	1521
NC_045512.2	20445	T	1533
NC_045512.2	20446	A	1536
NC_045512.2	20447	A	1440
NC_045512.2	20448	A	1460
NC_045512.2	20449	A	1450
NC_045512.2	20450	A	1438
NC_045512.2	20451	C	1471
NC_045512.2	20452	T	1393
NC_045512.2	20453	A	1398
NC_045512.2	20454	T	1433
NC_045512.2	20455	T	1422
NC_045512.2	20456	T	1407
NC_045512.2	20457	C	1432
NC_045512.2	20458	A	1432
NC_045512.2	20459	T	1428
NC_045512.2	20460	A	1432
NC_045512.2	20461	A	1432
NC_045512.2	20462	C	1470
NC_045512.2	20463	A	1396
NC_045512.2	20464	G	1426
NC_045512.2	20465	A	1270
NC_045512.2	20466	T	1409
NC_045512.2	20467	G	1409
NC_045512.2	20468	C	1414
NC_045512.2	20469	G	1407
NC_045512.2	20470	C	1415
NC_045512.2	20471	A	1387
NC_045512.2	20472	A	1402
NC_045512.2	20473	A	1203
NC_045512.2	20474	C	1414
NC_045512.2	20475	A	1284
NC_045512.2	20476	G	1235
NC_045512.2	20477	G	1283
NC_045512.2	20478	T	1252
NC_045512.2	20479	T	1260
NC_045512.2	20480	C	1254
NC_045512.2	20481	A	1280
NC_045512.2	20482	T	1267
NC_045512.2	20483	C	1284
NC_045512.2	20484	T	1261
NC_045512.2	20485	A	1179
NC_045512.2	20486	A	1152
NC_045512.2	20487	G	1211
NC_045512.2	20488	T	1161
NC_045512.2	20489	G	1158
NC_045512.2	20490	T	609
NC_045512.2	20491	G	599
NC_045512.2	20492	T	596
NC_045512.2	20493	G	678
NC_045512.2	20494	T	666
NC_045512.2	20495	G	689
NC_045512.2	20496	T	682
NC_045512.2	20497	T	679
NC_045512.2	20498	C	654
NC_045512.2	20499	T	664
NC_045512.2	20500	G	695
NC_045512.2	20501	T	686
NC_045512.2	20502	T	678
NC_045512.2	20503	A	625
NC_045512.2	20504	T	676
NC_045512.2	20505	T	537
NC_045512.2	20506	G	537
NC_045512.2	20507	A	548
NC_045512.2	20508	T	545
NC_045512.2	20509	T	536
NC_045512.2	20510	T	539
NC_045512.2	20511	A	547
NC_045512.2	20512	T	543
NC_045512.2	20513	T	532
NC_045512.2	20514	A	530
NC_045512.2	20515	C	536
NC_045512.2	20516	T	532
NC_045512.2	20517	T	520
NC_045512.2	20518	G	546
NC_045512.2	20519	A	547
NC_045512.2	20520	T	526
NC_045512.2	20521	G	529
NC_045512.2	20522	A	500
NC_045512.2	20523	T	531
NC_045512.2	20524	T	546
NC_045512.2	20525	T	553
NC_045512.2	20526	T	548
NC_045512.2	20527	G	572
NC_045512.2	20528	T	549
NC_045512.2	20529	T	529
NC_045512.2	20530	G	539
NC_045512.2	20531	A	539
NC_045512.2	20532	A	535
NC_045512.2	20533	A	539
NC_045512.2	20534	T	513
NC_045512.2	20535	A	460
NC_045512.2	20536	A	528
NC_045512.2	20537	T	514
NC_045512.2	20538	A	397
NC_045512.2	20539	A	498
NC_045512.2	20540	A	452
NC_045512.2	20541	A	517
NC_045512.2	20542	T	514
NC_045512.2	20543	C	501
NC_045512.2	20544	C	496
NC_045512.2	20545	C	496
NC_045512.2	20546	A	503
NC_045512.2	20547	A	547
NC_045512.2	20548	G	561
NC_045512.2	20549	A	516
NC_045512.2	20550	T	556
NC_045512.2	20551	T	561
NC_045512.2	20552	T	555
NC_045512.2	20553	A	562
NC_045512.2	20554	T	564
NC_045512.2	20555	C	556
NC_045512.2	20556	T	556
NC_045512.2	20557	G	556
NC_045512.2	20558	T	555
NC_045512.2	20559	A	561
NC_045512.2	20560	G	569
NC_045512.2	20561	T	580
NC_045512.2	20562	T	599
NC_045512.2	20563	T	572
NC_045512.2	20564	C	560
NC_045512.2	20565	T	558
NC_045512.2	20566	A	561
NC_045512.2	20567	A	565
NC_045512.2	20568	G	565
NC_045512.2	20569	G	571
NC_045512.2	20570	T	567
NC_045512.2	20571	T	539
NC_045512.2	20572	G	564
NC_045512.2	20573	T	565
NC_045512.2	20574	C	555
NC_045512.2	20575	A	537
NC_045512.2	20576	A	524
NC_045512.2	20577	A	550
NC_045512.2	20578	G	551
NC_045512.2	20579	T	557
NC_045512.2	20580	G	566
NC_045512.2	20581	A	589
NC_045512.2	20582	C	567
NC_045512.2	20583	T	548
NC_045512.2	20584	A	579
NC_045512.2	20585	T	552
NC_045512.2	20586	T	583
NC_045512.2	20587	G	583
NC_045512.2	20588	A	572
NC_045512.2	20589	C	596
NC_045512.2	20590	T	582
NC_045512.2	20591	A	586
NC_045512.2	20592	T	584
NC_045512.2	20593	A	558
NC_045512.2	20594	C	526
NC_045512.2	20595	A	521
NC_045512.2	20596	G	519
NC_045512.2	20597	A	526
NC_045512.2	20598	A	550
NC_045512.2	20599	A	585
NC_045512.2	20600	T	579
NC_045512.2	20601	T	563
NC_045512.2	20602	T	559
NC_045512.2	20603	C	575
NC_045512.2	20604	A	569
NC_045512.2	20605	T	559
NC_045512.2	20606	T	571
NC_045512.2	20607	T	570
NC_045512.2	20608	A	579
NC_045512.2	20609	T	577
NC_045512.2	20610	G	579
NC_045512.2	20611	C	582
NC_045512.2	20612	T	575
NC_045512.2	20613	T	546
NC_045512.2	20614	T	580
NC_045512.2	20615	G	598
NC_045512.2	20616	G	622
NC_045512.2	20617	T	613
NC_045512.2	20618	G	621
NC_045512.2	20619	T	612
NC_045512.2	20620	A	615
NC_045512.2	20621	A	601
NC_045512.2	20622	A	605
NC_045512.2	20623	G	629
NC_045512.2	20624	A	577
NC_045512.2	20625	T	577
NC_045512.2	20626	G	572
NC_045512.2	20627	G	573
NC_045512.2	20628	C	569
NC_045512.2	20629	C	561
NC_045512.2	20630	A	564
NC_045512.2	20631	T	497
NC_045512.2	20632	G	568
NC_045512.2	20633	T	570
NC_045512.2	20634	A	580
NC_045512.2	20635	G	578
NC_045512.2	20636	A	568
NC_045512.2	20637	A	578
NC_045512.2	20638	A	588
NC_045512.2	20639	C	589
NC_045512.2	20640	A	576
NC_045512.2	20641	T	582
NC_045512.2	20642	T	566
NC_045512.2	20643	T	562
NC_045512.2	20644	T	565
NC_045512.2	20645	A	575
NC_045512.2	20646	C	574
NC_045512.2	20647	C	533
NC_045512.2	20648	C	531
NC_045512.2	20649	A	521
NC_045512.2	20650	A	524
NC_045512.2	20651	A	516
NC_045512.2	20652	A	523
NC_045512.2	20653	T	525
NC_045512.2	20654	T	526
NC_045512.2	20655	A	522
NC_045512.2	20656	C	521
NC_045512.2	20657	A	520
NC_045512.2	20658	A	511
NC_045512.2	20659	T	474
NC_045512.2	20660	C	498
NC_045512.2	20661	T	483
NC_045512.2	20662	A	488
NC_045512.2	20663	G	475
NC_045512.2	20664	T	524
NC_045512.2	20665	C	541
NC_045512.2	20666	A	538
NC_045512.2	20667	A	525
NC_045512.2	20668	G	523
NC_045512.2	20669	C	605
NC_045512.2	20670	G	607
NC_045512.2	20671	T	583
NC_045512.2	20672	G	585
NC_045512.2	20673	G	583
NC_045512.2	20674	C	672
NC_045512.2	20675	A	689
NC_045512.2	20676	A	685
NC_045512.2	20677	C	683
NC_045512.2	20678	C	674
NC_045512.2	20679	G	671
NC_045512.2	20680	G	657
NC_045512.2	20681	G	722
NC_045512.2	20682	T	790
NC_045512.2	20683	G	799
NC_045512.2	20684	T	830
NC_045512.2	20685	T	903
NC_045512.2	20686	G	1021
NC_045512.2	20687	C	1027
NC_045512.2	20688	T	1011
NC_045512.2	20689	A	1023
NC_045512.2	20690	T	1097
NC_045512.2	20691	G	1297
NC_045512.2	20692	C	1279
NC_045512.2	20693	C	1279
NC_045512.2	20694	T	1270
NC_045512.2	20695	A	1265
NC_045512.2	20696	A	1275
NC_045512.2	20697	T	1283
NC_045512.2	20698	C	1317
NC_045512.2	20699	T	1178
NC_045512.2	20700	T	1240
NC_045512.2	20701	T	1237
NC_045512.2	20702	A	1243
NC_045512.2	20703	C	1248
NC_045512.2	20704	A	1236
NC_045512.2	20705	A	1242
NC_045512.2	20706	A	1090
NC_045512.2	20707	A	1263
NC_045512.2	20708	T	1266
NC_045512.2	20709	G	1273
NC_045512.2	20710	C	1265
NC_045512.2	20711	A	1261
NC_045512.2	20712	A	1269
NC_045512.2	20713	A	1180
NC_045512.2	20714	G	1625
NC_045512.2	20715	A	1575
NC_045512.2	20716	A	1572
NC_045512.2	20717	T	1616
NC_045512.2	20718	G	1619
NC_045512.2	20719	C	1629
NC_045512.2	20720	T	1585
NC_045512.2	20721	A	1644
NC_045512.2	20722	T	1661
NC_045512.2	20723	T	1656
NC_045512.2	20724	A	1618
NC_045512.2	20725	G	1656
NC_045512.2	20726	A	1529
NC_045512.2	20727	A	1593
NC_045512.2	20728	A	1662
NC_045512.2	20729	A	1718
NC_045512.2	20730	G	1875
NC_045512.2	20731	T	1858
NC_045512.2	20732	G	1874
NC_045512.2	20733	T	1844
NC_045512.2	20734	G	1868
NC_045512.2	20735	A	1814
NC_045512.2	20736	C	1863
NC_045512.2	20737	C	1877
NC_045512.2	20738	T	1878
NC_045512.2	20739	T	1887
NC_045512.2	20740	C	1890
NC_045512.2	20741	A	1859
NC_045512.2	20742	A	1801
NC_045512.2	20743	A	1917
NC_045512.2	20744	A	1958
NC_045512.2	20745	T	1955
NC_045512.2	20746	T	1920
NC_045512.2	20747	A	1903
NC_045512.2	20748	T	1959
NC_045512.2	20749	G	1975
NC_045512.2	20750	G	1986
NC_045512.2	20751	T	1954
NC_045512.2	20752	G	2007
NC_045512.2	20753	A	2003
NC_045512.2	20754	T	1979
NC_045512.2	20755	A	1918
NC_045512.2	20756	G	2100
NC_045512.2	20757	T	2083
NC_045512.2	20758	G	2097
NC_045512.2	20759	C	2102
NC_045512.2	20760	A	2087
NC_045512.2	20761	A	2200
NC_045512.2	20762	C	2208
NC_045512.2	20763	A	2161
NC_045512.2	20764	T	2221
NC_045512.2	20765	T	2048
NC_045512.2	20766	A	2088
NC_045512.2	20767	C	2207
NC_045512.2	20768	C	2209
NC_045512.2	20769	T	2196
NC_045512.2	20770	A	2073
NC_045512.2	20771	A	2069
NC_045512.2	20772	A	1979
NC_045512.2	20773	G	2106
NC_045512.2	20774	G	2137
NC_045512.2	20775	C	2011
NC_045512.2	20776	A	2005
NC_045512.2	20777	T	1990
NC_045512.2	20778	A	1996
NC_045512.2	20779	A	2050
NC_045512.2	20780	T	2083
NC_045512.2	20781	G	2067
NC_045512.2	20782	A	2022
NC_045512.2	20783	T	1943
NC_045512.2	20784	G	1940
NC_045512.2	20785	A	1910
NC_045512.2	20786	A	1861
NC_045512.2	20787	T	1794
NC_045512.2	20788	G	1817
NC_045512.2	20789	T	1827
NC_045512.2	20790	C	1792
NC_045512.2	20791	G	1812
NC_045512.2	20792	C	1721
NC_045512.2	20793	A	1713
NC_045512.2	20794	A	1737
NC_045512.2	20795	A	1485
NC_045512.2	20796	A	1755
NC_045512.2	20797	T	1737
NC_045512.2	20798	A	1575
NC_045512.2	20799	T	1788
NC_045512.2	20800	A	1800
NC_045512.2	20801	C	1825
NC_045512.2	20802	T	1799
NC_045512.2	20803	C	1839
NC_045512.2	20804	A	1777
NC_045512.2	20805	A	1707
NC_045512.2	20806	C	1826
NC_045512.2	20807	T	1794
NC_045512.2	20808	G	1827
NC_045512.2	20809	T	1820
NC_045512.2	20810	G	1845
NC_045512.2	20811	T	1834
NC_045512.2	20812	C	1835
NC_045512.2	20813	A	1734
NC_045512.2	20814	A	1751
NC_045512.2	20815	T	1591
NC_045512.2	20816	A	1423
NC_045512.2	20817	T	1637
NC_045512.2	20818	T	1631
NC_045512.2	20819	T	1620
NC_045512.2	20820	A	1636
NC_045512.2	20821	A	1601
NC_045512.2	20822	A	1393
NC_045512.2	20823	C	1620
NC_045512.2	20824	A	1614
NC_045512.2	20825	C	1682
NC_045512.2	20826	A	1650
NC_045512.2	20827	T	1669
NC_045512.2	20828	T	1660
NC_045512.2	20829	A	1632
NC_045512.2	20830	A	1464
NC_045512.2	20831	C	1568
NC_045512.2	20832	A	1554
NC_045512.2	20833	T	1551
NC_045512.2	20834	T	1569
NC_045512.2	20835	A	1586
NC_045512.2	20836	G	1648
NC_045512.2	20837	C	1681
NC_045512.2	20838	T	1678
NC_045512.2	20839	G	1692
NC_045512.2	20840	T	1678
NC_045512.2	20841	A	1687
NC_045512.2	20842	C	1698
NC_045512.2	20843	C	1692
NC_045512.2	20844	C	1735
NC_045512.2	20845	T	1703
NC_045512.2	20846	A	1708
NC_045512.2	20847	T	1707
NC_045512.2	20848	A	1703
NC_045512.2	20849	A	1715
NC_045512.2	20850	T	1712
NC_045512.2	20851	A	1664
NC_045512.2	20852	T	1705
NC_045512.2	20853	G	1703
NC_045512.2	20854	A	1681
NC_045512.2	20855	G	1641
NC_045512.2	20856	A	1590
NC_045512.2	20857	G	1577
NC_045512.2	20858	T	1644
NC_045512.2	20859	T	1626
NC_045512.2	20860	A	1624
NC_045512.2	20861	T	1677
NC_045512.2	20862	A	1532
NC_045512.2	20863	C	1647
NC_045512.2	20864	A	1610
NC_045512.2	20865	T	1598
NC_045512.2	20866	T	1592
NC_045512.2	20867	T	1541
NC_045512.2	20868	T	1483
NC_045512.2	20869	G	1557
NC_045512.2	20870	G	1555
NC_045512.2	20871	T	1554
NC_045512.2	20872	G	1565
NC_045512.2	20873	C	1508
NC_045512.2	20874	T	1507
NC_045512.2	20875	G	1542
NC_045512.2	20876	G	1554
NC_045512.2	20877	T	1536
NC_045512.2	20878	T	1535
NC_045512.2	20879	C	1491
NC_045512.2	20880	T	1481
NC_045512.2	20881	G	1524
NC_045512.2	20882	A	1535
NC_045512.2	20883	T	1525
NC_045512.2	20884	A	1469
NC_045512.2	20885	A	1515
NC_045512.2	20886	A	1514
NC_045512.2	20887	G	1518
NC_045512.2	20888	G	1539
NC_045512.2	20889	A	1513
NC_045512.2	20890	G	1502
NC_045512.2	20891	T	1476
NC_045512.2	20892	T	1433
NC_045512.2	20893	G	1465
NC_045512.2	20894	C	1469
NC_045512.2	20895	A	1480
NC_045512.2	20896	C	1478
NC_045512.2	20897	C	1450
NC_045512.2	20898	A	1517
NC_045512.2	20899	G	1488
NC_045512.2	20900	G	1514
NC_045512.2	20901	T	1498
NC_045512.2	20902	A	1473
NC_045512.2	20903	C	1483
NC_045512.2	20904	A	1462
NC_045512.2	20905	G	1490
NC_045512.2	20906	C	1486
NC_045512.2	20907	T	1410
NC_045512.2	20908	G	1456
NC_045512.2	20909	T	1476
NC_045512.2	20910	T	1483
NC_045512.2	20911	T	1503
NC_045512.2	20912	T	1486
NC_045512.2	20913	A	1511
NC_045512.2	20914	A	1521
NC_045512.2	20915	G	1521
NC_045512.2	20916	A	1366
NC_045512.2	20917	C	1498
NC_045512.2	20918	A	1395
NC_045512.2	20919	G	1450
NC_045512.2	20920	T	1706
NC_045512.2	20921	G	1734
NC_045512.2	20922	G	1751
NC_045512.2	20923	T	1723
NC_045512.2	20924	T	1727
NC_045512.2	20925	G	1766
NC_045512.2	20926	C	1735
NC_045512.2	20927	C	1789
NC_045512.2	20928	T	1743
NC_045512.2	20929	A	1737
NC_045512.2	20930	C	1747
NC_045512.2	20931	G	1741
NC_045512.2	20932	G	1719
NC_045512.2	20933	G	1730
NC_045512.2	20934	T	1683
NC_045512.2	20935	A	1663
NC_045512.2	20936	C	1559
NC_045512.2	20937	G	1546
NC_045512.2	20938	C	1539
NC_045512.2	20939	T	1477
NC_045512.2	20940	G	1478
NC_045512.2	20941	C	1436
NC_045512.2	20942	T	1412
NC_045512.2	20943	T	1408
NC_045512.2	20944	G	1432
NC_045512.2	20945	T	1408
NC_045512.2	20946	C	1395
NC_045512.2	20947	G	1385
NC_045512.2	20948	A	1372
NC_045512.2	20949	T	1372
NC_045512.2	20950	T	1336
NC_045512.2	20951	C	1347
NC_045512.2	20952	A	1337
NC_045512.2	20953	G	1340
NC_045512.2	20954	A	1313
NC_045512.2	20955	T	1284
NC_045512.2	20956	C	1309
NC_045512.2	20957	T	1421
NC_045512.2	20958	T	1419
NC_045512.2	20959	A	1590
NC_045512.2	20960	A	1609
NC_045512.2	20961	T	1614
NC_045512.2	20962	G	1617
NC_045512.2	20963	A	1585
NC_045512.2	20964	C	1610
NC_045512.2	20965	T	1726
NC_045512.2	20966	T	1745
NC_045512.2	20967	T	1666
NC_045512.2	20968	G	1760
NC_045512.2	20969	T	1585
NC_045512.2	20970	C	1744
NC_045512.2	20971	T	1712
NC_045512.2	20972	C	1808
NC_045512.2	20973	T	1784
NC_045512.2	20974	G	1821
NC_045512.2	20975	A	1806
NC_045512.2	20976	T	1820
NC_045512.2	20977	G	1802
NC_045512.2	20978	C	1796
NC_045512.2	20979	A	1788
NC_045512.2	20980	G	1801
NC_045512.2	20981	A	1773
NC_045512.2	20982	T	1778
NC_045512.2	20983	T	1777
NC_045512.2	20984	C	1772
NC_045512.2	20985	A	1750
NC_045512.2	20986	A	1747
NC_045512.2	20987	C	1751
NC_045512.2	20988	T	1734
NC_045512.2	20989	T	1710
NC_045512.2	20990	T	1706
NC_045512.2	20991	G	1720
NC_045512.2	20992	A	1699
NC_045512.2	20993	T	1484
NC_045512.2	20994	T	1700
NC_045512.2	20995	G	1690
NC_045512.2	20996	G	1693
NC_045512.2	20997	T	1653
NC_045512.2	20998	G	1680
NC_045512.2	20999	A	1645
NC_045512.2	21000	T	1631
NC_045512.2	21001	T	1619
NC_045512.2	21002	G	1631
NC_045512.2	21003	T	1593
NC_045512.2	21004	G	1618
NC_045512.2	21005	C	1612
NC_045512.2	21006	A	1574
NC_045512.2	21007	A	1589
NC_045512.2	21008	C	1583
NC_045512.2	21009	T	1534
NC_045512.2	21010	G	1530
NC_045512.2	21011	T	1483
NC_045512.2	21012	A	1470
NC_045512.2	21013	C	1474
NC_045512.2	21014	A	1448
NC_045512.2	21015	T	843
NC_045512.2	21016	A	841
NC_045512.2	21017	C	849
NC_045512.2	21018	A	850
NC_045512.2	21019	G	849
NC_045512.2	21020	C	847
NC_045512.2	21021	T	836
NC_045512.2	21022	A	840
NC_045512.2	21023	A	2643
NC_045512.2	21024	T	2738
NC_045512.2	21025	A	2635
NC_045512.2	21026	A	2737
NC_045512.2	21027	A	2693
NC_045512.2	21028	T	2765
NC_045512.2	21029	G	2771
NC_045512.2	21030	G	2772
NC_045512.2	21031	G	2788
NC_045512.2	21032	A	2662
NC_045512.2	21033	T	2663
NC_045512.2	21034	C	2811
NC_045512.2	21035	T	2786
NC_045512.2	21036	C	2946
NC_045512.2	21037	A	2948
NC_045512.2	21038	T	2951
NC_045512.2	21039	T	2864
NC_045512.2	21040	A	2938
NC_045512.2	21041	T	2960
NC_045512.2	21042	T	2986
NC_045512.2	21043	A	3148
NC_045512.2	21044	G	3829
NC_045512.2	21045	T	3834
NC_045512.2	21046	G	3934
NC_045512.2	21047	A	3922
NC_045512.2	21048	T	3930
NC_045512.2	21049	A	3895
NC_045512.2	21050	T	4026
NC_045512.2	21051	G	4195
NC_045512.2	21052	T	4187
NC_045512.2	21053	A	4166
NC_045512.2	21054	C	4227
NC_045512.2	21055	G	4233
NC_045512.2	21056	A	4257
NC_045512.2	21057	C	4321
NC_045512.2	21058	C	4084
NC_045512.2	21059	C	4045
NC_045512.2	21060	T	3856
NC_045512.2	21061	A	3826
NC_045512.2	21062	A	3854
NC_045512.2	21063	G	3907
NC_045512.2	21064	A	3747
NC_045512.2	21065	C	3913
NC_045512.2	21066	T	3694
NC_045512.2	21067	A	3718
NC_045512.2	21068	A	3725
NC_045512.2	21069	A	3716
NC_045512.2	21070	A	3718
NC_045512.2	21071	A	3524
NC_045512.2	21072	T	3610
NC_045512.2	21073	G	3608
NC_045512.2	21074	T	3578
NC_045512.2	21075	T	3535
NC_045512.2	21076	A	3546
NC_045512.2	21077	C	3638
NC_045512.2	21078	A	3622
NC_045512.2	21079	A	3658
NC_045512.2	21080	A	3493
NC_045512.2	21081	A	3678
NC_045512.2	21082	G	3672
NC_045512.2	21083	A	3629
NC_045512.2	21084	A	3615
NC_045512.2	21085	A	3631
NC_045512.2	21086	A	3614
NC_045512.2	21087	T	3662
NC_045512.2	21088	G	3677
NC_045512.2	21089	A	3696
NC_045512.2	21090	C	3766
NC_045512.2	21091	T	3713
NC_045512.2	21092	C	3765
NC_045512.2	21093	T	3769
NC_045512.2	21094	A	3709
NC_045512.2	21095	A	3534
NC_045512.2	21096	A	3560
NC_045512.2	21097	G	3782
NC_045512.2	21098	A	3460
NC_045512.2	21099	G	3797
NC_045512.2	21100	G	3780
NC_045512.2	21101	G	3806
NC_045512.2	21102	T	3805
NC_045512.2	21103	T	3694
NC_045512.2	21104	T	3726
NC_045512.2	21105	T	3728
NC_045512.2	21106	T	3689
NC_045512.2	21107	T	3683
NC_045512.2	21108	C	3091
NC_045512.2	21109	A	3056
NC_045512.2	21110	C	2601
NC_045512.2	21111	T	2586
NC_045512.2	21112	T	2606
NC_045512.2	21113	A	2531
NC_045512.2	21114	C	2552
NC_045512.2	21115	A	2500
NC_045512.2	21116	T	2414
NC_045512.2	21117	T	2534
NC_045512.2	21118	T	2536
NC_045512.2	21119	G	2525
NC_045512.2	21120	T	2501
NC_045512.2	21121	G	2498
NC_045512.2	21122	G	2604
NC_045512.2	21123	G	2594
NC_045512.2	21124	T	2595
NC_045512.2	21125	T	2879
NC_045512.2	21126	T	2899
NC_045512.2	21127	A	2921
NC_045512.2	21128	T	2945
NC_045512.2	21129	A	2734
NC_045512.2	21130	C	2968
NC_045512.2	21131	A	2925
NC_045512.2	21132	A	2998
NC_045512.2	21133	C	3000
NC_045512.2	21134	A	2989
NC_045512.2	21135	A	3021
NC_045512.2	21136	A	2823
NC_045512.2	21137	A	2991
NC_045512.2	21138	G	2991
NC_045512.2	21139	C	2998
NC_045512.2	21140	T	2972
NC_045512.2	21141	A	2978
NC_045512.2	21142	G	3005
NC_045512.2	21143	C	2526
NC_045512.2	21144	T	1862
NC_045512.2	21145	C	2549
NC_045512.2	21146	T	2408
NC_045512.2	21147	T	2491
NC_045512.2	21148	G	2533
NC_045512.2	21149	G	2532
NC_045512.2	21150	A	2498
NC_045512.2	21151	G	2490
NC_045512.2	21152	G	2393
NC_045512.2	21153	T	2438
NC_045512.2	21154	T	2415
NC_045512.2	21155	C	2418
NC_045512.2	21156	C	2404
NC_045512.2	21157	G	2414
NC_045512.2	21158	T	2361
NC_045512.2	21159	G	2366
NC_045512.2	21160	G	2405
NC_045512.2	21161	C	2434
NC_045512.2	21162	T	2351
NC_045512.2	21163	A	2434
NC_045512.2	21164	T	2427
NC_045512.2	21165	A	2367
NC_045512.2	21166	A	2418
NC_045512.2	21167	A	2450
NC_045512.2	21168	G	2488
NC_045512.2	21169	A	2425
NC_045512.2	21170	T	2363
NC_045512.2	21171	A	2431
NC_045512.2	21172	A	2462
NC_045512.2	21173	C	2466
NC_045512.2	21174	A	2426
NC_045512.2	21175	G	2440
NC_045512.2	21176	A	2398
NC_045512.2	21177	A	2379
NC_045512.2	21178	C	2428
NC_045512.2	21179	A	2356
NC_045512.2	21180	T	2312
NC_045512.2	21181	T	2191
NC_045512.2	21182	C	2425
NC_045512.2	21183	T	2383
NC_045512.2	21184	T	2408
NC_045512.2	21185	G	2420
NC_045512.2	21186	G	2428
NC_045512.2	21187	A	2422
NC_045512.2	21188	A	2441
NC_045512.2	21189	T	2403
NC_045512.2	21190	G	2400
NC_045512.2	21191	C	2416
NC_045512.2	21192	T	2442
NC_045512.2	21193	G	2493
NC_045512.2	21194	A	2498
NC_045512.2	21195	T	2470
NC_045512.2	21196	C	2527
NC_045512.2	21197	T	2419
NC_045512.2	21198	T	2527
NC_045512.2	21199	T	2546
NC_045512.2	21200	A	2522
NC_045512.2	21201	T	2564
NC_045512.2	21202	A	2478
NC_045512.2	21203	A	2521
NC_045512.2	21204	G	2562
NC_045512.2	21205	C	2551
NC_045512.2	21206	T	2328
NC_045512.2	21207	C	2496
NC_045512.2	21208	A	2491
NC_045512.2	21209	T	2496
NC_045512.2	21210	G	2493
NC_045512.2	21211	G	2498
NC_045512.2	21212	G	2499
NC_045512.2	21213	A	2436
NC_045512.2	21214	C	2456
NC_045512.2	21215	A	2390
NC_045512.2	21216	C	2539
NC_045512.2	21217	T	2447
NC_045512.2	21218	T	2543
NC_045512.2	21219	C	2582
NC_045512.2	21220	G	2532
NC_045512.2	21221	C	2743
NC_045512.2	21222	A	2703
NC_045512.2	21223	T	2654
NC_045512.2	21224	G	2682
NC_045512.2	21225	G	2720
NC_045512.2	21226	T	2406
NC_045512.2	21227	G	2433
NC_045512.2	21228	G	2445
NC_045512.2	21229	A	2411
NC_045512.2	21230	C	2399
NC_045512.2	21231	A	2272
NC_045512.2	21232	G	2389
NC_045512.2	21233	C	2621
NC_045512.2	21234	C	2568
NC_045512.2	21235	T	2461
NC_045512.2	21236	T	2519
NC_045512.2	21237	T	2484
NC_045512.2	21238	G	2520
NC_045512.2	21239	T	2564
NC_045512.2	21240	T	2567
NC_045512.2	21241	A	2370
NC_045512.2	21242	C	2426
NC_045512.2	21243	T	2363
NC_045512.2	21244	A	2396
NC_045512.2	21245	A	2368
NC_045512.2	21246	T	2398
NC_045512.2	21247	G	2449
NC_045512.2	21248	T	2295
NC_045512.2	21249	G	2405
NC_045512.2	21250	A	2393
NC_045512.2	21251	A	2368
NC_045512.2	21252	T	2385
NC_045512.2	21253	G	2345
NC_045512.2	21254	C	2402
NC_045512.2	21255	G	2446
NC_045512.2	21256	T	2386
NC_045512.2	21257	C	2431
NC_045512.2	21258	A	2396
NC_045512.2	21259	T	2456
NC_045512.2	21260	C	2471
NC_045512.2	21261	A	2458
NC_045512.2	21262	T	2410
NC_045512.2	21263	C	2488
NC_045512.2	21264	T	2557
NC_045512.2	21265	G	2541
NC_045512.2	21266	A	2652
NC_045512.2	21267	A	2659
NC_045512.2	21268	G	2621
NC_045512.2	21269	C	2618
NC_045512.2	21270	A	2709
NC_045512.2	21271	T	2743
NC_045512.2	21272	T	2747
NC_045512.2	21273	T	2799
NC_045512.2	21274	T	2788
NC_045512.2	21275	T	2881
NC_045512.2	21276	A	2870
NC_045512.2	21277	A	2906
NC_045512.2	21278	T	2767
NC_045512.2	21279	T	2771
NC_045512.2	21280	G	2935
NC_045512.2	21281	G	3017
NC_045512.2	21282	A	3025
NC_045512.2	21283	T	3046
NC_045512.2	21284	G	3065
NC_045512.2	21285	T	3021
NC_045512.2	21286	A	3013
NC_045512.2	21287	A	3029
NC_045512.2	21288	T	3029
NC_045512.2	21289	T	2819
NC_045512.2	21290	A	2991
NC_045512.2	21291	T	2504
NC_045512.2	21292	C	2977
NC_045512.2	21293	T	2829
NC_045512.2	21294	T	2820
NC_045512.2	21295	G	2827
NC_045512.2	21296	G	2820
NC_045512.2	21297	C	2828
NC_045512.2	21298	A	2806
NC_045512.2	21299	A	2788
NC_045512.2	21300	A	2789
NC_045512.2	21301	C	2801
NC_045512.2	21302	C	2798
NC_045512.2	21303	A	2743
NC_045512.2	21304	C	2764
NC_045512.2	21305	G	2751
NC_045512.2	21306	C	2745
NC_045512.2	21307	G	2749
NC_045512.2	21308	A	2746
NC_045512.2	21309	A	2723
NC_045512.2	21310	C	2801
NC_045512.2	21311	A	2769
NC_045512.2	21312	A	2788
NC_045512.2	21313	A	2800
NC_045512.2	21314	T	2788
NC_045512.2	21315	A	2797
NC_045512.2	21316	G	2814
NC_045512.2	21317	A	2699
NC_045512.2	21318	T	2649
NC_045512.2	21319	G	2527
NC_045512.2	21320	G	2621
NC_045512.2	21321	T	2526
NC_045512.2	21322	T	2452
NC_045512.2	21323	A	2487
NC_045512.2	21324	T	2396
NC_045512.2	21325	G	2488
NC_045512.2	21326	T	2446
NC_045512.2	21327	C	2136
NC_045512.2	21328	A	2114
NC_045512.2	21329	T	1842
NC_045512.2	21330	G	1845
NC_045512.2	21331	C	1838
NC_045512.2	21332	A	1802
NC_045512.2	21333	T	1772
NC_045512.2	21334	G	1751
NC_045512.2	21335	C	1749
NC_045512.2	21336	A	1718
NC_045512.2	21337	A	1713
NC_045512.2	21338	A	1705
NC_045512.2	21339	T	1680
NC_045512.2	21340	T	1688
NC_045512.2	21341	A	1652
NC_045512.2	21342	C	1662
NC_045512.2	21343	A	1641
NC_045512.2	21344	T	1583
NC_045512.2	21345	A	1619
NC_045512.2	21346	T	1626
NC_045512.2	21347	T	1592
NC_045512.2	21348	T	1572
NC_045512.2	21349	T	1576
NC_045512.2	21350	G	1563
NC_045512.2	21351	G	1567
NC_045512.2	21352	A	1551
NC_045512.2	21353	G	1548
NC_045512.2	21354	G	1499
NC_045512.2	21355	A	1383
NC_045512.2	21356	A	1374
NC_045512.2	21357	T	1321
NC_045512.2	21358	A	1404
NC_045512.2	21359	C	1436
NC_045512.2	21360	A	1351
NC_045512.2	21361	A	1347
NC_045512.2	21362	A	1339
NC_045512.2	21363	T	1280
NC_045512.2	21364	C	1282
NC_045512.2	21365	C	1089
NC_045512.2	21366	A	920
NC_045512.2	21367	A	921
NC_045512.2	21368	T	927
NC_045512.2	21369	T	181
NC_045512.2	21370	C	181
NC_045512.2	21371	A	181
NC_045512.2	21372	G	185
NC_045512.2	21373	T	183
NC_045512.2	21374	T	182
NC_045512.2	21375	G	194
NC_045512.2	21376	T	189
NC_045512.2	21377	C	195
NC_045512.2	21378	T	198
NC_045512.2	21379	T	200
NC_045512.2	21380	C	202
NC_045512.2	21381	C	199
NC_045512.2	21382	T	203
NC_045512.2	21383	A	210
NC_045512.2	21384	T	213
NC_045512.2	21385	T	213
NC_045512.2	21386	C	215
NC_045512.2	21387	T	215
NC_045512.2	21388	T	217
NC_045512.2	21389	T	213
NC_045512.2	21390	A	214
NC_045512.2	21391	T	218
NC_045512.2	21392	T	213
NC_045512.2	21393	T	213
NC_045512.2	21394	G	216
NC_045512.2	21395	A	216
NC_045512.2	21396	C	218
NC_045512.2	21397	A	215
NC_045512.2	21398	T	220
NC_045512.2	21399	G	222
NC_045512.2	21400	A	221
NC_045512.2	21401	G	225
NC_045512.2	21402	T	222
NC_045512.2	21403	A	224
NC_045512.2	21404	A	226
NC_045512.2	21405	A	225
NC_045512.2	21406	T	226
NC_045512.2	21407	T	220
NC_045512.2	21408	T	224
NC_045512.2	21409	C	213
NC_045512.2	21410	C	182
NC_045512.2	21411	C	184
NC_045512.2	21412	C	157
NC_045512.2	21413	T	155
NC_045512.2	21414	T	157
NC_045512.2	21415	A	162
NC_045512.2	21416	A	160
NC_045512.2	21417	A	154
NC_045512.2	21418	T	160
NC_045512.2	21419	T	141
NC_045512.2	21420	A	142
NC_045512.2	21421	A	137
NC_045512.2	21422	G	146
NC_045512.2	21423	G	168
NC_045512.2	21424	G	214
NC_045512.2	21425	G	259
NC_045512.2	21426	T	267
NC_045512.2	21427	A	259
NC_045512.2	21428	C	273
NC_045512.2	21429	T	274
NC_045512.2	21430	G	287
NC_045512.2	21431	C	294
NC_045512.2	21432	T	291
NC_045512.2	21433	G	295
NC_045512.2	21434	T	299
NC_045512.2	21435	T	297
NC_045512.2	21436	A	298
NC_045512.2	21437	T	301
NC_045512.2	21438	G	298
NC_045512.2	21439	T	276
NC_045512.2	21440	C	290
NC_045512.2	21441	T	295
NC_045512.2	21442	T	294
NC_045512.2	21443	T	295
NC_045512.2	21444	A	292
NC_045512.2	21445	A	291
NC_045512.2	21446	A	289
NC_045512.2	21447	A	291
NC_045512.2	21448	G	290
NC_045512.2	21449	A	273
NC_045512.2	21450	A	306
NC_045512.2	21451	G	317
NC_045512.2	21452	G	315
NC_045512.2	21453	T	308
NC_045512.2	21454	C	311
NC_045512.2	21455	A	312
NC_045512.2	21456	A	304
NC_045512.2	21457	A	303
NC_045512.2	21458	T	307
NC_045512.2	21459	C	306
NC_045512.2	21460	A	300
NC_045512.2	21461	A	298
NC_045512.2	21462	T	303
NC_045512.2	21463	G	302
NC_045512.2	21464	A	296
NC_045512.2	21465	T	300
NC_045512.2	21466	A	258
NC_045512.2	21467	T	305
NC_045512.2	21468	G	309
NC_045512.2	21469	A	299
NC_045512.2	21470	T	310
NC_045512.2	21471	T	310
NC_045512.2	21472	T	311
NC_045512.2	21473	T	302
NC_045512.2	21474	A	313
NC_045512.2	21475	T	302
NC_045512.2	21476	C	307
NC_045512.2	21477	T	304
NC_045512.2	21478	C	310
NC_045512.2	21479	T	305
NC_045512.2	21480	T	304
NC_045512.2	21481	C	308
NC_045512.2	21482	T	306
NC_045512.2	21483	T	309
NC_045512.2	21484	A	300
NC_045512.2	21485	G	303
NC_045512.2	21486	T	306
NC_045512.2	21487	A	298
NC_045512.2	21488	A	300
NC_045512.2	21489	A	250
NC_045512.2	21490	G	341
NC_045512.2	21491	G	345
NC_045512.2	21492	T	346
NC_045512.2	21493	A	339
NC_045512.2	21494	G	346
NC_045512.2	21495	A	341
NC_045512.2	21496	C	356
NC_045512.2	21497	T	357
NC_045512.2	21498	T	343
NC_045512.2	21499	A	353
NC_045512.2	21500	T	352
NC_045512.2	21501	A	347
NC_045512.2	21502	A	380
NC_045512.2	21503	T	368
NC_045512.2	21504	T	365
NC_045512.2	21505	A	372
NC_045512.2	21506	G	372
NC_045512.2	21507	A	347
NC_045512.2	21508	G	373
NC_045512.2	21509	A	303
NC_045512.2	21510	A	373
NC_045512.2	21511	A	370
NC_045512.2	21512	A	372
NC_045512.2	21513	C	381
NC_045512.2	21514	A	390
NC_045512.2	21515	A	388
NC_045512.2	21516	C	384
NC_045512.2	21517	A	380
NC_045512.2	21518	G	388
NC_045512.2	21519	A	385
NC_045512.2	21520	G	387
NC_045512.2	21521	T	376
NC_045512.2	21522	T	378
NC_045512.2	21523	G	391
NC_045512.2	21524	T	376
NC_045512.2	21525	T	316
NC_045512.2	21526	A	279
NC_045512.2	21527	T	320
NC_045512.2	21528	T	321
NC_045512.2	21529	T	290
NC_045512.2	21530	C	296
NC_045512.2	21531	T	303
NC_045512.2	21532	A	298
NC_045512.2	21533	G	297
NC_045512.2	21534	T	305
NC_045512.2	21535	G	305
NC_045512.2	21536	A	298
NC_045512.2	21537	T	294
NC_045512.2	21538	G	334
NC_045512.2	21539	T	357
NC_045512.2	21540	T	343
NC_045512.2	21541	C	796
NC_045512.2	21542	T	798
NC_045512.2	21543	T	866
NC_045512.2	21544	G	1299
NC_045512.2	21545	T	1299
NC_045512.2	21546	T	1322
NC_045512.2	21547	A	1328
NC_045512.2	21548	A	1291
NC_045512.2	21549	C	1896
NC_045512.2	21550	A	1869
NC_045512.2	21551	A	1928
NC_045512.2	21552	C	1966
NC_045512.2	21553	T	1986
NC_045512.2	21554	A	1991
NC_045512.2	21555	A	1955
NC_045512.2	21556	A	1948
NC_045512.2	21557	C	2056
NC_045512.2	21558	G	2102
NC_045512.2	21559	A	2113
NC_045512.2	21560	A	2083
NC_045512.2	21561	C	2173
NC_045512.2	21562	A	2089
NC_045512.2	21563	A	2113
NC_045512.2	21564	T	2278
NC_045512.2	21565	G	2325
NC_045512.2	21566	T	2299
NC_045512.2	21567	T	2327
NC_045512.2	21568	T	2395
NC_045512.2	21569	G	2496
NC_045512.2	21570	T	2525
NC_045512.2	21571	T	2525
NC_045512.2	21572	T	2572
NC_045512.2	21573	T	2580
NC_045512.2	21574	T	2512
NC_045512.2	21575	C	2574
NC_045512.2	21576	T	2582
NC_045512.2	21577	T	2586
NC_045512.2	21578	G	2589
NC_045512.2	21579	T	2586
NC_045512.2	21580	T	2569
NC_045512.2	21581	T	2594
NC_045512.2	21582	T	2538
NC_045512.2	21583	A	2519
NC_045512.2	21584	T	2594
NC_045512.2	21585	T	2594
NC_045512.2	21586	G	2577
NC_045512.2	21587	C	2569
NC_045512.2	21588	C	2584
NC_045512.2	21589	A	2583
NC_045512.2	21590	C	2588
NC_045512.2	21591	T	2580
NC_045512.2	21592	A	2496
NC_045512.2	21593	G	2587
NC_045512.2	21594	T	2566
NC_045512.2	21595	C	2573
NC_045512.2	21596	T	2521
NC_045512.2	21597	C	2573
NC_045512.2	21598	T	2541
NC_045512.2	21599	A	2574
NC_045512.2	21600	G	2569
NC_045512.2	21601	T	2557
NC_045512.2	21602	C	2566
NC_045512.2	21603	A	2465
NC_045512.2	21604	G	2506
NC_045512.2	21605	T	2510
NC_045512.2	21606	G	2506
NC_045512.2	21607	T	2484
NC_045512.2	21608	G	2508
NC_045512.2	21609	T	2444
NC_045512.2	21610	T	2494
NC_045512.2	21611	A	2207
NC_045512.2	21612	A	4706
NC_045512.2	21613	T	4832
NC_045512.2	21614	C	4987
NC_045512.2	21615	T	4980
NC_045512.2	21616	T	4871
NC_045512.2	21617	A	4996
NC_045512.2	21618	C	4884
NC_045512.2	21619	A	5021
NC_045512.2	21620	A	5079
NC_045512.2	21621	C	5043
NC_045512.2	21622	C	5047
NC_045512.2	21623	A	5086
NC_045512.2	21624	G	5063
NC_045512.2	21625	A	4818
NC_045512.2	21626	A	5051
NC_045512.2	21627	C	4878
NC_045512.2	21628	T	5014
NC_045512.2	21629	C	5062
NC_045512.2	21630	A	4940
NC_045512.2	21631	A	4999
NC_045512.2	21632	T	4971
NC_045512.2	21633	T	4567
NC_045512.2	21634	A	4566
NC_045512.2	21635	C	4562
NC_045512.2	21636	C	4562
NC_045512.2	21637	C	4562
NC_045512.2	21638	C	4562
NC_045512.2	21639	C	4562
NC_045512.2	21640	T	4562
NC_045512.2	21641	G	4565
NC_045512.2	21642	C	5365
NC_045512.2	21643	A	5299
NC_045512.2	21644	T	5354
NC_045512.2	21645	A	5224
NC_045512.2	21646	C	5480
NC_045512.2	21647	A	5483
NC_045512.2	21648	C	5556
NC_045512.2	21649	T	5477
NC_045512.2	21650	A	5546
NC_045512.2	21651	A	5307
NC_045512.2	21652	T	5558
NC_045512.2	21653	T	5377
NC_045512.2	21654	C	5294
NC_045512.2	21655	T	5290
NC_045512.2	21656	T	5276
NC_045512.2	21657	T	5086
NC_045512.2	21658	C	4932
NC_045512.2	21659	A	4962
NC_045512.2	21660	C	4953
NC_045512.2	21661	A	4939
NC_045512.2	21662	C	4980
NC_045512.2	21663	G	4951
NC_045512.2	21664	T	4908
NC_045512.2	21665	G	4941
NC_045512.2	21666	G	5186
NC_045512.2	21667	T	5216
NC_045512.2	21668	G	5476
NC_045512.2	21669	T	5370
NC_045512.2	21670	T	5683
NC_045512.2	21671	T	5481
NC_045512.2	21672	A	5728
NC_045512.2	21673	T	5680
NC_045512.2	21674	T	5657
NC_045512.2	21675	A	5272
NC_045512.2	21676	C	5497
NC_045512.2	21677	C	5409
NC_045512.2	21678	C	5385
NC_045512.2	21679	T	5202
NC_045512.2	21680	G	5283
NC_045512.2	21681	A	5368
NC_045512.2	21682	C	5333
NC_045512.2	21683	A	5253
NC_045512.2	21684	A	5341
NC_045512.2	21685	A	5347
NC_045512.2	21686	G	5571
NC_045512.2	21687	T	5672
NC_045512.2	21688	T	5693
NC_045512.2	21689	T	5736
NC_045512.2	21690	T	5664
NC_045512.2	21691	C	5679
NC_045512.2	21692	A	5774
NC_045512.2	21693	G	5081
NC_045512.2	21694	A	4908
NC_045512.2	21695	T	5206
NC_045512.2	21696	C	5160
NC_045512.2	21697	C	5210
NC_045512.2	21698	T	5211
NC_045512.2	21699	C	5305
NC_045512.2	21700	A	5271
NC_045512.2	21701	G	5427
NC_045512.2	21702	T	5235
NC_045512.2	21703	T	5064
NC_045512.2	21704	T	4674
NC_045512.2	21705	T	4697
NC_045512.2	21706	A	4754
NC_045512.2	21707	C	4784
NC_045512.2	21708	A	4768
NC_045512.2	21709	T	4765
NC_045512.2	21710	T	4744
NC_045512.2	21711	C	4735
NC_045512.2	21712	A	4546
NC_045512.2	21713	A	4254
NC_045512.2	21714	C	4717
NC_045512.2	21715	T	4886
NC_045512.2	21716	C	4926
NC_045512.2	21717	A	4882
NC_045512.2	21718	G	4929
NC_045512.2	21719	G	5072
NC_045512.2	21720	A	4921
NC_045512.2	21721	C	4984
NC_045512.2	21722	T	5040
NC_045512.2	21723	T	5056
NC_045512.2	21724	G	5124
NC_045512.2	21725	T	5154
NC_045512.2	21726	T	5010
NC_045512.2	21727	C	5124
NC_045512.2	21728	T	5112
NC_045512.2	21729	T	5134
NC_045512.2	21730	A	5023
NC_045512.2	21731	C	5037
NC_045512.2	21732	C	4964
NC_045512.2	21733	T	4891
NC_045512.2	21734	T	4891
NC_045512.2	21735	T	4843
NC_045512.2	21736	C	5057
NC_045512.2	21737	T	5067
NC_045512.2	21738	T	5040
NC_045512.2	21739	T	5050
NC_045512.2	21740	T	5050
NC_045512.2	21741	C	4915
NC_045512.2	21742	C	4935
NC_045512.2	21743	A	4927
NC_045512.2	21744	A	4901
NC_045512.2	21745	T	4866
NC_045512.2	21746	G	4968
NC_045512.2	21747	T	4897
NC_045512.2	21748	T	4893
NC_045512.2	21749	A	4812
NC_045512.2	21750	C	4903
NC_045512.2	21751	T	4902
NC_045512.2	21752	T	4887
NC_045512.2	21753	G	4863
NC_045512.2	21754	G	4969
NC_045512.2	21755	T	4930
NC_045512.2	21756	T	4919
NC_045512.2	21757	C	4905
NC_045512.2	21758	C	4869
NC_045512.2	21759	A	5059
NC_045512.2	21760	T	5073
NC_045512.2	21761	G	5090
NC_045512.2	21762	C	5424
NC_045512.2	21763	T	5266
NC_045512.2	21764	A	5411
NC_045512.2	21765	T	5359
NC_045512.2	21766	A	5313
NC_045512.2	21767	C	5948
NC_045512.2	21768	A	5679
NC_045512.2	21769	T	5647
NC_045512.2	21770	G	5771
NC_045512.2	21771	T	4910
NC_045512.2	21772	C	5645
NC_045512.2	21773	T	5105
NC_045512.2	21774	C	5510
NC_045512.2	21775	T	5328
NC_045512.2	21776	G	5463
NC_045512.2	21777	G	5538
NC_045512.2	21778	G	5603
NC_045512.2	21779	A	5592
NC_045512.2	21780	C	5601
NC_045512.2	21781	C	5534
NC_045512.2	21782	A	5557
NC_045512.2	21783	A	5618
NC_045512.2	21784	T	5493
NC_045512.2	21785	G	5576
NC_045512.2	21786	G	5559
NC_045512.2	21787	T	5282
NC_045512.2	21788	A	5319
NC_045512.2	21789	C	5359
NC_045512.2	21790	T	5246
NC_045512.2	21791	A	5241
NC_045512.2	21792	A	5271
NC_045512.2	21793	G	5287
NC_045512.2	21794	A	5077
NC_045512.2	21795	G	5047
NC_045512.2	21796	G	5071
NC_045512.2	21797	T	4851
NC_045512.2	21798	T	4954
NC_045512.2	21799	T	4951
NC_045512.2	21800	G	5047
NC_045512.2	21801	A	5056
NC_045512.2	21802	T	4775
NC_045512.2	21803	A	4912
NC_045512.2	21804	A	5027
NC_045512.2	21805	C	5115
NC_045512.2	21806	C	5050
NC_045512.2	21807	C	5011
NC_045512.2	21808	T	4761
NC_045512.2	21809	G	4839
NC_045512.2	21810	T	5077
NC_045512.2	21811	C	5091
NC_045512.2	21812	C	5043
NC_045512.2	21813	T	4699
NC_045512.2	21814	A	5000
NC_045512.2	21815	C	5283
NC_045512.2	21816	C	5116
NC_045512.2	21817	A	5163
NC_045512.2	21818	T	4900
NC_045512.2	21819	T	4468
NC_045512.2	21820	T	5130
NC_045512.2	21821	A	5313
NC_045512.2	21822	A	5371
NC_045512.2	21823	T	5195
NC_045512.2	21824	G	5347
NC_045512.2	21825	A	5311
NC_045512.2	21826	T	5244
NC_045512.2	21827	G	5112
NC_045512.2	21828	G	5323
NC_045512.2	21829	T	5372
NC_045512.2	21830	G	5193
NC_045512.2	21831	T	5221
NC_045512.2	21832	T	5401
NC_045512.2	21833	T	5269
NC_045512.2	21834	A	5385
NC_045512.2	21835	T	5374
NC_045512.2	21836	T	4873
NC_045512.2	21837	T	4427
NC_045512.2	21838	T	4846
NC_045512.2	21839	G	4972
NC_045512.2	21840	C	4975
NC_045512.2	21841	T	4665
NC_045512.2	21842	T	4788
NC_045512.2	21843	C	4953
NC_045512.2	21844	C	4941
NC_045512.2	21845	A	4920
NC_045512.2	21846	C	4955
NC_045512.2	21847	T	3389
NC_045512.2	21848	G	4912
NC_045512.2	21849	A	4921
NC_045512.2	21850	G	4908
NC_045512.2	21851	A	4885
NC_045512.2	21852	A	4820
NC_045512.2	21853	G	4815
NC_045512.2	21854	T	4602
NC_045512.2	21855	C	4791
NC_045512.2	21856	T	4708
NC_045512.2	21857	A	4717
NC_045512.2	21858	A	4735
NC_045512.2	21859	C	4732
NC_045512.2	21860	A	4739
NC_045512.2	21861	T	4530
NC_045512.2	21862	A	4259
NC_045512.2	21863	A	4272
NC_045512.2	21864	T	4283
NC_045512.2	21865	A	4229
NC_045512.2	21866	A	4241
NC_045512.2	21867	G	4240
NC_045512.2	21868	A	3369
NC_045512.2	21869	G	3348
NC_045512.2	21870	G	3085
NC_045512.2	21871	C	3079
NC_045512.2	21872	T	2889
NC_045512.2	21873	G	2892
NC_045512.2	21874	G	2891
NC_045512.2	21875	A	2888
NC_045512.2	21876	T	2869
NC_045512.2	21877	T	2887
NC_045512.2	21878	T	2876
NC_045512.2	21879	T	2815
NC_045512.2	21880	T	2854
NC_045512.2	21881	G	2837
NC_045512.2	21882	G	2784
NC_045512.2	21883	T	2687
NC_045512.2	21884	A	2718
NC_045512.2	21885	C	2725
NC_045512.2	21886	T	2697
NC_045512.2	21887	A	2679
NC_045512.2	21888	C	2702
NC_045512.2	21889	T	2636
NC_045512.2	21890	T	2662
NC_045512.2	21891	T	2660
NC_045512.2	21892	A	2671
NC_045512.2	21893	G	2667
NC_045512.2	21894	A	2626
NC_045512.2	21895	T	2587
NC_045512.2	21896	T	2365
NC_045512.2	21897	C	2292
NC_045512.2	21898	G	2295
NC_045512.2	21899	A	2322
NC_045512.2	21900	A	2323
NC_045512.2	21901	G	2333
NC_045512.2	21902	A	2306
NC_045512.2	21903	C	2321
NC_045512.2	21904	C	2250
NC_045512.2	21905	C	2231
NC_045512.2	21906	A	2169
NC_045512.2	21907	G	2186
NC_045512.2	21908	T	2185
NC_045512.2	21909	C	2174
NC_045512.2	21910	C	2102
NC_045512.2	21911	C	1866
NC_045512.2	21912	T	1831
NC_045512.2	21913	A	1810
NC_045512.2	21914	C	1796
NC_045512.2	21915	T	1531
NC_045512.2	21916	T	1172
NC_045512.2	21917	A	1049
NC_045512.2	21918	T	970
NC_045512.2	21919	T	929
NC_045512.2	21920	G	926
NC_045512.2	21921	T	595
NC_045512.2	21922	T	369
NC_045512.2	21923	A	341
NC_045512.2	21924	A	99
NC_045512.2	21925	T	100
NC_045512.2	21926	A	87
NC_045512.2	21927	A	102
NC_045512.2	21928	C	107
NC_045512.2	21929	G	106
NC_045512.2	21930	C	125
NC_045512.2	21931	T	125
NC_045512.2	21932	A	131
NC_045512.2	21933	C	132
NC_045512.2	21934	T	129
NC_045512.2	21935	A	130
NC_045512.2	21936	A	128
NC_045512.2	21937	T	134
NC_045512.2	21938	G	132
NC_045512.2	21939	T	134
NC_045512.2	21940	T	132
NC_045512.2	21941	G	141
NC_045512.2	21942	T	141
NC_045512.2	21943	T	142
NC_045512.2	21944	A	150
NC_045512.2	21945	T	151
NC_045512.2	21946	T	149
NC_045512.2	21947	A	145
NC_045512.2	21948	A	143
NC_045512.2	21949	A	147
NC_045512.2	21950	G	154
NC_045512.2	21951	T	153
NC_045512.2	21952	C	154
NC_045512.2	21953	T	150
NC_045512.2	21954	G	151
NC_045512.2	21955	T	152
NC_045512.2	21956	G	153
NC_045512.2	21957	A	145
NC_045512.2	21958	A	153
NC_045512.2	21959	T	153
NC_045512.2	21960	T	154
NC_045512.2	21961	T	152
NC_045512.2	21962	C	150
NC_045512.2	21963	A	154
NC_045512.2	21964	A	154
NC_045512.2	21965	T	150
NC_045512.2	21966	T	153
NC_045512.2	21967	T	154
NC_045512.2	21968	T	157
NC_045512.2	21969	G	156
NC_045512.2	21970	T	154
NC_045512.2	21971	A	155
NC_045512.2	21972	A	156
NC_045512.2	21973	T	155
NC_045512.2	21974	G	156
NC_045512.2	21975	A	152
NC_045512.2	21976	T	158
NC_045512.2	21977	C	159
NC_045512.2	21978	C	158
NC_045512.2	21979	A	159
NC_045512.2	21980	T	153
NC_045512.2	21981	T	156
NC_045512.2	21982	T	159
NC_045512.2	21983	T	157
NC_045512.2	21984	T	154
NC_045512.2	21985	G	151
NC_045512.2	21986	G	150
NC_045512.2	21987	G	146
NC_045512.2	21988	T	133
NC_045512.2	21989	G	133
NC_045512.2	21990	T	129
NC_045512.2	21991	T	132
NC_045512.2	21992	T	131
NC_045512.2	21993	A	132
NC_045512.2	21994	T	122
NC_045512.2	21995	T	119
NC_045512.2	21996	A	124
NC_045512.2	21997	C	124
NC_045512.2	21998	C	124
NC_045512.2	21999	A	125
NC_045512.2	22000	C	126
NC_045512.2	22001	A	124
NC_045512.2	22002	A	130
NC_045512.2	22003	A	129
NC_045512.2	22004	A	135
NC_045512.2	22005	A	133
NC_045512.2	22006	C	134
NC_045512.2	22007	A	133
NC_045512.2	22008	A	139
NC_045512.2	22009	C	135
NC_045512.2	22010	A	131
NC_045512.2	22011	A	135
NC_045512.2	22012	A	111
NC_045512.2	22013	A	133
NC_045512.2	22014	G	134
NC_045512.2	22015	T	134
NC_045512.2	22016	T	129
NC_045512.2	22017	G	129
NC_045512.2	22018	G	129
NC_045512.2	22019	A	129
NC_045512.2	22020	T	130
NC_045512.2	22021	G	128
NC_045512.2	22022	G	129
NC_045512.2	22023	A	129
NC_045512.2	22024	A	125
NC_045512.2	22025	A	127
NC_045512.2	22026	G	127
NC_045512.2	22027	T	122
NC_045512.2	22028	G	125
NC_045512.2	22029	A	124
NC_045512.2	22030	G	128
NC_045512.2	22031	T	118
NC_045512.2	22032	T	123
NC_045512.2	22033	C	117
NC_045512.2	22034	A	117
NC_045512.2	22035	G	117
NC_045512.2	22036	A	112
NC_045512.2	22037	G	111
NC_045512.2	22038	T	85
NC_045512.2	22039	T	117
NC_045512.2	22040	T	114
NC_045512.2	22041	A	121
NC_045512.2	22042	T	122
NC_045512.2	22043	T	114
NC_045512.2	22044	C	120
NC_045512.2	22045	T	113
NC_045512.2	22046	A	111
NC_045512.2	22047	G	112
NC_045512.2	22048	T	92
NC_045512.2	22049	G	108
NC_045512.2	22050	C	102
NC_045512.2	22051	G	106
NC_045512.2	22052	A	105
NC_045512.2	22053	A	102
NC_045512.2	22054	T	103
NC_045512.2	22055	A	100
NC_045512.2	22056	A	104
NC_045512.2	22057	T	105
NC_045512.2	22058	T	105
NC_045512.2	22059	G	105
NC_045512.2	22060	C	103
NC_045512.2	22061	A	100
NC_045512.2	22062	C	118
NC_045512.2	22063	T	116
NC_045512.2	22064	T	111
NC_045512.2	22065	T	115
NC_045512.2	22066	T	115
NC_045512.2	22067	G	116
NC_045512.2	22068	A	117
NC_045512.2	22069	A	117
NC_045512.2	22070	T	118
NC_045512.2	22071	A	108
NC_045512.2	22072	T	114
NC_045512.2	22073	G	116
NC_045512.2	22074	T	104
NC_045512.2	22075	C	116
NC_045512.2	22076	T	101
NC_045512.2	22077	C	119
NC_045512.2	22078	T	119
NC_045512.2	22079	C	119
NC_045512.2	22080	A	118
NC_045512.2	22081	G	119
NC_045512.2	22082	C	118
NC_045512.2	22083	C	118
NC_045512.2	22084	T	103
NC_045512.2	22085	T	106
NC_045512.2	22086	T	105
NC_045512.2	22087	T	100
NC_045512.2	22088	C	102
NC_045512.2	22089	T	106
NC_045512.2	22090	T	102
NC_045512.2	22091	A	105
NC_045512.2	22092	T	104
NC_045512.2	22093	G	105
NC_045512.2	22094	G	106
NC_045512.2	22095	A	103
NC_045512.2	22096	C	108
NC_045512.2	22097	C	98
NC_045512.2	22098	T	94
NC_045512.2	22099	T	99
NC_045512.2	22100	G	102
NC_045512.2	22101	A	102
NC_045512.2	22102	A	101
NC_045512.2	22103	G	100
NC_045512.2	22104	G	103
NC_045512.2	22105	A	97
NC_045512.2	22106	A	96
NC_045512.2	22107	A	96
NC_045512.2	22108	A	97
NC_045512.2	22109	C	95
NC_045512.2	22110	A	85
NC_045512.2	22111	G	96
NC_045512.2	22112	G	96
NC_045512.2	22113	G	99
NC_045512.2	22114	T	97
NC_045512.2	22115	A	99
NC_045512.2	22116	A	100
NC_045512.2	22117	T	98
NC_045512.2	22118	T	100
NC_045512.2	22119	T	99
NC_045512.2	22120	C	99
NC_045512.2	22121	A	96
NC_045512.2	22122	A	99
NC_045512.2	22123	A	99
NC_045512.2	22124	A	99
NC_045512.2	22125	A	98
NC_045512.2	22126	T	92
NC_045512.2	22127	C	97
NC_045512.2	22128	T	98
NC_045512.2	22129	T	98
NC_045512.2	22130	A	99
NC_045512.2	22131	G	97
NC_045512.2	22132	G	97
NC_045512.2	22133	G	103
NC_045512.2	22134	A	101
NC_045512.2	22135	A	105
NC_045512.2	22136	T	108
NC_045512.2	22137	T	128
NC_045512.2	22138	T	127
NC_045512.2	22139	G	131
NC_045512.2	22140	T	116
NC_045512.2	22141	G	114
NC_045512.2	22142	T	97
NC_045512.2	22143	T	107
NC_045512.2	22144	T	111
NC_045512.2	22145	A	114
NC_045512.2	22146	A	110
NC_045512.2	22147	G	112
NC_045512.2	22148	A	110
NC_045512.2	22149	A	115
NC_045512.2	22150	T	104
NC_045512.2	22151	A	113
NC_045512.2	22152	T	109
NC_045512.2	22153	T	110
NC_045512.2	22154	G	115
NC_045512.2	22155	A	114
NC_045512.2	22156	T	112
NC_045512.2	22157	G	113
NC_045512.2	22158	G	111
NC_045512.2	22159	T	113
NC_045512.2	22160	T	111
NC_045512.2	22161	A	112
NC_045512.2	22162	T	111
NC_045512.2	22163	T	91
NC_045512.2	22164	T	104
NC_045512.2	22165	T	109
NC_045512.2	22166	A	103
NC_045512.2	22167	A	104
NC_045512.2	22168	A	101
NC_045512.2	22169	A	102
NC_045512.2	22170	T	97
NC_045512.2	22171	A	104
NC_045512.2	22172	T	71
NC_045512.2	22173	A	102
NC_045512.2	22174	T	97
NC_045512.2	22175	T	95
NC_045512.2	22176	C	103
NC_045512.2	22177	T	94
NC_045512.2	22178	A	100
NC_045512.2	22179	A	98
NC_045512.2	22180	G	99
NC_045512.2	22181	C	97
NC_045512.2	22182	A	96
NC_045512.2	22183	C	96
NC_045512.2	22184	A	91
NC_045512.2	22185	C	93
NC_045512.2	22186	G	91
NC_045512.2	22187	C	92
NC_045512.2	22188	C	92
NC_045512.2	22189	T	87
NC_045512.2	22190	A	91
NC_045512.2	22191	T	86
NC_045512.2	22192	T	89
NC_045512.2	22193	A	85
NC_045512.2	22194	A	87
NC_045512.2	22195	T	85
NC_045512.2	22196	T	84
NC_045512.2	22197	T	84
NC_045512.2	22198	A	82
NC_045512.2	22199	G	81
NC_045512.2	22200	T	76
NC_045512.2	22201	G	75
NC_045512.2	22202	C	73
NC_045512.2	22203	G	70
NC_045512.2	22204	T	72
NC_045512.2	22205	G	72
NC_045512.2	22206	A	70
NC_045512.2	22207	T	58
NC_045512.2	22208	C	72
NC_045512.2	22209	T	72
NC_045512.2	22210	C	70
NC_045512.2	22211	C	70
NC_045512.2	22212	C	67
NC_045512.2	22213	T	65
NC_045512.2	22214	C	63
NC_045512.2	22215	A	61
NC_045512.2	22216	G	63
NC_045512.2	22217	G	63
NC_045512.2	22218	G	62
NC_045512.2	22219	T	57
NC_045512.2	22220	T	54
NC_045512.2	22221	T	57
NC_045512.2	22222	T	56
NC_045512.2	22223	T	56
NC_045512.2	22224	C	57
NC_045512.2	22225	G	54
NC_045512.2	22226	G	53
NC_045512.2	22227	C	53
NC_045512.2	22228	T	51
NC_045512.2	22229	T	50
NC_045512.2	22230	T	49
NC_045512.2	22231	A	51
NC_045512.2	22232	G	51
NC_045512.2	22233	A	47
NC_045512.2	22234	A	46
NC_045512.2	22235	C	0
NC_045512.2	22236	C	0
NC_045512.2	22237	A	0
NC_045512.2	22238	T	0
NC_045512.2	22239	T	0
NC_045512.2	22240	G	0
NC_045512.2	22241	G	0
NC_045512.2	22242	T	0
NC_045512.2	22243	A	0
NC_045512.2	22244	G	0
NC_045512.2	22245	A	0
NC_045512.2	22246	T	0
NC_045512.2	22247	T	0
NC_045512.2	22248	T	0
NC_045512.2	22249	G	0
NC_045512.2	22250	C	0
NC_045512.2	22251	C	0
NC_045512.2	22252	A	0
NC_045512.2	22253	A	0
NC_045512.2	22254	T	0
NC_045512.2	22255	A	0
NC_045512.2	22256	G	0
NC_045512.2	22257	G	0
NC_045512.2	22258	T	0
NC_045512.2	22259	A	0
NC_045512.2	22260	T	0
NC_045512.2	22261	T	0
NC_045512.2	22262	A	0
NC_045512.2	22263	A	0
NC_045512.2	22264	C	0
NC_045512.2	22265	A	0
NC_045512.2	22266	T	0
NC_045512.2	22267	C	0
NC_045512.2	22268	A	0
NC_045512.2	22269	C	0
NC_045512.2	22270	T	0
NC_045512.2	22271	A	0
NC_045512.2	22272	G	0
NC_045512.2	22273	G	0
NC_045512.2	22274	T	0
NC_045512.2	22275	T	0
NC_045512.2	22276	T	0
NC_045512.2	22277	C	0
NC_045512.2	22278	A	0
NC_045512.2	22279	A	0
NC_045512.2	22280	A	0
NC_045512.2	22281	C	0
NC_045512.2	22282	T	0
NC_045512.2	22283	T	0
NC_045512.2	22284	T	0
NC_045512.2	22285	A	0
NC_045512.2	22286	C	0
NC_045512.2	22287	T	0
NC_045512.2	22288	T	0
NC_045512.2	22289	G	0
NC_045512.2	22290	C	0
NC_045512.2	22291	T	0
NC_045512.2	22292	T	0
NC_045512.2	22293	T	0
NC_045512.2	22294	A	0
NC_045512.2	22295	C	0
NC_045512.2	22296	A	0
NC_045512.2	22297	T	0
NC_045512.2	22298	A	0
NC_045512.2	22299	G	0
NC_045512.2	22300	A	0
NC_045512.2	22301	A	0
NC_045512.2	22302	G	0
NC_045512.2	22303	T	0
NC_045512.2	22304	T	0
NC_045512.2	22305	A	0
NC_045512.2	22306	T	0
NC_045512.2	22307	T	0
NC_045512.2	22308	T	0
NC_045512.2	22309	G	0
NC_045512.2	22310	A	0
NC_045512.2	22311	C	0
NC_045512.2	22312	T	0
NC_045512.2	22313	C	0
NC_045512.2	22314	C	0
NC_045512.2	22315	T	0
NC_045512.2	22316	G	0
NC_045512.2	22317	G	0
NC_045512.2	22318	T	0
NC_045512.2	22319	G	0
NC_045512.2	22320	A	0
NC_045512.2	22321	T	0
NC_045512.2	22322	T	0
NC_045512.2	22323	C	0
NC_045512.2	22324	T	0
NC_045512.2	22325	T	0
NC_045512.2	22326	C	0
NC_045512.2	22327	T	0
NC_045512.2	22328	T	0
NC_045512.2	22329	C	0
NC_045512.2	22330	A	0
NC_045512.2	22331	G	0
NC_045512.2	22332	G	0
NC_045512.2	22333	T	0
NC_045512.2	22334	T	0
NC_045512.2	22335	G	0
NC_045512.2	22336	G	0
NC_045512.2	22337	A	0
NC_045512.2	22338	C	0
NC_045512.2	22339	A	0
NC_045512.2	22340	G	0
NC_045512.2	22341	C	0
NC_045512.2	22342	T	0
NC_045512.2	22343	G	0
NC_045512.2	22344	G	0
NC_045512.2	22345	T	0
NC_045512.2	22346	G	0
NC_045512.2	22347	C	0
NC_045512.2	22348	T	0
NC_045512.2	22349	G	0
NC_045512.2	22350	C	0
NC_045512.2	22351	A	0
NC_045512.2	22352	G	0
NC_045512.2	22353	C	0
NC_045512.2	22354	T	0
NC_045512.2	22355	T	0
NC_045512.2	22356	A	0
NC_045512.2	22357	T	0
NC_045512.2	22358	T	0
NC_045512.2	22359	A	0
NC_045512.2	22360	T	0
NC_045512.2	22361	G	0
NC_045512.2	22362	T	0
NC_045512.2	22363	G	0
NC_045512.2	22364	G	0
NC_045512.2	22365	G	0
NC_045512.2	22366	T	0
NC_045512.2	22367	T	0
NC_045512.2	22368	A	0
NC_045512.2	22369	T	0
NC_045512.2	22370	C	0
NC_045512.2	22371	T	0
NC_045512.2	22372	T	0
NC_045512.2	22373	C	0
NC_045512.2	22374	A	0
NC_045512.2	22375	A	0
NC_045512.2	22376	C	0
NC_045512.2	22377	C	0
NC_045512.2	22378	T	0
NC_045512.2	22379	A	0
NC_045512.2	22380	G	0
NC_045512.2	22381	G	0
NC_045512.2	22382	A	0
NC_045512.2	22383	C	0
NC_045512.2	22384	T	0
NC_045512.2	22385	T	0
NC_045512.2	22386	T	0
NC_045512.2	22387	T	0
NC_045512.2	22388	C	0
NC_045512.2	22389	T	0
NC_045512.2	22390	A	0
NC_045512.2	22391	T	0
NC_045512.2	22392	T	0
NC_045512.2	22393	A	0
NC_045512.2	22394	A	0
NC_045512.2	22395	A	0
NC_045512.2	22396	A	0
NC_045512.2	22397	T	0
NC_045512.2	22398	A	0
NC_045512.2	22399	T	0
NC_045512.2	22400	A	0
NC_045512.2	22401	A	0
NC_045512.2	22402	T	0
NC_045512.2	22403	G	0
NC_045512.2	22404	A	0
NC_045512.2	22405	A	0
NC_045512.2	22406	A	0
NC_045512.2	22407	A	0
NC_045512.2	22408	T	0
NC_045512.2	22409	G	0
NC_045512.2	22410	G	1
NC_045512.2	22411	A	2
NC_045512.2	22412	A	1
NC_045512.2	22413	C	21
NC_045512.2	22414	C	24
NC_045512.2	22415	A	28
NC_045512.2	22416	T	32
NC_045512.2	22417	T	29
NC_045512.2	22418	A	33
NC_045512.2	22419	C	34
NC_045512.2	22420	A	34
NC_045512.2	22421	G	36
NC_045512.2	22422	A	40
NC_045512.2	22423	T	41
NC_045512.2	22424	G	183
NC_045512.2	22425	C	188
NC_045512.2	22426	T	190
NC_045512.2	22427	G	189
NC_045512.2	22428	T	189
NC_045512.2	22429	A	189
NC_045512.2	22430	G	195
NC_045512.2	22431	A	176
NC_045512.2	22432	C	203
NC_045512.2	22433	T	203
NC_045512.2	22434	G	211
NC_045512.2	22435	T	211
NC_045512.2	22436	G	214
NC_045512.2	22437	C	217
NC_045512.2	22438	A	204
NC_045512.2	22439	C	222
NC_045512.2	22440	T	219
NC_045512.2	22441	T	218
NC_045512.2	22442	G	220
NC_045512.2	22443	A	218
NC_045512.2	22444	C	220
NC_045512.2	22445	C	214
NC_045512.2	22446	C	217
NC_045512.2	22447	T	222
NC_045512.2	22448	C	225
NC_045512.2	22449	T	223
NC_045512.2	22450	C	224
NC_045512.2	22451	T	225
NC_045512.2	22452	C	230
NC_045512.2	22453	A	230
NC_045512.2	22454	G	235
NC_045512.2	22455	A	234
NC_045512.2	22456	A	236
NC_045512.2	22457	A	235
NC_045512.2	22458	C	234
NC_045512.2	22459	A	234
NC_045512.2	22460	A	237
NC_045512.2	22461	A	227
NC_045512.2	22462	G	237
NC_045512.2	22463	T	234
NC_045512.2	22464	G	235
NC_045512.2	22465	T	233
NC_045512.2	22466	A	237
NC_045512.2	22467	C	237
NC_045512.2	22468	G	236
NC_045512.2	22469	T	234
NC_045512.2	22470	T	233
NC_045512.2	22471	G	238
NC_045512.2	22472	A	239
NC_045512.2	22473	A	239
NC_045512.2	22474	A	240
NC_045512.2	22475	T	233
NC_045512.2	22476	C	238
NC_045512.2	22477	C	236
NC_045512.2	22478	T	237
NC_045512.2	22479	T	235
NC_045512.2	22480	C	237
NC_045512.2	22481	A	220
NC_045512.2	22482	C	239
NC_045512.2	22483	T	235
NC_045512.2	22484	G	238
NC_045512.2	22485	T	239
NC_045512.2	22486	A	234
NC_045512.2	22487	G	236
NC_045512.2	22488	A	234
NC_045512.2	22489	A	232
NC_045512.2	22490	A	239
NC_045512.2	22491	A	238
NC_045512.2	22492	A	239
NC_045512.2	22493	G	238
NC_045512.2	22494	G	233
NC_045512.2	22495	A	227
NC_045512.2	22496	A	222
NC_045512.2	22497	T	236
NC_045512.2	22498	C	238
NC_045512.2	22499	T	258
NC_045512.2	22500	A	258
NC_045512.2	22501	T	261
NC_045512.2	22502	C	260
NC_045512.2	22503	A	251
NC_045512.2	22504	A	252
NC_045512.2	22505	A	241
NC_045512.2	22506	C	265
NC_045512.2	22507	T	260
NC_045512.2	22508	T	257
NC_045512.2	22509	C	259
NC_045512.2	22510	T	257
NC_045512.2	22511	A	259
NC_045512.2	22512	A	235
NC_045512.2	22513	C	250
NC_045512.2	22514	T	228
NC_045512.2	22515	T	226
NC_045512.2	22516	T	221
NC_045512.2	22517	A	220
NC_045512.2	22518	G	221
NC_045512.2	22519	A	213
NC_045512.2	22520	G	224
NC_045512.2	22521	T	220
NC_045512.2	22522	C	219
NC_045512.2	22523	C	220
NC_045512.2	22524	A	219
NC_045512.2	22525	A	119
NC_045512.2	22526	C	119
NC_045512.2	22527	C	122
NC_045512.2	22528	A	122
NC_045512.2	22529	A	119
NC_045512.2	22530	C	119
NC_045512.2	22531	A	117
NC_045512.2	22532	G	116
NC_045512.2	22533	A	118
NC_045512.2	22534	A	118
NC_045512.2	22535	T	121
NC_045512.2	22536	C	182
NC_045512.2	22537	T	173
NC_045512.2	22538	A	183
NC_045512.2	22539	T	187
NC_045512.2	22540	T	183
NC_045512.2	22541	G	188
NC_045512.2	22542	T	187
NC_045512.2	22543	T	194
NC_045512.2	22544	A	198
NC_045512.2	22545	G	220
NC_045512.2	22546	A	199
NC_045512.2	22547	T	226
NC_045512.2	22548	T	221
NC_045512.2	22549	T	222
NC_045512.2	22550	C	230
NC_045512.2	22551	C	232
NC_045512.2	22552	T	230
NC_045512.2	22553	A	236
NC_045512.2	22554	A	238
NC_045512.2	22555	T	210
NC_045512.2	22556	A	230
NC_045512.2	22557	T	218
NC_045512.2	22558	T	229
NC_045512.2	22559	A	243
NC_045512.2	22560	C	244
NC_045512.2	22561	A	245
NC_045512.2	22562	A	242
NC_045512.2	22563	A	206
NC_045512.2	22564	C	244
NC_045512.2	22565	T	226
NC_045512.2	22566	T	241
NC_045512.2	22567	G	243
NC_045512.2	22568	T	237
NC_045512.2	22569	G	241
NC_045512.2	22570	C	255
NC_045512.2	22571	C	254
NC_045512.2	22572	C	253
NC_045512.2	22573	T	241
NC_045512.2	22574	T	247
NC_045512.2	22575	T	235
NC_045512.2	22576	T	244
NC_045512.2	22577	G	250
NC_045512.2	22578	G	248
NC_045512.2	22579	T	251
NC_045512.2	22580	G	247
NC_045512.2	22581	A	249
NC_045512.2	22582	A	252
NC_045512.2	22583	G	251
NC_045512.2	22584	T	252
NC_045512.2	22585	T	252
NC_045512.2	22586	T	251
NC_045512.2	22587	T	247
NC_045512.2	22588	T	227
NC_045512.2	22589	A	254
NC_045512.2	22590	A	252
NC_045512.2	22591	C	256
NC_045512.2	22592	G	246
NC_045512.2	22593	C	248
NC_045512.2	22594	C	247
NC_045512.2	22595	A	249
NC_045512.2	22596	C	251
NC_045512.2	22597	C	247
NC_045512.2	22598	A	246
NC_045512.2	22599	G	255
NC_045512.2	22600	A	247
NC_045512.2	22601	T	239
NC_045512.2	22602	T	246
NC_045512.2	22603	T	248
NC_045512.2	22604	G	248
NC_045512.2	22605	C	244
NC_045512.2	22606	A	246
NC_045512.2	22607	T	242
NC_045512.2	22608	C	246
NC_045512.2	22609	T	241
NC_045512.2	22610	G	244
NC_045512.2	22611	T	175
NC_045512.2	22612	T	250
NC_045512.2	22613	T	246
NC_045512.2	22614	A	246
NC_045512.2	22615	T	249
NC_045512.2	22616	G	248
NC_045512.2	22617	C	246
NC_045512.2	22618	T	247
NC_045512.2	22619	T	242
NC_045512.2	22620	G	240
NC_045512.2	22621	G	238
NC_045512.2	22622	A	241
NC_045512.2	22623	A	238
NC_045512.2	22624	C	238
NC_045512.2	22625	A	235
NC_045512.2	22626	G	235
NC_045512.2	22627	G	235
NC_045512.2	22628	A	232
NC_045512.2	22629	A	239
NC_045512.2	22630	G	240
NC_045512.2	22631	A	209
NC_045512.2	22632	G	234
NC_045512.2	22633	A	215
NC_045512.2	22634	A	233
NC_045512.2	22635	T	222
NC_045512.2	22636	C	224
NC_045512.2	22637	A	140
NC_045512.2	22638	G	142
NC_045512.2	22639	C	143
NC_045512.2	22640	A	135
NC_045512.2	22641	A	134
NC_045512.2	22642	C	123
NC_045512.2	22643	T	112
NC_045512.2	22644	G	119
NC_045512.2	22645	T	131
NC_045512.2	22646	G	133
NC_045512.2	22647	T	147
NC_045512.2	22648	T	146
NC_045512.2	22649	G	149
NC_045512.2	22650	C	149
NC_045512.2	22651	T	138
NC_045512.2	22652	G	145
NC_045512.2	22653	A	153
NC_045512.2	22654	T	150
NC_045512.2	22655	T	150
NC_045512.2	22656	A	148
NC_045512.2	22657	T	155
NC_045512.2	22658	T	152
NC_045512.2	22659	C	151
NC_045512.2	22660	T	149
NC_045512.2	22661	G	156
NC_045512.2	22662	T	160
NC_045512.2	22663	C	159
NC_045512.2	22664	C	161
NC_045512.2	22665	T	160
NC_045512.2	22666	A	164
NC_045512.2	22667	T	158
NC_045512.2	22668	A	163
NC_045512.2	22669	T	151
NC_045512.2	22670	A	151
NC_045512.2	22671	A	151
NC_045512.2	22672	T	149
NC_045512.2	22673	T	147
NC_045512.2	22674	C	148
NC_045512.2	22675	C	147
NC_045512.2	22676	G	142
NC_045512.2	22677	C	149
NC_045512.2	22678	A	149
NC_045512.2	22679	T	150
NC_045512.2	22680	C	148
NC_045512.2	22681	A	152
NC_045512.2	22682	T	147
NC_045512.2	22683	T	149
NC_045512.2	22684	T	154
NC_045512.2	22685	T	154
NC_045512.2	22686	C	155
NC_045512.2	22687	C	158
NC_045512.2	22688	A	154
NC_045512.2	22689	C	164
NC_045512.2	22690	T	167
NC_045512.2	22691	T	156
NC_045512.2	22692	T	167
NC_045512.2	22693	T	167
NC_045512.2	22694	A	172
NC_045512.2	22695	A	177
NC_045512.2	22696	G	180
NC_045512.2	22697	T	179
NC_045512.2	22698	G	181
NC_045512.2	22699	T	179
NC_045512.2	22700	T	182
NC_045512.2	22701	A	179
NC_045512.2	22702	T	180
NC_045512.2	22703	G	180
NC_045512.2	22704	G	181
NC_045512.2	22705	A	176
NC_045512.2	22706	G	178
NC_045512.2	22707	T	168
NC_045512.2	22708	G	170
NC_045512.2	22709	T	154
NC_045512.2	22710	C	168
NC_045512.2	22711	T	164
NC_045512.2	22712	C	163
NC_045512.2	22713	C	162
NC_045512.2	22714	T	160
NC_045512.2	22715	A	158
NC_045512.2	22716	C	159
NC_045512.2	22717	T	151
NC_045512.2	22718	A	154
NC_045512.2	22719	A	150
NC_045512.2	22720	A	145
NC_045512.2	22721	T	148
NC_045512.2	22722	T	143
NC_045512.2	22723	A	149
NC_045512.2	22724	A	149
NC_045512.2	22725	A	148
NC_045512.2	22726	T	149
NC_045512.2	22727	G	149
NC_045512.2	22728	A	147
NC_045512.2	22729	T	127
NC_045512.2	22730	C	146
NC_045512.2	22731	T	140
NC_045512.2	22732	C	148
NC_045512.2	22733	T	148
NC_045512.2	22734	G	147
NC_045512.2	22735	C	148
NC_045512.2	22736	T	127
NC_045512.2	22737	T	144
NC_045512.2	22738	T	145
NC_045512.2	22739	A	141
NC_045512.2	22740	C	142
NC_045512.2	22741	T	141
NC_045512.2	22742	A	137
NC_045512.2	22743	A	128
NC_045512.2	22744	T	129
NC_045512.2	22745	G	139
NC_045512.2	22746	T	115
NC_045512.2	22747	C	117
NC_045512.2	22748	T	85
NC_045512.2	22749	A	94
NC_045512.2	22750	T	91
NC_045512.2	22751	G	93
NC_045512.2	22752	C	96
NC_045512.2	22753	A	78
NC_045512.2	22754	G	76
NC_045512.2	22755	A	76
NC_045512.2	22756	T	76
NC_045512.2	22757	T	76
NC_045512.2	22758	C	74
NC_045512.2	22759	A	72
NC_045512.2	22760	T	62
NC_045512.2	22761	T	74
NC_045512.2	22762	T	71
NC_045512.2	22763	G	70
NC_045512.2	22764	T	69
NC_045512.2	22765	A	69
NC_045512.2	22766	A	68
NC_045512.2	22767	T	61
NC_045512.2	22768	T	63
NC_045512.2	22769	A	61
NC_045512.2	22770	G	61
NC_045512.2	22771	A	61
NC_045512.2	22772	G	60
NC_045512.2	22773	G	62
NC_045512.2	22774	T	58
NC_045512.2	22775	G	49
NC_045512.2	22776	A	49
NC_045512.2	22777	T	50
NC_045512.2	22778	G	50
NC_045512.2	22779	A	362
NC_045512.2	22780	A	367
NC_045512.2	22781	G	368
NC_045512.2	22782	T	366
NC_045512.2	22783	C	412
NC_045512.2	22784	A	407
NC_045512.2	22785	G	432
NC_045512.2	22786	A	434
NC_045512.2	22787	C	435
NC_045512.2	22788	A	435
NC_045512.2	22789	A	438
NC_045512.2	22790	A	452
NC_045512.2	22791	T	453
NC_045512.2	22792	C	440
NC_045512.2	22793	G	436
NC_045512.2	22794	C	522
NC_045512.2	22795	T	524
NC_045512.2	22796	C	531
NC_045512.2	22797	C	526
NC_045512.2	22798	A	520
NC_045512.2	22799	G	549
NC_045512.2	22800	G	557
NC_045512.2	22801	G	562
NC_045512.2	22802	C	569
NC_045512.2	22803	A	569
NC_045512.2	22804	A	582
NC_045512.2	22805	A	333
NC_045512.2	22806	C	627
NC_045512.2	22807	T	623
NC_045512.2	22808	G	619
NC_045512.2	22809	G	629
NC_045512.2	22810	A	639
NC_045512.2	22811	A	642
NC_045512.2	22812	A	642
NC_045512.2	22813	G	660
NC_045512.2	22814	A	582
NC_045512.2	22815	T	659
NC_045512.2	22816	T	661
NC_045512.2	22817	G	669
NC_045512.2	22818	C	666
NC_045512.2	22819	T	662
NC_045512.2	22820	G	693
NC_045512.2	22821	A	700
NC_045512.2	22822	T	700
NC_045512.2	22823	T	699
NC_045512.2	22824	A	692
NC_045512.2	22825	T	674
NC_045512.2	22826	A	685
NC_045512.2	22827	A	728
NC_045512.2	22828	T	729
NC_045512.2	22829	T	723
NC_045512.2	22830	A	744
NC_045512.2	22831	T	744
NC_045512.2	22832	A	733
NC_045512.2	22833	A	748
NC_045512.2	22834	A	651
NC_045512.2	22835	T	758
NC_045512.2	22836	T	760
NC_045512.2	22837	A	769
NC_045512.2	22838	C	773
NC_045512.2	22839	C	774
NC_045512.2	22840	A	750
NC_045512.2	22841	G	780
NC_045512.2	22842	A	745
NC_045512.2	22843	T	771
NC_045512.2	22844	G	794
NC_045512.2	22845	A	832
NC_045512.2	22846	T	853
NC_045512.2	22847	T	855
NC_045512.2	22848	T	862
NC_045512.2	22849	T	858
NC_045512.2	22850	A	881
NC_045512.2	22851	C	878
NC_045512.2	22852	A	877
NC_045512.2	22853	G	885
NC_045512.2	22854	G	885
NC_045512.2	22855	C	909
NC_045512.2	22856	T	910
NC_045512.2	22857	G	991
NC_045512.2	22858	C	987
NC_045512.2	22859	G	1003
NC_045512.2	22860	T	991
NC_045512.2	22861	T	975
NC_045512.2	22862	A	950
NC_045512.2	22863	T	965
NC_045512.2	22864	A	833
NC_045512.2	22865	G	990
NC_045512.2	22866	C	953
NC_045512.2	22867	T	949
NC_045512.2	22868	T	958
NC_045512.2	22869	G	965
NC_045512.2	22870	G	965
NC_045512.2	22871	A	937
NC_045512.2	22872	A	925
NC_045512.2	22873	T	904
NC_045512.2	22874	T	783
NC_045512.2	22875	C	826
NC_045512.2	22876	T	815
NC_045512.2	22877	A	826
NC_045512.2	22878	A	794
NC_045512.2	22879	C	816
NC_045512.2	22880	A	814
NC_045512.2	22881	A	820
NC_045512.2	22882	T	904
NC_045512.2	22883	C	926
NC_045512.2	22884	T	926
NC_045512.2	22885	T	923
NC_045512.2	22886	G	920
NC_045512.2	22887	A	980
NC_045512.2	22888	T	984
NC_045512.2	22889	T	972
NC_045512.2	22890	C	974
NC_045512.2	22891	T	965
NC_045512.2	22892	A	958
NC_045512.2	22893	A	932
NC_045512.2	22894	G	951
NC_045512.2	22895	G	800
NC_045512.2	22896	T	812
NC_045512.2	22897	T	819
NC_045512.2	22898	G	812
NC_045512.2	22899	G	888
NC_045512.2	22900	T	923
NC_045512.2	22901	G	934
NC_045512.2	22902	G	932
NC_045512.2	22903	T	934
NC_045512.2	22904	A	919
NC_045512.2	22905	A	942
NC_045512.2	22906	T	947
NC_045512.2	22907	T	945
NC_045512.2	22908	A	948
NC_045512.2	22909	T	965
NC_045512.2	22910	A	953
NC_045512.2	22911	A	981
NC_045512.2	22912	T	987
NC_045512.2	22913	T	962
NC_045512.2	22914	A	958
NC_045512.2	22915	C	1052
NC_045512.2	22916	C	1045
NC_045512.2	22917	T	1053
NC_045512.2	22918	G	1098
NC_045512.2	22919	T	1081
NC_045512.2	22920	A	1102
NC_045512.2	22921	T	1078
NC_045512.2	22922	A	1053
NC_045512.2	22923	G	1082
NC_045512.2	22924	A	1015
NC_045512.2	22925	T	1133
NC_045512.2	22926	T	1140
NC_045512.2	22927	G	1185
NC_045512.2	22928	T	1171
NC_045512.2	22929	T	1173
NC_045512.2	22930	T	1169
NC_045512.2	22931	A	1120
NC_045512.2	22932	G	1186
NC_045512.2	22933	G	1180
NC_045512.2	22934	A	1167
NC_045512.2	22935	A	1157
NC_045512.2	22936	G	1185
NC_045512.2	22937	T	1157
NC_045512.2	22938	C	1166
NC_045512.2	22939	T	1166
NC_045512.2	22940	A	1164
NC_045512.2	22941	A	1166
NC_045512.2	22942	T	1203
NC_045512.2	22943	C	1219
NC_045512.2	22944	T	1214
NC_045512.2	22945	C	1162
NC_045512.2	22946	A	1153
NC_045512.2	22947	A	1173
NC_045512.2	22948	A	1040
NC_045512.2	22949	C	1217
NC_045512.2	22950	C	1209
NC_045512.2	22951	T	1273
NC_045512.2	22952	T	1290
NC_045512.2	22953	T	1312
NC_045512.2	22954	T	1302
NC_045512.2	22955	G	1387
NC_045512.2	22956	A	1378
NC_045512.2	22957	G	1418
NC_045512.2	22958	A	1294
NC_045512.2	22959	G	1756
NC_045512.2	22960	A	1604
NC_045512.2	22961	G	1922
NC_045512.2	22962	A	1569
NC_045512.2	22963	T	1943
NC_045512.2	22964	A	1967
NC_045512.2	22965	T	2024
NC_045512.2	22966	T	2005
NC_045512.2	22967	T	2043
NC_045512.2	22968	C	2064
NC_045512.2	22969	A	1961
NC_045512.2	22970	A	1441
NC_045512.2	22971	C	2068
NC_045512.2	22972	T	2049
NC_045512.2	22973	G	2068
NC_045512.2	22974	A	2059
NC_045512.2	22975	A	2060
NC_045512.2	22976	A	2038
NC_045512.2	22977	T	2026
NC_045512.2	22978	C	2055
NC_045512.2	22979	T	1990
NC_045512.2	22980	A	2056
NC_045512.2	22981	T	2042
NC_045512.2	22982	C	1990
NC_045512.2	22983	A	1953
NC_045512.2	22984	G	1940
NC_045512.2	22985	G	1943
NC_045512.2	22986	C	1926
NC_045512.2	22987	C	1895
NC_045512.2	22988	G	1895
NC_045512.2	22989	G	1887
NC_045512.2	22990	T	1841
NC_045512.2	22991	A	1868
NC_045512.2	22992	G	1875
NC_045512.2	22993	C	1874
NC_045512.2	22994	A	1762
NC_045512.2	22995	C	1843
NC_045512.2	22996	A	1780
NC_045512.2	22997	C	1838
NC_045512.2	22998	C	1779
NC_045512.2	22999	T	1765
NC_045512.2	23000	T	1724
NC_045512.2	23001	G	1745
NC_045512.2	23002	T	1724
NC_045512.2	23003	A	1716
NC_045512.2	23004	A	1690
NC_045512.2	23005	T	1733
NC_045512.2	23006	G	1754
NC_045512.2	23007	G	1944
NC_045512.2	23008	T	1900
NC_045512.2	23009	G	1930
NC_045512.2	23010	T	1912
NC_045512.2	23011	T	1899
NC_045512.2	23012	G	1894
NC_045512.2	23013	A	1868
NC_045512.2	23014	A	1843
NC_045512.2	23015	G	1873
NC_045512.2	23016	G	1807
NC_045512.2	23017	T	1800
NC_045512.2	23018	T	1766
NC_045512.2	23019	T	1908
NC_045512.2	23020	T	2210
NC_045512.2	23021	A	2296
NC_045512.2	23022	A	2356
NC_045512.2	23023	T	2453
NC_045512.2	23024	T	2429
NC_045512.2	23025	G	2497
NC_045512.2	23026	T	2459
NC_045512.2	23027	T	2481
NC_045512.2	23028	A	2396
NC_045512.2	23029	C	2506
NC_045512.2	23030	T	2469
NC_045512.2	23031	T	2592
NC_045512.2	23032	T	2662
NC_045512.2	23033	C	3189
NC_045512.2	23034	C	3227
NC_045512.2	23035	T	2939
NC_045512.2	23036	T	3203
NC_045512.2	23037	T	3203
NC_045512.2	23038	A	3238
NC_045512.2	23039	C	3283
NC_045512.2	23040	A	3246
NC_045512.2	23041	A	3534
NC_045512.2	23042	T	3482
NC_045512.2	23043	C	3473
NC_045512.2	23044	A	3484
NC_045512.2	23045	T	3380
NC_045512.2	23046	A	3412
NC_045512.2	23047	T	3454
NC_045512.2	23048	G	3499
NC_045512.2	23049	G	3625
NC_045512.2	23050	T	3582
NC_045512.2	23051	T	3579
NC_045512.2	23052	T	3512
NC_045512.2	23053	C	3518
NC_045512.2	23054	C	3528
NC_045512.2	23055	A	3563
NC_045512.2	23056	A	3513
NC_045512.2	23057	C	3508
NC_045512.2	23058	C	3349
NC_045512.2	23059	C	3401
NC_045512.2	23060	A	3386
NC_045512.2	23061	C	3481
NC_045512.2	23062	T	3455
NC_045512.2	23063	A	3433
NC_045512.2	23064	A	3421
NC_045512.2	23065	T	3411
NC_045512.2	23066	G	3416
NC_045512.2	23067	G	3564
NC_045512.2	23068	T	3473
NC_045512.2	23069	G	3553
NC_045512.2	23070	T	3489
NC_045512.2	23071	T	3503
NC_045512.2	23072	G	3598
NC_045512.2	23073	G	3655
NC_045512.2	23074	T	3637
NC_045512.2	23075	T	3692
NC_045512.2	23076	A	3644
NC_045512.2	23077	C	3692
NC_045512.2	23078	C	3695
NC_045512.2	23079	A	3649
NC_045512.2	23080	A	3313
NC_045512.2	23081	C	3697
NC_045512.2	23082	C	3672
NC_045512.2	23083	A	3676
NC_045512.2	23084	T	3673
NC_045512.2	23085	A	3500
NC_045512.2	23086	C	3693
NC_045512.2	23087	A	3655
NC_045512.2	23088	G	3694
NC_045512.2	23089	A	3702
NC_045512.2	23090	G	3692
NC_045512.2	23091	T	3614
NC_045512.2	23092	A	3696
NC_045512.2	23093	G	3699
NC_045512.2	23094	T	3639
NC_045512.2	23095	A	3383
NC_045512.2	23096	G	3697
NC_045512.2	23097	T	3652
NC_045512.2	23098	A	3480
NC_045512.2	23099	C	3657
NC_045512.2	23100	T	3681
NC_045512.2	23101	T	3648
NC_045512.2	23102	T	3608
NC_045512.2	23103	C	3689
NC_045512.2	23104	T	3694
NC_045512.2	23105	T	3614
NC_045512.2	23106	T	3675
NC_045512.2	23107	T	3666
NC_045512.2	23108	G	3494
NC_045512.2	23109	A	3490
NC_045512.2	23110	A	3400
NC_045512.2	23111	C	3468
NC_045512.2	23112	T	3437
NC_045512.2	23113	T	3424
NC_045512.2	23114	C	4068
NC_045512.2	23115	T	4052
NC_045512.2	23116	A	3614
NC_045512.2	23117	C	3540
NC_045512.2	23118	A	3562
NC_045512.2	23119	T	3659
NC_045512.2	23120	G	3651
NC_045512.2	23121	C	3773
NC_045512.2	23122	A	4288
NC_045512.2	23123	C	4327
NC_045512.2	23124	C	4361
NC_045512.2	23125	A	4358
NC_045512.2	23126	G	4324
NC_045512.2	23127	C	4417
NC_045512.2	23128	A	4306
NC_045512.2	23129	A	4335
NC_045512.2	23130	C	4124
NC_045512.2	23131	T	4073
NC_045512.2	23132	G	4148
NC_045512.2	23133	T	3797
NC_045512.2	23134	T	4264
NC_045512.2	23135	T	4198
NC_045512.2	23136	G	4288
NC_045512.2	23137	T	4323
NC_045512.2	23138	G	4380
NC_045512.2	23139	G	4474
NC_045512.2	23140	A	4543
NC_045512.2	23141	C	4566
NC_045512.2	23142	C	4539
NC_045512.2	23143	T	4514
NC_045512.2	23144	A	4574
NC_045512.2	23145	A	4608
NC_045512.2	23146	A	4577
NC_045512.2	23147	A	4536
NC_045512.2	23148	A	4542
NC_045512.2	23149	G	4592
NC_045512.2	23150	T	4340
NC_045512.2	23151	C	4457
NC_045512.2	23152	T	4400
NC_045512.2	23153	A	4463
NC_045512.2	23154	C	4452
NC_045512.2	23155	T	4427
NC_045512.2	23156	A	4233
NC_045512.2	23157	A	4472
NC_045512.2	23158	T	4429
NC_045512.2	23159	T	4426
NC_045512.2	23160	T	4245
NC_045512.2	23161	G	4253
NC_045512.2	23162	G	4125
NC_045512.2	23163	T	4125
NC_045512.2	23164	T	4170
NC_045512.2	23165	A	4120
NC_045512.2	23166	A	4168
NC_045512.2	23167	A	4257
NC_045512.2	23168	A	4149
NC_045512.2	23169	A	4138
NC_045512.2	23170	C	4154
NC_045512.2	23171	A	4159
NC_045512.2	23172	A	4164
NC_045512.2	23173	A	4149
NC_045512.2	23174	T	4113
NC_045512.2	23175	G	4176
NC_045512.2	23176	T	3995
NC_045512.2	23177	G	4202
NC_045512.2	23178	T	4246
NC_045512.2	23179	C	4223
NC_045512.2	23180	A	4149
NC_045512.2	23181	A	4139
NC_045512.2	23182	T	4337
NC_045512.2	23183	T	4398
NC_045512.2	23184	T	4418
NC_045512.2	23185	C	4769
NC_045512.2	23186	A	4874
NC_045512.2	23187	A	4758
NC_045512.2	23188	C	5154
NC_045512.2	23189	T	5123
NC_045512.2	23190	T	4752
NC_045512.2	23191	C	5194
NC_045512.2	23192	A	5131
NC_045512.2	23193	A	5042
NC_045512.2	23194	T	5152
NC_045512.2	23195	G	5240
NC_045512.2	23196	G	5325
NC_045512.2	23197	T	5083
NC_045512.2	23198	T	5321
NC_045512.2	23199	T	5257
NC_045512.2	23200	A	5487
NC_045512.2	23201	A	5468
NC_045512.2	23202	C	5512
NC_045512.2	23203	A	5446
NC_045512.2	23204	G	5465
NC_045512.2	23205	G	5561
NC_045512.2	23206	C	5598
NC_045512.2	23207	A	5427
NC_045512.2	23208	C	5494
NC_045512.2	23209	A	5368
NC_045512.2	23210	G	5485
NC_045512.2	23211	G	5547
NC_045512.2	23212	T	5569
NC_045512.2	23213	G	5598
NC_045512.2	23214	T	5644
NC_045512.2	23215	T	4623
NC_045512.2	23216	C	5534
NC_045512.2	23217	T	5460
NC_045512.2	23218	T	5476
NC_045512.2	23219	A	5296
NC_045512.2	23220	C	5404
NC_045512.2	23221	T	5171
NC_045512.2	23222	G	5185
NC_045512.2	23223	A	4381
NC_045512.2	23224	G	4410
NC_045512.2	23225	T	4028
NC_045512.2	23226	C	4382
NC_045512.2	23227	T	4863
NC_045512.2	23228	A	5065
NC_045512.2	23229	A	5113
NC_045512.2	23230	C	5126
NC_045512.2	23231	A	5064
NC_045512.2	23232	A	5151
NC_045512.2	23233	A	5007
NC_045512.2	23234	A	5059
NC_045512.2	23235	A	5104
NC_045512.2	23236	G	5122
NC_045512.2	23237	T	5222
NC_045512.2	23238	T	5176
NC_045512.2	23239	T	4701
NC_045512.2	23240	C	5253
NC_045512.2	23241	T	5133
NC_045512.2	23242	G	5151
NC_045512.2	23243	C	5437
NC_045512.2	23244	C	5470
NC_045512.2	23245	T	5398
NC_045512.2	23246	T	5434
NC_045512.2	23247	T	5447
NC_045512.2	23248	C	5434
NC_045512.2	23249	C	5446
NC_045512.2	23250	A	5366
NC_045512.2	23251	A	5382
NC_045512.2	23252	C	5452
NC_045512.2	23253	A	5359
NC_045512.2	23254	A	5155
NC_045512.2	23255	T	5227
NC_045512.2	23256	T	4895
NC_045512.2	23257	T	5180
NC_045512.2	23258	G	5367
NC_045512.2	23259	G	5385
NC_045512.2	23260	C	5397
NC_045512.2	23261	A	5346
NC_045512.2	23262	G	5363
NC_045512.2	23263	A	7935
NC_045512.2	23264	G	8422
NC_045512.2	23265	A	7783
NC_045512.2	23266	C	8817
NC_045512.2	23267	A	8570
NC_045512.2	23268	T	8968
NC_045512.2	23269	T	9073
NC_045512.2	23270	G	9411
NC_045512.2	23271	C	9453
NC_045512.2	23272	T	9420
NC_045512.2	23273	G	9588
NC_045512.2	23274	A	9669
NC_045512.2	23275	C	10203
NC_045512.2	23276	A	10013
NC_045512.2	23277	C	12363
NC_045512.2	23278	T	12430
NC_045512.2	23279	A	12778
NC_045512.2	23280	C	12993
NC_045512.2	23281	T	12866
NC_045512.2	23282	G	13114
NC_045512.2	23283	A	13086
NC_045512.2	23284	T	12915
NC_045512.2	23285	G	13035
NC_045512.2	23286	C	12537
NC_045512.2	23287	T	12193
NC_045512.2	23288	G	12821
NC_045512.2	23289	T	12530
NC_045512.2	23290	C	12679
NC_045512.2	23291	C	12648
NC_045512.2	23292	G	12747
NC_045512.2	23293	T	12647
NC_045512.2	23294	G	12946
NC_045512.2	23295	A	12716
NC_045512.2	23296	T	13248
NC_045512.2	23297	C	13269
NC_045512.2	23298	C	13192
NC_045512.2	23299	A	13175
NC_045512.2	23300	C	13243
NC_045512.2	23301	A	12995
NC_045512.2	23302	G	13210
NC_045512.2	23303	A	13138
NC_045512.2	23304	C	13665
NC_045512.2	23305	A	13197
NC_045512.2	23306	C	13751
NC_045512.2	23307	T	13607
NC_045512.2	23308	T	13558
NC_045512.2	23309	G	13680
NC_045512.2	23310	A	13607
NC_045512.2	23311	G	13690
NC_045512.2	23312	A	13063
NC_045512.2	23313	T	13618
NC_045512.2	23314	T	13106
NC_045512.2	23315	C	13645
NC_045512.2	23316	T	13308
NC_045512.2	23317	T	13487
NC_045512.2	23318	G	13690
NC_045512.2	23319	A	14978
NC_045512.2	23320	C	15145
NC_045512.2	23321	A	14746
NC_045512.2	23322	T	14932
NC_045512.2	23323	T	14823
NC_045512.2	23324	A	14703
NC_045512.2	23325	C	15109
NC_045512.2	23326	A	15010
NC_045512.2	23327	C	15166
NC_045512.2	23328	C	14257
NC_045512.2	23329	A	14398
NC_045512.2	23330	T	14210
NC_045512.2	23331	G	14570
NC_045512.2	23332	T	14281
NC_045512.2	23333	T	14201
NC_045512.2	23334	C	14738
NC_045512.2	23335	T	14612
NC_045512.2	23336	T	14349
NC_045512.2	23337	T	14463
NC_045512.2	23338	T	14388
NC_045512.2	23339	G	14457
NC_045512.2	23340	G	14441
NC_045512.2	23341	T	14269
NC_045512.2	23342	G	14335
NC_045512.2	23343	G	14268
NC_045512.2	23344	T	13989
NC_045512.2	23345	G	13990
NC_045512.2	23346	T	13881
NC_045512.2	23347	C	13842
NC_045512.2	23348	A	12926
NC_045512.2	23349	G	15354
NC_045512.2	23350	T	15287
NC_045512.2	23351	G	15805
NC_045512.2	23352	T	15808
NC_045512.2	23353	T	15544
NC_045512.2	23354	A	15232
NC_045512.2	23355	T	14986
NC_045512.2	23356	A	14067
NC_045512.2	23357	A	15694
NC_045512.2	23358	C	15293
NC_045512.2	23359	A	15084
NC_045512.2	23360	C	15240
NC_045512.2	23361	C	15067
NC_045512.2	23362	A	15088
NC_045512.2	23363	G	15011
NC_045512.2	23364	G	15105
NC_045512.2	23365	A	14828
NC_045512.2	23366	A	14156
NC_045512.2	23367	C	14720
NC_045512.2	23368	A	14513
NC_045512.2	23369	A	14504
NC_045512.2	23370	A	14342
NC_045512.2	23371	T	14026
NC_045512.2	23372	A	13225
NC_045512.2	23373	C	14292
NC_045512.2	23374	T	14054
NC_045512.2	23375	T	13690
NC_045512.2	23376	C	12245
NC_045512.2	23377	T	11881
NC_045512.2	23378	A	12265
NC_045512.2	23379	A	10794
NC_045512.2	23380	C	11716
NC_045512.2	23381	C	11563
NC_045512.2	23382	A	11291
NC_045512.2	23383	G	11465
NC_045512.2	23384	G	11506
NC_045512.2	23385	T	11396
NC_045512.2	23386	T	11604
NC_045512.2	23387	G	11756
NC_045512.2	23388	C	11117
NC_045512.2	23389	T	11129
NC_045512.2	23390	G	11647
NC_045512.2	23391	T	11548
NC_045512.2	23392	T	11506
NC_045512.2	23393	C	11478
NC_045512.2	23394	T	11401
NC_045512.2	23395	T	11560
NC_045512.2	23396	T	11233
NC_045512.2	23397	A	11355
NC_045512.2	23398	T	11288
NC_045512.2	23399	C	11215
NC_045512.2	23400	A	10986
NC_045512.2	23401	G	11594
NC_045512.2	23402	G	11779
NC_045512.2	23403	A	11907
NC_045512.2	23404	T	11585
NC_045512.2	23405	G	11470
NC_045512.2	23406	T	11025
NC_045512.2	23407	T	11383
NC_045512.2	23408	A	11068
NC_045512.2	23409	A	10871
NC_045512.2	23410	C	11620
NC_045512.2	23411	T	10911
NC_045512.2	23412	G	11274
NC_045512.2	23413	C	11239
NC_045512.2	23414	A	11205
NC_045512.2	23415	C	11222
NC_045512.2	23416	A	11124
NC_045512.2	23417	G	11294
NC_045512.2	23418	A	11772
NC_045512.2	23419	A	11597
NC_045512.2	23420	G	10775
NC_045512.2	23421	T	10464
NC_045512.2	23422	C	10586
NC_045512.2	23423	C	10409
NC_045512.2	23424	C	10419
NC_045512.2	23425	T	10506
NC_045512.2	23426	G	10712
NC_045512.2	23427	T	11086
NC_045512.2	23428	T	11825
NC_045512.2	23429	G	11817
NC_045512.2	23430	C	11869
NC_045512.2	23431	T	11603
NC_045512.2	23432	A	11775
NC_045512.2	23433	T	11741
NC_045512.2	23434	T	11660
NC_045512.2	23435	C	11609
NC_045512.2	23436	A	11532
NC_045512.2	23437	T	11610
NC_045512.2	23438	G	11632
NC_045512.2	23439	C	11652
NC_045512.2	23440	A	11513
NC_045512.2	23441	G	11776
NC_045512.2	23442	A	11760
NC_045512.2	23443	T	12133
NC_045512.2	23444	C	11811
NC_045512.2	23445	A	11767
NC_045512.2	23446	A	11880
NC_045512.2	23447	C	12021
NC_045512.2	23448	T	11891
NC_045512.2	23449	T	10195
NC_045512.2	23450	A	9390
NC_045512.2	23451	C	9478
NC_045512.2	23452	T	9332
NC_045512.2	23453	C	9678
NC_045512.2	23454	C	9696
NC_045512.2	23455	T	9575
NC_045512.2	23456	A	9902
NC_045512.2	23457	C	11758
NC_045512.2	23458	T	9959
NC_045512.2	23459	T	11569
NC_045512.2	23460	G	11896
NC_045512.2	23461	G	11968
NC_045512.2	23462	C	12126
NC_045512.2	23463	G	12200
NC_045512.2	23464	T	12222
NC_045512.2	23465	G	12187
NC_045512.2	23466	T	10527
NC_045512.2	23467	T	12348
NC_045512.2	23468	T	11839
NC_045512.2	23469	A	12307
NC_045512.2	23470	T	12812
NC_045512.2	23471	T	12815
NC_045512.2	23472	C	12576
NC_045512.2	23473	T	12632
NC_045512.2	23474	A	12659
NC_045512.2	23475	C	12624
NC_045512.2	23476	A	12692
NC_045512.2	23477	G	12574
NC_045512.2	23478	G	13640
NC_045512.2	23479	T	13669
NC_045512.2	23480	T	13718
NC_045512.2	23481	C	13732
NC_045512.2	23482	T	13362
NC_045512.2	23483	A	13713
NC_045512.2	23484	A	13773
NC_045512.2	23485	T	13597
NC_045512.2	23486	G	13897
NC_045512.2	23487	T	13690
NC_045512.2	23488	T	13847
NC_045512.2	23489	T	13916
NC_045512.2	23490	T	13778
NC_045512.2	23491	T	13877
NC_045512.2	23492	C	13751
NC_045512.2	23493	A	13820
NC_045512.2	23494	A	13700
NC_045512.2	23495	A	13826
NC_045512.2	23496	C	13987
NC_045512.2	23497	A	13756
NC_045512.2	23498	C	14014
NC_045512.2	23499	G	14007
NC_045512.2	23500	T	13939
NC_045512.2	23501	G	14081
NC_045512.2	23502	C	14331
NC_045512.2	23503	A	14106
NC_045512.2	23504	G	14324
NC_045512.2	23505	G	14247
NC_045512.2	23506	C	14214
NC_045512.2	23507	T	13945
NC_045512.2	23508	G	14264
NC_045512.2	23509	T	13056
NC_045512.2	23510	T	13731
NC_045512.2	23511	T	13934
NC_045512.2	23512	A	14142
NC_045512.2	23513	A	14060
NC_045512.2	23514	T	14097
NC_045512.2	23515	A	13670
NC_045512.2	23516	G	13876
NC_045512.2	23517	G	13255
NC_045512.2	23518	G	13301
NC_045512.2	23519	G	13289
NC_045512.2	23520	C	13686
NC_045512.2	23521	T	13673
NC_045512.2	23522	G	13854
NC_045512.2	23523	A	14085
NC_045512.2	23524	A	14449
NC_045512.2	23525	C	14526
NC_045512.2	23526	A	15259
NC_045512.2	23527	T	14379
NC_045512.2	23528	G	14709
NC_045512.2	23529	T	13501
NC_045512.2	23530	C	13405
NC_045512.2	23531	A	13033
NC_045512.2	23532	A	13013
NC_045512.2	23533	C	13157
NC_045512.2	23534	A	12742
NC_045512.2	23535	A	12925
NC_045512.2	23536	C	13051
NC_045512.2	23537	T	12593
NC_045512.2	23538	C	12907
NC_045512.2	23539	A	12766
NC_045512.2	23540	T	12108
NC_045512.2	23541	A	12791
NC_045512.2	23542	T	12260
NC_045512.2	23543	G	12838
NC_045512.2	23544	A	12130
NC_045512.2	23545	G	12165
NC_045512.2	23546	T	11333
NC_045512.2	23547	G	12050
NC_045512.2	23548	T	11660
NC_045512.2	23549	G	11987
NC_045512.2	23550	A	11861
NC_045512.2	23551	C	11934
NC_045512.2	23552	A	11576
NC_045512.2	23553	T	11557
NC_045512.2	23554	A	11190
NC_045512.2	23555	C	11284
NC_045512.2	23556	C	11054
NC_045512.2	23557	C	10765
NC_045512.2	23558	A	8397
NC_045512.2	23559	T	8139
NC_045512.2	23560	T	8155
NC_045512.2	23561	G	8270
NC_045512.2	23562	G	8265
NC_045512.2	23563	T	7846
NC_045512.2	23564	G	7967
NC_045512.2	23565	C	7893
NC_045512.2	23566	A	7734
NC_045512.2	23567	G	7787
NC_045512.2	23568	G	7786
NC_045512.2	23569	T	7688
NC_045512.2	23570	A	7548
NC_045512.2	23571	T	7032
NC_045512.2	23572	A	7014
NC_045512.2	23573	T	7091
NC_045512.2	23574	G	7073
NC_045512.2	23575	C	6846
NC_045512.2	23576	G	6241
NC_045512.2	23577	C	6122
NC_045512.2	23578	T	5813
NC_045512.2	23579	A	5911
NC_045512.2	23580	G	5980
NC_045512.2	23581	T	5828
NC_045512.2	23582	T	5465
NC_045512.2	23583	A	5791
NC_045512.2	23584	T	5764
NC_045512.2	23585	C	5771
NC_045512.2	23586	A	5286
NC_045512.2	23587	G	5332
NC_045512.2	23588	A	5085
NC_045512.2	23589	C	5094
NC_045512.2	23590	T	5008
NC_045512.2	23591	C	4984
NC_045512.2	23592	A	4886
NC_045512.2	23593	G	4919
NC_045512.2	23594	A	5212
NC_045512.2	23595	C	5232
NC_045512.2	23596	T	4879
NC_045512.2	23597	A	4831
NC_045512.2	23598	A	4729
NC_045512.2	23599	T	4830
NC_045512.2	23600	T	4143
NC_045512.2	23601	C	4768
NC_045512.2	23602	T	3817
NC_045512.2	23603	C	4048
NC_045512.2	23604	C	4027
NC_045512.2	23605	T	4022
NC_045512.2	23606	C	386
NC_045512.2	23607	G	388
NC_045512.2	23608	G	395
NC_045512.2	23609	C	397
NC_045512.2	23610	G	395
NC_045512.2	23611	G	418
NC_045512.2	23612	G	421
NC_045512.2	23613	C	433
NC_045512.2	23614	A	445
NC_045512.2	23615	C	451
NC_045512.2	23616	G	458
NC_045512.2	23617	T	497
NC_045512.2	23618	A	516
NC_045512.2	23619	G	561
NC_045512.2	23620	T	566
NC_045512.2	23621	G	571
NC_045512.2	23622	T	570
NC_045512.2	23623	A	580
NC_045512.2	23624	G	581
NC_045512.2	23625	C	585
NC_045512.2	23626	T	593
NC_045512.2	23627	A	597
NC_045512.2	23628	G	608
NC_045512.2	23629	T	605
NC_045512.2	23630	C	612
NC_045512.2	23631	A	593
NC_045512.2	23632	A	640
NC_045512.2	23633	T	659
NC_045512.2	23634	C	672
NC_045512.2	23635	C	662
NC_045512.2	23636	A	677
NC_045512.2	23637	T	682
NC_045512.2	23638	C	685
NC_045512.2	23639	A	678
NC_045512.2	23640	T	697
NC_045512.2	23641	T	740
NC_045512.2	23642	G	786
NC_045512.2	23643	C	785
NC_045512.2	23644	C	794
NC_045512.2	23645	T	790
NC_045512.2	23646	A	831
NC_045512.2	23647	C	857
NC_045512.2	23648	A	842
NC_045512.2	23649	C	882
NC_045512.2	23650	T	873
NC_045512.2	23651	A	911
NC_045512.2	23652	T	914
NC_045512.2	23653	G	931
NC_045512.2	23654	T	925
NC_045512.2	23655	C	939
NC_045512.2	23656	A	930
NC_045512.2	23657	C	968
NC_045512.2	23658	T	961
NC_045512.2	23659	T	964
NC_045512.2	23660	G	966
NC_045512.2	23661	G	977
NC_045512.2	23662	T	978
NC_045512.2	23663	G	977
NC_045512.2	23664	C	980
NC_045512.2	23665	A	982
NC_045512.2	23666	G	987
NC_045512.2	23667	A	947
NC_045512.2	23668	A	980
NC_045512.2	23669	A	994
NC_045512.2	23670	A	999
NC_045512.2	23671	T	997
NC_045512.2	23672	T	985
NC_045512.2	23673	C	998
NC_045512.2	23674	A	991
NC_045512.2	23675	G	996
NC_045512.2	23676	T	993
NC_045512.2	23677	T	990
NC_045512.2	23678	G	965
NC_045512.2	23679	C	960
NC_045512.2	23680	T	965
NC_045512.2	23681	T	980
NC_045512.2	23682	A	955
NC_045512.2	23683	C	988
NC_045512.2	23684	T	973
NC_045512.2	23685	C	1007
NC_045512.2	23686	T	996
NC_045512.2	23687	A	999
NC_045512.2	23688	A	991
NC_045512.2	23689	T	999
NC_045512.2	23690	A	956
NC_045512.2	23691	A	1022
NC_045512.2	23692	C	994
NC_045512.2	23693	T	956
NC_045512.2	23694	C	1013
NC_045512.2	23695	T	954
NC_045512.2	23696	A	1008
NC_045512.2	23697	T	993
NC_045512.2	23698	T	1000
NC_045512.2	23699	G	1002
NC_045512.2	23700	C	989
NC_045512.2	23701	C	972
NC_045512.2	23702	A	976
NC_045512.2	23703	T	951
NC_045512.2	23704	A	956
NC_045512.2	23705	C	971
NC_045512.2	23706	C	964
NC_045512.2	23707	C	970
NC_045512.2	23708	A	951
NC_045512.2	23709	C	968
NC_045512.2	23710	A	961
NC_045512.2	23711	A	964
NC_045512.2	23712	A	941
NC_045512.2	23713	T	948
NC_045512.2	23714	T	892
NC_045512.2	23715	T	943
NC_045512.2	23716	T	946
NC_045512.2	23717	A	939
NC_045512.2	23718	C	897
NC_045512.2	23719	T	864
NC_045512.2	23720	A	883
NC_045512.2	23721	T	853
NC_045512.2	23722	T	896
NC_045512.2	23723	A	881
NC_045512.2	23724	G	917
NC_045512.2	23725	T	889
NC_045512.2	23726	G	932
NC_045512.2	23727	T	905
NC_045512.2	23728	T	887
NC_045512.2	23729	A	883
NC_045512.2	23730	C	899
NC_045512.2	23731	C	897
NC_045512.2	23732	A	898
NC_045512.2	23733	C	876
NC_045512.2	23734	A	859
NC_045512.2	23735	G	864
NC_045512.2	23736	A	908
NC_045512.2	23737	A	911
NC_045512.2	23738	A	911
NC_045512.2	23739	T	900
NC_045512.2	23740	T	884
NC_045512.2	23741	C	841
NC_045512.2	23742	T	825
NC_045512.2	23743	A	840
NC_045512.2	23744	C	853
NC_045512.2	23745	C	850
NC_045512.2	23746	A	839
NC_045512.2	23747	G	817
NC_045512.2	23748	T	807
NC_045512.2	23749	G	873
NC_045512.2	23750	T	824
NC_045512.2	23751	C	835
NC_045512.2	23752	T	769
NC_045512.2	23753	A	831
NC_045512.2	23754	T	865
NC_045512.2	23755	G	882
NC_045512.2	23756	A	977
NC_045512.2	23757	C	980
NC_045512.2	23758	C	914
NC_045512.2	23759	A	921
NC_045512.2	23760	A	916
NC_045512.2	23761	G	916
NC_045512.2	23762	A	900
NC_045512.2	23763	C	923
NC_045512.2	23764	A	914
NC_045512.2	23765	T	945
NC_045512.2	23766	C	942
NC_045512.2	23767	A	939
NC_045512.2	23768	G	938
NC_045512.2	23769	T	926
NC_045512.2	23770	A	942
NC_045512.2	23771	G	949
NC_045512.2	23772	A	950
NC_045512.2	23773	T	972
NC_045512.2	23774	T	957
NC_045512.2	23775	G	954
NC_045512.2	23776	T	1010
NC_045512.2	23777	A	1089
NC_045512.2	23778	C	1091
NC_045512.2	23779	A	1037
NC_045512.2	23780	A	1046
NC_045512.2	23781	T	983
NC_045512.2	23782	G	1038
NC_045512.2	23783	T	1035
NC_045512.2	23784	A	1047
NC_045512.2	23785	C	1053
NC_045512.2	23786	A	1041
NC_045512.2	23787	T	1001
NC_045512.2	23788	T	1110
NC_045512.2	23789	T	1041
NC_045512.2	23790	G	1053
NC_045512.2	23791	T	1002
NC_045512.2	23792	G	1005
NC_045512.2	23793	G	1015
NC_045512.2	23794	T	1007
NC_045512.2	23795	G	1015
NC_045512.2	23796	A	1022
NC_045512.2	23797	T	1023
NC_045512.2	23798	T	1023
NC_045512.2	23799	C	1023
NC_045512.2	23800	A	1017
NC_045512.2	23801	A	1014
NC_045512.2	23802	C	1026
NC_045512.2	23803	T	1037
NC_045512.2	23804	G	1079
NC_045512.2	23805	A	1059
NC_045512.2	23806	A	1070
NC_045512.2	23807	T	1070
NC_045512.2	23808	G	1060
NC_045512.2	23809	C	1063
NC_045512.2	23810	A	1044
NC_045512.2	23811	G	1032
NC_045512.2	23812	C	1057
NC_045512.2	23813	A	1028
NC_045512.2	23814	A	1042
NC_045512.2	23815	T	1015
NC_045512.2	23816	C	1040
NC_045512.2	23817	T	1053
NC_045512.2	23818	T	1026
NC_045512.2	23819	T	1041
NC_045512.2	23820	T	1013
NC_045512.2	23821	G	1029
NC_045512.2	23822	T	1048
NC_045512.2	23823	T	1030
NC_045512.2	23824	G	1062
NC_045512.2	23825	C	1054
NC_045512.2	23826	A	1026
NC_045512.2	23827	A	1052
NC_045512.2	23828	T	1012
NC_045512.2	23829	A	1064
NC_045512.2	23830	T	1050
NC_045512.2	23831	G	1068
NC_045512.2	23832	G	1050
NC_045512.2	23833	C	1064
NC_045512.2	23834	A	1032
NC_045512.2	23835	G	1032
NC_045512.2	23836	T	936
NC_045512.2	23837	T	1003
NC_045512.2	23838	T	973
NC_045512.2	23839	T	995
NC_045512.2	23840	T	992
NC_045512.2	23841	G	989
NC_045512.2	23842	T	992
NC_045512.2	23843	A	986
NC_045512.2	23844	C	984
NC_045512.2	23845	A	963
NC_045512.2	23846	C	966
NC_045512.2	23847	A	920
NC_045512.2	23848	A	938
NC_045512.2	23849	T	937
NC_045512.2	23850	T	932
NC_045512.2	23851	A	921
NC_045512.2	23852	A	916
NC_045512.2	23853	A	915
NC_045512.2	23854	C	914
NC_045512.2	23855	C	873
NC_045512.2	23856	G	867
NC_045512.2	23857	T	741
NC_045512.2	23858	G	738
NC_045512.2	23859	C	736
NC_045512.2	23860	T	728
NC_045512.2	23861	T	711
NC_045512.2	23862	T	717
NC_045512.2	23863	A	713
NC_045512.2	23864	A	716
NC_045512.2	23865	C	721
NC_045512.2	23866	T	694
NC_045512.2	23867	G	688
NC_045512.2	23868	G	683
NC_045512.2	23869	A	685
NC_045512.2	23870	A	687
NC_045512.2	23871	T	675
NC_045512.2	23872	A	655
NC_045512.2	23873	G	659
NC_045512.2	23874	C	652
NC_045512.2	23875	T	613
NC_045512.2	23876	G	642
NC_045512.2	23877	T	561
NC_045512.2	23878	T	421
NC_045512.2	23879	G	428
NC_045512.2	23880	A	425
NC_045512.2	23881	A	424
NC_045512.2	23882	C	424
NC_045512.2	23883	A	380
NC_045512.2	23884	A	383
NC_045512.2	23885	G	377
NC_045512.2	23886	A	361
NC_045512.2	23887	C	374
NC_045512.2	23888	A	304
NC_045512.2	23889	A	292
NC_045512.2	23890	A	286
NC_045512.2	23891	A	291
NC_045512.2	23892	A	291
NC_045512.2	23893	C	282
NC_045512.2	23894	A	251
NC_045512.2	23895	C	256
NC_045512.2	23896	C	250
NC_045512.2	23897	C	252
NC_045512.2	23898	A	244
NC_045512.2	23899	A	249
NC_045512.2	23900	G	251
NC_045512.2	23901	A	244
NC_045512.2	23902	A	241
NC_045512.2	23903	G	250
NC_045512.2	23904	T	162
NC_045512.2	23905	T	155
NC_045512.2	23906	T	149
NC_045512.2	23907	T	151
NC_045512.2	23908	T	152
NC_045512.2	23909	G	153
NC_045512.2	23910	C	151
NC_045512.2	23911	A	35
NC_045512.2	23912	C	35
NC_045512.2	23913	A	35
NC_045512.2	23914	A	34
NC_045512.2	23915	G	34
NC_045512.2	23916	T	35
NC_045512.2	23917	C	35
NC_045512.2	23918	A	34
NC_045512.2	23919	A	35
NC_045512.2	23920	A	35
NC_045512.2	23921	C	36
NC_045512.2	23922	A	35
NC_045512.2	23923	A	35
NC_045512.2	23924	A	35
NC_045512.2	23925	T	35
NC_045512.2	23926	T	36
NC_045512.2	23927	T	37
NC_045512.2	23928	A	37
NC_045512.2	23929	C	37
NC_045512.2	23930	A	36
NC_045512.2	23931	A	36
NC_045512.2	23932	A	37
NC_045512.2	23933	A	37
NC_045512.2	23934	C	37
NC_045512.2	23935	A	36
NC_045512.2	23936	C	37
NC_045512.2	23937	C	37
NC_045512.2	23938	A	36
NC_045512.2	23939	C	38
NC_045512.2	23940	C	38
NC_045512.2	23941	A	39
NC_045512.2	23942	A	37
NC_045512.2	23943	T	40
NC_045512.2	23944	T	39
NC_045512.2	23945	A	40
NC_045512.2	23946	A	40
NC_045512.2	23947	A	38
NC_045512.2	23948	G	39
NC_045512.2	23949	A	32
NC_045512.2	23950	T	40
NC_045512.2	23951	T	40
NC_045512.2	23952	T	40
NC_045512.2	23953	T	40
NC_045512.2	23954	G	39
NC_045512.2	23955	G	39
NC_045512.2	23956	T	40
NC_045512.2	23957	G	42
NC_045512.2	23958	G	45
NC_045512.2	23959	T	44
NC_045512.2	23960	T	44
NC_045512.2	23961	T	44
NC_045512.2	23962	T	42
NC_045512.2	23963	A	38
NC_045512.2	23964	A	41
NC_045512.2	23965	T	41
NC_045512.2	23966	T	41
NC_045512.2	23967	T	41
NC_045512.2	23968	T	38
NC_045512.2	23969	T	31
NC_045512.2	23970	C	32
NC_045512.2	23971	A	33
NC_045512.2	23972	C	33
NC_045512.2	23973	A	33
NC_045512.2	23974	A	35
NC_045512.2	23975	A	31
NC_045512.2	23976	T	31
NC_045512.2	23977	A	31
NC_045512.2	23978	T	34
NC_045512.2	23979	T	34
NC_045512.2	23980	A	35
NC_045512.2	23981	C	36
NC_045512.2	23982	C	35
NC_045512.2	23983	A	35
NC_045512.2	23984	G	35
NC_045512.2	23985	A	31
NC_045512.2	23986	T	33
NC_045512.2	23987	C	32
NC_045512.2	23988	C	34
NC_045512.2	23989	A	35
NC_045512.2	23990	T	35
NC_045512.2	23991	C	35
NC_045512.2	23992	A	33
NC_045512.2	23993	A	35
NC_045512.2	23994	A	34
NC_045512.2	23995	A	32
NC_045512.2	23996	C	32
NC_045512.2	23997	C	31
NC_045512.2	23998	A	31
NC_045512.2	23999	A	31
NC_045512.2	24000	G	32
NC_045512.2	24001	C	31
NC_045512.2	24002	A	31
NC_045512.2	24003	A	31
NC_045512.2	24004	G	27
NC_045512.2	24005	A	24
NC_045512.2	24006	G	28
NC_045512.2	24007	G	30
NC_045512.2	24008	T	30
NC_045512.2	24009	C	29
NC_045512.2	24010	A	27
NC_045512.2	24011	T	29
NC_045512.2	24012	T	29
NC_045512.2	24013	T	29
NC_045512.2	24014	A	27
NC_045512.2	24015	T	29
NC_045512.2	24016	T	26
NC_045512.2	24017	G	28
NC_045512.2	24018	A	27
NC_045512.2	24019	A	27
NC_045512.2	24020	G	28
NC_045512.2	24021	A	27
NC_045512.2	24022	T	27
NC_045512.2	24023	C	28
NC_045512.2	24024	T	25
NC_045512.2	24025	A	28
NC_045512.2	24026	C	27
NC_045512.2	24027	T	27
NC_045512.2	24028	T	28
NC_045512.2	24029	T	27
NC_045512.2	24030	T	27
NC_045512.2	24031	C	28
NC_045512.2	24032	A	27
NC_045512.2	24033	A	27
NC_045512.2	24034	C	27
NC_045512.2	24035	A	26
NC_045512.2	24036	A	28
NC_045512.2	24037	A	24
NC_045512.2	24038	G	28
NC_045512.2	24039	T	27
NC_045512.2	24040	G	28
NC_045512.2	24041	A	29
NC_045512.2	24042	C	30
NC_045512.2	24043	A	29
NC_045512.2	24044	C	32
NC_045512.2	24045	T	32
NC_045512.2	24046	T	32
NC_045512.2	24047	G	33
NC_045512.2	24048	C	33
NC_045512.2	24049	A	32
NC_045512.2	24050	G	33
NC_045512.2	24051	A	31
NC_045512.2	24052	T	34
NC_045512.2	24053	G	33
NC_045512.2	24054	C	34
NC_045512.2	24055	T	34
NC_045512.2	24056	G	34
NC_045512.2	24057	G	33
NC_045512.2	24058	C	31
NC_045512.2	24059	T	31
NC_045512.2	24060	T	30
NC_045512.2	24061	C	31
NC_045512.2	24062	A	31
NC_045512.2	24063	T	30
NC_045512.2	24064	C	31
NC_045512.2	24065	A	31
NC_045512.2	24066	A	27
NC_045512.2	24067	A	30
NC_045512.2	24068	C	31
NC_045512.2	24069	A	31
NC_045512.2	24070	A	32
NC_045512.2	24071	T	32
NC_045512.2	24072	A	29
NC_045512.2	24073	T	31
NC_045512.2	24074	G	32
NC_045512.2	24075	G	30
NC_045512.2	24076	T	27
NC_045512.2	24077	G	29
NC_045512.2	24078	A	28
NC_045512.2	24079	T	28
NC_045512.2	24080	T	26
NC_045512.2	24081	G	25
NC_045512.2	24082	C	27
NC_045512.2	24083	C	25
NC_045512.2	24084	T	25
NC_045512.2	24085	T	25
NC_045512.2	24086	G	26
NC_045512.2	24087	G	28
NC_045512.2	24088	T	28
NC_045512.2	24089	G	28
NC_045512.2	24090	A	26
NC_045512.2	24091	T	29
NC_045512.2	24092	A	28
NC_045512.2	24093	T	32
NC_045512.2	24094	T	31
NC_045512.2	24095	G	31
NC_045512.2	24096	C	31
NC_045512.2	24097	T	31
NC_045512.2	24098	G	31
NC_045512.2	24099	C	37
NC_045512.2	24100	T	38
NC_045512.2	24101	A	37
NC_045512.2	24102	G	37
NC_045512.2	24103	A	39
NC_045512.2	24104	G	41
NC_045512.2	24105	A	39
NC_045512.2	24106	C	38
NC_045512.2	24107	C	37
NC_045512.2	24108	T	38
NC_045512.2	24109	C	40
NC_045512.2	24110	A	39
NC_045512.2	24111	T	34
NC_045512.2	24112	T	39
NC_045512.2	24113	T	40
NC_045512.2	24114	G	40
NC_045512.2	24115	T	39
NC_045512.2	24116	G	38
NC_045512.2	24117	C	40
NC_045512.2	24118	A	38
NC_045512.2	24119	C	39
NC_045512.2	24120	A	41
NC_045512.2	24121	A	39
NC_045512.2	24122	A	40
NC_045512.2	24123	A	39
NC_045512.2	24124	G	39
NC_045512.2	24125	T	45
NC_045512.2	24126	T	43
NC_045512.2	24127	T	41
NC_045512.2	24128	A	45
NC_045512.2	24129	A	45
NC_045512.2	24130	C	45
NC_045512.2	24131	G	45
NC_045512.2	24132	G	43
NC_045512.2	24133	C	45
NC_045512.2	24134	C	45
NC_045512.2	24135	T	42
NC_045512.2	24136	T	43
NC_045512.2	24137	A	52
NC_045512.2	24138	C	52
NC_045512.2	24139	T	50
NC_045512.2	24140	G	51
NC_045512.2	24141	T	47
NC_045512.2	24142	T	48
NC_045512.2	24143	T	49
NC_045512.2	24144	T	49
NC_045512.2	24145	G	46
NC_045512.2	24146	C	49
NC_045512.2	24147	C	52
NC_045512.2	24148	A	51
NC_045512.2	24149	C	52
NC_045512.2	24150	C	52
NC_045512.2	24151	T	46
NC_045512.2	24152	T	50
NC_045512.2	24153	T	52
NC_045512.2	24154	G	52
NC_045512.2	24155	C	51
NC_045512.2	24156	T	50
NC_045512.2	24157	C	50
NC_045512.2	24158	A	51
NC_045512.2	24159	C	50
NC_045512.2	24160	A	50
NC_045512.2	24161	G	50
NC_045512.2	24162	A	49
NC_045512.2	24163	T	50
NC_045512.2	24164	G	49
NC_045512.2	24165	A	49
NC_045512.2	24166	A	51
NC_045512.2	24167	A	50
NC_045512.2	24168	T	51
NC_045512.2	24169	G	51
NC_045512.2	24170	A	51
NC_045512.2	24171	T	51
NC_045512.2	24172	T	51
NC_045512.2	24173	G	49
NC_045512.2	24174	C	51
NC_045512.2	24175	T	49
NC_045512.2	24176	C	51
NC_045512.2	24177	A	50
NC_045512.2	24178	A	51
NC_045512.2	24179	T	48
NC_045512.2	24180	A	50
NC_045512.2	24181	C	50
NC_045512.2	24182	A	47
NC_045512.2	24183	C	48
NC_045512.2	24184	T	46
NC_045512.2	24185	T	47
NC_045512.2	24186	C	47
NC_045512.2	24187	T	44
NC_045512.2	24188	G	44
NC_045512.2	24189	C	44
NC_045512.2	24190	A	43
NC_045512.2	24191	C	45
NC_045512.2	24192	T	38
NC_045512.2	24193	G	39
NC_045512.2	24194	T	959
NC_045512.2	24195	T	973
NC_045512.2	24196	A	975
NC_045512.2	24197	G	1007
NC_045512.2	24198	C	1000
NC_045512.2	24199	G	1017
NC_045512.2	24200	G	1040
NC_045512.2	24201	G	1064
NC_045512.2	24202	T	1059
NC_045512.2	24203	A	1067
NC_045512.2	24204	C	1070
NC_045512.2	24205	A	1082
NC_045512.2	24206	A	1084
NC_045512.2	24207	T	1084
NC_045512.2	24208	C	1112
NC_045512.2	24209	A	1099
NC_045512.2	24210	C	1188
NC_045512.2	24211	T	1180
NC_045512.2	24212	T	1171
NC_045512.2	24213	C	1186
NC_045512.2	24214	T	1176
NC_045512.2	24215	G	1207
NC_045512.2	24216	G	1207
NC_045512.2	24217	T	1180
NC_045512.2	24218	T	1196
NC_045512.2	24219	G	1209
NC_045512.2	24220	G	1227
NC_045512.2	24221	A	1214
NC_045512.2	24222	C	1398
NC_045512.2	24223	C	1405
NC_045512.2	24224	T	1400
NC_045512.2	24225	T	1397
NC_045512.2	24226	T	1410
NC_045512.2	24227	G	1443
NC_045512.2	24228	G	1469
NC_045512.2	24229	T	1434
NC_045512.2	24230	G	1472
NC_045512.2	24231	C	1447
NC_045512.2	24232	A	1465
NC_045512.2	24233	G	1616
NC_045512.2	24234	G	1645
NC_045512.2	24235	T	1622
NC_045512.2	24236	G	1640
NC_045512.2	24237	C	1647
NC_045512.2	24238	T	1655
NC_045512.2	24239	G	1722
NC_045512.2	24240	C	1721
NC_045512.2	24241	A	1713
NC_045512.2	24242	T	1722
NC_045512.2	24243	T	1713
NC_045512.2	24244	A	1670
NC_045512.2	24245	C	1752
NC_045512.2	24246	A	1733
NC_045512.2	24247	A	1764
NC_045512.2	24248	A	1462
NC_045512.2	24249	T	1733
NC_045512.2	24250	A	1700
NC_045512.2	24251	C	1779
NC_045512.2	24252	C	1765
NC_045512.2	24253	A	1774
NC_045512.2	24254	T	1762
NC_045512.2	24255	T	1768
NC_045512.2	24256	T	1741
NC_045512.2	24257	G	1805
NC_045512.2	24258	C	1808
NC_045512.2	24259	T	1812
NC_045512.2	24260	A	1798
NC_045512.2	24261	T	1801
NC_045512.2	24262	G	1827
NC_045512.2	24263	C	1816
NC_045512.2	24264	A	1834
NC_045512.2	24265	A	1815
NC_045512.2	24266	A	1293
NC_045512.2	24267	T	1843
NC_045512.2	24268	G	2135
NC_045512.2	24269	G	2348
NC_045512.2	24270	C	2341
NC_045512.2	24271	T	2287
NC_045512.2	24272	T	2328
NC_045512.2	24273	A	2301
NC_045512.2	24274	T	2348
NC_045512.2	24275	A	2188
NC_045512.2	24276	G	2389
NC_045512.2	24277	G	2414
NC_045512.2	24278	T	2369
NC_045512.2	24279	T	2343
NC_045512.2	24280	T	2318
NC_045512.2	24281	A	2347
NC_045512.2	24282	A	2297
NC_045512.2	24283	T	2328
NC_045512.2	24284	G	2039
NC_045512.2	24285	G	2132
NC_045512.2	24286	T	2053
NC_045512.2	24287	A	2075
NC_045512.2	24288	T	2082
NC_045512.2	24289	T	2072
NC_045512.2	24290	G	2093
NC_045512.2	24291	G	2136
NC_045512.2	24292	A	2019
NC_045512.2	24293	G	2031
NC_045512.2	24294	T	1879
NC_045512.2	24295	T	1904
NC_045512.2	24296	A	1838
NC_045512.2	24297	C	1921
NC_045512.2	24298	A	1847
NC_045512.2	24299	C	1916
NC_045512.2	24300	A	1881
NC_045512.2	24301	G	1885
NC_045512.2	24302	A	1871
NC_045512.2	24303	A	1901
NC_045512.2	24304	T	1642
NC_045512.2	24305	G	1896
NC_045512.2	24306	T	1779
NC_045512.2	24307	T	1746
NC_045512.2	24308	C	1897
NC_045512.2	24309	T	1877
NC_045512.2	24310	C	1837
NC_045512.2	24311	T	1801
NC_045512.2	24312	A	1825
NC_045512.2	24313	T	1852
NC_045512.2	24314	G	1848
NC_045512.2	24315	A	1822
NC_045512.2	24316	G	1837
NC_045512.2	24317	A	1533
NC_045512.2	24318	A	1782
NC_045512.2	24319	C	1869
NC_045512.2	24320	C	1845
NC_045512.2	24321	A	1799
NC_045512.2	24322	A	1817
NC_045512.2	24323	A	1728
NC_045512.2	24324	A	1738
NC_045512.2	24325	A	1680
NC_045512.2	24326	T	1718
NC_045512.2	24327	T	1680
NC_045512.2	24328	G	1722
NC_045512.2	24329	A	1812
NC_045512.2	24330	T	1795
NC_045512.2	24331	T	1847
NC_045512.2	24332	G	1894
NC_045512.2	24333	C	1793
NC_045512.2	24334	C	1794
NC_045512.2	24335	A	1782
NC_045512.2	24336	A	1660
NC_045512.2	24337	C	1802
NC_045512.2	24338	C	1811
NC_045512.2	24339	A	1776
NC_045512.2	24340	A	1838
NC_045512.2	24341	T	1808
NC_045512.2	24342	T	1862
NC_045512.2	24343	T	1842
NC_045512.2	24344	A	1845
NC_045512.2	24345	A	1885
NC_045512.2	24346	T	1919
NC_045512.2	24347	A	1882
NC_045512.2	24348	G	1922
NC_045512.2	24349	T	1822
NC_045512.2	24350	G	1843
NC_045512.2	24351	C	1841
NC_045512.2	24352	T	1720
NC_045512.2	24353	A	1804
NC_045512.2	24354	T	1810
NC_045512.2	24355	T	1824
NC_045512.2	24356	G	1850
NC_045512.2	24357	G	1835
NC_045512.2	24358	C	1963
NC_045512.2	24359	A	1909
NC_045512.2	24360	A	1963
NC_045512.2	24361	A	1939
NC_045512.2	24362	A	1998
NC_045512.2	24363	T	2009
NC_045512.2	24364	T	1977
NC_045512.2	24365	C	2017
NC_045512.2	24366	A	1991
NC_045512.2	24367	A	2000
NC_045512.2	24368	G	1998
NC_045512.2	24369	A	1731
NC_045512.2	24370	C	1683
NC_045512.2	24371	T	1629
NC_045512.2	24372	C	1655
NC_045512.2	24373	A	1615
NC_045512.2	24374	C	1666
NC_045512.2	24375	T	1657
NC_045512.2	24376	T	1672
NC_045512.2	24377	T	1475
NC_045512.2	24378	C	1665
NC_045512.2	24379	T	1642
NC_045512.2	24380	T	1653
NC_045512.2	24381	C	1655
NC_045512.2	24382	C	1653
NC_045512.2	24383	A	1627
NC_045512.2	24384	C	1639
NC_045512.2	24385	A	1576
NC_045512.2	24386	G	1566
NC_045512.2	24387	C	1588
NC_045512.2	24388	A	1546
NC_045512.2	24389	A	1567
NC_045512.2	24390	G	1586
NC_045512.2	24391	T	1577
NC_045512.2	24392	G	1541
NC_045512.2	24393	C	1520
NC_045512.2	24394	A	1509
NC_045512.2	24395	C	1528
NC_045512.2	24396	T	1499
NC_045512.2	24397	T	1526
NC_045512.2	24398	G	1535
NC_045512.2	24399	G	1518
NC_045512.2	24400	A	1529
NC_045512.2	24401	A	1526
NC_045512.2	24402	A	1500
NC_045512.2	24403	A	1570
NC_045512.2	24404	C	1597
NC_045512.2	24405	T	1567
NC_045512.2	24406	T	1585
NC_045512.2	24407	C	1589
NC_045512.2	24408	A	1575
NC_045512.2	24409	A	1574
NC_045512.2	24410	G	1584
NC_045512.2	24411	A	1576
NC_045512.2	24412	T	1608
NC_045512.2	24413	G	1633
NC_045512.2	24414	T	1560
NC_045512.2	24415	G	1584
NC_045512.2	24416	G	1617
NC_045512.2	24417	T	1612
NC_045512.2	24418	C	1636
NC_045512.2	24419	A	1601
NC_045512.2	24420	A	1584
NC_045512.2	24421	C	1658
NC_045512.2	24422	C	1654
NC_045512.2	24423	A	1651
NC_045512.2	24424	A	1568
NC_045512.2	24425	A	1614
NC_045512.2	24426	A	1626
NC_045512.2	24427	T	1617
NC_045512.2	24428	G	1601
NC_045512.2	24429	C	1636
NC_045512.2	24430	A	1528
NC_045512.2	24431	C	1527
NC_045512.2	24432	A	1409
NC_045512.2	24433	A	1455
NC_045512.2	24434	G	1966
NC_045512.2	24435	C	2153
NC_045512.2	24436	T	2143
NC_045512.2	24437	T	2148
NC_045512.2	24438	T	2156
NC_045512.2	24439	A	2144
NC_045512.2	24440	A	2121
NC_045512.2	24441	A	2073
NC_045512.2	24442	C	2149
NC_045512.2	24443	A	1983
NC_045512.2	24444	C	2009
NC_045512.2	24445	G	1996
NC_045512.2	24446	C	1993
NC_045512.2	24447	T	1992
NC_045512.2	24448	T	2176
NC_045512.2	24449	G	2198
NC_045512.2	24450	T	2212
NC_045512.2	24451	T	2210
NC_045512.2	24452	A	2143
NC_045512.2	24453	A	2159
NC_045512.2	24454	A	2189
NC_045512.2	24455	C	2195
NC_045512.2	24456	A	2158
NC_045512.2	24457	A	2139
NC_045512.2	24458	C	2155
NC_045512.2	24459	T	1943
NC_045512.2	24460	T	1864
NC_045512.2	24461	A	1955
NC_045512.2	24462	G	1944
NC_045512.2	24463	C	1940
NC_045512.2	24464	T	1929
NC_045512.2	24465	C	1918
NC_045512.2	24466	C	1900
NC_045512.2	24467	A	1896
NC_045512.2	24468	A	1839
NC_045512.2	24469	T	1881
NC_045512.2	24470	T	1874
NC_045512.2	24471	T	1850
NC_045512.2	24472	T	1829
NC_045512.2	24473	G	2037
NC_045512.2	24474	G	2059
NC_045512.2	24475	T	1953
NC_045512.2	24476	G	2074
NC_045512.2	24477	C	2063
NC_045512.2	24478	A	2149
NC_045512.2	24479	A	2176
NC_045512.2	24480	T	2194
NC_045512.2	24481	T	2183
NC_045512.2	24482	T	2191
NC_045512.2	24483	C	2185
NC_045512.2	24484	A	2173
NC_045512.2	24485	A	2131
NC_045512.2	24486	G	2196
NC_045512.2	24487	T	2167
NC_045512.2	24488	G	2292
NC_045512.2	24489	T	2275
NC_045512.2	24490	T	2240
NC_045512.2	24491	T	2314
NC_045512.2	24492	T	2294
NC_045512.2	24493	A	2300
NC_045512.2	24494	A	2308
NC_045512.2	24495	A	2407
NC_045512.2	24496	T	2413
NC_045512.2	24497	G	2368
NC_045512.2	24498	A	2317
NC_045512.2	24499	T	2285
NC_045512.2	24500	A	2217
NC_045512.2	24501	T	2321
NC_045512.2	24502	C	2436
NC_045512.2	24503	C	2417
NC_045512.2	24504	T	2377
NC_045512.2	24505	T	2308
NC_045512.2	24506	T	2373
NC_045512.2	24507	C	2385
NC_045512.2	24508	A	2344
NC_045512.2	24509	C	2421
NC_045512.2	24510	G	2420
NC_045512.2	24511	T	2282
NC_045512.2	24512	C	2354
NC_045512.2	24513	T	2226
NC_045512.2	24514	T	2321
NC_045512.2	24515	G	2347
NC_045512.2	24516	A	2345
NC_045512.2	24517	C	2345
NC_045512.2	24518	A	2163
NC_045512.2	24519	A	2299
NC_045512.2	24520	A	2286
NC_045512.2	24521	G	2364
NC_045512.2	24522	T	2300
NC_045512.2	24523	T	2316
NC_045512.2	24524	G	2333
NC_045512.2	24525	A	2335
NC_045512.2	24526	G	2340
NC_045512.2	24527	G	2323
NC_045512.2	24528	C	2318
NC_045512.2	24529	T	2280
NC_045512.2	24530	G	2243
NC_045512.2	24531	A	2226
NC_045512.2	24532	A	1664
NC_045512.2	24533	G	1724
NC_045512.2	24534	T	1707
NC_045512.2	24535	G	1391
NC_045512.2	24536	C	1288
NC_045512.2	24537	A	1286
NC_045512.2	24538	A	1317
NC_045512.2	24539	A	973
NC_045512.2	24540	T	1463
NC_045512.2	24541	T	1455
NC_045512.2	24542	G	1475
NC_045512.2	24543	A	1488
NC_045512.2	24544	T	1483
NC_045512.2	24545	A	1417
NC_045512.2	24546	G	1519
NC_045512.2	24547	G	1644
NC_045512.2	24548	T	1639
NC_045512.2	24549	T	1647
NC_045512.2	24550	G	1695
NC_045512.2	24551	A	1758
NC_045512.2	24552	T	1739
NC_045512.2	24553	C	1721
NC_045512.2	24554	A	1699
NC_045512.2	24555	C	1743
NC_045512.2	24556	A	1734
NC_045512.2	24557	G	1745
NC_045512.2	24558	G	1713
NC_045512.2	24559	C	1725
NC_045512.2	24560	A	1728
NC_045512.2	24561	G	1760
NC_045512.2	24562	A	1773
NC_045512.2	24563	C	1967
NC_045512.2	24564	T	1946
NC_045512.2	24565	T	1976
NC_045512.2	24566	C	1998
NC_045512.2	24567	A	1995
NC_045512.2	24568	A	2028
NC_045512.2	24569	A	1964
NC_045512.2	24570	G	2051
NC_045512.2	24571	T	1977
NC_045512.2	24572	T	2043
NC_045512.2	24573	T	2039
NC_045512.2	24574	G	2056
NC_045512.2	24575	C	2041
NC_045512.2	24576	A	2031
NC_045512.2	24577	G	2182
NC_045512.2	24578	A	2151
NC_045512.2	24579	C	2166
NC_045512.2	24580	A	2130
NC_045512.2	24581	T	2181
NC_045512.2	24582	A	2147
NC_045512.2	24583	T	2199
NC_045512.2	24584	G	2224
NC_045512.2	24585	T	2136
NC_045512.2	24586	G	2176
NC_045512.2	24587	A	2176
NC_045512.2	24588	C	2103
NC_045512.2	24589	T	2071
NC_045512.2	24590	C	2079
NC_045512.2	24591	A	2065
NC_045512.2	24592	A	2085
NC_045512.2	24593	C	2147
NC_045512.2	24594	A	2088
NC_045512.2	24595	A	2135
NC_045512.2	24596	T	2084
NC_045512.2	24597	T	2079
NC_045512.2	24598	A	2121
NC_045512.2	24599	A	1903
NC_045512.2	24600	T	2108
NC_045512.2	24601	T	2079
NC_045512.2	24602	A	2089
NC_045512.2	24603	G	2069
NC_045512.2	24604	A	1934
NC_045512.2	24605	G	2048
NC_045512.2	24606	C	2074
NC_045512.2	24607	T	2049
NC_045512.2	24608	G	2106
NC_045512.2	24609	C	2069
NC_045512.2	24610	A	2070
NC_045512.2	24611	G	2093
NC_045512.2	24612	A	2056
NC_045512.2	24613	A	2155
NC_045512.2	24614	A	2176
NC_045512.2	24615	T	2206
NC_045512.2	24616	C	2189
NC_045512.2	24617	A	2154
NC_045512.2	24618	G	2182
NC_045512.2	24619	A	2207
NC_045512.2	24620	G	2241
NC_045512.2	24621	C	2185
NC_045512.2	24622	T	2163
NC_045512.2	24623	T	2177
NC_045512.2	24624	C	2232
NC_045512.2	24625	T	2227
NC_045512.2	24626	G	2239
NC_045512.2	24627	C	2249
NC_045512.2	24628	T	2255
NC_045512.2	24629	A	2217
NC_045512.2	24630	A	2226
NC_045512.2	24631	T	2114
NC_045512.2	24632	C	2289
NC_045512.2	24633	T	2249
NC_045512.2	24634	T	2226
NC_045512.2	24635	G	2241
NC_045512.2	24636	C	2232
NC_045512.2	24637	T	2238
NC_045512.2	24638	G	2254
NC_045512.2	24639	C	2244
NC_045512.2	24640	T	2252
NC_045512.2	24641	A	2260
NC_045512.2	24642	C	2294
NC_045512.2	24643	T	2300
NC_045512.2	24644	A	2254
NC_045512.2	24645	A	2354
NC_045512.2	24646	A	2469
NC_045512.2	24647	A	2516
NC_045512.2	24648	T	2420
NC_045512.2	24649	G	2491
NC_045512.2	24650	T	2443
NC_045512.2	24651	C	2430
NC_045512.2	24652	A	2403
NC_045512.2	24653	G	2441
NC_045512.2	24654	A	2543
NC_045512.2	24655	G	2624
NC_045512.2	24656	T	2542
NC_045512.2	24657	G	2600
NC_045512.2	24658	T	2545
NC_045512.2	24659	G	2603
NC_045512.2	24660	T	2594
NC_045512.2	24661	A	2638
NC_045512.2	24662	C	2567
NC_045512.2	24663	T	2517
NC_045512.2	24664	T	2324
NC_045512.2	24665	G	2442
NC_045512.2	24666	G	2406
NC_045512.2	24667	A	2509
NC_045512.2	24668	C	2495
NC_045512.2	24669	A	2361
NC_045512.2	24670	A	2429
NC_045512.2	24671	T	2437
NC_045512.2	24672	C	2428
NC_045512.2	24673	A	2448
NC_045512.2	24674	A	2411
NC_045512.2	24675	A	2456
NC_045512.2	24676	A	2411
NC_045512.2	24677	A	2437
NC_045512.2	24678	G	2420
NC_045512.2	24679	A	2271
NC_045512.2	24680	G	2362
NC_045512.2	24681	T	1836
NC_045512.2	24682	T	2236
NC_045512.2	24683	G	2360
NC_045512.2	24684	A	2384
NC_045512.2	24685	T	2337
NC_045512.2	24686	T	2402
NC_045512.2	24687	T	2320
NC_045512.2	24688	T	2384
NC_045512.2	24689	T	2386
NC_045512.2	24690	G	2392
NC_045512.2	24691	T	2387
NC_045512.2	24692	G	2374
NC_045512.2	24693	G	2491
NC_045512.2	24694	A	2454
NC_045512.2	24695	A	2449
NC_045512.2	24696	A	2464
NC_045512.2	24697	G	2469
NC_045512.2	24698	G	2536
NC_045512.2	24699	G	2522
NC_045512.2	24700	C	2518
NC_045512.2	24701	T	2434
NC_045512.2	24702	A	2546
NC_045512.2	24703	T	2572
NC_045512.2	24704	C	2581
NC_045512.2	24705	A	2566
NC_045512.2	24706	T	2520
NC_045512.2	24707	C	2564
NC_045512.2	24708	T	2565
NC_045512.2	24709	T	2543
NC_045512.2	24710	A	2563
NC_045512.2	24711	T	2506
NC_045512.2	24712	G	2578
NC_045512.2	24713	T	2458
NC_045512.2	24714	C	2493
NC_045512.2	24715	C	2456
NC_045512.2	24716	T	2373
NC_045512.2	24717	T	2377
NC_045512.2	24718	C	2393
NC_045512.2	24719	C	2310
NC_045512.2	24720	C	2321
NC_045512.2	24721	T	2299
NC_045512.2	24722	C	2283
NC_045512.2	24723	A	2299
NC_045512.2	24724	G	2302
NC_045512.2	24725	T	2360
NC_045512.2	24726	C	2360
NC_045512.2	24727	A	2310
NC_045512.2	24728	G	2297
NC_045512.2	24729	C	2470
NC_045512.2	24730	A	2430
NC_045512.2	24731	C	2459
NC_045512.2	24732	C	2417
NC_045512.2	24733	T	2378
NC_045512.2	24734	C	2378
NC_045512.2	24735	A	2348
NC_045512.2	24736	T	2369
NC_045512.2	24737	G	2343
NC_045512.2	24738	G	2353
NC_045512.2	24739	T	2263
NC_045512.2	24740	G	2181
NC_045512.2	24741	T	2128
NC_045512.2	24742	A	2091
NC_045512.2	24743	G	2115
NC_045512.2	24744	T	1967
NC_045512.2	24745	C	2072
NC_045512.2	24746	T	1976
NC_045512.2	24747	T	1547
NC_045512.2	24748	C	1694
NC_045512.2	24749	T	1666
NC_045512.2	24750	T	1640
NC_045512.2	24751	G	1671
NC_045512.2	24752	C	1580
NC_045512.2	24753	A	1538
NC_045512.2	24754	T	1525
NC_045512.2	24755	G	1525
NC_045512.2	24756	T	1490
NC_045512.2	24757	G	1492
NC_045512.2	24758	A	1486
NC_045512.2	24759	C	1472
NC_045512.2	24760	T	1460
NC_045512.2	24761	T	1381
NC_045512.2	24762	A	1433
NC_045512.2	24763	T	1387
NC_045512.2	24764	G	1441
NC_045512.2	24765	T	1384
NC_045512.2	24766	C	1399
NC_045512.2	24767	C	1259
NC_045512.2	24768	C	1213
NC_045512.2	24769	T	1186
NC_045512.2	24770	G	1200
NC_045512.2	24771	C	1190
NC_045512.2	24772	A	1168
NC_045512.2	24773	C	1188
NC_045512.2	24774	A	1135
NC_045512.2	24775	A	1132
NC_045512.2	24776	G	1123
NC_045512.2	24777	A	1108
NC_045512.2	24778	A	1113
NC_045512.2	24779	A	1509
NC_045512.2	24780	A	1532
NC_045512.2	24781	G	1537
NC_045512.2	24782	A	1489
NC_045512.2	24783	A	1506
NC_045512.2	24784	C	1624
NC_045512.2	24785	T	1568
NC_045512.2	24786	T	1534
NC_045512.2	24787	C	1573
NC_045512.2	24788	A	1562
NC_045512.2	24789	C	1600
NC_045512.2	24790	A	1544
NC_045512.2	24791	A	1566
NC_045512.2	24792	C	1567
NC_045512.2	24793	T	1354
NC_045512.2	24794	G	1379
NC_045512.2	24795	C	1372
NC_045512.2	24796	T	1316
NC_045512.2	24797	C	1372
NC_045512.2	24798	C	1306
NC_045512.2	24799	T	1292
NC_045512.2	24800	G	1325
NC_045512.2	24801	C	1323
NC_045512.2	24802	C	1315
NC_045512.2	24803	A	1226
NC_045512.2	24804	T	1163
NC_045512.2	24805	T	1228
NC_045512.2	24806	T	1218
NC_045512.2	24807	G	1226
NC_045512.2	24808	T	1198
NC_045512.2	24809	C	1192
NC_045512.2	24810	A	1167
NC_045512.2	24811	T	1148
NC_045512.2	24812	G	640
NC_045512.2	24813	A	636
NC_045512.2	24814	T	641
NC_045512.2	24815	G	645
NC_045512.2	24816	G	658
NC_045512.2	24817	A	670
NC_045512.2	24818	A	674
NC_045512.2	24819	A	673
NC_045512.2	24820	A	659
NC_045512.2	24821	G	686
NC_045512.2	24822	C	686
NC_045512.2	24823	A	666
NC_045512.2	24824	C	694
NC_045512.2	24825	A	676
NC_045512.2	24826	C	709
NC_045512.2	24827	T	705
NC_045512.2	24828	T	705
NC_045512.2	24829	T	715
NC_045512.2	24830	C	723
NC_045512.2	24831	C	721
NC_045512.2	24832	T	723
NC_045512.2	24833	C	732
NC_045512.2	24834	G	741
NC_045512.2	24835	T	730
NC_045512.2	24836	G	744
NC_045512.2	24837	A	742
NC_045512.2	24838	A	719
NC_045512.2	24839	G	755
NC_045512.2	24840	G	758
NC_045512.2	24841	T	755
NC_045512.2	24842	G	764
NC_045512.2	24843	T	739
NC_045512.2	24844	C	767
NC_045512.2	24845	T	771
NC_045512.2	24846	T	770
NC_045512.2	24847	T	767
NC_045512.2	24848	G	776
NC_045512.2	24849	T	779
NC_045512.2	24850	T	777
NC_045512.2	24851	T	775
NC_045512.2	24852	C	775
NC_045512.2	24853	A	777
NC_045512.2	24854	A	690
NC_045512.2	24855	A	744
NC_045512.2	24856	T	784
NC_045512.2	24857	G	827
NC_045512.2	24858	G	846
NC_045512.2	24859	C	697
NC_045512.2	24860	A	695
NC_045512.2	24861	C	705
NC_045512.2	24862	A	704
NC_045512.2	24863	C	715
NC_045512.2	24864	A	704
NC_045512.2	24865	C	665
NC_045512.2	24866	T	647
NC_045512.2	24867	G	673
NC_045512.2	24868	G	673
NC_045512.2	24869	T	623
NC_045512.2	24870	T	682
NC_045512.2	24871	T	662
NC_045512.2	24872	G	666
NC_045512.2	24873	T	661
NC_045512.2	24874	A	662
NC_045512.2	24875	A	665
NC_045512.2	24876	C	637
NC_045512.2	24877	A	608
NC_045512.2	24878	C	632
NC_045512.2	24879	A	635
NC_045512.2	24880	A	635
NC_045512.2	24881	A	559
NC_045512.2	24882	G	629
NC_045512.2	24883	G	646
NC_045512.2	24884	A	626
NC_045512.2	24885	A	586
NC_045512.2	24886	T	589
NC_045512.2	24887	T	583
NC_045512.2	24888	T	572
NC_045512.2	24889	T	587
NC_045512.2	24890	T	600
NC_045512.2	24891	A	617
NC_045512.2	24892	T	611
NC_045512.2	24893	G	616
NC_045512.2	24894	A	608
NC_045512.2	24895	A	580
NC_045512.2	24896	C	608
NC_045512.2	24897	C	609
NC_045512.2	24898	A	612
NC_045512.2	24899	C	618
NC_045512.2	24900	A	619
NC_045512.2	24901	A	628
NC_045512.2	24902	A	598
NC_045512.2	24903	T	614
NC_045512.2	24904	C	639
NC_045512.2	24905	A	636
NC_045512.2	24906	T	647
NC_045512.2	24907	T	645
NC_045512.2	24908	A	649
NC_045512.2	24909	C	659
NC_045512.2	24910	T	657
NC_045512.2	24911	A	656
NC_045512.2	24912	C	662
NC_045512.2	24913	A	648
NC_045512.2	24914	G	649
NC_045512.2	24915	A	636
NC_045512.2	24916	C	648
NC_045512.2	24917	A	638
NC_045512.2	24918	A	639
NC_045512.2	24919	C	642
NC_045512.2	24920	A	626
NC_045512.2	24921	C	635
NC_045512.2	24922	A	617
NC_045512.2	24923	T	553
NC_045512.2	24924	T	635
NC_045512.2	24925	T	621
NC_045512.2	24926	G	631
NC_045512.2	24927	T	622
NC_045512.2	24928	G	625
NC_045512.2	24929	T	598
NC_045512.2	24930	C	596
NC_045512.2	24931	T	604
NC_045512.2	24932	G	621
NC_045512.2	24933	G	620
NC_045512.2	24934	T	612
NC_045512.2	24935	A	614
NC_045512.2	24936	A	619
NC_045512.2	24937	C	612
NC_045512.2	24938	T	573
NC_045512.2	24939	G	584
NC_045512.2	24940	T	559
NC_045512.2	24941	G	567
NC_045512.2	24942	A	565
NC_045512.2	24943	T	560
NC_045512.2	24944	G	571
NC_045512.2	24945	T	579
NC_045512.2	24946	T	554
NC_045512.2	24947	G	562
NC_045512.2	24948	T	548
NC_045512.2	24949	A	550
NC_045512.2	24950	A	552
NC_045512.2	24951	T	557
NC_045512.2	24952	A	498
NC_045512.2	24953	G	555
NC_045512.2	24954	G	640
NC_045512.2	24955	A	640
NC_045512.2	24956	A	637
NC_045512.2	24957	T	630
NC_045512.2	24958	T	611
NC_045512.2	24959	G	619
NC_045512.2	24960	T	622
NC_045512.2	24961	C	622
NC_045512.2	24962	A	617
NC_045512.2	24963	A	584
NC_045512.2	24964	C	624
NC_045512.2	24965	A	616
NC_045512.2	24966	A	619
NC_045512.2	24967	C	614
NC_045512.2	24968	A	596
NC_045512.2	24969	C	616
NC_045512.2	24970	A	607
NC_045512.2	24971	G	654
NC_045512.2	24972	T	604
NC_045512.2	24973	T	663
NC_045512.2	24974	T	604
NC_045512.2	24975	A	664
NC_045512.2	24976	T	662
NC_045512.2	24977	G	676
NC_045512.2	24978	A	668
NC_045512.2	24979	T	670
NC_045512.2	24980	C	649
NC_045512.2	24981	C	652
NC_045512.2	24982	T	618
NC_045512.2	24983	T	634
NC_045512.2	24984	T	636
NC_045512.2	24985	G	634
NC_045512.2	24986	C	639
NC_045512.2	24987	A	632
NC_045512.2	24988	A	634
NC_045512.2	24989	C	636
NC_045512.2	24990	C	635
NC_045512.2	24991	T	531
NC_045512.2	24992	G	563
NC_045512.2	24993	A	555
NC_045512.2	24994	A	556
NC_045512.2	24995	T	554
NC_045512.2	24996	T	603
NC_045512.2	24997	A	586
NC_045512.2	24998	G	598
NC_045512.2	24999	A	569
NC_045512.2	25000	C	595
NC_045512.2	25001	T	574
NC_045512.2	25002	C	590
NC_045512.2	25003	A	591
NC_045512.2	25004	T	592
NC_045512.2	25005	T	593
NC_045512.2	25006	C	585
NC_045512.2	25007	A	561
NC_045512.2	25008	A	571
NC_045512.2	25009	G	567
NC_045512.2	25010	G	573
NC_045512.2	25011	A	555
NC_045512.2	25012	G	552
NC_045512.2	25013	G	562
NC_045512.2	25014	A	559
NC_045512.2	25015	G	554
NC_045512.2	25016	T	531
NC_045512.2	25017	T	550
NC_045512.2	25018	A	500
NC_045512.2	25019	G	539
NC_045512.2	25020	A	525
NC_045512.2	25021	T	537
NC_045512.2	25022	A	525
NC_045512.2	25023	A	531
NC_045512.2	25024	A	546
NC_045512.2	25025	T	550
NC_045512.2	25026	A	573
NC_045512.2	25027	T	594
NC_045512.2	25028	T	601
NC_045512.2	25029	T	621
NC_045512.2	25030	T	614
NC_045512.2	25031	A	619
NC_045512.2	25032	A	619
NC_045512.2	25033	G	623
NC_045512.2	25034	A	621
NC_045512.2	25035	A	623
NC_045512.2	25036	T	599
NC_045512.2	25037	C	631
NC_045512.2	25038	A	630
NC_045512.2	25039	T	590
NC_045512.2	25040	A	629
NC_045512.2	25041	C	629
NC_045512.2	25042	A	601
NC_045512.2	25043	T	581
NC_045512.2	25044	C	606
NC_045512.2	25045	A	594
NC_045512.2	25046	C	601
NC_045512.2	25047	C	591
NC_045512.2	25048	A	589
NC_045512.2	25049	G	588
NC_045512.2	25050	A	584
NC_045512.2	25051	T	569
NC_045512.2	25052	G	584
NC_045512.2	25053	T	549
NC_045512.2	25054	T	451
NC_045512.2	25055	G	445
NC_045512.2	25056	A	432
NC_045512.2	25057	T	441
NC_045512.2	25058	T	429
NC_045512.2	25059	T	425
NC_045512.2	25060	A	407
NC_045512.2	25061	G	420
NC_045512.2	25062	G	418
NC_045512.2	25063	T	413
NC_045512.2	25064	G	406
NC_045512.2	25065	A	399
NC_045512.2	25066	C	400
NC_045512.2	25067	A	397
NC_045512.2	25068	T	309
NC_045512.2	25069	C	388
NC_045512.2	25070	T	355
NC_045512.2	25071	C	371
NC_045512.2	25072	T	373
NC_045512.2	25073	G	370
NC_045512.2	25074	G	368
NC_045512.2	25075	C	357
NC_045512.2	25076	A	348
NC_045512.2	25077	T	340
NC_045512.2	25078	T	317
NC_045512.2	25079	A	337
NC_045512.2	25080	A	337
NC_045512.2	25081	T	341
NC_045512.2	25082	G	330
NC_045512.2	25083	C	315
NC_045512.2	25084	T	291
NC_045512.2	25085	T	290
NC_045512.2	25086	C	301
NC_045512.2	25087	A	2556
NC_045512.2	25088	G	3486
NC_045512.2	25089	T	3484
NC_045512.2	25090	T	3470
NC_045512.2	25091	G	3548
NC_045512.2	25092	T	3538
NC_045512.2	25093	A	3547
NC_045512.2	25094	A	3613
NC_045512.2	25095	A	3131
NC_045512.2	25096	C	3675
NC_045512.2	25097	A	3597
NC_045512.2	25098	T	3642
NC_045512.2	25099	T	3627
NC_045512.2	25100	C	3617
NC_045512.2	25101	A	3492
NC_045512.2	25102	A	3516
NC_045512.2	25103	A	3292
NC_045512.2	25104	A	3706
NC_045512.2	25105	A	3660
NC_045512.2	25106	G	3747
NC_045512.2	25107	A	3306
NC_045512.2	25108	A	3827
NC_045512.2	25109	A	3830
NC_045512.2	25110	T	3820
NC_045512.2	25111	T	3707
NC_045512.2	25112	G	3851
NC_045512.2	25113	A	3792
NC_045512.2	25114	C	3855
NC_045512.2	25115	C	3801
NC_045512.2	25116	G	4036
NC_045512.2	25117	C	4318
NC_045512.2	25118	C	4334
NC_045512.2	25119	T	4429
NC_045512.2	25120	C	4591
NC_045512.2	25121	A	4534
NC_045512.2	25122	A	4471
NC_045512.2	25123	T	4562
NC_045512.2	25124	G	4616
NC_045512.2	25125	A	4465
NC_045512.2	25126	G	4630
NC_045512.2	25127	G	4666
NC_045512.2	25128	T	4669
NC_045512.2	25129	T	4676
NC_045512.2	25130	G	4733
NC_045512.2	25131	C	4696
NC_045512.2	25132	C	4731
NC_045512.2	25133	A	4659
NC_045512.2	25134	A	4696
NC_045512.2	25135	G	4849
NC_045512.2	25136	A	3590
NC_045512.2	25137	A	4882
NC_045512.2	25138	T	4865
NC_045512.2	25139	T	4874
NC_045512.2	25140	T	4883
NC_045512.2	25141	A	4893
NC_045512.2	25142	A	4912
NC_045512.2	25143	A	4653
NC_045512.2	25144	T	4954
NC_045512.2	25145	G	4961
NC_045512.2	25146	A	4960
NC_045512.2	25147	A	5040
NC_045512.2	25148	T	5031
NC_045512.2	25149	C	5133
NC_045512.2	25150	T	5043
NC_045512.2	25151	C	5240
NC_045512.2	25152	T	5233
NC_045512.2	25153	C	5254
NC_045512.2	25154	A	5208
NC_045512.2	25155	T	5241
NC_045512.2	25156	C	5258
NC_045512.2	25157	G	5240
NC_045512.2	25158	A	5339
NC_045512.2	25159	T	5258
NC_045512.2	25160	C	5405
NC_045512.2	25161	T	5379
NC_045512.2	25162	C	5529
NC_045512.2	25163	C	5481
NC_045512.2	25164	A	5504
NC_045512.2	25165	A	5451
NC_045512.2	25166	G	5532
NC_045512.2	25167	A	4033
NC_045512.2	25168	A	5293
NC_045512.2	25169	C	4841
NC_045512.2	25170	T	4795
NC_045512.2	25171	T	4723
NC_045512.2	25172	G	4791
NC_045512.2	25173	G	4797
NC_045512.2	25174	A	4651
NC_045512.2	25175	A	4484
NC_045512.2	25176	A	4441
NC_045512.2	25177	G	4667
NC_045512.2	25178	T	4665
NC_045512.2	25179	A	4646
NC_045512.2	25180	T	4699
NC_045512.2	25181	G	4704
NC_045512.2	25182	A	4549
NC_045512.2	25183	G	4709
NC_045512.2	25184	C	4575
NC_045512.2	25185	A	4512
NC_045512.2	25186	G	5409
NC_045512.2	25187	T	5433
NC_045512.2	25188	A	5536
NC_045512.2	25189	T	4909
NC_045512.2	25190	A	4920
NC_045512.2	25191	T	4979
NC_045512.2	25192	A	4964
NC_045512.2	25193	A	4867
NC_045512.2	25194	A	4504
NC_045512.2	25195	A	4797
NC_045512.2	25196	T	4720
NC_045512.2	25197	G	4655
NC_045512.2	25198	G	4668
NC_045512.2	25199	C	4688
NC_045512.2	25200	C	4726
NC_045512.2	25201	A	4708
NC_045512.2	25202	T	4312
NC_045512.2	25203	G	4498
NC_045512.2	25204	G	4878
NC_045512.2	25205	T	4820
NC_045512.2	25206	A	4940
NC_045512.2	25207	C	4873
NC_045512.2	25208	A	4886
NC_045512.2	25209	T	4802
NC_045512.2	25210	T	4845
NC_045512.2	25211	T	4878
NC_045512.2	25212	G	4896
NC_045512.2	25213	G	4864
NC_045512.2	25214	C	4889
NC_045512.2	25215	T	4869
NC_045512.2	25216	A	4819
NC_045512.2	25217	G	4754
NC_045512.2	25218	G	4671
NC_045512.2	25219	T	4702
NC_045512.2	25220	T	4632
NC_045512.2	25221	T	4603
NC_045512.2	25222	T	4521
NC_045512.2	25223	A	4622
NC_045512.2	25224	T	4617
NC_045512.2	25225	A	4484
NC_045512.2	25226	G	4631
NC_045512.2	25227	C	4490
NC_045512.2	25228	T	4437
NC_045512.2	25229	G	4510
NC_045512.2	25230	G	4522
NC_045512.2	25231	C	4506
NC_045512.2	25232	T	4519
NC_045512.2	25233	T	4480
NC_045512.2	25234	G	4511
NC_045512.2	25235	A	4523
NC_045512.2	25236	T	4432
NC_045512.2	25237	T	4428
NC_045512.2	25238	G	4445
NC_045512.2	25239	C	4546
NC_045512.2	25240	C	4557
NC_045512.2	25241	A	4522
NC_045512.2	25242	T	4682
NC_045512.2	25243	A	4617
NC_045512.2	25244	G	4729
NC_045512.2	25245	T	5429
NC_045512.2	25246	A	5488
NC_045512.2	25247	A	5497
NC_045512.2	25248	T	5286
NC_045512.2	25249	G	5369
NC_045512.2	25250	G	5483
NC_045512.2	25251	T	5473
NC_045512.2	25252	G	5519
NC_045512.2	25253	A	5443
NC_045512.2	25254	C	5716
NC_045512.2	25255	A	5607
NC_045512.2	25256	A	5734
NC_045512.2	25257	T	5757
NC_045512.2	25258	T	5667
NC_045512.2	25259	A	5724
NC_045512.2	25260	T	5814
NC_045512.2	25261	G	5893
NC_045512.2	25262	C	6106
NC_045512.2	25263	T	5452
NC_045512.2	25264	T	5970
NC_045512.2	25265	T	5943
NC_045512.2	25266	G	5986
NC_045512.2	25267	C	5963
NC_045512.2	25268	T	5990
NC_045512.2	25269	G	6030
NC_045512.2	25270	T	5729
NC_045512.2	25271	A	5997
NC_045512.2	25272	T	6057
NC_045512.2	25273	G	6029
NC_045512.2	25274	A	5915
NC_045512.2	25275	C	6052
NC_045512.2	25276	C	5942
NC_045512.2	25277	A	5822
NC_045512.2	25278	G	5819
NC_045512.2	25279	T	5793
NC_045512.2	25280	T	5898
NC_045512.2	25281	G	5957
NC_045512.2	25282	C	6014
NC_045512.2	25283	T	5955
NC_045512.2	25284	G	6047
NC_045512.2	25285	T	6009
NC_045512.2	25286	A	5984
NC_045512.2	25287	G	5728
NC_045512.2	25288	T	5632
NC_045512.2	25289	T	5434
NC_045512.2	25290	G	5581
NC_045512.2	25291	T	4723
NC_045512.2	25292	C	5540
NC_045512.2	25293	T	5524
NC_045512.2	25294	C	5513
NC_045512.2	25295	A	5420
NC_045512.2	25296	A	5410
NC_045512.2	25297	G	5504
NC_045512.2	25298	G	5536
NC_045512.2	25299	G	5537
NC_045512.2	25300	C	5305
NC_045512.2	25301	T	5402
NC_045512.2	25302	G	5448
NC_045512.2	25303	T	5489
NC_045512.2	25304	T	5489
NC_045512.2	25305	G	5497
NC_045512.2	25306	T	5480
NC_045512.2	25307	T	4959
NC_045512.2	25308	C	5376
NC_045512.2	25309	T	5541
NC_045512.2	25310	T	5533
NC_045512.2	25311	G	5532
NC_045512.2	25312	T	5456
NC_045512.2	25313	G	5490
NC_045512.2	25314	G	5432
NC_045512.2	25315	A	5418
NC_045512.2	25316	T	5269
NC_045512.2	25317	C	5352
NC_045512.2	25318	C	5266
NC_045512.2	25319	T	5015
NC_045512.2	25320	G	5138
NC_045512.2	25321	C	5222
NC_045512.2	25322	T	5184
NC_045512.2	25323	G	5210
NC_045512.2	25324	C	5167
NC_045512.2	25325	A	5152
NC_045512.2	25326	A	5164
NC_045512.2	25327	A	5233
NC_045512.2	25328	T	5287
NC_045512.2	25329	T	5150
NC_045512.2	25330	T	5273
NC_045512.2	25331	G	5285
NC_045512.2	25332	A	5326
NC_045512.2	25333	T	5222
NC_045512.2	25334	G	5416
NC_045512.2	25335	A	5518
NC_045512.2	25336	A	5493
NC_045512.2	25337	G	5595
NC_045512.2	25338	A	5492
NC_045512.2	25339	C	5568
NC_045512.2	25340	G	5500
NC_045512.2	25341	A	5454
NC_045512.2	25342	C	5440
NC_045512.2	25343	T	5042
NC_045512.2	25344	C	5369
NC_045512.2	25345	T	3933
NC_045512.2	25346	G	4009
NC_045512.2	25347	A	4041
NC_045512.2	25348	G	4017
NC_045512.2	25349	C	4002
NC_045512.2	25350	C	3798
NC_045512.2	25351	A	3536
NC_045512.2	25352	G	3554
NC_045512.2	25353	T	3494
NC_045512.2	25354	G	3514
NC_045512.2	25355	C	3415
NC_045512.2	25356	T	3357
NC_045512.2	25357	C	3352
NC_045512.2	25358	A	3204
NC_045512.2	25359	A	3236
NC_045512.2	25360	A	3230
NC_045512.2	25361	G	3038
NC_045512.2	25362	G	2988
NC_045512.2	25363	A	2541
NC_045512.2	25364	G	2548
NC_045512.2	25365	T	2537
NC_045512.2	25366	C	2524
NC_045512.2	25367	A	2423
NC_045512.2	25368	A	2400
NC_045512.2	25369	A	2476
NC_045512.2	25370	T	2390
NC_045512.2	25371	T	2399
NC_045512.2	25372	A	2335
NC_045512.2	25373	C	2370
NC_045512.2	25374	A	2351
NC_045512.2	25375	T	2331
NC_045512.2	25376	T	2241
NC_045512.2	25377	A	2225
NC_045512.2	25378	C	2233
NC_045512.2	25379	A	2191
NC_045512.2	25380	C	2167
NC_045512.2	25381	A	2023
NC_045512.2	25382	T	1898
NC_045512.2	25383	A	1830
NC_045512.2	25384	A	1810
NC_045512.2	25385	A	1720
NC_045512.2	25386	C	1742
NC_045512.2	25387	G	1689
NC_045512.2	25388	A	1635
NC_045512.2	25389	A	1604
NC_045512.2	25390	C	1627
NC_045512.2	25391	T	1538
NC_045512.2	25392	T	1462
NC_045512.2	25393	A	1506
NC_045512.2	25394	T	1498
NC_045512.2	25395	G	1511
NC_045512.2	25396	G	1506
NC_045512.2	25397	A	1468
NC_045512.2	25398	T	1409
NC_045512.2	25399	T	1344
NC_045512.2	25400	T	1323
NC_045512.2	25401	G	1307
NC_045512.2	25402	T	773
NC_045512.2	25403	T	1235
NC_045512.2	25404	T	1220
NC_045512.2	25405	A	1170
NC_045512.2	25406	T	1188
NC_045512.2	25407	G	1213
NC_045512.2	25408	A	1194
NC_045512.2	25409	G	1177
NC_045512.2	25410	A	965
NC_045512.2	25411	A	973
NC_045512.2	25412	T	897
NC_045512.2	25413	C	981
NC_045512.2	25414	T	864
NC_045512.2	25415	T	951
NC_045512.2	25416	C	946
NC_045512.2	25417	A	930
NC_045512.2	25418	C	935
NC_045512.2	25419	A	886
NC_045512.2	25420	A	49
NC_045512.2	25421	T	47
NC_045512.2	25422	T	49
NC_045512.2	25423	G	49
NC_045512.2	25424	G	49
NC_045512.2	25425	A	48
NC_045512.2	25426	A	51
NC_045512.2	25427	C	52
NC_045512.2	25428	T	51
NC_045512.2	25429	G	53
NC_045512.2	25430	T	51
NC_045512.2	25431	A	53
NC_045512.2	25432	A	55
NC_045512.2	25433	C	55
NC_045512.2	25434	T	60
NC_045512.2	25435	T	60
NC_045512.2	25436	T	59
NC_045512.2	25437	G	60
NC_045512.2	25438	A	61
NC_045512.2	25439	A	61
NC_045512.2	25440	G	61
NC_045512.2	25441	C	61
NC_045512.2	25442	A	62
NC_045512.2	25443	A	63
NC_045512.2	25444	G	69
NC_045512.2	25445	G	67
NC_045512.2	25446	T	70
NC_045512.2	25447	G	70
NC_045512.2	25448	A	69
NC_045512.2	25449	A	72
NC_045512.2	25450	A	74
NC_045512.2	25451	T	74
NC_045512.2	25452	C	74
NC_045512.2	25453	A	73
NC_045512.2	25454	A	75
NC_045512.2	25455	G	78
NC_045512.2	25456	G	81
NC_045512.2	25457	A	83
NC_045512.2	25458	T	81
NC_045512.2	25459	G	86
NC_045512.2	25460	C	86
NC_045512.2	25461	T	84
NC_045512.2	25462	A	86
NC_045512.2	25463	C	87
NC_045512.2	25464	T	84
NC_045512.2	25465	C	87
NC_045512.2	25466	C	88
NC_045512.2	25467	T	88
NC_045512.2	25468	T	87
NC_045512.2	25469	C	88
NC_045512.2	25470	A	85
NC_045512.2	25471	G	89
NC_045512.2	25472	A	44
NC_045512.2	25473	T	89
NC_045512.2	25474	T	87
NC_045512.2	25475	T	89
NC_045512.2	25476	T	86
NC_045512.2	25477	G	89
NC_045512.2	25478	T	86
NC_045512.2	25479	T	89
NC_045512.2	25480	C	90
NC_045512.2	25481	G	88
NC_045512.2	25482	C	92
NC_045512.2	25483	G	92
NC_045512.2	25484	C	93
NC_045512.2	25485	T	90
NC_045512.2	25486	A	95
NC_045512.2	25487	C	93
NC_045512.2	25488	T	91
NC_045512.2	25489	G	93
NC_045512.2	25490	C	90
NC_045512.2	25491	A	88
NC_045512.2	25492	A	88
NC_045512.2	25493	C	89
NC_045512.2	25494	G	89
NC_045512.2	25495	A	90
NC_045512.2	25496	T	87
NC_045512.2	25497	A	85
NC_045512.2	25498	C	87
NC_045512.2	25499	C	84
NC_045512.2	25500	G	85
NC_045512.2	25501	A	85
NC_045512.2	25502	T	82
NC_045512.2	25503	A	78
NC_045512.2	25504	C	81
NC_045512.2	25505	A	78
NC_045512.2	25506	A	78
NC_045512.2	25507	G	80
NC_045512.2	25508	C	83
NC_045512.2	25509	C	83
NC_045512.2	25510	T	77
NC_045512.2	25511	C	83
NC_045512.2	25512	A	82
NC_045512.2	25513	C	76
NC_045512.2	25514	T	78
NC_045512.2	25515	C	76
NC_045512.2	25516	C	76
NC_045512.2	25517	C	75
NC_045512.2	25518	T	74
NC_045512.2	25519	T	81
NC_045512.2	25520	T	84
NC_045512.2	25521	C	86
NC_045512.2	25522	G	85
NC_045512.2	25523	G	85
NC_045512.2	25524	A	82
NC_045512.2	25525	T	85
NC_045512.2	25526	G	89
NC_045512.2	25527	G	90
NC_045512.2	25528	C	91
NC_045512.2	25529	T	88
NC_045512.2	25530	T	86
NC_045512.2	25531	A	92
NC_045512.2	25532	T	92
NC_045512.2	25533	T	90
NC_045512.2	25534	G	91
NC_045512.2	25535	T	76
NC_045512.2	25536	T	85
NC_045512.2	25537	G	84
NC_045512.2	25538	G	86
NC_045512.2	25539	C	86
NC_045512.2	25540	G	84
NC_045512.2	25541	T	87
NC_045512.2	25542	T	88
NC_045512.2	25543	G	95
NC_045512.2	25544	C	92
NC_045512.2	25545	A	87
NC_045512.2	25546	C	92
NC_045512.2	25547	T	89
NC_045512.2	25548	T	98
NC_045512.2	25549	C	101
NC_045512.2	25550	T	110
NC_045512.2	25551	T	108
NC_045512.2	25552	G	110
NC_045512.2	25553	C	107
NC_045512.2	25554	T	106
NC_045512.2	25555	G	104
NC_045512.2	25556	T	105
NC_045512.2	25557	T	107
NC_045512.2	25558	T	107
NC_045512.2	25559	T	106
NC_045512.2	25560	T	106
NC_045512.2	25561	C	107
NC_045512.2	25562	A	107
NC_045512.2	25563	G	107
NC_045512.2	25564	A	104
NC_045512.2	25565	G	106
NC_045512.2	25566	C	108
NC_045512.2	25567	G	106
NC_045512.2	25568	C	115
NC_045512.2	25569	T	115
NC_045512.2	25570	T	115
NC_045512.2	25571	C	114
NC_045512.2	25572	C	117
NC_045512.2	25573	A	115
NC_045512.2	25574	A	116
NC_045512.2	25575	A	114
NC_045512.2	25576	A	116
NC_045512.2	25577	T	119
NC_045512.2	25578	C	121
NC_045512.2	25579	A	119
NC_045512.2	25580	T	121
NC_045512.2	25581	A	125
NC_045512.2	25582	A	125
NC_045512.2	25583	C	126
NC_045512.2	25584	C	106
NC_045512.2	25585	C	126
NC_045512.2	25586	T	126
NC_045512.2	25587	C	126
NC_045512.2	25588	A	126
NC_045512.2	25589	A	124
NC_045512.2	25590	A	122
NC_045512.2	25591	A	123
NC_045512.2	25592	A	122
NC_045512.2	25593	G	126
NC_045512.2	25594	A	123
NC_045512.2	25595	G	125
NC_045512.2	25596	A	120
NC_045512.2	25597	T	120
NC_045512.2	25598	G	120
NC_045512.2	25599	G	121
NC_045512.2	25600	C	120
NC_045512.2	25601	A	120
NC_045512.2	25602	A	118
NC_045512.2	25603	C	121
NC_045512.2	25604	T	118
NC_045512.2	25605	A	121
NC_045512.2	25606	G	120
NC_045512.2	25607	C	121
NC_045512.2	25608	A	120
NC_045512.2	25609	C	119
NC_045512.2	25610	T	103
NC_045512.2	25611	C	123
NC_045512.2	25612	T	120
NC_045512.2	25613	C	120
NC_045512.2	25614	C	120
NC_045512.2	25615	A	123
NC_045512.2	25616	A	122
NC_045512.2	25617	G	123
NC_045512.2	25618	G	122
NC_045512.2	25619	G	124
NC_045512.2	25620	T	102
NC_045512.2	25621	G	107
NC_045512.2	25622	T	109
NC_045512.2	25623	T	111
NC_045512.2	25624	C	113
NC_045512.2	25625	A	113
NC_045512.2	25626	C	112
NC_045512.2	25627	T	108
NC_045512.2	25628	T	111
NC_045512.2	25629	T	112
NC_045512.2	25630	G	110
NC_045512.2	25631	T	107
NC_045512.2	25632	T	111
NC_045512.2	25633	T	114
NC_045512.2	25634	G	114
NC_045512.2	25635	C	115
NC_045512.2	25636	A	114
NC_045512.2	25637	A	115
NC_045512.2	25638	C	115
NC_045512.2	25639	T	114
NC_045512.2	25640	T	111
NC_045512.2	25641	G	112
NC_045512.2	25642	C	114
NC_045512.2	25643	T	111
NC_045512.2	25644	G	110
NC_045512.2	25645	T	112
NC_045512.2	25646	T	110
NC_045512.2	25647	G	110
NC_045512.2	25648	T	111
NC_045512.2	25649	T	89
NC_045512.2	25650	G	88
NC_045512.2	25651	T	60
NC_045512.2	25652	T	73
NC_045512.2	25653	T	71
NC_045512.2	25654	G	72
NC_045512.2	25655	T	72
NC_045512.2	25656	A	69
NC_045512.2	25657	A	69
NC_045512.2	25658	C	70
NC_045512.2	25659	A	69
NC_045512.2	25660	G	68
NC_045512.2	25661	T	57
NC_045512.2	25662	T	68
NC_045512.2	25663	T	68
NC_045512.2	25664	A	67
NC_045512.2	25665	C	68
NC_045512.2	25666	T	68
NC_045512.2	25667	C	67
NC_045512.2	25668	A	59
NC_045512.2	25669	C	60
NC_045512.2	25670	A	60
NC_045512.2	25671	C	59
NC_045512.2	25672	C	59
NC_045512.2	25673	T	55
NC_045512.2	25674	T	55
NC_045512.2	25675	T	55
NC_045512.2	25676	T	55
NC_045512.2	25677	G	55
NC_045512.2	25678	C	51
NC_045512.2	25679	T	49
NC_045512.2	25680	C	45
NC_045512.2	25681	G	44
NC_045512.2	25682	T	42
NC_045512.2	25683	T	44
NC_045512.2	25684	G	44
NC_045512.2	25685	C	1168
NC_045512.2	25686	T	1168
NC_045512.2	25687	G	1175
NC_045512.2	25688	C	1174
NC_045512.2	25689	T	1164
NC_045512.2	25690	G	1221
NC_045512.2	25691	G	1273
NC_045512.2	25692	C	1314
NC_045512.2	25693	C	1323
NC_045512.2	25694	T	1319
NC_045512.2	25695	T	1308
NC_045512.2	25696	G	1327
NC_045512.2	25697	A	1335
NC_045512.2	25698	A	1329
NC_045512.2	25699	G	1367
NC_045512.2	25700	C	1333
NC_045512.2	25701	C	1405
NC_045512.2	25702	C	1415
NC_045512.2	25703	C	1478
NC_045512.2	25704	T	1409
NC_045512.2	25705	T	1460
NC_045512.2	25706	T	1497
NC_045512.2	25707	T	1563
NC_045512.2	25708	C	1576
NC_045512.2	25709	T	1585
NC_045512.2	25710	C	1608
NC_045512.2	25711	T	1598
NC_045512.2	25712	A	1670
NC_045512.2	25713	T	1769
NC_045512.2	25714	C	1818
NC_045512.2	25715	T	1794
NC_045512.2	25716	T	1781
NC_045512.2	25717	T	1843
NC_045512.2	25718	A	1853
NC_045512.2	25719	T	1855
NC_045512.2	25720	G	1913
NC_045512.2	25721	C	1966
NC_045512.2	25722	T	1969
NC_045512.2	25723	T	1982
NC_045512.2	25724	T	1932
NC_045512.2	25725	A	2166
NC_045512.2	25726	G	2187
NC_045512.2	25727	T	2085
NC_045512.2	25728	C	2189
NC_045512.2	25729	T	1744
NC_045512.2	25730	A	2308
NC_045512.2	25731	C	2311
NC_045512.2	25732	T	2291
NC_045512.2	25733	T	2322
NC_045512.2	25734	C	2356
NC_045512.2	25735	T	2361
NC_045512.2	25736	T	2350
NC_045512.2	25737	G	2377
NC_045512.2	25738	C	2374
NC_045512.2	25739	A	2385
NC_045512.2	25740	G	2928
NC_045512.2	25741	A	2931
NC_045512.2	25742	G	3346
NC_045512.2	25743	T	3309
NC_045512.2	25744	A	3332
NC_045512.2	25745	T	3347
NC_045512.2	25746	A	3303
NC_045512.2	25747	A	3294
NC_045512.2	25748	A	2665
NC_045512.2	25749	C	3379
NC_045512.2	25750	T	3359
NC_045512.2	25751	T	3355
NC_045512.2	25752	T	3378
NC_045512.2	25753	G	3397
NC_045512.2	25754	T	3388
NC_045512.2	25755	A	3381
NC_045512.2	25756	A	3363
NC_045512.2	25757	G	3740
NC_045512.2	25758	A	2786
NC_045512.2	25759	A	3835
NC_045512.2	25760	T	3800
NC_045512.2	25761	A	3670
NC_045512.2	25762	A	3848
NC_045512.2	25763	T	3675
NC_045512.2	25764	A	3703
NC_045512.2	25765	A	3761
NC_045512.2	25766	T	3715
NC_045512.2	25767	G	3720
NC_045512.2	25768	A	3744
NC_045512.2	25769	G	3848
NC_045512.2	25770	G	3593
NC_045512.2	25771	C	3374
NC_045512.2	25772	T	3370
NC_045512.2	25773	T	3356
NC_045512.2	25774	T	3279
NC_045512.2	25775	G	3407
NC_045512.2	25776	G	3500
NC_045512.2	25777	C	3548
NC_045512.2	25778	T	3546
NC_045512.2	25779	T	3510
NC_045512.2	25780	T	3541
NC_045512.2	25781	G	3533
NC_045512.2	25782	C	3428
NC_045512.2	25783	T	3417
NC_045512.2	25784	G	3447
NC_045512.2	25785	G	3465
NC_045512.2	25786	A	3429
NC_045512.2	25787	A	3405
NC_045512.2	25788	A	3433
NC_045512.2	25789	T	3438
NC_045512.2	25790	G	3450
NC_045512.2	25791	C	3389
NC_045512.2	25792	C	3377
NC_045512.2	25793	G	3418
NC_045512.2	25794	T	3404
NC_045512.2	25795	T	3421
NC_045512.2	25796	C	3439
NC_045512.2	25797	C	3438
NC_045512.2	25798	A	3388
NC_045512.2	25799	A	3394
NC_045512.2	25800	A	3361
NC_045512.2	25801	A	3413
NC_045512.2	25802	A	3299
NC_045512.2	25803	C	3445
NC_045512.2	25804	C	3439
NC_045512.2	25805	C	3414
NC_045512.2	25806	A	3331
NC_045512.2	25807	T	3257
NC_045512.2	25808	T	3369
NC_045512.2	25809	A	3364
NC_045512.2	25810	C	3497
NC_045512.2	25811	T	3243
NC_045512.2	25812	T	3451
NC_045512.2	25813	T	3385
NC_045512.2	25814	A	3374
NC_045512.2	25815	T	3333
NC_045512.2	25816	G	3336
NC_045512.2	25817	A	3221
NC_045512.2	25818	T	3275
NC_045512.2	25819	G	3272
NC_045512.2	25820	C	3218
NC_045512.2	25821	C	3215
NC_045512.2	25822	A	3173
NC_045512.2	25823	A	2931
NC_045512.2	25824	C	3171
NC_045512.2	25825	T	3166
NC_045512.2	25826	A	3129
NC_045512.2	25827	T	3152
NC_045512.2	25828	T	3138
NC_045512.2	25829	T	3143
NC_045512.2	25830	T	3109
NC_045512.2	25831	C	3072
NC_045512.2	25832	T	3027
NC_045512.2	25833	T	3032
NC_045512.2	25834	T	3034
NC_045512.2	25835	G	3048
NC_045512.2	25836	C	3015
NC_045512.2	25837	T	3010
NC_045512.2	25838	G	3050
NC_045512.2	25839	G	3064
NC_045512.2	25840	C	2724
NC_045512.2	25841	A	2691
NC_045512.2	25842	T	2772
NC_045512.2	25843	A	2458
NC_045512.2	25844	C	2466
NC_045512.2	25845	T	2716
NC_045512.2	25846	A	2712
NC_045512.2	25847	A	2751
NC_045512.2	25848	T	2705
NC_045512.2	25849	T	2579
NC_045512.2	25850	G	2748
NC_045512.2	25851	T	2641
NC_045512.2	25852	T	2689
NC_045512.2	25853	A	2704
NC_045512.2	25854	C	2754
NC_045512.2	25855	G	2761
NC_045512.2	25856	A	2848
NC_045512.2	25857	C	2682
NC_045512.2	25858	T	2583
NC_045512.2	25859	A	2942
NC_045512.2	25860	T	2947
NC_045512.2	25861	T	2976
NC_045512.2	25862	G	3038
NC_045512.2	25863	T	2929
NC_045512.2	25864	A	2948
NC_045512.2	25865	T	2919
NC_045512.2	25866	A	2912
NC_045512.2	25867	C	3150
NC_045512.2	25868	C	2863
NC_045512.2	25869	T	2865
NC_045512.2	25870	T	2868
NC_045512.2	25871	A	2828
NC_045512.2	25872	C	2905
NC_045512.2	25873	A	2817
NC_045512.2	25874	A	2842
NC_045512.2	25875	T	2837
NC_045512.2	25876	A	2485
NC_045512.2	25877	G	2661
NC_045512.2	25878	T	2615
NC_045512.2	25879	G	2645
NC_045512.2	25880	T	2584
NC_045512.2	25881	A	2573
NC_045512.2	25882	A	2550
NC_045512.2	25883	C	2638
NC_045512.2	25884	T	2608
NC_045512.2	25885	T	2284
NC_045512.2	25886	C	2582
NC_045512.2	25887	T	2618
NC_045512.2	25888	T	2468
NC_045512.2	25889	C	3834
NC_045512.2	25890	A	3825
NC_045512.2	25891	A	3860
NC_045512.2	25892	T	3865
NC_045512.2	25893	T	3814
NC_045512.2	25894	G	3915
NC_045512.2	25895	T	3730
NC_045512.2	25896	C	3888
NC_045512.2	25897	A	3832
NC_045512.2	25898	T	3796
NC_045512.2	25899	T	3950
NC_045512.2	25900	A	3958
NC_045512.2	25901	C	4094
NC_045512.2	25902	T	4066
NC_045512.2	25903	T	4081
NC_045512.2	25904	C	4059
NC_045512.2	25905	A	4036
NC_045512.2	25906	G	4065
NC_045512.2	25907	G	4365
NC_045512.2	25908	T	4317
NC_045512.2	25909	G	4347
NC_045512.2	25910	A	4230
NC_045512.2	25911	T	4238
NC_045512.2	25912	G	4287
NC_045512.2	25913	G	4304
NC_045512.2	25914	C	4361
NC_045512.2	25915	A	4203
NC_045512.2	25916	C	4423
NC_045512.2	25917	A	4397
NC_045512.2	25918	A	4420
NC_045512.2	25919	C	4411
NC_045512.2	25920	A	4339
NC_045512.2	25921	A	4354
NC_045512.2	25922	G	4387
NC_045512.2	25923	T	4433
NC_045512.2	25924	C	4405
NC_045512.2	25925	C	4402
NC_045512.2	25926	T	4139
NC_045512.2	25927	A	4385
NC_045512.2	25928	T	4434
NC_045512.2	25929	T	4460
NC_045512.2	25930	T	4479
NC_045512.2	25931	C	4552
NC_045512.2	25932	T	4350
NC_045512.2	25933	G	4762
NC_045512.2	25934	A	4803
NC_045512.2	25935	A	4802
NC_045512.2	25936	C	4822
NC_045512.2	25937	A	4784
NC_045512.2	25938	T	4527
NC_045512.2	25939	G	4854
NC_045512.2	25940	A	5268
NC_045512.2	25941	C	5309
NC_045512.2	25942	T	5356
NC_045512.2	25943	A	5337
NC_045512.2	25944	C	5398
NC_045512.2	25945	C	5355
NC_045512.2	25946	A	4996
NC_045512.2	25947	G	5044
NC_045512.2	25948	A	4992
NC_045512.2	25949	T	4555
NC_045512.2	25950	T	4838
NC_045512.2	25951	G	4986
NC_045512.2	25952	G	4996
NC_045512.2	25953	T	4932
NC_045512.2	25954	G	4948
NC_045512.2	25955	G	4941
NC_045512.2	25956	T	4773
NC_045512.2	25957	T	4755
NC_045512.2	25958	A	4814
NC_045512.2	25959	T	4852
NC_045512.2	25960	A	4812
NC_045512.2	25961	C	4888
NC_045512.2	25962	T	4730
NC_045512.2	25963	G	4871
NC_045512.2	25964	A	4853
NC_045512.2	25965	A	4839
NC_045512.2	25966	A	4838
NC_045512.2	25967	A	4792
NC_045512.2	25968	A	4840
NC_045512.2	25969	T	4830
NC_045512.2	25970	G	4862
NC_045512.2	25971	G	4842
NC_045512.2	25972	G	4856
NC_045512.2	25973	A	4795
NC_045512.2	25974	A	4839
NC_045512.2	25975	T	4824
NC_045512.2	25976	C	4852
NC_045512.2	25977	T	4840
NC_045512.2	25978	G	4839
NC_045512.2	25979	G	4927
NC_045512.2	25980	A	4943
NC_045512.2	25981	G	5130
NC_045512.2	25982	T	5137
NC_045512.2	25983	A	5118
NC_045512.2	25984	A	5112
NC_045512.2	25985	A	5086
NC_045512.2	25986	A	5193
NC_045512.2	25987	G	5209
NC_045512.2	25988	A	5075
NC_045512.2	25989	C	5112
NC_045512.2	25990	T	3618
NC_045512.2	25991	G	3841
NC_045512.2	25992	T	3764
NC_045512.2	25993	G	3827
NC_045512.2	25994	T	3831
NC_045512.2	25995	T	3803
NC_045512.2	25996	G	4165
NC_045512.2	25997	T	3679
NC_045512.2	25998	A	4143
NC_045512.2	25999	T	4153
NC_045512.2	26000	T	3930
NC_045512.2	26001	A	3841
NC_045512.2	26002	C	3990
NC_045512.2	26003	A	3921
NC_045512.2	26004	C	4091
NC_045512.2	26005	A	3702
NC_045512.2	26006	G	5658
NC_045512.2	26007	T	5628
NC_045512.2	26008	T	5555
NC_045512.2	26009	A	5403
NC_045512.2	26010	C	5237
NC_045512.2	26011	T	5595
NC_045512.2	26012	T	5568
NC_045512.2	26013	C	5569
NC_045512.2	26014	A	5487
NC_045512.2	26015	C	5543
NC_045512.2	26016	T	5386
NC_045512.2	26017	T	5397
NC_045512.2	26018	C	5433
NC_045512.2	26019	A	5381
NC_045512.2	26020	G	5410
NC_045512.2	26021	A	5377
NC_045512.2	26022	C	5407
NC_045512.2	26023	T	5151
NC_045512.2	26024	A	5305
NC_045512.2	26025	T	5246
NC_045512.2	26026	T	5003
NC_045512.2	26027	A	5098
NC_045512.2	26028	C	5285
NC_045512.2	26029	C	5162
NC_045512.2	26030	A	5113
NC_045512.2	26031	G	4990
NC_045512.2	26032	C	5012
NC_045512.2	26033	T	4418
NC_045512.2	26034	G	4590
NC_045512.2	26035	T	4368
NC_045512.2	26036	A	4512
NC_045512.2	26037	C	4539
NC_045512.2	26038	T	4409
NC_045512.2	26039	C	4406
NC_045512.2	26040	A	3705
NC_045512.2	26041	A	3622
NC_045512.2	26042	C	3714
NC_045512.2	26043	T	3522
NC_045512.2	26044	C	4764
NC_045512.2	26045	A	4534
NC_045512.2	26046	A	4706
NC_045512.2	26047	T	4670
NC_045512.2	26048	T	4634
NC_045512.2	26049	G	4759
NC_045512.2	26050	A	4730
NC_045512.2	26051	G	4877
NC_045512.2	26052	T	4876
NC_045512.2	26053	A	4934
NC_045512.2	26054	C	5146
NC_045512.2	26055	A	5186
NC_045512.2	26056	G	6479
NC_045512.2	26057	A	6470
NC_045512.2	26058	C	6580
NC_045512.2	26059	A	6527
NC_045512.2	26060	C	6560
NC_045512.2	26061	T	6529
NC_045512.2	26062	G	6606
NC_045512.2	26063	G	6715
NC_045512.2	26064	T	6652
NC_045512.2	26065	G	6719
NC_045512.2	26066	T	6681
NC_045512.2	26067	T	6645
NC_045512.2	26068	G	6749
NC_045512.2	26069	A	6752
NC_045512.2	26070	A	6697
NC_045512.2	26071	C	6764
NC_045512.2	26072	A	6756
NC_045512.2	26073	T	6743
NC_045512.2	26074	G	6797
NC_045512.2	26075	T	6770
NC_045512.2	26076	T	6782
NC_045512.2	26077	A	6715
NC_045512.2	26078	C	6800
NC_045512.2	26079	C	6724
NC_045512.2	26080	T	6702
NC_045512.2	26081	T	6697
NC_045512.2	26082	C	6573
NC_045512.2	26083	T	6486
NC_045512.2	26084	T	6504
NC_045512.2	26085	C	6545
NC_045512.2	26086	A	6555
NC_045512.2	26087	T	6456
NC_045512.2	26088	C	6474
NC_045512.2	26089	T	6434
NC_045512.2	26090	A	6440
NC_045512.2	26091	C	6325
NC_045512.2	26092	A	6226
NC_045512.2	26093	A	6283
NC_045512.2	26094	T	6198
NC_045512.2	26095	A	5525
NC_045512.2	26096	A	6100
NC_045512.2	26097	A	5573
NC_045512.2	26098	A	5940
NC_045512.2	26099	T	5881
NC_045512.2	26100	T	5890
NC_045512.2	26101	G	5911
NC_045512.2	26102	T	5905
NC_045512.2	26103	T	5904
NC_045512.2	26104	G	5895
NC_045512.2	26105	A	5637
NC_045512.2	26106	T	5831
NC_045512.2	26107	G	4180
NC_045512.2	26108	A	4069
NC_045512.2	26109	G	4350
NC_045512.2	26110	C	4406
NC_045512.2	26111	C	4361
NC_045512.2	26112	T	4420
NC_045512.2	26113	G	4335
NC_045512.2	26114	A	4486
NC_045512.2	26115	A	4381
NC_045512.2	26116	G	4280
NC_045512.2	26117	A	4056
NC_045512.2	26118	A	4440
NC_045512.2	26119	C	4404
NC_045512.2	26120	A	4369
NC_045512.2	26121	T	4508
NC_045512.2	26122	G	4549
NC_045512.2	26123	T	4356
NC_045512.2	26124	C	4550
NC_045512.2	26125	C	4234
NC_045512.2	26126	A	4468
NC_045512.2	26127	A	4530
NC_045512.2	26128	A	4272
NC_045512.2	26129	T	4573
NC_045512.2	26130	T	4153
NC_045512.2	26131	C	4371
NC_045512.2	26132	A	4393
NC_045512.2	26133	C	4388
NC_045512.2	26134	A	4433
NC_045512.2	26135	C	4274
NC_045512.2	26136	A	4460
NC_045512.2	26137	A	4104
NC_045512.2	26138	T	4370
NC_045512.2	26139	C	3969
NC_045512.2	26140	G	3973
NC_045512.2	26141	A	3988
NC_045512.2	26142	C	4028
NC_045512.2	26143	G	4019
NC_045512.2	26144	G	4144
NC_045512.2	26145	T	4154
NC_045512.2	26146	T	3963
NC_045512.2	26147	C	4071
NC_045512.2	26148	A	4190
NC_045512.2	26149	T	4298
NC_045512.2	26150	C	4449
NC_045512.2	26151	C	4350
NC_045512.2	26152	G	4378
NC_045512.2	26153	G	4400
NC_045512.2	26154	A	4328
NC_045512.2	26155	G	4237
NC_045512.2	26156	T	4211
NC_045512.2	26157	T	3268
NC_045512.2	26158	G	3331
NC_045512.2	26159	T	3316
NC_045512.2	26160	T	3152
NC_045512.2	26161	A	3272
NC_045512.2	26162	A	3306
NC_045512.2	26163	T	3317
NC_045512.2	26164	C	3243
NC_045512.2	26165	C	3228
NC_045512.2	26166	A	3146
NC_045512.2	26167	G	3207
NC_045512.2	26168	T	3014
NC_045512.2	26169	A	3180
NC_045512.2	26170	A	3172
NC_045512.2	26171	T	3188
NC_045512.2	26172	G	3220
NC_045512.2	26173	G	3219
NC_045512.2	26174	A	3267
NC_045512.2	26175	A	3463
NC_045512.2	26176	C	3467
NC_045512.2	26177	C	3416
NC_045512.2	26178	A	3377
NC_045512.2	26179	A	3465
NC_045512.2	26180	T	3240
NC_045512.2	26181	T	3455
NC_045512.2	26182	T	3393
NC_045512.2	26183	A	3516
NC_045512.2	26184	T	3616
NC_045512.2	26185	G	3668
NC_045512.2	26186	A	3679
NC_045512.2	26187	T	3564
NC_045512.2	26188	G	3544
NC_045512.2	26189	A	3658
NC_045512.2	26190	A	3484
NC_045512.2	26191	C	3878
NC_045512.2	26192	C	3851
NC_045512.2	26193	G	3883
NC_045512.2	26194	A	3856
NC_045512.2	26195	C	3876
NC_045512.2	26196	G	3869
NC_045512.2	26197	A	3884
NC_045512.2	26198	C	3914
NC_045512.2	26199	G	3926
NC_045512.2	26200	A	3943
NC_045512.2	26201	C	4047
NC_045512.2	26202	T	3944
NC_045512.2	26203	A	3967
NC_045512.2	26204	C	4025
NC_045512.2	26205	T	3918
NC_045512.2	26206	A	3942
NC_045512.2	26207	G	4018
NC_045512.2	26208	C	3900
NC_045512.2	26209	G	3930
NC_045512.2	26210	T	3658
NC_045512.2	26211	G	3648
NC_045512.2	26212	C	3618
NC_045512.2	26213	C	3608
NC_045512.2	26214	T	3322
NC_045512.2	26215	T	3604
NC_045512.2	26216	T	3578
NC_045512.2	26217	G	3603
NC_045512.2	26218	T	3589
NC_045512.2	26219	A	3612
NC_045512.2	26220	A	3617
NC_045512.2	26221	G	3598
NC_045512.2	26222	C	3672
NC_045512.2	26223	A	3587
NC_045512.2	26224	C	3615
NC_045512.2	26225	A	3461
NC_045512.2	26226	A	3596
NC_045512.2	26227	G	3623
NC_045512.2	26228	C	3780
NC_045512.2	26229	T	3751
NC_045512.2	26230	G	3700
NC_045512.2	26231	A	3698
NC_045512.2	26232	T	3738
NC_045512.2	26233	G	3734
NC_045512.2	26234	A	3588
NC_045512.2	26235	G	3642
NC_045512.2	26236	T	3928
NC_045512.2	26237	A	3865
NC_045512.2	26238	C	3911
NC_045512.2	26239	G	3865
NC_045512.2	26240	A	4102
NC_045512.2	26241	A	4062
NC_045512.2	26242	C	4246
NC_045512.2	26243	T	4200
NC_045512.2	26244	T	3995
NC_045512.2	26245	A	4254
NC_045512.2	26246	T	4139
NC_045512.2	26247	G	4268
NC_045512.2	26248	T	4192
NC_045512.2	26249	A	4282
NC_045512.2	26250	C	5673
NC_045512.2	26251	T	5333
NC_045512.2	26252	C	5493
NC_045512.2	26253	A	5478
NC_045512.2	26254	T	5635
NC_045512.2	26255	T	5502
NC_045512.2	26256	C	5562
NC_045512.2	26257	G	5601
NC_045512.2	26258	T	5826
NC_045512.2	26259	T	5812
NC_045512.2	26260	T	5797
NC_045512.2	26261	C	5776
NC_045512.2	26262	G	5793
NC_045512.2	26263	G	5930
NC_045512.2	26264	A	5904
NC_045512.2	26265	A	6089
NC_045512.2	26266	G	6191
NC_045512.2	26267	A	6451
NC_045512.2	26268	G	6601
NC_045512.2	26269	A	6395
NC_045512.2	26270	C	6560
NC_045512.2	26271	A	6576
NC_045512.2	26272	G	6547
NC_045512.2	26273	G	6621
NC_045512.2	26274	T	6425
NC_045512.2	26275	A	6530
NC_045512.2	26276	C	6501
NC_045512.2	26277	G	6537
NC_045512.2	26278	T	5135
NC_045512.2	26279	T	6411
NC_045512.2	26280	A	6428
NC_045512.2	26281	A	6564
NC_045512.2	26282	T	6614
NC_045512.2	26283	A	6703
NC_045512.2	26284	G	6946
NC_045512.2	26285	T	5988
NC_045512.2	26286	T	6465
NC_045512.2	26287	A	6689
NC_045512.2	26288	A	6701
NC_045512.2	26289	T	6595
NC_045512.2	26290	A	6602
NC_045512.2	26291	G	6724
NC_045512.2	26292	C	6445
NC_045512.2	26293	G	6460
NC_045512.2	26294	T	6329
NC_045512.2	26295	A	6404
NC_045512.2	26296	C	6498
NC_045512.2	26297	T	6438
NC_045512.2	26298	T	6179
NC_045512.2	26299	C	6486
NC_045512.2	26300	T	6425
NC_045512.2	26301	T	6444
NC_045512.2	26302	T	6432
NC_045512.2	26303	T	6433
NC_045512.2	26304	T	5925
NC_045512.2	26305	C	6406
NC_045512.2	26306	T	6401
NC_045512.2	26307	T	6324
NC_045512.2	26308	G	6390
NC_045512.2	26309	C	6369
NC_045512.2	26310	T	6401
NC_045512.2	26311	T	4916
NC_045512.2	26312	T	6393
NC_045512.2	26313	C	6383
NC_045512.2	26314	G	6436
NC_045512.2	26315	T	6416
NC_045512.2	26316	G	6417
NC_045512.2	26317	G	6475
NC_045512.2	26318	T	6203
NC_045512.2	26319	A	6443
NC_045512.2	26320	T	6510
NC_045512.2	26321	T	6192
NC_045512.2	26322	C	6511
NC_045512.2	26323	T	6384
NC_045512.2	26324	T	6314
NC_045512.2	26325	G	6444
NC_045512.2	26326	C	6335
NC_045512.2	26327	T	6314
NC_045512.2	26328	A	6285
NC_045512.2	26329	G	6321
NC_045512.2	26330	T	6290
NC_045512.2	26331	T	6267
NC_045512.2	26332	A	6145
NC_045512.2	26333	C	6345
NC_045512.2	26334	A	6264
NC_045512.2	26335	C	6382
NC_045512.2	26336	T	6102
NC_045512.2	26337	A	5915
NC_045512.2	26338	G	5943
NC_045512.2	26339	C	5906
NC_045512.2	26340	C	5909
NC_045512.2	26341	A	5531
NC_045512.2	26342	T	5469
NC_045512.2	26343	C	5489
NC_045512.2	26344	C	5395
NC_045512.2	26345	T	5293
NC_045512.2	26346	T	5010
NC_045512.2	26347	A	4915
NC_045512.2	26348	C	4883
NC_045512.2	26349	T	4719
NC_045512.2	26350	G	4666
NC_045512.2	26351	C	3034
NC_045512.2	26352	G	2884
NC_045512.2	26353	C	2801
NC_045512.2	26354	T	2542
NC_045512.2	26355	T	2536
NC_045512.2	26356	C	2551
NC_045512.2	26357	G	2541
NC_045512.2	26358	A	2524
NC_045512.2	26359	T	2321
NC_045512.2	26360	T	2369
NC_045512.2	26361	G	2388
NC_045512.2	26362	T	2363
NC_045512.2	26363	G	2349
NC_045512.2	26364	T	2164
NC_045512.2	26365	G	2234
NC_045512.2	26366	C	2020
NC_045512.2	26367	G	2510
NC_045512.2	26368	T	2171
NC_045512.2	26369	A	2123
NC_045512.2	26370	C	2165
NC_045512.2	26371	T	2141
NC_045512.2	26372	G	2169
NC_045512.2	26373	C	2124
NC_045512.2	26374	T	2153
NC_045512.2	26375	G	2204
NC_045512.2	26376	C	2073
NC_045512.2	26377	A	2063
NC_045512.2	26378	A	2120
NC_045512.2	26379	T	1954
NC_045512.2	26380	A	1836
NC_045512.2	26381	T	2001
NC_045512.2	26382	T	1894
NC_045512.2	26383	G	1917
NC_045512.2	26384	T	1662
NC_045512.2	26385	T	1648
NC_045512.2	26386	A	1707
NC_045512.2	26387	A	1281
NC_045512.2	26388	C	1733
NC_045512.2	26389	G	1730
NC_045512.2	26390	T	1718
NC_045512.2	26391	G	1777
NC_045512.2	26392	A	1738
NC_045512.2	26393	G	1779
NC_045512.2	26394	T	1778
NC_045512.2	26395	C	1789
NC_045512.2	26396	T	1832
NC_045512.2	26397	T	1801
NC_045512.2	26398	G	1851
NC_045512.2	26399	T	1836
NC_045512.2	26400	A	1829
NC_045512.2	26401	A	1817
NC_045512.2	26402	A	1767
NC_045512.2	26403	A	1852
NC_045512.2	26404	C	1864
NC_045512.2	26405	C	1863
NC_045512.2	26406	T	1861
NC_045512.2	26407	T	1804
NC_045512.2	26408	C	1894
NC_045512.2	26409	T	1896
NC_045512.2	26410	T	1883
NC_045512.2	26411	T	1772
NC_045512.2	26412	T	1893
NC_045512.2	26413	T	1893
NC_045512.2	26414	A	1994
NC_045512.2	26415	C	2912
NC_045512.2	26416	G	2950
NC_045512.2	26417	T	2771
NC_045512.2	26418	T	2866
NC_045512.2	26419	T	2868
NC_045512.2	26420	A	2793
NC_045512.2	26421	C	2788
NC_045512.2	26422	T	2844
NC_045512.2	26423	C	2851
NC_045512.2	26424	T	2825
NC_045512.2	26425	C	2804
NC_045512.2	26426	G	2811
NC_045512.2	26427	T	2809
NC_045512.2	26428	G	2774
NC_045512.2	26429	T	2626
NC_045512.2	26430	T	2667
NC_045512.2	26431	A	2423
NC_045512.2	26432	A	2656
NC_045512.2	26433	A	2675
NC_045512.2	26434	A	2750
NC_045512.2	26435	A	2765
NC_045512.2	26436	T	2702
NC_045512.2	26437	C	2783
NC_045512.2	26438	T	2762
NC_045512.2	26439	G	2795
NC_045512.2	26440	A	2808
NC_045512.2	26441	A	2776
NC_045512.2	26442	T	2812
NC_045512.2	26443	T	2792
NC_045512.2	26444	C	2948
NC_045512.2	26445	T	2940
NC_045512.2	26446	T	2869
NC_045512.2	26447	C	2975
NC_045512.2	26448	T	3709
NC_045512.2	26449	A	3758
NC_045512.2	26450	G	3779
NC_045512.2	26451	A	3620
NC_045512.2	26452	G	4017
NC_045512.2	26453	T	3783
NC_045512.2	26454	T	3856
NC_045512.2	26455	C	3851
NC_045512.2	26456	C	3958
NC_045512.2	26457	T	3939
NC_045512.2	26458	G	3974
NC_045512.2	26459	A	3926
NC_045512.2	26460	T	3802
NC_045512.2	26461	C	3909
NC_045512.2	26462	T	3909
NC_045512.2	26463	T	3881
NC_045512.2	26464	C	3879
NC_045512.2	26465	T	3882
NC_045512.2	26466	G	3893
NC_045512.2	26467	G	3948
NC_045512.2	26468	T	3960
NC_045512.2	26469	C	3986
NC_045512.2	26470	T	3891
NC_045512.2	26471	A	3952
NC_045512.2	26472	A	3948
NC_045512.2	26473	A	3881
NC_045512.2	26474	C	3901
NC_045512.2	26475	G	3859
NC_045512.2	26476	A	3853
NC_045512.2	26477	A	3792
NC_045512.2	26478	C	3835
NC_045512.2	26479	T	3818
NC_045512.2	26480	A	3836
NC_045512.2	26481	A	3834
NC_045512.2	26482	A	3872
NC_045512.2	26483	T	3729
NC_045512.2	26484	A	3743
NC_045512.2	26485	T	3801
NC_045512.2	26486	T	3804
NC_045512.2	26487	A	3756
NC_045512.2	26488	T	3563
NC_045512.2	26489	A	3779
NC_045512.2	26490	T	3847
NC_045512.2	26491	T	3804
NC_045512.2	26492	A	3679
NC_045512.2	26493	G	3838
NC_045512.2	26494	T	3787
NC_045512.2	26495	T	3853
NC_045512.2	26496	T	4155
NC_045512.2	26497	T	4210
NC_045512.2	26498	T	4191
NC_045512.2	26499	C	4197
NC_045512.2	26500	T	4175
NC_045512.2	26501	G	4190
NC_045512.2	26502	T	4141
NC_045512.2	26503	T	3823
NC_045512.2	26504	T	4235
NC_045512.2	26505	G	4213
NC_045512.2	26506	G	4192
NC_045512.2	26507	A	4233
NC_045512.2	26508	A	4225
NC_045512.2	26509	C	4334
NC_045512.2	26510	T	4325
NC_045512.2	26511	T	4209
NC_045512.2	26512	T	4316
NC_045512.2	26513	A	4228
NC_045512.2	26514	A	4367
NC_045512.2	26515	T	4369
NC_045512.2	26516	T	3854
NC_045512.2	26517	T	3813
NC_045512.2	26518	T	3838
NC_045512.2	26519	A	3879
NC_045512.2	26520	G	3902
NC_045512.2	26521	C	3883
NC_045512.2	26522	C	3904
NC_045512.2	26523	A	3970
NC_045512.2	26524	T	4005
NC_045512.2	26525	G	4032
NC_045512.2	26526	G	4026
NC_045512.2	26527	C	4039
NC_045512.2	26528	A	3919
NC_045512.2	26529	G	4025
NC_045512.2	26530	A	4167
NC_045512.2	26531	T	4070
NC_045512.2	26532	T	3919
NC_045512.2	26533	C	4227
NC_045512.2	26534	C	4193
NC_045512.2	26535	A	3972
NC_045512.2	26536	A	4188
NC_045512.2	26537	C	4233
NC_045512.2	26538	G	4159
NC_045512.2	26539	G	4215
NC_045512.2	26540	T	4154
NC_045512.2	26541	A	4169
NC_045512.2	26542	C	4367
NC_045512.2	26543	T	3616
NC_045512.2	26544	A	4339
NC_045512.2	26545	T	4217
NC_045512.2	26546	T	4214
NC_045512.2	26547	A	4377
NC_045512.2	26548	C	4453
NC_045512.2	26549	C	3374
NC_045512.2	26550	G	3140
NC_045512.2	26551	T	2972
NC_045512.2	26552	T	3096
NC_045512.2	26553	G	3120
NC_045512.2	26554	A	3201
NC_045512.2	26555	A	3238
NC_045512.2	26556	G	3235
NC_045512.2	26557	A	3144
NC_045512.2	26558	G	3179
NC_045512.2	26559	C	3165
NC_045512.2	26560	T	3134
NC_045512.2	26561	T	3129
NC_045512.2	26562	A	3147
NC_045512.2	26563	A	3150
NC_045512.2	26564	A	3151
NC_045512.2	26565	A	3132
NC_045512.2	26566	A	3139
NC_045512.2	26567	G	3066
NC_045512.2	26568	C	3082
NC_045512.2	26569	T	2907
NC_045512.2	26570	C	3029
NC_045512.2	26571	C	3026
NC_045512.2	26572	T	3001
NC_045512.2	26573	T	3017
NC_045512.2	26574	G	3021
NC_045512.2	26575	A	3012
NC_045512.2	26576	A	3026
NC_045512.2	26577	C	3016
NC_045512.2	26578	A	2971
NC_045512.2	26579	A	2959
NC_045512.2	26580	T	2882
NC_045512.2	26581	G	2959
NC_045512.2	26582	G	2948
NC_045512.2	26583	A	2950
NC_045512.2	26584	A	2944
NC_045512.2	26585	C	2947
NC_045512.2	26586	C	2870
NC_045512.2	26587	T	2746
NC_045512.2	26588	A	2860
NC_045512.2	26589	G	2853
NC_045512.2	26590	T	2802
NC_045512.2	26591	A	2831
NC_045512.2	26592	A	2824
NC_045512.2	26593	T	2798
NC_045512.2	26594	A	2784
NC_045512.2	26595	G	2780
NC_045512.2	26596	G	2743
NC_045512.2	26597	T	2271
NC_045512.2	26598	T	2183
NC_045512.2	26599	T	2084
NC_045512.2	26600	C	2171
NC_045512.2	26601	C	2174
NC_045512.2	26602	T	1967
NC_045512.2	26603	A	2131
NC_045512.2	26604	T	2107
NC_045512.2	26605	T	2078
NC_045512.2	26606	C	2074
NC_045512.2	26607	C	1911
NC_045512.2	26608	T	1873
NC_045512.2	26609	T	1855
NC_045512.2	26610	A	1810
NC_045512.2	26611	C	1829
NC_045512.2	26612	A	1807
NC_045512.2	26613	T	1764
NC_045512.2	26614	G	1745
NC_045512.2	26615	G	1705
NC_045512.2	26616	A	1699
NC_045512.2	26617	T	1626
NC_045512.2	26618	T	1685
NC_045512.2	26619	T	1646
NC_045512.2	26620	G	1652
NC_045512.2	26621	T	1561
NC_045512.2	26622	C	1644
NC_045512.2	26623	T	1608
NC_045512.2	26624	T	1445
NC_045512.2	26625	C	1456
NC_045512.2	26626	T	6869
NC_045512.2	26627	A	6853
NC_045512.2	26628	C	7478
NC_045512.2	26629	A	6980
NC_045512.2	26630	A	7245
NC_045512.2	26631	T	7198
NC_045512.2	26632	T	7260
NC_045512.2	26633	T	7292
NC_045512.2	26634	G	7983
NC_045512.2	26635	C	8007
NC_045512.2	26636	C	8057
NC_045512.2	26637	T	7806
NC_045512.2	26638	A	7963
NC_045512.2	26639	T	8247
NC_045512.2	26640	G	8441
NC_045512.2	26641	C	8462
NC_045512.2	26642	C	8498
NC_045512.2	26643	A	8426
NC_045512.2	26644	A	5815
NC_045512.2	26645	C	8693
NC_045512.2	26646	A	8436
NC_045512.2	26647	G	9451
NC_045512.2	26648	G	9898
NC_045512.2	26649	A	9601
NC_045512.2	26650	A	9668
NC_045512.2	26651	T	9693
NC_045512.2	26652	A	9136
NC_045512.2	26653	G	12286
NC_045512.2	26654	G	12322
NC_045512.2	26655	T	11805
NC_045512.2	26656	T	11870
NC_045512.2	26657	T	12070
NC_045512.2	26658	T	12210
NC_045512.2	26659	T	12226
NC_045512.2	26660	G	13118
NC_045512.2	26661	T	13080
NC_045512.2	26662	A	13184
NC_045512.2	26663	T	13330
NC_045512.2	26664	A	13135
NC_045512.2	26665	T	13542
NC_045512.2	26666	A	13571
NC_045512.2	26667	A	13655
NC_045512.2	26668	T	13266
NC_045512.2	26669	T	9625
NC_045512.2	26670	A	13698
NC_045512.2	26671	A	12243
NC_045512.2	26672	G	13856
NC_045512.2	26673	T	13669
NC_045512.2	26674	T	13733
NC_045512.2	26675	A	13390
NC_045512.2	26676	A	13717
NC_045512.2	26677	T	14137
NC_045512.2	26678	T	14098
NC_045512.2	26679	T	14123
NC_045512.2	26680	T	14097
NC_045512.2	26681	C	14214
NC_045512.2	26682	C	14390
NC_045512.2	26683	T	14401
NC_045512.2	26684	C	14592
NC_045512.2	26685	T	14472
NC_045512.2	26686	G	14998
NC_045512.2	26687	G	15045
NC_045512.2	26688	C	15367
NC_045512.2	26689	T	15605
NC_045512.2	26690	G	16964
NC_045512.2	26691	T	16896
NC_045512.2	26692	T	16599
NC_045512.2	26693	A	8104
NC_045512.2	26694	T	17007
NC_045512.2	26695	G	17165
NC_045512.2	26696	G	17363
NC_045512.2	26697	C	17401
NC_045512.2	26698	C	17529
NC_045512.2	26699	A	17414
NC_045512.2	26700	G	18564
NC_045512.2	26701	T	18501
NC_045512.2	26702	A	17975
NC_045512.2	26703	A	18587
NC_045512.2	26704	C	19235
NC_045512.2	26705	T	19131
NC_045512.2	26706	T	18938
NC_045512.2	26707	T	18367
NC_045512.2	26708	A	18398
NC_045512.2	26709	G	17485
NC_045512.2	26710	C	18311
NC_045512.2	26711	T	18154
NC_045512.2	26712	T	18082
NC_045512.2	26713	G	18787
NC_045512.2	26714	T	18686
NC_045512.2	26715	T	18252
NC_045512.2	26716	T	17472
NC_045512.2	26717	T	17357
NC_045512.2	26718	G	17623
NC_045512.2	26719	T	17503
NC_045512.2	26720	G	18030
NC_045512.2	26721	C	16922
NC_045512.2	26722	T	17101
NC_045512.2	26723	T	17002
NC_045512.2	26724	G	17042
NC_045512.2	26725	C	16981
NC_045512.2	26726	T	17246
NC_045512.2	26727	G	17018
NC_045512.2	26728	C	16567
NC_045512.2	26729	T	16744
NC_045512.2	26730	G	16938
NC_045512.2	26731	T	15534
NC_045512.2	26732	T	16934
NC_045512.2	26733	T	17082
NC_045512.2	26734	A	17044
NC_045512.2	26735	C	16612
NC_045512.2	26736	A	16419
NC_045512.2	26737	G	17242
NC_045512.2	26738	A	17559
NC_045512.2	26739	A	17564
NC_045512.2	26740	T	17383
NC_045512.2	26741	A	16760
NC_045512.2	26742	A	16807
NC_045512.2	26743	A	16808
NC_045512.2	26744	T	17319
NC_045512.2	26745	T	17068
NC_045512.2	26746	G	17232
NC_045512.2	26747	G	17161
NC_045512.2	26748	A	16619
NC_045512.2	26749	T	16430
NC_045512.2	26750	C	16547
NC_045512.2	26751	A	16441
NC_045512.2	26752	C	16666
NC_045512.2	26753	C	14984
NC_045512.2	26754	G	14999
NC_045512.2	26755	G	15210
NC_045512.2	26756	T	15015
NC_045512.2	26757	G	15215
NC_045512.2	26758	G	15249
NC_045512.2	26759	A	13769
NC_045512.2	26760	A	15291
NC_045512.2	26761	T	14455
NC_045512.2	26762	T	13812
NC_045512.2	26763	G	14601
NC_045512.2	26764	C	14579
NC_045512.2	26765	T	13416
NC_045512.2	26766	A	14565
NC_045512.2	26767	T	14216
NC_045512.2	26768	C	14781
NC_045512.2	26769	G	14828
NC_045512.2	26770	C	14825
NC_045512.2	26771	A	14632
NC_045512.2	26772	A	14567
NC_045512.2	26773	T	14655
NC_045512.2	26774	G	15292
NC_045512.2	26775	G	15295
NC_045512.2	26776	C	15219
NC_045512.2	26777	T	17111
NC_045512.2	26778	T	16876
NC_045512.2	26779	G	17848
NC_045512.2	26780	T	17561
NC_045512.2	26781	C	18040
NC_045512.2	26782	T	18095
NC_045512.2	26783	T	17587
NC_045512.2	26784	G	17772
NC_045512.2	26785	T	17793
NC_045512.2	26786	A	17858
NC_045512.2	26787	G	17977
NC_045512.2	26788	G	18039
NC_045512.2	26789	C	17219
NC_045512.2	26790	T	15920
NC_045512.2	26791	T	16862
NC_045512.2	26792	G	17154
NC_045512.2	26793	A	17322
NC_045512.2	26794	T	17571
NC_045512.2	26795	G	17721
NC_045512.2	26796	T	17194
NC_045512.2	26797	G	17373
NC_045512.2	26798	G	17377
NC_045512.2	26799	C	16774
NC_045512.2	26800	T	16790
NC_045512.2	26801	C	16921
NC_045512.2	26802	A	16792
NC_045512.2	26803	G	16775
NC_045512.2	26804	C	16884
NC_045512.2	26805	T	16570
NC_045512.2	26806	A	16384
NC_045512.2	26807	C	17756
NC_045512.2	26808	T	17786
NC_045512.2	26809	T	17655
NC_045512.2	26810	C	17542
NC_045512.2	26811	A	17357
NC_045512.2	26812	T	19038
NC_045512.2	26813	T	18910
NC_045512.2	26814	G	18729
NC_045512.2	26815	C	18685
NC_045512.2	26816	T	18405
NC_045512.2	26817	T	17195
NC_045512.2	26818	C	18933
NC_045512.2	26819	T	18119
NC_045512.2	26820	T	17910
NC_045512.2	26821	T	18077
NC_045512.2	26822	C	18106
NC_045512.2	26823	A	17962
NC_045512.2	26824	G	17967
NC_045512.2	26825	A	17857
NC_045512.2	26826	C	17918
NC_045512.2	26827	T	17651
NC_045512.2	26828	G	18436
NC_045512.2	26829	T	14474
NC_045512.2	26830	T	18432
NC_045512.2	26831	T	18217
NC_045512.2	26832	G	18512
NC_045512.2	26833	C	18397
NC_045512.2	26834	G	18391
NC_045512.2	26835	C	18279
NC_045512.2	26836	G	18272
NC_045512.2	26837	T	17591
NC_045512.2	26838	A	17304
NC_045512.2	26839	C	17505
NC_045512.2	26840	G	17440
NC_045512.2	26841	C	17596
NC_045512.2	26842	G	17632
NC_045512.2	26843	T	17612
NC_045512.2	26844	T	17981
NC_045512.2	26845	C	18016
NC_045512.2	26846	C	17790
NC_045512.2	26847	A	17801
NC_045512.2	26848	T	17756
NC_045512.2	26849	G	17953
NC_045512.2	26850	T	17450
NC_045512.2	26851	G	17452
NC_045512.2	26852	G	17451
NC_045512.2	26853	T	17806
NC_045512.2	26854	C	17928
NC_045512.2	26855	A	18074
NC_045512.2	26856	T	18208
NC_045512.2	26857	T	18513
NC_045512.2	26858	C	18297
NC_045512.2	26859	A	18417
NC_045512.2	26860	A	18639
NC_045512.2	26861	T	18734
NC_045512.2	26862	C	18774
NC_045512.2	26863	C	18660
NC_045512.2	26864	A	18297
NC_045512.2	26865	G	18354
NC_045512.2	26866	A	20023
NC_045512.2	26867	A	20303
NC_045512.2	26868	A	20264
NC_045512.2	26869	C	20486
NC_045512.2	26870	T	20018
NC_045512.2	26871	A	20233
NC_045512.2	26872	A	20651
NC_045512.2	26873	C	20779
NC_045512.2	26874	A	20900
NC_045512.2	26875	T	20912
NC_045512.2	26876	T	19637
NC_045512.2	26877	C	20994
NC_045512.2	26878	T	17993
NC_045512.2	26879	T	15578
NC_045512.2	26880	C	17950
NC_045512.2	26881	T	17767
NC_045512.2	26882	C	18154
NC_045512.2	26883	A	17793
NC_045512.2	26884	A	18151
NC_045512.2	26885	C	18667
NC_045512.2	26886	G	18666
NC_045512.2	26887	T	17906
NC_045512.2	26888	G	17248
NC_045512.2	26889	C	17983
NC_045512.2	26890	C	17983
NC_045512.2	26891	A	17723
NC_045512.2	26892	C	18151
NC_045512.2	26893	T	18025
NC_045512.2	26894	C	18223
NC_045512.2	26895	C	17691
NC_045512.2	26896	A	17367
NC_045512.2	26897	T	17359
NC_045512.2	26898	G	17472
NC_045512.2	26899	G	17941
NC_045512.2	26900	C	17981
NC_045512.2	26901	A	17273
NC_045512.2	26902	C	17780
NC_045512.2	26903	T	16466
NC_045512.2	26904	A	17764
NC_045512.2	26905	T	17999
NC_045512.2	26906	T	17480
NC_045512.2	26907	C	17973
NC_045512.2	26908	T	15957
NC_045512.2	26909	G	16439
NC_045512.2	26910	A	16350
NC_045512.2	26911	C	16409
NC_045512.2	26912	C	16241
NC_045512.2	26913	A	13947
NC_045512.2	26914	G	14008
NC_045512.2	26915	A	13831
NC_045512.2	26916	C	13949
NC_045512.2	26917	C	13870
NC_045512.2	26918	G	13568
NC_045512.2	26919	C	13726
NC_045512.2	26920	T	13708
NC_045512.2	26921	T	12994
NC_045512.2	26922	C	13731
NC_045512.2	26923	T	13586
NC_045512.2	26924	A	13590
NC_045512.2	26925	G	13647
NC_045512.2	26926	A	13010
NC_045512.2	26927	A	13478
NC_045512.2	26928	A	12708
NC_045512.2	26929	G	12777
NC_045512.2	26930	T	12540
NC_045512.2	26931	G	12557
NC_045512.2	26932	A	12328
NC_045512.2	26933	A	12390
NC_045512.2	26934	C	12608
NC_045512.2	26935	T	12057
NC_045512.2	26936	C	12563
NC_045512.2	26937	G	12540
NC_045512.2	26938	T	12258
NC_045512.2	26939	A	12447
NC_045512.2	26940	A	12381
NC_045512.2	26941	T	12417
NC_045512.2	26942	C	12441
NC_045512.2	26943	G	12013
NC_045512.2	26944	G	12026
NC_045512.2	26945	A	11887
NC_045512.2	26946	G	11962
NC_045512.2	26947	C	12025
NC_045512.2	26948	T	11737
NC_045512.2	26949	G	11969
NC_045512.2	26950	T	11819
NC_045512.2	26951	G	11905
NC_045512.2	26952	A	11758
NC_045512.2	26953	T	10964
NC_045512.2	26954	C	10991
NC_045512.2	26955	C	10644
NC_045512.2	26956	T	9978
NC_045512.2	26957	T	9948
NC_045512.2	26958	C	9364
NC_045512.2	26959	G	9343
NC_045512.2	26960	T	8998
NC_045512.2	26961	G	9136
NC_045512.2	26962	G	9164
NC_045512.2	26963	A	8914
NC_045512.2	26964	C	8832
NC_045512.2	26965	A	6085
NC_045512.2	26966	T	6004
NC_045512.2	26967	C	6212
NC_045512.2	26968	T	5635
NC_045512.2	26969	T	5704
NC_045512.2	26970	C	5613
NC_045512.2	26971	G	5452
NC_045512.2	26972	T	5236
NC_045512.2	26973	A	4998
NC_045512.2	26974	T	5002
NC_045512.2	26975	T	4402
NC_045512.2	26976	G	4432
NC_045512.2	26977	C	4393
NC_045512.2	26978	T	4234
NC_045512.2	26979	G	4226
NC_045512.2	26980	G	4154
NC_045512.2	26981	A	4131
NC_045512.2	26982	C	4107
NC_045512.2	26983	A	3644
NC_045512.2	26984	C	3681
NC_045512.2	26985	C	2975
NC_045512.2	26986	A	3399
NC_045512.2	26987	T	3118
NC_045512.2	26988	C	3157
NC_045512.2	26989	T	3153
NC_045512.2	26990	A	3080
NC_045512.2	26991	G	3175
NC_045512.2	26992	G	3132
NC_045512.2	26993	A	3030
NC_045512.2	26994	C	2871
NC_045512.2	26995	G	2866
NC_045512.2	26996	C	2531
NC_045512.2	26997	T	2530
NC_045512.2	26998	G	2540
NC_045512.2	26999	T	2464
NC_045512.2	27000	G	2552
NC_045512.2	27001	A	2495
NC_045512.2	27002	C	2381
NC_045512.2	27003	A	2356
NC_045512.2	27004	T	2421
NC_045512.2	27005	C	1995
NC_045512.2	27006	A	1980
NC_045512.2	27007	A	1917
NC_045512.2	27008	G	1992
NC_045512.2	27009	G	2013
NC_045512.2	27010	A	2017
NC_045512.2	27011	C	2017
NC_045512.2	27012	C	2016
NC_045512.2	27013	T	2071
NC_045512.2	27014	G	2146
NC_045512.2	27015	C	2158
NC_045512.2	27016	C	2194
NC_045512.2	27017	T	2195
NC_045512.2	27018	A	2184
NC_045512.2	27019	A	2188
NC_045512.2	27020	A	2084
NC_045512.2	27021	G	2107
NC_045512.2	27022	A	1924
NC_045512.2	27023	A	2077
NC_045512.2	27024	A	2156
NC_045512.2	27025	T	2122
NC_045512.2	27026	C	2163
NC_045512.2	27027	A	2119
NC_045512.2	27028	C	2176
NC_045512.2	27029	T	2155
NC_045512.2	27030	G	2217
NC_045512.2	27031	T	2205
NC_045512.2	27032	T	2182
NC_045512.2	27033	G	2246
NC_045512.2	27034	C	2207
NC_045512.2	27035	T	2204
NC_045512.2	27036	A	2178
NC_045512.2	27037	C	2219
NC_045512.2	27038	A	2171
NC_045512.2	27039	T	2201
NC_045512.2	27040	C	2211
NC_045512.2	27041	A	2202
NC_045512.2	27042	C	2201
NC_045512.2	27043	G	2188
NC_045512.2	27044	A	2200
NC_045512.2	27045	A	1992
NC_045512.2	27046	C	2194
NC_045512.2	27047	G	2203
NC_045512.2	27048	C	2102
NC_045512.2	27049	T	2066
NC_045512.2	27050	T	2100
NC_045512.2	27051	T	1999
NC_045512.2	27052	C	2151
NC_045512.2	27053	T	2151
NC_045512.2	27054	T	1933
NC_045512.2	27055	A	2265
NC_045512.2	27056	T	2316
NC_045512.2	27057	T	2349
NC_045512.2	27058	A	2283
NC_045512.2	27059	C	2365
NC_045512.2	27060	A	2390
NC_045512.2	27061	A	2408
NC_045512.2	27062	A	2154
NC_045512.2	27063	T	2430
NC_045512.2	27064	T	2444
NC_045512.2	27065	G	2461
NC_045512.2	27066	G	2460
NC_045512.2	27067	G	2438
NC_045512.2	27068	A	2440
NC_045512.2	27069	G	2446
NC_045512.2	27070	C	2462
NC_045512.2	27071	T	2453
NC_045512.2	27072	T	2481
NC_045512.2	27073	C	2494
NC_045512.2	27074	G	2480
NC_045512.2	27075	C	2464
NC_045512.2	27076	A	2430
NC_045512.2	27077	G	2410
NC_045512.2	27078	C	2517
NC_045512.2	27079	G	2612
NC_045512.2	27080	T	2562
NC_045512.2	27081	G	2584
NC_045512.2	27082	T	2586
NC_045512.2	27083	A	2589
NC_045512.2	27084	G	2605
NC_045512.2	27085	C	2560
NC_045512.2	27086	A	2429
NC_045512.2	27087	G	2295
NC_045512.2	27088	G	2309
NC_045512.2	27089	T	2296
NC_045512.2	27090	G	2336
NC_045512.2	27091	A	2324
NC_045512.2	27092	C	2373
NC_045512.2	27093	T	2368
NC_045512.2	27094	C	2343
NC_045512.2	27095	A	2324
NC_045512.2	27096	G	2348
NC_045512.2	27097	G	2486
NC_045512.2	27098	T	2496
NC_045512.2	27099	T	2621
NC_045512.2	27100	T	2691
NC_045512.2	27101	T	2688
NC_045512.2	27102	G	2717
NC_045512.2	27103	C	2694
NC_045512.2	27104	T	2721
NC_045512.2	27105	G	2746
NC_045512.2	27106	C	2754
NC_045512.2	27107	A	2795
NC_045512.2	27108	T	2771
NC_045512.2	27109	A	2767
NC_045512.2	27110	C	2775
NC_045512.2	27111	A	2688
NC_045512.2	27112	G	2706
NC_045512.2	27113	T	2783
NC_045512.2	27114	C	2691
NC_045512.2	27115	G	2674
NC_045512.2	27116	C	2691
NC_045512.2	27117	T	2669
NC_045512.2	27118	A	2527
NC_045512.2	27119	C	2629
NC_045512.2	27120	A	2656
NC_045512.2	27121	G	2603
NC_045512.2	27122	G	2718
NC_045512.2	27123	A	2618
NC_045512.2	27124	T	2693
NC_045512.2	27125	T	2601
NC_045512.2	27126	G	2552
NC_045512.2	27127	G	2613
NC_045512.2	27128	C	2658
NC_045512.2	27129	A	2615
NC_045512.2	27130	A	2674
NC_045512.2	27131	C	2703
NC_045512.2	27132	T	2615
NC_045512.2	27133	A	2814
NC_045512.2	27134	T	2851
NC_045512.2	27135	A	2801
NC_045512.2	27136	A	2923
NC_045512.2	27137	A	2920
NC_045512.2	27138	T	3307
NC_045512.2	27139	T	3285
NC_045512.2	27140	A	3344
NC_045512.2	27141	A	3294
NC_045512.2	27142	A	3352
NC_045512.2	27143	C	3449
NC_045512.2	27144	A	3374
NC_045512.2	27145	C	3406
NC_045512.2	27146	A	3316
NC_045512.2	27147	G	3349
NC_045512.2	27148	A	3319
NC_045512.2	27149	C	3364
NC_045512.2	27150	C	3359
NC_045512.2	27151	A	3254
NC_045512.2	27152	T	3224
NC_045512.2	27153	T	3247
NC_045512.2	27154	C	3319
NC_045512.2	27155	C	3309
NC_045512.2	27156	A	3078
NC_045512.2	27157	G	3074
NC_045512.2	27158	T	2947
NC_045512.2	27159	A	3026
NC_045512.2	27160	G	3035
NC_045512.2	27161	C	2979
NC_045512.2	27162	A	2879
NC_045512.2	27163	G	2978
NC_045512.2	27164	T	2948
NC_045512.2	27165	G	2963
NC_045512.2	27166	A	2917
NC_045512.2	27167	C	3053
NC_045512.2	27168	A	2990
NC_045512.2	27169	A	3099
NC_045512.2	27170	T	2730
NC_045512.2	27171	A	3066
NC_045512.2	27172	T	3005
NC_045512.2	27173	T	3003
NC_045512.2	27174	G	3056
NC_045512.2	27175	C	3079
NC_045512.2	27176	T	2934
NC_045512.2	27177	T	2966
NC_045512.2	27178	T	2919
NC_045512.2	27179	G	2967
NC_045512.2	27180	C	2994
NC_045512.2	27181	T	2991
NC_045512.2	27182	T	2993
NC_045512.2	27183	G	2999
NC_045512.2	27184	T	3009
NC_045512.2	27185	A	2990
NC_045512.2	27186	C	3005
NC_045512.2	27187	A	2895
NC_045512.2	27188	G	2955
NC_045512.2	27189	T	2800
NC_045512.2	27190	A	2836
NC_045512.2	27191	A	2856
NC_045512.2	27192	G	2838
NC_045512.2	27193	T	2712
NC_045512.2	27194	G	2803
NC_045512.2	27195	A	2742
NC_045512.2	27196	C	2748
NC_045512.2	27197	A	2558
NC_045512.2	27198	A	2563
NC_045512.2	27199	C	2571
NC_045512.2	27200	A	2306
NC_045512.2	27201	G	2336
NC_045512.2	27202	A	2305
NC_045512.2	27203	T	2247
NC_045512.2	27204	G	2300
NC_045512.2	27205	T	2214
NC_045512.2	27206	T	2228
NC_045512.2	27207	T	2167
NC_045512.2	27208	C	2177
NC_045512.2	27209	A	2140
NC_045512.2	27210	T	1912
NC_045512.2	27211	C	2141
NC_045512.2	27212	T	2061
NC_045512.2	27213	C	2037
NC_045512.2	27214	G	2030
NC_045512.2	27215	T	1706
NC_045512.2	27216	T	2004
NC_045512.2	27217	G	2031
NC_045512.2	27218	A	2014
NC_045512.2	27219	C	2021
NC_045512.2	27220	T	2004
NC_045512.2	27221	T	1991
NC_045512.2	27222	T	1953
NC_045512.2	27223	C	1936
NC_045512.2	27224	A	1908
NC_045512.2	27225	G	1937
NC_045512.2	27226	G	1937
NC_045512.2	27227	T	1861
NC_045512.2	27228	T	1824
NC_045512.2	27229	A	1769
NC_045512.2	27230	C	1809
NC_045512.2	27231	T	1825
NC_045512.2	27232	A	1858
NC_045512.2	27233	T	1872
NC_045512.2	27234	A	1662
NC_045512.2	27235	G	1688
NC_045512.2	27236	C	1679
NC_045512.2	27237	A	1562
NC_045512.2	27238	G	1564
NC_045512.2	27239	A	1029
NC_045512.2	27240	G	1048
NC_045512.2	27241	A	870
NC_045512.2	27242	T	979
NC_045512.2	27243	A	876
NC_045512.2	27244	T	897
NC_045512.2	27245	T	886
NC_045512.2	27246	A	903
NC_045512.2	27247	C	910
NC_045512.2	27248	T	907
NC_045512.2	27249	A	966
NC_045512.2	27250	A	944
NC_045512.2	27251	T	972
NC_045512.2	27252	T	934
NC_045512.2	27253	A	982
NC_045512.2	27254	T	975
NC_045512.2	27255	T	973
NC_045512.2	27256	A	983
NC_045512.2	27257	T	979
NC_045512.2	27258	G	977
NC_045512.2	27259	A	967
NC_045512.2	27260	G	975
NC_045512.2	27261	G	962
NC_045512.2	27262	A	946
NC_045512.2	27263	C	960
NC_045512.2	27264	T	955
NC_045512.2	27265	T	942
NC_045512.2	27266	T	955
NC_045512.2	27267	T	945
NC_045512.2	27268	A	894
NC_045512.2	27269	A	885
NC_045512.2	27270	A	842
NC_045512.2	27271	G	847
NC_045512.2	27272	T	796
NC_045512.2	27273	T	803
NC_045512.2	27274	T	801
NC_045512.2	27275	C	782
NC_045512.2	27276	C	784
NC_045512.2	27277	A	763
NC_045512.2	27278	T	768
NC_045512.2	27279	T	749
NC_045512.2	27280	T	717
NC_045512.2	27281	G	708
NC_045512.2	27282	G	719
NC_045512.2	27283	A	715
NC_045512.2	27284	A	703
NC_045512.2	27285	T	680
NC_045512.2	27286	C	700
NC_045512.2	27287	T	700
NC_045512.2	27288	T	695
NC_045512.2	27289	G	658
NC_045512.2	27290	A	648
NC_045512.2	27291	T	655
NC_045512.2	27292	T	644
NC_045512.2	27293	A	597
NC_045512.2	27294	C	615
NC_045512.2	27295	A	635
NC_045512.2	27296	T	676
NC_045512.2	27297	C	664
NC_045512.2	27298	A	673
NC_045512.2	27299	T	672
NC_045512.2	27300	A	654
NC_045512.2	27301	A	656
NC_045512.2	27302	A	486
NC_045512.2	27303	C	676
NC_045512.2	27304	C	673
NC_045512.2	27305	T	674
NC_045512.2	27306	C	678
NC_045512.2	27307	A	685
NC_045512.2	27308	T	683
NC_045512.2	27309	A	696
NC_045512.2	27310	A	700
NC_045512.2	27311	T	719
NC_045512.2	27312	T	713
NC_045512.2	27313	A	709
NC_045512.2	27314	A	678
NC_045512.2	27315	A	718
NC_045512.2	27316	A	716
NC_045512.2	27317	A	714
NC_045512.2	27318	T	721
NC_045512.2	27319	T	706
NC_045512.2	27320	T	697
NC_045512.2	27321	A	721
NC_045512.2	27322	T	707
NC_045512.2	27323	C	711
NC_045512.2	27324	T	717
NC_045512.2	27325	A	720
NC_045512.2	27326	A	695
NC_045512.2	27327	G	721
NC_045512.2	27328	T	707
NC_045512.2	27329	C	737
NC_045512.2	27330	A	734
NC_045512.2	27331	C	662
NC_045512.2	27332	T	622
NC_045512.2	27333	A	649
NC_045512.2	27334	A	655
NC_045512.2	27335	C	647
NC_045512.2	27336	T	599
NC_045512.2	27337	G	620
NC_045512.2	27338	A	611
NC_045512.2	27339	G	634
NC_045512.2	27340	A	588
NC_045512.2	27341	A	605
NC_045512.2	27342	T	628
NC_045512.2	27343	A	575
NC_045512.2	27344	A	606
NC_045512.2	27345	A	613
NC_045512.2	27346	T	503
NC_045512.2	27347	A	464
NC_045512.2	27348	T	504
NC_045512.2	27349	T	464
NC_045512.2	27350	C	477
NC_045512.2	27351	T	474
NC_045512.2	27352	C	504
NC_045512.2	27353	A	496
NC_045512.2	27354	A	504
NC_045512.2	27355	T	514
NC_045512.2	27356	T	518
NC_045512.2	27357	A	517
NC_045512.2	27358	G	539
NC_045512.2	27359	A	549
NC_045512.2	27360	T	582
NC_045512.2	27361	G	582
NC_045512.2	27362	A	579
NC_045512.2	27363	A	587
NC_045512.2	27364	G	579
NC_045512.2	27365	A	567
NC_045512.2	27366	G	585
NC_045512.2	27367	C	603
NC_045512.2	27368	A	610
NC_045512.2	27369	A	644
NC_045512.2	27370	C	671
NC_045512.2	27371	C	671
NC_045512.2	27372	A	673
NC_045512.2	27373	A	655
NC_045512.2	27374	T	665
NC_045512.2	27375	G	679
NC_045512.2	27376	G	674
NC_045512.2	27377	A	677
NC_045512.2	27378	G	676
NC_045512.2	27379	A	652
NC_045512.2	27380	T	671
NC_045512.2	27381	T	588
NC_045512.2	27382	G	600
NC_045512.2	27383	A	541
NC_045512.2	27384	T	602
NC_045512.2	27385	T	651
NC_045512.2	27386	A	655
NC_045512.2	27387	A	646
NC_045512.2	27388	A	636
NC_045512.2	27389	C	651
NC_045512.2	27390	G	683
NC_045512.2	27391	A	678
NC_045512.2	27392	A	678
NC_045512.2	27393	C	690
NC_045512.2	27394	A	684
NC_045512.2	27395	T	673
NC_045512.2	27396	G	686
NC_045512.2	27397	A	669
NC_045512.2	27398	A	672
NC_045512.2	27399	A	676
NC_045512.2	27400	A	688
NC_045512.2	27401	T	684
NC_045512.2	27402	T	651
NC_045512.2	27403	A	685
NC_045512.2	27404	T	695
NC_045512.2	27405	T	681
NC_045512.2	27406	C	700
NC_045512.2	27407	T	695
NC_045512.2	27408	T	728
NC_045512.2	27409	T	715
NC_045512.2	27410	T	678
NC_045512.2	27411	C	722
NC_045512.2	27412	T	652
NC_045512.2	27413	T	747
NC_045512.2	27414	G	758
NC_045512.2	27415	G	784
NC_045512.2	27416	C	794
NC_045512.2	27417	A	789
NC_045512.2	27418	C	800
NC_045512.2	27419	T	796
NC_045512.2	27420	G	819
NC_045512.2	27421	A	824
NC_045512.2	27422	T	788
NC_045512.2	27423	A	811
NC_045512.2	27424	A	823
NC_045512.2	27425	C	835
NC_045512.2	27426	A	815
NC_045512.2	27427	C	824
NC_045512.2	27428	T	796
NC_045512.2	27429	C	802
NC_045512.2	27430	G	785
NC_045512.2	27431	C	801
NC_045512.2	27432	T	794
NC_045512.2	27433	A	788
NC_045512.2	27434	C	808
NC_045512.2	27435	T	804
NC_045512.2	27436	T	859
NC_045512.2	27437	G	864
NC_045512.2	27438	T	869
NC_045512.2	27439	G	875
NC_045512.2	27440	A	857
NC_045512.2	27441	G	856
NC_045512.2	27442	C	890
NC_045512.2	27443	T	875
NC_045512.2	27444	T	936
NC_045512.2	27445	T	845
NC_045512.2	27446	A	940
NC_045512.2	27447	T	933
NC_045512.2	27448	C	942
NC_045512.2	27449	A	915
NC_045512.2	27450	C	939
NC_045512.2	27451	T	913
NC_045512.2	27452	A	920
NC_045512.2	27453	C	918
NC_045512.2	27454	C	923
NC_045512.2	27455	A	915
NC_045512.2	27456	A	937
NC_045512.2	27457	G	1047
NC_045512.2	27458	A	1022
NC_045512.2	27459	G	1129
NC_045512.2	27460	T	1079
NC_045512.2	27461	G	1385
NC_045512.2	27462	T	1371
NC_045512.2	27463	G	1475
NC_045512.2	27464	T	1359
NC_045512.2	27465	T	1470
NC_045512.2	27466	A	1446
NC_045512.2	27467	G	1493
NC_045512.2	27468	A	1622
NC_045512.2	27469	G	1764
NC_045512.2	27470	G	1828
NC_045512.2	27471	T	1787
NC_045512.2	27472	A	1783
NC_045512.2	27473	C	1848
NC_045512.2	27474	A	1826
NC_045512.2	27475	A	1855
NC_045512.2	27476	C	1863
NC_045512.2	27477	A	1757
NC_045512.2	27478	G	1813
NC_045512.2	27479	T	1772
NC_045512.2	27480	A	1640
NC_045512.2	27481	C	1806
NC_045512.2	27482	T	1792
NC_045512.2	27483	T	1761
NC_045512.2	27484	T	1776
NC_045512.2	27485	T	1787
NC_045512.2	27486	A	1798
NC_045512.2	27487	A	1778
NC_045512.2	27488	A	1779
NC_045512.2	27489	A	1800
NC_045512.2	27490	G	1805
NC_045512.2	27491	A	1723
NC_045512.2	27492	A	1837
NC_045512.2	27493	C	2009
NC_045512.2	27494	C	2008
NC_045512.2	27495	T	2007
NC_045512.2	27496	T	2004
NC_045512.2	27497	G	2017
NC_045512.2	27498	C	2015
NC_045512.2	27499	T	1981
NC_045512.2	27500	C	2123
NC_045512.2	27501	T	2114
NC_045512.2	27502	T	2028
NC_045512.2	27503	C	2127
NC_045512.2	27504	T	2116
NC_045512.2	27505	G	2139
NC_045512.2	27506	G	2176
NC_045512.2	27507	A	2175
NC_045512.2	27508	A	2180
NC_045512.2	27509	C	2136
NC_045512.2	27510	A	2151
NC_045512.2	27511	T	2198
NC_045512.2	27512	A	2184
NC_045512.2	27513	C	2206
NC_045512.2	27514	G	2090
NC_045512.2	27515	A	2035
NC_045512.2	27516	G	2059
NC_045512.2	27517	G	2060
NC_045512.2	27518	G	2055
NC_045512.2	27519	C	2061
NC_045512.2	27520	A	2039
NC_045512.2	27521	A	2057
NC_045512.2	27522	T	2096
NC_045512.2	27523	T	2097
NC_045512.2	27524	C	2113
NC_045512.2	27525	A	2070
NC_045512.2	27526	C	2110
NC_045512.2	27527	C	2087
NC_045512.2	27528	A	2073
NC_045512.2	27529	T	2088
NC_045512.2	27530	T	2035
NC_045512.2	27531	T	2070
NC_045512.2	27532	C	2082
NC_045512.2	27533	A	2049
NC_045512.2	27534	T	2058
NC_045512.2	27535	C	2062
NC_045512.2	27536	C	2057
NC_045512.2	27537	T	1946
NC_045512.2	27538	C	1973
NC_045512.2	27539	T	1950
NC_045512.2	27540	A	1929
NC_045512.2	27541	G	1945
NC_045512.2	27542	C	1929
NC_045512.2	27543	T	1899
NC_045512.2	27544	G	1888
NC_045512.2	27545	A	1788
NC_045512.2	27546	T	1787
NC_045512.2	27547	A	1695
NC_045512.2	27548	A	1749
NC_045512.2	27549	C	1785
NC_045512.2	27550	A	1703
NC_045512.2	27551	A	1757
NC_045512.2	27552	A	1577
NC_045512.2	27553	T	1737
NC_045512.2	27554	T	1688
NC_045512.2	27555	T	1669
NC_045512.2	27556	G	1731
NC_045512.2	27557	C	1669
NC_045512.2	27558	A	1669
NC_045512.2	27559	C	1441
NC_045512.2	27560	T	1406
NC_045512.2	27561	G	1429
NC_045512.2	27562	A	1436
NC_045512.2	27563	C	1642
NC_045512.2	27564	T	1629
NC_045512.2	27565	T	1616
NC_045512.2	27566	G	1654
NC_045512.2	27567	C	1512
NC_045512.2	27568	T	1527
NC_045512.2	27569	T	1507
NC_045512.2	27570	T	1440
NC_045512.2	27571	A	1379
NC_045512.2	27572	G	1399
NC_045512.2	27573	C	1372
NC_045512.2	27574	A	1338
NC_045512.2	27575	C	1350
NC_045512.2	27576	T	1334
NC_045512.2	27577	C	1372
NC_045512.2	27578	A	1309
NC_045512.2	27579	A	1354
NC_045512.2	27580	T	1258
NC_045512.2	27581	T	1286
NC_045512.2	27582	T	1266
NC_045512.2	27583	G	1327
NC_045512.2	27584	C	1333
NC_045512.2	27585	T	1324
NC_045512.2	27586	T	1330
NC_045512.2	27587	T	1348
NC_045512.2	27588	T	1385
NC_045512.2	27589	G	1394
NC_045512.2	27590	C	1378
NC_045512.2	27591	T	1384
NC_045512.2	27592	T	1400
NC_045512.2	27593	G	1418
NC_045512.2	27594	T	1320
NC_045512.2	27595	C	1319
NC_045512.2	27596	C	1315
NC_045512.2	27597	T	1290
NC_045512.2	27598	G	1321
NC_045512.2	27599	A	1232
NC_045512.2	27600	C	1256
NC_045512.2	27601	G	1254
NC_045512.2	27602	G	1298
NC_045512.2	27603	C	1301
NC_045512.2	27604	G	1304
NC_045512.2	27605	T	1323
NC_045512.2	27606	A	1327
NC_045512.2	27607	A	1302
NC_045512.2	27608	A	1131
NC_045512.2	27609	A	1314
NC_045512.2	27610	C	1305
NC_045512.2	27611	A	1264
NC_045512.2	27612	C	1242
NC_045512.2	27613	G	1249
NC_045512.2	27614	T	1192
NC_045512.2	27615	C	1291
NC_045512.2	27616	T	1249
NC_045512.2	27617	A	1310
NC_045512.2	27618	T	1325
NC_045512.2	27619	C	1315
NC_045512.2	27620	A	1293
NC_045512.2	27621	G	1431
NC_045512.2	27622	T	1421
NC_045512.2	27623	T	1411
NC_045512.2	27624	A	1424
NC_045512.2	27625	C	1455
NC_045512.2	27626	G	1464
NC_045512.2	27627	T	1547
NC_045512.2	27628	G	1564
NC_045512.2	27629	C	1559
NC_045512.2	27630	C	1478
NC_045512.2	27631	A	1464
NC_045512.2	27632	G	1483
NC_045512.2	27633	A	1410
NC_045512.2	27634	T	1514
NC_045512.2	27635	C	1514
NC_045512.2	27636	A	1490
NC_045512.2	27637	G	1559
NC_045512.2	27638	T	1572
NC_045512.2	27639	T	1584
NC_045512.2	27640	T	1589
NC_045512.2	27641	C	1674
NC_045512.2	27642	A	1657
NC_045512.2	27643	C	1677
NC_045512.2	27644	C	1678
NC_045512.2	27645	T	1609
NC_045512.2	27646	A	1651
NC_045512.2	27647	A	1639
NC_045512.2	27648	A	1527
NC_045512.2	27649	C	1646
NC_045512.2	27650	T	1528
NC_045512.2	27651	G	1630
NC_045512.2	27652	T	1685
NC_045512.2	27653	T	1673
NC_045512.2	27654	C	1696
NC_045512.2	27655	A	1594
NC_045512.2	27656	T	1693
NC_045512.2	27657	C	1674
NC_045512.2	27658	A	1642
NC_045512.2	27659	G	1679
NC_045512.2	27660	A	1674
NC_045512.2	27661	C	1605
NC_045512.2	27662	A	1612
NC_045512.2	27663	A	1612
NC_045512.2	27664	G	1627
NC_045512.2	27665	A	1537
NC_045512.2	27666	G	1615
NC_045512.2	27667	G	1625
NC_045512.2	27668	A	1555
NC_045512.2	27669	A	1584
NC_045512.2	27670	G	1598
NC_045512.2	27671	T	1579
NC_045512.2	27672	T	1593
NC_045512.2	27673	C	1594
NC_045512.2	27674	A	1575
NC_045512.2	27675	A	1584
NC_045512.2	27676	G	1593
NC_045512.2	27677	A	1469
NC_045512.2	27678	A	1614
NC_045512.2	27679	C	1647
NC_045512.2	27680	T	1538
NC_045512.2	27681	T	1600
NC_045512.2	27682	T	1613
NC_045512.2	27683	A	1625
NC_045512.2	27684	C	1611
NC_045512.2	27685	T	1547
NC_045512.2	27686	C	1607
NC_045512.2	27687	T	1609
NC_045512.2	27688	C	1589
NC_045512.2	27689	C	1592
NC_045512.2	27690	A	1583
NC_045512.2	27691	A	1605
NC_045512.2	27692	T	1599
NC_045512.2	27693	T	1570
NC_045512.2	27694	T	1548
NC_045512.2	27695	T	1580
NC_045512.2	27696	T	1523
NC_045512.2	27697	C	1586
NC_045512.2	27698	T	1560
NC_045512.2	27699	T	1499
NC_045512.2	27700	A	1639
NC_045512.2	27701	T	1637
NC_045512.2	27702	T	1578
NC_045512.2	27703	G	1653
NC_045512.2	27704	T	1632
NC_045512.2	27705	T	1583
NC_045512.2	27706	G	1598
NC_045512.2	27707	C	1796
NC_045512.2	27708	G	1807
NC_045512.2	27709	G	2310
NC_045512.2	27710	C	2405
NC_045512.2	27711	A	2422
NC_045512.2	27712	A	2753
NC_045512.2	27713	T	2705
NC_045512.2	27714	A	2600
NC_045512.2	27715	G	2937
NC_045512.2	27716	T	2916
NC_045512.2	27717	G	3808
NC_045512.2	27718	T	3517
NC_045512.2	27719	T	4636
NC_045512.2	27720	T	4545
NC_045512.2	27721	A	4667
NC_045512.2	27722	T	4610
NC_045512.2	27723	A	4501
NC_045512.2	27724	A	4790
NC_045512.2	27725	C	4882
NC_045512.2	27726	A	4741
NC_045512.2	27727	C	4918
NC_045512.2	27728	T	4784
NC_045512.2	27729	T	5182
NC_045512.2	27730	T	5092
NC_045512.2	27731	G	5524
NC_045512.2	27732	C	5517
NC_045512.2	27733	T	5474
NC_045512.2	27734	T	5484
NC_045512.2	27735	C	5572
NC_045512.2	27736	A	5637
NC_045512.2	27737	C	5681
NC_045512.2	27738	A	5656
NC_045512.2	27739	C	5837
NC_045512.2	27740	T	5772
NC_045512.2	27741	C	5844
NC_045512.2	27742	A	5857
NC_045512.2	27743	A	6131
NC_045512.2	27744	A	6062
NC_045512.2	27745	A	6197
NC_045512.2	27746	G	6196
NC_045512.2	27747	A	5858
NC_045512.2	27748	A	6189
NC_045512.2	27749	A	6154
NC_045512.2	27750	G	6362
NC_045512.2	27751	A	5812
NC_045512.2	27752	C	6401
NC_045512.2	27753	A	6191
NC_045512.2	27754	G	6464
NC_045512.2	27755	A	6455
NC_045512.2	27756	A	6390
NC_045512.2	27757	T	6414
NC_045512.2	27758	G	6625
NC_045512.2	27759	A	6517
NC_045512.2	27760	T	6607
NC_045512.2	27761	T	6537
NC_045512.2	27762	G	6651
NC_045512.2	27763	A	6554
NC_045512.2	27764	A	6558
NC_045512.2	27765	C	6662
NC_045512.2	27766	T	6639
NC_045512.2	27767	T	6656
NC_045512.2	27768	T	6655
NC_045512.2	27769	C	6765
NC_045512.2	27770	A	6665
NC_045512.2	27771	T	6707
NC_045512.2	27772	T	6752
NC_045512.2	27773	A	6541
NC_045512.2	27774	A	6348
NC_045512.2	27775	T	6796
NC_045512.2	27776	T	6736
NC_045512.2	27777	G	6822
NC_045512.2	27778	A	6769
NC_045512.2	27779	C	6914
NC_045512.2	27780	T	6892
NC_045512.2	27781	T	6793
NC_045512.2	27782	C	7041
NC_045512.2	27783	T	6922
NC_045512.2	27784	A	6981
NC_045512.2	27785	T	6789
NC_045512.2	27786	T	7018
NC_045512.2	27787	T	6922
NC_045512.2	27788	G	7040
NC_045512.2	27789	T	6950
NC_045512.2	27790	G	7030
NC_045512.2	27791	C	7066
NC_045512.2	27792	T	7139
NC_045512.2	27793	T	7145
NC_045512.2	27794	T	7160
NC_045512.2	27795	T	7157
NC_045512.2	27796	T	7138
NC_045512.2	27797	A	7005
NC_045512.2	27798	G	7282
NC_045512.2	27799	C	7221
NC_045512.2	27800	C	7227
NC_045512.2	27801	T	7179
NC_045512.2	27802	T	7114
NC_045512.2	27803	T	7221
NC_045512.2	27804	C	7544
NC_045512.2	27805	T	7542
NC_045512.2	27806	G	7687
NC_045512.2	27807	C	7637
NC_045512.2	27808	T	7595
NC_045512.2	27809	A	7260
NC_045512.2	27810	T	7197
NC_045512.2	27811	T	7173
NC_045512.2	27812	C	6969
NC_045512.2	27813	C	6645
NC_045512.2	27814	T	6681
NC_045512.2	27815	T	6512
NC_045512.2	27816	G	6642
NC_045512.2	27817	T	6625
NC_045512.2	27818	T	5906
NC_045512.2	27819	T	5665
NC_045512.2	27820	T	5344
NC_045512.2	27821	A	5358
NC_045512.2	27822	A	5298
NC_045512.2	27823	T	5374
NC_045512.2	27824	T	5307
NC_045512.2	27825	A	5147
NC_045512.2	27826	T	5086
NC_045512.2	27827	G	5173
NC_045512.2	27828	C	5069
NC_045512.2	27829	T	5025
NC_045512.2	27830	T	4950
NC_045512.2	27831	A	5049
NC_045512.2	27832	T	4814
NC_045512.2	27833	T	4624
NC_045512.2	27834	A	4725
NC_045512.2	27835	T	4644
NC_045512.2	27836	C	4754
NC_045512.2	27837	T	4640
NC_045512.2	27838	T	4572
NC_045512.2	27839	T	4509
NC_045512.2	27840	T	4410
NC_045512.2	27841	G	4444
NC_045512.2	27842	G	4407
NC_045512.2	27843	T	4222
NC_045512.2	27844	T	3811
NC_045512.2	27845	C	4001
NC_045512.2	27846	T	3933
NC_045512.2	27847	C	3930
NC_045512.2	27848	A	3909
NC_045512.2	27849	C	3825
NC_045512.2	27850	T	3785
NC_045512.2	27851	T	3614
NC_045512.2	27852	G	3744
NC_045512.2	27853	A	3721
NC_045512.2	27854	A	3466
NC_045512.2	27855	C	3549
NC_045512.2	27856	T	3453
NC_045512.2	27857	G	3445
NC_045512.2	27858	C	3413
NC_045512.2	27859	A	3416
NC_045512.2	27860	A	3398
NC_045512.2	27861	G	3384
NC_045512.2	27862	A	2871
NC_045512.2	27863	T	3464
NC_045512.2	27864	C	3371
NC_045512.2	27865	A	4306
NC_045512.2	27866	T	4375
NC_045512.2	27867	A	4454
NC_045512.2	27868	A	4441
NC_045512.2	27869	T	4402
NC_045512.2	27870	G	4343
NC_045512.2	27871	A	4366
NC_045512.2	27872	A	4529
NC_045512.2	27873	A	4591
NC_045512.2	27874	C	4629
NC_045512.2	27875	T	4603
NC_045512.2	27876	T	4484
NC_045512.2	27877	G	4721
NC_045512.2	27878	T	4836
NC_045512.2	27879	C	4809
NC_045512.2	27880	A	4713
NC_045512.2	27881	C	4892
NC_045512.2	27882	G	4959
NC_045512.2	27883	C	5004
NC_045512.2	27884	C	4998
NC_045512.2	27885	T	4879
NC_045512.2	27886	A	4958
NC_045512.2	27887	A	4911
NC_045512.2	27888	A	4959
NC_045512.2	27889	C	5123
NC_045512.2	27890	G	5036
NC_045512.2	27891	A	5152
NC_045512.2	27892	A	5078
NC_045512.2	27893	C	5159
NC_045512.2	27894	A	4949
NC_045512.2	27895	T	5157
NC_045512.2	27896	G	5179
NC_045512.2	27897	A	5091
NC_045512.2	27898	A	5140
NC_045512.2	27899	A	5346
NC_045512.2	27900	T	5387
NC_045512.2	27901	T	5480
NC_045512.2	27902	T	5073
NC_045512.2	27903	C	5116
NC_045512.2	27904	T	5038
NC_045512.2	27905	T	5074
NC_045512.2	27906	G	5144
NC_045512.2	27907	T	5219
NC_045512.2	27908	T	5223
NC_045512.2	27909	T	5268
NC_045512.2	27910	T	4604
NC_045512.2	27911	C	5497
NC_045512.2	27912	T	5493
NC_045512.2	27913	T	5478
NC_045512.2	27914	A	5539
NC_045512.2	27915	G	5168
NC_045512.2	27916	G	5558
NC_045512.2	27917	A	5588
NC_045512.2	27918	A	5588
NC_045512.2	27919	T	5504
NC_045512.2	27920	C	5669
NC_045512.2	27921	A	5801
NC_045512.2	27922	T	5795
NC_045512.2	27923	C	5900
NC_045512.2	27924	A	5105
NC_045512.2	27925	C	5211
NC_045512.2	27926	A	5285
NC_045512.2	27927	A	5287
NC_045512.2	27928	C	5366
NC_045512.2	27929	T	5054
NC_045512.2	27930	G	5317
NC_045512.2	27931	T	5334
NC_045512.2	27932	A	5396
NC_045512.2	27933	G	5367
NC_045512.2	27934	C	5472
NC_045512.2	27935	T	5439
NC_045512.2	27936	G	5482
NC_045512.2	27937	C	5782
NC_045512.2	27938	A	5900
NC_045512.2	27939	T	5990
NC_045512.2	27940	T	5987
NC_045512.2	27941	T	5920
NC_045512.2	27942	C	6328
NC_045512.2	27943	A	6318
NC_045512.2	27944	C	6423
NC_045512.2	27945	C	6436
NC_045512.2	27946	A	6346
NC_045512.2	27947	A	6432
NC_045512.2	27948	G	6370
NC_045512.2	27949	A	6294
NC_045512.2	27950	A	6363
NC_045512.2	27951	T	6334
NC_045512.2	27952	G	6412
NC_045512.2	27953	T	6265
NC_045512.2	27954	A	6334
NC_045512.2	27955	G	6434
NC_045512.2	27956	T	3581
NC_045512.2	27957	T	6310
NC_045512.2	27958	T	6336
NC_045512.2	27959	A	6255
NC_045512.2	27960	C	6284
NC_045512.2	27961	A	6183
NC_045512.2	27962	G	6440
NC_045512.2	27963	T	6365
NC_045512.2	27964	C	6306
NC_045512.2	27965	A	6275
NC_045512.2	27966	T	6302
NC_045512.2	27967	G	6274
NC_045512.2	27968	T	6370
NC_045512.2	27969	A	6347
NC_045512.2	27970	C	6416
NC_045512.2	27971	T	6183
NC_045512.2	27972	C	6194
NC_045512.2	27973	A	6124
NC_045512.2	27974	A	6159
NC_045512.2	27975	C	6173
NC_045512.2	27976	A	6120
NC_045512.2	27977	T	6066
NC_045512.2	27978	C	5916
NC_045512.2	27979	A	5820
NC_045512.2	27980	A	5700
NC_045512.2	27981	C	6302
NC_045512.2	27982	C	6277
NC_045512.2	27983	A	6175
NC_045512.2	27984	T	6034
NC_045512.2	27985	A	6116
NC_045512.2	27986	T	6203
NC_045512.2	27987	G	6268
NC_045512.2	27988	T	6675
NC_045512.2	27989	A	6541
NC_045512.2	27990	G	6607
NC_045512.2	27991	T	5245
NC_045512.2	27992	T	6275
NC_045512.2	27993	G	6385
NC_045512.2	27994	A	6448
NC_045512.2	27995	T	6431
NC_045512.2	27996	G	6456
NC_045512.2	27997	A	6530
NC_045512.2	27998	C	6736
NC_045512.2	27999	C	6687
NC_045512.2	28000	C	6351
NC_045512.2	28001	G	6319
NC_045512.2	28002	T	6150
NC_045512.2	28003	G	6592
NC_045512.2	28004	T	6606
NC_045512.2	28005	C	6636
NC_045512.2	28006	C	6808
NC_045512.2	28007	T	6393
NC_045512.2	28008	A	6865
NC_045512.2	28009	T	6868
NC_045512.2	28010	T	6843
NC_045512.2	28011	C	6857
NC_045512.2	28012	A	6533
NC_045512.2	28013	C	7010
NC_045512.2	28014	T	6969
NC_045512.2	28015	T	6931
NC_045512.2	28016	C	6916
NC_045512.2	28017	T	6634
NC_045512.2	28018	A	7109
NC_045512.2	28019	T	7110
NC_045512.2	28020	T	7100
NC_045512.2	28021	C	7112
NC_045512.2	28022	T	6761
NC_045512.2	28023	A	6984
NC_045512.2	28024	A	6860
NC_045512.2	28025	A	6844
NC_045512.2	28026	T	7079
NC_045512.2	28027	G	6864
NC_045512.2	28028	G	7455
NC_045512.2	28029	T	7353
NC_045512.2	28030	A	7711
NC_045512.2	28031	T	7166
NC_045512.2	28032	A	7751
NC_045512.2	28033	T	7726
NC_045512.2	28034	T	7754
NC_045512.2	28035	A	7606
NC_045512.2	28036	G	7902
NC_045512.2	28037	A	7481
NC_045512.2	28038	G	7592
NC_045512.2	28039	T	7307
NC_045512.2	28040	A	7307
NC_045512.2	28041	G	7340
NC_045512.2	28042	G	7418
NC_045512.2	28043	A	6984
NC_045512.2	28044	G	7053
NC_045512.2	28045	C	6889
NC_045512.2	28046	T	6892
NC_045512.2	28047	A	6828
NC_045512.2	28048	G	6857
NC_045512.2	28049	A	6334
NC_045512.2	28050	A	6893
NC_045512.2	28051	A	6884
NC_045512.2	28052	A	6883
NC_045512.2	28053	T	6853
NC_045512.2	28054	C	6867
NC_045512.2	28055	A	6792
NC_045512.2	28056	G	6820
NC_045512.2	28057	C	6813
NC_045512.2	28058	A	6795
NC_045512.2	28059	C	6944
NC_045512.2	28060	C	6939
NC_045512.2	28061	T	6880
NC_045512.2	28062	T	6828
NC_045512.2	28063	T	6891
NC_045512.2	28064	A	6939
NC_045512.2	28065	A	6811
NC_045512.2	28066	T	7018
NC_045512.2	28067	T	6214
NC_045512.2	28068	G	6966
NC_045512.2	28069	A	6735
NC_045512.2	28070	A	6791
NC_045512.2	28071	T	6851
NC_045512.2	28072	T	6739
NC_045512.2	28073	G	6993
NC_045512.2	28074	T	6814
NC_045512.2	28075	G	6888
NC_045512.2	28076	C	6849
NC_045512.2	28077	G	6868
NC_045512.2	28078	T	6719
NC_045512.2	28079	G	6835
NC_045512.2	28080	G	6969
NC_045512.2	28081	A	6982
NC_045512.2	28082	T	6370
NC_045512.2	28083	G	6369
NC_045512.2	28084	A	6007
NC_045512.2	28085	G	6295
NC_045512.2	28086	G	6232
NC_045512.2	28087	C	6189
NC_045512.2	28088	T	5943
NC_045512.2	28089	G	5434
NC_045512.2	28090	G	5564
NC_045512.2	28091	T	5576
NC_045512.2	28092	T	5525
NC_045512.2	28093	C	5583
NC_045512.2	28094	T	5214
NC_045512.2	28095	A	5208
NC_045512.2	28096	A	5212
NC_045512.2	28097	A	5245
NC_045512.2	28098	T	4995
NC_045512.2	28099	C	4812
NC_045512.2	28100	A	4753
NC_045512.2	28101	C	4922
NC_045512.2	28102	C	4909
NC_045512.2	28103	C	4644
NC_045512.2	28104	A	4823
NC_045512.2	28105	T	4839
NC_045512.2	28106	T	4894
NC_045512.2	28107	C	4889
NC_045512.2	28108	A	4819
NC_045512.2	28109	G	4813
NC_045512.2	28110	T	4774
NC_045512.2	28111	A	4707
NC_045512.2	28112	C	4773
NC_045512.2	28113	A	4427
NC_045512.2	28114	T	4536
NC_045512.2	28115	C	4557
NC_045512.2	28116	G	4552
NC_045512.2	28117	A	4529
NC_045512.2	28118	T	4460
NC_045512.2	28119	A	4182
NC_045512.2	28120	T	4285
NC_045512.2	28121	C	4327
NC_045512.2	28122	G	4301
NC_045512.2	28123	G	4381
NC_045512.2	28124	T	4201
NC_045512.2	28125	A	4389
NC_045512.2	28126	A	4489
NC_045512.2	28127	T	4364
NC_045512.2	28128	T	4314
NC_045512.2	28129	A	4059
NC_045512.2	28130	T	4052
NC_045512.2	28131	A	3746
NC_045512.2	28132	C	3901
NC_045512.2	28133	A	3866
NC_045512.2	28134	G	3848
NC_045512.2	28135	T	3394
NC_045512.2	28136	T	3651
NC_045512.2	28137	T	3602
NC_045512.2	28138	C	3554
NC_045512.2	28139	C	3422
NC_045512.2	28140	T	3384
NC_045512.2	28141	G	3422
NC_045512.2	28142	T	3130
NC_045512.2	28143	T	3370
NC_045512.2	28144	T	3339
NC_045512.2	28145	A	3342
NC_045512.2	28146	C	3322
NC_045512.2	28147	C	3290
NC_045512.2	28148	T	3299
NC_045512.2	28149	T	3096
NC_045512.2	28150	T	3384
NC_045512.2	28151	T	3399
NC_045512.2	28152	A	3344
NC_045512.2	28153	C	3374
NC_045512.2	28154	A	3304
NC_045512.2	28155	A	3358
NC_045512.2	28156	T	3307
NC_045512.2	28157	T	3276
NC_045512.2	28158	A	3357
NC_045512.2	28159	A	3080
NC_045512.2	28160	T	3254
NC_045512.2	28161	T	3179
NC_045512.2	28162	G	3265
NC_045512.2	28163	C	3226
NC_045512.2	28164	C	3230
NC_045512.2	28165	A	3212
NC_045512.2	28166	G	3159
NC_045512.2	28167	G	3151
NC_045512.2	28168	A	3136
NC_045512.2	28169	A	3102
NC_045512.2	28170	C	3118
NC_045512.2	28171	C	3301
NC_045512.2	28172	T	3287
NC_045512.2	28173	A	3267
NC_045512.2	28174	A	3147
NC_045512.2	28175	A	3070
NC_045512.2	28176	T	3182
NC_045512.2	28177	T	3076
NC_045512.2	28178	G	3239
NC_045512.2	28179	G	3202
NC_045512.2	28180	G	3176
NC_045512.2	28181	T	3025
NC_045512.2	28182	A	3006
NC_045512.2	28183	G	3472
NC_045512.2	28184	T	3422
NC_045512.2	28185	C	3545
NC_045512.2	28186	T	3508
NC_045512.2	28187	T	3479
NC_045512.2	28188	G	3542
NC_045512.2	28189	T	3560
NC_045512.2	28190	A	3522
NC_045512.2	28191	G	3430
NC_045512.2	28192	T	2733
NC_045512.2	28193	G	2959
NC_045512.2	28194	C	2860
NC_045512.2	28195	G	2889
NC_045512.2	28196	T	2861
NC_045512.2	28197	T	2877
NC_045512.2	28198	G	3069
NC_045512.2	28199	T	3003
NC_045512.2	28200	T	3019
NC_045512.2	28201	C	2879
NC_045512.2	28202	G	3224
NC_045512.2	28203	T	3260
NC_045512.2	28204	T	3189
NC_045512.2	28205	C	3337
NC_045512.2	28206	T	3036
NC_045512.2	28207	A	3245
NC_045512.2	28208	T	3247
NC_045512.2	28209	G	3268
NC_045512.2	28210	A	3133
NC_045512.2	28211	A	3274
NC_045512.2	28212	G	3444
NC_045512.2	28213	A	3381
NC_045512.2	28214	C	3892
NC_045512.2	28215	T	3918
NC_045512.2	28216	T	4063
NC_045512.2	28217	T	4127
NC_045512.2	28218	T	4119
NC_045512.2	28219	T	4130
NC_045512.2	28220	A	4160
NC_045512.2	28221	G	4316
NC_045512.2	28222	A	4226
NC_045512.2	28223	G	4957
NC_045512.2	28224	T	4817
NC_045512.2	28225	A	5835
NC_045512.2	28226	T	5720
NC_045512.2	28227	C	6069
NC_045512.2	28228	A	6018
NC_045512.2	28229	T	6088
NC_045512.2	28230	G	6124
NC_045512.2	28231	A	5896
NC_045512.2	28232	C	6263
NC_045512.2	28233	G	6278
NC_045512.2	28234	T	6066
NC_045512.2	28235	T	6314
NC_045512.2	28236	C	6340
NC_045512.2	28237	G	6388
NC_045512.2	28238	T	6248
NC_045512.2	28239	G	6409
NC_045512.2	28240	T	6492
NC_045512.2	28241	T	6453
NC_045512.2	28242	G	7018
NC_045512.2	28243	T	7004
NC_045512.2	28244	T	6987
NC_045512.2	28245	T	7075
NC_045512.2	28246	T	7042
NC_045512.2	28247	A	6962
NC_045512.2	28248	G	7343
NC_045512.2	28249	A	6398
NC_045512.2	28250	T	7367
NC_045512.2	28251	T	7069
NC_045512.2	28252	T	7167
NC_045512.2	28253	C	7295
NC_045512.2	28254	A	7175
NC_045512.2	28255	T	7320
NC_045512.2	28256	C	7441
NC_045512.2	28257	T	7408
NC_045512.2	28258	A	7288
NC_045512.2	28259	A	7154
NC_045512.2	28260	A	6592
NC_045512.2	28261	C	7620
NC_045512.2	28262	G	7595
NC_045512.2	28263	A	7762
NC_045512.2	28264	A	7680
NC_045512.2	28265	C	9827
NC_045512.2	28266	A	9434
NC_045512.2	28267	A	10026
NC_045512.2	28268	A	9164
NC_045512.2	28269	C	10398
NC_045512.2	28270	T	10334
NC_045512.2	28271	A	10390
NC_045512.2	28272	A	10427
NC_045512.2	28273	A	10366
NC_045512.2	28274	A	10156
NC_045512.2	28275	T	10368
NC_045512.2	28276	G	10540
NC_045512.2	28277	T	10311
NC_045512.2	28278	C	10473
NC_045512.2	28279	T	10601
NC_045512.2	28280	G	10704
NC_045512.2	28281	A	10844
NC_045512.2	28282	T	10666
NC_045512.2	28283	A	10237
NC_045512.2	28284	A	10941
NC_045512.2	28285	T	10832
NC_045512.2	28286	G	10853
NC_045512.2	28287	G	10877
NC_045512.2	28288	A	10862
NC_045512.2	28289	C	11288
NC_045512.2	28290	C	11186
NC_045512.2	28291	C	11248
NC_045512.2	28292	C	11273
NC_045512.2	28293	A	11245
NC_045512.2	28294	A	11285
NC_045512.2	28295	A	11574
NC_045512.2	28296	A	11887
NC_045512.2	28297	T	11913
NC_045512.2	28298	C	11646
NC_045512.2	28299	A	11318
NC_045512.2	28300	G	11689
NC_045512.2	28301	C	11730
NC_045512.2	28302	G	11924
NC_045512.2	28303	A	11872
NC_045512.2	28304	A	11753
NC_045512.2	28305	A	11834
NC_045512.2	28306	T	11656
NC_045512.2	28307	G	11717
NC_045512.2	28308	C	11833
NC_045512.2	28309	A	11732
NC_045512.2	28310	C	11980
NC_045512.2	28311	C	11804
NC_045512.2	28312	C	11972
NC_045512.2	28313	C	11875
NC_045512.2	28314	G	12100
NC_045512.2	28315	C	11991
NC_045512.2	28316	A	11799
NC_045512.2	28317	T	11758
NC_045512.2	28318	T	11822
NC_045512.2	28319	A	11643
NC_045512.2	28320	C	12108
NC_045512.2	28321	G	12033
NC_045512.2	28322	T	11733
NC_045512.2	28323	T	11494
NC_045512.2	28324	T	11246
NC_045512.2	28325	G	11380
NC_045512.2	28326	G	11046
NC_045512.2	28327	T	10950
NC_045512.2	28328	G	10687
NC_045512.2	28329	G	10697
NC_045512.2	28330	A	10591
NC_045512.2	28331	C	10648
NC_045512.2	28332	C	10476
NC_045512.2	28333	C	10695
NC_045512.2	28334	T	10684
NC_045512.2	28335	C	10694
NC_045512.2	28336	A	10600
NC_045512.2	28337	G	10828
NC_045512.2	28338	A	10789
NC_045512.2	28339	T	10803
NC_045512.2	28340	T	10726
NC_045512.2	28341	C	10810
NC_045512.2	28342	A	10787
NC_045512.2	28343	A	10075
NC_045512.2	28344	C	10673
NC_045512.2	28345	T	10499
NC_045512.2	28346	G	10568
NC_045512.2	28347	G	10713
NC_045512.2	28348	C	10625
NC_045512.2	28349	A	10576
NC_045512.2	28350	G	10639
NC_045512.2	28351	T	10202
NC_045512.2	28352	A	10512
NC_045512.2	28353	A	10548
NC_045512.2	28354	C	10569
NC_045512.2	28355	C	10527
NC_045512.2	28356	A	9638
NC_045512.2	28357	G	10291
NC_045512.2	28358	A	10063
NC_045512.2	28359	A	10139
NC_045512.2	28360	T	10147
NC_045512.2	28361	G	9783
NC_045512.2	28362	G	10523
NC_045512.2	28363	A	7467
NC_045512.2	28364	G	7378
NC_045512.2	28365	A	7210
NC_045512.2	28366	A	7208
NC_045512.2	28367	C	7208
NC_045512.2	28368	G	7208
NC_045512.2	28369	C	7208
NC_045512.2	28370	A	7272
NC_045512.2	28371	G	8026
NC_045512.2	28372	T	7953
NC_045512.2	28373	G	8065
NC_045512.2	28374	G	8049
NC_045512.2	28375	G	8083
NC_045512.2	28376	G	8074
NC_045512.2	28377	C	7940
NC_045512.2	28378	G	8077
NC_045512.2	28379	C	8056
NC_045512.2	28380	G	8173
NC_045512.2	28381	A	8272
NC_045512.2	28382	T	8292
NC_045512.2	28383	C	8301
NC_045512.2	28384	A	8187
NC_045512.2	28385	A	8413
NC_045512.2	28386	A	8468
NC_045512.2	28387	A	8463
NC_045512.2	28388	C	8466
NC_045512.2	28389	A	8050
NC_045512.2	28390	A	8065
NC_045512.2	28391	C	8130
NC_045512.2	28392	G	8113
NC_045512.2	28393	T	8057
NC_045512.2	28394	C	7573
NC_045512.2	28395	G	7538
NC_045512.2	28396	G	7639
NC_045512.2	28397	C	7747
NC_045512.2	28398	C	7519
NC_045512.2	28399	C	7466
NC_045512.2	28400	C	7540
NC_045512.2	28401	A	7462
NC_045512.2	28402	A	7586
NC_045512.2	28403	G	7698
NC_045512.2	28404	G	7698
NC_045512.2	28405	T	6574
NC_045512.2	28406	T	6714
NC_045512.2	28407	T	6962
NC_045512.2	28408	A	6966
NC_045512.2	28409	C	7037
NC_045512.2	28410	C	6993
NC_045512.2	28411	C	7148
NC_045512.2	28412	A	6812
NC_045512.2	28413	A	7090
NC_045512.2	28414	T	6891
NC_045512.2	28415	A	7014
NC_045512.2	28416	A	7094
NC_045512.2	28417	T	7231
NC_045512.2	28418	A	7073
NC_045512.2	28419	C	7157
NC_045512.2	28420	T	6582
NC_045512.2	28421	G	6606
NC_045512.2	28422	C	6541
NC_045512.2	28423	G	6596
NC_045512.2	28424	T	5904
NC_045512.2	28425	C	6510
NC_045512.2	28426	T	6518
NC_045512.2	28427	T	6492
NC_045512.2	28428	G	6537
NC_045512.2	28429	G	6337
NC_045512.2	28430	T	6403
NC_045512.2	28431	T	6447
NC_045512.2	28432	C	6441
NC_045512.2	28433	A	6257
NC_045512.2	28434	C	6298
NC_045512.2	28435	C	6254
NC_045512.2	28436	G	6225
NC_045512.2	28437	C	6220
NC_045512.2	28438	T	5400
NC_045512.2	28439	C	5987
NC_045512.2	28440	T	6012
NC_045512.2	28441	C	6117
NC_045512.2	28442	A	5998
NC_045512.2	28443	C	6094
NC_045512.2	28444	T	6064
NC_045512.2	28445	C	6088
NC_045512.2	28446	A	5864
NC_045512.2	28447	A	5880
NC_045512.2	28448	C	6018
NC_045512.2	28449	A	5956
NC_045512.2	28450	T	5936
NC_045512.2	28451	G	5888
NC_045512.2	28452	G	5806
NC_045512.2	28453	C	5748
NC_045512.2	28454	A	5618
NC_045512.2	28455	A	5626
NC_045512.2	28456	G	5528
NC_045512.2	28457	G	5588
NC_045512.2	28458	A	5540
NC_045512.2	28459	A	5465
NC_045512.2	28460	G	5483
NC_045512.2	28461	A	5381
NC_045512.2	28462	C	5465
NC_045512.2	28463	C	5431
NC_045512.2	28464	T	5404
NC_045512.2	28465	T	5478
NC_045512.2	28466	A	5274
NC_045512.2	28467	A	5339
NC_045512.2	28468	A	5299
NC_045512.2	28469	T	5430
NC_045512.2	28470	T	5314
NC_045512.2	28471	C	5312
NC_045512.2	28472	C	5219
NC_045512.2	28473	C	5242
NC_045512.2	28474	T	5239
NC_045512.2	28475	C	5435
NC_045512.2	28476	G	5434
NC_045512.2	28477	A	5458
NC_045512.2	28478	G	5446
NC_045512.2	28479	G	5459
NC_045512.2	28480	A	5481
NC_045512.2	28481	C	5531
NC_045512.2	28482	A	5349
NC_045512.2	28483	A	5388
NC_045512.2	28484	G	5395
NC_045512.2	28485	G	5401
NC_045512.2	28486	C	5438
NC_045512.2	28487	G	5221
NC_045512.2	28488	T	5288
NC_045512.2	28489	T	5486
NC_045512.2	28490	C	5687
NC_045512.2	28491	C	5692
NC_045512.2	28492	A	5365
NC_045512.2	28493	A	5591
NC_045512.2	28494	T	5410
NC_045512.2	28495	T	5239
NC_045512.2	28496	A	5501
NC_045512.2	28497	A	5429
NC_045512.2	28498	C	5715
NC_045512.2	28499	A	5635
NC_045512.2	28500	C	5671
NC_045512.2	28501	C	5465
NC_045512.2	28502	A	5323
NC_045512.2	28503	A	5291
NC_045512.2	28504	T	5146
NC_045512.2	28505	A	5258
NC_045512.2	28506	G	5237
NC_045512.2	28507	C	5064
NC_045512.2	28508	A	4644
NC_045512.2	28509	G	4683
NC_045512.2	28510	T	3313
NC_045512.2	28511	C	3285
NC_045512.2	28512	C	3283
NC_045512.2	28513	A	3278
NC_045512.2	28514	G	3278
NC_045512.2	28515	A	3258
NC_045512.2	28516	T	3170
NC_045512.2	28517	G	3290
NC_045512.2	28518	A	3316
NC_045512.2	28519	C	3338
NC_045512.2	28520	C	3388
NC_045512.2	28521	A	4276
NC_045512.2	28522	A	4416
NC_045512.2	28523	A	4577
NC_045512.2	28524	T	4590
NC_045512.2	28525	T	4552
NC_045512.2	28526	G	6905
NC_045512.2	28527	G	6992
NC_045512.2	28528	C	7080
NC_045512.2	28529	T	6952
NC_045512.2	28530	A	7106
NC_045512.2	28531	C	9565
NC_045512.2	28532	T	9418
NC_045512.2	28533	A	11508
NC_045512.2	28534	C	11733
NC_045512.2	28535	C	11672
NC_045512.2	28536	G	11768
NC_045512.2	28537	A	11385
NC_045512.2	28538	A	11882
NC_045512.2	28539	G	12455
NC_045512.2	28540	A	11726
NC_045512.2	28541	G	12793
NC_045512.2	28542	C	13028
NC_045512.2	28543	T	12871
NC_045512.2	28544	A	12740
NC_045512.2	28545	C	13191
NC_045512.2	28546	C	13019
NC_045512.2	28547	A	12518
NC_045512.2	28548	G	13305
NC_045512.2	28549	A	8032
NC_045512.2	28550	C	13233
NC_045512.2	28551	G	13115
NC_045512.2	28552	A	13477
NC_045512.2	28553	A	13480
NC_045512.2	28554	T	13234
NC_045512.2	28555	T	13474
NC_045512.2	28556	C	13596
NC_045512.2	28557	G	13590
NC_045512.2	28558	T	13470
NC_045512.2	28559	G	13657
NC_045512.2	28560	G	13772
NC_045512.2	28561	T	13503
NC_045512.2	28562	G	13876
NC_045512.2	28563	G	13895
NC_045512.2	28564	T	13792
NC_045512.2	28565	G	13850
NC_045512.2	28566	A	13584
NC_045512.2	28567	C	14063
NC_045512.2	28568	G	13994
NC_045512.2	28569	G	14021
NC_045512.2	28570	T	13956
NC_045512.2	28571	A	13744
NC_045512.2	28572	A	13948
NC_045512.2	28573	A	9248
NC_045512.2	28574	A	14124
NC_045512.2	28575	T	14052
NC_045512.2	28576	G	13905
NC_045512.2	28577	A	13601
NC_045512.2	28578	A	13814
NC_045512.2	28579	A	13838
NC_045512.2	28580	G	13899
NC_045512.2	28581	A	13387
NC_045512.2	28582	T	13675
NC_045512.2	28583	C	13953
NC_045512.2	28584	T	13737
NC_045512.2	28585	C	13969
NC_045512.2	28586	A	13609
NC_045512.2	28587	G	15061
NC_045512.2	28588	T	14947
NC_045512.2	28589	C	14981
NC_045512.2	28590	C	14558
NC_045512.2	28591	A	14260
NC_045512.2	28592	A	14353
NC_045512.2	28593	G	14543
NC_045512.2	28594	A	12186
NC_045512.2	28595	T	14821
NC_045512.2	28596	G	15448
NC_045512.2	28597	G	16476
NC_045512.2	28598	T	16433
NC_045512.2	28599	A	16496
NC_045512.2	28600	T	16524
NC_045512.2	28601	T	16865
NC_045512.2	28602	T	16905
NC_045512.2	28603	C	17158
NC_045512.2	28604	T	17169
NC_045512.2	28605	A	17151
NC_045512.2	28606	C	17198
NC_045512.2	28607	T	16909
NC_045512.2	28608	A	17781
NC_045512.2	28609	C	19134
NC_045512.2	28610	C	19091
NC_045512.2	28611	T	19026
NC_045512.2	28612	A	18739
NC_045512.2	28613	G	19141
NC_045512.2	28614	G	19309
NC_045512.2	28615	A	19348
NC_045512.2	28616	A	19112
NC_045512.2	28617	C	19353
NC_045512.2	28618	T	18990
NC_045512.2	28619	G	19200
NC_045512.2	28620	G	19276
NC_045512.2	28621	G	19371
NC_045512.2	28622	C	18756
NC_045512.2	28623	C	18542
NC_045512.2	28624	A	18521
NC_045512.2	28625	G	18628
NC_045512.2	28626	A	16513
NC_045512.2	28627	A	17327
NC_045512.2	28628	G	17632
NC_045512.2	28629	C	16108
NC_045512.2	28630	T	15975
NC_045512.2	28631	G	16160
NC_045512.2	28632	G	16280
NC_045512.2	28633	A	16214
NC_045512.2	28634	C	15163
NC_045512.2	28635	T	15038
NC_045512.2	28636	T	16968
NC_045512.2	28637	C	17083
NC_045512.2	28638	C	16970
NC_045512.2	28639	C	16793
NC_045512.2	28640	T	16678
NC_045512.2	28641	A	16684
NC_045512.2	28642	T	16571
NC_045512.2	28643	G	16487
NC_045512.2	28644	G	16791
NC_045512.2	28645	T	16187
NC_045512.2	28646	G	16266
NC_045512.2	28647	C	16183
NC_045512.2	28648	T	16062
NC_045512.2	28649	A	16204
NC_045512.2	28650	A	16060
NC_045512.2	28651	C	16615
NC_045512.2	28652	A	16278
NC_045512.2	28653	A	16356
NC_045512.2	28654	A	16078
NC_045512.2	28655	G	16349
NC_045512.2	28656	A	15435
NC_045512.2	28657	C	16486
NC_045512.2	28658	G	16261
NC_045512.2	28659	G	16544
NC_045512.2	28660	C	15066
NC_045512.2	28661	A	16261
NC_045512.2	28662	T	16850
NC_045512.2	28663	C	17117
NC_045512.2	28664	A	16505
NC_045512.2	28665	T	16999
NC_045512.2	28666	A	15687
NC_045512.2	28667	T	17144
NC_045512.2	28668	G	16825
NC_045512.2	28669	G	17249
NC_045512.2	28670	G	17255
NC_045512.2	28671	T	17357
NC_045512.2	28672	T	17156
NC_045512.2	28673	G	17335
NC_045512.2	28674	C	17373
NC_045512.2	28675	A	17333
NC_045512.2	28676	A	17504
NC_045512.2	28677	C	17612
NC_045512.2	28678	T	17137
NC_045512.2	28679	G	17357
NC_045512.2	28680	A	17241
NC_045512.2	28681	G	17236
NC_045512.2	28682	G	17170
NC_045512.2	28683	G	17122
NC_045512.2	28684	A	16940
NC_045512.2	28685	G	17792
NC_045512.2	28686	C	17773
NC_045512.2	28687	C	17111
NC_045512.2	28688	T	17035
NC_045512.2	28689	T	16933
NC_045512.2	28690	G	17205
NC_045512.2	28691	A	17307
NC_045512.2	28692	A	17233
NC_045512.2	28693	T	17256
NC_045512.2	28694	A	15594
NC_045512.2	28695	C	16686
NC_045512.2	28696	A	16763
NC_045512.2	28697	C	15837
NC_045512.2	28698	C	15840
NC_045512.2	28699	A	15678
NC_045512.2	28700	A	15308
NC_045512.2	28701	A	16482
NC_045512.2	28702	A	16565
NC_045512.2	28703	G	16556
NC_045512.2	28704	A	15454
NC_045512.2	28705	T	16393
NC_045512.2	28706	C	16827
NC_045512.2	28707	A	16810
NC_045512.2	28708	C	16948
NC_045512.2	28709	A	16868
NC_045512.2	28710	T	15992
NC_045512.2	28711	T	15827
NC_045512.2	28712	G	16195
NC_045512.2	28713	G	16175
NC_045512.2	28714	C	16257
NC_045512.2	28715	A	16202
NC_045512.2	28716	C	16301
NC_045512.2	28717	C	16276
NC_045512.2	28718	C	16018
NC_045512.2	28719	G	15984
NC_045512.2	28720	C	16314
NC_045512.2	28721	A	16077
NC_045512.2	28722	A	16287
NC_045512.2	28723	T	16110
NC_045512.2	28724	C	16643
NC_045512.2	28725	C	16485
NC_045512.2	28726	T	16254
NC_045512.2	28727	G	16310
NC_045512.2	28728	C	16446
NC_045512.2	28729	T	16490
NC_045512.2	28730	A	16534
NC_045512.2	28731	A	16521
NC_045512.2	28732	C	17153
NC_045512.2	28733	A	16575
NC_045512.2	28734	A	16624
NC_045512.2	28735	T	16501
NC_045512.2	28736	G	16691
NC_045512.2	28737	C	15792
NC_045512.2	28738	T	15818
NC_045512.2	28739	G	16070
NC_045512.2	28740	C	16372
NC_045512.2	28741	A	16237
NC_045512.2	28742	A	16245
NC_045512.2	28743	T	16265
NC_045512.2	28744	C	16098
NC_045512.2	28745	G	16129
NC_045512.2	28746	T	16218
NC_045512.2	28747	G	16273
NC_045512.2	28748	C	16014
NC_045512.2	28749	T	16915
NC_045512.2	28750	A	16584
NC_045512.2	28751	C	17273
NC_045512.2	28752	A	17053
NC_045512.2	28753	A	17173
NC_045512.2	28754	C	17265
NC_045512.2	28755	T	16395
NC_045512.2	28756	T	16522
NC_045512.2	28757	C	16746
NC_045512.2	28758	C	16701
NC_045512.2	28759	T	17050
NC_045512.2	28760	C	17053
NC_045512.2	28761	A	16791
NC_045512.2	28762	A	16884
NC_045512.2	28763	G	16884
NC_045512.2	28764	G	16941
NC_045512.2	28765	A	16819
NC_045512.2	28766	A	16622
NC_045512.2	28767	C	16914
NC_045512.2	28768	A	16700
NC_045512.2	28769	A	16734
NC_045512.2	28770	C	16675
NC_045512.2	28771	A	16153
NC_045512.2	28772	T	15523
NC_045512.2	28773	T	15258
NC_045512.2	28774	G	15794
NC_045512.2	28775	C	15668
NC_045512.2	28776	C	15613
NC_045512.2	28777	A	15356
NC_045512.2	28778	A	15409
NC_045512.2	28779	A	15442
NC_045512.2	28780	A	15524
NC_045512.2	28781	G	15659
NC_045512.2	28782	G	15630
NC_045512.2	28783	C	16171
NC_045512.2	28784	T	15618
NC_045512.2	28785	T	16166
NC_045512.2	28786	C	15881
NC_045512.2	28787	T	16284
NC_045512.2	28788	A	16602
NC_045512.2	28789	C	16738
NC_045512.2	28790	G	16625
NC_045512.2	28791	C	16642
NC_045512.2	28792	A	16247
NC_045512.2	28793	G	16487
NC_045512.2	28794	A	16825
NC_045512.2	28795	A	16884
NC_045512.2	28796	G	16937
NC_045512.2	28797	G	15992
NC_045512.2	28798	G	16921
NC_045512.2	28799	A	16797
NC_045512.2	28800	G	16718
NC_045512.2	28801	C	16812
NC_045512.2	28802	A	15040
NC_045512.2	28803	G	15161
NC_045512.2	28804	A	15989
NC_045512.2	28805	G	16067
NC_045512.2	28806	G	15911
NC_045512.2	28807	C	15938
NC_045512.2	28808	G	15934
NC_045512.2	28809	G	15836
NC_045512.2	28810	C	15836
NC_045512.2	28811	A	15692
NC_045512.2	28812	G	15837
NC_045512.2	28813	T	15732
NC_045512.2	28814	C	15698
NC_045512.2	28815	A	15448
NC_045512.2	28816	A	15572
NC_045512.2	28817	G	15586
NC_045512.2	28818	C	15477
NC_045512.2	28819	C	15454
NC_045512.2	28820	T	12696
NC_045512.2	28821	C	14758
NC_045512.2	28822	T	14726
NC_045512.2	28823	T	10795
NC_045512.2	28824	C	14697
NC_045512.2	28825	T	14382
NC_045512.2	28826	C	14312
NC_045512.2	28827	G	14247
NC_045512.2	28828	T	13878
NC_045512.2	28829	T	14153
NC_045512.2	28830	C	13932
NC_045512.2	28831	C	13678
NC_045512.2	28832	T	12617
NC_045512.2	28833	C	12805
NC_045512.2	28834	A	12675
NC_045512.2	28835	T	12669
NC_045512.2	28836	C	12708
NC_045512.2	28837	A	12418
NC_045512.2	28838	C	12474
NC_045512.2	28839	G	12054
NC_045512.2	28840	T	11808
NC_045512.2	28841	A	11880
NC_045512.2	28842	G	11903
NC_045512.2	28843	T	11903
NC_045512.2	28844	C	11742
NC_045512.2	28845	G	11637
NC_045512.2	28846	C	8323
NC_045512.2	28847	A	8243
NC_045512.2	28848	A	8254
NC_045512.2	28849	C	8325
NC_045512.2	28850	A	8296
NC_045512.2	28851	G	8385
NC_045512.2	28852	T	7641
NC_045512.2	28853	T	8407
NC_045512.2	28854	C	8406
NC_045512.2	28855	A	8257
NC_045512.2	28856	A	8387
NC_045512.2	28857	G	8365
NC_045512.2	28858	A	8223
NC_045512.2	28859	A	8365
NC_045512.2	28860	A	8385
NC_045512.2	28861	T	8298
NC_045512.2	28862	T	8447
NC_045512.2	28863	C	8437
NC_045512.2	28864	A	8360
NC_045512.2	28865	A	8292
NC_045512.2	28866	C	8464
NC_045512.2	28867	T	8324
NC_045512.2	28868	C	8478
NC_045512.2	28869	C	8475
NC_045512.2	28870	A	8382
NC_045512.2	28871	G	8505
NC_045512.2	28872	G	8471
NC_045512.2	28873	C	8495
NC_045512.2	28874	A	8464
NC_045512.2	28875	G	8388
NC_045512.2	28876	C	8488
NC_045512.2	28877	A	8440
NC_045512.2	28878	G	8469
NC_045512.2	28879	T	8071
NC_045512.2	28880	A	7922
NC_045512.2	28881	G	5685
NC_045512.2	28882	G	5601
NC_045512.2	28883	G	5729
NC_045512.2	28884	G	5813
NC_045512.2	28885	A	5771
NC_045512.2	28886	A	5738
NC_045512.2	28887	C	5830
NC_045512.2	28888	T	5722
NC_045512.2	28889	T	4852
NC_045512.2	28890	C	5884
NC_045512.2	28891	T	5703
NC_045512.2	28892	C	5849
NC_045512.2	28893	C	5752
NC_045512.2	28894	T	5080
NC_045512.2	28895	G	5085
NC_045512.2	28896	C	4881
NC_045512.2	28897	T	4882
NC_045512.2	28898	A	3678
NC_045512.2	28899	G	3617
NC_045512.2	28900	A	3446
NC_045512.2	28901	A	3484
NC_045512.2	28902	T	3051
NC_045512.2	28903	G	2257
NC_045512.2	28904	G	1820
NC_045512.2	28905	C	1340
NC_045512.2	28906	T	1206
NC_045512.2	28907	G	1038
NC_045512.2	28908	G	813
NC_045512.2	28909	C	821
NC_045512.2	28910	A	804
NC_045512.2	28911	A	804
NC_045512.2	28912	T	819
NC_045512.2	28913	G	836
NC_045512.2	28914	G	835
NC_045512.2	28915	C	853
NC_045512.2	28916	G	859
NC_045512.2	28917	G	867
NC_045512.2	28918	T	851
NC_045512.2	28919	G	869
NC_045512.2	28920	A	857
NC_045512.2	28921	T	877
NC_045512.2	28922	G	873
NC_045512.2	28923	C	877
NC_045512.2	28924	T	856
NC_045512.2	28925	G	893
NC_045512.2	28926	C	892
NC_045512.2	28927	T	891
NC_045512.2	28928	C	891
NC_045512.2	28929	T	887
NC_045512.2	28930	T	885
NC_045512.2	28931	G	910
NC_045512.2	28932	C	907
NC_045512.2	28933	T	903
NC_045512.2	28934	T	891
NC_045512.2	28935	T	891
NC_045512.2	28936	G	882
NC_045512.2	28937	C	868
NC_045512.2	28938	T	867
NC_045512.2	28939	G	885
NC_045512.2	28940	C	686
NC_045512.2	28941	T	686
NC_045512.2	28942	G	710
NC_045512.2	28943	C	709
NC_045512.2	28944	T	710
NC_045512.2	28945	T	708
NC_045512.2	28946	G	718
NC_045512.2	28947	A	699
NC_045512.2	28948	C	699
NC_045512.2	28949	A	644
NC_045512.2	28950	G	721
NC_045512.2	28951	A	711
NC_045512.2	28952	T	689
NC_045512.2	28953	T	688
NC_045512.2	28954	G	711
NC_045512.2	28955	A	707
NC_045512.2	28956	A	633
NC_045512.2	28957	C	713
NC_045512.2	28958	C	705
NC_045512.2	28959	A	694
NC_045512.2	28960	G	709
NC_045512.2	28961	C	689
NC_045512.2	28962	T	681
NC_045512.2	28963	T	683
NC_045512.2	28964	G	691
NC_045512.2	28965	A	690
NC_045512.2	28966	G	697
NC_045512.2	28967	A	597
NC_045512.2	28968	G	685
NC_045512.2	28969	C	686
NC_045512.2	28970	A	669
NC_045512.2	28971	A	675
NC_045512.2	28972	A	586
NC_045512.2	28973	A	678
NC_045512.2	28974	T	674
NC_045512.2	28975	G	684
NC_045512.2	28976	T	636
NC_045512.2	28977	C	632
NC_045512.2	28978	T	630
NC_045512.2	28979	G	647
NC_045512.2	28980	G	671
NC_045512.2	28981	T	672
NC_045512.2	28982	A	676
NC_045512.2	28983	A	669
NC_045512.2	28984	A	638
NC_045512.2	28985	G	674
NC_045512.2	28986	G	678
NC_045512.2	28987	C	703
NC_045512.2	28988	C	699
NC_045512.2	28989	A	698
NC_045512.2	28990	A	660
NC_045512.2	28991	C	694
NC_045512.2	28992	A	667
NC_045512.2	28993	A	693
NC_045512.2	28994	C	682
NC_045512.2	28995	A	676
NC_045512.2	28996	A	665
NC_045512.2	28997	C	667
NC_045512.2	28998	A	656
NC_045512.2	28999	A	661
NC_045512.2	29000	G	672
NC_045512.2	29001	G	673
NC_045512.2	29002	C	676
NC_045512.2	29003	C	667
NC_045512.2	29004	A	653
NC_045512.2	29005	A	661
NC_045512.2	29006	A	646
NC_045512.2	29007	C	654
NC_045512.2	29008	T	634
NC_045512.2	29009	G	658
NC_045512.2	29010	T	650
NC_045512.2	29011	C	650
NC_045512.2	29012	A	643
NC_045512.2	29013	C	643
NC_045512.2	29014	T	687
NC_045512.2	29015	A	683
NC_045512.2	29016	A	673
NC_045512.2	29017	G	685
NC_045512.2	29018	A	631
NC_045512.2	29019	A	691
NC_045512.2	29020	A	693
NC_045512.2	29021	T	669
NC_045512.2	29022	C	685
NC_045512.2	29023	T	662
NC_045512.2	29024	G	679
NC_045512.2	29025	C	657
NC_045512.2	29026	T	641
NC_045512.2	29027	G	659
NC_045512.2	29028	C	646
NC_045512.2	29029	T	642
NC_045512.2	29030	G	646
NC_045512.2	29031	A	624
NC_045512.2	29032	G	637
NC_045512.2	29033	G	644
NC_045512.2	29034	C	660
NC_045512.2	29035	T	662
NC_045512.2	29036	T	635
NC_045512.2	29037	C	658
NC_045512.2	29038	T	704
NC_045512.2	29039	A	707
NC_045512.2	29040	A	709
NC_045512.2	29041	G	699
NC_045512.2	29042	A	605
NC_045512.2	29043	A	652
NC_045512.2	29044	G	667
NC_045512.2	29045	C	676
NC_045512.2	29046	C	672
NC_045512.2	29047	T	656
NC_045512.2	29048	C	676
NC_045512.2	29049	G	679
NC_045512.2	29050	G	702
NC_045512.2	29051	C	703
NC_045512.2	29052	A	657
NC_045512.2	29053	A	697
NC_045512.2	29054	A	714
NC_045512.2	29055	A	707
NC_045512.2	29056	A	707
NC_045512.2	29057	C	709
NC_045512.2	29058	G	708
NC_045512.2	29059	T	679
NC_045512.2	29060	A	752
NC_045512.2	29061	C	756
NC_045512.2	29062	T	729
NC_045512.2	29063	G	713
NC_045512.2	29064	C	755
NC_045512.2	29065	C	769
NC_045512.2	29066	A	754
NC_045512.2	29067	C	763
NC_045512.2	29068	T	755
NC_045512.2	29069	A	749
NC_045512.2	29070	A	756
NC_045512.2	29071	A	762
NC_045512.2	29072	G	773
NC_045512.2	29073	C	788
NC_045512.2	29074	A	786
NC_045512.2	29075	T	802
NC_045512.2	29076	A	791
NC_045512.2	29077	C	810
NC_045512.2	29078	A	760
NC_045512.2	29079	A	795
NC_045512.2	29080	T	738
NC_045512.2	29081	G	770
NC_045512.2	29082	T	705
NC_045512.2	29083	A	754
NC_045512.2	29084	A	768
NC_045512.2	29085	C	764
NC_045512.2	29086	A	736
NC_045512.2	29087	C	745
NC_045512.2	29088	A	685
NC_045512.2	29089	A	691
NC_045512.2	29090	G	691
NC_045512.2	29091	C	695
NC_045512.2	29092	T	693
NC_045512.2	29093	T	687
NC_045512.2	29094	T	696
NC_045512.2	29095	C	699
NC_045512.2	29096	G	697
NC_045512.2	29097	G	695
NC_045512.2	29098	C	700
NC_045512.2	29099	A	682
NC_045512.2	29100	G	681
NC_045512.2	29101	A	697
NC_045512.2	29102	C	705
NC_045512.2	29103	G	702
NC_045512.2	29104	T	692
NC_045512.2	29105	G	689
NC_045512.2	29106	G	713
NC_045512.2	29107	T	718
NC_045512.2	29108	C	739
NC_045512.2	29109	C	731
NC_045512.2	29110	A	720
NC_045512.2	29111	G	724
NC_045512.2	29112	A	765
NC_045512.2	29113	A	819
NC_045512.2	29114	C	822
NC_045512.2	29115	A	743
NC_045512.2	29116	A	737
NC_045512.2	29117	A	731
NC_045512.2	29118	C	754
NC_045512.2	29119	C	745
NC_045512.2	29120	C	730
NC_045512.2	29121	A	719
NC_045512.2	29122	A	714
NC_045512.2	29123	G	728
NC_045512.2	29124	G	726
NC_045512.2	29125	A	722
NC_045512.2	29126	A	720
NC_045512.2	29127	A	714
NC_045512.2	29128	T	718
NC_045512.2	29129	T	712
NC_045512.2	29130	T	713
NC_045512.2	29131	T	701
NC_045512.2	29132	G	728
NC_045512.2	29133	G	713
NC_045512.2	29134	G	715
NC_045512.2	29135	G	714
NC_045512.2	29136	A	699
NC_045512.2	29137	C	712
NC_045512.2	29138	C	708
NC_045512.2	29139	A	621
NC_045512.2	29140	G	630
NC_045512.2	29141	G	637
NC_045512.2	29142	A	644
NC_045512.2	29143	A	656
NC_045512.2	29144	C	1324
NC_045512.2	29145	T	1591
NC_045512.2	29146	A	2944
NC_045512.2	29147	A	2868
NC_045512.2	29148	T	3044
NC_045512.2	29149	C	3057
NC_045512.2	29150	A	3098
NC_045512.2	29151	G	5969
NC_045512.2	29152	A	6057
NC_045512.2	29153	C	6296
NC_045512.2	29154	A	6275
NC_045512.2	29155	A	6384
NC_045512.2	29156	G	6384
NC_045512.2	29157	G	6378
NC_045512.2	29158	A	6297
NC_045512.2	29159	A	5996
NC_045512.2	29160	C	6414
NC_045512.2	29161	T	6295
NC_045512.2	29162	G	6340
NC_045512.2	29163	A	6342
NC_045512.2	29164	T	6230
NC_045512.2	29165	T	6300
NC_045512.2	29166	A	6162
NC_045512.2	29167	C	6324
NC_045512.2	29168	A	6236
NC_045512.2	29169	A	6324
NC_045512.2	29170	A	5318
NC_045512.2	29171	C	6295
NC_045512.2	29172	A	6260
NC_045512.2	29173	T	6206
NC_045512.2	29174	T	5854
NC_045512.2	29175	G	6261
NC_045512.2	29176	G	6246
NC_045512.2	29177	C	6255
NC_045512.2	29178	C	6253
NC_045512.2	29179	G	6245
NC_045512.2	29180	C	6255
NC_045512.2	29181	A	6217
NC_045512.2	29182	A	6256
NC_045512.2	29183	A	5934
NC_045512.2	29184	T	6232
NC_045512.2	29185	T	6108
NC_045512.2	29186	G	6238
NC_045512.2	29187	C	6217
NC_045512.2	29188	A	8489
NC_045512.2	29189	C	8950
NC_045512.2	29190	A	8906
NC_045512.2	29191	A	9290
NC_045512.2	29192	T	9310
NC_045512.2	29193	T	9286
NC_045512.2	29194	T	9084
NC_045512.2	29195	G	9672
NC_045512.2	29196	C	9752
NC_045512.2	29197	C	9896
NC_045512.2	29198	C	9927
NC_045512.2	29199	C	9928
NC_045512.2	29200	C	9812
NC_045512.2	29201	A	9772
NC_045512.2	29202	G	10127
NC_045512.2	29203	C	10099
NC_045512.2	29204	G	10270
NC_045512.2	29205	C	10836
NC_045512.2	29206	T	10744
NC_045512.2	29207	T	10807
NC_045512.2	29208	C	10954
NC_045512.2	29209	A	10869
NC_045512.2	29210	G	11001
NC_045512.2	29211	C	11064
NC_045512.2	29212	G	11188
NC_045512.2	29213	T	11110
NC_045512.2	29214	T	11093
NC_045512.2	29215	C	11778
NC_045512.2	29216	T	11742
NC_045512.2	29217	T	12017
NC_045512.2	29218	C	12139
NC_045512.2	29219	G	12148
NC_045512.2	29220	G	12214
NC_045512.2	29221	A	12188
NC_045512.2	29222	A	12180
NC_045512.2	29223	T	12240
NC_045512.2	29224	G	12652
NC_045512.2	29225	T	12620
NC_045512.2	29226	C	12743
NC_045512.2	29227	G	12740
NC_045512.2	29228	C	12778
NC_045512.2	29229	G	12794
NC_045512.2	29230	C	12927
NC_045512.2	29231	A	12877
NC_045512.2	29232	T	12809
NC_045512.2	29233	T	12670
NC_045512.2	29234	G	13447
NC_045512.2	29235	G	13765
NC_045512.2	29236	C	13815
NC_045512.2	29237	A	13784
NC_045512.2	29238	T	13700
NC_045512.2	29239	G	13844
NC_045512.2	29240	G	14034
NC_045512.2	29241	A	14411
NC_045512.2	29242	A	14765
NC_045512.2	29243	G	14751
NC_045512.2	29244	T	14570
NC_045512.2	29245	C	14141
NC_045512.2	29246	A	13938
NC_045512.2	29247	C	13328
NC_045512.2	29248	A	13177
NC_045512.2	29249	C	13632
NC_045512.2	29250	C	11494
NC_045512.2	29251	T	11476
NC_045512.2	29252	T	11590
NC_045512.2	29253	C	11593
NC_045512.2	29254	G	11594
NC_045512.2	29255	G	11578
NC_045512.2	29256	G	11615
NC_045512.2	29257	A	11513
NC_045512.2	29258	A	11682
NC_045512.2	29259	C	11905
NC_045512.2	29260	G	11970
NC_045512.2	29261	T	12394
NC_045512.2	29262	G	12454
NC_045512.2	29263	G	12548
NC_045512.2	29264	T	11868
NC_045512.2	29265	T	12549
NC_045512.2	29266	G	16315
NC_045512.2	29267	A	16644
NC_045512.2	29268	C	16735
NC_045512.2	29269	C	16640
NC_045512.2	29270	T	16750
NC_045512.2	29271	A	17894
NC_045512.2	29272	C	18232
NC_045512.2	29273	A	17990
NC_045512.2	29274	C	18175
NC_045512.2	29275	A	17057
NC_045512.2	29276	G	17042
NC_045512.2	29277	G	16982
NC_045512.2	29278	T	16804
NC_045512.2	29279	G	16894
NC_045512.2	29280	C	16459
NC_045512.2	29281	C	16433
NC_045512.2	29282	A	16639
NC_045512.2	29283	T	16470
NC_045512.2	29284	C	16482
NC_045512.2	29285	A	16363
NC_045512.2	29286	A	16242
NC_045512.2	29287	A	16440
NC_045512.2	29288	T	16322
NC_045512.2	29289	T	16171
NC_045512.2	29290	G	16219
NC_045512.2	29291	G	16348
NC_045512.2	29292	A	16276
NC_045512.2	29293	T	15844
NC_045512.2	29294	G	16202
NC_045512.2	29295	A	15918
NC_045512.2	29296	C	16048
NC_045512.2	29297	A	15611
NC_045512.2	29298	A	15973
NC_045512.2	29299	A	15232
NC_045512.2	29300	G	15891
NC_045512.2	29301	A	14317
NC_045512.2	29302	T	15788
NC_045512.2	29303	C	15639
NC_045512.2	29304	C	15514
NC_045512.2	29305	A	15381
NC_045512.2	29306	A	14820
NC_045512.2	29307	A	15224
NC_045512.2	29308	T	15231
NC_045512.2	29309	T	15140
NC_045512.2	29310	T	15223
NC_045512.2	29311	C	15315
NC_045512.2	29312	A	15160
NC_045512.2	29313	A	14853
NC_045512.2	29314	A	14524
NC_045512.2	29315	G	15354
NC_045512.2	29316	A	14725
NC_045512.2	29317	T	15308
NC_045512.2	29318	C	15100
NC_045512.2	29319	A	15005
NC_045512.2	29320	A	15096
NC_045512.2	29321	G	15080
NC_045512.2	29322	T	14817
NC_045512.2	29323	C	15250
NC_045512.2	29324	A	15036
NC_045512.2	29325	T	14982
NC_045512.2	29326	T	14743
NC_045512.2	29327	T	15041
NC_045512.2	29328	T	14939
NC_045512.2	29329	G	14942
NC_045512.2	29330	C	14911
NC_045512.2	29331	T	14997
NC_045512.2	29332	G	15464
NC_045512.2	29333	A	15456
NC_045512.2	29334	A	15541
NC_045512.2	29335	T	15140
NC_045512.2	29336	A	14645
NC_045512.2	29337	A	14916
NC_045512.2	29338	G	15427
NC_045512.2	29339	C	15456
NC_045512.2	29340	A	15255
NC_045512.2	29341	T	14232
NC_045512.2	29342	A	14805
NC_045512.2	29343	T	14520
NC_045512.2	29344	T	14648
NC_045512.2	29345	G	14828
NC_045512.2	29346	A	14500
NC_045512.2	29347	C	14600
NC_045512.2	29348	G	14481
NC_045512.2	29349	C	14190
NC_045512.2	29350	A	14467
NC_045512.2	29351	T	14561
NC_045512.2	29352	A	14329
NC_045512.2	29353	C	14869
NC_045512.2	29354	A	14669
NC_045512.2	29355	A	14771
NC_045512.2	29356	A	13591
NC_045512.2	29357	A	14900
NC_045512.2	29358	C	15090
NC_045512.2	29359	A	14618
NC_045512.2	29360	T	14634
NC_045512.2	29361	T	14553
NC_045512.2	29362	C	14876
NC_045512.2	29363	C	15061
NC_045512.2	29364	C	15540
NC_045512.2	29365	A	15447
NC_045512.2	29366	C	13255
NC_045512.2	29367	C	13141
NC_045512.2	29368	A	13131
NC_045512.2	29369	A	12620
NC_045512.2	29370	C	12917
NC_045512.2	29371	A	12423
NC_045512.2	29372	G	11591
NC_045512.2	29373	A	11372
NC_045512.2	29374	G	11553
NC_045512.2	29375	C	11622
NC_045512.2	29376	C	11712
NC_045512.2	29377	T	11724
NC_045512.2	29378	A	11651
NC_045512.2	29379	A	11753
NC_045512.2	29380	A	11559
NC_045512.2	29381	A	11516
NC_045512.2	29382	A	11587
NC_045512.2	29383	G	11386
NC_045512.2	29384	G	11503
NC_045512.2	29385	A	11648
NC_045512.2	29386	C	11613
NC_045512.2	29387	A	11388
NC_045512.2	29388	A	11630
NC_045512.2	29389	A	11434
NC_045512.2	29390	A	11757
NC_045512.2	29391	A	11564
NC_045512.2	29392	G	11668
NC_045512.2	29393	A	10799
NC_045512.2	29394	A	11452
NC_045512.2	29395	G	11530
NC_045512.2	29396	A	10396
NC_045512.2	29397	A	11280
NC_045512.2	29398	G	11412
NC_045512.2	29399	G	11817
NC_045512.2	29400	C	11933
NC_045512.2	29401	T	11475
NC_045512.2	29402	G	11860
NC_045512.2	29403	A	11993
NC_045512.2	29404	T	12060
NC_045512.2	29405	G	12086
NC_045512.2	29406	A	11980
NC_045512.2	29407	A	11975
NC_045512.2	29408	A	12288
NC_045512.2	29409	C	14153
NC_045512.2	29410	T	14070
NC_045512.2	29411	C	14046
NC_045512.2	29412	A	13796
NC_045512.2	29413	A	13905
NC_045512.2	29414	G	13938
NC_045512.2	29415	C	15545
NC_045512.2	29416	C	15846
NC_045512.2	29417	T	15298
NC_045512.2	29418	T	15312
NC_045512.2	29419	A	17941
NC_045512.2	29420	C	18839
NC_045512.2	29421	C	18834
NC_045512.2	29422	G	18659
NC_045512.2	29423	C	18699
NC_045512.2	29424	A	18451
NC_045512.2	29425	G	18520
NC_045512.2	29426	A	18375
NC_045512.2	29427	G	18515
NC_045512.2	29428	A	17996
NC_045512.2	29429	C	18408
NC_045512.2	29430	A	18190
NC_045512.2	29431	G	18276
NC_045512.2	29432	A	20532
NC_045512.2	29433	A	20529
NC_045512.2	29434	G	20516
NC_045512.2	29435	A	20506
NC_045512.2	29436	A	19994
NC_045512.2	29437	A	20316
NC_045512.2	29438	C	20469
NC_045512.2	29439	A	19955
NC_045512.2	29440	G	19857
NC_045512.2	29441	C	20250
NC_045512.2	29442	A	19995
NC_045512.2	29443	A	19984
NC_045512.2	29444	A	19738
NC_045512.2	29445	C	20183
NC_045512.2	29446	T	18938
NC_045512.2	29447	G	19981
NC_045512.2	29448	T	19442
NC_045512.2	29449	G	19951
NC_045512.2	29450	A	19504
NC_045512.2	29451	C	19890
NC_045512.2	29452	T	18435
NC_045512.2	29453	C	19664
NC_045512.2	29454	T	19085
NC_045512.2	29455	T	15296
NC_045512.2	29456	C	19014
NC_045512.2	29457	T	18440
NC_045512.2	29458	T	16283
NC_045512.2	29459	C	18317
NC_045512.2	29460	C	18018
NC_045512.2	29461	T	17792
NC_045512.2	29462	G	17609
NC_045512.2	29463	C	17596
NC_045512.2	29464	T	17119
NC_045512.2	29465	G	16987
NC_045512.2	29466	C	17050
NC_045512.2	29467	A	16588
NC_045512.2	29468	G	16994
NC_045512.2	29469	A	16854
NC_045512.2	29470	T	16421
NC_045512.2	29471	T	16203
NC_045512.2	29472	T	15867
NC_045512.2	29473	G	16518
NC_045512.2	29474	G	16515
NC_045512.2	29475	A	16505
NC_045512.2	29476	T	16434
NC_045512.2	29477	G	16283
NC_045512.2	29478	A	16166
NC_045512.2	29479	T	16203
NC_045512.2	29480	T	16158
NC_045512.2	29481	T	13697
NC_045512.2	29482	C	16171
NC_045512.2	29483	T	16176
NC_045512.2	29484	C	16088
NC_045512.2	29485	C	16007
NC_045512.2	29486	A	15695
NC_045512.2	29487	A	15798
NC_045512.2	29488	A	15687
NC_045512.2	29489	C	15939
NC_045512.2	29490	A	15506
NC_045512.2	29491	A	15562
NC_045512.2	29492	T	15623
NC_045512.2	29493	T	15498
NC_045512.2	29494	G	15619
NC_045512.2	29495	C	15573
NC_045512.2	29496	A	14885
NC_045512.2	29497	A	15303
NC_045512.2	29498	C	15322
NC_045512.2	29499	A	14850
NC_045512.2	29500	A	14795
NC_045512.2	29501	T	14899
NC_045512.2	29502	C	14925
NC_045512.2	29503	C	14822
NC_045512.2	29504	A	14382
NC_045512.2	29505	T	14233
NC_045512.2	29506	G	14588
NC_045512.2	29507	A	14431
NC_045512.2	29508	G	13149
NC_045512.2	29509	C	14279
NC_045512.2	29510	A	11763
NC_045512.2	29511	G	11119
NC_045512.2	29512	T	11569
NC_045512.2	29513	G	11516
NC_045512.2	29514	C	11463
NC_045512.2	29515	T	9601
NC_045512.2	29516	G	9516
NC_045512.2	29517	A	8927
NC_045512.2	29518	C	8992
NC_045512.2	29519	T	9021
NC_045512.2	29520	C	4504
NC_045512.2	29521	A	3920
NC_045512.2	29522	A	3923
NC_045512.2	29523	C	4008
NC_045512.2	29524	T	3851
NC_045512.2	29525	C	3214
NC_045512.2	29526	A	397
NC_045512.2	29527	G	421
NC_045512.2	29528	G	419
NC_045512.2	29529	C	298
NC_045512.2	29530	C	276
NC_045512.2	29531	T	263
NC_045512.2	29532	A	296
NC_045512.2	29533	A	303
NC_045512.2	29534	A	289
NC_045512.2	29535	C	327
NC_045512.2	29536	T	319
NC_045512.2	29537	C	330
NC_045512.2	29538	A	331
NC_045512.2	29539	T	331
NC_045512.2	29540	G	334
NC_045512.2	29541	C	337
NC_045512.2	29542	A	346
NC_045512.2	29543	G	346
NC_045512.2	29544	A	350
NC_045512.2	29545	C	360
NC_045512.2	29546	C	358
NC_045512.2	29547	A	374
NC_045512.2	29548	C	379
NC_045512.2	29549	A	379
NC_045512.2	29550	C	382
NC_045512.2	29551	A	383
NC_045512.2	29552	A	392
NC_045512.2	29553	G	395
NC_045512.2	29554	G	398
NC_045512.2	29555	C	399
NC_045512.2	29556	A	401
NC_045512.2	29557	G	401
NC_045512.2	29558	A	394
NC_045512.2	29559	T	400
NC_045512.2	29560	G	406
NC_045512.2	29561	G	413
NC_045512.2	29562	G	412
NC_045512.2	29563	C	418
NC_045512.2	29564	T	411
NC_045512.2	29565	A	445
NC_045512.2	29566	T	441
NC_045512.2	29567	A	402
NC_045512.2	29568	T	433
NC_045512.2	29569	A	436
NC_045512.2	29570	A	436
NC_045512.2	29571	A	321
NC_045512.2	29572	C	440
NC_045512.2	29573	G	447
NC_045512.2	29574	T	427
NC_045512.2	29575	T	421
NC_045512.2	29576	T	432
NC_045512.2	29577	T	428
NC_045512.2	29578	C	431
NC_045512.2	29579	G	436
NC_045512.2	29580	C	429
NC_045512.2	29581	T	423
NC_045512.2	29582	T	426
NC_045512.2	29583	T	425
NC_045512.2	29584	T	429
NC_045512.2	29585	C	422
NC_045512.2	29586	C	425
NC_045512.2	29587	G	428
NC_045512.2	29588	T	388
NC_045512.2	29589	T	422
NC_045512.2	29590	T	418
NC_045512.2	29591	A	431
NC_045512.2	29592	C	433
NC_045512.2	29593	G	439
NC_045512.2	29594	A	427
NC_045512.2	29595	T	438
NC_045512.2	29596	A	437
NC_045512.2	29597	T	470
NC_045512.2	29598	A	454
NC_045512.2	29599	T	457
NC_045512.2	29600	A	458
NC_045512.2	29601	G	528
NC_045512.2	29602	T	512
NC_045512.2	29603	C	517
NC_045512.2	29604	T	525
NC_045512.2	29605	A	495
NC_045512.2	29606	C	523
NC_045512.2	29607	T	517
NC_045512.2	29608	C	523
NC_045512.2	29609	T	515
NC_045512.2	29610	T	511
NC_045512.2	29611	G	508
NC_045512.2	29612	T	482
NC_045512.2	29613	G	487
NC_045512.2	29614	C	487
NC_045512.2	29615	A	485
NC_045512.2	29616	G	495
NC_045512.2	29617	A	485
NC_045512.2	29618	A	481
NC_045512.2	29619	T	479
NC_045512.2	29620	G	486
NC_045512.2	29621	A	460
NC_045512.2	29622	A	489
NC_045512.2	29623	T	472
NC_045512.2	29624	T	476
NC_045512.2	29625	C	475
NC_045512.2	29626	T	449
NC_045512.2	29627	C	452
NC_045512.2	29628	G	455
NC_045512.2	29629	T	429
NC_045512.2	29630	A	460
NC_045512.2	29631	A	463
NC_045512.2	29632	C	449
NC_045512.2	29633	T	450
NC_045512.2	29634	A	467
NC_045512.2	29635	C	460
NC_045512.2	29636	A	456
NC_045512.2	29637	T	455
NC_045512.2	29638	A	451
NC_045512.2	29639	G	457
NC_045512.2	29640	C	461
NC_045512.2	29641	A	457
NC_045512.2	29642	C	458
NC_045512.2	29643	A	444
NC_045512.2	29644	A	475
NC_045512.2	29645	G	475
NC_045512.2	29646	T	476
NC_045512.2	29647	A	471
NC_045512.2	29648	G	464
NC_045512.2	29649	A	431
NC_045512.2	29650	T	460
NC_045512.2	29651	G	465
NC_045512.2	29652	T	462
NC_045512.2	29653	A	440
NC_045512.2	29654	G	479
NC_045512.2	29655	T	457
NC_045512.2	29656	T	473
NC_045512.2	29657	A	452
NC_045512.2	29658	A	449
NC_045512.2	29659	C	474
NC_045512.2	29660	T	471
NC_045512.2	29661	T	474
NC_045512.2	29662	T	466
NC_045512.2	29663	A	470
NC_045512.2	29664	A	462
NC_045512.2	29665	T	464
NC_045512.2	29666	C	454
NC_045512.2	29667	T	456
NC_045512.2	29668	C	452
NC_045512.2	29669	A	451
NC_045512.2	29670	C	457
NC_045512.2	29671	A	458
NC_045512.2	29672	T	479
NC_045512.2	29673	A	480
NC_045512.2	29674	G	485
NC_045512.2	29675	C	484
NC_045512.2	29676	A	487
NC_045512.2	29677	A	502
NC_045512.2	29678	T	508
NC_045512.2	29679	C	522
NC_045512.2	29680	T	524
NC_045512.2	29681	T	518
NC_045512.2	29682	T	542
NC_045512.2	29683	A	542
NC_045512.2	29684	A	540
NC_045512.2	29685	T	545
NC_045512.2	29686	C	542
NC_045512.2	29687	A	523
NC_045512.2	29688	G	534
NC_045512.2	29689	T	521
NC_045512.2	29690	G	539
NC_045512.2	29691	T	536
NC_045512.2	29692	G	540
NC_045512.2	29693	T	531
NC_045512.2	29694	A	537
NC_045512.2	29695	A	535
NC_045512.2	29696	C	525
NC_045512.2	29697	A	473
NC_045512.2	29698	T	484
NC_045512.2	29699	T	460
NC_045512.2	29700	A	457
NC_045512.2	29701	G	457
NC_045512.2	29702	G	430
NC_045512.2	29703	G	428
NC_045512.2	29704	A	409
NC_045512.2	29705	G	401
NC_045512.2	29706	G	418
NC_045512.2	29707	A	422
NC_045512.2	29708	C	427
NC_045512.2	29709	T	413
NC_045512.2	29710	T	489
NC_045512.2	29711	G	494
NC_045512.2	29712	A	526
NC_045512.2	29713	A	521
NC_045512.2	29714	A	517
NC_045512.2	29715	G	514
NC_045512.2	29716	A	504
NC_045512.2	29717	G	481
NC_045512.2	29718	C	509
NC_045512.2	29719	C	508
NC_045512.2	29720	A	505
NC_045512.2	29721	C	502
NC_045512.2	29722	C	506
NC_045512.2	29723	A	494
NC_045512.2	29724	C	505
NC_045512.2	29725	A	507
NC_045512.2	29726	T	504
NC_045512.2	29727	T	502
NC_045512.2	29728	T	499
NC_045512.2	29729	T	493
NC_045512.2	29730	C	496
NC_045512.2	29731	A	492
NC_045512.2	29732	C	489
NC_045512.2	29733	C	489
NC_045512.2	29734	G	405
NC_045512.2	29735	A	404
NC_045512.2	29736	G	403
NC_045512.2	29737	G	403
NC_045512.2	29738	C	403
NC_045512.2	29739	C	403
NC_045512.2	29740	A	403
NC_045512.2	29741	C	403
NC_045512.2	29742	G	403
NC_045512.2	29743	C	403
NC_045512.2	29744	G	403
NC_045512.2	29745	G	403
NC_045512.2	29746	A	403
NC_045512.2	29747	G	403
NC_045512.2	29748	T	403
NC_045512.2	29749	A	403
NC_045512.2	29750	C	403
NC_045512.2	29751	G	403
NC_045512.2	29752	A	403
NC_045512.2	29753	T	403
NC_045512.2	29754	C	403
NC_045512.2	29755	G	403
NC_045512.2	29756	A	403
NC_045512.2	29757	G	403
NC_045512.2	29758	T	403
NC_045512.2	29759	G	403
NC_045512.2	29760	T	403
NC_045512.2	29761	A	398
NC_045512.2	29762	C	399
NC_045512.2	29763	A	399
NC_045512.2	29764	G	403
NC_045512.2	29765	T	340
NC_045512.2	29766	G	402
NC_045512.2	29767	A	399
NC_045512.2	29768	A	392
NC_045512.2	29769	C	401
NC_045512.2	29770	A	398
NC_045512.2	29771	A	400
NC_045512.2	29772	T	401
NC_045512.2	29773	G	400
NC_045512.2	29774	C	403
NC_045512.2	29775	T	400
NC_045512.2	29776	A	397
NC_045512.2	29777	G	401
NC_045512.2	29778	G	403
NC_045512.2	29779	G	401
NC_045512.2	29780	A	399
NC_045512.2	29781	G	400
NC_045512.2	29782	A	393
NC_045512.2	29783	G	403
NC_045512.2	29784	C	374
NC_045512.2	29785	T	403
NC_045512.2	29786	G	402
NC_045512.2	29787	C	397
NC_045512.2	29788	C	400
NC_045512.2	29789	T	391
NC_045512.2	29790	A	386
NC_045512.2	29791	T	371
NC_045512.2	29792	A	381
NC_045512.2	29793	T	378
NC_045512.2	29794	G	371
NC_045512.2	29795	G	372
NC_045512.2	29796	A	364
NC_045512.2	29797	A	358
NC_045512.2	29798	G	360
NC_045512.2	29799	A	318
NC_045512.2	29800	G	317
NC_045512.2	29801	C	314
NC_045512.2	29802	C	310
NC_045512.2	29803	C	307
NC_045512.2	29804	T	282
NC_045512.2	29805	A	277
NC_045512.2	29806	A	281
NC_045512.2	29807	T	278
NC_045512.2	29808	G	277
NC_045512.2	29809	T	228
NC_045512.2	29810	G	227
NC_045512.2	29811	T	227
NC_045512.2	29812	A	222
NC_045512.2	29813	A	220
NC_045512.2	29814	A	212
NC_045512.2	29815	A	222
NC_045512.2	29816	T	219
NC_045512.2	29817	T	212
NC_045512.2	29818	A	210
NC_045512.2	29819	A	211
NC_045512.2	29820	T	214
NC_045512.2	29821	T	213
NC_045512.2	29822	T	205
NC_045512.2	29823	T	194
NC_045512.2	29824	A	209
NC_045512.2	29825	G	209
NC_045512.2	29826	T	202
NC_045512.2	29827	A	206
NC_045512.2	29828	G	204
NC_045512.2	29829	T	202
NC_045512.2	29830	G	202
NC_045512.2	29831	C	196
NC_045512.2	29832	T	156
NC_045512.2	29833	A	173
NC_045512.2	29834	T	166
NC_045512.2	29835	C	165
NC_045512.2	29836	C	160
NC_045512.2	29837	C	0
NC_045512.2	29838	C	0
NC_045512.2	29839	A	0
NC_045512.2	29840	T	0
NC_045512.2	29841	G	0
NC_045512.2	29842	T	0
NC_045512.2	29843	G	0
NC_045512.2	29844	A	0
NC_045512.2	29845	T	0
NC_045512.2	29846	T	0
NC_045512.2	29847	T	0
NC_045512.2	29848	T	0
NC_045512.2	29849	A	0
NC_045512.2	29850	A	0
NC_045512.2	29851	T	0
NC_045512.2	29852	A	0
NC_045512.2	29853	G	0
NC_045512.2	29854	C	0
NC_045512.2	29855	T	0
NC_045512.2	29856	T	0
NC_045512.2	29857	C	0
NC_045512.2	29858	T	0
NC_045512.2	29859	T	0
NC_045512.2	29860	A	0
NC_045512.2	29861	G	0
NC_045512.2	29862	G	0
NC_045512.2	29863	A	0
NC_045512.2	29864	G	0
NC_045512.2	29865	A	0
NC_045512.2	29866	A	0
NC_045512.2	29867	T	0
NC_045512.2	29868	G	0
NC_045512.2	29869	A	0
NC_045512.2	29870	C	0
NC_045512.2	29871	A	0
NC_045512.2	29872	A	0
NC_045512.2	29873	A	0
NC_045512.2	29874	A	0
NC_045512.2	29875	A	0
NC_045512.2	29876	A	0
NC_045512.2	29877	A	0
NC_045512.2	29878	A	0
NC_045512.2	29879	A	0
NC_045512.2	29880	A	0
NC_045512.2	29881	A	0
NC_045512.2	29882	A	0
NC_045512.2	29883	A	0
NC_045512.2	29884	A	0
NC_045512.2	29885	A	0
NC_045512.2	29886	A	0
NC_045512.2	29887	A	0
NC_045512.2	29888	A	0
NC_045512.2	29889	A	0
NC_045512.2	29890	A	0
NC_045512.2	29891	A	0
NC_045512.2	29892	A	0
NC_045512.2	29893	A	0
NC_045512.2	29894	A	0
NC_045512.2	29895	A	0
NC_045512.2	29896	A	0
NC_045512.2	29897	A	0
NC_045512.2	29898	A	0
NC_045512.2	29899	A	0
NC_045512.2	29900	A	0
NC_045512.2	29901	A	0
NC_045512.2	29902	A	0
NC_045512.2	29903	A	0
